0,0,109,1,0,500,0.6,1000,0.2,1400,0.2,0
0,1,882,2,10,5,0,500,0.6,1000,0.2,1400,0.2,0
0,2,306,1,0,500,0.6,1000,0.2,1400,0.2,0
0,3,639,2,10,5,0,300,0.5,1700,0.5,1
0,4,110,2,10,5,0,300,0.5,1700,0.5,2
0,5,91,1,0,300,0.5,1700,0.5,0
1,0,117,0,0,300,0.5,1700,0.5,0
1,1,603,2,10,5,0,300,0.5,1700,0.5,1
1,2,1000,2,10,5,0,300,0.5,1700,0.5,1
1,3,124,1,0,300,0.5,1700,0.5,1
1,4,41,0,0,500,0.6,1000,0.2,1400,0.2,2
1,5,350,2,10,5,0,300,0.5,1700,0.5,1
2,0,215,2,10,5,0,300,0.5,1700,0.5,2
2,1,59,1,0,500,0.6,1000,0.2,1400,0.2,1
2,2,922,2,10,5,0,500,0.6,1000,0.2,1400,0.2,1
2,3,569,1,0,300,0.5,1700,0.5,1
2,4,981,0,0,500,0.6,1000,0.2,1400,0.2,2
2,5,980,1,0,300,0.5,1700,0.5,0
3,0,856,2,10,5,0,300,0.5,1700,0.5,1
3,1,292,1,0,300,0.5,1700,0.5,2
3,2,545,0,0,500,0.6,1000,0.2,1400,0.2,2
3,3,819,2,10,5,0,300,0.5,1700,0.5,1
3,4,885,0,0,300,0.5,1700,0.5,2
3,5,765,0,0,300,0.5,1700,0.5,2
4,0,875,1,0,500,0.6,1000,0.2,1400,0.2,1
4,1,274,2,10,5,0,500,0.6,1000,0.2,1400,0.2,0
4,2,51,0,0,300,0.5,1700,0.5,1
4,3,510,1,0,500,0.6,1000,0.2,1400,0.2,2
4,4,796,1,0,500,0.6,1000,0.2,1400,0.2,0
4,5,531,0,0,500,0.6,1000,0.2,1400,0.2,1
5,0,105,0,0,300,0.5,1700,0.5,0
5,1,409,1,0,500,0.6,1000,0.2,1400,0.2,2
5,2,465,0,0,300,0.5,1700,0.5,1
5,3,632,1,0,500,0.6,1000,0.2,1400,0.2,1
5,4,876,1,0,300,0.5,1700,0.5,0
5,5,827,1,0,300,0.5,1700,0.5,0
