0,0,347,0,0,300,0.5,1700,0.5,1
0,1,44,1,0,500,0.6,1000,0.2,1400,0.2,0
0,2,953,1,0,300,0.5,1700,0.5,0
0,3,180,1,0,500,0.6,1000,0.2,1400,0.2,1
0,4,311,1,0,300,0.5,1700,0.5,0
0,5,976,1,0,500,0.6,1000,0.2,1400,0.2,2
1,0,568,1,0,500,0.6,1000,0.2,1400,0.2,0
1,1,526,1,0,300,0.5,1700,0.5,0
1,2,970,0,0,500,0.6,1000,0.2,1400,0.2,0
1,3,540,0,0,500,0.6,1000,0.2,1400,0.2,1
1,4,557,1,0,300,0.5,1700,0.5,0
1,5,823,2,10,5,0,300,0.5,1700,0.5,1
2,0,402,0,0,500,0.6,1000,0.2,1400,0.2,2
2,1,111,2,10,5,0,500,0.6,1000,0.2,1400,0.2,0
2,2,666,1,0,500,0.6,1000,0.2,1400,0.2,0
2,3,769,2,10,5,0,500,0.6,1000,0.2,1400,0.2,0
2,4,187,0,0,300,0.5,1700,0.5,0
2,5,864,1,0,300,0.5,1700,0.5,1
3,0,953,2,10,5,0,300,0.5,1700,0.5,2
3,1,473,0,0,300,0.5,1700,0.5,2
3,2,858,1,0,500,0.6,1000,0.2,1400,0.2,0
3,3,944,2,10,5,0,500,0.6,1000,0.2,1400,0.2,1
3,4,138,1,0,300,0.5,1700,0.5,1
3,5,643,1,0,500,0.6,1000,0.2,1400,0.2,2
4,0,335,2,10,5,0,300,0.5,1700,0.5,1
4,1,163,0,0,300,0.5,1700,0.5,1
4,2,181,0,0,500,0.6,1000,0.2,1400,0.2,0
4,3,271,0,0,500,0.6,1000,0.2,1400,0.2,2
4,4,922,2,10,5,0,300,0.5,1700,0.5,1
4,5,16,1,0,500,0.6,1000,0.2,1400,0.2,1
5,0,310,2,10,5,0,300,0.5,1700,0.5,0
5,1,18,2,10,5,0,300,0.5,1700,0.5,2
5,2,141,2,10,5,0,500,0.6,1000,0.2,1400,0.2,1
5,3,42,0,0,500,0.6,1000,0.2,1400,0.2,0
5,4,957,0,0,500,0.6,1000,0.2,1400,0.2,1
5,5,560,2,10,5,0,500,0.6,1000,0.2,1400,0.2,1
