0,0,11,0,0,500,0.6,1000,0.2,1400,0.2,1
0,1,638,0,0,300,0.5,1700,0.5,0
0,2,213,2,10,5,0,300,0.5,1700,0.5,1
0,3,399,1,0,300,0.5,1700,0.5,2
0,4,186,2,10,5,0,500,0.6,1000,0.2,1400,0.2,2
0,5,989,0,0,500,0.6,1000,0.2,1400,0.2,1
0,6,800,1,0,500,0.6,1000,0.2,1400,0.2,1
0,7,232,1,0,300,0.5,1700,0.5,1
0,8,751,1,0,500,0.6,1000,0.2,1400,0.2,0
0,9,891,1,0,500,0.6,1000,0.2,1400,0.2,0
0,10,964,2,10,5,0,300,0.5,1700,0.5,1
0,11,465,0,0,300,0.5,1700,0.5,0
1,0,677,0,0,500,0.6,1000,0.2,1400,0.2,1
1,1,249,0,0,500,0.6,1000,0.2,1400,0.2,2
1,2,633,0,0,300,0.5,1700,0.5,1
1,3,556,2,10,5,0,500,0.6,1000,0.2,1400,0.2,1
1,4,982,1,0,300,0.5,1700,0.5,1
1,5,433,0,0,300,0.5,1700,0.5,0
1,6,678,2,10,5,0,500,0.6,1000,0.2,1400,0.2,0
1,7,649,2,10,5,0,500,0.6,1000,0.2,1400,0.2,1
1,8,357,1,0,300,0.5,1700,0.5,0
1,9,872,0,0,300,0.5,1700,0.5,1
1,10,824,2,10,5,0,500,0.6,1000,0.2,1400,0.2,2
1,11,17,0,0,300,0.5,1700,0.5,0
2,0,593,2,10,5,0,500,0.6,1000,0.2,1400,0.2,1
2,1,530,1,0,500,0.6,1000,0.2,1400,0.2,1
2,2,866,0,0,300,0.5,1700,0.5,0
2,3,990,0,0,300,0.5,1700,0.5,2
2,4,178,2,10,5,0,300,0.5,1700,0.5,0
2,5,373,1,0,300,0.5,1700,0.5,1
2,6,369,0,0,500,0.6,1000,0.2,1400,0.2,0
2,7,880,1,0,500,0.6,1000,0.2,1400,0.2,2
2,8,112,1,0,300,0.5,1700,0.5,0
2,9,907,1,0,300,0.5,1700,0.5,0
2,10,557,2,10,5,0,300,0.5,1700,0.5,2
2,11,23,1,0,500,0.6,1000,0.2,1400,0.2,1
3,0,650,1,0,500,0.6,1000,0.2,1400,0.2,1
3,1,333,0,0,300,0.5,1700,0.5,1
3,2,367,0,0,500,0.6,1000,0.2,1400,0.2,0
3,3,137,1,0,500,0.6,1000,0.2,1400,0.2,1
3,4,100,0,0,500,0.6,1000,0.2,1400,0.2,2
3,5,115,0,0,500,0.6,1000,0.2,1400,0.2,2
3,6,682,0,0,500,0.6,1000,0.2,1400,0.2,1
3,7,734,0,0,300,0.5,1700,0.5,0
3,8,553,2,10,5,0,500,0.6,1000,0.2,1400,0.2,1
3,9,563,1,0,300,0.5,1700,0.5,2
3,10,629,0,0,500,0.6,1000,0.2,1400,0.2,0
3,11,348,0,0,300,0.5,1700,0.5,0
4,0,977,2,10,5,0,300,0.5,1700,0.5,2
4,1,888,0,0,300,0.5,1700,0.5,1
4,2,608,0,0,300,0.5,1700,0.5,0
4,3,273,2,10,5,0,300,0.5,1700,0.5,2
4,4,910,1,0,500,0.6,1000,0.2,1400,0.2,1
4,5,667,0,0,300,0.5,1700,0.5,0
4,6,633,2,10,5,0,300,0.5,1700,0.5,1
4,7,598,1,0,500,0.6,1000,0.2,1400,0.2,0
4,8,254,1,0,500,0.6,1000,0.2,1400,0.2,1
4,9,796,0,0,300,0.5,1700,0.5,2
4,10,635,0,0,300,0.5,1700,0.5,1
4,11,804,0,0,300,0.5,1700,0.5,0
5,0,39,2,10,5,0,300,0.5,1700,0.5,0
5,1,654,1,0,300,0.5,1700,0.5,2
5,2,241,0,0,300,0.5,1700,0.5,2
5,3,421,1,0,500,0.6,1000,0.2,1400,0.2,1
5,4,788,2,10,5,0,300,0.5,1700,0.5,2
5,5,954,2,10,5,0,300,0.5,1700,0.5,0
5,6,975,2,10,5,0,500,0.6,1000,0.2,1400,0.2,2
5,7,839,0,0,300,0.5,1700,0.5,2
5,8,159,1,0,500,0.6,1000,0.2,1400,0.2,1
5,9,528,0,0,300,0.5,1700,0.5,1
5,10,999,0,0,300,0.5,1700,0.5,0
5,11,553,2,10,5,0,500,0.6,1000,0.2,1400,0.2,0
6,0,25,2,10,5,0,300,0.5,1700,0.5,2
6,1,248,1,0,300,0.5,1700,0.5,0
6,2,60,0,0,500,0.6,1000,0.2,1400,0.2,0
6,3,36,1,0,500,0.6,1000,0.2,1400,0.2,0
6,4,431,0,0,500,0.6,1000,0.2,1400,0.2,1
6,5,699,0,0,500,0.6,1000,0.2,1400,0.2,0
6,6,445,0,0,500,0.6,1000,0.2,1400,0.2,2
6,7,205,1,0,500,0.6,1000,0.2,1400,0.2,2
6,8,151,2,10,5,0,300,0.5,1700,0.5,1
6,9,155,1,0,300,0.5,1700,0.5,1
6,10,378,2,10,5,0,300,0.5,1700,0.5,1
6,11,172,0,0,500,0.6,1000,0.2,1400,0.2,0
7,0,722,1,0,300,0.5,1700,0.5,1
7,1,110,1,0,500,0.6,1000,0.2,1400,0.2,1
7,2,76,0,0,500,0.6,1000,0.2,1400,0.2,0
7,3,938,1,0,300,0.5,1700,0.5,0
7,4,785,1,0,500,0.6,1000,0.2,1400,0.2,0
7,5,947,1,0,300,0.5,1700,0.5,1
7,6,34,1,0,300,0.5,1700,0.5,2
7,7,655,0,0,300,0.5,1700,0.5,2
7,8,735,0,0,300,0.5,1700,0.5,1
7,9,357,2,10,5,0,500,0.6,1000,0.2,1400,0.2,2
7,10,457,1,0,500,0.6,1000,0.2,1400,0.2,0
7,11,595,2,10,5,0,300,0.5,1700,0.5,0
8,0,694,2,10,5,0,300,0.5,1700,0.5,2
8,1,89,0,0,500,0.6,1000,0.2,1400,0.2,2
8,2,144,0,0,500,0.6,1000,0.2,1400,0.2,1
8,3,221,0,0,300,0.5,1700,0.5,2
8,4,657,2,10,5,0,500,0.6,1000,0.2,1400,0.2,1
8,5,403,1,0,300,0.5,1700,0.5,1
8,6,651,1,0,500,0.6,1000,0.2,1400,0.2,0
8,7,708,0,0,500,0.6,1000,0.2,1400,0.2,2
8,8,393,1,0,500,0.6,1000,0.2,1400,0.2,2
8,9,101,2,10,5,0,300,0.5,1700,0.5,1
8,10,346,2,10,5,0,500,0.6,1000,0.2,1400,0.2,0
8,11,823,2,10,5,0,500,0.6,1000,0.2,1400,0.2,1
9,0,533,2,10,5,0,500,0.6,1000,0.2,1400,0.2,1
9,1,184,2,10,5,0,300,0.5,1700,0.5,1
9,2,853,1,0,500,0.6,1000,0.2,1400,0.2,1
9,3,201,1,0,300,0.5,1700,0.5,0
9,4,267,0,0,300,0.5,1700,0.5,1
9,5,601,0,0,300,0.5,1700,0.5,1
9,6,62,0,0,500,0.6,1000,0.2,1400,0.2,2
9,7,188,1,0,300,0.5,1700,0.5,0
9,8,310,0,0,500,0.6,1000,0.2,1400,0.2,1
9,9,708,0,0,500,0.6,1000,0.2,1400,0.2,2
9,10,960,0,0,300,0.5,1700,0.5,1
9,11,20,2,10,5,0,300,0.5,1700,0.5,2
10,0,398,2,10,5,0,500,0.6,1000,0.2,1400,0.2,2
10,1,888,2,10,5,0,300,0.5,1700,0.5,2
10,2,958,1,0,500,0.6,1000,0.2,1400,0.2,1
10,3,949,1,0,300,0.5,1700,0.5,2
10,4,302,2,10,5,0,300,0.5,1700,0.5,1
10,5,757,2,10,5,0,300,0.5,1700,0.5,1
10,6,15,0,0,300,0.5,1700,0.5,0
10,7,548,2,10,5,0,500,0.6,1000,0.2,1400,0.2,2
10,8,393,1,0,300,0.5,1700,0.5,0
10,9,128,1,0,300,0.5,1700,0.5,0
10,10,700,1,0,300,0.5,1700,0.5,0
10,11,491,1,0,300,0.5,1700,0.5,0
11,0,56,2,10,5,0,500,0.6,1000,0.2,1400,0.2,2
11,1,908,1,0,500,0.6,1000,0.2,1400,0.2,1
11,2,800,0,0,500,0.6,1000,0.2,1400,0.2,0
11,3,59,1,0,300,0.5,1700,0.5,2
11,4,971,0,0,300,0.5,1700,0.5,2
11,5,630,2,10,5,0,500,0.6,1000,0.2,1400,0.2,2
11,6,83,2,10,5,0,500,0.6,1000,0.2,1400,0.2,1
11,7,683,1,0,500,0.6,1000,0.2,1400,0.2,1
11,8,432,2,10,5,0,300,0.5,1700,0.5,1
11,9,969,0,0,500,0.6,1000,0.2,1400,0.2,2
11,10,172,0,0,500,0.6,1000,0.2,1400,0.2,1
11,11,940,1,0,500,0.6,1000,0.2,1400,0.2,0
