0,0,532,2,10,5,0,300,0.5,1700,0.5,0
0,1,748,2,10,5,0,300,0.5,1700,0.5,2
0,2,392,0,0,500,0.6,1000,0.2,1400,0.2,0
0,3,372,1,0,500,0.6,1000,0.2,1400,0.2,1
0,4,838,0,0,300,0.5,1700,0.5,2
0,5,965,2,10,5,0,300,0.5,1700,0.5,1
0,6,241,2,10,5,0,300,0.5,1700,0.5,0
0,7,521,0,0,300,0.5,1700,0.5,1
0,8,727,2,10,5,0,300,0.5,1700,0.5,0
0,9,704,2,10,5,0,500,0.6,1000,0.2,1400,0.2,0
0,10,585,2,10,5,0,300,0.5,1700,0.5,2
0,11,574,1,0,500,0.6,1000,0.2,1400,0.2,0
1,0,611,0,0,300,0.5,1700,0.5,2
1,1,271,2,10,5,0,500,0.6,1000,0.2,1400,0.2,1
1,2,491,1,0,500,0.6,1000,0.2,1400,0.2,1
1,3,993,1,0,500,0.6,1000,0.2,1400,0.2,1
1,4,830,2,10,5,0,500,0.6,1000,0.2,1400,0.2,2
1,5,916,0,0,300,0.5,1700,0.5,2
1,6,511,1,0,500,0.6,1000,0.2,1400,0.2,2
1,7,994,1,0,300,0.5,1700,0.5,2
1,8,822,2,10,5,0,500,0.6,1000,0.2,1400,0.2,0
1,9,395,1,0,300,0.5,1700,0.5,1
1,10,574,2,10,5,0,500,0.6,1000,0.2,1400,0.2,2
1,11,583,2,10,5,0,500,0.6,1000,0.2,1400,0.2,2
2,0,233,1,0,500,0.6,1000,0.2,1400,0.2,0
2,1,204,2,10,5,0,500,0.6,1000,0.2,1400,0.2,1
2,2,884,0,0,300,0.5,1700,0.5,0
2,3,654,0,0,500,0.6,1000,0.2,1400,0.2,2
2,4,928,1,0,300,0.5,1700,0.5,2
2,5,272,2,10,5,0,300,0.5,1700,0.5,0
2,6,846,1,0,500,0.6,1000,0.2,1400,0.2,0
2,7,841,1,0,500,0.6,1000,0.2,1400,0.2,2
2,8,74,0,0,500,0.6,1000,0.2,1400,0.2,2
2,9,583,1,0,500,0.6,1000,0.2,1400,0.2,0
2,10,132,0,0,500,0.6,1000,0.2,1400,0.2,1
2,11,309,0,0,300,0.5,1700,0.5,0
3,0,173,0,0,500,0.6,1000,0.2,1400,0.2,2
3,1,163,1,0,300,0.5,1700,0.5,0
3,2,712,2,10,5,0,500,0.6,1000,0.2,1400,0.2,0
3,3,960,1,0,500,0.6,1000,0.2,1400,0.2,1
3,4,622,0,0,500,0.6,1000,0.2,1400,0.2,2
3,5,726,0,0,500,0.6,1000,0.2,1400,0.2,0
3,6,662,2,10,5,0,300,0.5,1700,0.5,2
3,7,557,1,0,300,0.5,1700,0.5,0
3,8,599,1,0,300,0.5,1700,0.5,1
3,9,552,1,0,500,0.6,1000,0.2,1400,0.2,2
3,10,547,1,0,500,0.6,1000,0.2,1400,0.2,2
3,11,857,0,0,300,0.5,1700,0.5,0
4,0,48,2,10,5,0,500,0.6,1000,0.2,1400,0.2,1
4,1,542,2,10,5,0,300,0.5,1700,0.5,2
4,2,765,1,0,300,0.5,1700,0.5,2
4,3,513,2,10,5,0,300,0.5,1700,0.5,1
4,4,980,1,0,500,0.6,1000,0.2,1400,0.2,1
4,5,305,0,0,300,0.5,1700,0.5,2
4,6,401,1,0,500,0.6,1000,0.2,1400,0.2,2
4,7,276,2,10,5,0,300,0.5,1700,0.5,2
4,8,280,2,10,5,0,500,0.6,1000,0.2,1400,0.2,2
4,9,892,0,0,300,0.5,1700,0.5,2
4,10,761,1,0,500,0.6,1000,0.2,1400,0.2,2
4,11,179,1,0,300,0.5,1700,0.5,0
5,0,278,2,10,5,0,300,0.5,1700,0.5,0
5,1,158,2,10,5,0,500,0.6,1000,0.2,1400,0.2,0
5,2,518,0,0,500,0.6,1000,0.2,1400,0.2,1
5,3,944,2,10,5,0,300,0.5,1700,0.5,1
5,4,401,1,0,500,0.6,1000,0.2,1400,0.2,1
5,5,308,0,0,500,0.6,1000,0.2,1400,0.2,0
5,6,443,2,10,5,0,300,0.5,1700,0.5,1
5,7,188,0,0,300,0.5,1700,0.5,2
5,8,144,2,10,5,0,300,0.5,1700,0.5,0
5,9,909,0,0,500,0.6,1000,0.2,1400,0.2,0
5,10,287,1,0,500,0.6,1000,0.2,1400,0.2,1
5,11,14,1,0,300,0.5,1700,0.5,1
6,0,73,2,10,5,0,300,0.5,1700,0.5,0
6,1,698,1,0,300,0.5,1700,0.5,2
6,2,948,1,0,300,0.5,1700,0.5,2
6,3,671,1,0,500,0.6,1000,0.2,1400,0.2,2
6,4,773,2,10,5,0,500,0.6,1000,0.2,1400,0.2,2
6,5,211,1,0,300,0.5,1700,0.5,1
6,6,770,1,0,300,0.5,1700,0.5,0
6,7,984,1,0,500,0.6,1000,0.2,1400,0.2,1
6,8,622,1,0,300,0.5,1700,0.5,0
6,9,456,0,0,500,0.6,1000,0.2,1400,0.2,1
6,10,954,2,10,5,0,300,0.5,1700,0.5,0
6,11,700,1,0,500,0.6,1000,0.2,1400,0.2,1
7,0,728,0,0,300,0.5,1700,0.5,2
7,1,442,0,0,300,0.5,1700,0.5,1
7,2,67,2,10,5,0,500,0.6,1000,0.2,1400,0.2,0
7,3,821,2,10,5,0,300,0.5,1700,0.5,1
7,4,739,1,0,500,0.6,1000,0.2,1400,0.2,0
7,5,333,0,0,300,0.5,1700,0.5,2
7,6,560,0,0,300,0.5,1700,0.5,1
7,7,956,0,0,500,0.6,1000,0.2,1400,0.2,0
7,8,447,1,0,300,0.5,1700,0.5,1
7,9,981,0,0,300,0.5,1700,0.5,2
7,10,190,1,0,500,0.6,1000,0.2,1400,0.2,2
7,11,520,1,0,300,0.5,1700,0.5,2
8,0,801,2,10,5,0,500,0.6,1000,0.2,1400,0.2,0
8,1,20,2,10,5,0,500,0.6,1000,0.2,1400,0.2,2
8,2,326,1,0,300,0.5,1700,0.5,1
8,3,85,2,10,5,0,500,0.6,1000,0.2,1400,0.2,1
8,4,273,1,0,500,0.6,1000,0.2,1400,0.2,2
8,5,54,0,0,300,0.5,1700,0.5,0
8,6,59,0,0,300,0.5,1700,0.5,1
8,7,966,0,0,500,0.6,1000,0.2,1400,0.2,2
8,8,729,1,0,500,0.6,1000,0.2,1400,0.2,2
8,9,325,1,0,500,0.6,1000,0.2,1400,0.2,2
8,10,363,1,0,500,0.6,1000,0.2,1400,0.2,1
8,11,776,2,10,5,0,500,0.6,1000,0.2,1400,0.2,2
9,0,282,0,0,300,0.5,1700,0.5,1
9,1,260,0,0,300,0.5,1700,0.5,0
9,2,382,1,0,300,0.5,1700,0.5,0
9,3,298,0,0,500,0.6,1000,0.2,1400,0.2,1
9,4,254,0,0,300,0.5,1700,0.5,0
9,5,316,1,0,300,0.5,1700,0.5,2
9,6,791,2,10,5,0,500,0.6,1000,0.2,1400,0.2,1
9,7,11,0,0,300,0.5,1700,0.5,0
9,8,197,2,10,5,0,500,0.6,1000,0.2,1400,0.2,0
9,9,169,1,0,500,0.6,1000,0.2,1400,0.2,1
9,10,280,1,0,300,0.5,1700,0.5,0
9,11,677,1,0,500,0.6,1000,0.2,1400,0.2,2
10,0,67,0,0,500,0.6,1000,0.2,1400,0.2,1
10,1,694,2,10,5,0,500,0.6,1000,0.2,1400,0.2,2
10,2,804,1,0,300,0.5,1700,0.5,1
10,3,91,1,0,300,0.5,1700,0.5,1
10,4,527,2,10,5,0,300,0.5,1700,0.5,2
10,5,809,1,0,500,0.6,1000,0.2,1400,0.2,1
10,6,113,2,10,5,0,500,0.6,1000,0.2,1400,0.2,2
10,7,898,0,0,500,0.6,1000,0.2,1400,0.2,1
10,8,318,2,10,5,0,300,0.5,1700,0.5,2
10,9,135,1,0,300,0.5,1700,0.5,1
10,10,429,0,0,300,0.5,1700,0.5,0
10,11,316,1,0,300,0.5,1700,0.5,2
11,0,241,2,10,5,0,300,0.5,1700,0.5,0
11,1,969,2,10,5,0,300,0.5,1700,0.5,2
11,2,791,1,0,500,0.6,1000,0.2,1400,0.2,0
11,3,555,0,0,300,0.5,1700,0.5,1
11,4,481,2,10,5,0,300,0.5,1700,0.5,2
11,5,483,0,0,300,0.5,1700,0.5,0
11,6,953,0,0,300,0.5,1700,0.5,0
11,7,852,2,10,5,0,500,0.6,1000,0.2,1400,0.2,2
11,8,933,1,0,500,0.6,1000,0.2,1400,0.2,0
11,9,198,0,0,500,0.6,1000,0.2,1400,0.2,0
11,10,417,0,0,300,0.5,1700,0.5,0
11,11,828,0,0,300,0.5,1700,0.5,0
