0,0,428,1,0,500,0.6,1000,0.2,1400,0.2,2
0,1,830,1,0,500,0.6,1000,0.2,1400,0.2,1
0,2,504,1,0,300,0.5,1700,0.5,0
0,3,154,2,10,5,0,500,0.6,1000,0.2,1400,0.2,0
0,4,811,1,0,300,0.5,1700,0.5,1
0,5,356,1,0,300,0.5,1700,0.5,0
0,6,146,1,0,500,0.6,1000,0.2,1400,0.2,1
0,7,392,0,0,500,0.6,1000,0.2,1400,0.2,0
0,8,198,2,10,5,0,300,0.5,1700,0.5,0
0,9,230,2,10,5,0,300,0.5,1700,0.5,0
0,10,710,2,10,5,0,500,0.6,1000,0.2,1400,0.2,1
0,11,844,1,0,300,0.5,1700,0.5,0
0,12,227,1,0,500,0.6,1000,0.2,1400,0.2,1
0,13,500,2,10,5,0,300,0.5,1700,0.5,2
0,14,564,2,10,5,0,300,0.5,1700,0.5,1
0,15,190,1,0,300,0.5,1700,0.5,2
0,16,427,1,0,500,0.6,1000,0.2,1400,0.2,1
0,17,393,0,0,300,0.5,1700,0.5,2
0,18,841,2,10,5,0,500,0.6,1000,0.2,1400,0.2,2
0,19,92,0,0,300,0.5,1700,0.5,2
1,0,91,1,0,300,0.5,1700,0.5,1
1,1,463,0,0,500,0.6,1000,0.2,1400,0.2,2
1,2,273,0,0,300,0.5,1700,0.5,2
1,3,61,2,10,5,0,500,0.6,1000,0.2,1400,0.2,0
1,4,301,2,10,5,0,500,0.6,1000,0.2,1400,0.2,1
1,5,820,2,10,5,0,300,0.5,1700,0.5,0
1,6,631,1,0,500,0.6,1000,0.2,1400,0.2,2
1,7,552,0,0,300,0.5,1700,0.5,0
1,8,412,2,10,5,0,500,0.6,1000,0.2,1400,0.2,2
1,9,300,1,0,300,0.5,1700,0.5,0
1,10,969,0,0,300,0.5,1700,0.5,0
1,11,942,2,10,5,0,500,0.6,1000,0.2,1400,0.2,2
1,12,491,0,0,500,0.6,1000,0.2,1400,0.2,0
1,13,237,1,0,500,0.6,1000,0.2,1400,0.2,1
1,14,952,2,10,5,0,300,0.5,1700,0.5,1
1,15,757,0,0,500,0.6,1000,0.2,1400,0.2,2
1,16,509,2,10,5,0,500,0.6,1000,0.2,1400,0.2,2
1,17,656,0,0,300,0.5,1700,0.5,0
1,18,709,2,10,5,0,500,0.6,1000,0.2,1400,0.2,0
1,19,321,0,0,500,0.6,1000,0.2,1400,0.2,2
2,0,556,1,0,500,0.6,1000,0.2,1400,0.2,1
2,1,687,0,0,500,0.6,1000,0.2,1400,0.2,2
2,2,816,2,10,5,0,500,0.6,1000,0.2,1400,0.2,1
2,3,827,2,10,5,0,300,0.5,1700,0.5,0
2,4,913,2,10,5,0,300,0.5,1700,0.5,0
2,5,806,1,0,300,0.5,1700,0.5,1
2,6,509,2,10,5,0,500,0.6,1000,0.2,1400,0.2,0
2,7,801,0,0,500,0.6,1000,0.2,1400,0.2,0
2,8,95,2,10,5,0,500,0.6,1000,0.2,1400,0.2,2
2,9,975,1,0,500,0.6,1000,0.2,1400,0.2,1
2,10,706,1,0,500,0.6,1000,0.2,1400,0.2,2
2,11,334,2,10,5,0,300,0.5,1700,0.5,2
2,12,342,0,0,300,0.5,1700,0.5,0
2,13,770,2,10,5,0,300,0.5,1700,0.5,2
2,14,854,2,10,5,0,500,0.6,1000,0.2,1400,0.2,2
2,15,431,0,0,500,0.6,1000,0.2,1400,0.2,1
2,16,342,0,0,500,0.6,1000,0.2,1400,0.2,1
2,17,411,1,0,300,0.5,1700,0.5,0
2,18,104,1,0,500,0.6,1000,0.2,1400,0.2,0
2,19,749,2,10,5,0,500,0.6,1000,0.2,1400,0.2,0
3,0,763,2,10,5,0,500,0.6,1000,0.2,1400,0.2,2
3,1,396,1,0,300,0.5,1700,0.5,1
3,2,571,2,10,5,0,300,0.5,1700,0.5,1
3,3,299,2,10,5,0,500,0.6,1000,0.2,1400,0.2,1
3,4,472,2,10,5,0,300,0.5,1700,0.5,1
3,5,64,0,0,300,0.5,1700,0.5,1
3,6,698,1,0,500,0.6,1000,0.2,1400,0.2,1
3,7,648,1,0,300,0.5,1700,0.5,2
3,8,487,2,10,5,0,300,0.5,1700,0.5,2
3,9,575,1,0,300,0.5,1700,0.5,2
3,10,77,2,10,5,0,300,0.5,1700,0.5,2
3,11,892,2,10,5,0,300,0.5,1700,0.5,1
3,12,923,2,10,5,0,500,0.6,1000,0.2,1400,0.2,0
3,13,436,0,0,500,0.6,1000,0.2,1400,0.2,2
3,14,607,1,0,300,0.5,1700,0.5,0
3,15,248,0,0,300,0.5,1700,0.5,2
3,16,61,2,10,5,0,300,0.5,1700,0.5,0
3,17,220,1,0,500,0.6,1000,0.2,1400,0.2,1
3,18,206,0,0,300,0.5,1700,0.5,2
3,19,731,1,0,500,0.6,1000,0.2,1400,0.2,2
4,0,102,1,0,300,0.5,1700,0.5,0
4,1,250,1,0,500,0.6,1000,0.2,1400,0.2,1
4,2,114,1,0,500,0.6,1000,0.2,1400,0.2,1
4,3,335,1,0,500,0.6,1000,0.2,1400,0.2,0
4,4,582,1,0,300,0.5,1700,0.5,0
4,5,714,2,10,5,0,500,0.6,1000,0.2,1400,0.2,0
4,6,171,0,0,500,0.6,1000,0.2,1400,0.2,0
4,7,257,1,0,500,0.6,1000,0.2,1400,0.2,0
4,8,342,0,0,300,0.5,1700,0.5,0
4,9,207,2,10,5,0,500,0.6,1000,0.2,1400,0.2,1
4,10,792,2,10,5,0,300,0.5,1700,0.5,0
4,11,731,0,0,500,0.6,1000,0.2,1400,0.2,2
4,12,75,1,0,500,0.6,1000,0.2,1400,0.2,0
4,13,667,2,10,5,0,500,0.6,1000,0.2,1400,0.2,2
4,14,828,2,10,5,0,500,0.6,1000,0.2,1400,0.2,0
4,15,278,2,10,5,0,300,0.5,1700,0.5,1
4,16,987,1,0,300,0.5,1700,0.5,1
4,17,949,2,10,5,0,300,0.5,1700,0.5,2
4,18,825,0,0,500,0.6,1000,0.2,1400,0.2,0
4,19,918,2,10,5,0,300,0.5,1700,0.5,1
5,0,451,1,0,500,0.6,1000,0.2,1400,0.2,0
5,1,480,2,10,5,0,300,0.5,1700,0.5,1
5,2,965,1,0,500,0.6,1000,0.2,1400,0.2,0
5,3,914,1,0,300,0.5,1700,0.5,0
5,4,810,2,10,5,0,300,0.5,1700,0.5,1
5,5,189,2,10,5,0,500,0.6,1000,0.2,1400,0.2,1
5,6,606,1,0,500,0.6,1000,0.2,1400,0.2,1
5,7,699,2,10,5,0,300,0.5,1700,0.5,1
5,8,222,0,0,500,0.6,1000,0.2,1400,0.2,2
5,9,818,0,0,500,0.6,1000,0.2,1400,0.2,2
5,10,144,1,0,500,0.6,1000,0.2,1400,0.2,2
5,11,409,2,10,5,0,300,0.5,1700,0.5,2
5,12,486,1,0,500,0.6,1000,0.2,1400,0.2,1
5,13,827,0,0,500,0.6,1000,0.2,1400,0.2,1
5,14,262,1,0,500,0.6,1000,0.2,1400,0.2,1
5,15,190,0,0,500,0.6,1000,0.2,1400,0.2,1
5,16,16,0,0,500,0.6,1000,0.2,1400,0.2,1
5,17,18,1,0,500,0.6,1000,0.2,1400,0.2,1
5,18,663,0,0,500,0.6,1000,0.2,1400,0.2,1
5,19,162,2,10,5,0,500,0.6,1000,0.2,1400,0.2,0
6,0,495,0,0,500,0.6,1000,0.2,1400,0.2,2
6,1,909,2,10,5,0,500,0.6,1000,0.2,1400,0.2,0
6,2,108,1,0,500,0.6,1000,0.2,1400,0.2,0
6,3,69,0,0,500,0.6,1000,0.2,1400,0.2,1
6,4,566,2,10,5,0,500,0.6,1000,0.2,1400,0.2,0
6,5,959,2,10,5,0,500,0.6,1000,0.2,1400,0.2,1
6,6,701,0,0,300,0.5,1700,0.5,2
6,7,551,0,0,300,0.5,1700,0.5,2
6,8,363,0,0,300,0.5,1700,0.5,2
6,9,711,0,0,300,0.5,1700,0.5,0
6,10,117,0,0,300,0.5,1700,0.5,2
6,11,567,0,0,300,0.5,1700,0.5,1
6,12,177,2,10,5,0,300,0.5,1700,0.5,1
6,13,861,0,0,300,0.5,1700,0.5,2
6,14,494,0,0,300,0.5,1700,0.5,0
6,15,492,0,0,300,0.5,1700,0.5,0
6,16,724,1,0,300,0.5,1700,0.5,1
6,17,709,0,0,300,0.5,1700,0.5,1
6,18,700,1,0,300,0.5,1700,0.5,0
6,19,475,0,0,500,0.6,1000,0.2,1400,0.2,0
7,0,674,2,10,5,0,500,0.6,1000,0.2,1400,0.2,1
7,1,507,1,0,300,0.5,1700,0.5,0
7,2,988,1,0,500,0.6,1000,0.2,1400,0.2,1
7,3,493,0,0,300,0.5,1700,0.5,0
7,4,680,2,10,5,0,300,0.5,1700,0.5,1
7,5,977,2,10,5,0,300,0.5,1700,0.5,1
7,6,122,0,0,300,0.5,1700,0.5,0
7,7,272,1,0,300,0.5,1700,0.5,1
7,8,563,1,0,300,0.5,1700,0.5,0
7,9,526,2,10,5,0,500,0.6,1000,0.2,1400,0.2,0
7,10,307,2,10,5,0,500,0.6,1000,0.2,1400,0.2,2
7,11,922,2,10,5,0,300,0.5,1700,0.5,1
7,12,226,2,10,5,0,300,0.5,1700,0.5,1
7,13,593,0,0,300,0.5,1700,0.5,0
7,14,880,1,0,500,0.6,1000,0.2,1400,0.2,2
7,15,37,0,0,300,0.5,1700,0.5,2
7,16,153,1,0,300,0.5,1700,0.5,1
7,17,747,0,0,300,0.5,1700,0.5,2
7,18,188,1,0,500,0.6,1000,0.2,1400,0.2,2
7,19,515,2,10,5,0,500,0.6,1000,0.2,1400,0.2,1
8,0,737,0,0,300,0.5,1700,0.5,2
8,1,774,2,10,5,0,300,0.5,1700,0.5,1
8,2,456,1,0,500,0.6,1000,0.2,1400,0.2,2
8,3,254,0,0,300,0.5,1700,0.5,2
8,4,127,2,10,5,0,500,0.6,1000,0.2,1400,0.2,1
8,5,46,2,10,5,0,300,0.5,1700,0.5,0
8,6,470,1,0,300,0.5,1700,0.5,1
8,7,448,1,0,300,0.5,1700,0.5,2
8,8,800,1,0,500,0.6,1000,0.2,1400,0.2,2
8,9,875,1,0,500,0.6,1000,0.2,1400,0.2,1
8,10,503,0,0,300,0.5,1700,0.5,0
8,11,565,0,0,500,0.6,1000,0.2,1400,0.2,2
8,12,426,0,0,500,0.6,1000,0.2,1400,0.2,1
8,13,995,1,0,300,0.5,1700,0.5,1
8,14,567,0,0,300,0.5,1700,0.5,1
8,15,907,2,10,5,0,500,0.6,1000,0.2,1400,0.2,0
8,16,444,2,10,5,0,500,0.6,1000,0.2,1400,0.2,1
8,17,36,1,0,300,0.5,1700,0.5,0
8,18,384,2,10,5,0,300,0.5,1700,0.5,0
8,19,849,1,0,300,0.5,1700,0.5,2
9,0,254,0,0,300,0.5,1700,0.5,2
9,1,343,2,10,5,0,500,0.6,1000,0.2,1400,0.2,2
9,2,749,1,0,500,0.6,1000,0.2,1400,0.2,2
9,3,142,1,0,300,0.5,1700,0.5,1
9,4,906,0,0,500,0.6,1000,0.2,1400,0.2,1
9,5,288,2,10,5,0,300,0.5,1700,0.5,1
9,6,238,1,0,300,0.5,1700,0.5,1
9,7,68,2,10,5,0,500,0.6,1000,0.2,1400,0.2,2
9,8,295,1,0,500,0.6,1000,0.2,1400,0.2,2
9,9,319,0,0,500,0.6,1000,0.2,1400,0.2,0
9,10,218,1,0,300,0.5,1700,0.5,2
9,11,793,0,0,500,0.6,1000,0.2,1400,0.2,1
9,12,318,0,0,500,0.6,1000,0.2,1400,0.2,0
9,13,316,1,0,300,0.5,1700,0.5,2
9,14,926,1,0,500,0.6,1000,0.2,1400,0.2,0
9,15,766,0,0,300,0.5,1700,0.5,0
9,16,772,1,0,500,0.6,1000,0.2,1400,0.2,0
9,17,193,0,0,300,0.5,1700,0.5,0
9,18,751,2,10,5,0,300,0.5,1700,0.5,1
9,19,78,2,10,5,0,300,0.5,1700,0.5,1
10,0,332,0,0,300,0.5,1700,0.5,1
10,1,775,1,0,500,0.6,1000,0.2,1400,0.2,2
10,2,299,1,0,500,0.6,1000,0.2,1400,0.2,0
10,3,488,0,0,300,0.5,1700,0.5,2
10,4,669,2,10,5,0,500,0.6,1000,0.2,1400,0.2,0
10,5,437,2,10,5,0,500,0.6,1000,0.2,1400,0.2,2
10,6,241,0,0,500,0.6,1000,0.2,1400,0.2,0
10,7,965,0,0,500,0.6,1000,0.2,1400,0.2,0
10,8,930,1,0,500,0.6,1000,0.2,1400,0.2,0
10,9,76,2,10,5,0,300,0.5,1700,0.5,0
10,10,152,1,0,300,0.5,1700,0.5,0
10,11,263,0,0,300,0.5,1700,0.5,0
10,12,159,2,10,5,0,300,0.5,1700,0.5,1
10,13,555,2,10,5,0,500,0.6,1000,0.2,1400,0.2,0
10,14,938,0,0,300,0.5,1700,0.5,2
10,15,481,0,0,300,0.5,1700,0.5,2
10,16,896,2,10,5,0,300,0.5,1700,0.5,1
10,17,800,1,0,500,0.6,1000,0.2,1400,0.2,2
10,18,567,2,10,5,0,500,0.6,1000,0.2,1400,0.2,2
10,19,814,2,10,5,0,500,0.6,1000,0.2,1400,0.2,1
11,0,909,1,0,300,0.5,1700,0.5,2
11,1,772,2,10,5,0,300,0.5,1700,0.5,0
11,2,679,2,10,5,0,300,0.5,1700,0.5,1
11,3,151,1,0,500,0.6,1000,0.2,1400,0.2,0
11,4,352,1,0,500,0.6,1000,0.2,1400,0.2,0
11,5,232,2,10,5,0,300,0.5,1700,0.5,2
11,6,886,0,0,500,0.6,1000,0.2,1400,0.2,0
11,7,296,2,10,5,0,300,0.5,1700,0.5,2
11,8,836,1,0,300,0.5,1700,0.5,2
11,9,12,2,10,5,0,300,0.5,1700,0.5,0
11,10,178,1,0,500,0.6,1000,0.2,1400,0.2,2
11,11,79,1,0,500,0.6,1000,0.2,1400,0.2,0
11,12,58,0,0,300,0.5,1700,0.5,2
11,13,545,0,0,500,0.6,1000,0.2,1400,0.2,1
11,14,566,0,0,300,0.5,1700,0.5,0
11,15,841,2,10,5,0,500,0.6,1000,0.2,1400,0.2,1
11,16,610,2,10,5,0,500,0.6,1000,0.2,1400,0.2,2
11,17,227,0,0,300,0.5,1700,0.5,1
11,18,622,2,10,5,0,300,0.5,1700,0.5,0
11,19,30,2,10,5,0,500,0.6,1000,0.2,1400,0.2,1
12,0,934,1,0,500,0.6,1000,0.2,1400,0.2,2
12,1,350,0,0,300,0.5,1700,0.5,0
12,2,179,0,0,300,0.5,1700,0.5,2
12,3,101,0,0,300,0.5,1700,0.5,1
12,4,648,2,10,5,0,300,0.5,1700,0.5,0
12,5,608,2,10,5,0,300,0.5,1700,0.5,0
12,6,613,0,0,300,0.5,1700,0.5,1
12,7,555,1,0,500,0.6,1000,0.2,1400,0.2,1
12,8,215,1,0,300,0.5,1700,0.5,0
12,9,999,1,0,300,0.5,1700,0.5,0
12,10,718,2,10,5,0,500,0.6,1000,0.2,1400,0.2,2
12,11,210,1,0,300,0.5,1700,0.5,2
12,12,646,2,10,5,0,300,0.5,1700,0.5,2
12,13,973,1,0,300,0.5,1700,0.5,1
12,14,985,2,10,5,0,300,0.5,1700,0.5,0
12,15,398,2,10,5,0,300,0.5,1700,0.5,0
12,16,181,0,0,300,0.5,1700,0.5,1
12,17,806,0,0,500,0.6,1000,0.2,1400,0.2,2
12,18,596,0,0,500,0.6,1000,0.2,1400,0.2,2
12,19,73,1,0,300,0.5,1700,0.5,1
13,0,959,2,10,5,0,300,0.5,1700,0.5,2
13,1,847,2,10,5,0,300,0.5,1700,0.5,2
13,2,969,1,0,500,0.6,1000,0.2,1400,0.2,0
13,3,403,1,0,500,0.6,1000,0.2,1400,0.2,2
13,4,228,2,10,5,0,500,0.6,1000,0.2,1400,0.2,0
13,5,931,0,0,500,0.6,1000,0.2,1400,0.2,2
13,6,771,0,0,300,0.5,1700,0.5,1
13,7,234,0,0,300,0.5,1700,0.5,2
13,8,693,1,0,300,0.5,1700,0.5,0
13,9,868,0,0,300,0.5,1700,0.5,0
13,10,737,2,10,5,0,500,0.6,1000,0.2,1400,0.2,2
13,11,694,1,0,500,0.6,1000,0.2,1400,0.2,1
13,12,397,2,10,5,0,500,0.6,1000,0.2,1400,0.2,2
13,13,929,0,0,500,0.6,1000,0.2,1400,0.2,2
13,14,899,2,10,5,0,500,0.6,1000,0.2,1400,0.2,0
13,15,433,2,10,5,0,300,0.5,1700,0.5,0
13,16,168,0,0,300,0.5,1700,0.5,1
13,17,585,1,0,500,0.6,1000,0.2,1400,0.2,0
13,18,67,1,0,300,0.5,1700,0.5,0
13,19,953,1,0,300,0.5,1700,0.5,0
14,0,20,0,0,500,0.6,1000,0.2,1400,0.2,2
14,1,262,1,0,500,0.6,1000,0.2,1400,0.2,0
14,2,154,2,10,5,0,300,0.5,1700,0.5,0
14,3,749,0,0,500,0.6,1000,0.2,1400,0.2,1
14,4,532,1,0,300,0.5,1700,0.5,0
14,5,435,1,0,300,0.5,1700,0.5,1
14,6,925,0,0,300,0.5,1700,0.5,2
14,7,170,1,0,300,0.5,1700,0.5,0
14,8,864,0,0,300,0.5,1700,0.5,1
14,9,759,2,10,5,0,500,0.6,1000,0.2,1400,0.2,1
14,10,817,2,10,5,0,500,0.6,1000,0.2,1400,0.2,1
14,11,752,0,0,500,0.6,1000,0.2,1400,0.2,2
14,12,693,2,10,5,0,500,0.6,1000,0.2,1400,0.2,1
14,13,964,2,10,5,0,500,0.6,1000,0.2,1400,0.2,2
14,14,665,1,0,500,0.6,1000,0.2,1400,0.2,1
14,15,559,1,0,300,0.5,1700,0.5,0
14,16,477,0,0,300,0.5,1700,0.5,2
14,17,645,2,10,5,0,300,0.5,1700,0.5,0
14,18,444,1,0,300,0.5,1700,0.5,2
14,19,421,0,0,500,0.6,1000,0.2,1400,0.2,2
15,0,795,0,0,500,0.6,1000,0.2,1400,0.2,0
15,1,632,1,0,300,0.5,1700,0.5,1
15,2,164,0,0,300,0.5,1700,0.5,0
15,3,271,1,0,500,0.6,1000,0.2,1400,0.2,2
15,4,198,0,0,500,0.6,1000,0.2,1400,0.2,0
15,5,45,1,0,300,0.5,1700,0.5,0
15,6,279,2,10,5,0,300,0.5,1700,0.5,2
15,7,216,2,10,5,0,300,0.5,1700,0.5,0
15,8,192,0,0,500,0.6,1000,0.2,1400,0.2,2
15,9,493,2,10,5,0,300,0.5,1700,0.5,0
15,10,106,0,0,300,0.5,1700,0.5,2
15,11,198,0,0,500,0.6,1000,0.2,1400,0.2,2
15,12,755,1,0,500,0.6,1000,0.2,1400,0.2,2
15,13,608,0,0,500,0.6,1000,0.2,1400,0.2,0
15,14,158,2,10,5,0,500,0.6,1000,0.2,1400,0.2,1
15,15,705,1,0,500,0.6,1000,0.2,1400,0.2,1
15,16,694,1,0,500,0.6,1000,0.2,1400,0.2,1
15,17,211,1,0,500,0.6,1000,0.2,1400,0.2,1
15,18,732,1,0,500,0.6,1000,0.2,1400,0.2,2
15,19,48,0,0,500,0.6,1000,0.2,1400,0.2,2
16,0,960,2,10,5,0,300,0.5,1700,0.5,1
16,1,295,1,0,300,0.5,1700,0.5,1
16,2,23,2,10,5,0,300,0.5,1700,0.5,0
16,3,747,0,0,500,0.6,1000,0.2,1400,0.2,2
16,4,89,0,0,500,0.6,1000,0.2,1400,0.2,0
16,5,531,1,0,300,0.5,1700,0.5,1
16,6,51,0,0,500,0.6,1000,0.2,1400,0.2,1
16,7,246,1,0,500,0.6,1000,0.2,1400,0.2,0
16,8,641,0,0,500,0.6,1000,0.2,1400,0.2,1
16,9,34,2,10,5,0,500,0.6,1000,0.2,1400,0.2,2
16,10,492,0,0,500,0.6,1000,0.2,1400,0.2,0
16,11,876,0,0,500,0.6,1000,0.2,1400,0.2,2
16,12,210,1,0,500,0.6,1000,0.2,1400,0.2,0
16,13,313,0,0,500,0.6,1000,0.2,1400,0.2,2
16,14,640,0,0,300,0.5,1700,0.5,1
16,15,829,1,0,500,0.6,1000,0.2,1400,0.2,0
16,16,402,1,0,500,0.6,1000,0.2,1400,0.2,1
16,17,988,0,0,500,0.6,1000,0.2,1400,0.2,2
16,18,695,1,0,300,0.5,1700,0.5,0
16,19,732,1,0,500,0.6,1000,0.2,1400,0.2,0
17,0,620,2,10,5,0,300,0.5,1700,0.5,1
17,1,927,1,0,500,0.6,1000,0.2,1400,0.2,1
17,2,745,1,0,300,0.5,1700,0.5,0
17,3,653,1,0,300,0.5,1700,0.5,1
17,4,524,2,10,5,0,300,0.5,1700,0.5,1
17,5,207,0,0,300,0.5,1700,0.5,0
17,6,132,0,0,300,0.5,1700,0.5,1
17,7,204,0,0,300,0.5,1700,0.5,1
17,8,216,1,0,300,0.5,1700,0.5,1
17,9,195,1,0,500,0.6,1000,0.2,1400,0.2,2
17,10,785,0,0,300,0.5,1700,0.5,2
17,11,384,1,0,300,0.5,1700,0.5,2
17,12,135,1,0,300,0.5,1700,0.5,1
17,13,121,2,10,5,0,500,0.6,1000,0.2,1400,0.2,0
17,14,485,2,10,5,0,300,0.5,1700,0.5,2
17,15,745,2,10,5,0,500,0.6,1000,0.2,1400,0.2,2
17,16,278,0,0,500,0.6,1000,0.2,1400,0.2,2
17,17,855,2,10,5,0,500,0.6,1000,0.2,1400,0.2,2
17,18,203,2,10,5,0,500,0.6,1000,0.2,1400,0.2,2
17,19,176,0,0,300,0.5,1700,0.5,1
18,0,794,1,0,500,0.6,1000,0.2,1400,0.2,0
18,1,333,0,0,300,0.5,1700,0.5,0
18,2,425,0,0,300,0.5,1700,0.5,1
18,3,745,2,10,5,0,500,0.6,1000,0.2,1400,0.2,1
18,4,409,0,0,300,0.5,1700,0.5,0
18,5,260,2,10,5,0,300,0.5,1700,0.5,1
18,6,669,2,10,5,0,300,0.5,1700,0.5,2
18,7,10,2,10,5,0,500,0.6,1000,0.2,1400,0.2,1
18,8,273,0,0,300,0.5,1700,0.5,1
18,9,242,0,0,300,0.5,1700,0.5,2
18,10,553,0,0,500,0.6,1000,0.2,1400,0.2,2
18,11,299,2,10,5,0,500,0.6,1000,0.2,1400,0.2,0
18,12,121,1,0,500,0.6,1000,0.2,1400,0.2,2
18,13,959,0,0,300,0.5,1700,0.5,0
18,14,536,1,0,300,0.5,1700,0.5,1
18,15,736,1,0,300,0.5,1700,0.5,0
18,16,119,2,10,5,0,300,0.5,1700,0.5,0
18,17,747,0,0,300,0.5,1700,0.5,0
18,18,826,2,10,5,0,500,0.6,1000,0.2,1400,0.2,1
18,19,110,0,0,500,0.6,1000,0.2,1400,0.2,0
19,0,562,0,0,500,0.6,1000,0.2,1400,0.2,1
19,1,561,2,10,5,0,300,0.5,1700,0.5,2
19,2,216,2,10,5,0,500,0.6,1000,0.2,1400,0.2,0
19,3,308,1,0,500,0.6,1000,0.2,1400,0.2,0
19,4,893,0,0,300,0.5,1700,0.5,2
19,5,172,0,0,300,0.5,1700,0.5,0
19,6,50,2,10,5,0,300,0.5,1700,0.5,1
19,7,194,1,0,300,0.5,1700,0.5,2
19,8,288,1,0,500,0.6,1000,0.2,1400,0.2,1
19,9,855,1,0,500,0.6,1000,0.2,1400,0.2,0
19,10,472,1,0,300,0.5,1700,0.5,0
19,11,382,1,0,300,0.5,1700,0.5,0
19,12,439,1,0,300,0.5,1700,0.5,1
19,13,834,0,0,500,0.6,1000,0.2,1400,0.2,0
19,14,321,0,0,300,0.5,1700,0.5,1
19,15,141,2,10,5,0,300,0.5,1700,0.5,2
19,16,951,0,0,300,0.5,1700,0.5,0
19,17,96,0,0,300,0.5,1700,0.5,0
19,18,583,2,10,5,0,500,0.6,1000,0.2,1400,0.2,1
19,19,935,2,10,5,0,500,0.6,1000,0.2,1400,0.2,1
