0,0,665,2,10,5,0,300,0.5,1700,0.5,1
0,1,166,2,10,5,0,300,0.5,1700,0.5,2
0,2,429,1,0,300,0.5,1700,0.5,1
0,3,461,1,0,300,0.5,1700,0.5,2
0,4,696,1,0,300,0.5,1700,0.5,2
0,5,421,2,10,5,0,500,0.6,1000,0.2,1400,0.2,2
0,6,398,0,0,300,0.5,1700,0.5,0
0,7,319,0,0,500,0.6,1000,0.2,1400,0.2,1
0,8,756,2,10,5,0,500,0.6,1000,0.2,1400,0.2,0
0,9,367,0,0,500,0.6,1000,0.2,1400,0.2,0
0,10,343,0,0,300,0.5,1700,0.5,1
0,11,929,0,0,300,0.5,1700,0.5,2
0,12,945,2,10,5,0,300,0.5,1700,0.5,0
0,13,328,2,10,5,0,300,0.5,1700,0.5,2
0,14,679,1,0,300,0.5,1700,0.5,0
0,15,678,0,0,300,0.5,1700,0.5,2
0,16,118,2,10,5,0,300,0.5,1700,0.5,0
0,17,188,0,0,500,0.6,1000,0.2,1400,0.2,2
0,18,805,2,10,5,0,300,0.5,1700,0.5,0
0,19,499,0,0,300,0.5,1700,0.5,0
1,0,89,1,0,300,0.5,1700,0.5,0
1,1,597,1,0,500,0.6,1000,0.2,1400,0.2,2
1,2,571,2,10,5,0,500,0.6,1000,0.2,1400,0.2,2
1,3,952,0,0,500,0.6,1000,0.2,1400,0.2,0
1,4,499,2,10,5,0,300,0.5,1700,0.5,2
1,5,966,2,10,5,0,500,0.6,1000,0.2,1400,0.2,2
1,6,408,0,0,500,0.6,1000,0.2,1400,0.2,1
1,7,715,2,10,5,0,500,0.6,1000,0.2,1400,0.2,2
1,8,822,2,10,5,0,300,0.5,1700,0.5,2
1,9,49,0,0,300,0.5,1700,0.5,0
1,10,225,0,0,500,0.6,1000,0.2,1400,0.2,2
1,11,722,2,10,5,0,500,0.6,1000,0.2,1400,0.2,1
1,12,495,0,0,500,0.6,1000,0.2,1400,0.2,2
1,13,469,2,10,5,0,500,0.6,1000,0.2,1400,0.2,1
1,14,429,0,0,500,0.6,1000,0.2,1400,0.2,2
1,15,880,0,0,500,0.6,1000,0.2,1400,0.2,0
1,16,692,2,10,5,0,300,0.5,1700,0.5,1
1,17,449,2,10,5,0,300,0.5,1700,0.5,2
1,18,223,1,0,300,0.5,1700,0.5,1
1,19,943,0,0,300,0.5,1700,0.5,1
2,0,801,1,0,500,0.6,1000,0.2,1400,0.2,1
2,1,36,0,0,500,0.6,1000,0.2,1400,0.2,0
2,2,990,2,10,5,0,500,0.6,1000,0.2,1400,0.2,2
2,3,84,1,0,300,0.5,1700,0.5,1
2,4,869,1,0,300,0.5,1700,0.5,2
2,5,165,2,10,5,0,300,0.5,1700,0.5,2
2,6,869,2,10,5,0,500,0.6,1000,0.2,1400,0.2,0
2,7,512,1,0,500,0.6,1000,0.2,1400,0.2,2
2,8,420,2,10,5,0,500,0.6,1000,0.2,1400,0.2,0
2,9,784,0,0,500,0.6,1000,0.2,1400,0.2,2
2,10,851,1,0,300,0.5,1700,0.5,0
2,11,588,1,0,300,0.5,1700,0.5,2
2,12,331,1,0,500,0.6,1000,0.2,1400,0.2,1
2,13,731,0,0,300,0.5,1700,0.5,0
2,14,696,0,0,500,0.6,1000,0.2,1400,0.2,2
2,15,25,1,0,500,0.6,1000,0.2,1400,0.2,2
2,16,925,0,0,300,0.5,1700,0.5,2
2,17,447,1,0,500,0.6,1000,0.2,1400,0.2,0
2,18,916,1,0,500,0.6,1000,0.2,1400,0.2,2
2,19,505,2,10,5,0,300,0.5,1700,0.5,2
3,0,936,1,0,500,0.6,1000,0.2,1400,0.2,1
3,1,861,0,0,500,0.6,1000,0.2,1400,0.2,1
3,2,103,0,0,500,0.6,1000,0.2,1400,0.2,1
3,3,474,1,0,500,0.6,1000,0.2,1400,0.2,2
3,4,438,0,0,500,0.6,1000,0.2,1400,0.2,2
3,5,304,2,10,5,0,300,0.5,1700,0.5,2
3,6,351,1,0,500,0.6,1000,0.2,1400,0.2,2
3,7,356,0,0,300,0.5,1700,0.5,2
3,8,347,0,0,500,0.6,1000,0.2,1400,0.2,2
3,9,152,1,0,300,0.5,1700,0.5,2
3,10,848,0,0,300,0.5,1700,0.5,0
3,11,336,1,0,300,0.5,1700,0.5,0
3,12,949,0,0,500,0.6,1000,0.2,1400,0.2,2
3,13,45,0,0,500,0.6,1000,0.2,1400,0.2,0
3,14,876,1,0,300,0.5,1700,0.5,2
3,15,478,1,0,300,0.5,1700,0.5,1
3,16,821,1,0,500,0.6,1000,0.2,1400,0.2,1
3,17,315,1,0,500,0.6,1000,0.2,1400,0.2,2
3,18,860,2,10,5,0,500,0.6,1000,0.2,1400,0.2,2
3,19,377,2,10,5,0,300,0.5,1700,0.5,1
4,0,170,0,0,500,0.6,1000,0.2,1400,0.2,2
4,1,768,2,10,5,0,500,0.6,1000,0.2,1400,0.2,2
4,2,676,0,0,300,0.5,1700,0.5,0
4,3,552,0,0,300,0.5,1700,0.5,2
4,4,361,0,0,500,0.6,1000,0.2,1400,0.2,2
4,5,818,0,0,500,0.6,1000,0.2,1400,0.2,1
4,6,931,1,0,300,0.5,1700,0.5,2
4,7,751,0,0,500,0.6,1000,0.2,1400,0.2,0
4,8,494,1,0,300,0.5,1700,0.5,1
4,9,871,0,0,500,0.6,1000,0.2,1400,0.2,0
4,10,890,1,0,300,0.5,1700,0.5,0
4,11,768,2,10,5,0,300,0.5,1700,0.5,2
4,12,902,1,0,300,0.5,1700,0.5,1
4,13,881,1,0,500,0.6,1000,0.2,1400,0.2,2
4,14,354,0,0,300,0.5,1700,0.5,1
4,15,59,0,0,300,0.5,1700,0.5,1
4,16,84,0,0,300,0.5,1700,0.5,1
4,17,363,2,10,5,0,300,0.5,1700,0.5,0
4,18,715,2,10,5,0,500,0.6,1000,0.2,1400,0.2,2
4,19,401,1,0,300,0.5,1700,0.5,0
5,0,635,0,0,500,0.6,1000,0.2,1400,0.2,0
5,1,101,0,0,300,0.5,1700,0.5,0
5,2,647,2,10,5,0,500,0.6,1000,0.2,1400,0.2,2
5,3,545,1,0,500,0.6,1000,0.2,1400,0.2,1
5,4,123,0,0,300,0.5,1700,0.5,2
5,5,987,2,10,5,0,300,0.5,1700,0.5,2
5,6,370,2,10,5,0,500,0.6,1000,0.2,1400,0.2,2
5,7,478,1,0,300,0.5,1700,0.5,0
5,8,192,2,10,5,0,300,0.5,1700,0.5,1
5,9,798,2,10,5,0,300,0.5,1700,0.5,2
5,10,583,0,0,300,0.5,1700,0.5,1
5,11,851,1,0,500,0.6,1000,0.2,1400,0.2,2
5,12,421,1,0,300,0.5,1700,0.5,1
5,13,553,1,0,300,0.5,1700,0.5,0
5,14,887,1,0,500,0.6,1000,0.2,1400,0.2,0
5,15,602,1,0,300,0.5,1700,0.5,2
5,16,961,1,0,300,0.5,1700,0.5,0
5,17,929,2,10,5,0,500,0.6,1000,0.2,1400,0.2,2
5,18,95,0,0,500,0.6,1000,0.2,1400,0.2,0
5,19,563,2,10,5,0,500,0.6,1000,0.2,1400,0.2,0
6,0,764,1,0,300,0.5,1700,0.5,0
6,1,412,1,0,500,0.6,1000,0.2,1400,0.2,0
6,2,36,1,0,500,0.6,1000,0.2,1400,0.2,0
6,3,805,2,10,5,0,300,0.5,1700,0.5,0
6,4,479,1,0,300,0.5,1700,0.5,0
6,5,512,0,0,300,0.5,1700,0.5,1
6,6,496,2,10,5,0,300,0.5,1700,0.5,0
6,7,715,2,10,5,0,300,0.5,1700,0.5,1
6,8,72,2,10,5,0,500,0.6,1000,0.2,1400,0.2,1
6,9,489,0,0,500,0.6,1000,0.2,1400,0.2,0
6,10,63,1,0,300,0.5,1700,0.5,2
6,11,885,1,0,500,0.6,1000,0.2,1400,0.2,2
6,12,216,1,0,300,0.5,1700,0.5,2
6,13,536,0,0,500,0.6,1000,0.2,1400,0.2,0
6,14,584,2,10,5,0,300,0.5,1700,0.5,0
6,15,719,0,0,500,0.6,1000,0.2,1400,0.2,2
6,16,331,0,0,300,0.5,1700,0.5,2
6,17,193,1,0,500,0.6,1000,0.2,1400,0.2,1
6,18,326,2,10,5,0,500,0.6,1000,0.2,1400,0.2,1
6,19,847,0,0,300,0.5,1700,0.5,2
7,0,385,0,0,300,0.5,1700,0.5,2
7,1,66,1,0,300,0.5,1700,0.5,1
7,2,89,0,0,300,0.5,1700,0.5,1
7,3,806,1,0,500,0.6,1000,0.2,1400,0.2,1
7,4,585,2,10,5,0,300,0.5,1700,0.5,2
7,5,906,1,0,500,0.6,1000,0.2,1400,0.2,1
7,6,941,0,0,300,0.5,1700,0.5,0
7,7,968,0,0,500,0.6,1000,0.2,1400,0.2,0
7,8,781,0,0,300,0.5,1700,0.5,2
7,9,596,0,0,500,0.6,1000,0.2,1400,0.2,0
7,10,820,1,0,500,0.6,1000,0.2,1400,0.2,2
7,11,317,2,10,5,0,500,0.6,1000,0.2,1400,0.2,2
7,12,304,2,10,5,0,500,0.6,1000,0.2,1400,0.2,2
7,13,943,0,0,300,0.5,1700,0.5,2
7,14,176,2,10,5,0,300,0.5,1700,0.5,0
7,15,449,2,10,5,0,500,0.6,1000,0.2,1400,0.2,1
7,16,975,2,10,5,0,300,0.5,1700,0.5,1
7,17,791,1,0,500,0.6,1000,0.2,1400,0.2,2
7,18,414,2,10,5,0,300,0.5,1700,0.5,0
7,19,179,0,0,300,0.5,1700,0.5,2
8,0,422,0,0,300,0.5,1700,0.5,0
8,1,28,1,0,500,0.6,1000,0.2,1400,0.2,0
8,2,970,2,10,5,0,500,0.6,1000,0.2,1400,0.2,0
8,3,466,0,0,500,0.6,1000,0.2,1400,0.2,2
8,4,292,1,0,500,0.6,1000,0.2,1400,0.2,1
8,5,511,1,0,300,0.5,1700,0.5,0
8,6,326,0,0,300,0.5,1700,0.5,2
8,7,84,0,0,300,0.5,1700,0.5,0
8,8,999,1,0,500,0.6,1000,0.2,1400,0.2,2
8,9,939,1,0,500,0.6,1000,0.2,1400,0.2,0
8,10,83,1,0,500,0.6,1000,0.2,1400,0.2,2
8,11,592,0,0,300,0.5,1700,0.5,1
8,12,379,2,10,5,0,300,0.5,1700,0.5,1
8,13,402,0,0,300,0.5,1700,0.5,2
8,14,184,1,0,500,0.6,1000,0.2,1400,0.2,1
8,15,449,1,0,500,0.6,1000,0.2,1400,0.2,0
8,16,594,2,10,5,0,500,0.6,1000,0.2,1400,0.2,2
8,17,808,1,0,500,0.6,1000,0.2,1400,0.2,2
8,18,194,2,10,5,0,500,0.6,1000,0.2,1400,0.2,2
8,19,513,1,0,500,0.6,1000,0.2,1400,0.2,0
9,0,521,2,10,5,0,500,0.6,1000,0.2,1400,0.2,0
9,1,434,1,0,500,0.6,1000,0.2,1400,0.2,1
9,2,657,1,0,500,0.6,1000,0.2,1400,0.2,2
9,3,113,1,0,300,0.5,1700,0.5,2
9,4,506,2,10,5,0,300,0.5,1700,0.5,0
9,5,466,0,0,500,0.6,1000,0.2,1400,0.2,1
9,6,503,0,0,500,0.6,1000,0.2,1400,0.2,1
9,7,894,0,0,500,0.6,1000,0.2,1400,0.2,1
9,8,58,1,0,300,0.5,1700,0.5,0
9,9,914,1,0,300,0.5,1700,0.5,2
9,10,325,1,0,300,0.5,1700,0.5,0
9,11,974,2,10,5,0,300,0.5,1700,0.5,1
9,12,471,0,0,500,0.6,1000,0.2,1400,0.2,1
9,13,538,2,10,5,0,500,0.6,1000,0.2,1400,0.2,1
9,14,62,1,0,500,0.6,1000,0.2,1400,0.2,1
9,15,786,0,0,500,0.6,1000,0.2,1400,0.2,2
9,16,529,2,10,5,0,300,0.5,1700,0.5,0
9,17,273,2,10,5,0,500,0.6,1000,0.2,1400,0.2,0
9,18,763,2,10,5,0,300,0.5,1700,0.5,0
9,19,728,1,0,300,0.5,1700,0.5,1
10,0,300,1,0,500,0.6,1000,0.2,1400,0.2,1
10,1,625,2,10,5,0,500,0.6,1000,0.2,1400,0.2,2
10,2,371,0,0,500,0.6,1000,0.2,1400,0.2,2
10,3,275,0,0,300,0.5,1700,0.5,2
10,4,469,1,0,500,0.6,1000,0.2,1400,0.2,2
10,5,322,0,0,300,0.5,1700,0.5,0
10,6,777,0,0,500,0.6,1000,0.2,1400,0.2,0
10,7,326,0,0,300,0.5,1700,0.5,2
10,8,310,2,10,5,0,500,0.6,1000,0.2,1400,0.2,2
10,9,983,2,10,5,0,300,0.5,1700,0.5,1
10,10,535,2,10,5,0,300,0.5,1700,0.5,1
10,11,215,2,10,5,0,300,0.5,1700,0.5,0
10,12,875,0,0,500,0.6,1000,0.2,1400,0.2,0
10,13,10,0,0,500,0.6,1000,0.2,1400,0.2,2
10,14,167,2,10,5,0,500,0.6,1000,0.2,1400,0.2,2
10,15,507,2,10,5,0,300,0.5,1700,0.5,2
10,16,584,0,0,500,0.6,1000,0.2,1400,0.2,1
10,17,973,2,10,5,0,300,0.5,1700,0.5,1
10,18,391,2,10,5,0,300,0.5,1700,0.5,1
10,19,569,2,10,5,0,500,0.6,1000,0.2,1400,0.2,0
11,0,646,0,0,500,0.6,1000,0.2,1400,0.2,2
11,1,957,0,0,500,0.6,1000,0.2,1400,0.2,0
11,2,588,2,10,5,0,500,0.6,1000,0.2,1400,0.2,2
11,3,383,1,0,500,0.6,1000,0.2,1400,0.2,2
11,4,168,1,0,500,0.6,1000,0.2,1400,0.2,0
11,5,139,1,0,500,0.6,1000,0.2,1400,0.2,1
11,6,232,0,0,500,0.6,1000,0.2,1400,0.2,0
11,7,657,1,0,300,0.5,1700,0.5,2
11,8,507,0,0,500,0.6,1000,0.2,1400,0.2,0
11,9,420,0,0,300,0.5,1700,0.5,1
11,10,743,2,10,5,0,500,0.6,1000,0.2,1400,0.2,1
11,11,353,1,0,300,0.5,1700,0.5,2
11,12,210,1,0,500,0.6,1000,0.2,1400,0.2,0
11,13,788,1,0,300,0.5,1700,0.5,1
11,14,249,2,10,5,0,300,0.5,1700,0.5,0
11,15,579,2,10,5,0,500,0.6,1000,0.2,1400,0.2,0
11,16,950,1,0,300,0.5,1700,0.5,1
11,17,64,2,10,5,0,300,0.5,1700,0.5,2
11,18,566,2,10,5,0,300,0.5,1700,0.5,0
11,19,659,1,0,500,0.6,1000,0.2,1400,0.2,2
12,0,577,0,0,500,0.6,1000,0.2,1400,0.2,2
12,1,507,1,0,500,0.6,1000,0.2,1400,0.2,1
12,2,766,0,0,300,0.5,1700,0.5,0
12,3,845,2,10,5,0,500,0.6,1000,0.2,1400,0.2,2
12,4,943,1,0,300,0.5,1700,0.5,0
12,5,365,0,0,300,0.5,1700,0.5,0
12,6,689,0,0,300,0.5,1700,0.5,0
12,7,966,0,0,500,0.6,1000,0.2,1400,0.2,1
12,8,130,0,0,500,0.6,1000,0.2,1400,0.2,2
12,9,95,1,0,300,0.5,1700,0.5,1
12,10,55,2,10,5,0,500,0.6,1000,0.2,1400,0.2,1
12,11,527,1,0,300,0.5,1700,0.5,0
12,12,657,2,10,5,0,500,0.6,1000,0.2,1400,0.2,1
12,13,573,1,0,300,0.5,1700,0.5,2
12,14,328,0,0,300,0.5,1700,0.5,2
12,15,977,1,0,500,0.6,1000,0.2,1400,0.2,0
12,16,724,1,0,300,0.5,1700,0.5,0
12,17,805,0,0,300,0.5,1700,0.5,2
12,18,583,0,0,500,0.6,1000,0.2,1400,0.2,0
12,19,762,0,0,500,0.6,1000,0.2,1400,0.2,0
13,0,556,0,0,300,0.5,1700,0.5,0
13,1,328,1,0,300,0.5,1700,0.5,2
13,2,220,1,0,300,0.5,1700,0.5,0
13,3,479,0,0,500,0.6,1000,0.2,1400,0.2,1
13,4,233,0,0,300,0.5,1700,0.5,1
13,5,821,1,0,500,0.6,1000,0.2,1400,0.2,1
13,6,253,2,10,5,0,300,0.5,1700,0.5,1
13,7,436,2,10,5,0,500,0.6,1000,0.2,1400,0.2,2
13,8,495,2,10,5,0,300,0.5,1700,0.5,2
13,9,721,2,10,5,0,500,0.6,1000,0.2,1400,0.2,2
13,10,557,2,10,5,0,500,0.6,1000,0.2,1400,0.2,0
13,11,59,0,0,300,0.5,1700,0.5,0
13,12,589,2,10,5,0,300,0.5,1700,0.5,0
13,13,221,0,0,500,0.6,1000,0.2,1400,0.2,2
13,14,662,1,0,500,0.6,1000,0.2,1400,0.2,1
13,15,190,1,0,500,0.6,1000,0.2,1400,0.2,1
13,16,669,1,0,500,0.6,1000,0.2,1400,0.2,1
13,17,600,1,0,500,0.6,1000,0.2,1400,0.2,2
13,18,848,2,10,5,0,300,0.5,1700,0.5,2
13,19,751,2,10,5,0,300,0.5,1700,0.5,0
14,0,264,2,10,5,0,300,0.5,1700,0.5,2
14,1,753,0,0,500,0.6,1000,0.2,1400,0.2,0
14,2,847,0,0,500,0.6,1000,0.2,1400,0.2,0
14,3,107,0,0,300,0.5,1700,0.5,0
14,4,270,1,0,300,0.5,1700,0.5,0
14,5,223,0,0,300,0.5,1700,0.5,2
14,6,632,0,0,500,0.6,1000,0.2,1400,0.2,0
14,7,807,1,0,500,0.6,1000,0.2,1400,0.2,0
14,8,218,1,0,500,0.6,1000,0.2,1400,0.2,0
14,9,991,2,10,5,0,300,0.5,1700,0.5,1
14,10,226,1,0,300,0.5,1700,0.5,2
14,11,224,1,0,500,0.6,1000,0.2,1400,0.2,0
14,12,983,1,0,500,0.6,1000,0.2,1400,0.2,1
14,13,659,2,10,5,0,500,0.6,1000,0.2,1400,0.2,2
14,14,593,1,0,300,0.5,1700,0.5,0
14,15,488,2,10,5,0,300,0.5,1700,0.5,2
14,16,482,1,0,300,0.5,1700,0.5,2
14,17,854,1,0,300,0.5,1700,0.5,2
14,18,374,0,0,500,0.6,1000,0.2,1400,0.2,2
14,19,696,2,10,5,0,300,0.5,1700,0.5,0
15,0,916,2,10,5,0,500,0.6,1000,0.2,1400,0.2,1
15,1,912,1,0,300,0.5,1700,0.5,0
15,2,441,0,0,300,0.5,1700,0.5,1
15,3,665,0,0,500,0.6,1000,0.2,1400,0.2,2
15,4,227,1,0,500,0.6,1000,0.2,1400,0.2,2
15,5,340,2,10,5,0,300,0.5,1700,0.5,0
15,6,377,1,0,500,0.6,1000,0.2,1400,0.2,0
15,7,739,2,10,5,0,300,0.5,1700,0.5,0
15,8,247,1,0,300,0.5,1700,0.5,0
15,9,937,2,10,5,0,300,0.5,1700,0.5,2
15,10,630,0,0,500,0.6,1000,0.2,1400,0.2,2
15,11,228,1,0,500,0.6,1000,0.2,1400,0.2,1
15,12,213,2,10,5,0,300,0.5,1700,0.5,0
15,13,893,1,0,500,0.6,1000,0.2,1400,0.2,0
15,14,182,0,0,500,0.6,1000,0.2,1400,0.2,0
15,15,785,1,0,500,0.6,1000,0.2,1400,0.2,1
15,16,743,0,0,500,0.6,1000,0.2,1400,0.2,1
15,17,898,1,0,300,0.5,1700,0.5,0
15,18,519,0,0,300,0.5,1700,0.5,2
15,19,67,0,0,300,0.5,1700,0.5,0
16,0,590,2,10,5,0,300,0.5,1700,0.5,1
16,1,192,0,0,500,0.6,1000,0.2,1400,0.2,2
16,2,987,0,0,300,0.5,1700,0.5,2
16,3,614,0,0,500,0.6,1000,0.2,1400,0.2,0
16,4,133,2,10,5,0,300,0.5,1700,0.5,2
16,5,940,2,10,5,0,300,0.5,1700,0.5,0
16,6,370,2,10,5,0,300,0.5,1700,0.5,0
16,7,487,1,0,300,0.5,1700,0.5,0
16,8,448,1,0,300,0.5,1700,0.5,2
16,9,367,0,0,300,0.5,1700,0.5,2
16,10,745,0,0,500,0.6,1000,0.2,1400,0.2,1
16,11,635,0,0,300,0.5,1700,0.5,0
16,12,161,1,0,500,0.6,1000,0.2,1400,0.2,0
16,13,631,1,0,300,0.5,1700,0.5,1
16,14,300,1,0,300,0.5,1700,0.5,0
16,15,317,1,0,500,0.6,1000,0.2,1400,0.2,0
16,16,72,2,10,5,0,500,0.6,1000,0.2,1400,0.2,2
16,17,650,0,0,300,0.5,1700,0.5,1
16,18,812,0,0,500,0.6,1000,0.2,1400,0.2,0
16,19,698,2,10,5,0,300,0.5,1700,0.5,0
17,0,577,2,10,5,0,300,0.5,1700,0.5,1
17,1,410,0,0,500,0.6,1000,0.2,1400,0.2,2
17,2,339,1,0,500,0.6,1000,0.2,1400,0.2,0
17,3,103,0,0,500,0.6,1000,0.2,1400,0.2,2
17,4,316,1,0,300,0.5,1700,0.5,0
17,5,406,0,0,500,0.6,1000,0.2,1400,0.2,2
17,6,643,2,10,5,0,500,0.6,1000,0.2,1400,0.2,1
17,7,981,1,0,500,0.6,1000,0.2,1400,0.2,1
17,8,951,2,10,5,0,300,0.5,1700,0.5,2
17,9,805,2,10,5,0,500,0.6,1000,0.2,1400,0.2,2
17,10,990,2,10,5,0,300,0.5,1700,0.5,2
17,11,756,1,0,300,0.5,1700,0.5,2
17,12,780,1,0,300,0.5,1700,0.5,1
17,13,485,2,10,5,0,300,0.5,1700,0.5,0
17,14,673,0,0,300,0.5,1700,0.5,0
17,15,258,0,0,300,0.5,1700,0.5,0
17,16,12,0,0,500,0.6,1000,0.2,1400,0.2,2
17,17,155,2,10,5,0,300,0.5,1700,0.5,2
17,18,914,1,0,300,0.5,1700,0.5,2
17,19,357,2,10,5,0,300,0.5,1700,0.5,2
18,0,496,2,10,5,0,300,0.5,1700,0.5,1
18,1,254,2,10,5,0,300,0.5,1700,0.5,2
18,2,468,0,0,300,0.5,1700,0.5,1
18,3,195,0,0,300,0.5,1700,0.5,1
18,4,733,2,10,5,0,300,0.5,1700,0.5,0
18,5,850,0,0,300,0.5,1700,0.5,2
18,6,296,2,10,5,0,500,0.6,1000,0.2,1400,0.2,0
18,7,202,2,10,5,0,500,0.6,1000,0.2,1400,0.2,0
18,8,659,2,10,5,0,300,0.5,1700,0.5,1
18,9,161,1,0,500,0.6,1000,0.2,1400,0.2,1
18,10,873,2,10,5,0,500,0.6,1000,0.2,1400,0.2,1
18,11,210,0,0,300,0.5,1700,0.5,2
18,12,49,0,0,500,0.6,1000,0.2,1400,0.2,1
18,13,455,2,10,5,0,500,0.6,1000,0.2,1400,0.2,2
18,14,937,1,0,500,0.6,1000,0.2,1400,0.2,0
18,15,232,1,0,300,0.5,1700,0.5,0
18,16,136,0,0,500,0.6,1000,0.2,1400,0.2,1
18,17,951,0,0,500,0.6,1000,0.2,1400,0.2,2
18,18,716,0,0,500,0.6,1000,0.2,1400,0.2,0
18,19,231,0,0,300,0.5,1700,0.5,0
19,0,964,2,10,5,0,300,0.5,1700,0.5,0
19,1,504,2,10,5,0,300,0.5,1700,0.5,1
19,2,918,2,10,5,0,300,0.5,1700,0.5,1
19,3,593,1,0,300,0.5,1700,0.5,2
19,4,465,1,0,300,0.5,1700,0.5,1
19,5,340,1,0,300,0.5,1700,0.5,1
19,6,195,2,10,5,0,500,0.6,1000,0.2,1400,0.2,2
19,7,236,0,0,500,0.6,1000,0.2,1400,0.2,2
19,8,628,0,0,300,0.5,1700,0.5,0
19,9,467,0,0,500,0.6,1000,0.2,1400,0.2,1
19,10,299,0,0,300,0.5,1700,0.5,2
19,11,472,1,0,300,0.5,1700,0.5,0
19,12,966,0,0,300,0.5,1700,0.5,0
19,13,510,0,0,300,0.5,1700,0.5,2
19,14,291,2,10,5,0,500,0.6,1000,0.2,1400,0.2,2
19,15,623,0,0,500,0.6,1000,0.2,1400,0.2,0
19,16,12,1,0,500,0.6,1000,0.2,1400,0.2,0
19,17,726,1,0,500,0.6,1000,0.2,1400,0.2,1
19,18,311,2,10,5,0,500,0.6,1000,0.2,1400,0.2,1
19,19,153,2,10,5,0,500,0.6,1000,0.2,1400,0.2,2
