0,0,337,0,0,300,0.5,1700,0.5,0
0,1,750,1,0,500,0.6,1000,0.2,1400,0.2,1
0,2,403,0,0,500,0.6,1000,0.2,1400,0.2,1
0,3,99,1,0,300,0.5,1700,0.5,2
0,4,603,2,10,5,0,300,0.5,1700,0.5,1
0,5,650,2,10,5,0,500,0.6,1000,0.2,1400,0.2,2
0,6,374,2,10,5,0,500,0.6,1000,0.2,1400,0.2,2
0,7,486,1,0,300,0.5,1700,0.5,1
0,8,989,1,0,300,0.5,1700,0.5,1
0,9,724,2,10,5,0,500,0.6,1000,0.2,1400,0.2,0
0,10,974,0,0,300,0.5,1700,0.5,1
0,11,803,1,0,300,0.5,1700,0.5,0
0,12,69,2,10,5,0,500,0.6,1000,0.2,1400,0.2,1
0,13,812,2,10,5,0,500,0.6,1000,0.2,1400,0.2,1
0,14,921,0,0,500,0.6,1000,0.2,1400,0.2,2
0,15,141,2,10,5,0,300,0.5,1700,0.5,1
0,16,480,0,0,300,0.5,1700,0.5,0
0,17,527,1,0,500,0.6,1000,0.2,1400,0.2,2
0,18,35,1,0,300,0.5,1700,0.5,1
0,19,335,2,10,5,0,300,0.5,1700,0.5,1
1,0,587,2,10,5,0,500,0.6,1000,0.2,1400,0.2,0
1,1,574,0,0,500,0.6,1000,0.2,1400,0.2,2
1,2,12,2,10,5,0,300,0.5,1700,0.5,2
1,3,447,1,0,300,0.5,1700,0.5,0
1,4,478,1,0,300,0.5,1700,0.5,1
1,5,65,0,0,300,0.5,1700,0.5,2
1,6,38,0,0,300,0.5,1700,0.5,1
1,7,578,1,0,500,0.6,1000,0.2,1400,0.2,2
1,8,559,2,10,5,0,500,0.6,1000,0.2,1400,0.2,2
1,9,673,1,0,500,0.6,1000,0.2,1400,0.2,1
1,10,452,2,10,5,0,300,0.5,1700,0.5,2
1,11,813,1,0,300,0.5,1700,0.5,2
1,12,366,2,10,5,0,300,0.5,1700,0.5,0
1,13,694,0,0,300,0.5,1700,0.5,2
1,14,314,1,0,300,0.5,1700,0.5,1
1,15,908,2,10,5,0,500,0.6,1000,0.2,1400,0.2,2
1,16,207,2,10,5,0,500,0.6,1000,0.2,1400,0.2,1
1,17,179,0,0,300,0.5,1700,0.5,2
1,18,412,0,0,500,0.6,1000,0.2,1400,0.2,0
1,19,217,1,0,300,0.5,1700,0.5,2
2,0,928,1,0,500,0.6,1000,0.2,1400,0.2,2
2,1,317,0,0,300,0.5,1700,0.5,2
2,2,605,1,0,300,0.5,1700,0.5,1
2,3,134,2,10,5,0,300,0.5,1700,0.5,0
2,4,886,2,10,5,0,300,0.5,1700,0.5,2
2,5,339,1,0,500,0.6,1000,0.2,1400,0.2,1
2,6,992,0,0,500,0.6,1000,0.2,1400,0.2,1
2,7,483,2,10,5,0,300,0.5,1700,0.5,2
2,8,131,2,10,5,0,300,0.5,1700,0.5,1
2,9,250,2,10,5,0,500,0.6,1000,0.2,1400,0.2,0
2,10,777,2,10,5,0,500,0.6,1000,0.2,1400,0.2,1
2,11,260,2,10,5,0,300,0.5,1700,0.5,2
2,12,636,2,10,5,0,300,0.5,1700,0.5,2
2,13,396,2,10,5,0,500,0.6,1000,0.2,1400,0.2,2
2,14,252,0,0,300,0.5,1700,0.5,2
2,15,110,0,0,300,0.5,1700,0.5,0
2,16,173,2,10,5,0,500,0.6,1000,0.2,1400,0.2,1
2,17,829,0,0,300,0.5,1700,0.5,1
2,18,617,2,10,5,0,500,0.6,1000,0.2,1400,0.2,0
2,19,542,0,0,300,0.5,1700,0.5,2
3,0,952,0,0,300,0.5,1700,0.5,0
3,1,650,0,0,500,0.6,1000,0.2,1400,0.2,0
3,2,759,1,0,500,0.6,1000,0.2,1400,0.2,0
3,3,209,1,0,300,0.5,1700,0.5,0
3,4,501,0,0,300,0.5,1700,0.5,1
3,5,666,2,10,5,0,500,0.6,1000,0.2,1400,0.2,2
3,6,67,2,10,5,0,300,0.5,1700,0.5,0
3,7,265,0,0,500,0.6,1000,0.2,1400,0.2,0
3,8,22,2,10,5,0,300,0.5,1700,0.5,0
3,9,10,0,0,300,0.5,1700,0.5,2
3,10,907,1,0,500,0.6,1000,0.2,1400,0.2,0
3,11,218,2,10,5,0,300,0.5,1700,0.5,1
3,12,892,2,10,5,0,300,0.5,1700,0.5,0
3,13,23,2,10,5,0,300,0.5,1700,0.5,1
3,14,622,1,0,300,0.5,1700,0.5,0
3,15,775,1,0,500,0.6,1000,0.2,1400,0.2,0
3,16,591,2,10,5,0,300,0.5,1700,0.5,2
3,17,222,1,0,300,0.5,1700,0.5,0
3,18,720,0,0,500,0.6,1000,0.2,1400,0.2,1
3,19,626,1,0,500,0.6,1000,0.2,1400,0.2,2
4,0,50,1,0,500,0.6,1000,0.2,1400,0.2,2
4,1,734,1,0,300,0.5,1700,0.5,1
4,2,279,2,10,5,0,500,0.6,1000,0.2,1400,0.2,2
4,3,528,1,0,300,0.5,1700,0.5,0
4,4,554,0,0,500,0.6,1000,0.2,1400,0.2,1
4,5,667,1,0,500,0.6,1000,0.2,1400,0.2,2
4,6,771,2,10,5,0,300,0.5,1700,0.5,1
4,7,159,0,0,300,0.5,1700,0.5,0
4,8,778,1,0,300,0.5,1700,0.5,2
4,9,842,0,0,300,0.5,1700,0.5,1
4,10,558,1,0,500,0.6,1000,0.2,1400,0.2,2
4,11,304,0,0,300,0.5,1700,0.5,1
4,12,982,0,0,500,0.6,1000,0.2,1400,0.2,2
4,13,706,1,0,300,0.5,1700,0.5,0
4,14,789,2,10,5,0,500,0.6,1000,0.2,1400,0.2,0
4,15,893,2,10,5,0,300,0.5,1700,0.5,0
4,16,711,2,10,5,0,500,0.6,1000,0.2,1400,0.2,1
4,17,710,2,10,5,0,300,0.5,1700,0.5,2
4,18,303,2,10,5,0,500,0.6,1000,0.2,1400,0.2,1
4,19,686,0,0,300,0.5,1700,0.5,0
5,0,30,1,0,500,0.6,1000,0.2,1400,0.2,0
5,1,721,2,10,5,0,500,0.6,1000,0.2,1400,0.2,2
5,2,612,1,0,300,0.5,1700,0.5,1
5,3,601,1,0,500,0.6,1000,0.2,1400,0.2,0
5,4,940,2,10,5,0,300,0.5,1700,0.5,2
5,5,367,2,10,5,0,300,0.5,1700,0.5,0
5,6,984,2,10,5,0,300,0.5,1700,0.5,0
5,7,870,1,0,500,0.6,1000,0.2,1400,0.2,2
5,8,535,2,10,5,0,500,0.6,1000,0.2,1400,0.2,1
5,9,136,0,0,300,0.5,1700,0.5,2
5,10,857,2,10,5,0,300,0.5,1700,0.5,1
5,11,443,2,10,5,0,500,0.6,1000,0.2,1400,0.2,0
5,12,396,2,10,5,0,300,0.5,1700,0.5,0
5,13,825,2,10,5,0,300,0.5,1700,0.5,0
5,14,98,2,10,5,0,300,0.5,1700,0.5,2
5,15,124,0,0,300,0.5,1700,0.5,1
5,16,20,2,10,5,0,300,0.5,1700,0.5,0
5,17,759,1,0,300,0.5,1700,0.5,1
5,18,827,2,10,5,0,300,0.5,1700,0.5,0
5,19,536,1,0,300,0.5,1700,0.5,2
6,0,827,1,0,300,0.5,1700,0.5,1
6,1,470,1,0,300,0.5,1700,0.5,0
6,2,854,0,0,300,0.5,1700,0.5,0
6,3,145,1,0,500,0.6,1000,0.2,1400,0.2,0
6,4,669,0,0,300,0.5,1700,0.5,2
6,5,536,2,10,5,0,500,0.6,1000,0.2,1400,0.2,2
6,6,873,0,0,500,0.6,1000,0.2,1400,0.2,2
6,7,403,2,10,5,0,500,0.6,1000,0.2,1400,0.2,2
6,8,697,2,10,5,0,500,0.6,1000,0.2,1400,0.2,2
6,9,642,1,0,300,0.5,1700,0.5,0
6,10,847,1,0,500,0.6,1000,0.2,1400,0.2,2
6,11,30,2,10,5,0,300,0.5,1700,0.5,2
6,12,272,1,0,300,0.5,1700,0.5,2
6,13,169,0,0,500,0.6,1000,0.2,1400,0.2,1
6,14,571,0,0,300,0.5,1700,0.5,2
6,15,968,0,0,300,0.5,1700,0.5,0
6,16,440,0,0,500,0.6,1000,0.2,1400,0.2,0
6,17,719,2,10,5,0,500,0.6,1000,0.2,1400,0.2,0
6,18,133,2,10,5,0,300,0.5,1700,0.5,2
6,19,426,1,0,500,0.6,1000,0.2,1400,0.2,1
7,0,589,2,10,5,0,500,0.6,1000,0.2,1400,0.2,0
7,1,815,2,10,5,0,500,0.6,1000,0.2,1400,0.2,0
7,2,96,1,0,300,0.5,1700,0.5,2
7,3,293,2,10,5,0,500,0.6,1000,0.2,1400,0.2,0
7,4,914,0,0,500,0.6,1000,0.2,1400,0.2,0
7,5,197,0,0,500,0.6,1000,0.2,1400,0.2,2
7,6,79,1,0,300,0.5,1700,0.5,0
7,7,152,2,10,5,0,500,0.6,1000,0.2,1400,0.2,1
7,8,983,1,0,500,0.6,1000,0.2,1400,0.2,0
7,9,292,1,0,500,0.6,1000,0.2,1400,0.2,0
7,10,72,1,0,500,0.6,1000,0.2,1400,0.2,0
7,11,582,2,10,5,0,500,0.6,1000,0.2,1400,0.2,2
7,12,840,0,0,300,0.5,1700,0.5,0
7,13,190,2,10,5,0,300,0.5,1700,0.5,1
7,14,883,1,0,300,0.5,1700,0.5,0
7,15,59,2,10,5,0,300,0.5,1700,0.5,2
7,16,12,2,10,5,0,300,0.5,1700,0.5,2
7,17,814,1,0,500,0.6,1000,0.2,1400,0.2,0
7,18,959,2,10,5,0,500,0.6,1000,0.2,1400,0.2,1
7,19,754,0,0,300,0.5,1700,0.5,1
8,0,709,1,0,300,0.5,1700,0.5,0
8,1,515,0,0,500,0.6,1000,0.2,1400,0.2,0
8,2,597,2,10,5,0,300,0.5,1700,0.5,2
8,3,222,1,0,500,0.6,1000,0.2,1400,0.2,0
8,4,121,2,10,5,0,300,0.5,1700,0.5,1
8,5,672,2,10,5,0,300,0.5,1700,0.5,2
8,6,509,0,0,500,0.6,1000,0.2,1400,0.2,2
8,7,572,2,10,5,0,500,0.6,1000,0.2,1400,0.2,2
8,8,880,1,0,500,0.6,1000,0.2,1400,0.2,2
8,9,96,2,10,5,0,300,0.5,1700,0.5,2
8,10,926,0,0,500,0.6,1000,0.2,1400,0.2,1
8,11,425,2,10,5,0,500,0.6,1000,0.2,1400,0.2,2
8,12,957,2,10,5,0,300,0.5,1700,0.5,1
8,13,148,1,0,300,0.5,1700,0.5,0
8,14,687,1,0,300,0.5,1700,0.5,1
8,15,618,1,0,500,0.6,1000,0.2,1400,0.2,2
8,16,240,2,10,5,0,300,0.5,1700,0.5,2
8,17,48,1,0,300,0.5,1700,0.5,1
8,18,100,1,0,500,0.6,1000,0.2,1400,0.2,0
8,19,915,1,0,300,0.5,1700,0.5,1
9,0,190,2,10,5,0,300,0.5,1700,0.5,1
9,1,992,0,0,300,0.5,1700,0.5,1
9,2,21,2,10,5,0,300,0.5,1700,0.5,2
9,3,61,1,0,300,0.5,1700,0.5,1
9,4,653,2,10,5,0,500,0.6,1000,0.2,1400,0.2,2
9,5,882,0,0,500,0.6,1000,0.2,1400,0.2,0
9,6,506,1,0,300,0.5,1700,0.5,1
9,7,695,2,10,5,0,500,0.6,1000,0.2,1400,0.2,1
9,8,517,2,10,5,0,500,0.6,1000,0.2,1400,0.2,2
9,9,328,1,0,300,0.5,1700,0.5,2
9,10,171,1,0,300,0.5,1700,0.5,0
9,11,727,1,0,300,0.5,1700,0.5,2
9,12,263,2,10,5,0,300,0.5,1700,0.5,0
9,13,565,0,0,300,0.5,1700,0.5,1
9,14,495,0,0,300,0.5,1700,0.5,0
9,15,846,0,0,300,0.5,1700,0.5,0
9,16,584,2,10,5,0,500,0.6,1000,0.2,1400,0.2,2
9,17,138,2,10,5,0,300,0.5,1700,0.5,2
9,18,727,0,0,300,0.5,1700,0.5,1
9,19,313,1,0,300,0.5,1700,0.5,1
10,0,321,1,0,300,0.5,1700,0.5,0
10,1,377,1,0,300,0.5,1700,0.5,1
10,2,689,2,10,5,0,500,0.6,1000,0.2,1400,0.2,0
10,3,308,2,10,5,0,500,0.6,1000,0.2,1400,0.2,0
10,4,646,1,0,500,0.6,1000,0.2,1400,0.2,0
10,5,567,1,0,300,0.5,1700,0.5,1
10,6,833,1,0,300,0.5,1700,0.5,0
10,7,366,2,10,5,0,500,0.6,1000,0.2,1400,0.2,2
10,8,255,0,0,500,0.6,1000,0.2,1400,0.2,0
10,9,93,1,0,500,0.6,1000,0.2,1400,0.2,2
10,10,262,0,0,500,0.6,1000,0.2,1400,0.2,1
10,11,427,0,0,300,0.5,1700,0.5,0
10,12,846,2,10,5,0,300,0.5,1700,0.5,1
10,13,699,1,0,500,0.6,1000,0.2,1400,0.2,1
10,14,960,0,0,500,0.6,1000,0.2,1400,0.2,2
10,15,992,0,0,500,0.6,1000,0.2,1400,0.2,0
10,16,705,1,0,300,0.5,1700,0.5,2
10,17,612,2,10,5,0,500,0.6,1000,0.2,1400,0.2,1
10,18,579,0,0,300,0.5,1700,0.5,1
10,19,288,0,0,500,0.6,1000,0.2,1400,0.2,2
11,0,76,0,0,300,0.5,1700,0.5,1
11,1,317,1,0,300,0.5,1700,0.5,1
11,2,952,0,0,500,0.6,1000,0.2,1400,0.2,0
11,3,307,1,0,300,0.5,1700,0.5,1
11,4,300,0,0,500,0.6,1000,0.2,1400,0.2,0
11,5,160,1,0,300,0.5,1700,0.5,2
11,6,836,2,10,5,0,300,0.5,1700,0.5,0
11,7,509,0,0,500,0.6,1000,0.2,1400,0.2,1
11,8,287,1,0,500,0.6,1000,0.2,1400,0.2,1
11,9,153,2,10,5,0,500,0.6,1000,0.2,1400,0.2,0
11,10,300,2,10,5,0,300,0.5,1700,0.5,2
11,11,798,1,0,300,0.5,1700,0.5,0
11,12,272,2,10,5,0,500,0.6,1000,0.2,1400,0.2,2
11,13,201,2,10,5,0,500,0.6,1000,0.2,1400,0.2,2
11,14,456,2,10,5,0,500,0.6,1000,0.2,1400,0.2,1
11,15,264,0,0,500,0.6,1000,0.2,1400,0.2,1
11,16,964,2,10,5,0,500,0.6,1000,0.2,1400,0.2,1
11,17,830,2,10,5,0,300,0.5,1700,0.5,0
11,18,171,1,0,500,0.6,1000,0.2,1400,0.2,1
11,19,608,0,0,500,0.6,1000,0.2,1400,0.2,0
12,0,423,0,0,500,0.6,1000,0.2,1400,0.2,2
12,1,873,0,0,300,0.5,1700,0.5,1
12,2,442,0,0,300,0.5,1700,0.5,0
12,3,168,2,10,5,0,500,0.6,1000,0.2,1400,0.2,1
12,4,865,1,0,300,0.5,1700,0.5,1
12,5,723,1,0,300,0.5,1700,0.5,0
12,6,811,2,10,5,0,500,0.6,1000,0.2,1400,0.2,2
12,7,591,0,0,300,0.5,1700,0.5,0
12,8,112,1,0,500,0.6,1000,0.2,1400,0.2,2
12,9,849,2,10,5,0,300,0.5,1700,0.5,0
12,10,538,1,0,300,0.5,1700,0.5,1
12,11,958,1,0,500,0.6,1000,0.2,1400,0.2,0
12,12,411,0,0,500,0.6,1000,0.2,1400,0.2,0
12,13,19,2,10,5,0,300,0.5,1700,0.5,2
12,14,611,1,0,300,0.5,1700,0.5,0
12,15,108,0,0,300,0.5,1700,0.5,0
12,16,45,0,0,500,0.6,1000,0.2,1400,0.2,2
12,17,675,0,0,500,0.6,1000,0.2,1400,0.2,2
12,18,993,1,0,300,0.5,1700,0.5,2
12,19,244,1,0,300,0.5,1700,0.5,0
13,0,681,0,0,300,0.5,1700,0.5,2
13,1,336,2,10,5,0,500,0.6,1000,0.2,1400,0.2,1
13,2,817,1,0,300,0.5,1700,0.5,2
13,3,536,2,10,5,0,500,0.6,1000,0.2,1400,0.2,0
13,4,453,0,0,500,0.6,1000,0.2,1400,0.2,0
13,5,916,0,0,300,0.5,1700,0.5,1
13,6,607,1,0,500,0.6,1000,0.2,1400,0.2,2
13,7,386,0,0,500,0.6,1000,0.2,1400,0.2,2
13,8,359,1,0,500,0.6,1000,0.2,1400,0.2,2
13,9,117,0,0,300,0.5,1700,0.5,0
13,10,295,2,10,5,0,300,0.5,1700,0.5,1
13,11,308,0,0,500,0.6,1000,0.2,1400,0.2,1
13,12,960,0,0,300,0.5,1700,0.5,1
13,13,272,2,10,5,0,500,0.6,1000,0.2,1400,0.2,1
13,14,168,2,10,5,0,500,0.6,1000,0.2,1400,0.2,2
13,15,848,1,0,500,0.6,1000,0.2,1400,0.2,0
13,16,916,1,0,300,0.5,1700,0.5,0
13,17,24,0,0,500,0.6,1000,0.2,1400,0.2,1
13,18,366,2,10,5,0,500,0.6,1000,0.2,1400,0.2,1
13,19,144,1,0,300,0.5,1700,0.5,2
14,0,351,0,0,300,0.5,1700,0.5,0
14,1,808,2,10,5,0,500,0.6,1000,0.2,1400,0.2,2
14,2,873,2,10,5,0,300,0.5,1700,0.5,0
14,3,280,1,0,500,0.6,1000,0.2,1400,0.2,0
14,4,739,2,10,5,0,500,0.6,1000,0.2,1400,0.2,0
14,5,351,2,10,5,0,500,0.6,1000,0.2,1400,0.2,2
14,6,372,2,10,5,0,500,0.6,1000,0.2,1400,0.2,2
14,7,585,1,0,500,0.6,1000,0.2,1400,0.2,1
14,8,201,0,0,500,0.6,1000,0.2,1400,0.2,0
14,9,340,1,0,500,0.6,1000,0.2,1400,0.2,2
14,10,798,2,10,5,0,500,0.6,1000,0.2,1400,0.2,0
14,11,706,2,10,5,0,300,0.5,1700,0.5,2
14,12,182,0,0,500,0.6,1000,0.2,1400,0.2,0
14,13,539,2,10,5,0,500,0.6,1000,0.2,1400,0.2,0
14,14,514,0,0,500,0.6,1000,0.2,1400,0.2,0
14,15,440,2,10,5,0,300,0.5,1700,0.5,2
14,16,40,1,0,500,0.6,1000,0.2,1400,0.2,0
14,17,190,2,10,5,0,300,0.5,1700,0.5,1
14,18,11,0,0,300,0.5,1700,0.5,0
14,19,880,0,0,500,0.6,1000,0.2,1400,0.2,0
15,0,356,1,0,300,0.5,1700,0.5,0
15,1,409,2,10,5,0,300,0.5,1700,0.5,2
15,2,458,2,10,5,0,300,0.5,1700,0.5,1
15,3,201,1,0,300,0.5,1700,0.5,2
15,4,599,2,10,5,0,500,0.6,1000,0.2,1400,0.2,1
15,5,301,0,0,500,0.6,1000,0.2,1400,0.2,0
15,6,578,0,0,500,0.6,1000,0.2,1400,0.2,1
15,7,94,1,0,300,0.5,1700,0.5,2
15,8,156,1,0,300,0.5,1700,0.5,1
15,9,478,1,0,300,0.5,1700,0.5,1
15,10,687,0,0,300,0.5,1700,0.5,2
15,11,606,1,0,500,0.6,1000,0.2,1400,0.2,2
15,12,437,1,0,300,0.5,1700,0.5,0
15,13,616,2,10,5,0,300,0.5,1700,0.5,1
15,14,761,1,0,500,0.6,1000,0.2,1400,0.2,1
15,15,411,1,0,500,0.6,1000,0.2,1400,0.2,1
15,16,343,2,10,5,0,500,0.6,1000,0.2,1400,0.2,2
15,17,648,1,0,500,0.6,1000,0.2,1400,0.2,1
15,18,51,2,10,5,0,300,0.5,1700,0.5,2
15,19,703,0,0,500,0.6,1000,0.2,1400,0.2,0
16,0,220,1,0,300,0.5,1700,0.5,1
16,1,962,2,10,5,0,500,0.6,1000,0.2,1400,0.2,0
16,2,996,2,10,5,0,500,0.6,1000,0.2,1400,0.2,2
16,3,606,0,0,500,0.6,1000,0.2,1400,0.2,1
16,4,153,0,0,500,0.6,1000,0.2,1400,0.2,2
16,5,509,0,0,300,0.5,1700,0.5,2
16,6,309,0,0,300,0.5,1700,0.5,1
16,7,286,2,10,5,0,300,0.5,1700,0.5,1
16,8,398,1,0,500,0.6,1000,0.2,1400,0.2,2
16,9,766,1,0,500,0.6,1000,0.2,1400,0.2,0
16,10,700,0,0,300,0.5,1700,0.5,0
16,11,77,2,10,5,0,500,0.6,1000,0.2,1400,0.2,0
16,12,216,1,0,300,0.5,1700,0.5,2
16,13,221,0,0,300,0.5,1700,0.5,0
16,14,407,2,10,5,0,300,0.5,1700,0.5,2
16,15,536,0,0,500,0.6,1000,0.2,1400,0.2,0
16,16,675,1,0,300,0.5,1700,0.5,0
16,17,738,0,0,500,0.6,1000,0.2,1400,0.2,1
16,18,867,1,0,300,0.5,1700,0.5,2
16,19,585,1,0,300,0.5,1700,0.5,2
17,0,645,1,0,300,0.5,1700,0.5,2
17,1,250,2,10,5,0,300,0.5,1700,0.5,2
17,2,587,2,10,5,0,300,0.5,1700,0.5,0
17,3,68,2,10,5,0,500,0.6,1000,0.2,1400,0.2,1
17,4,497,1,0,500,0.6,1000,0.2,1400,0.2,1
17,5,20,0,0,500,0.6,1000,0.2,1400,0.2,1
17,6,560,2,10,5,0,500,0.6,1000,0.2,1400,0.2,2
17,7,552,2,10,5,0,300,0.5,1700,0.5,1
17,8,332,0,0,300,0.5,1700,0.5,0
17,9,944,1,0,300,0.5,1700,0.5,2
17,10,554,0,0,300,0.5,1700,0.5,2
17,11,293,1,0,300,0.5,1700,0.5,0
17,12,48,0,0,300,0.5,1700,0.5,1
17,13,599,0,0,500,0.6,1000,0.2,1400,0.2,1
17,14,36,2,10,5,0,500,0.6,1000,0.2,1400,0.2,2
17,15,966,1,0,300,0.5,1700,0.5,0
17,16,87,2,10,5,0,300,0.5,1700,0.5,1
17,17,94,2,10,5,0,300,0.5,1700,0.5,1
17,18,552,1,0,500,0.6,1000,0.2,1400,0.2,2
17,19,297,0,0,500,0.6,1000,0.2,1400,0.2,0
18,0,851,2,10,5,0,300,0.5,1700,0.5,1
18,1,726,2,10,5,0,300,0.5,1700,0.5,2
18,2,452,2,10,5,0,300,0.5,1700,0.5,1
18,3,316,0,0,500,0.6,1000,0.2,1400,0.2,0
18,4,19,0,0,300,0.5,1700,0.5,2
18,5,166,2,10,5,0,300,0.5,1700,0.5,1
18,6,489,2,10,5,0,500,0.6,1000,0.2,1400,0.2,0
18,7,285,0,0,500,0.6,1000,0.2,1400,0.2,2
18,8,103,0,0,500,0.6,1000,0.2,1400,0.2,1
18,9,713,0,0,500,0.6,1000,0.2,1400,0.2,2
18,10,883,1,0,500,0.6,1000,0.2,1400,0.2,0
18,11,254,1,0,300,0.5,1700,0.5,2
18,12,735,2,10,5,0,500,0.6,1000,0.2,1400,0.2,1
18,13,278,2,10,5,0,500,0.6,1000,0.2,1400,0.2,2
18,14,111,1,0,500,0.6,1000,0.2,1400,0.2,0
18,15,478,1,0,500,0.6,1000,0.2,1400,0.2,1
18,16,864,0,0,500,0.6,1000,0.2,1400,0.2,0
18,17,885,2,10,5,0,300,0.5,1700,0.5,0
18,18,39,0,0,300,0.5,1700,0.5,2
18,19,434,2,10,5,0,300,0.5,1700,0.5,2
19,0,72,2,10,5,0,300,0.5,1700,0.5,2
19,1,688,0,0,500,0.6,1000,0.2,1400,0.2,1
19,2,170,2,10,5,0,300,0.5,1700,0.5,1
19,3,791,0,0,300,0.5,1700,0.5,1
19,4,149,1,0,300,0.5,1700,0.5,2
19,5,270,0,0,300,0.5,1700,0.5,0
19,6,530,2,10,5,0,300,0.5,1700,0.5,1
19,7,468,2,10,5,0,500,0.6,1000,0.2,1400,0.2,2
19,8,731,1,0,300,0.5,1700,0.5,1
19,9,426,2,10,5,0,300,0.5,1700,0.5,0
19,10,335,0,0,500,0.6,1000,0.2,1400,0.2,1
19,11,545,0,0,500,0.6,1000,0.2,1400,0.2,2
19,12,449,0,0,300,0.5,1700,0.5,1
19,13,219,1,0,300,0.5,1700,0.5,1
19,14,419,2,10,5,0,300,0.5,1700,0.5,2
19,15,149,2,10,5,0,500,0.6,1000,0.2,1400,0.2,2
19,16,734,1,0,500,0.6,1000,0.2,1400,0.2,2
19,17,785,2,10,5,0,500,0.6,1000,0.2,1400,0.2,1
19,18,432,1,0,300,0.5,1700,0.5,2
19,19,230,0,0,300,0.5,1700,0.5,1
