0,0,557,0,0,300,0.5,1700,0.5,0
0,1,662,2,10,5,0,300,0.5,1700,0.5,0
0,2,392,0,0,300,0.5,1700,0.5,0
0,3,36,0,0,300,0.5,1700,0.5,0
0,4,28,2,10,5,0,500,0.6,1000,0.2,1400,0.2,2
0,5,477,2,10,5,0,300,0.5,1700,0.5,0
0,6,774,1,0,300,0.5,1700,0.5,2
0,7,541,1,0,500,0.6,1000,0.2,1400,0.2,2
0,8,749,2,10,5,0,300,0.5,1700,0.5,2
0,9,170,1,0,500,0.6,1000,0.2,1400,0.2,0
0,10,885,1,0,500,0.6,1000,0.2,1400,0.2,2
0,11,912,2,10,5,0,300,0.5,1700,0.5,1
0,12,10,0,0,500,0.6,1000,0.2,1400,0.2,1
0,13,229,0,0,300,0.5,1700,0.5,2
0,14,894,2,10,5,0,500,0.6,1000,0.2,1400,0.2,2
0,15,818,2,10,5,0,500,0.6,1000,0.2,1400,0.2,1
0,16,465,1,0,500,0.6,1000,0.2,1400,0.2,1
0,17,466,2,10,5,0,500,0.6,1000,0.2,1400,0.2,1
0,18,39,0,0,500,0.6,1000,0.2,1400,0.2,0
0,19,36,1,0,500,0.6,1000,0.2,1400,0.2,0
1,0,345,1,0,300,0.5,1700,0.5,1
1,1,647,1,0,300,0.5,1700,0.5,1
1,2,244,1,0,300,0.5,1700,0.5,1
1,3,405,1,0,300,0.5,1700,0.5,1
1,4,404,1,0,300,0.5,1700,0.5,2
1,5,937,0,0,500,0.6,1000,0.2,1400,0.2,2
1,6,663,0,0,300,0.5,1700,0.5,2
1,7,461,2,10,5,0,500,0.6,1000,0.2,1400,0.2,1
1,8,241,0,0,500,0.6,1000,0.2,1400,0.2,1
1,9,150,1,0,300,0.5,1700,0.5,0
1,10,442,2,10,5,0,500,0.6,1000,0.2,1400,0.2,2
1,11,668,0,0,300,0.5,1700,0.5,1
1,12,573,0,0,300,0.5,1700,0.5,2
1,13,904,0,0,300,0.5,1700,0.5,0
1,14,189,2,10,5,0,300,0.5,1700,0.5,1
1,15,958,0,0,300,0.5,1700,0.5,0
1,16,683,0,0,500,0.6,1000,0.2,1400,0.2,1
1,17,880,1,0,300,0.5,1700,0.5,1
1,18,470,2,10,5,0,500,0.6,1000,0.2,1400,0.2,0
1,19,479,1,0,500,0.6,1000,0.2,1400,0.2,1
2,0,755,0,0,300,0.5,1700,0.5,0
2,1,488,2,10,5,0,500,0.6,1000,0.2,1400,0.2,2
2,2,622,2,10,5,0,500,0.6,1000,0.2,1400,0.2,0
2,3,549,2,10,5,0,500,0.6,1000,0.2,1400,0.2,0
2,4,765,1,0,300,0.5,1700,0.5,1
2,5,446,2,10,5,0,300,0.5,1700,0.5,0
2,6,46,0,0,300,0.5,1700,0.5,2
2,7,84,0,0,300,0.5,1700,0.5,1
2,8,811,0,0,300,0.5,1700,0.5,1
2,9,547,1,0,300,0.5,1700,0.5,2
2,10,131,0,0,300,0.5,1700,0.5,0
2,11,868,1,0,300,0.5,1700,0.5,2
2,12,584,0,0,500,0.6,1000,0.2,1400,0.2,2
2,13,90,1,0,500,0.6,1000,0.2,1400,0.2,0
2,14,469,2,10,5,0,500,0.6,1000,0.2,1400,0.2,1
2,15,935,1,0,300,0.5,1700,0.5,1
2,16,741,0,0,300,0.5,1700,0.5,2
2,17,563,1,0,500,0.6,1000,0.2,1400,0.2,1
2,18,584,2,10,5,0,300,0.5,1700,0.5,2
2,19,425,1,0,500,0.6,1000,0.2,1400,0.2,2
3,0,118,2,10,5,0,300,0.5,1700,0.5,1
3,1,967,1,0,500,0.6,1000,0.2,1400,0.2,1
3,2,648,0,0,500,0.6,1000,0.2,1400,0.2,1
3,3,592,2,10,5,0,500,0.6,1000,0.2,1400,0.2,2
3,4,893,0,0,500,0.6,1000,0.2,1400,0.2,0
3,5,69,2,10,5,0,300,0.5,1700,0.5,2
3,6,746,1,0,300,0.5,1700,0.5,1
3,7,108,0,0,300,0.5,1700,0.5,2
3,8,667,2,10,5,0,500,0.6,1000,0.2,1400,0.2,2
3,9,452,0,0,500,0.6,1000,0.2,1400,0.2,0
3,10,245,2,10,5,0,500,0.6,1000,0.2,1400,0.2,1
3,11,542,2,10,5,0,300,0.5,1700,0.5,2
3,12,839,2,10,5,0,500,0.6,1000,0.2,1400,0.2,0
3,13,344,1,0,500,0.6,1000,0.2,1400,0.2,2
3,14,995,1,0,500,0.6,1000,0.2,1400,0.2,2
3,15,651,2,10,5,0,300,0.5,1700,0.5,1
3,16,82,2,10,5,0,300,0.5,1700,0.5,1
3,17,664,0,0,300,0.5,1700,0.5,1
3,18,966,1,0,500,0.6,1000,0.2,1400,0.2,1
3,19,561,2,10,5,0,300,0.5,1700,0.5,0
4,0,531,2,10,5,0,500,0.6,1000,0.2,1400,0.2,0
4,1,543,1,0,300,0.5,1700,0.5,0
4,2,253,2,10,5,0,300,0.5,1700,0.5,0
4,3,429,0,0,300,0.5,1700,0.5,1
4,4,226,0,0,500,0.6,1000,0.2,1400,0.2,0
4,5,768,0,0,300,0.5,1700,0.5,1
4,6,840,1,0,500,0.6,1000,0.2,1400,0.2,2
4,7,724,0,0,500,0.6,1000,0.2,1400,0.2,0
4,8,282,2,10,5,0,500,0.6,1000,0.2,1400,0.2,0
4,9,467,1,0,300,0.5,1700,0.5,2
4,10,600,0,0,300,0.5,1700,0.5,2
4,11,39,1,0,500,0.6,1000,0.2,1400,0.2,0
4,12,759,0,0,300,0.5,1700,0.5,1
4,13,330,2,10,5,0,500,0.6,1000,0.2,1400,0.2,0
4,14,798,2,10,5,0,500,0.6,1000,0.2,1400,0.2,0
4,15,35,1,0,300,0.5,1700,0.5,1
4,16,236,2,10,5,0,300,0.5,1700,0.5,0
4,17,968,1,0,500,0.6,1000,0.2,1400,0.2,0
4,18,355,1,0,500,0.6,1000,0.2,1400,0.2,2
4,19,742,0,0,300,0.5,1700,0.5,1
5,0,625,1,0,500,0.6,1000,0.2,1400,0.2,0
5,1,260,2,10,5,0,300,0.5,1700,0.5,1
5,2,622,2,10,5,0,300,0.5,1700,0.5,1
5,3,564,0,0,300,0.5,1700,0.5,1
5,4,692,1,0,500,0.6,1000,0.2,1400,0.2,2
5,5,832,2,10,5,0,500,0.6,1000,0.2,1400,0.2,0
5,6,684,2,10,5,0,500,0.6,1000,0.2,1400,0.2,0
5,7,534,0,0,500,0.6,1000,0.2,1400,0.2,1
5,8,68,2,10,5,0,300,0.5,1700,0.5,0
5,9,68,1,0,500,0.6,1000,0.2,1400,0.2,0
5,10,787,1,0,500,0.6,1000,0.2,1400,0.2,0
5,11,202,2,10,5,0,300,0.5,1700,0.5,0
5,12,132,1,0,300,0.5,1700,0.5,0
5,13,681,1,0,300,0.5,1700,0.5,1
5,14,783,1,0,300,0.5,1700,0.5,0
5,15,457,2,10,5,0,300,0.5,1700,0.5,2
5,16,218,1,0,300,0.5,1700,0.5,2
5,17,160,0,0,300,0.5,1700,0.5,0
5,18,165,2,10,5,0,300,0.5,1700,0.5,2
5,19,607,1,0,500,0.6,1000,0.2,1400,0.2,0
6,0,500,2,10,5,0,300,0.5,1700,0.5,2
6,1,535,1,0,500,0.6,1000,0.2,1400,0.2,0
6,2,631,2,10,5,0,300,0.5,1700,0.5,1
6,3,760,2,10,5,0,300,0.5,1700,0.5,1
6,4,70,1,0,500,0.6,1000,0.2,1400,0.2,1
6,5,381,0,0,500,0.6,1000,0.2,1400,0.2,2
6,6,288,0,0,300,0.5,1700,0.5,2
6,7,530,2,10,5,0,300,0.5,1700,0.5,2
6,8,621,0,0,500,0.6,1000,0.2,1400,0.2,2
6,9,594,0,0,500,0.6,1000,0.2,1400,0.2,2
6,10,397,1,0,500,0.6,1000,0.2,1400,0.2,2
6,11,947,2,10,5,0,300,0.5,1700,0.5,0
6,12,922,1,0,500,0.6,1000,0.2,1400,0.2,1
6,13,907,2,10,5,0,300,0.5,1700,0.5,2
6,14,17,1,0,300,0.5,1700,0.5,1
6,15,408,2,10,5,0,300,0.5,1700,0.5,2
6,16,282,2,10,5,0,500,0.6,1000,0.2,1400,0.2,2
6,17,611,0,0,300,0.5,1700,0.5,2
6,18,358,2,10,5,0,300,0.5,1700,0.5,2
6,19,34,2,10,5,0,300,0.5,1700,0.5,0
7,0,935,2,10,5,0,300,0.5,1700,0.5,2
7,1,908,0,0,500,0.6,1000,0.2,1400,0.2,2
7,2,564,1,0,300,0.5,1700,0.5,2
7,3,922,0,0,300,0.5,1700,0.5,2
7,4,431,1,0,300,0.5,1700,0.5,2
7,5,311,1,0,300,0.5,1700,0.5,2
7,6,483,1,0,500,0.6,1000,0.2,1400,0.2,0
7,7,682,0,0,500,0.6,1000,0.2,1400,0.2,1
7,8,26,0,0,300,0.5,1700,0.5,1
7,9,895,2,10,5,0,500,0.6,1000,0.2,1400,0.2,1
7,10,532,2,10,5,0,500,0.6,1000,0.2,1400,0.2,0
7,11,468,0,0,300,0.5,1700,0.5,2
7,12,316,1,0,500,0.6,1000,0.2,1400,0.2,0
7,13,438,2,10,5,0,500,0.6,1000,0.2,1400,0.2,0
7,14,273,2,10,5,0,500,0.6,1000,0.2,1400,0.2,2
7,15,863,2,10,5,0,500,0.6,1000,0.2,1400,0.2,0
7,16,698,2,10,5,0,300,0.5,1700,0.5,0
7,17,506,0,0,300,0.5,1700,0.5,0
7,18,266,0,0,500,0.6,1000,0.2,1400,0.2,0
7,19,945,1,0,500,0.6,1000,0.2,1400,0.2,1
8,0,534,0,0,300,0.5,1700,0.5,2
8,1,292,1,0,500,0.6,1000,0.2,1400,0.2,2
8,2,103,2,10,5,0,300,0.5,1700,0.5,1
8,3,731,0,0,500,0.6,1000,0.2,1400,0.2,1
8,4,884,2,10,5,0,300,0.5,1700,0.5,2
8,5,459,2,10,5,0,500,0.6,1000,0.2,1400,0.2,0
8,6,159,1,0,300,0.5,1700,0.5,1
8,7,779,1,0,300,0.5,1700,0.5,0
8,8,609,1,0,300,0.5,1700,0.5,0
8,9,341,1,0,500,0.6,1000,0.2,1400,0.2,1
8,10,445,2,10,5,0,500,0.6,1000,0.2,1400,0.2,2
8,11,265,2,10,5,0,300,0.5,1700,0.5,0
8,12,542,2,10,5,0,500,0.6,1000,0.2,1400,0.2,2
8,13,67,0,0,500,0.6,1000,0.2,1400,0.2,0
8,14,222,1,0,500,0.6,1000,0.2,1400,0.2,2
8,15,70,2,10,5,0,300,0.5,1700,0.5,0
8,16,665,0,0,500,0.6,1000,0.2,1400,0.2,2
8,17,682,2,10,5,0,300,0.5,1700,0.5,1
8,18,418,0,0,300,0.5,1700,0.5,2
8,19,214,1,0,500,0.6,1000,0.2,1400,0.2,1
9,0,913,1,0,300,0.5,1700,0.5,1
9,1,878,2,10,5,0,500,0.6,1000,0.2,1400,0.2,0
9,2,782,2,10,5,0,500,0.6,1000,0.2,1400,0.2,0
9,3,882,0,0,500,0.6,1000,0.2,1400,0.2,1
9,4,288,0,0,500,0.6,1000,0.2,1400,0.2,0
9,5,23,1,0,500,0.6,1000,0.2,1400,0.2,2
9,6,797,0,0,300,0.5,1700,0.5,0
9,7,349,0,0,500,0.6,1000,0.2,1400,0.2,2
9,8,675,2,10,5,0,300,0.5,1700,0.5,1
9,9,963,2,10,5,0,500,0.6,1000,0.2,1400,0.2,1
9,10,809,1,0,300,0.5,1700,0.5,2
9,11,269,1,0,500,0.6,1000,0.2,1400,0.2,1
9,12,887,2,10,5,0,500,0.6,1000,0.2,1400,0.2,2
9,13,843,0,0,300,0.5,1700,0.5,0
9,14,321,0,0,300,0.5,1700,0.5,2
9,15,207,1,0,500,0.6,1000,0.2,1400,0.2,2
9,16,797,2,10,5,0,300,0.5,1700,0.5,0
9,17,504,1,0,500,0.6,1000,0.2,1400,0.2,1
9,18,320,1,0,300,0.5,1700,0.5,0
9,19,112,2,10,5,0,500,0.6,1000,0.2,1400,0.2,2
10,0,717,2,10,5,0,500,0.6,1000,0.2,1400,0.2,0
10,1,557,1,0,500,0.6,1000,0.2,1400,0.2,2
10,2,395,2,10,5,0,300,0.5,1700,0.5,1
10,3,986,0,0,300,0.5,1700,0.5,1
10,4,388,0,0,500,0.6,1000,0.2,1400,0.2,2
10,5,148,2,10,5,0,500,0.6,1000,0.2,1400,0.2,0
10,6,93,1,0,300,0.5,1700,0.5,0
10,7,726,0,0,300,0.5,1700,0.5,2
10,8,610,2,10,5,0,500,0.6,1000,0.2,1400,0.2,0
10,9,610,1,0,500,0.6,1000,0.2,1400,0.2,2
10,10,856,0,0,500,0.6,1000,0.2,1400,0.2,1
10,11,768,1,0,500,0.6,1000,0.2,1400,0.2,0
10,12,73,0,0,300,0.5,1700,0.5,2
10,13,335,0,0,300,0.5,1700,0.5,2
10,14,233,1,0,500,0.6,1000,0.2,1400,0.2,2
10,15,632,1,0,300,0.5,1700,0.5,1
10,16,811,2,10,5,0,500,0.6,1000,0.2,1400,0.2,2
10,17,194,2,10,5,0,500,0.6,1000,0.2,1400,0.2,1
10,18,126,1,0,300,0.5,1700,0.5,1
10,19,679,1,0,300,0.5,1700,0.5,1
11,0,38,2,10,5,0,300,0.5,1700,0.5,1
11,1,507,2,10,5,0,300,0.5,1700,0.5,1
11,2,589,1,0,500,0.6,1000,0.2,1400,0.2,0
11,3,737,1,0,500,0.6,1000,0.2,1400,0.2,2
11,4,131,1,0,300,0.5,1700,0.5,2
11,5,114,1,0,500,0.6,1000,0.2,1400,0.2,0
11,6,403,1,0,500,0.6,1000,0.2,1400,0.2,2
11,7,317,2,10,5,0,500,0.6,1000,0.2,1400,0.2,1
11,8,231,2,10,5,0,300,0.5,1700,0.5,1
11,9,728,0,0,300,0.5,1700,0.5,1
11,10,78,2,10,5,0,300,0.5,1700,0.5,0
11,11,448,1,0,300,0.5,1700,0.5,1
11,12,737,2,10,5,0,500,0.6,1000,0.2,1400,0.2,0
11,13,816,2,10,5,0,300,0.5,1700,0.5,1
11,14,680,0,0,500,0.6,1000,0.2,1400,0.2,0
11,15,853,1,0,300,0.5,1700,0.5,2
11,16,35,2,10,5,0,500,0.6,1000,0.2,1400,0.2,2
11,17,664,1,0,300,0.5,1700,0.5,1
11,18,37,0,0,500,0.6,1000,0.2,1400,0.2,0
11,19,961,1,0,300,0.5,1700,0.5,2
12,0,331,1,0,300,0.5,1700,0.5,2
12,1,604,0,0,300,0.5,1700,0.5,2
12,2,977,2,10,5,0,300,0.5,1700,0.5,2
12,3,97,2,10,5,0,500,0.6,1000,0.2,1400,0.2,1
12,4,77,0,0,500,0.6,1000,0.2,1400,0.2,2
12,5,891,1,0,500,0.6,1000,0.2,1400,0.2,2
12,6,67,0,0,500,0.6,1000,0.2,1400,0.2,2
12,7,792,1,0,300,0.5,1700,0.5,0
12,8,910,2,10,5,0,300,0.5,1700,0.5,0
12,9,262,2,10,5,0,300,0.5,1700,0.5,2
12,10,217,2,10,5,0,300,0.5,1700,0.5,0
12,11,467,0,0,300,0.5,1700,0.5,0
12,12,836,2,10,5,0,300,0.5,1700,0.5,1
12,13,981,0,0,500,0.6,1000,0.2,1400,0.2,0
12,14,628,2,10,5,0,300,0.5,1700,0.5,2
12,15,242,0,0,500,0.6,1000,0.2,1400,0.2,1
12,16,960,0,0,500,0.6,1000,0.2,1400,0.2,1
12,17,501,1,0,300,0.5,1700,0.5,2
12,18,488,1,0,500,0.6,1000,0.2,1400,0.2,2
12,19,762,1,0,300,0.5,1700,0.5,2
13,0,831,0,0,500,0.6,1000,0.2,1400,0.2,0
13,1,199,1,0,300,0.5,1700,0.5,1
13,2,728,2,10,5,0,300,0.5,1700,0.5,2
13,3,425,2,10,5,0,500,0.6,1000,0.2,1400,0.2,1
13,4,902,0,0,300,0.5,1700,0.5,0
13,5,818,2,10,5,0,300,0.5,1700,0.5,1
13,6,369,2,10,5,0,500,0.6,1000,0.2,1400,0.2,1
13,7,210,2,10,5,0,300,0.5,1700,0.5,0
13,8,46,0,0,300,0.5,1700,0.5,2
13,9,565,0,0,500,0.6,1000,0.2,1400,0.2,1
13,10,74,1,0,300,0.5,1700,0.5,1
13,11,196,0,0,500,0.6,1000,0.2,1400,0.2,2
13,12,51,0,0,300,0.5,1700,0.5,2
13,13,562,1,0,500,0.6,1000,0.2,1400,0.2,0
13,14,550,1,0,300,0.5,1700,0.5,0
13,15,724,0,0,500,0.6,1000,0.2,1400,0.2,0
13,16,786,0,0,300,0.5,1700,0.5,1
13,17,169,2,10,5,0,300,0.5,1700,0.5,2
13,18,403,1,0,300,0.5,1700,0.5,0
13,19,779,2,10,5,0,500,0.6,1000,0.2,1400,0.2,0
14,0,145,2,10,5,0,500,0.6,1000,0.2,1400,0.2,1
14,1,177,0,0,500,0.6,1000,0.2,1400,0.2,2
14,2,916,1,0,500,0.6,1000,0.2,1400,0.2,2
14,3,195,0,0,300,0.5,1700,0.5,2
14,4,99,0,0,500,0.6,1000,0.2,1400,0.2,2
14,5,226,2,10,5,0,300,0.5,1700,0.5,2
14,6,105,2,10,5,0,500,0.6,1000,0.2,1400,0.2,1
14,7,359,2,10,5,0,500,0.6,1000,0.2,1400,0.2,0
14,8,315,2,10,5,0,300,0.5,1700,0.5,1
14,9,291,1,0,300,0.5,1700,0.5,0
14,10,628,1,0,300,0.5,1700,0.5,2
14,11,729,2,10,5,0,300,0.5,1700,0.5,1
14,12,404,0,0,500,0.6,1000,0.2,1400,0.2,0
14,13,40,2,10,5,0,300,0.5,1700,0.5,2
14,14,361,0,0,500,0.6,1000,0.2,1400,0.2,1
14,15,229,2,10,5,0,300,0.5,1700,0.5,2
14,16,319,1,0,500,0.6,1000,0.2,1400,0.2,1
14,17,487,0,0,500,0.6,1000,0.2,1400,0.2,2
14,18,53,1,0,500,0.6,1000,0.2,1400,0.2,1
14,19,871,1,0,500,0.6,1000,0.2,1400,0.2,2
15,0,703,2,10,5,0,300,0.5,1700,0.5,1
15,1,295,1,0,300,0.5,1700,0.5,2
15,2,835,0,0,300,0.5,1700,0.5,2
15,3,489,0,0,500,0.6,1000,0.2,1400,0.2,0
15,4,352,0,0,300,0.5,1700,0.5,2
15,5,251,2,10,5,0,500,0.6,1000,0.2,1400,0.2,0
15,6,14,0,0,500,0.6,1000,0.2,1400,0.2,2
15,7,344,2,10,5,0,500,0.6,1000,0.2,1400,0.2,1
15,8,325,2,10,5,0,300,0.5,1700,0.5,2
15,9,163,0,0,300,0.5,1700,0.5,0
15,10,575,0,0,500,0.6,1000,0.2,1400,0.2,2
15,11,644,1,0,500,0.6,1000,0.2,1400,0.2,0
15,12,666,1,0,500,0.6,1000,0.2,1400,0.2,2
15,13,370,1,0,300,0.5,1700,0.5,2
15,14,320,1,0,500,0.6,1000,0.2,1400,0.2,2
15,15,251,2,10,5,0,500,0.6,1000,0.2,1400,0.2,2
15,16,401,1,0,500,0.6,1000,0.2,1400,0.2,2
15,17,218,2,10,5,0,300,0.5,1700,0.5,2
15,18,600,2,10,5,0,500,0.6,1000,0.2,1400,0.2,1
15,19,33,0,0,500,0.6,1000,0.2,1400,0.2,1
16,0,409,2,10,5,0,500,0.6,1000,0.2,1400,0.2,0
16,1,337,1,0,500,0.6,1000,0.2,1400,0.2,0
16,2,711,0,0,300,0.5,1700,0.5,2
16,3,798,2,10,5,0,500,0.6,1000,0.2,1400,0.2,1
16,4,513,2,10,5,0,300,0.5,1700,0.5,2
16,5,385,1,0,500,0.6,1000,0.2,1400,0.2,0
16,6,161,1,0,300,0.5,1700,0.5,1
16,7,264,1,0,300,0.5,1700,0.5,1
16,8,806,2,10,5,0,500,0.6,1000,0.2,1400,0.2,0
16,9,830,0,0,300,0.5,1700,0.5,1
16,10,162,1,0,500,0.6,1000,0.2,1400,0.2,2
16,11,427,1,0,500,0.6,1000,0.2,1400,0.2,1
16,12,877,1,0,500,0.6,1000,0.2,1400,0.2,2
16,13,550,2,10,5,0,300,0.5,1700,0.5,1
16,14,799,0,0,300,0.5,1700,0.5,1
16,15,78,0,0,300,0.5,1700,0.5,2
16,16,481,2,10,5,0,500,0.6,1000,0.2,1400,0.2,2
16,17,674,0,0,300,0.5,1700,0.5,0
16,18,808,1,0,500,0.6,1000,0.2,1400,0.2,0
16,19,171,0,0,500,0.6,1000,0.2,1400,0.2,0
17,0,72,0,0,500,0.6,1000,0.2,1400,0.2,0
17,1,455,2,10,5,0,500,0.6,1000,0.2,1400,0.2,2
17,2,98,0,0,300,0.5,1700,0.5,1
17,3,152,0,0,300,0.5,1700,0.5,2
17,4,620,0,0,300,0.5,1700,0.5,2
17,5,894,2,10,5,0,300,0.5,1700,0.5,0
17,6,853,2,10,5,0,500,0.6,1000,0.2,1400,0.2,1
17,7,377,2,10,5,0,500,0.6,1000,0.2,1400,0.2,1
17,8,305,1,0,300,0.5,1700,0.5,0
17,9,392,0,0,300,0.5,1700,0.5,0
17,10,79,2,10,5,0,500,0.6,1000,0.2,1400,0.2,0
17,11,784,1,0,300,0.5,1700,0.5,0
17,12,539,0,0,300,0.5,1700,0.5,0
17,13,326,2,10,5,0,500,0.6,1000,0.2,1400,0.2,0
17,14,328,1,0,500,0.6,1000,0.2,1400,0.2,2
17,15,987,2,10,5,0,300,0.5,1700,0.5,2
17,16,240,2,10,5,0,500,0.6,1000,0.2,1400,0.2,1
17,17,725,1,0,500,0.6,1000,0.2,1400,0.2,0
17,18,688,0,0,300,0.5,1700,0.5,2
17,19,105,2,10,5,0,300,0.5,1700,0.5,2
18,0,886,1,0,500,0.6,1000,0.2,1400,0.2,0
18,1,221,2,10,5,0,500,0.6,1000,0.2,1400,0.2,1
18,2,225,2,10,5,0,500,0.6,1000,0.2,1400,0.2,0
18,3,817,2,10,5,0,500,0.6,1000,0.2,1400,0.2,2
18,4,114,2,10,5,0,500,0.6,1000,0.2,1400,0.2,0
18,5,668,0,0,300,0.5,1700,0.5,2
18,6,616,1,0,500,0.6,1000,0.2,1400,0.2,2
18,7,584,0,0,500,0.6,1000,0.2,1400,0.2,1
18,8,123,1,0,300,0.5,1700,0.5,2
18,9,777,2,10,5,0,500,0.6,1000,0.2,1400,0.2,2
18,10,35,1,0,300,0.5,1700,0.5,1
18,11,636,0,0,500,0.6,1000,0.2,1400,0.2,0
18,12,772,0,0,300,0.5,1700,0.5,0
18,13,150,2,10,5,0,500,0.6,1000,0.2,1400,0.2,0
18,14,146,2,10,5,0,300,0.5,1700,0.5,1
18,15,939,1,0,300,0.5,1700,0.5,2
18,16,407,1,0,500,0.6,1000,0.2,1400,0.2,1
18,17,198,0,0,300,0.5,1700,0.5,0
18,18,829,0,0,300,0.5,1700,0.5,1
18,19,313,1,0,300,0.5,1700,0.5,2
19,0,638,0,0,300,0.5,1700,0.5,1
19,1,465,2,10,5,0,500,0.6,1000,0.2,1400,0.2,2
19,2,868,0,0,500,0.6,1000,0.2,1400,0.2,1
19,3,756,0,0,300,0.5,1700,0.5,1
19,4,954,2,10,5,0,300,0.5,1700,0.5,1
19,5,193,0,0,300,0.5,1700,0.5,1
19,6,818,2,10,5,0,300,0.5,1700,0.5,2
19,7,104,0,0,500,0.6,1000,0.2,1400,0.2,1
19,8,217,1,0,300,0.5,1700,0.5,1
19,9,342,2,10,5,0,300,0.5,1700,0.5,1
19,10,674,0,0,300,0.5,1700,0.5,1
19,11,684,1,0,300,0.5,1700,0.5,0
19,12,181,1,0,500,0.6,1000,0.2,1400,0.2,2
19,13,639,0,0,500,0.6,1000,0.2,1400,0.2,2
19,14,134,2,10,5,0,300,0.5,1700,0.5,0
19,15,350,2,10,5,0,300,0.5,1700,0.5,0
19,16,522,1,0,300,0.5,1700,0.5,1
19,17,92,0,0,500,0.6,1000,0.2,1400,0.2,2
19,18,317,2,10,5,0,500,0.6,1000,0.2,1400,0.2,0
19,19,902,1,0,300,0.5,1700,0.5,0
