0,0,896,1,0,300,0.5,1700,0.5,1
0,1,88,2,10,5,0,500,0.6,1000,0.2,1400,0.2,1
0,2,479,2,10,5,0,500,0.6,1000,0.2,1400,0.2,1
0,3,593,1,0,300,0.5,1700,0.5,2
0,4,48,1,0,500,0.6,1000,0.2,1400,0.2,0
0,5,12,2,10,5,0,500,0.6,1000,0.2,1400,0.2,1
0,6,271,0,0,300,0.5,1700,0.5,0
0,7,282,2,10,5,0,300,0.5,1700,0.5,2
0,8,906,0,0,500,0.6,1000,0.2,1400,0.2,1
0,9,541,0,0,300,0.5,1700,0.5,1
0,10,882,1,0,500,0.6,1000,0.2,1400,0.2,1
0,11,68,2,10,5,0,300,0.5,1700,0.5,2
0,12,44,1,0,500,0.6,1000,0.2,1400,0.2,0
0,13,510,1,0,300,0.5,1700,0.5,2
0,14,964,2,10,5,0,300,0.5,1700,0.5,0
0,15,394,2,10,5,0,300,0.5,1700,0.5,1
0,16,756,1,0,300,0.5,1700,0.5,0
0,17,693,0,0,300,0.5,1700,0.5,1
0,18,501,0,0,300,0.5,1700,0.5,2
0,19,326,1,0,500,0.6,1000,0.2,1400,0.2,1
1,0,833,2,10,5,0,500,0.6,1000,0.2,1400,0.2,2
1,1,705,0,0,300,0.5,1700,0.5,1
1,2,732,1,0,300,0.5,1700,0.5,2
1,3,338,1,0,500,0.6,1000,0.2,1400,0.2,0
1,4,284,1,0,300,0.5,1700,0.5,2
1,5,578,1,0,500,0.6,1000,0.2,1400,0.2,2
1,6,410,0,0,300,0.5,1700,0.5,1
1,7,334,1,0,300,0.5,1700,0.5,0
1,8,781,2,10,5,0,300,0.5,1700,0.5,1
1,9,56,1,0,500,0.6,1000,0.2,1400,0.2,0
1,10,974,2,10,5,0,300,0.5,1700,0.5,2
1,11,204,1,0,500,0.6,1000,0.2,1400,0.2,0
1,12,966,0,0,500,0.6,1000,0.2,1400,0.2,1
1,13,830,1,0,500,0.6,1000,0.2,1400,0.2,2
1,14,214,1,0,300,0.5,1700,0.5,1
1,15,91,1,0,500,0.6,1000,0.2,1400,0.2,0
1,16,915,0,0,500,0.6,1000,0.2,1400,0.2,2
1,17,198,2,10,5,0,300,0.5,1700,0.5,2
1,18,687,0,0,300,0.5,1700,0.5,1
1,19,760,2,10,5,0,500,0.6,1000,0.2,1400,0.2,1
2,0,718,2,10,5,0,300,0.5,1700,0.5,0
2,1,890,2,10,5,0,500,0.6,1000,0.2,1400,0.2,1
2,2,776,0,0,500,0.6,1000,0.2,1400,0.2,2
2,3,393,1,0,300,0.5,1700,0.5,0
2,4,860,1,0,500,0.6,1000,0.2,1400,0.2,2
2,5,490,1,0,500,0.6,1000,0.2,1400,0.2,1
2,6,342,1,0,500,0.6,1000,0.2,1400,0.2,1
2,7,279,0,0,300,0.5,1700,0.5,1
2,8,626,2,10,5,0,300,0.5,1700,0.5,0
2,9,161,1,0,500,0.6,1000,0.2,1400,0.2,0
2,10,256,0,0,500,0.6,1000,0.2,1400,0.2,1
2,11,592,0,0,500,0.6,1000,0.2,1400,0.2,0
2,12,72,2,10,5,0,500,0.6,1000,0.2,1400,0.2,2
2,13,508,0,0,500,0.6,1000,0.2,1400,0.2,2
2,14,929,2,10,5,0,300,0.5,1700,0.5,2
2,15,431,0,0,500,0.6,1000,0.2,1400,0.2,2
2,16,28,1,0,500,0.6,1000,0.2,1400,0.2,0
2,17,522,1,0,300,0.5,1700,0.5,1
2,18,68,0,0,300,0.5,1700,0.5,2
2,19,176,0,0,300,0.5,1700,0.5,1
3,0,781,2,10,5,0,300,0.5,1700,0.5,0
3,1,858,0,0,500,0.6,1000,0.2,1400,0.2,2
3,2,765,2,10,5,0,300,0.5,1700,0.5,2
3,3,294,2,10,5,0,300,0.5,1700,0.5,1
3,4,950,2,10,5,0,300,0.5,1700,0.5,1
3,5,736,2,10,5,0,500,0.6,1000,0.2,1400,0.2,1
3,6,149,2,10,5,0,500,0.6,1000,0.2,1400,0.2,2
3,7,853,0,0,500,0.6,1000,0.2,1400,0.2,2
3,8,257,0,0,300,0.5,1700,0.5,1
3,9,843,1,0,300,0.5,1700,0.5,1
3,10,781,0,0,500,0.6,1000,0.2,1400,0.2,0
3,11,262,2,10,5,0,300,0.5,1700,0.5,2
3,12,887,2,10,5,0,300,0.5,1700,0.5,2
3,13,298,1,0,500,0.6,1000,0.2,1400,0.2,2
3,14,857,2,10,5,0,500,0.6,1000,0.2,1400,0.2,1
3,15,773,1,0,500,0.6,1000,0.2,1400,0.2,0
3,16,180,0,0,300,0.5,1700,0.5,0
3,17,412,1,0,500,0.6,1000,0.2,1400,0.2,0
3,18,720,0,0,500,0.6,1000,0.2,1400,0.2,1
3,19,583,1,0,300,0.5,1700,0.5,0
4,0,697,1,0,500,0.6,1000,0.2,1400,0.2,2
4,1,373,2,10,5,0,500,0.6,1000,0.2,1400,0.2,2
4,2,968,1,0,300,0.5,1700,0.5,0
4,3,102,1,0,300,0.5,1700,0.5,2
4,4,431,0,0,500,0.6,1000,0.2,1400,0.2,1
4,5,89,2,10,5,0,500,0.6,1000,0.2,1400,0.2,1
4,6,342,1,0,300,0.5,1700,0.5,0
4,7,466,0,0,500,0.6,1000,0.2,1400,0.2,1
4,8,286,1,0,500,0.6,1000,0.2,1400,0.2,2
4,9,623,0,0,300,0.5,1700,0.5,2
4,10,929,1,0,300,0.5,1700,0.5,0
4,11,659,2,10,5,0,300,0.5,1700,0.5,0
4,12,637,1,0,500,0.6,1000,0.2,1400,0.2,0
4,13,446,1,0,300,0.5,1700,0.5,1
4,14,897,1,0,300,0.5,1700,0.5,2
4,15,700,1,0,500,0.6,1000,0.2,1400,0.2,1
4,16,576,1,0,300,0.5,1700,0.5,0
4,17,218,0,0,500,0.6,1000,0.2,1400,0.2,0
4,18,806,0,0,300,0.5,1700,0.5,0
4,19,479,1,0,500,0.6,1000,0.2,1400,0.2,2
5,0,559,1,0,300,0.5,1700,0.5,2
5,1,493,0,0,500,0.6,1000,0.2,1400,0.2,1
5,2,923,1,0,500,0.6,1000,0.2,1400,0.2,2
5,3,408,0,0,500,0.6,1000,0.2,1400,0.2,1
5,4,494,1,0,500,0.6,1000,0.2,1400,0.2,1
5,5,518,0,0,300,0.5,1700,0.5,0
5,6,899,0,0,300,0.5,1700,0.5,2
5,7,141,0,0,300,0.5,1700,0.5,2
5,8,307,1,0,500,0.6,1000,0.2,1400,0.2,2
5,9,361,1,0,500,0.6,1000,0.2,1400,0.2,1
5,10,390,0,0,500,0.6,1000,0.2,1400,0.2,0
5,11,284,1,0,300,0.5,1700,0.5,0
5,12,700,1,0,500,0.6,1000,0.2,1400,0.2,2
5,13,511,2,10,5,0,300,0.5,1700,0.5,0
5,14,391,1,0,300,0.5,1700,0.5,1
5,15,81,0,0,300,0.5,1700,0.5,1
5,16,160,1,0,300,0.5,1700,0.5,1
5,17,511,1,0,300,0.5,1700,0.5,1
5,18,488,1,0,300,0.5,1700,0.5,1
5,19,244,1,0,500,0.6,1000,0.2,1400,0.2,0
6,0,592,2,10,5,0,500,0.6,1000,0.2,1400,0.2,2
6,1,680,0,0,500,0.6,1000,0.2,1400,0.2,0
6,2,595,1,0,300,0.5,1700,0.5,1
6,3,476,2,10,5,0,500,0.6,1000,0.2,1400,0.2,2
6,4,817,2,10,5,0,500,0.6,1000,0.2,1400,0.2,0
6,5,370,0,0,500,0.6,1000,0.2,1400,0.2,1
6,6,422,1,0,500,0.6,1000,0.2,1400,0.2,1
6,7,366,2,10,5,0,300,0.5,1700,0.5,1
6,8,730,1,0,300,0.5,1700,0.5,2
6,9,663,0,0,300,0.5,1700,0.5,1
6,10,674,0,0,300,0.5,1700,0.5,0
6,11,851,1,0,300,0.5,1700,0.5,0
6,12,609,0,0,300,0.5,1700,0.5,2
6,13,664,1,0,300,0.5,1700,0.5,1
6,14,537,1,0,500,0.6,1000,0.2,1400,0.2,2
6,15,610,2,10,5,0,300,0.5,1700,0.5,1
6,16,707,0,0,300,0.5,1700,0.5,1
6,17,624,0,0,500,0.6,1000,0.2,1400,0.2,2
6,18,837,0,0,500,0.6,1000,0.2,1400,0.2,2
6,19,514,2,10,5,0,500,0.6,1000,0.2,1400,0.2,0
7,0,950,1,0,300,0.5,1700,0.5,2
7,1,673,2,10,5,0,300,0.5,1700,0.5,1
7,2,13,0,0,500,0.6,1000,0.2,1400,0.2,0
7,3,138,1,0,500,0.6,1000,0.2,1400,0.2,2
7,4,42,1,0,500,0.6,1000,0.2,1400,0.2,0
7,5,363,1,0,500,0.6,1000,0.2,1400,0.2,2
7,6,77,0,0,500,0.6,1000,0.2,1400,0.2,2
7,7,234,1,0,300,0.5,1700,0.5,0
7,8,357,1,0,300,0.5,1700,0.5,2
7,9,934,2,10,5,0,500,0.6,1000,0.2,1400,0.2,1
7,10,618,2,10,5,0,500,0.6,1000,0.2,1400,0.2,1
7,11,75,1,0,300,0.5,1700,0.5,2
7,12,728,1,0,300,0.5,1700,0.5,0
7,13,535,2,10,5,0,300,0.5,1700,0.5,0
7,14,672,0,0,500,0.6,1000,0.2,1400,0.2,2
7,15,466,2,10,5,0,300,0.5,1700,0.5,1
7,16,231,0,0,300,0.5,1700,0.5,0
7,17,756,2,10,5,0,300,0.5,1700,0.5,1
7,18,428,2,10,5,0,500,0.6,1000,0.2,1400,0.2,1
7,19,357,0,0,300,0.5,1700,0.5,1
8,0,726,0,0,300,0.5,1700,0.5,0
8,1,785,0,0,500,0.6,1000,0.2,1400,0.2,2
8,2,488,1,0,300,0.5,1700,0.5,2
8,3,218,2,10,5,0,300,0.5,1700,0.5,0
8,4,699,0,0,500,0.6,1000,0.2,1400,0.2,2
8,5,903,2,10,5,0,500,0.6,1000,0.2,1400,0.2,2
8,6,581,0,0,300,0.5,1700,0.5,0
8,7,546,2,10,5,0,500,0.6,1000,0.2,1400,0.2,1
8,8,402,0,0,500,0.6,1000,0.2,1400,0.2,0
8,9,789,1,0,300,0.5,1700,0.5,0
8,10,682,0,0,300,0.5,1700,0.5,0
8,11,561,2,10,5,0,300,0.5,1700,0.5,1
8,12,673,1,0,500,0.6,1000,0.2,1400,0.2,1
8,13,466,0,0,500,0.6,1000,0.2,1400,0.2,2
8,14,144,2,10,5,0,500,0.6,1000,0.2,1400,0.2,0
8,15,879,1,0,500,0.6,1000,0.2,1400,0.2,0
8,16,516,0,0,300,0.5,1700,0.5,1
8,17,409,1,0,500,0.6,1000,0.2,1400,0.2,0
8,18,738,2,10,5,0,500,0.6,1000,0.2,1400,0.2,2
8,19,641,2,10,5,0,500,0.6,1000,0.2,1400,0.2,1
9,0,76,0,0,300,0.5,1700,0.5,1
9,1,311,2,10,5,0,300,0.5,1700,0.5,0
9,2,960,1,0,500,0.6,1000,0.2,1400,0.2,2
9,3,760,1,0,500,0.6,1000,0.2,1400,0.2,2
9,4,196,2,10,5,0,500,0.6,1000,0.2,1400,0.2,0
9,5,789,1,0,500,0.6,1000,0.2,1400,0.2,1
9,6,181,1,0,500,0.6,1000,0.2,1400,0.2,0
9,7,607,0,0,300,0.5,1700,0.5,2
9,8,594,1,0,300,0.5,1700,0.5,1
9,9,659,2,10,5,0,300,0.5,1700,0.5,2
9,10,261,0,0,300,0.5,1700,0.5,1
9,11,170,0,0,500,0.6,1000,0.2,1400,0.2,0
9,12,957,0,0,300,0.5,1700,0.5,2
9,13,730,0,0,300,0.5,1700,0.5,0
9,14,331,0,0,500,0.6,1000,0.2,1400,0.2,0
9,15,428,2,10,5,0,500,0.6,1000,0.2,1400,0.2,1
9,16,392,2,10,5,0,500,0.6,1000,0.2,1400,0.2,2
9,17,507,2,10,5,0,500,0.6,1000,0.2,1400,0.2,0
9,18,274,2,10,5,0,300,0.5,1700,0.5,0
9,19,370,0,0,500,0.6,1000,0.2,1400,0.2,2
10,0,683,0,0,300,0.5,1700,0.5,2
10,1,731,1,0,500,0.6,1000,0.2,1400,0.2,1
10,2,847,0,0,500,0.6,1000,0.2,1400,0.2,2
10,3,513,2,10,5,0,300,0.5,1700,0.5,1
10,4,773,1,0,300,0.5,1700,0.5,0
10,5,863,2,10,5,0,300,0.5,1700,0.5,2
10,6,949,1,0,300,0.5,1700,0.5,0
10,7,702,2,10,5,0,300,0.5,1700,0.5,0
10,8,199,0,0,500,0.6,1000,0.2,1400,0.2,0
10,9,954,0,0,300,0.5,1700,0.5,0
10,10,784,2,10,5,0,500,0.6,1000,0.2,1400,0.2,0
10,11,303,2,10,5,0,300,0.5,1700,0.5,1
10,12,754,0,0,300,0.5,1700,0.5,0
10,13,174,2,10,5,0,300,0.5,1700,0.5,1
10,14,361,0,0,300,0.5,1700,0.5,1
10,15,741,1,0,300,0.5,1700,0.5,1
10,16,678,1,0,300,0.5,1700,0.5,1
10,17,573,0,0,500,0.6,1000,0.2,1400,0.2,2
10,18,895,0,0,500,0.6,1000,0.2,1400,0.2,2
10,19,720,0,0,500,0.6,1000,0.2,1400,0.2,0
11,0,490,1,0,500,0.6,1000,0.2,1400,0.2,2
11,1,446,2,10,5,0,500,0.6,1000,0.2,1400,0.2,1
11,2,951,2,10,5,0,500,0.6,1000,0.2,1400,0.2,0
11,3,849,2,10,5,0,300,0.5,1700,0.5,2
11,4,392,2,10,5,0,500,0.6,1000,0.2,1400,0.2,2
11,5,45,0,0,300,0.5,1700,0.5,1
11,6,363,0,0,300,0.5,1700,0.5,1
11,7,449,2,10,5,0,300,0.5,1700,0.5,0
11,8,351,2,10,5,0,300,0.5,1700,0.5,2
11,9,695,0,0,500,0.6,1000,0.2,1400,0.2,0
11,10,364,0,0,500,0.6,1000,0.2,1400,0.2,0
11,11,470,0,0,300,0.5,1700,0.5,2
11,12,430,2,10,5,0,500,0.6,1000,0.2,1400,0.2,1
11,13,979,2,10,5,0,500,0.6,1000,0.2,1400,0.2,1
11,14,958,1,0,500,0.6,1000,0.2,1400,0.2,2
11,15,253,2,10,5,0,500,0.6,1000,0.2,1400,0.2,1
11,16,797,1,0,500,0.6,1000,0.2,1400,0.2,0
11,17,512,2,10,5,0,500,0.6,1000,0.2,1400,0.2,2
11,18,246,0,0,500,0.6,1000,0.2,1400,0.2,2
11,19,561,1,0,300,0.5,1700,0.5,2
12,0,563,2,10,5,0,300,0.5,1700,0.5,2
12,1,496,1,0,500,0.6,1000,0.2,1400,0.2,2
12,2,634,0,0,300,0.5,1700,0.5,1
12,3,686,1,0,300,0.5,1700,0.5,0
12,4,723,2,10,5,0,500,0.6,1000,0.2,1400,0.2,0
12,5,283,1,0,300,0.5,1700,0.5,1
12,6,120,0,0,300,0.5,1700,0.5,0
12,7,456,2,10,5,0,300,0.5,1700,0.5,2
12,8,961,2,10,5,0,300,0.5,1700,0.5,0
12,9,828,0,0,300,0.5,1700,0.5,0
12,10,315,1,0,500,0.6,1000,0.2,1400,0.2,2
12,11,741,2,10,5,0,300,0.5,1700,0.5,1
12,12,86,0,0,300,0.5,1700,0.5,2
12,13,698,0,0,300,0.5,1700,0.5,0
12,14,430,1,0,300,0.5,1700,0.5,1
12,15,845,1,0,300,0.5,1700,0.5,0
12,16,747,2,10,5,0,500,0.6,1000,0.2,1400,0.2,1
12,17,338,0,0,500,0.6,1000,0.2,1400,0.2,1
12,18,81,2,10,5,0,300,0.5,1700,0.5,0
12,19,753,0,0,500,0.6,1000,0.2,1400,0.2,2
13,0,331,1,0,500,0.6,1000,0.2,1400,0.2,1
13,1,36,2,10,5,0,500,0.6,1000,0.2,1400,0.2,2
13,2,181,2,10,5,0,500,0.6,1000,0.2,1400,0.2,1
13,3,301,1,0,300,0.5,1700,0.5,2
13,4,437,2,10,5,0,300,0.5,1700,0.5,1
13,5,671,1,0,500,0.6,1000,0.2,1400,0.2,1
13,6,924,1,0,300,0.5,1700,0.5,0
13,7,105,0,0,500,0.6,1000,0.2,1400,0.2,1
13,8,89,1,0,300,0.5,1700,0.5,0
13,9,45,2,10,5,0,300,0.5,1700,0.5,0
13,10,493,2,10,5,0,500,0.6,1000,0.2,1400,0.2,0
13,11,85,2,10,5,0,300,0.5,1700,0.5,1
13,12,229,0,0,300,0.5,1700,0.5,0
13,13,221,1,0,300,0.5,1700,0.5,2
13,14,244,0,0,500,0.6,1000,0.2,1400,0.2,1
13,15,971,0,0,500,0.6,1000,0.2,1400,0.2,2
13,16,542,2,10,5,0,300,0.5,1700,0.5,0
13,17,837,0,0,500,0.6,1000,0.2,1400,0.2,0
13,18,146,1,0,300,0.5,1700,0.5,1
13,19,499,2,10,5,0,300,0.5,1700,0.5,0
14,0,987,1,0,500,0.6,1000,0.2,1400,0.2,0
14,1,102,1,0,300,0.5,1700,0.5,1
14,2,72,1,0,500,0.6,1000,0.2,1400,0.2,1
14,3,256,2,10,5,0,300,0.5,1700,0.5,0
14,4,436,2,10,5,0,500,0.6,1000,0.2,1400,0.2,0
14,5,349,2,10,5,0,300,0.5,1700,0.5,0
14,6,962,2,10,5,0,500,0.6,1000,0.2,1400,0.2,0
14,7,16,1,0,300,0.5,1700,0.5,2
14,8,790,1,0,300,0.5,1700,0.5,1
14,9,158,1,0,500,0.6,1000,0.2,1400,0.2,2
14,10,110,2,10,5,0,500,0.6,1000,0.2,1400,0.2,2
14,11,950,1,0,500,0.6,1000,0.2,1400,0.2,1
14,12,826,2,10,5,0,500,0.6,1000,0.2,1400,0.2,0
14,13,819,2,10,5,0,300,0.5,1700,0.5,2
14,14,324,0,0,500,0.6,1000,0.2,1400,0.2,0
14,15,288,0,0,300,0.5,1700,0.5,1
14,16,762,1,0,500,0.6,1000,0.2,1400,0.2,0
14,17,67,0,0,300,0.5,1700,0.5,2
14,18,220,0,0,500,0.6,1000,0.2,1400,0.2,1
14,19,124,0,0,300,0.5,1700,0.5,0
15,0,477,1,0,500,0.6,1000,0.2,1400,0.2,2
15,1,769,0,0,300,0.5,1700,0.5,1
15,2,620,0,0,500,0.6,1000,0.2,1400,0.2,2
15,3,540,2,10,5,0,300,0.5,1700,0.5,1
15,4,444,2,10,5,0,300,0.5,1700,0.5,0
15,5,405,2,10,5,0,500,0.6,1000,0.2,1400,0.2,1
15,6,255,0,0,500,0.6,1000,0.2,1400,0.2,0
15,7,906,2,10,5,0,300,0.5,1700,0.5,0
15,8,333,2,10,5,0,300,0.5,1700,0.5,2
15,9,865,0,0,300,0.5,1700,0.5,2
15,10,854,2,10,5,0,300,0.5,1700,0.5,1
15,11,181,1,0,500,0.6,1000,0.2,1400,0.2,1
15,12,355,0,0,500,0.6,1000,0.2,1400,0.2,0
15,13,132,0,0,500,0.6,1000,0.2,1400,0.2,2
15,14,90,0,0,300,0.5,1700,0.5,1
15,15,816,0,0,300,0.5,1700,0.5,0
15,16,639,1,0,300,0.5,1700,0.5,1
15,17,836,2,10,5,0,500,0.6,1000,0.2,1400,0.2,0
15,18,695,0,0,500,0.6,1000,0.2,1400,0.2,1
15,19,404,2,10,5,0,300,0.5,1700,0.5,1
16,0,297,1,0,500,0.6,1000,0.2,1400,0.2,1
16,1,455,0,0,300,0.5,1700,0.5,2
16,2,41,0,0,300,0.5,1700,0.5,1
16,3,923,2,10,5,0,500,0.6,1000,0.2,1400,0.2,2
16,4,837,2,10,5,0,500,0.6,1000,0.2,1400,0.2,1
16,5,875,2,10,5,0,500,0.6,1000,0.2,1400,0.2,0
16,6,722,2,10,5,0,500,0.6,1000,0.2,1400,0.2,1
16,7,24,0,0,300,0.5,1700,0.5,0
16,8,77,2,10,5,0,300,0.5,1700,0.5,1
16,9,992,0,0,300,0.5,1700,0.5,2
16,10,576,1,0,500,0.6,1000,0.2,1400,0.2,2
16,11,485,0,0,300,0.5,1700,0.5,0
16,12,183,0,0,300,0.5,1700,0.5,1
16,13,468,1,0,300,0.5,1700,0.5,1
16,14,621,2,10,5,0,500,0.6,1000,0.2,1400,0.2,1
16,15,251,1,0,300,0.5,1700,0.5,0
16,16,913,0,0,300,0.5,1700,0.5,1
16,17,96,0,0,500,0.6,1000,0.2,1400,0.2,2
16,18,991,0,0,300,0.5,1700,0.5,2
16,19,678,2,10,5,0,300,0.5,1700,0.5,0
17,0,57,0,0,300,0.5,1700,0.5,1
17,1,637,2,10,5,0,500,0.6,1000,0.2,1400,0.2,0
17,2,194,2,10,5,0,500,0.6,1000,0.2,1400,0.2,0
17,3,907,0,0,500,0.6,1000,0.2,1400,0.2,0
17,4,980,0,0,300,0.5,1700,0.5,2
17,5,152,1,0,500,0.6,1000,0.2,1400,0.2,0
17,6,636,2,10,5,0,300,0.5,1700,0.5,2
17,7,580,0,0,500,0.6,1000,0.2,1400,0.2,2
17,8,810,0,0,500,0.6,1000,0.2,1400,0.2,1
17,9,403,0,0,300,0.5,1700,0.5,2
17,10,570,0,0,300,0.5,1700,0.5,0
17,11,964,0,0,300,0.5,1700,0.5,1
17,12,45,0,0,300,0.5,1700,0.5,2
17,13,626,1,0,500,0.6,1000,0.2,1400,0.2,2
17,14,510,2,10,5,0,300,0.5,1700,0.5,0
17,15,553,0,0,500,0.6,1000,0.2,1400,0.2,2
17,16,764,0,0,300,0.5,1700,0.5,2
17,17,59,0,0,300,0.5,1700,0.5,1
17,18,205,0,0,500,0.6,1000,0.2,1400,0.2,1
17,19,830,0,0,500,0.6,1000,0.2,1400,0.2,0
18,0,873,1,0,300,0.5,1700,0.5,2
18,1,353,1,0,300,0.5,1700,0.5,2
18,2,105,0,0,300,0.5,1700,0.5,1
18,3,184,2,10,5,0,500,0.6,1000,0.2,1400,0.2,1
18,4,500,0,0,300,0.5,1700,0.5,1
18,5,713,1,0,500,0.6,1000,0.2,1400,0.2,0
18,6,714,1,0,300,0.5,1700,0.5,2
18,7,755,1,0,300,0.5,1700,0.5,1
18,8,681,0,0,300,0.5,1700,0.5,1
18,9,973,0,0,300,0.5,1700,0.5,2
18,10,254,0,0,300,0.5,1700,0.5,1
18,11,724,0,0,300,0.5,1700,0.5,1
18,12,679,0,0,300,0.5,1700,0.5,1
18,13,583,1,0,500,0.6,1000,0.2,1400,0.2,1
18,14,196,0,0,500,0.6,1000,0.2,1400,0.2,1
18,15,325,1,0,500,0.6,1000,0.2,1400,0.2,1
18,16,198,1,0,500,0.6,1000,0.2,1400,0.2,2
18,17,138,2,10,5,0,500,0.6,1000,0.2,1400,0.2,1
18,18,469,0,0,300,0.5,1700,0.5,0
18,19,966,0,0,500,0.6,1000,0.2,1400,0.2,2
19,0,571,1,0,300,0.5,1700,0.5,1
19,1,430,0,0,300,0.5,1700,0.5,2
19,2,732,1,0,500,0.6,1000,0.2,1400,0.2,2
19,3,721,1,0,500,0.6,1000,0.2,1400,0.2,2
19,4,341,0,0,500,0.6,1000,0.2,1400,0.2,2
19,5,343,1,0,500,0.6,1000,0.2,1400,0.2,2
19,6,819,2,10,5,0,300,0.5,1700,0.5,2
19,7,841,1,0,500,0.6,1000,0.2,1400,0.2,1
19,8,833,0,0,300,0.5,1700,0.5,1
19,9,559,0,0,500,0.6,1000,0.2,1400,0.2,1
19,10,48,1,0,500,0.6,1000,0.2,1400,0.2,2
19,11,397,2,10,5,0,300,0.5,1700,0.5,0
19,12,82,2,10,5,0,500,0.6,1000,0.2,1400,0.2,1
19,13,948,0,0,300,0.5,1700,0.5,2
19,14,869,0,0,300,0.5,1700,0.5,1
19,15,502,1,0,300,0.5,1700,0.5,0
19,16,275,0,0,500,0.6,1000,0.2,1400,0.2,2
19,17,695,0,0,300,0.5,1700,0.5,1
19,18,815,2,10,5,0,300,0.5,1700,0.5,0
19,19,607,2,10,5,0,300,0.5,1700,0.5,2
