0,0,467,0,0,500,0.6,1000,0.2,1400,0.2,1
0,1,259,1,0,300,0.5,1700,0.5,2
0,2,747,1,0,500,0.6,1000,0.2,1400,0.2,2
0,3,896,1,0,500,0.6,1000,0.2,1400,0.2,0
0,4,721,1,0,500,0.6,1000,0.2,1400,0.2,0
0,5,1000,0,0,500,0.6,1000,0.2,1400,0.2,2
0,6,746,0,0,500,0.6,1000,0.2,1400,0.2,2
0,7,631,0,0,500,0.6,1000,0.2,1400,0.2,1
0,8,682,2,10,5,0,300,0.5,1700,0.5,2
0,9,412,1,0,300,0.5,1700,0.5,0
0,10,887,1,0,300,0.5,1700,0.5,2
0,11,202,2,10,5,0,300,0.5,1700,0.5,1
0,12,907,1,0,300,0.5,1700,0.5,2
0,13,735,2,10,5,0,300,0.5,1700,0.5,1
0,14,196,0,0,300,0.5,1700,0.5,1
0,15,538,2,10,5,0,500,0.6,1000,0.2,1400,0.2,0
0,16,542,2,10,5,0,500,0.6,1000,0.2,1400,0.2,0
0,17,876,1,0,500,0.6,1000,0.2,1400,0.2,0
0,18,171,2,10,5,0,500,0.6,1000,0.2,1400,0.2,1
0,19,243,0,0,300,0.5,1700,0.5,2
1,0,236,2,10,5,0,300,0.5,1700,0.5,2
1,1,425,1,0,300,0.5,1700,0.5,2
1,2,876,0,0,500,0.6,1000,0.2,1400,0.2,1
1,3,82,0,0,300,0.5,1700,0.5,1
1,4,290,2,10,5,0,300,0.5,1700,0.5,1
1,5,680,1,0,300,0.5,1700,0.5,2
1,6,25,1,0,300,0.5,1700,0.5,2
1,7,990,1,0,300,0.5,1700,0.5,2
1,8,913,2,10,5,0,300,0.5,1700,0.5,2
1,9,227,2,10,5,0,300,0.5,1700,0.5,1
1,10,938,0,0,300,0.5,1700,0.5,0
1,11,376,0,0,500,0.6,1000,0.2,1400,0.2,1
1,12,484,2,10,5,0,500,0.6,1000,0.2,1400,0.2,2
1,13,249,2,10,5,0,500,0.6,1000,0.2,1400,0.2,2
1,14,379,0,0,300,0.5,1700,0.5,1
1,15,272,0,0,300,0.5,1700,0.5,0
1,16,77,0,0,300,0.5,1700,0.5,2
1,17,498,2,10,5,0,300,0.5,1700,0.5,0
1,18,319,1,0,500,0.6,1000,0.2,1400,0.2,2
1,19,29,0,0,500,0.6,1000,0.2,1400,0.2,2
2,0,267,2,10,5,0,300,0.5,1700,0.5,0
2,1,871,1,0,300,0.5,1700,0.5,1
2,2,727,2,10,5,0,500,0.6,1000,0.2,1400,0.2,1
2,3,947,0,0,500,0.6,1000,0.2,1400,0.2,0
2,4,940,1,0,500,0.6,1000,0.2,1400,0.2,0
2,5,354,1,0,300,0.5,1700,0.5,2
2,6,407,0,0,300,0.5,1700,0.5,1
2,7,801,1,0,500,0.6,1000,0.2,1400,0.2,0
2,8,493,0,0,500,0.6,1000,0.2,1400,0.2,2
2,9,103,2,10,5,0,300,0.5,1700,0.5,1
2,10,35,2,10,5,0,300,0.5,1700,0.5,2
2,11,910,2,10,5,0,300,0.5,1700,0.5,2
2,12,254,0,0,300,0.5,1700,0.5,1
2,13,635,2,10,5,0,300,0.5,1700,0.5,1
2,14,717,2,10,5,0,300,0.5,1700,0.5,0
2,15,321,0,0,300,0.5,1700,0.5,0
2,16,268,2,10,5,0,300,0.5,1700,0.5,0
2,17,582,0,0,500,0.6,1000,0.2,1400,0.2,1
2,18,343,1,0,300,0.5,1700,0.5,1
2,19,184,2,10,5,0,300,0.5,1700,0.5,1
3,0,810,2,10,5,0,500,0.6,1000,0.2,1400,0.2,0
3,1,228,0,0,500,0.6,1000,0.2,1400,0.2,1
3,2,855,0,0,300,0.5,1700,0.5,0
3,3,790,1,0,300,0.5,1700,0.5,1
3,4,672,2,10,5,0,300,0.5,1700,0.5,2
3,5,801,0,0,300,0.5,1700,0.5,1
3,6,296,0,0,300,0.5,1700,0.5,1
3,7,631,2,10,5,0,300,0.5,1700,0.5,2
3,8,869,1,0,500,0.6,1000,0.2,1400,0.2,1
3,9,615,1,0,500,0.6,1000,0.2,1400,0.2,1
3,10,962,1,0,300,0.5,1700,0.5,1
3,11,428,0,0,500,0.6,1000,0.2,1400,0.2,0
3,12,97,0,0,300,0.5,1700,0.5,0
3,13,373,0,0,500,0.6,1000,0.2,1400,0.2,2
3,14,178,2,10,5,0,500,0.6,1000,0.2,1400,0.2,1
3,15,248,2,10,5,0,300,0.5,1700,0.5,0
3,16,871,1,0,500,0.6,1000,0.2,1400,0.2,2
3,17,557,2,10,5,0,300,0.5,1700,0.5,2
3,18,28,0,0,300,0.5,1700,0.5,1
3,19,576,2,10,5,0,300,0.5,1700,0.5,0
4,0,227,2,10,5,0,300,0.5,1700,0.5,0
4,1,620,1,0,300,0.5,1700,0.5,1
4,2,817,1,0,300,0.5,1700,0.5,0
4,3,487,1,0,300,0.5,1700,0.5,1
4,4,225,2,10,5,0,500,0.6,1000,0.2,1400,0.2,2
4,5,450,0,0,500,0.6,1000,0.2,1400,0.2,2
4,6,891,1,0,500,0.6,1000,0.2,1400,0.2,2
4,7,288,2,10,5,0,300,0.5,1700,0.5,1
4,8,224,2,10,5,0,500,0.6,1000,0.2,1400,0.2,0
4,9,534,0,0,300,0.5,1700,0.5,2
4,10,384,1,0,500,0.6,1000,0.2,1400,0.2,0
4,11,251,2,10,5,0,500,0.6,1000,0.2,1400,0.2,2
4,12,614,1,0,500,0.6,1000,0.2,1400,0.2,0
4,13,463,0,0,500,0.6,1000,0.2,1400,0.2,2
4,14,900,0,0,300,0.5,1700,0.5,2
4,15,756,2,10,5,0,300,0.5,1700,0.5,1
4,16,806,0,0,500,0.6,1000,0.2,1400,0.2,0
4,17,819,2,10,5,0,300,0.5,1700,0.5,0
4,18,41,0,0,500,0.6,1000,0.2,1400,0.2,0
4,19,932,2,10,5,0,300,0.5,1700,0.5,1
5,0,743,1,0,300,0.5,1700,0.5,0
5,1,881,1,0,500,0.6,1000,0.2,1400,0.2,1
5,2,499,0,0,500,0.6,1000,0.2,1400,0.2,0
5,3,904,0,0,500,0.6,1000,0.2,1400,0.2,2
5,4,742,1,0,300,0.5,1700,0.5,0
5,5,607,1,0,500,0.6,1000,0.2,1400,0.2,1
5,6,813,0,0,500,0.6,1000,0.2,1400,0.2,0
5,7,233,2,10,5,0,500,0.6,1000,0.2,1400,0.2,0
5,8,978,0,0,300,0.5,1700,0.5,2
5,9,20,2,10,5,0,300,0.5,1700,0.5,1
5,10,85,2,10,5,0,300,0.5,1700,0.5,2
5,11,18,1,0,500,0.6,1000,0.2,1400,0.2,2
5,12,218,1,0,300,0.5,1700,0.5,2
5,13,754,0,0,300,0.5,1700,0.5,0
5,14,976,0,0,300,0.5,1700,0.5,2
5,15,147,0,0,300,0.5,1700,0.5,1
5,16,268,2,10,5,0,300,0.5,1700,0.5,1
5,17,776,1,0,300,0.5,1700,0.5,0
5,18,393,2,10,5,0,300,0.5,1700,0.5,0
5,19,247,1,0,500,0.6,1000,0.2,1400,0.2,0
6,0,680,2,10,5,0,300,0.5,1700,0.5,2
6,1,294,1,0,300,0.5,1700,0.5,0
6,2,214,1,0,300,0.5,1700,0.5,1
6,3,548,2,10,5,0,300,0.5,1700,0.5,2
6,4,769,2,10,5,0,300,0.5,1700,0.5,0
6,5,246,1,0,500,0.6,1000,0.2,1400,0.2,0
6,6,573,1,0,500,0.6,1000,0.2,1400,0.2,2
6,7,305,2,10,5,0,500,0.6,1000,0.2,1400,0.2,0
6,8,801,2,10,5,0,300,0.5,1700,0.5,0
6,9,787,0,0,300,0.5,1700,0.5,0
6,10,703,0,0,300,0.5,1700,0.5,0
6,11,807,0,0,300,0.5,1700,0.5,1
6,12,633,1,0,500,0.6,1000,0.2,1400,0.2,0
6,13,406,0,0,300,0.5,1700,0.5,1
6,14,679,2,10,5,0,500,0.6,1000,0.2,1400,0.2,2
6,15,33,1,0,300,0.5,1700,0.5,2
6,16,459,0,0,500,0.6,1000,0.2,1400,0.2,0
6,17,122,1,0,300,0.5,1700,0.5,1
6,18,360,0,0,500,0.6,1000,0.2,1400,0.2,1
6,19,753,2,10,5,0,300,0.5,1700,0.5,2
7,0,606,0,0,300,0.5,1700,0.5,1
7,1,319,2,10,5,0,300,0.5,1700,0.5,2
7,2,320,1,0,300,0.5,1700,0.5,1
7,3,827,0,0,300,0.5,1700,0.5,1
7,4,749,1,0,300,0.5,1700,0.5,0
7,5,835,0,0,500,0.6,1000,0.2,1400,0.2,0
7,6,39,2,10,5,0,300,0.5,1700,0.5,0
7,7,227,2,10,5,0,300,0.5,1700,0.5,2
7,8,393,0,0,300,0.5,1700,0.5,2
7,9,434,1,0,500,0.6,1000,0.2,1400,0.2,1
7,10,621,2,10,5,0,500,0.6,1000,0.2,1400,0.2,1
7,11,632,2,10,5,0,500,0.6,1000,0.2,1400,0.2,2
7,12,689,0,0,500,0.6,1000,0.2,1400,0.2,0
7,13,72,0,0,300,0.5,1700,0.5,2
7,14,548,0,0,500,0.6,1000,0.2,1400,0.2,0
7,15,243,2,10,5,0,500,0.6,1000,0.2,1400,0.2,1
7,16,272,0,0,300,0.5,1700,0.5,0
7,17,967,0,0,300,0.5,1700,0.5,1
7,18,992,1,0,500,0.6,1000,0.2,1400,0.2,2
7,19,762,2,10,5,0,500,0.6,1000,0.2,1400,0.2,2
8,0,430,1,0,500,0.6,1000,0.2,1400,0.2,2
8,1,269,1,0,500,0.6,1000,0.2,1400,0.2,2
8,2,769,2,10,5,0,300,0.5,1700,0.5,0
8,3,704,0,0,300,0.5,1700,0.5,2
8,4,537,1,0,500,0.6,1000,0.2,1400,0.2,2
8,5,180,0,0,300,0.5,1700,0.5,0
8,6,676,0,0,500,0.6,1000,0.2,1400,0.2,0
8,7,867,0,0,500,0.6,1000,0.2,1400,0.2,0
8,8,156,2,10,5,0,300,0.5,1700,0.5,0
8,9,30,0,0,300,0.5,1700,0.5,1
8,10,90,0,0,300,0.5,1700,0.5,2
8,11,497,2,10,5,0,300,0.5,1700,0.5,1
8,12,823,0,0,300,0.5,1700,0.5,0
8,13,494,2,10,5,0,300,0.5,1700,0.5,0
8,14,273,1,0,500,0.6,1000,0.2,1400,0.2,0
8,15,988,1,0,300,0.5,1700,0.5,2
8,16,952,2,10,5,0,500,0.6,1000,0.2,1400,0.2,2
8,17,925,2,10,5,0,300,0.5,1700,0.5,0
8,18,912,1,0,300,0.5,1700,0.5,0
8,19,834,1,0,300,0.5,1700,0.5,2
9,0,111,0,0,500,0.6,1000,0.2,1400,0.2,0
9,1,897,1,0,300,0.5,1700,0.5,0
9,2,582,1,0,500,0.6,1000,0.2,1400,0.2,0
9,3,494,2,10,5,0,300,0.5,1700,0.5,0
9,4,397,1,0,500,0.6,1000,0.2,1400,0.2,0
9,5,719,1,0,500,0.6,1000,0.2,1400,0.2,1
9,6,301,2,10,5,0,300,0.5,1700,0.5,0
9,7,258,2,10,5,0,500,0.6,1000,0.2,1400,0.2,1
9,8,929,1,0,500,0.6,1000,0.2,1400,0.2,2
9,9,370,1,0,300,0.5,1700,0.5,0
9,10,487,0,0,500,0.6,1000,0.2,1400,0.2,2
9,11,401,2,10,5,0,500,0.6,1000,0.2,1400,0.2,2
9,12,423,2,10,5,0,500,0.6,1000,0.2,1400,0.2,1
9,13,24,2,10,5,0,300,0.5,1700,0.5,0
9,14,600,2,10,5,0,500,0.6,1000,0.2,1400,0.2,0
9,15,802,1,0,300,0.5,1700,0.5,2
9,16,963,0,0,300,0.5,1700,0.5,2
9,17,137,2,10,5,0,300,0.5,1700,0.5,1
9,18,604,2,10,5,0,500,0.6,1000,0.2,1400,0.2,0
9,19,160,2,10,5,0,500,0.6,1000,0.2,1400,0.2,2
10,0,592,1,0,300,0.5,1700,0.5,1
10,1,810,2,10,5,0,300,0.5,1700,0.5,0
10,2,425,0,0,500,0.6,1000,0.2,1400,0.2,1
10,3,420,2,10,5,0,500,0.6,1000,0.2,1400,0.2,0
10,4,804,2,10,5,0,500,0.6,1000,0.2,1400,0.2,0
10,5,963,0,0,500,0.6,1000,0.2,1400,0.2,2
10,6,414,2,10,5,0,300,0.5,1700,0.5,1
10,7,145,2,10,5,0,300,0.5,1700,0.5,2
10,8,276,1,0,500,0.6,1000,0.2,1400,0.2,2
10,9,801,1,0,300,0.5,1700,0.5,1
10,10,605,0,0,300,0.5,1700,0.5,2
10,11,338,0,0,300,0.5,1700,0.5,2
10,12,640,1,0,300,0.5,1700,0.5,1
10,13,231,0,0,500,0.6,1000,0.2,1400,0.2,0
10,14,260,2,10,5,0,500,0.6,1000,0.2,1400,0.2,1
10,15,510,1,0,500,0.6,1000,0.2,1400,0.2,2
10,16,902,2,10,5,0,500,0.6,1000,0.2,1400,0.2,0
10,17,804,0,0,300,0.5,1700,0.5,0
10,18,161,1,0,300,0.5,1700,0.5,2
10,19,373,0,0,500,0.6,1000,0.2,1400,0.2,0
11,0,574,1,0,500,0.6,1000,0.2,1400,0.2,2
11,1,549,1,0,500,0.6,1000,0.2,1400,0.2,2
11,2,256,0,0,500,0.6,1000,0.2,1400,0.2,0
11,3,986,0,0,500,0.6,1000,0.2,1400,0.2,1
11,4,393,1,0,300,0.5,1700,0.5,2
11,5,88,2,10,5,0,500,0.6,1000,0.2,1400,0.2,2
11,6,140,1,0,300,0.5,1700,0.5,2
11,7,14,1,0,300,0.5,1700,0.5,2
11,8,840,1,0,500,0.6,1000,0.2,1400,0.2,2
11,9,71,2,10,5,0,500,0.6,1000,0.2,1400,0.2,1
11,10,80,2,10,5,0,300,0.5,1700,0.5,2
11,11,705,1,0,300,0.5,1700,0.5,0
11,12,767,1,0,300,0.5,1700,0.5,0
11,13,967,2,10,5,0,300,0.5,1700,0.5,2
11,14,24,1,0,300,0.5,1700,0.5,1
11,15,231,2,10,5,0,500,0.6,1000,0.2,1400,0.2,2
11,16,440,1,0,500,0.6,1000,0.2,1400,0.2,2
11,17,836,1,0,500,0.6,1000,0.2,1400,0.2,1
11,18,510,2,10,5,0,300,0.5,1700,0.5,0
11,19,54,1,0,300,0.5,1700,0.5,2
12,0,533,1,0,500,0.6,1000,0.2,1400,0.2,2
12,1,830,1,0,300,0.5,1700,0.5,1
12,2,311,1,0,300,0.5,1700,0.5,0
12,3,368,0,0,500,0.6,1000,0.2,1400,0.2,2
12,4,147,1,0,500,0.6,1000,0.2,1400,0.2,0
12,5,454,2,10,5,0,500,0.6,1000,0.2,1400,0.2,1
12,6,846,0,0,300,0.5,1700,0.5,2
12,7,308,1,0,300,0.5,1700,0.5,1
12,8,909,1,0,300,0.5,1700,0.5,0
12,9,160,2,10,5,0,500,0.6,1000,0.2,1400,0.2,2
12,10,40,0,0,500,0.6,1000,0.2,1400,0.2,1
12,11,370,2,10,5,0,500,0.6,1000,0.2,1400,0.2,2
12,12,76,0,0,500,0.6,1000,0.2,1400,0.2,2
12,13,347,1,0,300,0.5,1700,0.5,0
12,14,992,2,10,5,0,300,0.5,1700,0.5,2
12,15,513,2,10,5,0,300,0.5,1700,0.5,1
12,16,226,2,10,5,0,500,0.6,1000,0.2,1400,0.2,2
12,17,762,2,10,5,0,500,0.6,1000,0.2,1400,0.2,2
12,18,390,0,0,300,0.5,1700,0.5,0
12,19,407,2,10,5,0,500,0.6,1000,0.2,1400,0.2,2
13,0,958,2,10,5,0,300,0.5,1700,0.5,2
13,1,457,1,0,300,0.5,1700,0.5,2
13,2,477,2,10,5,0,500,0.6,1000,0.2,1400,0.2,1
13,3,305,0,0,300,0.5,1700,0.5,1
13,4,672,0,0,500,0.6,1000,0.2,1400,0.2,1
13,5,398,0,0,300,0.5,1700,0.5,2
13,6,940,1,0,500,0.6,1000,0.2,1400,0.2,0
13,7,213,2,10,5,0,500,0.6,1000,0.2,1400,0.2,0
13,8,209,2,10,5,0,500,0.6,1000,0.2,1400,0.2,0
13,9,681,2,10,5,0,300,0.5,1700,0.5,0
13,10,518,2,10,5,0,500,0.6,1000,0.2,1400,0.2,2
13,11,397,0,0,300,0.5,1700,0.5,1
13,12,298,1,0,300,0.5,1700,0.5,2
13,13,282,1,0,500,0.6,1000,0.2,1400,0.2,1
13,14,921,0,0,500,0.6,1000,0.2,1400,0.2,0
13,15,653,2,10,5,0,500,0.6,1000,0.2,1400,0.2,2
13,16,572,0,0,500,0.6,1000,0.2,1400,0.2,0
13,17,854,2,10,5,0,300,0.5,1700,0.5,2
13,18,393,0,0,300,0.5,1700,0.5,0
13,19,128,1,0,300,0.5,1700,0.5,1
14,0,640,0,0,300,0.5,1700,0.5,1
14,1,393,0,0,300,0.5,1700,0.5,2
14,2,210,0,0,500,0.6,1000,0.2,1400,0.2,1
14,3,761,0,0,300,0.5,1700,0.5,0
14,4,571,2,10,5,0,500,0.6,1000,0.2,1400,0.2,1
14,5,970,1,0,500,0.6,1000,0.2,1400,0.2,1
14,6,482,1,0,500,0.6,1000,0.2,1400,0.2,2
14,7,843,0,0,500,0.6,1000,0.2,1400,0.2,0
14,8,438,2,10,5,0,300,0.5,1700,0.5,1
14,9,538,1,0,300,0.5,1700,0.5,2
14,10,729,0,0,500,0.6,1000,0.2,1400,0.2,2
14,11,702,2,10,5,0,300,0.5,1700,0.5,1
14,12,872,0,0,300,0.5,1700,0.5,1
14,13,673,1,0,500,0.6,1000,0.2,1400,0.2,2
14,14,77,0,0,500,0.6,1000,0.2,1400,0.2,1
14,15,307,1,0,300,0.5,1700,0.5,0
14,16,99,2,10,5,0,500,0.6,1000,0.2,1400,0.2,0
14,17,320,0,0,500,0.6,1000,0.2,1400,0.2,1
14,18,157,1,0,300,0.5,1700,0.5,0
14,19,35,0,0,500,0.6,1000,0.2,1400,0.2,1
15,0,219,2,10,5,0,300,0.5,1700,0.5,2
15,1,958,2,10,5,0,300,0.5,1700,0.5,2
15,2,443,1,0,500,0.6,1000,0.2,1400,0.2,0
15,3,19,0,0,500,0.6,1000,0.2,1400,0.2,0
15,4,841,0,0,500,0.6,1000,0.2,1400,0.2,1
15,5,783,0,0,300,0.5,1700,0.5,0
15,6,678,1,0,500,0.6,1000,0.2,1400,0.2,0
15,7,297,1,0,300,0.5,1700,0.5,0
15,8,657,2,10,5,0,500,0.6,1000,0.2,1400,0.2,1
15,9,992,0,0,500,0.6,1000,0.2,1400,0.2,0
15,10,14,1,0,500,0.6,1000,0.2,1400,0.2,1
15,11,953,1,0,500,0.6,1000,0.2,1400,0.2,0
15,12,763,1,0,500,0.6,1000,0.2,1400,0.2,0
15,13,139,0,0,500,0.6,1000,0.2,1400,0.2,0
15,14,423,1,0,500,0.6,1000,0.2,1400,0.2,1
15,15,420,0,0,500,0.6,1000,0.2,1400,0.2,1
15,16,586,2,10,5,0,300,0.5,1700,0.5,0
15,17,429,2,10,5,0,300,0.5,1700,0.5,1
15,18,802,0,0,500,0.6,1000,0.2,1400,0.2,0
15,19,451,0,0,500,0.6,1000,0.2,1400,0.2,0
16,0,238,2,10,5,0,300,0.5,1700,0.5,2
16,1,825,1,0,300,0.5,1700,0.5,2
16,2,195,2,10,5,0,300,0.5,1700,0.5,1
16,3,660,2,10,5,0,500,0.6,1000,0.2,1400,0.2,2
16,4,473,0,0,500,0.6,1000,0.2,1400,0.2,2
16,5,758,0,0,300,0.5,1700,0.5,2
16,6,51,2,10,5,0,300,0.5,1700,0.5,0
16,7,688,0,0,500,0.6,1000,0.2,1400,0.2,0
16,8,424,0,0,300,0.5,1700,0.5,1
16,9,39,1,0,300,0.5,1700,0.5,0
16,10,632,0,0,300,0.5,1700,0.5,0
16,11,462,1,0,300,0.5,1700,0.5,0
16,12,581,1,0,300,0.5,1700,0.5,0
16,13,905,0,0,500,0.6,1000,0.2,1400,0.2,1
16,14,227,0,0,500,0.6,1000,0.2,1400,0.2,0
16,15,977,0,0,500,0.6,1000,0.2,1400,0.2,0
16,16,583,1,0,300,0.5,1700,0.5,2
16,17,725,2,10,5,0,500,0.6,1000,0.2,1400,0.2,1
16,18,552,1,0,300,0.5,1700,0.5,1
16,19,484,2,10,5,0,300,0.5,1700,0.5,1
17,0,125,1,0,300,0.5,1700,0.5,1
17,1,480,1,0,500,0.6,1000,0.2,1400,0.2,0
17,2,255,2,10,5,0,300,0.5,1700,0.5,1
17,3,263,0,0,300,0.5,1700,0.5,1
17,4,395,2,10,5,0,300,0.5,1700,0.5,0
17,5,481,1,0,300,0.5,1700,0.5,0
17,6,402,2,10,5,0,500,0.6,1000,0.2,1400,0.2,0
17,7,695,1,0,500,0.6,1000,0.2,1400,0.2,2
17,8,484,1,0,500,0.6,1000,0.2,1400,0.2,0
17,9,14,2,10,5,0,300,0.5,1700,0.5,2
17,10,279,0,0,300,0.5,1700,0.5,2
17,11,802,1,0,300,0.5,1700,0.5,1
17,12,144,0,0,300,0.5,1700,0.5,1
17,13,661,0,0,500,0.6,1000,0.2,1400,0.2,2
17,14,551,2,10,5,0,500,0.6,1000,0.2,1400,0.2,2
17,15,766,2,10,5,0,500,0.6,1000,0.2,1400,0.2,1
17,16,656,0,0,500,0.6,1000,0.2,1400,0.2,0
17,17,93,2,10,5,0,300,0.5,1700,0.5,2
17,18,245,1,0,500,0.6,1000,0.2,1400,0.2,2
17,19,589,0,0,300,0.5,1700,0.5,2
18,0,351,0,0,500,0.6,1000,0.2,1400,0.2,1
18,1,350,1,0,500,0.6,1000,0.2,1400,0.2,1
18,2,564,1,0,500,0.6,1000,0.2,1400,0.2,1
18,3,677,1,0,300,0.5,1700,0.5,2
18,4,424,1,0,500,0.6,1000,0.2,1400,0.2,1
18,5,739,1,0,300,0.5,1700,0.5,0
18,6,759,0,0,300,0.5,1700,0.5,0
18,7,338,2,10,5,0,300,0.5,1700,0.5,2
18,8,243,0,0,300,0.5,1700,0.5,0
18,9,530,2,10,5,0,500,0.6,1000,0.2,1400,0.2,1
18,10,659,2,10,5,0,500,0.6,1000,0.2,1400,0.2,0
18,11,380,1,0,300,0.5,1700,0.5,1
18,12,460,0,0,500,0.6,1000,0.2,1400,0.2,1
18,13,357,0,0,300,0.5,1700,0.5,1
18,14,757,0,0,300,0.5,1700,0.5,1
18,15,667,0,0,300,0.5,1700,0.5,2
18,16,811,1,0,500,0.6,1000,0.2,1400,0.2,1
18,17,455,2,10,5,0,500,0.6,1000,0.2,1400,0.2,2
18,18,523,1,0,500,0.6,1000,0.2,1400,0.2,2
18,19,696,2,10,5,0,500,0.6,1000,0.2,1400,0.2,0
19,0,275,2,10,5,0,300,0.5,1700,0.5,2
19,1,932,2,10,5,0,300,0.5,1700,0.5,0
19,2,509,1,0,300,0.5,1700,0.5,0
19,3,825,0,0,300,0.5,1700,0.5,0
19,4,998,2,10,5,0,300,0.5,1700,0.5,1
19,5,432,2,10,5,0,500,0.6,1000,0.2,1400,0.2,2
19,6,836,0,0,300,0.5,1700,0.5,1
19,7,18,1,0,300,0.5,1700,0.5,1
19,8,671,2,10,5,0,500,0.6,1000,0.2,1400,0.2,1
19,9,410,0,0,300,0.5,1700,0.5,0
19,10,275,1,0,300,0.5,1700,0.5,2
19,11,51,2,10,5,0,300,0.5,1700,0.5,2
19,12,366,0,0,300,0.5,1700,0.5,2
19,13,749,0,0,300,0.5,1700,0.5,0
19,14,946,0,0,300,0.5,1700,0.5,0
19,15,131,1,0,300,0.5,1700,0.5,1
19,16,763,2,10,5,0,500,0.6,1000,0.2,1400,0.2,2
19,17,623,2,10,5,0,300,0.5,1700,0.5,0
19,18,573,1,0,500,0.6,1000,0.2,1400,0.2,0
19,19,93,1,0,500,0.6,1000,0.2,1400,0.2,1
