0,0,363,2,10,5,0,300,0.5,1700,0.5,0
0,1,837,2,10,5,0,300,0.5,1700,0.5,0
0,2,136,2,10,5,0,300,0.5,1700,0.5,1
0,3,283,2,10,5,0,300,0.5,1700,0.5,0
0,4,293,0,0,300,0.5,1700,0.5,0
0,5,193,2,10,5,0,500,0.6,1000,0.2,1400,0.2,2
0,6,593,0,0,500,0.6,1000,0.2,1400,0.2,2
0,7,424,1,0,300,0.5,1700,0.5,2
0,8,644,0,0,500,0.6,1000,0.2,1400,0.2,0
0,9,654,0,0,300,0.5,1700,0.5,2
0,10,317,2,10,5,0,500,0.6,1000,0.2,1400,0.2,1
0,11,174,0,0,500,0.6,1000,0.2,1400,0.2,1
0,12,394,1,0,300,0.5,1700,0.5,2
0,13,47,1,0,300,0.5,1700,0.5,0
0,14,192,1,0,300,0.5,1700,0.5,2
0,15,177,1,0,500,0.6,1000,0.2,1400,0.2,1
0,16,410,1,0,300,0.5,1700,0.5,2
0,17,387,1,0,300,0.5,1700,0.5,2
0,18,753,2,10,5,0,500,0.6,1000,0.2,1400,0.2,0
0,19,289,2,10,5,0,300,0.5,1700,0.5,0
1,0,686,1,0,300,0.5,1700,0.5,0
1,1,128,2,10,5,0,300,0.5,1700,0.5,0
1,2,549,2,10,5,0,500,0.6,1000,0.2,1400,0.2,0
1,3,672,0,0,500,0.6,1000,0.2,1400,0.2,1
1,4,901,2,10,5,0,500,0.6,1000,0.2,1400,0.2,2
1,5,63,1,0,300,0.5,1700,0.5,2
1,6,249,0,0,500,0.6,1000,0.2,1400,0.2,0
1,7,406,1,0,500,0.6,1000,0.2,1400,0.2,1
1,8,410,2,10,5,0,500,0.6,1000,0.2,1400,0.2,1
1,9,862,2,10,5,0,300,0.5,1700,0.5,1
1,10,356,1,0,500,0.6,1000,0.2,1400,0.2,0
1,11,276,0,0,300,0.5,1700,0.5,0
1,12,942,0,0,300,0.5,1700,0.5,0
1,13,683,1,0,500,0.6,1000,0.2,1400,0.2,0
1,14,554,0,0,300,0.5,1700,0.5,1
1,15,823,1,0,300,0.5,1700,0.5,2
1,16,762,1,0,500,0.6,1000,0.2,1400,0.2,0
1,17,708,1,0,500,0.6,1000,0.2,1400,0.2,0
1,18,648,1,0,300,0.5,1700,0.5,1
1,19,598,0,0,300,0.5,1700,0.5,2
2,0,363,1,0,500,0.6,1000,0.2,1400,0.2,0
2,1,622,0,0,500,0.6,1000,0.2,1400,0.2,2
2,2,144,1,0,300,0.5,1700,0.5,1
2,3,787,1,0,300,0.5,1700,0.5,2
2,4,36,1,0,500,0.6,1000,0.2,1400,0.2,1
2,5,10,0,0,500,0.6,1000,0.2,1400,0.2,2
2,6,130,1,0,300,0.5,1700,0.5,2
2,7,178,2,10,5,0,300,0.5,1700,0.5,1
2,8,268,2,10,5,0,300,0.5,1700,0.5,1
2,9,174,1,0,500,0.6,1000,0.2,1400,0.2,0
2,10,606,1,0,300,0.5,1700,0.5,2
2,11,178,0,0,300,0.5,1700,0.5,0
2,12,485,2,10,5,0,500,0.6,1000,0.2,1400,0.2,2
2,13,762,2,10,5,0,300,0.5,1700,0.5,0
2,14,20,1,0,500,0.6,1000,0.2,1400,0.2,0
2,15,515,2,10,5,0,500,0.6,1000,0.2,1400,0.2,1
2,16,484,2,10,5,0,500,0.6,1000,0.2,1400,0.2,1
2,17,992,2,10,5,0,300,0.5,1700,0.5,0
2,18,603,1,0,500,0.6,1000,0.2,1400,0.2,2
2,19,486,1,0,500,0.6,1000,0.2,1400,0.2,1
3,0,535,1,0,500,0.6,1000,0.2,1400,0.2,2
3,1,180,0,0,300,0.5,1700,0.5,2
3,2,664,0,0,500,0.6,1000,0.2,1400,0.2,1
3,3,839,0,0,300,0.5,1700,0.5,0
3,4,606,0,0,500,0.6,1000,0.2,1400,0.2,1
3,5,169,1,0,500,0.6,1000,0.2,1400,0.2,1
3,6,641,0,0,300,0.5,1700,0.5,2
3,7,409,2,10,5,0,300,0.5,1700,0.5,0
3,8,378,0,0,300,0.5,1700,0.5,0
3,9,951,0,0,300,0.5,1700,0.5,1
3,10,175,1,0,500,0.6,1000,0.2,1400,0.2,0
3,11,702,2,10,5,0,500,0.6,1000,0.2,1400,0.2,2
3,12,416,2,10,5,0,500,0.6,1000,0.2,1400,0.2,2
3,13,473,2,10,5,0,300,0.5,1700,0.5,0
3,14,862,2,10,5,0,300,0.5,1700,0.5,2
3,15,454,1,0,300,0.5,1700,0.5,1
3,16,575,1,0,500,0.6,1000,0.2,1400,0.2,2
3,17,13,1,0,300,0.5,1700,0.5,1
3,18,935,2,10,5,0,300,0.5,1700,0.5,2
3,19,742,1,0,300,0.5,1700,0.5,2
4,0,331,0,0,300,0.5,1700,0.5,0
4,1,277,1,0,500,0.6,1000,0.2,1400,0.2,1
4,2,700,0,0,300,0.5,1700,0.5,2
4,3,744,2,10,5,0,500,0.6,1000,0.2,1400,0.2,1
4,4,99,2,10,5,0,300,0.5,1700,0.5,2
4,5,940,1,0,500,0.6,1000,0.2,1400,0.2,2
4,6,933,2,10,5,0,300,0.5,1700,0.5,2
4,7,156,1,0,300,0.5,1700,0.5,1
4,8,314,2,10,5,0,500,0.6,1000,0.2,1400,0.2,0
4,9,443,2,10,5,0,300,0.5,1700,0.5,2
4,10,968,0,0,500,0.6,1000,0.2,1400,0.2,1
4,11,815,2,10,5,0,300,0.5,1700,0.5,2
4,12,767,2,10,5,0,500,0.6,1000,0.2,1400,0.2,2
4,13,693,1,0,300,0.5,1700,0.5,2
4,14,841,2,10,5,0,300,0.5,1700,0.5,0
4,15,523,0,0,500,0.6,1000,0.2,1400,0.2,1
4,16,341,1,0,300,0.5,1700,0.5,1
4,17,675,1,0,300,0.5,1700,0.5,2
4,18,682,1,0,300,0.5,1700,0.5,2
4,19,346,1,0,500,0.6,1000,0.2,1400,0.2,2
5,0,287,1,0,300,0.5,1700,0.5,1
5,1,939,1,0,500,0.6,1000,0.2,1400,0.2,0
5,2,591,1,0,300,0.5,1700,0.5,2
5,3,523,2,10,5,0,300,0.5,1700,0.5,0
5,4,148,2,10,5,0,300,0.5,1700,0.5,0
5,5,507,1,0,300,0.5,1700,0.5,0
5,6,340,1,0,300,0.5,1700,0.5,0
5,7,391,1,0,300,0.5,1700,0.5,1
5,8,921,1,0,500,0.6,1000,0.2,1400,0.2,2
5,9,494,2,10,5,0,500,0.6,1000,0.2,1400,0.2,2
5,10,120,0,0,500,0.6,1000,0.2,1400,0.2,0
5,11,513,2,10,5,0,300,0.5,1700,0.5,0
5,12,575,0,0,300,0.5,1700,0.5,0
5,13,344,2,10,5,0,300,0.5,1700,0.5,1
5,14,213,1,0,500,0.6,1000,0.2,1400,0.2,0
5,15,457,1,0,500,0.6,1000,0.2,1400,0.2,0
5,16,626,2,10,5,0,300,0.5,1700,0.5,0
5,17,127,2,10,5,0,500,0.6,1000,0.2,1400,0.2,2
5,18,838,0,0,500,0.6,1000,0.2,1400,0.2,2
5,19,701,2,10,5,0,300,0.5,1700,0.5,2
6,0,364,1,0,300,0.5,1700,0.5,2
6,1,759,2,10,5,0,500,0.6,1000,0.2,1400,0.2,1
6,2,79,0,0,300,0.5,1700,0.5,1
6,3,628,0,0,500,0.6,1000,0.2,1400,0.2,0
6,4,942,0,0,300,0.5,1700,0.5,0
6,5,115,1,0,300,0.5,1700,0.5,0
6,6,903,0,0,500,0.6,1000,0.2,1400,0.2,1
6,7,127,1,0,500,0.6,1000,0.2,1400,0.2,0
6,8,189,1,0,300,0.5,1700,0.5,0
6,9,347,1,0,300,0.5,1700,0.5,0
6,10,293,2,10,5,0,300,0.5,1700,0.5,1
6,11,311,2,10,5,0,300,0.5,1700,0.5,0
6,12,539,1,0,300,0.5,1700,0.5,1
6,13,332,2,10,5,0,500,0.6,1000,0.2,1400,0.2,1
6,14,641,2,10,5,0,500,0.6,1000,0.2,1400,0.2,1
6,15,774,2,10,5,0,300,0.5,1700,0.5,0
6,16,537,2,10,5,0,500,0.6,1000,0.2,1400,0.2,1
6,17,227,2,10,5,0,300,0.5,1700,0.5,2
6,18,543,1,0,500,0.6,1000,0.2,1400,0.2,2
6,19,841,1,0,500,0.6,1000,0.2,1400,0.2,0
7,0,696,2,10,5,0,300,0.5,1700,0.5,1
7,1,967,1,0,300,0.5,1700,0.5,2
7,2,936,2,10,5,0,300,0.5,1700,0.5,1
7,3,539,0,0,500,0.6,1000,0.2,1400,0.2,1
7,4,171,2,10,5,0,300,0.5,1700,0.5,0
7,5,300,1,0,500,0.6,1000,0.2,1400,0.2,0
7,6,736,1,0,300,0.5,1700,0.5,0
7,7,79,1,0,500,0.6,1000,0.2,1400,0.2,1
7,8,569,1,0,300,0.5,1700,0.5,1
7,9,549,1,0,300,0.5,1700,0.5,0
7,10,319,2,10,5,0,500,0.6,1000,0.2,1400,0.2,2
7,11,752,2,10,5,0,300,0.5,1700,0.5,2
7,12,337,1,0,500,0.6,1000,0.2,1400,0.2,0
7,13,309,2,10,5,0,300,0.5,1700,0.5,0
7,14,432,0,0,500,0.6,1000,0.2,1400,0.2,0
7,15,863,0,0,300,0.5,1700,0.5,2
7,16,573,2,10,5,0,500,0.6,1000,0.2,1400,0.2,0
7,17,61,2,10,5,0,300,0.5,1700,0.5,2
7,18,895,2,10,5,0,300,0.5,1700,0.5,1
7,19,729,0,0,500,0.6,1000,0.2,1400,0.2,1
8,0,12,0,0,500,0.6,1000,0.2,1400,0.2,1
8,1,678,1,0,300,0.5,1700,0.5,2
8,2,349,1,0,500,0.6,1000,0.2,1400,0.2,0
8,3,472,0,0,300,0.5,1700,0.5,0
8,4,126,2,10,5,0,500,0.6,1000,0.2,1400,0.2,2
8,5,705,0,0,500,0.6,1000,0.2,1400,0.2,1
8,6,793,0,0,300,0.5,1700,0.5,1
8,7,401,1,0,300,0.5,1700,0.5,2
8,8,153,1,0,500,0.6,1000,0.2,1400,0.2,1
8,9,688,1,0,500,0.6,1000,0.2,1400,0.2,0
8,10,202,2,10,5,0,300,0.5,1700,0.5,1
8,11,563,1,0,300,0.5,1700,0.5,0
8,12,241,1,0,300,0.5,1700,0.5,2
8,13,609,0,0,500,0.6,1000,0.2,1400,0.2,0
8,14,673,0,0,300,0.5,1700,0.5,0
8,15,850,1,0,500,0.6,1000,0.2,1400,0.2,0
8,16,184,2,10,5,0,500,0.6,1000,0.2,1400,0.2,1
8,17,626,1,0,500,0.6,1000,0.2,1400,0.2,2
8,18,899,0,0,300,0.5,1700,0.5,0
8,19,447,1,0,500,0.6,1000,0.2,1400,0.2,0
9,0,221,0,0,500,0.6,1000,0.2,1400,0.2,2
9,1,651,0,0,500,0.6,1000,0.2,1400,0.2,1
9,2,385,0,0,300,0.5,1700,0.5,2
9,3,944,1,0,500,0.6,1000,0.2,1400,0.2,1
9,4,326,1,0,500,0.6,1000,0.2,1400,0.2,1
9,5,709,2,10,5,0,300,0.5,1700,0.5,0
9,6,653,2,10,5,0,300,0.5,1700,0.5,0
9,7,331,0,0,300,0.5,1700,0.5,0
9,8,497,2,10,5,0,300,0.5,1700,0.5,2
9,9,216,2,10,5,0,300,0.5,1700,0.5,0
9,10,922,0,0,300,0.5,1700,0.5,2
9,11,668,0,0,300,0.5,1700,0.5,0
9,12,110,0,0,500,0.6,1000,0.2,1400,0.2,2
9,13,521,0,0,500,0.6,1000,0.2,1400,0.2,1
9,14,226,0,0,300,0.5,1700,0.5,0
9,15,193,1,0,500,0.6,1000,0.2,1400,0.2,2
9,16,699,0,0,500,0.6,1000,0.2,1400,0.2,2
9,17,693,2,10,5,0,300,0.5,1700,0.5,2
9,18,617,1,0,300,0.5,1700,0.5,2
9,19,961,1,0,300,0.5,1700,0.5,2
10,0,10,2,10,5,0,300,0.5,1700,0.5,2
10,1,421,0,0,500,0.6,1000,0.2,1400,0.2,2
10,2,360,0,0,500,0.6,1000,0.2,1400,0.2,2
10,3,524,0,0,300,0.5,1700,0.5,2
10,4,775,1,0,300,0.5,1700,0.5,2
10,5,760,0,0,300,0.5,1700,0.5,2
10,6,98,0,0,300,0.5,1700,0.5,2
10,7,816,2,10,5,0,300,0.5,1700,0.5,0
10,8,498,0,0,300,0.5,1700,0.5,0
10,9,206,2,10,5,0,500,0.6,1000,0.2,1400,0.2,0
10,10,513,2,10,5,0,300,0.5,1700,0.5,1
10,11,433,1,0,500,0.6,1000,0.2,1400,0.2,0
10,12,96,1,0,500,0.6,1000,0.2,1400,0.2,0
10,13,471,1,0,500,0.6,1000,0.2,1400,0.2,1
10,14,705,1,0,300,0.5,1700,0.5,2
10,15,25,2,10,5,0,500,0.6,1000,0.2,1400,0.2,0
10,16,210,0,0,300,0.5,1700,0.5,0
10,17,573,2,10,5,0,300,0.5,1700,0.5,0
10,18,116,0,0,500,0.6,1000,0.2,1400,0.2,2
10,19,174,0,0,300,0.5,1700,0.5,2
11,0,884,0,0,300,0.5,1700,0.5,0
11,1,672,0,0,300,0.5,1700,0.5,2
11,2,428,2,10,5,0,300,0.5,1700,0.5,0
11,3,911,1,0,300,0.5,1700,0.5,2
11,4,577,1,0,500,0.6,1000,0.2,1400,0.2,2
11,5,64,0,0,500,0.6,1000,0.2,1400,0.2,1
11,6,929,1,0,300,0.5,1700,0.5,1
11,7,984,2,10,5,0,500,0.6,1000,0.2,1400,0.2,0
11,8,249,0,0,500,0.6,1000,0.2,1400,0.2,2
11,9,286,1,0,500,0.6,1000,0.2,1400,0.2,1
11,10,368,2,10,5,0,300,0.5,1700,0.5,0
11,11,596,2,10,5,0,300,0.5,1700,0.5,0
11,12,617,1,0,300,0.5,1700,0.5,0
11,13,943,1,0,300,0.5,1700,0.5,1
11,14,918,1,0,300,0.5,1700,0.5,0
11,15,319,1,0,300,0.5,1700,0.5,2
11,16,814,2,10,5,0,500,0.6,1000,0.2,1400,0.2,1
11,17,447,0,0,300,0.5,1700,0.5,0
11,18,241,0,0,500,0.6,1000,0.2,1400,0.2,0
11,19,352,1,0,300,0.5,1700,0.5,2
12,0,379,2,10,5,0,300,0.5,1700,0.5,0
12,1,629,1,0,300,0.5,1700,0.5,1
12,2,689,1,0,300,0.5,1700,0.5,1
12,3,615,1,0,300,0.5,1700,0.5,1
12,4,912,1,0,500,0.6,1000,0.2,1400,0.2,1
12,5,915,2,10,5,0,500,0.6,1000,0.2,1400,0.2,1
12,6,435,2,10,5,0,500,0.6,1000,0.2,1400,0.2,2
12,7,848,2,10,5,0,500,0.6,1000,0.2,1400,0.2,2
12,8,866,1,0,300,0.5,1700,0.5,1
12,9,804,0,0,300,0.5,1700,0.5,2
12,10,209,0,0,500,0.6,1000,0.2,1400,0.2,1
12,11,119,2,10,5,0,500,0.6,1000,0.2,1400,0.2,1
12,12,713,2,10,5,0,500,0.6,1000,0.2,1400,0.2,0
12,13,994,2,10,5,0,500,0.6,1000,0.2,1400,0.2,0
12,14,938,2,10,5,0,500,0.6,1000,0.2,1400,0.2,1
12,15,685,0,0,300,0.5,1700,0.5,2
12,16,889,0,0,300,0.5,1700,0.5,1
12,17,345,1,0,500,0.6,1000,0.2,1400,0.2,0
12,18,209,1,0,500,0.6,1000,0.2,1400,0.2,1
12,19,949,0,0,500,0.6,1000,0.2,1400,0.2,1
13,0,688,2,10,5,0,500,0.6,1000,0.2,1400,0.2,2
13,1,556,0,0,300,0.5,1700,0.5,0
13,2,950,1,0,500,0.6,1000,0.2,1400,0.2,1
13,3,432,2,10,5,0,500,0.6,1000,0.2,1400,0.2,0
13,4,314,2,10,5,0,500,0.6,1000,0.2,1400,0.2,0
13,5,485,1,0,500,0.6,1000,0.2,1400,0.2,2
13,6,245,0,0,300,0.5,1700,0.5,1
13,7,622,2,10,5,0,300,0.5,1700,0.5,1
13,8,522,0,0,300,0.5,1700,0.5,0
13,9,612,0,0,300,0.5,1700,0.5,0
13,10,980,2,10,5,0,300,0.5,1700,0.5,0
13,11,274,0,0,300,0.5,1700,0.5,0
13,12,537,1,0,500,0.6,1000,0.2,1400,0.2,2
13,13,621,1,0,300,0.5,1700,0.5,0
13,14,742,2,10,5,0,300,0.5,1700,0.5,2
13,15,618,1,0,500,0.6,1000,0.2,1400,0.2,1
13,16,73,2,10,5,0,500,0.6,1000,0.2,1400,0.2,0
13,17,260,2,10,5,0,300,0.5,1700,0.5,2
13,18,617,2,10,5,0,300,0.5,1700,0.5,2
13,19,333,1,0,300,0.5,1700,0.5,0
14,0,25,0,0,500,0.6,1000,0.2,1400,0.2,1
14,1,999,1,0,300,0.5,1700,0.5,0
14,2,659,2,10,5,0,300,0.5,1700,0.5,1
14,3,855,2,10,5,0,300,0.5,1700,0.5,2
14,4,733,2,10,5,0,300,0.5,1700,0.5,2
14,5,254,0,0,500,0.6,1000,0.2,1400,0.2,0
14,6,999,2,10,5,0,300,0.5,1700,0.5,1
14,7,248,0,0,300,0.5,1700,0.5,2
14,8,959,0,0,300,0.5,1700,0.5,0
14,9,607,0,0,300,0.5,1700,0.5,1
14,10,551,2,10,5,0,500,0.6,1000,0.2,1400,0.2,1
14,11,758,1,0,500,0.6,1000,0.2,1400,0.2,1
14,12,648,1,0,300,0.5,1700,0.5,2
14,13,164,2,10,5,0,300,0.5,1700,0.5,1
14,14,47,1,0,500,0.6,1000,0.2,1400,0.2,0
14,15,148,2,10,5,0,300,0.5,1700,0.5,0
14,16,962,2,10,5,0,300,0.5,1700,0.5,1
14,17,42,2,10,5,0,300,0.5,1700,0.5,2
14,18,911,1,0,500,0.6,1000,0.2,1400,0.2,1
14,19,329,1,0,300,0.5,1700,0.5,0
15,0,468,0,0,300,0.5,1700,0.5,0
15,1,322,0,0,500,0.6,1000,0.2,1400,0.2,0
15,2,938,1,0,300,0.5,1700,0.5,0
15,3,552,0,0,300,0.5,1700,0.5,2
15,4,750,2,10,5,0,300,0.5,1700,0.5,0
15,5,79,2,10,5,0,300,0.5,1700,0.5,2
15,6,217,1,0,300,0.5,1700,0.5,1
15,7,694,0,0,300,0.5,1700,0.5,2
15,8,585,2,10,5,0,300,0.5,1700,0.5,2
15,9,301,2,10,5,0,500,0.6,1000,0.2,1400,0.2,1
15,10,717,0,0,300,0.5,1700,0.5,2
15,11,720,0,0,500,0.6,1000,0.2,1400,0.2,2
15,12,372,1,0,300,0.5,1700,0.5,0
15,13,663,1,0,300,0.5,1700,0.5,2
15,14,577,0,0,500,0.6,1000,0.2,1400,0.2,2
15,15,715,2,10,5,0,300,0.5,1700,0.5,2
15,16,774,2,10,5,0,500,0.6,1000,0.2,1400,0.2,2
15,17,53,2,10,5,0,300,0.5,1700,0.5,1
15,18,640,0,0,300,0.5,1700,0.5,0
15,19,252,1,0,500,0.6,1000,0.2,1400,0.2,2
16,0,528,0,0,500,0.6,1000,0.2,1400,0.2,2
16,1,210,1,0,500,0.6,1000,0.2,1400,0.2,2
16,2,559,0,0,300,0.5,1700,0.5,0
16,3,441,2,10,5,0,500,0.6,1000,0.2,1400,0.2,0
16,4,947,1,0,300,0.5,1700,0.5,2
16,5,796,2,10,5,0,300,0.5,1700,0.5,1
16,6,636,1,0,300,0.5,1700,0.5,1
16,7,349,2,10,5,0,300,0.5,1700,0.5,2
16,8,683,2,10,5,0,300,0.5,1700,0.5,0
16,9,192,2,10,5,0,500,0.6,1000,0.2,1400,0.2,2
16,10,739,1,0,300,0.5,1700,0.5,1
16,11,580,0,0,300,0.5,1700,0.5,2
16,12,956,2,10,5,0,300,0.5,1700,0.5,2
16,13,321,2,10,5,0,500,0.6,1000,0.2,1400,0.2,0
16,14,115,2,10,5,0,500,0.6,1000,0.2,1400,0.2,2
16,15,571,0,0,300,0.5,1700,0.5,0
16,16,486,0,0,300,0.5,1700,0.5,2
16,17,287,0,0,500,0.6,1000,0.2,1400,0.2,1
16,18,500,1,0,500,0.6,1000,0.2,1400,0.2,0
16,19,908,2,10,5,0,500,0.6,1000,0.2,1400,0.2,0
17,0,419,1,0,500,0.6,1000,0.2,1400,0.2,0
17,1,618,1,0,300,0.5,1700,0.5,0
17,2,545,2,10,5,0,300,0.5,1700,0.5,0
17,3,638,2,10,5,0,300,0.5,1700,0.5,0
17,4,259,0,0,300,0.5,1700,0.5,1
17,5,66,0,0,500,0.6,1000,0.2,1400,0.2,1
17,6,928,0,0,500,0.6,1000,0.2,1400,0.2,2
17,7,54,1,0,300,0.5,1700,0.5,0
17,8,162,1,0,300,0.5,1700,0.5,0
17,9,104,1,0,500,0.6,1000,0.2,1400,0.2,2
17,10,46,1,0,300,0.5,1700,0.5,0
17,11,10,0,0,500,0.6,1000,0.2,1400,0.2,1
17,12,160,0,0,300,0.5,1700,0.5,0
17,13,980,1,0,500,0.6,1000,0.2,1400,0.2,2
17,14,276,1,0,300,0.5,1700,0.5,1
17,15,49,2,10,5,0,500,0.6,1000,0.2,1400,0.2,2
17,16,181,2,10,5,0,500,0.6,1000,0.2,1400,0.2,2
17,17,500,0,0,300,0.5,1700,0.5,0
17,18,598,0,0,500,0.6,1000,0.2,1400,0.2,0
17,19,802,2,10,5,0,300,0.5,1700,0.5,0
18,0,588,0,0,500,0.6,1000,0.2,1400,0.2,2
18,1,516,2,10,5,0,300,0.5,1700,0.5,2
18,2,945,1,0,500,0.6,1000,0.2,1400,0.2,2
18,3,250,2,10,5,0,500,0.6,1000,0.2,1400,0.2,0
18,4,982,2,10,5,0,300,0.5,1700,0.5,2
18,5,731,2,10,5,0,300,0.5,1700,0.5,2
18,6,774,2,10,5,0,500,0.6,1000,0.2,1400,0.2,1
18,7,76,2,10,5,0,500,0.6,1000,0.2,1400,0.2,1
18,8,651,0,0,300,0.5,1700,0.5,0
18,9,246,0,0,500,0.6,1000,0.2,1400,0.2,1
18,10,173,2,10,5,0,300,0.5,1700,0.5,2
18,11,208,0,0,500,0.6,1000,0.2,1400,0.2,0
18,12,754,0,0,500,0.6,1000,0.2,1400,0.2,1
18,13,225,0,0,300,0.5,1700,0.5,2
18,14,662,1,0,300,0.5,1700,0.5,2
18,15,41,2,10,5,0,300,0.5,1700,0.5,2
18,16,89,1,0,500,0.6,1000,0.2,1400,0.2,2
18,17,173,1,0,300,0.5,1700,0.5,2
18,18,653,1,0,300,0.5,1700,0.5,0
18,19,700,0,0,500,0.6,1000,0.2,1400,0.2,0
19,0,546,0,0,500,0.6,1000,0.2,1400,0.2,1
19,1,426,1,0,300,0.5,1700,0.5,2
19,2,405,2,10,5,0,300,0.5,1700,0.5,1
19,3,752,1,0,300,0.5,1700,0.5,2
19,4,323,1,0,300,0.5,1700,0.5,1
19,5,302,2,10,5,0,500,0.6,1000,0.2,1400,0.2,1
19,6,655,1,0,300,0.5,1700,0.5,1
19,7,793,2,10,5,0,300,0.5,1700,0.5,0
19,8,272,1,0,300,0.5,1700,0.5,2
19,9,865,2,10,5,0,300,0.5,1700,0.5,0
19,10,171,0,0,500,0.6,1000,0.2,1400,0.2,0
19,11,445,2,10,5,0,500,0.6,1000,0.2,1400,0.2,2
19,12,665,1,0,500,0.6,1000,0.2,1400,0.2,1
19,13,148,2,10,5,0,300,0.5,1700,0.5,1
19,14,556,2,10,5,0,500,0.6,1000,0.2,1400,0.2,1
19,15,994,2,10,5,0,500,0.6,1000,0.2,1400,0.2,2
19,16,689,2,10,5,0,300,0.5,1700,0.5,2
19,17,103,2,10,5,0,300,0.5,1700,0.5,2
19,18,499,0,0,500,0.6,1000,0.2,1400,0.2,1
19,19,831,0,0,500,0.6,1000,0.2,1400,0.2,1
