0,0,566,1,0,500,0.6,1000,0.2,1400,0.2,1
0,1,603,2,10,5,0,500,0.6,1000,0.2,1400,0.2,0
0,2,564,1,0,500,0.6,1000,0.2,1400,0.2,1
0,3,911,0,0,500,0.6,1000,0.2,1400,0.2,0
0,4,32,0,0,500,0.6,1000,0.2,1400,0.2,0
0,5,673,1,0,500,0.6,1000,0.2,1400,0.2,1
0,6,57,1,0,500,0.6,1000,0.2,1400,0.2,2
0,7,529,1,0,300,0.5,1700,0.5,0
0,8,458,1,0,500,0.6,1000,0.2,1400,0.2,2
0,9,987,0,0,500,0.6,1000,0.2,1400,0.2,1
0,10,272,1,0,300,0.5,1700,0.5,1
0,11,923,2,10,5,0,500,0.6,1000,0.2,1400,0.2,0
0,12,71,2,10,5,0,300,0.5,1700,0.5,1
0,13,593,0,0,500,0.6,1000,0.2,1400,0.2,2
0,14,400,0,0,500,0.6,1000,0.2,1400,0.2,1
0,15,240,2,10,5,0,500,0.6,1000,0.2,1400,0.2,1
0,16,800,2,10,5,0,500,0.6,1000,0.2,1400,0.2,2
0,17,998,2,10,5,0,300,0.5,1700,0.5,2
0,18,294,2,10,5,0,300,0.5,1700,0.5,0
0,19,232,1,0,300,0.5,1700,0.5,2
1,0,492,1,0,300,0.5,1700,0.5,1
1,1,450,2,10,5,0,500,0.6,1000,0.2,1400,0.2,0
1,2,349,0,0,500,0.6,1000,0.2,1400,0.2,2
1,3,702,2,10,5,0,300,0.5,1700,0.5,1
1,4,536,0,0,300,0.5,1700,0.5,1
1,5,418,2,10,5,0,500,0.6,1000,0.2,1400,0.2,1
1,6,507,0,0,500,0.6,1000,0.2,1400,0.2,0
1,7,139,2,10,5,0,300,0.5,1700,0.5,0
1,8,986,2,10,5,0,500,0.6,1000,0.2,1400,0.2,1
1,9,713,2,10,5,0,500,0.6,1000,0.2,1400,0.2,2
1,10,608,1,0,500,0.6,1000,0.2,1400,0.2,1
1,11,379,2,10,5,0,500,0.6,1000,0.2,1400,0.2,1
1,12,935,0,0,300,0.5,1700,0.5,1
1,13,501,1,0,300,0.5,1700,0.5,1
1,14,71,1,0,300,0.5,1700,0.5,2
1,15,355,2,10,5,0,500,0.6,1000,0.2,1400,0.2,2
1,16,194,1,0,500,0.6,1000,0.2,1400,0.2,2
1,17,360,0,0,500,0.6,1000,0.2,1400,0.2,1
1,18,708,2,10,5,0,500,0.6,1000,0.2,1400,0.2,2
1,19,511,1,0,300,0.5,1700,0.5,0
2,0,238,2,10,5,0,500,0.6,1000,0.2,1400,0.2,2
2,1,617,1,0,500,0.6,1000,0.2,1400,0.2,1
2,2,445,1,0,300,0.5,1700,0.5,2
2,3,849,1,0,300,0.5,1700,0.5,2
2,4,395,2,10,5,0,300,0.5,1700,0.5,0
2,5,155,0,0,500,0.6,1000,0.2,1400,0.2,0
2,6,720,0,0,300,0.5,1700,0.5,1
2,7,340,1,0,500,0.6,1000,0.2,1400,0.2,1
2,8,135,1,0,300,0.5,1700,0.5,1
2,9,575,2,10,5,0,300,0.5,1700,0.5,1
2,10,23,1,0,500,0.6,1000,0.2,1400,0.2,2
2,11,910,0,0,300,0.5,1700,0.5,0
2,12,370,2,10,5,0,500,0.6,1000,0.2,1400,0.2,0
2,13,822,0,0,500,0.6,1000,0.2,1400,0.2,2
2,14,909,1,0,500,0.6,1000,0.2,1400,0.2,1
2,15,315,1,0,500,0.6,1000,0.2,1400,0.2,0
2,16,981,0,0,500,0.6,1000,0.2,1400,0.2,0
2,17,38,0,0,500,0.6,1000,0.2,1400,0.2,0
2,18,143,0,0,500,0.6,1000,0.2,1400,0.2,0
2,19,870,1,0,300,0.5,1700,0.5,1
3,0,251,1,0,500,0.6,1000,0.2,1400,0.2,2
3,1,664,2,10,5,0,300,0.5,1700,0.5,0
3,2,677,1,0,500,0.6,1000,0.2,1400,0.2,2
3,3,14,0,0,300,0.5,1700,0.5,0
3,4,695,2,10,5,0,300,0.5,1700,0.5,1
3,5,897,2,10,5,0,300,0.5,1700,0.5,1
3,6,846,2,10,5,0,500,0.6,1000,0.2,1400,0.2,2
3,7,846,1,0,500,0.6,1000,0.2,1400,0.2,1
3,8,963,0,0,300,0.5,1700,0.5,0
3,9,425,0,0,300,0.5,1700,0.5,0
3,10,466,0,0,300,0.5,1700,0.5,2
3,11,163,2,10,5,0,500,0.6,1000,0.2,1400,0.2,0
3,12,387,1,0,500,0.6,1000,0.2,1400,0.2,1
3,13,191,2,10,5,0,300,0.5,1700,0.5,0
3,14,934,2,10,5,0,500,0.6,1000,0.2,1400,0.2,2
3,15,211,2,10,5,0,500,0.6,1000,0.2,1400,0.2,2
3,16,518,2,10,5,0,500,0.6,1000,0.2,1400,0.2,0
3,17,671,2,10,5,0,500,0.6,1000,0.2,1400,0.2,1
3,18,935,0,0,300,0.5,1700,0.5,2
3,19,1000,1,0,500,0.6,1000,0.2,1400,0.2,0
4,0,724,1,0,500,0.6,1000,0.2,1400,0.2,0
4,1,254,2,10,5,0,500,0.6,1000,0.2,1400,0.2,2
4,2,793,0,0,500,0.6,1000,0.2,1400,0.2,1
4,3,720,1,0,300,0.5,1700,0.5,1
4,4,84,2,10,5,0,500,0.6,1000,0.2,1400,0.2,0
4,5,247,1,0,500,0.6,1000,0.2,1400,0.2,2
4,6,15,2,10,5,0,500,0.6,1000,0.2,1400,0.2,0
4,7,294,1,0,500,0.6,1000,0.2,1400,0.2,1
4,8,135,2,10,5,0,300,0.5,1700,0.5,1
4,9,200,0,0,500,0.6,1000,0.2,1400,0.2,2
4,10,884,1,0,500,0.6,1000,0.2,1400,0.2,2
4,11,674,2,10,5,0,300,0.5,1700,0.5,2
4,12,206,1,0,500,0.6,1000,0.2,1400,0.2,1
4,13,292,2,10,5,0,500,0.6,1000,0.2,1400,0.2,0
4,14,647,0,0,300,0.5,1700,0.5,2
4,15,304,2,10,5,0,300,0.5,1700,0.5,1
4,16,929,0,0,500,0.6,1000,0.2,1400,0.2,0
4,17,519,1,0,300,0.5,1700,0.5,2
4,18,195,2,10,5,0,300,0.5,1700,0.5,2
4,19,228,2,10,5,0,300,0.5,1700,0.5,2
5,0,474,2,10,5,0,300,0.5,1700,0.5,2
5,1,337,0,0,300,0.5,1700,0.5,2
5,2,675,2,10,5,0,500,0.6,1000,0.2,1400,0.2,1
5,3,612,0,0,500,0.6,1000,0.2,1400,0.2,0
5,4,336,0,0,500,0.6,1000,0.2,1400,0.2,1
5,5,280,2,10,5,0,300,0.5,1700,0.5,1
5,6,815,2,10,5,0,500,0.6,1000,0.2,1400,0.2,0
5,7,306,1,0,300,0.5,1700,0.5,2
5,8,935,1,0,300,0.5,1700,0.5,0
5,9,616,1,0,300,0.5,1700,0.5,0
5,10,841,0,0,500,0.6,1000,0.2,1400,0.2,2
5,11,677,2,10,5,0,300,0.5,1700,0.5,2
5,12,691,0,0,300,0.5,1700,0.5,2
5,13,360,1,0,300,0.5,1700,0.5,2
5,14,606,2,10,5,0,500,0.6,1000,0.2,1400,0.2,2
5,15,334,2,10,5,0,300,0.5,1700,0.5,0
5,16,234,0,0,500,0.6,1000,0.2,1400,0.2,2
5,17,162,0,0,300,0.5,1700,0.5,0
5,18,257,1,0,500,0.6,1000,0.2,1400,0.2,2
5,19,24,2,10,5,0,500,0.6,1000,0.2,1400,0.2,2
6,0,626,1,0,500,0.6,1000,0.2,1400,0.2,0
6,1,290,2,10,5,0,500,0.6,1000,0.2,1400,0.2,2
6,2,545,2,10,5,0,300,0.5,1700,0.5,2
6,3,92,0,0,500,0.6,1000,0.2,1400,0.2,1
6,4,99,2,10,5,0,500,0.6,1000,0.2,1400,0.2,1
6,5,668,1,0,500,0.6,1000,0.2,1400,0.2,0
6,6,319,1,0,500,0.6,1000,0.2,1400,0.2,1
6,7,379,0,0,500,0.6,1000,0.2,1400,0.2,0
6,8,83,2,10,5,0,500,0.6,1000,0.2,1400,0.2,0
6,9,913,0,0,300,0.5,1700,0.5,1
6,10,955,2,10,5,0,500,0.6,1000,0.2,1400,0.2,2
6,11,302,2,10,5,0,500,0.6,1000,0.2,1400,0.2,2
6,12,706,2,10,5,0,300,0.5,1700,0.5,2
6,13,795,0,0,300,0.5,1700,0.5,1
6,14,79,2,10,5,0,500,0.6,1000,0.2,1400,0.2,2
6,15,536,0,0,300,0.5,1700,0.5,1
6,16,405,0,0,300,0.5,1700,0.5,0
6,17,521,2,10,5,0,300,0.5,1700,0.5,1
6,18,224,1,0,300,0.5,1700,0.5,0
6,19,398,1,0,300,0.5,1700,0.5,2
7,0,665,1,0,500,0.6,1000,0.2,1400,0.2,1
7,1,490,0,0,300,0.5,1700,0.5,0
7,2,969,1,0,300,0.5,1700,0.5,0
7,3,657,1,0,500,0.6,1000,0.2,1400,0.2,0
7,4,30,0,0,300,0.5,1700,0.5,1
7,5,77,1,0,500,0.6,1000,0.2,1400,0.2,0
7,6,80,1,0,300,0.5,1700,0.5,2
7,7,802,1,0,300,0.5,1700,0.5,2
7,8,964,2,10,5,0,500,0.6,1000,0.2,1400,0.2,1
7,9,544,2,10,5,0,500,0.6,1000,0.2,1400,0.2,1
7,10,885,2,10,5,0,300,0.5,1700,0.5,2
7,11,866,1,0,500,0.6,1000,0.2,1400,0.2,2
7,12,306,0,0,500,0.6,1000,0.2,1400,0.2,1
7,13,59,0,0,300,0.5,1700,0.5,1
7,14,675,2,10,5,0,500,0.6,1000,0.2,1400,0.2,1
7,15,427,1,0,500,0.6,1000,0.2,1400,0.2,0
7,16,349,0,0,500,0.6,1000,0.2,1400,0.2,1
7,17,399,0,0,500,0.6,1000,0.2,1400,0.2,0
7,18,955,2,10,5,0,300,0.5,1700,0.5,2
7,19,668,2,10,5,0,300,0.5,1700,0.5,1
8,0,88,1,0,300,0.5,1700,0.5,1
8,1,312,0,0,300,0.5,1700,0.5,0
8,2,409,0,0,300,0.5,1700,0.5,1
8,3,245,1,0,300,0.5,1700,0.5,0
8,4,570,0,0,500,0.6,1000,0.2,1400,0.2,1
8,5,916,1,0,500,0.6,1000,0.2,1400,0.2,1
8,6,263,0,0,500,0.6,1000,0.2,1400,0.2,0
8,7,819,0,0,500,0.6,1000,0.2,1400,0.2,2
8,8,187,1,0,500,0.6,1000,0.2,1400,0.2,0
8,9,410,2,10,5,0,300,0.5,1700,0.5,2
8,10,69,0,0,300,0.5,1700,0.5,2
8,11,55,0,0,500,0.6,1000,0.2,1400,0.2,2
8,12,628,0,0,300,0.5,1700,0.5,1
8,13,527,2,10,5,0,300,0.5,1700,0.5,2
8,14,947,0,0,300,0.5,1700,0.5,0
8,15,150,2,10,5,0,300,0.5,1700,0.5,0
8,16,629,1,0,300,0.5,1700,0.5,1
8,17,981,1,0,500,0.6,1000,0.2,1400,0.2,2
8,18,198,2,10,5,0,500,0.6,1000,0.2,1400,0.2,2
8,19,256,1,0,500,0.6,1000,0.2,1400,0.2,2
9,0,615,0,0,500,0.6,1000,0.2,1400,0.2,0
9,1,195,1,0,500,0.6,1000,0.2,1400,0.2,1
9,2,54,1,0,300,0.5,1700,0.5,0
9,3,853,1,0,300,0.5,1700,0.5,0
9,4,622,1,0,300,0.5,1700,0.5,0
9,5,912,0,0,500,0.6,1000,0.2,1400,0.2,1
9,6,535,0,0,300,0.5,1700,0.5,1
9,7,882,1,0,300,0.5,1700,0.5,1
9,8,907,1,0,500,0.6,1000,0.2,1400,0.2,2
9,9,874,2,10,5,0,300,0.5,1700,0.5,1
9,10,408,2,10,5,0,500,0.6,1000,0.2,1400,0.2,1
9,11,749,0,0,500,0.6,1000,0.2,1400,0.2,1
9,12,471,2,10,5,0,300,0.5,1700,0.5,1
9,13,146,1,0,500,0.6,1000,0.2,1400,0.2,0
9,14,347,2,10,5,0,300,0.5,1700,0.5,2
9,15,985,1,0,300,0.5,1700,0.5,1
9,16,39,1,0,300,0.5,1700,0.5,0
9,17,861,0,0,300,0.5,1700,0.5,2
9,18,613,2,10,5,0,500,0.6,1000,0.2,1400,0.2,2
9,19,89,1,0,300,0.5,1700,0.5,2
10,0,833,2,10,5,0,500,0.6,1000,0.2,1400,0.2,1
10,1,430,2,10,5,0,300,0.5,1700,0.5,1
10,2,689,2,10,5,0,300,0.5,1700,0.5,0
10,3,209,1,0,500,0.6,1000,0.2,1400,0.2,0
10,4,191,2,10,5,0,300,0.5,1700,0.5,2
10,5,771,1,0,300,0.5,1700,0.5,0
10,6,493,2,10,5,0,300,0.5,1700,0.5,2
10,7,874,2,10,5,0,500,0.6,1000,0.2,1400,0.2,1
10,8,836,2,10,5,0,500,0.6,1000,0.2,1400,0.2,0
10,9,13,0,0,500,0.6,1000,0.2,1400,0.2,1
10,10,936,2,10,5,0,300,0.5,1700,0.5,0
10,11,993,2,10,5,0,500,0.6,1000,0.2,1400,0.2,1
10,12,886,2,10,5,0,300,0.5,1700,0.5,0
10,13,913,0,0,300,0.5,1700,0.5,1
10,14,825,0,0,300,0.5,1700,0.5,0
10,15,425,0,0,300,0.5,1700,0.5,0
10,16,693,1,0,500,0.6,1000,0.2,1400,0.2,0
10,17,465,0,0,300,0.5,1700,0.5,1
10,18,302,1,0,300,0.5,1700,0.5,2
10,19,681,0,0,500,0.6,1000,0.2,1400,0.2,0
11,0,279,0,0,500,0.6,1000,0.2,1400,0.2,1
11,1,587,0,0,300,0.5,1700,0.5,0
11,2,61,1,0,500,0.6,1000,0.2,1400,0.2,1
11,3,337,2,10,5,0,300,0.5,1700,0.5,2
11,4,171,2,10,5,0,500,0.6,1000,0.2,1400,0.2,0
11,5,105,0,0,500,0.6,1000,0.2,1400,0.2,0
11,6,80,0,0,300,0.5,1700,0.5,2
11,7,982,1,0,500,0.6,1000,0.2,1400,0.2,0
11,8,939,2,10,5,0,300,0.5,1700,0.5,1
11,9,726,0,0,500,0.6,1000,0.2,1400,0.2,2
11,10,618,1,0,500,0.6,1000,0.2,1400,0.2,0
11,11,588,1,0,500,0.6,1000,0.2,1400,0.2,0
11,12,715,1,0,500,0.6,1000,0.2,1400,0.2,0
11,13,713,2,10,5,0,300,0.5,1700,0.5,1
11,14,70,2,10,5,0,300,0.5,1700,0.5,1
11,15,909,2,10,5,0,300,0.5,1700,0.5,0
11,16,251,2,10,5,0,500,0.6,1000,0.2,1400,0.2,2
11,17,740,1,0,500,0.6,1000,0.2,1400,0.2,1
11,18,357,1,0,500,0.6,1000,0.2,1400,0.2,2
11,19,644,1,0,500,0.6,1000,0.2,1400,0.2,2
12,0,649,2,10,5,0,300,0.5,1700,0.5,2
12,1,49,0,0,500,0.6,1000,0.2,1400,0.2,1
12,2,266,0,0,500,0.6,1000,0.2,1400,0.2,2
12,3,732,2,10,5,0,300,0.5,1700,0.5,1
12,4,132,1,0,500,0.6,1000,0.2,1400,0.2,1
12,5,920,0,0,300,0.5,1700,0.5,1
12,6,698,1,0,500,0.6,1000,0.2,1400,0.2,1
12,7,280,2,10,5,0,300,0.5,1700,0.5,0
12,8,94,2,10,5,0,500,0.6,1000,0.2,1400,0.2,0
12,9,216,1,0,300,0.5,1700,0.5,2
12,10,203,2,10,5,0,500,0.6,1000,0.2,1400,0.2,2
12,11,239,1,0,500,0.6,1000,0.2,1400,0.2,1
12,12,635,0,0,500,0.6,1000,0.2,1400,0.2,0
12,13,654,1,0,500,0.6,1000,0.2,1400,0.2,2
12,14,43,2,10,5,0,300,0.5,1700,0.5,2
12,15,715,0,0,500,0.6,1000,0.2,1400,0.2,2
12,16,749,0,0,500,0.6,1000,0.2,1400,0.2,0
12,17,831,0,0,300,0.5,1700,0.5,0
12,18,315,0,0,500,0.6,1000,0.2,1400,0.2,0
12,19,107,2,10,5,0,300,0.5,1700,0.5,2
13,0,533,0,0,300,0.5,1700,0.5,1
13,1,648,2,10,5,0,500,0.6,1000,0.2,1400,0.2,0
13,2,809,2,10,5,0,300,0.5,1700,0.5,0
13,3,709,1,0,500,0.6,1000,0.2,1400,0.2,1
13,4,676,0,0,300,0.5,1700,0.5,0
13,5,603,1,0,500,0.6,1000,0.2,1400,0.2,2
13,6,855,1,0,500,0.6,1000,0.2,1400,0.2,0
13,7,595,1,0,300,0.5,1700,0.5,0
13,8,557,2,10,5,0,300,0.5,1700,0.5,0
13,9,104,1,0,300,0.5,1700,0.5,1
13,10,828,2,10,5,0,300,0.5,1700,0.5,1
13,11,248,0,0,500,0.6,1000,0.2,1400,0.2,2
13,12,559,2,10,5,0,300,0.5,1700,0.5,0
13,13,264,0,0,500,0.6,1000,0.2,1400,0.2,0
13,14,37,1,0,300,0.5,1700,0.5,0
13,15,426,1,0,300,0.5,1700,0.5,0
13,16,118,0,0,300,0.5,1700,0.5,2
13,17,882,2,10,5,0,300,0.5,1700,0.5,1
13,18,652,0,0,300,0.5,1700,0.5,0
13,19,246,0,0,300,0.5,1700,0.5,1
14,0,713,0,0,300,0.5,1700,0.5,2
14,1,349,2,10,5,0,300,0.5,1700,0.5,1
14,2,787,2,10,5,0,500,0.6,1000,0.2,1400,0.2,0
14,3,313,1,0,300,0.5,1700,0.5,2
14,4,534,2,10,5,0,500,0.6,1000,0.2,1400,0.2,0
14,5,90,2,10,5,0,500,0.6,1000,0.2,1400,0.2,2
14,6,204,2,10,5,0,300,0.5,1700,0.5,2
14,7,627,2,10,5,0,300,0.5,1700,0.5,2
14,8,921,0,0,500,0.6,1000,0.2,1400,0.2,2
14,9,659,0,0,300,0.5,1700,0.5,0
14,10,220,0,0,300,0.5,1700,0.5,1
14,11,432,2,10,5,0,500,0.6,1000,0.2,1400,0.2,2
14,12,727,1,0,300,0.5,1700,0.5,0
14,13,869,0,0,300,0.5,1700,0.5,2
14,14,10,1,0,300,0.5,1700,0.5,1
14,15,17,1,0,300,0.5,1700,0.5,0
14,16,303,1,0,300,0.5,1700,0.5,2
14,17,183,0,0,500,0.6,1000,0.2,1400,0.2,2
14,18,405,0,0,300,0.5,1700,0.5,1
14,19,160,1,0,500,0.6,1000,0.2,1400,0.2,1
15,0,344,2,10,5,0,500,0.6,1000,0.2,1400,0.2,0
15,1,447,2,10,5,0,500,0.6,1000,0.2,1400,0.2,2
15,2,71,2,10,5,0,300,0.5,1700,0.5,2
15,3,201,2,10,5,0,500,0.6,1000,0.2,1400,0.2,1
15,4,52,1,0,300,0.5,1700,0.5,0
15,5,889,0,0,500,0.6,1000,0.2,1400,0.2,0
15,6,801,0,0,500,0.6,1000,0.2,1400,0.2,1
15,7,275,0,0,300,0.5,1700,0.5,2
15,8,159,1,0,500,0.6,1000,0.2,1400,0.2,2
15,9,932,0,0,500,0.6,1000,0.2,1400,0.2,0
15,10,80,2,10,5,0,500,0.6,1000,0.2,1400,0.2,1
15,11,323,0,0,500,0.6,1000,0.2,1400,0.2,0
15,12,396,2,10,5,0,500,0.6,1000,0.2,1400,0.2,0
15,13,952,1,0,300,0.5,1700,0.5,0
15,14,84,0,0,500,0.6,1000,0.2,1400,0.2,0
15,15,623,0,0,300,0.5,1700,0.5,2
15,16,261,2,10,5,0,500,0.6,1000,0.2,1400,0.2,2
15,17,938,2,10,5,0,300,0.5,1700,0.5,1
15,18,543,1,0,500,0.6,1000,0.2,1400,0.2,0
15,19,899,0,0,300,0.5,1700,0.5,0
16,0,913,1,0,300,0.5,1700,0.5,1
16,1,478,0,0,500,0.6,1000,0.2,1400,0.2,1
16,2,545,1,0,300,0.5,1700,0.5,1
16,3,682,2,10,5,0,300,0.5,1700,0.5,2
16,4,953,2,10,5,0,500,0.6,1000,0.2,1400,0.2,0
16,5,712,1,0,500,0.6,1000,0.2,1400,0.2,0
16,6,952,0,0,300,0.5,1700,0.5,0
16,7,298,2,10,5,0,300,0.5,1700,0.5,2
16,8,86,0,0,300,0.5,1700,0.5,2
16,9,714,1,0,300,0.5,1700,0.5,1
16,10,750,0,0,500,0.6,1000,0.2,1400,0.2,2
16,11,888,1,0,300,0.5,1700,0.5,1
16,12,542,0,0,500,0.6,1000,0.2,1400,0.2,0
16,13,219,2,10,5,0,500,0.6,1000,0.2,1400,0.2,0
16,14,674,2,10,5,0,500,0.6,1000,0.2,1400,0.2,1
16,15,171,0,0,500,0.6,1000,0.2,1400,0.2,0
16,16,486,0,0,500,0.6,1000,0.2,1400,0.2,1
16,17,973,0,0,300,0.5,1700,0.5,1
16,18,597,1,0,500,0.6,1000,0.2,1400,0.2,1
16,19,18,1,0,300,0.5,1700,0.5,0
17,0,617,2,10,5,0,300,0.5,1700,0.5,1
17,1,460,1,0,300,0.5,1700,0.5,0
17,2,933,1,0,500,0.6,1000,0.2,1400,0.2,2
17,3,662,2,10,5,0,500,0.6,1000,0.2,1400,0.2,2
17,4,290,2,10,5,0,300,0.5,1700,0.5,2
17,5,673,1,0,300,0.5,1700,0.5,0
17,6,706,0,0,500,0.6,1000,0.2,1400,0.2,0
17,7,644,2,10,5,0,500,0.6,1000,0.2,1400,0.2,2
17,8,441,1,0,500,0.6,1000,0.2,1400,0.2,2
17,9,82,1,0,300,0.5,1700,0.5,1
17,10,82,0,0,300,0.5,1700,0.5,1
17,11,904,2,10,5,0,300,0.5,1700,0.5,0
17,12,139,1,0,500,0.6,1000,0.2,1400,0.2,1
17,13,410,0,0,300,0.5,1700,0.5,2
17,14,480,1,0,300,0.5,1700,0.5,0
17,15,317,0,0,500,0.6,1000,0.2,1400,0.2,2
17,16,207,0,0,500,0.6,1000,0.2,1400,0.2,1
17,17,376,0,0,300,0.5,1700,0.5,2
17,18,462,1,0,300,0.5,1700,0.5,2
17,19,364,2,10,5,0,300,0.5,1700,0.5,1
18,0,588,1,0,300,0.5,1700,0.5,1
18,1,699,2,10,5,0,300,0.5,1700,0.5,1
18,2,425,0,0,500,0.6,1000,0.2,1400,0.2,0
18,3,487,1,0,500,0.6,1000,0.2,1400,0.2,0
18,4,998,2,10,5,0,500,0.6,1000,0.2,1400,0.2,0
18,5,630,1,0,300,0.5,1700,0.5,1
18,6,493,0,0,500,0.6,1000,0.2,1400,0.2,1
18,7,88,0,0,300,0.5,1700,0.5,0
18,8,770,0,0,300,0.5,1700,0.5,2
18,9,273,2,10,5,0,300,0.5,1700,0.5,1
18,10,563,0,0,300,0.5,1700,0.5,1
18,11,989,2,10,5,0,500,0.6,1000,0.2,1400,0.2,2
18,12,784,2,10,5,0,300,0.5,1700,0.5,2
18,13,678,1,0,500,0.6,1000,0.2,1400,0.2,2
18,14,567,1,0,500,0.6,1000,0.2,1400,0.2,1
18,15,775,2,10,5,0,500,0.6,1000,0.2,1400,0.2,1
18,16,528,1,0,300,0.5,1700,0.5,0
18,17,131,2,10,5,0,500,0.6,1000,0.2,1400,0.2,1
18,18,937,1,0,500,0.6,1000,0.2,1400,0.2,0
18,19,881,1,0,500,0.6,1000,0.2,1400,0.2,2
19,0,883,2,10,5,0,300,0.5,1700,0.5,1
19,1,477,1,0,300,0.5,1700,0.5,1
19,2,915,1,0,300,0.5,1700,0.5,2
19,3,493,2,10,5,0,300,0.5,1700,0.5,1
19,4,982,0,0,300,0.5,1700,0.5,1
19,5,45,1,0,500,0.6,1000,0.2,1400,0.2,1
19,6,643,0,0,300,0.5,1700,0.5,2
19,7,696,2,10,5,0,500,0.6,1000,0.2,1400,0.2,2
19,8,574,2,10,5,0,500,0.6,1000,0.2,1400,0.2,2
19,9,973,0,0,500,0.6,1000,0.2,1400,0.2,1
19,10,173,2,10,5,0,500,0.6,1000,0.2,1400,0.2,2
19,11,139,2,10,5,0,300,0.5,1700,0.5,2
19,12,568,1,0,500,0.6,1000,0.2,1400,0.2,2
19,13,969,1,0,300,0.5,1700,0.5,2
19,14,548,0,0,300,0.5,1700,0.5,2
19,15,947,1,0,300,0.5,1700,0.5,2
19,16,862,0,0,500,0.6,1000,0.2,1400,0.2,0
19,17,757,2,10,5,0,500,0.6,1000,0.2,1400,0.2,2
19,18,154,1,0,300,0.5,1700,0.5,0
19,19,663,2,10,5,0,500,0.6,1000,0.2,1400,0.2,2
