0,0,569,2,10,5,0,300,0.5,1700,0.5,1
0,1,698,2,10,5,0,500,0.6,1000,0.2,1400,0.2,1
0,2,893,1,0,300,0.5,1700,0.5,2
0,3,868,1,0,500,0.6,1000,0.2,1400,0.2,1
0,4,518,1,0,300,0.5,1700,0.5,1
0,5,233,1,0,500,0.6,1000,0.2,1400,0.2,1
0,6,202,1,0,300,0.5,1700,0.5,1
0,7,80,1,0,500,0.6,1000,0.2,1400,0.2,0
0,8,763,2,10,5,0,500,0.6,1000,0.2,1400,0.2,1
0,9,565,1,0,300,0.5,1700,0.5,2
0,10,95,1,0,300,0.5,1700,0.5,0
0,11,584,2,10,5,0,500,0.6,1000,0.2,1400,0.2,1
0,12,870,0,0,500,0.6,1000,0.2,1400,0.2,2
0,13,483,1,0,500,0.6,1000,0.2,1400,0.2,0
0,14,347,0,0,500,0.6,1000,0.2,1400,0.2,0
0,15,704,2,10,5,0,300,0.5,1700,0.5,0
0,16,610,0,0,300,0.5,1700,0.5,1
0,17,365,0,0,500,0.6,1000,0.2,1400,0.2,0
0,18,292,1,0,300,0.5,1700,0.5,0
0,19,855,2,10,5,0,500,0.6,1000,0.2,1400,0.2,1
1,0,599,0,0,300,0.5,1700,0.5,1
1,1,674,0,0,300,0.5,1700,0.5,1
1,2,375,2,10,5,0,300,0.5,1700,0.5,2
1,3,21,1,0,500,0.6,1000,0.2,1400,0.2,0
1,4,959,1,0,500,0.6,1000,0.2,1400,0.2,0
1,5,898,0,0,300,0.5,1700,0.5,0
1,6,910,0,0,300,0.5,1700,0.5,1
1,7,113,1,0,300,0.5,1700,0.5,2
1,8,966,1,0,300,0.5,1700,0.5,0
1,9,336,1,0,300,0.5,1700,0.5,0
1,10,402,2,10,5,0,300,0.5,1700,0.5,0
1,11,917,2,10,5,0,500,0.6,1000,0.2,1400,0.2,2
1,12,229,1,0,500,0.6,1000,0.2,1400,0.2,0
1,13,993,0,0,300,0.5,1700,0.5,2
1,14,267,2,10,5,0,500,0.6,1000,0.2,1400,0.2,1
1,15,297,1,0,300,0.5,1700,0.5,0
1,16,827,0,0,500,0.6,1000,0.2,1400,0.2,0
1,17,648,2,10,5,0,300,0.5,1700,0.5,2
1,18,928,2,10,5,0,500,0.6,1000,0.2,1400,0.2,0
1,19,253,2,10,5,0,500,0.6,1000,0.2,1400,0.2,2
2,0,650,0,0,500,0.6,1000,0.2,1400,0.2,0
2,1,890,0,0,300,0.5,1700,0.5,0
2,2,834,0,0,300,0.5,1700,0.5,2
2,3,544,1,0,500,0.6,1000,0.2,1400,0.2,1
2,4,506,0,0,500,0.6,1000,0.2,1400,0.2,0
2,5,907,0,0,500,0.6,1000,0.2,1400,0.2,2
2,6,766,2,10,5,0,500,0.6,1000,0.2,1400,0.2,2
2,7,61,1,0,300,0.5,1700,0.5,1
2,8,683,1,0,500,0.6,1000,0.2,1400,0.2,1
2,9,865,2,10,5,0,300,0.5,1700,0.5,0
2,10,676,0,0,300,0.5,1700,0.5,1
2,11,124,2,10,5,0,500,0.6,1000,0.2,1400,0.2,1
2,12,230,2,10,5,0,500,0.6,1000,0.2,1400,0.2,1
2,13,153,1,0,500,0.6,1000,0.2,1400,0.2,0
2,14,916,0,0,300,0.5,1700,0.5,0
2,15,497,0,0,500,0.6,1000,0.2,1400,0.2,0
2,16,440,1,0,500,0.6,1000,0.2,1400,0.2,1
2,17,753,1,0,300,0.5,1700,0.5,2
2,18,238,2,10,5,0,500,0.6,1000,0.2,1400,0.2,0
2,19,424,2,10,5,0,500,0.6,1000,0.2,1400,0.2,0
3,0,860,0,0,500,0.6,1000,0.2,1400,0.2,1
3,1,434,0,0,300,0.5,1700,0.5,2
3,2,446,0,0,300,0.5,1700,0.5,0
3,3,121,2,10,5,0,300,0.5,1700,0.5,0
3,4,829,0,0,500,0.6,1000,0.2,1400,0.2,1
3,5,748,0,0,500,0.6,1000,0.2,1400,0.2,2
3,6,908,2,10,5,0,500,0.6,1000,0.2,1400,0.2,1
3,7,604,0,0,500,0.6,1000,0.2,1400,0.2,2
3,8,256,2,10,5,0,500,0.6,1000,0.2,1400,0.2,0
3,9,787,1,0,500,0.6,1000,0.2,1400,0.2,1
3,10,747,1,0,300,0.5,1700,0.5,2
3,11,867,2,10,5,0,300,0.5,1700,0.5,0
3,12,532,2,10,5,0,300,0.5,1700,0.5,0
3,13,679,2,10,5,0,300,0.5,1700,0.5,2
3,14,162,0,0,300,0.5,1700,0.5,0
3,15,783,2,10,5,0,300,0.5,1700,0.5,0
3,16,271,1,0,500,0.6,1000,0.2,1400,0.2,0
3,17,922,0,0,500,0.6,1000,0.2,1400,0.2,2
3,18,808,1,0,300,0.5,1700,0.5,0
3,19,925,1,0,300,0.5,1700,0.5,2
4,0,772,1,0,500,0.6,1000,0.2,1400,0.2,2
4,1,889,1,0,300,0.5,1700,0.5,0
4,2,809,2,10,5,0,300,0.5,1700,0.5,0
4,3,32,0,0,500,0.6,1000,0.2,1400,0.2,1
4,4,890,1,0,500,0.6,1000,0.2,1400,0.2,0
4,5,606,1,0,500,0.6,1000,0.2,1400,0.2,2
4,6,757,2,10,5,0,500,0.6,1000,0.2,1400,0.2,2
4,7,114,2,10,5,0,300,0.5,1700,0.5,0
4,8,767,1,0,500,0.6,1000,0.2,1400,0.2,0
4,9,814,2,10,5,0,500,0.6,1000,0.2,1400,0.2,2
4,10,55,0,0,500,0.6,1000,0.2,1400,0.2,2
4,11,408,0,0,500,0.6,1000,0.2,1400,0.2,0
4,12,742,0,0,300,0.5,1700,0.5,1
4,13,860,2,10,5,0,500,0.6,1000,0.2,1400,0.2,0
4,14,284,2,10,5,0,500,0.6,1000,0.2,1400,0.2,2
4,15,425,2,10,5,0,300,0.5,1700,0.5,1
4,16,554,1,0,500,0.6,1000,0.2,1400,0.2,2
4,17,628,1,0,500,0.6,1000,0.2,1400,0.2,2
4,18,253,2,10,5,0,500,0.6,1000,0.2,1400,0.2,0
4,19,538,1,0,300,0.5,1700,0.5,0
5,0,384,0,0,300,0.5,1700,0.5,0
5,1,133,0,0,300,0.5,1700,0.5,2
5,2,727,0,0,300,0.5,1700,0.5,2
5,3,589,1,0,500,0.6,1000,0.2,1400,0.2,2
5,4,102,0,0,300,0.5,1700,0.5,1
5,5,223,1,0,300,0.5,1700,0.5,0
5,6,637,1,0,300,0.5,1700,0.5,2
5,7,748,2,10,5,0,300,0.5,1700,0.5,2
5,8,821,2,10,5,0,500,0.6,1000,0.2,1400,0.2,1
5,9,201,2,10,5,0,300,0.5,1700,0.5,1
5,10,686,0,0,300,0.5,1700,0.5,0
5,11,702,0,0,300,0.5,1700,0.5,1
5,12,944,0,0,300,0.5,1700,0.5,0
5,13,684,2,10,5,0,500,0.6,1000,0.2,1400,0.2,2
5,14,385,2,10,5,0,300,0.5,1700,0.5,0
5,15,602,1,0,500,0.6,1000,0.2,1400,0.2,0
5,16,228,2,10,5,0,300,0.5,1700,0.5,1
5,17,197,0,0,300,0.5,1700,0.5,1
5,18,550,1,0,300,0.5,1700,0.5,0
5,19,803,0,0,500,0.6,1000,0.2,1400,0.2,1
6,0,854,2,10,5,0,300,0.5,1700,0.5,2
6,1,408,2,10,5,0,300,0.5,1700,0.5,0
6,2,845,2,10,5,0,300,0.5,1700,0.5,2
6,3,889,0,0,500,0.6,1000,0.2,1400,0.2,0
6,4,102,1,0,300,0.5,1700,0.5,2
6,5,204,0,0,300,0.5,1700,0.5,2
6,6,865,1,0,500,0.6,1000,0.2,1400,0.2,0
6,7,413,0,0,300,0.5,1700,0.5,0
6,8,387,1,0,300,0.5,1700,0.5,1
6,9,372,1,0,300,0.5,1700,0.5,0
6,10,378,1,0,500,0.6,1000,0.2,1400,0.2,0
6,11,826,2,10,5,0,500,0.6,1000,0.2,1400,0.2,1
6,12,46,2,10,5,0,500,0.6,1000,0.2,1400,0.2,1
6,13,291,0,0,300,0.5,1700,0.5,1
6,14,727,1,0,300,0.5,1700,0.5,1
6,15,67,0,0,500,0.6,1000,0.2,1400,0.2,0
6,16,480,1,0,300,0.5,1700,0.5,2
6,17,817,2,10,5,0,300,0.5,1700,0.5,1
6,18,343,1,0,300,0.5,1700,0.5,1
6,19,164,2,10,5,0,300,0.5,1700,0.5,1
7,0,513,1,0,500,0.6,1000,0.2,1400,0.2,1
7,1,863,0,0,500,0.6,1000,0.2,1400,0.2,0
7,2,378,0,0,300,0.5,1700,0.5,0
7,3,331,0,0,500,0.6,1000,0.2,1400,0.2,0
7,4,550,2,10,5,0,300,0.5,1700,0.5,2
7,5,583,2,10,5,0,500,0.6,1000,0.2,1400,0.2,1
7,6,202,2,10,5,0,500,0.6,1000,0.2,1400,0.2,0
7,7,633,0,0,300,0.5,1700,0.5,1
7,8,405,0,0,500,0.6,1000,0.2,1400,0.2,1
7,9,778,1,0,500,0.6,1000,0.2,1400,0.2,1
7,10,780,0,0,500,0.6,1000,0.2,1400,0.2,1
7,11,448,0,0,500,0.6,1000,0.2,1400,0.2,0
7,12,968,2,10,5,0,300,0.5,1700,0.5,2
7,13,414,0,0,300,0.5,1700,0.5,2
7,14,757,0,0,300,0.5,1700,0.5,1
7,15,26,2,10,5,0,300,0.5,1700,0.5,1
7,16,331,0,0,500,0.6,1000,0.2,1400,0.2,0
7,17,108,1,0,500,0.6,1000,0.2,1400,0.2,0
7,18,145,1,0,300,0.5,1700,0.5,2
7,19,548,1,0,500,0.6,1000,0.2,1400,0.2,0
8,0,523,2,10,5,0,300,0.5,1700,0.5,1
8,1,265,2,10,5,0,500,0.6,1000,0.2,1400,0.2,0
8,2,743,1,0,300,0.5,1700,0.5,0
8,3,962,2,10,5,0,500,0.6,1000,0.2,1400,0.2,2
8,4,532,2,10,5,0,300,0.5,1700,0.5,1
8,5,938,0,0,300,0.5,1700,0.5,1
8,6,59,2,10,5,0,500,0.6,1000,0.2,1400,0.2,2
8,7,273,2,10,5,0,500,0.6,1000,0.2,1400,0.2,2
8,8,22,1,0,300,0.5,1700,0.5,0
8,9,821,2,10,5,0,500,0.6,1000,0.2,1400,0.2,2
8,10,61,1,0,300,0.5,1700,0.5,0
8,11,891,1,0,300,0.5,1700,0.5,1
8,12,270,1,0,300,0.5,1700,0.5,0
8,13,756,0,0,300,0.5,1700,0.5,0
8,14,372,2,10,5,0,300,0.5,1700,0.5,2
8,15,820,2,10,5,0,500,0.6,1000,0.2,1400,0.2,0
8,16,169,2,10,5,0,300,0.5,1700,0.5,2
8,17,306,1,0,300,0.5,1700,0.5,0
8,18,871,1,0,500,0.6,1000,0.2,1400,0.2,1
8,19,591,2,10,5,0,500,0.6,1000,0.2,1400,0.2,0
9,0,438,2,10,5,0,300,0.5,1700,0.5,2
9,1,887,1,0,500,0.6,1000,0.2,1400,0.2,2
9,2,238,0,0,300,0.5,1700,0.5,0
9,3,543,0,0,300,0.5,1700,0.5,1
9,4,343,2,10,5,0,500,0.6,1000,0.2,1400,0.2,2
9,5,601,2,10,5,0,300,0.5,1700,0.5,0
9,6,931,0,0,300,0.5,1700,0.5,2
9,7,264,2,10,5,0,300,0.5,1700,0.5,0
9,8,98,2,10,5,0,300,0.5,1700,0.5,0
9,9,402,2,10,5,0,500,0.6,1000,0.2,1400,0.2,0
9,10,37,1,0,300,0.5,1700,0.5,1
9,11,711,0,0,300,0.5,1700,0.5,1
9,12,985,1,0,300,0.5,1700,0.5,1
9,13,609,2,10,5,0,300,0.5,1700,0.5,0
9,14,174,1,0,300,0.5,1700,0.5,0
9,15,149,2,10,5,0,500,0.6,1000,0.2,1400,0.2,1
9,16,996,0,0,500,0.6,1000,0.2,1400,0.2,2
9,17,617,2,10,5,0,500,0.6,1000,0.2,1400,0.2,1
9,18,589,1,0,500,0.6,1000,0.2,1400,0.2,0
9,19,901,0,0,300,0.5,1700,0.5,2
10,0,422,2,10,5,0,500,0.6,1000,0.2,1400,0.2,0
10,1,506,0,0,500,0.6,1000,0.2,1400,0.2,2
10,2,573,1,0,300,0.5,1700,0.5,2
10,3,36,2,10,5,0,500,0.6,1000,0.2,1400,0.2,2
10,4,646,1,0,500,0.6,1000,0.2,1400,0.2,2
10,5,32,2,10,5,0,300,0.5,1700,0.5,0
10,6,330,1,0,300,0.5,1700,0.5,2
10,7,727,1,0,500,0.6,1000,0.2,1400,0.2,2
10,8,542,0,0,500,0.6,1000,0.2,1400,0.2,0
10,9,711,1,0,500,0.6,1000,0.2,1400,0.2,2
10,10,196,0,0,300,0.5,1700,0.5,2
10,11,681,1,0,300,0.5,1700,0.5,2
10,12,735,0,0,300,0.5,1700,0.5,2
10,13,174,2,10,5,0,300,0.5,1700,0.5,0
10,14,973,2,10,5,0,500,0.6,1000,0.2,1400,0.2,2
10,15,909,2,10,5,0,300,0.5,1700,0.5,2
10,16,873,0,0,500,0.6,1000,0.2,1400,0.2,1
10,17,197,2,10,5,0,300,0.5,1700,0.5,2
10,18,228,2,10,5,0,300,0.5,1700,0.5,0
10,19,509,1,0,500,0.6,1000,0.2,1400,0.2,0
11,0,807,0,0,500,0.6,1000,0.2,1400,0.2,0
11,1,647,2,10,5,0,500,0.6,1000,0.2,1400,0.2,2
11,2,50,1,0,300,0.5,1700,0.5,0
11,3,307,2,10,5,0,500,0.6,1000,0.2,1400,0.2,2
11,4,959,2,10,5,0,500,0.6,1000,0.2,1400,0.2,1
11,5,551,1,0,300,0.5,1700,0.5,1
11,6,603,0,0,300,0.5,1700,0.5,0
11,7,284,1,0,300,0.5,1700,0.5,1
11,8,908,1,0,500,0.6,1000,0.2,1400,0.2,1
11,9,821,2,10,5,0,300,0.5,1700,0.5,2
11,10,964,2,10,5,0,300,0.5,1700,0.5,1
11,11,487,1,0,500,0.6,1000,0.2,1400,0.2,1
11,12,327,0,0,300,0.5,1700,0.5,0
11,13,188,2,10,5,0,500,0.6,1000,0.2,1400,0.2,0
11,14,140,2,10,5,0,500,0.6,1000,0.2,1400,0.2,2
11,15,768,2,10,5,0,500,0.6,1000,0.2,1400,0.2,0
11,16,869,2,10,5,0,500,0.6,1000,0.2,1400,0.2,0
11,17,923,0,0,500,0.6,1000,0.2,1400,0.2,2
11,18,510,2,10,5,0,300,0.5,1700,0.5,0
11,19,202,1,0,300,0.5,1700,0.5,0
12,0,978,1,0,500,0.6,1000,0.2,1400,0.2,2
12,1,580,0,0,300,0.5,1700,0.5,1
12,2,475,1,0,300,0.5,1700,0.5,0
12,3,757,2,10,5,0,300,0.5,1700,0.5,0
12,4,999,0,0,300,0.5,1700,0.5,1
12,5,957,0,0,300,0.5,1700,0.5,2
12,6,61,2,10,5,0,300,0.5,1700,0.5,2
12,7,480,0,0,500,0.6,1000,0.2,1400,0.2,0
12,8,14,0,0,500,0.6,1000,0.2,1400,0.2,0
12,9,89,2,10,5,0,500,0.6,1000,0.2,1400,0.2,0
12,10,358,0,0,300,0.5,1700,0.5,1
12,11,299,1,0,300,0.5,1700,0.5,0
12,12,87,2,10,5,0,300,0.5,1700,0.5,2
12,13,829,0,0,500,0.6,1000,0.2,1400,0.2,2
12,14,227,2,10,5,0,500,0.6,1000,0.2,1400,0.2,1
12,15,504,0,0,300,0.5,1700,0.5,0
12,16,700,2,10,5,0,500,0.6,1000,0.2,1400,0.2,2
12,17,631,0,0,500,0.6,1000,0.2,1400,0.2,0
12,18,777,2,10,5,0,300,0.5,1700,0.5,1
12,19,335,2,10,5,0,300,0.5,1700,0.5,1
13,0,587,2,10,5,0,300,0.5,1700,0.5,1
13,1,91,1,0,500,0.6,1000,0.2,1400,0.2,2
13,2,389,2,10,5,0,300,0.5,1700,0.5,2
13,3,563,1,0,500,0.6,1000,0.2,1400,0.2,2
13,4,719,1,0,300,0.5,1700,0.5,2
13,5,750,1,0,300,0.5,1700,0.5,0
13,6,80,0,0,500,0.6,1000,0.2,1400,0.2,0
13,7,717,1,0,300,0.5,1700,0.5,2
13,8,386,1,0,500,0.6,1000,0.2,1400,0.2,1
13,9,434,0,0,500,0.6,1000,0.2,1400,0.2,0
13,10,94,1,0,500,0.6,1000,0.2,1400,0.2,1
13,11,608,1,0,300,0.5,1700,0.5,2
13,12,79,2,10,5,0,500,0.6,1000,0.2,1400,0.2,1
13,13,893,1,0,500,0.6,1000,0.2,1400,0.2,0
13,14,229,2,10,5,0,500,0.6,1000,0.2,1400,0.2,1
13,15,849,1,0,300,0.5,1700,0.5,0
13,16,733,0,0,500,0.6,1000,0.2,1400,0.2,2
13,17,439,0,0,500,0.6,1000,0.2,1400,0.2,0
13,18,729,2,10,5,0,500,0.6,1000,0.2,1400,0.2,0
13,19,802,2,10,5,0,300,0.5,1700,0.5,2
14,0,116,1,0,300,0.5,1700,0.5,2
14,1,572,0,0,500,0.6,1000,0.2,1400,0.2,0
14,2,167,2,10,5,0,500,0.6,1000,0.2,1400,0.2,0
14,3,723,0,0,300,0.5,1700,0.5,0
14,4,432,2,10,5,0,500,0.6,1000,0.2,1400,0.2,0
14,5,843,0,0,300,0.5,1700,0.5,1
14,6,559,1,0,300,0.5,1700,0.5,2
14,7,467,1,0,500,0.6,1000,0.2,1400,0.2,0
14,8,353,0,0,500,0.6,1000,0.2,1400,0.2,0
14,9,924,2,10,5,0,500,0.6,1000,0.2,1400,0.2,0
14,10,120,1,0,300,0.5,1700,0.5,1
14,11,429,0,0,300,0.5,1700,0.5,2
14,12,364,0,0,300,0.5,1700,0.5,0
14,13,83,0,0,300,0.5,1700,0.5,1
14,14,538,1,0,300,0.5,1700,0.5,0
14,15,678,0,0,300,0.5,1700,0.5,2
14,16,389,0,0,500,0.6,1000,0.2,1400,0.2,2
14,17,791,0,0,300,0.5,1700,0.5,1
14,18,891,1,0,300,0.5,1700,0.5,0
14,19,237,2,10,5,0,500,0.6,1000,0.2,1400,0.2,0
15,0,511,0,0,300,0.5,1700,0.5,0
15,1,129,0,0,500,0.6,1000,0.2,1400,0.2,0
15,2,784,1,0,300,0.5,1700,0.5,1
15,3,740,0,0,500,0.6,1000,0.2,1400,0.2,0
15,4,449,1,0,300,0.5,1700,0.5,0
15,5,486,0,0,300,0.5,1700,0.5,0
15,6,79,0,0,500,0.6,1000,0.2,1400,0.2,0
15,7,180,0,0,300,0.5,1700,0.5,1
15,8,565,2,10,5,0,500,0.6,1000,0.2,1400,0.2,0
15,9,953,0,0,500,0.6,1000,0.2,1400,0.2,1
15,10,933,0,0,300,0.5,1700,0.5,2
15,11,588,1,0,300,0.5,1700,0.5,1
15,12,434,2,10,5,0,300,0.5,1700,0.5,0
15,13,165,0,0,500,0.6,1000,0.2,1400,0.2,1
15,14,742,1,0,500,0.6,1000,0.2,1400,0.2,1
15,15,835,2,10,5,0,300,0.5,1700,0.5,2
15,16,36,1,0,500,0.6,1000,0.2,1400,0.2,0
15,17,273,1,0,500,0.6,1000,0.2,1400,0.2,2
15,18,105,1,0,500,0.6,1000,0.2,1400,0.2,2
15,19,758,2,10,5,0,500,0.6,1000,0.2,1400,0.2,2
16,0,774,2,10,5,0,500,0.6,1000,0.2,1400,0.2,1
16,1,722,1,0,500,0.6,1000,0.2,1400,0.2,0
16,2,922,0,0,500,0.6,1000,0.2,1400,0.2,2
16,3,370,2,10,5,0,500,0.6,1000,0.2,1400,0.2,1
16,4,550,0,0,300,0.5,1700,0.5,1
16,5,400,1,0,500,0.6,1000,0.2,1400,0.2,1
16,6,937,0,0,300,0.5,1700,0.5,2
16,7,448,0,0,300,0.5,1700,0.5,0
16,8,787,2,10,5,0,500,0.6,1000,0.2,1400,0.2,1
16,9,303,1,0,300,0.5,1700,0.5,0
16,10,987,2,10,5,0,300,0.5,1700,0.5,2
16,11,906,0,0,500,0.6,1000,0.2,1400,0.2,0
16,12,932,1,0,300,0.5,1700,0.5,2
16,13,227,0,0,300,0.5,1700,0.5,1
16,14,587,1,0,500,0.6,1000,0.2,1400,0.2,1
16,15,677,2,10,5,0,500,0.6,1000,0.2,1400,0.2,2
16,16,794,1,0,300,0.5,1700,0.5,2
16,17,499,2,10,5,0,300,0.5,1700,0.5,2
16,18,745,1,0,300,0.5,1700,0.5,0
16,19,92,2,10,5,0,500,0.6,1000,0.2,1400,0.2,0
17,0,401,0,0,300,0.5,1700,0.5,0
17,1,866,2,10,5,0,300,0.5,1700,0.5,1
17,2,130,2,10,5,0,500,0.6,1000,0.2,1400,0.2,2
17,3,935,2,10,5,0,300,0.5,1700,0.5,0
17,4,889,1,0,500,0.6,1000,0.2,1400,0.2,2
17,5,930,0,0,500,0.6,1000,0.2,1400,0.2,1
17,6,303,1,0,300,0.5,1700,0.5,2
17,7,866,1,0,500,0.6,1000,0.2,1400,0.2,1
17,8,672,0,0,500,0.6,1000,0.2,1400,0.2,2
17,9,299,0,0,500,0.6,1000,0.2,1400,0.2,1
17,10,980,1,0,300,0.5,1700,0.5,1
17,11,306,2,10,5,0,300,0.5,1700,0.5,0
17,12,127,1,0,300,0.5,1700,0.5,0
17,13,692,1,0,500,0.6,1000,0.2,1400,0.2,0
17,14,832,1,0,500,0.6,1000,0.2,1400,0.2,1
17,15,633,1,0,300,0.5,1700,0.5,2
17,16,561,1,0,500,0.6,1000,0.2,1400,0.2,0
17,17,523,1,0,500,0.6,1000,0.2,1400,0.2,2
17,18,960,2,10,5,0,500,0.6,1000,0.2,1400,0.2,1
17,19,615,0,0,500,0.6,1000,0.2,1400,0.2,2
18,0,161,0,0,500,0.6,1000,0.2,1400,0.2,1
18,1,126,0,0,500,0.6,1000,0.2,1400,0.2,2
18,2,971,2,10,5,0,500,0.6,1000,0.2,1400,0.2,1
18,3,577,1,0,300,0.5,1700,0.5,1
18,4,571,1,0,500,0.6,1000,0.2,1400,0.2,2
18,5,190,1,0,300,0.5,1700,0.5,1
18,6,376,0,0,500,0.6,1000,0.2,1400,0.2,0
18,7,274,2,10,5,0,500,0.6,1000,0.2,1400,0.2,0
18,8,906,1,0,300,0.5,1700,0.5,0
18,9,716,0,0,500,0.6,1000,0.2,1400,0.2,2
18,10,790,1,0,300,0.5,1700,0.5,1
18,11,260,2,10,5,0,300,0.5,1700,0.5,1
18,12,935,0,0,500,0.6,1000,0.2,1400,0.2,2
18,13,538,0,0,300,0.5,1700,0.5,1
18,14,564,0,0,500,0.6,1000,0.2,1400,0.2,1
18,15,911,2,10,5,0,300,0.5,1700,0.5,2
18,16,730,0,0,300,0.5,1700,0.5,2
18,17,215,1,0,300,0.5,1700,0.5,0
18,18,791,0,0,500,0.6,1000,0.2,1400,0.2,2
18,19,21,2,10,5,0,500,0.6,1000,0.2,1400,0.2,2
19,0,456,2,10,5,0,500,0.6,1000,0.2,1400,0.2,0
19,1,900,0,0,500,0.6,1000,0.2,1400,0.2,1
19,2,882,2,10,5,0,500,0.6,1000,0.2,1400,0.2,1
19,3,455,1,0,300,0.5,1700,0.5,1
19,4,169,0,0,300,0.5,1700,0.5,1
19,5,261,0,0,500,0.6,1000,0.2,1400,0.2,1
19,6,55,1,0,300,0.5,1700,0.5,2
19,7,898,0,0,500,0.6,1000,0.2,1400,0.2,2
19,8,188,1,0,300,0.5,1700,0.5,0
19,9,862,0,0,300,0.5,1700,0.5,1
19,10,695,0,0,500,0.6,1000,0.2,1400,0.2,0
19,11,757,1,0,500,0.6,1000,0.2,1400,0.2,2
19,12,268,0,0,300,0.5,1700,0.5,1
19,13,586,2,10,5,0,500,0.6,1000,0.2,1400,0.2,1
19,14,671,2,10,5,0,500,0.6,1000,0.2,1400,0.2,1
19,15,705,1,0,500,0.6,1000,0.2,1400,0.2,1
19,16,29,1,0,300,0.5,1700,0.5,0
19,17,710,1,0,500,0.6,1000,0.2,1400,0.2,0
19,18,17,1,0,500,0.6,1000,0.2,1400,0.2,2
19,19,262,1,0,300,0.5,1700,0.5,1
