0,0,104,1,0,300,0.5,1700,0.5,2
0,1,343,0,0,300,0.5,1700,0.5,2
0,2,258,2,10,5,0,300,0.5,1700,0.5,0
0,3,502,1,0,300,0.5,1700,0.5,0
0,4,30,1,0,500,0.6,1000,0.2,1400,0.2,1
0,5,500,0,0,300,0.5,1700,0.5,1
0,6,924,2,10,5,0,500,0.6,1000,0.2,1400,0.2,0
0,7,346,2,10,5,0,300,0.5,1700,0.5,2
0,8,936,0,0,300,0.5,1700,0.5,1
0,9,758,2,10,5,0,500,0.6,1000,0.2,1400,0.2,2
0,10,776,0,0,300,0.5,1700,0.5,1
0,11,741,1,0,300,0.5,1700,0.5,1
0,12,100,2,10,5,0,500,0.6,1000,0.2,1400,0.2,2
0,13,137,0,0,500,0.6,1000,0.2,1400,0.2,1
0,14,184,0,0,300,0.5,1700,0.5,1
0,15,199,1,0,300,0.5,1700,0.5,2
0,16,514,2,10,5,0,300,0.5,1700,0.5,1
0,17,727,1,0,500,0.6,1000,0.2,1400,0.2,2
0,18,818,0,0,500,0.6,1000,0.2,1400,0.2,0
0,19,441,0,0,500,0.6,1000,0.2,1400,0.2,2
1,0,383,0,0,300,0.5,1700,0.5,1
1,1,964,1,0,500,0.6,1000,0.2,1400,0.2,2
1,2,827,0,0,500,0.6,1000,0.2,1400,0.2,2
1,3,773,2,10,5,0,300,0.5,1700,0.5,2
1,4,725,0,0,500,0.6,1000,0.2,1400,0.2,0
1,5,335,2,10,5,0,300,0.5,1700,0.5,2
1,6,898,1,0,300,0.5,1700,0.5,1
1,7,905,2,10,5,0,300,0.5,1700,0.5,0
1,8,143,1,0,500,0.6,1000,0.2,1400,0.2,1
1,9,789,1,0,500,0.6,1000,0.2,1400,0.2,0
1,10,741,2,10,5,0,300,0.5,1700,0.5,2
1,11,139,2,10,5,0,300,0.5,1700,0.5,1
1,12,790,0,0,300,0.5,1700,0.5,0
1,13,18,1,0,500,0.6,1000,0.2,1400,0.2,2
1,14,879,2,10,5,0,300,0.5,1700,0.5,0
1,15,378,2,10,5,0,300,0.5,1700,0.5,2
1,16,962,0,0,500,0.6,1000,0.2,1400,0.2,1
1,17,823,1,0,300,0.5,1700,0.5,0
1,18,496,0,0,300,0.5,1700,0.5,1
1,19,225,0,0,500,0.6,1000,0.2,1400,0.2,1
2,0,929,1,0,500,0.6,1000,0.2,1400,0.2,2
2,1,598,2,10,5,0,300,0.5,1700,0.5,0
2,2,793,0,0,500,0.6,1000,0.2,1400,0.2,1
2,3,376,2,10,5,0,500,0.6,1000,0.2,1400,0.2,0
2,4,192,1,0,300,0.5,1700,0.5,1
2,5,712,2,10,5,0,500,0.6,1000,0.2,1400,0.2,2
2,6,275,0,0,500,0.6,1000,0.2,1400,0.2,1
2,7,725,0,0,500,0.6,1000,0.2,1400,0.2,1
2,8,218,1,0,500,0.6,1000,0.2,1400,0.2,0
2,9,347,1,0,500,0.6,1000,0.2,1400,0.2,2
2,10,64,0,0,500,0.6,1000,0.2,1400,0.2,2
2,11,522,0,0,300,0.5,1700,0.5,1
2,12,169,2,10,5,0,500,0.6,1000,0.2,1400,0.2,1
2,13,530,1,0,500,0.6,1000,0.2,1400,0.2,0
2,14,826,1,0,500,0.6,1000,0.2,1400,0.2,2
2,15,871,0,0,500,0.6,1000,0.2,1400,0.2,1
2,16,578,1,0,300,0.5,1700,0.5,0
2,17,424,0,0,300,0.5,1700,0.5,2
2,18,967,1,0,300,0.5,1700,0.5,0
2,19,803,1,0,500,0.6,1000,0.2,1400,0.2,1
3,0,286,0,0,300,0.5,1700,0.5,0
3,1,305,1,0,300,0.5,1700,0.5,1
3,2,658,1,0,500,0.6,1000,0.2,1400,0.2,2
3,3,850,0,0,500,0.6,1000,0.2,1400,0.2,2
3,4,123,2,10,5,0,300,0.5,1700,0.5,2
3,5,65,2,10,5,0,500,0.6,1000,0.2,1400,0.2,2
3,6,458,1,0,500,0.6,1000,0.2,1400,0.2,1
3,7,879,1,0,300,0.5,1700,0.5,2
3,8,629,2,10,5,0,500,0.6,1000,0.2,1400,0.2,0
3,9,998,0,0,300,0.5,1700,0.5,1
3,10,327,1,0,300,0.5,1700,0.5,1
3,11,254,1,0,300,0.5,1700,0.5,2
3,12,938,1,0,500,0.6,1000,0.2,1400,0.2,2
3,13,600,2,10,5,0,300,0.5,1700,0.5,2
3,14,529,0,0,300,0.5,1700,0.5,1
3,15,492,2,10,5,0,500,0.6,1000,0.2,1400,0.2,1
3,16,782,1,0,300,0.5,1700,0.5,0
3,17,966,1,0,300,0.5,1700,0.5,2
3,18,815,0,0,500,0.6,1000,0.2,1400,0.2,0
3,19,992,2,10,5,0,300,0.5,1700,0.5,1
4,0,127,0,0,500,0.6,1000,0.2,1400,0.2,2
4,1,772,1,0,300,0.5,1700,0.5,1
4,2,767,2,10,5,0,500,0.6,1000,0.2,1400,0.2,1
4,3,656,2,10,5,0,300,0.5,1700,0.5,2
4,4,361,0,0,500,0.6,1000,0.2,1400,0.2,0
4,5,531,1,0,500,0.6,1000,0.2,1400,0.2,0
4,6,367,2,10,5,0,300,0.5,1700,0.5,1
4,7,328,2,10,5,0,300,0.5,1700,0.5,2
4,8,475,0,0,500,0.6,1000,0.2,1400,0.2,1
4,9,213,2,10,5,0,300,0.5,1700,0.5,0
4,10,703,1,0,500,0.6,1000,0.2,1400,0.2,1
4,11,21,2,10,5,0,300,0.5,1700,0.5,1
4,12,588,2,10,5,0,500,0.6,1000,0.2,1400,0.2,1
4,13,621,0,0,500,0.6,1000,0.2,1400,0.2,1
4,14,594,2,10,5,0,500,0.6,1000,0.2,1400,0.2,0
4,15,736,2,10,5,0,500,0.6,1000,0.2,1400,0.2,2
4,16,823,0,0,500,0.6,1000,0.2,1400,0.2,2
4,17,503,2,10,5,0,500,0.6,1000,0.2,1400,0.2,0
4,18,921,0,0,500,0.6,1000,0.2,1400,0.2,1
4,19,789,1,0,300,0.5,1700,0.5,2
5,0,796,2,10,5,0,500,0.6,1000,0.2,1400,0.2,0
5,1,157,0,0,500,0.6,1000,0.2,1400,0.2,0
5,2,540,1,0,300,0.5,1700,0.5,2
5,3,584,2,10,5,0,500,0.6,1000,0.2,1400,0.2,2
5,4,898,1,0,300,0.5,1700,0.5,1
5,5,947,1,0,500,0.6,1000,0.2,1400,0.2,2
5,6,26,1,0,300,0.5,1700,0.5,1
5,7,21,0,0,300,0.5,1700,0.5,2
5,8,49,0,0,300,0.5,1700,0.5,1
5,9,748,1,0,500,0.6,1000,0.2,1400,0.2,1
5,10,277,1,0,300,0.5,1700,0.5,1
5,11,375,2,10,5,0,500,0.6,1000,0.2,1400,0.2,1
5,12,808,2,10,5,0,500,0.6,1000,0.2,1400,0.2,1
5,13,100,0,0,500,0.6,1000,0.2,1400,0.2,2
5,14,412,2,10,5,0,500,0.6,1000,0.2,1400,0.2,2
5,15,10,0,0,500,0.6,1000,0.2,1400,0.2,0
5,16,195,2,10,5,0,300,0.5,1700,0.5,1
5,17,700,1,0,300,0.5,1700,0.5,0
5,18,204,0,0,300,0.5,1700,0.5,0
5,19,884,2,10,5,0,500,0.6,1000,0.2,1400,0.2,0
6,0,387,1,0,300,0.5,1700,0.5,1
6,1,263,1,0,500,0.6,1000,0.2,1400,0.2,2
6,2,957,2,10,5,0,500,0.6,1000,0.2,1400,0.2,2
6,3,721,2,10,5,0,300,0.5,1700,0.5,0
6,4,22,1,0,500,0.6,1000,0.2,1400,0.2,1
6,5,637,1,0,300,0.5,1700,0.5,1
6,6,579,1,0,500,0.6,1000,0.2,1400,0.2,0
6,7,119,0,0,500,0.6,1000,0.2,1400,0.2,1
6,8,584,1,0,500,0.6,1000,0.2,1400,0.2,2
6,9,526,2,10,5,0,500,0.6,1000,0.2,1400,0.2,2
6,10,991,2,10,5,0,300,0.5,1700,0.5,2
6,11,661,1,0,500,0.6,1000,0.2,1400,0.2,2
6,12,767,0,0,500,0.6,1000,0.2,1400,0.2,2
6,13,240,2,10,5,0,300,0.5,1700,0.5,0
6,14,134,0,0,500,0.6,1000,0.2,1400,0.2,0
6,15,800,2,10,5,0,300,0.5,1700,0.5,0
6,16,750,1,0,500,0.6,1000,0.2,1400,0.2,0
6,17,467,1,0,500,0.6,1000,0.2,1400,0.2,0
6,18,906,2,10,5,0,500,0.6,1000,0.2,1400,0.2,0
6,19,255,0,0,500,0.6,1000,0.2,1400,0.2,0
7,0,766,1,0,300,0.5,1700,0.5,1
7,1,889,2,10,5,0,300,0.5,1700,0.5,0
7,2,461,1,0,300,0.5,1700,0.5,2
7,3,428,1,0,500,0.6,1000,0.2,1400,0.2,1
7,4,290,1,0,500,0.6,1000,0.2,1400,0.2,0
7,5,919,2,10,5,0,300,0.5,1700,0.5,0
7,6,544,2,10,5,0,500,0.6,1000,0.2,1400,0.2,2
7,7,812,0,0,500,0.6,1000,0.2,1400,0.2,1
7,8,399,1,0,300,0.5,1700,0.5,1
7,9,98,1,0,300,0.5,1700,0.5,1
7,10,86,2,10,5,0,500,0.6,1000,0.2,1400,0.2,2
7,11,127,1,0,500,0.6,1000,0.2,1400,0.2,0
7,12,757,2,10,5,0,300,0.5,1700,0.5,2
7,13,232,1,0,300,0.5,1700,0.5,2
7,14,619,0,0,300,0.5,1700,0.5,1
7,15,171,2,10,5,0,300,0.5,1700,0.5,0
7,16,408,1,0,500,0.6,1000,0.2,1400,0.2,2
7,17,972,0,0,300,0.5,1700,0.5,2
7,18,146,1,0,300,0.5,1700,0.5,2
7,19,256,0,0,300,0.5,1700,0.5,0
8,0,864,0,0,300,0.5,1700,0.5,2
8,1,970,0,0,500,0.6,1000,0.2,1400,0.2,2
8,2,532,1,0,500,0.6,1000,0.2,1400,0.2,1
8,3,64,2,10,5,0,300,0.5,1700,0.5,0
8,4,937,2,10,5,0,300,0.5,1700,0.5,1
8,5,294,0,0,500,0.6,1000,0.2,1400,0.2,2
8,6,550,2,10,5,0,300,0.5,1700,0.5,1
8,7,87,1,0,300,0.5,1700,0.5,1
8,8,776,0,0,300,0.5,1700,0.5,0
8,9,67,1,0,300,0.5,1700,0.5,0
8,10,578,1,0,500,0.6,1000,0.2,1400,0.2,1
8,11,122,2,10,5,0,500,0.6,1000,0.2,1400,0.2,0
8,12,975,2,10,5,0,300,0.5,1700,0.5,0
8,13,588,2,10,5,0,500,0.6,1000,0.2,1400,0.2,0
8,14,812,2,10,5,0,300,0.5,1700,0.5,2
8,15,82,1,0,500,0.6,1000,0.2,1400,0.2,2
8,16,577,0,0,300,0.5,1700,0.5,2
8,17,565,2,10,5,0,300,0.5,1700,0.5,0
8,18,127,0,0,300,0.5,1700,0.5,0
8,19,70,1,0,300,0.5,1700,0.5,1
9,0,903,0,0,500,0.6,1000,0.2,1400,0.2,2
9,1,168,1,0,300,0.5,1700,0.5,1
9,2,919,0,0,300,0.5,1700,0.5,2
9,3,684,0,0,500,0.6,1000,0.2,1400,0.2,1
9,4,609,0,0,300,0.5,1700,0.5,0
9,5,830,2,10,5,0,300,0.5,1700,0.5,1
9,6,653,0,0,300,0.5,1700,0.5,1
9,7,225,2,10,5,0,300,0.5,1700,0.5,0
9,8,549,2,10,5,0,300,0.5,1700,0.5,1
9,9,286,2,10,5,0,300,0.5,1700,0.5,2
9,10,247,2,10,5,0,300,0.5,1700,0.5,2
9,11,11,1,0,300,0.5,1700,0.5,2
9,12,968,1,0,500,0.6,1000,0.2,1400,0.2,1
9,13,471,2,10,5,0,500,0.6,1000,0.2,1400,0.2,2
9,14,801,1,0,500,0.6,1000,0.2,1400,0.2,0
9,15,213,2,10,5,0,500,0.6,1000,0.2,1400,0.2,1
9,16,876,1,0,500,0.6,1000,0.2,1400,0.2,2
9,17,371,1,0,500,0.6,1000,0.2,1400,0.2,1
9,18,934,1,0,500,0.6,1000,0.2,1400,0.2,0
9,19,998,1,0,300,0.5,1700,0.5,0
10,0,352,2,10,5,0,500,0.6,1000,0.2,1400,0.2,0
10,1,619,2,10,5,0,500,0.6,1000,0.2,1400,0.2,0
10,2,364,1,0,500,0.6,1000,0.2,1400,0.2,1
10,3,872,1,0,300,0.5,1700,0.5,0
10,4,451,1,0,500,0.6,1000,0.2,1400,0.2,1
10,5,678,0,0,500,0.6,1000,0.2,1400,0.2,2
10,6,206,1,0,500,0.6,1000,0.2,1400,0.2,1
10,7,766,0,0,300,0.5,1700,0.5,2
10,8,236,1,0,500,0.6,1000,0.2,1400,0.2,1
10,9,365,2,10,5,0,500,0.6,1000,0.2,1400,0.2,1
10,10,249,0,0,500,0.6,1000,0.2,1400,0.2,2
10,11,543,2,10,5,0,300,0.5,1700,0.5,1
10,12,244,2,10,5,0,300,0.5,1700,0.5,2
10,13,691,2,10,5,0,300,0.5,1700,0.5,1
10,14,130,0,0,300,0.5,1700,0.5,0
10,15,984,0,0,300,0.5,1700,0.5,0
10,16,438,1,0,300,0.5,1700,0.5,2
10,17,463,0,0,500,0.6,1000,0.2,1400,0.2,1
10,18,329,0,0,500,0.6,1000,0.2,1400,0.2,1
10,19,814,2,10,5,0,300,0.5,1700,0.5,1
11,0,444,0,0,300,0.5,1700,0.5,0
11,1,242,1,0,500,0.6,1000,0.2,1400,0.2,1
11,2,40,1,0,500,0.6,1000,0.2,1400,0.2,0
11,3,863,0,0,500,0.6,1000,0.2,1400,0.2,1
11,4,767,2,10,5,0,500,0.6,1000,0.2,1400,0.2,0
11,5,913,1,0,500,0.6,1000,0.2,1400,0.2,1
11,6,178,0,0,500,0.6,1000,0.2,1400,0.2,0
11,7,551,2,10,5,0,500,0.6,1000,0.2,1400,0.2,2
11,8,848,2,10,5,0,500,0.6,1000,0.2,1400,0.2,1
11,9,885,2,10,5,0,500,0.6,1000,0.2,1400,0.2,1
11,10,857,2,10,5,0,300,0.5,1700,0.5,2
11,11,919,2,10,5,0,500,0.6,1000,0.2,1400,0.2,2
11,12,662,2,10,5,0,500,0.6,1000,0.2,1400,0.2,1
11,13,906,2,10,5,0,300,0.5,1700,0.5,2
11,14,589,1,0,500,0.6,1000,0.2,1400,0.2,1
11,15,783,0,0,300,0.5,1700,0.5,2
11,16,861,0,0,500,0.6,1000,0.2,1400,0.2,0
11,17,836,2,10,5,0,300,0.5,1700,0.5,1
11,18,878,1,0,500,0.6,1000,0.2,1400,0.2,2
11,19,42,0,0,500,0.6,1000,0.2,1400,0.2,1
12,0,196,0,0,300,0.5,1700,0.5,0
12,1,580,2,10,5,0,500,0.6,1000,0.2,1400,0.2,0
12,2,115,2,10,5,0,300,0.5,1700,0.5,2
12,3,153,0,0,500,0.6,1000,0.2,1400,0.2,0
12,4,691,2,10,5,0,500,0.6,1000,0.2,1400,0.2,1
12,5,449,2,10,5,0,500,0.6,1000,0.2,1400,0.2,1
12,6,920,1,0,500,0.6,1000,0.2,1400,0.2,0
12,7,840,2,10,5,0,300,0.5,1700,0.5,2
12,8,854,0,0,500,0.6,1000,0.2,1400,0.2,1
12,9,950,2,10,5,0,300,0.5,1700,0.5,0
12,10,635,0,0,300,0.5,1700,0.5,1
12,11,194,1,0,500,0.6,1000,0.2,1400,0.2,2
12,12,825,0,0,300,0.5,1700,0.5,0
12,13,665,2,10,5,0,300,0.5,1700,0.5,2
12,14,84,1,0,500,0.6,1000,0.2,1400,0.2,1
12,15,115,0,0,500,0.6,1000,0.2,1400,0.2,1
12,16,290,2,10,5,0,300,0.5,1700,0.5,2
12,17,275,2,10,5,0,500,0.6,1000,0.2,1400,0.2,2
12,18,336,2,10,5,0,300,0.5,1700,0.5,2
12,19,868,1,0,500,0.6,1000,0.2,1400,0.2,0
13,0,454,2,10,5,0,300,0.5,1700,0.5,2
13,1,400,2,10,5,0,500,0.6,1000,0.2,1400,0.2,2
13,2,655,2,10,5,0,300,0.5,1700,0.5,2
13,3,624,1,0,500,0.6,1000,0.2,1400,0.2,0
13,4,516,1,0,300,0.5,1700,0.5,0
13,5,877,1,0,300,0.5,1700,0.5,2
13,6,852,1,0,500,0.6,1000,0.2,1400,0.2,0
13,7,247,2,10,5,0,300,0.5,1700,0.5,2
13,8,878,1,0,500,0.6,1000,0.2,1400,0.2,0
13,9,361,0,0,300,0.5,1700,0.5,2
13,10,328,2,10,5,0,300,0.5,1700,0.5,2
13,11,203,2,10,5,0,500,0.6,1000,0.2,1400,0.2,1
13,12,309,0,0,300,0.5,1700,0.5,2
13,13,486,0,0,500,0.6,1000,0.2,1400,0.2,0
13,14,202,0,0,300,0.5,1700,0.5,0
13,15,111,0,0,300,0.5,1700,0.5,0
13,16,102,1,0,500,0.6,1000,0.2,1400,0.2,2
13,17,577,1,0,300,0.5,1700,0.5,1
13,18,193,2,10,5,0,500,0.6,1000,0.2,1400,0.2,2
13,19,343,0,0,500,0.6,1000,0.2,1400,0.2,1
14,0,221,2,10,5,0,500,0.6,1000,0.2,1400,0.2,2
14,1,645,2,10,5,0,500,0.6,1000,0.2,1400,0.2,2
14,2,638,1,0,300,0.5,1700,0.5,1
14,3,513,0,0,500,0.6,1000,0.2,1400,0.2,0
14,4,357,2,10,5,0,500,0.6,1000,0.2,1400,0.2,0
14,5,279,1,0,500,0.6,1000,0.2,1400,0.2,0
14,6,489,1,0,300,0.5,1700,0.5,2
14,7,54,1,0,500,0.6,1000,0.2,1400,0.2,2
14,8,728,1,0,300,0.5,1700,0.5,0
14,9,305,0,0,300,0.5,1700,0.5,2
14,10,808,2,10,5,0,300,0.5,1700,0.5,1
14,11,754,0,0,300,0.5,1700,0.5,2
14,12,198,2,10,5,0,300,0.5,1700,0.5,1
14,13,266,2,10,5,0,300,0.5,1700,0.5,1
14,14,706,0,0,300,0.5,1700,0.5,0
14,15,667,0,0,300,0.5,1700,0.5,2
14,16,429,1,0,300,0.5,1700,0.5,0
14,17,215,2,10,5,0,500,0.6,1000,0.2,1400,0.2,0
14,18,789,2,10,5,0,500,0.6,1000,0.2,1400,0.2,2
14,19,149,0,0,300,0.5,1700,0.5,1
15,0,45,1,0,300,0.5,1700,0.5,2
15,1,551,1,0,500,0.6,1000,0.2,1400,0.2,2
15,2,647,1,0,500,0.6,1000,0.2,1400,0.2,1
15,3,750,1,0,500,0.6,1000,0.2,1400,0.2,1
15,4,868,1,0,500,0.6,1000,0.2,1400,0.2,0
15,5,800,0,0,500,0.6,1000,0.2,1400,0.2,0
15,6,696,2,10,5,0,500,0.6,1000,0.2,1400,0.2,1
15,7,476,0,0,300,0.5,1700,0.5,1
15,8,374,0,0,300,0.5,1700,0.5,1
15,9,312,1,0,500,0.6,1000,0.2,1400,0.2,1
15,10,566,1,0,300,0.5,1700,0.5,0
15,11,917,0,0,300,0.5,1700,0.5,0
15,12,649,1,0,500,0.6,1000,0.2,1400,0.2,1
15,13,395,0,0,300,0.5,1700,0.5,2
15,14,813,2,10,5,0,500,0.6,1000,0.2,1400,0.2,1
15,15,408,1,0,300,0.5,1700,0.5,1
15,16,156,1,0,300,0.5,1700,0.5,1
15,17,59,0,0,500,0.6,1000,0.2,1400,0.2,0
15,18,313,0,0,500,0.6,1000,0.2,1400,0.2,2
15,19,772,0,0,300,0.5,1700,0.5,2
16,0,672,1,0,500,0.6,1000,0.2,1400,0.2,0
16,1,301,0,0,500,0.6,1000,0.2,1400,0.2,2
16,2,33,1,0,300,0.5,1700,0.5,0
16,3,580,0,0,500,0.6,1000,0.2,1400,0.2,2
16,4,859,0,0,300,0.5,1700,0.5,1
16,5,144,1,0,300,0.5,1700,0.5,2
16,6,279,0,0,300,0.5,1700,0.5,0
16,7,992,0,0,500,0.6,1000,0.2,1400,0.2,0
16,8,323,0,0,300,0.5,1700,0.5,0
16,9,979,2,10,5,0,300,0.5,1700,0.5,0
16,10,764,2,10,5,0,500,0.6,1000,0.2,1400,0.2,1
16,11,920,2,10,5,0,300,0.5,1700,0.5,0
16,12,500,0,0,500,0.6,1000,0.2,1400,0.2,0
16,13,567,1,0,500,0.6,1000,0.2,1400,0.2,1
16,14,734,0,0,500,0.6,1000,0.2,1400,0.2,1
16,15,94,2,10,5,0,300,0.5,1700,0.5,0
16,16,220,1,0,500,0.6,1000,0.2,1400,0.2,1
16,17,918,2,10,5,0,300,0.5,1700,0.5,0
16,18,206,1,0,500,0.6,1000,0.2,1400,0.2,0
16,19,575,1,0,300,0.5,1700,0.5,1
17,0,420,2,10,5,0,300,0.5,1700,0.5,1
17,1,604,1,0,500,0.6,1000,0.2,1400,0.2,2
17,2,774,0,0,300,0.5,1700,0.5,0
17,3,984,0,0,300,0.5,1700,0.5,2
17,4,496,1,0,300,0.5,1700,0.5,1
17,5,682,0,0,500,0.6,1000,0.2,1400,0.2,1
17,6,185,0,0,300,0.5,1700,0.5,0
17,7,854,2,10,5,0,300,0.5,1700,0.5,0
17,8,56,2,10,5,0,300,0.5,1700,0.5,0
17,9,788,2,10,5,0,500,0.6,1000,0.2,1400,0.2,0
17,10,528,1,0,500,0.6,1000,0.2,1400,0.2,0
17,11,692,0,0,300,0.5,1700,0.5,2
17,12,870,1,0,300,0.5,1700,0.5,0
17,13,137,0,0,300,0.5,1700,0.5,0
17,14,495,1,0,300,0.5,1700,0.5,2
17,15,450,0,0,500,0.6,1000,0.2,1400,0.2,0
17,16,68,1,0,300,0.5,1700,0.5,1
17,17,79,0,0,500,0.6,1000,0.2,1400,0.2,1
17,18,103,1,0,300,0.5,1700,0.5,0
17,19,19,0,0,300,0.5,1700,0.5,2
18,0,934,2,10,5,0,500,0.6,1000,0.2,1400,0.2,1
18,1,123,0,0,500,0.6,1000,0.2,1400,0.2,1
18,2,247,2,10,5,0,300,0.5,1700,0.5,2
18,3,717,0,0,300,0.5,1700,0.5,2
18,4,984,1,0,300,0.5,1700,0.5,1
18,5,650,0,0,500,0.6,1000,0.2,1400,0.2,2
18,6,567,0,0,500,0.6,1000,0.2,1400,0.2,0
18,7,578,0,0,500,0.6,1000,0.2,1400,0.2,2
18,8,898,0,0,500,0.6,1000,0.2,1400,0.2,1
18,9,698,1,0,300,0.5,1700,0.5,1
18,10,39,2,10,5,0,500,0.6,1000,0.2,1400,0.2,0
18,11,167,2,10,5,0,500,0.6,1000,0.2,1400,0.2,1
18,12,547,0,0,500,0.6,1000,0.2,1400,0.2,2
18,13,55,2,10,5,0,300,0.5,1700,0.5,2
18,14,252,2,10,5,0,300,0.5,1700,0.5,1
18,15,837,0,0,500,0.6,1000,0.2,1400,0.2,2
18,16,673,0,0,300,0.5,1700,0.5,2
18,17,832,2,10,5,0,500,0.6,1000,0.2,1400,0.2,0
18,18,844,1,0,300,0.5,1700,0.5,2
18,19,129,1,0,500,0.6,1000,0.2,1400,0.2,0
19,0,632,0,0,500,0.6,1000,0.2,1400,0.2,0
19,1,511,1,0,300,0.5,1700,0.5,2
19,2,283,0,0,300,0.5,1700,0.5,1
19,3,467,0,0,300,0.5,1700,0.5,1
19,4,573,1,0,500,0.6,1000,0.2,1400,0.2,2
19,5,766,0,0,500,0.6,1000,0.2,1400,0.2,1
19,6,171,1,0,300,0.5,1700,0.5,0
19,7,86,0,0,500,0.6,1000,0.2,1400,0.2,2
19,8,689,1,0,300,0.5,1700,0.5,1
19,9,652,0,0,500,0.6,1000,0.2,1400,0.2,1
19,10,57,2,10,5,0,300,0.5,1700,0.5,0
19,11,513,0,0,300,0.5,1700,0.5,2
19,12,423,1,0,300,0.5,1700,0.5,0
19,13,509,0,0,500,0.6,1000,0.2,1400,0.2,2
19,14,492,1,0,300,0.5,1700,0.5,2
19,15,931,0,0,500,0.6,1000,0.2,1400,0.2,1
19,16,982,2,10,5,0,300,0.5,1700,0.5,1
19,17,615,2,10,5,0,500,0.6,1000,0.2,1400,0.2,2
19,18,78,1,0,500,0.6,1000,0.2,1400,0.2,0
19,19,244,1,0,500,0.6,1000,0.2,1400,0.2,2
