0,0,250,0,0,300,0.5,1700,0.5,0
0,1,745,2,10,5,0,300,0.5,1700,0.5,1
0,2,209,0,0,500,0.6,1000,0.2,1400,0.2,2
0,3,955,1,0,500,0.6,1000,0.2,1400,0.2,2
0,4,74,1,0,500,0.6,1000,0.2,1400,0.2,2
0,5,680,2,10,5,0,500,0.6,1000,0.2,1400,0.2,2
0,6,98,0,0,300,0.5,1700,0.5,2
0,7,281,0,0,500,0.6,1000,0.2,1400,0.2,2
0,8,123,0,0,500,0.6,1000,0.2,1400,0.2,2
0,9,966,0,0,300,0.5,1700,0.5,2
0,10,158,2,10,5,0,500,0.6,1000,0.2,1400,0.2,1
0,11,160,0,0,300,0.5,1700,0.5,2
0,12,898,2,10,5,0,500,0.6,1000,0.2,1400,0.2,0
0,13,971,1,0,500,0.6,1000,0.2,1400,0.2,0
0,14,43,2,10,5,0,500,0.6,1000,0.2,1400,0.2,1
0,15,771,0,0,300,0.5,1700,0.5,2
0,16,72,1,0,500,0.6,1000,0.2,1400,0.2,2
0,17,594,0,0,500,0.6,1000,0.2,1400,0.2,1
0,18,744,1,0,500,0.6,1000,0.2,1400,0.2,0
0,19,239,0,0,300,0.5,1700,0.5,2
1,0,922,0,0,500,0.6,1000,0.2,1400,0.2,0
1,1,613,1,0,500,0.6,1000,0.2,1400,0.2,2
1,2,738,1,0,500,0.6,1000,0.2,1400,0.2,0
1,3,123,0,0,300,0.5,1700,0.5,0
1,4,694,0,0,300,0.5,1700,0.5,2
1,5,143,2,10,5,0,500,0.6,1000,0.2,1400,0.2,1
1,6,458,0,0,500,0.6,1000,0.2,1400,0.2,2
1,7,849,2,10,5,0,500,0.6,1000,0.2,1400,0.2,0
1,8,18,0,0,500,0.6,1000,0.2,1400,0.2,1
1,9,928,0,0,500,0.6,1000,0.2,1400,0.2,1
1,10,701,1,0,300,0.5,1700,0.5,0
1,11,11,0,0,300,0.5,1700,0.5,1
1,12,824,1,0,300,0.5,1700,0.5,1
1,13,177,0,0,500,0.6,1000,0.2,1400,0.2,2
1,14,870,2,10,5,0,500,0.6,1000,0.2,1400,0.2,0
1,15,312,2,10,5,0,500,0.6,1000,0.2,1400,0.2,2
1,16,528,1,0,300,0.5,1700,0.5,2
1,17,536,0,0,300,0.5,1700,0.5,2
1,18,653,1,0,300,0.5,1700,0.5,2
1,19,378,1,0,300,0.5,1700,0.5,0
2,0,848,2,10,5,0,500,0.6,1000,0.2,1400,0.2,2
2,1,446,0,0,300,0.5,1700,0.5,2
2,2,430,1,0,500,0.6,1000,0.2,1400,0.2,1
2,3,194,1,0,300,0.5,1700,0.5,2
2,4,805,1,0,500,0.6,1000,0.2,1400,0.2,2
2,5,818,1,0,500,0.6,1000,0.2,1400,0.2,0
2,6,557,1,0,300,0.5,1700,0.5,0
2,7,779,0,0,300,0.5,1700,0.5,0
2,8,582,0,0,300,0.5,1700,0.5,2
2,9,439,0,0,500,0.6,1000,0.2,1400,0.2,1
2,10,955,2,10,5,0,300,0.5,1700,0.5,0
2,11,403,1,0,300,0.5,1700,0.5,0
2,12,486,0,0,500,0.6,1000,0.2,1400,0.2,0
2,13,946,2,10,5,0,500,0.6,1000,0.2,1400,0.2,0
2,14,500,1,0,300,0.5,1700,0.5,0
2,15,894,0,0,300,0.5,1700,0.5,1
2,16,433,0,0,500,0.6,1000,0.2,1400,0.2,2
2,17,1000,1,0,500,0.6,1000,0.2,1400,0.2,2
2,18,264,1,0,500,0.6,1000,0.2,1400,0.2,1
2,19,213,1,0,500,0.6,1000,0.2,1400,0.2,2
3,0,67,2,10,5,0,500,0.6,1000,0.2,1400,0.2,1
3,1,928,0,0,300,0.5,1700,0.5,1
3,2,651,0,0,500,0.6,1000,0.2,1400,0.2,1
3,3,315,2,10,5,0,300,0.5,1700,0.5,0
3,4,683,2,10,5,0,500,0.6,1000,0.2,1400,0.2,2
3,5,474,2,10,5,0,500,0.6,1000,0.2,1400,0.2,2
3,6,572,2,10,5,0,500,0.6,1000,0.2,1400,0.2,2
3,7,553,2,10,5,0,500,0.6,1000,0.2,1400,0.2,2
3,8,941,0,0,300,0.5,1700,0.5,2
3,9,904,2,10,5,0,300,0.5,1700,0.5,0
3,10,868,2,10,5,0,300,0.5,1700,0.5,0
3,11,750,2,10,5,0,300,0.5,1700,0.5,1
3,12,786,0,0,300,0.5,1700,0.5,1
3,13,411,2,10,5,0,500,0.6,1000,0.2,1400,0.2,0
3,14,548,2,10,5,0,300,0.5,1700,0.5,1
3,15,590,0,0,300,0.5,1700,0.5,2
3,16,369,1,0,300,0.5,1700,0.5,1
3,17,912,2,10,5,0,500,0.6,1000,0.2,1400,0.2,1
3,18,421,1,0,300,0.5,1700,0.5,0
3,19,488,0,0,500,0.6,1000,0.2,1400,0.2,1
4,0,280,2,10,5,0,300,0.5,1700,0.5,2
4,1,952,2,10,5,0,300,0.5,1700,0.5,1
4,2,64,2,10,5,0,300,0.5,1700,0.5,2
4,3,141,1,0,500,0.6,1000,0.2,1400,0.2,2
4,4,712,0,0,500,0.6,1000,0.2,1400,0.2,0
4,5,225,1,0,500,0.6,1000,0.2,1400,0.2,0
4,6,910,0,0,300,0.5,1700,0.5,2
4,7,782,1,0,300,0.5,1700,0.5,1
4,8,268,1,0,300,0.5,1700,0.5,2
4,9,264,1,0,300,0.5,1700,0.5,1
4,10,272,2,10,5,0,500,0.6,1000,0.2,1400,0.2,1
4,11,145,1,0,300,0.5,1700,0.5,1
4,12,578,2,10,5,0,300,0.5,1700,0.5,1
4,13,556,0,0,300,0.5,1700,0.5,0
4,14,52,0,0,300,0.5,1700,0.5,2
4,15,572,2,10,5,0,500,0.6,1000,0.2,1400,0.2,0
4,16,281,1,0,300,0.5,1700,0.5,1
4,17,515,1,0,300,0.5,1700,0.5,0
4,18,45,0,0,300,0.5,1700,0.5,2
4,19,905,1,0,300,0.5,1700,0.5,2
5,0,544,0,0,500,0.6,1000,0.2,1400,0.2,1
5,1,168,2,10,5,0,500,0.6,1000,0.2,1400,0.2,2
5,2,291,1,0,300,0.5,1700,0.5,1
5,3,39,0,0,300,0.5,1700,0.5,0
5,4,722,2,10,5,0,500,0.6,1000,0.2,1400,0.2,1
5,5,948,1,0,500,0.6,1000,0.2,1400,0.2,2
5,6,581,2,10,5,0,500,0.6,1000,0.2,1400,0.2,0
5,7,310,0,0,300,0.5,1700,0.5,1
5,8,915,0,0,300,0.5,1700,0.5,0
5,9,970,2,10,5,0,300,0.5,1700,0.5,2
5,10,676,1,0,500,0.6,1000,0.2,1400,0.2,2
5,11,927,2,10,5,0,300,0.5,1700,0.5,1
5,12,54,0,0,300,0.5,1700,0.5,1
5,13,342,0,0,300,0.5,1700,0.5,2
5,14,416,2,10,5,0,300,0.5,1700,0.5,2
5,15,15,1,0,500,0.6,1000,0.2,1400,0.2,1
5,16,808,0,0,500,0.6,1000,0.2,1400,0.2,0
5,17,953,2,10,5,0,300,0.5,1700,0.5,2
5,18,772,1,0,300,0.5,1700,0.5,0
5,19,415,0,0,300,0.5,1700,0.5,2
6,0,134,0,0,500,0.6,1000,0.2,1400,0.2,1
6,1,696,2,10,5,0,300,0.5,1700,0.5,1
6,2,472,1,0,500,0.6,1000,0.2,1400,0.2,0
6,3,668,0,0,300,0.5,1700,0.5,2
6,4,863,0,0,300,0.5,1700,0.5,0
6,5,809,2,10,5,0,500,0.6,1000,0.2,1400,0.2,0
6,6,361,1,0,500,0.6,1000,0.2,1400,0.2,0
6,7,313,1,0,300,0.5,1700,0.5,1
6,8,722,0,0,300,0.5,1700,0.5,2
6,9,954,1,0,500,0.6,1000,0.2,1400,0.2,1
6,10,219,0,0,500,0.6,1000,0.2,1400,0.2,1
6,11,201,0,0,500,0.6,1000,0.2,1400,0.2,2
6,12,767,0,0,300,0.5,1700,0.5,2
6,13,383,1,0,300,0.5,1700,0.5,2
6,14,297,0,0,500,0.6,1000,0.2,1400,0.2,2
6,15,83,0,0,500,0.6,1000,0.2,1400,0.2,1
6,16,296,0,0,300,0.5,1700,0.5,2
6,17,118,1,0,300,0.5,1700,0.5,0
6,18,306,2,10,5,0,500,0.6,1000,0.2,1400,0.2,0
6,19,475,2,10,5,0,300,0.5,1700,0.5,2
7,0,305,2,10,5,0,300,0.5,1700,0.5,1
7,1,503,1,0,500,0.6,1000,0.2,1400,0.2,0
7,2,814,0,0,300,0.5,1700,0.5,0
7,3,401,2,10,5,0,500,0.6,1000,0.2,1400,0.2,1
7,4,318,1,0,500,0.6,1000,0.2,1400,0.2,0
7,5,91,1,0,300,0.5,1700,0.5,2
7,6,722,1,0,500,0.6,1000,0.2,1400,0.2,2
7,7,438,2,10,5,0,300,0.5,1700,0.5,1
7,8,351,2,10,5,0,500,0.6,1000,0.2,1400,0.2,0
7,9,321,2,10,5,0,500,0.6,1000,0.2,1400,0.2,0
7,10,91,2,10,5,0,500,0.6,1000,0.2,1400,0.2,1
7,11,345,2,10,5,0,300,0.5,1700,0.5,1
7,12,259,1,0,500,0.6,1000,0.2,1400,0.2,0
7,13,843,2,10,5,0,300,0.5,1700,0.5,2
7,14,149,1,0,500,0.6,1000,0.2,1400,0.2,0
7,15,242,0,0,500,0.6,1000,0.2,1400,0.2,2
7,16,828,0,0,300,0.5,1700,0.5,0
7,17,104,2,10,5,0,300,0.5,1700,0.5,0
7,18,837,0,0,300,0.5,1700,0.5,0
7,19,609,2,10,5,0,300,0.5,1700,0.5,2
8,0,270,1,0,300,0.5,1700,0.5,0
8,1,581,1,0,300,0.5,1700,0.5,1
8,2,87,1,0,300,0.5,1700,0.5,1
8,3,12,1,0,500,0.6,1000,0.2,1400,0.2,2
8,4,652,2,10,5,0,500,0.6,1000,0.2,1400,0.2,2
8,5,115,0,0,300,0.5,1700,0.5,2
8,6,829,1,0,500,0.6,1000,0.2,1400,0.2,2
8,7,47,1,0,500,0.6,1000,0.2,1400,0.2,1
8,8,870,1,0,300,0.5,1700,0.5,0
8,9,35,1,0,500,0.6,1000,0.2,1400,0.2,1
8,10,793,2,10,5,0,500,0.6,1000,0.2,1400,0.2,0
8,11,924,1,0,300,0.5,1700,0.5,2
8,12,16,1,0,500,0.6,1000,0.2,1400,0.2,0
8,13,72,2,10,5,0,300,0.5,1700,0.5,0
8,14,822,0,0,300,0.5,1700,0.5,2
8,15,423,2,10,5,0,300,0.5,1700,0.5,2
8,16,686,0,0,300,0.5,1700,0.5,2
8,17,308,2,10,5,0,300,0.5,1700,0.5,2
8,18,747,2,10,5,0,500,0.6,1000,0.2,1400,0.2,2
8,19,738,0,0,300,0.5,1700,0.5,0
9,0,415,2,10,5,0,300,0.5,1700,0.5,1
9,1,830,0,0,300,0.5,1700,0.5,1
9,2,290,0,0,500,0.6,1000,0.2,1400,0.2,0
9,3,472,0,0,500,0.6,1000,0.2,1400,0.2,2
9,4,755,2,10,5,0,300,0.5,1700,0.5,2
9,5,683,1,0,500,0.6,1000,0.2,1400,0.2,2
9,6,686,2,10,5,0,500,0.6,1000,0.2,1400,0.2,2
9,7,245,2,10,5,0,300,0.5,1700,0.5,2
9,8,958,2,10,5,0,300,0.5,1700,0.5,0
9,9,692,1,0,300,0.5,1700,0.5,0
9,10,568,1,0,500,0.6,1000,0.2,1400,0.2,2
9,11,295,1,0,500,0.6,1000,0.2,1400,0.2,0
9,12,274,0,0,500,0.6,1000,0.2,1400,0.2,2
9,13,747,2,10,5,0,300,0.5,1700,0.5,0
9,14,914,0,0,300,0.5,1700,0.5,0
9,15,742,2,10,5,0,500,0.6,1000,0.2,1400,0.2,0
9,16,271,2,10,5,0,300,0.5,1700,0.5,0
9,17,556,1,0,500,0.6,1000,0.2,1400,0.2,1
9,18,727,0,0,300,0.5,1700,0.5,2
9,19,226,2,10,5,0,500,0.6,1000,0.2,1400,0.2,1
10,0,202,2,10,5,0,500,0.6,1000,0.2,1400,0.2,1
10,1,213,2,10,5,0,500,0.6,1000,0.2,1400,0.2,0
10,2,18,0,0,300,0.5,1700,0.5,2
10,3,166,1,0,500,0.6,1000,0.2,1400,0.2,0
10,4,699,2,10,5,0,500,0.6,1000,0.2,1400,0.2,1
10,5,222,0,0,500,0.6,1000,0.2,1400,0.2,1
10,6,405,0,0,500,0.6,1000,0.2,1400,0.2,1
10,7,622,1,0,500,0.6,1000,0.2,1400,0.2,0
10,8,295,0,0,300,0.5,1700,0.5,1
10,9,648,0,0,300,0.5,1700,0.5,1
10,10,993,0,0,500,0.6,1000,0.2,1400,0.2,1
10,11,20,2,10,5,0,300,0.5,1700,0.5,2
10,12,149,2,10,5,0,500,0.6,1000,0.2,1400,0.2,0
10,13,160,0,0,500,0.6,1000,0.2,1400,0.2,1
10,14,492,1,0,300,0.5,1700,0.5,2
10,15,662,0,0,500,0.6,1000,0.2,1400,0.2,0
10,16,390,0,0,300,0.5,1700,0.5,2
10,17,234,2,10,5,0,500,0.6,1000,0.2,1400,0.2,1
10,18,38,0,0,300,0.5,1700,0.5,1
10,19,551,2,10,5,0,500,0.6,1000,0.2,1400,0.2,2
11,0,167,1,0,300,0.5,1700,0.5,2
11,1,261,0,0,500,0.6,1000,0.2,1400,0.2,2
11,2,852,2,10,5,0,300,0.5,1700,0.5,1
11,3,238,2,10,5,0,500,0.6,1000,0.2,1400,0.2,1
11,4,194,0,0,300,0.5,1700,0.5,0
11,5,107,1,0,500,0.6,1000,0.2,1400,0.2,0
11,6,516,2,10,5,0,300,0.5,1700,0.5,1
11,7,957,1,0,500,0.6,1000,0.2,1400,0.2,0
11,8,658,2,10,5,0,300,0.5,1700,0.5,0
11,9,965,2,10,5,0,300,0.5,1700,0.5,2
11,10,319,0,0,300,0.5,1700,0.5,0
11,11,440,2,10,5,0,300,0.5,1700,0.5,1
11,12,831,1,0,300,0.5,1700,0.5,1
11,13,563,0,0,500,0.6,1000,0.2,1400,0.2,1
11,14,205,1,0,500,0.6,1000,0.2,1400,0.2,0
11,15,41,1,0,500,0.6,1000,0.2,1400,0.2,0
11,16,550,2,10,5,0,500,0.6,1000,0.2,1400,0.2,0
11,17,488,2,10,5,0,300,0.5,1700,0.5,1
11,18,878,1,0,300,0.5,1700,0.5,0
11,19,858,2,10,5,0,500,0.6,1000,0.2,1400,0.2,1
12,0,568,0,0,500,0.6,1000,0.2,1400,0.2,0
12,1,842,2,10,5,0,500,0.6,1000,0.2,1400,0.2,0
12,2,188,1,0,500,0.6,1000,0.2,1400,0.2,2
12,3,725,2,10,5,0,500,0.6,1000,0.2,1400,0.2,1
12,4,362,2,10,5,0,300,0.5,1700,0.5,0
12,5,612,2,10,5,0,500,0.6,1000,0.2,1400,0.2,2
12,6,197,1,0,500,0.6,1000,0.2,1400,0.2,0
12,7,534,2,10,5,0,500,0.6,1000,0.2,1400,0.2,2
12,8,553,0,0,500,0.6,1000,0.2,1400,0.2,0
12,9,705,0,0,500,0.6,1000,0.2,1400,0.2,0
12,10,501,0,0,300,0.5,1700,0.5,2
12,11,621,1,0,300,0.5,1700,0.5,2
12,12,87,0,0,500,0.6,1000,0.2,1400,0.2,0
12,13,233,1,0,500,0.6,1000,0.2,1400,0.2,0
12,14,180,1,0,500,0.6,1000,0.2,1400,0.2,1
12,15,904,0,0,500,0.6,1000,0.2,1400,0.2,2
12,16,266,2,10,5,0,300,0.5,1700,0.5,1
12,17,838,0,0,500,0.6,1000,0.2,1400,0.2,1
12,18,410,2,10,5,0,300,0.5,1700,0.5,0
12,19,717,0,0,500,0.6,1000,0.2,1400,0.2,2
13,0,599,1,0,300,0.5,1700,0.5,0
13,1,648,0,0,500,0.6,1000,0.2,1400,0.2,1
13,2,476,0,0,500,0.6,1000,0.2,1400,0.2,0
13,3,437,1,0,300,0.5,1700,0.5,0
13,4,817,2,10,5,0,500,0.6,1000,0.2,1400,0.2,2
13,5,641,2,10,5,0,500,0.6,1000,0.2,1400,0.2,0
13,6,527,1,0,300,0.5,1700,0.5,1
13,7,375,1,0,500,0.6,1000,0.2,1400,0.2,0
13,8,474,1,0,300,0.5,1700,0.5,1
13,9,764,2,10,5,0,300,0.5,1700,0.5,2
13,10,871,2,10,5,0,300,0.5,1700,0.5,1
13,11,667,2,10,5,0,300,0.5,1700,0.5,1
13,12,858,0,0,500,0.6,1000,0.2,1400,0.2,1
13,13,419,0,0,300,0.5,1700,0.5,0
13,14,713,0,0,500,0.6,1000,0.2,1400,0.2,0
13,15,724,2,10,5,0,300,0.5,1700,0.5,0
13,16,315,0,0,300,0.5,1700,0.5,0
13,17,757,1,0,500,0.6,1000,0.2,1400,0.2,1
13,18,34,2,10,5,0,500,0.6,1000,0.2,1400,0.2,1
13,19,418,0,0,300,0.5,1700,0.5,1
14,0,957,1,0,300,0.5,1700,0.5,0
14,1,953,0,0,300,0.5,1700,0.5,2
14,2,590,2,10,5,0,500,0.6,1000,0.2,1400,0.2,1
14,3,416,1,0,500,0.6,1000,0.2,1400,0.2,1
14,4,346,0,0,300,0.5,1700,0.5,1
14,5,609,0,0,300,0.5,1700,0.5,1
14,6,610,0,0,300,0.5,1700,0.5,2
14,7,362,2,10,5,0,500,0.6,1000,0.2,1400,0.2,0
14,8,117,1,0,300,0.5,1700,0.5,0
14,9,768,2,10,5,0,500,0.6,1000,0.2,1400,0.2,2
14,10,118,2,10,5,0,500,0.6,1000,0.2,1400,0.2,2
14,11,826,1,0,300,0.5,1700,0.5,2
14,12,179,2,10,5,0,500,0.6,1000,0.2,1400,0.2,1
14,13,700,2,10,5,0,300,0.5,1700,0.5,0
14,14,739,1,0,500,0.6,1000,0.2,1400,0.2,1
14,15,945,1,0,500,0.6,1000,0.2,1400,0.2,0
14,16,794,0,0,300,0.5,1700,0.5,1
14,17,279,1,0,500,0.6,1000,0.2,1400,0.2,1
14,18,826,2,10,5,0,300,0.5,1700,0.5,2
14,19,397,0,0,500,0.6,1000,0.2,1400,0.2,0
15,0,709,0,0,500,0.6,1000,0.2,1400,0.2,0
15,1,548,0,0,300,0.5,1700,0.5,1
15,2,625,0,0,300,0.5,1700,0.5,1
15,3,614,0,0,300,0.5,1700,0.5,0
15,4,297,0,0,300,0.5,1700,0.5,0
15,5,950,1,0,500,0.6,1000,0.2,1400,0.2,0
15,6,272,2,10,5,0,500,0.6,1000,0.2,1400,0.2,2
15,7,641,2,10,5,0,300,0.5,1700,0.5,1
15,8,405,0,0,300,0.5,1700,0.5,1
15,9,749,1,0,300,0.5,1700,0.5,0
15,10,309,2,10,5,0,300,0.5,1700,0.5,1
15,11,737,2,10,5,0,300,0.5,1700,0.5,1
15,12,465,0,0,500,0.6,1000,0.2,1400,0.2,0
15,13,854,2,10,5,0,500,0.6,1000,0.2,1400,0.2,0
15,14,691,2,10,5,0,500,0.6,1000,0.2,1400,0.2,2
15,15,515,0,0,500,0.6,1000,0.2,1400,0.2,0
15,16,342,2,10,5,0,500,0.6,1000,0.2,1400,0.2,0
15,17,939,1,0,300,0.5,1700,0.5,2
15,18,311,0,0,500,0.6,1000,0.2,1400,0.2,0
15,19,943,0,0,500,0.6,1000,0.2,1400,0.2,2
16,0,301,1,0,500,0.6,1000,0.2,1400,0.2,1
16,1,459,1,0,300,0.5,1700,0.5,2
16,2,664,2,10,5,0,300,0.5,1700,0.5,1
16,3,554,0,0,300,0.5,1700,0.5,0
16,4,485,2,10,5,0,500,0.6,1000,0.2,1400,0.2,1
16,5,154,2,10,5,0,500,0.6,1000,0.2,1400,0.2,0
16,6,906,0,0,300,0.5,1700,0.5,0
16,7,640,1,0,500,0.6,1000,0.2,1400,0.2,0
16,8,836,0,0,300,0.5,1700,0.5,1
16,9,486,1,0,300,0.5,1700,0.5,2
16,10,230,0,0,500,0.6,1000,0.2,1400,0.2,2
16,11,386,0,0,500,0.6,1000,0.2,1400,0.2,1
16,12,375,2,10,5,0,500,0.6,1000,0.2,1400,0.2,2
16,13,612,0,0,300,0.5,1700,0.5,2
16,14,997,1,0,300,0.5,1700,0.5,0
16,15,297,2,10,5,0,500,0.6,1000,0.2,1400,0.2,0
16,16,354,1,0,500,0.6,1000,0.2,1400,0.2,1
16,17,675,0,0,300,0.5,1700,0.5,1
16,18,244,1,0,300,0.5,1700,0.5,1
16,19,526,2,10,5,0,300,0.5,1700,0.5,1
17,0,736,2,10,5,0,500,0.6,1000,0.2,1400,0.2,0
17,1,900,1,0,500,0.6,1000,0.2,1400,0.2,2
17,2,211,2,10,5,0,500,0.6,1000,0.2,1400,0.2,2
17,3,385,0,0,500,0.6,1000,0.2,1400,0.2,2
17,4,375,1,0,300,0.5,1700,0.5,1
17,5,365,0,0,300,0.5,1700,0.5,1
17,6,19,0,0,500,0.6,1000,0.2,1400,0.2,2
17,7,448,1,0,500,0.6,1000,0.2,1400,0.2,0
17,8,559,2,10,5,0,500,0.6,1000,0.2,1400,0.2,2
17,9,565,0,0,300,0.5,1700,0.5,1
17,10,913,2,10,5,0,500,0.6,1000,0.2,1400,0.2,2
17,11,283,2,10,5,0,300,0.5,1700,0.5,1
17,12,954,2,10,5,0,500,0.6,1000,0.2,1400,0.2,0
17,13,717,2,10,5,0,300,0.5,1700,0.5,2
17,14,862,1,0,300,0.5,1700,0.5,2
17,15,450,1,0,300,0.5,1700,0.5,2
17,16,637,0,0,500,0.6,1000,0.2,1400,0.2,0
17,17,326,1,0,500,0.6,1000,0.2,1400,0.2,2
17,18,285,0,0,300,0.5,1700,0.5,1
17,19,503,0,0,500,0.6,1000,0.2,1400,0.2,2
18,0,379,1,0,300,0.5,1700,0.5,1
18,1,322,0,0,300,0.5,1700,0.5,1
18,2,685,0,0,500,0.6,1000,0.2,1400,0.2,2
18,3,341,1,0,500,0.6,1000,0.2,1400,0.2,1
18,4,228,2,10,5,0,500,0.6,1000,0.2,1400,0.2,2
18,5,136,0,0,300,0.5,1700,0.5,2
18,6,594,1,0,500,0.6,1000,0.2,1400,0.2,2
18,7,48,1,0,300,0.5,1700,0.5,2
18,8,440,2,10,5,0,500,0.6,1000,0.2,1400,0.2,2
18,9,68,2,10,5,0,500,0.6,1000,0.2,1400,0.2,1
18,10,568,2,10,5,0,300,0.5,1700,0.5,2
18,11,257,2,10,5,0,300,0.5,1700,0.5,1
18,12,997,1,0,300,0.5,1700,0.5,2
18,13,383,1,0,300,0.5,1700,0.5,0
18,14,349,2,10,5,0,500,0.6,1000,0.2,1400,0.2,1
18,15,762,0,0,500,0.6,1000,0.2,1400,0.2,1
18,16,312,0,0,300,0.5,1700,0.5,0
18,17,27,0,0,300,0.5,1700,0.5,1
18,18,948,1,0,300,0.5,1700,0.5,1
18,19,604,1,0,300,0.5,1700,0.5,0
19,0,240,2,10,5,0,300,0.5,1700,0.5,0
19,1,778,2,10,5,0,500,0.6,1000,0.2,1400,0.2,2
19,2,638,2,10,5,0,300,0.5,1700,0.5,0
19,3,373,0,0,500,0.6,1000,0.2,1400,0.2,1
19,4,772,2,10,5,0,500,0.6,1000,0.2,1400,0.2,0
19,5,17,2,10,5,0,300,0.5,1700,0.5,2
19,6,31,2,10,5,0,300,0.5,1700,0.5,2
19,7,980,1,0,300,0.5,1700,0.5,0
19,8,104,1,0,500,0.6,1000,0.2,1400,0.2,1
19,9,819,2,10,5,0,300,0.5,1700,0.5,0
19,10,846,2,10,5,0,300,0.5,1700,0.5,0
19,11,258,2,10,5,0,500,0.6,1000,0.2,1400,0.2,2
19,12,844,1,0,500,0.6,1000,0.2,1400,0.2,2
19,13,786,1,0,300,0.5,1700,0.5,1
19,14,788,1,0,300,0.5,1700,0.5,0
19,15,782,2,10,5,0,300,0.5,1700,0.5,1
19,16,150,2,10,5,0,500,0.6,1000,0.2,1400,0.2,1
19,17,723,1,0,300,0.5,1700,0.5,2
19,18,416,2,10,5,0,300,0.5,1700,0.5,1
19,19,278,0,0,500,0.6,1000,0.2,1400,0.2,0
