0,0,590,1,0,500,0.6,1000,0.2,1400,0.2,1
0,1,903,2,10,5,0,300,0.5,1700,0.5,2
0,2,717,2,10,5,0,500,0.6,1000,0.2,1400,0.2,1
0,3,917,0,0,500,0.6,1000,0.2,1400,0.2,0
0,4,499,2,10,5,0,500,0.6,1000,0.2,1400,0.2,2
0,5,905,0,0,500,0.6,1000,0.2,1400,0.2,1
0,6,471,1,0,500,0.6,1000,0.2,1400,0.2,2
0,7,857,1,0,500,0.6,1000,0.2,1400,0.2,2
0,8,457,2,10,5,0,300,0.5,1700,0.5,2
0,9,909,0,0,300,0.5,1700,0.5,0
0,10,32,0,0,300,0.5,1700,0.5,0
0,11,208,2,10,5,0,300,0.5,1700,0.5,1
0,12,169,0,0,300,0.5,1700,0.5,0
0,13,846,2,10,5,0,500,0.6,1000,0.2,1400,0.2,2
0,14,15,2,10,5,0,500,0.6,1000,0.2,1400,0.2,2
0,15,420,1,0,300,0.5,1700,0.5,2
0,16,98,1,0,500,0.6,1000,0.2,1400,0.2,0
0,17,168,2,10,5,0,300,0.5,1700,0.5,0
0,18,903,2,10,5,0,500,0.6,1000,0.2,1400,0.2,0
0,19,171,1,0,500,0.6,1000,0.2,1400,0.2,2
1,0,576,1,0,300,0.5,1700,0.5,2
1,1,66,1,0,500,0.6,1000,0.2,1400,0.2,2
1,2,722,0,0,300,0.5,1700,0.5,1
1,3,272,1,0,300,0.5,1700,0.5,1
1,4,888,0,0,500,0.6,1000,0.2,1400,0.2,1
1,5,453,1,0,300,0.5,1700,0.5,0
1,6,955,2,10,5,0,300,0.5,1700,0.5,2
1,7,910,2,10,5,0,300,0.5,1700,0.5,1
1,8,468,0,0,300,0.5,1700,0.5,0
1,9,711,1,0,300,0.5,1700,0.5,0
1,10,773,1,0,500,0.6,1000,0.2,1400,0.2,1
1,11,773,1,0,300,0.5,1700,0.5,2
1,12,11,0,0,300,0.5,1700,0.5,0
1,13,115,1,0,500,0.6,1000,0.2,1400,0.2,1
1,14,626,2,10,5,0,300,0.5,1700,0.5,1
1,15,104,0,0,300,0.5,1700,0.5,0
1,16,144,1,0,300,0.5,1700,0.5,0
1,17,409,2,10,5,0,300,0.5,1700,0.5,0
1,18,140,1,0,500,0.6,1000,0.2,1400,0.2,0
1,19,546,0,0,300,0.5,1700,0.5,1
2,0,706,1,0,500,0.6,1000,0.2,1400,0.2,1
2,1,33,1,0,500,0.6,1000,0.2,1400,0.2,0
2,2,985,0,0,500,0.6,1000,0.2,1400,0.2,1
2,3,79,1,0,500,0.6,1000,0.2,1400,0.2,2
2,4,884,1,0,500,0.6,1000,0.2,1400,0.2,2
2,5,801,0,0,300,0.5,1700,0.5,1
2,6,186,2,10,5,0,300,0.5,1700,0.5,1
2,7,655,0,0,300,0.5,1700,0.5,1
2,8,726,1,0,300,0.5,1700,0.5,2
2,9,26,0,0,500,0.6,1000,0.2,1400,0.2,2
2,10,854,2,10,5,0,300,0.5,1700,0.5,0
2,11,799,1,0,500,0.6,1000,0.2,1400,0.2,0
2,12,23,1,0,500,0.6,1000,0.2,1400,0.2,2
2,13,577,0,0,500,0.6,1000,0.2,1400,0.2,0
2,14,228,1,0,300,0.5,1700,0.5,1
2,15,557,1,0,300,0.5,1700,0.5,1
2,16,827,2,10,5,0,500,0.6,1000,0.2,1400,0.2,1
2,17,463,2,10,5,0,500,0.6,1000,0.2,1400,0.2,1
2,18,840,0,0,300,0.5,1700,0.5,2
2,19,583,1,0,500,0.6,1000,0.2,1400,0.2,0
3,0,360,0,0,500,0.6,1000,0.2,1400,0.2,2
3,1,517,2,10,5,0,500,0.6,1000,0.2,1400,0.2,0
3,2,975,1,0,500,0.6,1000,0.2,1400,0.2,1
3,3,461,2,10,5,0,300,0.5,1700,0.5,2
3,4,927,0,0,300,0.5,1700,0.5,1
3,5,638,0,0,300,0.5,1700,0.5,1
3,6,881,0,0,500,0.6,1000,0.2,1400,0.2,1
3,7,340,0,0,500,0.6,1000,0.2,1400,0.2,0
3,8,182,0,0,500,0.6,1000,0.2,1400,0.2,0
3,9,484,0,0,500,0.6,1000,0.2,1400,0.2,1
3,10,701,0,0,300,0.5,1700,0.5,1
3,11,754,2,10,5,0,500,0.6,1000,0.2,1400,0.2,2
3,12,935,0,0,500,0.6,1000,0.2,1400,0.2,2
3,13,66,0,0,500,0.6,1000,0.2,1400,0.2,0
3,14,485,1,0,300,0.5,1700,0.5,0
3,15,463,2,10,5,0,300,0.5,1700,0.5,2
3,16,654,2,10,5,0,300,0.5,1700,0.5,1
3,17,28,2,10,5,0,500,0.6,1000,0.2,1400,0.2,2
3,18,772,0,0,500,0.6,1000,0.2,1400,0.2,2
3,19,985,1,0,300,0.5,1700,0.5,0
4,0,436,0,0,500,0.6,1000,0.2,1400,0.2,1
4,1,386,1,0,500,0.6,1000,0.2,1400,0.2,2
4,2,403,1,0,500,0.6,1000,0.2,1400,0.2,1
4,3,798,0,0,300,0.5,1700,0.5,0
4,4,756,0,0,300,0.5,1700,0.5,0
4,5,928,0,0,500,0.6,1000,0.2,1400,0.2,1
4,6,102,1,0,300,0.5,1700,0.5,2
4,7,75,1,0,500,0.6,1000,0.2,1400,0.2,0
4,8,931,0,0,300,0.5,1700,0.5,1
4,9,888,0,0,500,0.6,1000,0.2,1400,0.2,1
4,10,186,1,0,300,0.5,1700,0.5,2
4,11,640,2,10,5,0,300,0.5,1700,0.5,0
4,12,194,2,10,5,0,500,0.6,1000,0.2,1400,0.2,2
4,13,28,1,0,300,0.5,1700,0.5,0
4,14,281,2,10,5,0,500,0.6,1000,0.2,1400,0.2,0
4,15,970,2,10,5,0,500,0.6,1000,0.2,1400,0.2,1
4,16,42,0,0,500,0.6,1000,0.2,1400,0.2,2
4,17,554,0,0,300,0.5,1700,0.5,0
4,18,983,2,10,5,0,500,0.6,1000,0.2,1400,0.2,1
4,19,813,0,0,500,0.6,1000,0.2,1400,0.2,1
5,0,334,1,0,300,0.5,1700,0.5,1
5,1,277,2,10,5,0,500,0.6,1000,0.2,1400,0.2,2
5,2,175,0,0,500,0.6,1000,0.2,1400,0.2,1
5,3,920,0,0,300,0.5,1700,0.5,2
5,4,176,1,0,500,0.6,1000,0.2,1400,0.2,2
5,5,433,1,0,500,0.6,1000,0.2,1400,0.2,2
5,6,365,1,0,500,0.6,1000,0.2,1400,0.2,1
5,7,64,2,10,5,0,300,0.5,1700,0.5,2
5,8,53,1,0,300,0.5,1700,0.5,1
5,9,881,0,0,500,0.6,1000,0.2,1400,0.2,2
5,10,308,1,0,500,0.6,1000,0.2,1400,0.2,2
5,11,406,0,0,500,0.6,1000,0.2,1400,0.2,1
5,12,430,2,10,5,0,500,0.6,1000,0.2,1400,0.2,1
5,13,877,2,10,5,0,300,0.5,1700,0.5,0
5,14,216,2,10,5,0,300,0.5,1700,0.5,0
5,15,17,0,0,500,0.6,1000,0.2,1400,0.2,1
5,16,83,1,0,300,0.5,1700,0.5,2
5,17,855,1,0,500,0.6,1000,0.2,1400,0.2,2
5,18,483,0,0,500,0.6,1000,0.2,1400,0.2,1
5,19,666,0,0,300,0.5,1700,0.5,2
6,0,10,0,0,500,0.6,1000,0.2,1400,0.2,1
6,1,961,2,10,5,0,300,0.5,1700,0.5,0
6,2,868,0,0,300,0.5,1700,0.5,0
6,3,704,1,0,300,0.5,1700,0.5,2
6,4,970,2,10,5,0,300,0.5,1700,0.5,0
6,5,609,0,0,300,0.5,1700,0.5,1
6,6,739,1,0,500,0.6,1000,0.2,1400,0.2,1
6,7,67,0,0,300,0.5,1700,0.5,0
6,8,924,1,0,500,0.6,1000,0.2,1400,0.2,0
6,9,407,1,0,300,0.5,1700,0.5,0
6,10,196,2,10,5,0,500,0.6,1000,0.2,1400,0.2,1
6,11,226,0,0,500,0.6,1000,0.2,1400,0.2,2
6,12,530,1,0,300,0.5,1700,0.5,1
6,13,657,1,0,500,0.6,1000,0.2,1400,0.2,0
6,14,77,1,0,500,0.6,1000,0.2,1400,0.2,2
6,15,610,0,0,300,0.5,1700,0.5,1
6,16,640,2,10,5,0,300,0.5,1700,0.5,0
6,17,123,0,0,300,0.5,1700,0.5,1
6,18,453,1,0,300,0.5,1700,0.5,0
6,19,686,1,0,500,0.6,1000,0.2,1400,0.2,2
7,0,321,2,10,5,0,300,0.5,1700,0.5,2
7,1,240,2,10,5,0,500,0.6,1000,0.2,1400,0.2,0
7,2,871,0,0,500,0.6,1000,0.2,1400,0.2,1
7,3,982,2,10,5,0,500,0.6,1000,0.2,1400,0.2,1
7,4,131,2,10,5,0,500,0.6,1000,0.2,1400,0.2,0
7,5,975,1,0,500,0.6,1000,0.2,1400,0.2,0
7,6,256,1,0,300,0.5,1700,0.5,1
7,7,178,2,10,5,0,300,0.5,1700,0.5,1
7,8,433,2,10,5,0,300,0.5,1700,0.5,1
7,9,820,2,10,5,0,300,0.5,1700,0.5,2
7,10,183,2,10,5,0,500,0.6,1000,0.2,1400,0.2,0
7,11,940,1,0,500,0.6,1000,0.2,1400,0.2,0
7,12,434,2,10,5,0,300,0.5,1700,0.5,0
7,13,518,0,0,300,0.5,1700,0.5,0
7,14,452,2,10,5,0,300,0.5,1700,0.5,2
7,15,855,1,0,500,0.6,1000,0.2,1400,0.2,2
7,16,202,2,10,5,0,500,0.6,1000,0.2,1400,0.2,1
7,17,644,2,10,5,0,500,0.6,1000,0.2,1400,0.2,2
7,18,181,1,0,300,0.5,1700,0.5,0
7,19,500,0,0,300,0.5,1700,0.5,2
8,0,338,2,10,5,0,300,0.5,1700,0.5,0
8,1,21,0,0,300,0.5,1700,0.5,2
8,2,855,1,0,300,0.5,1700,0.5,2
8,3,533,0,0,300,0.5,1700,0.5,1
8,4,841,1,0,500,0.6,1000,0.2,1400,0.2,2
8,5,104,2,10,5,0,300,0.5,1700,0.5,0
8,6,343,2,10,5,0,300,0.5,1700,0.5,2
8,7,777,1,0,500,0.6,1000,0.2,1400,0.2,1
8,8,476,2,10,5,0,300,0.5,1700,0.5,2
8,9,308,2,10,5,0,300,0.5,1700,0.5,1
8,10,768,2,10,5,0,500,0.6,1000,0.2,1400,0.2,0
8,11,113,2,10,5,0,500,0.6,1000,0.2,1400,0.2,1
8,12,914,1,0,300,0.5,1700,0.5,2
8,13,968,2,10,5,0,300,0.5,1700,0.5,1
8,14,127,1,0,500,0.6,1000,0.2,1400,0.2,0
8,15,56,0,0,300,0.5,1700,0.5,0
8,16,243,0,0,300,0.5,1700,0.5,2
8,17,310,0,0,500,0.6,1000,0.2,1400,0.2,2
8,18,838,1,0,300,0.5,1700,0.5,0
8,19,323,2,10,5,0,500,0.6,1000,0.2,1400,0.2,1
9,0,741,0,0,300,0.5,1700,0.5,2
9,1,890,1,0,500,0.6,1000,0.2,1400,0.2,2
9,2,604,0,0,300,0.5,1700,0.5,1
9,3,305,0,0,300,0.5,1700,0.5,0
9,4,677,2,10,5,0,300,0.5,1700,0.5,1
9,5,941,0,0,500,0.6,1000,0.2,1400,0.2,1
9,6,515,2,10,5,0,300,0.5,1700,0.5,0
9,7,211,1,0,300,0.5,1700,0.5,0
9,8,738,2,10,5,0,300,0.5,1700,0.5,2
9,9,724,0,0,300,0.5,1700,0.5,2
9,10,189,1,0,500,0.6,1000,0.2,1400,0.2,0
9,11,669,1,0,500,0.6,1000,0.2,1400,0.2,0
9,12,680,0,0,300,0.5,1700,0.5,0
9,13,742,1,0,500,0.6,1000,0.2,1400,0.2,2
9,14,713,2,10,5,0,300,0.5,1700,0.5,1
9,15,399,0,0,300,0.5,1700,0.5,2
9,16,757,1,0,500,0.6,1000,0.2,1400,0.2,1
9,17,668,2,10,5,0,300,0.5,1700,0.5,1
9,18,35,2,10,5,0,500,0.6,1000,0.2,1400,0.2,1
9,19,970,2,10,5,0,500,0.6,1000,0.2,1400,0.2,0
10,0,943,2,10,5,0,500,0.6,1000,0.2,1400,0.2,2
10,1,185,1,0,500,0.6,1000,0.2,1400,0.2,1
10,2,956,0,0,300,0.5,1700,0.5,2
10,3,406,2,10,5,0,300,0.5,1700,0.5,0
10,4,177,1,0,300,0.5,1700,0.5,0
10,5,140,2,10,5,0,500,0.6,1000,0.2,1400,0.2,1
10,6,782,2,10,5,0,300,0.5,1700,0.5,1
10,7,899,2,10,5,0,500,0.6,1000,0.2,1400,0.2,2
10,8,21,2,10,5,0,300,0.5,1700,0.5,2
10,9,663,2,10,5,0,500,0.6,1000,0.2,1400,0.2,0
10,10,65,2,10,5,0,300,0.5,1700,0.5,2
10,11,526,2,10,5,0,300,0.5,1700,0.5,2
10,12,157,1,0,300,0.5,1700,0.5,1
10,13,369,1,0,500,0.6,1000,0.2,1400,0.2,0
10,14,856,0,0,300,0.5,1700,0.5,1
10,15,850,1,0,300,0.5,1700,0.5,2
10,16,703,2,10,5,0,500,0.6,1000,0.2,1400,0.2,2
10,17,805,1,0,300,0.5,1700,0.5,1
10,18,634,2,10,5,0,500,0.6,1000,0.2,1400,0.2,0
10,19,636,1,0,500,0.6,1000,0.2,1400,0.2,1
11,0,727,2,10,5,0,300,0.5,1700,0.5,1
11,1,554,1,0,300,0.5,1700,0.5,1
11,2,274,0,0,300,0.5,1700,0.5,0
11,3,951,0,0,300,0.5,1700,0.5,0
11,4,248,0,0,300,0.5,1700,0.5,2
11,5,286,1,0,500,0.6,1000,0.2,1400,0.2,1
11,6,941,0,0,500,0.6,1000,0.2,1400,0.2,2
11,7,704,0,0,500,0.6,1000,0.2,1400,0.2,0
11,8,365,1,0,500,0.6,1000,0.2,1400,0.2,0
11,9,525,0,0,500,0.6,1000,0.2,1400,0.2,2
11,10,55,0,0,500,0.6,1000,0.2,1400,0.2,1
11,11,708,2,10,5,0,300,0.5,1700,0.5,2
11,12,694,0,0,500,0.6,1000,0.2,1400,0.2,0
11,13,885,0,0,500,0.6,1000,0.2,1400,0.2,2
11,14,227,2,10,5,0,300,0.5,1700,0.5,1
11,15,975,2,10,5,0,300,0.5,1700,0.5,1
11,16,386,2,10,5,0,500,0.6,1000,0.2,1400,0.2,1
11,17,189,1,0,500,0.6,1000,0.2,1400,0.2,0
11,18,868,2,10,5,0,500,0.6,1000,0.2,1400,0.2,0
11,19,961,2,10,5,0,500,0.6,1000,0.2,1400,0.2,1
12,0,865,2,10,5,0,500,0.6,1000,0.2,1400,0.2,2
12,1,345,2,10,5,0,300,0.5,1700,0.5,1
12,2,660,1,0,500,0.6,1000,0.2,1400,0.2,1
12,3,274,0,0,500,0.6,1000,0.2,1400,0.2,0
12,4,197,1,0,500,0.6,1000,0.2,1400,0.2,1
12,5,231,1,0,500,0.6,1000,0.2,1400,0.2,0
12,6,389,1,0,500,0.6,1000,0.2,1400,0.2,1
12,7,591,1,0,300,0.5,1700,0.5,2
12,8,113,1,0,500,0.6,1000,0.2,1400,0.2,0
12,9,923,0,0,500,0.6,1000,0.2,1400,0.2,0
12,10,54,1,0,300,0.5,1700,0.5,1
12,11,366,2,10,5,0,300,0.5,1700,0.5,2
12,12,801,0,0,500,0.6,1000,0.2,1400,0.2,2
12,13,513,0,0,500,0.6,1000,0.2,1400,0.2,0
12,14,374,2,10,5,0,300,0.5,1700,0.5,2
12,15,46,0,0,300,0.5,1700,0.5,2
12,16,449,0,0,500,0.6,1000,0.2,1400,0.2,1
12,17,479,0,0,500,0.6,1000,0.2,1400,0.2,0
12,18,1000,0,0,300,0.5,1700,0.5,2
12,19,991,1,0,300,0.5,1700,0.5,2
13,0,214,0,0,500,0.6,1000,0.2,1400,0.2,1
13,1,795,0,0,300,0.5,1700,0.5,1
13,2,746,1,0,500,0.6,1000,0.2,1400,0.2,0
13,3,102,0,0,300,0.5,1700,0.5,1
13,4,392,1,0,300,0.5,1700,0.5,0
13,5,338,1,0,300,0.5,1700,0.5,2
13,6,543,2,10,5,0,300,0.5,1700,0.5,2
13,7,449,1,0,300,0.5,1700,0.5,0
13,8,571,2,10,5,0,500,0.6,1000,0.2,1400,0.2,2
13,9,602,2,10,5,0,300,0.5,1700,0.5,2
13,10,130,1,0,500,0.6,1000,0.2,1400,0.2,0
13,11,576,1,0,500,0.6,1000,0.2,1400,0.2,2
13,12,303,1,0,300,0.5,1700,0.5,0
13,13,399,0,0,300,0.5,1700,0.5,0
13,14,506,1,0,300,0.5,1700,0.5,2
13,15,888,0,0,500,0.6,1000,0.2,1400,0.2,2
13,16,216,0,0,500,0.6,1000,0.2,1400,0.2,2
13,17,324,0,0,500,0.6,1000,0.2,1400,0.2,1
13,18,35,1,0,300,0.5,1700,0.5,1
13,19,899,0,0,300,0.5,1700,0.5,2
14,0,311,1,0,300,0.5,1700,0.5,1
14,1,470,0,0,300,0.5,1700,0.5,2
14,2,248,0,0,500,0.6,1000,0.2,1400,0.2,2
14,3,742,2,10,5,0,500,0.6,1000,0.2,1400,0.2,0
14,4,579,2,10,5,0,500,0.6,1000,0.2,1400,0.2,0
14,5,405,0,0,500,0.6,1000,0.2,1400,0.2,2
14,6,292,2,10,5,0,300,0.5,1700,0.5,2
14,7,557,1,0,500,0.6,1000,0.2,1400,0.2,2
14,8,683,2,10,5,0,500,0.6,1000,0.2,1400,0.2,1
14,9,111,0,0,500,0.6,1000,0.2,1400,0.2,0
14,10,351,1,0,300,0.5,1700,0.5,1
14,11,515,2,10,5,0,500,0.6,1000,0.2,1400,0.2,1
14,12,269,1,0,300,0.5,1700,0.5,1
14,13,86,1,0,300,0.5,1700,0.5,0
14,14,880,1,0,500,0.6,1000,0.2,1400,0.2,0
14,15,465,2,10,5,0,500,0.6,1000,0.2,1400,0.2,0
14,16,666,0,0,500,0.6,1000,0.2,1400,0.2,1
14,17,825,2,10,5,0,300,0.5,1700,0.5,1
14,18,643,0,0,300,0.5,1700,0.5,1
14,19,870,2,10,5,0,300,0.5,1700,0.5,0
15,0,959,1,0,500,0.6,1000,0.2,1400,0.2,2
15,1,601,0,0,300,0.5,1700,0.5,1
15,2,200,2,10,5,0,500,0.6,1000,0.2,1400,0.2,0
15,3,241,1,0,500,0.6,1000,0.2,1400,0.2,2
15,4,294,1,0,500,0.6,1000,0.2,1400,0.2,0
15,5,108,1,0,300,0.5,1700,0.5,1
15,6,148,2,10,5,0,300,0.5,1700,0.5,2
15,7,165,2,10,5,0,500,0.6,1000,0.2,1400,0.2,2
15,8,29,0,0,500,0.6,1000,0.2,1400,0.2,1
15,9,56,2,10,5,0,500,0.6,1000,0.2,1400,0.2,1
15,10,26,0,0,500,0.6,1000,0.2,1400,0.2,1
15,11,713,2,10,5,0,500,0.6,1000,0.2,1400,0.2,2
15,12,558,0,0,300,0.5,1700,0.5,1
15,13,710,2,10,5,0,300,0.5,1700,0.5,2
15,14,492,2,10,5,0,500,0.6,1000,0.2,1400,0.2,2
15,15,779,0,0,500,0.6,1000,0.2,1400,0.2,2
15,16,44,2,10,5,0,500,0.6,1000,0.2,1400,0.2,0
15,17,288,1,0,500,0.6,1000,0.2,1400,0.2,2
15,18,218,2,10,5,0,300,0.5,1700,0.5,1
15,19,813,2,10,5,0,300,0.5,1700,0.5,2
16,0,654,0,0,500,0.6,1000,0.2,1400,0.2,0
16,1,992,0,0,500,0.6,1000,0.2,1400,0.2,2
16,2,33,0,0,500,0.6,1000,0.2,1400,0.2,1
16,3,553,2,10,5,0,500,0.6,1000,0.2,1400,0.2,0
16,4,168,2,10,5,0,500,0.6,1000,0.2,1400,0.2,0
16,5,889,2,10,5,0,300,0.5,1700,0.5,1
16,6,589,0,0,300,0.5,1700,0.5,1
16,7,293,2,10,5,0,300,0.5,1700,0.5,2
16,8,931,0,0,500,0.6,1000,0.2,1400,0.2,1
16,9,786,0,0,500,0.6,1000,0.2,1400,0.2,2
16,10,68,2,10,5,0,500,0.6,1000,0.2,1400,0.2,1
16,11,317,1,0,300,0.5,1700,0.5,1
16,12,214,1,0,300,0.5,1700,0.5,2
16,13,417,0,0,300,0.5,1700,0.5,2
16,14,900,2,10,5,0,500,0.6,1000,0.2,1400,0.2,2
16,15,540,2,10,5,0,500,0.6,1000,0.2,1400,0.2,2
16,16,932,0,0,500,0.6,1000,0.2,1400,0.2,1
16,17,185,2,10,5,0,300,0.5,1700,0.5,0
16,18,241,1,0,300,0.5,1700,0.5,1
16,19,909,0,0,300,0.5,1700,0.5,2
17,0,534,0,0,500,0.6,1000,0.2,1400,0.2,0
17,1,386,2,10,5,0,500,0.6,1000,0.2,1400,0.2,1
17,2,99,1,0,500,0.6,1000,0.2,1400,0.2,0
17,3,685,0,0,500,0.6,1000,0.2,1400,0.2,0
17,4,86,2,10,5,0,300,0.5,1700,0.5,1
17,5,958,2,10,5,0,500,0.6,1000,0.2,1400,0.2,1
17,6,917,1,0,500,0.6,1000,0.2,1400,0.2,2
17,7,541,1,0,300,0.5,1700,0.5,2
17,8,676,0,0,500,0.6,1000,0.2,1400,0.2,2
17,9,711,1,0,500,0.6,1000,0.2,1400,0.2,2
17,10,567,0,0,300,0.5,1700,0.5,2
17,11,749,0,0,300,0.5,1700,0.5,1
17,12,709,0,0,500,0.6,1000,0.2,1400,0.2,1
17,13,434,0,0,500,0.6,1000,0.2,1400,0.2,1
17,14,281,0,0,500,0.6,1000,0.2,1400,0.2,0
17,15,318,2,10,5,0,500,0.6,1000,0.2,1400,0.2,2
17,16,558,2,10,5,0,300,0.5,1700,0.5,1
17,17,771,2,10,5,0,500,0.6,1000,0.2,1400,0.2,2
17,18,297,0,0,500,0.6,1000,0.2,1400,0.2,2
17,19,23,1,0,500,0.6,1000,0.2,1400,0.2,0
18,0,431,1,0,500,0.6,1000,0.2,1400,0.2,0
18,1,936,0,0,500,0.6,1000,0.2,1400,0.2,0
18,2,119,1,0,300,0.5,1700,0.5,0
18,3,745,1,0,300,0.5,1700,0.5,0
18,4,480,0,0,500,0.6,1000,0.2,1400,0.2,1
18,5,749,1,0,300,0.5,1700,0.5,1
18,6,94,1,0,500,0.6,1000,0.2,1400,0.2,2
18,7,106,0,0,300,0.5,1700,0.5,0
18,8,121,1,0,500,0.6,1000,0.2,1400,0.2,0
18,9,408,0,0,300,0.5,1700,0.5,1
18,10,982,2,10,5,0,300,0.5,1700,0.5,1
18,11,881,2,10,5,0,500,0.6,1000,0.2,1400,0.2,2
18,12,289,2,10,5,0,500,0.6,1000,0.2,1400,0.2,1
18,13,155,0,0,300,0.5,1700,0.5,0
18,14,295,1,0,300,0.5,1700,0.5,2
18,15,438,1,0,500,0.6,1000,0.2,1400,0.2,1
18,16,841,2,10,5,0,300,0.5,1700,0.5,1
18,17,962,1,0,300,0.5,1700,0.5,2
18,18,690,0,0,500,0.6,1000,0.2,1400,0.2,0
18,19,321,2,10,5,0,300,0.5,1700,0.5,0
19,0,76,2,10,5,0,500,0.6,1000,0.2,1400,0.2,0
19,1,79,1,0,300,0.5,1700,0.5,0
19,2,234,2,10,5,0,300,0.5,1700,0.5,2
19,3,173,0,0,500,0.6,1000,0.2,1400,0.2,1
19,4,529,1,0,500,0.6,1000,0.2,1400,0.2,2
19,5,733,1,0,500,0.6,1000,0.2,1400,0.2,2
19,6,54,1,0,300,0.5,1700,0.5,2
19,7,729,2,10,5,0,300,0.5,1700,0.5,0
19,8,866,0,0,300,0.5,1700,0.5,2
19,9,382,1,0,300,0.5,1700,0.5,0
19,10,180,2,10,5,0,500,0.6,1000,0.2,1400,0.2,2
19,11,581,0,0,500,0.6,1000,0.2,1400,0.2,2
19,12,13,2,10,5,0,300,0.5,1700,0.5,1
19,13,565,1,0,300,0.5,1700,0.5,1
19,14,534,2,10,5,0,500,0.6,1000,0.2,1400,0.2,1
19,15,188,2,10,5,0,300,0.5,1700,0.5,2
19,16,191,2,10,5,0,300,0.5,1700,0.5,1
19,17,807,2,10,5,0,300,0.5,1700,0.5,2
19,18,771,1,0,500,0.6,1000,0.2,1400,0.2,2
19,19,945,2,10,5,0,300,0.5,1700,0.5,2
