0,0,92,0,0,500,0.6,1000,0.2,1400,0.2,1
0,1,211,2,10,5,0,300,0.5,1700,0.5,1
0,2,223,1,0,300,0.5,1700,0.5,2
0,3,486,2,10,5,0,300,0.5,1700,0.5,2
0,4,993,1,0,500,0.6,1000,0.2,1400,0.2,1
0,5,489,2,10,5,0,300,0.5,1700,0.5,0
0,6,978,0,0,500,0.6,1000,0.2,1400,0.2,1
0,7,682,0,0,500,0.6,1000,0.2,1400,0.2,2
0,8,109,2,10,5,0,500,0.6,1000,0.2,1400,0.2,1
0,9,887,1,0,300,0.5,1700,0.5,0
0,10,531,2,10,5,0,500,0.6,1000,0.2,1400,0.2,2
0,11,845,1,0,500,0.6,1000,0.2,1400,0.2,1
0,12,837,0,0,500,0.6,1000,0.2,1400,0.2,0
0,13,734,0,0,500,0.6,1000,0.2,1400,0.2,0
0,14,329,0,0,500,0.6,1000,0.2,1400,0.2,2
0,15,697,2,10,5,0,500,0.6,1000,0.2,1400,0.2,2
0,16,54,0,0,300,0.5,1700,0.5,2
0,17,725,2,10,5,0,500,0.6,1000,0.2,1400,0.2,0
0,18,371,1,0,300,0.5,1700,0.5,0
0,19,947,1,0,500,0.6,1000,0.2,1400,0.2,0
1,0,426,2,10,5,0,500,0.6,1000,0.2,1400,0.2,1
1,1,560,2,10,5,0,300,0.5,1700,0.5,1
1,2,954,2,10,5,0,300,0.5,1700,0.5,2
1,3,797,2,10,5,0,300,0.5,1700,0.5,0
1,4,640,2,10,5,0,300,0.5,1700,0.5,2
1,5,753,0,0,300,0.5,1700,0.5,0
1,6,368,1,0,500,0.6,1000,0.2,1400,0.2,1
1,7,446,0,0,300,0.5,1700,0.5,2
1,8,135,0,0,300,0.5,1700,0.5,0
1,9,263,0,0,500,0.6,1000,0.2,1400,0.2,2
1,10,55,0,0,300,0.5,1700,0.5,2
1,11,497,2,10,5,0,300,0.5,1700,0.5,2
1,12,26,2,10,5,0,500,0.6,1000,0.2,1400,0.2,1
1,13,528,2,10,5,0,500,0.6,1000,0.2,1400,0.2,0
1,14,963,2,10,5,0,500,0.6,1000,0.2,1400,0.2,0
1,15,23,2,10,5,0,300,0.5,1700,0.5,2
1,16,817,1,0,300,0.5,1700,0.5,1
1,17,109,1,0,300,0.5,1700,0.5,0
1,18,694,0,0,300,0.5,1700,0.5,1
1,19,745,2,10,5,0,300,0.5,1700,0.5,0
2,0,529,1,0,500,0.6,1000,0.2,1400,0.2,0
2,1,356,2,10,5,0,300,0.5,1700,0.5,1
2,2,145,1,0,500,0.6,1000,0.2,1400,0.2,2
2,3,291,1,0,500,0.6,1000,0.2,1400,0.2,0
2,4,623,0,0,500,0.6,1000,0.2,1400,0.2,1
2,5,337,1,0,500,0.6,1000,0.2,1400,0.2,0
2,6,44,0,0,500,0.6,1000,0.2,1400,0.2,2
2,7,656,0,0,500,0.6,1000,0.2,1400,0.2,0
2,8,757,2,10,5,0,300,0.5,1700,0.5,2
2,9,540,1,0,500,0.6,1000,0.2,1400,0.2,0
2,10,402,2,10,5,0,500,0.6,1000,0.2,1400,0.2,1
2,11,43,0,0,300,0.5,1700,0.5,2
2,12,673,1,0,300,0.5,1700,0.5,2
2,13,368,2,10,5,0,300,0.5,1700,0.5,2
2,14,723,0,0,300,0.5,1700,0.5,0
2,15,257,0,0,300,0.5,1700,0.5,1
2,16,528,2,10,5,0,500,0.6,1000,0.2,1400,0.2,0
2,17,830,0,0,300,0.5,1700,0.5,2
2,18,909,1,0,500,0.6,1000,0.2,1400,0.2,2
2,19,186,2,10,5,0,500,0.6,1000,0.2,1400,0.2,0
3,0,209,0,0,300,0.5,1700,0.5,1
3,1,74,1,0,500,0.6,1000,0.2,1400,0.2,0
3,2,680,1,0,300,0.5,1700,0.5,0
3,3,978,1,0,500,0.6,1000,0.2,1400,0.2,1
3,4,453,1,0,500,0.6,1000,0.2,1400,0.2,2
3,5,770,0,0,300,0.5,1700,0.5,0
3,6,481,0,0,500,0.6,1000,0.2,1400,0.2,2
3,7,790,0,0,300,0.5,1700,0.5,1
3,8,637,0,0,300,0.5,1700,0.5,0
3,9,860,1,0,300,0.5,1700,0.5,1
3,10,671,0,0,300,0.5,1700,0.5,1
3,11,714,1,0,500,0.6,1000,0.2,1400,0.2,0
3,12,278,2,10,5,0,500,0.6,1000,0.2,1400,0.2,2
3,13,86,1,0,300,0.5,1700,0.5,2
3,14,376,1,0,300,0.5,1700,0.5,1
3,15,543,2,10,5,0,500,0.6,1000,0.2,1400,0.2,0
3,16,88,0,0,500,0.6,1000,0.2,1400,0.2,0
3,17,238,2,10,5,0,500,0.6,1000,0.2,1400,0.2,1
3,18,155,2,10,5,0,500,0.6,1000,0.2,1400,0.2,0
3,19,170,1,0,500,0.6,1000,0.2,1400,0.2,1
4,0,444,2,10,5,0,500,0.6,1000,0.2,1400,0.2,0
4,1,545,2,10,5,0,300,0.5,1700,0.5,2
4,2,844,1,0,300,0.5,1700,0.5,2
4,3,68,1,0,300,0.5,1700,0.5,1
4,4,992,2,10,5,0,500,0.6,1000,0.2,1400,0.2,2
4,5,837,1,0,500,0.6,1000,0.2,1400,0.2,2
4,6,27,1,0,300,0.5,1700,0.5,0
4,7,245,2,10,5,0,500,0.6,1000,0.2,1400,0.2,2
4,8,687,0,0,500,0.6,1000,0.2,1400,0.2,0
4,9,943,1,0,300,0.5,1700,0.5,2
4,10,611,2,10,5,0,500,0.6,1000,0.2,1400,0.2,0
4,11,576,1,0,500,0.6,1000,0.2,1400,0.2,1
4,12,108,1,0,500,0.6,1000,0.2,1400,0.2,0
4,13,106,2,10,5,0,500,0.6,1000,0.2,1400,0.2,2
4,14,721,2,10,5,0,300,0.5,1700,0.5,1
4,15,499,2,10,5,0,300,0.5,1700,0.5,2
4,16,340,1,0,300,0.5,1700,0.5,0
4,17,808,1,0,500,0.6,1000,0.2,1400,0.2,1
4,18,701,2,10,5,0,500,0.6,1000,0.2,1400,0.2,2
4,19,936,1,0,500,0.6,1000,0.2,1400,0.2,2
5,0,119,2,10,5,0,500,0.6,1000,0.2,1400,0.2,0
5,1,262,0,0,300,0.5,1700,0.5,1
5,2,186,1,0,500,0.6,1000,0.2,1400,0.2,2
5,3,580,2,10,5,0,300,0.5,1700,0.5,2
5,4,828,2,10,5,0,300,0.5,1700,0.5,0
5,5,403,0,0,300,0.5,1700,0.5,2
5,6,12,2,10,5,0,500,0.6,1000,0.2,1400,0.2,2
5,7,839,0,0,300,0.5,1700,0.5,1
5,8,695,2,10,5,0,300,0.5,1700,0.5,0
5,9,796,2,10,5,0,500,0.6,1000,0.2,1400,0.2,1
5,10,275,1,0,300,0.5,1700,0.5,0
5,11,222,0,0,500,0.6,1000,0.2,1400,0.2,0
5,12,470,1,0,500,0.6,1000,0.2,1400,0.2,0
5,13,370,0,0,300,0.5,1700,0.5,2
5,14,450,1,0,300,0.5,1700,0.5,2
5,15,855,2,10,5,0,500,0.6,1000,0.2,1400,0.2,2
5,16,676,2,10,5,0,500,0.6,1000,0.2,1400,0.2,0
5,17,254,0,0,300,0.5,1700,0.5,2
5,18,979,2,10,5,0,500,0.6,1000,0.2,1400,0.2,0
5,19,602,2,10,5,0,500,0.6,1000,0.2,1400,0.2,1
6,0,836,0,0,300,0.5,1700,0.5,0
6,1,115,0,0,500,0.6,1000,0.2,1400,0.2,1
6,2,717,0,0,500,0.6,1000,0.2,1400,0.2,0
6,3,460,0,0,300,0.5,1700,0.5,0
6,4,361,2,10,5,0,300,0.5,1700,0.5,1
6,5,968,2,10,5,0,300,0.5,1700,0.5,1
6,6,919,1,0,300,0.5,1700,0.5,2
6,7,553,1,0,300,0.5,1700,0.5,2
6,8,960,2,10,5,0,300,0.5,1700,0.5,0
6,9,435,0,0,300,0.5,1700,0.5,1
6,10,489,1,0,500,0.6,1000,0.2,1400,0.2,2
6,11,74,2,10,5,0,300,0.5,1700,0.5,0
6,12,652,0,0,500,0.6,1000,0.2,1400,0.2,0
6,13,358,0,0,300,0.5,1700,0.5,0
6,14,135,0,0,500,0.6,1000,0.2,1400,0.2,1
6,15,307,2,10,5,0,300,0.5,1700,0.5,2
6,16,853,0,0,300,0.5,1700,0.5,2
6,17,215,1,0,500,0.6,1000,0.2,1400,0.2,1
6,18,332,2,10,5,0,300,0.5,1700,0.5,0
6,19,483,0,0,300,0.5,1700,0.5,0
7,0,543,2,10,5,0,300,0.5,1700,0.5,1
7,1,434,1,0,500,0.6,1000,0.2,1400,0.2,1
7,2,508,2,10,5,0,300,0.5,1700,0.5,2
7,3,401,0,0,300,0.5,1700,0.5,0
7,4,276,2,10,5,0,300,0.5,1700,0.5,1
7,5,697,0,0,500,0.6,1000,0.2,1400,0.2,0
7,6,233,2,10,5,0,500,0.6,1000,0.2,1400,0.2,0
7,7,807,1,0,300,0.5,1700,0.5,1
7,8,398,0,0,500,0.6,1000,0.2,1400,0.2,2
7,9,337,2,10,5,0,300,0.5,1700,0.5,0
7,10,638,2,10,5,0,300,0.5,1700,0.5,0
7,11,507,2,10,5,0,300,0.5,1700,0.5,2
7,12,390,0,0,300,0.5,1700,0.5,2
7,13,827,0,0,300,0.5,1700,0.5,1
7,14,280,2,10,5,0,500,0.6,1000,0.2,1400,0.2,1
7,15,182,1,0,500,0.6,1000,0.2,1400,0.2,1
7,16,682,1,0,300,0.5,1700,0.5,1
7,17,512,0,0,500,0.6,1000,0.2,1400,0.2,2
7,18,221,0,0,500,0.6,1000,0.2,1400,0.2,2
7,19,598,1,0,300,0.5,1700,0.5,2
8,0,214,1,0,300,0.5,1700,0.5,2
8,1,332,0,0,500,0.6,1000,0.2,1400,0.2,2
8,2,348,1,0,300,0.5,1700,0.5,2
8,3,826,1,0,300,0.5,1700,0.5,2
8,4,57,0,0,500,0.6,1000,0.2,1400,0.2,2
8,5,95,2,10,5,0,500,0.6,1000,0.2,1400,0.2,0
8,6,383,2,10,5,0,300,0.5,1700,0.5,0
8,7,212,1,0,500,0.6,1000,0.2,1400,0.2,0
8,8,498,0,0,500,0.6,1000,0.2,1400,0.2,2
8,9,785,1,0,300,0.5,1700,0.5,0
8,10,648,1,0,500,0.6,1000,0.2,1400,0.2,0
8,11,719,2,10,5,0,300,0.5,1700,0.5,0
8,12,435,1,0,500,0.6,1000,0.2,1400,0.2,2
8,13,392,0,0,300,0.5,1700,0.5,0
8,14,177,2,10,5,0,500,0.6,1000,0.2,1400,0.2,1
8,15,888,0,0,500,0.6,1000,0.2,1400,0.2,0
8,16,186,2,10,5,0,300,0.5,1700,0.5,0
8,17,25,2,10,5,0,500,0.6,1000,0.2,1400,0.2,2
8,18,946,1,0,300,0.5,1700,0.5,0
8,19,909,1,0,300,0.5,1700,0.5,0
9,0,142,2,10,5,0,300,0.5,1700,0.5,0
9,1,71,2,10,5,0,500,0.6,1000,0.2,1400,0.2,1
9,2,453,2,10,5,0,300,0.5,1700,0.5,1
9,3,873,2,10,5,0,300,0.5,1700,0.5,2
9,4,289,2,10,5,0,300,0.5,1700,0.5,1
9,5,540,0,0,500,0.6,1000,0.2,1400,0.2,1
9,6,97,0,0,500,0.6,1000,0.2,1400,0.2,1
9,7,596,1,0,300,0.5,1700,0.5,1
9,8,706,1,0,300,0.5,1700,0.5,0
9,9,19,0,0,300,0.5,1700,0.5,1
9,10,145,1,0,300,0.5,1700,0.5,1
9,11,204,0,0,300,0.5,1700,0.5,0
9,12,265,0,0,300,0.5,1700,0.5,0
9,13,505,2,10,5,0,500,0.6,1000,0.2,1400,0.2,2
9,14,451,1,0,500,0.6,1000,0.2,1400,0.2,2
9,15,998,2,10,5,0,300,0.5,1700,0.5,0
9,16,361,0,0,500,0.6,1000,0.2,1400,0.2,1
9,17,347,1,0,500,0.6,1000,0.2,1400,0.2,2
9,18,883,0,0,500,0.6,1000,0.2,1400,0.2,2
9,19,810,0,0,500,0.6,1000,0.2,1400,0.2,2
10,0,448,2,10,5,0,500,0.6,1000,0.2,1400,0.2,2
10,1,325,2,10,5,0,300,0.5,1700,0.5,2
10,2,341,1,0,300,0.5,1700,0.5,0
10,3,615,2,10,5,0,500,0.6,1000,0.2,1400,0.2,2
10,4,704,2,10,5,0,300,0.5,1700,0.5,2
10,5,328,0,0,300,0.5,1700,0.5,2
10,6,941,2,10,5,0,300,0.5,1700,0.5,1
10,7,133,0,0,500,0.6,1000,0.2,1400,0.2,0
10,8,956,1,0,500,0.6,1000,0.2,1400,0.2,2
10,9,825,2,10,5,0,500,0.6,1000,0.2,1400,0.2,0
10,10,929,2,10,5,0,300,0.5,1700,0.5,0
10,11,66,0,0,300,0.5,1700,0.5,2
10,12,501,1,0,300,0.5,1700,0.5,2
10,13,629,0,0,300,0.5,1700,0.5,0
10,14,135,0,0,500,0.6,1000,0.2,1400,0.2,0
10,15,835,1,0,300,0.5,1700,0.5,2
10,16,204,1,0,300,0.5,1700,0.5,2
10,17,615,2,10,5,0,500,0.6,1000,0.2,1400,0.2,2
10,18,981,1,0,500,0.6,1000,0.2,1400,0.2,2
10,19,480,0,0,500,0.6,1000,0.2,1400,0.2,0
11,0,366,2,10,5,0,500,0.6,1000,0.2,1400,0.2,0
11,1,488,0,0,300,0.5,1700,0.5,0
11,2,323,1,0,300,0.5,1700,0.5,1
11,3,442,1,0,300,0.5,1700,0.5,0
11,4,190,2,10,5,0,500,0.6,1000,0.2,1400,0.2,1
11,5,796,0,0,300,0.5,1700,0.5,1
11,6,185,1,0,500,0.6,1000,0.2,1400,0.2,0
11,7,555,1,0,500,0.6,1000,0.2,1400,0.2,1
11,8,965,0,0,300,0.5,1700,0.5,2
11,9,516,2,10,5,0,500,0.6,1000,0.2,1400,0.2,2
11,10,98,0,0,300,0.5,1700,0.5,2
11,11,81,0,0,300,0.5,1700,0.5,1
11,12,747,1,0,300,0.5,1700,0.5,2
11,13,815,2,10,5,0,500,0.6,1000,0.2,1400,0.2,0
11,14,782,1,0,300,0.5,1700,0.5,1
11,15,463,0,0,500,0.6,1000,0.2,1400,0.2,0
11,16,642,2,10,5,0,500,0.6,1000,0.2,1400,0.2,1
11,17,224,1,0,500,0.6,1000,0.2,1400,0.2,2
11,18,464,0,0,500,0.6,1000,0.2,1400,0.2,1
11,19,448,1,0,500,0.6,1000,0.2,1400,0.2,0
12,0,771,0,0,500,0.6,1000,0.2,1400,0.2,1
12,1,49,2,10,5,0,300,0.5,1700,0.5,1
12,2,74,1,0,500,0.6,1000,0.2,1400,0.2,1
12,3,250,0,0,300,0.5,1700,0.5,1
12,4,39,0,0,300,0.5,1700,0.5,0
12,5,891,0,0,500,0.6,1000,0.2,1400,0.2,2
12,6,472,2,10,5,0,300,0.5,1700,0.5,1
12,7,193,1,0,300,0.5,1700,0.5,0
12,8,563,0,0,500,0.6,1000,0.2,1400,0.2,2
12,9,113,0,0,300,0.5,1700,0.5,1
12,10,838,1,0,500,0.6,1000,0.2,1400,0.2,1
12,11,393,1,0,500,0.6,1000,0.2,1400,0.2,2
12,12,554,2,10,5,0,500,0.6,1000,0.2,1400,0.2,1
12,13,602,0,0,300,0.5,1700,0.5,1
12,14,976,1,0,300,0.5,1700,0.5,0
12,15,242,2,10,5,0,500,0.6,1000,0.2,1400,0.2,1
12,16,422,2,10,5,0,500,0.6,1000,0.2,1400,0.2,0
12,17,629,1,0,300,0.5,1700,0.5,0
12,18,672,0,0,300,0.5,1700,0.5,1
12,19,458,2,10,5,0,300,0.5,1700,0.5,0
13,0,316,2,10,5,0,300,0.5,1700,0.5,2
13,1,404,0,0,500,0.6,1000,0.2,1400,0.2,2
13,2,591,1,0,500,0.6,1000,0.2,1400,0.2,0
13,3,162,0,0,300,0.5,1700,0.5,2
13,4,354,0,0,500,0.6,1000,0.2,1400,0.2,0
13,5,293,1,0,500,0.6,1000,0.2,1400,0.2,2
13,6,55,2,10,5,0,500,0.6,1000,0.2,1400,0.2,1
13,7,731,0,0,500,0.6,1000,0.2,1400,0.2,0
13,8,371,1,0,500,0.6,1000,0.2,1400,0.2,1
13,9,364,1,0,300,0.5,1700,0.5,1
13,10,785,1,0,500,0.6,1000,0.2,1400,0.2,1
13,11,75,1,0,500,0.6,1000,0.2,1400,0.2,2
13,12,780,1,0,500,0.6,1000,0.2,1400,0.2,0
13,13,173,1,0,300,0.5,1700,0.5,1
13,14,264,0,0,300,0.5,1700,0.5,0
13,15,199,0,0,500,0.6,1000,0.2,1400,0.2,0
13,16,155,0,0,500,0.6,1000,0.2,1400,0.2,1
13,17,364,2,10,5,0,500,0.6,1000,0.2,1400,0.2,2
13,18,341,1,0,500,0.6,1000,0.2,1400,0.2,0
13,19,166,2,10,5,0,300,0.5,1700,0.5,0
14,0,283,0,0,300,0.5,1700,0.5,2
14,1,771,0,0,300,0.5,1700,0.5,1
14,2,819,2,10,5,0,500,0.6,1000,0.2,1400,0.2,0
14,3,178,0,0,500,0.6,1000,0.2,1400,0.2,2
14,4,506,1,0,300,0.5,1700,0.5,1
14,5,192,2,10,5,0,500,0.6,1000,0.2,1400,0.2,1
14,6,97,0,0,300,0.5,1700,0.5,1
14,7,505,0,0,500,0.6,1000,0.2,1400,0.2,2
14,8,813,2,10,5,0,500,0.6,1000,0.2,1400,0.2,2
14,9,122,2,10,5,0,300,0.5,1700,0.5,2
14,10,654,0,0,300,0.5,1700,0.5,2
14,11,55,0,0,500,0.6,1000,0.2,1400,0.2,0
14,12,862,2,10,5,0,300,0.5,1700,0.5,2
14,13,262,0,0,300,0.5,1700,0.5,2
14,14,36,1,0,300,0.5,1700,0.5,1
14,15,915,1,0,300,0.5,1700,0.5,1
14,16,737,2,10,5,0,300,0.5,1700,0.5,1
14,17,161,1,0,300,0.5,1700,0.5,0
14,18,184,0,0,500,0.6,1000,0.2,1400,0.2,1
14,19,630,2,10,5,0,300,0.5,1700,0.5,1
15,0,292,2,10,5,0,500,0.6,1000,0.2,1400,0.2,1
15,1,394,0,0,300,0.5,1700,0.5,1
15,2,34,2,10,5,0,500,0.6,1000,0.2,1400,0.2,2
15,3,381,2,10,5,0,500,0.6,1000,0.2,1400,0.2,2
15,4,402,1,0,500,0.6,1000,0.2,1400,0.2,2
15,5,650,2,10,5,0,500,0.6,1000,0.2,1400,0.2,0
15,6,520,1,0,300,0.5,1700,0.5,0
15,7,316,0,0,500,0.6,1000,0.2,1400,0.2,1
15,8,500,0,0,300,0.5,1700,0.5,0
15,9,256,1,0,500,0.6,1000,0.2,1400,0.2,1
15,10,552,2,10,5,0,500,0.6,1000,0.2,1400,0.2,1
15,11,206,1,0,300,0.5,1700,0.5,1
15,12,791,0,0,500,0.6,1000,0.2,1400,0.2,1
15,13,998,0,0,300,0.5,1700,0.5,1
15,14,927,0,0,500,0.6,1000,0.2,1400,0.2,0
15,15,647,2,10,5,0,300,0.5,1700,0.5,2
15,16,306,2,10,5,0,500,0.6,1000,0.2,1400,0.2,0
15,17,863,0,0,300,0.5,1700,0.5,1
15,18,675,1,0,500,0.6,1000,0.2,1400,0.2,0
15,19,18,0,0,300,0.5,1700,0.5,1
16,0,864,2,10,5,0,500,0.6,1000,0.2,1400,0.2,0
16,1,442,0,0,500,0.6,1000,0.2,1400,0.2,2
16,2,928,1,0,500,0.6,1000,0.2,1400,0.2,0
16,3,91,0,0,300,0.5,1700,0.5,2
16,4,276,0,0,500,0.6,1000,0.2,1400,0.2,0
16,5,864,2,10,5,0,300,0.5,1700,0.5,1
16,6,196,1,0,300,0.5,1700,0.5,0
16,7,906,0,0,500,0.6,1000,0.2,1400,0.2,0
16,8,205,2,10,5,0,300,0.5,1700,0.5,2
16,9,375,2,10,5,0,500,0.6,1000,0.2,1400,0.2,0
16,10,637,1,0,500,0.6,1000,0.2,1400,0.2,2
16,11,679,0,0,300,0.5,1700,0.5,1
16,12,731,2,10,5,0,300,0.5,1700,0.5,0
16,13,574,0,0,300,0.5,1700,0.5,1
16,14,655,1,0,500,0.6,1000,0.2,1400,0.2,1
16,15,549,2,10,5,0,300,0.5,1700,0.5,2
16,16,794,1,0,300,0.5,1700,0.5,2
16,17,992,0,0,300,0.5,1700,0.5,1
16,18,619,0,0,500,0.6,1000,0.2,1400,0.2,0
16,19,370,2,10,5,0,300,0.5,1700,0.5,1
17,0,127,2,10,5,0,500,0.6,1000,0.2,1400,0.2,1
17,1,555,0,0,500,0.6,1000,0.2,1400,0.2,1
17,2,363,2,10,5,0,500,0.6,1000,0.2,1400,0.2,0
17,3,915,1,0,300,0.5,1700,0.5,2
17,4,749,0,0,500,0.6,1000,0.2,1400,0.2,0
17,5,748,1,0,500,0.6,1000,0.2,1400,0.2,2
17,6,886,2,10,5,0,300,0.5,1700,0.5,1
17,7,56,1,0,300,0.5,1700,0.5,0
17,8,958,0,0,300,0.5,1700,0.5,0
17,9,337,2,10,5,0,500,0.6,1000,0.2,1400,0.2,1
17,10,37,0,0,300,0.5,1700,0.5,2
17,11,137,0,0,300,0.5,1700,0.5,1
17,12,197,0,0,300,0.5,1700,0.5,2
17,13,339,1,0,500,0.6,1000,0.2,1400,0.2,0
17,14,271,1,0,300,0.5,1700,0.5,2
17,15,914,0,0,500,0.6,1000,0.2,1400,0.2,1
17,16,70,1,0,300,0.5,1700,0.5,0
17,17,958,2,10,5,0,500,0.6,1000,0.2,1400,0.2,0
17,18,812,0,0,500,0.6,1000,0.2,1400,0.2,2
17,19,539,2,10,5,0,500,0.6,1000,0.2,1400,0.2,2
18,0,715,0,0,500,0.6,1000,0.2,1400,0.2,2
18,1,965,0,0,300,0.5,1700,0.5,0
18,2,425,2,10,5,0,500,0.6,1000,0.2,1400,0.2,1
18,3,798,1,0,500,0.6,1000,0.2,1400,0.2,1
18,4,389,0,0,300,0.5,1700,0.5,1
18,5,945,0,0,300,0.5,1700,0.5,0
18,6,692,1,0,500,0.6,1000,0.2,1400,0.2,0
18,7,954,1,0,300,0.5,1700,0.5,2
18,8,497,1,0,500,0.6,1000,0.2,1400,0.2,2
18,9,406,2,10,5,0,500,0.6,1000,0.2,1400,0.2,1
18,10,51,1,0,500,0.6,1000,0.2,1400,0.2,2
18,11,992,1,0,300,0.5,1700,0.5,1
18,12,594,0,0,500,0.6,1000,0.2,1400,0.2,2
18,13,765,1,0,500,0.6,1000,0.2,1400,0.2,0
18,14,363,1,0,300,0.5,1700,0.5,0
18,15,903,0,0,500,0.6,1000,0.2,1400,0.2,2
18,16,481,1,0,300,0.5,1700,0.5,1
18,17,236,2,10,5,0,500,0.6,1000,0.2,1400,0.2,1
18,18,209,2,10,5,0,500,0.6,1000,0.2,1400,0.2,2
18,19,233,2,10,5,0,500,0.6,1000,0.2,1400,0.2,1
19,0,700,0,0,500,0.6,1000,0.2,1400,0.2,0
19,1,337,2,10,5,0,500,0.6,1000,0.2,1400,0.2,0
19,2,270,1,0,300,0.5,1700,0.5,0
19,3,146,2,10,5,0,500,0.6,1000,0.2,1400,0.2,2
19,4,442,0,0,500,0.6,1000,0.2,1400,0.2,1
19,5,979,2,10,5,0,300,0.5,1700,0.5,0
19,6,623,0,0,500,0.6,1000,0.2,1400,0.2,1
19,7,732,2,10,5,0,500,0.6,1000,0.2,1400,0.2,1
19,8,225,2,10,5,0,500,0.6,1000,0.2,1400,0.2,0
19,9,350,0,0,500,0.6,1000,0.2,1400,0.2,1
19,10,235,2,10,5,0,300,0.5,1700,0.5,2
19,11,495,0,0,300,0.5,1700,0.5,1
19,12,889,0,0,500,0.6,1000,0.2,1400,0.2,2
19,13,941,0,0,500,0.6,1000,0.2,1400,0.2,1
19,14,463,0,0,300,0.5,1700,0.5,2
19,15,939,0,0,500,0.6,1000,0.2,1400,0.2,2
19,16,84,2,10,5,0,500,0.6,1000,0.2,1400,0.2,1
19,17,523,1,0,300,0.5,1700,0.5,1
19,18,238,0,0,300,0.5,1700,0.5,1
19,19,230,1,0,300,0.5,1700,0.5,2
