0,0,386,2,10,5,0,500,0.6,1000,0.2,1400,0.2,1
0,1,956,0,0,500,0.6,1000,0.2,1400,0.2,0
0,2,945,0,0,300,0.5,1700,0.5,0
0,3,527,1,0,300,0.5,1700,0.5,0
0,4,317,2,10,5,0,300,0.5,1700,0.5,1
0,5,372,0,0,300,0.5,1700,0.5,0
0,6,530,2,10,5,0,500,0.6,1000,0.2,1400,0.2,0
0,7,885,1,0,300,0.5,1700,0.5,2
0,8,485,1,0,500,0.6,1000,0.2,1400,0.2,1
0,9,926,0,0,500,0.6,1000,0.2,1400,0.2,0
0,10,52,2,10,5,0,300,0.5,1700,0.5,1
0,11,553,2,10,5,0,300,0.5,1700,0.5,2
0,12,616,2,10,5,0,300,0.5,1700,0.5,2
0,13,549,0,0,300,0.5,1700,0.5,2
0,14,210,2,10,5,0,300,0.5,1700,0.5,1
0,15,201,0,0,500,0.6,1000,0.2,1400,0.2,1
0,16,421,1,0,300,0.5,1700,0.5,1
0,17,344,2,10,5,0,300,0.5,1700,0.5,2
0,18,106,2,10,5,0,500,0.6,1000,0.2,1400,0.2,1
0,19,294,2,10,5,0,300,0.5,1700,0.5,2
1,0,340,0,0,300,0.5,1700,0.5,2
1,1,177,0,0,500,0.6,1000,0.2,1400,0.2,1
1,2,361,1,0,500,0.6,1000,0.2,1400,0.2,2
1,3,862,0,0,300,0.5,1700,0.5,0
1,4,129,0,0,500,0.6,1000,0.2,1400,0.2,2
1,5,41,2,10,5,0,500,0.6,1000,0.2,1400,0.2,2
1,6,986,0,0,500,0.6,1000,0.2,1400,0.2,2
1,7,979,1,0,500,0.6,1000,0.2,1400,0.2,1
1,8,690,2,10,5,0,500,0.6,1000,0.2,1400,0.2,2
1,9,364,1,0,300,0.5,1700,0.5,0
1,10,343,0,0,500,0.6,1000,0.2,1400,0.2,0
1,11,168,0,0,500,0.6,1000,0.2,1400,0.2,0
1,12,891,1,0,500,0.6,1000,0.2,1400,0.2,0
1,13,179,0,0,500,0.6,1000,0.2,1400,0.2,1
1,14,518,0,0,500,0.6,1000,0.2,1400,0.2,0
1,15,366,1,0,500,0.6,1000,0.2,1400,0.2,0
1,16,228,0,0,500,0.6,1000,0.2,1400,0.2,1
1,17,183,0,0,300,0.5,1700,0.5,0
1,18,447,1,0,300,0.5,1700,0.5,0
1,19,897,1,0,500,0.6,1000,0.2,1400,0.2,2
2,0,566,1,0,300,0.5,1700,0.5,2
2,1,520,0,0,500,0.6,1000,0.2,1400,0.2,0
2,2,712,0,0,500,0.6,1000,0.2,1400,0.2,2
2,3,557,1,0,300,0.5,1700,0.5,1
2,4,142,2,10,5,0,500,0.6,1000,0.2,1400,0.2,1
2,5,699,1,0,300,0.5,1700,0.5,1
2,6,356,2,10,5,0,300,0.5,1700,0.5,2
2,7,975,0,0,500,0.6,1000,0.2,1400,0.2,2
2,8,166,0,0,500,0.6,1000,0.2,1400,0.2,2
2,9,705,2,10,5,0,300,0.5,1700,0.5,1
2,10,35,2,10,5,0,300,0.5,1700,0.5,1
2,11,387,1,0,500,0.6,1000,0.2,1400,0.2,2
2,12,849,2,10,5,0,300,0.5,1700,0.5,1
2,13,166,0,0,500,0.6,1000,0.2,1400,0.2,1
2,14,497,2,10,5,0,500,0.6,1000,0.2,1400,0.2,0
2,15,105,2,10,5,0,500,0.6,1000,0.2,1400,0.2,1
2,16,903,0,0,500,0.6,1000,0.2,1400,0.2,1
2,17,935,1,0,300,0.5,1700,0.5,1
2,18,461,2,10,5,0,300,0.5,1700,0.5,0
2,19,551,1,0,500,0.6,1000,0.2,1400,0.2,2
3,0,398,1,0,500,0.6,1000,0.2,1400,0.2,2
3,1,132,1,0,500,0.6,1000,0.2,1400,0.2,2
3,2,415,2,10,5,0,500,0.6,1000,0.2,1400,0.2,2
3,3,833,1,0,500,0.6,1000,0.2,1400,0.2,0
3,4,845,1,0,500,0.6,1000,0.2,1400,0.2,0
3,5,169,0,0,500,0.6,1000,0.2,1400,0.2,2
3,6,972,2,10,5,0,300,0.5,1700,0.5,2
3,7,521,1,0,500,0.6,1000,0.2,1400,0.2,1
3,8,676,0,0,500,0.6,1000,0.2,1400,0.2,1
3,9,505,2,10,5,0,300,0.5,1700,0.5,0
3,10,833,2,10,5,0,300,0.5,1700,0.5,1
3,11,771,2,10,5,0,300,0.5,1700,0.5,0
3,12,175,1,0,500,0.6,1000,0.2,1400,0.2,1
3,13,718,2,10,5,0,500,0.6,1000,0.2,1400,0.2,2
3,14,397,1,0,300,0.5,1700,0.5,2
3,15,595,2,10,5,0,500,0.6,1000,0.2,1400,0.2,2
3,16,865,1,0,500,0.6,1000,0.2,1400,0.2,2
3,17,888,0,0,500,0.6,1000,0.2,1400,0.2,2
3,18,630,2,10,5,0,300,0.5,1700,0.5,1
3,19,988,0,0,300,0.5,1700,0.5,0
4,0,225,0,0,300,0.5,1700,0.5,1
4,1,947,1,0,500,0.6,1000,0.2,1400,0.2,2
4,2,828,0,0,300,0.5,1700,0.5,0
4,3,457,2,10,5,0,300,0.5,1700,0.5,0
4,4,190,1,0,500,0.6,1000,0.2,1400,0.2,2
4,5,562,1,0,300,0.5,1700,0.5,2
4,6,930,1,0,300,0.5,1700,0.5,0
4,7,674,0,0,500,0.6,1000,0.2,1400,0.2,0
4,8,777,1,0,500,0.6,1000,0.2,1400,0.2,1
4,9,535,2,10,5,0,300,0.5,1700,0.5,1
4,10,34,2,10,5,0,300,0.5,1700,0.5,2
4,11,621,2,10,5,0,300,0.5,1700,0.5,1
4,12,297,0,0,300,0.5,1700,0.5,2
4,13,111,0,0,300,0.5,1700,0.5,0
4,14,978,1,0,500,0.6,1000,0.2,1400,0.2,1
4,15,108,2,10,5,0,300,0.5,1700,0.5,2
4,16,593,1,0,300,0.5,1700,0.5,2
4,17,361,0,0,500,0.6,1000,0.2,1400,0.2,0
4,18,179,1,0,500,0.6,1000,0.2,1400,0.2,1
4,19,913,2,10,5,0,300,0.5,1700,0.5,2
5,0,567,2,10,5,0,300,0.5,1700,0.5,1
5,1,448,0,0,300,0.5,1700,0.5,0
5,2,858,0,0,500,0.6,1000,0.2,1400,0.2,1
5,3,353,0,0,300,0.5,1700,0.5,1
5,4,98,1,0,500,0.6,1000,0.2,1400,0.2,1
5,5,415,0,0,300,0.5,1700,0.5,2
5,6,162,1,0,500,0.6,1000,0.2,1400,0.2,2
5,7,455,1,0,300,0.5,1700,0.5,2
5,8,631,2,10,5,0,500,0.6,1000,0.2,1400,0.2,0
5,9,621,0,0,500,0.6,1000,0.2,1400,0.2,1
5,10,584,2,10,5,0,300,0.5,1700,0.5,1
5,11,264,1,0,500,0.6,1000,0.2,1400,0.2,0
5,12,168,1,0,300,0.5,1700,0.5,2
5,13,876,0,0,300,0.5,1700,0.5,1
5,14,489,1,0,500,0.6,1000,0.2,1400,0.2,1
5,15,82,2,10,5,0,500,0.6,1000,0.2,1400,0.2,1
5,16,800,1,0,500,0.6,1000,0.2,1400,0.2,1
5,17,534,2,10,5,0,500,0.6,1000,0.2,1400,0.2,1
5,18,693,1,0,300,0.5,1700,0.5,2
5,19,581,0,0,500,0.6,1000,0.2,1400,0.2,1
6,0,541,2,10,5,0,300,0.5,1700,0.5,1
6,1,975,0,0,300,0.5,1700,0.5,0
6,2,493,2,10,5,0,500,0.6,1000,0.2,1400,0.2,0
6,3,239,1,0,500,0.6,1000,0.2,1400,0.2,1
6,4,194,2,10,5,0,300,0.5,1700,0.5,0
6,5,322,0,0,500,0.6,1000,0.2,1400,0.2,2
6,6,161,2,10,5,0,500,0.6,1000,0.2,1400,0.2,2
6,7,768,2,10,5,0,500,0.6,1000,0.2,1400,0.2,0
6,8,893,2,10,5,0,300,0.5,1700,0.5,2
6,9,775,2,10,5,0,500,0.6,1000,0.2,1400,0.2,0
6,10,173,2,10,5,0,300,0.5,1700,0.5,1
6,11,212,2,10,5,0,300,0.5,1700,0.5,1
6,12,28,2,10,5,0,300,0.5,1700,0.5,2
6,13,414,0,0,500,0.6,1000,0.2,1400,0.2,2
6,14,235,2,10,5,0,500,0.6,1000,0.2,1400,0.2,1
6,15,262,2,10,5,0,500,0.6,1000,0.2,1400,0.2,0
6,16,462,0,0,300,0.5,1700,0.5,2
6,17,13,0,0,500,0.6,1000,0.2,1400,0.2,1
6,18,913,0,0,300,0.5,1700,0.5,0
6,19,305,1,0,300,0.5,1700,0.5,1
7,0,180,1,0,500,0.6,1000,0.2,1400,0.2,2
7,1,986,1,0,300,0.5,1700,0.5,0
7,2,19,0,0,300,0.5,1700,0.5,1
7,3,752,0,0,300,0.5,1700,0.5,0
7,4,19,2,10,5,0,500,0.6,1000,0.2,1400,0.2,2
7,5,808,2,10,5,0,300,0.5,1700,0.5,1
7,6,177,0,0,300,0.5,1700,0.5,0
7,7,808,0,0,300,0.5,1700,0.5,2
7,8,805,2,10,5,0,300,0.5,1700,0.5,2
7,9,878,1,0,500,0.6,1000,0.2,1400,0.2,2
7,10,486,2,10,5,0,300,0.5,1700,0.5,2
7,11,850,0,0,300,0.5,1700,0.5,1
7,12,327,2,10,5,0,300,0.5,1700,0.5,0
7,13,239,2,10,5,0,300,0.5,1700,0.5,0
7,14,692,1,0,500,0.6,1000,0.2,1400,0.2,0
7,15,342,2,10,5,0,500,0.6,1000,0.2,1400,0.2,1
7,16,898,1,0,500,0.6,1000,0.2,1400,0.2,0
7,17,624,1,0,500,0.6,1000,0.2,1400,0.2,1
7,18,633,0,0,500,0.6,1000,0.2,1400,0.2,1
7,19,268,1,0,300,0.5,1700,0.5,0
8,0,652,0,0,300,0.5,1700,0.5,1
8,1,623,2,10,5,0,500,0.6,1000,0.2,1400,0.2,0
8,2,387,2,10,5,0,300,0.5,1700,0.5,0
8,3,502,0,0,300,0.5,1700,0.5,0
8,4,636,1,0,500,0.6,1000,0.2,1400,0.2,2
8,5,858,0,0,500,0.6,1000,0.2,1400,0.2,1
8,6,322,0,0,500,0.6,1000,0.2,1400,0.2,0
8,7,707,0,0,500,0.6,1000,0.2,1400,0.2,2
8,8,751,2,10,5,0,300,0.5,1700,0.5,0
8,9,934,0,0,300,0.5,1700,0.5,0
8,10,985,0,0,300,0.5,1700,0.5,0
8,11,169,2,10,5,0,300,0.5,1700,0.5,0
8,12,684,0,0,500,0.6,1000,0.2,1400,0.2,0
8,13,740,0,0,300,0.5,1700,0.5,0
8,14,925,1,0,500,0.6,1000,0.2,1400,0.2,2
8,15,126,0,0,300,0.5,1700,0.5,1
8,16,763,0,0,500,0.6,1000,0.2,1400,0.2,1
8,17,171,2,10,5,0,500,0.6,1000,0.2,1400,0.2,0
8,18,901,0,0,500,0.6,1000,0.2,1400,0.2,1
8,19,962,2,10,5,0,500,0.6,1000,0.2,1400,0.2,2
9,0,541,0,0,300,0.5,1700,0.5,1
9,1,49,1,0,300,0.5,1700,0.5,1
9,2,577,1,0,300,0.5,1700,0.5,1
9,3,304,2,10,5,0,300,0.5,1700,0.5,2
9,4,507,0,0,500,0.6,1000,0.2,1400,0.2,2
9,5,164,1,0,300,0.5,1700,0.5,2
9,6,110,0,0,300,0.5,1700,0.5,0
9,7,565,0,0,300,0.5,1700,0.5,1
9,8,104,2,10,5,0,300,0.5,1700,0.5,0
9,9,286,2,10,5,0,300,0.5,1700,0.5,2
9,10,30,2,10,5,0,300,0.5,1700,0.5,2
9,11,246,1,0,500,0.6,1000,0.2,1400,0.2,1
9,12,345,0,0,300,0.5,1700,0.5,0
9,13,302,2,10,5,0,300,0.5,1700,0.5,2
9,14,16,1,0,300,0.5,1700,0.5,1
9,15,736,0,0,500,0.6,1000,0.2,1400,0.2,2
9,16,46,0,0,500,0.6,1000,0.2,1400,0.2,1
9,17,308,0,0,300,0.5,1700,0.5,1
9,18,509,0,0,500,0.6,1000,0.2,1400,0.2,0
9,19,302,1,0,500,0.6,1000,0.2,1400,0.2,2
10,0,234,2,10,5,0,500,0.6,1000,0.2,1400,0.2,1
10,1,649,0,0,300,0.5,1700,0.5,1
10,2,19,2,10,5,0,500,0.6,1000,0.2,1400,0.2,2
10,3,257,2,10,5,0,500,0.6,1000,0.2,1400,0.2,0
10,4,620,2,10,5,0,300,0.5,1700,0.5,1
10,5,404,1,0,500,0.6,1000,0.2,1400,0.2,2
10,6,213,0,0,300,0.5,1700,0.5,2
10,7,995,2,10,5,0,300,0.5,1700,0.5,1
10,8,93,2,10,5,0,300,0.5,1700,0.5,0
10,9,66,0,0,500,0.6,1000,0.2,1400,0.2,0
10,10,79,0,0,300,0.5,1700,0.5,1
10,11,321,1,0,500,0.6,1000,0.2,1400,0.2,2
10,12,977,0,0,500,0.6,1000,0.2,1400,0.2,0
10,13,926,0,0,500,0.6,1000,0.2,1400,0.2,1
10,14,492,1,0,500,0.6,1000,0.2,1400,0.2,1
10,15,944,0,0,500,0.6,1000,0.2,1400,0.2,0
10,16,676,2,10,5,0,300,0.5,1700,0.5,1
10,17,204,1,0,300,0.5,1700,0.5,2
10,18,169,1,0,300,0.5,1700,0.5,1
10,19,145,0,0,500,0.6,1000,0.2,1400,0.2,0
11,0,136,2,10,5,0,300,0.5,1700,0.5,2
11,1,165,0,0,500,0.6,1000,0.2,1400,0.2,0
11,2,317,0,0,500,0.6,1000,0.2,1400,0.2,0
11,3,48,0,0,300,0.5,1700,0.5,2
11,4,807,0,0,500,0.6,1000,0.2,1400,0.2,1
11,5,887,0,0,300,0.5,1700,0.5,0
11,6,174,0,0,300,0.5,1700,0.5,1
11,7,425,1,0,500,0.6,1000,0.2,1400,0.2,1
11,8,908,0,0,500,0.6,1000,0.2,1400,0.2,2
11,9,930,2,10,5,0,300,0.5,1700,0.5,2
11,10,779,2,10,5,0,300,0.5,1700,0.5,2
11,11,465,1,0,500,0.6,1000,0.2,1400,0.2,1
11,12,441,0,0,300,0.5,1700,0.5,1
11,13,812,0,0,500,0.6,1000,0.2,1400,0.2,0
11,14,548,1,0,500,0.6,1000,0.2,1400,0.2,2
11,15,138,1,0,500,0.6,1000,0.2,1400,0.2,1
11,16,729,0,0,300,0.5,1700,0.5,2
11,17,594,0,0,500,0.6,1000,0.2,1400,0.2,2
11,18,854,0,0,500,0.6,1000,0.2,1400,0.2,0
11,19,494,0,0,500,0.6,1000,0.2,1400,0.2,1
12,0,211,0,0,500,0.6,1000,0.2,1400,0.2,2
12,1,224,1,0,300,0.5,1700,0.5,0
12,2,421,1,0,500,0.6,1000,0.2,1400,0.2,1
12,3,461,2,10,5,0,500,0.6,1000,0.2,1400,0.2,2
12,4,622,2,10,5,0,300,0.5,1700,0.5,0
12,5,241,1,0,500,0.6,1000,0.2,1400,0.2,2
12,6,906,2,10,5,0,300,0.5,1700,0.5,2
12,7,919,0,0,300,0.5,1700,0.5,0
12,8,386,1,0,500,0.6,1000,0.2,1400,0.2,2
12,9,579,0,0,500,0.6,1000,0.2,1400,0.2,2
12,10,769,0,0,500,0.6,1000,0.2,1400,0.2,1
12,11,681,0,0,500,0.6,1000,0.2,1400,0.2,1
12,12,186,0,0,500,0.6,1000,0.2,1400,0.2,2
12,13,816,0,0,300,0.5,1700,0.5,1
12,14,532,2,10,5,0,500,0.6,1000,0.2,1400,0.2,0
12,15,780,1,0,500,0.6,1000,0.2,1400,0.2,1
12,16,331,1,0,500,0.6,1000,0.2,1400,0.2,0
12,17,260,2,10,5,0,300,0.5,1700,0.5,2
12,18,486,0,0,500,0.6,1000,0.2,1400,0.2,0
12,19,825,1,0,300,0.5,1700,0.5,2
13,0,182,1,0,500,0.6,1000,0.2,1400,0.2,1
13,1,883,2,10,5,0,500,0.6,1000,0.2,1400,0.2,0
13,2,433,1,0,300,0.5,1700,0.5,1
13,3,767,2,10,5,0,300,0.5,1700,0.5,1
13,4,635,0,0,300,0.5,1700,0.5,0
13,5,103,1,0,500,0.6,1000,0.2,1400,0.2,2
13,6,219,2,10,5,0,500,0.6,1000,0.2,1400,0.2,2
13,7,375,1,0,300,0.5,1700,0.5,1
13,8,150,1,0,300,0.5,1700,0.5,1
13,9,217,2,10,5,0,300,0.5,1700,0.5,0
13,10,801,2,10,5,0,300,0.5,1700,0.5,0
13,11,535,2,10,5,0,300,0.5,1700,0.5,1
13,12,420,2,10,5,0,300,0.5,1700,0.5,0
13,13,12,2,10,5,0,300,0.5,1700,0.5,1
13,14,896,2,10,5,0,300,0.5,1700,0.5,0
13,15,547,0,0,500,0.6,1000,0.2,1400,0.2,2
13,16,989,2,10,5,0,300,0.5,1700,0.5,1
13,17,897,0,0,500,0.6,1000,0.2,1400,0.2,0
13,18,153,1,0,300,0.5,1700,0.5,1
13,19,495,0,0,500,0.6,1000,0.2,1400,0.2,0
14,0,642,0,0,300,0.5,1700,0.5,2
14,1,670,2,10,5,0,500,0.6,1000,0.2,1400,0.2,0
14,2,709,2,10,5,0,500,0.6,1000,0.2,1400,0.2,2
14,3,923,2,10,5,0,500,0.6,1000,0.2,1400,0.2,0
14,4,294,2,10,5,0,300,0.5,1700,0.5,1
14,5,803,0,0,300,0.5,1700,0.5,1
14,6,722,1,0,500,0.6,1000,0.2,1400,0.2,1
14,7,617,0,0,500,0.6,1000,0.2,1400,0.2,2
14,8,692,1,0,300,0.5,1700,0.5,1
14,9,287,1,0,300,0.5,1700,0.5,1
14,10,394,2,10,5,0,300,0.5,1700,0.5,0
14,11,95,2,10,5,0,500,0.6,1000,0.2,1400,0.2,1
14,12,553,2,10,5,0,500,0.6,1000,0.2,1400,0.2,0
14,13,497,1,0,300,0.5,1700,0.5,2
14,14,353,2,10,5,0,300,0.5,1700,0.5,0
14,15,817,1,0,300,0.5,1700,0.5,2
14,16,48,2,10,5,0,300,0.5,1700,0.5,2
14,17,801,0,0,300,0.5,1700,0.5,1
14,18,199,1,0,300,0.5,1700,0.5,0
14,19,182,1,0,500,0.6,1000,0.2,1400,0.2,2
15,0,866,2,10,5,0,500,0.6,1000,0.2,1400,0.2,2
15,1,954,0,0,300,0.5,1700,0.5,1
15,2,197,2,10,5,0,300,0.5,1700,0.5,2
15,3,791,1,0,500,0.6,1000,0.2,1400,0.2,1
15,4,149,0,0,300,0.5,1700,0.5,1
15,5,380,2,10,5,0,500,0.6,1000,0.2,1400,0.2,2
15,6,880,2,10,5,0,500,0.6,1000,0.2,1400,0.2,0
15,7,279,2,10,5,0,500,0.6,1000,0.2,1400,0.2,1
15,8,682,0,0,500,0.6,1000,0.2,1400,0.2,2
15,9,683,2,10,5,0,500,0.6,1000,0.2,1400,0.2,1
15,10,273,0,0,300,0.5,1700,0.5,2
15,11,97,1,0,300,0.5,1700,0.5,0
15,12,420,2,10,5,0,300,0.5,1700,0.5,0
15,13,52,0,0,300,0.5,1700,0.5,0
15,14,583,2,10,5,0,300,0.5,1700,0.5,1
15,15,238,0,0,500,0.6,1000,0.2,1400,0.2,2
15,16,86,2,10,5,0,500,0.6,1000,0.2,1400,0.2,1
15,17,447,2,10,5,0,500,0.6,1000,0.2,1400,0.2,0
15,18,949,1,0,500,0.6,1000,0.2,1400,0.2,2
15,19,785,0,0,500,0.6,1000,0.2,1400,0.2,1
16,0,97,1,0,500,0.6,1000,0.2,1400,0.2,1
16,1,414,1,0,300,0.5,1700,0.5,0
16,2,180,1,0,300,0.5,1700,0.5,0
16,3,535,1,0,300,0.5,1700,0.5,1
16,4,517,0,0,300,0.5,1700,0.5,2
16,5,586,2,10,5,0,300,0.5,1700,0.5,2
16,6,907,1,0,500,0.6,1000,0.2,1400,0.2,1
16,7,759,2,10,5,0,300,0.5,1700,0.5,2
16,8,890,2,10,5,0,300,0.5,1700,0.5,2
16,9,733,2,10,5,0,300,0.5,1700,0.5,1
16,10,204,0,0,300,0.5,1700,0.5,2
16,11,389,1,0,500,0.6,1000,0.2,1400,0.2,0
16,12,756,2,10,5,0,500,0.6,1000,0.2,1400,0.2,2
16,13,69,2,10,5,0,300,0.5,1700,0.5,2
16,14,845,1,0,500,0.6,1000,0.2,1400,0.2,0
16,15,394,2,10,5,0,300,0.5,1700,0.5,2
16,16,633,1,0,500,0.6,1000,0.2,1400,0.2,1
16,17,712,1,0,500,0.6,1000,0.2,1400,0.2,0
16,18,373,1,0,300,0.5,1700,0.5,0
16,19,764,0,0,500,0.6,1000,0.2,1400,0.2,2
17,0,533,2,10,5,0,300,0.5,1700,0.5,0
17,1,911,1,0,300,0.5,1700,0.5,1
17,2,774,2,10,5,0,300,0.5,1700,0.5,0
17,3,757,1,0,500,0.6,1000,0.2,1400,0.2,1
17,4,599,0,0,500,0.6,1000,0.2,1400,0.2,1
17,5,916,1,0,300,0.5,1700,0.5,0
17,6,110,2,10,5,0,500,0.6,1000,0.2,1400,0.2,1
17,7,661,1,0,500,0.6,1000,0.2,1400,0.2,0
17,8,460,2,10,5,0,300,0.5,1700,0.5,1
17,9,24,2,10,5,0,300,0.5,1700,0.5,2
17,10,199,0,0,500,0.6,1000,0.2,1400,0.2,2
17,11,710,1,0,300,0.5,1700,0.5,1
17,12,311,0,0,300,0.5,1700,0.5,1
17,13,395,0,0,300,0.5,1700,0.5,0
17,14,912,0,0,300,0.5,1700,0.5,1
17,15,428,2,10,5,0,300,0.5,1700,0.5,1
17,16,892,0,0,300,0.5,1700,0.5,1
17,17,663,0,0,500,0.6,1000,0.2,1400,0.2,2
17,18,972,0,0,500,0.6,1000,0.2,1400,0.2,2
17,19,700,1,0,500,0.6,1000,0.2,1400,0.2,0
18,0,724,0,0,300,0.5,1700,0.5,2
18,1,485,0,0,500,0.6,1000,0.2,1400,0.2,2
18,2,566,0,0,500,0.6,1000,0.2,1400,0.2,2
18,3,549,1,0,500,0.6,1000,0.2,1400,0.2,0
18,4,985,1,0,500,0.6,1000,0.2,1400,0.2,0
18,5,632,0,0,300,0.5,1700,0.5,0
18,6,80,1,0,300,0.5,1700,0.5,1
18,7,224,1,0,300,0.5,1700,0.5,0
18,8,579,2,10,5,0,500,0.6,1000,0.2,1400,0.2,1
18,9,176,1,0,500,0.6,1000,0.2,1400,0.2,2
18,10,344,1,0,300,0.5,1700,0.5,2
18,11,26,2,10,5,0,300,0.5,1700,0.5,2
18,12,922,2,10,5,0,500,0.6,1000,0.2,1400,0.2,1
18,13,911,1,0,300,0.5,1700,0.5,0
18,14,403,1,0,500,0.6,1000,0.2,1400,0.2,0
18,15,253,2,10,5,0,500,0.6,1000,0.2,1400,0.2,2
18,16,866,1,0,300,0.5,1700,0.5,1
18,17,99,2,10,5,0,500,0.6,1000,0.2,1400,0.2,0
18,18,255,2,10,5,0,300,0.5,1700,0.5,2
18,19,291,0,0,500,0.6,1000,0.2,1400,0.2,2
19,0,247,1,0,500,0.6,1000,0.2,1400,0.2,1
19,1,284,2,10,5,0,300,0.5,1700,0.5,1
19,2,488,2,10,5,0,300,0.5,1700,0.5,1
19,3,530,0,0,300,0.5,1700,0.5,2
19,4,372,0,0,300,0.5,1700,0.5,2
19,5,470,1,0,500,0.6,1000,0.2,1400,0.2,2
19,6,827,1,0,500,0.6,1000,0.2,1400,0.2,0
19,7,47,0,0,300,0.5,1700,0.5,1
19,8,65,1,0,500,0.6,1000,0.2,1400,0.2,2
19,9,726,2,10,5,0,500,0.6,1000,0.2,1400,0.2,0
19,10,879,2,10,5,0,300,0.5,1700,0.5,0
19,11,538,0,0,500,0.6,1000,0.2,1400,0.2,2
19,12,741,2,10,5,0,300,0.5,1700,0.5,1
19,13,858,0,0,500,0.6,1000,0.2,1400,0.2,0
19,14,597,1,0,500,0.6,1000,0.2,1400,0.2,2
19,15,70,0,0,300,0.5,1700,0.5,2
19,16,514,0,0,500,0.6,1000,0.2,1400,0.2,0
19,17,371,1,0,300,0.5,1700,0.5,0
19,18,22,2,10,5,0,300,0.5,1700,0.5,2
19,19,581,1,0,300,0.5,1700,0.5,0
