0,0,552,2,10,5,0,500,0.6,1000,0.2,1400,0.2,0
0,1,797,0,0,500,0.6,1000,0.2,1400,0.2,1
0,2,152,0,0,300,0.5,1700,0.5,1
0,3,585,1,0,300,0.5,1700,0.5,1
0,4,218,2,10,5,0,500,0.6,1000,0.2,1400,0.2,0
0,5,257,2,10,5,0,300,0.5,1700,0.5,1
0,6,265,1,0,500,0.6,1000,0.2,1400,0.2,2
0,7,903,2,10,5,0,300,0.5,1700,0.5,0
0,8,154,1,0,500,0.6,1000,0.2,1400,0.2,0
0,9,413,2,10,5,0,500,0.6,1000,0.2,1400,0.2,2
0,10,186,1,0,300,0.5,1700,0.5,2
0,11,875,1,0,300,0.5,1700,0.5,2
0,12,493,1,0,300,0.5,1700,0.5,2
0,13,211,2,10,5,0,300,0.5,1700,0.5,1
0,14,564,0,0,500,0.6,1000,0.2,1400,0.2,2
0,15,964,1,0,500,0.6,1000,0.2,1400,0.2,2
0,16,165,0,0,300,0.5,1700,0.5,0
0,17,442,2,10,5,0,300,0.5,1700,0.5,2
0,18,289,1,0,300,0.5,1700,0.5,2
0,19,166,1,0,300,0.5,1700,0.5,2
1,0,485,2,10,5,0,500,0.6,1000,0.2,1400,0.2,1
1,1,463,2,10,5,0,500,0.6,1000,0.2,1400,0.2,0
1,2,910,1,0,300,0.5,1700,0.5,2
1,3,698,0,0,500,0.6,1000,0.2,1400,0.2,1
1,4,662,1,0,300,0.5,1700,0.5,0
1,5,380,0,0,300,0.5,1700,0.5,1
1,6,53,1,0,300,0.5,1700,0.5,1
1,7,192,1,0,300,0.5,1700,0.5,2
1,8,553,0,0,500,0.6,1000,0.2,1400,0.2,1
1,9,943,2,10,5,0,300,0.5,1700,0.5,0
1,10,811,2,10,5,0,500,0.6,1000,0.2,1400,0.2,2
1,11,311,1,0,500,0.6,1000,0.2,1400,0.2,2
1,12,11,0,0,500,0.6,1000,0.2,1400,0.2,0
1,13,252,1,0,500,0.6,1000,0.2,1400,0.2,1
1,14,627,2,10,5,0,300,0.5,1700,0.5,0
1,15,230,2,10,5,0,300,0.5,1700,0.5,2
1,16,396,0,0,500,0.6,1000,0.2,1400,0.2,1
1,17,698,1,0,300,0.5,1700,0.5,1
1,18,966,1,0,300,0.5,1700,0.5,0
1,19,57,1,0,500,0.6,1000,0.2,1400,0.2,2
2,0,784,1,0,500,0.6,1000,0.2,1400,0.2,1
2,1,166,2,10,5,0,300,0.5,1700,0.5,1
2,2,894,0,0,300,0.5,1700,0.5,1
2,3,851,2,10,5,0,500,0.6,1000,0.2,1400,0.2,0
2,4,878,1,0,500,0.6,1000,0.2,1400,0.2,0
2,5,603,0,0,300,0.5,1700,0.5,2
2,6,56,1,0,500,0.6,1000,0.2,1400,0.2,2
2,7,658,2,10,5,0,300,0.5,1700,0.5,0
2,8,185,1,0,300,0.5,1700,0.5,1
2,9,711,2,10,5,0,300,0.5,1700,0.5,0
2,10,979,0,0,500,0.6,1000,0.2,1400,0.2,1
2,11,172,1,0,300,0.5,1700,0.5,0
2,12,269,0,0,300,0.5,1700,0.5,1
2,13,180,1,0,500,0.6,1000,0.2,1400,0.2,2
2,14,287,0,0,300,0.5,1700,0.5,2
2,15,927,0,0,300,0.5,1700,0.5,1
2,16,946,1,0,300,0.5,1700,0.5,0
2,17,813,2,10,5,0,500,0.6,1000,0.2,1400,0.2,0
2,18,909,2,10,5,0,300,0.5,1700,0.5,2
2,19,219,2,10,5,0,300,0.5,1700,0.5,0
3,0,87,1,0,500,0.6,1000,0.2,1400,0.2,2
3,1,221,2,10,5,0,500,0.6,1000,0.2,1400,0.2,1
3,2,696,1,0,500,0.6,1000,0.2,1400,0.2,1
3,3,231,1,0,300,0.5,1700,0.5,1
3,4,610,1,0,300,0.5,1700,0.5,1
3,5,371,0,0,500,0.6,1000,0.2,1400,0.2,0
3,6,344,0,0,300,0.5,1700,0.5,1
3,7,897,0,0,300,0.5,1700,0.5,2
3,8,511,0,0,500,0.6,1000,0.2,1400,0.2,0
3,9,20,0,0,300,0.5,1700,0.5,0
3,10,380,1,0,300,0.5,1700,0.5,0
3,11,764,1,0,300,0.5,1700,0.5,2
3,12,713,1,0,500,0.6,1000,0.2,1400,0.2,0
3,13,757,0,0,500,0.6,1000,0.2,1400,0.2,1
3,14,983,2,10,5,0,500,0.6,1000,0.2,1400,0.2,0
3,15,22,0,0,300,0.5,1700,0.5,2
3,16,50,1,0,500,0.6,1000,0.2,1400,0.2,0
3,17,69,2,10,5,0,300,0.5,1700,0.5,1
3,18,433,1,0,500,0.6,1000,0.2,1400,0.2,0
3,19,95,2,10,5,0,500,0.6,1000,0.2,1400,0.2,1
4,0,792,0,0,300,0.5,1700,0.5,1
4,1,908,1,0,300,0.5,1700,0.5,2
4,2,76,2,10,5,0,300,0.5,1700,0.5,2
4,3,845,2,10,5,0,300,0.5,1700,0.5,2
4,4,878,0,0,300,0.5,1700,0.5,2
4,5,442,2,10,5,0,500,0.6,1000,0.2,1400,0.2,0
4,6,194,0,0,500,0.6,1000,0.2,1400,0.2,1
4,7,499,1,0,300,0.5,1700,0.5,1
4,8,383,2,10,5,0,500,0.6,1000,0.2,1400,0.2,1
4,9,324,0,0,500,0.6,1000,0.2,1400,0.2,0
4,10,775,1,0,500,0.6,1000,0.2,1400,0.2,1
4,11,846,2,10,5,0,300,0.5,1700,0.5,0
4,12,984,1,0,300,0.5,1700,0.5,0
4,13,121,2,10,5,0,300,0.5,1700,0.5,0
4,14,559,2,10,5,0,300,0.5,1700,0.5,0
4,15,327,2,10,5,0,300,0.5,1700,0.5,0
4,16,940,1,0,300,0.5,1700,0.5,1
4,17,968,0,0,500,0.6,1000,0.2,1400,0.2,1
4,18,767,2,10,5,0,500,0.6,1000,0.2,1400,0.2,1
4,19,145,0,0,500,0.6,1000,0.2,1400,0.2,0
5,0,559,2,10,5,0,500,0.6,1000,0.2,1400,0.2,0
5,1,819,1,0,500,0.6,1000,0.2,1400,0.2,1
5,2,425,0,0,300,0.5,1700,0.5,1
5,3,693,1,0,500,0.6,1000,0.2,1400,0.2,2
5,4,550,1,0,300,0.5,1700,0.5,1
5,5,98,2,10,5,0,500,0.6,1000,0.2,1400,0.2,0
5,6,275,2,10,5,0,500,0.6,1000,0.2,1400,0.2,2
5,7,612,1,0,300,0.5,1700,0.5,2
5,8,166,1,0,300,0.5,1700,0.5,2
5,9,527,0,0,500,0.6,1000,0.2,1400,0.2,1
5,10,457,2,10,5,0,300,0.5,1700,0.5,2
5,11,616,0,0,300,0.5,1700,0.5,2
5,12,359,0,0,300,0.5,1700,0.5,2
5,13,76,0,0,500,0.6,1000,0.2,1400,0.2,0
5,14,14,1,0,500,0.6,1000,0.2,1400,0.2,0
5,15,216,1,0,500,0.6,1000,0.2,1400,0.2,0
5,16,322,2,10,5,0,300,0.5,1700,0.5,2
5,17,853,0,0,300,0.5,1700,0.5,2
5,18,949,1,0,500,0.6,1000,0.2,1400,0.2,0
5,19,333,1,0,300,0.5,1700,0.5,2
6,0,666,1,0,300,0.5,1700,0.5,1
6,1,388,1,0,500,0.6,1000,0.2,1400,0.2,1
6,2,737,1,0,300,0.5,1700,0.5,1
6,3,181,2,10,5,0,300,0.5,1700,0.5,0
6,4,432,0,0,500,0.6,1000,0.2,1400,0.2,0
6,5,970,0,0,300,0.5,1700,0.5,2
6,6,605,1,0,500,0.6,1000,0.2,1400,0.2,2
6,7,973,2,10,5,0,500,0.6,1000,0.2,1400,0.2,2
6,8,889,2,10,5,0,300,0.5,1700,0.5,2
6,9,11,2,10,5,0,500,0.6,1000,0.2,1400,0.2,1
6,10,343,2,10,5,0,300,0.5,1700,0.5,0
6,11,501,0,0,500,0.6,1000,0.2,1400,0.2,2
6,12,558,1,0,500,0.6,1000,0.2,1400,0.2,2
6,13,823,2,10,5,0,500,0.6,1000,0.2,1400,0.2,1
6,14,28,0,0,300,0.5,1700,0.5,0
6,15,489,1,0,500,0.6,1000,0.2,1400,0.2,0
6,16,250,0,0,500,0.6,1000,0.2,1400,0.2,2
6,17,77,2,10,5,0,300,0.5,1700,0.5,2
6,18,699,2,10,5,0,300,0.5,1700,0.5,0
6,19,41,2,10,5,0,300,0.5,1700,0.5,2
7,0,964,0,0,300,0.5,1700,0.5,0
7,1,219,2,10,5,0,500,0.6,1000,0.2,1400,0.2,0
7,2,857,0,0,300,0.5,1700,0.5,2
7,3,73,0,0,500,0.6,1000,0.2,1400,0.2,2
7,4,305,1,0,300,0.5,1700,0.5,1
7,5,982,1,0,500,0.6,1000,0.2,1400,0.2,1
7,6,839,0,0,300,0.5,1700,0.5,2
7,7,894,0,0,500,0.6,1000,0.2,1400,0.2,1
7,8,773,0,0,500,0.6,1000,0.2,1400,0.2,2
7,9,715,1,0,500,0.6,1000,0.2,1400,0.2,1
7,10,669,1,0,300,0.5,1700,0.5,2
7,11,335,1,0,500,0.6,1000,0.2,1400,0.2,0
7,12,614,0,0,500,0.6,1000,0.2,1400,0.2,0
7,13,984,0,0,500,0.6,1000,0.2,1400,0.2,1
7,14,747,2,10,5,0,300,0.5,1700,0.5,1
7,15,746,2,10,5,0,500,0.6,1000,0.2,1400,0.2,0
7,16,17,1,0,300,0.5,1700,0.5,0
7,17,916,0,0,500,0.6,1000,0.2,1400,0.2,2
7,18,853,1,0,500,0.6,1000,0.2,1400,0.2,1
7,19,922,0,0,500,0.6,1000,0.2,1400,0.2,2
8,0,413,1,0,500,0.6,1000,0.2,1400,0.2,1
8,1,873,1,0,300,0.5,1700,0.5,1
8,2,448,2,10,5,0,300,0.5,1700,0.5,0
8,3,646,0,0,500,0.6,1000,0.2,1400,0.2,1
8,4,923,1,0,300,0.5,1700,0.5,0
8,5,931,1,0,500,0.6,1000,0.2,1400,0.2,2
8,6,24,2,10,5,0,500,0.6,1000,0.2,1400,0.2,1
8,7,532,0,0,300,0.5,1700,0.5,2
8,8,220,0,0,500,0.6,1000,0.2,1400,0.2,2
8,9,541,2,10,5,0,300,0.5,1700,0.5,2
8,10,540,1,0,500,0.6,1000,0.2,1400,0.2,0
8,11,744,0,0,300,0.5,1700,0.5,1
8,12,523,1,0,300,0.5,1700,0.5,1
8,13,517,1,0,500,0.6,1000,0.2,1400,0.2,2
8,14,389,0,0,500,0.6,1000,0.2,1400,0.2,1
8,15,850,0,0,500,0.6,1000,0.2,1400,0.2,0
8,16,342,0,0,500,0.6,1000,0.2,1400,0.2,2
8,17,595,2,10,5,0,500,0.6,1000,0.2,1400,0.2,0
8,18,869,0,0,300,0.5,1700,0.5,0
8,19,130,1,0,500,0.6,1000,0.2,1400,0.2,1
9,0,539,2,10,5,0,300,0.5,1700,0.5,2
9,1,447,2,10,5,0,300,0.5,1700,0.5,0
9,2,61,1,0,300,0.5,1700,0.5,0
9,3,558,0,0,300,0.5,1700,0.5,1
9,4,937,0,0,300,0.5,1700,0.5,2
9,5,541,1,0,300,0.5,1700,0.5,1
9,6,332,0,0,500,0.6,1000,0.2,1400,0.2,1
9,7,110,2,10,5,0,500,0.6,1000,0.2,1400,0.2,1
9,8,259,1,0,500,0.6,1000,0.2,1400,0.2,2
9,9,671,1,0,300,0.5,1700,0.5,1
9,10,84,0,0,300,0.5,1700,0.5,2
9,11,927,0,0,500,0.6,1000,0.2,1400,0.2,2
9,12,806,0,0,300,0.5,1700,0.5,0
9,13,991,1,0,300,0.5,1700,0.5,0
9,14,656,1,0,500,0.6,1000,0.2,1400,0.2,0
9,15,907,0,0,300,0.5,1700,0.5,1
9,16,365,0,0,500,0.6,1000,0.2,1400,0.2,0
9,17,126,2,10,5,0,300,0.5,1700,0.5,1
9,18,419,0,0,300,0.5,1700,0.5,2
9,19,292,2,10,5,0,300,0.5,1700,0.5,0
10,0,930,0,0,500,0.6,1000,0.2,1400,0.2,1
10,1,119,0,0,300,0.5,1700,0.5,0
10,2,674,0,0,500,0.6,1000,0.2,1400,0.2,2
10,3,328,2,10,5,0,500,0.6,1000,0.2,1400,0.2,0
10,4,607,0,0,300,0.5,1700,0.5,2
10,5,744,0,0,300,0.5,1700,0.5,0
10,6,595,0,0,500,0.6,1000,0.2,1400,0.2,2
10,7,816,0,0,300,0.5,1700,0.5,0
10,8,69,1,0,300,0.5,1700,0.5,2
10,9,847,2,10,5,0,300,0.5,1700,0.5,2
10,10,637,1,0,500,0.6,1000,0.2,1400,0.2,1
10,11,156,1,0,500,0.6,1000,0.2,1400,0.2,2
10,12,761,1,0,300,0.5,1700,0.5,0
10,13,314,1,0,500,0.6,1000,0.2,1400,0.2,2
10,14,592,2,10,5,0,500,0.6,1000,0.2,1400,0.2,2
10,15,307,0,0,500,0.6,1000,0.2,1400,0.2,2
10,16,718,0,0,500,0.6,1000,0.2,1400,0.2,0
10,17,462,1,0,300,0.5,1700,0.5,1
10,18,932,1,0,500,0.6,1000,0.2,1400,0.2,0
10,19,497,0,0,500,0.6,1000,0.2,1400,0.2,1
11,0,977,0,0,300,0.5,1700,0.5,1
11,1,545,2,10,5,0,500,0.6,1000,0.2,1400,0.2,1
11,2,67,2,10,5,0,500,0.6,1000,0.2,1400,0.2,2
11,3,432,0,0,300,0.5,1700,0.5,1
11,4,293,1,0,500,0.6,1000,0.2,1400,0.2,1
11,5,65,1,0,500,0.6,1000,0.2,1400,0.2,1
11,6,572,1,0,300,0.5,1700,0.5,0
11,7,780,1,0,300,0.5,1700,0.5,2
11,8,786,1,0,500,0.6,1000,0.2,1400,0.2,2
11,9,144,2,10,5,0,300,0.5,1700,0.5,2
11,10,135,2,10,5,0,500,0.6,1000,0.2,1400,0.2,2
11,11,233,2,10,5,0,300,0.5,1700,0.5,1
11,12,811,2,10,5,0,500,0.6,1000,0.2,1400,0.2,0
11,13,677,2,10,5,0,500,0.6,1000,0.2,1400,0.2,0
11,14,263,0,0,300,0.5,1700,0.5,1
11,15,977,1,0,300,0.5,1700,0.5,0
11,16,668,1,0,500,0.6,1000,0.2,1400,0.2,2
11,17,161,2,10,5,0,300,0.5,1700,0.5,2
11,18,129,2,10,5,0,500,0.6,1000,0.2,1400,0.2,1
11,19,795,1,0,300,0.5,1700,0.5,1
12,0,874,1,0,300,0.5,1700,0.5,0
12,1,233,0,0,500,0.6,1000,0.2,1400,0.2,1
12,2,549,1,0,500,0.6,1000,0.2,1400,0.2,2
12,3,447,0,0,300,0.5,1700,0.5,1
12,4,84,1,0,500,0.6,1000,0.2,1400,0.2,2
12,5,159,1,0,300,0.5,1700,0.5,0
12,6,321,2,10,5,0,300,0.5,1700,0.5,0
12,7,500,2,10,5,0,300,0.5,1700,0.5,2
12,8,426,0,0,500,0.6,1000,0.2,1400,0.2,0
12,9,423,0,0,500,0.6,1000,0.2,1400,0.2,1
12,10,112,0,0,500,0.6,1000,0.2,1400,0.2,2
12,11,80,0,0,500,0.6,1000,0.2,1400,0.2,1
12,12,831,1,0,500,0.6,1000,0.2,1400,0.2,2
12,13,549,2,10,5,0,300,0.5,1700,0.5,2
12,14,605,2,10,5,0,300,0.5,1700,0.5,2
12,15,849,2,10,5,0,500,0.6,1000,0.2,1400,0.2,2
12,16,636,0,0,500,0.6,1000,0.2,1400,0.2,0
12,17,384,2,10,5,0,300,0.5,1700,0.5,2
12,18,515,0,0,300,0.5,1700,0.5,2
12,19,365,2,10,5,0,300,0.5,1700,0.5,1
13,0,449,1,0,300,0.5,1700,0.5,0
13,1,242,0,0,300,0.5,1700,0.5,0
13,2,131,0,0,500,0.6,1000,0.2,1400,0.2,0
13,3,237,1,0,300,0.5,1700,0.5,0
13,4,853,1,0,300,0.5,1700,0.5,2
13,5,830,1,0,300,0.5,1700,0.5,2
13,6,130,2,10,5,0,500,0.6,1000,0.2,1400,0.2,2
13,7,424,2,10,5,0,300,0.5,1700,0.5,1
13,8,634,2,10,5,0,500,0.6,1000,0.2,1400,0.2,2
13,9,355,0,0,500,0.6,1000,0.2,1400,0.2,0
13,10,342,1,0,500,0.6,1000,0.2,1400,0.2,0
13,11,371,2,10,5,0,300,0.5,1700,0.5,1
13,12,18,0,0,500,0.6,1000,0.2,1400,0.2,2
13,13,289,0,0,500,0.6,1000,0.2,1400,0.2,0
13,14,74,1,0,500,0.6,1000,0.2,1400,0.2,1
13,15,950,1,0,300,0.5,1700,0.5,2
13,16,162,2,10,5,0,300,0.5,1700,0.5,0
13,17,796,2,10,5,0,500,0.6,1000,0.2,1400,0.2,1
13,18,716,1,0,500,0.6,1000,0.2,1400,0.2,0
13,19,65,2,10,5,0,500,0.6,1000,0.2,1400,0.2,2
14,0,670,2,10,5,0,300,0.5,1700,0.5,2
14,1,26,2,10,5,0,500,0.6,1000,0.2,1400,0.2,0
14,2,621,1,0,300,0.5,1700,0.5,1
14,3,888,1,0,500,0.6,1000,0.2,1400,0.2,0
14,4,337,2,10,5,0,300,0.5,1700,0.5,1
14,5,576,1,0,300,0.5,1700,0.5,1
14,6,610,0,0,500,0.6,1000,0.2,1400,0.2,1
14,7,346,0,0,500,0.6,1000,0.2,1400,0.2,1
14,8,195,1,0,500,0.6,1000,0.2,1400,0.2,2
14,9,750,2,10,5,0,300,0.5,1700,0.5,0
14,10,441,2,10,5,0,300,0.5,1700,0.5,0
14,11,419,2,10,5,0,500,0.6,1000,0.2,1400,0.2,1
14,12,469,0,0,300,0.5,1700,0.5,2
14,13,755,2,10,5,0,300,0.5,1700,0.5,2
14,14,895,2,10,5,0,500,0.6,1000,0.2,1400,0.2,2
14,15,783,2,10,5,0,500,0.6,1000,0.2,1400,0.2,2
14,16,610,0,0,500,0.6,1000,0.2,1400,0.2,2
14,17,302,1,0,300,0.5,1700,0.5,1
14,18,813,0,0,500,0.6,1000,0.2,1400,0.2,1
14,19,640,1,0,500,0.6,1000,0.2,1400,0.2,0
15,0,770,2,10,5,0,300,0.5,1700,0.5,1
15,1,681,1,0,500,0.6,1000,0.2,1400,0.2,2
15,2,601,0,0,300,0.5,1700,0.5,2
15,3,557,1,0,300,0.5,1700,0.5,0
15,4,419,1,0,300,0.5,1700,0.5,0
15,5,957,2,10,5,0,300,0.5,1700,0.5,1
15,6,569,2,10,5,0,500,0.6,1000,0.2,1400,0.2,1
15,7,343,1,0,500,0.6,1000,0.2,1400,0.2,2
15,8,899,1,0,300,0.5,1700,0.5,2
15,9,334,0,0,500,0.6,1000,0.2,1400,0.2,1
15,10,346,0,0,300,0.5,1700,0.5,0
15,11,328,1,0,300,0.5,1700,0.5,1
15,12,484,2,10,5,0,300,0.5,1700,0.5,0
15,13,174,0,0,500,0.6,1000,0.2,1400,0.2,1
15,14,731,1,0,500,0.6,1000,0.2,1400,0.2,1
15,15,531,2,10,5,0,300,0.5,1700,0.5,2
15,16,332,1,0,500,0.6,1000,0.2,1400,0.2,1
15,17,884,2,10,5,0,300,0.5,1700,0.5,2
15,18,81,1,0,300,0.5,1700,0.5,0
15,19,563,0,0,300,0.5,1700,0.5,0
16,0,18,0,0,500,0.6,1000,0.2,1400,0.2,0
16,1,689,0,0,500,0.6,1000,0.2,1400,0.2,0
16,2,839,1,0,500,0.6,1000,0.2,1400,0.2,0
16,3,912,2,10,5,0,300,0.5,1700,0.5,0
16,4,548,0,0,500,0.6,1000,0.2,1400,0.2,2
16,5,585,1,0,300,0.5,1700,0.5,2
16,6,58,0,0,500,0.6,1000,0.2,1400,0.2,0
16,7,49,1,0,300,0.5,1700,0.5,0
16,8,503,2,10,5,0,500,0.6,1000,0.2,1400,0.2,0
16,9,539,2,10,5,0,300,0.5,1700,0.5,0
16,10,639,2,10,5,0,300,0.5,1700,0.5,1
16,11,457,0,0,300,0.5,1700,0.5,1
16,12,240,0,0,500,0.6,1000,0.2,1400,0.2,0
16,13,464,1,0,500,0.6,1000,0.2,1400,0.2,0
16,14,536,0,0,500,0.6,1000,0.2,1400,0.2,2
16,15,392,2,10,5,0,300,0.5,1700,0.5,2
16,16,354,0,0,500,0.6,1000,0.2,1400,0.2,0
16,17,207,2,10,5,0,300,0.5,1700,0.5,2
16,18,300,0,0,300,0.5,1700,0.5,2
16,19,636,1,0,300,0.5,1700,0.5,2
17,0,17,1,0,300,0.5,1700,0.5,2
17,1,847,1,0,300,0.5,1700,0.5,1
17,2,802,1,0,500,0.6,1000,0.2,1400,0.2,0
17,3,664,0,0,500,0.6,1000,0.2,1400,0.2,1
17,4,140,0,0,300,0.5,1700,0.5,1
17,5,814,2,10,5,0,500,0.6,1000,0.2,1400,0.2,0
17,6,756,2,10,5,0,300,0.5,1700,0.5,0
17,7,411,0,0,500,0.6,1000,0.2,1400,0.2,2
17,8,735,1,0,500,0.6,1000,0.2,1400,0.2,1
17,9,551,1,0,500,0.6,1000,0.2,1400,0.2,1
17,10,489,1,0,300,0.5,1700,0.5,2
17,11,650,0,0,500,0.6,1000,0.2,1400,0.2,0
17,12,622,2,10,5,0,500,0.6,1000,0.2,1400,0.2,2
17,13,64,1,0,300,0.5,1700,0.5,1
17,14,337,1,0,300,0.5,1700,0.5,0
17,15,351,2,10,5,0,500,0.6,1000,0.2,1400,0.2,1
17,16,427,0,0,500,0.6,1000,0.2,1400,0.2,1
17,17,610,0,0,500,0.6,1000,0.2,1400,0.2,1
17,18,487,2,10,5,0,500,0.6,1000,0.2,1400,0.2,0
17,19,26,2,10,5,0,500,0.6,1000,0.2,1400,0.2,0
18,0,238,0,0,500,0.6,1000,0.2,1400,0.2,2
18,1,769,1,0,300,0.5,1700,0.5,0
18,2,439,1,0,300,0.5,1700,0.5,2
18,3,516,0,0,300,0.5,1700,0.5,1
18,4,320,0,0,300,0.5,1700,0.5,2
18,5,414,1,0,500,0.6,1000,0.2,1400,0.2,2
18,6,696,2,10,5,0,300,0.5,1700,0.5,2
18,7,381,0,0,300,0.5,1700,0.5,0
18,8,80,0,0,500,0.6,1000,0.2,1400,0.2,2
18,9,358,2,10,5,0,500,0.6,1000,0.2,1400,0.2,1
18,10,728,1,0,300,0.5,1700,0.5,0
18,11,753,0,0,500,0.6,1000,0.2,1400,0.2,0
18,12,440,1,0,300,0.5,1700,0.5,0
18,13,445,2,10,5,0,300,0.5,1700,0.5,0
18,14,16,1,0,500,0.6,1000,0.2,1400,0.2,1
18,15,520,1,0,500,0.6,1000,0.2,1400,0.2,1
18,16,353,0,0,500,0.6,1000,0.2,1400,0.2,2
18,17,196,0,0,500,0.6,1000,0.2,1400,0.2,0
18,18,215,1,0,500,0.6,1000,0.2,1400,0.2,2
18,19,853,0,0,500,0.6,1000,0.2,1400,0.2,1
19,0,975,1,0,500,0.6,1000,0.2,1400,0.2,0
19,1,359,1,0,500,0.6,1000,0.2,1400,0.2,2
19,2,323,0,0,500,0.6,1000,0.2,1400,0.2,1
19,3,183,0,0,300,0.5,1700,0.5,2
19,4,779,2,10,5,0,500,0.6,1000,0.2,1400,0.2,0
19,5,386,0,0,500,0.6,1000,0.2,1400,0.2,0
19,6,667,0,0,300,0.5,1700,0.5,2
19,7,660,0,0,300,0.5,1700,0.5,0
19,8,834,0,0,500,0.6,1000,0.2,1400,0.2,1
19,9,89,2,10,5,0,500,0.6,1000,0.2,1400,0.2,0
19,10,473,0,0,500,0.6,1000,0.2,1400,0.2,2
19,11,221,2,10,5,0,300,0.5,1700,0.5,0
19,12,851,2,10,5,0,500,0.6,1000,0.2,1400,0.2,1
19,13,709,1,0,300,0.5,1700,0.5,0
19,14,307,1,0,300,0.5,1700,0.5,2
19,15,406,1,0,300,0.5,1700,0.5,0
19,16,32,0,0,500,0.6,1000,0.2,1400,0.2,1
19,17,867,1,0,500,0.6,1000,0.2,1400,0.2,2
19,18,788,1,0,300,0.5,1700,0.5,0
19,19,32,1,0,300,0.5,1700,0.5,0
