0,0,886,0,0,300,0.5,1700,0.5,1
0,1,297,2,10,5,0,500,0.6,1000,0.2,1400,0.2,2
0,2,490,2,10,5,0,500,0.6,1000,0.2,1400,0.2,0
0,3,151,2,10,5,0,300,0.5,1700,0.5,0
0,4,249,1,0,500,0.6,1000,0.2,1400,0.2,1
0,5,980,1,0,300,0.5,1700,0.5,1
0,6,732,2,10,5,0,300,0.5,1700,0.5,1
0,7,621,2,10,5,0,300,0.5,1700,0.5,0
0,8,234,0,0,300,0.5,1700,0.5,2
0,9,507,0,0,500,0.6,1000,0.2,1400,0.2,2
0,10,600,0,0,300,0.5,1700,0.5,2
0,11,98,0,0,500,0.6,1000,0.2,1400,0.2,1
0,12,680,0,0,300,0.5,1700,0.5,0
0,13,951,0,0,300,0.5,1700,0.5,2
0,14,135,0,0,500,0.6,1000,0.2,1400,0.2,1
0,15,874,0,0,300,0.5,1700,0.5,1
0,16,755,2,10,5,0,500,0.6,1000,0.2,1400,0.2,1
0,17,487,1,0,300,0.5,1700,0.5,1
0,18,345,0,0,500,0.6,1000,0.2,1400,0.2,1
0,19,567,0,0,300,0.5,1700,0.5,0
1,0,717,0,0,300,0.5,1700,0.5,0
1,1,291,2,10,5,0,500,0.6,1000,0.2,1400,0.2,1
1,2,139,0,0,500,0.6,1000,0.2,1400,0.2,1
1,3,849,2,10,5,0,500,0.6,1000,0.2,1400,0.2,2
1,4,79,0,0,300,0.5,1700,0.5,2
1,5,82,0,0,300,0.5,1700,0.5,0
1,6,858,2,10,5,0,500,0.6,1000,0.2,1400,0.2,1
1,7,667,2,10,5,0,300,0.5,1700,0.5,0
1,8,124,1,0,300,0.5,1700,0.5,0
1,9,42,2,10,5,0,500,0.6,1000,0.2,1400,0.2,2
1,10,850,2,10,5,0,300,0.5,1700,0.5,1
1,11,757,0,0,500,0.6,1000,0.2,1400,0.2,1
1,12,27,0,0,500,0.6,1000,0.2,1400,0.2,0
1,13,912,2,10,5,0,500,0.6,1000,0.2,1400,0.2,0
1,14,881,1,0,500,0.6,1000,0.2,1400,0.2,2
1,15,329,2,10,5,0,500,0.6,1000,0.2,1400,0.2,1
1,16,953,2,10,5,0,300,0.5,1700,0.5,1
1,17,483,0,0,500,0.6,1000,0.2,1400,0.2,0
1,18,391,0,0,300,0.5,1700,0.5,0
1,19,407,2,10,5,0,500,0.6,1000,0.2,1400,0.2,2
2,0,162,1,0,300,0.5,1700,0.5,2
2,1,99,1,0,300,0.5,1700,0.5,1
2,2,122,2,10,5,0,500,0.6,1000,0.2,1400,0.2,1
2,3,818,0,0,500,0.6,1000,0.2,1400,0.2,1
2,4,379,2,10,5,0,300,0.5,1700,0.5,2
2,5,496,0,0,300,0.5,1700,0.5,0
2,6,781,2,10,5,0,300,0.5,1700,0.5,2
2,7,294,1,0,500,0.6,1000,0.2,1400,0.2,1
2,8,232,0,0,500,0.6,1000,0.2,1400,0.2,2
2,9,657,0,0,500,0.6,1000,0.2,1400,0.2,0
2,10,921,1,0,300,0.5,1700,0.5,0
2,11,573,1,0,300,0.5,1700,0.5,1
2,12,338,1,0,300,0.5,1700,0.5,1
2,13,344,0,0,500,0.6,1000,0.2,1400,0.2,1
2,14,797,0,0,500,0.6,1000,0.2,1400,0.2,0
2,15,697,0,0,500,0.6,1000,0.2,1400,0.2,2
2,16,816,0,0,300,0.5,1700,0.5,2
2,17,434,2,10,5,0,300,0.5,1700,0.5,0
2,18,747,0,0,300,0.5,1700,0.5,2
2,19,999,0,0,500,0.6,1000,0.2,1400,0.2,2
3,0,875,1,0,500,0.6,1000,0.2,1400,0.2,2
3,1,405,1,0,300,0.5,1700,0.5,0
3,2,227,1,0,500,0.6,1000,0.2,1400,0.2,2
3,3,135,1,0,500,0.6,1000,0.2,1400,0.2,1
3,4,73,2,10,5,0,300,0.5,1700,0.5,1
3,5,848,0,0,500,0.6,1000,0.2,1400,0.2,0
3,6,804,0,0,500,0.6,1000,0.2,1400,0.2,0
3,7,237,0,0,500,0.6,1000,0.2,1400,0.2,1
3,8,989,1,0,300,0.5,1700,0.5,0
3,9,643,2,10,5,0,500,0.6,1000,0.2,1400,0.2,1
3,10,993,0,0,500,0.6,1000,0.2,1400,0.2,0
3,11,897,2,10,5,0,300,0.5,1700,0.5,1
3,12,176,2,10,5,0,300,0.5,1700,0.5,2
3,13,100,2,10,5,0,500,0.6,1000,0.2,1400,0.2,1
3,14,499,1,0,500,0.6,1000,0.2,1400,0.2,2
3,15,404,1,0,300,0.5,1700,0.5,1
3,16,974,2,10,5,0,500,0.6,1000,0.2,1400,0.2,2
3,17,87,0,0,500,0.6,1000,0.2,1400,0.2,2
3,18,372,2,10,5,0,300,0.5,1700,0.5,2
3,19,530,2,10,5,0,300,0.5,1700,0.5,0
4,0,833,1,0,300,0.5,1700,0.5,2
4,1,720,2,10,5,0,300,0.5,1700,0.5,1
4,2,169,0,0,300,0.5,1700,0.5,2
4,3,17,0,0,500,0.6,1000,0.2,1400,0.2,0
4,4,584,2,10,5,0,500,0.6,1000,0.2,1400,0.2,1
4,5,793,2,10,5,0,300,0.5,1700,0.5,2
4,6,119,1,0,500,0.6,1000,0.2,1400,0.2,2
4,7,627,0,0,500,0.6,1000,0.2,1400,0.2,0
4,8,84,0,0,300,0.5,1700,0.5,1
4,9,229,2,10,5,0,300,0.5,1700,0.5,2
4,10,395,1,0,500,0.6,1000,0.2,1400,0.2,0
4,11,227,1,0,300,0.5,1700,0.5,2
4,12,768,2,10,5,0,500,0.6,1000,0.2,1400,0.2,2
4,13,98,2,10,5,0,300,0.5,1700,0.5,0
4,14,424,2,10,5,0,300,0.5,1700,0.5,1
4,15,235,2,10,5,0,500,0.6,1000,0.2,1400,0.2,2
4,16,312,0,0,500,0.6,1000,0.2,1400,0.2,0
4,17,92,0,0,500,0.6,1000,0.2,1400,0.2,2
4,18,515,0,0,500,0.6,1000,0.2,1400,0.2,0
4,19,20,1,0,500,0.6,1000,0.2,1400,0.2,0
5,0,204,0,0,300,0.5,1700,0.5,0
5,1,388,0,0,300,0.5,1700,0.5,1
5,2,327,2,10,5,0,500,0.6,1000,0.2,1400,0.2,2
5,3,830,0,0,500,0.6,1000,0.2,1400,0.2,0
5,4,407,0,0,300,0.5,1700,0.5,0
5,5,742,0,0,300,0.5,1700,0.5,2
5,6,590,1,0,300,0.5,1700,0.5,0
5,7,408,1,0,300,0.5,1700,0.5,1
5,8,344,0,0,300,0.5,1700,0.5,2
5,9,664,0,0,300,0.5,1700,0.5,1
5,10,835,2,10,5,0,300,0.5,1700,0.5,1
5,11,874,1,0,300,0.5,1700,0.5,1
5,12,754,0,0,500,0.6,1000,0.2,1400,0.2,1
5,13,799,1,0,300,0.5,1700,0.5,1
5,14,305,2,10,5,0,500,0.6,1000,0.2,1400,0.2,2
5,15,749,0,0,300,0.5,1700,0.5,0
5,16,540,1,0,300,0.5,1700,0.5,0
5,17,674,0,0,300,0.5,1700,0.5,2
5,18,902,1,0,500,0.6,1000,0.2,1400,0.2,1
5,19,214,0,0,500,0.6,1000,0.2,1400,0.2,2
6,0,229,2,10,5,0,300,0.5,1700,0.5,1
6,1,603,2,10,5,0,500,0.6,1000,0.2,1400,0.2,1
6,2,610,1,0,500,0.6,1000,0.2,1400,0.2,0
6,3,100,0,0,500,0.6,1000,0.2,1400,0.2,0
6,4,658,2,10,5,0,300,0.5,1700,0.5,0
6,5,221,2,10,5,0,500,0.6,1000,0.2,1400,0.2,1
6,6,729,1,0,300,0.5,1700,0.5,2
6,7,69,0,0,500,0.6,1000,0.2,1400,0.2,1
6,8,454,2,10,5,0,300,0.5,1700,0.5,2
6,9,600,2,10,5,0,300,0.5,1700,0.5,1
6,10,729,2,10,5,0,500,0.6,1000,0.2,1400,0.2,0
6,11,242,0,0,300,0.5,1700,0.5,1
6,12,455,0,0,300,0.5,1700,0.5,2
6,13,133,2,10,5,0,500,0.6,1000,0.2,1400,0.2,2
6,14,679,2,10,5,0,500,0.6,1000,0.2,1400,0.2,0
6,15,850,1,0,500,0.6,1000,0.2,1400,0.2,0
6,16,715,1,0,500,0.6,1000,0.2,1400,0.2,1
6,17,694,1,0,300,0.5,1700,0.5,0
6,18,473,0,0,500,0.6,1000,0.2,1400,0.2,2
6,19,10,1,0,500,0.6,1000,0.2,1400,0.2,2
7,0,782,0,0,500,0.6,1000,0.2,1400,0.2,0
7,1,67,0,0,500,0.6,1000,0.2,1400,0.2,1
7,2,731,2,10,5,0,300,0.5,1700,0.5,0
7,3,882,1,0,300,0.5,1700,0.5,2
7,4,786,0,0,500,0.6,1000,0.2,1400,0.2,2
7,5,883,0,0,500,0.6,1000,0.2,1400,0.2,1
7,6,579,2,10,5,0,300,0.5,1700,0.5,1
7,7,104,2,10,5,0,300,0.5,1700,0.5,2
7,8,324,0,0,500,0.6,1000,0.2,1400,0.2,0
7,9,878,0,0,300,0.5,1700,0.5,0
7,10,809,1,0,500,0.6,1000,0.2,1400,0.2,0
7,11,802,2,10,5,0,500,0.6,1000,0.2,1400,0.2,2
7,12,569,1,0,500,0.6,1000,0.2,1400,0.2,2
7,13,394,1,0,500,0.6,1000,0.2,1400,0.2,0
7,14,949,1,0,300,0.5,1700,0.5,2
7,15,559,0,0,500,0.6,1000,0.2,1400,0.2,0
7,16,43,2,10,5,0,500,0.6,1000,0.2,1400,0.2,2
7,17,655,2,10,5,0,500,0.6,1000,0.2,1400,0.2,1
7,18,25,0,0,500,0.6,1000,0.2,1400,0.2,2
7,19,78,0,0,500,0.6,1000,0.2,1400,0.2,0
8,0,546,0,0,300,0.5,1700,0.5,0
8,1,66,2,10,5,0,500,0.6,1000,0.2,1400,0.2,2
8,2,29,2,10,5,0,300,0.5,1700,0.5,2
8,3,32,1,0,300,0.5,1700,0.5,0
8,4,746,2,10,5,0,300,0.5,1700,0.5,1
8,5,741,0,0,500,0.6,1000,0.2,1400,0.2,0
8,6,517,1,0,500,0.6,1000,0.2,1400,0.2,0
8,7,206,0,0,500,0.6,1000,0.2,1400,0.2,0
8,8,815,0,0,300,0.5,1700,0.5,1
8,9,978,1,0,500,0.6,1000,0.2,1400,0.2,1
8,10,108,2,10,5,0,300,0.5,1700,0.5,1
8,11,372,2,10,5,0,500,0.6,1000,0.2,1400,0.2,0
8,12,36,1,0,500,0.6,1000,0.2,1400,0.2,2
8,13,453,0,0,300,0.5,1700,0.5,1
8,14,217,1,0,500,0.6,1000,0.2,1400,0.2,2
8,15,515,2,10,5,0,500,0.6,1000,0.2,1400,0.2,1
8,16,799,2,10,5,0,300,0.5,1700,0.5,1
8,17,368,2,10,5,0,500,0.6,1000,0.2,1400,0.2,1
8,18,720,2,10,5,0,500,0.6,1000,0.2,1400,0.2,1
8,19,774,1,0,300,0.5,1700,0.5,1
9,0,920,0,0,300,0.5,1700,0.5,0
9,1,878,1,0,300,0.5,1700,0.5,2
9,2,601,0,0,300,0.5,1700,0.5,0
9,3,960,2,10,5,0,500,0.6,1000,0.2,1400,0.2,2
9,4,755,0,0,300,0.5,1700,0.5,1
9,5,704,1,0,300,0.5,1700,0.5,2
9,6,292,0,0,500,0.6,1000,0.2,1400,0.2,1
9,7,851,1,0,300,0.5,1700,0.5,1
9,8,875,2,10,5,0,300,0.5,1700,0.5,1
9,9,288,1,0,300,0.5,1700,0.5,0
9,10,411,1,0,300,0.5,1700,0.5,0
9,11,10,1,0,300,0.5,1700,0.5,1
9,12,289,0,0,300,0.5,1700,0.5,0
9,13,48,1,0,300,0.5,1700,0.5,2
9,14,497,0,0,500,0.6,1000,0.2,1400,0.2,2
9,15,605,0,0,500,0.6,1000,0.2,1400,0.2,2
9,16,119,2,10,5,0,300,0.5,1700,0.5,2
9,17,607,1,0,300,0.5,1700,0.5,1
9,18,162,2,10,5,0,300,0.5,1700,0.5,1
9,19,59,2,10,5,0,500,0.6,1000,0.2,1400,0.2,2
10,0,786,2,10,5,0,500,0.6,1000,0.2,1400,0.2,2
10,1,241,1,0,500,0.6,1000,0.2,1400,0.2,2
10,2,326,0,0,500,0.6,1000,0.2,1400,0.2,1
10,3,718,2,10,5,0,500,0.6,1000,0.2,1400,0.2,2
10,4,414,0,0,300,0.5,1700,0.5,2
10,5,367,1,0,300,0.5,1700,0.5,1
10,6,307,0,0,500,0.6,1000,0.2,1400,0.2,0
10,7,786,2,10,5,0,300,0.5,1700,0.5,2
10,8,651,0,0,300,0.5,1700,0.5,2
10,9,522,2,10,5,0,500,0.6,1000,0.2,1400,0.2,2
10,10,31,2,10,5,0,500,0.6,1000,0.2,1400,0.2,1
10,11,595,0,0,500,0.6,1000,0.2,1400,0.2,1
10,12,740,2,10,5,0,300,0.5,1700,0.5,0
10,13,666,1,0,300,0.5,1700,0.5,1
10,14,774,0,0,500,0.6,1000,0.2,1400,0.2,1
10,15,652,2,10,5,0,300,0.5,1700,0.5,2
10,16,809,0,0,500,0.6,1000,0.2,1400,0.2,1
10,17,947,2,10,5,0,300,0.5,1700,0.5,0
10,18,365,2,10,5,0,300,0.5,1700,0.5,0
10,19,908,2,10,5,0,500,0.6,1000,0.2,1400,0.2,2
11,0,203,1,0,300,0.5,1700,0.5,2
11,1,162,1,0,300,0.5,1700,0.5,1
11,2,458,0,0,300,0.5,1700,0.5,0
11,3,978,1,0,300,0.5,1700,0.5,1
11,4,695,2,10,5,0,300,0.5,1700,0.5,2
11,5,313,0,0,300,0.5,1700,0.5,0
11,6,773,2,10,5,0,300,0.5,1700,0.5,2
11,7,171,0,0,300,0.5,1700,0.5,2
11,8,363,1,0,300,0.5,1700,0.5,0
11,9,741,2,10,5,0,300,0.5,1700,0.5,1
11,10,36,2,10,5,0,300,0.5,1700,0.5,1
11,11,271,2,10,5,0,500,0.6,1000,0.2,1400,0.2,0
11,12,54,1,0,500,0.6,1000,0.2,1400,0.2,1
11,13,435,2,10,5,0,500,0.6,1000,0.2,1400,0.2,1
11,14,710,0,0,500,0.6,1000,0.2,1400,0.2,2
11,15,159,2,10,5,0,300,0.5,1700,0.5,0
11,16,514,1,0,500,0.6,1000,0.2,1400,0.2,1
11,17,469,2,10,5,0,300,0.5,1700,0.5,2
11,18,153,2,10,5,0,300,0.5,1700,0.5,0
11,19,288,0,0,300,0.5,1700,0.5,0
12,0,115,1,0,300,0.5,1700,0.5,2
12,1,688,2,10,5,0,500,0.6,1000,0.2,1400,0.2,1
12,2,600,2,10,5,0,300,0.5,1700,0.5,2
12,3,424,0,0,300,0.5,1700,0.5,2
12,4,469,1,0,300,0.5,1700,0.5,2
12,5,541,1,0,300,0.5,1700,0.5,0
12,6,729,0,0,300,0.5,1700,0.5,1
12,7,195,0,0,500,0.6,1000,0.2,1400,0.2,2
12,8,343,2,10,5,0,500,0.6,1000,0.2,1400,0.2,1
12,9,416,1,0,300,0.5,1700,0.5,0
12,10,837,2,10,5,0,300,0.5,1700,0.5,1
12,11,510,2,10,5,0,500,0.6,1000,0.2,1400,0.2,0
12,12,800,2,10,5,0,500,0.6,1000,0.2,1400,0.2,2
12,13,633,2,10,5,0,300,0.5,1700,0.5,0
12,14,346,2,10,5,0,300,0.5,1700,0.5,1
12,15,142,1,0,300,0.5,1700,0.5,0
12,16,662,2,10,5,0,500,0.6,1000,0.2,1400,0.2,0
12,17,272,2,10,5,0,300,0.5,1700,0.5,2
12,18,20,1,0,500,0.6,1000,0.2,1400,0.2,1
12,19,476,0,0,500,0.6,1000,0.2,1400,0.2,2
13,0,65,2,10,5,0,300,0.5,1700,0.5,0
13,1,311,0,0,500,0.6,1000,0.2,1400,0.2,2
13,2,564,1,0,300,0.5,1700,0.5,2
13,3,172,1,0,300,0.5,1700,0.5,0
13,4,339,1,0,500,0.6,1000,0.2,1400,0.2,1
13,5,912,0,0,500,0.6,1000,0.2,1400,0.2,0
13,6,178,1,0,300,0.5,1700,0.5,0
13,7,68,2,10,5,0,300,0.5,1700,0.5,2
13,8,329,0,0,300,0.5,1700,0.5,0
13,9,252,0,0,300,0.5,1700,0.5,1
13,10,923,1,0,500,0.6,1000,0.2,1400,0.2,2
13,11,98,1,0,500,0.6,1000,0.2,1400,0.2,2
13,12,801,1,0,500,0.6,1000,0.2,1400,0.2,1
13,13,901,2,10,5,0,300,0.5,1700,0.5,0
13,14,615,2,10,5,0,500,0.6,1000,0.2,1400,0.2,2
13,15,490,0,0,500,0.6,1000,0.2,1400,0.2,0
13,16,363,1,0,300,0.5,1700,0.5,0
13,17,217,2,10,5,0,500,0.6,1000,0.2,1400,0.2,2
13,18,301,2,10,5,0,500,0.6,1000,0.2,1400,0.2,2
13,19,728,2,10,5,0,500,0.6,1000,0.2,1400,0.2,0
14,0,380,2,10,5,0,300,0.5,1700,0.5,1
14,1,459,0,0,300,0.5,1700,0.5,0
14,2,844,0,0,500,0.6,1000,0.2,1400,0.2,1
14,3,359,1,0,300,0.5,1700,0.5,2
14,4,371,1,0,500,0.6,1000,0.2,1400,0.2,0
14,5,756,1,0,300,0.5,1700,0.5,2
14,6,856,2,10,5,0,500,0.6,1000,0.2,1400,0.2,2
14,7,171,2,10,5,0,500,0.6,1000,0.2,1400,0.2,1
14,8,868,1,0,500,0.6,1000,0.2,1400,0.2,1
14,9,832,2,10,5,0,500,0.6,1000,0.2,1400,0.2,2
14,10,433,2,10,5,0,300,0.5,1700,0.5,1
14,11,936,2,10,5,0,300,0.5,1700,0.5,2
14,12,398,1,0,300,0.5,1700,0.5,0
14,13,977,0,0,500,0.6,1000,0.2,1400,0.2,1
14,14,907,1,0,500,0.6,1000,0.2,1400,0.2,2
14,15,829,1,0,500,0.6,1000,0.2,1400,0.2,2
14,16,598,0,0,300,0.5,1700,0.5,2
14,17,509,1,0,500,0.6,1000,0.2,1400,0.2,2
14,18,627,1,0,500,0.6,1000,0.2,1400,0.2,1
14,19,382,0,0,500,0.6,1000,0.2,1400,0.2,2
15,0,69,2,10,5,0,500,0.6,1000,0.2,1400,0.2,1
15,1,220,2,10,5,0,300,0.5,1700,0.5,1
15,2,58,2,10,5,0,300,0.5,1700,0.5,0
15,3,648,2,10,5,0,500,0.6,1000,0.2,1400,0.2,0
15,4,626,1,0,300,0.5,1700,0.5,0
15,5,212,2,10,5,0,500,0.6,1000,0.2,1400,0.2,1
15,6,321,2,10,5,0,300,0.5,1700,0.5,0
15,7,780,0,0,300,0.5,1700,0.5,0
15,8,383,1,0,300,0.5,1700,0.5,1
15,9,92,1,0,500,0.6,1000,0.2,1400,0.2,0
15,10,680,2,10,5,0,500,0.6,1000,0.2,1400,0.2,0
15,11,168,1,0,500,0.6,1000,0.2,1400,0.2,1
15,12,556,0,0,300,0.5,1700,0.5,2
15,13,178,0,0,500,0.6,1000,0.2,1400,0.2,1
15,14,560,2,10,5,0,500,0.6,1000,0.2,1400,0.2,0
15,15,455,1,0,500,0.6,1000,0.2,1400,0.2,2
15,16,194,2,10,5,0,300,0.5,1700,0.5,0
15,17,543,0,0,500,0.6,1000,0.2,1400,0.2,2
15,18,771,2,10,5,0,500,0.6,1000,0.2,1400,0.2,1
15,19,822,0,0,300,0.5,1700,0.5,1
16,0,59,2,10,5,0,300,0.5,1700,0.5,0
16,1,823,1,0,500,0.6,1000,0.2,1400,0.2,0
16,2,977,0,0,300,0.5,1700,0.5,1
16,3,375,2,10,5,0,500,0.6,1000,0.2,1400,0.2,1
16,4,695,1,0,500,0.6,1000,0.2,1400,0.2,1
16,5,291,1,0,500,0.6,1000,0.2,1400,0.2,2
16,6,434,0,0,500,0.6,1000,0.2,1400,0.2,0
16,7,292,0,0,300,0.5,1700,0.5,0
16,8,185,0,0,500,0.6,1000,0.2,1400,0.2,2
16,9,267,0,0,300,0.5,1700,0.5,1
16,10,710,1,0,500,0.6,1000,0.2,1400,0.2,2
16,11,704,2,10,5,0,300,0.5,1700,0.5,2
16,12,635,0,0,300,0.5,1700,0.5,0
16,13,186,0,0,300,0.5,1700,0.5,0
16,14,926,2,10,5,0,300,0.5,1700,0.5,2
16,15,791,0,0,500,0.6,1000,0.2,1400,0.2,2
16,16,611,0,0,300,0.5,1700,0.5,2
16,17,409,2,10,5,0,300,0.5,1700,0.5,0
16,18,507,1,0,500,0.6,1000,0.2,1400,0.2,0
16,19,271,0,0,300,0.5,1700,0.5,2
17,0,685,1,0,500,0.6,1000,0.2,1400,0.2,2
17,1,57,1,0,500,0.6,1000,0.2,1400,0.2,1
17,2,748,1,0,500,0.6,1000,0.2,1400,0.2,1
17,3,508,1,0,300,0.5,1700,0.5,0
17,4,200,0,0,500,0.6,1000,0.2,1400,0.2,1
17,5,101,1,0,500,0.6,1000,0.2,1400,0.2,0
17,6,760,0,0,500,0.6,1000,0.2,1400,0.2,2
17,7,814,0,0,300,0.5,1700,0.5,1
17,8,999,2,10,5,0,300,0.5,1700,0.5,2
17,9,292,1,0,500,0.6,1000,0.2,1400,0.2,2
17,10,685,0,0,500,0.6,1000,0.2,1400,0.2,2
17,11,757,0,0,300,0.5,1700,0.5,1
17,12,14,0,0,300,0.5,1700,0.5,0
17,13,555,0,0,500,0.6,1000,0.2,1400,0.2,2
17,14,703,1,0,500,0.6,1000,0.2,1400,0.2,1
17,15,810,0,0,500,0.6,1000,0.2,1400,0.2,0
17,16,288,1,0,300,0.5,1700,0.5,1
17,17,140,0,0,300,0.5,1700,0.5,0
17,18,323,0,0,300,0.5,1700,0.5,1
17,19,579,1,0,300,0.5,1700,0.5,2
18,0,267,2,10,5,0,300,0.5,1700,0.5,0
18,1,351,2,10,5,0,300,0.5,1700,0.5,0
18,2,909,0,0,300,0.5,1700,0.5,1
18,3,55,0,0,500,0.6,1000,0.2,1400,0.2,2
18,4,104,2,10,5,0,500,0.6,1000,0.2,1400,0.2,2
18,5,448,1,0,300,0.5,1700,0.5,1
18,6,533,0,0,500,0.6,1000,0.2,1400,0.2,0
18,7,634,0,0,500,0.6,1000,0.2,1400,0.2,2
18,8,25,2,10,5,0,500,0.6,1000,0.2,1400,0.2,1
18,9,149,0,0,500,0.6,1000,0.2,1400,0.2,0
18,10,714,1,0,300,0.5,1700,0.5,1
18,11,510,0,0,300,0.5,1700,0.5,1
18,12,522,0,0,500,0.6,1000,0.2,1400,0.2,1
18,13,277,0,0,500,0.6,1000,0.2,1400,0.2,0
18,14,543,2,10,5,0,300,0.5,1700,0.5,0
18,15,642,0,0,300,0.5,1700,0.5,1
18,16,201,1,0,300,0.5,1700,0.5,1
18,17,164,0,0,300,0.5,1700,0.5,1
18,18,81,0,0,500,0.6,1000,0.2,1400,0.2,0
18,19,472,1,0,300,0.5,1700,0.5,2
19,0,799,1,0,500,0.6,1000,0.2,1400,0.2,1
19,1,67,0,0,300,0.5,1700,0.5,1
19,2,241,1,0,500,0.6,1000,0.2,1400,0.2,1
19,3,446,0,0,300,0.5,1700,0.5,1
19,4,426,2,10,5,0,300,0.5,1700,0.5,2
19,5,831,1,0,300,0.5,1700,0.5,2
19,6,665,0,0,300,0.5,1700,0.5,0
19,7,646,2,10,5,0,500,0.6,1000,0.2,1400,0.2,1
19,8,898,0,0,500,0.6,1000,0.2,1400,0.2,1
19,9,695,0,0,300,0.5,1700,0.5,2
19,10,882,2,10,5,0,300,0.5,1700,0.5,2
19,11,778,2,10,5,0,300,0.5,1700,0.5,0
19,12,909,1,0,500,0.6,1000,0.2,1400,0.2,0
19,13,787,2,10,5,0,300,0.5,1700,0.5,0
19,14,238,2,10,5,0,500,0.6,1000,0.2,1400,0.2,1
19,15,671,2,10,5,0,500,0.6,1000,0.2,1400,0.2,1
19,16,680,1,0,300,0.5,1700,0.5,0
19,17,380,2,10,5,0,500,0.6,1000,0.2,1400,0.2,1
19,18,27,1,0,300,0.5,1700,0.5,0
19,19,735,0,0,300,0.5,1700,0.5,0
