0,0,119,1,0,500,0.6,1000,0.2,1400,0.2,0
0,1,985,0,0,500,0.6,1000,0.2,1400,0.2,2
0,2,534,2,10,5,0,300,0.5,1700,0.5,1
0,3,123,2,10,5,0,500,0.6,1000,0.2,1400,0.2,0
0,4,852,2,10,5,0,300,0.5,1700,0.5,2
0,5,208,1,0,300,0.5,1700,0.5,2
0,6,700,1,0,500,0.6,1000,0.2,1400,0.2,1
0,7,324,1,0,500,0.6,1000,0.2,1400,0.2,2
0,8,186,0,0,500,0.6,1000,0.2,1400,0.2,0
0,9,802,2,10,5,0,500,0.6,1000,0.2,1400,0.2,0
0,10,463,2,10,5,0,500,0.6,1000,0.2,1400,0.2,1
0,11,907,2,10,5,0,500,0.6,1000,0.2,1400,0.2,2
0,12,30,2,10,5,0,300,0.5,1700,0.5,2
0,13,138,0,0,500,0.6,1000,0.2,1400,0.2,1
0,14,463,0,0,500,0.6,1000,0.2,1400,0.2,0
0,15,333,2,10,5,0,300,0.5,1700,0.5,1
0,16,156,1,0,500,0.6,1000,0.2,1400,0.2,0
0,17,853,0,0,500,0.6,1000,0.2,1400,0.2,1
0,18,415,0,0,500,0.6,1000,0.2,1400,0.2,1
0,19,179,2,10,5,0,300,0.5,1700,0.5,2
1,0,489,1,0,500,0.6,1000,0.2,1400,0.2,0
1,1,945,2,10,5,0,500,0.6,1000,0.2,1400,0.2,0
1,2,682,0,0,300,0.5,1700,0.5,0
1,3,201,1,0,300,0.5,1700,0.5,2
1,4,115,1,0,500,0.6,1000,0.2,1400,0.2,2
1,5,145,0,0,300,0.5,1700,0.5,2
1,6,708,0,0,300,0.5,1700,0.5,2
1,7,524,1,0,300,0.5,1700,0.5,0
1,8,896,0,0,300,0.5,1700,0.5,2
1,9,288,1,0,500,0.6,1000,0.2,1400,0.2,2
1,10,490,2,10,5,0,500,0.6,1000,0.2,1400,0.2,1
1,11,424,2,10,5,0,300,0.5,1700,0.5,1
1,12,12,2,10,5,0,500,0.6,1000,0.2,1400,0.2,2
1,13,135,1,0,300,0.5,1700,0.5,2
1,14,429,1,0,500,0.6,1000,0.2,1400,0.2,1
1,15,999,0,0,500,0.6,1000,0.2,1400,0.2,2
1,16,221,2,10,5,0,300,0.5,1700,0.5,2
1,17,705,1,0,500,0.6,1000,0.2,1400,0.2,1
1,18,391,0,0,300,0.5,1700,0.5,0
1,19,172,0,0,500,0.6,1000,0.2,1400,0.2,1
2,0,267,1,0,300,0.5,1700,0.5,1
2,1,844,1,0,300,0.5,1700,0.5,2
2,2,911,2,10,5,0,500,0.6,1000,0.2,1400,0.2,0
2,3,181,1,0,500,0.6,1000,0.2,1400,0.2,1
2,4,840,0,0,500,0.6,1000,0.2,1400,0.2,1
2,5,409,2,10,5,0,300,0.5,1700,0.5,0
2,6,302,0,0,500,0.6,1000,0.2,1400,0.2,1
2,7,491,0,0,500,0.6,1000,0.2,1400,0.2,2
2,8,482,1,0,300,0.5,1700,0.5,0
2,9,280,1,0,500,0.6,1000,0.2,1400,0.2,0
2,10,878,0,0,500,0.6,1000,0.2,1400,0.2,2
2,11,18,0,0,500,0.6,1000,0.2,1400,0.2,0
2,12,182,2,10,5,0,500,0.6,1000,0.2,1400,0.2,0
2,13,230,2,10,5,0,500,0.6,1000,0.2,1400,0.2,2
2,14,916,0,0,500,0.6,1000,0.2,1400,0.2,0
2,15,219,2,10,5,0,300,0.5,1700,0.5,0
2,16,992,0,0,300,0.5,1700,0.5,0
2,17,557,0,0,500,0.6,1000,0.2,1400,0.2,0
2,18,108,1,0,300,0.5,1700,0.5,2
2,19,615,1,0,500,0.6,1000,0.2,1400,0.2,1
3,0,681,2,10,5,0,300,0.5,1700,0.5,2
3,1,566,2,10,5,0,300,0.5,1700,0.5,1
3,2,809,1,0,500,0.6,1000,0.2,1400,0.2,1
3,3,776,2,10,5,0,300,0.5,1700,0.5,1
3,4,877,2,10,5,0,300,0.5,1700,0.5,0
3,5,309,0,0,500,0.6,1000,0.2,1400,0.2,0
3,6,638,1,0,300,0.5,1700,0.5,0
3,7,194,1,0,300,0.5,1700,0.5,0
3,8,575,1,0,300,0.5,1700,0.5,2
3,9,638,1,0,500,0.6,1000,0.2,1400,0.2,1
3,10,889,0,0,500,0.6,1000,0.2,1400,0.2,1
3,11,14,0,0,500,0.6,1000,0.2,1400,0.2,2
3,12,395,1,0,300,0.5,1700,0.5,1
3,13,817,1,0,500,0.6,1000,0.2,1400,0.2,1
3,14,919,2,10,5,0,500,0.6,1000,0.2,1400,0.2,1
3,15,494,1,0,300,0.5,1700,0.5,2
3,16,934,0,0,300,0.5,1700,0.5,1
3,17,72,0,0,500,0.6,1000,0.2,1400,0.2,1
3,18,668,2,10,5,0,500,0.6,1000,0.2,1400,0.2,1
3,19,488,0,0,300,0.5,1700,0.5,2
4,0,354,1,0,500,0.6,1000,0.2,1400,0.2,1
4,1,541,0,0,500,0.6,1000,0.2,1400,0.2,2
4,2,780,0,0,300,0.5,1700,0.5,0
4,3,38,2,10,5,0,300,0.5,1700,0.5,0
4,4,878,0,0,500,0.6,1000,0.2,1400,0.2,1
4,5,571,0,0,300,0.5,1700,0.5,0
4,6,173,2,10,5,0,300,0.5,1700,0.5,0
4,7,134,0,0,500,0.6,1000,0.2,1400,0.2,2
4,8,787,2,10,5,0,300,0.5,1700,0.5,2
4,9,767,0,0,300,0.5,1700,0.5,2
4,10,153,0,0,500,0.6,1000,0.2,1400,0.2,0
4,11,940,1,0,300,0.5,1700,0.5,0
4,12,905,1,0,500,0.6,1000,0.2,1400,0.2,1
4,13,423,2,10,5,0,500,0.6,1000,0.2,1400,0.2,2
4,14,856,0,0,500,0.6,1000,0.2,1400,0.2,2
4,15,905,1,0,500,0.6,1000,0.2,1400,0.2,1
4,16,494,2,10,5,0,300,0.5,1700,0.5,2
4,17,65,2,10,5,0,300,0.5,1700,0.5,2
4,18,674,1,0,500,0.6,1000,0.2,1400,0.2,0
4,19,432,2,10,5,0,300,0.5,1700,0.5,0
5,0,600,1,0,300,0.5,1700,0.5,2
5,1,34,1,0,500,0.6,1000,0.2,1400,0.2,2
5,2,64,0,0,500,0.6,1000,0.2,1400,0.2,0
5,3,330,2,10,5,0,300,0.5,1700,0.5,0
5,4,769,1,0,500,0.6,1000,0.2,1400,0.2,1
5,5,777,2,10,5,0,500,0.6,1000,0.2,1400,0.2,1
5,6,773,1,0,300,0.5,1700,0.5,2
5,7,783,0,0,500,0.6,1000,0.2,1400,0.2,2
5,8,275,1,0,500,0.6,1000,0.2,1400,0.2,2
5,9,249,2,10,5,0,500,0.6,1000,0.2,1400,0.2,2
5,10,887,1,0,500,0.6,1000,0.2,1400,0.2,1
5,11,584,2,10,5,0,500,0.6,1000,0.2,1400,0.2,1
5,12,471,2,10,5,0,300,0.5,1700,0.5,1
5,13,162,2,10,5,0,300,0.5,1700,0.5,1
5,14,381,1,0,500,0.6,1000,0.2,1400,0.2,1
5,15,926,1,0,500,0.6,1000,0.2,1400,0.2,2
5,16,412,0,0,300,0.5,1700,0.5,0
5,17,195,2,10,5,0,500,0.6,1000,0.2,1400,0.2,0
5,18,393,2,10,5,0,500,0.6,1000,0.2,1400,0.2,0
5,19,645,0,0,300,0.5,1700,0.5,0
6,0,63,2,10,5,0,500,0.6,1000,0.2,1400,0.2,1
6,1,120,2,10,5,0,500,0.6,1000,0.2,1400,0.2,0
6,2,908,2,10,5,0,500,0.6,1000,0.2,1400,0.2,0
6,3,596,0,0,300,0.5,1700,0.5,0
6,4,629,1,0,500,0.6,1000,0.2,1400,0.2,2
6,5,692,0,0,300,0.5,1700,0.5,2
6,6,561,0,0,300,0.5,1700,0.5,1
6,7,79,2,10,5,0,300,0.5,1700,0.5,2
6,8,981,2,10,5,0,500,0.6,1000,0.2,1400,0.2,1
6,9,155,1,0,500,0.6,1000,0.2,1400,0.2,1
6,10,609,1,0,500,0.6,1000,0.2,1400,0.2,0
6,11,967,1,0,500,0.6,1000,0.2,1400,0.2,1
6,12,902,2,10,5,0,500,0.6,1000,0.2,1400,0.2,1
6,13,996,2,10,5,0,500,0.6,1000,0.2,1400,0.2,2
6,14,865,1,0,300,0.5,1700,0.5,2
6,15,547,0,0,300,0.5,1700,0.5,2
6,16,197,2,10,5,0,300,0.5,1700,0.5,1
6,17,543,2,10,5,0,300,0.5,1700,0.5,2
6,18,552,0,0,500,0.6,1000,0.2,1400,0.2,0
6,19,163,0,0,300,0.5,1700,0.5,0
7,0,58,0,0,300,0.5,1700,0.5,2
7,1,864,2,10,5,0,500,0.6,1000,0.2,1400,0.2,1
7,2,842,0,0,500,0.6,1000,0.2,1400,0.2,2
7,3,546,0,0,500,0.6,1000,0.2,1400,0.2,0
7,4,82,0,0,300,0.5,1700,0.5,1
7,5,190,1,0,500,0.6,1000,0.2,1400,0.2,0
7,6,121,1,0,300,0.5,1700,0.5,0
7,7,469,1,0,300,0.5,1700,0.5,2
7,8,757,0,0,500,0.6,1000,0.2,1400,0.2,0
7,9,859,1,0,300,0.5,1700,0.5,0
7,10,66,1,0,500,0.6,1000,0.2,1400,0.2,2
7,11,959,2,10,5,0,300,0.5,1700,0.5,2
7,12,331,0,0,300,0.5,1700,0.5,2
7,13,617,0,0,300,0.5,1700,0.5,0
7,14,533,1,0,500,0.6,1000,0.2,1400,0.2,1
7,15,283,2,10,5,0,300,0.5,1700,0.5,2
7,16,392,2,10,5,0,500,0.6,1000,0.2,1400,0.2,2
7,17,119,0,0,500,0.6,1000,0.2,1400,0.2,1
7,18,388,2,10,5,0,500,0.6,1000,0.2,1400,0.2,2
7,19,454,1,0,500,0.6,1000,0.2,1400,0.2,2
8,0,893,0,0,300,0.5,1700,0.5,2
8,1,272,0,0,500,0.6,1000,0.2,1400,0.2,0
8,2,220,2,10,5,0,500,0.6,1000,0.2,1400,0.2,2
8,3,859,0,0,300,0.5,1700,0.5,1
8,4,571,1,0,500,0.6,1000,0.2,1400,0.2,0
8,5,774,2,10,5,0,300,0.5,1700,0.5,0
8,6,900,1,0,500,0.6,1000,0.2,1400,0.2,2
8,7,366,2,10,5,0,300,0.5,1700,0.5,0
8,8,588,0,0,300,0.5,1700,0.5,2
8,9,832,1,0,300,0.5,1700,0.5,1
8,10,193,2,10,5,0,300,0.5,1700,0.5,0
8,11,539,0,0,300,0.5,1700,0.5,2
8,12,553,2,10,5,0,300,0.5,1700,0.5,1
8,13,828,1,0,500,0.6,1000,0.2,1400,0.2,2
8,14,724,1,0,500,0.6,1000,0.2,1400,0.2,0
8,15,324,1,0,300,0.5,1700,0.5,0
8,16,860,0,0,500,0.6,1000,0.2,1400,0.2,2
8,17,650,2,10,5,0,500,0.6,1000,0.2,1400,0.2,1
8,18,492,1,0,500,0.6,1000,0.2,1400,0.2,2
8,19,138,1,0,300,0.5,1700,0.5,0
9,0,667,1,0,300,0.5,1700,0.5,2
9,1,80,0,0,500,0.6,1000,0.2,1400,0.2,2
9,2,641,1,0,500,0.6,1000,0.2,1400,0.2,0
9,3,613,2,10,5,0,300,0.5,1700,0.5,0
9,4,957,2,10,5,0,500,0.6,1000,0.2,1400,0.2,1
9,5,179,1,0,300,0.5,1700,0.5,0
9,6,347,1,0,300,0.5,1700,0.5,1
9,7,609,1,0,300,0.5,1700,0.5,1
9,8,58,1,0,500,0.6,1000,0.2,1400,0.2,0
9,9,170,1,0,500,0.6,1000,0.2,1400,0.2,0
9,10,262,2,10,5,0,500,0.6,1000,0.2,1400,0.2,2
9,11,26,1,0,300,0.5,1700,0.5,1
9,12,858,0,0,500,0.6,1000,0.2,1400,0.2,0
9,13,966,2,10,5,0,300,0.5,1700,0.5,2
9,14,194,2,10,5,0,300,0.5,1700,0.5,0
9,15,869,2,10,5,0,300,0.5,1700,0.5,0
9,16,683,0,0,300,0.5,1700,0.5,2
9,17,196,1,0,500,0.6,1000,0.2,1400,0.2,1
9,18,220,1,0,300,0.5,1700,0.5,0
9,19,587,1,0,500,0.6,1000,0.2,1400,0.2,2
10,0,675,1,0,500,0.6,1000,0.2,1400,0.2,0
10,1,516,0,0,300,0.5,1700,0.5,2
10,2,84,2,10,5,0,300,0.5,1700,0.5,0
10,3,737,0,0,300,0.5,1700,0.5,1
10,4,244,2,10,5,0,300,0.5,1700,0.5,0
10,5,454,2,10,5,0,300,0.5,1700,0.5,1
10,6,490,1,0,300,0.5,1700,0.5,0
10,7,993,0,0,500,0.6,1000,0.2,1400,0.2,0
10,8,925,1,0,500,0.6,1000,0.2,1400,0.2,2
10,9,783,1,0,300,0.5,1700,0.5,0
10,10,209,0,0,300,0.5,1700,0.5,1
10,11,463,0,0,300,0.5,1700,0.5,2
10,12,229,2,10,5,0,500,0.6,1000,0.2,1400,0.2,1
10,13,345,0,0,500,0.6,1000,0.2,1400,0.2,0
10,14,433,2,10,5,0,300,0.5,1700,0.5,1
10,15,726,0,0,300,0.5,1700,0.5,1
10,16,53,0,0,300,0.5,1700,0.5,1
10,17,54,0,0,500,0.6,1000,0.2,1400,0.2,1
10,18,437,0,0,300,0.5,1700,0.5,1
10,19,317,1,0,500,0.6,1000,0.2,1400,0.2,1
11,0,391,0,0,300,0.5,1700,0.5,1
11,1,895,1,0,500,0.6,1000,0.2,1400,0.2,1
11,2,944,0,0,500,0.6,1000,0.2,1400,0.2,2
11,3,955,0,0,300,0.5,1700,0.5,1
11,4,373,2,10,5,0,500,0.6,1000,0.2,1400,0.2,2
11,5,760,1,0,300,0.5,1700,0.5,2
11,6,660,1,0,500,0.6,1000,0.2,1400,0.2,1
11,7,258,1,0,300,0.5,1700,0.5,0
11,8,615,2,10,5,0,300,0.5,1700,0.5,2
11,9,94,0,0,300,0.5,1700,0.5,0
11,10,532,0,0,300,0.5,1700,0.5,2
11,11,900,0,0,500,0.6,1000,0.2,1400,0.2,1
11,12,134,2,10,5,0,500,0.6,1000,0.2,1400,0.2,1
11,13,724,1,0,500,0.6,1000,0.2,1400,0.2,0
11,14,253,1,0,500,0.6,1000,0.2,1400,0.2,2
11,15,447,0,0,300,0.5,1700,0.5,0
11,16,287,1,0,500,0.6,1000,0.2,1400,0.2,0
11,17,613,2,10,5,0,300,0.5,1700,0.5,2
11,18,142,0,0,300,0.5,1700,0.5,2
11,19,637,0,0,500,0.6,1000,0.2,1400,0.2,0
12,0,727,1,0,500,0.6,1000,0.2,1400,0.2,2
12,1,86,0,0,500,0.6,1000,0.2,1400,0.2,1
12,2,283,2,10,5,0,300,0.5,1700,0.5,1
12,3,462,1,0,500,0.6,1000,0.2,1400,0.2,1
12,4,217,0,0,300,0.5,1700,0.5,1
12,5,144,1,0,300,0.5,1700,0.5,1
12,6,15,0,0,300,0.5,1700,0.5,1
12,7,678,1,0,500,0.6,1000,0.2,1400,0.2,0
12,8,934,2,10,5,0,500,0.6,1000,0.2,1400,0.2,2
12,9,960,1,0,300,0.5,1700,0.5,2
12,10,684,1,0,500,0.6,1000,0.2,1400,0.2,0
12,11,800,1,0,300,0.5,1700,0.5,1
12,12,934,2,10,5,0,500,0.6,1000,0.2,1400,0.2,0
12,13,628,2,10,5,0,500,0.6,1000,0.2,1400,0.2,1
12,14,194,2,10,5,0,300,0.5,1700,0.5,1
12,15,465,2,10,5,0,300,0.5,1700,0.5,2
12,16,570,2,10,5,0,500,0.6,1000,0.2,1400,0.2,1
12,17,102,0,0,500,0.6,1000,0.2,1400,0.2,0
12,18,278,1,0,500,0.6,1000,0.2,1400,0.2,2
12,19,467,0,0,300,0.5,1700,0.5,1
13,0,290,2,10,5,0,500,0.6,1000,0.2,1400,0.2,0
13,1,945,1,0,500,0.6,1000,0.2,1400,0.2,1
13,2,830,0,0,500,0.6,1000,0.2,1400,0.2,1
13,3,455,0,0,300,0.5,1700,0.5,1
13,4,572,1,0,300,0.5,1700,0.5,1
13,5,56,2,10,5,0,500,0.6,1000,0.2,1400,0.2,0
13,6,134,2,10,5,0,300,0.5,1700,0.5,2
13,7,716,2,10,5,0,300,0.5,1700,0.5,0
13,8,194,2,10,5,0,300,0.5,1700,0.5,0
13,9,617,1,0,300,0.5,1700,0.5,2
13,10,231,0,0,300,0.5,1700,0.5,2
13,11,747,2,10,5,0,500,0.6,1000,0.2,1400,0.2,0
13,12,655,0,0,300,0.5,1700,0.5,2
13,13,34,2,10,5,0,300,0.5,1700,0.5,2
13,14,341,2,10,5,0,300,0.5,1700,0.5,0
13,15,787,0,0,300,0.5,1700,0.5,1
13,16,352,1,0,500,0.6,1000,0.2,1400,0.2,0
13,17,168,2,10,5,0,500,0.6,1000,0.2,1400,0.2,0
13,18,428,2,10,5,0,500,0.6,1000,0.2,1400,0.2,0
13,19,257,2,10,5,0,500,0.6,1000,0.2,1400,0.2,1
14,0,801,1,0,500,0.6,1000,0.2,1400,0.2,2
14,1,57,1,0,500,0.6,1000,0.2,1400,0.2,1
14,2,855,0,0,500,0.6,1000,0.2,1400,0.2,0
14,3,473,0,0,300,0.5,1700,0.5,2
14,4,499,0,0,500,0.6,1000,0.2,1400,0.2,2
14,5,824,0,0,500,0.6,1000,0.2,1400,0.2,2
14,6,540,1,0,500,0.6,1000,0.2,1400,0.2,1
14,7,73,2,10,5,0,300,0.5,1700,0.5,2
14,8,872,2,10,5,0,300,0.5,1700,0.5,1
14,9,986,1,0,500,0.6,1000,0.2,1400,0.2,2
14,10,420,0,0,300,0.5,1700,0.5,2
14,11,794,2,10,5,0,500,0.6,1000,0.2,1400,0.2,0
14,12,168,0,0,500,0.6,1000,0.2,1400,0.2,2
14,13,112,2,10,5,0,300,0.5,1700,0.5,0
14,14,266,1,0,500,0.6,1000,0.2,1400,0.2,2
14,15,300,1,0,300,0.5,1700,0.5,2
14,16,673,0,0,300,0.5,1700,0.5,1
14,17,636,1,0,300,0.5,1700,0.5,2
14,18,354,1,0,500,0.6,1000,0.2,1400,0.2,1
14,19,532,2,10,5,0,500,0.6,1000,0.2,1400,0.2,1
15,0,172,2,10,5,0,300,0.5,1700,0.5,1
15,1,586,2,10,5,0,300,0.5,1700,0.5,1
15,2,298,0,0,500,0.6,1000,0.2,1400,0.2,1
15,3,39,0,0,300,0.5,1700,0.5,2
15,4,818,0,0,500,0.6,1000,0.2,1400,0.2,2
15,5,276,2,10,5,0,300,0.5,1700,0.5,1
15,6,705,1,0,300,0.5,1700,0.5,2
15,7,410,0,0,300,0.5,1700,0.5,1
15,8,994,1,0,300,0.5,1700,0.5,2
15,9,548,0,0,300,0.5,1700,0.5,1
15,10,853,0,0,300,0.5,1700,0.5,0
15,11,98,1,0,300,0.5,1700,0.5,0
15,12,105,1,0,300,0.5,1700,0.5,2
15,13,678,1,0,500,0.6,1000,0.2,1400,0.2,0
15,14,149,1,0,300,0.5,1700,0.5,1
15,15,691,2,10,5,0,500,0.6,1000,0.2,1400,0.2,1
15,16,248,1,0,300,0.5,1700,0.5,0
15,17,928,0,0,500,0.6,1000,0.2,1400,0.2,0
15,18,776,1,0,500,0.6,1000,0.2,1400,0.2,2
15,19,847,0,0,300,0.5,1700,0.5,1
16,0,748,1,0,300,0.5,1700,0.5,0
16,1,356,0,0,500,0.6,1000,0.2,1400,0.2,1
16,2,879,1,0,500,0.6,1000,0.2,1400,0.2,1
16,3,373,1,0,300,0.5,1700,0.5,1
16,4,739,2,10,5,0,300,0.5,1700,0.5,0
16,5,321,1,0,300,0.5,1700,0.5,0
16,6,753,1,0,500,0.6,1000,0.2,1400,0.2,1
16,7,203,1,0,500,0.6,1000,0.2,1400,0.2,2
16,8,560,0,0,500,0.6,1000,0.2,1400,0.2,1
16,9,438,1,0,300,0.5,1700,0.5,2
16,10,98,0,0,500,0.6,1000,0.2,1400,0.2,0
16,11,407,0,0,500,0.6,1000,0.2,1400,0.2,1
16,12,414,2,10,5,0,500,0.6,1000,0.2,1400,0.2,1
16,13,798,2,10,5,0,500,0.6,1000,0.2,1400,0.2,0
16,14,595,2,10,5,0,300,0.5,1700,0.5,2
16,15,930,0,0,300,0.5,1700,0.5,1
16,16,103,1,0,500,0.6,1000,0.2,1400,0.2,1
16,17,151,2,10,5,0,300,0.5,1700,0.5,2
16,18,892,0,0,500,0.6,1000,0.2,1400,0.2,0
16,19,545,1,0,500,0.6,1000,0.2,1400,0.2,1
17,0,123,0,0,300,0.5,1700,0.5,0
17,1,413,0,0,300,0.5,1700,0.5,1
17,2,990,0,0,500,0.6,1000,0.2,1400,0.2,2
17,3,623,2,10,5,0,300,0.5,1700,0.5,2
17,4,294,0,0,500,0.6,1000,0.2,1400,0.2,0
17,5,499,1,0,500,0.6,1000,0.2,1400,0.2,0
17,6,839,1,0,300,0.5,1700,0.5,0
17,7,547,1,0,300,0.5,1700,0.5,0
17,8,433,0,0,300,0.5,1700,0.5,1
17,9,841,0,0,500,0.6,1000,0.2,1400,0.2,2
17,10,793,2,10,5,0,300,0.5,1700,0.5,1
17,11,521,1,0,500,0.6,1000,0.2,1400,0.2,0
17,12,336,1,0,500,0.6,1000,0.2,1400,0.2,0
17,13,662,2,10,5,0,300,0.5,1700,0.5,2
17,14,531,2,10,5,0,500,0.6,1000,0.2,1400,0.2,1
17,15,41,0,0,500,0.6,1000,0.2,1400,0.2,2
17,16,59,0,0,500,0.6,1000,0.2,1400,0.2,2
17,17,750,2,10,5,0,500,0.6,1000,0.2,1400,0.2,1
17,18,105,1,0,300,0.5,1700,0.5,1
17,19,859,0,0,300,0.5,1700,0.5,0
18,0,492,0,0,300,0.5,1700,0.5,2
18,1,685,0,0,300,0.5,1700,0.5,2
18,2,130,0,0,300,0.5,1700,0.5,1
18,3,498,1,0,500,0.6,1000,0.2,1400,0.2,0
18,4,30,2,10,5,0,500,0.6,1000,0.2,1400,0.2,2
18,5,472,2,10,5,0,500,0.6,1000,0.2,1400,0.2,0
18,6,22,0,0,500,0.6,1000,0.2,1400,0.2,1
18,7,970,2,10,5,0,300,0.5,1700,0.5,1
18,8,557,1,0,500,0.6,1000,0.2,1400,0.2,1
18,9,566,0,0,500,0.6,1000,0.2,1400,0.2,2
18,10,230,2,10,5,0,500,0.6,1000,0.2,1400,0.2,2
18,11,954,1,0,300,0.5,1700,0.5,0
18,12,427,1,0,500,0.6,1000,0.2,1400,0.2,1
18,13,172,0,0,500,0.6,1000,0.2,1400,0.2,2
18,14,676,1,0,300,0.5,1700,0.5,1
18,15,347,2,10,5,0,500,0.6,1000,0.2,1400,0.2,2
18,16,139,1,0,500,0.6,1000,0.2,1400,0.2,1
18,17,229,1,0,500,0.6,1000,0.2,1400,0.2,1
18,18,242,2,10,5,0,500,0.6,1000,0.2,1400,0.2,1
18,19,473,2,10,5,0,300,0.5,1700,0.5,2
19,0,304,0,0,300,0.5,1700,0.5,0
19,1,930,0,0,500,0.6,1000,0.2,1400,0.2,0
19,2,258,0,0,300,0.5,1700,0.5,0
19,3,600,0,0,500,0.6,1000,0.2,1400,0.2,1
19,4,629,0,0,500,0.6,1000,0.2,1400,0.2,1
19,5,604,1,0,300,0.5,1700,0.5,1
19,6,840,2,10,5,0,300,0.5,1700,0.5,1
19,7,440,1,0,300,0.5,1700,0.5,0
19,8,248,1,0,500,0.6,1000,0.2,1400,0.2,1
19,9,446,2,10,5,0,300,0.5,1700,0.5,2
19,10,687,2,10,5,0,300,0.5,1700,0.5,1
19,11,866,1,0,300,0.5,1700,0.5,2
19,12,835,2,10,5,0,500,0.6,1000,0.2,1400,0.2,0
19,13,958,1,0,500,0.6,1000,0.2,1400,0.2,0
19,14,362,1,0,300,0.5,1700,0.5,2
19,15,95,1,0,500,0.6,1000,0.2,1400,0.2,0
19,16,286,1,0,300,0.5,1700,0.5,1
19,17,928,2,10,5,0,300,0.5,1700,0.5,0
19,18,162,1,0,300,0.5,1700,0.5,0
19,19,682,0,0,300,0.5,1700,0.5,0
