0,0,197,2,10,5,0,300,0.5,1700,0.5,0
0,1,387,2,10,5,0,300,0.5,1700,0.5,0
0,2,157,1,0,500,0.6,1000,0.2,1400,0.2,2
0,3,33,2,10,5,0,500,0.6,1000,0.2,1400,0.2,1
0,4,726,0,0,500,0.6,1000,0.2,1400,0.2,2
0,5,701,0,0,500,0.6,1000,0.2,1400,0.2,1
0,6,333,0,0,300,0.5,1700,0.5,1
0,7,433,0,0,500,0.6,1000,0.2,1400,0.2,2
0,8,672,0,0,300,0.5,1700,0.5,2
0,9,759,0,0,500,0.6,1000,0.2,1400,0.2,0
0,10,426,0,0,500,0.6,1000,0.2,1400,0.2,0
0,11,861,1,0,300,0.5,1700,0.5,0
0,12,356,2,10,5,0,500,0.6,1000,0.2,1400,0.2,2
0,13,435,0,0,300,0.5,1700,0.5,2
0,14,660,0,0,500,0.6,1000,0.2,1400,0.2,2
0,15,760,2,10,5,0,500,0.6,1000,0.2,1400,0.2,2
0,16,768,2,10,5,0,300,0.5,1700,0.5,1
0,17,218,0,0,300,0.5,1700,0.5,2
0,18,832,0,0,300,0.5,1700,0.5,1
0,19,20,1,0,500,0.6,1000,0.2,1400,0.2,0
1,0,210,2,10,5,0,300,0.5,1700,0.5,2
1,1,17,2,10,5,0,300,0.5,1700,0.5,2
1,2,847,1,0,500,0.6,1000,0.2,1400,0.2,1
1,3,69,2,10,5,0,500,0.6,1000,0.2,1400,0.2,2
1,4,651,2,10,5,0,500,0.6,1000,0.2,1400,0.2,0
1,5,469,0,0,500,0.6,1000,0.2,1400,0.2,2
1,6,131,0,0,500,0.6,1000,0.2,1400,0.2,2
1,7,178,0,0,300,0.5,1700,0.5,1
1,8,157,2,10,5,0,500,0.6,1000,0.2,1400,0.2,1
1,9,551,2,10,5,0,300,0.5,1700,0.5,1
1,10,956,0,0,500,0.6,1000,0.2,1400,0.2,1
1,11,905,2,10,5,0,500,0.6,1000,0.2,1400,0.2,1
1,12,855,2,10,5,0,300,0.5,1700,0.5,1
1,13,954,1,0,500,0.6,1000,0.2,1400,0.2,2
1,14,221,1,0,300,0.5,1700,0.5,1
1,15,369,2,10,5,0,500,0.6,1000,0.2,1400,0.2,0
1,16,917,2,10,5,0,300,0.5,1700,0.5,1
1,17,966,0,0,500,0.6,1000,0.2,1400,0.2,1
1,18,959,1,0,300,0.5,1700,0.5,2
1,19,338,0,0,500,0.6,1000,0.2,1400,0.2,2
2,0,481,1,0,500,0.6,1000,0.2,1400,0.2,1
2,1,471,0,0,500,0.6,1000,0.2,1400,0.2,2
2,2,439,0,0,500,0.6,1000,0.2,1400,0.2,0
2,3,410,2,10,5,0,500,0.6,1000,0.2,1400,0.2,2
2,4,127,1,0,300,0.5,1700,0.5,1
2,5,584,1,0,500,0.6,1000,0.2,1400,0.2,2
2,6,613,2,10,5,0,300,0.5,1700,0.5,0
2,7,307,0,0,500,0.6,1000,0.2,1400,0.2,2
2,8,867,0,0,500,0.6,1000,0.2,1400,0.2,1
2,9,216,0,0,300,0.5,1700,0.5,2
2,10,682,1,0,500,0.6,1000,0.2,1400,0.2,0
2,11,431,1,0,300,0.5,1700,0.5,2
2,12,99,1,0,300,0.5,1700,0.5,2
2,13,89,1,0,500,0.6,1000,0.2,1400,0.2,0
2,14,579,2,10,5,0,300,0.5,1700,0.5,2
2,15,934,0,0,300,0.5,1700,0.5,0
2,16,414,0,0,500,0.6,1000,0.2,1400,0.2,2
2,17,527,2,10,5,0,500,0.6,1000,0.2,1400,0.2,0
2,18,837,0,0,300,0.5,1700,0.5,0
2,19,143,1,0,300,0.5,1700,0.5,0
3,0,970,0,0,300,0.5,1700,0.5,2
3,1,593,0,0,500,0.6,1000,0.2,1400,0.2,2
3,2,336,2,10,5,0,500,0.6,1000,0.2,1400,0.2,2
3,3,942,1,0,300,0.5,1700,0.5,2
3,4,951,2,10,5,0,300,0.5,1700,0.5,1
3,5,487,1,0,500,0.6,1000,0.2,1400,0.2,1
3,6,489,1,0,500,0.6,1000,0.2,1400,0.2,1
3,7,679,0,0,500,0.6,1000,0.2,1400,0.2,1
3,8,428,0,0,500,0.6,1000,0.2,1400,0.2,0
3,9,817,0,0,500,0.6,1000,0.2,1400,0.2,1
3,10,895,2,10,5,0,300,0.5,1700,0.5,0
3,11,243,0,0,500,0.6,1000,0.2,1400,0.2,1
3,12,889,1,0,300,0.5,1700,0.5,1
3,13,321,1,0,300,0.5,1700,0.5,1
3,14,953,0,0,300,0.5,1700,0.5,1
3,15,492,2,10,5,0,500,0.6,1000,0.2,1400,0.2,2
3,16,866,0,0,500,0.6,1000,0.2,1400,0.2,2
3,17,322,1,0,300,0.5,1700,0.5,2
3,18,790,2,10,5,0,300,0.5,1700,0.5,1
3,19,171,1,0,300,0.5,1700,0.5,2
4,0,455,1,0,300,0.5,1700,0.5,0
4,1,707,2,10,5,0,300,0.5,1700,0.5,0
4,2,431,0,0,500,0.6,1000,0.2,1400,0.2,2
4,3,605,0,0,500,0.6,1000,0.2,1400,0.2,0
4,4,453,2,10,5,0,500,0.6,1000,0.2,1400,0.2,2
4,5,982,0,0,300,0.5,1700,0.5,1
4,6,196,0,0,500,0.6,1000,0.2,1400,0.2,1
4,7,971,1,0,500,0.6,1000,0.2,1400,0.2,1
4,8,269,1,0,500,0.6,1000,0.2,1400,0.2,1
4,9,437,2,10,5,0,500,0.6,1000,0.2,1400,0.2,0
4,10,66,1,0,300,0.5,1700,0.5,1
4,11,982,1,0,300,0.5,1700,0.5,1
4,12,826,2,10,5,0,300,0.5,1700,0.5,1
4,13,488,2,10,5,0,300,0.5,1700,0.5,0
4,14,706,1,0,300,0.5,1700,0.5,1
4,15,150,0,0,500,0.6,1000,0.2,1400,0.2,2
4,16,663,0,0,300,0.5,1700,0.5,2
4,17,163,1,0,500,0.6,1000,0.2,1400,0.2,2
4,18,791,1,0,500,0.6,1000,0.2,1400,0.2,2
4,19,860,1,0,300,0.5,1700,0.5,2
5,0,425,0,0,500,0.6,1000,0.2,1400,0.2,1
5,1,130,2,10,5,0,500,0.6,1000,0.2,1400,0.2,1
5,2,711,0,0,300,0.5,1700,0.5,0
5,3,512,2,10,5,0,500,0.6,1000,0.2,1400,0.2,1
5,4,105,1,0,500,0.6,1000,0.2,1400,0.2,1
5,5,932,0,0,500,0.6,1000,0.2,1400,0.2,0
5,6,304,2,10,5,0,300,0.5,1700,0.5,2
5,7,951,2,10,5,0,500,0.6,1000,0.2,1400,0.2,1
5,8,656,2,10,5,0,300,0.5,1700,0.5,2
5,9,15,0,0,500,0.6,1000,0.2,1400,0.2,0
5,10,634,2,10,5,0,300,0.5,1700,0.5,0
5,11,328,0,0,300,0.5,1700,0.5,2
5,12,669,1,0,300,0.5,1700,0.5,2
5,13,49,0,0,300,0.5,1700,0.5,0
5,14,827,2,10,5,0,500,0.6,1000,0.2,1400,0.2,1
5,15,918,2,10,5,0,300,0.5,1700,0.5,1
5,16,758,0,0,300,0.5,1700,0.5,1
5,17,16,1,0,300,0.5,1700,0.5,1
5,18,977,2,10,5,0,300,0.5,1700,0.5,0
5,19,48,2,10,5,0,500,0.6,1000,0.2,1400,0.2,1
6,0,956,2,10,5,0,500,0.6,1000,0.2,1400,0.2,0
6,1,260,1,0,500,0.6,1000,0.2,1400,0.2,0
6,2,151,2,10,5,0,300,0.5,1700,0.5,1
6,3,50,1,0,300,0.5,1700,0.5,0
6,4,918,1,0,500,0.6,1000,0.2,1400,0.2,0
6,5,45,0,0,300,0.5,1700,0.5,2
6,6,314,0,0,500,0.6,1000,0.2,1400,0.2,1
6,7,955,0,0,500,0.6,1000,0.2,1400,0.2,1
6,8,66,0,0,500,0.6,1000,0.2,1400,0.2,0
6,9,670,0,0,300,0.5,1700,0.5,0
6,10,638,1,0,500,0.6,1000,0.2,1400,0.2,2
6,11,349,1,0,300,0.5,1700,0.5,2
6,12,740,1,0,300,0.5,1700,0.5,2
6,13,452,2,10,5,0,500,0.6,1000,0.2,1400,0.2,2
6,14,921,2,10,5,0,500,0.6,1000,0.2,1400,0.2,0
6,15,38,1,0,500,0.6,1000,0.2,1400,0.2,0
6,16,793,2,10,5,0,300,0.5,1700,0.5,2
6,17,154,2,10,5,0,500,0.6,1000,0.2,1400,0.2,0
6,18,706,2,10,5,0,300,0.5,1700,0.5,2
6,19,962,1,0,300,0.5,1700,0.5,0
7,0,732,0,0,300,0.5,1700,0.5,2
7,1,153,0,0,300,0.5,1700,0.5,1
7,2,981,2,10,5,0,300,0.5,1700,0.5,2
7,3,24,0,0,500,0.6,1000,0.2,1400,0.2,1
7,4,156,0,0,500,0.6,1000,0.2,1400,0.2,2
7,5,851,2,10,5,0,300,0.5,1700,0.5,0
7,6,339,0,0,300,0.5,1700,0.5,2
7,7,799,0,0,500,0.6,1000,0.2,1400,0.2,1
7,8,619,2,10,5,0,500,0.6,1000,0.2,1400,0.2,2
7,9,903,0,0,300,0.5,1700,0.5,1
7,10,807,0,0,500,0.6,1000,0.2,1400,0.2,0
7,11,243,2,10,5,0,300,0.5,1700,0.5,1
7,12,942,2,10,5,0,300,0.5,1700,0.5,0
7,13,538,0,0,500,0.6,1000,0.2,1400,0.2,0
7,14,856,1,0,500,0.6,1000,0.2,1400,0.2,0
7,15,463,0,0,500,0.6,1000,0.2,1400,0.2,2
7,16,565,2,10,5,0,300,0.5,1700,0.5,1
7,17,600,0,0,500,0.6,1000,0.2,1400,0.2,1
7,18,283,0,0,500,0.6,1000,0.2,1400,0.2,0
7,19,779,2,10,5,0,300,0.5,1700,0.5,1
8,0,387,0,0,500,0.6,1000,0.2,1400,0.2,0
8,1,48,1,0,300,0.5,1700,0.5,1
8,2,555,2,10,5,0,500,0.6,1000,0.2,1400,0.2,2
8,3,735,0,0,500,0.6,1000,0.2,1400,0.2,0
8,4,823,0,0,300,0.5,1700,0.5,0
8,5,916,1,0,500,0.6,1000,0.2,1400,0.2,0
8,6,216,0,0,500,0.6,1000,0.2,1400,0.2,0
8,7,766,1,0,500,0.6,1000,0.2,1400,0.2,2
8,8,601,2,10,5,0,300,0.5,1700,0.5,1
8,9,79,0,0,500,0.6,1000,0.2,1400,0.2,2
8,10,731,2,10,5,0,300,0.5,1700,0.5,0
8,11,319,1,0,500,0.6,1000,0.2,1400,0.2,0
8,12,403,2,10,5,0,300,0.5,1700,0.5,1
8,13,348,0,0,500,0.6,1000,0.2,1400,0.2,1
8,14,818,0,0,300,0.5,1700,0.5,1
8,15,420,1,0,500,0.6,1000,0.2,1400,0.2,2
8,16,178,2,10,5,0,500,0.6,1000,0.2,1400,0.2,0
8,17,266,0,0,500,0.6,1000,0.2,1400,0.2,0
8,18,239,0,0,300,0.5,1700,0.5,1
8,19,470,1,0,500,0.6,1000,0.2,1400,0.2,2
9,0,172,0,0,300,0.5,1700,0.5,0
9,1,720,1,0,500,0.6,1000,0.2,1400,0.2,0
9,2,560,0,0,300,0.5,1700,0.5,0
9,3,838,2,10,5,0,300,0.5,1700,0.5,1
9,4,269,2,10,5,0,300,0.5,1700,0.5,1
9,5,670,1,0,300,0.5,1700,0.5,0
9,6,885,2,10,5,0,500,0.6,1000,0.2,1400,0.2,0
9,7,835,2,10,5,0,300,0.5,1700,0.5,2
9,8,692,1,0,500,0.6,1000,0.2,1400,0.2,1
9,9,568,0,0,300,0.5,1700,0.5,2
9,10,355,0,0,300,0.5,1700,0.5,1
9,11,900,2,10,5,0,500,0.6,1000,0.2,1400,0.2,0
9,12,743,0,0,500,0.6,1000,0.2,1400,0.2,1
9,13,442,1,0,300,0.5,1700,0.5,2
9,14,961,1,0,300,0.5,1700,0.5,2
9,15,51,1,0,500,0.6,1000,0.2,1400,0.2,0
9,16,16,2,10,5,0,300,0.5,1700,0.5,1
9,17,966,1,0,300,0.5,1700,0.5,2
9,18,602,2,10,5,0,300,0.5,1700,0.5,0
9,19,462,1,0,300,0.5,1700,0.5,0
10,0,192,1,0,500,0.6,1000,0.2,1400,0.2,2
10,1,415,2,10,5,0,300,0.5,1700,0.5,2
10,2,965,2,10,5,0,300,0.5,1700,0.5,0
10,3,819,1,0,500,0.6,1000,0.2,1400,0.2,1
10,4,335,0,0,500,0.6,1000,0.2,1400,0.2,0
10,5,909,0,0,500,0.6,1000,0.2,1400,0.2,1
10,6,729,2,10,5,0,300,0.5,1700,0.5,1
10,7,179,2,10,5,0,300,0.5,1700,0.5,1
10,8,31,0,0,500,0.6,1000,0.2,1400,0.2,1
10,9,217,0,0,300,0.5,1700,0.5,0
10,10,679,1,0,300,0.5,1700,0.5,2
10,11,644,2,10,5,0,300,0.5,1700,0.5,1
10,12,820,2,10,5,0,500,0.6,1000,0.2,1400,0.2,1
10,13,344,2,10,5,0,500,0.6,1000,0.2,1400,0.2,1
10,14,274,1,0,300,0.5,1700,0.5,2
10,15,377,0,0,500,0.6,1000,0.2,1400,0.2,1
10,16,539,2,10,5,0,300,0.5,1700,0.5,1
10,17,619,2,10,5,0,500,0.6,1000,0.2,1400,0.2,2
10,18,454,0,0,300,0.5,1700,0.5,1
10,19,172,2,10,5,0,300,0.5,1700,0.5,2
11,0,876,2,10,5,0,500,0.6,1000,0.2,1400,0.2,1
11,1,603,0,0,300,0.5,1700,0.5,1
11,2,796,1,0,500,0.6,1000,0.2,1400,0.2,2
11,3,993,2,10,5,0,500,0.6,1000,0.2,1400,0.2,2
11,4,911,2,10,5,0,500,0.6,1000,0.2,1400,0.2,0
11,5,398,2,10,5,0,300,0.5,1700,0.5,1
11,6,296,0,0,500,0.6,1000,0.2,1400,0.2,1
11,7,562,2,10,5,0,300,0.5,1700,0.5,1
11,8,902,0,0,300,0.5,1700,0.5,1
11,9,937,1,0,300,0.5,1700,0.5,0
11,10,240,0,0,300,0.5,1700,0.5,0
11,11,505,2,10,5,0,300,0.5,1700,0.5,0
11,12,194,2,10,5,0,300,0.5,1700,0.5,2
11,13,763,1,0,300,0.5,1700,0.5,2
11,14,483,0,0,300,0.5,1700,0.5,0
11,15,906,2,10,5,0,500,0.6,1000,0.2,1400,0.2,2
11,16,531,2,10,5,0,300,0.5,1700,0.5,1
11,17,843,2,10,5,0,300,0.5,1700,0.5,1
11,18,516,0,0,500,0.6,1000,0.2,1400,0.2,2
11,19,108,2,10,5,0,300,0.5,1700,0.5,1
12,0,166,1,0,500,0.6,1000,0.2,1400,0.2,2
12,1,272,2,10,5,0,500,0.6,1000,0.2,1400,0.2,0
12,2,732,0,0,300,0.5,1700,0.5,2
12,3,102,1,0,500,0.6,1000,0.2,1400,0.2,1
12,4,80,0,0,300,0.5,1700,0.5,1
12,5,38,2,10,5,0,300,0.5,1700,0.5,1
12,6,280,1,0,500,0.6,1000,0.2,1400,0.2,2
12,7,316,0,0,500,0.6,1000,0.2,1400,0.2,2
12,8,615,1,0,300,0.5,1700,0.5,0
12,9,567,0,0,500,0.6,1000,0.2,1400,0.2,0
12,10,871,1,0,500,0.6,1000,0.2,1400,0.2,1
12,11,220,2,10,5,0,500,0.6,1000,0.2,1400,0.2,1
12,12,53,0,0,500,0.6,1000,0.2,1400,0.2,2
12,13,34,1,0,500,0.6,1000,0.2,1400,0.2,2
12,14,435,1,0,500,0.6,1000,0.2,1400,0.2,0
12,15,299,1,0,500,0.6,1000,0.2,1400,0.2,1
12,16,505,1,0,300,0.5,1700,0.5,0
12,17,958,0,0,300,0.5,1700,0.5,1
12,18,849,1,0,300,0.5,1700,0.5,1
12,19,990,1,0,500,0.6,1000,0.2,1400,0.2,2
13,0,635,2,10,5,0,500,0.6,1000,0.2,1400,0.2,1
13,1,736,1,0,500,0.6,1000,0.2,1400,0.2,2
13,2,144,0,0,500,0.6,1000,0.2,1400,0.2,0
13,3,290,1,0,300,0.5,1700,0.5,2
13,4,707,0,0,500,0.6,1000,0.2,1400,0.2,0
13,5,1000,0,0,300,0.5,1700,0.5,1
13,6,490,2,10,5,0,300,0.5,1700,0.5,0
13,7,419,2,10,5,0,500,0.6,1000,0.2,1400,0.2,2
13,8,10,2,10,5,0,300,0.5,1700,0.5,2
13,9,942,0,0,300,0.5,1700,0.5,0
13,10,955,0,0,300,0.5,1700,0.5,2
13,11,550,0,0,500,0.6,1000,0.2,1400,0.2,0
13,12,905,0,0,500,0.6,1000,0.2,1400,0.2,2
13,13,999,2,10,5,0,300,0.5,1700,0.5,1
13,14,251,0,0,300,0.5,1700,0.5,2
13,15,194,2,10,5,0,500,0.6,1000,0.2,1400,0.2,0
13,16,46,0,0,500,0.6,1000,0.2,1400,0.2,1
13,17,556,1,0,500,0.6,1000,0.2,1400,0.2,0
13,18,263,2,10,5,0,500,0.6,1000,0.2,1400,0.2,2
13,19,334,2,10,5,0,300,0.5,1700,0.5,0
14,0,791,0,0,500,0.6,1000,0.2,1400,0.2,1
14,1,616,1,0,500,0.6,1000,0.2,1400,0.2,2
14,2,583,2,10,5,0,500,0.6,1000,0.2,1400,0.2,1
14,3,786,2,10,5,0,500,0.6,1000,0.2,1400,0.2,2
14,4,518,0,0,500,0.6,1000,0.2,1400,0.2,1
14,5,88,0,0,300,0.5,1700,0.5,0
14,6,688,1,0,300,0.5,1700,0.5,0
14,7,759,1,0,500,0.6,1000,0.2,1400,0.2,0
14,8,979,2,10,5,0,500,0.6,1000,0.2,1400,0.2,1
14,9,660,1,0,300,0.5,1700,0.5,2
14,10,754,2,10,5,0,500,0.6,1000,0.2,1400,0.2,2
14,11,139,2,10,5,0,500,0.6,1000,0.2,1400,0.2,2
14,12,121,1,0,500,0.6,1000,0.2,1400,0.2,1
14,13,208,0,0,300,0.5,1700,0.5,0
14,14,935,1,0,500,0.6,1000,0.2,1400,0.2,2
14,15,257,1,0,300,0.5,1700,0.5,1
14,16,307,2,10,5,0,300,0.5,1700,0.5,2
14,17,665,1,0,500,0.6,1000,0.2,1400,0.2,1
14,18,73,1,0,300,0.5,1700,0.5,2
14,19,210,2,10,5,0,300,0.5,1700,0.5,0
15,0,948,1,0,500,0.6,1000,0.2,1400,0.2,2
15,1,931,1,0,500,0.6,1000,0.2,1400,0.2,1
15,2,911,0,0,500,0.6,1000,0.2,1400,0.2,0
15,3,209,0,0,500,0.6,1000,0.2,1400,0.2,2
15,4,448,2,10,5,0,500,0.6,1000,0.2,1400,0.2,2
15,5,509,2,10,5,0,500,0.6,1000,0.2,1400,0.2,0
15,6,91,0,0,300,0.5,1700,0.5,0
15,7,628,0,0,500,0.6,1000,0.2,1400,0.2,1
15,8,792,0,0,300,0.5,1700,0.5,0
15,9,698,0,0,300,0.5,1700,0.5,2
15,10,540,0,0,300,0.5,1700,0.5,1
15,11,424,0,0,300,0.5,1700,0.5,2
15,12,903,0,0,300,0.5,1700,0.5,1
15,13,374,2,10,5,0,300,0.5,1700,0.5,0
15,14,128,2,10,5,0,500,0.6,1000,0.2,1400,0.2,1
15,15,196,2,10,5,0,500,0.6,1000,0.2,1400,0.2,0
15,16,68,1,0,500,0.6,1000,0.2,1400,0.2,2
15,17,217,1,0,300,0.5,1700,0.5,0
15,18,283,1,0,300,0.5,1700,0.5,2
15,19,628,1,0,300,0.5,1700,0.5,0
16,0,835,2,10,5,0,500,0.6,1000,0.2,1400,0.2,1
16,1,188,2,10,5,0,500,0.6,1000,0.2,1400,0.2,0
16,2,509,0,0,300,0.5,1700,0.5,2
16,3,727,2,10,5,0,500,0.6,1000,0.2,1400,0.2,1
16,4,680,1,0,500,0.6,1000,0.2,1400,0.2,1
16,5,841,1,0,500,0.6,1000,0.2,1400,0.2,0
16,6,126,1,0,300,0.5,1700,0.5,2
16,7,183,2,10,5,0,500,0.6,1000,0.2,1400,0.2,0
16,8,864,2,10,5,0,300,0.5,1700,0.5,0
16,9,820,1,0,500,0.6,1000,0.2,1400,0.2,0
16,10,687,0,0,300,0.5,1700,0.5,0
16,11,249,2,10,5,0,300,0.5,1700,0.5,0
16,12,587,0,0,500,0.6,1000,0.2,1400,0.2,0
16,13,817,1,0,300,0.5,1700,0.5,0
16,14,955,1,0,300,0.5,1700,0.5,0
16,15,130,2,10,5,0,500,0.6,1000,0.2,1400,0.2,2
16,16,518,1,0,500,0.6,1000,0.2,1400,0.2,2
16,17,223,1,0,500,0.6,1000,0.2,1400,0.2,2
16,18,471,0,0,300,0.5,1700,0.5,1
16,19,81,2,10,5,0,300,0.5,1700,0.5,1
17,0,346,2,10,5,0,500,0.6,1000,0.2,1400,0.2,2
17,1,865,0,0,500,0.6,1000,0.2,1400,0.2,0
17,2,785,0,0,500,0.6,1000,0.2,1400,0.2,2
17,3,992,1,0,300,0.5,1700,0.5,2
17,4,118,2,10,5,0,500,0.6,1000,0.2,1400,0.2,1
17,5,158,0,0,300,0.5,1700,0.5,2
17,6,154,1,0,500,0.6,1000,0.2,1400,0.2,0
17,7,285,0,0,500,0.6,1000,0.2,1400,0.2,2
17,8,151,2,10,5,0,300,0.5,1700,0.5,2
17,9,476,2,10,5,0,500,0.6,1000,0.2,1400,0.2,2
17,10,268,2,10,5,0,500,0.6,1000,0.2,1400,0.2,1
17,11,307,1,0,500,0.6,1000,0.2,1400,0.2,1
17,12,907,2,10,5,0,500,0.6,1000,0.2,1400,0.2,0
17,13,502,2,10,5,0,500,0.6,1000,0.2,1400,0.2,1
17,14,807,1,0,500,0.6,1000,0.2,1400,0.2,0
17,15,442,1,0,300,0.5,1700,0.5,1
17,16,438,2,10,5,0,500,0.6,1000,0.2,1400,0.2,1
17,17,303,2,10,5,0,500,0.6,1000,0.2,1400,0.2,0
17,18,877,2,10,5,0,500,0.6,1000,0.2,1400,0.2,0
17,19,647,0,0,300,0.5,1700,0.5,1
18,0,618,0,0,500,0.6,1000,0.2,1400,0.2,0
18,1,928,1,0,500,0.6,1000,0.2,1400,0.2,2
18,2,818,2,10,5,0,300,0.5,1700,0.5,0
18,3,986,1,0,300,0.5,1700,0.5,0
18,4,345,2,10,5,0,300,0.5,1700,0.5,1
18,5,409,0,0,500,0.6,1000,0.2,1400,0.2,1
18,6,230,2,10,5,0,300,0.5,1700,0.5,1
18,7,717,2,10,5,0,300,0.5,1700,0.5,0
18,8,837,0,0,300,0.5,1700,0.5,2
18,9,329,2,10,5,0,300,0.5,1700,0.5,1
18,10,224,0,0,300,0.5,1700,0.5,1
18,11,543,1,0,500,0.6,1000,0.2,1400,0.2,1
18,12,978,2,10,5,0,300,0.5,1700,0.5,2
18,13,948,1,0,300,0.5,1700,0.5,0
18,14,456,0,0,300,0.5,1700,0.5,2
18,15,123,0,0,300,0.5,1700,0.5,1
18,16,368,2,10,5,0,500,0.6,1000,0.2,1400,0.2,0
18,17,682,0,0,300,0.5,1700,0.5,1
18,18,257,1,0,500,0.6,1000,0.2,1400,0.2,2
18,19,77,1,0,500,0.6,1000,0.2,1400,0.2,0
19,0,885,1,0,300,0.5,1700,0.5,1
19,1,604,2,10,5,0,300,0.5,1700,0.5,2
19,2,826,2,10,5,0,500,0.6,1000,0.2,1400,0.2,2
19,3,862,1,0,500,0.6,1000,0.2,1400,0.2,0
19,4,111,2,10,5,0,300,0.5,1700,0.5,0
19,5,677,0,0,300,0.5,1700,0.5,0
19,6,793,0,0,300,0.5,1700,0.5,2
19,7,298,1,0,300,0.5,1700,0.5,2
19,8,21,1,0,500,0.6,1000,0.2,1400,0.2,0
19,9,646,0,0,500,0.6,1000,0.2,1400,0.2,0
19,10,913,1,0,300,0.5,1700,0.5,2
19,11,707,0,0,300,0.5,1700,0.5,2
19,12,238,1,0,300,0.5,1700,0.5,2
19,13,425,0,0,300,0.5,1700,0.5,0
19,14,914,1,0,300,0.5,1700,0.5,2
19,15,927,0,0,300,0.5,1700,0.5,0
19,16,660,0,0,500,0.6,1000,0.2,1400,0.2,1
19,17,381,2,10,5,0,500,0.6,1000,0.2,1400,0.2,1
19,18,928,1,0,500,0.6,1000,0.2,1400,0.2,0
19,19,345,0,0,300,0.5,1700,0.5,2
