0,0,903,0,0,500,0.6,1000,0.2,1400,0.2,1
0,1,618,0,0,300,0.5,1700,0.5,2
0,2,491,2,10,5,0,300,0.5,1700,0.5,0
0,3,760,0,0,300,0.5,1700,0.5,2
0,4,728,0,0,500,0.6,1000,0.2,1400,0.2,0
0,5,135,1,0,500,0.6,1000,0.2,1400,0.2,2
0,6,262,0,0,300,0.5,1700,0.5,1
0,7,823,2,10,5,0,500,0.6,1000,0.2,1400,0.2,1
0,8,940,0,0,300,0.5,1700,0.5,2
0,9,912,2,10,5,0,300,0.5,1700,0.5,0
0,10,424,0,0,300,0.5,1700,0.5,1
0,11,729,2,10,5,0,300,0.5,1700,0.5,2
0,12,971,0,0,300,0.5,1700,0.5,0
0,13,587,1,0,500,0.6,1000,0.2,1400,0.2,1
0,14,817,2,10,5,0,300,0.5,1700,0.5,0
0,15,586,1,0,300,0.5,1700,0.5,2
0,16,95,1,0,300,0.5,1700,0.5,1
0,17,96,2,10,5,0,300,0.5,1700,0.5,1
0,18,655,0,0,300,0.5,1700,0.5,0
0,19,313,2,10,5,0,300,0.5,1700,0.5,2
1,0,759,1,0,300,0.5,1700,0.5,1
1,1,473,2,10,5,0,300,0.5,1700,0.5,2
1,2,139,0,0,500,0.6,1000,0.2,1400,0.2,0
1,3,918,0,0,300,0.5,1700,0.5,1
1,4,106,1,0,500,0.6,1000,0.2,1400,0.2,2
1,5,138,1,0,300,0.5,1700,0.5,2
1,6,11,1,0,500,0.6,1000,0.2,1400,0.2,1
1,7,480,1,0,500,0.6,1000,0.2,1400,0.2,2
1,8,882,1,0,500,0.6,1000,0.2,1400,0.2,1
1,9,204,2,10,5,0,500,0.6,1000,0.2,1400,0.2,0
1,10,459,0,0,500,0.6,1000,0.2,1400,0.2,2
1,11,10,2,10,5,0,500,0.6,1000,0.2,1400,0.2,0
1,12,126,0,0,500,0.6,1000,0.2,1400,0.2,1
1,13,697,1,0,500,0.6,1000,0.2,1400,0.2,0
1,14,244,2,10,5,0,500,0.6,1000,0.2,1400,0.2,2
1,15,601,1,0,300,0.5,1700,0.5,1
1,16,571,2,10,5,0,300,0.5,1700,0.5,0
1,17,942,0,0,300,0.5,1700,0.5,0
1,18,707,1,0,300,0.5,1700,0.5,0
1,19,400,0,0,500,0.6,1000,0.2,1400,0.2,0
2,0,999,0,0,500,0.6,1000,0.2,1400,0.2,1
2,1,871,1,0,300,0.5,1700,0.5,0
2,2,506,1,0,300,0.5,1700,0.5,2
2,3,524,0,0,500,0.6,1000,0.2,1400,0.2,2
2,4,978,2,10,5,0,300,0.5,1700,0.5,2
2,5,671,0,0,500,0.6,1000,0.2,1400,0.2,0
2,6,747,0,0,500,0.6,1000,0.2,1400,0.2,2
2,7,885,0,0,300,0.5,1700,0.5,0
2,8,849,1,0,500,0.6,1000,0.2,1400,0.2,2
2,9,345,2,10,5,0,300,0.5,1700,0.5,2
2,10,477,1,0,300,0.5,1700,0.5,1
2,11,156,2,10,5,0,500,0.6,1000,0.2,1400,0.2,1
2,12,572,0,0,500,0.6,1000,0.2,1400,0.2,0
2,13,575,0,0,300,0.5,1700,0.5,0
2,14,903,1,0,300,0.5,1700,0.5,2
2,15,192,2,10,5,0,300,0.5,1700,0.5,1
2,16,29,0,0,500,0.6,1000,0.2,1400,0.2,2
2,17,756,0,0,300,0.5,1700,0.5,2
2,18,128,2,10,5,0,300,0.5,1700,0.5,2
2,19,138,2,10,5,0,300,0.5,1700,0.5,2
3,0,311,1,0,500,0.6,1000,0.2,1400,0.2,0
3,1,499,2,10,5,0,300,0.5,1700,0.5,0
3,2,144,1,0,500,0.6,1000,0.2,1400,0.2,2
3,3,947,2,10,5,0,500,0.6,1000,0.2,1400,0.2,0
3,4,972,0,0,300,0.5,1700,0.5,1
3,5,247,2,10,5,0,500,0.6,1000,0.2,1400,0.2,2
3,6,986,1,0,500,0.6,1000,0.2,1400,0.2,0
3,7,360,0,0,300,0.5,1700,0.5,0
3,8,731,0,0,500,0.6,1000,0.2,1400,0.2,1
3,9,211,2,10,5,0,500,0.6,1000,0.2,1400,0.2,0
3,10,724,2,10,5,0,500,0.6,1000,0.2,1400,0.2,2
3,11,759,1,0,300,0.5,1700,0.5,2
3,12,425,2,10,5,0,500,0.6,1000,0.2,1400,0.2,0
3,13,344,1,0,500,0.6,1000,0.2,1400,0.2,0
3,14,83,1,0,300,0.5,1700,0.5,0
3,15,132,2,10,5,0,300,0.5,1700,0.5,1
3,16,422,2,10,5,0,300,0.5,1700,0.5,0
3,17,247,1,0,500,0.6,1000,0.2,1400,0.2,2
3,18,238,0,0,500,0.6,1000,0.2,1400,0.2,2
3,19,615,1,0,300,0.5,1700,0.5,2
4,0,119,2,10,5,0,300,0.5,1700,0.5,2
4,1,390,0,0,500,0.6,1000,0.2,1400,0.2,0
4,2,766,0,0,500,0.6,1000,0.2,1400,0.2,2
4,3,296,2,10,5,0,500,0.6,1000,0.2,1400,0.2,0
4,4,715,2,10,5,0,500,0.6,1000,0.2,1400,0.2,2
4,5,994,0,0,500,0.6,1000,0.2,1400,0.2,2
4,6,207,0,0,300,0.5,1700,0.5,2
4,7,165,2,10,5,0,300,0.5,1700,0.5,0
4,8,420,2,10,5,0,500,0.6,1000,0.2,1400,0.2,0
4,9,843,2,10,5,0,300,0.5,1700,0.5,1
4,10,140,1,0,500,0.6,1000,0.2,1400,0.2,1
4,11,883,0,0,500,0.6,1000,0.2,1400,0.2,0
4,12,838,1,0,300,0.5,1700,0.5,2
4,13,801,2,10,5,0,300,0.5,1700,0.5,2
4,14,519,1,0,500,0.6,1000,0.2,1400,0.2,0
4,15,231,0,0,500,0.6,1000,0.2,1400,0.2,2
4,16,273,1,0,500,0.6,1000,0.2,1400,0.2,2
4,17,306,1,0,500,0.6,1000,0.2,1400,0.2,2
4,18,970,2,10,5,0,300,0.5,1700,0.5,1
4,19,436,0,0,300,0.5,1700,0.5,0
5,0,696,0,0,500,0.6,1000,0.2,1400,0.2,1
5,1,878,0,0,300,0.5,1700,0.5,1
5,2,952,2,10,5,0,500,0.6,1000,0.2,1400,0.2,1
5,3,641,0,0,500,0.6,1000,0.2,1400,0.2,2
5,4,542,2,10,5,0,500,0.6,1000,0.2,1400,0.2,2
5,5,251,0,0,500,0.6,1000,0.2,1400,0.2,0
5,6,449,0,0,500,0.6,1000,0.2,1400,0.2,1
5,7,482,0,0,300,0.5,1700,0.5,0
5,8,182,1,0,500,0.6,1000,0.2,1400,0.2,0
5,9,270,2,10,5,0,500,0.6,1000,0.2,1400,0.2,2
5,10,363,2,10,5,0,300,0.5,1700,0.5,1
5,11,765,1,0,500,0.6,1000,0.2,1400,0.2,0
5,12,426,2,10,5,0,500,0.6,1000,0.2,1400,0.2,0
5,13,963,0,0,300,0.5,1700,0.5,0
5,14,595,2,10,5,0,500,0.6,1000,0.2,1400,0.2,1
5,15,343,0,0,300,0.5,1700,0.5,0
5,16,67,2,10,5,0,500,0.6,1000,0.2,1400,0.2,1
5,17,743,2,10,5,0,300,0.5,1700,0.5,0
5,18,601,1,0,300,0.5,1700,0.5,0
5,19,616,2,10,5,0,500,0.6,1000,0.2,1400,0.2,0
6,0,535,2,10,5,0,500,0.6,1000,0.2,1400,0.2,2
6,1,787,0,0,500,0.6,1000,0.2,1400,0.2,0
6,2,891,1,0,300,0.5,1700,0.5,1
6,3,904,0,0,300,0.5,1700,0.5,1
6,4,681,2,10,5,0,300,0.5,1700,0.5,1
6,5,422,0,0,500,0.6,1000,0.2,1400,0.2,0
6,6,965,2,10,5,0,300,0.5,1700,0.5,2
6,7,653,2,10,5,0,300,0.5,1700,0.5,2
6,8,458,2,10,5,0,500,0.6,1000,0.2,1400,0.2,2
6,9,786,2,10,5,0,500,0.6,1000,0.2,1400,0.2,2
6,10,304,1,0,500,0.6,1000,0.2,1400,0.2,0
6,11,530,1,0,300,0.5,1700,0.5,2
6,12,961,1,0,300,0.5,1700,0.5,0
6,13,161,0,0,300,0.5,1700,0.5,0
6,14,408,1,0,300,0.5,1700,0.5,2
6,15,753,1,0,300,0.5,1700,0.5,2
6,16,793,0,0,300,0.5,1700,0.5,2
6,17,588,2,10,5,0,500,0.6,1000,0.2,1400,0.2,0
6,18,595,0,0,500,0.6,1000,0.2,1400,0.2,0
6,19,655,0,0,300,0.5,1700,0.5,1
7,0,819,0,0,500,0.6,1000,0.2,1400,0.2,1
7,1,301,1,0,500,0.6,1000,0.2,1400,0.2,2
7,2,359,0,0,300,0.5,1700,0.5,2
7,3,879,0,0,500,0.6,1000,0.2,1400,0.2,1
7,4,974,0,0,500,0.6,1000,0.2,1400,0.2,1
7,5,602,0,0,300,0.5,1700,0.5,0
7,6,945,1,0,500,0.6,1000,0.2,1400,0.2,0
7,7,869,2,10,5,0,500,0.6,1000,0.2,1400,0.2,0
7,8,839,0,0,300,0.5,1700,0.5,0
7,9,919,2,10,5,0,500,0.6,1000,0.2,1400,0.2,2
7,10,571,2,10,5,0,500,0.6,1000,0.2,1400,0.2,1
7,11,490,2,10,5,0,500,0.6,1000,0.2,1400,0.2,0
7,12,253,2,10,5,0,300,0.5,1700,0.5,2
7,13,702,2,10,5,0,300,0.5,1700,0.5,2
7,14,948,2,10,5,0,500,0.6,1000,0.2,1400,0.2,2
7,15,451,1,0,300,0.5,1700,0.5,2
7,16,591,1,0,300,0.5,1700,0.5,0
7,17,475,1,0,500,0.6,1000,0.2,1400,0.2,2
7,18,859,2,10,5,0,500,0.6,1000,0.2,1400,0.2,0
7,19,968,0,0,300,0.5,1700,0.5,1
8,0,719,1,0,300,0.5,1700,0.5,1
8,1,31,0,0,500,0.6,1000,0.2,1400,0.2,2
8,2,612,2,10,5,0,300,0.5,1700,0.5,2
8,3,782,2,10,5,0,500,0.6,1000,0.2,1400,0.2,0
8,4,596,2,10,5,0,300,0.5,1700,0.5,2
8,5,629,1,0,300,0.5,1700,0.5,1
8,6,816,0,0,300,0.5,1700,0.5,0
8,7,720,1,0,500,0.6,1000,0.2,1400,0.2,0
8,8,972,1,0,500,0.6,1000,0.2,1400,0.2,2
8,9,701,0,0,300,0.5,1700,0.5,0
8,10,111,2,10,5,0,500,0.6,1000,0.2,1400,0.2,0
8,11,242,0,0,300,0.5,1700,0.5,0
8,12,42,1,0,300,0.5,1700,0.5,2
8,13,158,1,0,300,0.5,1700,0.5,0
8,14,537,1,0,500,0.6,1000,0.2,1400,0.2,2
8,15,479,0,0,500,0.6,1000,0.2,1400,0.2,0
8,16,884,0,0,300,0.5,1700,0.5,2
8,17,578,2,10,5,0,500,0.6,1000,0.2,1400,0.2,1
8,18,805,2,10,5,0,300,0.5,1700,0.5,0
8,19,458,1,0,300,0.5,1700,0.5,2
9,0,985,1,0,300,0.5,1700,0.5,0
9,1,527,1,0,300,0.5,1700,0.5,0
9,2,400,0,0,300,0.5,1700,0.5,1
9,3,238,0,0,300,0.5,1700,0.5,2
9,4,14,0,0,300,0.5,1700,0.5,1
9,5,817,2,10,5,0,500,0.6,1000,0.2,1400,0.2,2
9,6,958,0,0,500,0.6,1000,0.2,1400,0.2,2
9,7,38,0,0,500,0.6,1000,0.2,1400,0.2,0
9,8,427,2,10,5,0,500,0.6,1000,0.2,1400,0.2,0
9,9,114,1,0,500,0.6,1000,0.2,1400,0.2,1
9,10,377,0,0,300,0.5,1700,0.5,2
9,11,983,0,0,300,0.5,1700,0.5,1
9,12,490,2,10,5,0,500,0.6,1000,0.2,1400,0.2,2
9,13,323,1,0,300,0.5,1700,0.5,2
9,14,400,0,0,300,0.5,1700,0.5,0
9,15,334,0,0,500,0.6,1000,0.2,1400,0.2,2
9,16,256,1,0,300,0.5,1700,0.5,2
9,17,437,0,0,300,0.5,1700,0.5,2
9,18,209,1,0,300,0.5,1700,0.5,2
9,19,553,1,0,500,0.6,1000,0.2,1400,0.2,1
10,0,950,0,0,300,0.5,1700,0.5,2
10,1,828,1,0,300,0.5,1700,0.5,2
10,2,517,2,10,5,0,500,0.6,1000,0.2,1400,0.2,2
10,3,839,2,10,5,0,500,0.6,1000,0.2,1400,0.2,2
10,4,951,1,0,300,0.5,1700,0.5,2
10,5,820,2,10,5,0,500,0.6,1000,0.2,1400,0.2,0
10,6,825,0,0,300,0.5,1700,0.5,0
10,7,66,2,10,5,0,300,0.5,1700,0.5,0
10,8,627,0,0,300,0.5,1700,0.5,0
10,9,35,2,10,5,0,300,0.5,1700,0.5,2
10,10,278,2,10,5,0,500,0.6,1000,0.2,1400,0.2,0
10,11,309,0,0,500,0.6,1000,0.2,1400,0.2,1
10,12,641,2,10,5,0,500,0.6,1000,0.2,1400,0.2,2
10,13,487,2,10,5,0,500,0.6,1000,0.2,1400,0.2,1
10,14,248,0,0,500,0.6,1000,0.2,1400,0.2,0
10,15,992,0,0,300,0.5,1700,0.5,0
10,16,583,0,0,300,0.5,1700,0.5,0
10,17,718,1,0,500,0.6,1000,0.2,1400,0.2,0
10,18,76,2,10,5,0,500,0.6,1000,0.2,1400,0.2,2
10,19,917,1,0,500,0.6,1000,0.2,1400,0.2,2
11,0,544,0,0,500,0.6,1000,0.2,1400,0.2,2
11,1,891,1,0,500,0.6,1000,0.2,1400,0.2,2
11,2,388,1,0,300,0.5,1700,0.5,2
11,3,108,0,0,500,0.6,1000,0.2,1400,0.2,2
11,4,617,1,0,300,0.5,1700,0.5,0
11,5,650,1,0,300,0.5,1700,0.5,2
11,6,879,1,0,500,0.6,1000,0.2,1400,0.2,0
11,7,493,2,10,5,0,300,0.5,1700,0.5,2
11,8,69,1,0,500,0.6,1000,0.2,1400,0.2,1
11,9,295,0,0,500,0.6,1000,0.2,1400,0.2,1
11,10,311,2,10,5,0,500,0.6,1000,0.2,1400,0.2,2
11,11,416,0,0,500,0.6,1000,0.2,1400,0.2,1
11,12,812,2,10,5,0,500,0.6,1000,0.2,1400,0.2,1
11,13,843,1,0,500,0.6,1000,0.2,1400,0.2,2
11,14,283,1,0,500,0.6,1000,0.2,1400,0.2,0
11,15,538,0,0,300,0.5,1700,0.5,2
11,16,166,2,10,5,0,500,0.6,1000,0.2,1400,0.2,1
11,17,159,2,10,5,0,300,0.5,1700,0.5,0
11,18,210,0,0,300,0.5,1700,0.5,1
11,19,804,0,0,300,0.5,1700,0.5,0
12,0,182,0,0,300,0.5,1700,0.5,2
12,1,772,1,0,500,0.6,1000,0.2,1400,0.2,2
12,2,167,2,10,5,0,500,0.6,1000,0.2,1400,0.2,2
12,3,688,2,10,5,0,500,0.6,1000,0.2,1400,0.2,2
12,4,228,2,10,5,0,500,0.6,1000,0.2,1400,0.2,2
12,5,624,2,10,5,0,500,0.6,1000,0.2,1400,0.2,0
12,6,965,1,0,300,0.5,1700,0.5,1
12,7,645,0,0,300,0.5,1700,0.5,2
12,8,81,2,10,5,0,500,0.6,1000,0.2,1400,0.2,0
12,9,1000,2,10,5,0,300,0.5,1700,0.5,0
12,10,796,0,0,300,0.5,1700,0.5,0
12,11,427,2,10,5,0,300,0.5,1700,0.5,1
12,12,364,1,0,300,0.5,1700,0.5,2
12,13,89,0,0,300,0.5,1700,0.5,0
12,14,773,0,0,500,0.6,1000,0.2,1400,0.2,2
12,15,501,1,0,500,0.6,1000,0.2,1400,0.2,0
12,16,348,1,0,300,0.5,1700,0.5,2
12,17,760,2,10,5,0,300,0.5,1700,0.5,2
12,18,220,1,0,500,0.6,1000,0.2,1400,0.2,0
12,19,768,2,10,5,0,300,0.5,1700,0.5,0
13,0,96,1,0,300,0.5,1700,0.5,0
13,1,338,2,10,5,0,300,0.5,1700,0.5,0
13,2,71,1,0,500,0.6,1000,0.2,1400,0.2,2
13,3,888,0,0,500,0.6,1000,0.2,1400,0.2,2
13,4,622,0,0,500,0.6,1000,0.2,1400,0.2,1
13,5,225,2,10,5,0,300,0.5,1700,0.5,2
13,6,480,1,0,300,0.5,1700,0.5,2
13,7,564,2,10,5,0,500,0.6,1000,0.2,1400,0.2,1
13,8,78,1,0,500,0.6,1000,0.2,1400,0.2,0
13,9,275,0,0,500,0.6,1000,0.2,1400,0.2,0
13,10,586,1,0,300,0.5,1700,0.5,0
13,11,599,0,0,300,0.5,1700,0.5,2
13,12,968,1,0,500,0.6,1000,0.2,1400,0.2,1
13,13,351,0,0,500,0.6,1000,0.2,1400,0.2,1
13,14,124,0,0,500,0.6,1000,0.2,1400,0.2,1
13,15,466,2,10,5,0,500,0.6,1000,0.2,1400,0.2,1
13,16,885,0,0,500,0.6,1000,0.2,1400,0.2,1
13,17,266,0,0,300,0.5,1700,0.5,2
13,18,123,2,10,5,0,300,0.5,1700,0.5,2
13,19,347,1,0,300,0.5,1700,0.5,2
14,0,627,1,0,500,0.6,1000,0.2,1400,0.2,0
14,1,467,1,0,500,0.6,1000,0.2,1400,0.2,2
14,2,139,1,0,300,0.5,1700,0.5,0
14,3,656,1,0,500,0.6,1000,0.2,1400,0.2,1
14,4,519,1,0,500,0.6,1000,0.2,1400,0.2,2
14,5,674,1,0,300,0.5,1700,0.5,2
14,6,631,2,10,5,0,500,0.6,1000,0.2,1400,0.2,1
14,7,84,1,0,300,0.5,1700,0.5,2
14,8,747,1,0,300,0.5,1700,0.5,1
14,9,80,1,0,300,0.5,1700,0.5,2
14,10,592,0,0,500,0.6,1000,0.2,1400,0.2,1
14,11,678,1,0,500,0.6,1000,0.2,1400,0.2,0
14,12,792,2,10,5,0,300,0.5,1700,0.5,2
14,13,521,0,0,300,0.5,1700,0.5,2
14,14,248,2,10,5,0,500,0.6,1000,0.2,1400,0.2,1
14,15,30,2,10,5,0,500,0.6,1000,0.2,1400,0.2,2
14,16,610,2,10,5,0,300,0.5,1700,0.5,0
14,17,466,0,0,300,0.5,1700,0.5,0
14,18,228,0,0,500,0.6,1000,0.2,1400,0.2,2
14,19,52,0,0,500,0.6,1000,0.2,1400,0.2,2
15,0,288,0,0,500,0.6,1000,0.2,1400,0.2,2
15,1,471,2,10,5,0,500,0.6,1000,0.2,1400,0.2,2
15,2,895,2,10,5,0,300,0.5,1700,0.5,0
15,3,240,1,0,300,0.5,1700,0.5,2
15,4,456,1,0,300,0.5,1700,0.5,0
15,5,738,1,0,300,0.5,1700,0.5,0
15,6,828,2,10,5,0,500,0.6,1000,0.2,1400,0.2,0
15,7,292,1,0,300,0.5,1700,0.5,0
15,8,765,2,10,5,0,500,0.6,1000,0.2,1400,0.2,1
15,9,254,0,0,500,0.6,1000,0.2,1400,0.2,0
15,10,511,1,0,300,0.5,1700,0.5,2
15,11,74,1,0,300,0.5,1700,0.5,0
15,12,575,0,0,500,0.6,1000,0.2,1400,0.2,2
15,13,431,2,10,5,0,300,0.5,1700,0.5,2
15,14,813,1,0,500,0.6,1000,0.2,1400,0.2,2
15,15,603,2,10,5,0,300,0.5,1700,0.5,0
15,16,210,0,0,300,0.5,1700,0.5,1
15,17,825,0,0,500,0.6,1000,0.2,1400,0.2,2
15,18,315,1,0,300,0.5,1700,0.5,0
15,19,378,1,0,300,0.5,1700,0.5,1
16,0,384,1,0,300,0.5,1700,0.5,0
16,1,500,2,10,5,0,300,0.5,1700,0.5,2
16,2,433,0,0,500,0.6,1000,0.2,1400,0.2,0
16,3,843,2,10,5,0,300,0.5,1700,0.5,2
16,4,335,0,0,500,0.6,1000,0.2,1400,0.2,1
16,5,192,1,0,500,0.6,1000,0.2,1400,0.2,0
16,6,832,0,0,500,0.6,1000,0.2,1400,0.2,2
16,7,305,2,10,5,0,300,0.5,1700,0.5,0
16,8,170,0,0,500,0.6,1000,0.2,1400,0.2,1
16,9,606,2,10,5,0,300,0.5,1700,0.5,2
16,10,459,0,0,300,0.5,1700,0.5,2
16,11,868,0,0,300,0.5,1700,0.5,1
16,12,140,1,0,300,0.5,1700,0.5,0
16,13,789,0,0,500,0.6,1000,0.2,1400,0.2,1
16,14,338,0,0,500,0.6,1000,0.2,1400,0.2,0
16,15,751,1,0,500,0.6,1000,0.2,1400,0.2,1
16,16,752,0,0,300,0.5,1700,0.5,0
16,17,229,0,0,300,0.5,1700,0.5,0
16,18,361,1,0,300,0.5,1700,0.5,0
16,19,216,2,10,5,0,300,0.5,1700,0.5,2
17,0,747,2,10,5,0,500,0.6,1000,0.2,1400,0.2,1
17,1,725,1,0,500,0.6,1000,0.2,1400,0.2,0
17,2,296,2,10,5,0,500,0.6,1000,0.2,1400,0.2,1
17,3,842,0,0,500,0.6,1000,0.2,1400,0.2,0
17,4,279,2,10,5,0,300,0.5,1700,0.5,2
17,5,78,0,0,300,0.5,1700,0.5,1
17,6,870,1,0,300,0.5,1700,0.5,1
17,7,857,2,10,5,0,300,0.5,1700,0.5,2
17,8,392,2,10,5,0,500,0.6,1000,0.2,1400,0.2,1
17,9,121,0,0,500,0.6,1000,0.2,1400,0.2,2
17,10,712,0,0,500,0.6,1000,0.2,1400,0.2,0
17,11,55,0,0,500,0.6,1000,0.2,1400,0.2,0
17,12,315,2,10,5,0,300,0.5,1700,0.5,0
17,13,452,0,0,300,0.5,1700,0.5,0
17,14,754,0,0,500,0.6,1000,0.2,1400,0.2,2
17,15,550,2,10,5,0,500,0.6,1000,0.2,1400,0.2,2
17,16,485,0,0,300,0.5,1700,0.5,1
17,17,596,1,0,500,0.6,1000,0.2,1400,0.2,1
17,18,506,1,0,300,0.5,1700,0.5,1
17,19,157,2,10,5,0,500,0.6,1000,0.2,1400,0.2,2
18,0,617,0,0,500,0.6,1000,0.2,1400,0.2,1
18,1,796,1,0,300,0.5,1700,0.5,1
18,2,934,0,0,500,0.6,1000,0.2,1400,0.2,1
18,3,479,0,0,300,0.5,1700,0.5,1
18,4,784,1,0,300,0.5,1700,0.5,0
18,5,246,0,0,500,0.6,1000,0.2,1400,0.2,0
18,6,355,2,10,5,0,300,0.5,1700,0.5,0
18,7,761,0,0,300,0.5,1700,0.5,2
18,8,694,1,0,500,0.6,1000,0.2,1400,0.2,1
18,9,284,0,0,500,0.6,1000,0.2,1400,0.2,1
18,10,90,2,10,5,0,500,0.6,1000,0.2,1400,0.2,0
18,11,987,2,10,5,0,300,0.5,1700,0.5,1
18,12,172,1,0,300,0.5,1700,0.5,1
18,13,634,2,10,5,0,300,0.5,1700,0.5,1
18,14,189,2,10,5,0,300,0.5,1700,0.5,1
18,15,67,1,0,500,0.6,1000,0.2,1400,0.2,0
18,16,997,2,10,5,0,500,0.6,1000,0.2,1400,0.2,0
18,17,972,2,10,5,0,500,0.6,1000,0.2,1400,0.2,0
18,18,23,1,0,500,0.6,1000,0.2,1400,0.2,2
18,19,240,0,0,300,0.5,1700,0.5,1
19,0,660,2,10,5,0,500,0.6,1000,0.2,1400,0.2,2
19,1,887,2,10,5,0,500,0.6,1000,0.2,1400,0.2,1
19,2,320,1,0,500,0.6,1000,0.2,1400,0.2,0
19,3,15,2,10,5,0,500,0.6,1000,0.2,1400,0.2,0
19,4,661,2,10,5,0,500,0.6,1000,0.2,1400,0.2,1
19,5,134,1,0,500,0.6,1000,0.2,1400,0.2,0
19,6,803,2,10,5,0,300,0.5,1700,0.5,1
19,7,953,0,0,300,0.5,1700,0.5,0
19,8,397,0,0,500,0.6,1000,0.2,1400,0.2,0
19,9,716,1,0,300,0.5,1700,0.5,1
19,10,866,1,0,300,0.5,1700,0.5,2
19,11,797,0,0,300,0.5,1700,0.5,0
19,12,978,2,10,5,0,500,0.6,1000,0.2,1400,0.2,2
19,13,542,1,0,500,0.6,1000,0.2,1400,0.2,1
19,14,921,1,0,300,0.5,1700,0.5,0
19,15,346,2,10,5,0,500,0.6,1000,0.2,1400,0.2,2
19,16,121,2,10,5,0,500,0.6,1000,0.2,1400,0.2,0
19,17,831,0,0,500,0.6,1000,0.2,1400,0.2,1
19,18,737,0,0,500,0.6,1000,0.2,1400,0.2,0
19,19,360,1,0,300,0.5,1700,0.5,0
