0,0,852,1,0,500,0.6,1000,0.2,1400,0.2,2
0,1,348,0,0,300,0.5,1700,0.5,2
0,2,851,1,0,300,0.5,1700,0.5,0
0,3,530,2,10,5,0,300,0.5,1700,0.5,1
0,4,624,2,10,5,0,300,0.5,1700,0.5,2
0,5,624,0,0,500,0.6,1000,0.2,1400,0.2,1
0,6,970,2,10,5,0,500,0.6,1000,0.2,1400,0.2,1
0,7,284,0,0,300,0.5,1700,0.5,2
0,8,196,2,10,5,0,500,0.6,1000,0.2,1400,0.2,0
0,9,280,0,0,300,0.5,1700,0.5,1
0,10,183,1,0,500,0.6,1000,0.2,1400,0.2,2
0,11,293,1,0,500,0.6,1000,0.2,1400,0.2,0
0,12,861,1,0,300,0.5,1700,0.5,0
0,13,530,0,0,500,0.6,1000,0.2,1400,0.2,2
0,14,552,2,10,5,0,300,0.5,1700,0.5,0
0,15,669,2,10,5,0,300,0.5,1700,0.5,1
0,16,419,1,0,500,0.6,1000,0.2,1400,0.2,0
0,17,561,0,0,500,0.6,1000,0.2,1400,0.2,2
0,18,307,2,10,5,0,300,0.5,1700,0.5,2
0,19,674,1,0,300,0.5,1700,0.5,2
1,0,884,2,10,5,0,300,0.5,1700,0.5,0
1,1,195,0,0,500,0.6,1000,0.2,1400,0.2,0
1,2,746,0,0,500,0.6,1000,0.2,1400,0.2,1
1,3,130,1,0,300,0.5,1700,0.5,1
1,4,453,2,10,5,0,300,0.5,1700,0.5,1
1,5,158,1,0,500,0.6,1000,0.2,1400,0.2,1
1,6,784,0,0,500,0.6,1000,0.2,1400,0.2,2
1,7,102,0,0,300,0.5,1700,0.5,0
1,8,72,1,0,500,0.6,1000,0.2,1400,0.2,0
1,9,593,0,0,500,0.6,1000,0.2,1400,0.2,0
1,10,948,2,10,5,0,300,0.5,1700,0.5,0
1,11,584,0,0,500,0.6,1000,0.2,1400,0.2,0
1,12,469,2,10,5,0,300,0.5,1700,0.5,2
1,13,547,0,0,500,0.6,1000,0.2,1400,0.2,0
1,14,424,0,0,300,0.5,1700,0.5,0
1,15,342,1,0,500,0.6,1000,0.2,1400,0.2,0
1,16,854,2,10,5,0,300,0.5,1700,0.5,2
1,17,202,0,0,500,0.6,1000,0.2,1400,0.2,1
1,18,576,2,10,5,0,500,0.6,1000,0.2,1400,0.2,2
1,19,309,1,0,300,0.5,1700,0.5,2
2,0,266,0,0,300,0.5,1700,0.5,2
2,1,976,2,10,5,0,300,0.5,1700,0.5,2
2,2,312,2,10,5,0,300,0.5,1700,0.5,1
2,3,40,0,0,300,0.5,1700,0.5,1
2,4,840,2,10,5,0,500,0.6,1000,0.2,1400,0.2,1
2,5,338,2,10,5,0,500,0.6,1000,0.2,1400,0.2,2
2,6,814,1,0,500,0.6,1000,0.2,1400,0.2,0
2,7,719,2,10,5,0,500,0.6,1000,0.2,1400,0.2,1
2,8,929,1,0,500,0.6,1000,0.2,1400,0.2,0
2,9,851,0,0,300,0.5,1700,0.5,0
2,10,898,2,10,5,0,500,0.6,1000,0.2,1400,0.2,0
2,11,819,0,0,500,0.6,1000,0.2,1400,0.2,2
2,12,201,1,0,500,0.6,1000,0.2,1400,0.2,2
2,13,478,2,10,5,0,500,0.6,1000,0.2,1400,0.2,2
2,14,409,1,0,500,0.6,1000,0.2,1400,0.2,1
2,15,234,2,10,5,0,300,0.5,1700,0.5,1
2,16,360,2,10,5,0,500,0.6,1000,0.2,1400,0.2,1
2,17,406,2,10,5,0,300,0.5,1700,0.5,0
2,18,571,1,0,500,0.6,1000,0.2,1400,0.2,1
2,19,94,1,0,500,0.6,1000,0.2,1400,0.2,1
3,0,250,2,10,5,0,500,0.6,1000,0.2,1400,0.2,2
3,1,732,0,0,500,0.6,1000,0.2,1400,0.2,0
3,2,764,0,0,500,0.6,1000,0.2,1400,0.2,0
3,3,774,2,10,5,0,500,0.6,1000,0.2,1400,0.2,1
3,4,982,0,0,500,0.6,1000,0.2,1400,0.2,2
3,5,118,1,0,500,0.6,1000,0.2,1400,0.2,0
3,6,929,0,0,300,0.5,1700,0.5,0
3,7,77,0,0,500,0.6,1000,0.2,1400,0.2,2
3,8,637,1,0,300,0.5,1700,0.5,0
3,9,665,1,0,300,0.5,1700,0.5,0
3,10,896,2,10,5,0,500,0.6,1000,0.2,1400,0.2,2
3,11,828,0,0,500,0.6,1000,0.2,1400,0.2,0
3,12,844,0,0,500,0.6,1000,0.2,1400,0.2,1
3,13,289,2,10,5,0,300,0.5,1700,0.5,2
3,14,572,2,10,5,0,500,0.6,1000,0.2,1400,0.2,0
3,15,326,1,0,500,0.6,1000,0.2,1400,0.2,2
3,16,403,2,10,5,0,300,0.5,1700,0.5,1
3,17,211,1,0,500,0.6,1000,0.2,1400,0.2,1
3,18,798,0,0,300,0.5,1700,0.5,0
3,19,661,1,0,300,0.5,1700,0.5,0
4,0,664,1,0,300,0.5,1700,0.5,2
4,1,481,2,10,5,0,300,0.5,1700,0.5,2
4,2,23,0,0,300,0.5,1700,0.5,2
4,3,43,2,10,5,0,300,0.5,1700,0.5,2
4,4,31,1,0,500,0.6,1000,0.2,1400,0.2,0
4,5,700,1,0,300,0.5,1700,0.5,2
4,6,411,1,0,300,0.5,1700,0.5,1
4,7,268,0,0,300,0.5,1700,0.5,1
4,8,813,1,0,300,0.5,1700,0.5,1
4,9,73,1,0,300,0.5,1700,0.5,0
4,10,439,0,0,500,0.6,1000,0.2,1400,0.2,1
4,11,251,1,0,300,0.5,1700,0.5,0
4,12,827,2,10,5,0,300,0.5,1700,0.5,1
4,13,701,0,0,300,0.5,1700,0.5,1
4,14,851,2,10,5,0,500,0.6,1000,0.2,1400,0.2,0
4,15,327,1,0,300,0.5,1700,0.5,0
4,16,179,1,0,500,0.6,1000,0.2,1400,0.2,0
4,17,180,2,10,5,0,300,0.5,1700,0.5,0
4,18,947,2,10,5,0,500,0.6,1000,0.2,1400,0.2,2
4,19,941,1,0,500,0.6,1000,0.2,1400,0.2,1
5,0,124,0,0,300,0.5,1700,0.5,1
5,1,282,0,0,500,0.6,1000,0.2,1400,0.2,1
5,2,636,2,10,5,0,300,0.5,1700,0.5,1
5,3,460,0,0,300,0.5,1700,0.5,1
5,4,890,0,0,300,0.5,1700,0.5,2
5,5,219,2,10,5,0,300,0.5,1700,0.5,1
5,6,681,0,0,300,0.5,1700,0.5,1
5,7,308,0,0,500,0.6,1000,0.2,1400,0.2,0
5,8,267,1,0,300,0.5,1700,0.5,0
5,9,654,2,10,5,0,500,0.6,1000,0.2,1400,0.2,2
5,10,841,2,10,5,0,300,0.5,1700,0.5,0
5,11,880,1,0,500,0.6,1000,0.2,1400,0.2,1
5,12,952,0,0,300,0.5,1700,0.5,1
5,13,309,2,10,5,0,500,0.6,1000,0.2,1400,0.2,0
5,14,649,1,0,300,0.5,1700,0.5,1
5,15,408,2,10,5,0,300,0.5,1700,0.5,1
5,16,19,2,10,5,0,300,0.5,1700,0.5,2
5,17,102,1,0,300,0.5,1700,0.5,1
5,18,463,2,10,5,0,500,0.6,1000,0.2,1400,0.2,0
5,19,383,0,0,500,0.6,1000,0.2,1400,0.2,2
6,0,984,2,10,5,0,500,0.6,1000,0.2,1400,0.2,2
6,1,490,1,0,500,0.6,1000,0.2,1400,0.2,1
6,2,312,0,0,300,0.5,1700,0.5,1
6,3,357,2,10,5,0,300,0.5,1700,0.5,1
6,4,528,1,0,300,0.5,1700,0.5,0
6,5,864,0,0,500,0.6,1000,0.2,1400,0.2,2
6,6,385,1,0,500,0.6,1000,0.2,1400,0.2,1
6,7,846,2,10,5,0,300,0.5,1700,0.5,1
6,8,316,2,10,5,0,300,0.5,1700,0.5,0
6,9,376,0,0,500,0.6,1000,0.2,1400,0.2,1
6,10,635,0,0,500,0.6,1000,0.2,1400,0.2,1
6,11,631,0,0,300,0.5,1700,0.5,2
6,12,244,0,0,300,0.5,1700,0.5,1
6,13,667,0,0,500,0.6,1000,0.2,1400,0.2,0
6,14,315,0,0,500,0.6,1000,0.2,1400,0.2,1
6,15,998,1,0,300,0.5,1700,0.5,0
6,16,240,0,0,300,0.5,1700,0.5,0
6,17,886,1,0,500,0.6,1000,0.2,1400,0.2,1
6,18,768,1,0,300,0.5,1700,0.5,1
6,19,620,0,0,500,0.6,1000,0.2,1400,0.2,0
7,0,652,2,10,5,0,500,0.6,1000,0.2,1400,0.2,2
7,1,630,0,0,500,0.6,1000,0.2,1400,0.2,0
7,2,771,2,10,5,0,500,0.6,1000,0.2,1400,0.2,0
7,3,613,2,10,5,0,300,0.5,1700,0.5,0
7,4,194,0,0,300,0.5,1700,0.5,1
7,5,844,0,0,500,0.6,1000,0.2,1400,0.2,2
7,6,811,2,10,5,0,300,0.5,1700,0.5,1
7,7,789,2,10,5,0,300,0.5,1700,0.5,1
7,8,124,1,0,300,0.5,1700,0.5,1
7,9,726,1,0,300,0.5,1700,0.5,0
7,10,473,0,0,500,0.6,1000,0.2,1400,0.2,0
7,11,909,0,0,300,0.5,1700,0.5,1
7,12,214,0,0,500,0.6,1000,0.2,1400,0.2,1
7,13,301,1,0,500,0.6,1000,0.2,1400,0.2,2
7,14,852,0,0,500,0.6,1000,0.2,1400,0.2,1
7,15,138,0,0,300,0.5,1700,0.5,2
7,16,421,0,0,300,0.5,1700,0.5,2
7,17,288,1,0,300,0.5,1700,0.5,1
7,18,404,0,0,500,0.6,1000,0.2,1400,0.2,1
7,19,956,1,0,500,0.6,1000,0.2,1400,0.2,1
8,0,236,2,10,5,0,300,0.5,1700,0.5,2
8,1,542,2,10,5,0,300,0.5,1700,0.5,1
8,2,753,2,10,5,0,300,0.5,1700,0.5,2
8,3,351,2,10,5,0,300,0.5,1700,0.5,2
8,4,816,0,0,500,0.6,1000,0.2,1400,0.2,2
8,5,559,2,10,5,0,500,0.6,1000,0.2,1400,0.2,2
8,6,678,1,0,500,0.6,1000,0.2,1400,0.2,1
8,7,782,0,0,300,0.5,1700,0.5,1
8,8,529,2,10,5,0,500,0.6,1000,0.2,1400,0.2,2
8,9,82,1,0,300,0.5,1700,0.5,1
8,10,701,1,0,300,0.5,1700,0.5,0
8,11,301,0,0,500,0.6,1000,0.2,1400,0.2,0
8,12,860,1,0,300,0.5,1700,0.5,0
8,13,605,0,0,500,0.6,1000,0.2,1400,0.2,2
8,14,46,0,0,300,0.5,1700,0.5,1
8,15,302,2,10,5,0,300,0.5,1700,0.5,2
8,16,134,1,0,300,0.5,1700,0.5,1
8,17,731,1,0,500,0.6,1000,0.2,1400,0.2,2
8,18,859,2,10,5,0,300,0.5,1700,0.5,2
8,19,75,2,10,5,0,300,0.5,1700,0.5,1
9,0,819,1,0,300,0.5,1700,0.5,0
9,1,59,1,0,300,0.5,1700,0.5,1
9,2,84,1,0,500,0.6,1000,0.2,1400,0.2,1
9,3,139,1,0,300,0.5,1700,0.5,0
9,4,545,2,10,5,0,300,0.5,1700,0.5,1
9,5,425,1,0,300,0.5,1700,0.5,2
9,6,242,1,0,300,0.5,1700,0.5,0
9,7,876,1,0,500,0.6,1000,0.2,1400,0.2,1
9,8,404,2,10,5,0,300,0.5,1700,0.5,0
9,9,395,0,0,300,0.5,1700,0.5,1
9,10,89,1,0,300,0.5,1700,0.5,2
9,11,213,0,0,300,0.5,1700,0.5,0
9,12,430,1,0,500,0.6,1000,0.2,1400,0.2,0
9,13,889,1,0,300,0.5,1700,0.5,1
9,14,676,2,10,5,0,500,0.6,1000,0.2,1400,0.2,1
9,15,284,1,0,300,0.5,1700,0.5,0
9,16,35,0,0,500,0.6,1000,0.2,1400,0.2,2
9,17,422,2,10,5,0,300,0.5,1700,0.5,2
9,18,806,0,0,500,0.6,1000,0.2,1400,0.2,1
9,19,843,2,10,5,0,500,0.6,1000,0.2,1400,0.2,0
10,0,62,0,0,300,0.5,1700,0.5,0
10,1,567,1,0,300,0.5,1700,0.5,1
10,2,573,1,0,300,0.5,1700,0.5,0
10,3,194,2,10,5,0,500,0.6,1000,0.2,1400,0.2,1
10,4,849,2,10,5,0,300,0.5,1700,0.5,0
10,5,263,1,0,300,0.5,1700,0.5,2
10,6,263,2,10,5,0,500,0.6,1000,0.2,1400,0.2,1
10,7,787,2,10,5,0,500,0.6,1000,0.2,1400,0.2,1
10,8,76,1,0,300,0.5,1700,0.5,1
10,9,484,1,0,300,0.5,1700,0.5,0
10,10,929,2,10,5,0,300,0.5,1700,0.5,1
10,11,962,1,0,300,0.5,1700,0.5,0
10,12,92,0,0,300,0.5,1700,0.5,2
10,13,639,0,0,300,0.5,1700,0.5,1
10,14,478,1,0,500,0.6,1000,0.2,1400,0.2,2
10,15,581,0,0,300,0.5,1700,0.5,0
10,16,80,1,0,300,0.5,1700,0.5,0
10,17,368,2,10,5,0,300,0.5,1700,0.5,0
10,18,116,0,0,300,0.5,1700,0.5,1
10,19,699,1,0,500,0.6,1000,0.2,1400,0.2,2
11,0,363,1,0,500,0.6,1000,0.2,1400,0.2,1
11,1,520,1,0,500,0.6,1000,0.2,1400,0.2,2
11,2,306,1,0,300,0.5,1700,0.5,2
11,3,613,1,0,300,0.5,1700,0.5,1
11,4,363,1,0,300,0.5,1700,0.5,0
11,5,455,2,10,5,0,300,0.5,1700,0.5,1
11,6,427,1,0,500,0.6,1000,0.2,1400,0.2,0
11,7,948,1,0,300,0.5,1700,0.5,2
11,8,86,0,0,500,0.6,1000,0.2,1400,0.2,2
11,9,77,0,0,300,0.5,1700,0.5,2
11,10,75,0,0,300,0.5,1700,0.5,0
11,11,28,0,0,500,0.6,1000,0.2,1400,0.2,0
11,12,987,2,10,5,0,300,0.5,1700,0.5,1
11,13,990,0,0,500,0.6,1000,0.2,1400,0.2,0
11,14,764,2,10,5,0,500,0.6,1000,0.2,1400,0.2,1
11,15,889,1,0,300,0.5,1700,0.5,1
11,16,279,0,0,300,0.5,1700,0.5,0
11,17,298,1,0,300,0.5,1700,0.5,1
11,18,845,1,0,300,0.5,1700,0.5,1
11,19,385,0,0,300,0.5,1700,0.5,0
12,0,813,0,0,300,0.5,1700,0.5,2
12,1,390,1,0,300,0.5,1700,0.5,1
12,2,261,0,0,300,0.5,1700,0.5,2
12,3,568,0,0,500,0.6,1000,0.2,1400,0.2,0
12,4,860,1,0,300,0.5,1700,0.5,1
12,5,643,2,10,5,0,300,0.5,1700,0.5,1
12,6,826,0,0,500,0.6,1000,0.2,1400,0.2,2
12,7,654,1,0,300,0.5,1700,0.5,2
12,8,767,2,10,5,0,500,0.6,1000,0.2,1400,0.2,0
12,9,224,2,10,5,0,500,0.6,1000,0.2,1400,0.2,2
12,10,354,1,0,300,0.5,1700,0.5,2
12,11,558,1,0,300,0.5,1700,0.5,0
12,12,663,0,0,500,0.6,1000,0.2,1400,0.2,1
12,13,85,1,0,300,0.5,1700,0.5,1
12,14,170,1,0,300,0.5,1700,0.5,2
12,15,671,2,10,5,0,500,0.6,1000,0.2,1400,0.2,2
12,16,902,2,10,5,0,300,0.5,1700,0.5,1
12,17,768,0,0,300,0.5,1700,0.5,2
12,18,18,2,10,5,0,300,0.5,1700,0.5,2
12,19,936,0,0,500,0.6,1000,0.2,1400,0.2,1
13,0,828,2,10,5,0,300,0.5,1700,0.5,1
13,1,936,2,10,5,0,300,0.5,1700,0.5,0
13,2,557,2,10,5,0,300,0.5,1700,0.5,2
13,3,579,0,0,300,0.5,1700,0.5,1
13,4,212,0,0,300,0.5,1700,0.5,1
13,5,200,1,0,300,0.5,1700,0.5,0
13,6,527,0,0,300,0.5,1700,0.5,0
13,7,951,1,0,500,0.6,1000,0.2,1400,0.2,0
13,8,337,0,0,300,0.5,1700,0.5,0
13,9,309,0,0,500,0.6,1000,0.2,1400,0.2,2
13,10,332,0,0,300,0.5,1700,0.5,0
13,11,383,0,0,500,0.6,1000,0.2,1400,0.2,0
13,12,400,2,10,5,0,500,0.6,1000,0.2,1400,0.2,0
13,13,743,0,0,500,0.6,1000,0.2,1400,0.2,2
13,14,45,0,0,300,0.5,1700,0.5,0
13,15,441,2,10,5,0,300,0.5,1700,0.5,1
13,16,942,1,0,500,0.6,1000,0.2,1400,0.2,2
13,17,676,0,0,300,0.5,1700,0.5,0
13,18,600,0,0,300,0.5,1700,0.5,2
13,19,391,0,0,500,0.6,1000,0.2,1400,0.2,0
14,0,185,2,10,5,0,300,0.5,1700,0.5,0
14,1,90,1,0,300,0.5,1700,0.5,1
14,2,19,0,0,300,0.5,1700,0.5,0
14,3,497,0,0,500,0.6,1000,0.2,1400,0.2,1
14,4,686,0,0,300,0.5,1700,0.5,0
14,5,864,0,0,500,0.6,1000,0.2,1400,0.2,0
14,6,119,0,0,500,0.6,1000,0.2,1400,0.2,1
14,7,387,0,0,500,0.6,1000,0.2,1400,0.2,0
14,8,793,1,0,500,0.6,1000,0.2,1400,0.2,1
14,9,372,2,10,5,0,300,0.5,1700,0.5,2
14,10,442,2,10,5,0,500,0.6,1000,0.2,1400,0.2,1
14,11,28,2,10,5,0,500,0.6,1000,0.2,1400,0.2,2
14,12,953,1,0,300,0.5,1700,0.5,1
14,13,757,2,10,5,0,300,0.5,1700,0.5,0
14,14,571,1,0,300,0.5,1700,0.5,2
14,15,423,2,10,5,0,300,0.5,1700,0.5,0
14,16,227,0,0,300,0.5,1700,0.5,2
14,17,436,2,10,5,0,300,0.5,1700,0.5,1
14,18,32,1,0,300,0.5,1700,0.5,1
14,19,889,2,10,5,0,500,0.6,1000,0.2,1400,0.2,2
15,0,841,1,0,500,0.6,1000,0.2,1400,0.2,2
15,1,606,1,0,500,0.6,1000,0.2,1400,0.2,2
15,2,429,0,0,500,0.6,1000,0.2,1400,0.2,0
15,3,353,0,0,500,0.6,1000,0.2,1400,0.2,1
15,4,600,0,0,500,0.6,1000,0.2,1400,0.2,1
15,5,230,2,10,5,0,300,0.5,1700,0.5,0
15,6,265,0,0,500,0.6,1000,0.2,1400,0.2,2
15,7,213,1,0,500,0.6,1000,0.2,1400,0.2,1
15,8,926,0,0,500,0.6,1000,0.2,1400,0.2,1
15,9,775,1,0,300,0.5,1700,0.5,2
15,10,897,2,10,5,0,500,0.6,1000,0.2,1400,0.2,1
15,11,878,0,0,500,0.6,1000,0.2,1400,0.2,2
15,12,633,2,10,5,0,500,0.6,1000,0.2,1400,0.2,2
15,13,483,2,10,5,0,300,0.5,1700,0.5,0
15,14,262,2,10,5,0,300,0.5,1700,0.5,1
15,15,84,2,10,5,0,500,0.6,1000,0.2,1400,0.2,0
15,16,646,1,0,500,0.6,1000,0.2,1400,0.2,2
15,17,442,1,0,300,0.5,1700,0.5,0
15,18,618,2,10,5,0,500,0.6,1000,0.2,1400,0.2,1
15,19,648,0,0,300,0.5,1700,0.5,1
16,0,216,0,0,300,0.5,1700,0.5,1
16,1,20,1,0,300,0.5,1700,0.5,2
16,2,89,2,10,5,0,500,0.6,1000,0.2,1400,0.2,0
16,3,244,2,10,5,0,300,0.5,1700,0.5,1
16,4,108,0,0,300,0.5,1700,0.5,1
16,5,856,2,10,5,0,300,0.5,1700,0.5,1
16,6,150,1,0,300,0.5,1700,0.5,1
16,7,717,0,0,500,0.6,1000,0.2,1400,0.2,2
16,8,156,2,10,5,0,500,0.6,1000,0.2,1400,0.2,0
16,9,957,1,0,300,0.5,1700,0.5,2
16,10,419,0,0,500,0.6,1000,0.2,1400,0.2,2
16,11,139,1,0,500,0.6,1000,0.2,1400,0.2,1
16,12,364,2,10,5,0,300,0.5,1700,0.5,2
16,13,982,0,0,500,0.6,1000,0.2,1400,0.2,0
16,14,653,0,0,300,0.5,1700,0.5,2
16,15,826,2,10,5,0,300,0.5,1700,0.5,0
16,16,487,2,10,5,0,500,0.6,1000,0.2,1400,0.2,0
16,17,397,0,0,500,0.6,1000,0.2,1400,0.2,0
16,18,681,2,10,5,0,300,0.5,1700,0.5,1
16,19,454,1,0,300,0.5,1700,0.5,2
17,0,706,0,0,300,0.5,1700,0.5,0
17,1,352,2,10,5,0,500,0.6,1000,0.2,1400,0.2,1
17,2,649,2,10,5,0,300,0.5,1700,0.5,2
17,3,706,0,0,300,0.5,1700,0.5,1
17,4,663,2,10,5,0,300,0.5,1700,0.5,0
17,5,680,1,0,300,0.5,1700,0.5,1
17,6,376,2,10,5,0,300,0.5,1700,0.5,1
17,7,426,2,10,5,0,300,0.5,1700,0.5,2
17,8,338,1,0,300,0.5,1700,0.5,1
17,9,141,2,10,5,0,300,0.5,1700,0.5,1
17,10,452,2,10,5,0,300,0.5,1700,0.5,1
17,11,843,0,0,500,0.6,1000,0.2,1400,0.2,0
17,12,76,2,10,5,0,500,0.6,1000,0.2,1400,0.2,2
17,13,259,2,10,5,0,500,0.6,1000,0.2,1400,0.2,0
17,14,238,1,0,500,0.6,1000,0.2,1400,0.2,0
17,15,139,1,0,500,0.6,1000,0.2,1400,0.2,2
17,16,501,0,0,300,0.5,1700,0.5,2
17,17,593,0,0,300,0.5,1700,0.5,2
17,18,767,2,10,5,0,300,0.5,1700,0.5,1
17,19,674,2,10,5,0,500,0.6,1000,0.2,1400,0.2,1
18,0,351,0,0,300,0.5,1700,0.5,2
18,1,709,2,10,5,0,300,0.5,1700,0.5,1
18,2,947,1,0,500,0.6,1000,0.2,1400,0.2,1
18,3,924,1,0,300,0.5,1700,0.5,2
18,4,453,2,10,5,0,300,0.5,1700,0.5,2
18,5,309,1,0,300,0.5,1700,0.5,0
18,6,826,0,0,300,0.5,1700,0.5,0
18,7,284,1,0,300,0.5,1700,0.5,1
18,8,241,2,10,5,0,500,0.6,1000,0.2,1400,0.2,1
18,9,64,0,0,500,0.6,1000,0.2,1400,0.2,0
18,10,347,0,0,300,0.5,1700,0.5,1
18,11,427,1,0,300,0.5,1700,0.5,2
18,12,33,1,0,500,0.6,1000,0.2,1400,0.2,0
18,13,237,2,10,5,0,500,0.6,1000,0.2,1400,0.2,0
18,14,378,1,0,500,0.6,1000,0.2,1400,0.2,0
18,15,389,2,10,5,0,500,0.6,1000,0.2,1400,0.2,1
18,16,669,1,0,500,0.6,1000,0.2,1400,0.2,2
18,17,64,2,10,5,0,300,0.5,1700,0.5,0
18,18,896,2,10,5,0,500,0.6,1000,0.2,1400,0.2,0
18,19,865,1,0,500,0.6,1000,0.2,1400,0.2,2
19,0,911,0,0,300,0.5,1700,0.5,0
19,1,303,0,0,500,0.6,1000,0.2,1400,0.2,1
19,2,793,0,0,300,0.5,1700,0.5,0
19,3,84,0,0,300,0.5,1700,0.5,1
19,4,747,1,0,500,0.6,1000,0.2,1400,0.2,0
19,5,614,0,0,300,0.5,1700,0.5,2
19,6,457,1,0,300,0.5,1700,0.5,0
19,7,582,0,0,500,0.6,1000,0.2,1400,0.2,1
19,8,391,2,10,5,0,500,0.6,1000,0.2,1400,0.2,2
19,9,459,2,10,5,0,300,0.5,1700,0.5,1
19,10,457,1,0,500,0.6,1000,0.2,1400,0.2,2
19,11,352,1,0,300,0.5,1700,0.5,1
19,12,110,0,0,300,0.5,1700,0.5,2
19,13,977,0,0,500,0.6,1000,0.2,1400,0.2,2
19,14,366,1,0,300,0.5,1700,0.5,0
19,15,826,2,10,5,0,300,0.5,1700,0.5,2
19,16,687,2,10,5,0,500,0.6,1000,0.2,1400,0.2,1
19,17,790,2,10,5,0,500,0.6,1000,0.2,1400,0.2,1
19,18,626,0,0,300,0.5,1700,0.5,1
19,19,952,1,0,300,0.5,1700,0.5,1
