0,0,960,0,0,500,0.6,1000,0.2,1400,0.2,1
0,1,904,1,0,500,0.6,1000,0.2,1400,0.2,1
0,2,795,2,10,5,0,300,0.5,1700,0.5,2
0,3,735,1,0,500,0.6,1000,0.2,1400,0.2,0
0,4,142,0,0,300,0.5,1700,0.5,2
0,5,531,1,0,500,0.6,1000,0.2,1400,0.2,1
0,6,960,2,10,5,0,300,0.5,1700,0.5,2
0,7,930,1,0,500,0.6,1000,0.2,1400,0.2,1
0,8,284,2,10,5,0,500,0.6,1000,0.2,1400,0.2,1
0,9,596,1,0,500,0.6,1000,0.2,1400,0.2,1
0,10,14,1,0,300,0.5,1700,0.5,0
0,11,841,2,10,5,0,500,0.6,1000,0.2,1400,0.2,0
0,12,468,1,0,500,0.6,1000,0.2,1400,0.2,0
0,13,207,1,0,500,0.6,1000,0.2,1400,0.2,0
0,14,914,2,10,5,0,500,0.6,1000,0.2,1400,0.2,0
0,15,807,1,0,300,0.5,1700,0.5,0
0,16,121,1,0,300,0.5,1700,0.5,1
0,17,685,0,0,300,0.5,1700,0.5,2
0,18,553,1,0,500,0.6,1000,0.2,1400,0.2,1
0,19,155,1,0,300,0.5,1700,0.5,0
1,0,634,2,10,5,0,500,0.6,1000,0.2,1400,0.2,2
1,1,273,2,10,5,0,300,0.5,1700,0.5,1
1,2,948,0,0,300,0.5,1700,0.5,0
1,3,612,2,10,5,0,500,0.6,1000,0.2,1400,0.2,1
1,4,418,1,0,300,0.5,1700,0.5,1
1,5,725,1,0,500,0.6,1000,0.2,1400,0.2,0
1,6,898,1,0,500,0.6,1000,0.2,1400,0.2,0
1,7,540,2,10,5,0,500,0.6,1000,0.2,1400,0.2,0
1,8,799,2,10,5,0,300,0.5,1700,0.5,1
1,9,622,2,10,5,0,500,0.6,1000,0.2,1400,0.2,2
1,10,195,1,0,300,0.5,1700,0.5,2
1,11,637,1,0,500,0.6,1000,0.2,1400,0.2,2
1,12,312,0,0,500,0.6,1000,0.2,1400,0.2,1
1,13,143,1,0,300,0.5,1700,0.5,0
1,14,718,2,10,5,0,500,0.6,1000,0.2,1400,0.2,1
1,15,120,0,0,300,0.5,1700,0.5,0
1,16,320,0,0,300,0.5,1700,0.5,1
1,17,106,1,0,500,0.6,1000,0.2,1400,0.2,0
1,18,547,1,0,500,0.6,1000,0.2,1400,0.2,1
1,19,53,0,0,300,0.5,1700,0.5,1
2,0,597,1,0,500,0.6,1000,0.2,1400,0.2,0
2,1,272,1,0,500,0.6,1000,0.2,1400,0.2,0
2,2,827,1,0,500,0.6,1000,0.2,1400,0.2,0
2,3,921,2,10,5,0,500,0.6,1000,0.2,1400,0.2,1
2,4,781,1,0,300,0.5,1700,0.5,2
2,5,365,1,0,300,0.5,1700,0.5,1
2,6,892,0,0,300,0.5,1700,0.5,1
2,7,158,1,0,300,0.5,1700,0.5,0
2,8,289,0,0,500,0.6,1000,0.2,1400,0.2,2
2,9,607,0,0,300,0.5,1700,0.5,0
2,10,603,2,10,5,0,300,0.5,1700,0.5,1
2,11,816,1,0,300,0.5,1700,0.5,1
2,12,500,2,10,5,0,300,0.5,1700,0.5,1
2,13,420,1,0,500,0.6,1000,0.2,1400,0.2,2
2,14,518,0,0,300,0.5,1700,0.5,2
2,15,255,1,0,300,0.5,1700,0.5,2
2,16,857,1,0,500,0.6,1000,0.2,1400,0.2,0
2,17,125,0,0,300,0.5,1700,0.5,0
2,18,79,0,0,300,0.5,1700,0.5,2
2,19,673,2,10,5,0,500,0.6,1000,0.2,1400,0.2,0
3,0,490,1,0,300,0.5,1700,0.5,1
3,1,764,2,10,5,0,500,0.6,1000,0.2,1400,0.2,2
3,2,346,2,10,5,0,500,0.6,1000,0.2,1400,0.2,0
3,3,13,2,10,5,0,500,0.6,1000,0.2,1400,0.2,2
3,4,117,2,10,5,0,500,0.6,1000,0.2,1400,0.2,2
3,5,566,0,0,300,0.5,1700,0.5,2
3,6,828,2,10,5,0,500,0.6,1000,0.2,1400,0.2,2
3,7,717,0,0,500,0.6,1000,0.2,1400,0.2,0
3,8,252,1,0,300,0.5,1700,0.5,2
3,9,20,2,10,5,0,300,0.5,1700,0.5,0
3,10,49,1,0,300,0.5,1700,0.5,1
3,11,853,2,10,5,0,300,0.5,1700,0.5,0
3,12,943,2,10,5,0,300,0.5,1700,0.5,1
3,13,818,1,0,300,0.5,1700,0.5,0
3,14,781,1,0,300,0.5,1700,0.5,1
3,15,419,1,0,500,0.6,1000,0.2,1400,0.2,2
3,16,782,1,0,300,0.5,1700,0.5,0
3,17,862,1,0,500,0.6,1000,0.2,1400,0.2,1
3,18,373,0,0,500,0.6,1000,0.2,1400,0.2,2
3,19,361,1,0,500,0.6,1000,0.2,1400,0.2,0
4,0,490,1,0,500,0.6,1000,0.2,1400,0.2,2
4,1,666,1,0,300,0.5,1700,0.5,1
4,2,809,0,0,300,0.5,1700,0.5,2
4,3,133,2,10,5,0,500,0.6,1000,0.2,1400,0.2,2
4,4,493,0,0,500,0.6,1000,0.2,1400,0.2,1
4,5,572,0,0,300,0.5,1700,0.5,1
4,6,321,2,10,5,0,500,0.6,1000,0.2,1400,0.2,2
4,7,31,0,0,500,0.6,1000,0.2,1400,0.2,0
4,8,597,1,0,500,0.6,1000,0.2,1400,0.2,0
4,9,994,1,0,300,0.5,1700,0.5,1
4,10,609,2,10,5,0,300,0.5,1700,0.5,1
4,11,685,1,0,500,0.6,1000,0.2,1400,0.2,1
4,12,882,1,0,500,0.6,1000,0.2,1400,0.2,1
4,13,321,2,10,5,0,300,0.5,1700,0.5,2
4,14,254,2,10,5,0,500,0.6,1000,0.2,1400,0.2,2
4,15,472,2,10,5,0,500,0.6,1000,0.2,1400,0.2,2
4,16,191,2,10,5,0,500,0.6,1000,0.2,1400,0.2,1
4,17,396,0,0,300,0.5,1700,0.5,2
4,18,50,0,0,300,0.5,1700,0.5,1
4,19,933,1,0,500,0.6,1000,0.2,1400,0.2,2
5,0,690,0,0,300,0.5,1700,0.5,2
5,1,491,0,0,500,0.6,1000,0.2,1400,0.2,0
5,2,744,0,0,300,0.5,1700,0.5,0
5,3,687,0,0,500,0.6,1000,0.2,1400,0.2,1
5,4,243,2,10,5,0,300,0.5,1700,0.5,1
5,5,611,1,0,500,0.6,1000,0.2,1400,0.2,0
5,6,776,2,10,5,0,300,0.5,1700,0.5,2
5,7,889,0,0,300,0.5,1700,0.5,2
5,8,427,0,0,500,0.6,1000,0.2,1400,0.2,2
5,9,877,1,0,500,0.6,1000,0.2,1400,0.2,2
5,10,862,1,0,300,0.5,1700,0.5,1
5,11,64,2,10,5,0,300,0.5,1700,0.5,0
5,12,686,1,0,500,0.6,1000,0.2,1400,0.2,0
5,13,464,2,10,5,0,300,0.5,1700,0.5,2
5,14,913,2,10,5,0,300,0.5,1700,0.5,1
5,15,267,1,0,500,0.6,1000,0.2,1400,0.2,0
5,16,996,2,10,5,0,300,0.5,1700,0.5,1
5,17,65,1,0,300,0.5,1700,0.5,2
5,18,613,0,0,300,0.5,1700,0.5,1
5,19,916,2,10,5,0,500,0.6,1000,0.2,1400,0.2,1
6,0,979,1,0,300,0.5,1700,0.5,2
6,1,485,1,0,500,0.6,1000,0.2,1400,0.2,1
6,2,678,0,0,500,0.6,1000,0.2,1400,0.2,0
6,3,89,2,10,5,0,500,0.6,1000,0.2,1400,0.2,0
6,4,888,0,0,500,0.6,1000,0.2,1400,0.2,2
6,5,63,0,0,500,0.6,1000,0.2,1400,0.2,2
6,6,481,2,10,5,0,500,0.6,1000,0.2,1400,0.2,0
6,7,836,1,0,300,0.5,1700,0.5,1
6,8,821,2,10,5,0,500,0.6,1000,0.2,1400,0.2,0
6,9,737,2,10,5,0,500,0.6,1000,0.2,1400,0.2,0
6,10,98,2,10,5,0,300,0.5,1700,0.5,2
6,11,563,0,0,500,0.6,1000,0.2,1400,0.2,1
6,12,576,2,10,5,0,500,0.6,1000,0.2,1400,0.2,2
6,13,781,1,0,500,0.6,1000,0.2,1400,0.2,1
6,14,239,0,0,300,0.5,1700,0.5,1
6,15,353,1,0,300,0.5,1700,0.5,1
6,16,122,2,10,5,0,500,0.6,1000,0.2,1400,0.2,0
6,17,859,1,0,500,0.6,1000,0.2,1400,0.2,2
6,18,538,0,0,500,0.6,1000,0.2,1400,0.2,1
6,19,606,1,0,500,0.6,1000,0.2,1400,0.2,1
7,0,833,0,0,500,0.6,1000,0.2,1400,0.2,2
7,1,452,2,10,5,0,300,0.5,1700,0.5,2
7,2,328,0,0,500,0.6,1000,0.2,1400,0.2,2
7,3,856,2,10,5,0,500,0.6,1000,0.2,1400,0.2,1
7,4,149,1,0,300,0.5,1700,0.5,2
7,5,425,1,0,300,0.5,1700,0.5,2
7,6,759,0,0,300,0.5,1700,0.5,1
7,7,649,1,0,300,0.5,1700,0.5,0
7,8,656,1,0,500,0.6,1000,0.2,1400,0.2,0
7,9,316,0,0,300,0.5,1700,0.5,1
7,10,539,2,10,5,0,300,0.5,1700,0.5,2
7,11,392,1,0,500,0.6,1000,0.2,1400,0.2,0
7,12,613,1,0,500,0.6,1000,0.2,1400,0.2,0
7,13,241,2,10,5,0,500,0.6,1000,0.2,1400,0.2,0
7,14,452,1,0,300,0.5,1700,0.5,0
7,15,414,2,10,5,0,300,0.5,1700,0.5,0
7,16,278,0,0,500,0.6,1000,0.2,1400,0.2,0
7,17,310,1,0,300,0.5,1700,0.5,2
7,18,966,2,10,5,0,500,0.6,1000,0.2,1400,0.2,2
7,19,953,0,0,300,0.5,1700,0.5,1
8,0,456,1,0,500,0.6,1000,0.2,1400,0.2,1
8,1,12,0,0,500,0.6,1000,0.2,1400,0.2,1
8,2,630,1,0,500,0.6,1000,0.2,1400,0.2,2
8,3,948,0,0,300,0.5,1700,0.5,2
8,4,661,2,10,5,0,500,0.6,1000,0.2,1400,0.2,0
8,5,967,0,0,500,0.6,1000,0.2,1400,0.2,0
8,6,152,2,10,5,0,500,0.6,1000,0.2,1400,0.2,1
8,7,105,1,0,300,0.5,1700,0.5,2
8,8,952,1,0,500,0.6,1000,0.2,1400,0.2,1
8,9,613,2,10,5,0,500,0.6,1000,0.2,1400,0.2,1
8,10,381,0,0,300,0.5,1700,0.5,2
8,11,878,0,0,300,0.5,1700,0.5,2
8,12,765,0,0,300,0.5,1700,0.5,0
8,13,686,0,0,300,0.5,1700,0.5,1
8,14,242,0,0,300,0.5,1700,0.5,0
8,15,986,1,0,500,0.6,1000,0.2,1400,0.2,0
8,16,868,2,10,5,0,300,0.5,1700,0.5,1
8,17,320,0,0,500,0.6,1000,0.2,1400,0.2,1
8,18,392,0,0,500,0.6,1000,0.2,1400,0.2,1
8,19,930,2,10,5,0,500,0.6,1000,0.2,1400,0.2,2
9,0,218,0,0,500,0.6,1000,0.2,1400,0.2,2
9,1,361,2,10,5,0,300,0.5,1700,0.5,2
9,2,410,1,0,300,0.5,1700,0.5,2
9,3,873,1,0,500,0.6,1000,0.2,1400,0.2,2
9,4,134,2,10,5,0,500,0.6,1000,0.2,1400,0.2,0
9,5,529,1,0,300,0.5,1700,0.5,2
9,6,498,2,10,5,0,300,0.5,1700,0.5,0
9,7,470,0,0,300,0.5,1700,0.5,0
9,8,137,2,10,5,0,300,0.5,1700,0.5,1
9,9,903,0,0,500,0.6,1000,0.2,1400,0.2,0
9,10,757,0,0,300,0.5,1700,0.5,2
9,11,961,2,10,5,0,300,0.5,1700,0.5,1
9,12,641,0,0,300,0.5,1700,0.5,0
9,13,288,1,0,500,0.6,1000,0.2,1400,0.2,1
9,14,345,1,0,300,0.5,1700,0.5,0
9,15,205,1,0,300,0.5,1700,0.5,0
9,16,603,0,0,500,0.6,1000,0.2,1400,0.2,1
9,17,597,1,0,500,0.6,1000,0.2,1400,0.2,1
9,18,898,2,10,5,0,500,0.6,1000,0.2,1400,0.2,0
9,19,921,1,0,500,0.6,1000,0.2,1400,0.2,0
10,0,552,2,10,5,0,300,0.5,1700,0.5,0
10,1,962,0,0,300,0.5,1700,0.5,1
10,2,685,0,0,500,0.6,1000,0.2,1400,0.2,1
10,3,508,2,10,5,0,500,0.6,1000,0.2,1400,0.2,2
10,4,531,0,0,300,0.5,1700,0.5,2
10,5,105,0,0,500,0.6,1000,0.2,1400,0.2,0
10,6,143,2,10,5,0,500,0.6,1000,0.2,1400,0.2,2
10,7,306,0,0,500,0.6,1000,0.2,1400,0.2,0
10,8,381,2,10,5,0,500,0.6,1000,0.2,1400,0.2,2
10,9,793,1,0,500,0.6,1000,0.2,1400,0.2,2
10,10,580,2,10,5,0,300,0.5,1700,0.5,0
10,11,774,0,0,300,0.5,1700,0.5,1
10,12,846,2,10,5,0,500,0.6,1000,0.2,1400,0.2,0
10,13,913,0,0,500,0.6,1000,0.2,1400,0.2,2
10,14,340,1,0,300,0.5,1700,0.5,1
10,15,336,1,0,300,0.5,1700,0.5,1
10,16,722,0,0,500,0.6,1000,0.2,1400,0.2,0
10,17,698,2,10,5,0,300,0.5,1700,0.5,0
10,18,751,1,0,500,0.6,1000,0.2,1400,0.2,0
10,19,976,0,0,300,0.5,1700,0.5,2
11,0,602,0,0,300,0.5,1700,0.5,1
11,1,270,1,0,500,0.6,1000,0.2,1400,0.2,0
11,2,185,0,0,300,0.5,1700,0.5,1
11,3,652,0,0,500,0.6,1000,0.2,1400,0.2,1
11,4,998,2,10,5,0,500,0.6,1000,0.2,1400,0.2,1
11,5,410,1,0,300,0.5,1700,0.5,0
11,6,111,2,10,5,0,300,0.5,1700,0.5,1
11,7,91,2,10,5,0,300,0.5,1700,0.5,1
11,8,783,0,0,500,0.6,1000,0.2,1400,0.2,1
11,9,761,0,0,300,0.5,1700,0.5,0
11,10,818,0,0,500,0.6,1000,0.2,1400,0.2,0
11,11,517,2,10,5,0,500,0.6,1000,0.2,1400,0.2,0
11,12,54,0,0,500,0.6,1000,0.2,1400,0.2,1
11,13,426,1,0,300,0.5,1700,0.5,0
11,14,19,1,0,500,0.6,1000,0.2,1400,0.2,1
11,15,585,0,0,500,0.6,1000,0.2,1400,0.2,0
11,16,365,1,0,300,0.5,1700,0.5,1
11,17,967,1,0,300,0.5,1700,0.5,1
11,18,288,1,0,300,0.5,1700,0.5,1
11,19,301,1,0,300,0.5,1700,0.5,1
12,0,413,2,10,5,0,500,0.6,1000,0.2,1400,0.2,1
12,1,71,0,0,500,0.6,1000,0.2,1400,0.2,2
12,2,412,0,0,300,0.5,1700,0.5,0
12,3,467,2,10,5,0,300,0.5,1700,0.5,2
12,4,403,0,0,500,0.6,1000,0.2,1400,0.2,1
12,5,580,1,0,300,0.5,1700,0.5,0
12,6,302,0,0,500,0.6,1000,0.2,1400,0.2,0
12,7,531,0,0,300,0.5,1700,0.5,0
12,8,779,1,0,300,0.5,1700,0.5,2
12,9,182,2,10,5,0,500,0.6,1000,0.2,1400,0.2,1
12,10,883,1,0,500,0.6,1000,0.2,1400,0.2,0
12,11,879,1,0,300,0.5,1700,0.5,2
12,12,202,1,0,500,0.6,1000,0.2,1400,0.2,2
12,13,585,0,0,300,0.5,1700,0.5,1
12,14,468,2,10,5,0,300,0.5,1700,0.5,1
12,15,57,1,0,300,0.5,1700,0.5,2
12,16,94,0,0,500,0.6,1000,0.2,1400,0.2,0
12,17,24,0,0,300,0.5,1700,0.5,2
12,18,27,2,10,5,0,300,0.5,1700,0.5,2
12,19,956,2,10,5,0,300,0.5,1700,0.5,1
13,0,69,0,0,300,0.5,1700,0.5,1
13,1,487,0,0,300,0.5,1700,0.5,1
13,2,944,1,0,500,0.6,1000,0.2,1400,0.2,0
13,3,848,1,0,300,0.5,1700,0.5,2
13,4,144,1,0,500,0.6,1000,0.2,1400,0.2,2
13,5,565,1,0,500,0.6,1000,0.2,1400,0.2,2
13,6,748,0,0,500,0.6,1000,0.2,1400,0.2,2
13,7,334,2,10,5,0,500,0.6,1000,0.2,1400,0.2,0
13,8,407,1,0,300,0.5,1700,0.5,1
13,9,956,2,10,5,0,500,0.6,1000,0.2,1400,0.2,2
13,10,922,0,0,500,0.6,1000,0.2,1400,0.2,0
13,11,299,1,0,500,0.6,1000,0.2,1400,0.2,2
13,12,717,1,0,500,0.6,1000,0.2,1400,0.2,2
13,13,705,1,0,300,0.5,1700,0.5,1
13,14,23,2,10,5,0,500,0.6,1000,0.2,1400,0.2,2
13,15,203,1,0,300,0.5,1700,0.5,1
13,16,830,1,0,500,0.6,1000,0.2,1400,0.2,1
13,17,19,1,0,300,0.5,1700,0.5,1
13,18,725,0,0,500,0.6,1000,0.2,1400,0.2,1
13,19,731,0,0,500,0.6,1000,0.2,1400,0.2,2
14,0,11,0,0,300,0.5,1700,0.5,0
14,1,547,0,0,500,0.6,1000,0.2,1400,0.2,0
14,2,11,2,10,5,0,300,0.5,1700,0.5,2
14,3,458,1,0,300,0.5,1700,0.5,0
14,4,127,0,0,300,0.5,1700,0.5,0
14,5,488,0,0,300,0.5,1700,0.5,1
14,6,524,0,0,300,0.5,1700,0.5,1
14,7,428,0,0,300,0.5,1700,0.5,0
14,8,690,2,10,5,0,300,0.5,1700,0.5,1
14,9,323,0,0,300,0.5,1700,0.5,1
14,10,746,1,0,300,0.5,1700,0.5,1
14,11,19,0,0,500,0.6,1000,0.2,1400,0.2,2
14,12,23,0,0,300,0.5,1700,0.5,1
14,13,937,2,10,5,0,300,0.5,1700,0.5,1
14,14,288,1,0,500,0.6,1000,0.2,1400,0.2,2
14,15,927,1,0,300,0.5,1700,0.5,2
14,16,358,1,0,300,0.5,1700,0.5,0
14,17,275,0,0,500,0.6,1000,0.2,1400,0.2,2
14,18,330,0,0,300,0.5,1700,0.5,1
14,19,211,2,10,5,0,500,0.6,1000,0.2,1400,0.2,1
15,0,590,1,0,300,0.5,1700,0.5,1
15,1,498,1,0,300,0.5,1700,0.5,1
15,2,911,1,0,300,0.5,1700,0.5,0
15,3,889,0,0,300,0.5,1700,0.5,2
15,4,90,1,0,300,0.5,1700,0.5,1
15,5,364,2,10,5,0,300,0.5,1700,0.5,0
15,6,972,1,0,500,0.6,1000,0.2,1400,0.2,2
15,7,346,0,0,300,0.5,1700,0.5,1
15,8,451,1,0,300,0.5,1700,0.5,2
15,9,521,2,10,5,0,300,0.5,1700,0.5,1
15,10,901,1,0,300,0.5,1700,0.5,0
15,11,399,0,0,300,0.5,1700,0.5,2
15,12,633,1,0,300,0.5,1700,0.5,0
15,13,854,1,0,300,0.5,1700,0.5,1
15,14,969,0,0,500,0.6,1000,0.2,1400,0.2,2
15,15,664,1,0,500,0.6,1000,0.2,1400,0.2,1
15,16,655,2,10,5,0,300,0.5,1700,0.5,1
15,17,637,0,0,300,0.5,1700,0.5,1
15,18,224,1,0,500,0.6,1000,0.2,1400,0.2,2
15,19,390,2,10,5,0,500,0.6,1000,0.2,1400,0.2,2
16,0,199,1,0,300,0.5,1700,0.5,1
16,1,564,1,0,300,0.5,1700,0.5,2
16,2,988,1,0,500,0.6,1000,0.2,1400,0.2,1
16,3,331,1,0,300,0.5,1700,0.5,0
16,4,264,2,10,5,0,300,0.5,1700,0.5,0
16,5,954,0,0,500,0.6,1000,0.2,1400,0.2,2
16,6,437,1,0,500,0.6,1000,0.2,1400,0.2,0
16,7,647,0,0,500,0.6,1000,0.2,1400,0.2,0
16,8,898,2,10,5,0,500,0.6,1000,0.2,1400,0.2,0
16,9,175,1,0,300,0.5,1700,0.5,2
16,10,904,1,0,500,0.6,1000,0.2,1400,0.2,1
16,11,779,0,0,300,0.5,1700,0.5,0
16,12,108,2,10,5,0,500,0.6,1000,0.2,1400,0.2,1
16,13,247,1,0,300,0.5,1700,0.5,2
16,14,402,2,10,5,0,300,0.5,1700,0.5,0
16,15,479,1,0,500,0.6,1000,0.2,1400,0.2,1
16,16,697,0,0,300,0.5,1700,0.5,1
16,17,492,0,0,500,0.6,1000,0.2,1400,0.2,0
16,18,966,0,0,500,0.6,1000,0.2,1400,0.2,0
16,19,329,0,0,300,0.5,1700,0.5,0
17,0,720,2,10,5,0,500,0.6,1000,0.2,1400,0.2,0
17,1,427,0,0,300,0.5,1700,0.5,2
17,2,618,1,0,300,0.5,1700,0.5,2
17,3,50,0,0,300,0.5,1700,0.5,2
17,4,249,1,0,300,0.5,1700,0.5,2
17,5,183,0,0,500,0.6,1000,0.2,1400,0.2,1
17,6,434,1,0,300,0.5,1700,0.5,1
17,7,233,0,0,300,0.5,1700,0.5,2
17,8,484,1,0,300,0.5,1700,0.5,0
17,9,794,0,0,500,0.6,1000,0.2,1400,0.2,2
17,10,547,0,0,300,0.5,1700,0.5,1
17,11,442,1,0,500,0.6,1000,0.2,1400,0.2,1
17,12,431,1,0,500,0.6,1000,0.2,1400,0.2,0
17,13,818,0,0,500,0.6,1000,0.2,1400,0.2,2
17,14,747,2,10,5,0,500,0.6,1000,0.2,1400,0.2,2
17,15,348,2,10,5,0,300,0.5,1700,0.5,1
17,16,885,2,10,5,0,300,0.5,1700,0.5,2
17,17,402,0,0,500,0.6,1000,0.2,1400,0.2,0
17,18,388,0,0,500,0.6,1000,0.2,1400,0.2,2
17,19,947,1,0,500,0.6,1000,0.2,1400,0.2,2
18,0,228,2,10,5,0,500,0.6,1000,0.2,1400,0.2,0
18,1,973,1,0,300,0.5,1700,0.5,2
18,2,761,1,0,300,0.5,1700,0.5,0
18,3,787,1,0,500,0.6,1000,0.2,1400,0.2,0
18,4,733,1,0,300,0.5,1700,0.5,1
18,5,824,1,0,500,0.6,1000,0.2,1400,0.2,1
18,6,668,1,0,300,0.5,1700,0.5,0
18,7,643,2,10,5,0,500,0.6,1000,0.2,1400,0.2,0
18,8,203,0,0,300,0.5,1700,0.5,0
18,9,744,2,10,5,0,500,0.6,1000,0.2,1400,0.2,1
18,10,892,2,10,5,0,500,0.6,1000,0.2,1400,0.2,0
18,11,136,1,0,300,0.5,1700,0.5,1
18,12,44,1,0,300,0.5,1700,0.5,2
18,13,119,1,0,300,0.5,1700,0.5,1
18,14,62,0,0,500,0.6,1000,0.2,1400,0.2,1
18,15,494,2,10,5,0,500,0.6,1000,0.2,1400,0.2,2
18,16,632,0,0,300,0.5,1700,0.5,2
18,17,917,1,0,300,0.5,1700,0.5,0
18,18,787,0,0,300,0.5,1700,0.5,1
18,19,450,1,0,500,0.6,1000,0.2,1400,0.2,0
19,0,350,0,0,300,0.5,1700,0.5,0
19,1,190,0,0,500,0.6,1000,0.2,1400,0.2,2
19,2,363,1,0,300,0.5,1700,0.5,1
19,3,624,1,0,300,0.5,1700,0.5,2
19,4,539,0,0,300,0.5,1700,0.5,1
19,5,226,0,0,500,0.6,1000,0.2,1400,0.2,0
19,6,538,0,0,300,0.5,1700,0.5,0
19,7,851,2,10,5,0,500,0.6,1000,0.2,1400,0.2,2
19,8,709,0,0,300,0.5,1700,0.5,2
19,9,101,0,0,300,0.5,1700,0.5,1
19,10,941,1,0,500,0.6,1000,0.2,1400,0.2,2
19,11,551,0,0,500,0.6,1000,0.2,1400,0.2,2
19,12,117,1,0,500,0.6,1000,0.2,1400,0.2,1
19,13,29,1,0,500,0.6,1000,0.2,1400,0.2,2
19,14,168,0,0,500,0.6,1000,0.2,1400,0.2,1
19,15,193,2,10,5,0,300,0.5,1700,0.5,0
19,16,338,1,0,300,0.5,1700,0.5,1
19,17,124,0,0,500,0.6,1000,0.2,1400,0.2,2
19,18,929,0,0,500,0.6,1000,0.2,1400,0.2,1
19,19,707,1,0,300,0.5,1700,0.5,1
