0,0,443,0,0,500,0.6,1000,0.2,1400,0.2,2
0,1,904,1,0,500,0.6,1000,0.2,1400,0.2,2
0,2,418,2,10,5,0,500,0.6,1000,0.2,1400,0.2,0
0,3,118,0,0,500,0.6,1000,0.2,1400,0.2,1
0,4,985,0,0,300,0.5,1700,0.5,2
0,5,698,1,0,300,0.5,1700,0.5,2
0,6,586,1,0,300,0.5,1700,0.5,0
0,7,110,2,10,5,0,300,0.5,1700,0.5,0
0,8,138,0,0,500,0.6,1000,0.2,1400,0.2,1
0,9,320,1,0,500,0.6,1000,0.2,1400,0.2,0
0,10,42,1,0,300,0.5,1700,0.5,2
0,11,892,2,10,5,0,500,0.6,1000,0.2,1400,0.2,1
0,12,110,2,10,5,0,300,0.5,1700,0.5,2
0,13,503,1,0,300,0.5,1700,0.5,1
0,14,960,0,0,500,0.6,1000,0.2,1400,0.2,2
0,15,339,2,10,5,0,500,0.6,1000,0.2,1400,0.2,1
0,16,81,0,0,300,0.5,1700,0.5,1
0,17,23,0,0,500,0.6,1000,0.2,1400,0.2,1
0,18,441,2,10,5,0,500,0.6,1000,0.2,1400,0.2,0
0,19,937,2,10,5,0,300,0.5,1700,0.5,0
1,0,513,2,10,5,0,500,0.6,1000,0.2,1400,0.2,0
1,1,425,2,10,5,0,300,0.5,1700,0.5,2
1,2,421,0,0,300,0.5,1700,0.5,0
1,3,934,1,0,300,0.5,1700,0.5,2
1,4,307,2,10,5,0,300,0.5,1700,0.5,1
1,5,87,1,0,500,0.6,1000,0.2,1400,0.2,0
1,6,555,2,10,5,0,300,0.5,1700,0.5,1
1,7,678,0,0,300,0.5,1700,0.5,2
1,8,689,1,0,300,0.5,1700,0.5,0
1,9,583,0,0,300,0.5,1700,0.5,0
1,10,255,1,0,300,0.5,1700,0.5,2
1,11,215,0,0,500,0.6,1000,0.2,1400,0.2,1
1,12,640,1,0,300,0.5,1700,0.5,2
1,13,129,0,0,500,0.6,1000,0.2,1400,0.2,1
1,14,48,0,0,500,0.6,1000,0.2,1400,0.2,1
1,15,235,0,0,300,0.5,1700,0.5,2
1,16,715,2,10,5,0,300,0.5,1700,0.5,1
1,17,278,2,10,5,0,500,0.6,1000,0.2,1400,0.2,1
1,18,669,2,10,5,0,500,0.6,1000,0.2,1400,0.2,0
1,19,674,1,0,300,0.5,1700,0.5,2
2,0,612,2,10,5,0,300,0.5,1700,0.5,1
2,1,858,0,0,500,0.6,1000,0.2,1400,0.2,1
2,2,19,0,0,300,0.5,1700,0.5,2
2,3,136,0,0,300,0.5,1700,0.5,1
2,4,890,0,0,300,0.5,1700,0.5,1
2,5,461,2,10,5,0,300,0.5,1700,0.5,2
2,6,275,1,0,300,0.5,1700,0.5,0
2,7,616,2,10,5,0,500,0.6,1000,0.2,1400,0.2,1
2,8,158,1,0,300,0.5,1700,0.5,1
2,9,361,0,0,500,0.6,1000,0.2,1400,0.2,0
2,10,784,0,0,300,0.5,1700,0.5,0
2,11,156,1,0,500,0.6,1000,0.2,1400,0.2,1
2,12,35,0,0,300,0.5,1700,0.5,2
2,13,320,2,10,5,0,300,0.5,1700,0.5,0
2,14,662,2,10,5,0,300,0.5,1700,0.5,1
2,15,442,0,0,500,0.6,1000,0.2,1400,0.2,1
2,16,961,2,10,5,0,500,0.6,1000,0.2,1400,0.2,0
2,17,374,2,10,5,0,300,0.5,1700,0.5,0
2,18,403,2,10,5,0,300,0.5,1700,0.5,1
2,19,551,2,10,5,0,500,0.6,1000,0.2,1400,0.2,1
3,0,253,1,0,300,0.5,1700,0.5,1
3,1,225,0,0,500,0.6,1000,0.2,1400,0.2,0
3,2,304,2,10,5,0,300,0.5,1700,0.5,1
3,3,188,0,0,500,0.6,1000,0.2,1400,0.2,1
3,4,767,0,0,300,0.5,1700,0.5,2
3,5,69,2,10,5,0,300,0.5,1700,0.5,0
3,6,903,2,10,5,0,500,0.6,1000,0.2,1400,0.2,0
3,7,346,2,10,5,0,500,0.6,1000,0.2,1400,0.2,2
3,8,83,2,10,5,0,500,0.6,1000,0.2,1400,0.2,0
3,9,40,2,10,5,0,500,0.6,1000,0.2,1400,0.2,2
3,10,821,0,0,300,0.5,1700,0.5,2
3,11,197,0,0,500,0.6,1000,0.2,1400,0.2,1
3,12,144,0,0,300,0.5,1700,0.5,2
3,13,850,0,0,300,0.5,1700,0.5,1
3,14,652,2,10,5,0,500,0.6,1000,0.2,1400,0.2,2
3,15,572,0,0,300,0.5,1700,0.5,2
3,16,419,0,0,300,0.5,1700,0.5,0
3,17,683,2,10,5,0,300,0.5,1700,0.5,1
3,18,220,2,10,5,0,300,0.5,1700,0.5,0
3,19,748,1,0,500,0.6,1000,0.2,1400,0.2,0
4,0,641,1,0,300,0.5,1700,0.5,1
4,1,207,1,0,300,0.5,1700,0.5,0
4,2,313,1,0,500,0.6,1000,0.2,1400,0.2,1
4,3,142,0,0,500,0.6,1000,0.2,1400,0.2,1
4,4,469,2,10,5,0,500,0.6,1000,0.2,1400,0.2,1
4,5,626,1,0,300,0.5,1700,0.5,1
4,6,535,2,10,5,0,300,0.5,1700,0.5,1
4,7,539,0,0,300,0.5,1700,0.5,0
4,8,923,0,0,500,0.6,1000,0.2,1400,0.2,2
4,9,656,2,10,5,0,300,0.5,1700,0.5,0
4,10,246,1,0,300,0.5,1700,0.5,1
4,11,864,2,10,5,0,300,0.5,1700,0.5,2
4,12,263,0,0,300,0.5,1700,0.5,2
4,13,540,2,10,5,0,500,0.6,1000,0.2,1400,0.2,1
4,14,303,1,0,300,0.5,1700,0.5,1
4,15,676,1,0,300,0.5,1700,0.5,1
4,16,623,2,10,5,0,300,0.5,1700,0.5,2
4,17,444,0,0,300,0.5,1700,0.5,0
4,18,868,0,0,500,0.6,1000,0.2,1400,0.2,0
4,19,554,1,0,300,0.5,1700,0.5,2
5,0,949,0,0,500,0.6,1000,0.2,1400,0.2,1
5,1,19,2,10,5,0,300,0.5,1700,0.5,1
5,2,296,1,0,300,0.5,1700,0.5,0
5,3,125,2,10,5,0,500,0.6,1000,0.2,1400,0.2,0
5,4,805,1,0,500,0.6,1000,0.2,1400,0.2,2
5,5,866,2,10,5,0,500,0.6,1000,0.2,1400,0.2,1
5,6,295,0,0,500,0.6,1000,0.2,1400,0.2,0
5,7,508,0,0,500,0.6,1000,0.2,1400,0.2,2
5,8,704,1,0,500,0.6,1000,0.2,1400,0.2,0
5,9,616,1,0,500,0.6,1000,0.2,1400,0.2,2
5,10,33,0,0,300,0.5,1700,0.5,0
5,11,280,2,10,5,0,300,0.5,1700,0.5,1
5,12,260,1,0,300,0.5,1700,0.5,1
5,13,920,2,10,5,0,300,0.5,1700,0.5,1
5,14,927,1,0,500,0.6,1000,0.2,1400,0.2,0
5,15,471,0,0,500,0.6,1000,0.2,1400,0.2,0
5,16,607,0,0,500,0.6,1000,0.2,1400,0.2,2
5,17,121,0,0,300,0.5,1700,0.5,1
5,18,94,1,0,500,0.6,1000,0.2,1400,0.2,2
5,19,259,1,0,500,0.6,1000,0.2,1400,0.2,0
6,0,809,2,10,5,0,500,0.6,1000,0.2,1400,0.2,0
6,1,699,0,0,300,0.5,1700,0.5,2
6,2,500,1,0,500,0.6,1000,0.2,1400,0.2,1
6,3,403,1,0,500,0.6,1000,0.2,1400,0.2,0
6,4,779,0,0,300,0.5,1700,0.5,2
6,5,626,0,0,300,0.5,1700,0.5,0
6,6,146,0,0,500,0.6,1000,0.2,1400,0.2,2
6,7,803,2,10,5,0,300,0.5,1700,0.5,0
6,8,531,1,0,300,0.5,1700,0.5,0
6,9,478,1,0,300,0.5,1700,0.5,0
6,10,359,0,0,500,0.6,1000,0.2,1400,0.2,1
6,11,746,0,0,500,0.6,1000,0.2,1400,0.2,1
6,12,476,0,0,500,0.6,1000,0.2,1400,0.2,2
6,13,807,1,0,300,0.5,1700,0.5,1
6,14,326,1,0,500,0.6,1000,0.2,1400,0.2,0
6,15,821,0,0,500,0.6,1000,0.2,1400,0.2,1
6,16,679,1,0,300,0.5,1700,0.5,2
6,17,949,0,0,300,0.5,1700,0.5,2
6,18,122,0,0,500,0.6,1000,0.2,1400,0.2,1
6,19,345,0,0,300,0.5,1700,0.5,0
7,0,611,2,10,5,0,500,0.6,1000,0.2,1400,0.2,2
7,1,804,2,10,5,0,500,0.6,1000,0.2,1400,0.2,2
7,2,640,1,0,500,0.6,1000,0.2,1400,0.2,1
7,3,806,2,10,5,0,500,0.6,1000,0.2,1400,0.2,2
7,4,702,2,10,5,0,300,0.5,1700,0.5,2
7,5,126,0,0,300,0.5,1700,0.5,0
7,6,609,1,0,500,0.6,1000,0.2,1400,0.2,0
7,7,198,2,10,5,0,500,0.6,1000,0.2,1400,0.2,2
7,8,871,1,0,300,0.5,1700,0.5,1
7,9,292,2,10,5,0,300,0.5,1700,0.5,1
7,10,655,2,10,5,0,500,0.6,1000,0.2,1400,0.2,1
7,11,682,0,0,500,0.6,1000,0.2,1400,0.2,0
7,12,324,1,0,500,0.6,1000,0.2,1400,0.2,1
7,13,396,1,0,500,0.6,1000,0.2,1400,0.2,2
7,14,224,2,10,5,0,500,0.6,1000,0.2,1400,0.2,0
7,15,90,1,0,300,0.5,1700,0.5,0
7,16,829,2,10,5,0,500,0.6,1000,0.2,1400,0.2,0
7,17,461,2,10,5,0,500,0.6,1000,0.2,1400,0.2,1
7,18,788,1,0,500,0.6,1000,0.2,1400,0.2,1
7,19,300,1,0,500,0.6,1000,0.2,1400,0.2,2
8,0,611,0,0,500,0.6,1000,0.2,1400,0.2,0
8,1,665,2,10,5,0,500,0.6,1000,0.2,1400,0.2,1
8,2,589,1,0,500,0.6,1000,0.2,1400,0.2,0
8,3,786,0,0,500,0.6,1000,0.2,1400,0.2,2
8,4,942,0,0,300,0.5,1700,0.5,0
8,5,468,1,0,500,0.6,1000,0.2,1400,0.2,2
8,6,886,1,0,300,0.5,1700,0.5,2
8,7,429,1,0,500,0.6,1000,0.2,1400,0.2,0
8,8,262,1,0,300,0.5,1700,0.5,0
8,9,154,0,0,500,0.6,1000,0.2,1400,0.2,1
8,10,582,0,0,500,0.6,1000,0.2,1400,0.2,2
8,11,786,1,0,300,0.5,1700,0.5,1
8,12,864,0,0,500,0.6,1000,0.2,1400,0.2,2
8,13,714,1,0,300,0.5,1700,0.5,2
8,14,233,0,0,500,0.6,1000,0.2,1400,0.2,1
8,15,383,0,0,300,0.5,1700,0.5,0
8,16,997,0,0,300,0.5,1700,0.5,0
8,17,945,0,0,300,0.5,1700,0.5,2
8,18,440,1,0,500,0.6,1000,0.2,1400,0.2,0
8,19,566,2,10,5,0,500,0.6,1000,0.2,1400,0.2,0
9,0,603,2,10,5,0,300,0.5,1700,0.5,1
9,1,186,2,10,5,0,300,0.5,1700,0.5,1
9,2,386,2,10,5,0,500,0.6,1000,0.2,1400,0.2,1
9,3,111,1,0,300,0.5,1700,0.5,1
9,4,852,1,0,500,0.6,1000,0.2,1400,0.2,0
9,5,651,0,0,500,0.6,1000,0.2,1400,0.2,1
9,6,416,2,10,5,0,300,0.5,1700,0.5,1
9,7,980,2,10,5,0,300,0.5,1700,0.5,0
9,8,529,2,10,5,0,300,0.5,1700,0.5,1
9,9,381,2,10,5,0,300,0.5,1700,0.5,0
9,10,308,2,10,5,0,500,0.6,1000,0.2,1400,0.2,0
9,11,594,1,0,500,0.6,1000,0.2,1400,0.2,2
9,12,727,0,0,500,0.6,1000,0.2,1400,0.2,0
9,13,464,1,0,500,0.6,1000,0.2,1400,0.2,1
9,14,108,1,0,300,0.5,1700,0.5,2
9,15,307,1,0,300,0.5,1700,0.5,1
9,16,328,2,10,5,0,300,0.5,1700,0.5,1
9,17,691,0,0,300,0.5,1700,0.5,0
9,18,215,0,0,500,0.6,1000,0.2,1400,0.2,2
9,19,89,1,0,300,0.5,1700,0.5,2
10,0,624,0,0,300,0.5,1700,0.5,1
10,1,368,0,0,500,0.6,1000,0.2,1400,0.2,1
10,2,122,1,0,500,0.6,1000,0.2,1400,0.2,2
10,3,982,1,0,500,0.6,1000,0.2,1400,0.2,1
10,4,56,2,10,5,0,300,0.5,1700,0.5,2
10,5,638,0,0,500,0.6,1000,0.2,1400,0.2,0
10,6,570,0,0,300,0.5,1700,0.5,2
10,7,480,0,0,500,0.6,1000,0.2,1400,0.2,2
10,8,646,2,10,5,0,300,0.5,1700,0.5,1
10,9,535,0,0,500,0.6,1000,0.2,1400,0.2,1
10,10,909,0,0,500,0.6,1000,0.2,1400,0.2,1
10,11,119,0,0,300,0.5,1700,0.5,2
10,12,89,0,0,500,0.6,1000,0.2,1400,0.2,2
10,13,888,0,0,500,0.6,1000,0.2,1400,0.2,0
10,14,462,0,0,500,0.6,1000,0.2,1400,0.2,0
10,15,124,1,0,500,0.6,1000,0.2,1400,0.2,2
10,16,836,0,0,500,0.6,1000,0.2,1400,0.2,1
10,17,67,1,0,500,0.6,1000,0.2,1400,0.2,0
10,18,420,0,0,500,0.6,1000,0.2,1400,0.2,0
10,19,710,2,10,5,0,500,0.6,1000,0.2,1400,0.2,1
11,0,971,2,10,5,0,300,0.5,1700,0.5,0
11,1,93,1,0,300,0.5,1700,0.5,1
11,2,70,1,0,300,0.5,1700,0.5,0
11,3,92,0,0,300,0.5,1700,0.5,1
11,4,10,1,0,300,0.5,1700,0.5,1
11,5,651,1,0,300,0.5,1700,0.5,0
11,6,66,2,10,5,0,300,0.5,1700,0.5,0
11,7,797,1,0,300,0.5,1700,0.5,1
11,8,347,2,10,5,0,300,0.5,1700,0.5,0
11,9,913,1,0,300,0.5,1700,0.5,0
11,10,347,2,10,5,0,500,0.6,1000,0.2,1400,0.2,2
11,11,345,1,0,500,0.6,1000,0.2,1400,0.2,0
11,12,487,1,0,300,0.5,1700,0.5,2
11,13,251,0,0,300,0.5,1700,0.5,1
11,14,765,2,10,5,0,300,0.5,1700,0.5,0
11,15,502,1,0,500,0.6,1000,0.2,1400,0.2,0
11,16,652,0,0,500,0.6,1000,0.2,1400,0.2,0
11,17,745,1,0,500,0.6,1000,0.2,1400,0.2,1
11,18,790,1,0,500,0.6,1000,0.2,1400,0.2,0
11,19,452,0,0,500,0.6,1000,0.2,1400,0.2,0
12,0,308,1,0,300,0.5,1700,0.5,1
12,1,557,2,10,5,0,500,0.6,1000,0.2,1400,0.2,1
12,2,19,0,0,300,0.5,1700,0.5,2
12,3,67,1,0,500,0.6,1000,0.2,1400,0.2,2
12,4,331,1,0,500,0.6,1000,0.2,1400,0.2,1
12,5,991,1,0,300,0.5,1700,0.5,2
12,6,84,1,0,500,0.6,1000,0.2,1400,0.2,1
12,7,837,0,0,300,0.5,1700,0.5,0
12,8,218,2,10,5,0,300,0.5,1700,0.5,0
12,9,244,1,0,500,0.6,1000,0.2,1400,0.2,2
12,10,916,2,10,5,0,500,0.6,1000,0.2,1400,0.2,1
12,11,407,0,0,500,0.6,1000,0.2,1400,0.2,0
12,12,422,0,0,300,0.5,1700,0.5,2
12,13,11,1,0,500,0.6,1000,0.2,1400,0.2,2
12,14,397,0,0,300,0.5,1700,0.5,1
12,15,612,1,0,300,0.5,1700,0.5,1
12,16,291,0,0,300,0.5,1700,0.5,2
12,17,26,0,0,500,0.6,1000,0.2,1400,0.2,2
12,18,635,1,0,500,0.6,1000,0.2,1400,0.2,0
12,19,407,1,0,500,0.6,1000,0.2,1400,0.2,0
13,0,214,2,10,5,0,300,0.5,1700,0.5,0
13,1,533,0,0,500,0.6,1000,0.2,1400,0.2,1
13,2,487,0,0,300,0.5,1700,0.5,2
13,3,224,0,0,500,0.6,1000,0.2,1400,0.2,1
13,4,928,2,10,5,0,300,0.5,1700,0.5,2
13,5,897,1,0,500,0.6,1000,0.2,1400,0.2,2
13,6,579,1,0,300,0.5,1700,0.5,1
13,7,668,0,0,300,0.5,1700,0.5,2
13,8,80,0,0,300,0.5,1700,0.5,1
13,9,252,1,0,300,0.5,1700,0.5,0
13,10,666,0,0,500,0.6,1000,0.2,1400,0.2,2
13,11,629,2,10,5,0,300,0.5,1700,0.5,2
13,12,614,0,0,500,0.6,1000,0.2,1400,0.2,2
13,13,377,1,0,500,0.6,1000,0.2,1400,0.2,1
13,14,248,0,0,300,0.5,1700,0.5,0
13,15,956,0,0,300,0.5,1700,0.5,1
13,16,835,2,10,5,0,300,0.5,1700,0.5,2
13,17,606,1,0,300,0.5,1700,0.5,2
13,18,992,2,10,5,0,300,0.5,1700,0.5,1
13,19,297,0,0,500,0.6,1000,0.2,1400,0.2,2
14,0,840,2,10,5,0,500,0.6,1000,0.2,1400,0.2,2
14,1,897,1,0,500,0.6,1000,0.2,1400,0.2,2
14,2,497,2,10,5,0,300,0.5,1700,0.5,2
14,3,655,0,0,500,0.6,1000,0.2,1400,0.2,0
14,4,89,2,10,5,0,300,0.5,1700,0.5,0
14,5,584,2,10,5,0,300,0.5,1700,0.5,1
14,6,376,1,0,300,0.5,1700,0.5,1
14,7,145,0,0,500,0.6,1000,0.2,1400,0.2,0
14,8,657,0,0,300,0.5,1700,0.5,2
14,9,756,0,0,500,0.6,1000,0.2,1400,0.2,1
14,10,993,0,0,300,0.5,1700,0.5,0
14,11,814,0,0,300,0.5,1700,0.5,0
14,12,527,2,10,5,0,500,0.6,1000,0.2,1400,0.2,1
14,13,674,1,0,300,0.5,1700,0.5,0
14,14,847,2,10,5,0,500,0.6,1000,0.2,1400,0.2,2
14,15,186,0,0,300,0.5,1700,0.5,0
14,16,671,0,0,500,0.6,1000,0.2,1400,0.2,2
14,17,104,2,10,5,0,300,0.5,1700,0.5,0
14,18,611,1,0,500,0.6,1000,0.2,1400,0.2,1
14,19,693,2,10,5,0,500,0.6,1000,0.2,1400,0.2,0
15,0,151,2,10,5,0,500,0.6,1000,0.2,1400,0.2,0
15,1,18,1,0,300,0.5,1700,0.5,0
15,2,772,2,10,5,0,300,0.5,1700,0.5,0
15,3,850,0,0,500,0.6,1000,0.2,1400,0.2,0
15,4,977,0,0,300,0.5,1700,0.5,0
15,5,647,2,10,5,0,300,0.5,1700,0.5,1
15,6,221,1,0,500,0.6,1000,0.2,1400,0.2,1
15,7,835,1,0,500,0.6,1000,0.2,1400,0.2,0
15,8,520,2,10,5,0,300,0.5,1700,0.5,0
15,9,270,2,10,5,0,500,0.6,1000,0.2,1400,0.2,2
15,10,168,2,10,5,0,300,0.5,1700,0.5,1
15,11,148,1,0,300,0.5,1700,0.5,2
15,12,465,0,0,300,0.5,1700,0.5,1
15,13,246,0,0,500,0.6,1000,0.2,1400,0.2,2
15,14,156,2,10,5,0,300,0.5,1700,0.5,0
15,15,955,2,10,5,0,300,0.5,1700,0.5,0
15,16,942,0,0,300,0.5,1700,0.5,1
15,17,321,1,0,500,0.6,1000,0.2,1400,0.2,1
15,18,948,2,10,5,0,300,0.5,1700,0.5,0
15,19,294,1,0,500,0.6,1000,0.2,1400,0.2,2
16,0,744,2,10,5,0,500,0.6,1000,0.2,1400,0.2,1
16,1,74,2,10,5,0,500,0.6,1000,0.2,1400,0.2,1
16,2,523,1,0,500,0.6,1000,0.2,1400,0.2,1
16,3,703,1,0,500,0.6,1000,0.2,1400,0.2,0
16,4,72,1,0,300,0.5,1700,0.5,2
16,5,372,0,0,500,0.6,1000,0.2,1400,0.2,2
16,6,730,0,0,300,0.5,1700,0.5,1
16,7,946,0,0,300,0.5,1700,0.5,0
16,8,215,2,10,5,0,500,0.6,1000,0.2,1400,0.2,2
16,9,648,2,10,5,0,500,0.6,1000,0.2,1400,0.2,1
16,10,609,2,10,5,0,500,0.6,1000,0.2,1400,0.2,2
16,11,803,0,0,300,0.5,1700,0.5,0
16,12,776,1,0,500,0.6,1000,0.2,1400,0.2,2
16,13,988,1,0,300,0.5,1700,0.5,2
16,14,23,1,0,300,0.5,1700,0.5,0
16,15,503,2,10,5,0,500,0.6,1000,0.2,1400,0.2,2
16,16,977,0,0,300,0.5,1700,0.5,0
16,17,77,2,10,5,0,500,0.6,1000,0.2,1400,0.2,1
16,18,293,0,0,500,0.6,1000,0.2,1400,0.2,1
16,19,979,0,0,300,0.5,1700,0.5,0
17,0,745,2,10,5,0,500,0.6,1000,0.2,1400,0.2,1
17,1,400,2,10,5,0,300,0.5,1700,0.5,0
17,2,287,0,0,500,0.6,1000,0.2,1400,0.2,2
17,3,183,2,10,5,0,300,0.5,1700,0.5,0
17,4,282,0,0,300,0.5,1700,0.5,2
17,5,119,0,0,500,0.6,1000,0.2,1400,0.2,1
17,6,848,1,0,300,0.5,1700,0.5,0
17,7,787,1,0,300,0.5,1700,0.5,2
17,8,852,1,0,300,0.5,1700,0.5,1
17,9,822,2,10,5,0,500,0.6,1000,0.2,1400,0.2,2
17,10,953,0,0,500,0.6,1000,0.2,1400,0.2,2
17,11,890,2,10,5,0,500,0.6,1000,0.2,1400,0.2,0
17,12,364,0,0,500,0.6,1000,0.2,1400,0.2,0
17,13,914,1,0,500,0.6,1000,0.2,1400,0.2,0
17,14,468,1,0,300,0.5,1700,0.5,1
17,15,67,2,10,5,0,500,0.6,1000,0.2,1400,0.2,0
17,16,615,2,10,5,0,500,0.6,1000,0.2,1400,0.2,1
17,17,244,0,0,500,0.6,1000,0.2,1400,0.2,1
17,18,945,1,0,500,0.6,1000,0.2,1400,0.2,2
17,19,879,0,0,500,0.6,1000,0.2,1400,0.2,1
18,0,635,1,0,300,0.5,1700,0.5,1
18,1,870,0,0,300,0.5,1700,0.5,2
18,2,21,2,10,5,0,500,0.6,1000,0.2,1400,0.2,2
18,3,636,1,0,500,0.6,1000,0.2,1400,0.2,1
18,4,370,2,10,5,0,500,0.6,1000,0.2,1400,0.2,2
18,5,996,1,0,500,0.6,1000,0.2,1400,0.2,2
18,6,895,2,10,5,0,500,0.6,1000,0.2,1400,0.2,2
18,7,767,1,0,500,0.6,1000,0.2,1400,0.2,0
18,8,360,0,0,500,0.6,1000,0.2,1400,0.2,2
18,9,535,1,0,300,0.5,1700,0.5,0
18,10,130,1,0,500,0.6,1000,0.2,1400,0.2,1
18,11,143,0,0,500,0.6,1000,0.2,1400,0.2,1
18,12,768,1,0,500,0.6,1000,0.2,1400,0.2,0
18,13,353,1,0,500,0.6,1000,0.2,1400,0.2,1
18,14,810,2,10,5,0,300,0.5,1700,0.5,0
18,15,757,2,10,5,0,500,0.6,1000,0.2,1400,0.2,1
18,16,472,2,10,5,0,300,0.5,1700,0.5,2
18,17,841,2,10,5,0,500,0.6,1000,0.2,1400,0.2,2
18,18,524,0,0,300,0.5,1700,0.5,1
18,19,217,0,0,300,0.5,1700,0.5,2
19,0,592,2,10,5,0,300,0.5,1700,0.5,0
19,1,780,2,10,5,0,300,0.5,1700,0.5,2
19,2,843,0,0,300,0.5,1700,0.5,0
19,3,318,1,0,300,0.5,1700,0.5,0
19,4,664,1,0,300,0.5,1700,0.5,0
19,5,657,2,10,5,0,300,0.5,1700,0.5,0
19,6,946,1,0,500,0.6,1000,0.2,1400,0.2,0
19,7,820,1,0,500,0.6,1000,0.2,1400,0.2,2
19,8,603,1,0,500,0.6,1000,0.2,1400,0.2,0
19,9,880,1,0,300,0.5,1700,0.5,0
19,10,913,0,0,500,0.6,1000,0.2,1400,0.2,0
19,11,558,2,10,5,0,500,0.6,1000,0.2,1400,0.2,0
19,12,379,1,0,300,0.5,1700,0.5,1
19,13,812,0,0,500,0.6,1000,0.2,1400,0.2,2
19,14,10,1,0,500,0.6,1000,0.2,1400,0.2,1
19,15,278,2,10,5,0,300,0.5,1700,0.5,2
19,16,833,0,0,300,0.5,1700,0.5,1
19,17,816,2,10,5,0,300,0.5,1700,0.5,0
19,18,341,2,10,5,0,500,0.6,1000,0.2,1400,0.2,0
19,19,524,2,10,5,0,300,0.5,1700,0.5,2
