0,0,316,2,10,5,0,300,0.5,1700,0.5,1
0,1,474,2,10,5,0,500,0.6,1000,0.2,1400,0.2,2
0,2,93,0,0,300,0.5,1700,0.5,0
0,3,36,2,10,5,0,500,0.6,1000,0.2,1400,0.2,2
0,4,426,2,10,5,0,500,0.6,1000,0.2,1400,0.2,2
0,5,238,2,10,5,0,500,0.6,1000,0.2,1400,0.2,1
0,6,259,0,0,300,0.5,1700,0.5,2
0,7,270,0,0,300,0.5,1700,0.5,0
0,8,820,0,0,300,0.5,1700,0.5,1
0,9,168,1,0,300,0.5,1700,0.5,1
0,10,532,2,10,5,0,300,0.5,1700,0.5,0
0,11,223,1,0,500,0.6,1000,0.2,1400,0.2,1
0,12,130,2,10,5,0,500,0.6,1000,0.2,1400,0.2,1
0,13,601,2,10,5,0,500,0.6,1000,0.2,1400,0.2,1
0,14,793,1,0,300,0.5,1700,0.5,0
0,15,263,0,0,500,0.6,1000,0.2,1400,0.2,1
0,16,569,1,0,300,0.5,1700,0.5,0
0,17,523,1,0,500,0.6,1000,0.2,1400,0.2,1
0,18,376,0,0,500,0.6,1000,0.2,1400,0.2,1
0,19,504,0,0,300,0.5,1700,0.5,1
1,0,893,1,0,300,0.5,1700,0.5,1
1,1,543,1,0,300,0.5,1700,0.5,1
1,2,792,2,10,5,0,300,0.5,1700,0.5,1
1,3,828,1,0,500,0.6,1000,0.2,1400,0.2,1
1,4,552,1,0,500,0.6,1000,0.2,1400,0.2,2
1,5,347,0,0,500,0.6,1000,0.2,1400,0.2,1
1,6,169,2,10,5,0,300,0.5,1700,0.5,2
1,7,192,0,0,500,0.6,1000,0.2,1400,0.2,0
1,8,140,2,10,5,0,300,0.5,1700,0.5,2
1,9,898,1,0,300,0.5,1700,0.5,0
1,10,466,0,0,500,0.6,1000,0.2,1400,0.2,2
1,11,201,1,0,500,0.6,1000,0.2,1400,0.2,1
1,12,971,0,0,300,0.5,1700,0.5,2
1,13,971,1,0,300,0.5,1700,0.5,2
1,14,902,0,0,300,0.5,1700,0.5,0
1,15,369,1,0,300,0.5,1700,0.5,1
1,16,915,2,10,5,0,500,0.6,1000,0.2,1400,0.2,0
1,17,226,0,0,500,0.6,1000,0.2,1400,0.2,2
1,18,840,1,0,500,0.6,1000,0.2,1400,0.2,2
1,19,709,2,10,5,0,300,0.5,1700,0.5,1
2,0,38,0,0,500,0.6,1000,0.2,1400,0.2,0
2,1,333,0,0,500,0.6,1000,0.2,1400,0.2,1
2,2,316,1,0,300,0.5,1700,0.5,2
2,3,309,1,0,300,0.5,1700,0.5,1
2,4,842,2,10,5,0,500,0.6,1000,0.2,1400,0.2,0
2,5,923,2,10,5,0,300,0.5,1700,0.5,0
2,6,933,0,0,500,0.6,1000,0.2,1400,0.2,2
2,7,101,0,0,500,0.6,1000,0.2,1400,0.2,0
2,8,112,1,0,500,0.6,1000,0.2,1400,0.2,0
2,9,458,0,0,500,0.6,1000,0.2,1400,0.2,1
2,10,657,0,0,500,0.6,1000,0.2,1400,0.2,0
2,11,432,0,0,300,0.5,1700,0.5,2
2,12,474,2,10,5,0,300,0.5,1700,0.5,0
2,13,503,1,0,500,0.6,1000,0.2,1400,0.2,2
2,14,711,2,10,5,0,300,0.5,1700,0.5,1
2,15,64,1,0,300,0.5,1700,0.5,2
2,16,746,0,0,300,0.5,1700,0.5,0
2,17,781,0,0,500,0.6,1000,0.2,1400,0.2,1
2,18,778,1,0,500,0.6,1000,0.2,1400,0.2,1
2,19,539,2,10,5,0,300,0.5,1700,0.5,2
3,0,196,0,0,500,0.6,1000,0.2,1400,0.2,2
3,1,824,2,10,5,0,300,0.5,1700,0.5,0
3,2,782,2,10,5,0,300,0.5,1700,0.5,0
3,3,708,0,0,300,0.5,1700,0.5,0
3,4,213,2,10,5,0,300,0.5,1700,0.5,2
3,5,79,1,0,300,0.5,1700,0.5,1
3,6,617,1,0,500,0.6,1000,0.2,1400,0.2,0
3,7,687,2,10,5,0,500,0.6,1000,0.2,1400,0.2,1
3,8,652,1,0,500,0.6,1000,0.2,1400,0.2,1
3,9,943,0,0,300,0.5,1700,0.5,2
3,10,432,0,0,500,0.6,1000,0.2,1400,0.2,2
3,11,46,2,10,5,0,300,0.5,1700,0.5,1
3,12,261,0,0,500,0.6,1000,0.2,1400,0.2,0
3,13,454,1,0,500,0.6,1000,0.2,1400,0.2,2
3,14,523,0,0,300,0.5,1700,0.5,0
3,15,352,1,0,500,0.6,1000,0.2,1400,0.2,2
3,16,491,2,10,5,0,500,0.6,1000,0.2,1400,0.2,0
3,17,704,1,0,300,0.5,1700,0.5,0
3,18,833,0,0,500,0.6,1000,0.2,1400,0.2,1
3,19,542,1,0,500,0.6,1000,0.2,1400,0.2,0
4,0,210,0,0,500,0.6,1000,0.2,1400,0.2,1
4,1,319,2,10,5,0,300,0.5,1700,0.5,1
4,2,359,0,0,500,0.6,1000,0.2,1400,0.2,1
4,3,302,0,0,300,0.5,1700,0.5,2
4,4,937,0,0,300,0.5,1700,0.5,2
4,5,431,2,10,5,0,500,0.6,1000,0.2,1400,0.2,2
4,6,247,2,10,5,0,500,0.6,1000,0.2,1400,0.2,0
4,7,127,1,0,300,0.5,1700,0.5,1
4,8,832,0,0,500,0.6,1000,0.2,1400,0.2,2
4,9,912,2,10,5,0,300,0.5,1700,0.5,1
4,10,302,2,10,5,0,300,0.5,1700,0.5,0
4,11,703,1,0,300,0.5,1700,0.5,1
4,12,404,1,0,500,0.6,1000,0.2,1400,0.2,1
4,13,213,1,0,500,0.6,1000,0.2,1400,0.2,2
4,14,392,1,0,300,0.5,1700,0.5,0
4,15,694,0,0,300,0.5,1700,0.5,0
4,16,25,1,0,300,0.5,1700,0.5,2
4,17,606,2,10,5,0,300,0.5,1700,0.5,0
4,18,465,1,0,500,0.6,1000,0.2,1400,0.2,2
4,19,802,2,10,5,0,500,0.6,1000,0.2,1400,0.2,0
5,0,515,0,0,500,0.6,1000,0.2,1400,0.2,0
5,1,211,0,0,300,0.5,1700,0.5,0
5,2,783,2,10,5,0,500,0.6,1000,0.2,1400,0.2,1
5,3,175,0,0,300,0.5,1700,0.5,2
5,4,777,1,0,300,0.5,1700,0.5,2
5,5,922,2,10,5,0,300,0.5,1700,0.5,1
5,6,818,0,0,500,0.6,1000,0.2,1400,0.2,0
5,7,324,1,0,500,0.6,1000,0.2,1400,0.2,2
5,8,401,2,10,5,0,500,0.6,1000,0.2,1400,0.2,2
5,9,270,0,0,500,0.6,1000,0.2,1400,0.2,0
5,10,631,0,0,500,0.6,1000,0.2,1400,0.2,2
5,11,927,2,10,5,0,500,0.6,1000,0.2,1400,0.2,0
5,12,666,0,0,300,0.5,1700,0.5,1
5,13,377,2,10,5,0,500,0.6,1000,0.2,1400,0.2,1
5,14,606,2,10,5,0,300,0.5,1700,0.5,1
5,15,347,2,10,5,0,300,0.5,1700,0.5,2
5,16,557,2,10,5,0,300,0.5,1700,0.5,2
5,17,240,1,0,300,0.5,1700,0.5,2
5,18,81,1,0,500,0.6,1000,0.2,1400,0.2,2
5,19,881,2,10,5,0,500,0.6,1000,0.2,1400,0.2,0
6,0,75,0,0,500,0.6,1000,0.2,1400,0.2,1
6,1,634,0,0,500,0.6,1000,0.2,1400,0.2,1
6,2,272,1,0,300,0.5,1700,0.5,0
6,3,959,0,0,300,0.5,1700,0.5,2
6,4,36,2,10,5,0,500,0.6,1000,0.2,1400,0.2,1
6,5,461,0,0,500,0.6,1000,0.2,1400,0.2,2
6,6,937,2,10,5,0,300,0.5,1700,0.5,0
6,7,756,1,0,300,0.5,1700,0.5,2
6,8,34,1,0,500,0.6,1000,0.2,1400,0.2,1
6,9,656,2,10,5,0,300,0.5,1700,0.5,1
6,10,154,2,10,5,0,300,0.5,1700,0.5,2
6,11,743,0,0,500,0.6,1000,0.2,1400,0.2,0
6,12,116,1,0,500,0.6,1000,0.2,1400,0.2,0
6,13,236,0,0,500,0.6,1000,0.2,1400,0.2,0
6,14,900,0,0,500,0.6,1000,0.2,1400,0.2,0
6,15,97,0,0,300,0.5,1700,0.5,2
6,16,342,1,0,500,0.6,1000,0.2,1400,0.2,1
6,17,487,0,0,500,0.6,1000,0.2,1400,0.2,0
6,18,906,1,0,500,0.6,1000,0.2,1400,0.2,1
6,19,480,1,0,300,0.5,1700,0.5,1
7,0,938,2,10,5,0,500,0.6,1000,0.2,1400,0.2,2
7,1,103,0,0,300,0.5,1700,0.5,2
7,2,598,2,10,5,0,500,0.6,1000,0.2,1400,0.2,1
7,3,507,0,0,500,0.6,1000,0.2,1400,0.2,1
7,4,685,2,10,5,0,500,0.6,1000,0.2,1400,0.2,0
7,5,952,0,0,300,0.5,1700,0.5,0
7,6,534,0,0,500,0.6,1000,0.2,1400,0.2,0
7,7,477,1,0,500,0.6,1000,0.2,1400,0.2,2
7,8,589,0,0,300,0.5,1700,0.5,0
7,9,553,0,0,500,0.6,1000,0.2,1400,0.2,1
7,10,156,2,10,5,0,300,0.5,1700,0.5,2
7,11,167,2,10,5,0,500,0.6,1000,0.2,1400,0.2,0
7,12,250,2,10,5,0,300,0.5,1700,0.5,0
7,13,77,1,0,500,0.6,1000,0.2,1400,0.2,0
7,14,851,1,0,500,0.6,1000,0.2,1400,0.2,1
7,15,343,0,0,500,0.6,1000,0.2,1400,0.2,0
7,16,376,1,0,300,0.5,1700,0.5,0
7,17,846,0,0,300,0.5,1700,0.5,2
7,18,733,1,0,500,0.6,1000,0.2,1400,0.2,0
7,19,661,1,0,300,0.5,1700,0.5,1
8,0,239,2,10,5,0,300,0.5,1700,0.5,1
8,1,127,2,10,5,0,500,0.6,1000,0.2,1400,0.2,0
8,2,473,0,0,500,0.6,1000,0.2,1400,0.2,0
8,3,722,1,0,300,0.5,1700,0.5,2
8,4,592,0,0,500,0.6,1000,0.2,1400,0.2,0
8,5,573,0,0,500,0.6,1000,0.2,1400,0.2,2
8,6,784,2,10,5,0,300,0.5,1700,0.5,0
8,7,499,1,0,500,0.6,1000,0.2,1400,0.2,0
8,8,115,0,0,500,0.6,1000,0.2,1400,0.2,1
8,9,489,0,0,500,0.6,1000,0.2,1400,0.2,0
8,10,759,1,0,300,0.5,1700,0.5,1
8,11,557,2,10,5,0,300,0.5,1700,0.5,1
8,12,810,1,0,300,0.5,1700,0.5,2
8,13,674,1,0,300,0.5,1700,0.5,1
8,14,890,1,0,300,0.5,1700,0.5,1
8,15,36,1,0,300,0.5,1700,0.5,1
8,16,736,1,0,500,0.6,1000,0.2,1400,0.2,2
8,17,293,0,0,300,0.5,1700,0.5,0
8,18,559,2,10,5,0,500,0.6,1000,0.2,1400,0.2,1
8,19,21,2,10,5,0,500,0.6,1000,0.2,1400,0.2,2
9,0,856,2,10,5,0,300,0.5,1700,0.5,0
9,1,410,1,0,300,0.5,1700,0.5,2
9,2,944,2,10,5,0,500,0.6,1000,0.2,1400,0.2,1
9,3,868,1,0,300,0.5,1700,0.5,1
9,4,586,0,0,300,0.5,1700,0.5,0
9,5,964,1,0,300,0.5,1700,0.5,0
9,6,711,1,0,500,0.6,1000,0.2,1400,0.2,0
9,7,605,2,10,5,0,300,0.5,1700,0.5,0
9,8,869,1,0,500,0.6,1000,0.2,1400,0.2,2
9,9,520,2,10,5,0,300,0.5,1700,0.5,0
9,10,322,2,10,5,0,300,0.5,1700,0.5,1
9,11,983,2,10,5,0,300,0.5,1700,0.5,2
9,12,333,1,0,300,0.5,1700,0.5,0
9,13,40,2,10,5,0,500,0.6,1000,0.2,1400,0.2,2
9,14,243,1,0,300,0.5,1700,0.5,0
9,15,467,0,0,500,0.6,1000,0.2,1400,0.2,2
9,16,661,1,0,300,0.5,1700,0.5,2
9,17,511,1,0,500,0.6,1000,0.2,1400,0.2,0
9,18,932,1,0,500,0.6,1000,0.2,1400,0.2,2
9,19,966,2,10,5,0,300,0.5,1700,0.5,2
10,0,982,0,0,500,0.6,1000,0.2,1400,0.2,0
10,1,846,0,0,300,0.5,1700,0.5,0
10,2,406,2,10,5,0,500,0.6,1000,0.2,1400,0.2,2
10,3,790,1,0,500,0.6,1000,0.2,1400,0.2,0
10,4,790,2,10,5,0,500,0.6,1000,0.2,1400,0.2,1
10,5,851,1,0,300,0.5,1700,0.5,1
10,6,871,0,0,300,0.5,1700,0.5,2
10,7,554,2,10,5,0,500,0.6,1000,0.2,1400,0.2,0
10,8,47,0,0,300,0.5,1700,0.5,0
10,9,884,1,0,300,0.5,1700,0.5,0
10,10,214,2,10,5,0,300,0.5,1700,0.5,0
10,11,181,2,10,5,0,300,0.5,1700,0.5,0
10,12,341,2,10,5,0,500,0.6,1000,0.2,1400,0.2,1
10,13,680,0,0,300,0.5,1700,0.5,1
10,14,510,1,0,300,0.5,1700,0.5,1
10,15,981,0,0,300,0.5,1700,0.5,0
10,16,101,0,0,500,0.6,1000,0.2,1400,0.2,2
10,17,593,2,10,5,0,300,0.5,1700,0.5,0
10,18,167,1,0,300,0.5,1700,0.5,0
10,19,599,0,0,500,0.6,1000,0.2,1400,0.2,2
11,0,887,1,0,300,0.5,1700,0.5,0
11,1,384,2,10,5,0,300,0.5,1700,0.5,2
11,2,601,0,0,300,0.5,1700,0.5,2
11,3,730,0,0,300,0.5,1700,0.5,1
11,4,364,0,0,300,0.5,1700,0.5,1
11,5,811,2,10,5,0,500,0.6,1000,0.2,1400,0.2,0
11,6,661,2,10,5,0,500,0.6,1000,0.2,1400,0.2,2
11,7,990,1,0,300,0.5,1700,0.5,0
11,8,203,2,10,5,0,500,0.6,1000,0.2,1400,0.2,1
11,9,227,1,0,300,0.5,1700,0.5,2
11,10,985,1,0,500,0.6,1000,0.2,1400,0.2,2
11,11,959,2,10,5,0,300,0.5,1700,0.5,0
11,12,468,2,10,5,0,300,0.5,1700,0.5,1
11,13,172,2,10,5,0,500,0.6,1000,0.2,1400,0.2,2
11,14,100,2,10,5,0,300,0.5,1700,0.5,2
11,15,169,1,0,300,0.5,1700,0.5,0
11,16,710,2,10,5,0,500,0.6,1000,0.2,1400,0.2,2
11,17,326,1,0,500,0.6,1000,0.2,1400,0.2,0
11,18,539,2,10,5,0,300,0.5,1700,0.5,0
11,19,527,1,0,300,0.5,1700,0.5,0
12,0,853,1,0,500,0.6,1000,0.2,1400,0.2,2
12,1,984,1,0,500,0.6,1000,0.2,1400,0.2,2
12,2,457,1,0,300,0.5,1700,0.5,0
12,3,887,2,10,5,0,500,0.6,1000,0.2,1400,0.2,1
12,4,228,1,0,500,0.6,1000,0.2,1400,0.2,2
12,5,929,0,0,300,0.5,1700,0.5,0
12,6,462,0,0,500,0.6,1000,0.2,1400,0.2,2
12,7,194,2,10,5,0,500,0.6,1000,0.2,1400,0.2,1
12,8,566,2,10,5,0,300,0.5,1700,0.5,0
12,9,99,1,0,300,0.5,1700,0.5,1
12,10,380,2,10,5,0,500,0.6,1000,0.2,1400,0.2,2
12,11,519,0,0,500,0.6,1000,0.2,1400,0.2,0
12,12,477,0,0,300,0.5,1700,0.5,0
12,13,790,0,0,300,0.5,1700,0.5,2
12,14,433,1,0,500,0.6,1000,0.2,1400,0.2,2
12,15,317,1,0,300,0.5,1700,0.5,0
12,16,820,0,0,500,0.6,1000,0.2,1400,0.2,1
12,17,184,0,0,300,0.5,1700,0.5,0
12,18,787,1,0,500,0.6,1000,0.2,1400,0.2,1
12,19,368,1,0,500,0.6,1000,0.2,1400,0.2,1
13,0,264,0,0,500,0.6,1000,0.2,1400,0.2,1
13,1,948,0,0,300,0.5,1700,0.5,0
13,2,270,1,0,500,0.6,1000,0.2,1400,0.2,2
13,3,114,2,10,5,0,500,0.6,1000,0.2,1400,0.2,1
13,4,875,1,0,300,0.5,1700,0.5,1
13,5,995,0,0,500,0.6,1000,0.2,1400,0.2,1
13,6,254,2,10,5,0,500,0.6,1000,0.2,1400,0.2,2
13,7,814,0,0,500,0.6,1000,0.2,1400,0.2,2
13,8,715,0,0,300,0.5,1700,0.5,1
13,9,874,1,0,500,0.6,1000,0.2,1400,0.2,1
13,10,731,0,0,300,0.5,1700,0.5,1
13,11,890,0,0,500,0.6,1000,0.2,1400,0.2,1
13,12,687,0,0,500,0.6,1000,0.2,1400,0.2,1
13,13,878,0,0,300,0.5,1700,0.5,2
13,14,127,2,10,5,0,300,0.5,1700,0.5,2
13,15,901,2,10,5,0,300,0.5,1700,0.5,1
13,16,804,1,0,500,0.6,1000,0.2,1400,0.2,1
13,17,699,2,10,5,0,300,0.5,1700,0.5,1
13,18,164,0,0,300,0.5,1700,0.5,2
13,19,76,2,10,5,0,300,0.5,1700,0.5,2
14,0,614,2,10,5,0,500,0.6,1000,0.2,1400,0.2,0
14,1,328,2,10,5,0,300,0.5,1700,0.5,2
14,2,937,2,10,5,0,300,0.5,1700,0.5,0
14,3,808,2,10,5,0,300,0.5,1700,0.5,0
14,4,49,1,0,500,0.6,1000,0.2,1400,0.2,0
14,5,150,0,0,300,0.5,1700,0.5,1
14,6,757,1,0,500,0.6,1000,0.2,1400,0.2,2
14,7,41,1,0,500,0.6,1000,0.2,1400,0.2,2
14,8,451,0,0,300,0.5,1700,0.5,2
14,9,797,1,0,300,0.5,1700,0.5,0
14,10,258,1,0,500,0.6,1000,0.2,1400,0.2,1
14,11,753,1,0,300,0.5,1700,0.5,0
14,12,414,1,0,500,0.6,1000,0.2,1400,0.2,0
14,13,754,0,0,300,0.5,1700,0.5,0
14,14,934,1,0,500,0.6,1000,0.2,1400,0.2,1
14,15,57,2,10,5,0,500,0.6,1000,0.2,1400,0.2,1
14,16,403,0,0,500,0.6,1000,0.2,1400,0.2,1
14,17,135,1,0,300,0.5,1700,0.5,0
14,18,108,0,0,500,0.6,1000,0.2,1400,0.2,0
14,19,430,1,0,500,0.6,1000,0.2,1400,0.2,0
15,0,396,0,0,500,0.6,1000,0.2,1400,0.2,0
15,1,951,0,0,300,0.5,1700,0.5,0
15,2,19,2,10,5,0,500,0.6,1000,0.2,1400,0.2,0
15,3,92,2,10,5,0,500,0.6,1000,0.2,1400,0.2,0
15,4,863,2,10,5,0,300,0.5,1700,0.5,2
15,5,764,1,0,300,0.5,1700,0.5,0
15,6,202,2,10,5,0,300,0.5,1700,0.5,0
15,7,708,0,0,300,0.5,1700,0.5,2
15,8,850,1,0,500,0.6,1000,0.2,1400,0.2,0
15,9,214,0,0,300,0.5,1700,0.5,0
15,10,43,2,10,5,0,500,0.6,1000,0.2,1400,0.2,0
15,11,485,1,0,300,0.5,1700,0.5,2
15,12,501,2,10,5,0,300,0.5,1700,0.5,0
15,13,932,2,10,5,0,300,0.5,1700,0.5,1
15,14,668,0,0,500,0.6,1000,0.2,1400,0.2,0
15,15,278,2,10,5,0,500,0.6,1000,0.2,1400,0.2,0
15,16,541,0,0,500,0.6,1000,0.2,1400,0.2,0
15,17,687,1,0,300,0.5,1700,0.5,1
15,18,903,2,10,5,0,300,0.5,1700,0.5,1
15,19,632,2,10,5,0,300,0.5,1700,0.5,1
16,0,248,0,0,300,0.5,1700,0.5,2
16,1,290,1,0,300,0.5,1700,0.5,1
16,2,431,2,10,5,0,300,0.5,1700,0.5,1
16,3,61,0,0,500,0.6,1000,0.2,1400,0.2,0
16,4,832,2,10,5,0,300,0.5,1700,0.5,0
16,5,525,0,0,500,0.6,1000,0.2,1400,0.2,1
16,6,216,0,0,500,0.6,1000,0.2,1400,0.2,0
16,7,722,0,0,300,0.5,1700,0.5,0
16,8,310,1,0,500,0.6,1000,0.2,1400,0.2,2
16,9,407,0,0,300,0.5,1700,0.5,1
16,10,793,0,0,500,0.6,1000,0.2,1400,0.2,0
16,11,356,0,0,500,0.6,1000,0.2,1400,0.2,2
16,12,970,1,0,500,0.6,1000,0.2,1400,0.2,2
16,13,354,1,0,300,0.5,1700,0.5,0
16,14,367,0,0,300,0.5,1700,0.5,0
16,15,889,2,10,5,0,300,0.5,1700,0.5,1
16,16,354,0,0,500,0.6,1000,0.2,1400,0.2,0
16,17,389,0,0,300,0.5,1700,0.5,2
16,18,210,0,0,300,0.5,1700,0.5,0
16,19,902,0,0,500,0.6,1000,0.2,1400,0.2,1
17,0,738,0,0,500,0.6,1000,0.2,1400,0.2,2
17,1,60,1,0,300,0.5,1700,0.5,2
17,2,421,0,0,300,0.5,1700,0.5,0
17,3,524,1,0,500,0.6,1000,0.2,1400,0.2,1
17,4,266,0,0,500,0.6,1000,0.2,1400,0.2,1
17,5,948,2,10,5,0,300,0.5,1700,0.5,1
17,6,875,2,10,5,0,500,0.6,1000,0.2,1400,0.2,1
17,7,856,2,10,5,0,500,0.6,1000,0.2,1400,0.2,0
17,8,530,2,10,5,0,500,0.6,1000,0.2,1400,0.2,0
17,9,928,2,10,5,0,500,0.6,1000,0.2,1400,0.2,2
17,10,769,2,10,5,0,300,0.5,1700,0.5,0
17,11,838,2,10,5,0,300,0.5,1700,0.5,2
17,12,994,0,0,300,0.5,1700,0.5,2
17,13,834,1,0,500,0.6,1000,0.2,1400,0.2,2
17,14,961,1,0,300,0.5,1700,0.5,2
17,15,489,1,0,500,0.6,1000,0.2,1400,0.2,2
17,16,665,2,10,5,0,500,0.6,1000,0.2,1400,0.2,2
17,17,780,1,0,300,0.5,1700,0.5,0
17,18,877,2,10,5,0,300,0.5,1700,0.5,1
17,19,512,1,0,500,0.6,1000,0.2,1400,0.2,1
18,0,766,0,0,300,0.5,1700,0.5,2
18,1,123,2,10,5,0,500,0.6,1000,0.2,1400,0.2,2
18,2,246,0,0,300,0.5,1700,0.5,2
18,3,58,0,0,500,0.6,1000,0.2,1400,0.2,2
18,4,901,1,0,300,0.5,1700,0.5,1
18,5,302,1,0,300,0.5,1700,0.5,0
18,6,824,2,10,5,0,300,0.5,1700,0.5,0
18,7,43,2,10,5,0,300,0.5,1700,0.5,1
18,8,671,2,10,5,0,500,0.6,1000,0.2,1400,0.2,2
18,9,41,1,0,300,0.5,1700,0.5,0
18,10,119,1,0,500,0.6,1000,0.2,1400,0.2,0
18,11,665,2,10,5,0,300,0.5,1700,0.5,2
18,12,622,1,0,500,0.6,1000,0.2,1400,0.2,0
18,13,932,1,0,300,0.5,1700,0.5,1
18,14,318,0,0,300,0.5,1700,0.5,2
18,15,99,1,0,300,0.5,1700,0.5,1
18,16,42,1,0,500,0.6,1000,0.2,1400,0.2,2
18,17,907,0,0,300,0.5,1700,0.5,0
18,18,955,1,0,300,0.5,1700,0.5,0
18,19,727,1,0,500,0.6,1000,0.2,1400,0.2,2
19,0,419,2,10,5,0,500,0.6,1000,0.2,1400,0.2,1
19,1,99,2,10,5,0,500,0.6,1000,0.2,1400,0.2,0
19,2,668,1,0,300,0.5,1700,0.5,2
19,3,461,1,0,500,0.6,1000,0.2,1400,0.2,1
19,4,967,1,0,500,0.6,1000,0.2,1400,0.2,0
19,5,482,1,0,300,0.5,1700,0.5,0
19,6,376,2,10,5,0,500,0.6,1000,0.2,1400,0.2,0
19,7,118,2,10,5,0,300,0.5,1700,0.5,1
19,8,64,1,0,300,0.5,1700,0.5,1
19,9,417,1,0,500,0.6,1000,0.2,1400,0.2,0
19,10,688,1,0,500,0.6,1000,0.2,1400,0.2,1
19,11,936,1,0,300,0.5,1700,0.5,1
19,12,244,2,10,5,0,500,0.6,1000,0.2,1400,0.2,0
19,13,272,1,0,300,0.5,1700,0.5,1
19,14,806,2,10,5,0,300,0.5,1700,0.5,1
19,15,636,1,0,300,0.5,1700,0.5,2
19,16,360,2,10,5,0,500,0.6,1000,0.2,1400,0.2,0
19,17,24,1,0,500,0.6,1000,0.2,1400,0.2,1
19,18,634,1,0,500,0.6,1000,0.2,1400,0.2,0
19,19,714,2,10,5,0,500,0.6,1000,0.2,1400,0.2,1
