0,0,763,0,0,300,0.5,1700,0.5,1
0,1,587,2,10,5,0,300,0.5,1700,0.5,1
0,2,609,2,10,5,0,500,0.6,1000,0.2,1400,0.2,0
0,3,31,1,0,300,0.5,1700,0.5,0
0,4,896,2,10,5,0,500,0.6,1000,0.2,1400,0.2,1
0,5,571,0,0,500,0.6,1000,0.2,1400,0.2,1
0,6,411,2,10,5,0,300,0.5,1700,0.5,1
0,7,308,0,0,500,0.6,1000,0.2,1400,0.2,0
0,8,228,1,0,500,0.6,1000,0.2,1400,0.2,2
0,9,378,0,0,300,0.5,1700,0.5,0
0,10,813,1,0,500,0.6,1000,0.2,1400,0.2,0
0,11,162,1,0,500,0.6,1000,0.2,1400,0.2,0
0,12,795,2,10,5,0,300,0.5,1700,0.5,1
0,13,746,2,10,5,0,500,0.6,1000,0.2,1400,0.2,0
0,14,286,2,10,5,0,300,0.5,1700,0.5,1
0,15,818,0,0,500,0.6,1000,0.2,1400,0.2,0
0,16,791,1,0,300,0.5,1700,0.5,2
0,17,494,1,0,300,0.5,1700,0.5,2
0,18,523,2,10,5,0,300,0.5,1700,0.5,0
0,19,381,1,0,500,0.6,1000,0.2,1400,0.2,2
1,0,961,2,10,5,0,300,0.5,1700,0.5,2
1,1,141,2,10,5,0,300,0.5,1700,0.5,2
1,2,561,1,0,300,0.5,1700,0.5,2
1,3,59,1,0,500,0.6,1000,0.2,1400,0.2,1
1,4,200,0,0,500,0.6,1000,0.2,1400,0.2,1
1,5,315,0,0,500,0.6,1000,0.2,1400,0.2,1
1,6,296,0,0,500,0.6,1000,0.2,1400,0.2,1
1,7,923,0,0,500,0.6,1000,0.2,1400,0.2,2
1,8,462,1,0,500,0.6,1000,0.2,1400,0.2,0
1,9,710,1,0,500,0.6,1000,0.2,1400,0.2,1
1,10,704,2,10,5,0,300,0.5,1700,0.5,2
1,11,209,1,0,300,0.5,1700,0.5,2
1,12,114,2,10,5,0,300,0.5,1700,0.5,0
1,13,43,2,10,5,0,500,0.6,1000,0.2,1400,0.2,1
1,14,986,2,10,5,0,500,0.6,1000,0.2,1400,0.2,2
1,15,969,0,0,300,0.5,1700,0.5,0
1,16,205,2,10,5,0,500,0.6,1000,0.2,1400,0.2,1
1,17,843,2,10,5,0,300,0.5,1700,0.5,2
1,18,725,0,0,500,0.6,1000,0.2,1400,0.2,2
1,19,454,1,0,300,0.5,1700,0.5,0
2,0,810,2,10,5,0,500,0.6,1000,0.2,1400,0.2,0
2,1,802,1,0,500,0.6,1000,0.2,1400,0.2,1
2,2,673,0,0,300,0.5,1700,0.5,0
2,3,19,2,10,5,0,500,0.6,1000,0.2,1400,0.2,2
2,4,516,2,10,5,0,500,0.6,1000,0.2,1400,0.2,2
2,5,933,0,0,300,0.5,1700,0.5,1
2,6,441,2,10,5,0,300,0.5,1700,0.5,2
2,7,13,1,0,500,0.6,1000,0.2,1400,0.2,2
2,8,858,1,0,500,0.6,1000,0.2,1400,0.2,1
2,9,177,1,0,500,0.6,1000,0.2,1400,0.2,0
2,10,68,2,10,5,0,500,0.6,1000,0.2,1400,0.2,0
2,11,502,1,0,300,0.5,1700,0.5,2
2,12,838,1,0,300,0.5,1700,0.5,1
2,13,830,0,0,300,0.5,1700,0.5,1
2,14,469,2,10,5,0,500,0.6,1000,0.2,1400,0.2,0
2,15,847,2,10,5,0,300,0.5,1700,0.5,0
2,16,319,0,0,300,0.5,1700,0.5,2
2,17,347,2,10,5,0,300,0.5,1700,0.5,1
2,18,259,2,10,5,0,500,0.6,1000,0.2,1400,0.2,2
2,19,476,1,0,500,0.6,1000,0.2,1400,0.2,2
3,0,788,1,0,500,0.6,1000,0.2,1400,0.2,0
3,1,641,2,10,5,0,500,0.6,1000,0.2,1400,0.2,1
3,2,564,0,0,500,0.6,1000,0.2,1400,0.2,0
3,3,404,2,10,5,0,300,0.5,1700,0.5,0
3,4,675,2,10,5,0,500,0.6,1000,0.2,1400,0.2,0
3,5,701,2,10,5,0,300,0.5,1700,0.5,0
3,6,843,2,10,5,0,500,0.6,1000,0.2,1400,0.2,1
3,7,460,0,0,300,0.5,1700,0.5,2
3,8,641,2,10,5,0,300,0.5,1700,0.5,0
3,9,113,0,0,500,0.6,1000,0.2,1400,0.2,1
3,10,923,0,0,500,0.6,1000,0.2,1400,0.2,1
3,11,139,0,0,500,0.6,1000,0.2,1400,0.2,0
3,12,108,2,10,5,0,300,0.5,1700,0.5,2
3,13,553,0,0,500,0.6,1000,0.2,1400,0.2,0
3,14,58,0,0,500,0.6,1000,0.2,1400,0.2,2
3,15,826,2,10,5,0,300,0.5,1700,0.5,0
3,16,345,0,0,500,0.6,1000,0.2,1400,0.2,0
3,17,990,0,0,500,0.6,1000,0.2,1400,0.2,0
3,18,700,0,0,500,0.6,1000,0.2,1400,0.2,0
3,19,420,2,10,5,0,300,0.5,1700,0.5,2
4,0,334,0,0,300,0.5,1700,0.5,1
4,1,582,1,0,300,0.5,1700,0.5,1
4,2,654,0,0,500,0.6,1000,0.2,1400,0.2,2
4,3,481,0,0,500,0.6,1000,0.2,1400,0.2,1
4,4,580,2,10,5,0,300,0.5,1700,0.5,2
4,5,833,0,0,500,0.6,1000,0.2,1400,0.2,2
4,6,136,2,10,5,0,300,0.5,1700,0.5,0
4,7,245,2,10,5,0,500,0.6,1000,0.2,1400,0.2,0
4,8,683,0,0,500,0.6,1000,0.2,1400,0.2,2
4,9,887,0,0,300,0.5,1700,0.5,1
4,10,950,2,10,5,0,500,0.6,1000,0.2,1400,0.2,2
4,11,828,2,10,5,0,300,0.5,1700,0.5,0
4,12,19,2,10,5,0,300,0.5,1700,0.5,2
4,13,415,0,0,300,0.5,1700,0.5,0
4,14,275,0,0,300,0.5,1700,0.5,1
4,15,541,0,0,500,0.6,1000,0.2,1400,0.2,1
4,16,743,0,0,500,0.6,1000,0.2,1400,0.2,2
4,17,55,0,0,500,0.6,1000,0.2,1400,0.2,2
4,18,408,1,0,500,0.6,1000,0.2,1400,0.2,2
4,19,591,1,0,500,0.6,1000,0.2,1400,0.2,2
5,0,826,0,0,500,0.6,1000,0.2,1400,0.2,0
5,1,251,2,10,5,0,500,0.6,1000,0.2,1400,0.2,2
5,2,948,2,10,5,0,300,0.5,1700,0.5,2
5,3,599,1,0,300,0.5,1700,0.5,2
5,4,186,2,10,5,0,500,0.6,1000,0.2,1400,0.2,0
5,5,374,2,10,5,0,300,0.5,1700,0.5,0
5,6,262,1,0,500,0.6,1000,0.2,1400,0.2,2
5,7,974,1,0,300,0.5,1700,0.5,0
5,8,296,0,0,300,0.5,1700,0.5,0
5,9,467,0,0,300,0.5,1700,0.5,2
5,10,499,1,0,300,0.5,1700,0.5,1
5,11,402,1,0,500,0.6,1000,0.2,1400,0.2,1
5,12,303,1,0,500,0.6,1000,0.2,1400,0.2,0
5,13,979,2,10,5,0,300,0.5,1700,0.5,2
5,14,782,1,0,300,0.5,1700,0.5,2
5,15,299,2,10,5,0,300,0.5,1700,0.5,1
5,16,550,1,0,300,0.5,1700,0.5,1
5,17,318,0,0,500,0.6,1000,0.2,1400,0.2,0
5,18,530,0,0,300,0.5,1700,0.5,1
5,19,325,2,10,5,0,300,0.5,1700,0.5,2
6,0,434,1,0,300,0.5,1700,0.5,1
6,1,728,0,0,500,0.6,1000,0.2,1400,0.2,0
6,2,711,0,0,500,0.6,1000,0.2,1400,0.2,2
6,3,538,1,0,300,0.5,1700,0.5,1
6,4,477,0,0,500,0.6,1000,0.2,1400,0.2,0
6,5,574,2,10,5,0,500,0.6,1000,0.2,1400,0.2,2
6,6,110,0,0,300,0.5,1700,0.5,0
6,7,956,0,0,500,0.6,1000,0.2,1400,0.2,0
6,8,383,1,0,500,0.6,1000,0.2,1400,0.2,0
6,9,213,2,10,5,0,500,0.6,1000,0.2,1400,0.2,1
6,10,912,2,10,5,0,300,0.5,1700,0.5,0
6,11,394,2,10,5,0,300,0.5,1700,0.5,1
6,12,67,0,0,500,0.6,1000,0.2,1400,0.2,2
6,13,279,2,10,5,0,500,0.6,1000,0.2,1400,0.2,2
6,14,734,1,0,500,0.6,1000,0.2,1400,0.2,0
6,15,622,0,0,500,0.6,1000,0.2,1400,0.2,0
6,16,354,1,0,500,0.6,1000,0.2,1400,0.2,2
6,17,728,2,10,5,0,300,0.5,1700,0.5,0
6,18,126,1,0,300,0.5,1700,0.5,0
6,19,21,2,10,5,0,300,0.5,1700,0.5,0
7,0,69,2,10,5,0,500,0.6,1000,0.2,1400,0.2,2
7,1,253,0,0,300,0.5,1700,0.5,0
7,2,886,2,10,5,0,300,0.5,1700,0.5,2
7,3,512,2,10,5,0,500,0.6,1000,0.2,1400,0.2,2
7,4,925,2,10,5,0,500,0.6,1000,0.2,1400,0.2,1
7,5,154,0,0,500,0.6,1000,0.2,1400,0.2,1
7,6,186,1,0,300,0.5,1700,0.5,1
7,7,337,0,0,500,0.6,1000,0.2,1400,0.2,1
7,8,607,2,10,5,0,300,0.5,1700,0.5,2
7,9,711,1,0,500,0.6,1000,0.2,1400,0.2,2
7,10,837,0,0,300,0.5,1700,0.5,1
7,11,198,0,0,500,0.6,1000,0.2,1400,0.2,1
7,12,414,2,10,5,0,500,0.6,1000,0.2,1400,0.2,0
7,13,455,0,0,300,0.5,1700,0.5,0
7,14,50,0,0,500,0.6,1000,0.2,1400,0.2,0
7,15,930,2,10,5,0,300,0.5,1700,0.5,2
7,16,871,1,0,300,0.5,1700,0.5,1
7,17,472,1,0,300,0.5,1700,0.5,1
7,18,673,1,0,500,0.6,1000,0.2,1400,0.2,0
7,19,750,0,0,300,0.5,1700,0.5,1
8,0,619,0,0,500,0.6,1000,0.2,1400,0.2,1
8,1,905,2,10,5,0,500,0.6,1000,0.2,1400,0.2,1
8,2,255,2,10,5,0,500,0.6,1000,0.2,1400,0.2,0
8,3,72,0,0,500,0.6,1000,0.2,1400,0.2,0
8,4,312,2,10,5,0,500,0.6,1000,0.2,1400,0.2,2
8,5,77,2,10,5,0,500,0.6,1000,0.2,1400,0.2,1
8,6,620,1,0,500,0.6,1000,0.2,1400,0.2,1
8,7,227,0,0,500,0.6,1000,0.2,1400,0.2,0
8,8,903,2,10,5,0,500,0.6,1000,0.2,1400,0.2,0
8,9,563,0,0,300,0.5,1700,0.5,0
8,10,862,0,0,300,0.5,1700,0.5,1
8,11,352,1,0,300,0.5,1700,0.5,1
8,12,682,2,10,5,0,500,0.6,1000,0.2,1400,0.2,1
8,13,884,2,10,5,0,500,0.6,1000,0.2,1400,0.2,0
8,14,957,2,10,5,0,300,0.5,1700,0.5,0
8,15,42,1,0,300,0.5,1700,0.5,1
8,16,838,1,0,500,0.6,1000,0.2,1400,0.2,2
8,17,863,0,0,500,0.6,1000,0.2,1400,0.2,1
8,18,710,0,0,500,0.6,1000,0.2,1400,0.2,2
8,19,230,2,10,5,0,500,0.6,1000,0.2,1400,0.2,2
9,0,719,1,0,500,0.6,1000,0.2,1400,0.2,2
9,1,516,2,10,5,0,300,0.5,1700,0.5,0
9,2,409,1,0,300,0.5,1700,0.5,1
9,3,526,2,10,5,0,500,0.6,1000,0.2,1400,0.2,1
9,4,361,0,0,300,0.5,1700,0.5,0
9,5,158,0,0,500,0.6,1000,0.2,1400,0.2,0
9,6,99,1,0,500,0.6,1000,0.2,1400,0.2,0
9,7,46,1,0,500,0.6,1000,0.2,1400,0.2,1
9,8,807,0,0,300,0.5,1700,0.5,2
9,9,928,1,0,300,0.5,1700,0.5,0
9,10,294,0,0,500,0.6,1000,0.2,1400,0.2,0
9,11,348,2,10,5,0,500,0.6,1000,0.2,1400,0.2,2
9,12,593,2,10,5,0,500,0.6,1000,0.2,1400,0.2,0
9,13,472,0,0,300,0.5,1700,0.5,2
9,14,725,1,0,500,0.6,1000,0.2,1400,0.2,1
9,15,778,1,0,300,0.5,1700,0.5,0
9,16,638,2,10,5,0,300,0.5,1700,0.5,1
9,17,803,1,0,300,0.5,1700,0.5,0
9,18,77,0,0,300,0.5,1700,0.5,0
9,19,518,1,0,500,0.6,1000,0.2,1400,0.2,1
10,0,330,2,10,5,0,500,0.6,1000,0.2,1400,0.2,1
10,1,549,2,10,5,0,300,0.5,1700,0.5,2
10,2,596,1,0,500,0.6,1000,0.2,1400,0.2,2
10,3,680,0,0,500,0.6,1000,0.2,1400,0.2,0
10,4,901,0,0,500,0.6,1000,0.2,1400,0.2,0
10,5,92,0,0,500,0.6,1000,0.2,1400,0.2,2
10,6,895,1,0,500,0.6,1000,0.2,1400,0.2,0
10,7,604,1,0,300,0.5,1700,0.5,0
10,8,161,1,0,300,0.5,1700,0.5,2
10,9,360,1,0,300,0.5,1700,0.5,0
10,10,697,2,10,5,0,300,0.5,1700,0.5,0
10,11,651,0,0,300,0.5,1700,0.5,1
10,12,698,1,0,500,0.6,1000,0.2,1400,0.2,2
10,13,517,2,10,5,0,500,0.6,1000,0.2,1400,0.2,1
10,14,122,0,0,500,0.6,1000,0.2,1400,0.2,1
10,15,562,1,0,300,0.5,1700,0.5,1
10,16,822,0,0,500,0.6,1000,0.2,1400,0.2,1
10,17,723,0,0,300,0.5,1700,0.5,0
10,18,28,1,0,300,0.5,1700,0.5,1
10,19,436,2,10,5,0,500,0.6,1000,0.2,1400,0.2,1
11,0,134,1,0,500,0.6,1000,0.2,1400,0.2,2
11,1,275,2,10,5,0,300,0.5,1700,0.5,2
11,2,934,0,0,300,0.5,1700,0.5,1
11,3,820,0,0,300,0.5,1700,0.5,2
11,4,318,2,10,5,0,500,0.6,1000,0.2,1400,0.2,0
11,5,837,2,10,5,0,300,0.5,1700,0.5,2
11,6,14,2,10,5,0,500,0.6,1000,0.2,1400,0.2,1
11,7,820,1,0,300,0.5,1700,0.5,2
11,8,830,2,10,5,0,300,0.5,1700,0.5,0
11,9,254,0,0,300,0.5,1700,0.5,1
11,10,490,0,0,300,0.5,1700,0.5,1
11,11,728,1,0,300,0.5,1700,0.5,2
11,12,207,1,0,500,0.6,1000,0.2,1400,0.2,0
11,13,61,2,10,5,0,300,0.5,1700,0.5,0
11,14,672,0,0,500,0.6,1000,0.2,1400,0.2,0
11,15,578,0,0,300,0.5,1700,0.5,2
11,16,672,1,0,300,0.5,1700,0.5,2
11,17,723,2,10,5,0,300,0.5,1700,0.5,1
11,18,752,1,0,500,0.6,1000,0.2,1400,0.2,1
11,19,760,2,10,5,0,500,0.6,1000,0.2,1400,0.2,2
12,0,339,0,0,500,0.6,1000,0.2,1400,0.2,0
12,1,222,1,0,300,0.5,1700,0.5,1
12,2,909,2,10,5,0,500,0.6,1000,0.2,1400,0.2,2
12,3,960,1,0,300,0.5,1700,0.5,1
12,4,266,2,10,5,0,500,0.6,1000,0.2,1400,0.2,1
12,5,201,1,0,300,0.5,1700,0.5,1
12,6,589,1,0,500,0.6,1000,0.2,1400,0.2,2
12,7,238,1,0,300,0.5,1700,0.5,0
12,8,984,1,0,300,0.5,1700,0.5,0
12,9,91,1,0,500,0.6,1000,0.2,1400,0.2,1
12,10,866,1,0,500,0.6,1000,0.2,1400,0.2,2
12,11,279,1,0,500,0.6,1000,0.2,1400,0.2,2
12,12,278,2,10,5,0,500,0.6,1000,0.2,1400,0.2,0
12,13,835,0,0,500,0.6,1000,0.2,1400,0.2,2
12,14,95,1,0,300,0.5,1700,0.5,0
12,15,163,2,10,5,0,500,0.6,1000,0.2,1400,0.2,1
12,16,384,2,10,5,0,300,0.5,1700,0.5,2
12,17,140,2,10,5,0,300,0.5,1700,0.5,1
12,18,390,0,0,500,0.6,1000,0.2,1400,0.2,1
12,19,246,0,0,300,0.5,1700,0.5,1
13,0,829,0,0,300,0.5,1700,0.5,0
13,1,416,1,0,500,0.6,1000,0.2,1400,0.2,2
13,2,784,0,0,500,0.6,1000,0.2,1400,0.2,1
13,3,193,0,0,500,0.6,1000,0.2,1400,0.2,1
13,4,169,0,0,300,0.5,1700,0.5,0
13,5,358,2,10,5,0,500,0.6,1000,0.2,1400,0.2,0
13,6,333,1,0,500,0.6,1000,0.2,1400,0.2,1
13,7,780,0,0,300,0.5,1700,0.5,0
13,8,271,0,0,500,0.6,1000,0.2,1400,0.2,1
13,9,946,1,0,300,0.5,1700,0.5,1
13,10,80,0,0,500,0.6,1000,0.2,1400,0.2,2
13,11,103,1,0,500,0.6,1000,0.2,1400,0.2,1
13,12,820,1,0,300,0.5,1700,0.5,0
13,13,773,2,10,5,0,300,0.5,1700,0.5,0
13,14,681,0,0,300,0.5,1700,0.5,1
13,15,357,1,0,300,0.5,1700,0.5,0
13,16,647,0,0,500,0.6,1000,0.2,1400,0.2,1
13,17,428,2,10,5,0,300,0.5,1700,0.5,1
13,18,952,2,10,5,0,300,0.5,1700,0.5,1
13,19,46,1,0,300,0.5,1700,0.5,2
14,0,923,1,0,500,0.6,1000,0.2,1400,0.2,1
14,1,675,2,10,5,0,500,0.6,1000,0.2,1400,0.2,0
14,2,886,2,10,5,0,300,0.5,1700,0.5,1
14,3,699,1,0,500,0.6,1000,0.2,1400,0.2,1
14,4,584,2,10,5,0,300,0.5,1700,0.5,2
14,5,586,1,0,300,0.5,1700,0.5,2
14,6,573,1,0,300,0.5,1700,0.5,0
14,7,931,2,10,5,0,300,0.5,1700,0.5,2
14,8,447,1,0,300,0.5,1700,0.5,0
14,9,130,0,0,300,0.5,1700,0.5,1
14,10,911,1,0,500,0.6,1000,0.2,1400,0.2,2
14,11,211,0,0,300,0.5,1700,0.5,0
14,12,311,0,0,300,0.5,1700,0.5,0
14,13,433,0,0,500,0.6,1000,0.2,1400,0.2,0
14,14,728,1,0,500,0.6,1000,0.2,1400,0.2,2
14,15,773,1,0,500,0.6,1000,0.2,1400,0.2,1
14,16,108,1,0,500,0.6,1000,0.2,1400,0.2,0
14,17,898,0,0,300,0.5,1700,0.5,1
14,18,451,2,10,5,0,500,0.6,1000,0.2,1400,0.2,0
14,19,198,2,10,5,0,300,0.5,1700,0.5,2
15,0,179,0,0,500,0.6,1000,0.2,1400,0.2,2
15,1,978,2,10,5,0,500,0.6,1000,0.2,1400,0.2,0
15,2,795,0,0,300,0.5,1700,0.5,0
15,3,862,2,10,5,0,500,0.6,1000,0.2,1400,0.2,1
15,4,109,2,10,5,0,500,0.6,1000,0.2,1400,0.2,0
15,5,808,0,0,300,0.5,1700,0.5,1
15,6,735,2,10,5,0,300,0.5,1700,0.5,2
15,7,809,0,0,500,0.6,1000,0.2,1400,0.2,2
15,8,316,2,10,5,0,500,0.6,1000,0.2,1400,0.2,1
15,9,289,1,0,500,0.6,1000,0.2,1400,0.2,2
15,10,257,1,0,300,0.5,1700,0.5,1
15,11,328,1,0,300,0.5,1700,0.5,1
15,12,662,2,10,5,0,500,0.6,1000,0.2,1400,0.2,2
15,13,693,1,0,500,0.6,1000,0.2,1400,0.2,1
15,14,21,1,0,500,0.6,1000,0.2,1400,0.2,2
15,15,166,2,10,5,0,300,0.5,1700,0.5,0
15,16,76,1,0,300,0.5,1700,0.5,2
15,17,890,1,0,500,0.6,1000,0.2,1400,0.2,2
15,18,882,0,0,300,0.5,1700,0.5,1
15,19,701,1,0,500,0.6,1000,0.2,1400,0.2,0
16,0,44,0,0,500,0.6,1000,0.2,1400,0.2,0
16,1,908,1,0,300,0.5,1700,0.5,0
16,2,921,0,0,300,0.5,1700,0.5,1
16,3,334,0,0,300,0.5,1700,0.5,0
16,4,751,1,0,300,0.5,1700,0.5,0
16,5,623,2,10,5,0,300,0.5,1700,0.5,2
16,6,353,2,10,5,0,300,0.5,1700,0.5,0
16,7,910,0,0,500,0.6,1000,0.2,1400,0.2,2
16,8,546,1,0,500,0.6,1000,0.2,1400,0.2,2
16,9,843,0,0,500,0.6,1000,0.2,1400,0.2,2
16,10,525,2,10,5,0,500,0.6,1000,0.2,1400,0.2,2
16,11,511,2,10,5,0,300,0.5,1700,0.5,1
16,12,67,2,10,5,0,500,0.6,1000,0.2,1400,0.2,0
16,13,91,2,10,5,0,300,0.5,1700,0.5,2
16,14,708,1,0,500,0.6,1000,0.2,1400,0.2,1
16,15,332,0,0,500,0.6,1000,0.2,1400,0.2,0
16,16,213,0,0,500,0.6,1000,0.2,1400,0.2,1
16,17,359,1,0,500,0.6,1000,0.2,1400,0.2,1
16,18,528,2,10,5,0,300,0.5,1700,0.5,1
16,19,189,1,0,500,0.6,1000,0.2,1400,0.2,2
17,0,651,1,0,300,0.5,1700,0.5,2
17,1,452,1,0,500,0.6,1000,0.2,1400,0.2,1
17,2,836,0,0,500,0.6,1000,0.2,1400,0.2,1
17,3,926,1,0,500,0.6,1000,0.2,1400,0.2,1
17,4,253,2,10,5,0,300,0.5,1700,0.5,2
17,5,333,1,0,500,0.6,1000,0.2,1400,0.2,2
17,6,612,0,0,300,0.5,1700,0.5,2
17,7,271,0,0,300,0.5,1700,0.5,0
17,8,213,0,0,500,0.6,1000,0.2,1400,0.2,1
17,9,532,2,10,5,0,500,0.6,1000,0.2,1400,0.2,2
17,10,739,2,10,5,0,300,0.5,1700,0.5,2
17,11,177,2,10,5,0,500,0.6,1000,0.2,1400,0.2,2
17,12,934,0,0,500,0.6,1000,0.2,1400,0.2,0
17,13,94,0,0,300,0.5,1700,0.5,2
17,14,115,0,0,500,0.6,1000,0.2,1400,0.2,2
17,15,562,1,0,500,0.6,1000,0.2,1400,0.2,2
17,16,711,1,0,500,0.6,1000,0.2,1400,0.2,0
17,17,413,2,10,5,0,500,0.6,1000,0.2,1400,0.2,1
17,18,248,2,10,5,0,500,0.6,1000,0.2,1400,0.2,1
17,19,172,2,10,5,0,300,0.5,1700,0.5,2
18,0,10,0,0,300,0.5,1700,0.5,1
18,1,19,1,0,500,0.6,1000,0.2,1400,0.2,2
18,2,192,0,0,300,0.5,1700,0.5,1
18,3,634,1,0,500,0.6,1000,0.2,1400,0.2,0
18,4,192,0,0,500,0.6,1000,0.2,1400,0.2,0
18,5,96,1,0,500,0.6,1000,0.2,1400,0.2,0
18,6,43,1,0,300,0.5,1700,0.5,0
18,7,92,1,0,500,0.6,1000,0.2,1400,0.2,0
18,8,405,2,10,5,0,500,0.6,1000,0.2,1400,0.2,1
18,9,237,0,0,500,0.6,1000,0.2,1400,0.2,0
18,10,965,2,10,5,0,500,0.6,1000,0.2,1400,0.2,0
18,11,794,1,0,500,0.6,1000,0.2,1400,0.2,0
18,12,321,2,10,5,0,500,0.6,1000,0.2,1400,0.2,2
18,13,741,1,0,500,0.6,1000,0.2,1400,0.2,1
18,14,694,2,10,5,0,500,0.6,1000,0.2,1400,0.2,2
18,15,344,0,0,500,0.6,1000,0.2,1400,0.2,0
18,16,554,1,0,500,0.6,1000,0.2,1400,0.2,2
18,17,946,1,0,300,0.5,1700,0.5,2
18,18,154,0,0,300,0.5,1700,0.5,2
18,19,854,1,0,300,0.5,1700,0.5,0
19,0,143,2,10,5,0,500,0.6,1000,0.2,1400,0.2,1
19,1,380,0,0,300,0.5,1700,0.5,2
19,2,669,0,0,300,0.5,1700,0.5,1
19,3,702,0,0,300,0.5,1700,0.5,1
19,4,240,0,0,500,0.6,1000,0.2,1400,0.2,2
19,5,320,1,0,300,0.5,1700,0.5,0
19,6,606,2,10,5,0,300,0.5,1700,0.5,0
19,7,831,1,0,300,0.5,1700,0.5,1
19,8,732,1,0,300,0.5,1700,0.5,1
19,9,189,2,10,5,0,500,0.6,1000,0.2,1400,0.2,1
19,10,818,1,0,300,0.5,1700,0.5,2
19,11,812,2,10,5,0,500,0.6,1000,0.2,1400,0.2,1
19,12,882,0,0,500,0.6,1000,0.2,1400,0.2,2
19,13,761,1,0,500,0.6,1000,0.2,1400,0.2,2
19,14,133,0,0,300,0.5,1700,0.5,1
19,15,642,2,10,5,0,300,0.5,1700,0.5,0
19,16,672,1,0,300,0.5,1700,0.5,1
19,17,979,0,0,500,0.6,1000,0.2,1400,0.2,2
19,18,540,2,10,5,0,300,0.5,1700,0.5,2
19,19,87,2,10,5,0,500,0.6,1000,0.2,1400,0.2,0
