0,0,599,0,0,300,0.5,1700,0.5,0
0,1,808,2,10,5,0,500,0.6,1000,0.2,1400,0.2,2
0,2,768,0,0,500,0.6,1000,0.2,1400,0.2,1
0,3,219,0,0,500,0.6,1000,0.2,1400,0.2,1
0,4,611,0,0,500,0.6,1000,0.2,1400,0.2,1
0,5,741,1,0,300,0.5,1700,0.5,2
0,6,102,0,0,300,0.5,1700,0.5,2
0,7,406,1,0,300,0.5,1700,0.5,2
0,8,976,1,0,500,0.6,1000,0.2,1400,0.2,2
0,9,229,0,0,300,0.5,1700,0.5,1
0,10,393,2,10,5,0,500,0.6,1000,0.2,1400,0.2,2
0,11,836,1,0,500,0.6,1000,0.2,1400,0.2,0
0,12,49,0,0,500,0.6,1000,0.2,1400,0.2,2
0,13,616,2,10,5,0,300,0.5,1700,0.5,1
0,14,491,2,10,5,0,300,0.5,1700,0.5,1
0,15,680,1,0,500,0.6,1000,0.2,1400,0.2,1
0,16,45,0,0,300,0.5,1700,0.5,0
0,17,766,0,0,500,0.6,1000,0.2,1400,0.2,0
0,18,773,1,0,300,0.5,1700,0.5,2
0,19,979,0,0,500,0.6,1000,0.2,1400,0.2,2
1,0,725,1,0,500,0.6,1000,0.2,1400,0.2,2
1,1,178,2,10,5,0,500,0.6,1000,0.2,1400,0.2,1
1,2,210,0,0,500,0.6,1000,0.2,1400,0.2,2
1,3,223,2,10,5,0,500,0.6,1000,0.2,1400,0.2,1
1,4,947,2,10,5,0,500,0.6,1000,0.2,1400,0.2,1
1,5,862,2,10,5,0,500,0.6,1000,0.2,1400,0.2,1
1,6,587,1,0,500,0.6,1000,0.2,1400,0.2,1
1,7,381,0,0,500,0.6,1000,0.2,1400,0.2,0
1,8,766,1,0,300,0.5,1700,0.5,2
1,9,508,1,0,300,0.5,1700,0.5,1
1,10,383,0,0,300,0.5,1700,0.5,0
1,11,796,0,0,300,0.5,1700,0.5,2
1,12,185,2,10,5,0,300,0.5,1700,0.5,2
1,13,52,0,0,500,0.6,1000,0.2,1400,0.2,1
1,14,368,1,0,500,0.6,1000,0.2,1400,0.2,1
1,15,285,1,0,500,0.6,1000,0.2,1400,0.2,1
1,16,899,2,10,5,0,300,0.5,1700,0.5,1
1,17,381,0,0,500,0.6,1000,0.2,1400,0.2,0
1,18,538,2,10,5,0,500,0.6,1000,0.2,1400,0.2,0
1,19,87,2,10,5,0,300,0.5,1700,0.5,2
2,0,970,2,10,5,0,500,0.6,1000,0.2,1400,0.2,1
2,1,345,0,0,300,0.5,1700,0.5,0
2,2,173,0,0,300,0.5,1700,0.5,1
2,3,556,1,0,500,0.6,1000,0.2,1400,0.2,1
2,4,518,0,0,500,0.6,1000,0.2,1400,0.2,2
2,5,797,0,0,500,0.6,1000,0.2,1400,0.2,2
2,6,337,1,0,500,0.6,1000,0.2,1400,0.2,1
2,7,470,2,10,5,0,300,0.5,1700,0.5,2
2,8,951,1,0,300,0.5,1700,0.5,2
2,9,570,0,0,500,0.6,1000,0.2,1400,0.2,0
2,10,23,1,0,500,0.6,1000,0.2,1400,0.2,2
2,11,337,0,0,300,0.5,1700,0.5,0
2,12,318,1,0,500,0.6,1000,0.2,1400,0.2,1
2,13,25,0,0,500,0.6,1000,0.2,1400,0.2,2
2,14,366,0,0,500,0.6,1000,0.2,1400,0.2,0
2,15,21,1,0,500,0.6,1000,0.2,1400,0.2,0
2,16,840,1,0,300,0.5,1700,0.5,2
2,17,49,2,10,5,0,500,0.6,1000,0.2,1400,0.2,2
2,18,716,2,10,5,0,500,0.6,1000,0.2,1400,0.2,0
2,19,306,2,10,5,0,500,0.6,1000,0.2,1400,0.2,0
3,0,787,0,0,300,0.5,1700,0.5,0
3,1,590,1,0,500,0.6,1000,0.2,1400,0.2,0
3,2,980,0,0,500,0.6,1000,0.2,1400,0.2,2
3,3,165,1,0,500,0.6,1000,0.2,1400,0.2,1
3,4,990,1,0,300,0.5,1700,0.5,2
3,5,34,2,10,5,0,300,0.5,1700,0.5,0
3,6,779,2,10,5,0,300,0.5,1700,0.5,0
3,7,87,0,0,500,0.6,1000,0.2,1400,0.2,0
3,8,568,2,10,5,0,300,0.5,1700,0.5,1
3,9,356,2,10,5,0,500,0.6,1000,0.2,1400,0.2,2
3,10,732,0,0,300,0.5,1700,0.5,0
3,11,475,1,0,300,0.5,1700,0.5,1
3,12,996,1,0,300,0.5,1700,0.5,2
3,13,775,1,0,500,0.6,1000,0.2,1400,0.2,1
3,14,358,2,10,5,0,500,0.6,1000,0.2,1400,0.2,2
3,15,807,2,10,5,0,300,0.5,1700,0.5,2
3,16,35,1,0,500,0.6,1000,0.2,1400,0.2,2
3,17,491,0,0,300,0.5,1700,0.5,1
3,18,31,2,10,5,0,500,0.6,1000,0.2,1400,0.2,0
3,19,470,0,0,300,0.5,1700,0.5,2
4,0,873,2,10,5,0,500,0.6,1000,0.2,1400,0.2,1
4,1,812,0,0,500,0.6,1000,0.2,1400,0.2,0
4,2,790,2,10,5,0,300,0.5,1700,0.5,0
4,3,800,1,0,300,0.5,1700,0.5,1
4,4,456,0,0,300,0.5,1700,0.5,1
4,5,89,2,10,5,0,300,0.5,1700,0.5,0
4,6,233,2,10,5,0,300,0.5,1700,0.5,0
4,7,76,2,10,5,0,500,0.6,1000,0.2,1400,0.2,0
4,8,707,2,10,5,0,300,0.5,1700,0.5,0
4,9,563,1,0,300,0.5,1700,0.5,0
4,10,51,2,10,5,0,300,0.5,1700,0.5,0
4,11,772,1,0,300,0.5,1700,0.5,2
4,12,753,2,10,5,0,500,0.6,1000,0.2,1400,0.2,1
4,13,740,1,0,300,0.5,1700,0.5,0
4,14,717,0,0,300,0.5,1700,0.5,1
4,15,782,0,0,500,0.6,1000,0.2,1400,0.2,2
4,16,605,2,10,5,0,300,0.5,1700,0.5,1
4,17,68,2,10,5,0,300,0.5,1700,0.5,1
4,18,819,0,0,500,0.6,1000,0.2,1400,0.2,0
4,19,84,1,0,300,0.5,1700,0.5,1
5,0,506,1,0,500,0.6,1000,0.2,1400,0.2,0
5,1,63,2,10,5,0,300,0.5,1700,0.5,0
5,2,184,0,0,500,0.6,1000,0.2,1400,0.2,1
5,3,946,1,0,500,0.6,1000,0.2,1400,0.2,2
5,4,680,2,10,5,0,300,0.5,1700,0.5,0
5,5,420,0,0,500,0.6,1000,0.2,1400,0.2,0
5,6,30,2,10,5,0,500,0.6,1000,0.2,1400,0.2,2
5,7,325,2,10,5,0,300,0.5,1700,0.5,1
5,8,730,0,0,300,0.5,1700,0.5,0
5,9,57,0,0,300,0.5,1700,0.5,0
5,10,574,1,0,500,0.6,1000,0.2,1400,0.2,1
5,11,705,1,0,500,0.6,1000,0.2,1400,0.2,2
5,12,512,0,0,300,0.5,1700,0.5,0
5,13,871,2,10,5,0,300,0.5,1700,0.5,1
5,14,618,2,10,5,0,300,0.5,1700,0.5,2
5,15,732,1,0,500,0.6,1000,0.2,1400,0.2,1
5,16,903,0,0,300,0.5,1700,0.5,2
5,17,81,1,0,300,0.5,1700,0.5,0
5,18,884,1,0,300,0.5,1700,0.5,2
5,19,247,2,10,5,0,500,0.6,1000,0.2,1400,0.2,0
6,0,209,1,0,500,0.6,1000,0.2,1400,0.2,1
6,1,536,1,0,300,0.5,1700,0.5,2
6,2,454,1,0,300,0.5,1700,0.5,0
6,3,789,2,10,5,0,300,0.5,1700,0.5,0
6,4,522,1,0,500,0.6,1000,0.2,1400,0.2,0
6,5,381,0,0,300,0.5,1700,0.5,1
6,6,188,2,10,5,0,500,0.6,1000,0.2,1400,0.2,2
6,7,126,1,0,300,0.5,1700,0.5,1
6,8,231,1,0,300,0.5,1700,0.5,1
6,9,775,0,0,500,0.6,1000,0.2,1400,0.2,1
6,10,804,0,0,500,0.6,1000,0.2,1400,0.2,0
6,11,953,2,10,5,0,500,0.6,1000,0.2,1400,0.2,1
6,12,668,2,10,5,0,300,0.5,1700,0.5,1
6,13,65,1,0,300,0.5,1700,0.5,1
6,14,209,2,10,5,0,500,0.6,1000,0.2,1400,0.2,1
6,15,641,0,0,300,0.5,1700,0.5,0
6,16,505,0,0,500,0.6,1000,0.2,1400,0.2,2
6,17,637,2,10,5,0,300,0.5,1700,0.5,2
6,18,557,1,0,300,0.5,1700,0.5,1
6,19,127,0,0,500,0.6,1000,0.2,1400,0.2,1
7,0,109,1,0,500,0.6,1000,0.2,1400,0.2,1
7,1,865,2,10,5,0,500,0.6,1000,0.2,1400,0.2,2
7,2,291,1,0,300,0.5,1700,0.5,1
7,3,314,2,10,5,0,300,0.5,1700,0.5,0
7,4,547,0,0,300,0.5,1700,0.5,2
7,5,846,1,0,500,0.6,1000,0.2,1400,0.2,1
7,6,907,1,0,500,0.6,1000,0.2,1400,0.2,2
7,7,64,0,0,300,0.5,1700,0.5,1
7,8,246,1,0,500,0.6,1000,0.2,1400,0.2,2
7,9,788,0,0,300,0.5,1700,0.5,0
7,10,50,2,10,5,0,500,0.6,1000,0.2,1400,0.2,2
7,11,643,1,0,300,0.5,1700,0.5,1
7,12,848,1,0,500,0.6,1000,0.2,1400,0.2,0
7,13,229,0,0,300,0.5,1700,0.5,1
7,14,576,2,10,5,0,500,0.6,1000,0.2,1400,0.2,0
7,15,77,2,10,5,0,300,0.5,1700,0.5,1
7,16,890,2,10,5,0,500,0.6,1000,0.2,1400,0.2,0
7,17,1000,0,0,300,0.5,1700,0.5,0
7,18,36,0,0,300,0.5,1700,0.5,1
7,19,60,2,10,5,0,300,0.5,1700,0.5,1
8,0,425,1,0,300,0.5,1700,0.5,1
8,1,336,0,0,500,0.6,1000,0.2,1400,0.2,0
8,2,914,2,10,5,0,300,0.5,1700,0.5,1
8,3,528,1,0,500,0.6,1000,0.2,1400,0.2,1
8,4,553,2,10,5,0,300,0.5,1700,0.5,1
8,5,893,0,0,500,0.6,1000,0.2,1400,0.2,2
8,6,971,2,10,5,0,500,0.6,1000,0.2,1400,0.2,1
8,7,611,0,0,500,0.6,1000,0.2,1400,0.2,1
8,8,463,2,10,5,0,300,0.5,1700,0.5,2
8,9,172,0,0,300,0.5,1700,0.5,0
8,10,195,0,0,500,0.6,1000,0.2,1400,0.2,0
8,11,573,0,0,500,0.6,1000,0.2,1400,0.2,1
8,12,650,0,0,300,0.5,1700,0.5,1
8,13,688,0,0,300,0.5,1700,0.5,0
8,14,814,2,10,5,0,500,0.6,1000,0.2,1400,0.2,1
8,15,583,2,10,5,0,300,0.5,1700,0.5,1
8,16,210,1,0,300,0.5,1700,0.5,2
8,17,530,1,0,500,0.6,1000,0.2,1400,0.2,0
8,18,58,0,0,500,0.6,1000,0.2,1400,0.2,0
8,19,895,1,0,300,0.5,1700,0.5,2
9,0,623,1,0,500,0.6,1000,0.2,1400,0.2,2
9,1,320,0,0,500,0.6,1000,0.2,1400,0.2,1
9,2,476,2,10,5,0,500,0.6,1000,0.2,1400,0.2,1
9,3,299,0,0,300,0.5,1700,0.5,0
9,4,498,1,0,300,0.5,1700,0.5,1
9,5,85,1,0,500,0.6,1000,0.2,1400,0.2,0
9,6,106,2,10,5,0,300,0.5,1700,0.5,0
9,7,479,1,0,300,0.5,1700,0.5,1
9,8,282,1,0,300,0.5,1700,0.5,1
9,9,982,0,0,300,0.5,1700,0.5,1
9,10,457,2,10,5,0,300,0.5,1700,0.5,2
9,11,643,0,0,300,0.5,1700,0.5,2
9,12,865,0,0,300,0.5,1700,0.5,0
9,13,504,1,0,300,0.5,1700,0.5,2
9,14,999,1,0,300,0.5,1700,0.5,2
9,15,707,0,0,500,0.6,1000,0.2,1400,0.2,2
9,16,81,1,0,500,0.6,1000,0.2,1400,0.2,0
9,17,399,0,0,300,0.5,1700,0.5,0
9,18,14,1,0,500,0.6,1000,0.2,1400,0.2,2
9,19,331,1,0,300,0.5,1700,0.5,0
10,0,114,1,0,500,0.6,1000,0.2,1400,0.2,2
10,1,474,0,0,300,0.5,1700,0.5,0
10,2,935,2,10,5,0,500,0.6,1000,0.2,1400,0.2,1
10,3,924,0,0,300,0.5,1700,0.5,1
10,4,602,2,10,5,0,300,0.5,1700,0.5,1
10,5,229,2,10,5,0,300,0.5,1700,0.5,2
10,6,48,1,0,300,0.5,1700,0.5,0
10,7,136,1,0,300,0.5,1700,0.5,2
10,8,134,2,10,5,0,300,0.5,1700,0.5,0
10,9,186,1,0,500,0.6,1000,0.2,1400,0.2,1
10,10,696,2,10,5,0,300,0.5,1700,0.5,0
10,11,728,0,0,300,0.5,1700,0.5,2
10,12,136,0,0,500,0.6,1000,0.2,1400,0.2,0
10,13,629,2,10,5,0,500,0.6,1000,0.2,1400,0.2,2
10,14,549,2,10,5,0,500,0.6,1000,0.2,1400,0.2,1
10,15,931,2,10,5,0,300,0.5,1700,0.5,0
10,16,60,0,0,500,0.6,1000,0.2,1400,0.2,2
10,17,379,1,0,500,0.6,1000,0.2,1400,0.2,1
10,18,552,0,0,300,0.5,1700,0.5,2
10,19,256,2,10,5,0,300,0.5,1700,0.5,0
11,0,436,2,10,5,0,500,0.6,1000,0.2,1400,0.2,1
11,1,842,2,10,5,0,300,0.5,1700,0.5,1
11,2,605,2,10,5,0,500,0.6,1000,0.2,1400,0.2,0
11,3,938,0,0,300,0.5,1700,0.5,0
11,4,747,2,10,5,0,300,0.5,1700,0.5,0
11,5,203,0,0,300,0.5,1700,0.5,2
11,6,221,0,0,300,0.5,1700,0.5,0
11,7,575,2,10,5,0,500,0.6,1000,0.2,1400,0.2,0
11,8,402,1,0,300,0.5,1700,0.5,2
11,9,429,2,10,5,0,300,0.5,1700,0.5,2
11,10,348,1,0,500,0.6,1000,0.2,1400,0.2,1
11,11,241,2,10,5,0,300,0.5,1700,0.5,2
11,12,147,0,0,300,0.5,1700,0.5,0
11,13,405,2,10,5,0,300,0.5,1700,0.5,1
11,14,811,0,0,300,0.5,1700,0.5,0
11,15,106,0,0,500,0.6,1000,0.2,1400,0.2,2
11,16,220,2,10,5,0,300,0.5,1700,0.5,2
11,17,358,0,0,500,0.6,1000,0.2,1400,0.2,2
11,18,507,0,0,300,0.5,1700,0.5,0
11,19,995,1,0,300,0.5,1700,0.5,1
12,0,495,0,0,300,0.5,1700,0.5,1
12,1,263,1,0,500,0.6,1000,0.2,1400,0.2,2
12,2,148,0,0,500,0.6,1000,0.2,1400,0.2,1
12,3,951,2,10,5,0,500,0.6,1000,0.2,1400,0.2,0
12,4,745,2,10,5,0,500,0.6,1000,0.2,1400,0.2,2
12,5,909,0,0,300,0.5,1700,0.5,1
12,6,145,0,0,500,0.6,1000,0.2,1400,0.2,0
12,7,561,0,0,300,0.5,1700,0.5,1
12,8,104,2,10,5,0,300,0.5,1700,0.5,1
12,9,578,2,10,5,0,500,0.6,1000,0.2,1400,0.2,2
12,10,432,1,0,300,0.5,1700,0.5,0
12,11,635,1,0,300,0.5,1700,0.5,1
12,12,424,1,0,500,0.6,1000,0.2,1400,0.2,2
12,13,249,2,10,5,0,300,0.5,1700,0.5,1
12,14,571,2,10,5,0,500,0.6,1000,0.2,1400,0.2,2
12,15,199,0,0,300,0.5,1700,0.5,0
12,16,621,2,10,5,0,500,0.6,1000,0.2,1400,0.2,0
12,17,669,1,0,300,0.5,1700,0.5,1
12,18,732,0,0,500,0.6,1000,0.2,1400,0.2,1
12,19,350,1,0,300,0.5,1700,0.5,0
13,0,306,0,0,500,0.6,1000,0.2,1400,0.2,1
13,1,896,2,10,5,0,500,0.6,1000,0.2,1400,0.2,0
13,2,28,2,10,5,0,500,0.6,1000,0.2,1400,0.2,2
13,3,539,2,10,5,0,300,0.5,1700,0.5,1
13,4,433,0,0,500,0.6,1000,0.2,1400,0.2,2
13,5,279,1,0,300,0.5,1700,0.5,2
13,6,991,0,0,300,0.5,1700,0.5,2
13,7,214,0,0,500,0.6,1000,0.2,1400,0.2,0
13,8,325,1,0,500,0.6,1000,0.2,1400,0.2,0
13,9,928,1,0,500,0.6,1000,0.2,1400,0.2,0
13,10,163,1,0,300,0.5,1700,0.5,1
13,11,697,0,0,300,0.5,1700,0.5,2
13,12,709,1,0,300,0.5,1700,0.5,2
13,13,301,0,0,500,0.6,1000,0.2,1400,0.2,2
13,14,607,2,10,5,0,300,0.5,1700,0.5,2
13,15,559,1,0,300,0.5,1700,0.5,2
13,16,970,2,10,5,0,300,0.5,1700,0.5,2
13,17,671,2,10,5,0,500,0.6,1000,0.2,1400,0.2,0
13,18,558,1,0,300,0.5,1700,0.5,2
13,19,47,2,10,5,0,500,0.6,1000,0.2,1400,0.2,2
14,0,453,2,10,5,0,500,0.6,1000,0.2,1400,0.2,1
14,1,189,1,0,500,0.6,1000,0.2,1400,0.2,0
14,2,597,2,10,5,0,500,0.6,1000,0.2,1400,0.2,1
14,3,160,1,0,300,0.5,1700,0.5,1
14,4,116,0,0,300,0.5,1700,0.5,2
14,5,673,2,10,5,0,300,0.5,1700,0.5,2
14,6,176,0,0,300,0.5,1700,0.5,2
14,7,470,2,10,5,0,300,0.5,1700,0.5,2
14,8,503,1,0,500,0.6,1000,0.2,1400,0.2,0
14,9,199,2,10,5,0,500,0.6,1000,0.2,1400,0.2,0
14,10,61,1,0,300,0.5,1700,0.5,1
14,11,992,2,10,5,0,300,0.5,1700,0.5,1
14,12,527,1,0,500,0.6,1000,0.2,1400,0.2,0
14,13,877,1,0,500,0.6,1000,0.2,1400,0.2,2
14,14,508,2,10,5,0,500,0.6,1000,0.2,1400,0.2,0
14,15,241,2,10,5,0,500,0.6,1000,0.2,1400,0.2,2
14,16,384,2,10,5,0,500,0.6,1000,0.2,1400,0.2,2
14,17,919,0,0,500,0.6,1000,0.2,1400,0.2,1
14,18,519,0,0,300,0.5,1700,0.5,1
14,19,279,2,10,5,0,300,0.5,1700,0.5,1
15,0,423,2,10,5,0,300,0.5,1700,0.5,0
15,1,79,0,0,300,0.5,1700,0.5,0
15,2,718,0,0,300,0.5,1700,0.5,2
15,3,535,1,0,300,0.5,1700,0.5,1
15,4,386,2,10,5,0,500,0.6,1000,0.2,1400,0.2,1
15,5,602,2,10,5,0,300,0.5,1700,0.5,1
15,6,450,2,10,5,0,300,0.5,1700,0.5,2
15,7,178,2,10,5,0,300,0.5,1700,0.5,1
15,8,566,2,10,5,0,300,0.5,1700,0.5,2
15,9,994,2,10,5,0,300,0.5,1700,0.5,0
15,10,957,1,0,300,0.5,1700,0.5,2
15,11,705,2,10,5,0,500,0.6,1000,0.2,1400,0.2,2
15,12,765,1,0,500,0.6,1000,0.2,1400,0.2,0
15,13,598,1,0,500,0.6,1000,0.2,1400,0.2,1
15,14,577,1,0,500,0.6,1000,0.2,1400,0.2,2
15,15,250,2,10,5,0,500,0.6,1000,0.2,1400,0.2,2
15,16,329,1,0,500,0.6,1000,0.2,1400,0.2,2
15,17,656,0,0,300,0.5,1700,0.5,1
15,18,819,1,0,500,0.6,1000,0.2,1400,0.2,1
15,19,661,1,0,300,0.5,1700,0.5,0
16,0,367,0,0,300,0.5,1700,0.5,1
16,1,747,2,10,5,0,300,0.5,1700,0.5,2
16,2,243,1,0,300,0.5,1700,0.5,2
16,3,120,0,0,500,0.6,1000,0.2,1400,0.2,2
16,4,610,1,0,500,0.6,1000,0.2,1400,0.2,2
16,5,148,2,10,5,0,500,0.6,1000,0.2,1400,0.2,0
16,6,344,2,10,5,0,300,0.5,1700,0.5,1
16,7,947,0,0,300,0.5,1700,0.5,1
16,8,297,1,0,500,0.6,1000,0.2,1400,0.2,2
16,9,678,0,0,500,0.6,1000,0.2,1400,0.2,0
16,10,684,1,0,300,0.5,1700,0.5,2
16,11,62,2,10,5,0,300,0.5,1700,0.5,0
16,12,678,2,10,5,0,500,0.6,1000,0.2,1400,0.2,0
16,13,30,1,0,500,0.6,1000,0.2,1400,0.2,2
16,14,690,2,10,5,0,500,0.6,1000,0.2,1400,0.2,2
16,15,710,0,0,300,0.5,1700,0.5,0
16,16,620,2,10,5,0,500,0.6,1000,0.2,1400,0.2,1
16,17,954,2,10,5,0,500,0.6,1000,0.2,1400,0.2,0
16,18,753,2,10,5,0,500,0.6,1000,0.2,1400,0.2,2
16,19,529,2,10,5,0,500,0.6,1000,0.2,1400,0.2,1
17,0,12,1,0,500,0.6,1000,0.2,1400,0.2,2
17,1,945,1,0,500,0.6,1000,0.2,1400,0.2,0
17,2,212,0,0,300,0.5,1700,0.5,0
17,3,548,0,0,300,0.5,1700,0.5,2
17,4,175,2,10,5,0,300,0.5,1700,0.5,1
17,5,415,1,0,300,0.5,1700,0.5,1
17,6,591,2,10,5,0,300,0.5,1700,0.5,0
17,7,352,2,10,5,0,500,0.6,1000,0.2,1400,0.2,1
17,8,261,1,0,500,0.6,1000,0.2,1400,0.2,0
17,9,488,2,10,5,0,300,0.5,1700,0.5,1
17,10,693,2,10,5,0,300,0.5,1700,0.5,0
17,11,810,0,0,500,0.6,1000,0.2,1400,0.2,1
17,12,474,2,10,5,0,300,0.5,1700,0.5,2
17,13,439,1,0,500,0.6,1000,0.2,1400,0.2,1
17,14,435,1,0,300,0.5,1700,0.5,2
17,15,237,0,0,300,0.5,1700,0.5,0
17,16,905,1,0,300,0.5,1700,0.5,1
17,17,331,1,0,500,0.6,1000,0.2,1400,0.2,0
17,18,111,0,0,500,0.6,1000,0.2,1400,0.2,0
17,19,795,2,10,5,0,300,0.5,1700,0.5,1
18,0,94,2,10,5,0,300,0.5,1700,0.5,0
18,1,326,0,0,500,0.6,1000,0.2,1400,0.2,1
18,2,826,0,0,500,0.6,1000,0.2,1400,0.2,1
18,3,930,0,0,500,0.6,1000,0.2,1400,0.2,2
18,4,763,0,0,500,0.6,1000,0.2,1400,0.2,2
18,5,550,2,10,5,0,500,0.6,1000,0.2,1400,0.2,2
18,6,611,2,10,5,0,300,0.5,1700,0.5,2
18,7,71,0,0,300,0.5,1700,0.5,0
18,8,47,2,10,5,0,500,0.6,1000,0.2,1400,0.2,1
18,9,630,1,0,500,0.6,1000,0.2,1400,0.2,2
18,10,861,0,0,300,0.5,1700,0.5,2
18,11,319,2,10,5,0,500,0.6,1000,0.2,1400,0.2,0
18,12,509,1,0,300,0.5,1700,0.5,1
18,13,393,0,0,300,0.5,1700,0.5,2
18,14,881,1,0,300,0.5,1700,0.5,1
18,15,456,0,0,300,0.5,1700,0.5,0
18,16,972,1,0,500,0.6,1000,0.2,1400,0.2,0
18,17,616,2,10,5,0,300,0.5,1700,0.5,0
18,18,401,1,0,500,0.6,1000,0.2,1400,0.2,2
18,19,946,2,10,5,0,300,0.5,1700,0.5,0
19,0,232,1,0,500,0.6,1000,0.2,1400,0.2,2
19,1,199,0,0,300,0.5,1700,0.5,1
19,2,453,1,0,500,0.6,1000,0.2,1400,0.2,2
19,3,198,2,10,5,0,500,0.6,1000,0.2,1400,0.2,2
19,4,846,0,0,300,0.5,1700,0.5,0
19,5,84,0,0,300,0.5,1700,0.5,0
19,6,499,1,0,500,0.6,1000,0.2,1400,0.2,1
19,7,792,1,0,300,0.5,1700,0.5,1
19,8,89,2,10,5,0,300,0.5,1700,0.5,0
19,9,536,2,10,5,0,300,0.5,1700,0.5,1
19,10,724,2,10,5,0,500,0.6,1000,0.2,1400,0.2,2
19,11,989,0,0,500,0.6,1000,0.2,1400,0.2,0
19,12,605,1,0,300,0.5,1700,0.5,0
19,13,449,0,0,500,0.6,1000,0.2,1400,0.2,1
19,14,774,1,0,300,0.5,1700,0.5,1
19,15,453,2,10,5,0,500,0.6,1000,0.2,1400,0.2,0
19,16,821,2,10,5,0,500,0.6,1000,0.2,1400,0.2,0
19,17,465,2,10,5,0,300,0.5,1700,0.5,2
19,18,639,0,0,300,0.5,1700,0.5,2
19,19,684,2,10,5,0,500,0.6,1000,0.2,1400,0.2,1
