0,0,879,0,0,300,0.5,1700,0.5,1
0,1,363,1,0,500,0.6,1000,0.2,1400,0.2,0
0,2,843,1,0,500,0.6,1000,0.2,1400,0.2,1
0,3,66,1,0,300,0.5,1700,0.5,2
0,4,330,1,0,300,0.5,1700,0.5,1
0,5,564,1,0,500,0.6,1000,0.2,1400,0.2,1
0,6,941,0,0,300,0.5,1700,0.5,1
0,7,883,2,10,5,0,500,0.6,1000,0.2,1400,0.2,0
0,8,103,1,0,300,0.5,1700,0.5,0
0,9,890,0,0,300,0.5,1700,0.5,0
0,10,874,2,10,5,0,300,0.5,1700,0.5,0
0,11,713,1,0,500,0.6,1000,0.2,1400,0.2,0
0,12,963,0,0,300,0.5,1700,0.5,1
0,13,643,0,0,300,0.5,1700,0.5,2
0,14,907,2,10,5,0,300,0.5,1700,0.5,2
0,15,280,2,10,5,0,300,0.5,1700,0.5,1
0,16,675,2,10,5,0,300,0.5,1700,0.5,0
0,17,87,0,0,500,0.6,1000,0.2,1400,0.2,1
0,18,891,2,10,5,0,500,0.6,1000,0.2,1400,0.2,1
0,19,471,0,0,300,0.5,1700,0.5,2
1,0,169,0,0,300,0.5,1700,0.5,0
1,1,645,1,0,500,0.6,1000,0.2,1400,0.2,0
1,2,121,2,10,5,0,300,0.5,1700,0.5,0
1,3,378,2,10,5,0,300,0.5,1700,0.5,2
1,4,993,1,0,300,0.5,1700,0.5,2
1,5,170,0,0,300,0.5,1700,0.5,0
1,6,376,1,0,300,0.5,1700,0.5,2
1,7,707,1,0,300,0.5,1700,0.5,2
1,8,708,1,0,300,0.5,1700,0.5,0
1,9,546,1,0,300,0.5,1700,0.5,2
1,10,336,1,0,500,0.6,1000,0.2,1400,0.2,1
1,11,421,0,0,300,0.5,1700,0.5,0
1,12,753,1,0,500,0.6,1000,0.2,1400,0.2,0
1,13,735,1,0,300,0.5,1700,0.5,1
1,14,89,0,0,500,0.6,1000,0.2,1400,0.2,1
1,15,460,2,10,5,0,300,0.5,1700,0.5,2
1,16,856,1,0,500,0.6,1000,0.2,1400,0.2,2
1,17,491,2,10,5,0,300,0.5,1700,0.5,0
1,18,691,0,0,300,0.5,1700,0.5,2
1,19,907,0,0,300,0.5,1700,0.5,1
2,0,863,1,0,500,0.6,1000,0.2,1400,0.2,2
2,1,359,2,10,5,0,500,0.6,1000,0.2,1400,0.2,2
2,2,797,0,0,500,0.6,1000,0.2,1400,0.2,2
2,3,180,0,0,300,0.5,1700,0.5,1
2,4,908,2,10,5,0,500,0.6,1000,0.2,1400,0.2,0
2,5,951,1,0,500,0.6,1000,0.2,1400,0.2,1
2,6,959,1,0,300,0.5,1700,0.5,2
2,7,914,1,0,300,0.5,1700,0.5,2
2,8,457,2,10,5,0,300,0.5,1700,0.5,0
2,9,950,1,0,300,0.5,1700,0.5,2
2,10,190,0,0,500,0.6,1000,0.2,1400,0.2,1
2,11,729,1,0,300,0.5,1700,0.5,1
2,12,538,0,0,300,0.5,1700,0.5,2
2,13,928,1,0,500,0.6,1000,0.2,1400,0.2,1
2,14,80,0,0,300,0.5,1700,0.5,1
2,15,813,2,10,5,0,300,0.5,1700,0.5,0
2,16,651,2,10,5,0,500,0.6,1000,0.2,1400,0.2,2
2,17,889,2,10,5,0,500,0.6,1000,0.2,1400,0.2,2
2,18,534,1,0,300,0.5,1700,0.5,0
2,19,361,1,0,300,0.5,1700,0.5,2
3,0,206,1,0,500,0.6,1000,0.2,1400,0.2,0
3,1,416,1,0,500,0.6,1000,0.2,1400,0.2,1
3,2,63,2,10,5,0,300,0.5,1700,0.5,2
3,3,982,1,0,500,0.6,1000,0.2,1400,0.2,1
3,4,441,1,0,500,0.6,1000,0.2,1400,0.2,0
3,5,105,0,0,500,0.6,1000,0.2,1400,0.2,2
3,6,322,1,0,500,0.6,1000,0.2,1400,0.2,1
3,7,185,1,0,300,0.5,1700,0.5,2
3,8,85,0,0,500,0.6,1000,0.2,1400,0.2,2
3,9,537,2,10,5,0,500,0.6,1000,0.2,1400,0.2,1
3,10,875,0,0,300,0.5,1700,0.5,2
3,11,691,1,0,500,0.6,1000,0.2,1400,0.2,2
3,12,988,0,0,300,0.5,1700,0.5,0
3,13,994,1,0,300,0.5,1700,0.5,0
3,14,305,2,10,5,0,500,0.6,1000,0.2,1400,0.2,0
3,15,819,0,0,500,0.6,1000,0.2,1400,0.2,2
3,16,441,1,0,300,0.5,1700,0.5,0
3,17,774,0,0,300,0.5,1700,0.5,2
3,18,653,2,10,5,0,500,0.6,1000,0.2,1400,0.2,0
3,19,691,2,10,5,0,300,0.5,1700,0.5,1
4,0,290,0,0,300,0.5,1700,0.5,0
4,1,782,1,0,500,0.6,1000,0.2,1400,0.2,1
4,2,172,2,10,5,0,500,0.6,1000,0.2,1400,0.2,0
4,3,687,1,0,500,0.6,1000,0.2,1400,0.2,1
4,4,650,0,0,300,0.5,1700,0.5,1
4,5,872,1,0,500,0.6,1000,0.2,1400,0.2,2
4,6,432,2,10,5,0,300,0.5,1700,0.5,0
4,7,596,0,0,300,0.5,1700,0.5,2
4,8,201,1,0,300,0.5,1700,0.5,0
4,9,102,1,0,500,0.6,1000,0.2,1400,0.2,1
4,10,739,2,10,5,0,300,0.5,1700,0.5,1
4,11,29,0,0,500,0.6,1000,0.2,1400,0.2,0
4,12,510,1,0,300,0.5,1700,0.5,0
4,13,971,2,10,5,0,500,0.6,1000,0.2,1400,0.2,2
4,14,396,2,10,5,0,500,0.6,1000,0.2,1400,0.2,2
4,15,19,1,0,500,0.6,1000,0.2,1400,0.2,2
4,16,833,2,10,5,0,300,0.5,1700,0.5,0
4,17,622,1,0,500,0.6,1000,0.2,1400,0.2,1
4,18,634,0,0,300,0.5,1700,0.5,2
4,19,992,0,0,300,0.5,1700,0.5,0
5,0,656,2,10,5,0,500,0.6,1000,0.2,1400,0.2,1
5,1,871,0,0,500,0.6,1000,0.2,1400,0.2,0
5,2,28,2,10,5,0,300,0.5,1700,0.5,0
5,3,684,2,10,5,0,500,0.6,1000,0.2,1400,0.2,0
5,4,572,2,10,5,0,500,0.6,1000,0.2,1400,0.2,1
5,5,823,2,10,5,0,500,0.6,1000,0.2,1400,0.2,1
5,6,778,1,0,500,0.6,1000,0.2,1400,0.2,0
5,7,477,0,0,500,0.6,1000,0.2,1400,0.2,2
5,8,694,2,10,5,0,500,0.6,1000,0.2,1400,0.2,1
5,9,580,2,10,5,0,500,0.6,1000,0.2,1400,0.2,2
5,10,449,0,0,500,0.6,1000,0.2,1400,0.2,0
5,11,133,2,10,5,0,300,0.5,1700,0.5,0
5,12,589,1,0,300,0.5,1700,0.5,2
5,13,203,2,10,5,0,500,0.6,1000,0.2,1400,0.2,1
5,14,216,0,0,300,0.5,1700,0.5,1
5,15,793,1,0,500,0.6,1000,0.2,1400,0.2,0
5,16,503,1,0,300,0.5,1700,0.5,0
5,17,367,2,10,5,0,300,0.5,1700,0.5,1
5,18,205,0,0,300,0.5,1700,0.5,1
5,19,665,2,10,5,0,300,0.5,1700,0.5,0
6,0,323,1,0,500,0.6,1000,0.2,1400,0.2,0
6,1,997,2,10,5,0,500,0.6,1000,0.2,1400,0.2,2
6,2,800,2,10,5,0,300,0.5,1700,0.5,2
6,3,868,2,10,5,0,300,0.5,1700,0.5,0
6,4,730,1,0,500,0.6,1000,0.2,1400,0.2,0
6,5,615,1,0,300,0.5,1700,0.5,1
6,6,258,0,0,500,0.6,1000,0.2,1400,0.2,0
6,7,369,0,0,300,0.5,1700,0.5,2
6,8,573,2,10,5,0,300,0.5,1700,0.5,2
6,9,758,2,10,5,0,500,0.6,1000,0.2,1400,0.2,2
6,10,495,1,0,500,0.6,1000,0.2,1400,0.2,1
6,11,885,2,10,5,0,500,0.6,1000,0.2,1400,0.2,1
6,12,837,0,0,300,0.5,1700,0.5,2
6,13,296,1,0,300,0.5,1700,0.5,1
6,14,801,2,10,5,0,500,0.6,1000,0.2,1400,0.2,2
6,15,542,0,0,500,0.6,1000,0.2,1400,0.2,2
6,16,730,0,0,300,0.5,1700,0.5,2
6,17,870,1,0,300,0.5,1700,0.5,2
6,18,621,2,10,5,0,300,0.5,1700,0.5,1
6,19,270,2,10,5,0,500,0.6,1000,0.2,1400,0.2,2
7,0,520,2,10,5,0,300,0.5,1700,0.5,2
7,1,253,2,10,5,0,500,0.6,1000,0.2,1400,0.2,1
7,2,763,1,0,300,0.5,1700,0.5,2
7,3,870,1,0,300,0.5,1700,0.5,1
7,4,166,1,0,500,0.6,1000,0.2,1400,0.2,0
7,5,492,0,0,300,0.5,1700,0.5,0
7,6,825,0,0,500,0.6,1000,0.2,1400,0.2,0
7,7,443,1,0,500,0.6,1000,0.2,1400,0.2,2
7,8,782,1,0,500,0.6,1000,0.2,1400,0.2,0
7,9,807,1,0,500,0.6,1000,0.2,1400,0.2,0
7,10,99,0,0,300,0.5,1700,0.5,0
7,11,637,0,0,500,0.6,1000,0.2,1400,0.2,0
7,12,710,0,0,500,0.6,1000,0.2,1400,0.2,0
7,13,69,2,10,5,0,500,0.6,1000,0.2,1400,0.2,1
7,14,465,2,10,5,0,300,0.5,1700,0.5,0
7,15,829,2,10,5,0,300,0.5,1700,0.5,2
7,16,354,2,10,5,0,300,0.5,1700,0.5,2
7,17,547,0,0,500,0.6,1000,0.2,1400,0.2,2
7,18,847,0,0,500,0.6,1000,0.2,1400,0.2,1
7,19,967,2,10,5,0,300,0.5,1700,0.5,2
8,0,790,1,0,500,0.6,1000,0.2,1400,0.2,1
8,1,504,2,10,5,0,300,0.5,1700,0.5,0
8,2,746,2,10,5,0,500,0.6,1000,0.2,1400,0.2,1
8,3,601,1,0,300,0.5,1700,0.5,0
8,4,979,1,0,300,0.5,1700,0.5,0
8,5,912,2,10,5,0,500,0.6,1000,0.2,1400,0.2,0
8,6,929,1,0,500,0.6,1000,0.2,1400,0.2,0
8,7,561,0,0,300,0.5,1700,0.5,2
8,8,629,2,10,5,0,500,0.6,1000,0.2,1400,0.2,1
8,9,548,0,0,300,0.5,1700,0.5,0
8,10,955,0,0,500,0.6,1000,0.2,1400,0.2,2
8,11,268,2,10,5,0,500,0.6,1000,0.2,1400,0.2,0
8,12,787,0,0,500,0.6,1000,0.2,1400,0.2,2
8,13,132,0,0,500,0.6,1000,0.2,1400,0.2,1
8,14,493,0,0,500,0.6,1000,0.2,1400,0.2,2
8,15,459,0,0,300,0.5,1700,0.5,1
8,16,979,1,0,500,0.6,1000,0.2,1400,0.2,0
8,17,276,2,10,5,0,300,0.5,1700,0.5,0
8,18,610,1,0,300,0.5,1700,0.5,2
8,19,27,0,0,300,0.5,1700,0.5,0
9,0,906,2,10,5,0,500,0.6,1000,0.2,1400,0.2,1
9,1,904,1,0,500,0.6,1000,0.2,1400,0.2,2
9,2,272,0,0,500,0.6,1000,0.2,1400,0.2,2
9,3,953,0,0,500,0.6,1000,0.2,1400,0.2,2
9,4,645,0,0,300,0.5,1700,0.5,1
9,5,215,0,0,300,0.5,1700,0.5,2
9,6,188,1,0,300,0.5,1700,0.5,2
9,7,900,0,0,500,0.6,1000,0.2,1400,0.2,2
9,8,410,0,0,300,0.5,1700,0.5,2
9,9,115,2,10,5,0,300,0.5,1700,0.5,1
9,10,206,2,10,5,0,500,0.6,1000,0.2,1400,0.2,1
9,11,147,0,0,300,0.5,1700,0.5,2
9,12,880,1,0,500,0.6,1000,0.2,1400,0.2,0
9,13,726,2,10,5,0,500,0.6,1000,0.2,1400,0.2,2
9,14,308,0,0,500,0.6,1000,0.2,1400,0.2,2
9,15,706,2,10,5,0,300,0.5,1700,0.5,2
9,16,488,0,0,300,0.5,1700,0.5,1
9,17,531,0,0,300,0.5,1700,0.5,0
9,18,256,2,10,5,0,300,0.5,1700,0.5,2
9,19,970,0,0,300,0.5,1700,0.5,2
10,0,844,0,0,300,0.5,1700,0.5,0
10,1,287,0,0,500,0.6,1000,0.2,1400,0.2,2
10,2,989,2,10,5,0,500,0.6,1000,0.2,1400,0.2,1
10,3,303,2,10,5,0,300,0.5,1700,0.5,2
10,4,345,0,0,500,0.6,1000,0.2,1400,0.2,2
10,5,627,1,0,300,0.5,1700,0.5,0
10,6,110,0,0,300,0.5,1700,0.5,2
10,7,144,1,0,500,0.6,1000,0.2,1400,0.2,1
10,8,183,0,0,500,0.6,1000,0.2,1400,0.2,0
10,9,988,1,0,300,0.5,1700,0.5,0
10,10,111,1,0,300,0.5,1700,0.5,1
10,11,556,2,10,5,0,300,0.5,1700,0.5,2
10,12,773,1,0,300,0.5,1700,0.5,0
10,13,248,1,0,500,0.6,1000,0.2,1400,0.2,1
10,14,162,1,0,500,0.6,1000,0.2,1400,0.2,2
10,15,764,0,0,500,0.6,1000,0.2,1400,0.2,2
10,16,548,1,0,300,0.5,1700,0.5,1
10,17,643,0,0,500,0.6,1000,0.2,1400,0.2,1
10,18,530,0,0,300,0.5,1700,0.5,0
10,19,942,2,10,5,0,500,0.6,1000,0.2,1400,0.2,0
11,0,640,0,0,300,0.5,1700,0.5,0
11,1,331,1,0,300,0.5,1700,0.5,0
11,2,565,1,0,300,0.5,1700,0.5,0
11,3,959,2,10,5,0,300,0.5,1700,0.5,2
11,4,477,2,10,5,0,300,0.5,1700,0.5,2
11,5,597,1,0,300,0.5,1700,0.5,0
11,6,417,0,0,500,0.6,1000,0.2,1400,0.2,1
11,7,721,1,0,300,0.5,1700,0.5,1
11,8,370,1,0,300,0.5,1700,0.5,0
11,9,678,0,0,500,0.6,1000,0.2,1400,0.2,0
11,10,862,0,0,300,0.5,1700,0.5,2
11,11,564,0,0,300,0.5,1700,0.5,1
11,12,771,0,0,500,0.6,1000,0.2,1400,0.2,0
11,13,987,1,0,300,0.5,1700,0.5,1
11,14,855,2,10,5,0,500,0.6,1000,0.2,1400,0.2,2
11,15,230,0,0,500,0.6,1000,0.2,1400,0.2,1
11,16,548,0,0,500,0.6,1000,0.2,1400,0.2,0
11,17,782,2,10,5,0,500,0.6,1000,0.2,1400,0.2,1
11,18,446,1,0,500,0.6,1000,0.2,1400,0.2,0
11,19,69,2,10,5,0,500,0.6,1000,0.2,1400,0.2,0
12,0,557,1,0,500,0.6,1000,0.2,1400,0.2,1
12,1,10,1,0,500,0.6,1000,0.2,1400,0.2,0
12,2,154,2,10,5,0,500,0.6,1000,0.2,1400,0.2,1
12,3,937,1,0,300,0.5,1700,0.5,1
12,4,34,1,0,500,0.6,1000,0.2,1400,0.2,0
12,5,611,1,0,500,0.6,1000,0.2,1400,0.2,0
12,6,442,0,0,300,0.5,1700,0.5,2
12,7,190,2,10,5,0,300,0.5,1700,0.5,0
12,8,910,2,10,5,0,500,0.6,1000,0.2,1400,0.2,1
12,9,308,0,0,300,0.5,1700,0.5,2
12,10,308,2,10,5,0,300,0.5,1700,0.5,0
12,11,886,2,10,5,0,500,0.6,1000,0.2,1400,0.2,2
12,12,471,2,10,5,0,300,0.5,1700,0.5,2
12,13,175,1,0,300,0.5,1700,0.5,0
12,14,563,2,10,5,0,300,0.5,1700,0.5,1
12,15,701,0,0,300,0.5,1700,0.5,1
12,16,209,0,0,500,0.6,1000,0.2,1400,0.2,0
12,17,791,1,0,300,0.5,1700,0.5,1
12,18,265,0,0,500,0.6,1000,0.2,1400,0.2,0
12,19,142,2,10,5,0,500,0.6,1000,0.2,1400,0.2,0
13,0,124,0,0,300,0.5,1700,0.5,2
13,1,380,1,0,500,0.6,1000,0.2,1400,0.2,1
13,2,807,2,10,5,0,300,0.5,1700,0.5,1
13,3,22,1,0,500,0.6,1000,0.2,1400,0.2,2
13,4,325,0,0,500,0.6,1000,0.2,1400,0.2,2
13,5,791,2,10,5,0,500,0.6,1000,0.2,1400,0.2,2
13,6,210,1,0,500,0.6,1000,0.2,1400,0.2,2
13,7,868,0,0,300,0.5,1700,0.5,1
13,8,604,2,10,5,0,500,0.6,1000,0.2,1400,0.2,2
13,9,201,0,0,300,0.5,1700,0.5,0
13,10,400,0,0,500,0.6,1000,0.2,1400,0.2,2
13,11,535,0,0,300,0.5,1700,0.5,1
13,12,132,1,0,300,0.5,1700,0.5,2
13,13,128,1,0,300,0.5,1700,0.5,2
13,14,414,2,10,5,0,300,0.5,1700,0.5,2
13,15,326,2,10,5,0,500,0.6,1000,0.2,1400,0.2,1
13,16,221,2,10,5,0,300,0.5,1700,0.5,1
13,17,469,1,0,500,0.6,1000,0.2,1400,0.2,0
13,18,666,0,0,300,0.5,1700,0.5,1
13,19,742,1,0,300,0.5,1700,0.5,2
14,0,110,2,10,5,0,300,0.5,1700,0.5,0
14,1,577,2,10,5,0,500,0.6,1000,0.2,1400,0.2,1
14,2,297,1,0,500,0.6,1000,0.2,1400,0.2,1
14,3,873,2,10,5,0,300,0.5,1700,0.5,1
14,4,442,2,10,5,0,500,0.6,1000,0.2,1400,0.2,0
14,5,266,2,10,5,0,300,0.5,1700,0.5,2
14,6,943,1,0,300,0.5,1700,0.5,2
14,7,659,0,0,500,0.6,1000,0.2,1400,0.2,2
14,8,337,0,0,500,0.6,1000,0.2,1400,0.2,2
14,9,272,2,10,5,0,300,0.5,1700,0.5,2
14,10,72,2,10,5,0,500,0.6,1000,0.2,1400,0.2,1
14,11,427,0,0,300,0.5,1700,0.5,2
14,12,413,0,0,500,0.6,1000,0.2,1400,0.2,0
14,13,764,1,0,300,0.5,1700,0.5,1
14,14,42,0,0,300,0.5,1700,0.5,0
14,15,234,2,10,5,0,500,0.6,1000,0.2,1400,0.2,1
14,16,885,1,0,300,0.5,1700,0.5,1
14,17,499,2,10,5,0,500,0.6,1000,0.2,1400,0.2,0
14,18,582,0,0,300,0.5,1700,0.5,1
14,19,565,1,0,300,0.5,1700,0.5,0
15,0,707,2,10,5,0,500,0.6,1000,0.2,1400,0.2,0
15,1,130,0,0,500,0.6,1000,0.2,1400,0.2,0
15,2,55,2,10,5,0,300,0.5,1700,0.5,0
15,3,697,1,0,300,0.5,1700,0.5,2
15,4,39,2,10,5,0,300,0.5,1700,0.5,0
15,5,965,0,0,300,0.5,1700,0.5,2
15,6,261,0,0,300,0.5,1700,0.5,2
15,7,381,1,0,500,0.6,1000,0.2,1400,0.2,0
15,8,570,0,0,500,0.6,1000,0.2,1400,0.2,1
15,9,326,2,10,5,0,500,0.6,1000,0.2,1400,0.2,2
15,10,915,1,0,500,0.6,1000,0.2,1400,0.2,1
15,11,339,1,0,300,0.5,1700,0.5,0
15,12,572,2,10,5,0,300,0.5,1700,0.5,2
15,13,303,1,0,500,0.6,1000,0.2,1400,0.2,1
15,14,69,0,0,300,0.5,1700,0.5,1
15,15,971,0,0,500,0.6,1000,0.2,1400,0.2,2
15,16,977,1,0,300,0.5,1700,0.5,2
15,17,480,0,0,500,0.6,1000,0.2,1400,0.2,0
15,18,14,1,0,300,0.5,1700,0.5,0
15,19,116,2,10,5,0,500,0.6,1000,0.2,1400,0.2,0
16,0,974,2,10,5,0,300,0.5,1700,0.5,1
16,1,697,1,0,300,0.5,1700,0.5,2
16,2,444,2,10,5,0,500,0.6,1000,0.2,1400,0.2,0
16,3,248,0,0,300,0.5,1700,0.5,2
16,4,248,0,0,500,0.6,1000,0.2,1400,0.2,0
16,5,836,1,0,300,0.5,1700,0.5,0
16,6,81,1,0,500,0.6,1000,0.2,1400,0.2,2
16,7,845,1,0,300,0.5,1700,0.5,1
16,8,882,0,0,300,0.5,1700,0.5,1
16,9,705,2,10,5,0,500,0.6,1000,0.2,1400,0.2,0
16,10,174,0,0,500,0.6,1000,0.2,1400,0.2,1
16,11,381,2,10,5,0,500,0.6,1000,0.2,1400,0.2,1
16,12,124,2,10,5,0,500,0.6,1000,0.2,1400,0.2,0
16,13,757,1,0,500,0.6,1000,0.2,1400,0.2,2
16,14,737,1,0,300,0.5,1700,0.5,1
16,15,311,0,0,300,0.5,1700,0.5,2
16,16,82,0,0,300,0.5,1700,0.5,1
16,17,651,2,10,5,0,300,0.5,1700,0.5,2
16,18,864,0,0,500,0.6,1000,0.2,1400,0.2,1
16,19,421,1,0,300,0.5,1700,0.5,1
17,0,205,1,0,300,0.5,1700,0.5,1
17,1,209,0,0,300,0.5,1700,0.5,1
17,2,605,2,10,5,0,300,0.5,1700,0.5,1
17,3,681,2,10,5,0,500,0.6,1000,0.2,1400,0.2,1
17,4,323,2,10,5,0,500,0.6,1000,0.2,1400,0.2,0
17,5,912,2,10,5,0,500,0.6,1000,0.2,1400,0.2,0
17,6,513,1,0,300,0.5,1700,0.5,1
17,7,207,1,0,500,0.6,1000,0.2,1400,0.2,0
17,8,862,1,0,500,0.6,1000,0.2,1400,0.2,2
17,9,126,1,0,500,0.6,1000,0.2,1400,0.2,0
17,10,662,0,0,300,0.5,1700,0.5,2
17,11,384,2,10,5,0,500,0.6,1000,0.2,1400,0.2,1
17,12,542,1,0,500,0.6,1000,0.2,1400,0.2,1
17,13,107,0,0,500,0.6,1000,0.2,1400,0.2,1
17,14,792,2,10,5,0,300,0.5,1700,0.5,0
17,15,614,0,0,300,0.5,1700,0.5,1
17,16,397,1,0,300,0.5,1700,0.5,0
17,17,162,2,10,5,0,300,0.5,1700,0.5,2
17,18,726,1,0,500,0.6,1000,0.2,1400,0.2,2
17,19,258,1,0,500,0.6,1000,0.2,1400,0.2,0
18,0,402,0,0,500,0.6,1000,0.2,1400,0.2,2
18,1,870,1,0,300,0.5,1700,0.5,0
18,2,924,1,0,300,0.5,1700,0.5,2
18,3,472,2,10,5,0,300,0.5,1700,0.5,1
18,4,928,1,0,500,0.6,1000,0.2,1400,0.2,1
18,5,203,2,10,5,0,300,0.5,1700,0.5,1
18,6,174,0,0,300,0.5,1700,0.5,1
18,7,223,2,10,5,0,300,0.5,1700,0.5,1
18,8,208,0,0,300,0.5,1700,0.5,2
18,9,718,2,10,5,0,300,0.5,1700,0.5,2
18,10,227,0,0,300,0.5,1700,0.5,1
18,11,373,0,0,300,0.5,1700,0.5,2
18,12,90,2,10,5,0,500,0.6,1000,0.2,1400,0.2,0
18,13,915,1,0,500,0.6,1000,0.2,1400,0.2,0
18,14,856,0,0,300,0.5,1700,0.5,1
18,15,130,2,10,5,0,300,0.5,1700,0.5,1
18,16,216,2,10,5,0,300,0.5,1700,0.5,0
18,17,41,2,10,5,0,500,0.6,1000,0.2,1400,0.2,2
18,18,91,2,10,5,0,500,0.6,1000,0.2,1400,0.2,0
18,19,211,0,0,500,0.6,1000,0.2,1400,0.2,0
19,0,508,0,0,500,0.6,1000,0.2,1400,0.2,1
19,1,370,0,0,300,0.5,1700,0.5,0
19,2,198,0,0,500,0.6,1000,0.2,1400,0.2,0
19,3,966,1,0,500,0.6,1000,0.2,1400,0.2,1
19,4,258,1,0,500,0.6,1000,0.2,1400,0.2,1
19,5,735,2,10,5,0,300,0.5,1700,0.5,0
19,6,341,2,10,5,0,500,0.6,1000,0.2,1400,0.2,0
19,7,184,1,0,300,0.5,1700,0.5,1
19,8,904,2,10,5,0,500,0.6,1000,0.2,1400,0.2,2
19,9,381,0,0,500,0.6,1000,0.2,1400,0.2,2
19,10,40,1,0,500,0.6,1000,0.2,1400,0.2,0
19,11,632,1,0,300,0.5,1700,0.5,2
19,12,515,1,0,300,0.5,1700,0.5,0
19,13,829,0,0,500,0.6,1000,0.2,1400,0.2,1
19,14,314,0,0,300,0.5,1700,0.5,1
19,15,874,1,0,500,0.6,1000,0.2,1400,0.2,0
19,16,576,1,0,300,0.5,1700,0.5,2
19,17,489,2,10,5,0,500,0.6,1000,0.2,1400,0.2,2
19,18,723,0,0,300,0.5,1700,0.5,1
19,19,174,1,0,500,0.6,1000,0.2,1400,0.2,1
