0,0,869,0,0,500,0.6,1000,0.2,1400,0.2,1
0,1,754,0,0,300,0.5,1700,0.5,2
0,2,449,2,10,5,0,500,0.6,1000,0.2,1400,0.2,0
0,3,957,0,0,300,0.5,1700,0.5,0
0,4,297,1,0,500,0.6,1000,0.2,1400,0.2,1
0,5,362,0,0,300,0.5,1700,0.5,1
0,6,282,1,0,500,0.6,1000,0.2,1400,0.2,2
0,7,179,0,0,300,0.5,1700,0.5,0
0,8,206,1,0,300,0.5,1700,0.5,2
0,9,509,2,10,5,0,300,0.5,1700,0.5,2
0,10,114,2,10,5,0,300,0.5,1700,0.5,2
0,11,87,1,0,300,0.5,1700,0.5,0
0,12,171,0,0,300,0.5,1700,0.5,0
0,13,30,1,0,300,0.5,1700,0.5,1
0,14,265,0,0,300,0.5,1700,0.5,2
0,15,734,2,10,5,0,500,0.6,1000,0.2,1400,0.2,0
0,16,573,1,0,300,0.5,1700,0.5,0
0,17,392,2,10,5,0,300,0.5,1700,0.5,2
0,18,484,0,0,500,0.6,1000,0.2,1400,0.2,0
0,19,635,0,0,500,0.6,1000,0.2,1400,0.2,2
1,0,404,2,10,5,0,500,0.6,1000,0.2,1400,0.2,1
1,1,162,0,0,300,0.5,1700,0.5,1
1,2,363,1,0,500,0.6,1000,0.2,1400,0.2,1
1,3,916,2,10,5,0,300,0.5,1700,0.5,1
1,4,643,2,10,5,0,500,0.6,1000,0.2,1400,0.2,0
1,5,395,2,10,5,0,300,0.5,1700,0.5,1
1,6,176,1,0,500,0.6,1000,0.2,1400,0.2,1
1,7,928,2,10,5,0,300,0.5,1700,0.5,2
1,8,478,2,10,5,0,300,0.5,1700,0.5,2
1,9,258,2,10,5,0,500,0.6,1000,0.2,1400,0.2,2
1,10,451,1,0,500,0.6,1000,0.2,1400,0.2,2
1,11,675,2,10,5,0,500,0.6,1000,0.2,1400,0.2,2
1,12,248,0,0,300,0.5,1700,0.5,2
1,13,404,0,0,300,0.5,1700,0.5,2
1,14,786,2,10,5,0,500,0.6,1000,0.2,1400,0.2,0
1,15,371,1,0,300,0.5,1700,0.5,1
1,16,357,0,0,300,0.5,1700,0.5,1
1,17,177,2,10,5,0,300,0.5,1700,0.5,1
1,18,36,1,0,300,0.5,1700,0.5,2
1,19,715,0,0,300,0.5,1700,0.5,0
2,0,770,2,10,5,0,500,0.6,1000,0.2,1400,0.2,2
2,1,794,2,10,5,0,500,0.6,1000,0.2,1400,0.2,1
2,2,619,1,0,300,0.5,1700,0.5,1
2,3,569,2,10,5,0,500,0.6,1000,0.2,1400,0.2,2
2,4,881,2,10,5,0,500,0.6,1000,0.2,1400,0.2,0
2,5,896,0,0,300,0.5,1700,0.5,1
2,6,293,1,0,500,0.6,1000,0.2,1400,0.2,0
2,7,436,1,0,300,0.5,1700,0.5,0
2,8,840,0,0,500,0.6,1000,0.2,1400,0.2,2
2,9,232,2,10,5,0,500,0.6,1000,0.2,1400,0.2,2
2,10,690,0,0,300,0.5,1700,0.5,2
2,11,97,1,0,300,0.5,1700,0.5,2
2,12,440,0,0,500,0.6,1000,0.2,1400,0.2,2
2,13,668,1,0,500,0.6,1000,0.2,1400,0.2,0
2,14,798,0,0,300,0.5,1700,0.5,2
2,15,741,1,0,300,0.5,1700,0.5,2
2,16,597,2,10,5,0,500,0.6,1000,0.2,1400,0.2,2
2,17,633,2,10,5,0,500,0.6,1000,0.2,1400,0.2,0
2,18,902,2,10,5,0,500,0.6,1000,0.2,1400,0.2,2
2,19,662,0,0,500,0.6,1000,0.2,1400,0.2,0
3,0,63,1,0,500,0.6,1000,0.2,1400,0.2,2
3,1,458,1,0,500,0.6,1000,0.2,1400,0.2,2
3,2,963,0,0,500,0.6,1000,0.2,1400,0.2,1
3,3,519,1,0,500,0.6,1000,0.2,1400,0.2,2
3,4,497,2,10,5,0,500,0.6,1000,0.2,1400,0.2,0
3,5,92,1,0,500,0.6,1000,0.2,1400,0.2,1
3,6,984,0,0,500,0.6,1000,0.2,1400,0.2,1
3,7,123,1,0,500,0.6,1000,0.2,1400,0.2,2
3,8,523,0,0,500,0.6,1000,0.2,1400,0.2,1
3,9,140,0,0,300,0.5,1700,0.5,1
3,10,65,2,10,5,0,500,0.6,1000,0.2,1400,0.2,1
3,11,799,2,10,5,0,300,0.5,1700,0.5,2
3,12,28,0,0,500,0.6,1000,0.2,1400,0.2,0
3,13,629,2,10,5,0,300,0.5,1700,0.5,1
3,14,574,0,0,500,0.6,1000,0.2,1400,0.2,2
3,15,755,2,10,5,0,500,0.6,1000,0.2,1400,0.2,0
3,16,856,0,0,300,0.5,1700,0.5,0
3,17,648,0,0,500,0.6,1000,0.2,1400,0.2,1
3,18,633,1,0,300,0.5,1700,0.5,1
3,19,252,2,10,5,0,300,0.5,1700,0.5,0
4,0,362,2,10,5,0,300,0.5,1700,0.5,1
4,1,675,1,0,500,0.6,1000,0.2,1400,0.2,2
4,2,461,0,0,500,0.6,1000,0.2,1400,0.2,0
4,3,484,0,0,300,0.5,1700,0.5,2
4,4,50,0,0,300,0.5,1700,0.5,1
4,5,564,2,10,5,0,500,0.6,1000,0.2,1400,0.2,0
4,6,164,0,0,300,0.5,1700,0.5,0
4,7,101,1,0,500,0.6,1000,0.2,1400,0.2,2
4,8,50,1,0,500,0.6,1000,0.2,1400,0.2,2
4,9,338,1,0,300,0.5,1700,0.5,1
4,10,243,0,0,500,0.6,1000,0.2,1400,0.2,0
4,11,601,2,10,5,0,300,0.5,1700,0.5,0
4,12,192,2,10,5,0,500,0.6,1000,0.2,1400,0.2,2
4,13,406,0,0,300,0.5,1700,0.5,2
4,14,823,2,10,5,0,300,0.5,1700,0.5,0
4,15,859,1,0,300,0.5,1700,0.5,1
4,16,938,1,0,300,0.5,1700,0.5,0
4,17,514,0,0,300,0.5,1700,0.5,2
4,18,397,1,0,300,0.5,1700,0.5,1
4,19,393,2,10,5,0,500,0.6,1000,0.2,1400,0.2,2
5,0,239,0,0,300,0.5,1700,0.5,1
5,1,747,0,0,300,0.5,1700,0.5,0
5,2,223,1,0,300,0.5,1700,0.5,2
5,3,774,0,0,500,0.6,1000,0.2,1400,0.2,0
5,4,939,2,10,5,0,300,0.5,1700,0.5,2
5,5,373,2,10,5,0,500,0.6,1000,0.2,1400,0.2,2
5,6,335,1,0,300,0.5,1700,0.5,1
5,7,557,2,10,5,0,500,0.6,1000,0.2,1400,0.2,1
5,8,768,2,10,5,0,300,0.5,1700,0.5,0
5,9,626,0,0,300,0.5,1700,0.5,2
5,10,166,1,0,300,0.5,1700,0.5,2
5,11,622,2,10,5,0,500,0.6,1000,0.2,1400,0.2,1
5,12,529,0,0,300,0.5,1700,0.5,0
5,13,45,0,0,300,0.5,1700,0.5,0
5,14,883,2,10,5,0,500,0.6,1000,0.2,1400,0.2,2
5,15,954,2,10,5,0,500,0.6,1000,0.2,1400,0.2,0
5,16,722,0,0,500,0.6,1000,0.2,1400,0.2,2
5,17,832,0,0,300,0.5,1700,0.5,2
5,18,405,0,0,300,0.5,1700,0.5,1
5,19,766,1,0,300,0.5,1700,0.5,0
6,0,220,0,0,500,0.6,1000,0.2,1400,0.2,2
6,1,512,2,10,5,0,500,0.6,1000,0.2,1400,0.2,0
6,2,605,1,0,300,0.5,1700,0.5,2
6,3,750,2,10,5,0,300,0.5,1700,0.5,2
6,4,52,2,10,5,0,300,0.5,1700,0.5,2
6,5,493,0,0,500,0.6,1000,0.2,1400,0.2,0
6,6,932,2,10,5,0,300,0.5,1700,0.5,2
6,7,234,1,0,500,0.6,1000,0.2,1400,0.2,2
6,8,213,0,0,500,0.6,1000,0.2,1400,0.2,0
6,9,214,2,10,5,0,300,0.5,1700,0.5,1
6,10,468,1,0,300,0.5,1700,0.5,1
6,11,457,0,0,500,0.6,1000,0.2,1400,0.2,2
6,12,724,2,10,5,0,300,0.5,1700,0.5,2
6,13,595,1,0,500,0.6,1000,0.2,1400,0.2,2
6,14,740,2,10,5,0,300,0.5,1700,0.5,1
6,15,460,0,0,500,0.6,1000,0.2,1400,0.2,0
6,16,649,0,0,500,0.6,1000,0.2,1400,0.2,2
6,17,803,2,10,5,0,300,0.5,1700,0.5,0
6,18,593,0,0,500,0.6,1000,0.2,1400,0.2,2
6,19,37,0,0,300,0.5,1700,0.5,0
7,0,204,1,0,500,0.6,1000,0.2,1400,0.2,2
7,1,521,2,10,5,0,300,0.5,1700,0.5,2
7,2,670,1,0,500,0.6,1000,0.2,1400,0.2,1
7,3,221,0,0,300,0.5,1700,0.5,0
7,4,189,0,0,300,0.5,1700,0.5,0
7,5,298,0,0,500,0.6,1000,0.2,1400,0.2,0
7,6,301,2,10,5,0,300,0.5,1700,0.5,0
7,7,916,0,0,500,0.6,1000,0.2,1400,0.2,1
7,8,603,1,0,300,0.5,1700,0.5,2
7,9,622,2,10,5,0,500,0.6,1000,0.2,1400,0.2,1
7,10,519,0,0,500,0.6,1000,0.2,1400,0.2,0
7,11,636,0,0,500,0.6,1000,0.2,1400,0.2,2
7,12,174,2,10,5,0,500,0.6,1000,0.2,1400,0.2,2
7,13,552,2,10,5,0,300,0.5,1700,0.5,2
7,14,313,1,0,500,0.6,1000,0.2,1400,0.2,1
7,15,302,1,0,500,0.6,1000,0.2,1400,0.2,1
7,16,843,1,0,500,0.6,1000,0.2,1400,0.2,0
7,17,493,0,0,300,0.5,1700,0.5,2
7,18,773,0,0,500,0.6,1000,0.2,1400,0.2,2
7,19,837,2,10,5,0,300,0.5,1700,0.5,2
8,0,817,0,0,300,0.5,1700,0.5,0
8,1,156,2,10,5,0,500,0.6,1000,0.2,1400,0.2,2
8,2,339,2,10,5,0,500,0.6,1000,0.2,1400,0.2,0
8,3,938,0,0,300,0.5,1700,0.5,0
8,4,466,2,10,5,0,300,0.5,1700,0.5,1
8,5,753,2,10,5,0,300,0.5,1700,0.5,0
8,6,656,0,0,500,0.6,1000,0.2,1400,0.2,0
8,7,917,2,10,5,0,500,0.6,1000,0.2,1400,0.2,2
8,8,605,2,10,5,0,300,0.5,1700,0.5,1
8,9,274,2,10,5,0,300,0.5,1700,0.5,2
8,10,96,0,0,300,0.5,1700,0.5,0
8,11,738,0,0,300,0.5,1700,0.5,0
8,12,57,2,10,5,0,500,0.6,1000,0.2,1400,0.2,1
8,13,81,1,0,500,0.6,1000,0.2,1400,0.2,0
8,14,482,1,0,500,0.6,1000,0.2,1400,0.2,0
8,15,745,2,10,5,0,500,0.6,1000,0.2,1400,0.2,0
8,16,706,1,0,500,0.6,1000,0.2,1400,0.2,2
8,17,303,0,0,300,0.5,1700,0.5,0
8,18,49,0,0,500,0.6,1000,0.2,1400,0.2,2
8,19,259,1,0,300,0.5,1700,0.5,1
9,0,99,1,0,300,0.5,1700,0.5,1
9,1,408,2,10,5,0,500,0.6,1000,0.2,1400,0.2,1
9,2,685,0,0,300,0.5,1700,0.5,2
9,3,411,1,0,500,0.6,1000,0.2,1400,0.2,2
9,4,134,0,0,500,0.6,1000,0.2,1400,0.2,2
9,5,35,2,10,5,0,300,0.5,1700,0.5,0
9,6,496,1,0,500,0.6,1000,0.2,1400,0.2,2
9,7,238,0,0,500,0.6,1000,0.2,1400,0.2,0
9,8,816,0,0,300,0.5,1700,0.5,1
9,9,795,2,10,5,0,300,0.5,1700,0.5,0
9,10,144,0,0,500,0.6,1000,0.2,1400,0.2,0
9,11,591,2,10,5,0,300,0.5,1700,0.5,1
9,12,64,2,10,5,0,500,0.6,1000,0.2,1400,0.2,0
9,13,79,1,0,300,0.5,1700,0.5,2
9,14,546,1,0,500,0.6,1000,0.2,1400,0.2,0
9,15,822,2,10,5,0,300,0.5,1700,0.5,0
9,16,198,2,10,5,0,300,0.5,1700,0.5,0
9,17,136,2,10,5,0,300,0.5,1700,0.5,1
9,18,432,1,0,300,0.5,1700,0.5,0
9,19,565,0,0,500,0.6,1000,0.2,1400,0.2,1
10,0,515,2,10,5,0,300,0.5,1700,0.5,0
10,1,433,0,0,500,0.6,1000,0.2,1400,0.2,2
10,2,487,2,10,5,0,500,0.6,1000,0.2,1400,0.2,2
10,3,244,1,0,300,0.5,1700,0.5,2
10,4,97,2,10,5,0,300,0.5,1700,0.5,1
10,5,871,2,10,5,0,500,0.6,1000,0.2,1400,0.2,1
10,6,38,1,0,500,0.6,1000,0.2,1400,0.2,0
10,7,20,2,10,5,0,500,0.6,1000,0.2,1400,0.2,2
10,8,965,2,10,5,0,300,0.5,1700,0.5,0
10,9,96,2,10,5,0,300,0.5,1700,0.5,1
10,10,743,2,10,5,0,300,0.5,1700,0.5,2
10,11,273,0,0,300,0.5,1700,0.5,1
10,12,18,0,0,500,0.6,1000,0.2,1400,0.2,0
10,13,321,0,0,500,0.6,1000,0.2,1400,0.2,2
10,14,711,0,0,300,0.5,1700,0.5,2
10,15,879,0,0,500,0.6,1000,0.2,1400,0.2,2
10,16,336,1,0,500,0.6,1000,0.2,1400,0.2,0
10,17,900,0,0,300,0.5,1700,0.5,1
10,18,544,2,10,5,0,500,0.6,1000,0.2,1400,0.2,1
10,19,406,1,0,300,0.5,1700,0.5,0
11,0,305,2,10,5,0,500,0.6,1000,0.2,1400,0.2,0
11,1,758,2,10,5,0,300,0.5,1700,0.5,0
11,2,754,2,10,5,0,500,0.6,1000,0.2,1400,0.2,1
11,3,659,2,10,5,0,300,0.5,1700,0.5,1
11,4,127,0,0,500,0.6,1000,0.2,1400,0.2,0
11,5,532,0,0,500,0.6,1000,0.2,1400,0.2,0
11,6,922,0,0,300,0.5,1700,0.5,1
11,7,750,1,0,500,0.6,1000,0.2,1400,0.2,2
11,8,95,2,10,5,0,300,0.5,1700,0.5,1
11,9,342,2,10,5,0,300,0.5,1700,0.5,2
11,10,483,2,10,5,0,300,0.5,1700,0.5,2
11,11,840,1,0,300,0.5,1700,0.5,2
11,12,915,0,0,500,0.6,1000,0.2,1400,0.2,0
11,13,748,1,0,500,0.6,1000,0.2,1400,0.2,2
11,14,45,1,0,300,0.5,1700,0.5,1
11,15,938,0,0,500,0.6,1000,0.2,1400,0.2,0
11,16,989,0,0,500,0.6,1000,0.2,1400,0.2,0
11,17,347,1,0,500,0.6,1000,0.2,1400,0.2,0
11,18,776,0,0,300,0.5,1700,0.5,1
11,19,109,0,0,500,0.6,1000,0.2,1400,0.2,1
12,0,804,2,10,5,0,300,0.5,1700,0.5,1
12,1,977,2,10,5,0,300,0.5,1700,0.5,0
12,2,478,2,10,5,0,500,0.6,1000,0.2,1400,0.2,1
12,3,509,1,0,500,0.6,1000,0.2,1400,0.2,0
12,4,188,2,10,5,0,500,0.6,1000,0.2,1400,0.2,2
12,5,950,2,10,5,0,500,0.6,1000,0.2,1400,0.2,1
12,6,525,1,0,300,0.5,1700,0.5,0
12,7,705,2,10,5,0,500,0.6,1000,0.2,1400,0.2,2
12,8,802,0,0,500,0.6,1000,0.2,1400,0.2,0
12,9,696,2,10,5,0,500,0.6,1000,0.2,1400,0.2,2
12,10,876,1,0,300,0.5,1700,0.5,1
12,11,526,0,0,300,0.5,1700,0.5,2
12,12,155,0,0,300,0.5,1700,0.5,1
12,13,41,1,0,500,0.6,1000,0.2,1400,0.2,1
12,14,230,0,0,300,0.5,1700,0.5,1
12,15,327,2,10,5,0,300,0.5,1700,0.5,1
12,16,164,1,0,500,0.6,1000,0.2,1400,0.2,1
12,17,108,0,0,300,0.5,1700,0.5,1
12,18,487,2,10,5,0,500,0.6,1000,0.2,1400,0.2,0
12,19,359,1,0,500,0.6,1000,0.2,1400,0.2,0
13,0,158,2,10,5,0,500,0.6,1000,0.2,1400,0.2,1
13,1,913,0,0,500,0.6,1000,0.2,1400,0.2,0
13,2,487,1,0,300,0.5,1700,0.5,1
13,3,849,0,0,500,0.6,1000,0.2,1400,0.2,0
13,4,675,2,10,5,0,300,0.5,1700,0.5,1
13,5,359,1,0,500,0.6,1000,0.2,1400,0.2,1
13,6,622,1,0,500,0.6,1000,0.2,1400,0.2,0
13,7,867,0,0,300,0.5,1700,0.5,0
13,8,679,0,0,500,0.6,1000,0.2,1400,0.2,2
13,9,435,0,0,500,0.6,1000,0.2,1400,0.2,1
13,10,528,2,10,5,0,300,0.5,1700,0.5,1
13,11,81,1,0,300,0.5,1700,0.5,2
13,12,956,2,10,5,0,500,0.6,1000,0.2,1400,0.2,0
13,13,293,0,0,500,0.6,1000,0.2,1400,0.2,0
13,14,757,0,0,500,0.6,1000,0.2,1400,0.2,0
13,15,923,1,0,500,0.6,1000,0.2,1400,0.2,0
13,16,730,0,0,300,0.5,1700,0.5,0
13,17,358,2,10,5,0,500,0.6,1000,0.2,1400,0.2,2
13,18,517,0,0,500,0.6,1000,0.2,1400,0.2,2
13,19,140,1,0,500,0.6,1000,0.2,1400,0.2,1
14,0,219,0,0,300,0.5,1700,0.5,2
14,1,27,2,10,5,0,300,0.5,1700,0.5,2
14,2,739,1,0,300,0.5,1700,0.5,2
14,3,260,1,0,300,0.5,1700,0.5,1
14,4,293,0,0,500,0.6,1000,0.2,1400,0.2,2
14,5,574,0,0,500,0.6,1000,0.2,1400,0.2,1
14,6,742,2,10,5,0,300,0.5,1700,0.5,0
14,7,738,0,0,500,0.6,1000,0.2,1400,0.2,1
14,8,901,0,0,500,0.6,1000,0.2,1400,0.2,1
14,9,227,1,0,500,0.6,1000,0.2,1400,0.2,0
14,10,828,0,0,300,0.5,1700,0.5,1
14,11,909,2,10,5,0,300,0.5,1700,0.5,2
14,12,747,1,0,300,0.5,1700,0.5,1
14,13,148,1,0,300,0.5,1700,0.5,1
14,14,540,2,10,5,0,500,0.6,1000,0.2,1400,0.2,1
14,15,501,1,0,500,0.6,1000,0.2,1400,0.2,0
14,16,849,0,0,500,0.6,1000,0.2,1400,0.2,2
14,17,160,2,10,5,0,500,0.6,1000,0.2,1400,0.2,1
14,18,824,1,0,500,0.6,1000,0.2,1400,0.2,1
14,19,807,0,0,500,0.6,1000,0.2,1400,0.2,0
15,0,857,1,0,500,0.6,1000,0.2,1400,0.2,1
15,1,525,1,0,500,0.6,1000,0.2,1400,0.2,0
15,2,274,2,10,5,0,500,0.6,1000,0.2,1400,0.2,2
15,3,603,1,0,300,0.5,1700,0.5,1
15,4,35,2,10,5,0,300,0.5,1700,0.5,0
15,5,756,2,10,5,0,300,0.5,1700,0.5,2
15,6,812,2,10,5,0,300,0.5,1700,0.5,2
15,7,926,1,0,300,0.5,1700,0.5,1
15,8,418,1,0,300,0.5,1700,0.5,0
15,9,564,1,0,300,0.5,1700,0.5,2
15,10,679,2,10,5,0,500,0.6,1000,0.2,1400,0.2,0
15,11,634,1,0,500,0.6,1000,0.2,1400,0.2,1
15,12,553,0,0,500,0.6,1000,0.2,1400,0.2,0
15,13,790,2,10,5,0,300,0.5,1700,0.5,1
15,14,466,1,0,300,0.5,1700,0.5,1
15,15,39,2,10,5,0,300,0.5,1700,0.5,1
15,16,14,0,0,300,0.5,1700,0.5,2
15,17,229,0,0,300,0.5,1700,0.5,1
15,18,15,2,10,5,0,500,0.6,1000,0.2,1400,0.2,1
15,19,791,0,0,300,0.5,1700,0.5,2
16,0,571,1,0,500,0.6,1000,0.2,1400,0.2,2
16,1,174,0,0,500,0.6,1000,0.2,1400,0.2,2
16,2,986,1,0,300,0.5,1700,0.5,1
16,3,605,1,0,500,0.6,1000,0.2,1400,0.2,0
16,4,625,1,0,300,0.5,1700,0.5,0
16,5,203,2,10,5,0,300,0.5,1700,0.5,0
16,6,910,1,0,500,0.6,1000,0.2,1400,0.2,2
16,7,690,0,0,500,0.6,1000,0.2,1400,0.2,0
16,8,310,1,0,300,0.5,1700,0.5,2
16,9,998,0,0,300,0.5,1700,0.5,0
16,10,527,2,10,5,0,500,0.6,1000,0.2,1400,0.2,0
16,11,734,1,0,300,0.5,1700,0.5,2
16,12,180,0,0,300,0.5,1700,0.5,2
16,13,632,2,10,5,0,500,0.6,1000,0.2,1400,0.2,2
16,14,308,1,0,300,0.5,1700,0.5,0
16,15,882,1,0,500,0.6,1000,0.2,1400,0.2,2
16,16,817,1,0,300,0.5,1700,0.5,0
16,17,252,0,0,300,0.5,1700,0.5,1
16,18,434,1,0,500,0.6,1000,0.2,1400,0.2,0
16,19,139,0,0,300,0.5,1700,0.5,2
17,0,666,0,0,500,0.6,1000,0.2,1400,0.2,2
17,1,118,0,0,300,0.5,1700,0.5,0
17,2,24,2,10,5,0,300,0.5,1700,0.5,2
17,3,542,0,0,500,0.6,1000,0.2,1400,0.2,2
17,4,470,1,0,500,0.6,1000,0.2,1400,0.2,2
17,5,680,1,0,300,0.5,1700,0.5,2
17,6,970,0,0,300,0.5,1700,0.5,0
17,7,705,0,0,500,0.6,1000,0.2,1400,0.2,1
17,8,752,1,0,300,0.5,1700,0.5,1
17,9,873,1,0,300,0.5,1700,0.5,1
17,10,263,2,10,5,0,300,0.5,1700,0.5,1
17,11,426,2,10,5,0,300,0.5,1700,0.5,0
17,12,306,2,10,5,0,500,0.6,1000,0.2,1400,0.2,1
17,13,179,1,0,300,0.5,1700,0.5,0
17,14,836,2,10,5,0,500,0.6,1000,0.2,1400,0.2,2
17,15,54,0,0,300,0.5,1700,0.5,2
17,16,98,1,0,300,0.5,1700,0.5,0
17,17,206,2,10,5,0,500,0.6,1000,0.2,1400,0.2,0
17,18,56,2,10,5,0,500,0.6,1000,0.2,1400,0.2,0
17,19,651,0,0,300,0.5,1700,0.5,1
18,0,674,1,0,500,0.6,1000,0.2,1400,0.2,2
18,1,278,2,10,5,0,300,0.5,1700,0.5,1
18,2,312,0,0,300,0.5,1700,0.5,1
18,3,622,1,0,300,0.5,1700,0.5,2
18,4,939,2,10,5,0,300,0.5,1700,0.5,2
18,5,810,2,10,5,0,500,0.6,1000,0.2,1400,0.2,0
18,6,806,1,0,300,0.5,1700,0.5,0
18,7,720,2,10,5,0,300,0.5,1700,0.5,0
18,8,211,0,0,300,0.5,1700,0.5,2
18,9,317,0,0,500,0.6,1000,0.2,1400,0.2,2
18,10,845,1,0,500,0.6,1000,0.2,1400,0.2,0
18,11,425,1,0,300,0.5,1700,0.5,0
18,12,392,2,10,5,0,500,0.6,1000,0.2,1400,0.2,1
18,13,448,0,0,500,0.6,1000,0.2,1400,0.2,1
18,14,345,0,0,300,0.5,1700,0.5,1
18,15,27,0,0,300,0.5,1700,0.5,2
18,16,222,2,10,5,0,500,0.6,1000,0.2,1400,0.2,2
18,17,229,0,0,300,0.5,1700,0.5,1
18,18,232,2,10,5,0,500,0.6,1000,0.2,1400,0.2,0
18,19,601,1,0,500,0.6,1000,0.2,1400,0.2,0
19,0,59,1,0,300,0.5,1700,0.5,0
19,1,466,2,10,5,0,500,0.6,1000,0.2,1400,0.2,2
19,2,210,1,0,300,0.5,1700,0.5,2
19,3,645,2,10,5,0,300,0.5,1700,0.5,0
19,4,533,2,10,5,0,300,0.5,1700,0.5,0
19,5,275,0,0,500,0.6,1000,0.2,1400,0.2,1
19,6,57,2,10,5,0,500,0.6,1000,0.2,1400,0.2,2
19,7,513,0,0,300,0.5,1700,0.5,2
19,8,145,2,10,5,0,500,0.6,1000,0.2,1400,0.2,0
19,9,882,0,0,300,0.5,1700,0.5,1
19,10,677,2,10,5,0,300,0.5,1700,0.5,1
19,11,312,2,10,5,0,500,0.6,1000,0.2,1400,0.2,1
19,12,904,2,10,5,0,500,0.6,1000,0.2,1400,0.2,1
19,13,371,2,10,5,0,300,0.5,1700,0.5,0
19,14,110,2,10,5,0,500,0.6,1000,0.2,1400,0.2,2
19,15,429,0,0,300,0.5,1700,0.5,0
19,16,56,2,10,5,0,300,0.5,1700,0.5,0
19,17,976,1,0,500,0.6,1000,0.2,1400,0.2,0
19,18,343,2,10,5,0,500,0.6,1000,0.2,1400,0.2,1
19,19,778,0,0,500,0.6,1000,0.2,1400,0.2,1
