0,0,380,1,0,500,0.6,1000,0.2,1400,0.2,0
0,1,396,0,0,500,0.6,1000,0.2,1400,0.2,2
0,2,901,1,0,300,0.5,1700,0.5,1
0,3,458,1,0,500,0.6,1000,0.2,1400,0.2,1
0,4,334,1,0,500,0.6,1000,0.2,1400,0.2,2
0,5,804,2,10,5,0,500,0.6,1000,0.2,1400,0.2,1
0,6,478,0,0,500,0.6,1000,0.2,1400,0.2,0
0,7,578,1,0,300,0.5,1700,0.5,1
0,8,233,2,10,5,0,500,0.6,1000,0.2,1400,0.2,0
0,9,181,2,10,5,0,500,0.6,1000,0.2,1400,0.2,0
0,10,178,2,10,5,0,300,0.5,1700,0.5,2
0,11,847,2,10,5,0,500,0.6,1000,0.2,1400,0.2,0
0,12,406,0,0,300,0.5,1700,0.5,1
0,13,72,2,10,5,0,500,0.6,1000,0.2,1400,0.2,1
0,14,863,2,10,5,0,500,0.6,1000,0.2,1400,0.2,2
0,15,529,1,0,300,0.5,1700,0.5,0
0,16,572,2,10,5,0,500,0.6,1000,0.2,1400,0.2,2
0,17,260,1,0,500,0.6,1000,0.2,1400,0.2,1
0,18,893,0,0,500,0.6,1000,0.2,1400,0.2,0
0,19,947,1,0,500,0.6,1000,0.2,1400,0.2,2
1,0,926,0,0,300,0.5,1700,0.5,0
1,1,85,2,10,5,0,500,0.6,1000,0.2,1400,0.2,0
1,2,117,1,0,300,0.5,1700,0.5,0
1,3,596,0,0,500,0.6,1000,0.2,1400,0.2,2
1,4,580,1,0,500,0.6,1000,0.2,1400,0.2,0
1,5,129,2,10,5,0,300,0.5,1700,0.5,1
1,6,84,1,0,500,0.6,1000,0.2,1400,0.2,2
1,7,360,1,0,300,0.5,1700,0.5,1
1,8,423,1,0,300,0.5,1700,0.5,2
1,9,37,1,0,300,0.5,1700,0.5,1
1,10,330,2,10,5,0,500,0.6,1000,0.2,1400,0.2,1
1,11,946,1,0,300,0.5,1700,0.5,1
1,12,530,0,0,500,0.6,1000,0.2,1400,0.2,2
1,13,16,2,10,5,0,300,0.5,1700,0.5,0
1,14,611,2,10,5,0,300,0.5,1700,0.5,2
1,15,450,2,10,5,0,300,0.5,1700,0.5,2
1,16,280,1,0,300,0.5,1700,0.5,0
1,17,176,0,0,500,0.6,1000,0.2,1400,0.2,2
1,18,81,2,10,5,0,300,0.5,1700,0.5,0
1,19,435,2,10,5,0,300,0.5,1700,0.5,0
2,0,129,0,0,300,0.5,1700,0.5,2
2,1,735,1,0,500,0.6,1000,0.2,1400,0.2,2
2,2,831,1,0,300,0.5,1700,0.5,2
2,3,578,0,0,500,0.6,1000,0.2,1400,0.2,2
2,4,344,2,10,5,0,500,0.6,1000,0.2,1400,0.2,2
2,5,166,0,0,500,0.6,1000,0.2,1400,0.2,1
2,6,707,2,10,5,0,300,0.5,1700,0.5,1
2,7,388,1,0,300,0.5,1700,0.5,2
2,8,624,1,0,500,0.6,1000,0.2,1400,0.2,1
2,9,593,1,0,300,0.5,1700,0.5,1
2,10,859,1,0,300,0.5,1700,0.5,1
2,11,440,1,0,300,0.5,1700,0.5,1
2,12,298,2,10,5,0,500,0.6,1000,0.2,1400,0.2,2
2,13,533,1,0,500,0.6,1000,0.2,1400,0.2,1
2,14,601,1,0,500,0.6,1000,0.2,1400,0.2,2
2,15,43,0,0,500,0.6,1000,0.2,1400,0.2,1
2,16,472,2,10,5,0,500,0.6,1000,0.2,1400,0.2,0
2,17,444,1,0,500,0.6,1000,0.2,1400,0.2,1
2,18,442,1,0,300,0.5,1700,0.5,0
2,19,742,0,0,500,0.6,1000,0.2,1400,0.2,1
3,0,745,0,0,500,0.6,1000,0.2,1400,0.2,2
3,1,554,0,0,500,0.6,1000,0.2,1400,0.2,0
3,2,828,2,10,5,0,300,0.5,1700,0.5,2
3,3,954,1,0,300,0.5,1700,0.5,1
3,4,599,1,0,500,0.6,1000,0.2,1400,0.2,1
3,5,112,2,10,5,0,500,0.6,1000,0.2,1400,0.2,2
3,6,52,2,10,5,0,500,0.6,1000,0.2,1400,0.2,2
3,7,195,1,0,500,0.6,1000,0.2,1400,0.2,1
3,8,584,0,0,300,0.5,1700,0.5,1
3,9,583,0,0,500,0.6,1000,0.2,1400,0.2,1
3,10,410,2,10,5,0,500,0.6,1000,0.2,1400,0.2,2
3,11,841,1,0,500,0.6,1000,0.2,1400,0.2,2
3,12,534,1,0,500,0.6,1000,0.2,1400,0.2,2
3,13,981,0,0,300,0.5,1700,0.5,2
3,14,977,1,0,500,0.6,1000,0.2,1400,0.2,2
3,15,682,0,0,500,0.6,1000,0.2,1400,0.2,2
3,16,832,0,0,300,0.5,1700,0.5,0
3,17,836,0,0,500,0.6,1000,0.2,1400,0.2,2
3,18,166,1,0,300,0.5,1700,0.5,1
3,19,192,1,0,500,0.6,1000,0.2,1400,0.2,2
4,0,846,1,0,300,0.5,1700,0.5,1
4,1,65,2,10,5,0,300,0.5,1700,0.5,0
4,2,826,0,0,300,0.5,1700,0.5,2
4,3,712,2,10,5,0,300,0.5,1700,0.5,2
4,4,484,2,10,5,0,500,0.6,1000,0.2,1400,0.2,0
4,5,643,2,10,5,0,500,0.6,1000,0.2,1400,0.2,0
4,6,50,0,0,500,0.6,1000,0.2,1400,0.2,0
4,7,884,2,10,5,0,300,0.5,1700,0.5,0
4,8,275,0,0,500,0.6,1000,0.2,1400,0.2,2
4,9,621,0,0,500,0.6,1000,0.2,1400,0.2,0
4,10,371,1,0,300,0.5,1700,0.5,0
4,11,429,1,0,300,0.5,1700,0.5,2
4,12,987,2,10,5,0,500,0.6,1000,0.2,1400,0.2,2
4,13,618,0,0,300,0.5,1700,0.5,1
4,14,11,0,0,300,0.5,1700,0.5,0
4,15,85,1,0,500,0.6,1000,0.2,1400,0.2,0
4,16,868,1,0,300,0.5,1700,0.5,1
4,17,970,2,10,5,0,500,0.6,1000,0.2,1400,0.2,0
4,18,276,2,10,5,0,300,0.5,1700,0.5,1
4,19,382,1,0,500,0.6,1000,0.2,1400,0.2,1
5,0,501,1,0,300,0.5,1700,0.5,1
5,1,285,2,10,5,0,500,0.6,1000,0.2,1400,0.2,2
5,2,587,2,10,5,0,300,0.5,1700,0.5,2
5,3,689,2,10,5,0,500,0.6,1000,0.2,1400,0.2,2
5,4,874,1,0,300,0.5,1700,0.5,0
5,5,143,0,0,500,0.6,1000,0.2,1400,0.2,2
5,6,12,2,10,5,0,300,0.5,1700,0.5,0
5,7,603,1,0,500,0.6,1000,0.2,1400,0.2,1
5,8,849,2,10,5,0,300,0.5,1700,0.5,0
5,9,36,1,0,500,0.6,1000,0.2,1400,0.2,2
5,10,508,2,10,5,0,500,0.6,1000,0.2,1400,0.2,2
5,11,968,1,0,500,0.6,1000,0.2,1400,0.2,2
5,12,600,2,10,5,0,300,0.5,1700,0.5,0
5,13,137,2,10,5,0,500,0.6,1000,0.2,1400,0.2,2
5,14,848,1,0,500,0.6,1000,0.2,1400,0.2,2
5,15,764,2,10,5,0,500,0.6,1000,0.2,1400,0.2,0
5,16,905,2,10,5,0,500,0.6,1000,0.2,1400,0.2,2
5,17,795,1,0,500,0.6,1000,0.2,1400,0.2,1
5,18,27,2,10,5,0,500,0.6,1000,0.2,1400,0.2,2
5,19,395,0,0,500,0.6,1000,0.2,1400,0.2,2
6,0,397,0,0,300,0.5,1700,0.5,1
6,1,572,1,0,300,0.5,1700,0.5,2
6,2,312,2,10,5,0,300,0.5,1700,0.5,2
6,3,596,0,0,500,0.6,1000,0.2,1400,0.2,2
6,4,696,0,0,300,0.5,1700,0.5,0
6,5,925,2,10,5,0,300,0.5,1700,0.5,0
6,6,932,1,0,500,0.6,1000,0.2,1400,0.2,1
6,7,794,2,10,5,0,300,0.5,1700,0.5,1
6,8,322,0,0,300,0.5,1700,0.5,0
6,9,297,2,10,5,0,300,0.5,1700,0.5,0
6,10,651,0,0,500,0.6,1000,0.2,1400,0.2,2
6,11,271,0,0,300,0.5,1700,0.5,1
6,12,890,2,10,5,0,500,0.6,1000,0.2,1400,0.2,2
6,13,111,0,0,500,0.6,1000,0.2,1400,0.2,0
6,14,947,1,0,500,0.6,1000,0.2,1400,0.2,2
6,15,390,0,0,500,0.6,1000,0.2,1400,0.2,2
6,16,892,1,0,300,0.5,1700,0.5,2
6,17,606,0,0,500,0.6,1000,0.2,1400,0.2,1
6,18,537,0,0,300,0.5,1700,0.5,0
6,19,443,0,0,300,0.5,1700,0.5,2
7,0,969,1,0,300,0.5,1700,0.5,2
7,1,237,0,0,300,0.5,1700,0.5,1
7,2,363,0,0,300,0.5,1700,0.5,0
7,3,849,1,0,500,0.6,1000,0.2,1400,0.2,1
7,4,260,0,0,300,0.5,1700,0.5,2
7,5,841,1,0,500,0.6,1000,0.2,1400,0.2,2
7,6,920,2,10,5,0,300,0.5,1700,0.5,2
7,7,134,1,0,300,0.5,1700,0.5,0
7,8,783,1,0,300,0.5,1700,0.5,1
7,9,185,1,0,300,0.5,1700,0.5,2
7,10,240,2,10,5,0,500,0.6,1000,0.2,1400,0.2,1
7,11,898,0,0,300,0.5,1700,0.5,0
7,12,66,2,10,5,0,300,0.5,1700,0.5,2
7,13,647,2,10,5,0,500,0.6,1000,0.2,1400,0.2,2
7,14,45,0,0,300,0.5,1700,0.5,1
7,15,745,1,0,500,0.6,1000,0.2,1400,0.2,0
7,16,994,1,0,300,0.5,1700,0.5,1
7,17,700,1,0,500,0.6,1000,0.2,1400,0.2,1
7,18,734,1,0,300,0.5,1700,0.5,1
7,19,486,0,0,300,0.5,1700,0.5,1
8,0,47,0,0,500,0.6,1000,0.2,1400,0.2,1
8,1,689,0,0,300,0.5,1700,0.5,1
8,2,961,0,0,300,0.5,1700,0.5,2
8,3,686,2,10,5,0,500,0.6,1000,0.2,1400,0.2,1
8,4,837,0,0,300,0.5,1700,0.5,1
8,5,945,1,0,500,0.6,1000,0.2,1400,0.2,2
8,6,511,2,10,5,0,300,0.5,1700,0.5,0
8,7,344,0,0,500,0.6,1000,0.2,1400,0.2,2
8,8,23,1,0,500,0.6,1000,0.2,1400,0.2,0
8,9,976,0,0,300,0.5,1700,0.5,0
8,10,791,0,0,300,0.5,1700,0.5,1
8,11,573,1,0,300,0.5,1700,0.5,1
8,12,216,0,0,300,0.5,1700,0.5,0
8,13,507,0,0,500,0.6,1000,0.2,1400,0.2,2
8,14,757,2,10,5,0,500,0.6,1000,0.2,1400,0.2,1
8,15,152,0,0,500,0.6,1000,0.2,1400,0.2,1
8,16,178,0,0,500,0.6,1000,0.2,1400,0.2,2
8,17,236,0,0,300,0.5,1700,0.5,1
8,18,801,0,0,300,0.5,1700,0.5,1
8,19,888,1,0,300,0.5,1700,0.5,0
9,0,130,1,0,500,0.6,1000,0.2,1400,0.2,2
9,1,827,1,0,300,0.5,1700,0.5,0
9,2,667,1,0,300,0.5,1700,0.5,0
9,3,57,2,10,5,0,500,0.6,1000,0.2,1400,0.2,0
9,4,856,1,0,300,0.5,1700,0.5,0
9,5,299,1,0,500,0.6,1000,0.2,1400,0.2,0
9,6,42,1,0,300,0.5,1700,0.5,1
9,7,58,1,0,500,0.6,1000,0.2,1400,0.2,0
9,8,363,0,0,500,0.6,1000,0.2,1400,0.2,0
9,9,262,1,0,300,0.5,1700,0.5,0
9,10,945,2,10,5,0,500,0.6,1000,0.2,1400,0.2,1
9,11,689,2,10,5,0,300,0.5,1700,0.5,1
9,12,340,0,0,300,0.5,1700,0.5,2
9,13,909,0,0,500,0.6,1000,0.2,1400,0.2,1
9,14,650,0,0,500,0.6,1000,0.2,1400,0.2,0
9,15,830,1,0,300,0.5,1700,0.5,2
9,16,320,1,0,300,0.5,1700,0.5,1
9,17,674,2,10,5,0,500,0.6,1000,0.2,1400,0.2,0
9,18,442,0,0,300,0.5,1700,0.5,0
9,19,981,0,0,300,0.5,1700,0.5,0
10,0,76,0,0,300,0.5,1700,0.5,2
10,1,463,0,0,300,0.5,1700,0.5,0
10,2,350,0,0,300,0.5,1700,0.5,1
10,3,21,0,0,300,0.5,1700,0.5,0
10,4,55,1,0,300,0.5,1700,0.5,2
10,5,323,0,0,300,0.5,1700,0.5,0
10,6,954,0,0,500,0.6,1000,0.2,1400,0.2,1
10,7,15,1,0,500,0.6,1000,0.2,1400,0.2,2
10,8,338,2,10,5,0,500,0.6,1000,0.2,1400,0.2,2
10,9,598,0,0,500,0.6,1000,0.2,1400,0.2,2
10,10,131,2,10,5,0,300,0.5,1700,0.5,1
10,11,337,0,0,300,0.5,1700,0.5,0
10,12,669,0,0,300,0.5,1700,0.5,0
10,13,553,2,10,5,0,300,0.5,1700,0.5,0
10,14,618,0,0,300,0.5,1700,0.5,2
10,15,934,1,0,500,0.6,1000,0.2,1400,0.2,2
10,16,908,0,0,300,0.5,1700,0.5,1
10,17,187,2,10,5,0,500,0.6,1000,0.2,1400,0.2,2
10,18,514,0,0,300,0.5,1700,0.5,1
10,19,907,0,0,300,0.5,1700,0.5,2
11,0,589,2,10,5,0,500,0.6,1000,0.2,1400,0.2,2
11,1,423,1,0,500,0.6,1000,0.2,1400,0.2,1
11,2,85,0,0,300,0.5,1700,0.5,0
11,3,183,1,0,500,0.6,1000,0.2,1400,0.2,0
11,4,290,0,0,300,0.5,1700,0.5,0
11,5,189,2,10,5,0,500,0.6,1000,0.2,1400,0.2,0
11,6,609,2,10,5,0,300,0.5,1700,0.5,1
11,7,523,0,0,500,0.6,1000,0.2,1400,0.2,2
11,8,200,1,0,500,0.6,1000,0.2,1400,0.2,0
11,9,298,1,0,300,0.5,1700,0.5,2
11,10,761,0,0,300,0.5,1700,0.5,2
11,11,679,1,0,500,0.6,1000,0.2,1400,0.2,1
11,12,737,0,0,300,0.5,1700,0.5,0
11,13,574,2,10,5,0,500,0.6,1000,0.2,1400,0.2,2
11,14,492,0,0,300,0.5,1700,0.5,2
11,15,553,1,0,300,0.5,1700,0.5,2
11,16,443,2,10,5,0,500,0.6,1000,0.2,1400,0.2,0
11,17,846,0,0,300,0.5,1700,0.5,2
11,18,233,2,10,5,0,300,0.5,1700,0.5,1
11,19,171,1,0,300,0.5,1700,0.5,1
12,0,435,2,10,5,0,300,0.5,1700,0.5,0
12,1,404,2,10,5,0,500,0.6,1000,0.2,1400,0.2,1
12,2,341,1,0,500,0.6,1000,0.2,1400,0.2,2
12,3,690,2,10,5,0,300,0.5,1700,0.5,2
12,4,173,1,0,300,0.5,1700,0.5,1
12,5,330,2,10,5,0,300,0.5,1700,0.5,1
12,6,475,2,10,5,0,300,0.5,1700,0.5,2
12,7,598,2,10,5,0,500,0.6,1000,0.2,1400,0.2,0
12,8,694,0,0,500,0.6,1000,0.2,1400,0.2,2
12,9,657,2,10,5,0,500,0.6,1000,0.2,1400,0.2,2
12,10,465,0,0,500,0.6,1000,0.2,1400,0.2,1
12,11,130,1,0,300,0.5,1700,0.5,2
12,12,181,0,0,300,0.5,1700,0.5,1
12,13,640,2,10,5,0,300,0.5,1700,0.5,0
12,14,618,2,10,5,0,300,0.5,1700,0.5,1
12,15,636,0,0,500,0.6,1000,0.2,1400,0.2,0
12,16,566,1,0,500,0.6,1000,0.2,1400,0.2,2
12,17,980,2,10,5,0,300,0.5,1700,0.5,1
12,18,671,1,0,500,0.6,1000,0.2,1400,0.2,2
12,19,63,2,10,5,0,500,0.6,1000,0.2,1400,0.2,2
13,0,526,2,10,5,0,500,0.6,1000,0.2,1400,0.2,0
13,1,787,1,0,300,0.5,1700,0.5,0
13,2,747,2,10,5,0,500,0.6,1000,0.2,1400,0.2,2
13,3,999,2,10,5,0,300,0.5,1700,0.5,1
13,4,475,1,0,300,0.5,1700,0.5,1
13,5,170,1,0,300,0.5,1700,0.5,0
13,6,577,0,0,300,0.5,1700,0.5,1
13,7,581,2,10,5,0,300,0.5,1700,0.5,1
13,8,608,0,0,300,0.5,1700,0.5,2
13,9,988,0,0,300,0.5,1700,0.5,1
13,10,188,1,0,500,0.6,1000,0.2,1400,0.2,1
13,11,744,1,0,300,0.5,1700,0.5,1
13,12,421,2,10,5,0,500,0.6,1000,0.2,1400,0.2,2
13,13,36,2,10,5,0,300,0.5,1700,0.5,1
13,14,481,0,0,300,0.5,1700,0.5,0
13,15,313,0,0,300,0.5,1700,0.5,1
13,16,930,0,0,300,0.5,1700,0.5,2
13,17,626,1,0,500,0.6,1000,0.2,1400,0.2,2
13,18,917,0,0,300,0.5,1700,0.5,1
13,19,964,1,0,500,0.6,1000,0.2,1400,0.2,2
14,0,577,2,10,5,0,300,0.5,1700,0.5,1
14,1,720,0,0,500,0.6,1000,0.2,1400,0.2,0
14,2,88,0,0,500,0.6,1000,0.2,1400,0.2,1
14,3,613,1,0,500,0.6,1000,0.2,1400,0.2,2
14,4,204,0,0,500,0.6,1000,0.2,1400,0.2,2
14,5,818,1,0,300,0.5,1700,0.5,0
14,6,539,0,0,500,0.6,1000,0.2,1400,0.2,1
14,7,104,2,10,5,0,500,0.6,1000,0.2,1400,0.2,1
14,8,579,0,0,500,0.6,1000,0.2,1400,0.2,2
14,9,78,0,0,300,0.5,1700,0.5,0
14,10,287,0,0,500,0.6,1000,0.2,1400,0.2,2
14,11,947,2,10,5,0,500,0.6,1000,0.2,1400,0.2,2
14,12,707,2,10,5,0,300,0.5,1700,0.5,2
14,13,440,2,10,5,0,500,0.6,1000,0.2,1400,0.2,0
14,14,873,2,10,5,0,300,0.5,1700,0.5,1
14,15,245,1,0,300,0.5,1700,0.5,2
14,16,925,1,0,500,0.6,1000,0.2,1400,0.2,0
14,17,740,1,0,300,0.5,1700,0.5,0
14,18,805,2,10,5,0,500,0.6,1000,0.2,1400,0.2,0
14,19,992,0,0,500,0.6,1000,0.2,1400,0.2,1
15,0,377,2,10,5,0,500,0.6,1000,0.2,1400,0.2,2
15,1,121,0,0,500,0.6,1000,0.2,1400,0.2,1
15,2,874,2,10,5,0,300,0.5,1700,0.5,2
15,3,130,0,0,300,0.5,1700,0.5,1
15,4,822,2,10,5,0,500,0.6,1000,0.2,1400,0.2,1
15,5,952,1,0,300,0.5,1700,0.5,0
15,6,430,1,0,300,0.5,1700,0.5,0
15,7,702,1,0,300,0.5,1700,0.5,1
15,8,995,2,10,5,0,300,0.5,1700,0.5,1
15,9,982,2,10,5,0,500,0.6,1000,0.2,1400,0.2,2
15,10,989,0,0,300,0.5,1700,0.5,0
15,11,791,1,0,300,0.5,1700,0.5,0
15,12,57,1,0,500,0.6,1000,0.2,1400,0.2,2
15,13,20,2,10,5,0,500,0.6,1000,0.2,1400,0.2,0
15,14,645,1,0,500,0.6,1000,0.2,1400,0.2,2
15,15,491,2,10,5,0,300,0.5,1700,0.5,2
15,16,996,0,0,500,0.6,1000,0.2,1400,0.2,2
15,17,572,0,0,300,0.5,1700,0.5,1
15,18,53,2,10,5,0,300,0.5,1700,0.5,1
15,19,222,1,0,300,0.5,1700,0.5,0
16,0,325,2,10,5,0,300,0.5,1700,0.5,0
16,1,735,0,0,300,0.5,1700,0.5,0
16,2,902,2,10,5,0,300,0.5,1700,0.5,1
16,3,968,2,10,5,0,500,0.6,1000,0.2,1400,0.2,1
16,4,309,1,0,300,0.5,1700,0.5,1
16,5,661,0,0,300,0.5,1700,0.5,2
16,6,973,0,0,300,0.5,1700,0.5,2
16,7,151,2,10,5,0,500,0.6,1000,0.2,1400,0.2,1
16,8,323,1,0,300,0.5,1700,0.5,2
16,9,243,1,0,500,0.6,1000,0.2,1400,0.2,2
16,10,22,1,0,300,0.5,1700,0.5,1
16,11,43,1,0,300,0.5,1700,0.5,1
16,12,278,1,0,300,0.5,1700,0.5,1
16,13,420,1,0,300,0.5,1700,0.5,2
16,14,203,2,10,5,0,300,0.5,1700,0.5,0
16,15,278,1,0,300,0.5,1700,0.5,1
16,16,898,1,0,300,0.5,1700,0.5,1
16,17,959,0,0,500,0.6,1000,0.2,1400,0.2,1
16,18,217,1,0,500,0.6,1000,0.2,1400,0.2,1
16,19,127,1,0,500,0.6,1000,0.2,1400,0.2,2
17,0,714,0,0,500,0.6,1000,0.2,1400,0.2,1
17,1,185,0,0,300,0.5,1700,0.5,1
17,2,612,2,10,5,0,300,0.5,1700,0.5,2
17,3,949,0,0,300,0.5,1700,0.5,0
17,4,969,1,0,500,0.6,1000,0.2,1400,0.2,1
17,5,902,1,0,300,0.5,1700,0.5,1
17,6,671,2,10,5,0,300,0.5,1700,0.5,2
17,7,154,2,10,5,0,300,0.5,1700,0.5,2
17,8,465,1,0,500,0.6,1000,0.2,1400,0.2,1
17,9,446,1,0,500,0.6,1000,0.2,1400,0.2,0
17,10,924,2,10,5,0,500,0.6,1000,0.2,1400,0.2,0
17,11,675,2,10,5,0,300,0.5,1700,0.5,1
17,12,778,0,0,300,0.5,1700,0.5,1
17,13,70,0,0,300,0.5,1700,0.5,0
17,14,983,1,0,500,0.6,1000,0.2,1400,0.2,1
17,15,929,2,10,5,0,500,0.6,1000,0.2,1400,0.2,1
17,16,255,2,10,5,0,500,0.6,1000,0.2,1400,0.2,0
17,17,143,2,10,5,0,300,0.5,1700,0.5,0
17,18,924,2,10,5,0,300,0.5,1700,0.5,2
17,19,547,2,10,5,0,300,0.5,1700,0.5,2
18,0,810,1,0,500,0.6,1000,0.2,1400,0.2,2
18,1,378,2,10,5,0,300,0.5,1700,0.5,1
18,2,542,2,10,5,0,300,0.5,1700,0.5,0
18,3,837,1,0,500,0.6,1000,0.2,1400,0.2,0
18,4,667,1,0,500,0.6,1000,0.2,1400,0.2,1
18,5,149,0,0,300,0.5,1700,0.5,1
18,6,611,0,0,500,0.6,1000,0.2,1400,0.2,2
18,7,70,0,0,300,0.5,1700,0.5,1
18,8,607,2,10,5,0,500,0.6,1000,0.2,1400,0.2,2
18,9,632,2,10,5,0,300,0.5,1700,0.5,2
18,10,687,0,0,300,0.5,1700,0.5,0
18,11,205,2,10,5,0,300,0.5,1700,0.5,0
18,12,771,1,0,500,0.6,1000,0.2,1400,0.2,1
18,13,626,1,0,500,0.6,1000,0.2,1400,0.2,1
18,14,202,2,10,5,0,300,0.5,1700,0.5,2
18,15,289,0,0,500,0.6,1000,0.2,1400,0.2,0
18,16,132,1,0,300,0.5,1700,0.5,2
18,17,175,2,10,5,0,300,0.5,1700,0.5,0
18,18,724,2,10,5,0,300,0.5,1700,0.5,0
18,19,126,1,0,300,0.5,1700,0.5,0
19,0,669,0,0,300,0.5,1700,0.5,1
19,1,612,1,0,500,0.6,1000,0.2,1400,0.2,0
19,2,860,1,0,500,0.6,1000,0.2,1400,0.2,0
19,3,781,1,0,500,0.6,1000,0.2,1400,0.2,2
19,4,734,1,0,300,0.5,1700,0.5,1
19,5,671,1,0,300,0.5,1700,0.5,1
19,6,150,0,0,500,0.6,1000,0.2,1400,0.2,0
19,7,946,1,0,300,0.5,1700,0.5,0
19,8,103,1,0,300,0.5,1700,0.5,2
19,9,713,0,0,500,0.6,1000,0.2,1400,0.2,2
19,10,953,0,0,300,0.5,1700,0.5,2
19,11,886,2,10,5,0,300,0.5,1700,0.5,2
19,12,382,0,0,500,0.6,1000,0.2,1400,0.2,0
19,13,915,2,10,5,0,500,0.6,1000,0.2,1400,0.2,1
19,14,965,0,0,300,0.5,1700,0.5,0
19,15,277,0,0,300,0.5,1700,0.5,1
19,16,868,0,0,300,0.5,1700,0.5,1
19,17,100,0,0,300,0.5,1700,0.5,2
19,18,292,0,0,300,0.5,1700,0.5,0
19,19,539,0,0,300,0.5,1700,0.5,0
