0,0,763,2,10,5,0,500,0.6,1000,0.2,1400,0.2,1
0,1,79,1,0,500,0.6,1000,0.2,1400,0.2,2
0,2,695,0,0,500,0.6,1000,0.2,1400,0.2,2
0,3,916,2,10,5,0,500,0.6,1000,0.2,1400,0.2,1
0,4,549,2,10,5,0,300,0.5,1700,0.5,1
0,5,769,1,0,300,0.5,1700,0.5,1
0,6,387,0,0,300,0.5,1700,0.5,2
0,7,882,1,0,300,0.5,1700,0.5,1
0,8,158,2,10,5,0,300,0.5,1700,0.5,1
0,9,697,2,10,5,0,500,0.6,1000,0.2,1400,0.2,2
0,10,178,0,0,500,0.6,1000,0.2,1400,0.2,2
0,11,554,2,10,5,0,500,0.6,1000,0.2,1400,0.2,0
0,12,51,0,0,500,0.6,1000,0.2,1400,0.2,2
0,13,549,2,10,5,0,500,0.6,1000,0.2,1400,0.2,0
0,14,253,2,10,5,0,300,0.5,1700,0.5,0
0,15,136,1,0,500,0.6,1000,0.2,1400,0.2,1
0,16,329,2,10,5,0,500,0.6,1000,0.2,1400,0.2,0
0,17,877,1,0,500,0.6,1000,0.2,1400,0.2,2
0,18,919,1,0,500,0.6,1000,0.2,1400,0.2,2
0,19,979,0,0,500,0.6,1000,0.2,1400,0.2,1
1,0,719,1,0,300,0.5,1700,0.5,1
1,1,601,2,10,5,0,300,0.5,1700,0.5,0
1,2,195,1,0,300,0.5,1700,0.5,2
1,3,990,0,0,300,0.5,1700,0.5,0
1,4,431,0,0,300,0.5,1700,0.5,0
1,5,771,0,0,500,0.6,1000,0.2,1400,0.2,2
1,6,109,1,0,500,0.6,1000,0.2,1400,0.2,0
1,7,666,2,10,5,0,300,0.5,1700,0.5,1
1,8,553,2,10,5,0,500,0.6,1000,0.2,1400,0.2,2
1,9,268,0,0,300,0.5,1700,0.5,0
1,10,921,2,10,5,0,300,0.5,1700,0.5,1
1,11,779,1,0,500,0.6,1000,0.2,1400,0.2,0
1,12,983,0,0,500,0.6,1000,0.2,1400,0.2,0
1,13,910,1,0,300,0.5,1700,0.5,0
1,14,430,1,0,500,0.6,1000,0.2,1400,0.2,0
1,15,389,1,0,300,0.5,1700,0.5,2
1,16,556,2,10,5,0,500,0.6,1000,0.2,1400,0.2,1
1,17,465,2,10,5,0,300,0.5,1700,0.5,2
1,18,989,0,0,300,0.5,1700,0.5,1
1,19,726,2,10,5,0,300,0.5,1700,0.5,2
2,0,35,2,10,5,0,500,0.6,1000,0.2,1400,0.2,1
2,1,274,1,0,500,0.6,1000,0.2,1400,0.2,0
2,2,968,2,10,5,0,500,0.6,1000,0.2,1400,0.2,0
2,3,869,1,0,500,0.6,1000,0.2,1400,0.2,1
2,4,21,2,10,5,0,300,0.5,1700,0.5,0
2,5,220,0,0,300,0.5,1700,0.5,2
2,6,875,1,0,300,0.5,1700,0.5,2
2,7,765,1,0,300,0.5,1700,0.5,0
2,8,301,2,10,5,0,300,0.5,1700,0.5,0
2,9,917,2,10,5,0,300,0.5,1700,0.5,1
2,10,169,0,0,300,0.5,1700,0.5,2
2,11,752,0,0,500,0.6,1000,0.2,1400,0.2,1
2,12,55,2,10,5,0,500,0.6,1000,0.2,1400,0.2,2
2,13,320,2,10,5,0,500,0.6,1000,0.2,1400,0.2,2
2,14,58,0,0,500,0.6,1000,0.2,1400,0.2,0
2,15,140,2,10,5,0,300,0.5,1700,0.5,1
2,16,900,0,0,300,0.5,1700,0.5,2
2,17,985,0,0,300,0.5,1700,0.5,2
2,18,356,0,0,500,0.6,1000,0.2,1400,0.2,0
2,19,867,2,10,5,0,500,0.6,1000,0.2,1400,0.2,0
3,0,966,0,0,300,0.5,1700,0.5,2
3,1,571,1,0,300,0.5,1700,0.5,0
3,2,933,2,10,5,0,300,0.5,1700,0.5,1
3,3,142,0,0,500,0.6,1000,0.2,1400,0.2,0
3,4,424,0,0,300,0.5,1700,0.5,0
3,5,647,0,0,500,0.6,1000,0.2,1400,0.2,2
3,6,473,1,0,500,0.6,1000,0.2,1400,0.2,1
3,7,512,0,0,300,0.5,1700,0.5,0
3,8,390,1,0,500,0.6,1000,0.2,1400,0.2,1
3,9,370,0,0,500,0.6,1000,0.2,1400,0.2,1
3,10,578,1,0,500,0.6,1000,0.2,1400,0.2,2
3,11,802,0,0,500,0.6,1000,0.2,1400,0.2,2
3,12,43,0,0,300,0.5,1700,0.5,2
3,13,70,0,0,300,0.5,1700,0.5,1
3,14,846,2,10,5,0,300,0.5,1700,0.5,1
3,15,591,2,10,5,0,300,0.5,1700,0.5,2
3,16,999,1,0,300,0.5,1700,0.5,0
3,17,638,2,10,5,0,500,0.6,1000,0.2,1400,0.2,2
3,18,699,2,10,5,0,500,0.6,1000,0.2,1400,0.2,2
3,19,269,2,10,5,0,500,0.6,1000,0.2,1400,0.2,0
4,0,286,0,0,300,0.5,1700,0.5,2
4,1,390,1,0,500,0.6,1000,0.2,1400,0.2,2
4,2,386,1,0,500,0.6,1000,0.2,1400,0.2,2
4,3,742,0,0,500,0.6,1000,0.2,1400,0.2,1
4,4,362,0,0,500,0.6,1000,0.2,1400,0.2,2
4,5,851,2,10,5,0,300,0.5,1700,0.5,2
4,6,99,2,10,5,0,500,0.6,1000,0.2,1400,0.2,2
4,7,518,2,10,5,0,300,0.5,1700,0.5,2
4,8,89,1,0,500,0.6,1000,0.2,1400,0.2,1
4,9,732,0,0,300,0.5,1700,0.5,0
4,10,436,0,0,300,0.5,1700,0.5,1
4,11,354,1,0,500,0.6,1000,0.2,1400,0.2,1
4,12,314,2,10,5,0,500,0.6,1000,0.2,1400,0.2,1
4,13,205,1,0,300,0.5,1700,0.5,0
4,14,930,0,0,500,0.6,1000,0.2,1400,0.2,2
4,15,933,0,0,500,0.6,1000,0.2,1400,0.2,0
4,16,415,1,0,500,0.6,1000,0.2,1400,0.2,0
4,17,942,0,0,500,0.6,1000,0.2,1400,0.2,1
4,18,790,0,0,500,0.6,1000,0.2,1400,0.2,0
4,19,56,0,0,300,0.5,1700,0.5,2
5,0,826,2,10,5,0,500,0.6,1000,0.2,1400,0.2,0
5,1,856,2,10,5,0,300,0.5,1700,0.5,0
5,2,187,2,10,5,0,500,0.6,1000,0.2,1400,0.2,2
5,3,550,0,0,500,0.6,1000,0.2,1400,0.2,2
5,4,76,2,10,5,0,500,0.6,1000,0.2,1400,0.2,1
5,5,119,2,10,5,0,300,0.5,1700,0.5,0
5,6,35,2,10,5,0,300,0.5,1700,0.5,0
5,7,824,1,0,300,0.5,1700,0.5,0
5,8,59,0,0,300,0.5,1700,0.5,2
5,9,897,1,0,300,0.5,1700,0.5,2
5,10,687,1,0,500,0.6,1000,0.2,1400,0.2,2
5,11,510,2,10,5,0,300,0.5,1700,0.5,1
5,12,854,2,10,5,0,300,0.5,1700,0.5,0
5,13,859,0,0,500,0.6,1000,0.2,1400,0.2,0
5,14,834,1,0,500,0.6,1000,0.2,1400,0.2,0
5,15,234,0,0,300,0.5,1700,0.5,1
5,16,597,0,0,500,0.6,1000,0.2,1400,0.2,0
5,17,54,1,0,500,0.6,1000,0.2,1400,0.2,0
5,18,583,1,0,500,0.6,1000,0.2,1400,0.2,1
5,19,497,0,0,300,0.5,1700,0.5,0
6,0,172,2,10,5,0,500,0.6,1000,0.2,1400,0.2,0
6,1,634,2,10,5,0,500,0.6,1000,0.2,1400,0.2,1
6,2,511,1,0,300,0.5,1700,0.5,1
6,3,138,1,0,500,0.6,1000,0.2,1400,0.2,2
6,4,291,2,10,5,0,300,0.5,1700,0.5,1
6,5,194,0,0,500,0.6,1000,0.2,1400,0.2,1
6,6,108,2,10,5,0,300,0.5,1700,0.5,1
6,7,233,2,10,5,0,300,0.5,1700,0.5,2
6,8,890,1,0,500,0.6,1000,0.2,1400,0.2,2
6,9,60,0,0,300,0.5,1700,0.5,1
6,10,834,2,10,5,0,300,0.5,1700,0.5,2
6,11,507,2,10,5,0,500,0.6,1000,0.2,1400,0.2,1
6,12,332,1,0,500,0.6,1000,0.2,1400,0.2,1
6,13,258,1,0,500,0.6,1000,0.2,1400,0.2,1
6,14,242,1,0,500,0.6,1000,0.2,1400,0.2,2
6,15,174,1,0,300,0.5,1700,0.5,0
6,16,809,2,10,5,0,500,0.6,1000,0.2,1400,0.2,0
6,17,935,1,0,500,0.6,1000,0.2,1400,0.2,1
6,18,471,2,10,5,0,300,0.5,1700,0.5,0
6,19,517,2,10,5,0,500,0.6,1000,0.2,1400,0.2,1
7,0,338,1,0,300,0.5,1700,0.5,1
7,1,770,2,10,5,0,300,0.5,1700,0.5,2
7,2,391,0,0,500,0.6,1000,0.2,1400,0.2,2
7,3,169,1,0,300,0.5,1700,0.5,0
7,4,280,1,0,500,0.6,1000,0.2,1400,0.2,0
7,5,389,0,0,500,0.6,1000,0.2,1400,0.2,1
7,6,738,2,10,5,0,500,0.6,1000,0.2,1400,0.2,1
7,7,898,1,0,300,0.5,1700,0.5,1
7,8,924,0,0,300,0.5,1700,0.5,2
7,9,690,2,10,5,0,500,0.6,1000,0.2,1400,0.2,2
7,10,596,2,10,5,0,500,0.6,1000,0.2,1400,0.2,2
7,11,37,0,0,500,0.6,1000,0.2,1400,0.2,1
7,12,484,0,0,300,0.5,1700,0.5,2
7,13,849,2,10,5,0,500,0.6,1000,0.2,1400,0.2,1
7,14,968,1,0,300,0.5,1700,0.5,1
7,15,770,1,0,300,0.5,1700,0.5,0
7,16,362,1,0,500,0.6,1000,0.2,1400,0.2,2
7,17,834,1,0,500,0.6,1000,0.2,1400,0.2,2
7,18,922,0,0,300,0.5,1700,0.5,1
7,19,469,2,10,5,0,500,0.6,1000,0.2,1400,0.2,2
8,0,176,0,0,300,0.5,1700,0.5,1
8,1,685,2,10,5,0,300,0.5,1700,0.5,0
8,2,949,2,10,5,0,500,0.6,1000,0.2,1400,0.2,1
8,3,374,0,0,300,0.5,1700,0.5,1
8,4,168,0,0,500,0.6,1000,0.2,1400,0.2,0
8,5,876,2,10,5,0,500,0.6,1000,0.2,1400,0.2,2
8,6,372,0,0,500,0.6,1000,0.2,1400,0.2,0
8,7,798,0,0,300,0.5,1700,0.5,1
8,8,13,2,10,5,0,300,0.5,1700,0.5,2
8,9,447,2,10,5,0,500,0.6,1000,0.2,1400,0.2,2
8,10,709,2,10,5,0,500,0.6,1000,0.2,1400,0.2,1
8,11,750,2,10,5,0,500,0.6,1000,0.2,1400,0.2,0
8,12,474,1,0,300,0.5,1700,0.5,1
8,13,788,2,10,5,0,500,0.6,1000,0.2,1400,0.2,2
8,14,900,0,0,500,0.6,1000,0.2,1400,0.2,2
8,15,224,2,10,5,0,500,0.6,1000,0.2,1400,0.2,2
8,16,845,2,10,5,0,300,0.5,1700,0.5,0
8,17,732,2,10,5,0,500,0.6,1000,0.2,1400,0.2,1
8,18,633,2,10,5,0,500,0.6,1000,0.2,1400,0.2,2
8,19,286,2,10,5,0,300,0.5,1700,0.5,0
9,0,814,1,0,300,0.5,1700,0.5,0
9,1,506,1,0,500,0.6,1000,0.2,1400,0.2,0
9,2,324,2,10,5,0,300,0.5,1700,0.5,2
9,3,459,1,0,500,0.6,1000,0.2,1400,0.2,0
9,4,251,2,10,5,0,500,0.6,1000,0.2,1400,0.2,1
9,5,143,0,0,300,0.5,1700,0.5,0
9,6,549,2,10,5,0,500,0.6,1000,0.2,1400,0.2,1
9,7,744,0,0,500,0.6,1000,0.2,1400,0.2,0
9,8,63,2,10,5,0,500,0.6,1000,0.2,1400,0.2,1
9,9,234,2,10,5,0,500,0.6,1000,0.2,1400,0.2,0
9,10,726,1,0,500,0.6,1000,0.2,1400,0.2,1
9,11,710,1,0,300,0.5,1700,0.5,0
9,12,571,0,0,500,0.6,1000,0.2,1400,0.2,1
9,13,602,1,0,300,0.5,1700,0.5,1
9,14,124,1,0,500,0.6,1000,0.2,1400,0.2,1
9,15,88,2,10,5,0,300,0.5,1700,0.5,0
9,16,106,0,0,300,0.5,1700,0.5,0
9,17,630,2,10,5,0,500,0.6,1000,0.2,1400,0.2,2
9,18,559,1,0,500,0.6,1000,0.2,1400,0.2,1
9,19,865,2,10,5,0,500,0.6,1000,0.2,1400,0.2,2
10,0,370,2,10,5,0,300,0.5,1700,0.5,2
10,1,981,2,10,5,0,500,0.6,1000,0.2,1400,0.2,2
10,2,990,0,0,300,0.5,1700,0.5,1
10,3,568,1,0,500,0.6,1000,0.2,1400,0.2,0
10,4,222,1,0,500,0.6,1000,0.2,1400,0.2,1
10,5,880,2,10,5,0,500,0.6,1000,0.2,1400,0.2,1
10,6,329,2,10,5,0,500,0.6,1000,0.2,1400,0.2,2
10,7,929,0,0,300,0.5,1700,0.5,1
10,8,998,2,10,5,0,300,0.5,1700,0.5,2
10,9,400,1,0,500,0.6,1000,0.2,1400,0.2,1
10,10,105,1,0,500,0.6,1000,0.2,1400,0.2,0
10,11,127,0,0,500,0.6,1000,0.2,1400,0.2,1
10,12,825,0,0,500,0.6,1000,0.2,1400,0.2,0
10,13,729,0,0,300,0.5,1700,0.5,0
10,14,571,2,10,5,0,500,0.6,1000,0.2,1400,0.2,1
10,15,329,0,0,300,0.5,1700,0.5,2
10,16,138,1,0,500,0.6,1000,0.2,1400,0.2,1
10,17,979,1,0,500,0.6,1000,0.2,1400,0.2,0
10,18,344,0,0,500,0.6,1000,0.2,1400,0.2,1
10,19,255,0,0,500,0.6,1000,0.2,1400,0.2,1
11,0,11,2,10,5,0,500,0.6,1000,0.2,1400,0.2,0
11,1,706,2,10,5,0,500,0.6,1000,0.2,1400,0.2,0
11,2,168,1,0,500,0.6,1000,0.2,1400,0.2,2
11,3,134,2,10,5,0,300,0.5,1700,0.5,0
11,4,867,2,10,5,0,500,0.6,1000,0.2,1400,0.2,0
11,5,450,0,0,300,0.5,1700,0.5,2
11,6,535,2,10,5,0,300,0.5,1700,0.5,2
11,7,541,1,0,300,0.5,1700,0.5,0
11,8,845,0,0,300,0.5,1700,0.5,0
11,9,128,0,0,500,0.6,1000,0.2,1400,0.2,1
11,10,701,1,0,300,0.5,1700,0.5,1
11,11,865,2,10,5,0,500,0.6,1000,0.2,1400,0.2,1
11,12,359,2,10,5,0,500,0.6,1000,0.2,1400,0.2,0
11,13,149,2,10,5,0,500,0.6,1000,0.2,1400,0.2,0
11,14,831,2,10,5,0,300,0.5,1700,0.5,1
11,15,998,1,0,500,0.6,1000,0.2,1400,0.2,2
11,16,770,1,0,500,0.6,1000,0.2,1400,0.2,2
11,17,414,1,0,500,0.6,1000,0.2,1400,0.2,0
11,18,203,1,0,300,0.5,1700,0.5,1
11,19,711,0,0,300,0.5,1700,0.5,1
12,0,61,0,0,500,0.6,1000,0.2,1400,0.2,0
12,1,630,1,0,300,0.5,1700,0.5,0
12,2,995,2,10,5,0,500,0.6,1000,0.2,1400,0.2,1
12,3,553,0,0,500,0.6,1000,0.2,1400,0.2,0
12,4,107,1,0,500,0.6,1000,0.2,1400,0.2,2
12,5,236,0,0,300,0.5,1700,0.5,0
12,6,301,0,0,500,0.6,1000,0.2,1400,0.2,0
12,7,235,1,0,500,0.6,1000,0.2,1400,0.2,1
12,8,399,0,0,500,0.6,1000,0.2,1400,0.2,2
12,9,16,1,0,300,0.5,1700,0.5,2
12,10,987,0,0,300,0.5,1700,0.5,1
12,11,627,1,0,300,0.5,1700,0.5,0
12,12,731,0,0,300,0.5,1700,0.5,0
12,13,849,0,0,300,0.5,1700,0.5,1
12,14,153,2,10,5,0,500,0.6,1000,0.2,1400,0.2,2
12,15,276,0,0,300,0.5,1700,0.5,2
12,16,103,2,10,5,0,500,0.6,1000,0.2,1400,0.2,1
12,17,172,2,10,5,0,500,0.6,1000,0.2,1400,0.2,2
12,18,346,2,10,5,0,300,0.5,1700,0.5,2
12,19,357,0,0,300,0.5,1700,0.5,2
13,0,815,0,0,300,0.5,1700,0.5,2
13,1,529,1,0,300,0.5,1700,0.5,0
13,2,595,0,0,500,0.6,1000,0.2,1400,0.2,0
13,3,432,0,0,300,0.5,1700,0.5,2
13,4,802,1,0,500,0.6,1000,0.2,1400,0.2,0
13,5,445,0,0,300,0.5,1700,0.5,1
13,6,640,1,0,500,0.6,1000,0.2,1400,0.2,2
13,7,821,2,10,5,0,500,0.6,1000,0.2,1400,0.2,0
13,8,967,0,0,300,0.5,1700,0.5,1
13,9,478,0,0,300,0.5,1700,0.5,2
13,10,964,1,0,300,0.5,1700,0.5,2
13,11,776,2,10,5,0,300,0.5,1700,0.5,1
13,12,358,0,0,300,0.5,1700,0.5,1
13,13,458,2,10,5,0,500,0.6,1000,0.2,1400,0.2,2
13,14,266,0,0,500,0.6,1000,0.2,1400,0.2,1
13,15,513,1,0,500,0.6,1000,0.2,1400,0.2,0
13,16,295,0,0,300,0.5,1700,0.5,0
13,17,620,1,0,500,0.6,1000,0.2,1400,0.2,0
13,18,994,0,0,300,0.5,1700,0.5,0
13,19,408,2,10,5,0,300,0.5,1700,0.5,0
14,0,582,0,0,500,0.6,1000,0.2,1400,0.2,0
14,1,204,1,0,500,0.6,1000,0.2,1400,0.2,0
14,2,15,0,0,500,0.6,1000,0.2,1400,0.2,2
14,3,966,2,10,5,0,300,0.5,1700,0.5,2
14,4,230,1,0,500,0.6,1000,0.2,1400,0.2,2
14,5,753,0,0,300,0.5,1700,0.5,1
14,6,270,2,10,5,0,300,0.5,1700,0.5,0
14,7,820,1,0,300,0.5,1700,0.5,1
14,8,197,2,10,5,0,500,0.6,1000,0.2,1400,0.2,2
14,9,911,0,0,500,0.6,1000,0.2,1400,0.2,2
14,10,155,2,10,5,0,300,0.5,1700,0.5,0
14,11,458,0,0,300,0.5,1700,0.5,1
14,12,773,2,10,5,0,300,0.5,1700,0.5,1
14,13,251,1,0,300,0.5,1700,0.5,2
14,14,954,0,0,300,0.5,1700,0.5,2
14,15,805,2,10,5,0,500,0.6,1000,0.2,1400,0.2,0
14,16,725,2,10,5,0,500,0.6,1000,0.2,1400,0.2,2
14,17,782,1,0,300,0.5,1700,0.5,1
14,18,934,2,10,5,0,500,0.6,1000,0.2,1400,0.2,0
14,19,196,2,10,5,0,300,0.5,1700,0.5,2
15,0,333,2,10,5,0,300,0.5,1700,0.5,0
15,1,579,1,0,500,0.6,1000,0.2,1400,0.2,2
15,2,640,1,0,500,0.6,1000,0.2,1400,0.2,0
15,3,99,1,0,500,0.6,1000,0.2,1400,0.2,1
15,4,349,0,0,300,0.5,1700,0.5,0
15,5,375,1,0,500,0.6,1000,0.2,1400,0.2,2
15,6,244,0,0,500,0.6,1000,0.2,1400,0.2,1
15,7,59,2,10,5,0,500,0.6,1000,0.2,1400,0.2,1
15,8,66,2,10,5,0,500,0.6,1000,0.2,1400,0.2,0
15,9,835,0,0,300,0.5,1700,0.5,0
15,10,170,0,0,500,0.6,1000,0.2,1400,0.2,0
15,11,121,1,0,500,0.6,1000,0.2,1400,0.2,1
15,12,820,0,0,500,0.6,1000,0.2,1400,0.2,0
15,13,798,0,0,300,0.5,1700,0.5,0
15,14,363,0,0,300,0.5,1700,0.5,2
15,15,52,0,0,500,0.6,1000,0.2,1400,0.2,2
15,16,905,1,0,300,0.5,1700,0.5,0
15,17,489,2,10,5,0,300,0.5,1700,0.5,1
15,18,294,0,0,300,0.5,1700,0.5,2
15,19,108,2,10,5,0,500,0.6,1000,0.2,1400,0.2,2
16,0,806,2,10,5,0,300,0.5,1700,0.5,0
16,1,216,1,0,500,0.6,1000,0.2,1400,0.2,1
16,2,730,1,0,500,0.6,1000,0.2,1400,0.2,2
16,3,278,2,10,5,0,500,0.6,1000,0.2,1400,0.2,0
16,4,437,0,0,500,0.6,1000,0.2,1400,0.2,0
16,5,471,1,0,500,0.6,1000,0.2,1400,0.2,1
16,6,616,1,0,300,0.5,1700,0.5,2
16,7,538,0,0,300,0.5,1700,0.5,1
16,8,737,1,0,500,0.6,1000,0.2,1400,0.2,0
16,9,926,1,0,300,0.5,1700,0.5,1
16,10,609,0,0,500,0.6,1000,0.2,1400,0.2,0
16,11,123,2,10,5,0,500,0.6,1000,0.2,1400,0.2,2
16,12,752,0,0,500,0.6,1000,0.2,1400,0.2,1
16,13,448,2,10,5,0,300,0.5,1700,0.5,2
16,14,437,0,0,300,0.5,1700,0.5,2
16,15,216,0,0,300,0.5,1700,0.5,2
16,16,231,2,10,5,0,500,0.6,1000,0.2,1400,0.2,2
16,17,933,2,10,5,0,500,0.6,1000,0.2,1400,0.2,0
16,18,844,0,0,300,0.5,1700,0.5,1
16,19,159,2,10,5,0,500,0.6,1000,0.2,1400,0.2,1
17,0,748,2,10,5,0,300,0.5,1700,0.5,1
17,1,74,0,0,500,0.6,1000,0.2,1400,0.2,1
17,2,429,2,10,5,0,500,0.6,1000,0.2,1400,0.2,0
17,3,421,0,0,300,0.5,1700,0.5,2
17,4,180,0,0,300,0.5,1700,0.5,0
17,5,704,2,10,5,0,500,0.6,1000,0.2,1400,0.2,1
17,6,912,0,0,300,0.5,1700,0.5,1
17,7,539,2,10,5,0,500,0.6,1000,0.2,1400,0.2,1
17,8,298,1,0,500,0.6,1000,0.2,1400,0.2,1
17,9,83,2,10,5,0,500,0.6,1000,0.2,1400,0.2,0
17,10,718,0,0,500,0.6,1000,0.2,1400,0.2,2
17,11,283,1,0,500,0.6,1000,0.2,1400,0.2,2
17,12,394,2,10,5,0,300,0.5,1700,0.5,2
17,13,718,1,0,300,0.5,1700,0.5,1
17,14,30,0,0,300,0.5,1700,0.5,2
17,15,421,2,10,5,0,300,0.5,1700,0.5,0
17,16,42,0,0,300,0.5,1700,0.5,2
17,17,866,0,0,300,0.5,1700,0.5,0
17,18,472,0,0,300,0.5,1700,0.5,1
17,19,658,1,0,500,0.6,1000,0.2,1400,0.2,2
18,0,637,2,10,5,0,500,0.6,1000,0.2,1400,0.2,0
18,1,82,2,10,5,0,500,0.6,1000,0.2,1400,0.2,1
18,2,475,2,10,5,0,300,0.5,1700,0.5,1
18,3,885,2,10,5,0,500,0.6,1000,0.2,1400,0.2,2
18,4,853,2,10,5,0,300,0.5,1700,0.5,1
18,5,294,2,10,5,0,500,0.6,1000,0.2,1400,0.2,0
18,6,581,1,0,300,0.5,1700,0.5,2
18,7,820,1,0,500,0.6,1000,0.2,1400,0.2,1
18,8,150,1,0,500,0.6,1000,0.2,1400,0.2,2
18,9,400,0,0,300,0.5,1700,0.5,2
18,10,573,1,0,300,0.5,1700,0.5,2
18,11,531,1,0,500,0.6,1000,0.2,1400,0.2,0
18,12,498,0,0,500,0.6,1000,0.2,1400,0.2,1
18,13,699,0,0,500,0.6,1000,0.2,1400,0.2,2
18,14,250,1,0,300,0.5,1700,0.5,0
18,15,891,1,0,500,0.6,1000,0.2,1400,0.2,0
18,16,764,0,0,500,0.6,1000,0.2,1400,0.2,1
18,17,861,2,10,5,0,500,0.6,1000,0.2,1400,0.2,2
18,18,913,2,10,5,0,300,0.5,1700,0.5,2
18,19,499,1,0,500,0.6,1000,0.2,1400,0.2,0
19,0,294,1,0,300,0.5,1700,0.5,0
19,1,217,0,0,300,0.5,1700,0.5,2
19,2,382,0,0,500,0.6,1000,0.2,1400,0.2,0
19,3,622,2,10,5,0,300,0.5,1700,0.5,0
19,4,551,1,0,500,0.6,1000,0.2,1400,0.2,2
19,5,445,1,0,300,0.5,1700,0.5,2
19,6,825,0,0,500,0.6,1000,0.2,1400,0.2,0
19,7,747,0,0,500,0.6,1000,0.2,1400,0.2,0
19,8,821,1,0,500,0.6,1000,0.2,1400,0.2,1
19,9,422,0,0,300,0.5,1700,0.5,1
19,10,535,1,0,300,0.5,1700,0.5,2
19,11,965,0,0,500,0.6,1000,0.2,1400,0.2,0
19,12,243,1,0,500,0.6,1000,0.2,1400,0.2,0
19,13,117,1,0,500,0.6,1000,0.2,1400,0.2,0
19,14,583,2,10,5,0,300,0.5,1700,0.5,2
19,15,536,1,0,500,0.6,1000,0.2,1400,0.2,2
19,16,401,1,0,500,0.6,1000,0.2,1400,0.2,0
19,17,552,1,0,300,0.5,1700,0.5,2
19,18,606,1,0,300,0.5,1700,0.5,0
19,19,824,1,0,500,0.6,1000,0.2,1400,0.2,2
