0,0,741,0,0,500,0.6,1000,0.2,1400,0.2,2
0,1,445,1,0,500,0.6,1000,0.2,1400,0.2,1
0,2,70,0,0,500,0.6,1000,0.2,1400,0.2,2
0,3,744,2,10,5,0,500,0.6,1000,0.2,1400,0.2,1
0,4,561,2,10,5,0,300,0.5,1700,0.5,2
0,5,482,2,10,5,0,300,0.5,1700,0.5,1
0,6,487,1,0,500,0.6,1000,0.2,1400,0.2,1
0,7,67,1,0,500,0.6,1000,0.2,1400,0.2,1
0,8,10,1,0,500,0.6,1000,0.2,1400,0.2,2
0,9,56,0,0,300,0.5,1700,0.5,0
0,10,749,0,0,300,0.5,1700,0.5,2
0,11,440,0,0,500,0.6,1000,0.2,1400,0.2,0
0,12,860,1,0,500,0.6,1000,0.2,1400,0.2,0
0,13,456,1,0,500,0.6,1000,0.2,1400,0.2,1
0,14,319,2,10,5,0,500,0.6,1000,0.2,1400,0.2,0
0,15,371,0,0,300,0.5,1700,0.5,0
0,16,281,2,10,5,0,300,0.5,1700,0.5,1
0,17,118,2,10,5,0,300,0.5,1700,0.5,2
0,18,361,0,0,500,0.6,1000,0.2,1400,0.2,2
0,19,908,1,0,300,0.5,1700,0.5,0
1,0,212,2,10,5,0,500,0.6,1000,0.2,1400,0.2,2
1,1,815,1,0,500,0.6,1000,0.2,1400,0.2,0
1,2,724,2,10,5,0,500,0.6,1000,0.2,1400,0.2,1
1,3,447,2,10,5,0,500,0.6,1000,0.2,1400,0.2,1
1,4,222,0,0,500,0.6,1000,0.2,1400,0.2,0
1,5,843,0,0,300,0.5,1700,0.5,1
1,6,843,2,10,5,0,300,0.5,1700,0.5,2
1,7,982,1,0,300,0.5,1700,0.5,1
1,8,269,1,0,500,0.6,1000,0.2,1400,0.2,2
1,9,267,2,10,5,0,500,0.6,1000,0.2,1400,0.2,2
1,10,492,1,0,500,0.6,1000,0.2,1400,0.2,1
1,11,317,0,0,500,0.6,1000,0.2,1400,0.2,2
1,12,539,0,0,300,0.5,1700,0.5,1
1,13,551,0,0,500,0.6,1000,0.2,1400,0.2,2
1,14,283,0,0,500,0.6,1000,0.2,1400,0.2,0
1,15,696,2,10,5,0,500,0.6,1000,0.2,1400,0.2,1
1,16,446,2,10,5,0,300,0.5,1700,0.5,2
1,17,881,0,0,300,0.5,1700,0.5,2
1,18,945,2,10,5,0,500,0.6,1000,0.2,1400,0.2,0
1,19,125,1,0,500,0.6,1000,0.2,1400,0.2,0
2,0,688,0,0,300,0.5,1700,0.5,1
2,1,672,2,10,5,0,500,0.6,1000,0.2,1400,0.2,0
2,2,637,1,0,300,0.5,1700,0.5,2
2,3,29,1,0,300,0.5,1700,0.5,0
2,4,526,2,10,5,0,500,0.6,1000,0.2,1400,0.2,2
2,5,332,1,0,500,0.6,1000,0.2,1400,0.2,0
2,6,270,0,0,500,0.6,1000,0.2,1400,0.2,2
2,7,688,0,0,500,0.6,1000,0.2,1400,0.2,2
2,8,96,1,0,300,0.5,1700,0.5,0
2,9,639,1,0,300,0.5,1700,0.5,2
2,10,632,1,0,500,0.6,1000,0.2,1400,0.2,1
2,11,878,1,0,500,0.6,1000,0.2,1400,0.2,1
2,12,689,2,10,5,0,500,0.6,1000,0.2,1400,0.2,1
2,13,673,1,0,500,0.6,1000,0.2,1400,0.2,0
2,14,826,0,0,300,0.5,1700,0.5,1
2,15,752,0,0,500,0.6,1000,0.2,1400,0.2,1
2,16,482,1,0,500,0.6,1000,0.2,1400,0.2,2
2,17,207,0,0,300,0.5,1700,0.5,0
2,18,85,0,0,300,0.5,1700,0.5,1
2,19,557,1,0,300,0.5,1700,0.5,2
3,0,236,2,10,5,0,300,0.5,1700,0.5,1
3,1,347,0,0,300,0.5,1700,0.5,2
3,2,700,2,10,5,0,500,0.6,1000,0.2,1400,0.2,1
3,3,967,1,0,300,0.5,1700,0.5,0
3,4,678,0,0,300,0.5,1700,0.5,1
3,5,118,2,10,5,0,500,0.6,1000,0.2,1400,0.2,2
3,6,207,0,0,300,0.5,1700,0.5,1
3,7,154,0,0,500,0.6,1000,0.2,1400,0.2,0
3,8,256,1,0,300,0.5,1700,0.5,0
3,9,461,1,0,300,0.5,1700,0.5,1
3,10,550,1,0,500,0.6,1000,0.2,1400,0.2,1
3,11,393,2,10,5,0,300,0.5,1700,0.5,0
3,12,879,2,10,5,0,300,0.5,1700,0.5,2
3,13,478,0,0,300,0.5,1700,0.5,0
3,14,309,0,0,300,0.5,1700,0.5,0
3,15,841,2,10,5,0,300,0.5,1700,0.5,2
3,16,970,2,10,5,0,500,0.6,1000,0.2,1400,0.2,0
3,17,103,2,10,5,0,300,0.5,1700,0.5,2
3,18,729,2,10,5,0,500,0.6,1000,0.2,1400,0.2,0
3,19,851,2,10,5,0,500,0.6,1000,0.2,1400,0.2,1
4,0,565,1,0,500,0.6,1000,0.2,1400,0.2,0
4,1,230,0,0,500,0.6,1000,0.2,1400,0.2,1
4,2,550,2,10,5,0,500,0.6,1000,0.2,1400,0.2,1
4,3,371,1,0,300,0.5,1700,0.5,0
4,4,573,1,0,500,0.6,1000,0.2,1400,0.2,1
4,5,521,1,0,300,0.5,1700,0.5,0
4,6,931,1,0,500,0.6,1000,0.2,1400,0.2,1
4,7,383,1,0,500,0.6,1000,0.2,1400,0.2,2
4,8,536,2,10,5,0,300,0.5,1700,0.5,2
4,9,294,2,10,5,0,500,0.6,1000,0.2,1400,0.2,2
4,10,955,0,0,500,0.6,1000,0.2,1400,0.2,2
4,11,472,0,0,300,0.5,1700,0.5,0
4,12,393,1,0,500,0.6,1000,0.2,1400,0.2,1
4,13,820,0,0,500,0.6,1000,0.2,1400,0.2,2
4,14,132,0,0,500,0.6,1000,0.2,1400,0.2,0
4,15,273,0,0,300,0.5,1700,0.5,0
4,16,313,1,0,300,0.5,1700,0.5,1
4,17,693,2,10,5,0,300,0.5,1700,0.5,2
4,18,611,2,10,5,0,500,0.6,1000,0.2,1400,0.2,0
4,19,345,1,0,300,0.5,1700,0.5,1
5,0,949,1,0,500,0.6,1000,0.2,1400,0.2,0
5,1,612,0,0,500,0.6,1000,0.2,1400,0.2,0
5,2,542,1,0,500,0.6,1000,0.2,1400,0.2,1
5,3,722,0,0,500,0.6,1000,0.2,1400,0.2,2
5,4,92,2,10,5,0,500,0.6,1000,0.2,1400,0.2,0
5,5,81,2,10,5,0,500,0.6,1000,0.2,1400,0.2,2
5,6,725,2,10,5,0,500,0.6,1000,0.2,1400,0.2,1
5,7,657,1,0,500,0.6,1000,0.2,1400,0.2,2
5,8,815,0,0,500,0.6,1000,0.2,1400,0.2,1
5,9,454,1,0,300,0.5,1700,0.5,2
5,10,771,2,10,5,0,300,0.5,1700,0.5,2
5,11,862,2,10,5,0,500,0.6,1000,0.2,1400,0.2,2
5,12,852,0,0,300,0.5,1700,0.5,0
5,13,747,0,0,300,0.5,1700,0.5,0
5,14,282,1,0,500,0.6,1000,0.2,1400,0.2,2
5,15,57,1,0,300,0.5,1700,0.5,2
5,16,803,0,0,500,0.6,1000,0.2,1400,0.2,2
5,17,613,2,10,5,0,300,0.5,1700,0.5,0
5,18,310,1,0,500,0.6,1000,0.2,1400,0.2,2
5,19,55,1,0,500,0.6,1000,0.2,1400,0.2,1
6,0,28,0,0,500,0.6,1000,0.2,1400,0.2,2
6,1,238,0,0,500,0.6,1000,0.2,1400,0.2,0
6,2,667,0,0,500,0.6,1000,0.2,1400,0.2,1
6,3,538,1,0,300,0.5,1700,0.5,0
6,4,170,2,10,5,0,300,0.5,1700,0.5,0
6,5,971,0,0,500,0.6,1000,0.2,1400,0.2,0
6,6,960,2,10,5,0,300,0.5,1700,0.5,1
6,7,911,1,0,500,0.6,1000,0.2,1400,0.2,1
6,8,188,1,0,500,0.6,1000,0.2,1400,0.2,2
6,9,962,0,0,300,0.5,1700,0.5,2
6,10,385,1,0,500,0.6,1000,0.2,1400,0.2,1
6,11,727,0,0,300,0.5,1700,0.5,1
6,12,317,0,0,300,0.5,1700,0.5,1
6,13,552,0,0,300,0.5,1700,0.5,2
6,14,941,2,10,5,0,300,0.5,1700,0.5,0
6,15,949,1,0,300,0.5,1700,0.5,1
6,16,846,2,10,5,0,300,0.5,1700,0.5,2
6,17,302,0,0,500,0.6,1000,0.2,1400,0.2,1
6,18,756,2,10,5,0,300,0.5,1700,0.5,0
6,19,383,0,0,300,0.5,1700,0.5,1
7,0,823,2,10,5,0,300,0.5,1700,0.5,2
7,1,135,2,10,5,0,500,0.6,1000,0.2,1400,0.2,0
7,2,726,0,0,300,0.5,1700,0.5,0
7,3,395,1,0,500,0.6,1000,0.2,1400,0.2,2
7,4,873,1,0,500,0.6,1000,0.2,1400,0.2,0
7,5,520,2,10,5,0,300,0.5,1700,0.5,0
7,6,639,0,0,500,0.6,1000,0.2,1400,0.2,0
7,7,593,1,0,500,0.6,1000,0.2,1400,0.2,2
7,8,80,2,10,5,0,300,0.5,1700,0.5,0
7,9,129,0,0,300,0.5,1700,0.5,0
7,10,531,0,0,500,0.6,1000,0.2,1400,0.2,0
7,11,920,2,10,5,0,300,0.5,1700,0.5,2
7,12,893,1,0,300,0.5,1700,0.5,0
7,13,356,2,10,5,0,500,0.6,1000,0.2,1400,0.2,2
7,14,444,0,0,300,0.5,1700,0.5,1
7,15,86,1,0,300,0.5,1700,0.5,2
7,16,899,0,0,500,0.6,1000,0.2,1400,0.2,2
7,17,124,0,0,500,0.6,1000,0.2,1400,0.2,2
7,18,137,0,0,300,0.5,1700,0.5,0
7,19,387,0,0,300,0.5,1700,0.5,1
8,0,853,2,10,5,0,300,0.5,1700,0.5,2
8,1,409,0,0,300,0.5,1700,0.5,2
8,2,420,1,0,300,0.5,1700,0.5,1
8,3,74,1,0,500,0.6,1000,0.2,1400,0.2,0
8,4,302,0,0,500,0.6,1000,0.2,1400,0.2,1
8,5,395,1,0,500,0.6,1000,0.2,1400,0.2,1
8,6,980,1,0,500,0.6,1000,0.2,1400,0.2,2
8,7,121,2,10,5,0,300,0.5,1700,0.5,1
8,8,492,1,0,300,0.5,1700,0.5,0
8,9,742,2,10,5,0,300,0.5,1700,0.5,1
8,10,373,0,0,300,0.5,1700,0.5,1
8,11,440,1,0,300,0.5,1700,0.5,2
8,12,982,2,10,5,0,500,0.6,1000,0.2,1400,0.2,2
8,13,391,1,0,300,0.5,1700,0.5,2
8,14,110,0,0,500,0.6,1000,0.2,1400,0.2,2
8,15,679,1,0,500,0.6,1000,0.2,1400,0.2,1
8,16,289,0,0,300,0.5,1700,0.5,0
8,17,817,0,0,300,0.5,1700,0.5,0
8,18,358,0,0,500,0.6,1000,0.2,1400,0.2,2
8,19,618,2,10,5,0,500,0.6,1000,0.2,1400,0.2,2
9,0,839,0,0,500,0.6,1000,0.2,1400,0.2,1
9,1,246,1,0,500,0.6,1000,0.2,1400,0.2,2
9,2,75,0,0,300,0.5,1700,0.5,0
9,3,472,0,0,300,0.5,1700,0.5,2
9,4,863,2,10,5,0,500,0.6,1000,0.2,1400,0.2,0
9,5,912,0,0,300,0.5,1700,0.5,0
9,6,982,0,0,300,0.5,1700,0.5,0
9,7,918,0,0,500,0.6,1000,0.2,1400,0.2,0
9,8,511,1,0,500,0.6,1000,0.2,1400,0.2,0
9,9,475,2,10,5,0,500,0.6,1000,0.2,1400,0.2,2
9,10,941,2,10,5,0,500,0.6,1000,0.2,1400,0.2,1
9,11,643,0,0,500,0.6,1000,0.2,1400,0.2,1
9,12,209,1,0,300,0.5,1700,0.5,0
9,13,925,2,10,5,0,300,0.5,1700,0.5,0
9,14,484,2,10,5,0,500,0.6,1000,0.2,1400,0.2,2
9,15,438,0,0,300,0.5,1700,0.5,0
9,16,791,1,0,300,0.5,1700,0.5,0
9,17,353,1,0,300,0.5,1700,0.5,2
9,18,101,2,10,5,0,300,0.5,1700,0.5,1
9,19,264,1,0,300,0.5,1700,0.5,1
10,0,162,1,0,300,0.5,1700,0.5,1
10,1,446,1,0,300,0.5,1700,0.5,2
10,2,319,0,0,500,0.6,1000,0.2,1400,0.2,2
10,3,161,2,10,5,0,500,0.6,1000,0.2,1400,0.2,0
10,4,370,1,0,500,0.6,1000,0.2,1400,0.2,0
10,5,81,2,10,5,0,500,0.6,1000,0.2,1400,0.2,2
10,6,914,1,0,500,0.6,1000,0.2,1400,0.2,2
10,7,966,2,10,5,0,500,0.6,1000,0.2,1400,0.2,1
10,8,180,0,0,500,0.6,1000,0.2,1400,0.2,1
10,9,438,0,0,500,0.6,1000,0.2,1400,0.2,1
10,10,560,2,10,5,0,500,0.6,1000,0.2,1400,0.2,2
10,11,791,0,0,500,0.6,1000,0.2,1400,0.2,0
10,12,313,0,0,500,0.6,1000,0.2,1400,0.2,1
10,13,143,1,0,300,0.5,1700,0.5,1
10,14,502,2,10,5,0,500,0.6,1000,0.2,1400,0.2,0
10,15,503,0,0,300,0.5,1700,0.5,0
10,16,455,2,10,5,0,500,0.6,1000,0.2,1400,0.2,2
10,17,873,1,0,500,0.6,1000,0.2,1400,0.2,2
10,18,325,2,10,5,0,300,0.5,1700,0.5,1
10,19,327,1,0,500,0.6,1000,0.2,1400,0.2,0
11,0,885,0,0,300,0.5,1700,0.5,2
11,1,981,0,0,500,0.6,1000,0.2,1400,0.2,0
11,2,779,0,0,300,0.5,1700,0.5,2
11,3,159,0,0,300,0.5,1700,0.5,2
11,4,678,0,0,300,0.5,1700,0.5,0
11,5,853,0,0,500,0.6,1000,0.2,1400,0.2,1
11,6,214,1,0,500,0.6,1000,0.2,1400,0.2,2
11,7,643,2,10,5,0,500,0.6,1000,0.2,1400,0.2,0
11,8,875,2,10,5,0,300,0.5,1700,0.5,1
11,9,42,2,10,5,0,300,0.5,1700,0.5,0
11,10,357,0,0,500,0.6,1000,0.2,1400,0.2,0
11,11,888,0,0,300,0.5,1700,0.5,2
11,12,564,2,10,5,0,500,0.6,1000,0.2,1400,0.2,1
11,13,464,0,0,300,0.5,1700,0.5,2
11,14,764,2,10,5,0,300,0.5,1700,0.5,2
11,15,736,1,0,300,0.5,1700,0.5,2
11,16,127,2,10,5,0,500,0.6,1000,0.2,1400,0.2,2
11,17,628,0,0,500,0.6,1000,0.2,1400,0.2,0
11,18,114,2,10,5,0,300,0.5,1700,0.5,0
11,19,313,2,10,5,0,300,0.5,1700,0.5,0
12,0,216,2,10,5,0,300,0.5,1700,0.5,2
12,1,561,0,0,300,0.5,1700,0.5,2
12,2,771,1,0,500,0.6,1000,0.2,1400,0.2,1
12,3,197,2,10,5,0,300,0.5,1700,0.5,1
12,4,540,1,0,500,0.6,1000,0.2,1400,0.2,2
12,5,77,1,0,500,0.6,1000,0.2,1400,0.2,1
12,6,446,1,0,300,0.5,1700,0.5,0
12,7,335,2,10,5,0,500,0.6,1000,0.2,1400,0.2,2
12,8,506,2,10,5,0,500,0.6,1000,0.2,1400,0.2,2
12,9,825,1,0,300,0.5,1700,0.5,2
12,10,444,2,10,5,0,500,0.6,1000,0.2,1400,0.2,2
12,11,546,2,10,5,0,300,0.5,1700,0.5,1
12,12,971,0,0,300,0.5,1700,0.5,2
12,13,77,2,10,5,0,500,0.6,1000,0.2,1400,0.2,0
12,14,957,0,0,300,0.5,1700,0.5,2
12,15,106,2,10,5,0,500,0.6,1000,0.2,1400,0.2,2
12,16,567,2,10,5,0,300,0.5,1700,0.5,2
12,17,923,2,10,5,0,300,0.5,1700,0.5,0
12,18,808,2,10,5,0,500,0.6,1000,0.2,1400,0.2,0
12,19,503,0,0,300,0.5,1700,0.5,1
13,0,879,2,10,5,0,500,0.6,1000,0.2,1400,0.2,1
13,1,500,2,10,5,0,300,0.5,1700,0.5,1
13,2,451,1,0,500,0.6,1000,0.2,1400,0.2,0
13,3,185,1,0,500,0.6,1000,0.2,1400,0.2,2
13,4,614,0,0,500,0.6,1000,0.2,1400,0.2,1
13,5,534,0,0,500,0.6,1000,0.2,1400,0.2,0
13,6,878,0,0,300,0.5,1700,0.5,0
13,7,360,0,0,300,0.5,1700,0.5,2
13,8,148,0,0,500,0.6,1000,0.2,1400,0.2,0
13,9,567,2,10,5,0,300,0.5,1700,0.5,0
13,10,255,2,10,5,0,300,0.5,1700,0.5,1
13,11,79,0,0,500,0.6,1000,0.2,1400,0.2,1
13,12,904,0,0,500,0.6,1000,0.2,1400,0.2,2
13,13,689,2,10,5,0,500,0.6,1000,0.2,1400,0.2,0
13,14,910,1,0,500,0.6,1000,0.2,1400,0.2,0
13,15,347,0,0,300,0.5,1700,0.5,0
13,16,763,1,0,500,0.6,1000,0.2,1400,0.2,1
13,17,186,2,10,5,0,500,0.6,1000,0.2,1400,0.2,0
13,18,796,2,10,5,0,300,0.5,1700,0.5,2
13,19,407,1,0,500,0.6,1000,0.2,1400,0.2,0
14,0,776,1,0,300,0.5,1700,0.5,1
14,1,289,1,0,500,0.6,1000,0.2,1400,0.2,0
14,2,457,0,0,500,0.6,1000,0.2,1400,0.2,0
14,3,322,1,0,300,0.5,1700,0.5,2
14,4,806,1,0,300,0.5,1700,0.5,0
14,5,12,1,0,300,0.5,1700,0.5,2
14,6,187,2,10,5,0,300,0.5,1700,0.5,1
14,7,238,1,0,300,0.5,1700,0.5,0
14,8,67,2,10,5,0,300,0.5,1700,0.5,0
14,9,73,2,10,5,0,300,0.5,1700,0.5,2
14,10,160,2,10,5,0,500,0.6,1000,0.2,1400,0.2,1
14,11,845,2,10,5,0,300,0.5,1700,0.5,2
14,12,798,0,0,300,0.5,1700,0.5,1
14,13,876,1,0,300,0.5,1700,0.5,0
14,14,503,2,10,5,0,300,0.5,1700,0.5,0
14,15,798,2,10,5,0,300,0.5,1700,0.5,0
14,16,335,2,10,5,0,500,0.6,1000,0.2,1400,0.2,0
14,17,875,1,0,500,0.6,1000,0.2,1400,0.2,0
14,18,106,1,0,500,0.6,1000,0.2,1400,0.2,2
14,19,225,0,0,300,0.5,1700,0.5,0
15,0,772,0,0,500,0.6,1000,0.2,1400,0.2,2
15,1,467,2,10,5,0,500,0.6,1000,0.2,1400,0.2,1
15,2,399,2,10,5,0,300,0.5,1700,0.5,0
15,3,288,2,10,5,0,500,0.6,1000,0.2,1400,0.2,0
15,4,723,1,0,300,0.5,1700,0.5,2
15,5,198,1,0,500,0.6,1000,0.2,1400,0.2,0
15,6,61,1,0,500,0.6,1000,0.2,1400,0.2,1
15,7,786,1,0,500,0.6,1000,0.2,1400,0.2,0
15,8,276,1,0,300,0.5,1700,0.5,1
15,9,836,1,0,300,0.5,1700,0.5,0
15,10,837,2,10,5,0,300,0.5,1700,0.5,1
15,11,651,0,0,300,0.5,1700,0.5,1
15,12,656,2,10,5,0,300,0.5,1700,0.5,2
15,13,653,2,10,5,0,500,0.6,1000,0.2,1400,0.2,2
15,14,546,2,10,5,0,500,0.6,1000,0.2,1400,0.2,0
15,15,639,0,0,500,0.6,1000,0.2,1400,0.2,0
15,16,995,2,10,5,0,500,0.6,1000,0.2,1400,0.2,0
15,17,352,2,10,5,0,500,0.6,1000,0.2,1400,0.2,2
15,18,542,2,10,5,0,500,0.6,1000,0.2,1400,0.2,1
15,19,453,2,10,5,0,500,0.6,1000,0.2,1400,0.2,2
16,0,673,0,0,300,0.5,1700,0.5,0
16,1,953,0,0,500,0.6,1000,0.2,1400,0.2,0
16,2,236,2,10,5,0,500,0.6,1000,0.2,1400,0.2,1
16,3,742,2,10,5,0,300,0.5,1700,0.5,0
16,4,396,0,0,300,0.5,1700,0.5,2
16,5,922,2,10,5,0,300,0.5,1700,0.5,2
16,6,247,2,10,5,0,500,0.6,1000,0.2,1400,0.2,0
16,7,78,0,0,300,0.5,1700,0.5,1
16,8,241,1,0,500,0.6,1000,0.2,1400,0.2,2
16,9,116,0,0,500,0.6,1000,0.2,1400,0.2,0
16,10,634,0,0,300,0.5,1700,0.5,0
16,11,137,2,10,5,0,500,0.6,1000,0.2,1400,0.2,0
16,12,563,0,0,500,0.6,1000,0.2,1400,0.2,0
16,13,305,1,0,300,0.5,1700,0.5,1
16,14,148,2,10,5,0,500,0.6,1000,0.2,1400,0.2,0
16,15,109,2,10,5,0,300,0.5,1700,0.5,0
16,16,648,1,0,500,0.6,1000,0.2,1400,0.2,0
16,17,457,1,0,500,0.6,1000,0.2,1400,0.2,2
16,18,829,0,0,500,0.6,1000,0.2,1400,0.2,0
16,19,490,1,0,500,0.6,1000,0.2,1400,0.2,0
17,0,841,0,0,500,0.6,1000,0.2,1400,0.2,1
17,1,417,2,10,5,0,500,0.6,1000,0.2,1400,0.2,0
17,2,699,2,10,5,0,500,0.6,1000,0.2,1400,0.2,1
17,3,819,1,0,500,0.6,1000,0.2,1400,0.2,1
17,4,804,0,0,500,0.6,1000,0.2,1400,0.2,2
17,5,258,2,10,5,0,500,0.6,1000,0.2,1400,0.2,2
17,6,938,0,0,500,0.6,1000,0.2,1400,0.2,0
17,7,271,0,0,500,0.6,1000,0.2,1400,0.2,0
17,8,424,2,10,5,0,300,0.5,1700,0.5,0
17,9,863,0,0,300,0.5,1700,0.5,2
17,10,472,2,10,5,0,500,0.6,1000,0.2,1400,0.2,0
17,11,530,0,0,500,0.6,1000,0.2,1400,0.2,0
17,12,732,0,0,300,0.5,1700,0.5,1
17,13,634,0,0,300,0.5,1700,0.5,1
17,14,196,0,0,500,0.6,1000,0.2,1400,0.2,0
17,15,638,0,0,300,0.5,1700,0.5,1
17,16,755,2,10,5,0,500,0.6,1000,0.2,1400,0.2,1
17,17,111,0,0,500,0.6,1000,0.2,1400,0.2,0
17,18,590,2,10,5,0,500,0.6,1000,0.2,1400,0.2,2
17,19,926,2,10,5,0,500,0.6,1000,0.2,1400,0.2,1
18,0,39,1,0,300,0.5,1700,0.5,0
18,1,276,0,0,500,0.6,1000,0.2,1400,0.2,1
18,2,602,2,10,5,0,300,0.5,1700,0.5,0
18,3,508,2,10,5,0,500,0.6,1000,0.2,1400,0.2,1
18,4,482,1,0,500,0.6,1000,0.2,1400,0.2,2
18,5,528,0,0,500,0.6,1000,0.2,1400,0.2,2
18,6,762,2,10,5,0,500,0.6,1000,0.2,1400,0.2,2
18,7,821,2,10,5,0,500,0.6,1000,0.2,1400,0.2,0
18,8,808,0,0,300,0.5,1700,0.5,0
18,9,905,0,0,300,0.5,1700,0.5,0
18,10,793,2,10,5,0,500,0.6,1000,0.2,1400,0.2,2
18,11,170,1,0,500,0.6,1000,0.2,1400,0.2,2
18,12,41,1,0,300,0.5,1700,0.5,1
18,13,174,0,0,500,0.6,1000,0.2,1400,0.2,1
18,14,779,1,0,300,0.5,1700,0.5,1
18,15,377,1,0,500,0.6,1000,0.2,1400,0.2,1
18,16,668,1,0,300,0.5,1700,0.5,0
18,17,71,2,10,5,0,300,0.5,1700,0.5,1
18,18,347,2,10,5,0,300,0.5,1700,0.5,2
18,19,118,1,0,500,0.6,1000,0.2,1400,0.2,2
19,0,441,1,0,300,0.5,1700,0.5,1
19,1,813,2,10,5,0,500,0.6,1000,0.2,1400,0.2,1
19,2,44,0,0,300,0.5,1700,0.5,0
19,3,812,0,0,300,0.5,1700,0.5,0
19,4,123,2,10,5,0,500,0.6,1000,0.2,1400,0.2,0
19,5,530,1,0,500,0.6,1000,0.2,1400,0.2,1
19,6,301,1,0,500,0.6,1000,0.2,1400,0.2,0
19,7,535,1,0,300,0.5,1700,0.5,1
19,8,950,0,0,300,0.5,1700,0.5,2
19,9,414,2,10,5,0,300,0.5,1700,0.5,0
19,10,668,0,0,500,0.6,1000,0.2,1400,0.2,0
19,11,37,2,10,5,0,300,0.5,1700,0.5,0
19,12,178,0,0,500,0.6,1000,0.2,1400,0.2,2
19,13,679,1,0,300,0.5,1700,0.5,0
19,14,495,0,0,500,0.6,1000,0.2,1400,0.2,1
19,15,12,1,0,300,0.5,1700,0.5,1
19,16,649,0,0,300,0.5,1700,0.5,2
19,17,855,2,10,5,0,300,0.5,1700,0.5,2
19,18,614,2,10,5,0,500,0.6,1000,0.2,1400,0.2,1
19,19,925,0,0,500,0.6,1000,0.2,1400,0.2,1
