0,0,175,0,0,500,0.6,1000,0.2,1400,0.2,1
0,1,789,0,0,500,0.6,1000,0.2,1400,0.2,2
0,2,717,0,0,500,0.6,1000,0.2,1400,0.2,2
0,3,477,1,0,300,0.5,1700,0.5,0
0,4,136,2,10,5,0,500,0.6,1000,0.2,1400,0.2,2
0,5,838,2,10,5,0,500,0.6,1000,0.2,1400,0.2,0
0,6,776,0,0,500,0.6,1000,0.2,1400,0.2,0
0,7,891,0,0,500,0.6,1000,0.2,1400,0.2,0
0,8,206,0,0,500,0.6,1000,0.2,1400,0.2,0
0,9,744,0,0,500,0.6,1000,0.2,1400,0.2,2
0,10,430,2,10,5,0,300,0.5,1700,0.5,0
0,11,579,0,0,300,0.5,1700,0.5,2
0,12,258,1,0,300,0.5,1700,0.5,0
0,13,218,0,0,500,0.6,1000,0.2,1400,0.2,2
0,14,842,0,0,500,0.6,1000,0.2,1400,0.2,2
0,15,689,1,0,300,0.5,1700,0.5,1
0,16,752,0,0,300,0.5,1700,0.5,1
0,17,492,2,10,5,0,500,0.6,1000,0.2,1400,0.2,1
0,18,349,2,10,5,0,500,0.6,1000,0.2,1400,0.2,0
0,19,963,1,0,300,0.5,1700,0.5,2
1,0,368,1,0,500,0.6,1000,0.2,1400,0.2,2
1,1,650,2,10,5,0,500,0.6,1000,0.2,1400,0.2,2
1,2,927,0,0,500,0.6,1000,0.2,1400,0.2,1
1,3,483,1,0,500,0.6,1000,0.2,1400,0.2,1
1,4,982,1,0,300,0.5,1700,0.5,1
1,5,884,2,10,5,0,500,0.6,1000,0.2,1400,0.2,2
1,6,34,2,10,5,0,300,0.5,1700,0.5,2
1,7,33,1,0,500,0.6,1000,0.2,1400,0.2,2
1,8,177,2,10,5,0,500,0.6,1000,0.2,1400,0.2,1
1,9,832,2,10,5,0,500,0.6,1000,0.2,1400,0.2,2
1,10,335,2,10,5,0,300,0.5,1700,0.5,0
1,11,79,2,10,5,0,300,0.5,1700,0.5,1
1,12,668,0,0,300,0.5,1700,0.5,0
1,13,411,2,10,5,0,300,0.5,1700,0.5,2
1,14,901,0,0,500,0.6,1000,0.2,1400,0.2,1
1,15,895,1,0,300,0.5,1700,0.5,0
1,16,18,2,10,5,0,300,0.5,1700,0.5,1
1,17,772,2,10,5,0,500,0.6,1000,0.2,1400,0.2,2
1,18,450,0,0,500,0.6,1000,0.2,1400,0.2,2
1,19,936,1,0,300,0.5,1700,0.5,1
2,0,309,1,0,500,0.6,1000,0.2,1400,0.2,0
2,1,984,1,0,300,0.5,1700,0.5,2
2,2,370,1,0,300,0.5,1700,0.5,2
2,3,151,1,0,300,0.5,1700,0.5,1
2,4,663,1,0,500,0.6,1000,0.2,1400,0.2,1
2,5,796,2,10,5,0,300,0.5,1700,0.5,2
2,6,732,1,0,300,0.5,1700,0.5,2
2,7,980,2,10,5,0,300,0.5,1700,0.5,2
2,8,741,2,10,5,0,300,0.5,1700,0.5,1
2,9,617,0,0,300,0.5,1700,0.5,2
2,10,974,1,0,500,0.6,1000,0.2,1400,0.2,1
2,11,979,1,0,300,0.5,1700,0.5,1
2,12,76,2,10,5,0,500,0.6,1000,0.2,1400,0.2,1
2,13,212,2,10,5,0,300,0.5,1700,0.5,0
2,14,579,1,0,300,0.5,1700,0.5,1
2,15,540,1,0,500,0.6,1000,0.2,1400,0.2,1
2,16,51,2,10,5,0,300,0.5,1700,0.5,1
2,17,754,0,0,300,0.5,1700,0.5,0
2,18,425,2,10,5,0,500,0.6,1000,0.2,1400,0.2,0
2,19,582,2,10,5,0,300,0.5,1700,0.5,0
3,0,160,0,0,500,0.6,1000,0.2,1400,0.2,1
3,1,356,2,10,5,0,500,0.6,1000,0.2,1400,0.2,1
3,2,70,2,10,5,0,300,0.5,1700,0.5,0
3,3,526,2,10,5,0,500,0.6,1000,0.2,1400,0.2,1
3,4,601,0,0,500,0.6,1000,0.2,1400,0.2,2
3,5,941,0,0,500,0.6,1000,0.2,1400,0.2,0
3,6,609,0,0,300,0.5,1700,0.5,1
3,7,95,2,10,5,0,300,0.5,1700,0.5,2
3,8,57,0,0,500,0.6,1000,0.2,1400,0.2,0
3,9,461,1,0,500,0.6,1000,0.2,1400,0.2,0
3,10,442,1,0,500,0.6,1000,0.2,1400,0.2,2
3,11,103,1,0,300,0.5,1700,0.5,2
3,12,96,2,10,5,0,300,0.5,1700,0.5,2
3,13,545,2,10,5,0,300,0.5,1700,0.5,0
3,14,799,1,0,500,0.6,1000,0.2,1400,0.2,1
3,15,821,2,10,5,0,300,0.5,1700,0.5,1
3,16,156,0,0,500,0.6,1000,0.2,1400,0.2,1
3,17,615,1,0,300,0.5,1700,0.5,0
3,18,767,0,0,500,0.6,1000,0.2,1400,0.2,2
3,19,408,2,10,5,0,300,0.5,1700,0.5,0
4,0,198,1,0,500,0.6,1000,0.2,1400,0.2,2
4,1,759,1,0,300,0.5,1700,0.5,1
4,2,62,0,0,300,0.5,1700,0.5,2
4,3,98,1,0,300,0.5,1700,0.5,0
4,4,308,1,0,500,0.6,1000,0.2,1400,0.2,0
4,5,177,1,0,300,0.5,1700,0.5,2
4,6,258,0,0,500,0.6,1000,0.2,1400,0.2,1
4,7,193,2,10,5,0,500,0.6,1000,0.2,1400,0.2,1
4,8,837,1,0,300,0.5,1700,0.5,0
4,9,32,1,0,300,0.5,1700,0.5,2
4,10,571,1,0,300,0.5,1700,0.5,0
4,11,180,1,0,300,0.5,1700,0.5,2
4,12,549,0,0,500,0.6,1000,0.2,1400,0.2,0
4,13,681,2,10,5,0,300,0.5,1700,0.5,2
4,14,18,1,0,500,0.6,1000,0.2,1400,0.2,1
4,15,146,1,0,300,0.5,1700,0.5,0
4,16,298,2,10,5,0,300,0.5,1700,0.5,0
4,17,390,1,0,500,0.6,1000,0.2,1400,0.2,0
4,18,942,2,10,5,0,500,0.6,1000,0.2,1400,0.2,2
4,19,748,1,0,500,0.6,1000,0.2,1400,0.2,2
5,0,653,1,0,300,0.5,1700,0.5,0
5,1,688,1,0,500,0.6,1000,0.2,1400,0.2,2
5,2,713,2,10,5,0,300,0.5,1700,0.5,0
5,3,859,2,10,5,0,300,0.5,1700,0.5,2
5,4,571,2,10,5,0,300,0.5,1700,0.5,1
5,5,56,0,0,300,0.5,1700,0.5,0
5,6,810,2,10,5,0,500,0.6,1000,0.2,1400,0.2,1
5,7,80,1,0,500,0.6,1000,0.2,1400,0.2,0
5,8,155,0,0,300,0.5,1700,0.5,1
5,9,694,1,0,300,0.5,1700,0.5,0
5,10,467,0,0,500,0.6,1000,0.2,1400,0.2,2
5,11,652,1,0,300,0.5,1700,0.5,2
5,12,161,1,0,500,0.6,1000,0.2,1400,0.2,1
5,13,109,1,0,500,0.6,1000,0.2,1400,0.2,1
5,14,907,1,0,300,0.5,1700,0.5,1
5,15,570,1,0,500,0.6,1000,0.2,1400,0.2,1
5,16,212,0,0,300,0.5,1700,0.5,2
5,17,908,1,0,300,0.5,1700,0.5,1
5,18,80,1,0,500,0.6,1000,0.2,1400,0.2,2
5,19,917,1,0,300,0.5,1700,0.5,2
6,0,474,0,0,300,0.5,1700,0.5,1
6,1,152,2,10,5,0,300,0.5,1700,0.5,1
6,2,826,0,0,300,0.5,1700,0.5,1
6,3,983,0,0,500,0.6,1000,0.2,1400,0.2,0
6,4,979,0,0,300,0.5,1700,0.5,0
6,5,323,0,0,300,0.5,1700,0.5,2
6,6,57,2,10,5,0,300,0.5,1700,0.5,2
6,7,646,0,0,500,0.6,1000,0.2,1400,0.2,2
6,8,881,2,10,5,0,500,0.6,1000,0.2,1400,0.2,2
6,9,100,1,0,300,0.5,1700,0.5,1
6,10,674,2,10,5,0,300,0.5,1700,0.5,1
6,11,535,0,0,300,0.5,1700,0.5,2
6,12,299,0,0,300,0.5,1700,0.5,0
6,13,648,0,0,300,0.5,1700,0.5,2
6,14,722,1,0,500,0.6,1000,0.2,1400,0.2,0
6,15,661,2,10,5,0,500,0.6,1000,0.2,1400,0.2,2
6,16,928,0,0,500,0.6,1000,0.2,1400,0.2,0
6,17,876,0,0,300,0.5,1700,0.5,1
6,18,419,1,0,500,0.6,1000,0.2,1400,0.2,2
6,19,296,0,0,500,0.6,1000,0.2,1400,0.2,2
7,0,463,1,0,500,0.6,1000,0.2,1400,0.2,1
7,1,890,0,0,500,0.6,1000,0.2,1400,0.2,2
7,2,458,2,10,5,0,300,0.5,1700,0.5,1
7,3,610,2,10,5,0,300,0.5,1700,0.5,1
7,4,677,2,10,5,0,500,0.6,1000,0.2,1400,0.2,1
7,5,489,2,10,5,0,300,0.5,1700,0.5,2
7,6,305,0,0,500,0.6,1000,0.2,1400,0.2,2
7,7,905,1,0,300,0.5,1700,0.5,2
7,8,374,2,10,5,0,500,0.6,1000,0.2,1400,0.2,0
7,9,221,1,0,300,0.5,1700,0.5,1
7,10,93,0,0,500,0.6,1000,0.2,1400,0.2,1
7,11,740,2,10,5,0,500,0.6,1000,0.2,1400,0.2,1
7,12,90,0,0,300,0.5,1700,0.5,1
7,13,548,2,10,5,0,500,0.6,1000,0.2,1400,0.2,0
7,14,600,2,10,5,0,300,0.5,1700,0.5,1
7,15,754,1,0,300,0.5,1700,0.5,2
7,16,123,2,10,5,0,300,0.5,1700,0.5,1
7,17,394,1,0,300,0.5,1700,0.5,0
7,18,865,2,10,5,0,500,0.6,1000,0.2,1400,0.2,0
7,19,333,2,10,5,0,300,0.5,1700,0.5,2
8,0,699,1,0,300,0.5,1700,0.5,0
8,1,231,0,0,300,0.5,1700,0.5,0
8,2,497,1,0,500,0.6,1000,0.2,1400,0.2,0
8,3,729,0,0,500,0.6,1000,0.2,1400,0.2,0
8,4,491,1,0,300,0.5,1700,0.5,1
8,5,411,2,10,5,0,300,0.5,1700,0.5,1
8,6,683,1,0,300,0.5,1700,0.5,0
8,7,956,2,10,5,0,300,0.5,1700,0.5,0
8,8,951,1,0,500,0.6,1000,0.2,1400,0.2,1
8,9,623,2,10,5,0,300,0.5,1700,0.5,2
8,10,596,2,10,5,0,300,0.5,1700,0.5,0
8,11,333,1,0,300,0.5,1700,0.5,2
8,12,79,0,0,500,0.6,1000,0.2,1400,0.2,1
8,13,405,0,0,300,0.5,1700,0.5,2
8,14,664,2,10,5,0,500,0.6,1000,0.2,1400,0.2,2
8,15,907,0,0,500,0.6,1000,0.2,1400,0.2,0
8,16,67,0,0,500,0.6,1000,0.2,1400,0.2,2
8,17,807,2,10,5,0,300,0.5,1700,0.5,2
8,18,297,0,0,500,0.6,1000,0.2,1400,0.2,2
8,19,220,1,0,300,0.5,1700,0.5,2
9,0,656,1,0,300,0.5,1700,0.5,2
9,1,464,1,0,500,0.6,1000,0.2,1400,0.2,1
9,2,422,2,10,5,0,500,0.6,1000,0.2,1400,0.2,0
9,3,909,2,10,5,0,300,0.5,1700,0.5,2
9,4,284,2,10,5,0,500,0.6,1000,0.2,1400,0.2,0
9,5,685,0,0,500,0.6,1000,0.2,1400,0.2,2
9,6,282,0,0,300,0.5,1700,0.5,2
9,7,897,1,0,500,0.6,1000,0.2,1400,0.2,1
9,8,512,0,0,500,0.6,1000,0.2,1400,0.2,1
9,9,619,1,0,500,0.6,1000,0.2,1400,0.2,1
9,10,179,0,0,300,0.5,1700,0.5,0
9,11,289,1,0,500,0.6,1000,0.2,1400,0.2,0
9,12,54,0,0,300,0.5,1700,0.5,0
9,13,919,1,0,300,0.5,1700,0.5,2
9,14,983,0,0,300,0.5,1700,0.5,0
9,15,853,2,10,5,0,500,0.6,1000,0.2,1400,0.2,1
9,16,915,0,0,500,0.6,1000,0.2,1400,0.2,1
9,17,438,0,0,500,0.6,1000,0.2,1400,0.2,2
9,18,681,1,0,500,0.6,1000,0.2,1400,0.2,1
9,19,741,2,10,5,0,300,0.5,1700,0.5,1
10,0,485,0,0,500,0.6,1000,0.2,1400,0.2,1
10,1,663,0,0,500,0.6,1000,0.2,1400,0.2,0
10,2,253,0,0,500,0.6,1000,0.2,1400,0.2,0
10,3,758,0,0,500,0.6,1000,0.2,1400,0.2,1
10,4,321,0,0,500,0.6,1000,0.2,1400,0.2,2
10,5,745,0,0,500,0.6,1000,0.2,1400,0.2,0
10,6,595,1,0,500,0.6,1000,0.2,1400,0.2,1
10,7,133,1,0,500,0.6,1000,0.2,1400,0.2,0
10,8,341,2,10,5,0,300,0.5,1700,0.5,1
10,9,323,1,0,500,0.6,1000,0.2,1400,0.2,0
10,10,865,2,10,5,0,500,0.6,1000,0.2,1400,0.2,2
10,11,410,2,10,5,0,300,0.5,1700,0.5,2
10,12,846,1,0,500,0.6,1000,0.2,1400,0.2,1
10,13,919,2,10,5,0,500,0.6,1000,0.2,1400,0.2,0
10,14,812,1,0,300,0.5,1700,0.5,1
10,15,868,0,0,500,0.6,1000,0.2,1400,0.2,0
10,16,80,0,0,500,0.6,1000,0.2,1400,0.2,2
10,17,711,2,10,5,0,500,0.6,1000,0.2,1400,0.2,2
10,18,943,1,0,500,0.6,1000,0.2,1400,0.2,1
10,19,47,2,10,5,0,500,0.6,1000,0.2,1400,0.2,1
11,0,906,1,0,500,0.6,1000,0.2,1400,0.2,1
11,1,501,1,0,300,0.5,1700,0.5,2
11,2,604,2,10,5,0,300,0.5,1700,0.5,1
11,3,485,2,10,5,0,500,0.6,1000,0.2,1400,0.2,0
11,4,826,0,0,500,0.6,1000,0.2,1400,0.2,1
11,5,867,1,0,300,0.5,1700,0.5,1
11,6,62,1,0,500,0.6,1000,0.2,1400,0.2,1
11,7,581,1,0,500,0.6,1000,0.2,1400,0.2,1
11,8,469,1,0,300,0.5,1700,0.5,1
11,9,519,1,0,300,0.5,1700,0.5,0
11,10,324,1,0,300,0.5,1700,0.5,1
11,11,122,0,0,300,0.5,1700,0.5,0
11,12,87,2,10,5,0,500,0.6,1000,0.2,1400,0.2,2
11,13,194,1,0,500,0.6,1000,0.2,1400,0.2,1
11,14,559,0,0,500,0.6,1000,0.2,1400,0.2,2
11,15,132,2,10,5,0,300,0.5,1700,0.5,2
11,16,636,1,0,500,0.6,1000,0.2,1400,0.2,2
11,17,998,0,0,300,0.5,1700,0.5,1
11,18,412,2,10,5,0,300,0.5,1700,0.5,0
11,19,179,0,0,500,0.6,1000,0.2,1400,0.2,0
12,0,718,1,0,500,0.6,1000,0.2,1400,0.2,2
12,1,614,1,0,300,0.5,1700,0.5,1
12,2,793,0,0,300,0.5,1700,0.5,2
12,3,191,2,10,5,0,300,0.5,1700,0.5,2
12,4,950,0,0,300,0.5,1700,0.5,2
12,5,829,1,0,300,0.5,1700,0.5,0
12,6,428,1,0,300,0.5,1700,0.5,2
12,7,1000,2,10,5,0,500,0.6,1000,0.2,1400,0.2,0
12,8,462,0,0,300,0.5,1700,0.5,2
12,9,221,1,0,300,0.5,1700,0.5,2
12,10,556,0,0,300,0.5,1700,0.5,2
12,11,714,2,10,5,0,500,0.6,1000,0.2,1400,0.2,0
12,12,514,2,10,5,0,300,0.5,1700,0.5,2
12,13,351,1,0,300,0.5,1700,0.5,2
12,14,243,1,0,500,0.6,1000,0.2,1400,0.2,1
12,15,905,2,10,5,0,500,0.6,1000,0.2,1400,0.2,0
12,16,97,2,10,5,0,500,0.6,1000,0.2,1400,0.2,2
12,17,63,0,0,300,0.5,1700,0.5,0
12,18,83,0,0,500,0.6,1000,0.2,1400,0.2,2
12,19,615,2,10,5,0,500,0.6,1000,0.2,1400,0.2,0
13,0,660,0,0,300,0.5,1700,0.5,1
13,1,121,1,0,300,0.5,1700,0.5,1
13,2,303,0,0,500,0.6,1000,0.2,1400,0.2,0
13,3,198,0,0,500,0.6,1000,0.2,1400,0.2,2
13,4,69,1,0,500,0.6,1000,0.2,1400,0.2,2
13,5,383,0,0,300,0.5,1700,0.5,0
13,6,740,1,0,300,0.5,1700,0.5,1
13,7,467,2,10,5,0,500,0.6,1000,0.2,1400,0.2,2
13,8,371,1,0,300,0.5,1700,0.5,1
13,9,156,1,0,300,0.5,1700,0.5,1
13,10,875,1,0,500,0.6,1000,0.2,1400,0.2,2
13,11,937,0,0,300,0.5,1700,0.5,1
13,12,319,2,10,5,0,500,0.6,1000,0.2,1400,0.2,2
13,13,962,1,0,300,0.5,1700,0.5,0
13,14,556,2,10,5,0,500,0.6,1000,0.2,1400,0.2,0
13,15,822,1,0,500,0.6,1000,0.2,1400,0.2,1
13,16,830,1,0,500,0.6,1000,0.2,1400,0.2,1
13,17,820,0,0,500,0.6,1000,0.2,1400,0.2,1
13,18,693,0,0,300,0.5,1700,0.5,1
13,19,165,0,0,300,0.5,1700,0.5,2
14,0,882,0,0,300,0.5,1700,0.5,0
14,1,741,2,10,5,0,500,0.6,1000,0.2,1400,0.2,1
14,2,780,2,10,5,0,500,0.6,1000,0.2,1400,0.2,0
14,3,852,1,0,300,0.5,1700,0.5,2
14,4,804,2,10,5,0,500,0.6,1000,0.2,1400,0.2,1
14,5,115,1,0,500,0.6,1000,0.2,1400,0.2,0
14,6,739,0,0,500,0.6,1000,0.2,1400,0.2,0
14,7,573,2,10,5,0,500,0.6,1000,0.2,1400,0.2,1
14,8,230,1,0,500,0.6,1000,0.2,1400,0.2,2
14,9,172,1,0,500,0.6,1000,0.2,1400,0.2,0
14,10,649,0,0,300,0.5,1700,0.5,1
14,11,256,2,10,5,0,500,0.6,1000,0.2,1400,0.2,1
14,12,319,1,0,500,0.6,1000,0.2,1400,0.2,2
14,13,467,0,0,500,0.6,1000,0.2,1400,0.2,1
14,14,791,0,0,300,0.5,1700,0.5,2
14,15,199,0,0,500,0.6,1000,0.2,1400,0.2,2
14,16,176,0,0,500,0.6,1000,0.2,1400,0.2,2
14,17,79,1,0,300,0.5,1700,0.5,2
14,18,352,1,0,300,0.5,1700,0.5,0
14,19,543,0,0,300,0.5,1700,0.5,2
15,0,81,1,0,500,0.6,1000,0.2,1400,0.2,0
15,1,416,1,0,500,0.6,1000,0.2,1400,0.2,1
15,2,777,1,0,300,0.5,1700,0.5,1
15,3,873,1,0,300,0.5,1700,0.5,0
15,4,88,1,0,300,0.5,1700,0.5,1
15,5,695,0,0,300,0.5,1700,0.5,1
15,6,994,2,10,5,0,300,0.5,1700,0.5,0
15,7,94,0,0,300,0.5,1700,0.5,2
15,8,366,1,0,300,0.5,1700,0.5,1
15,9,400,1,0,500,0.6,1000,0.2,1400,0.2,2
15,10,639,2,10,5,0,500,0.6,1000,0.2,1400,0.2,2
15,11,996,0,0,500,0.6,1000,0.2,1400,0.2,1
15,12,198,0,0,300,0.5,1700,0.5,1
15,13,828,1,0,300,0.5,1700,0.5,2
15,14,878,1,0,500,0.6,1000,0.2,1400,0.2,2
15,15,53,2,10,5,0,300,0.5,1700,0.5,1
15,16,169,0,0,300,0.5,1700,0.5,2
15,17,363,0,0,500,0.6,1000,0.2,1400,0.2,2
15,18,664,1,0,300,0.5,1700,0.5,0
15,19,111,2,10,5,0,300,0.5,1700,0.5,0
16,0,553,0,0,500,0.6,1000,0.2,1400,0.2,2
16,1,233,2,10,5,0,500,0.6,1000,0.2,1400,0.2,0
16,2,575,1,0,500,0.6,1000,0.2,1400,0.2,2
16,3,715,1,0,500,0.6,1000,0.2,1400,0.2,1
16,4,10,0,0,300,0.5,1700,0.5,0
16,5,947,1,0,500,0.6,1000,0.2,1400,0.2,0
16,6,983,1,0,500,0.6,1000,0.2,1400,0.2,0
16,7,211,0,0,300,0.5,1700,0.5,1
16,8,319,0,0,500,0.6,1000,0.2,1400,0.2,2
16,9,269,0,0,500,0.6,1000,0.2,1400,0.2,0
16,10,875,1,0,500,0.6,1000,0.2,1400,0.2,0
16,11,278,0,0,500,0.6,1000,0.2,1400,0.2,1
16,12,800,0,0,500,0.6,1000,0.2,1400,0.2,1
16,13,400,0,0,300,0.5,1700,0.5,0
16,14,278,2,10,5,0,500,0.6,1000,0.2,1400,0.2,2
16,15,228,2,10,5,0,500,0.6,1000,0.2,1400,0.2,1
16,16,264,1,0,500,0.6,1000,0.2,1400,0.2,1
16,17,310,2,10,5,0,500,0.6,1000,0.2,1400,0.2,0
16,18,618,1,0,500,0.6,1000,0.2,1400,0.2,0
16,19,774,1,0,500,0.6,1000,0.2,1400,0.2,0
17,0,754,2,10,5,0,500,0.6,1000,0.2,1400,0.2,1
17,1,230,0,0,300,0.5,1700,0.5,0
17,2,694,2,10,5,0,500,0.6,1000,0.2,1400,0.2,0
17,3,828,0,0,300,0.5,1700,0.5,2
17,4,833,1,0,500,0.6,1000,0.2,1400,0.2,2
17,5,94,2,10,5,0,500,0.6,1000,0.2,1400,0.2,1
17,6,474,2,10,5,0,500,0.6,1000,0.2,1400,0.2,2
17,7,298,0,0,300,0.5,1700,0.5,1
17,8,106,1,0,500,0.6,1000,0.2,1400,0.2,2
17,9,375,2,10,5,0,500,0.6,1000,0.2,1400,0.2,0
17,10,842,1,0,500,0.6,1000,0.2,1400,0.2,0
17,11,303,1,0,300,0.5,1700,0.5,2
17,12,880,1,0,300,0.5,1700,0.5,0
17,13,966,1,0,500,0.6,1000,0.2,1400,0.2,2
17,14,79,1,0,300,0.5,1700,0.5,2
17,15,223,1,0,300,0.5,1700,0.5,2
17,16,331,0,0,300,0.5,1700,0.5,2
17,17,684,2,10,5,0,500,0.6,1000,0.2,1400,0.2,0
17,18,388,2,10,5,0,500,0.6,1000,0.2,1400,0.2,0
17,19,344,2,10,5,0,500,0.6,1000,0.2,1400,0.2,1
18,0,486,2,10,5,0,500,0.6,1000,0.2,1400,0.2,1
18,1,406,1,0,300,0.5,1700,0.5,2
18,2,395,0,0,300,0.5,1700,0.5,2
18,3,206,0,0,300,0.5,1700,0.5,2
18,4,452,1,0,500,0.6,1000,0.2,1400,0.2,0
18,5,867,1,0,500,0.6,1000,0.2,1400,0.2,2
18,6,42,0,0,300,0.5,1700,0.5,1
18,7,374,2,10,5,0,500,0.6,1000,0.2,1400,0.2,2
18,8,646,1,0,300,0.5,1700,0.5,2
18,9,625,1,0,500,0.6,1000,0.2,1400,0.2,2
18,10,796,2,10,5,0,300,0.5,1700,0.5,0
18,11,622,1,0,500,0.6,1000,0.2,1400,0.2,2
18,12,606,2,10,5,0,500,0.6,1000,0.2,1400,0.2,0
18,13,703,1,0,500,0.6,1000,0.2,1400,0.2,2
18,14,870,1,0,300,0.5,1700,0.5,0
18,15,59,0,0,500,0.6,1000,0.2,1400,0.2,1
18,16,781,1,0,500,0.6,1000,0.2,1400,0.2,2
18,17,373,2,10,5,0,300,0.5,1700,0.5,2
18,18,70,2,10,5,0,300,0.5,1700,0.5,0
18,19,473,0,0,500,0.6,1000,0.2,1400,0.2,1
19,0,810,1,0,300,0.5,1700,0.5,0
19,1,276,1,0,300,0.5,1700,0.5,0
19,2,799,1,0,500,0.6,1000,0.2,1400,0.2,2
19,3,86,2,10,5,0,500,0.6,1000,0.2,1400,0.2,2
19,4,132,0,0,300,0.5,1700,0.5,2
19,5,201,1,0,500,0.6,1000,0.2,1400,0.2,2
19,6,975,2,10,5,0,300,0.5,1700,0.5,0
19,7,686,0,0,500,0.6,1000,0.2,1400,0.2,1
19,8,571,1,0,500,0.6,1000,0.2,1400,0.2,0
19,9,73,0,0,300,0.5,1700,0.5,0
19,10,887,2,10,5,0,500,0.6,1000,0.2,1400,0.2,1
19,11,764,1,0,300,0.5,1700,0.5,0
19,12,754,0,0,300,0.5,1700,0.5,2
19,13,62,1,0,500,0.6,1000,0.2,1400,0.2,2
19,14,344,0,0,300,0.5,1700,0.5,2
19,15,12,1,0,500,0.6,1000,0.2,1400,0.2,2
19,16,211,2,10,5,0,300,0.5,1700,0.5,0
19,17,842,0,0,500,0.6,1000,0.2,1400,0.2,1
19,18,96,1,0,300,0.5,1700,0.5,1
19,19,874,2,10,5,0,300,0.5,1700,0.5,0
