0,0,113,2,10,5,0,500,0.6,1000,0.2,1400,0.2,1
0,1,509,1,0,300,0.5,1700,0.5,1
0,2,611,0,0,300,0.5,1700,0.5,2
0,3,471,0,0,500,0.6,1000,0.2,1400,0.2,2
0,4,584,1,0,300,0.5,1700,0.5,0
0,5,375,2,10,5,0,300,0.5,1700,0.5,1
0,6,964,1,0,500,0.6,1000,0.2,1400,0.2,2
0,7,877,0,0,300,0.5,1700,0.5,0
0,8,823,2,10,5,0,300,0.5,1700,0.5,2
0,9,925,2,10,5,0,300,0.5,1700,0.5,1
0,10,310,2,10,5,0,500,0.6,1000,0.2,1400,0.2,0
0,11,743,1,0,500,0.6,1000,0.2,1400,0.2,2
0,12,812,1,0,500,0.6,1000,0.2,1400,0.2,0
0,13,665,1,0,300,0.5,1700,0.5,0
0,14,513,1,0,500,0.6,1000,0.2,1400,0.2,0
0,15,292,1,0,500,0.6,1000,0.2,1400,0.2,1
0,16,888,2,10,5,0,500,0.6,1000,0.2,1400,0.2,0
0,17,873,1,0,500,0.6,1000,0.2,1400,0.2,0
0,18,459,2,10,5,0,300,0.5,1700,0.5,1
0,19,684,0,0,500,0.6,1000,0.2,1400,0.2,2
1,0,38,1,0,300,0.5,1700,0.5,1
1,1,393,0,0,300,0.5,1700,0.5,1
1,2,553,0,0,500,0.6,1000,0.2,1400,0.2,1
1,3,267,2,10,5,0,300,0.5,1700,0.5,1
1,4,793,0,0,500,0.6,1000,0.2,1400,0.2,0
1,5,962,2,10,5,0,500,0.6,1000,0.2,1400,0.2,0
1,6,941,1,0,300,0.5,1700,0.5,2
1,7,945,0,0,300,0.5,1700,0.5,1
1,8,698,1,0,500,0.6,1000,0.2,1400,0.2,1
1,9,148,1,0,500,0.6,1000,0.2,1400,0.2,0
1,10,14,2,10,5,0,500,0.6,1000,0.2,1400,0.2,2
1,11,122,1,0,500,0.6,1000,0.2,1400,0.2,2
1,12,332,1,0,500,0.6,1000,0.2,1400,0.2,1
1,13,125,0,0,500,0.6,1000,0.2,1400,0.2,0
1,14,781,0,0,300,0.5,1700,0.5,2
1,15,632,0,0,500,0.6,1000,0.2,1400,0.2,1
1,16,143,1,0,300,0.5,1700,0.5,0
1,17,653,1,0,500,0.6,1000,0.2,1400,0.2,0
1,18,318,1,0,300,0.5,1700,0.5,0
1,19,478,2,10,5,0,500,0.6,1000,0.2,1400,0.2,2
2,0,835,2,10,5,0,300,0.5,1700,0.5,1
2,1,72,1,0,300,0.5,1700,0.5,0
2,2,10,2,10,5,0,300,0.5,1700,0.5,1
2,3,149,2,10,5,0,300,0.5,1700,0.5,0
2,4,883,0,0,300,0.5,1700,0.5,1
2,5,211,0,0,500,0.6,1000,0.2,1400,0.2,0
2,6,987,0,0,300,0.5,1700,0.5,1
2,7,564,0,0,500,0.6,1000,0.2,1400,0.2,1
2,8,244,1,0,300,0.5,1700,0.5,1
2,9,385,1,0,500,0.6,1000,0.2,1400,0.2,0
2,10,344,2,10,5,0,300,0.5,1700,0.5,0
2,11,16,2,10,5,0,500,0.6,1000,0.2,1400,0.2,0
2,12,378,2,10,5,0,500,0.6,1000,0.2,1400,0.2,2
2,13,608,0,0,300,0.5,1700,0.5,0
2,14,386,2,10,5,0,300,0.5,1700,0.5,2
2,15,615,2,10,5,0,500,0.6,1000,0.2,1400,0.2,0
2,16,545,1,0,500,0.6,1000,0.2,1400,0.2,2
2,17,716,2,10,5,0,300,0.5,1700,0.5,1
2,18,467,1,0,300,0.5,1700,0.5,2
2,19,20,0,0,300,0.5,1700,0.5,1
3,0,822,0,0,500,0.6,1000,0.2,1400,0.2,2
3,1,258,2,10,5,0,500,0.6,1000,0.2,1400,0.2,1
3,2,391,2,10,5,0,500,0.6,1000,0.2,1400,0.2,1
3,3,874,2,10,5,0,300,0.5,1700,0.5,1
3,4,340,1,0,300,0.5,1700,0.5,1
3,5,178,0,0,300,0.5,1700,0.5,2
3,6,290,2,10,5,0,500,0.6,1000,0.2,1400,0.2,1
3,7,132,2,10,5,0,500,0.6,1000,0.2,1400,0.2,0
3,8,909,1,0,300,0.5,1700,0.5,0
3,9,222,0,0,300,0.5,1700,0.5,2
3,10,83,1,0,500,0.6,1000,0.2,1400,0.2,0
3,11,534,1,0,500,0.6,1000,0.2,1400,0.2,1
3,12,795,2,10,5,0,300,0.5,1700,0.5,0
3,13,464,2,10,5,0,500,0.6,1000,0.2,1400,0.2,0
3,14,544,0,0,500,0.6,1000,0.2,1400,0.2,2
3,15,137,1,0,300,0.5,1700,0.5,2
3,16,525,0,0,300,0.5,1700,0.5,0
3,17,245,1,0,500,0.6,1000,0.2,1400,0.2,2
3,18,550,0,0,500,0.6,1000,0.2,1400,0.2,2
3,19,559,0,0,500,0.6,1000,0.2,1400,0.2,0
4,0,671,0,0,300,0.5,1700,0.5,2
4,1,758,0,0,300,0.5,1700,0.5,2
4,2,740,0,0,500,0.6,1000,0.2,1400,0.2,0
4,3,599,2,10,5,0,300,0.5,1700,0.5,2
4,4,972,2,10,5,0,300,0.5,1700,0.5,2
4,5,107,0,0,500,0.6,1000,0.2,1400,0.2,1
4,6,952,2,10,5,0,500,0.6,1000,0.2,1400,0.2,0
4,7,403,2,10,5,0,500,0.6,1000,0.2,1400,0.2,2
4,8,117,1,0,300,0.5,1700,0.5,0
4,9,112,1,0,500,0.6,1000,0.2,1400,0.2,1
4,10,135,2,10,5,0,300,0.5,1700,0.5,2
4,11,888,2,10,5,0,500,0.6,1000,0.2,1400,0.2,2
4,12,325,0,0,500,0.6,1000,0.2,1400,0.2,1
4,13,190,0,0,500,0.6,1000,0.2,1400,0.2,1
4,14,403,2,10,5,0,300,0.5,1700,0.5,1
4,15,655,0,0,500,0.6,1000,0.2,1400,0.2,2
4,16,707,1,0,500,0.6,1000,0.2,1400,0.2,2
4,17,328,2,10,5,0,500,0.6,1000,0.2,1400,0.2,1
4,18,71,2,10,5,0,300,0.5,1700,0.5,1
4,19,430,1,0,500,0.6,1000,0.2,1400,0.2,1
5,0,656,0,0,300,0.5,1700,0.5,1
5,1,704,1,0,300,0.5,1700,0.5,1
5,2,240,2,10,5,0,500,0.6,1000,0.2,1400,0.2,1
5,3,138,0,0,500,0.6,1000,0.2,1400,0.2,2
5,4,107,0,0,500,0.6,1000,0.2,1400,0.2,2
5,5,757,2,10,5,0,300,0.5,1700,0.5,2
5,6,921,1,0,300,0.5,1700,0.5,1
5,7,297,0,0,500,0.6,1000,0.2,1400,0.2,0
5,8,442,1,0,500,0.6,1000,0.2,1400,0.2,0
5,9,838,0,0,300,0.5,1700,0.5,2
5,10,365,0,0,300,0.5,1700,0.5,2
5,11,907,0,0,500,0.6,1000,0.2,1400,0.2,1
5,12,830,1,0,500,0.6,1000,0.2,1400,0.2,2
5,13,384,2,10,5,0,500,0.6,1000,0.2,1400,0.2,1
5,14,239,0,0,300,0.5,1700,0.5,1
5,15,369,2,10,5,0,300,0.5,1700,0.5,0
5,16,396,0,0,300,0.5,1700,0.5,1
5,17,674,1,0,500,0.6,1000,0.2,1400,0.2,2
5,18,23,1,0,500,0.6,1000,0.2,1400,0.2,1
5,19,406,1,0,300,0.5,1700,0.5,2
6,0,326,1,0,500,0.6,1000,0.2,1400,0.2,2
6,1,46,1,0,300,0.5,1700,0.5,1
6,2,119,1,0,500,0.6,1000,0.2,1400,0.2,1
6,3,338,2,10,5,0,300,0.5,1700,0.5,2
6,4,921,1,0,500,0.6,1000,0.2,1400,0.2,1
6,5,367,1,0,300,0.5,1700,0.5,0
6,6,451,2,10,5,0,300,0.5,1700,0.5,1
6,7,275,1,0,300,0.5,1700,0.5,2
6,8,908,0,0,300,0.5,1700,0.5,2
6,9,767,1,0,500,0.6,1000,0.2,1400,0.2,2
6,10,764,2,10,5,0,300,0.5,1700,0.5,0
6,11,764,1,0,500,0.6,1000,0.2,1400,0.2,0
6,12,703,1,0,500,0.6,1000,0.2,1400,0.2,2
6,13,644,1,0,500,0.6,1000,0.2,1400,0.2,1
6,14,400,2,10,5,0,300,0.5,1700,0.5,0
6,15,823,2,10,5,0,500,0.6,1000,0.2,1400,0.2,0
6,16,617,1,0,500,0.6,1000,0.2,1400,0.2,0
6,17,869,2,10,5,0,300,0.5,1700,0.5,2
6,18,720,2,10,5,0,500,0.6,1000,0.2,1400,0.2,0
6,19,118,2,10,5,0,500,0.6,1000,0.2,1400,0.2,0
7,0,358,1,0,500,0.6,1000,0.2,1400,0.2,0
7,1,998,1,0,300,0.5,1700,0.5,0
7,2,451,2,10,5,0,500,0.6,1000,0.2,1400,0.2,0
7,3,760,1,0,500,0.6,1000,0.2,1400,0.2,0
7,4,578,1,0,300,0.5,1700,0.5,2
7,5,784,2,10,5,0,300,0.5,1700,0.5,1
7,6,152,2,10,5,0,300,0.5,1700,0.5,1
7,7,696,2,10,5,0,300,0.5,1700,0.5,2
7,8,969,2,10,5,0,300,0.5,1700,0.5,2
7,9,958,0,0,500,0.6,1000,0.2,1400,0.2,0
7,10,474,0,0,500,0.6,1000,0.2,1400,0.2,0
7,11,708,2,10,5,0,500,0.6,1000,0.2,1400,0.2,0
7,12,730,2,10,5,0,300,0.5,1700,0.5,1
7,13,804,0,0,300,0.5,1700,0.5,1
7,14,134,0,0,500,0.6,1000,0.2,1400,0.2,2
7,15,522,2,10,5,0,300,0.5,1700,0.5,2
7,16,188,2,10,5,0,500,0.6,1000,0.2,1400,0.2,0
7,17,19,2,10,5,0,500,0.6,1000,0.2,1400,0.2,2
7,18,959,0,0,300,0.5,1700,0.5,1
7,19,181,1,0,300,0.5,1700,0.5,0
8,0,639,0,0,300,0.5,1700,0.5,1
8,1,431,1,0,300,0.5,1700,0.5,1
8,2,308,1,0,300,0.5,1700,0.5,0
8,3,554,1,0,500,0.6,1000,0.2,1400,0.2,2
8,4,414,2,10,5,0,300,0.5,1700,0.5,2
8,5,44,0,0,500,0.6,1000,0.2,1400,0.2,1
8,6,324,0,0,300,0.5,1700,0.5,1
8,7,829,2,10,5,0,300,0.5,1700,0.5,1
8,8,246,1,0,300,0.5,1700,0.5,1
8,9,719,2,10,5,0,300,0.5,1700,0.5,2
8,10,889,2,10,5,0,500,0.6,1000,0.2,1400,0.2,2
8,11,693,2,10,5,0,300,0.5,1700,0.5,1
8,12,346,2,10,5,0,500,0.6,1000,0.2,1400,0.2,0
8,13,361,0,0,300,0.5,1700,0.5,0
8,14,796,2,10,5,0,300,0.5,1700,0.5,0
8,15,503,1,0,500,0.6,1000,0.2,1400,0.2,2
8,16,118,1,0,500,0.6,1000,0.2,1400,0.2,2
8,17,818,2,10,5,0,500,0.6,1000,0.2,1400,0.2,2
8,18,758,0,0,300,0.5,1700,0.5,0
8,19,425,0,0,300,0.5,1700,0.5,2
9,0,243,0,0,500,0.6,1000,0.2,1400,0.2,2
9,1,91,1,0,500,0.6,1000,0.2,1400,0.2,1
9,2,379,1,0,300,0.5,1700,0.5,1
9,3,613,1,0,300,0.5,1700,0.5,0
9,4,677,1,0,300,0.5,1700,0.5,1
9,5,702,1,0,300,0.5,1700,0.5,2
9,6,58,1,0,500,0.6,1000,0.2,1400,0.2,2
9,7,19,0,0,500,0.6,1000,0.2,1400,0.2,0
9,8,922,0,0,300,0.5,1700,0.5,0
9,9,363,0,0,300,0.5,1700,0.5,2
9,10,100,2,10,5,0,500,0.6,1000,0.2,1400,0.2,2
9,11,170,2,10,5,0,300,0.5,1700,0.5,0
9,12,381,0,0,500,0.6,1000,0.2,1400,0.2,1
9,13,22,2,10,5,0,500,0.6,1000,0.2,1400,0.2,1
9,14,456,0,0,300,0.5,1700,0.5,0
9,15,499,0,0,300,0.5,1700,0.5,2
9,16,234,1,0,500,0.6,1000,0.2,1400,0.2,0
9,17,975,2,10,5,0,300,0.5,1700,0.5,0
9,18,703,0,0,500,0.6,1000,0.2,1400,0.2,0
9,19,855,2,10,5,0,300,0.5,1700,0.5,1
10,0,702,0,0,500,0.6,1000,0.2,1400,0.2,2
10,1,114,2,10,5,0,500,0.6,1000,0.2,1400,0.2,0
10,2,240,0,0,300,0.5,1700,0.5,2
10,3,642,2,10,5,0,300,0.5,1700,0.5,0
10,4,968,1,0,300,0.5,1700,0.5,2
10,5,728,2,10,5,0,300,0.5,1700,0.5,0
10,6,37,2,10,5,0,500,0.6,1000,0.2,1400,0.2,0
10,7,658,0,0,300,0.5,1700,0.5,0
10,8,588,1,0,300,0.5,1700,0.5,0
10,9,73,2,10,5,0,500,0.6,1000,0.2,1400,0.2,1
10,10,354,2,10,5,0,500,0.6,1000,0.2,1400,0.2,2
10,11,281,2,10,5,0,300,0.5,1700,0.5,1
10,12,556,2,10,5,0,500,0.6,1000,0.2,1400,0.2,0
10,13,492,0,0,300,0.5,1700,0.5,0
10,14,835,1,0,500,0.6,1000,0.2,1400,0.2,1
10,15,188,2,10,5,0,500,0.6,1000,0.2,1400,0.2,2
10,16,849,0,0,300,0.5,1700,0.5,0
10,17,378,0,0,500,0.6,1000,0.2,1400,0.2,1
10,18,515,1,0,300,0.5,1700,0.5,2
10,19,329,2,10,5,0,500,0.6,1000,0.2,1400,0.2,0
11,0,571,2,10,5,0,300,0.5,1700,0.5,1
11,1,855,0,0,500,0.6,1000,0.2,1400,0.2,2
11,2,177,0,0,300,0.5,1700,0.5,2
11,3,535,0,0,500,0.6,1000,0.2,1400,0.2,1
11,4,948,1,0,300,0.5,1700,0.5,1
11,5,742,1,0,300,0.5,1700,0.5,0
11,6,164,0,0,500,0.6,1000,0.2,1400,0.2,1
11,7,575,0,0,300,0.5,1700,0.5,0
11,8,888,1,0,300,0.5,1700,0.5,2
11,9,77,0,0,500,0.6,1000,0.2,1400,0.2,2
11,10,538,0,0,300,0.5,1700,0.5,1
11,11,760,1,0,500,0.6,1000,0.2,1400,0.2,1
11,12,28,0,0,300,0.5,1700,0.5,2
11,13,649,0,0,500,0.6,1000,0.2,1400,0.2,2
11,14,883,1,0,500,0.6,1000,0.2,1400,0.2,0
11,15,927,2,10,5,0,300,0.5,1700,0.5,2
11,16,813,0,0,500,0.6,1000,0.2,1400,0.2,1
11,17,265,2,10,5,0,500,0.6,1000,0.2,1400,0.2,0
11,18,609,2,10,5,0,500,0.6,1000,0.2,1400,0.2,2
11,19,477,2,10,5,0,300,0.5,1700,0.5,1
12,0,706,2,10,5,0,500,0.6,1000,0.2,1400,0.2,1
12,1,974,1,0,300,0.5,1700,0.5,2
12,2,911,0,0,500,0.6,1000,0.2,1400,0.2,0
12,3,302,0,0,500,0.6,1000,0.2,1400,0.2,2
12,4,892,1,0,500,0.6,1000,0.2,1400,0.2,1
12,5,270,1,0,500,0.6,1000,0.2,1400,0.2,1
12,6,160,0,0,300,0.5,1700,0.5,1
12,7,424,1,0,500,0.6,1000,0.2,1400,0.2,0
12,8,536,0,0,500,0.6,1000,0.2,1400,0.2,1
12,9,294,2,10,5,0,300,0.5,1700,0.5,0
12,10,145,2,10,5,0,500,0.6,1000,0.2,1400,0.2,0
12,11,79,2,10,5,0,300,0.5,1700,0.5,0
12,12,257,0,0,300,0.5,1700,0.5,1
12,13,553,1,0,500,0.6,1000,0.2,1400,0.2,1
12,14,45,0,0,500,0.6,1000,0.2,1400,0.2,0
12,15,620,1,0,300,0.5,1700,0.5,0
12,16,306,0,0,300,0.5,1700,0.5,2
12,17,478,0,0,500,0.6,1000,0.2,1400,0.2,1
12,18,381,0,0,500,0.6,1000,0.2,1400,0.2,1
12,19,731,2,10,5,0,300,0.5,1700,0.5,2
13,0,259,0,0,500,0.6,1000,0.2,1400,0.2,1
13,1,323,2,10,5,0,500,0.6,1000,0.2,1400,0.2,2
13,2,456,2,10,5,0,500,0.6,1000,0.2,1400,0.2,0
13,3,558,0,0,500,0.6,1000,0.2,1400,0.2,0
13,4,611,0,0,300,0.5,1700,0.5,0
13,5,610,0,0,500,0.6,1000,0.2,1400,0.2,2
13,6,282,2,10,5,0,500,0.6,1000,0.2,1400,0.2,1
13,7,872,1,0,500,0.6,1000,0.2,1400,0.2,1
13,8,530,0,0,300,0.5,1700,0.5,2
13,9,867,1,0,500,0.6,1000,0.2,1400,0.2,1
13,10,145,0,0,500,0.6,1000,0.2,1400,0.2,1
13,11,913,0,0,300,0.5,1700,0.5,2
13,12,265,0,0,300,0.5,1700,0.5,1
13,13,329,0,0,500,0.6,1000,0.2,1400,0.2,1
13,14,571,0,0,300,0.5,1700,0.5,2
13,15,374,2,10,5,0,300,0.5,1700,0.5,2
13,16,972,2,10,5,0,500,0.6,1000,0.2,1400,0.2,2
13,17,802,1,0,500,0.6,1000,0.2,1400,0.2,1
13,18,357,2,10,5,0,500,0.6,1000,0.2,1400,0.2,0
13,19,753,0,0,300,0.5,1700,0.5,0
14,0,253,2,10,5,0,500,0.6,1000,0.2,1400,0.2,2
14,1,600,1,0,500,0.6,1000,0.2,1400,0.2,2
14,2,562,2,10,5,0,500,0.6,1000,0.2,1400,0.2,0
14,3,677,0,0,500,0.6,1000,0.2,1400,0.2,2
14,4,392,0,0,300,0.5,1700,0.5,0
14,5,986,1,0,500,0.6,1000,0.2,1400,0.2,0
14,6,588,0,0,500,0.6,1000,0.2,1400,0.2,0
14,7,684,1,0,500,0.6,1000,0.2,1400,0.2,1
14,8,266,2,10,5,0,500,0.6,1000,0.2,1400,0.2,1
14,9,482,0,0,300,0.5,1700,0.5,1
14,10,572,2,10,5,0,500,0.6,1000,0.2,1400,0.2,0
14,11,186,0,0,300,0.5,1700,0.5,2
14,12,555,0,0,300,0.5,1700,0.5,1
14,13,718,2,10,5,0,300,0.5,1700,0.5,1
14,14,447,0,0,300,0.5,1700,0.5,2
14,15,315,1,0,300,0.5,1700,0.5,1
14,16,627,1,0,500,0.6,1000,0.2,1400,0.2,2
14,17,756,2,10,5,0,300,0.5,1700,0.5,0
14,18,447,1,0,500,0.6,1000,0.2,1400,0.2,0
14,19,581,0,0,300,0.5,1700,0.5,1
15,0,156,1,0,300,0.5,1700,0.5,0
15,1,687,2,10,5,0,300,0.5,1700,0.5,1
15,2,304,0,0,300,0.5,1700,0.5,0
15,3,469,0,0,300,0.5,1700,0.5,1
15,4,261,2,10,5,0,300,0.5,1700,0.5,0
15,5,48,2,10,5,0,500,0.6,1000,0.2,1400,0.2,2
15,6,849,1,0,300,0.5,1700,0.5,2
15,7,394,0,0,300,0.5,1700,0.5,2
15,8,198,1,0,300,0.5,1700,0.5,1
15,9,986,1,0,300,0.5,1700,0.5,1
15,10,912,0,0,500,0.6,1000,0.2,1400,0.2,0
15,11,660,0,0,300,0.5,1700,0.5,1
15,12,229,2,10,5,0,500,0.6,1000,0.2,1400,0.2,0
15,13,975,1,0,300,0.5,1700,0.5,1
15,14,296,0,0,300,0.5,1700,0.5,2
15,15,725,2,10,5,0,500,0.6,1000,0.2,1400,0.2,1
15,16,43,1,0,300,0.5,1700,0.5,0
15,17,226,0,0,300,0.5,1700,0.5,2
15,18,318,2,10,5,0,300,0.5,1700,0.5,0
15,19,546,0,0,300,0.5,1700,0.5,1
16,0,748,0,0,500,0.6,1000,0.2,1400,0.2,1
16,1,936,1,0,300,0.5,1700,0.5,0
16,2,345,0,0,300,0.5,1700,0.5,1
16,3,901,2,10,5,0,500,0.6,1000,0.2,1400,0.2,1
16,4,763,1,0,500,0.6,1000,0.2,1400,0.2,0
16,5,268,0,0,500,0.6,1000,0.2,1400,0.2,1
16,6,831,2,10,5,0,500,0.6,1000,0.2,1400,0.2,2
16,7,131,2,10,5,0,300,0.5,1700,0.5,2
16,8,897,0,0,300,0.5,1700,0.5,1
16,9,958,1,0,500,0.6,1000,0.2,1400,0.2,1
16,10,912,1,0,300,0.5,1700,0.5,1
16,11,681,0,0,300,0.5,1700,0.5,0
16,12,801,2,10,5,0,300,0.5,1700,0.5,2
16,13,751,2,10,5,0,500,0.6,1000,0.2,1400,0.2,2
16,14,893,0,0,300,0.5,1700,0.5,0
16,15,233,0,0,500,0.6,1000,0.2,1400,0.2,0
16,16,628,0,0,500,0.6,1000,0.2,1400,0.2,2
16,17,994,1,0,500,0.6,1000,0.2,1400,0.2,1
16,18,687,0,0,300,0.5,1700,0.5,1
16,19,418,1,0,300,0.5,1700,0.5,0
17,0,60,2,10,5,0,300,0.5,1700,0.5,0
17,1,290,2,10,5,0,300,0.5,1700,0.5,2
17,2,393,2,10,5,0,500,0.6,1000,0.2,1400,0.2,1
17,3,94,1,0,300,0.5,1700,0.5,1
17,4,722,0,0,500,0.6,1000,0.2,1400,0.2,2
17,5,373,2,10,5,0,300,0.5,1700,0.5,2
17,6,30,1,0,500,0.6,1000,0.2,1400,0.2,2
17,7,472,1,0,500,0.6,1000,0.2,1400,0.2,1
17,8,866,0,0,500,0.6,1000,0.2,1400,0.2,0
17,9,342,1,0,500,0.6,1000,0.2,1400,0.2,0
17,10,440,0,0,300,0.5,1700,0.5,2
17,11,868,1,0,300,0.5,1700,0.5,0
17,12,285,2,10,5,0,300,0.5,1700,0.5,0
17,13,347,1,0,500,0.6,1000,0.2,1400,0.2,0
17,14,495,2,10,5,0,500,0.6,1000,0.2,1400,0.2,2
17,15,487,0,0,500,0.6,1000,0.2,1400,0.2,0
17,16,224,1,0,300,0.5,1700,0.5,1
17,17,853,2,10,5,0,500,0.6,1000,0.2,1400,0.2,1
17,18,541,2,10,5,0,300,0.5,1700,0.5,2
17,19,720,0,0,500,0.6,1000,0.2,1400,0.2,0
18,0,819,0,0,300,0.5,1700,0.5,0
18,1,885,2,10,5,0,500,0.6,1000,0.2,1400,0.2,0
18,2,773,0,0,500,0.6,1000,0.2,1400,0.2,1
18,3,82,2,10,5,0,500,0.6,1000,0.2,1400,0.2,2
18,4,350,0,0,300,0.5,1700,0.5,2
18,5,14,1,0,300,0.5,1700,0.5,0
18,6,862,0,0,500,0.6,1000,0.2,1400,0.2,0
18,7,388,1,0,300,0.5,1700,0.5,1
18,8,841,2,10,5,0,500,0.6,1000,0.2,1400,0.2,1
18,9,913,2,10,5,0,500,0.6,1000,0.2,1400,0.2,0
18,10,306,2,10,5,0,500,0.6,1000,0.2,1400,0.2,1
18,11,359,0,0,500,0.6,1000,0.2,1400,0.2,2
18,12,431,1,0,500,0.6,1000,0.2,1400,0.2,0
18,13,83,1,0,500,0.6,1000,0.2,1400,0.2,1
18,14,138,1,0,500,0.6,1000,0.2,1400,0.2,1
18,15,989,2,10,5,0,300,0.5,1700,0.5,0
18,16,516,0,0,300,0.5,1700,0.5,0
18,17,404,0,0,300,0.5,1700,0.5,0
18,18,50,2,10,5,0,300,0.5,1700,0.5,2
18,19,895,2,10,5,0,300,0.5,1700,0.5,0
19,0,181,2,10,5,0,300,0.5,1700,0.5,2
19,1,393,0,0,500,0.6,1000,0.2,1400,0.2,0
19,2,522,1,0,500,0.6,1000,0.2,1400,0.2,2
19,3,967,1,0,500,0.6,1000,0.2,1400,0.2,0
19,4,927,1,0,300,0.5,1700,0.5,2
19,5,68,1,0,500,0.6,1000,0.2,1400,0.2,1
19,6,618,2,10,5,0,500,0.6,1000,0.2,1400,0.2,1
19,7,589,0,0,500,0.6,1000,0.2,1400,0.2,0
19,8,142,0,0,300,0.5,1700,0.5,2
19,9,680,2,10,5,0,500,0.6,1000,0.2,1400,0.2,2
19,10,778,0,0,500,0.6,1000,0.2,1400,0.2,2
19,11,531,1,0,300,0.5,1700,0.5,1
19,12,986,0,0,300,0.5,1700,0.5,0
19,13,59,1,0,500,0.6,1000,0.2,1400,0.2,1
19,14,476,0,0,500,0.6,1000,0.2,1400,0.2,1
19,15,144,1,0,300,0.5,1700,0.5,1
19,16,711,2,10,5,0,300,0.5,1700,0.5,0
19,17,225,1,0,300,0.5,1700,0.5,2
19,18,806,2,10,5,0,500,0.6,1000,0.2,1400,0.2,2
19,19,942,2,10,5,0,300,0.5,1700,0.5,2
