0,0,350,2,10,5,0,500,0.6,1000,0.2,1400,0.2,2
0,1,466,1,0,300,0.5,1700,0.5,2
0,2,246,2,10,5,0,500,0.6,1000,0.2,1400,0.2,2
0,3,122,0,0,300,0.5,1700,0.5,1
0,4,134,0,0,300,0.5,1700,0.5,1
0,5,278,1,0,500,0.6,1000,0.2,1400,0.2,2
0,6,280,1,0,300,0.5,1700,0.5,0
0,7,192,1,0,500,0.6,1000,0.2,1400,0.2,1
0,8,806,0,0,300,0.5,1700,0.5,2
0,9,846,0,0,500,0.6,1000,0.2,1400,0.2,1
0,10,192,1,0,300,0.5,1700,0.5,0
0,11,519,2,10,5,0,300,0.5,1700,0.5,0
0,12,447,1,0,500,0.6,1000,0.2,1400,0.2,2
0,13,982,0,0,300,0.5,1700,0.5,1
0,14,911,0,0,500,0.6,1000,0.2,1400,0.2,0
0,15,338,0,0,300,0.5,1700,0.5,2
0,16,696,1,0,500,0.6,1000,0.2,1400,0.2,2
0,17,713,0,0,300,0.5,1700,0.5,0
0,18,884,0,0,300,0.5,1700,0.5,2
0,19,896,1,0,500,0.6,1000,0.2,1400,0.2,1
1,0,916,2,10,5,0,500,0.6,1000,0.2,1400,0.2,0
1,1,945,0,0,500,0.6,1000,0.2,1400,0.2,0
1,2,295,2,10,5,0,300,0.5,1700,0.5,1
1,3,462,1,0,500,0.6,1000,0.2,1400,0.2,0
1,4,771,1,0,300,0.5,1700,0.5,1
1,5,626,1,0,500,0.6,1000,0.2,1400,0.2,2
1,6,213,0,0,300,0.5,1700,0.5,1
1,7,14,1,0,500,0.6,1000,0.2,1400,0.2,2
1,8,762,2,10,5,0,500,0.6,1000,0.2,1400,0.2,0
1,9,426,1,0,300,0.5,1700,0.5,0
1,10,53,2,10,5,0,500,0.6,1000,0.2,1400,0.2,2
1,11,547,0,0,500,0.6,1000,0.2,1400,0.2,1
1,12,609,1,0,300,0.5,1700,0.5,2
1,13,663,0,0,300,0.5,1700,0.5,1
1,14,507,2,10,5,0,500,0.6,1000,0.2,1400,0.2,0
1,15,426,2,10,5,0,500,0.6,1000,0.2,1400,0.2,1
1,16,904,2,10,5,0,500,0.6,1000,0.2,1400,0.2,2
1,17,796,0,0,300,0.5,1700,0.5,1
1,18,416,0,0,500,0.6,1000,0.2,1400,0.2,2
1,19,294,0,0,500,0.6,1000,0.2,1400,0.2,0
2,0,222,0,0,300,0.5,1700,0.5,1
2,1,416,1,0,300,0.5,1700,0.5,0
2,2,469,2,10,5,0,300,0.5,1700,0.5,0
2,3,697,2,10,5,0,300,0.5,1700,0.5,2
2,4,203,1,0,500,0.6,1000,0.2,1400,0.2,1
2,5,531,1,0,300,0.5,1700,0.5,0
2,6,107,1,0,500,0.6,1000,0.2,1400,0.2,1
2,7,487,2,10,5,0,300,0.5,1700,0.5,1
2,8,183,1,0,500,0.6,1000,0.2,1400,0.2,0
2,9,708,2,10,5,0,500,0.6,1000,0.2,1400,0.2,2
2,10,194,2,10,5,0,300,0.5,1700,0.5,0
2,11,913,2,10,5,0,500,0.6,1000,0.2,1400,0.2,0
2,12,12,2,10,5,0,300,0.5,1700,0.5,0
2,13,844,0,0,500,0.6,1000,0.2,1400,0.2,0
2,14,112,2,10,5,0,300,0.5,1700,0.5,1
2,15,479,2,10,5,0,300,0.5,1700,0.5,0
2,16,212,0,0,300,0.5,1700,0.5,2
2,17,130,0,0,500,0.6,1000,0.2,1400,0.2,1
2,18,390,0,0,300,0.5,1700,0.5,2
2,19,601,0,0,300,0.5,1700,0.5,0
3,0,981,1,0,300,0.5,1700,0.5,0
3,1,591,0,0,500,0.6,1000,0.2,1400,0.2,2
3,2,821,2,10,5,0,300,0.5,1700,0.5,2
3,3,603,0,0,500,0.6,1000,0.2,1400,0.2,2
3,4,99,1,0,300,0.5,1700,0.5,1
3,5,693,0,0,300,0.5,1700,0.5,2
3,6,965,0,0,300,0.5,1700,0.5,0
3,7,984,2,10,5,0,500,0.6,1000,0.2,1400,0.2,2
3,8,251,1,0,500,0.6,1000,0.2,1400,0.2,2
3,9,150,2,10,5,0,300,0.5,1700,0.5,0
3,10,790,1,0,500,0.6,1000,0.2,1400,0.2,0
3,11,616,0,0,300,0.5,1700,0.5,2
3,12,997,1,0,300,0.5,1700,0.5,0
3,13,962,1,0,300,0.5,1700,0.5,1
3,14,663,1,0,500,0.6,1000,0.2,1400,0.2,1
3,15,409,0,0,500,0.6,1000,0.2,1400,0.2,1
3,16,175,1,0,500,0.6,1000,0.2,1400,0.2,0
3,17,49,0,0,300,0.5,1700,0.5,2
3,18,356,1,0,500,0.6,1000,0.2,1400,0.2,2
3,19,928,0,0,500,0.6,1000,0.2,1400,0.2,2
4,0,213,1,0,500,0.6,1000,0.2,1400,0.2,1
4,1,327,1,0,500,0.6,1000,0.2,1400,0.2,1
4,2,758,0,0,300,0.5,1700,0.5,2
4,3,872,0,0,500,0.6,1000,0.2,1400,0.2,1
4,4,678,0,0,500,0.6,1000,0.2,1400,0.2,2
4,5,107,1,0,500,0.6,1000,0.2,1400,0.2,2
4,6,268,1,0,500,0.6,1000,0.2,1400,0.2,0
4,7,316,0,0,300,0.5,1700,0.5,0
4,8,232,0,0,500,0.6,1000,0.2,1400,0.2,2
4,9,687,2,10,5,0,500,0.6,1000,0.2,1400,0.2,0
4,10,708,1,0,500,0.6,1000,0.2,1400,0.2,1
4,11,103,2,10,5,0,300,0.5,1700,0.5,2
4,12,770,0,0,500,0.6,1000,0.2,1400,0.2,0
4,13,880,2,10,5,0,300,0.5,1700,0.5,0
4,14,666,1,0,300,0.5,1700,0.5,2
4,15,720,0,0,300,0.5,1700,0.5,0
4,16,487,2,10,5,0,500,0.6,1000,0.2,1400,0.2,1
4,17,131,0,0,300,0.5,1700,0.5,1
4,18,596,2,10,5,0,500,0.6,1000,0.2,1400,0.2,2
4,19,867,0,0,300,0.5,1700,0.5,0
5,0,732,1,0,300,0.5,1700,0.5,2
5,1,156,0,0,500,0.6,1000,0.2,1400,0.2,2
5,2,657,2,10,5,0,500,0.6,1000,0.2,1400,0.2,1
5,3,318,1,0,500,0.6,1000,0.2,1400,0.2,2
5,4,209,1,0,300,0.5,1700,0.5,2
5,5,269,1,0,300,0.5,1700,0.5,0
5,6,863,1,0,500,0.6,1000,0.2,1400,0.2,1
5,7,472,1,0,300,0.5,1700,0.5,0
5,8,912,0,0,500,0.6,1000,0.2,1400,0.2,1
5,9,60,0,0,300,0.5,1700,0.5,0
5,10,654,0,0,500,0.6,1000,0.2,1400,0.2,0
5,11,43,1,0,500,0.6,1000,0.2,1400,0.2,0
5,12,191,1,0,500,0.6,1000,0.2,1400,0.2,1
5,13,447,0,0,300,0.5,1700,0.5,1
5,14,606,1,0,300,0.5,1700,0.5,0
5,15,22,0,0,300,0.5,1700,0.5,1
5,16,685,0,0,300,0.5,1700,0.5,2
5,17,232,0,0,500,0.6,1000,0.2,1400,0.2,0
5,18,734,2,10,5,0,300,0.5,1700,0.5,0
5,19,678,1,0,500,0.6,1000,0.2,1400,0.2,0
6,0,480,2,10,5,0,300,0.5,1700,0.5,2
6,1,478,2,10,5,0,300,0.5,1700,0.5,2
6,2,317,2,10,5,0,300,0.5,1700,0.5,0
6,3,475,2,10,5,0,500,0.6,1000,0.2,1400,0.2,0
6,4,420,2,10,5,0,500,0.6,1000,0.2,1400,0.2,0
6,5,485,1,0,500,0.6,1000,0.2,1400,0.2,1
6,6,39,0,0,500,0.6,1000,0.2,1400,0.2,2
6,7,166,0,0,300,0.5,1700,0.5,1
6,8,190,2,10,5,0,500,0.6,1000,0.2,1400,0.2,1
6,9,491,0,0,300,0.5,1700,0.5,0
6,10,320,1,0,300,0.5,1700,0.5,1
6,11,242,2,10,5,0,500,0.6,1000,0.2,1400,0.2,2
6,12,808,0,0,500,0.6,1000,0.2,1400,0.2,0
6,13,698,0,0,500,0.6,1000,0.2,1400,0.2,1
6,14,554,2,10,5,0,500,0.6,1000,0.2,1400,0.2,2
6,15,398,1,0,300,0.5,1700,0.5,2
6,16,268,0,0,500,0.6,1000,0.2,1400,0.2,0
6,17,705,2,10,5,0,500,0.6,1000,0.2,1400,0.2,0
6,18,611,0,0,500,0.6,1000,0.2,1400,0.2,1
6,19,896,1,0,300,0.5,1700,0.5,0
7,0,266,2,10,5,0,500,0.6,1000,0.2,1400,0.2,2
7,1,155,0,0,300,0.5,1700,0.5,2
7,2,681,1,0,300,0.5,1700,0.5,0
7,3,760,0,0,300,0.5,1700,0.5,2
7,4,365,0,0,500,0.6,1000,0.2,1400,0.2,0
7,5,247,0,0,300,0.5,1700,0.5,1
7,6,485,2,10,5,0,300,0.5,1700,0.5,1
7,7,442,2,10,5,0,500,0.6,1000,0.2,1400,0.2,0
7,8,758,0,0,300,0.5,1700,0.5,2
7,9,453,2,10,5,0,500,0.6,1000,0.2,1400,0.2,1
7,10,685,1,0,300,0.5,1700,0.5,0
7,11,673,0,0,500,0.6,1000,0.2,1400,0.2,0
7,12,302,2,10,5,0,300,0.5,1700,0.5,1
7,13,465,2,10,5,0,300,0.5,1700,0.5,2
7,14,724,0,0,300,0.5,1700,0.5,2
7,15,410,2,10,5,0,500,0.6,1000,0.2,1400,0.2,0
7,16,659,0,0,300,0.5,1700,0.5,0
7,17,56,1,0,500,0.6,1000,0.2,1400,0.2,2
7,18,24,2,10,5,0,500,0.6,1000,0.2,1400,0.2,2
7,19,238,2,10,5,0,300,0.5,1700,0.5,2
8,0,644,2,10,5,0,300,0.5,1700,0.5,0
8,1,750,1,0,500,0.6,1000,0.2,1400,0.2,0
8,2,321,1,0,500,0.6,1000,0.2,1400,0.2,0
8,3,547,1,0,300,0.5,1700,0.5,0
8,4,190,0,0,300,0.5,1700,0.5,2
8,5,22,2,10,5,0,500,0.6,1000,0.2,1400,0.2,1
8,6,754,1,0,500,0.6,1000,0.2,1400,0.2,0
8,7,161,1,0,500,0.6,1000,0.2,1400,0.2,0
8,8,863,2,10,5,0,300,0.5,1700,0.5,1
8,9,51,2,10,5,0,500,0.6,1000,0.2,1400,0.2,1
8,10,221,2,10,5,0,300,0.5,1700,0.5,1
8,11,691,0,0,300,0.5,1700,0.5,2
8,12,821,2,10,5,0,500,0.6,1000,0.2,1400,0.2,2
8,13,446,1,0,500,0.6,1000,0.2,1400,0.2,1
8,14,288,2,10,5,0,500,0.6,1000,0.2,1400,0.2,0
8,15,46,1,0,300,0.5,1700,0.5,0
8,16,162,0,0,500,0.6,1000,0.2,1400,0.2,1
8,17,139,1,0,300,0.5,1700,0.5,2
8,18,443,0,0,300,0.5,1700,0.5,0
8,19,374,0,0,300,0.5,1700,0.5,0
9,0,533,0,0,300,0.5,1700,0.5,0
9,1,390,1,0,500,0.6,1000,0.2,1400,0.2,0
9,2,644,0,0,300,0.5,1700,0.5,1
9,3,806,1,0,500,0.6,1000,0.2,1400,0.2,1
9,4,747,0,0,300,0.5,1700,0.5,2
9,5,957,1,0,500,0.6,1000,0.2,1400,0.2,1
9,6,24,1,0,300,0.5,1700,0.5,0
9,7,357,0,0,500,0.6,1000,0.2,1400,0.2,0
9,8,536,0,0,500,0.6,1000,0.2,1400,0.2,0
9,9,185,2,10,5,0,500,0.6,1000,0.2,1400,0.2,0
9,10,598,1,0,500,0.6,1000,0.2,1400,0.2,0
9,11,314,0,0,500,0.6,1000,0.2,1400,0.2,1
9,12,98,0,0,300,0.5,1700,0.5,2
9,13,450,1,0,300,0.5,1700,0.5,1
9,14,781,1,0,500,0.6,1000,0.2,1400,0.2,2
9,15,526,1,0,300,0.5,1700,0.5,2
9,16,153,0,0,500,0.6,1000,0.2,1400,0.2,1
9,17,727,0,0,500,0.6,1000,0.2,1400,0.2,1
9,18,172,2,10,5,0,300,0.5,1700,0.5,0
9,19,240,2,10,5,0,500,0.6,1000,0.2,1400,0.2,0
10,0,833,2,10,5,0,500,0.6,1000,0.2,1400,0.2,1
10,1,454,2,10,5,0,300,0.5,1700,0.5,1
10,2,586,1,0,500,0.6,1000,0.2,1400,0.2,2
10,3,834,0,0,300,0.5,1700,0.5,0
10,4,968,1,0,300,0.5,1700,0.5,2
10,5,650,2,10,5,0,300,0.5,1700,0.5,0
10,6,420,0,0,500,0.6,1000,0.2,1400,0.2,1
10,7,404,1,0,500,0.6,1000,0.2,1400,0.2,2
10,8,858,0,0,500,0.6,1000,0.2,1400,0.2,1
10,9,870,0,0,300,0.5,1700,0.5,2
10,10,253,0,0,300,0.5,1700,0.5,0
10,11,734,1,0,500,0.6,1000,0.2,1400,0.2,1
10,12,258,0,0,300,0.5,1700,0.5,2
10,13,588,1,0,500,0.6,1000,0.2,1400,0.2,1
10,14,308,0,0,300,0.5,1700,0.5,2
10,15,254,2,10,5,0,500,0.6,1000,0.2,1400,0.2,0
10,16,112,1,0,300,0.5,1700,0.5,1
10,17,417,0,0,500,0.6,1000,0.2,1400,0.2,0
10,18,913,1,0,300,0.5,1700,0.5,0
10,19,910,1,0,300,0.5,1700,0.5,2
11,0,195,1,0,500,0.6,1000,0.2,1400,0.2,0
11,1,551,0,0,500,0.6,1000,0.2,1400,0.2,0
11,2,705,0,0,300,0.5,1700,0.5,1
11,3,374,1,0,500,0.6,1000,0.2,1400,0.2,0
11,4,556,0,0,300,0.5,1700,0.5,2
11,5,808,1,0,300,0.5,1700,0.5,2
11,6,832,1,0,500,0.6,1000,0.2,1400,0.2,1
11,7,259,2,10,5,0,500,0.6,1000,0.2,1400,0.2,1
11,8,832,2,10,5,0,500,0.6,1000,0.2,1400,0.2,1
11,9,927,0,0,300,0.5,1700,0.5,0
11,10,119,0,0,300,0.5,1700,0.5,0
11,11,871,1,0,500,0.6,1000,0.2,1400,0.2,0
11,12,369,1,0,500,0.6,1000,0.2,1400,0.2,2
11,13,499,0,0,500,0.6,1000,0.2,1400,0.2,0
11,14,744,0,0,500,0.6,1000,0.2,1400,0.2,0
11,15,739,2,10,5,0,300,0.5,1700,0.5,0
11,16,21,1,0,300,0.5,1700,0.5,0
11,17,893,1,0,300,0.5,1700,0.5,0
11,18,730,1,0,500,0.6,1000,0.2,1400,0.2,2
11,19,484,1,0,300,0.5,1700,0.5,0
12,0,999,0,0,300,0.5,1700,0.5,1
12,1,493,1,0,300,0.5,1700,0.5,0
12,2,204,0,0,500,0.6,1000,0.2,1400,0.2,0
12,3,251,0,0,300,0.5,1700,0.5,1
12,4,110,1,0,300,0.5,1700,0.5,1
12,5,785,0,0,300,0.5,1700,0.5,1
12,6,626,0,0,500,0.6,1000,0.2,1400,0.2,1
12,7,556,2,10,5,0,500,0.6,1000,0.2,1400,0.2,2
12,8,405,0,0,300,0.5,1700,0.5,2
12,9,159,1,0,300,0.5,1700,0.5,2
12,10,209,0,0,500,0.6,1000,0.2,1400,0.2,1
12,11,566,2,10,5,0,500,0.6,1000,0.2,1400,0.2,0
12,12,796,1,0,300,0.5,1700,0.5,1
12,13,765,1,0,300,0.5,1700,0.5,0
12,14,979,1,0,500,0.6,1000,0.2,1400,0.2,2
12,15,870,0,0,300,0.5,1700,0.5,2
12,16,741,0,0,300,0.5,1700,0.5,0
12,17,836,0,0,300,0.5,1700,0.5,1
12,18,708,1,0,300,0.5,1700,0.5,0
12,19,346,1,0,300,0.5,1700,0.5,2
13,0,509,2,10,5,0,500,0.6,1000,0.2,1400,0.2,1
13,1,572,1,0,300,0.5,1700,0.5,0
13,2,300,1,0,500,0.6,1000,0.2,1400,0.2,0
13,3,702,2,10,5,0,300,0.5,1700,0.5,0
13,4,900,1,0,300,0.5,1700,0.5,0
13,5,41,1,0,300,0.5,1700,0.5,2
13,6,82,2,10,5,0,500,0.6,1000,0.2,1400,0.2,0
13,7,575,2,10,5,0,300,0.5,1700,0.5,0
13,8,209,2,10,5,0,500,0.6,1000,0.2,1400,0.2,0
13,9,655,1,0,500,0.6,1000,0.2,1400,0.2,1
13,10,375,1,0,500,0.6,1000,0.2,1400,0.2,0
13,11,996,2,10,5,0,500,0.6,1000,0.2,1400,0.2,1
13,12,91,0,0,500,0.6,1000,0.2,1400,0.2,1
13,13,777,2,10,5,0,500,0.6,1000,0.2,1400,0.2,0
13,14,879,1,0,500,0.6,1000,0.2,1400,0.2,0
13,15,152,0,0,500,0.6,1000,0.2,1400,0.2,0
13,16,619,1,0,300,0.5,1700,0.5,2
13,17,749,2,10,5,0,500,0.6,1000,0.2,1400,0.2,1
13,18,345,0,0,500,0.6,1000,0.2,1400,0.2,0
13,19,238,0,0,500,0.6,1000,0.2,1400,0.2,2
14,0,55,0,0,300,0.5,1700,0.5,2
14,1,973,2,10,5,0,500,0.6,1000,0.2,1400,0.2,0
14,2,18,2,10,5,0,300,0.5,1700,0.5,0
14,3,763,2,10,5,0,500,0.6,1000,0.2,1400,0.2,1
14,4,308,0,0,500,0.6,1000,0.2,1400,0.2,1
14,5,453,2,10,5,0,300,0.5,1700,0.5,1
14,6,516,1,0,500,0.6,1000,0.2,1400,0.2,1
14,7,302,1,0,300,0.5,1700,0.5,0
14,8,576,1,0,500,0.6,1000,0.2,1400,0.2,0
14,9,500,1,0,300,0.5,1700,0.5,0
14,10,460,2,10,5,0,500,0.6,1000,0.2,1400,0.2,2
14,11,43,0,0,500,0.6,1000,0.2,1400,0.2,2
14,12,186,1,0,300,0.5,1700,0.5,1
14,13,835,0,0,500,0.6,1000,0.2,1400,0.2,2
14,14,982,2,10,5,0,300,0.5,1700,0.5,2
14,15,144,0,0,500,0.6,1000,0.2,1400,0.2,1
14,16,347,1,0,500,0.6,1000,0.2,1400,0.2,1
14,17,920,1,0,500,0.6,1000,0.2,1400,0.2,0
14,18,535,0,0,300,0.5,1700,0.5,2
14,19,537,0,0,500,0.6,1000,0.2,1400,0.2,1
15,0,539,0,0,300,0.5,1700,0.5,2
15,1,33,0,0,500,0.6,1000,0.2,1400,0.2,1
15,2,226,2,10,5,0,300,0.5,1700,0.5,1
15,3,519,2,10,5,0,300,0.5,1700,0.5,2
15,4,814,1,0,500,0.6,1000,0.2,1400,0.2,0
15,5,403,1,0,500,0.6,1000,0.2,1400,0.2,0
15,6,718,0,0,300,0.5,1700,0.5,1
15,7,427,2,10,5,0,500,0.6,1000,0.2,1400,0.2,0
15,8,365,2,10,5,0,300,0.5,1700,0.5,1
15,9,92,2,10,5,0,500,0.6,1000,0.2,1400,0.2,0
15,10,272,0,0,500,0.6,1000,0.2,1400,0.2,0
15,11,339,0,0,500,0.6,1000,0.2,1400,0.2,0
15,12,677,0,0,500,0.6,1000,0.2,1400,0.2,2
15,13,664,0,0,300,0.5,1700,0.5,2
15,14,889,2,10,5,0,500,0.6,1000,0.2,1400,0.2,1
15,15,878,0,0,300,0.5,1700,0.5,1
15,16,790,1,0,300,0.5,1700,0.5,1
15,17,782,0,0,500,0.6,1000,0.2,1400,0.2,0
15,18,217,0,0,500,0.6,1000,0.2,1400,0.2,0
15,19,899,0,0,500,0.6,1000,0.2,1400,0.2,1
16,0,802,2,10,5,0,300,0.5,1700,0.5,2
16,1,475,1,0,300,0.5,1700,0.5,1
16,2,960,2,10,5,0,500,0.6,1000,0.2,1400,0.2,2
16,3,442,0,0,300,0.5,1700,0.5,1
16,4,157,1,0,300,0.5,1700,0.5,2
16,5,873,1,0,300,0.5,1700,0.5,0
16,6,541,2,10,5,0,500,0.6,1000,0.2,1400,0.2,2
16,7,966,0,0,300,0.5,1700,0.5,0
16,8,69,1,0,500,0.6,1000,0.2,1400,0.2,1
16,9,366,1,0,300,0.5,1700,0.5,1
16,10,447,0,0,500,0.6,1000,0.2,1400,0.2,1
16,11,247,2,10,5,0,500,0.6,1000,0.2,1400,0.2,0
16,12,953,2,10,5,0,500,0.6,1000,0.2,1400,0.2,0
16,13,601,2,10,5,0,500,0.6,1000,0.2,1400,0.2,2
16,14,161,1,0,500,0.6,1000,0.2,1400,0.2,0
16,15,234,1,0,300,0.5,1700,0.5,1
16,16,38,2,10,5,0,300,0.5,1700,0.5,1
16,17,673,1,0,500,0.6,1000,0.2,1400,0.2,2
16,18,311,2,10,5,0,500,0.6,1000,0.2,1400,0.2,2
16,19,176,2,10,5,0,300,0.5,1700,0.5,2
17,0,285,0,0,500,0.6,1000,0.2,1400,0.2,2
17,1,671,1,0,500,0.6,1000,0.2,1400,0.2,1
17,2,830,1,0,500,0.6,1000,0.2,1400,0.2,2
17,3,954,0,0,500,0.6,1000,0.2,1400,0.2,0
17,4,48,1,0,500,0.6,1000,0.2,1400,0.2,2
17,5,236,2,10,5,0,500,0.6,1000,0.2,1400,0.2,0
17,6,611,0,0,500,0.6,1000,0.2,1400,0.2,2
17,7,327,1,0,300,0.5,1700,0.5,0
17,8,300,0,0,500,0.6,1000,0.2,1400,0.2,0
17,9,385,1,0,300,0.5,1700,0.5,2
17,10,789,1,0,500,0.6,1000,0.2,1400,0.2,2
17,11,480,2,10,5,0,300,0.5,1700,0.5,0
17,12,99,2,10,5,0,300,0.5,1700,0.5,1
17,13,468,2,10,5,0,500,0.6,1000,0.2,1400,0.2,1
17,14,868,0,0,300,0.5,1700,0.5,2
17,15,892,1,0,300,0.5,1700,0.5,1
17,16,580,0,0,500,0.6,1000,0.2,1400,0.2,2
17,17,434,2,10,5,0,500,0.6,1000,0.2,1400,0.2,0
17,18,968,2,10,5,0,500,0.6,1000,0.2,1400,0.2,2
17,19,853,0,0,300,0.5,1700,0.5,1
18,0,21,2,10,5,0,300,0.5,1700,0.5,1
18,1,287,1,0,300,0.5,1700,0.5,1
18,2,842,1,0,500,0.6,1000,0.2,1400,0.2,1
18,3,917,2,10,5,0,300,0.5,1700,0.5,0
18,4,208,0,0,300,0.5,1700,0.5,1
18,5,189,0,0,500,0.6,1000,0.2,1400,0.2,0
18,6,491,2,10,5,0,500,0.6,1000,0.2,1400,0.2,2
18,7,20,0,0,500,0.6,1000,0.2,1400,0.2,0
18,8,202,1,0,300,0.5,1700,0.5,1
18,9,865,2,10,5,0,300,0.5,1700,0.5,1
18,10,460,2,10,5,0,300,0.5,1700,0.5,0
18,11,186,2,10,5,0,500,0.6,1000,0.2,1400,0.2,0
18,12,146,2,10,5,0,500,0.6,1000,0.2,1400,0.2,0
18,13,297,1,0,500,0.6,1000,0.2,1400,0.2,0
18,14,590,2,10,5,0,300,0.5,1700,0.5,1
18,15,359,0,0,500,0.6,1000,0.2,1400,0.2,2
18,16,294,0,0,500,0.6,1000,0.2,1400,0.2,0
18,17,394,1,0,500,0.6,1000,0.2,1400,0.2,0
18,18,964,2,10,5,0,300,0.5,1700,0.5,0
18,19,562,0,0,500,0.6,1000,0.2,1400,0.2,2
19,0,512,2,10,5,0,300,0.5,1700,0.5,0
19,1,696,2,10,5,0,500,0.6,1000,0.2,1400,0.2,0
19,2,323,2,10,5,0,300,0.5,1700,0.5,0
19,3,362,1,0,500,0.6,1000,0.2,1400,0.2,0
19,4,946,0,0,500,0.6,1000,0.2,1400,0.2,1
19,5,201,2,10,5,0,300,0.5,1700,0.5,0
19,6,969,1,0,500,0.6,1000,0.2,1400,0.2,2
19,7,52,1,0,300,0.5,1700,0.5,1
19,8,742,0,0,300,0.5,1700,0.5,1
19,9,955,1,0,300,0.5,1700,0.5,1
19,10,77,1,0,300,0.5,1700,0.5,0
19,11,658,0,0,300,0.5,1700,0.5,2
19,12,739,1,0,500,0.6,1000,0.2,1400,0.2,0
19,13,189,0,0,300,0.5,1700,0.5,1
19,14,125,1,0,500,0.6,1000,0.2,1400,0.2,2
19,15,117,2,10,5,0,300,0.5,1700,0.5,1
19,16,489,1,0,500,0.6,1000,0.2,1400,0.2,2
19,17,699,0,0,300,0.5,1700,0.5,2
19,18,781,2,10,5,0,300,0.5,1700,0.5,2
19,19,810,0,0,500,0.6,1000,0.2,1400,0.2,1
