0,0,360,0,0,300,0.5,1700,0.5,2
0,1,38,0,0,300,0.5,1700,0.5,2
0,2,491,2,10,5,0,300,0.5,1700,0.5,2
0,3,547,1,0,300,0.5,1700,0.5,0
0,4,255,1,0,500,0.6,1000,0.2,1400,0.2,2
0,5,494,0,0,300,0.5,1700,0.5,0
0,6,731,0,0,500,0.6,1000,0.2,1400,0.2,2
0,7,450,2,10,5,0,500,0.6,1000,0.2,1400,0.2,2
0,8,265,0,0,500,0.6,1000,0.2,1400,0.2,0
0,9,392,1,0,300,0.5,1700,0.5,0
0,10,98,1,0,300,0.5,1700,0.5,1
0,11,700,1,0,500,0.6,1000,0.2,1400,0.2,2
0,12,867,0,0,300,0.5,1700,0.5,0
0,13,619,0,0,500,0.6,1000,0.2,1400,0.2,0
0,14,430,1,0,500,0.6,1000,0.2,1400,0.2,0
0,15,960,2,10,5,0,300,0.5,1700,0.5,0
0,16,483,2,10,5,0,300,0.5,1700,0.5,1
0,17,578,0,0,300,0.5,1700,0.5,0
0,18,151,0,0,500,0.6,1000,0.2,1400,0.2,0
0,19,675,1,0,500,0.6,1000,0.2,1400,0.2,0
1,0,537,2,10,5,0,300,0.5,1700,0.5,0
1,1,904,0,0,300,0.5,1700,0.5,2
1,2,831,1,0,500,0.6,1000,0.2,1400,0.2,1
1,3,100,1,0,500,0.6,1000,0.2,1400,0.2,2
1,4,390,1,0,500,0.6,1000,0.2,1400,0.2,2
1,5,252,0,0,500,0.6,1000,0.2,1400,0.2,1
1,6,504,0,0,500,0.6,1000,0.2,1400,0.2,1
1,7,518,2,10,5,0,500,0.6,1000,0.2,1400,0.2,1
1,8,407,0,0,300,0.5,1700,0.5,1
1,9,460,0,0,300,0.5,1700,0.5,2
1,10,640,1,0,500,0.6,1000,0.2,1400,0.2,0
1,11,864,1,0,500,0.6,1000,0.2,1400,0.2,0
1,12,395,2,10,5,0,300,0.5,1700,0.5,0
1,13,609,1,0,300,0.5,1700,0.5,2
1,14,83,2,10,5,0,500,0.6,1000,0.2,1400,0.2,1
1,15,374,2,10,5,0,500,0.6,1000,0.2,1400,0.2,0
1,16,549,1,0,500,0.6,1000,0.2,1400,0.2,0
1,17,93,0,0,300,0.5,1700,0.5,2
1,18,845,2,10,5,0,500,0.6,1000,0.2,1400,0.2,1
1,19,989,0,0,300,0.5,1700,0.5,1
2,0,546,2,10,5,0,500,0.6,1000,0.2,1400,0.2,2
2,1,258,0,0,300,0.5,1700,0.5,2
2,2,730,0,0,300,0.5,1700,0.5,0
2,3,180,2,10,5,0,500,0.6,1000,0.2,1400,0.2,0
2,4,387,2,10,5,0,500,0.6,1000,0.2,1400,0.2,0
2,5,548,1,0,500,0.6,1000,0.2,1400,0.2,1
2,6,954,1,0,300,0.5,1700,0.5,1
2,7,783,0,0,300,0.5,1700,0.5,2
2,8,612,1,0,300,0.5,1700,0.5,0
2,9,535,1,0,300,0.5,1700,0.5,2
2,10,180,1,0,300,0.5,1700,0.5,1
2,11,936,0,0,500,0.6,1000,0.2,1400,0.2,1
2,12,864,1,0,500,0.6,1000,0.2,1400,0.2,0
2,13,889,1,0,500,0.6,1000,0.2,1400,0.2,2
2,14,635,0,0,500,0.6,1000,0.2,1400,0.2,2
2,15,66,1,0,500,0.6,1000,0.2,1400,0.2,1
2,16,49,2,10,5,0,500,0.6,1000,0.2,1400,0.2,0
2,17,629,2,10,5,0,300,0.5,1700,0.5,1
2,18,607,2,10,5,0,300,0.5,1700,0.5,1
2,19,985,0,0,500,0.6,1000,0.2,1400,0.2,2
3,0,351,0,0,500,0.6,1000,0.2,1400,0.2,2
3,1,307,2,10,5,0,300,0.5,1700,0.5,2
3,2,149,1,0,300,0.5,1700,0.5,0
3,3,851,1,0,300,0.5,1700,0.5,2
3,4,971,2,10,5,0,300,0.5,1700,0.5,1
3,5,804,0,0,300,0.5,1700,0.5,1
3,6,701,1,0,300,0.5,1700,0.5,1
3,7,704,0,0,500,0.6,1000,0.2,1400,0.2,2
3,8,374,1,0,500,0.6,1000,0.2,1400,0.2,1
3,9,462,1,0,500,0.6,1000,0.2,1400,0.2,0
3,10,694,1,0,500,0.6,1000,0.2,1400,0.2,2
3,11,847,1,0,300,0.5,1700,0.5,1
3,12,322,0,0,300,0.5,1700,0.5,1
3,13,564,0,0,300,0.5,1700,0.5,2
3,14,232,0,0,300,0.5,1700,0.5,0
3,15,35,2,10,5,0,300,0.5,1700,0.5,0
3,16,569,2,10,5,0,500,0.6,1000,0.2,1400,0.2,0
3,17,102,1,0,300,0.5,1700,0.5,2
3,18,280,0,0,500,0.6,1000,0.2,1400,0.2,0
3,19,371,2,10,5,0,300,0.5,1700,0.5,0
4,0,696,1,0,300,0.5,1700,0.5,1
4,1,43,0,0,500,0.6,1000,0.2,1400,0.2,1
4,2,822,1,0,500,0.6,1000,0.2,1400,0.2,1
4,3,966,0,0,500,0.6,1000,0.2,1400,0.2,2
4,4,210,0,0,300,0.5,1700,0.5,1
4,5,484,0,0,500,0.6,1000,0.2,1400,0.2,0
4,6,959,0,0,300,0.5,1700,0.5,1
4,7,791,1,0,300,0.5,1700,0.5,1
4,8,256,1,0,500,0.6,1000,0.2,1400,0.2,1
4,9,944,2,10,5,0,300,0.5,1700,0.5,2
4,10,79,0,0,500,0.6,1000,0.2,1400,0.2,0
4,11,971,1,0,300,0.5,1700,0.5,2
4,12,943,2,10,5,0,300,0.5,1700,0.5,1
4,13,292,2,10,5,0,500,0.6,1000,0.2,1400,0.2,2
4,14,79,0,0,300,0.5,1700,0.5,2
4,15,48,0,0,500,0.6,1000,0.2,1400,0.2,0
4,16,793,1,0,500,0.6,1000,0.2,1400,0.2,1
4,17,19,1,0,500,0.6,1000,0.2,1400,0.2,0
4,18,812,1,0,500,0.6,1000,0.2,1400,0.2,2
4,19,747,0,0,500,0.6,1000,0.2,1400,0.2,1
5,0,214,1,0,500,0.6,1000,0.2,1400,0.2,2
5,1,386,1,0,500,0.6,1000,0.2,1400,0.2,0
5,2,394,0,0,300,0.5,1700,0.5,2
5,3,658,1,0,500,0.6,1000,0.2,1400,0.2,2
5,4,760,1,0,500,0.6,1000,0.2,1400,0.2,1
5,5,372,1,0,300,0.5,1700,0.5,2
5,6,208,1,0,300,0.5,1700,0.5,1
5,7,594,0,0,500,0.6,1000,0.2,1400,0.2,1
5,8,743,1,0,500,0.6,1000,0.2,1400,0.2,0
5,9,989,1,0,300,0.5,1700,0.5,1
5,10,507,1,0,300,0.5,1700,0.5,0
5,11,635,0,0,300,0.5,1700,0.5,0
5,12,272,0,0,500,0.6,1000,0.2,1400,0.2,1
5,13,199,2,10,5,0,300,0.5,1700,0.5,0
5,14,931,0,0,500,0.6,1000,0.2,1400,0.2,0
5,15,273,1,0,500,0.6,1000,0.2,1400,0.2,1
5,16,484,2,10,5,0,300,0.5,1700,0.5,0
5,17,346,0,0,300,0.5,1700,0.5,0
5,18,893,2,10,5,0,500,0.6,1000,0.2,1400,0.2,1
5,19,101,1,0,300,0.5,1700,0.5,0
6,0,621,1,0,500,0.6,1000,0.2,1400,0.2,1
6,1,32,2,10,5,0,300,0.5,1700,0.5,2
6,2,281,1,0,300,0.5,1700,0.5,0
6,3,393,2,10,5,0,500,0.6,1000,0.2,1400,0.2,1
6,4,839,0,0,500,0.6,1000,0.2,1400,0.2,1
6,5,947,0,0,500,0.6,1000,0.2,1400,0.2,1
6,6,414,2,10,5,0,500,0.6,1000,0.2,1400,0.2,1
6,7,602,1,0,300,0.5,1700,0.5,1
6,8,574,1,0,300,0.5,1700,0.5,0
6,9,697,1,0,500,0.6,1000,0.2,1400,0.2,1
6,10,117,1,0,300,0.5,1700,0.5,0
6,11,208,0,0,500,0.6,1000,0.2,1400,0.2,1
6,12,11,0,0,500,0.6,1000,0.2,1400,0.2,1
6,13,371,2,10,5,0,300,0.5,1700,0.5,2
6,14,231,0,0,500,0.6,1000,0.2,1400,0.2,2
6,15,844,1,0,500,0.6,1000,0.2,1400,0.2,0
6,16,718,2,10,5,0,300,0.5,1700,0.5,1
6,17,254,0,0,500,0.6,1000,0.2,1400,0.2,2
6,18,961,2,10,5,0,500,0.6,1000,0.2,1400,0.2,1
6,19,752,0,0,300,0.5,1700,0.5,1
7,0,902,1,0,300,0.5,1700,0.5,0
7,1,412,0,0,500,0.6,1000,0.2,1400,0.2,0
7,2,950,0,0,300,0.5,1700,0.5,0
7,3,239,0,0,500,0.6,1000,0.2,1400,0.2,1
7,4,357,2,10,5,0,300,0.5,1700,0.5,1
7,5,843,2,10,5,0,500,0.6,1000,0.2,1400,0.2,2
7,6,617,0,0,500,0.6,1000,0.2,1400,0.2,1
7,7,348,0,0,500,0.6,1000,0.2,1400,0.2,1
7,8,729,2,10,5,0,500,0.6,1000,0.2,1400,0.2,2
7,9,47,0,0,300,0.5,1700,0.5,0
7,10,169,0,0,500,0.6,1000,0.2,1400,0.2,0
7,11,472,2,10,5,0,500,0.6,1000,0.2,1400,0.2,1
7,12,909,2,10,5,0,300,0.5,1700,0.5,1
7,13,72,0,0,300,0.5,1700,0.5,1
7,14,890,0,0,300,0.5,1700,0.5,1
7,15,633,1,0,500,0.6,1000,0.2,1400,0.2,2
7,16,940,0,0,500,0.6,1000,0.2,1400,0.2,1
7,17,242,1,0,500,0.6,1000,0.2,1400,0.2,0
7,18,418,0,0,500,0.6,1000,0.2,1400,0.2,0
7,19,467,0,0,300,0.5,1700,0.5,1
8,0,277,2,10,5,0,300,0.5,1700,0.5,2
8,1,454,2,10,5,0,300,0.5,1700,0.5,1
8,2,797,0,0,300,0.5,1700,0.5,2
8,3,262,0,0,500,0.6,1000,0.2,1400,0.2,1
8,4,71,0,0,300,0.5,1700,0.5,2
8,5,493,2,10,5,0,300,0.5,1700,0.5,0
8,6,416,2,10,5,0,300,0.5,1700,0.5,1
8,7,683,1,0,500,0.6,1000,0.2,1400,0.2,2
8,8,706,2,10,5,0,300,0.5,1700,0.5,0
8,9,514,1,0,500,0.6,1000,0.2,1400,0.2,2
8,10,332,2,10,5,0,500,0.6,1000,0.2,1400,0.2,0
8,11,298,2,10,5,0,500,0.6,1000,0.2,1400,0.2,2
8,12,814,1,0,500,0.6,1000,0.2,1400,0.2,1
8,13,665,1,0,300,0.5,1700,0.5,0
8,14,820,0,0,500,0.6,1000,0.2,1400,0.2,0
8,15,444,1,0,500,0.6,1000,0.2,1400,0.2,0
8,16,934,2,10,5,0,300,0.5,1700,0.5,0
8,17,28,2,10,5,0,500,0.6,1000,0.2,1400,0.2,2
8,18,151,0,0,300,0.5,1700,0.5,0
8,19,713,2,10,5,0,300,0.5,1700,0.5,1
9,0,343,1,0,500,0.6,1000,0.2,1400,0.2,1
9,1,296,0,0,500,0.6,1000,0.2,1400,0.2,0
9,2,681,1,0,500,0.6,1000,0.2,1400,0.2,2
9,3,603,0,0,500,0.6,1000,0.2,1400,0.2,1
9,4,448,2,10,5,0,500,0.6,1000,0.2,1400,0.2,1
9,5,704,0,0,500,0.6,1000,0.2,1400,0.2,1
9,6,384,1,0,300,0.5,1700,0.5,2
9,7,575,2,10,5,0,500,0.6,1000,0.2,1400,0.2,1
9,8,653,1,0,500,0.6,1000,0.2,1400,0.2,1
9,9,784,1,0,300,0.5,1700,0.5,0
9,10,153,0,0,300,0.5,1700,0.5,2
9,11,980,2,10,5,0,300,0.5,1700,0.5,1
9,12,313,0,0,300,0.5,1700,0.5,0
9,13,890,2,10,5,0,500,0.6,1000,0.2,1400,0.2,0
9,14,905,1,0,300,0.5,1700,0.5,1
9,15,696,2,10,5,0,500,0.6,1000,0.2,1400,0.2,2
9,16,340,1,0,500,0.6,1000,0.2,1400,0.2,1
9,17,355,2,10,5,0,500,0.6,1000,0.2,1400,0.2,0
9,18,195,0,0,500,0.6,1000,0.2,1400,0.2,0
9,19,791,1,0,500,0.6,1000,0.2,1400,0.2,2
10,0,823,2,10,5,0,500,0.6,1000,0.2,1400,0.2,2
10,1,48,1,0,300,0.5,1700,0.5,1
10,2,306,2,10,5,0,300,0.5,1700,0.5,2
10,3,541,0,0,500,0.6,1000,0.2,1400,0.2,1
10,4,607,1,0,500,0.6,1000,0.2,1400,0.2,0
10,5,589,2,10,5,0,300,0.5,1700,0.5,2
10,6,848,1,0,500,0.6,1000,0.2,1400,0.2,1
10,7,611,2,10,5,0,300,0.5,1700,0.5,2
10,8,724,1,0,500,0.6,1000,0.2,1400,0.2,0
10,9,54,2,10,5,0,500,0.6,1000,0.2,1400,0.2,2
10,10,194,1,0,500,0.6,1000,0.2,1400,0.2,0
10,11,860,1,0,500,0.6,1000,0.2,1400,0.2,0
10,12,782,2,10,5,0,500,0.6,1000,0.2,1400,0.2,2
10,13,194,2,10,5,0,500,0.6,1000,0.2,1400,0.2,0
10,14,205,1,0,300,0.5,1700,0.5,1
10,15,452,0,0,300,0.5,1700,0.5,1
10,16,869,0,0,300,0.5,1700,0.5,0
10,17,781,2,10,5,0,300,0.5,1700,0.5,0
10,18,987,0,0,500,0.6,1000,0.2,1400,0.2,2
10,19,453,1,0,300,0.5,1700,0.5,0
11,0,755,0,0,300,0.5,1700,0.5,2
11,1,458,1,0,500,0.6,1000,0.2,1400,0.2,2
11,2,74,0,0,300,0.5,1700,0.5,2
11,3,443,2,10,5,0,500,0.6,1000,0.2,1400,0.2,0
11,4,18,1,0,300,0.5,1700,0.5,0
11,5,80,1,0,500,0.6,1000,0.2,1400,0.2,1
11,6,118,2,10,5,0,300,0.5,1700,0.5,2
11,7,546,1,0,500,0.6,1000,0.2,1400,0.2,1
11,8,423,2,10,5,0,300,0.5,1700,0.5,0
11,9,986,0,0,500,0.6,1000,0.2,1400,0.2,0
11,10,334,0,0,500,0.6,1000,0.2,1400,0.2,1
11,11,892,2,10,5,0,500,0.6,1000,0.2,1400,0.2,0
11,12,271,0,0,300,0.5,1700,0.5,2
11,13,473,0,0,500,0.6,1000,0.2,1400,0.2,0
11,14,716,2,10,5,0,500,0.6,1000,0.2,1400,0.2,0
11,15,966,0,0,500,0.6,1000,0.2,1400,0.2,0
11,16,746,0,0,300,0.5,1700,0.5,1
11,17,763,2,10,5,0,500,0.6,1000,0.2,1400,0.2,0
11,18,312,1,0,300,0.5,1700,0.5,0
11,19,782,2,10,5,0,300,0.5,1700,0.5,0
12,0,312,2,10,5,0,500,0.6,1000,0.2,1400,0.2,1
12,1,364,1,0,500,0.6,1000,0.2,1400,0.2,2
12,2,720,0,0,500,0.6,1000,0.2,1400,0.2,0
12,3,745,0,0,500,0.6,1000,0.2,1400,0.2,0
12,4,675,2,10,5,0,500,0.6,1000,0.2,1400,0.2,1
12,5,742,0,0,500,0.6,1000,0.2,1400,0.2,2
12,6,35,2,10,5,0,300,0.5,1700,0.5,0
12,7,113,1,0,500,0.6,1000,0.2,1400,0.2,2
12,8,478,0,0,500,0.6,1000,0.2,1400,0.2,1
12,9,81,0,0,500,0.6,1000,0.2,1400,0.2,2
12,10,499,1,0,500,0.6,1000,0.2,1400,0.2,2
12,11,790,2,10,5,0,300,0.5,1700,0.5,2
12,12,309,0,0,300,0.5,1700,0.5,2
12,13,454,1,0,300,0.5,1700,0.5,2
12,14,743,2,10,5,0,300,0.5,1700,0.5,1
12,15,872,1,0,500,0.6,1000,0.2,1400,0.2,2
12,16,628,1,0,300,0.5,1700,0.5,0
12,17,269,0,0,500,0.6,1000,0.2,1400,0.2,1
12,18,203,1,0,500,0.6,1000,0.2,1400,0.2,1
12,19,460,1,0,500,0.6,1000,0.2,1400,0.2,2
13,0,55,0,0,300,0.5,1700,0.5,2
13,1,363,0,0,500,0.6,1000,0.2,1400,0.2,2
13,2,869,1,0,500,0.6,1000,0.2,1400,0.2,1
13,3,29,1,0,500,0.6,1000,0.2,1400,0.2,2
13,4,219,0,0,500,0.6,1000,0.2,1400,0.2,1
13,5,87,2,10,5,0,500,0.6,1000,0.2,1400,0.2,0
13,6,810,0,0,500,0.6,1000,0.2,1400,0.2,0
13,7,260,1,0,500,0.6,1000,0.2,1400,0.2,1
13,8,427,0,0,500,0.6,1000,0.2,1400,0.2,0
13,9,489,1,0,300,0.5,1700,0.5,0
13,10,65,2,10,5,0,300,0.5,1700,0.5,0
13,11,886,0,0,500,0.6,1000,0.2,1400,0.2,2
13,12,415,2,10,5,0,300,0.5,1700,0.5,2
13,13,704,2,10,5,0,500,0.6,1000,0.2,1400,0.2,2
13,14,369,0,0,500,0.6,1000,0.2,1400,0.2,1
13,15,755,1,0,500,0.6,1000,0.2,1400,0.2,2
13,16,630,1,0,300,0.5,1700,0.5,0
13,17,229,1,0,300,0.5,1700,0.5,2
13,18,164,0,0,500,0.6,1000,0.2,1400,0.2,0
13,19,240,0,0,300,0.5,1700,0.5,0
14,0,547,2,10,5,0,500,0.6,1000,0.2,1400,0.2,2
14,1,244,2,10,5,0,500,0.6,1000,0.2,1400,0.2,0
14,2,649,0,0,300,0.5,1700,0.5,0
14,3,765,2,10,5,0,500,0.6,1000,0.2,1400,0.2,0
14,4,318,0,0,300,0.5,1700,0.5,2
14,5,12,0,0,300,0.5,1700,0.5,0
14,6,570,2,10,5,0,500,0.6,1000,0.2,1400,0.2,1
14,7,709,0,0,500,0.6,1000,0.2,1400,0.2,1
14,8,85,2,10,5,0,500,0.6,1000,0.2,1400,0.2,0
14,9,508,2,10,5,0,500,0.6,1000,0.2,1400,0.2,1
14,10,634,2,10,5,0,300,0.5,1700,0.5,1
14,11,422,2,10,5,0,500,0.6,1000,0.2,1400,0.2,1
14,12,939,2,10,5,0,500,0.6,1000,0.2,1400,0.2,0
14,13,543,2,10,5,0,500,0.6,1000,0.2,1400,0.2,0
14,14,189,2,10,5,0,300,0.5,1700,0.5,2
14,15,271,0,0,500,0.6,1000,0.2,1400,0.2,0
14,16,779,1,0,500,0.6,1000,0.2,1400,0.2,1
14,17,453,1,0,300,0.5,1700,0.5,2
14,18,89,0,0,300,0.5,1700,0.5,2
14,19,152,2,10,5,0,300,0.5,1700,0.5,1
15,0,288,0,0,500,0.6,1000,0.2,1400,0.2,0
15,1,176,0,0,500,0.6,1000,0.2,1400,0.2,2
15,2,941,0,0,300,0.5,1700,0.5,1
15,3,99,0,0,300,0.5,1700,0.5,0
15,4,399,2,10,5,0,500,0.6,1000,0.2,1400,0.2,0
15,5,320,2,10,5,0,300,0.5,1700,0.5,1
15,6,546,0,0,500,0.6,1000,0.2,1400,0.2,0
15,7,532,2,10,5,0,300,0.5,1700,0.5,1
15,8,203,0,0,300,0.5,1700,0.5,0
15,9,752,0,0,500,0.6,1000,0.2,1400,0.2,2
15,10,566,0,0,500,0.6,1000,0.2,1400,0.2,0
15,11,658,0,0,300,0.5,1700,0.5,1
15,12,338,2,10,5,0,300,0.5,1700,0.5,0
15,13,723,2,10,5,0,300,0.5,1700,0.5,2
15,14,74,1,0,300,0.5,1700,0.5,1
15,15,157,1,0,500,0.6,1000,0.2,1400,0.2,1
15,16,229,1,0,500,0.6,1000,0.2,1400,0.2,1
15,17,287,1,0,300,0.5,1700,0.5,0
15,18,87,2,10,5,0,500,0.6,1000,0.2,1400,0.2,0
15,19,351,0,0,300,0.5,1700,0.5,2
16,0,689,2,10,5,0,300,0.5,1700,0.5,0
16,1,349,1,0,500,0.6,1000,0.2,1400,0.2,1
16,2,416,0,0,500,0.6,1000,0.2,1400,0.2,2
16,3,400,2,10,5,0,500,0.6,1000,0.2,1400,0.2,1
16,4,820,0,0,300,0.5,1700,0.5,2
16,5,789,0,0,300,0.5,1700,0.5,0
16,6,283,1,0,500,0.6,1000,0.2,1400,0.2,1
16,7,400,2,10,5,0,300,0.5,1700,0.5,0
16,8,170,2,10,5,0,500,0.6,1000,0.2,1400,0.2,0
16,9,548,2,10,5,0,300,0.5,1700,0.5,0
16,10,306,1,0,500,0.6,1000,0.2,1400,0.2,1
16,11,47,0,0,300,0.5,1700,0.5,2
16,12,802,0,0,300,0.5,1700,0.5,1
16,13,979,0,0,300,0.5,1700,0.5,2
16,14,679,2,10,5,0,300,0.5,1700,0.5,1
16,15,982,1,0,500,0.6,1000,0.2,1400,0.2,0
16,16,38,0,0,500,0.6,1000,0.2,1400,0.2,1
16,17,907,2,10,5,0,300,0.5,1700,0.5,1
16,18,57,1,0,300,0.5,1700,0.5,0
16,19,874,0,0,300,0.5,1700,0.5,1
17,0,501,2,10,5,0,300,0.5,1700,0.5,2
17,1,900,2,10,5,0,300,0.5,1700,0.5,1
17,2,706,0,0,500,0.6,1000,0.2,1400,0.2,1
17,3,972,2,10,5,0,500,0.6,1000,0.2,1400,0.2,1
17,4,887,0,0,500,0.6,1000,0.2,1400,0.2,2
17,5,610,0,0,300,0.5,1700,0.5,0
17,6,73,0,0,300,0.5,1700,0.5,2
17,7,208,2,10,5,0,300,0.5,1700,0.5,0
17,8,250,0,0,300,0.5,1700,0.5,0
17,9,903,2,10,5,0,500,0.6,1000,0.2,1400,0.2,1
17,10,359,1,0,500,0.6,1000,0.2,1400,0.2,2
17,11,291,2,10,5,0,500,0.6,1000,0.2,1400,0.2,2
17,12,294,2,10,5,0,500,0.6,1000,0.2,1400,0.2,2
17,13,88,0,0,300,0.5,1700,0.5,0
17,14,207,1,0,500,0.6,1000,0.2,1400,0.2,1
17,15,517,1,0,300,0.5,1700,0.5,2
17,16,297,0,0,300,0.5,1700,0.5,0
17,17,40,1,0,500,0.6,1000,0.2,1400,0.2,0
17,18,206,2,10,5,0,300,0.5,1700,0.5,0
17,19,189,1,0,500,0.6,1000,0.2,1400,0.2,2
18,0,194,2,10,5,0,300,0.5,1700,0.5,1
18,1,372,2,10,5,0,500,0.6,1000,0.2,1400,0.2,2
18,2,595,2,10,5,0,500,0.6,1000,0.2,1400,0.2,1
18,3,10,2,10,5,0,500,0.6,1000,0.2,1400,0.2,1
18,4,499,1,0,300,0.5,1700,0.5,2
18,5,916,1,0,300,0.5,1700,0.5,1
18,6,896,2,10,5,0,300,0.5,1700,0.5,1
18,7,823,0,0,300,0.5,1700,0.5,1
18,8,21,1,0,300,0.5,1700,0.5,2
18,9,800,2,10,5,0,300,0.5,1700,0.5,2
18,10,91,2,10,5,0,500,0.6,1000,0.2,1400,0.2,1
18,11,71,0,0,500,0.6,1000,0.2,1400,0.2,1
18,12,398,0,0,300,0.5,1700,0.5,2
18,13,893,2,10,5,0,500,0.6,1000,0.2,1400,0.2,0
18,14,770,1,0,300,0.5,1700,0.5,1
18,15,82,2,10,5,0,300,0.5,1700,0.5,2
18,16,841,2,10,5,0,300,0.5,1700,0.5,0
18,17,119,2,10,5,0,300,0.5,1700,0.5,0
18,18,70,2,10,5,0,500,0.6,1000,0.2,1400,0.2,2
18,19,814,2,10,5,0,300,0.5,1700,0.5,0
19,0,302,2,10,5,0,500,0.6,1000,0.2,1400,0.2,2
19,1,578,1,0,500,0.6,1000,0.2,1400,0.2,1
19,2,713,2,10,5,0,300,0.5,1700,0.5,0
19,3,688,1,0,500,0.6,1000,0.2,1400,0.2,1
19,4,906,2,10,5,0,500,0.6,1000,0.2,1400,0.2,2
19,5,602,0,0,500,0.6,1000,0.2,1400,0.2,2
19,6,10,1,0,300,0.5,1700,0.5,1
19,7,395,1,0,500,0.6,1000,0.2,1400,0.2,0
19,8,456,0,0,500,0.6,1000,0.2,1400,0.2,0
19,9,356,2,10,5,0,300,0.5,1700,0.5,2
19,10,354,1,0,500,0.6,1000,0.2,1400,0.2,1
19,11,698,0,0,500,0.6,1000,0.2,1400,0.2,2
19,12,20,0,0,500,0.6,1000,0.2,1400,0.2,0
19,13,830,2,10,5,0,300,0.5,1700,0.5,1
19,14,496,2,10,5,0,500,0.6,1000,0.2,1400,0.2,1
19,15,808,2,10,5,0,300,0.5,1700,0.5,2
19,16,767,1,0,300,0.5,1700,0.5,1
19,17,965,1,0,500,0.6,1000,0.2,1400,0.2,2
19,18,614,2,10,5,0,300,0.5,1700,0.5,2
19,19,430,1,0,500,0.6,1000,0.2,1400,0.2,0
