0,0,43,1,0,300,0.5,1700,0.5,0
0,1,688,0,0,300,0.5,1700,0.5,2
0,2,799,0,0,300,0.5,1700,0.5,2
0,3,402,1,0,500,0.6,1000,0.2,1400,0.2,1
0,4,155,2,10,5,0,500,0.6,1000,0.2,1400,0.2,2
0,5,398,2,10,5,0,500,0.6,1000,0.2,1400,0.2,1
0,6,984,0,0,500,0.6,1000,0.2,1400,0.2,1
0,7,546,2,10,5,0,500,0.6,1000,0.2,1400,0.2,0
0,8,464,2,10,5,0,500,0.6,1000,0.2,1400,0.2,0
0,9,49,2,10,5,0,500,0.6,1000,0.2,1400,0.2,1
0,10,968,1,0,500,0.6,1000,0.2,1400,0.2,1
0,11,518,0,0,300,0.5,1700,0.5,1
0,12,955,1,0,300,0.5,1700,0.5,0
0,13,692,2,10,5,0,300,0.5,1700,0.5,2
0,14,421,0,0,300,0.5,1700,0.5,0
0,15,311,0,0,300,0.5,1700,0.5,2
0,16,429,1,0,300,0.5,1700,0.5,0
0,17,457,1,0,300,0.5,1700,0.5,2
0,18,297,1,0,300,0.5,1700,0.5,1
0,19,412,2,10,5,0,300,0.5,1700,0.5,2
1,0,143,2,10,5,0,300,0.5,1700,0.5,1
1,1,852,0,0,300,0.5,1700,0.5,0
1,2,911,0,0,300,0.5,1700,0.5,1
1,3,288,2,10,5,0,300,0.5,1700,0.5,1
1,4,112,0,0,300,0.5,1700,0.5,1
1,5,350,1,0,500,0.6,1000,0.2,1400,0.2,1
1,6,433,2,10,5,0,500,0.6,1000,0.2,1400,0.2,0
1,7,743,1,0,300,0.5,1700,0.5,1
1,8,41,2,10,5,0,500,0.6,1000,0.2,1400,0.2,2
1,9,314,0,0,500,0.6,1000,0.2,1400,0.2,0
1,10,748,2,10,5,0,300,0.5,1700,0.5,0
1,11,224,0,0,500,0.6,1000,0.2,1400,0.2,1
1,12,334,2,10,5,0,300,0.5,1700,0.5,2
1,13,89,1,0,300,0.5,1700,0.5,0
1,14,377,0,0,500,0.6,1000,0.2,1400,0.2,1
1,15,625,2,10,5,0,500,0.6,1000,0.2,1400,0.2,2
1,16,899,0,0,500,0.6,1000,0.2,1400,0.2,1
1,17,707,1,0,300,0.5,1700,0.5,0
1,18,607,1,0,500,0.6,1000,0.2,1400,0.2,1
1,19,956,1,0,500,0.6,1000,0.2,1400,0.2,1
2,0,441,0,0,500,0.6,1000,0.2,1400,0.2,2
2,1,627,2,10,5,0,500,0.6,1000,0.2,1400,0.2,0
2,2,178,0,0,500,0.6,1000,0.2,1400,0.2,1
2,3,466,0,0,500,0.6,1000,0.2,1400,0.2,0
2,4,117,0,0,500,0.6,1000,0.2,1400,0.2,1
2,5,954,0,0,500,0.6,1000,0.2,1400,0.2,1
2,6,860,2,10,5,0,500,0.6,1000,0.2,1400,0.2,0
2,7,575,0,0,500,0.6,1000,0.2,1400,0.2,0
2,8,778,0,0,500,0.6,1000,0.2,1400,0.2,2
2,9,311,1,0,300,0.5,1700,0.5,2
2,10,900,0,0,500,0.6,1000,0.2,1400,0.2,0
2,11,996,0,0,500,0.6,1000,0.2,1400,0.2,0
2,12,955,0,0,300,0.5,1700,0.5,0
2,13,58,0,0,300,0.5,1700,0.5,0
2,14,47,1,0,300,0.5,1700,0.5,1
2,15,96,1,0,500,0.6,1000,0.2,1400,0.2,1
2,16,51,2,10,5,0,300,0.5,1700,0.5,0
2,17,218,0,0,500,0.6,1000,0.2,1400,0.2,1
2,18,546,1,0,300,0.5,1700,0.5,2
2,19,854,0,0,300,0.5,1700,0.5,0
3,0,647,2,10,5,0,500,0.6,1000,0.2,1400,0.2,1
3,1,19,1,0,500,0.6,1000,0.2,1400,0.2,1
3,2,280,0,0,500,0.6,1000,0.2,1400,0.2,0
3,3,168,0,0,300,0.5,1700,0.5,1
3,4,318,0,0,300,0.5,1700,0.5,0
3,5,126,2,10,5,0,300,0.5,1700,0.5,2
3,6,250,2,10,5,0,500,0.6,1000,0.2,1400,0.2,1
3,7,395,2,10,5,0,500,0.6,1000,0.2,1400,0.2,0
3,8,30,2,10,5,0,300,0.5,1700,0.5,0
3,9,190,0,0,300,0.5,1700,0.5,2
3,10,965,2,10,5,0,300,0.5,1700,0.5,0
3,11,466,2,10,5,0,300,0.5,1700,0.5,2
3,12,691,0,0,300,0.5,1700,0.5,2
3,13,808,0,0,300,0.5,1700,0.5,2
3,14,296,2,10,5,0,500,0.6,1000,0.2,1400,0.2,2
3,15,836,2,10,5,0,300,0.5,1700,0.5,0
3,16,806,2,10,5,0,300,0.5,1700,0.5,2
3,17,110,1,0,300,0.5,1700,0.5,1
3,18,108,2,10,5,0,300,0.5,1700,0.5,0
3,19,504,1,0,500,0.6,1000,0.2,1400,0.2,1
4,0,799,0,0,300,0.5,1700,0.5,0
4,1,876,0,0,500,0.6,1000,0.2,1400,0.2,2
4,2,573,1,0,300,0.5,1700,0.5,1
4,3,774,2,10,5,0,300,0.5,1700,0.5,0
4,4,449,2,10,5,0,300,0.5,1700,0.5,1
4,5,486,0,0,300,0.5,1700,0.5,0
4,6,841,2,10,5,0,300,0.5,1700,0.5,2
4,7,265,0,0,500,0.6,1000,0.2,1400,0.2,2
4,8,402,0,0,300,0.5,1700,0.5,0
4,9,406,1,0,300,0.5,1700,0.5,1
4,10,210,1,0,300,0.5,1700,0.5,1
4,11,474,0,0,300,0.5,1700,0.5,0
4,12,538,1,0,500,0.6,1000,0.2,1400,0.2,1
4,13,742,1,0,300,0.5,1700,0.5,0
4,14,85,2,10,5,0,500,0.6,1000,0.2,1400,0.2,2
4,15,598,1,0,500,0.6,1000,0.2,1400,0.2,2
4,16,38,2,10,5,0,500,0.6,1000,0.2,1400,0.2,1
4,17,969,2,10,5,0,500,0.6,1000,0.2,1400,0.2,0
4,18,771,0,0,500,0.6,1000,0.2,1400,0.2,0
4,19,47,1,0,300,0.5,1700,0.5,0
5,0,456,0,0,300,0.5,1700,0.5,1
5,1,656,1,0,500,0.6,1000,0.2,1400,0.2,1
5,2,10,1,0,300,0.5,1700,0.5,1
5,3,18,1,0,300,0.5,1700,0.5,2
5,4,930,1,0,500,0.6,1000,0.2,1400,0.2,0
5,5,151,1,0,300,0.5,1700,0.5,2
5,6,611,1,0,300,0.5,1700,0.5,1
5,7,561,0,0,300,0.5,1700,0.5,1
5,8,714,0,0,300,0.5,1700,0.5,0
5,9,586,1,0,500,0.6,1000,0.2,1400,0.2,0
5,10,657,1,0,300,0.5,1700,0.5,0
5,11,822,2,10,5,0,300,0.5,1700,0.5,0
5,12,30,1,0,500,0.6,1000,0.2,1400,0.2,2
5,13,677,0,0,300,0.5,1700,0.5,2
5,14,408,2,10,5,0,300,0.5,1700,0.5,1
5,15,181,0,0,500,0.6,1000,0.2,1400,0.2,0
5,16,422,0,0,300,0.5,1700,0.5,2
5,17,192,0,0,300,0.5,1700,0.5,0
5,18,651,2,10,5,0,300,0.5,1700,0.5,1
5,19,267,1,0,300,0.5,1700,0.5,2
6,0,570,0,0,500,0.6,1000,0.2,1400,0.2,1
6,1,567,1,0,300,0.5,1700,0.5,0
6,2,472,0,0,300,0.5,1700,0.5,1
6,3,68,2,10,5,0,300,0.5,1700,0.5,2
6,4,18,2,10,5,0,300,0.5,1700,0.5,1
6,5,597,2,10,5,0,500,0.6,1000,0.2,1400,0.2,0
6,6,628,1,0,300,0.5,1700,0.5,1
6,7,441,1,0,500,0.6,1000,0.2,1400,0.2,0
6,8,594,0,0,500,0.6,1000,0.2,1400,0.2,1
6,9,435,2,10,5,0,500,0.6,1000,0.2,1400,0.2,0
6,10,29,1,0,300,0.5,1700,0.5,1
6,11,203,0,0,500,0.6,1000,0.2,1400,0.2,0
6,12,933,0,0,500,0.6,1000,0.2,1400,0.2,2
6,13,784,0,0,500,0.6,1000,0.2,1400,0.2,1
6,14,212,0,0,300,0.5,1700,0.5,2
6,15,908,2,10,5,0,300,0.5,1700,0.5,2
6,16,532,2,10,5,0,500,0.6,1000,0.2,1400,0.2,0
6,17,642,1,0,300,0.5,1700,0.5,2
6,18,375,0,0,500,0.6,1000,0.2,1400,0.2,0
6,19,453,0,0,300,0.5,1700,0.5,2
7,0,453,2,10,5,0,500,0.6,1000,0.2,1400,0.2,2
7,1,85,1,0,300,0.5,1700,0.5,2
7,2,445,1,0,300,0.5,1700,0.5,1
7,3,933,2,10,5,0,300,0.5,1700,0.5,1
7,4,493,2,10,5,0,300,0.5,1700,0.5,1
7,5,688,1,0,300,0.5,1700,0.5,2
7,6,729,1,0,500,0.6,1000,0.2,1400,0.2,0
7,7,445,0,0,500,0.6,1000,0.2,1400,0.2,2
7,8,912,1,0,500,0.6,1000,0.2,1400,0.2,1
7,9,105,1,0,300,0.5,1700,0.5,0
7,10,866,2,10,5,0,300,0.5,1700,0.5,1
7,11,371,0,0,300,0.5,1700,0.5,2
7,12,411,1,0,500,0.6,1000,0.2,1400,0.2,2
7,13,386,2,10,5,0,500,0.6,1000,0.2,1400,0.2,1
7,14,390,0,0,300,0.5,1700,0.5,1
7,15,821,1,0,300,0.5,1700,0.5,1
7,16,262,0,0,300,0.5,1700,0.5,0
7,17,708,1,0,300,0.5,1700,0.5,0
7,18,24,0,0,300,0.5,1700,0.5,2
7,19,485,1,0,300,0.5,1700,0.5,0
8,0,849,0,0,500,0.6,1000,0.2,1400,0.2,0
8,1,803,1,0,500,0.6,1000,0.2,1400,0.2,1
8,2,385,2,10,5,0,500,0.6,1000,0.2,1400,0.2,1
8,3,382,1,0,300,0.5,1700,0.5,2
8,4,814,1,0,500,0.6,1000,0.2,1400,0.2,0
8,5,352,1,0,500,0.6,1000,0.2,1400,0.2,0
8,6,983,0,0,500,0.6,1000,0.2,1400,0.2,0
8,7,128,1,0,500,0.6,1000,0.2,1400,0.2,0
8,8,409,1,0,500,0.6,1000,0.2,1400,0.2,0
8,9,916,0,0,500,0.6,1000,0.2,1400,0.2,2
8,10,86,2,10,5,0,500,0.6,1000,0.2,1400,0.2,2
8,11,50,2,10,5,0,500,0.6,1000,0.2,1400,0.2,0
8,12,127,1,0,500,0.6,1000,0.2,1400,0.2,1
8,13,927,1,0,300,0.5,1700,0.5,0
8,14,970,0,0,500,0.6,1000,0.2,1400,0.2,1
8,15,489,2,10,5,0,500,0.6,1000,0.2,1400,0.2,0
8,16,991,0,0,300,0.5,1700,0.5,0
8,17,639,0,0,300,0.5,1700,0.5,2
8,18,676,0,0,500,0.6,1000,0.2,1400,0.2,1
8,19,850,0,0,500,0.6,1000,0.2,1400,0.2,2
9,0,637,1,0,500,0.6,1000,0.2,1400,0.2,1
9,1,48,0,0,300,0.5,1700,0.5,0
9,2,656,2,10,5,0,300,0.5,1700,0.5,0
9,3,287,2,10,5,0,300,0.5,1700,0.5,2
9,4,883,2,10,5,0,300,0.5,1700,0.5,0
9,5,585,2,10,5,0,500,0.6,1000,0.2,1400,0.2,2
9,6,73,0,0,500,0.6,1000,0.2,1400,0.2,2
9,7,660,0,0,300,0.5,1700,0.5,0
9,8,357,1,0,300,0.5,1700,0.5,2
9,9,672,1,0,500,0.6,1000,0.2,1400,0.2,2
9,10,870,0,0,500,0.6,1000,0.2,1400,0.2,1
9,11,458,0,0,300,0.5,1700,0.5,2
9,12,659,1,0,500,0.6,1000,0.2,1400,0.2,2
9,13,73,2,10,5,0,300,0.5,1700,0.5,1
9,14,596,0,0,300,0.5,1700,0.5,1
9,15,490,0,0,500,0.6,1000,0.2,1400,0.2,0
9,16,780,1,0,300,0.5,1700,0.5,0
9,17,614,2,10,5,0,300,0.5,1700,0.5,1
9,18,142,1,0,300,0.5,1700,0.5,1
9,19,385,2,10,5,0,300,0.5,1700,0.5,2
10,0,296,1,0,500,0.6,1000,0.2,1400,0.2,0
10,1,576,0,0,300,0.5,1700,0.5,1
10,2,205,1,0,300,0.5,1700,0.5,1
10,3,653,2,10,5,0,500,0.6,1000,0.2,1400,0.2,2
10,4,607,1,0,500,0.6,1000,0.2,1400,0.2,1
10,5,123,1,0,300,0.5,1700,0.5,0
10,6,566,1,0,500,0.6,1000,0.2,1400,0.2,0
10,7,416,0,0,500,0.6,1000,0.2,1400,0.2,0
10,8,805,2,10,5,0,500,0.6,1000,0.2,1400,0.2,1
10,9,538,1,0,500,0.6,1000,0.2,1400,0.2,1
10,10,779,2,10,5,0,300,0.5,1700,0.5,0
10,11,69,0,0,500,0.6,1000,0.2,1400,0.2,0
10,12,433,0,0,300,0.5,1700,0.5,1
10,13,301,0,0,300,0.5,1700,0.5,1
10,14,130,2,10,5,0,500,0.6,1000,0.2,1400,0.2,0
10,15,235,2,10,5,0,300,0.5,1700,0.5,0
10,16,944,2,10,5,0,300,0.5,1700,0.5,2
10,17,831,1,0,300,0.5,1700,0.5,1
10,18,291,1,0,300,0.5,1700,0.5,1
10,19,641,0,0,500,0.6,1000,0.2,1400,0.2,2
11,0,103,1,0,300,0.5,1700,0.5,0
11,1,182,0,0,300,0.5,1700,0.5,0
11,2,259,0,0,500,0.6,1000,0.2,1400,0.2,0
11,3,884,1,0,300,0.5,1700,0.5,1
11,4,482,0,0,500,0.6,1000,0.2,1400,0.2,1
11,5,684,0,0,500,0.6,1000,0.2,1400,0.2,1
11,6,946,0,0,500,0.6,1000,0.2,1400,0.2,0
11,7,271,1,0,300,0.5,1700,0.5,1
11,8,948,0,0,500,0.6,1000,0.2,1400,0.2,2
11,9,514,2,10,5,0,300,0.5,1700,0.5,0
11,10,451,0,0,500,0.6,1000,0.2,1400,0.2,2
11,11,479,2,10,5,0,500,0.6,1000,0.2,1400,0.2,1
11,12,383,0,0,300,0.5,1700,0.5,2
11,13,531,1,0,300,0.5,1700,0.5,2
11,14,397,0,0,500,0.6,1000,0.2,1400,0.2,2
11,15,944,2,10,5,0,300,0.5,1700,0.5,0
11,16,864,1,0,300,0.5,1700,0.5,2
11,17,120,2,10,5,0,300,0.5,1700,0.5,2
11,18,592,2,10,5,0,300,0.5,1700,0.5,2
11,19,985,1,0,500,0.6,1000,0.2,1400,0.2,2
12,0,275,1,0,500,0.6,1000,0.2,1400,0.2,1
12,1,329,2,10,5,0,500,0.6,1000,0.2,1400,0.2,0
12,2,659,2,10,5,0,500,0.6,1000,0.2,1400,0.2,2
12,3,103,2,10,5,0,300,0.5,1700,0.5,2
12,4,496,1,0,500,0.6,1000,0.2,1400,0.2,0
12,5,907,1,0,500,0.6,1000,0.2,1400,0.2,1
12,6,158,1,0,300,0.5,1700,0.5,2
12,7,880,1,0,500,0.6,1000,0.2,1400,0.2,0
12,8,642,1,0,300,0.5,1700,0.5,1
12,9,828,1,0,500,0.6,1000,0.2,1400,0.2,1
12,10,724,0,0,500,0.6,1000,0.2,1400,0.2,1
12,11,904,0,0,500,0.6,1000,0.2,1400,0.2,0
12,12,547,1,0,500,0.6,1000,0.2,1400,0.2,1
12,13,350,1,0,300,0.5,1700,0.5,1
12,14,819,0,0,500,0.6,1000,0.2,1400,0.2,1
12,15,138,0,0,500,0.6,1000,0.2,1400,0.2,2
12,16,841,2,10,5,0,300,0.5,1700,0.5,2
12,17,195,2,10,5,0,300,0.5,1700,0.5,2
12,18,213,0,0,500,0.6,1000,0.2,1400,0.2,2
12,19,981,1,0,500,0.6,1000,0.2,1400,0.2,1
13,0,625,2,10,5,0,300,0.5,1700,0.5,0
13,1,910,2,10,5,0,300,0.5,1700,0.5,0
13,2,307,2,10,5,0,300,0.5,1700,0.5,1
13,3,356,0,0,300,0.5,1700,0.5,1
13,4,973,2,10,5,0,300,0.5,1700,0.5,0
13,5,55,0,0,500,0.6,1000,0.2,1400,0.2,0
13,6,771,0,0,300,0.5,1700,0.5,2
13,7,452,0,0,300,0.5,1700,0.5,1
13,8,403,0,0,500,0.6,1000,0.2,1400,0.2,2
13,9,967,0,0,500,0.6,1000,0.2,1400,0.2,2
13,10,38,2,10,5,0,300,0.5,1700,0.5,1
13,11,157,0,0,300,0.5,1700,0.5,1
13,12,771,0,0,300,0.5,1700,0.5,2
13,13,258,0,0,300,0.5,1700,0.5,0
13,14,466,1,0,500,0.6,1000,0.2,1400,0.2,0
13,15,273,0,0,500,0.6,1000,0.2,1400,0.2,2
13,16,32,2,10,5,0,500,0.6,1000,0.2,1400,0.2,0
13,17,221,0,0,300,0.5,1700,0.5,2
13,18,465,1,0,300,0.5,1700,0.5,2
13,19,735,0,0,500,0.6,1000,0.2,1400,0.2,2
14,0,537,1,0,500,0.6,1000,0.2,1400,0.2,1
14,1,391,2,10,5,0,300,0.5,1700,0.5,2
14,2,320,1,0,300,0.5,1700,0.5,1
14,3,63,2,10,5,0,300,0.5,1700,0.5,0
14,4,175,0,0,300,0.5,1700,0.5,1
14,5,717,1,0,500,0.6,1000,0.2,1400,0.2,0
14,6,22,1,0,300,0.5,1700,0.5,1
14,7,39,1,0,300,0.5,1700,0.5,1
14,8,661,2,10,5,0,500,0.6,1000,0.2,1400,0.2,1
14,9,702,2,10,5,0,300,0.5,1700,0.5,2
14,10,569,0,0,300,0.5,1700,0.5,0
14,11,919,2,10,5,0,300,0.5,1700,0.5,0
14,12,274,0,0,500,0.6,1000,0.2,1400,0.2,2
14,13,788,0,0,300,0.5,1700,0.5,0
14,14,688,1,0,500,0.6,1000,0.2,1400,0.2,0
14,15,948,1,0,500,0.6,1000,0.2,1400,0.2,1
14,16,573,2,10,5,0,300,0.5,1700,0.5,1
14,17,741,2,10,5,0,300,0.5,1700,0.5,2
14,18,782,1,0,500,0.6,1000,0.2,1400,0.2,2
14,19,590,2,10,5,0,500,0.6,1000,0.2,1400,0.2,2
15,0,786,1,0,300,0.5,1700,0.5,2
15,1,974,0,0,500,0.6,1000,0.2,1400,0.2,0
15,2,235,0,0,500,0.6,1000,0.2,1400,0.2,2
15,3,839,1,0,300,0.5,1700,0.5,1
15,4,607,2,10,5,0,500,0.6,1000,0.2,1400,0.2,0
15,5,177,0,0,300,0.5,1700,0.5,1
15,6,120,0,0,500,0.6,1000,0.2,1400,0.2,1
15,7,947,2,10,5,0,500,0.6,1000,0.2,1400,0.2,1
15,8,219,1,0,500,0.6,1000,0.2,1400,0.2,1
15,9,441,2,10,5,0,300,0.5,1700,0.5,0
15,10,934,2,10,5,0,300,0.5,1700,0.5,0
15,11,610,1,0,300,0.5,1700,0.5,1
15,12,182,0,0,300,0.5,1700,0.5,1
15,13,822,0,0,300,0.5,1700,0.5,0
15,14,542,1,0,300,0.5,1700,0.5,1
15,15,706,0,0,500,0.6,1000,0.2,1400,0.2,0
15,16,654,2,10,5,0,300,0.5,1700,0.5,1
15,17,182,2,10,5,0,300,0.5,1700,0.5,1
15,18,820,1,0,500,0.6,1000,0.2,1400,0.2,2
15,19,229,2,10,5,0,500,0.6,1000,0.2,1400,0.2,1
16,0,282,2,10,5,0,300,0.5,1700,0.5,1
16,1,184,2,10,5,0,500,0.6,1000,0.2,1400,0.2,1
16,2,96,1,0,300,0.5,1700,0.5,1
16,3,12,2,10,5,0,500,0.6,1000,0.2,1400,0.2,0
16,4,874,0,0,300,0.5,1700,0.5,0
16,5,531,1,0,300,0.5,1700,0.5,1
16,6,776,1,0,300,0.5,1700,0.5,2
16,7,129,2,10,5,0,300,0.5,1700,0.5,1
16,8,316,0,0,500,0.6,1000,0.2,1400,0.2,2
16,9,34,0,0,300,0.5,1700,0.5,0
16,10,109,2,10,5,0,500,0.6,1000,0.2,1400,0.2,0
16,11,518,1,0,500,0.6,1000,0.2,1400,0.2,0
16,12,834,0,0,500,0.6,1000,0.2,1400,0.2,1
16,13,199,1,0,500,0.6,1000,0.2,1400,0.2,2
16,14,917,2,10,5,0,500,0.6,1000,0.2,1400,0.2,1
16,15,766,1,0,500,0.6,1000,0.2,1400,0.2,2
16,16,781,1,0,500,0.6,1000,0.2,1400,0.2,1
16,17,312,0,0,500,0.6,1000,0.2,1400,0.2,0
16,18,998,2,10,5,0,500,0.6,1000,0.2,1400,0.2,0
16,19,28,1,0,500,0.6,1000,0.2,1400,0.2,1
17,0,925,0,0,300,0.5,1700,0.5,2
17,1,586,1,0,500,0.6,1000,0.2,1400,0.2,1
17,2,410,2,10,5,0,500,0.6,1000,0.2,1400,0.2,1
17,3,117,0,0,500,0.6,1000,0.2,1400,0.2,0
17,4,926,2,10,5,0,500,0.6,1000,0.2,1400,0.2,2
17,5,740,2,10,5,0,500,0.6,1000,0.2,1400,0.2,1
17,6,992,1,0,500,0.6,1000,0.2,1400,0.2,1
17,7,237,2,10,5,0,300,0.5,1700,0.5,1
17,8,119,2,10,5,0,500,0.6,1000,0.2,1400,0.2,1
17,9,135,1,0,300,0.5,1700,0.5,2
17,10,388,2,10,5,0,500,0.6,1000,0.2,1400,0.2,1
17,11,271,1,0,500,0.6,1000,0.2,1400,0.2,0
17,12,257,0,0,300,0.5,1700,0.5,2
17,13,613,1,0,500,0.6,1000,0.2,1400,0.2,1
17,14,688,2,10,5,0,500,0.6,1000,0.2,1400,0.2,1
17,15,173,2,10,5,0,300,0.5,1700,0.5,1
17,16,545,1,0,300,0.5,1700,0.5,0
17,17,401,1,0,500,0.6,1000,0.2,1400,0.2,1
17,18,45,0,0,300,0.5,1700,0.5,1
17,19,627,2,10,5,0,500,0.6,1000,0.2,1400,0.2,0
18,0,403,0,0,500,0.6,1000,0.2,1400,0.2,2
18,1,305,2,10,5,0,500,0.6,1000,0.2,1400,0.2,1
18,2,383,2,10,5,0,500,0.6,1000,0.2,1400,0.2,1
18,3,361,0,0,300,0.5,1700,0.5,0
18,4,960,0,0,500,0.6,1000,0.2,1400,0.2,2
18,5,636,2,10,5,0,300,0.5,1700,0.5,1
18,6,551,1,0,500,0.6,1000,0.2,1400,0.2,0
18,7,984,2,10,5,0,500,0.6,1000,0.2,1400,0.2,1
18,8,137,0,0,300,0.5,1700,0.5,1
18,9,604,0,0,300,0.5,1700,0.5,0
18,10,995,1,0,300,0.5,1700,0.5,1
18,11,638,0,0,300,0.5,1700,0.5,0
18,12,362,0,0,300,0.5,1700,0.5,0
18,13,488,2,10,5,0,300,0.5,1700,0.5,1
18,14,369,2,10,5,0,300,0.5,1700,0.5,0
18,15,131,2,10,5,0,500,0.6,1000,0.2,1400,0.2,1
18,16,884,2,10,5,0,500,0.6,1000,0.2,1400,0.2,2
18,17,14,1,0,500,0.6,1000,0.2,1400,0.2,0
18,18,388,1,0,300,0.5,1700,0.5,2
18,19,65,1,0,500,0.6,1000,0.2,1400,0.2,2
19,0,866,0,0,300,0.5,1700,0.5,2
19,1,395,1,0,300,0.5,1700,0.5,2
19,2,602,1,0,500,0.6,1000,0.2,1400,0.2,1
19,3,271,2,10,5,0,500,0.6,1000,0.2,1400,0.2,2
19,4,39,1,0,500,0.6,1000,0.2,1400,0.2,0
19,5,714,1,0,300,0.5,1700,0.5,1
19,6,90,0,0,500,0.6,1000,0.2,1400,0.2,2
19,7,754,1,0,300,0.5,1700,0.5,1
19,8,627,2,10,5,0,300,0.5,1700,0.5,2
19,9,967,1,0,500,0.6,1000,0.2,1400,0.2,2
19,10,483,2,10,5,0,300,0.5,1700,0.5,1
19,11,369,2,10,5,0,500,0.6,1000,0.2,1400,0.2,1
19,12,217,1,0,300,0.5,1700,0.5,2
19,13,688,1,0,300,0.5,1700,0.5,1
19,14,614,1,0,300,0.5,1700,0.5,2
19,15,24,0,0,500,0.6,1000,0.2,1400,0.2,2
19,16,505,2,10,5,0,500,0.6,1000,0.2,1400,0.2,2
19,17,486,2,10,5,0,500,0.6,1000,0.2,1400,0.2,1
19,18,110,2,10,5,0,500,0.6,1000,0.2,1400,0.2,1
19,19,879,1,0,500,0.6,1000,0.2,1400,0.2,1
