0,0,793,1,0,300,0.5,1700,0.5,0
0,1,25,1,0,500,0.6,1000,0.2,1400,0.2,2
0,2,811,0,0,300,0.5,1700,0.5,2
0,3,215,2,10,5,0,300,0.5,1700,0.5,2
0,4,594,2,10,5,0,500,0.6,1000,0.2,1400,0.2,0
0,5,126,1,0,500,0.6,1000,0.2,1400,0.2,1
0,6,386,2,10,5,0,300,0.5,1700,0.5,1
0,7,875,1,0,500,0.6,1000,0.2,1400,0.2,1
0,8,122,1,0,300,0.5,1700,0.5,2
0,9,444,1,0,300,0.5,1700,0.5,0
0,10,96,2,10,5,0,500,0.6,1000,0.2,1400,0.2,1
0,11,719,0,0,300,0.5,1700,0.5,1
0,12,359,0,0,300,0.5,1700,0.5,1
0,13,429,0,0,500,0.6,1000,0.2,1400,0.2,0
0,14,856,0,0,300,0.5,1700,0.5,0
0,15,568,0,0,500,0.6,1000,0.2,1400,0.2,1
0,16,33,1,0,500,0.6,1000,0.2,1400,0.2,2
0,17,416,1,0,500,0.6,1000,0.2,1400,0.2,1
0,18,427,0,0,300,0.5,1700,0.5,1
0,19,656,2,10,5,0,300,0.5,1700,0.5,0
1,0,127,0,0,300,0.5,1700,0.5,2
1,1,891,0,0,500,0.6,1000,0.2,1400,0.2,2
1,2,715,2,10,5,0,500,0.6,1000,0.2,1400,0.2,0
1,3,546,1,0,500,0.6,1000,0.2,1400,0.2,2
1,4,164,0,0,500,0.6,1000,0.2,1400,0.2,2
1,5,368,1,0,300,0.5,1700,0.5,2
1,6,61,1,0,500,0.6,1000,0.2,1400,0.2,2
1,7,725,1,0,500,0.6,1000,0.2,1400,0.2,2
1,8,763,0,0,300,0.5,1700,0.5,0
1,9,270,2,10,5,0,300,0.5,1700,0.5,1
1,10,40,1,0,300,0.5,1700,0.5,0
1,11,93,1,0,300,0.5,1700,0.5,1
1,12,240,0,0,500,0.6,1000,0.2,1400,0.2,0
1,13,129,2,10,5,0,300,0.5,1700,0.5,2
1,14,563,0,0,300,0.5,1700,0.5,2
1,15,265,0,0,300,0.5,1700,0.5,1
1,16,323,0,0,300,0.5,1700,0.5,1
1,17,894,0,0,500,0.6,1000,0.2,1400,0.2,2
1,18,771,1,0,500,0.6,1000,0.2,1400,0.2,1
1,19,851,1,0,500,0.6,1000,0.2,1400,0.2,0
2,0,135,1,0,500,0.6,1000,0.2,1400,0.2,2
2,1,955,2,10,5,0,300,0.5,1700,0.5,0
2,2,847,0,0,500,0.6,1000,0.2,1400,0.2,2
2,3,46,0,0,300,0.5,1700,0.5,0
2,4,194,1,0,500,0.6,1000,0.2,1400,0.2,2
2,5,563,2,10,5,0,500,0.6,1000,0.2,1400,0.2,0
2,6,924,1,0,500,0.6,1000,0.2,1400,0.2,1
2,7,779,0,0,500,0.6,1000,0.2,1400,0.2,2
2,8,982,1,0,500,0.6,1000,0.2,1400,0.2,2
2,9,561,1,0,300,0.5,1700,0.5,0
2,10,405,0,0,300,0.5,1700,0.5,0
2,11,231,1,0,500,0.6,1000,0.2,1400,0.2,0
2,12,486,0,0,500,0.6,1000,0.2,1400,0.2,1
2,13,850,2,10,5,0,500,0.6,1000,0.2,1400,0.2,0
2,14,380,1,0,500,0.6,1000,0.2,1400,0.2,1
2,15,346,2,10,5,0,500,0.6,1000,0.2,1400,0.2,2
2,16,313,0,0,500,0.6,1000,0.2,1400,0.2,0
2,17,503,0,0,300,0.5,1700,0.5,2
2,18,751,2,10,5,0,300,0.5,1700,0.5,1
2,19,122,1,0,300,0.5,1700,0.5,1
3,0,90,0,0,300,0.5,1700,0.5,0
3,1,851,1,0,500,0.6,1000,0.2,1400,0.2,0
3,2,951,0,0,500,0.6,1000,0.2,1400,0.2,2
3,3,908,1,0,300,0.5,1700,0.5,0
3,4,165,2,10,5,0,300,0.5,1700,0.5,0
3,5,889,2,10,5,0,300,0.5,1700,0.5,2
3,6,852,2,10,5,0,500,0.6,1000,0.2,1400,0.2,2
3,7,331,2,10,5,0,500,0.6,1000,0.2,1400,0.2,0
3,8,278,0,0,500,0.6,1000,0.2,1400,0.2,2
3,9,281,1,0,500,0.6,1000,0.2,1400,0.2,2
3,10,157,1,0,300,0.5,1700,0.5,2
3,11,925,2,10,5,0,300,0.5,1700,0.5,0
3,12,456,0,0,300,0.5,1700,0.5,2
3,13,937,1,0,300,0.5,1700,0.5,1
3,14,1000,2,10,5,0,500,0.6,1000,0.2,1400,0.2,2
3,15,954,0,0,500,0.6,1000,0.2,1400,0.2,2
3,16,278,1,0,300,0.5,1700,0.5,2
3,17,146,2,10,5,0,500,0.6,1000,0.2,1400,0.2,0
3,18,676,2,10,5,0,500,0.6,1000,0.2,1400,0.2,2
3,19,289,1,0,500,0.6,1000,0.2,1400,0.2,2
4,0,787,1,0,300,0.5,1700,0.5,0
4,1,216,1,0,300,0.5,1700,0.5,2
4,2,32,1,0,500,0.6,1000,0.2,1400,0.2,2
4,3,938,1,0,500,0.6,1000,0.2,1400,0.2,0
4,4,569,0,0,500,0.6,1000,0.2,1400,0.2,0
4,5,427,1,0,500,0.6,1000,0.2,1400,0.2,0
4,6,445,1,0,300,0.5,1700,0.5,1
4,7,385,0,0,300,0.5,1700,0.5,2
4,8,309,0,0,500,0.6,1000,0.2,1400,0.2,1
4,9,182,2,10,5,0,300,0.5,1700,0.5,0
4,10,765,1,0,500,0.6,1000,0.2,1400,0.2,1
4,11,780,0,0,500,0.6,1000,0.2,1400,0.2,0
4,12,785,1,0,500,0.6,1000,0.2,1400,0.2,0
4,13,13,2,10,5,0,300,0.5,1700,0.5,0
4,14,248,1,0,500,0.6,1000,0.2,1400,0.2,1
4,15,302,0,0,500,0.6,1000,0.2,1400,0.2,2
4,16,391,1,0,500,0.6,1000,0.2,1400,0.2,2
4,17,99,2,10,5,0,300,0.5,1700,0.5,2
4,18,342,2,10,5,0,500,0.6,1000,0.2,1400,0.2,0
4,19,71,0,0,300,0.5,1700,0.5,1
5,0,130,2,10,5,0,300,0.5,1700,0.5,0
5,1,876,1,0,500,0.6,1000,0.2,1400,0.2,1
5,2,440,1,0,300,0.5,1700,0.5,0
5,3,807,0,0,500,0.6,1000,0.2,1400,0.2,2
5,4,998,1,0,300,0.5,1700,0.5,0
5,5,887,0,0,500,0.6,1000,0.2,1400,0.2,1
5,6,90,0,0,500,0.6,1000,0.2,1400,0.2,1
5,7,267,2,10,5,0,300,0.5,1700,0.5,0
5,8,452,1,0,500,0.6,1000,0.2,1400,0.2,0
5,9,888,2,10,5,0,500,0.6,1000,0.2,1400,0.2,1
5,10,133,1,0,500,0.6,1000,0.2,1400,0.2,1
5,11,16,1,0,300,0.5,1700,0.5,0
5,12,62,2,10,5,0,500,0.6,1000,0.2,1400,0.2,0
5,13,44,2,10,5,0,500,0.6,1000,0.2,1400,0.2,1
5,14,933,2,10,5,0,300,0.5,1700,0.5,1
5,15,333,1,0,300,0.5,1700,0.5,0
5,16,491,1,0,300,0.5,1700,0.5,2
5,17,464,2,10,5,0,300,0.5,1700,0.5,1
5,18,802,0,0,300,0.5,1700,0.5,1
5,19,213,1,0,500,0.6,1000,0.2,1400,0.2,2
6,0,742,2,10,5,0,300,0.5,1700,0.5,0
6,1,766,0,0,300,0.5,1700,0.5,2
6,2,394,2,10,5,0,300,0.5,1700,0.5,0
6,3,466,0,0,300,0.5,1700,0.5,2
6,4,249,2,10,5,0,500,0.6,1000,0.2,1400,0.2,0
6,5,119,1,0,300,0.5,1700,0.5,2
6,6,604,2,10,5,0,500,0.6,1000,0.2,1400,0.2,2
6,7,813,1,0,300,0.5,1700,0.5,0
6,8,181,2,10,5,0,300,0.5,1700,0.5,2
6,9,929,0,0,500,0.6,1000,0.2,1400,0.2,2
6,10,829,1,0,500,0.6,1000,0.2,1400,0.2,0
6,11,118,0,0,300,0.5,1700,0.5,2
6,12,19,0,0,300,0.5,1700,0.5,0
6,13,218,2,10,5,0,300,0.5,1700,0.5,2
6,14,955,1,0,300,0.5,1700,0.5,0
6,15,477,0,0,500,0.6,1000,0.2,1400,0.2,1
6,16,698,2,10,5,0,500,0.6,1000,0.2,1400,0.2,1
6,17,878,2,10,5,0,300,0.5,1700,0.5,1
6,18,393,0,0,500,0.6,1000,0.2,1400,0.2,1
6,19,170,2,10,5,0,500,0.6,1000,0.2,1400,0.2,0
7,0,895,0,0,500,0.6,1000,0.2,1400,0.2,0
7,1,13,1,0,500,0.6,1000,0.2,1400,0.2,0
7,2,106,2,10,5,0,500,0.6,1000,0.2,1400,0.2,1
7,3,601,1,0,500,0.6,1000,0.2,1400,0.2,2
7,4,836,2,10,5,0,300,0.5,1700,0.5,0
7,5,970,2,10,5,0,300,0.5,1700,0.5,1
7,6,512,1,0,500,0.6,1000,0.2,1400,0.2,0
7,7,631,2,10,5,0,300,0.5,1700,0.5,2
7,8,97,2,10,5,0,500,0.6,1000,0.2,1400,0.2,1
7,9,884,0,0,500,0.6,1000,0.2,1400,0.2,0
7,10,763,0,0,300,0.5,1700,0.5,0
7,11,375,1,0,300,0.5,1700,0.5,2
7,12,373,0,0,500,0.6,1000,0.2,1400,0.2,1
7,13,727,0,0,300,0.5,1700,0.5,0
7,14,271,2,10,5,0,300,0.5,1700,0.5,2
7,15,548,2,10,5,0,300,0.5,1700,0.5,1
7,16,522,0,0,300,0.5,1700,0.5,1
7,17,78,2,10,5,0,300,0.5,1700,0.5,1
7,18,419,0,0,500,0.6,1000,0.2,1400,0.2,1
7,19,470,2,10,5,0,500,0.6,1000,0.2,1400,0.2,1
8,0,142,1,0,300,0.5,1700,0.5,0
8,1,656,1,0,300,0.5,1700,0.5,1
8,2,834,2,10,5,0,500,0.6,1000,0.2,1400,0.2,2
8,3,394,2,10,5,0,500,0.6,1000,0.2,1400,0.2,2
8,4,368,0,0,500,0.6,1000,0.2,1400,0.2,2
8,5,405,2,10,5,0,300,0.5,1700,0.5,1
8,6,436,1,0,300,0.5,1700,0.5,2
8,7,690,0,0,500,0.6,1000,0.2,1400,0.2,1
8,8,30,0,0,300,0.5,1700,0.5,0
8,9,307,0,0,300,0.5,1700,0.5,1
8,10,52,1,0,300,0.5,1700,0.5,2
8,11,763,1,0,500,0.6,1000,0.2,1400,0.2,2
8,12,130,1,0,500,0.6,1000,0.2,1400,0.2,0
8,13,953,1,0,300,0.5,1700,0.5,1
8,14,510,0,0,500,0.6,1000,0.2,1400,0.2,1
8,15,696,1,0,500,0.6,1000,0.2,1400,0.2,2
8,16,725,0,0,500,0.6,1000,0.2,1400,0.2,2
8,17,79,1,0,300,0.5,1700,0.5,1
8,18,532,1,0,300,0.5,1700,0.5,1
8,19,515,1,0,500,0.6,1000,0.2,1400,0.2,1
9,0,930,0,0,300,0.5,1700,0.5,1
9,1,37,2,10,5,0,300,0.5,1700,0.5,2
9,2,748,0,0,300,0.5,1700,0.5,0
9,3,335,2,10,5,0,500,0.6,1000,0.2,1400,0.2,1
9,4,913,1,0,300,0.5,1700,0.5,0
9,5,645,1,0,300,0.5,1700,0.5,1
9,6,86,0,0,500,0.6,1000,0.2,1400,0.2,2
9,7,785,1,0,300,0.5,1700,0.5,1
9,8,688,1,0,500,0.6,1000,0.2,1400,0.2,1
9,9,973,2,10,5,0,300,0.5,1700,0.5,0
9,10,273,1,0,300,0.5,1700,0.5,2
9,11,906,1,0,500,0.6,1000,0.2,1400,0.2,1
9,12,694,0,0,500,0.6,1000,0.2,1400,0.2,2
9,13,878,0,0,500,0.6,1000,0.2,1400,0.2,0
9,14,717,2,10,5,0,300,0.5,1700,0.5,2
9,15,292,0,0,500,0.6,1000,0.2,1400,0.2,2
9,16,868,1,0,500,0.6,1000,0.2,1400,0.2,0
9,17,137,0,0,500,0.6,1000,0.2,1400,0.2,2
9,18,170,2,10,5,0,300,0.5,1700,0.5,2
9,19,914,2,10,5,0,300,0.5,1700,0.5,1
10,0,539,0,0,300,0.5,1700,0.5,0
10,1,433,1,0,300,0.5,1700,0.5,2
10,2,700,2,10,5,0,500,0.6,1000,0.2,1400,0.2,1
10,3,142,0,0,300,0.5,1700,0.5,0
10,4,104,0,0,300,0.5,1700,0.5,2
10,5,646,2,10,5,0,500,0.6,1000,0.2,1400,0.2,0
10,6,197,1,0,500,0.6,1000,0.2,1400,0.2,0
10,7,441,0,0,300,0.5,1700,0.5,2
10,8,21,2,10,5,0,500,0.6,1000,0.2,1400,0.2,2
10,9,141,1,0,300,0.5,1700,0.5,1
10,10,575,1,0,500,0.6,1000,0.2,1400,0.2,1
10,11,28,2,10,5,0,300,0.5,1700,0.5,2
10,12,841,0,0,500,0.6,1000,0.2,1400,0.2,2
10,13,423,0,0,500,0.6,1000,0.2,1400,0.2,0
10,14,600,0,0,300,0.5,1700,0.5,2
10,15,633,2,10,5,0,300,0.5,1700,0.5,1
10,16,913,2,10,5,0,500,0.6,1000,0.2,1400,0.2,0
10,17,566,0,0,500,0.6,1000,0.2,1400,0.2,0
10,18,197,2,10,5,0,300,0.5,1700,0.5,2
10,19,634,2,10,5,0,300,0.5,1700,0.5,1
11,0,389,1,0,500,0.6,1000,0.2,1400,0.2,1
11,1,36,0,0,300,0.5,1700,0.5,1
11,2,730,0,0,500,0.6,1000,0.2,1400,0.2,1
11,3,728,2,10,5,0,300,0.5,1700,0.5,1
11,4,351,1,0,500,0.6,1000,0.2,1400,0.2,2
11,5,300,2,10,5,0,300,0.5,1700,0.5,0
11,6,217,2,10,5,0,500,0.6,1000,0.2,1400,0.2,1
11,7,566,0,0,500,0.6,1000,0.2,1400,0.2,1
11,8,772,0,0,500,0.6,1000,0.2,1400,0.2,0
11,9,628,0,0,300,0.5,1700,0.5,1
11,10,98,0,0,500,0.6,1000,0.2,1400,0.2,2
11,11,416,2,10,5,0,300,0.5,1700,0.5,1
11,12,546,0,0,500,0.6,1000,0.2,1400,0.2,1
11,13,913,2,10,5,0,300,0.5,1700,0.5,0
11,14,389,0,0,500,0.6,1000,0.2,1400,0.2,1
11,15,172,1,0,500,0.6,1000,0.2,1400,0.2,1
11,16,581,0,0,500,0.6,1000,0.2,1400,0.2,1
11,17,785,0,0,500,0.6,1000,0.2,1400,0.2,0
11,18,420,0,0,300,0.5,1700,0.5,0
11,19,103,2,10,5,0,300,0.5,1700,0.5,2
12,0,265,2,10,5,0,500,0.6,1000,0.2,1400,0.2,0
12,1,917,1,0,300,0.5,1700,0.5,0
12,2,468,1,0,500,0.6,1000,0.2,1400,0.2,1
12,3,738,0,0,500,0.6,1000,0.2,1400,0.2,0
12,4,121,2,10,5,0,300,0.5,1700,0.5,0
12,5,139,1,0,500,0.6,1000,0.2,1400,0.2,1
12,6,264,1,0,500,0.6,1000,0.2,1400,0.2,0
12,7,887,1,0,300,0.5,1700,0.5,2
12,8,679,0,0,500,0.6,1000,0.2,1400,0.2,1
12,9,851,0,0,300,0.5,1700,0.5,2
12,10,873,0,0,500,0.6,1000,0.2,1400,0.2,0
12,11,935,1,0,300,0.5,1700,0.5,0
12,12,50,1,0,500,0.6,1000,0.2,1400,0.2,2
12,13,803,1,0,500,0.6,1000,0.2,1400,0.2,0
12,14,420,0,0,300,0.5,1700,0.5,2
12,15,481,2,10,5,0,300,0.5,1700,0.5,1
12,16,829,1,0,300,0.5,1700,0.5,2
12,17,842,1,0,300,0.5,1700,0.5,0
12,18,724,1,0,500,0.6,1000,0.2,1400,0.2,0
12,19,801,2,10,5,0,500,0.6,1000,0.2,1400,0.2,1
13,0,923,1,0,500,0.6,1000,0.2,1400,0.2,0
13,1,362,0,0,300,0.5,1700,0.5,0
13,2,730,0,0,300,0.5,1700,0.5,0
13,3,289,1,0,300,0.5,1700,0.5,2
13,4,745,1,0,500,0.6,1000,0.2,1400,0.2,2
13,5,341,0,0,300,0.5,1700,0.5,2
13,6,896,1,0,300,0.5,1700,0.5,2
13,7,919,2,10,5,0,500,0.6,1000,0.2,1400,0.2,1
13,8,608,1,0,500,0.6,1000,0.2,1400,0.2,1
13,9,657,0,0,500,0.6,1000,0.2,1400,0.2,2
13,10,269,2,10,5,0,300,0.5,1700,0.5,0
13,11,70,0,0,300,0.5,1700,0.5,2
13,12,565,1,0,500,0.6,1000,0.2,1400,0.2,0
13,13,610,2,10,5,0,500,0.6,1000,0.2,1400,0.2,2
13,14,420,2,10,5,0,500,0.6,1000,0.2,1400,0.2,2
13,15,911,0,0,300,0.5,1700,0.5,2
13,16,901,2,10,5,0,300,0.5,1700,0.5,2
13,17,474,2,10,5,0,300,0.5,1700,0.5,0
13,18,769,1,0,300,0.5,1700,0.5,2
13,19,415,2,10,5,0,300,0.5,1700,0.5,2
14,0,214,0,0,500,0.6,1000,0.2,1400,0.2,2
14,1,896,2,10,5,0,300,0.5,1700,0.5,2
14,2,303,2,10,5,0,500,0.6,1000,0.2,1400,0.2,1
14,3,987,2,10,5,0,300,0.5,1700,0.5,0
14,4,144,1,0,500,0.6,1000,0.2,1400,0.2,1
14,5,901,1,0,300,0.5,1700,0.5,2
14,6,957,0,0,300,0.5,1700,0.5,1
14,7,485,0,0,300,0.5,1700,0.5,2
14,8,329,0,0,500,0.6,1000,0.2,1400,0.2,2
14,9,365,2,10,5,0,500,0.6,1000,0.2,1400,0.2,1
14,10,791,2,10,5,0,500,0.6,1000,0.2,1400,0.2,2
14,11,367,2,10,5,0,300,0.5,1700,0.5,1
14,12,924,2,10,5,0,300,0.5,1700,0.5,1
14,13,407,2,10,5,0,300,0.5,1700,0.5,1
14,14,717,2,10,5,0,500,0.6,1000,0.2,1400,0.2,2
14,15,461,1,0,500,0.6,1000,0.2,1400,0.2,0
14,16,251,1,0,500,0.6,1000,0.2,1400,0.2,1
14,17,699,0,0,500,0.6,1000,0.2,1400,0.2,2
14,18,449,0,0,500,0.6,1000,0.2,1400,0.2,2
14,19,477,1,0,300,0.5,1700,0.5,1
15,0,760,0,0,500,0.6,1000,0.2,1400,0.2,2
15,1,844,1,0,500,0.6,1000,0.2,1400,0.2,2
15,2,597,2,10,5,0,500,0.6,1000,0.2,1400,0.2,1
15,3,481,0,0,500,0.6,1000,0.2,1400,0.2,2
15,4,414,2,10,5,0,300,0.5,1700,0.5,0
15,5,705,2,10,5,0,500,0.6,1000,0.2,1400,0.2,2
15,6,532,2,10,5,0,300,0.5,1700,0.5,0
15,7,213,1,0,300,0.5,1700,0.5,1
15,8,928,0,0,300,0.5,1700,0.5,0
15,9,150,2,10,5,0,300,0.5,1700,0.5,1
15,10,219,0,0,300,0.5,1700,0.5,2
15,11,166,2,10,5,0,500,0.6,1000,0.2,1400,0.2,1
15,12,676,2,10,5,0,500,0.6,1000,0.2,1400,0.2,0
15,13,941,0,0,500,0.6,1000,0.2,1400,0.2,1
15,14,22,0,0,500,0.6,1000,0.2,1400,0.2,2
15,15,14,2,10,5,0,500,0.6,1000,0.2,1400,0.2,1
15,16,780,2,10,5,0,500,0.6,1000,0.2,1400,0.2,0
15,17,628,0,0,300,0.5,1700,0.5,0
15,18,437,2,10,5,0,500,0.6,1000,0.2,1400,0.2,2
15,19,522,2,10,5,0,500,0.6,1000,0.2,1400,0.2,1
16,0,822,0,0,500,0.6,1000,0.2,1400,0.2,0
16,1,132,2,10,5,0,300,0.5,1700,0.5,2
16,2,207,1,0,500,0.6,1000,0.2,1400,0.2,1
16,3,718,1,0,500,0.6,1000,0.2,1400,0.2,1
16,4,623,0,0,300,0.5,1700,0.5,1
16,5,446,2,10,5,0,300,0.5,1700,0.5,2
16,6,653,1,0,300,0.5,1700,0.5,2
16,7,757,0,0,300,0.5,1700,0.5,1
16,8,713,2,10,5,0,300,0.5,1700,0.5,1
16,9,913,1,0,500,0.6,1000,0.2,1400,0.2,1
16,10,518,2,10,5,0,500,0.6,1000,0.2,1400,0.2,1
16,11,327,1,0,300,0.5,1700,0.5,2
16,12,402,1,0,300,0.5,1700,0.5,2
16,13,846,1,0,300,0.5,1700,0.5,1
16,14,694,0,0,500,0.6,1000,0.2,1400,0.2,2
16,15,54,0,0,300,0.5,1700,0.5,1
16,16,236,1,0,300,0.5,1700,0.5,0
16,17,346,0,0,300,0.5,1700,0.5,0
16,18,659,1,0,500,0.6,1000,0.2,1400,0.2,2
16,19,365,0,0,300,0.5,1700,0.5,0
17,0,68,2,10,5,0,500,0.6,1000,0.2,1400,0.2,2
17,1,950,2,10,5,0,300,0.5,1700,0.5,0
17,2,681,0,0,500,0.6,1000,0.2,1400,0.2,0
17,3,856,2,10,5,0,500,0.6,1000,0.2,1400,0.2,2
17,4,482,0,0,500,0.6,1000,0.2,1400,0.2,1
17,5,337,0,0,500,0.6,1000,0.2,1400,0.2,2
17,6,678,0,0,300,0.5,1700,0.5,2
17,7,732,2,10,5,0,500,0.6,1000,0.2,1400,0.2,2
17,8,442,0,0,300,0.5,1700,0.5,0
17,9,766,0,0,500,0.6,1000,0.2,1400,0.2,2
17,10,235,2,10,5,0,300,0.5,1700,0.5,1
17,11,363,0,0,300,0.5,1700,0.5,0
17,12,246,1,0,500,0.6,1000,0.2,1400,0.2,2
17,13,810,2,10,5,0,300,0.5,1700,0.5,1
17,14,914,0,0,500,0.6,1000,0.2,1400,0.2,0
17,15,20,2,10,5,0,500,0.6,1000,0.2,1400,0.2,0
17,16,487,2,10,5,0,300,0.5,1700,0.5,1
17,17,256,0,0,300,0.5,1700,0.5,2
17,18,481,1,0,300,0.5,1700,0.5,1
17,19,333,2,10,5,0,300,0.5,1700,0.5,1
18,0,148,0,0,300,0.5,1700,0.5,1
18,1,105,0,0,300,0.5,1700,0.5,1
18,2,936,2,10,5,0,300,0.5,1700,0.5,1
18,3,136,0,0,300,0.5,1700,0.5,2
18,4,115,1,0,500,0.6,1000,0.2,1400,0.2,0
18,5,577,2,10,5,0,300,0.5,1700,0.5,0
18,6,114,1,0,300,0.5,1700,0.5,1
18,7,699,1,0,500,0.6,1000,0.2,1400,0.2,1
18,8,284,2,10,5,0,500,0.6,1000,0.2,1400,0.2,0
18,9,633,0,0,300,0.5,1700,0.5,2
18,10,995,1,0,500,0.6,1000,0.2,1400,0.2,2
18,11,691,2,10,5,0,500,0.6,1000,0.2,1400,0.2,0
18,12,431,2,10,5,0,500,0.6,1000,0.2,1400,0.2,0
18,13,33,0,0,500,0.6,1000,0.2,1400,0.2,2
18,14,134,0,0,500,0.6,1000,0.2,1400,0.2,0
18,15,548,2,10,5,0,500,0.6,1000,0.2,1400,0.2,2
18,16,132,2,10,5,0,500,0.6,1000,0.2,1400,0.2,0
18,17,708,1,0,300,0.5,1700,0.5,0
18,18,885,0,0,300,0.5,1700,0.5,0
18,19,116,2,10,5,0,500,0.6,1000,0.2,1400,0.2,2
19,0,97,1,0,300,0.5,1700,0.5,0
19,1,804,2,10,5,0,500,0.6,1000,0.2,1400,0.2,1
19,2,927,2,10,5,0,300,0.5,1700,0.5,1
19,3,311,2,10,5,0,500,0.6,1000,0.2,1400,0.2,0
19,4,558,0,0,500,0.6,1000,0.2,1400,0.2,2
19,5,75,0,0,300,0.5,1700,0.5,2
19,6,506,1,0,500,0.6,1000,0.2,1400,0.2,0
19,7,394,0,0,300,0.5,1700,0.5,1
19,8,637,1,0,300,0.5,1700,0.5,2
19,9,427,0,0,500,0.6,1000,0.2,1400,0.2,1
19,10,677,2,10,5,0,500,0.6,1000,0.2,1400,0.2,0
19,11,534,2,10,5,0,500,0.6,1000,0.2,1400,0.2,0
19,12,545,1,0,500,0.6,1000,0.2,1400,0.2,1
19,13,46,1,0,300,0.5,1700,0.5,0
19,14,866,2,10,5,0,500,0.6,1000,0.2,1400,0.2,2
19,15,736,2,10,5,0,500,0.6,1000,0.2,1400,0.2,2
19,16,927,0,0,300,0.5,1700,0.5,1
19,17,450,1,0,500,0.6,1000,0.2,1400,0.2,1
19,18,545,1,0,500,0.6,1000,0.2,1400,0.2,2
19,19,881,0,0,500,0.6,1000,0.2,1400,0.2,2
