0,0,625,0,0,500,0.6,1000,0.2,1400,0.2,1
0,1,437,2,10,5,0,500,0.6,1000,0.2,1400,0.2,1
0,2,435,2,10,5,0,300,0.5,1700,0.5,0
0,3,723,1,0,300,0.5,1700,0.5,1
0,4,528,0,0,500,0.6,1000,0.2,1400,0.2,0
0,5,707,1,0,300,0.5,1700,0.5,0
0,6,805,2,10,5,0,500,0.6,1000,0.2,1400,0.2,2
0,7,305,2,10,5,0,300,0.5,1700,0.5,0
0,8,721,1,0,300,0.5,1700,0.5,2
0,9,880,1,0,300,0.5,1700,0.5,0
0,10,618,0,0,500,0.6,1000,0.2,1400,0.2,1
0,11,523,1,0,300,0.5,1700,0.5,1
0,12,169,1,0,300,0.5,1700,0.5,0
0,13,620,2,10,5,0,500,0.6,1000,0.2,1400,0.2,0
0,14,77,1,0,500,0.6,1000,0.2,1400,0.2,1
0,15,994,1,0,500,0.6,1000,0.2,1400,0.2,1
0,16,348,2,10,5,0,300,0.5,1700,0.5,2
0,17,711,1,0,500,0.6,1000,0.2,1400,0.2,2
0,18,824,2,10,5,0,300,0.5,1700,0.5,2
0,19,803,2,10,5,0,500,0.6,1000,0.2,1400,0.2,0
1,0,326,0,0,500,0.6,1000,0.2,1400,0.2,2
1,1,777,0,0,300,0.5,1700,0.5,2
1,2,537,2,10,5,0,300,0.5,1700,0.5,2
1,3,56,1,0,500,0.6,1000,0.2,1400,0.2,0
1,4,111,1,0,500,0.6,1000,0.2,1400,0.2,1
1,5,197,0,0,300,0.5,1700,0.5,0
1,6,856,1,0,500,0.6,1000,0.2,1400,0.2,2
1,7,45,1,0,500,0.6,1000,0.2,1400,0.2,1
1,8,511,2,10,5,0,300,0.5,1700,0.5,1
1,9,257,0,0,500,0.6,1000,0.2,1400,0.2,0
1,10,607,1,0,300,0.5,1700,0.5,0
1,11,411,1,0,500,0.6,1000,0.2,1400,0.2,2
1,12,460,2,10,5,0,500,0.6,1000,0.2,1400,0.2,0
1,13,945,1,0,300,0.5,1700,0.5,1
1,14,827,0,0,300,0.5,1700,0.5,2
1,15,856,1,0,500,0.6,1000,0.2,1400,0.2,0
1,16,315,1,0,300,0.5,1700,0.5,0
1,17,315,1,0,500,0.6,1000,0.2,1400,0.2,1
1,18,29,0,0,300,0.5,1700,0.5,0
1,19,62,0,0,500,0.6,1000,0.2,1400,0.2,0
2,0,894,0,0,500,0.6,1000,0.2,1400,0.2,0
2,1,887,2,10,5,0,300,0.5,1700,0.5,2
2,2,678,2,10,5,0,300,0.5,1700,0.5,0
2,3,810,0,0,300,0.5,1700,0.5,1
2,4,588,1,0,300,0.5,1700,0.5,2
2,5,136,0,0,300,0.5,1700,0.5,2
2,6,560,2,10,5,0,500,0.6,1000,0.2,1400,0.2,1
2,7,377,1,0,500,0.6,1000,0.2,1400,0.2,1
2,8,798,2,10,5,0,500,0.6,1000,0.2,1400,0.2,2
2,9,710,0,0,500,0.6,1000,0.2,1400,0.2,2
2,10,140,2,10,5,0,300,0.5,1700,0.5,0
2,11,679,1,0,300,0.5,1700,0.5,1
2,12,257,2,10,5,0,300,0.5,1700,0.5,1
2,13,316,1,0,500,0.6,1000,0.2,1400,0.2,0
2,14,526,1,0,300,0.5,1700,0.5,0
2,15,196,2,10,5,0,300,0.5,1700,0.5,2
2,16,691,2,10,5,0,300,0.5,1700,0.5,1
2,17,323,1,0,300,0.5,1700,0.5,1
2,18,895,1,0,500,0.6,1000,0.2,1400,0.2,1
2,19,129,2,10,5,0,500,0.6,1000,0.2,1400,0.2,0
3,0,879,0,0,300,0.5,1700,0.5,2
3,1,659,0,0,500,0.6,1000,0.2,1400,0.2,1
3,2,402,2,10,5,0,500,0.6,1000,0.2,1400,0.2,1
3,3,514,0,0,500,0.6,1000,0.2,1400,0.2,0
3,4,817,0,0,500,0.6,1000,0.2,1400,0.2,0
3,5,683,1,0,300,0.5,1700,0.5,0
3,6,451,1,0,500,0.6,1000,0.2,1400,0.2,0
3,7,88,2,10,5,0,300,0.5,1700,0.5,1
3,8,508,0,0,300,0.5,1700,0.5,0
3,9,708,0,0,500,0.6,1000,0.2,1400,0.2,1
3,10,274,1,0,300,0.5,1700,0.5,2
3,11,150,1,0,300,0.5,1700,0.5,2
3,12,383,1,0,300,0.5,1700,0.5,0
3,13,888,2,10,5,0,500,0.6,1000,0.2,1400,0.2,2
3,14,861,0,0,500,0.6,1000,0.2,1400,0.2,1
3,15,333,0,0,500,0.6,1000,0.2,1400,0.2,2
3,16,746,0,0,500,0.6,1000,0.2,1400,0.2,2
3,17,617,2,10,5,0,500,0.6,1000,0.2,1400,0.2,2
3,18,974,0,0,300,0.5,1700,0.5,0
3,19,384,1,0,300,0.5,1700,0.5,2
4,0,932,1,0,500,0.6,1000,0.2,1400,0.2,0
4,1,671,2,10,5,0,500,0.6,1000,0.2,1400,0.2,0
4,2,730,1,0,500,0.6,1000,0.2,1400,0.2,0
4,3,936,0,0,500,0.6,1000,0.2,1400,0.2,2
4,4,612,2,10,5,0,500,0.6,1000,0.2,1400,0.2,0
4,5,725,1,0,500,0.6,1000,0.2,1400,0.2,2
4,6,856,0,0,300,0.5,1700,0.5,2
4,7,661,2,10,5,0,300,0.5,1700,0.5,2
4,8,28,1,0,300,0.5,1700,0.5,2
4,9,434,0,0,500,0.6,1000,0.2,1400,0.2,0
4,10,635,0,0,500,0.6,1000,0.2,1400,0.2,2
4,11,809,2,10,5,0,500,0.6,1000,0.2,1400,0.2,2
4,12,569,2,10,5,0,500,0.6,1000,0.2,1400,0.2,1
4,13,81,2,10,5,0,300,0.5,1700,0.5,1
4,14,464,1,0,500,0.6,1000,0.2,1400,0.2,2
4,15,576,2,10,5,0,300,0.5,1700,0.5,0
4,16,69,1,0,500,0.6,1000,0.2,1400,0.2,1
4,17,290,0,0,300,0.5,1700,0.5,1
4,18,362,2,10,5,0,500,0.6,1000,0.2,1400,0.2,2
4,19,655,2,10,5,0,500,0.6,1000,0.2,1400,0.2,1
5,0,387,0,0,300,0.5,1700,0.5,1
5,1,178,0,0,500,0.6,1000,0.2,1400,0.2,0
5,2,247,1,0,300,0.5,1700,0.5,1
5,3,69,0,0,500,0.6,1000,0.2,1400,0.2,0
5,4,75,2,10,5,0,300,0.5,1700,0.5,2
5,5,382,1,0,300,0.5,1700,0.5,0
5,6,606,0,0,500,0.6,1000,0.2,1400,0.2,1
5,7,749,1,0,500,0.6,1000,0.2,1400,0.2,1
5,8,189,0,0,500,0.6,1000,0.2,1400,0.2,1
5,9,634,1,0,500,0.6,1000,0.2,1400,0.2,2
5,10,117,0,0,500,0.6,1000,0.2,1400,0.2,1
5,11,317,0,0,500,0.6,1000,0.2,1400,0.2,2
5,12,349,2,10,5,0,300,0.5,1700,0.5,2
5,13,331,0,0,500,0.6,1000,0.2,1400,0.2,1
5,14,498,0,0,500,0.6,1000,0.2,1400,0.2,1
5,15,870,0,0,300,0.5,1700,0.5,2
5,16,444,2,10,5,0,300,0.5,1700,0.5,2
5,17,136,0,0,500,0.6,1000,0.2,1400,0.2,1
5,18,572,1,0,300,0.5,1700,0.5,2
5,19,257,0,0,500,0.6,1000,0.2,1400,0.2,2
6,0,597,0,0,500,0.6,1000,0.2,1400,0.2,2
6,1,685,2,10,5,0,300,0.5,1700,0.5,2
6,2,671,2,10,5,0,500,0.6,1000,0.2,1400,0.2,2
6,3,224,2,10,5,0,500,0.6,1000,0.2,1400,0.2,2
6,4,702,2,10,5,0,300,0.5,1700,0.5,1
6,5,243,2,10,5,0,300,0.5,1700,0.5,2
6,6,715,1,0,500,0.6,1000,0.2,1400,0.2,1
6,7,393,0,0,500,0.6,1000,0.2,1400,0.2,1
6,8,529,0,0,300,0.5,1700,0.5,0
6,9,372,1,0,500,0.6,1000,0.2,1400,0.2,1
6,10,981,2,10,5,0,300,0.5,1700,0.5,2
6,11,78,1,0,500,0.6,1000,0.2,1400,0.2,2
6,12,797,1,0,500,0.6,1000,0.2,1400,0.2,2
6,13,171,2,10,5,0,300,0.5,1700,0.5,2
6,14,774,2,10,5,0,500,0.6,1000,0.2,1400,0.2,1
6,15,582,1,0,300,0.5,1700,0.5,0
6,16,78,2,10,5,0,500,0.6,1000,0.2,1400,0.2,2
6,17,514,2,10,5,0,500,0.6,1000,0.2,1400,0.2,2
6,18,227,2,10,5,0,500,0.6,1000,0.2,1400,0.2,2
6,19,622,0,0,500,0.6,1000,0.2,1400,0.2,1
7,0,122,0,0,500,0.6,1000,0.2,1400,0.2,2
7,1,91,0,0,500,0.6,1000,0.2,1400,0.2,1
7,2,187,2,10,5,0,300,0.5,1700,0.5,1
7,3,724,2,10,5,0,300,0.5,1700,0.5,2
7,4,231,0,0,300,0.5,1700,0.5,2
7,5,890,2,10,5,0,300,0.5,1700,0.5,0
7,6,53,0,0,300,0.5,1700,0.5,1
7,7,866,2,10,5,0,500,0.6,1000,0.2,1400,0.2,1
7,8,752,0,0,500,0.6,1000,0.2,1400,0.2,0
7,9,238,2,10,5,0,500,0.6,1000,0.2,1400,0.2,2
7,10,906,1,0,500,0.6,1000,0.2,1400,0.2,1
7,11,798,0,0,500,0.6,1000,0.2,1400,0.2,0
7,12,836,1,0,300,0.5,1700,0.5,0
7,13,235,1,0,300,0.5,1700,0.5,1
7,14,367,0,0,500,0.6,1000,0.2,1400,0.2,2
7,15,112,0,0,300,0.5,1700,0.5,2
7,16,719,2,10,5,0,300,0.5,1700,0.5,1
7,17,927,1,0,500,0.6,1000,0.2,1400,0.2,0
7,18,730,0,0,500,0.6,1000,0.2,1400,0.2,2
7,19,746,2,10,5,0,500,0.6,1000,0.2,1400,0.2,2
8,0,890,2,10,5,0,300,0.5,1700,0.5,0
8,1,20,0,0,300,0.5,1700,0.5,0
8,2,979,1,0,300,0.5,1700,0.5,0
8,3,85,2,10,5,0,300,0.5,1700,0.5,0
8,4,975,2,10,5,0,300,0.5,1700,0.5,2
8,5,831,0,0,500,0.6,1000,0.2,1400,0.2,0
8,6,211,0,0,300,0.5,1700,0.5,2
8,7,672,1,0,500,0.6,1000,0.2,1400,0.2,1
8,8,865,1,0,500,0.6,1000,0.2,1400,0.2,0
8,9,829,2,10,5,0,500,0.6,1000,0.2,1400,0.2,0
8,10,783,2,10,5,0,300,0.5,1700,0.5,2
8,11,909,1,0,500,0.6,1000,0.2,1400,0.2,2
8,12,31,0,0,300,0.5,1700,0.5,2
8,13,361,1,0,500,0.6,1000,0.2,1400,0.2,1
8,14,247,0,0,500,0.6,1000,0.2,1400,0.2,2
8,15,65,0,0,300,0.5,1700,0.5,2
8,16,621,0,0,500,0.6,1000,0.2,1400,0.2,0
8,17,419,0,0,500,0.6,1000,0.2,1400,0.2,2
8,18,368,2,10,5,0,300,0.5,1700,0.5,1
8,19,510,1,0,300,0.5,1700,0.5,1
9,0,516,0,0,300,0.5,1700,0.5,1
9,1,259,1,0,300,0.5,1700,0.5,2
9,2,803,2,10,5,0,300,0.5,1700,0.5,1
9,3,676,0,0,500,0.6,1000,0.2,1400,0.2,1
9,4,539,0,0,300,0.5,1700,0.5,1
9,5,64,2,10,5,0,300,0.5,1700,0.5,1
9,6,250,0,0,300,0.5,1700,0.5,2
9,7,885,0,0,300,0.5,1700,0.5,1
9,8,914,1,0,500,0.6,1000,0.2,1400,0.2,2
9,9,46,0,0,500,0.6,1000,0.2,1400,0.2,1
9,10,662,1,0,300,0.5,1700,0.5,0
9,11,867,1,0,500,0.6,1000,0.2,1400,0.2,1
9,12,571,2,10,5,0,500,0.6,1000,0.2,1400,0.2,2
9,13,390,1,0,500,0.6,1000,0.2,1400,0.2,0
9,14,398,0,0,500,0.6,1000,0.2,1400,0.2,2
9,15,205,2,10,5,0,500,0.6,1000,0.2,1400,0.2,2
9,16,86,0,0,500,0.6,1000,0.2,1400,0.2,1
9,17,575,2,10,5,0,500,0.6,1000,0.2,1400,0.2,1
9,18,136,0,0,500,0.6,1000,0.2,1400,0.2,1
9,19,72,0,0,300,0.5,1700,0.5,1
10,0,172,0,0,300,0.5,1700,0.5,0
10,1,265,0,0,500,0.6,1000,0.2,1400,0.2,1
10,2,1000,0,0,500,0.6,1000,0.2,1400,0.2,1
10,3,630,2,10,5,0,500,0.6,1000,0.2,1400,0.2,0
10,4,207,0,0,500,0.6,1000,0.2,1400,0.2,1
10,5,413,0,0,300,0.5,1700,0.5,2
10,6,362,0,0,500,0.6,1000,0.2,1400,0.2,1
10,7,41,2,10,5,0,300,0.5,1700,0.5,0
10,8,346,1,0,500,0.6,1000,0.2,1400,0.2,1
10,9,673,0,0,300,0.5,1700,0.5,0
10,10,820,0,0,300,0.5,1700,0.5,2
10,11,271,0,0,300,0.5,1700,0.5,2
10,12,53,0,0,300,0.5,1700,0.5,0
10,13,728,0,0,500,0.6,1000,0.2,1400,0.2,0
10,14,638,1,0,500,0.6,1000,0.2,1400,0.2,0
10,15,317,1,0,500,0.6,1000,0.2,1400,0.2,2
10,16,524,2,10,5,0,300,0.5,1700,0.5,2
10,17,979,0,0,500,0.6,1000,0.2,1400,0.2,2
10,18,37,1,0,300,0.5,1700,0.5,0
10,19,634,2,10,5,0,500,0.6,1000,0.2,1400,0.2,1
11,0,355,2,10,5,0,300,0.5,1700,0.5,2
11,1,832,1,0,300,0.5,1700,0.5,0
11,2,344,1,0,500,0.6,1000,0.2,1400,0.2,1
11,3,613,0,0,500,0.6,1000,0.2,1400,0.2,2
11,4,375,1,0,300,0.5,1700,0.5,0
11,5,746,0,0,500,0.6,1000,0.2,1400,0.2,1
11,6,777,2,10,5,0,300,0.5,1700,0.5,0
11,7,945,1,0,500,0.6,1000,0.2,1400,0.2,0
11,8,58,2,10,5,0,500,0.6,1000,0.2,1400,0.2,2
11,9,498,1,0,300,0.5,1700,0.5,1
11,10,448,0,0,500,0.6,1000,0.2,1400,0.2,2
11,11,745,0,0,500,0.6,1000,0.2,1400,0.2,2
11,12,987,2,10,5,0,300,0.5,1700,0.5,1
11,13,549,1,0,300,0.5,1700,0.5,1
11,14,280,2,10,5,0,300,0.5,1700,0.5,0
11,15,751,1,0,500,0.6,1000,0.2,1400,0.2,2
11,16,695,1,0,500,0.6,1000,0.2,1400,0.2,0
11,17,10,2,10,5,0,300,0.5,1700,0.5,2
11,18,466,1,0,300,0.5,1700,0.5,2
11,19,174,2,10,5,0,500,0.6,1000,0.2,1400,0.2,0
12,0,420,0,0,500,0.6,1000,0.2,1400,0.2,1
12,1,716,0,0,300,0.5,1700,0.5,2
12,2,110,1,0,300,0.5,1700,0.5,0
12,3,417,1,0,300,0.5,1700,0.5,2
12,4,431,2,10,5,0,500,0.6,1000,0.2,1400,0.2,1
12,5,173,2,10,5,0,300,0.5,1700,0.5,1
12,6,334,0,0,500,0.6,1000,0.2,1400,0.2,1
12,7,365,2,10,5,0,500,0.6,1000,0.2,1400,0.2,1
12,8,195,1,0,500,0.6,1000,0.2,1400,0.2,0
12,9,869,0,0,300,0.5,1700,0.5,0
12,10,125,1,0,300,0.5,1700,0.5,1
12,11,731,2,10,5,0,500,0.6,1000,0.2,1400,0.2,2
12,12,928,2,10,5,0,300,0.5,1700,0.5,2
12,13,901,1,0,500,0.6,1000,0.2,1400,0.2,1
12,14,64,1,0,300,0.5,1700,0.5,2
12,15,515,0,0,500,0.6,1000,0.2,1400,0.2,2
12,16,131,2,10,5,0,500,0.6,1000,0.2,1400,0.2,0
12,17,776,2,10,5,0,500,0.6,1000,0.2,1400,0.2,1
12,18,914,2,10,5,0,500,0.6,1000,0.2,1400,0.2,0
12,19,906,2,10,5,0,500,0.6,1000,0.2,1400,0.2,0
13,0,790,2,10,5,0,300,0.5,1700,0.5,2
13,1,648,0,0,500,0.6,1000,0.2,1400,0.2,2
13,2,405,0,0,500,0.6,1000,0.2,1400,0.2,0
13,3,903,0,0,300,0.5,1700,0.5,0
13,4,526,2,10,5,0,500,0.6,1000,0.2,1400,0.2,2
13,5,284,0,0,500,0.6,1000,0.2,1400,0.2,1
13,6,405,2,10,5,0,300,0.5,1700,0.5,0
13,7,176,2,10,5,0,500,0.6,1000,0.2,1400,0.2,1
13,8,296,0,0,500,0.6,1000,0.2,1400,0.2,1
13,9,222,0,0,500,0.6,1000,0.2,1400,0.2,0
13,10,515,2,10,5,0,300,0.5,1700,0.5,1
13,11,159,2,10,5,0,300,0.5,1700,0.5,0
13,12,435,0,0,300,0.5,1700,0.5,1
13,13,709,0,0,300,0.5,1700,0.5,2
13,14,428,0,0,500,0.6,1000,0.2,1400,0.2,0
13,15,625,1,0,300,0.5,1700,0.5,1
13,16,310,2,10,5,0,300,0.5,1700,0.5,2
13,17,527,2,10,5,0,300,0.5,1700,0.5,1
13,18,519,1,0,300,0.5,1700,0.5,2
13,19,789,0,0,500,0.6,1000,0.2,1400,0.2,2
14,0,273,0,0,300,0.5,1700,0.5,0
14,1,349,2,10,5,0,300,0.5,1700,0.5,2
14,2,422,2,10,5,0,500,0.6,1000,0.2,1400,0.2,2
14,3,748,2,10,5,0,500,0.6,1000,0.2,1400,0.2,2
14,4,776,1,0,500,0.6,1000,0.2,1400,0.2,1
14,5,865,0,0,300,0.5,1700,0.5,0
14,6,81,1,0,300,0.5,1700,0.5,1
14,7,672,2,10,5,0,500,0.6,1000,0.2,1400,0.2,0
14,8,882,0,0,300,0.5,1700,0.5,0
14,9,691,0,0,300,0.5,1700,0.5,2
14,10,960,1,0,500,0.6,1000,0.2,1400,0.2,1
14,11,746,1,0,500,0.6,1000,0.2,1400,0.2,0
14,12,262,0,0,500,0.6,1000,0.2,1400,0.2,1
14,13,533,0,0,300,0.5,1700,0.5,2
14,14,879,0,0,500,0.6,1000,0.2,1400,0.2,2
14,15,774,2,10,5,0,300,0.5,1700,0.5,2
14,16,85,2,10,5,0,300,0.5,1700,0.5,0
14,17,52,0,0,500,0.6,1000,0.2,1400,0.2,2
14,18,118,2,10,5,0,500,0.6,1000,0.2,1400,0.2,0
14,19,565,0,0,500,0.6,1000,0.2,1400,0.2,1
15,0,196,2,10,5,0,500,0.6,1000,0.2,1400,0.2,2
15,1,973,0,0,500,0.6,1000,0.2,1400,0.2,1
15,2,581,1,0,300,0.5,1700,0.5,1
15,3,960,2,10,5,0,300,0.5,1700,0.5,0
15,4,296,2,10,5,0,500,0.6,1000,0.2,1400,0.2,2
15,5,360,1,0,300,0.5,1700,0.5,2
15,6,155,2,10,5,0,500,0.6,1000,0.2,1400,0.2,0
15,7,948,1,0,500,0.6,1000,0.2,1400,0.2,0
15,8,701,0,0,500,0.6,1000,0.2,1400,0.2,0
15,9,179,0,0,300,0.5,1700,0.5,2
15,10,438,2,10,5,0,500,0.6,1000,0.2,1400,0.2,1
15,11,863,0,0,300,0.5,1700,0.5,1
15,12,546,1,0,500,0.6,1000,0.2,1400,0.2,2
15,13,188,0,0,500,0.6,1000,0.2,1400,0.2,1
15,14,342,0,0,300,0.5,1700,0.5,0
15,15,442,0,0,300,0.5,1700,0.5,1
15,16,101,1,0,500,0.6,1000,0.2,1400,0.2,2
15,17,929,1,0,500,0.6,1000,0.2,1400,0.2,0
15,18,536,1,0,500,0.6,1000,0.2,1400,0.2,1
15,19,634,0,0,500,0.6,1000,0.2,1400,0.2,1
16,0,147,2,10,5,0,500,0.6,1000,0.2,1400,0.2,2
16,1,138,1,0,300,0.5,1700,0.5,1
16,2,608,0,0,500,0.6,1000,0.2,1400,0.2,2
16,3,940,2,10,5,0,300,0.5,1700,0.5,1
16,4,768,0,0,300,0.5,1700,0.5,2
16,5,54,1,0,500,0.6,1000,0.2,1400,0.2,2
16,6,914,0,0,300,0.5,1700,0.5,1
16,7,854,2,10,5,0,500,0.6,1000,0.2,1400,0.2,1
16,8,440,1,0,500,0.6,1000,0.2,1400,0.2,1
16,9,110,0,0,500,0.6,1000,0.2,1400,0.2,2
16,10,338,2,10,5,0,300,0.5,1700,0.5,2
16,11,760,1,0,500,0.6,1000,0.2,1400,0.2,2
16,12,723,1,0,300,0.5,1700,0.5,0
16,13,688,1,0,300,0.5,1700,0.5,0
16,14,716,0,0,500,0.6,1000,0.2,1400,0.2,0
16,15,224,2,10,5,0,500,0.6,1000,0.2,1400,0.2,2
16,16,210,2,10,5,0,300,0.5,1700,0.5,1
16,17,825,0,0,500,0.6,1000,0.2,1400,0.2,2
16,18,830,2,10,5,0,300,0.5,1700,0.5,0
16,19,258,2,10,5,0,300,0.5,1700,0.5,0
17,0,22,0,0,500,0.6,1000,0.2,1400,0.2,2
17,1,941,2,10,5,0,500,0.6,1000,0.2,1400,0.2,0
17,2,59,0,0,300,0.5,1700,0.5,2
17,3,907,1,0,300,0.5,1700,0.5,0
17,4,553,2,10,5,0,300,0.5,1700,0.5,1
17,5,854,1,0,500,0.6,1000,0.2,1400,0.2,2
17,6,437,0,0,300,0.5,1700,0.5,1
17,7,910,1,0,300,0.5,1700,0.5,0
17,8,952,1,0,300,0.5,1700,0.5,0
17,9,409,1,0,300,0.5,1700,0.5,2
17,10,594,1,0,500,0.6,1000,0.2,1400,0.2,0
17,11,293,1,0,300,0.5,1700,0.5,1
17,12,870,1,0,500,0.6,1000,0.2,1400,0.2,1
17,13,832,1,0,300,0.5,1700,0.5,2
17,14,327,0,0,300,0.5,1700,0.5,1
17,15,761,1,0,300,0.5,1700,0.5,2
17,16,585,2,10,5,0,500,0.6,1000,0.2,1400,0.2,0
17,17,337,1,0,500,0.6,1000,0.2,1400,0.2,1
17,18,71,0,0,500,0.6,1000,0.2,1400,0.2,2
17,19,387,2,10,5,0,500,0.6,1000,0.2,1400,0.2,2
18,0,98,1,0,300,0.5,1700,0.5,1
18,1,116,1,0,300,0.5,1700,0.5,1
18,2,411,2,10,5,0,300,0.5,1700,0.5,0
18,3,363,1,0,500,0.6,1000,0.2,1400,0.2,0
18,4,956,2,10,5,0,500,0.6,1000,0.2,1400,0.2,2
18,5,164,0,0,300,0.5,1700,0.5,1
18,6,29,2,10,5,0,300,0.5,1700,0.5,1
18,7,800,1,0,500,0.6,1000,0.2,1400,0.2,2
18,8,933,1,0,500,0.6,1000,0.2,1400,0.2,0
18,9,426,2,10,5,0,500,0.6,1000,0.2,1400,0.2,0
18,10,473,1,0,300,0.5,1700,0.5,0
18,11,624,0,0,500,0.6,1000,0.2,1400,0.2,1
18,12,819,2,10,5,0,300,0.5,1700,0.5,0
18,13,983,2,10,5,0,300,0.5,1700,0.5,2
18,14,532,0,0,300,0.5,1700,0.5,2
18,15,426,0,0,500,0.6,1000,0.2,1400,0.2,0
18,16,46,1,0,300,0.5,1700,0.5,1
18,17,360,1,0,500,0.6,1000,0.2,1400,0.2,1
18,18,783,0,0,300,0.5,1700,0.5,0
18,19,981,0,0,300,0.5,1700,0.5,2
19,0,170,1,0,300,0.5,1700,0.5,1
19,1,879,1,0,300,0.5,1700,0.5,1
19,2,435,0,0,300,0.5,1700,0.5,0
19,3,991,0,0,500,0.6,1000,0.2,1400,0.2,0
19,4,983,0,0,500,0.6,1000,0.2,1400,0.2,1
19,5,429,0,0,500,0.6,1000,0.2,1400,0.2,1
19,6,256,0,0,500,0.6,1000,0.2,1400,0.2,1
19,7,550,2,10,5,0,500,0.6,1000,0.2,1400,0.2,0
19,8,371,2,10,5,0,500,0.6,1000,0.2,1400,0.2,2
19,9,770,2,10,5,0,500,0.6,1000,0.2,1400,0.2,0
19,10,873,0,0,500,0.6,1000,0.2,1400,0.2,1
19,11,673,0,0,300,0.5,1700,0.5,0
19,12,950,2,10,5,0,300,0.5,1700,0.5,2
19,13,259,0,0,300,0.5,1700,0.5,2
19,14,285,0,0,500,0.6,1000,0.2,1400,0.2,1
19,15,491,2,10,5,0,500,0.6,1000,0.2,1400,0.2,1
19,16,168,0,0,300,0.5,1700,0.5,0
19,17,760,1,0,300,0.5,1700,0.5,1
19,18,286,0,0,500,0.6,1000,0.2,1400,0.2,0
19,19,458,1,0,500,0.6,1000,0.2,1400,0.2,1
