0,0,983,1,0,500,0.6,1000,0.2,1400,0.2,0
0,1,648,1,0,300,0.5,1700,0.5,0
0,2,280,2,10,5,0,300,0.5,1700,0.5,0
0,3,384,1,0,500,0.6,1000,0.2,1400,0.2,0
0,4,186,2,10,5,0,500,0.6,1000,0.2,1400,0.2,1
0,5,778,2,10,5,0,300,0.5,1700,0.5,2
0,6,782,1,0,500,0.6,1000,0.2,1400,0.2,0
0,7,382,0,0,500,0.6,1000,0.2,1400,0.2,0
0,8,506,0,0,300,0.5,1700,0.5,1
0,9,632,1,0,500,0.6,1000,0.2,1400,0.2,2
0,10,852,1,0,300,0.5,1700,0.5,1
0,11,53,1,0,300,0.5,1700,0.5,1
0,12,480,0,0,500,0.6,1000,0.2,1400,0.2,0
0,13,295,1,0,300,0.5,1700,0.5,2
0,14,540,1,0,500,0.6,1000,0.2,1400,0.2,2
0,15,73,1,0,300,0.5,1700,0.5,0
0,16,817,1,0,300,0.5,1700,0.5,2
0,17,956,1,0,500,0.6,1000,0.2,1400,0.2,1
0,18,54,0,0,500,0.6,1000,0.2,1400,0.2,0
0,19,539,2,10,5,0,500,0.6,1000,0.2,1400,0.2,1
1,0,149,1,0,500,0.6,1000,0.2,1400,0.2,1
1,1,28,1,0,300,0.5,1700,0.5,1
1,2,490,1,0,500,0.6,1000,0.2,1400,0.2,0
1,3,409,0,0,500,0.6,1000,0.2,1400,0.2,1
1,4,708,0,0,300,0.5,1700,0.5,2
1,5,299,0,0,500,0.6,1000,0.2,1400,0.2,2
1,6,358,0,0,500,0.6,1000,0.2,1400,0.2,1
1,7,120,1,0,300,0.5,1700,0.5,1
1,8,163,2,10,5,0,500,0.6,1000,0.2,1400,0.2,1
1,9,472,2,10,5,0,500,0.6,1000,0.2,1400,0.2,2
1,10,930,0,0,300,0.5,1700,0.5,2
1,11,140,1,0,500,0.6,1000,0.2,1400,0.2,2
1,12,867,0,0,300,0.5,1700,0.5,2
1,13,741,1,0,500,0.6,1000,0.2,1400,0.2,2
1,14,813,0,0,500,0.6,1000,0.2,1400,0.2,1
1,15,91,2,10,5,0,500,0.6,1000,0.2,1400,0.2,0
1,16,785,1,0,300,0.5,1700,0.5,0
1,17,68,2,10,5,0,300,0.5,1700,0.5,0
1,18,981,2,10,5,0,300,0.5,1700,0.5,2
1,19,573,0,0,500,0.6,1000,0.2,1400,0.2,2
2,0,63,1,0,300,0.5,1700,0.5,1
2,1,48,1,0,500,0.6,1000,0.2,1400,0.2,1
2,2,892,2,10,5,0,500,0.6,1000,0.2,1400,0.2,0
2,3,354,1,0,300,0.5,1700,0.5,0
2,4,346,1,0,300,0.5,1700,0.5,1
2,5,83,0,0,500,0.6,1000,0.2,1400,0.2,0
2,6,276,0,0,300,0.5,1700,0.5,1
2,7,691,0,0,300,0.5,1700,0.5,1
2,8,521,1,0,300,0.5,1700,0.5,1
2,9,63,2,10,5,0,300,0.5,1700,0.5,1
2,10,488,2,10,5,0,500,0.6,1000,0.2,1400,0.2,1
2,11,429,1,0,300,0.5,1700,0.5,1
2,12,932,0,0,500,0.6,1000,0.2,1400,0.2,1
2,13,580,1,0,500,0.6,1000,0.2,1400,0.2,2
2,14,259,2,10,5,0,500,0.6,1000,0.2,1400,0.2,2
2,15,577,1,0,500,0.6,1000,0.2,1400,0.2,1
2,16,776,1,0,300,0.5,1700,0.5,0
2,17,232,2,10,5,0,300,0.5,1700,0.5,1
2,18,464,2,10,5,0,500,0.6,1000,0.2,1400,0.2,1
2,19,310,0,0,500,0.6,1000,0.2,1400,0.2,1
3,0,718,1,0,500,0.6,1000,0.2,1400,0.2,0
3,1,280,0,0,300,0.5,1700,0.5,1
3,2,452,1,0,500,0.6,1000,0.2,1400,0.2,2
3,3,826,1,0,300,0.5,1700,0.5,0
3,4,632,1,0,300,0.5,1700,0.5,2
3,5,313,1,0,300,0.5,1700,0.5,1
3,6,434,0,0,500,0.6,1000,0.2,1400,0.2,0
3,7,297,2,10,5,0,500,0.6,1000,0.2,1400,0.2,0
3,8,997,1,0,500,0.6,1000,0.2,1400,0.2,1
3,9,540,1,0,300,0.5,1700,0.5,0
3,10,793,0,0,500,0.6,1000,0.2,1400,0.2,1
3,11,968,1,0,300,0.5,1700,0.5,2
3,12,203,0,0,300,0.5,1700,0.5,2
3,13,723,2,10,5,0,500,0.6,1000,0.2,1400,0.2,1
3,14,198,1,0,300,0.5,1700,0.5,2
3,15,463,0,0,300,0.5,1700,0.5,0
3,16,719,1,0,300,0.5,1700,0.5,1
3,17,290,0,0,500,0.6,1000,0.2,1400,0.2,0
3,18,887,0,0,500,0.6,1000,0.2,1400,0.2,2
3,19,394,2,10,5,0,500,0.6,1000,0.2,1400,0.2,2
4,0,96,2,10,5,0,300,0.5,1700,0.5,1
4,1,422,0,0,500,0.6,1000,0.2,1400,0.2,2
4,2,889,0,0,500,0.6,1000,0.2,1400,0.2,2
4,3,512,0,0,300,0.5,1700,0.5,1
4,4,482,0,0,300,0.5,1700,0.5,1
4,5,963,0,0,300,0.5,1700,0.5,2
4,6,856,0,0,300,0.5,1700,0.5,1
4,7,683,2,10,5,0,300,0.5,1700,0.5,2
4,8,503,2,10,5,0,500,0.6,1000,0.2,1400,0.2,2
4,9,760,2,10,5,0,500,0.6,1000,0.2,1400,0.2,0
4,10,397,2,10,5,0,300,0.5,1700,0.5,2
4,11,329,1,0,500,0.6,1000,0.2,1400,0.2,0
4,12,255,1,0,500,0.6,1000,0.2,1400,0.2,2
4,13,682,2,10,5,0,500,0.6,1000,0.2,1400,0.2,0
4,14,849,1,0,300,0.5,1700,0.5,1
4,15,593,2,10,5,0,500,0.6,1000,0.2,1400,0.2,1
4,16,144,0,0,500,0.6,1000,0.2,1400,0.2,1
4,17,179,2,10,5,0,300,0.5,1700,0.5,2
4,18,153,0,0,300,0.5,1700,0.5,1
4,19,452,1,0,300,0.5,1700,0.5,0
5,0,716,2,10,5,0,500,0.6,1000,0.2,1400,0.2,1
5,1,30,0,0,300,0.5,1700,0.5,2
5,2,784,0,0,500,0.6,1000,0.2,1400,0.2,2
5,3,330,1,0,500,0.6,1000,0.2,1400,0.2,2
5,4,940,2,10,5,0,300,0.5,1700,0.5,1
5,5,856,1,0,300,0.5,1700,0.5,1
5,6,295,2,10,5,0,300,0.5,1700,0.5,1
5,7,268,1,0,300,0.5,1700,0.5,1
5,8,926,0,0,500,0.6,1000,0.2,1400,0.2,1
5,9,893,1,0,500,0.6,1000,0.2,1400,0.2,2
5,10,186,2,10,5,0,500,0.6,1000,0.2,1400,0.2,2
5,11,257,0,0,300,0.5,1700,0.5,1
5,12,165,2,10,5,0,300,0.5,1700,0.5,0
5,13,695,0,0,500,0.6,1000,0.2,1400,0.2,0
5,14,225,0,0,300,0.5,1700,0.5,0
5,15,465,0,0,300,0.5,1700,0.5,0
5,16,866,2,10,5,0,500,0.6,1000,0.2,1400,0.2,1
5,17,991,0,0,300,0.5,1700,0.5,0
5,18,930,0,0,300,0.5,1700,0.5,0
5,19,213,2,10,5,0,500,0.6,1000,0.2,1400,0.2,1
6,0,227,2,10,5,0,300,0.5,1700,0.5,1
6,1,576,0,0,300,0.5,1700,0.5,1
6,2,809,0,0,500,0.6,1000,0.2,1400,0.2,2
6,3,327,2,10,5,0,500,0.6,1000,0.2,1400,0.2,1
6,4,694,0,0,500,0.6,1000,0.2,1400,0.2,2
6,5,198,2,10,5,0,300,0.5,1700,0.5,2
6,6,170,1,0,300,0.5,1700,0.5,0
6,7,43,0,0,300,0.5,1700,0.5,2
6,8,608,1,0,300,0.5,1700,0.5,2
6,9,530,2,10,5,0,500,0.6,1000,0.2,1400,0.2,0
6,10,643,2,10,5,0,500,0.6,1000,0.2,1400,0.2,1
6,11,954,2,10,5,0,500,0.6,1000,0.2,1400,0.2,1
6,12,309,1,0,500,0.6,1000,0.2,1400,0.2,0
6,13,361,1,0,300,0.5,1700,0.5,2
6,14,974,2,10,5,0,300,0.5,1700,0.5,1
6,15,586,0,0,500,0.6,1000,0.2,1400,0.2,2
6,16,92,1,0,300,0.5,1700,0.5,0
6,17,185,2,10,5,0,500,0.6,1000,0.2,1400,0.2,0
6,18,278,2,10,5,0,500,0.6,1000,0.2,1400,0.2,2
6,19,196,0,0,500,0.6,1000,0.2,1400,0.2,2
7,0,999,1,0,500,0.6,1000,0.2,1400,0.2,0
7,1,284,2,10,5,0,500,0.6,1000,0.2,1400,0.2,0
7,2,364,2,10,5,0,500,0.6,1000,0.2,1400,0.2,2
7,3,694,1,0,500,0.6,1000,0.2,1400,0.2,0
7,4,314,2,10,5,0,500,0.6,1000,0.2,1400,0.2,1
7,5,971,1,0,300,0.5,1700,0.5,1
7,6,327,0,0,300,0.5,1700,0.5,2
7,7,423,0,0,300,0.5,1700,0.5,2
7,8,143,0,0,300,0.5,1700,0.5,0
7,9,29,0,0,300,0.5,1700,0.5,1
7,10,342,0,0,300,0.5,1700,0.5,0
7,11,412,2,10,5,0,500,0.6,1000,0.2,1400,0.2,2
7,12,760,0,0,500,0.6,1000,0.2,1400,0.2,0
7,13,930,1,0,500,0.6,1000,0.2,1400,0.2,1
7,14,528,1,0,300,0.5,1700,0.5,0
7,15,656,1,0,500,0.6,1000,0.2,1400,0.2,1
7,16,874,1,0,300,0.5,1700,0.5,2
7,17,468,2,10,5,0,300,0.5,1700,0.5,2
7,18,206,1,0,300,0.5,1700,0.5,2
7,19,226,1,0,300,0.5,1700,0.5,1
8,0,112,1,0,300,0.5,1700,0.5,1
8,1,299,0,0,500,0.6,1000,0.2,1400,0.2,1
8,2,934,2,10,5,0,500,0.6,1000,0.2,1400,0.2,2
8,3,923,0,0,500,0.6,1000,0.2,1400,0.2,2
8,4,617,2,10,5,0,300,0.5,1700,0.5,2
8,5,977,1,0,300,0.5,1700,0.5,0
8,6,341,1,0,300,0.5,1700,0.5,2
8,7,246,0,0,300,0.5,1700,0.5,2
8,8,408,0,0,300,0.5,1700,0.5,0
8,9,385,0,0,500,0.6,1000,0.2,1400,0.2,1
8,10,612,1,0,500,0.6,1000,0.2,1400,0.2,1
8,11,188,0,0,300,0.5,1700,0.5,2
8,12,551,0,0,300,0.5,1700,0.5,0
8,13,892,2,10,5,0,300,0.5,1700,0.5,2
8,14,481,0,0,300,0.5,1700,0.5,0
8,15,518,0,0,500,0.6,1000,0.2,1400,0.2,0
8,16,817,1,0,300,0.5,1700,0.5,0
8,17,787,2,10,5,0,300,0.5,1700,0.5,2
8,18,541,1,0,500,0.6,1000,0.2,1400,0.2,1
8,19,792,1,0,300,0.5,1700,0.5,2
9,0,450,0,0,500,0.6,1000,0.2,1400,0.2,2
9,1,602,0,0,300,0.5,1700,0.5,2
9,2,318,2,10,5,0,300,0.5,1700,0.5,0
9,3,800,1,0,500,0.6,1000,0.2,1400,0.2,2
9,4,386,1,0,500,0.6,1000,0.2,1400,0.2,0
9,5,95,1,0,300,0.5,1700,0.5,1
9,6,851,0,0,300,0.5,1700,0.5,1
9,7,929,0,0,500,0.6,1000,0.2,1400,0.2,1
9,8,552,1,0,500,0.6,1000,0.2,1400,0.2,1
9,9,156,1,0,300,0.5,1700,0.5,0
9,10,284,1,0,300,0.5,1700,0.5,1
9,11,706,2,10,5,0,500,0.6,1000,0.2,1400,0.2,1
9,12,888,0,0,300,0.5,1700,0.5,1
9,13,777,1,0,300,0.5,1700,0.5,0
9,14,543,1,0,500,0.6,1000,0.2,1400,0.2,1
9,15,852,0,0,500,0.6,1000,0.2,1400,0.2,1
9,16,465,2,10,5,0,500,0.6,1000,0.2,1400,0.2,1
9,17,870,2,10,5,0,300,0.5,1700,0.5,1
9,18,122,2,10,5,0,500,0.6,1000,0.2,1400,0.2,2
9,19,992,2,10,5,0,300,0.5,1700,0.5,2
10,0,491,1,0,300,0.5,1700,0.5,0
10,1,648,1,0,300,0.5,1700,0.5,1
10,2,51,0,0,300,0.5,1700,0.5,0
10,3,490,2,10,5,0,500,0.6,1000,0.2,1400,0.2,2
10,4,734,2,10,5,0,500,0.6,1000,0.2,1400,0.2,0
10,5,811,0,0,500,0.6,1000,0.2,1400,0.2,1
10,6,811,0,0,300,0.5,1700,0.5,0
10,7,68,1,0,300,0.5,1700,0.5,2
10,8,88,2,10,5,0,500,0.6,1000,0.2,1400,0.2,0
10,9,314,2,10,5,0,300,0.5,1700,0.5,1
10,10,622,0,0,500,0.6,1000,0.2,1400,0.2,1
10,11,627,2,10,5,0,500,0.6,1000,0.2,1400,0.2,0
10,12,596,0,0,300,0.5,1700,0.5,2
10,13,113,1,0,500,0.6,1000,0.2,1400,0.2,2
10,14,911,2,10,5,0,500,0.6,1000,0.2,1400,0.2,2
10,15,583,0,0,300,0.5,1700,0.5,2
10,16,192,1,0,300,0.5,1700,0.5,2
10,17,454,1,0,300,0.5,1700,0.5,2
10,18,218,1,0,500,0.6,1000,0.2,1400,0.2,1
10,19,92,1,0,300,0.5,1700,0.5,2
11,0,60,0,0,500,0.6,1000,0.2,1400,0.2,1
11,1,593,0,0,300,0.5,1700,0.5,1
11,2,598,2,10,5,0,500,0.6,1000,0.2,1400,0.2,1
11,3,975,0,0,500,0.6,1000,0.2,1400,0.2,2
11,4,641,1,0,500,0.6,1000,0.2,1400,0.2,0
11,5,978,2,10,5,0,500,0.6,1000,0.2,1400,0.2,1
11,6,536,2,10,5,0,300,0.5,1700,0.5,2
11,7,592,2,10,5,0,500,0.6,1000,0.2,1400,0.2,1
11,8,764,1,0,300,0.5,1700,0.5,2
11,9,993,1,0,300,0.5,1700,0.5,0
11,10,310,0,0,300,0.5,1700,0.5,1
11,11,908,2,10,5,0,300,0.5,1700,0.5,2
11,12,516,1,0,500,0.6,1000,0.2,1400,0.2,1
11,13,571,2,10,5,0,300,0.5,1700,0.5,0
11,14,125,1,0,300,0.5,1700,0.5,2
11,15,104,2,10,5,0,300,0.5,1700,0.5,2
11,16,37,0,0,300,0.5,1700,0.5,0
11,17,437,2,10,5,0,500,0.6,1000,0.2,1400,0.2,1
11,18,800,0,0,500,0.6,1000,0.2,1400,0.2,0
11,19,322,0,0,500,0.6,1000,0.2,1400,0.2,2
12,0,407,0,0,500,0.6,1000,0.2,1400,0.2,0
12,1,329,2,10,5,0,300,0.5,1700,0.5,1
12,2,327,0,0,300,0.5,1700,0.5,2
12,3,921,2,10,5,0,300,0.5,1700,0.5,1
12,4,83,2,10,5,0,300,0.5,1700,0.5,2
12,5,688,1,0,500,0.6,1000,0.2,1400,0.2,2
12,6,868,1,0,300,0.5,1700,0.5,1
12,7,33,1,0,500,0.6,1000,0.2,1400,0.2,2
12,8,640,2,10,5,0,300,0.5,1700,0.5,2
12,9,979,0,0,500,0.6,1000,0.2,1400,0.2,0
12,10,866,2,10,5,0,500,0.6,1000,0.2,1400,0.2,1
12,11,77,0,0,500,0.6,1000,0.2,1400,0.2,0
12,12,592,0,0,300,0.5,1700,0.5,2
12,13,630,2,10,5,0,300,0.5,1700,0.5,2
12,14,888,0,0,300,0.5,1700,0.5,0
12,15,685,1,0,300,0.5,1700,0.5,1
12,16,977,0,0,500,0.6,1000,0.2,1400,0.2,1
12,17,417,1,0,300,0.5,1700,0.5,0
12,18,205,0,0,300,0.5,1700,0.5,1
12,19,661,0,0,500,0.6,1000,0.2,1400,0.2,1
13,0,151,2,10,5,0,500,0.6,1000,0.2,1400,0.2,1
13,1,904,2,10,5,0,300,0.5,1700,0.5,2
13,2,974,2,10,5,0,500,0.6,1000,0.2,1400,0.2,2
13,3,901,1,0,300,0.5,1700,0.5,1
13,4,488,2,10,5,0,500,0.6,1000,0.2,1400,0.2,0
13,5,392,1,0,300,0.5,1700,0.5,0
13,6,641,2,10,5,0,300,0.5,1700,0.5,1
13,7,364,2,10,5,0,500,0.6,1000,0.2,1400,0.2,1
13,8,691,1,0,500,0.6,1000,0.2,1400,0.2,2
13,9,46,0,0,500,0.6,1000,0.2,1400,0.2,1
13,10,917,2,10,5,0,300,0.5,1700,0.5,1
13,11,883,0,0,500,0.6,1000,0.2,1400,0.2,0
13,12,771,1,0,500,0.6,1000,0.2,1400,0.2,2
13,13,879,2,10,5,0,300,0.5,1700,0.5,2
13,14,29,1,0,500,0.6,1000,0.2,1400,0.2,0
13,15,709,1,0,500,0.6,1000,0.2,1400,0.2,0
13,16,963,1,0,500,0.6,1000,0.2,1400,0.2,1
13,17,367,2,10,5,0,300,0.5,1700,0.5,1
13,18,718,0,0,300,0.5,1700,0.5,2
13,19,790,1,0,500,0.6,1000,0.2,1400,0.2,2
14,0,205,0,0,500,0.6,1000,0.2,1400,0.2,0
14,1,566,2,10,5,0,500,0.6,1000,0.2,1400,0.2,0
14,2,339,1,0,500,0.6,1000,0.2,1400,0.2,2
14,3,537,1,0,500,0.6,1000,0.2,1400,0.2,1
14,4,931,2,10,5,0,500,0.6,1000,0.2,1400,0.2,0
14,5,704,0,0,300,0.5,1700,0.5,2
14,6,838,2,10,5,0,300,0.5,1700,0.5,2
14,7,879,0,0,300,0.5,1700,0.5,0
14,8,530,2,10,5,0,500,0.6,1000,0.2,1400,0.2,1
14,9,661,1,0,500,0.6,1000,0.2,1400,0.2,1
14,10,939,0,0,300,0.5,1700,0.5,1
14,11,893,1,0,300,0.5,1700,0.5,0
14,12,62,1,0,300,0.5,1700,0.5,1
14,13,61,2,10,5,0,300,0.5,1700,0.5,2
14,14,402,2,10,5,0,500,0.6,1000,0.2,1400,0.2,0
14,15,587,1,0,500,0.6,1000,0.2,1400,0.2,2
14,16,534,1,0,500,0.6,1000,0.2,1400,0.2,0
14,17,250,2,10,5,0,500,0.6,1000,0.2,1400,0.2,2
14,18,176,2,10,5,0,300,0.5,1700,0.5,2
14,19,594,2,10,5,0,500,0.6,1000,0.2,1400,0.2,1
15,0,22,0,0,500,0.6,1000,0.2,1400,0.2,0
15,1,924,0,0,300,0.5,1700,0.5,0
15,2,60,1,0,300,0.5,1700,0.5,2
15,3,71,0,0,500,0.6,1000,0.2,1400,0.2,2
15,4,475,0,0,300,0.5,1700,0.5,0
15,5,302,2,10,5,0,500,0.6,1000,0.2,1400,0.2,2
15,6,717,2,10,5,0,500,0.6,1000,0.2,1400,0.2,2
15,7,432,2,10,5,0,300,0.5,1700,0.5,2
15,8,713,0,0,300,0.5,1700,0.5,1
15,9,219,0,0,500,0.6,1000,0.2,1400,0.2,2
15,10,372,1,0,500,0.6,1000,0.2,1400,0.2,1
15,11,164,0,0,500,0.6,1000,0.2,1400,0.2,1
15,12,772,2,10,5,0,300,0.5,1700,0.5,1
15,13,524,0,0,500,0.6,1000,0.2,1400,0.2,0
15,14,739,0,0,500,0.6,1000,0.2,1400,0.2,0
15,15,377,1,0,300,0.5,1700,0.5,2
15,16,624,0,0,500,0.6,1000,0.2,1400,0.2,1
15,17,843,0,0,300,0.5,1700,0.5,0
15,18,207,0,0,300,0.5,1700,0.5,0
15,19,980,0,0,300,0.5,1700,0.5,2
16,0,761,0,0,500,0.6,1000,0.2,1400,0.2,2
16,1,302,2,10,5,0,500,0.6,1000,0.2,1400,0.2,2
16,2,948,2,10,5,0,300,0.5,1700,0.5,2
16,3,490,2,10,5,0,300,0.5,1700,0.5,0
16,4,269,2,10,5,0,300,0.5,1700,0.5,2
16,5,533,0,0,500,0.6,1000,0.2,1400,0.2,2
16,6,838,1,0,300,0.5,1700,0.5,0
16,7,960,1,0,300,0.5,1700,0.5,1
16,8,501,2,10,5,0,300,0.5,1700,0.5,1
16,9,348,2,10,5,0,500,0.6,1000,0.2,1400,0.2,2
16,10,967,1,0,300,0.5,1700,0.5,2
16,11,100,0,0,300,0.5,1700,0.5,2
16,12,937,2,10,5,0,500,0.6,1000,0.2,1400,0.2,2
16,13,360,1,0,500,0.6,1000,0.2,1400,0.2,2
16,14,457,2,10,5,0,300,0.5,1700,0.5,0
16,15,125,2,10,5,0,500,0.6,1000,0.2,1400,0.2,0
16,16,35,0,0,500,0.6,1000,0.2,1400,0.2,1
16,17,980,1,0,300,0.5,1700,0.5,1
16,18,448,2,10,5,0,500,0.6,1000,0.2,1400,0.2,2
16,19,469,2,10,5,0,500,0.6,1000,0.2,1400,0.2,1
17,0,676,0,0,300,0.5,1700,0.5,0
17,1,538,2,10,5,0,500,0.6,1000,0.2,1400,0.2,2
17,2,201,0,0,300,0.5,1700,0.5,0
17,3,317,0,0,500,0.6,1000,0.2,1400,0.2,1
17,4,420,0,0,300,0.5,1700,0.5,0
17,5,871,1,0,500,0.6,1000,0.2,1400,0.2,2
17,6,877,0,0,300,0.5,1700,0.5,1
17,7,198,2,10,5,0,500,0.6,1000,0.2,1400,0.2,2
17,8,477,0,0,300,0.5,1700,0.5,0
17,9,947,1,0,500,0.6,1000,0.2,1400,0.2,0
17,10,643,1,0,500,0.6,1000,0.2,1400,0.2,0
17,11,694,2,10,5,0,300,0.5,1700,0.5,0
17,12,650,1,0,500,0.6,1000,0.2,1400,0.2,0
17,13,908,0,0,500,0.6,1000,0.2,1400,0.2,0
17,14,756,1,0,500,0.6,1000,0.2,1400,0.2,0
17,15,534,1,0,300,0.5,1700,0.5,0
17,16,802,0,0,300,0.5,1700,0.5,0
17,17,30,2,10,5,0,300,0.5,1700,0.5,2
17,18,923,2,10,5,0,300,0.5,1700,0.5,1
17,19,380,2,10,5,0,300,0.5,1700,0.5,2
18,0,852,0,0,500,0.6,1000,0.2,1400,0.2,2
18,1,42,0,0,300,0.5,1700,0.5,1
18,2,713,2,10,5,0,500,0.6,1000,0.2,1400,0.2,0
18,3,290,1,0,500,0.6,1000,0.2,1400,0.2,0
18,4,405,2,10,5,0,500,0.6,1000,0.2,1400,0.2,1
18,5,128,0,0,500,0.6,1000,0.2,1400,0.2,0
18,6,660,2,10,5,0,500,0.6,1000,0.2,1400,0.2,0
18,7,298,1,0,300,0.5,1700,0.5,2
18,8,365,1,0,500,0.6,1000,0.2,1400,0.2,2
18,9,486,0,0,500,0.6,1000,0.2,1400,0.2,0
18,10,161,0,0,500,0.6,1000,0.2,1400,0.2,1
18,11,301,2,10,5,0,500,0.6,1000,0.2,1400,0.2,2
18,12,140,0,0,300,0.5,1700,0.5,2
18,13,843,0,0,300,0.5,1700,0.5,0
18,14,959,1,0,300,0.5,1700,0.5,2
18,15,251,1,0,300,0.5,1700,0.5,1
18,16,782,2,10,5,0,500,0.6,1000,0.2,1400,0.2,1
18,17,448,2,10,5,0,300,0.5,1700,0.5,0
18,18,13,2,10,5,0,300,0.5,1700,0.5,1
18,19,929,1,0,300,0.5,1700,0.5,0
19,0,703,0,0,500,0.6,1000,0.2,1400,0.2,2
19,1,785,2,10,5,0,300,0.5,1700,0.5,0
19,2,136,1,0,500,0.6,1000,0.2,1400,0.2,2
19,3,796,0,0,300,0.5,1700,0.5,2
19,4,324,2,10,5,0,300,0.5,1700,0.5,1
19,5,436,2,10,5,0,500,0.6,1000,0.2,1400,0.2,2
19,6,156,2,10,5,0,500,0.6,1000,0.2,1400,0.2,2
19,7,159,1,0,500,0.6,1000,0.2,1400,0.2,1
19,8,810,0,0,500,0.6,1000,0.2,1400,0.2,0
19,9,559,0,0,500,0.6,1000,0.2,1400,0.2,0
19,10,525,2,10,5,0,500,0.6,1000,0.2,1400,0.2,2
19,11,137,2,10,5,0,500,0.6,1000,0.2,1400,0.2,2
19,12,378,0,0,300,0.5,1700,0.5,0
19,13,808,2,10,5,0,500,0.6,1000,0.2,1400,0.2,1
19,14,871,2,10,5,0,500,0.6,1000,0.2,1400,0.2,2
19,15,767,0,0,500,0.6,1000,0.2,1400,0.2,1
19,16,253,1,0,300,0.5,1700,0.5,1
19,17,227,1,0,500,0.6,1000,0.2,1400,0.2,1
19,18,858,0,0,300,0.5,1700,0.5,2
19,19,689,2,10,5,0,300,0.5,1700,0.5,0
