0,0,237,1,0,500,0.6,1000,0.2,1400,0.2,2
0,1,318,1,0,500,0.6,1000,0.2,1400,0.2,1
0,2,370,2,10,5,0,500,0.6,1000,0.2,1400,0.2,0
0,3,817,2,10,5,0,300,0.5,1700,0.5,1
0,4,797,1,0,500,0.6,1000,0.2,1400,0.2,2
0,5,828,0,0,500,0.6,1000,0.2,1400,0.2,2
0,6,109,1,0,500,0.6,1000,0.2,1400,0.2,1
0,7,964,0,0,300,0.5,1700,0.5,2
0,8,823,2,10,5,0,500,0.6,1000,0.2,1400,0.2,2
0,9,685,0,0,300,0.5,1700,0.5,2
0,10,638,1,0,500,0.6,1000,0.2,1400,0.2,2
0,11,946,2,10,5,0,500,0.6,1000,0.2,1400,0.2,2
0,12,481,2,10,5,0,300,0.5,1700,0.5,1
0,13,401,2,10,5,0,500,0.6,1000,0.2,1400,0.2,1
0,14,319,0,0,500,0.6,1000,0.2,1400,0.2,0
0,15,330,0,0,500,0.6,1000,0.2,1400,0.2,1
0,16,677,2,10,5,0,300,0.5,1700,0.5,0
0,17,627,2,10,5,0,300,0.5,1700,0.5,1
0,18,72,2,10,5,0,500,0.6,1000,0.2,1400,0.2,0
0,19,738,0,0,300,0.5,1700,0.5,0
1,0,254,0,0,500,0.6,1000,0.2,1400,0.2,2
1,1,503,0,0,500,0.6,1000,0.2,1400,0.2,1
1,2,540,0,0,500,0.6,1000,0.2,1400,0.2,1
1,3,726,2,10,5,0,500,0.6,1000,0.2,1400,0.2,2
1,4,887,0,0,300,0.5,1700,0.5,1
1,5,575,1,0,300,0.5,1700,0.5,1
1,6,509,1,0,500,0.6,1000,0.2,1400,0.2,1
1,7,571,0,0,500,0.6,1000,0.2,1400,0.2,2
1,8,216,0,0,500,0.6,1000,0.2,1400,0.2,2
1,9,321,1,0,300,0.5,1700,0.5,1
1,10,52,1,0,300,0.5,1700,0.5,1
1,11,922,1,0,500,0.6,1000,0.2,1400,0.2,0
1,12,543,2,10,5,0,300,0.5,1700,0.5,2
1,13,578,1,0,300,0.5,1700,0.5,2
1,14,97,2,10,5,0,500,0.6,1000,0.2,1400,0.2,0
1,15,697,0,0,300,0.5,1700,0.5,1
1,16,273,0,0,500,0.6,1000,0.2,1400,0.2,2
1,17,232,0,0,500,0.6,1000,0.2,1400,0.2,1
1,18,184,0,0,300,0.5,1700,0.5,0
1,19,515,0,0,300,0.5,1700,0.5,2
2,0,906,0,0,300,0.5,1700,0.5,0
2,1,110,2,10,5,0,500,0.6,1000,0.2,1400,0.2,0
2,2,681,1,0,500,0.6,1000,0.2,1400,0.2,1
2,3,783,0,0,300,0.5,1700,0.5,0
2,4,358,2,10,5,0,300,0.5,1700,0.5,1
2,5,269,2,10,5,0,500,0.6,1000,0.2,1400,0.2,2
2,6,993,0,0,500,0.6,1000,0.2,1400,0.2,1
2,7,713,2,10,5,0,500,0.6,1000,0.2,1400,0.2,1
2,8,374,2,10,5,0,300,0.5,1700,0.5,2
2,9,16,0,0,300,0.5,1700,0.5,1
2,10,918,2,10,5,0,300,0.5,1700,0.5,2
2,11,346,0,0,500,0.6,1000,0.2,1400,0.2,0
2,12,662,0,0,300,0.5,1700,0.5,1
2,13,595,2,10,5,0,300,0.5,1700,0.5,1
2,14,781,1,0,300,0.5,1700,0.5,2
2,15,522,1,0,500,0.6,1000,0.2,1400,0.2,0
2,16,697,1,0,500,0.6,1000,0.2,1400,0.2,1
2,17,968,0,0,500,0.6,1000,0.2,1400,0.2,0
2,18,275,0,0,300,0.5,1700,0.5,2
2,19,861,2,10,5,0,300,0.5,1700,0.5,0
3,0,193,2,10,5,0,300,0.5,1700,0.5,1
3,1,520,1,0,300,0.5,1700,0.5,0
3,2,10,2,10,5,0,300,0.5,1700,0.5,2
3,3,238,2,10,5,0,500,0.6,1000,0.2,1400,0.2,2
3,4,920,0,0,500,0.6,1000,0.2,1400,0.2,1
3,5,616,0,0,300,0.5,1700,0.5,2
3,6,774,1,0,300,0.5,1700,0.5,2
3,7,45,1,0,300,0.5,1700,0.5,1
3,8,392,1,0,500,0.6,1000,0.2,1400,0.2,2
3,9,222,0,0,300,0.5,1700,0.5,0
3,10,354,2,10,5,0,500,0.6,1000,0.2,1400,0.2,0
3,11,230,2,10,5,0,500,0.6,1000,0.2,1400,0.2,1
3,12,641,2,10,5,0,500,0.6,1000,0.2,1400,0.2,2
3,13,15,0,0,500,0.6,1000,0.2,1400,0.2,2
3,14,989,1,0,500,0.6,1000,0.2,1400,0.2,0
3,15,26,1,0,300,0.5,1700,0.5,0
3,16,460,0,0,300,0.5,1700,0.5,0
3,17,498,2,10,5,0,300,0.5,1700,0.5,0
3,18,381,1,0,500,0.6,1000,0.2,1400,0.2,0
3,19,910,2,10,5,0,300,0.5,1700,0.5,1
4,0,384,0,0,500,0.6,1000,0.2,1400,0.2,2
4,1,528,0,0,500,0.6,1000,0.2,1400,0.2,0
4,2,516,2,10,5,0,500,0.6,1000,0.2,1400,0.2,1
4,3,195,1,0,300,0.5,1700,0.5,2
4,4,600,2,10,5,0,300,0.5,1700,0.5,1
4,5,651,2,10,5,0,500,0.6,1000,0.2,1400,0.2,0
4,6,335,2,10,5,0,300,0.5,1700,0.5,1
4,7,667,0,0,500,0.6,1000,0.2,1400,0.2,2
4,8,57,0,0,300,0.5,1700,0.5,0
4,9,669,1,0,500,0.6,1000,0.2,1400,0.2,2
4,10,644,0,0,300,0.5,1700,0.5,0
4,11,887,1,0,300,0.5,1700,0.5,0
4,12,29,0,0,500,0.6,1000,0.2,1400,0.2,0
4,13,74,2,10,5,0,300,0.5,1700,0.5,0
4,14,970,2,10,5,0,500,0.6,1000,0.2,1400,0.2,2
4,15,579,0,0,500,0.6,1000,0.2,1400,0.2,2
4,16,270,1,0,300,0.5,1700,0.5,0
4,17,569,0,0,500,0.6,1000,0.2,1400,0.2,2
4,18,732,2,10,5,0,300,0.5,1700,0.5,2
4,19,600,2,10,5,0,500,0.6,1000,0.2,1400,0.2,0
5,0,254,2,10,5,0,500,0.6,1000,0.2,1400,0.2,2
5,1,690,1,0,500,0.6,1000,0.2,1400,0.2,0
5,2,120,2,10,5,0,300,0.5,1700,0.5,0
5,3,342,0,0,500,0.6,1000,0.2,1400,0.2,1
5,4,970,0,0,300,0.5,1700,0.5,0
5,5,458,1,0,500,0.6,1000,0.2,1400,0.2,1
5,6,588,0,0,500,0.6,1000,0.2,1400,0.2,1
5,7,691,2,10,5,0,500,0.6,1000,0.2,1400,0.2,2
5,8,832,1,0,300,0.5,1700,0.5,2
5,9,601,1,0,500,0.6,1000,0.2,1400,0.2,0
5,10,469,0,0,500,0.6,1000,0.2,1400,0.2,2
5,11,653,2,10,5,0,500,0.6,1000,0.2,1400,0.2,1
5,12,232,1,0,300,0.5,1700,0.5,2
5,13,752,1,0,500,0.6,1000,0.2,1400,0.2,2
5,14,694,1,0,300,0.5,1700,0.5,2
5,15,756,0,0,300,0.5,1700,0.5,2
5,16,520,1,0,500,0.6,1000,0.2,1400,0.2,0
5,17,976,2,10,5,0,300,0.5,1700,0.5,0
5,18,712,2,10,5,0,300,0.5,1700,0.5,2
5,19,13,0,0,500,0.6,1000,0.2,1400,0.2,0
6,0,532,2,10,5,0,300,0.5,1700,0.5,1
6,1,937,0,0,500,0.6,1000,0.2,1400,0.2,2
6,2,719,0,0,300,0.5,1700,0.5,2
6,3,582,0,0,500,0.6,1000,0.2,1400,0.2,0
6,4,87,0,0,500,0.6,1000,0.2,1400,0.2,1
6,5,961,2,10,5,0,300,0.5,1700,0.5,0
6,6,676,1,0,500,0.6,1000,0.2,1400,0.2,0
6,7,233,1,0,300,0.5,1700,0.5,2
6,8,45,0,0,500,0.6,1000,0.2,1400,0.2,2
6,9,433,2,10,5,0,500,0.6,1000,0.2,1400,0.2,2
6,10,388,1,0,500,0.6,1000,0.2,1400,0.2,1
6,11,286,2,10,5,0,500,0.6,1000,0.2,1400,0.2,2
6,12,225,1,0,500,0.6,1000,0.2,1400,0.2,0
6,13,962,1,0,300,0.5,1700,0.5,2
6,14,242,0,0,500,0.6,1000,0.2,1400,0.2,1
6,15,327,2,10,5,0,500,0.6,1000,0.2,1400,0.2,0
6,16,439,2,10,5,0,300,0.5,1700,0.5,2
6,17,139,2,10,5,0,500,0.6,1000,0.2,1400,0.2,2
6,18,916,1,0,300,0.5,1700,0.5,0
6,19,813,0,0,300,0.5,1700,0.5,0
7,0,370,0,0,300,0.5,1700,0.5,0
7,1,412,2,10,5,0,500,0.6,1000,0.2,1400,0.2,1
7,2,489,2,10,5,0,500,0.6,1000,0.2,1400,0.2,2
7,3,264,1,0,300,0.5,1700,0.5,1
7,4,103,0,0,500,0.6,1000,0.2,1400,0.2,2
7,5,793,0,0,300,0.5,1700,0.5,1
7,6,542,2,10,5,0,300,0.5,1700,0.5,0
7,7,875,0,0,300,0.5,1700,0.5,0
7,8,757,0,0,500,0.6,1000,0.2,1400,0.2,0
7,9,70,2,10,5,0,500,0.6,1000,0.2,1400,0.2,1
7,10,949,2,10,5,0,500,0.6,1000,0.2,1400,0.2,1
7,11,750,2,10,5,0,500,0.6,1000,0.2,1400,0.2,2
7,12,599,2,10,5,0,300,0.5,1700,0.5,2
7,13,470,0,0,300,0.5,1700,0.5,2
7,14,148,1,0,300,0.5,1700,0.5,0
7,15,464,0,0,300,0.5,1700,0.5,0
7,16,867,1,0,500,0.6,1000,0.2,1400,0.2,1
7,17,573,1,0,500,0.6,1000,0.2,1400,0.2,0
7,18,400,1,0,500,0.6,1000,0.2,1400,0.2,2
7,19,543,1,0,300,0.5,1700,0.5,1
8,0,909,1,0,500,0.6,1000,0.2,1400,0.2,0
8,1,460,1,0,300,0.5,1700,0.5,0
8,2,169,1,0,300,0.5,1700,0.5,1
8,3,256,1,0,500,0.6,1000,0.2,1400,0.2,2
8,4,25,1,0,500,0.6,1000,0.2,1400,0.2,1
8,5,552,2,10,5,0,300,0.5,1700,0.5,2
8,6,689,1,0,500,0.6,1000,0.2,1400,0.2,0
8,7,903,0,0,300,0.5,1700,0.5,0
8,8,30,1,0,300,0.5,1700,0.5,2
8,9,45,0,0,300,0.5,1700,0.5,0
8,10,545,0,0,500,0.6,1000,0.2,1400,0.2,1
8,11,646,0,0,500,0.6,1000,0.2,1400,0.2,2
8,12,829,2,10,5,0,300,0.5,1700,0.5,0
8,13,280,0,0,500,0.6,1000,0.2,1400,0.2,0
8,14,709,0,0,500,0.6,1000,0.2,1400,0.2,1
8,15,517,1,0,500,0.6,1000,0.2,1400,0.2,0
8,16,905,0,0,300,0.5,1700,0.5,1
8,17,709,2,10,5,0,500,0.6,1000,0.2,1400,0.2,2
8,18,553,2,10,5,0,300,0.5,1700,0.5,0
8,19,298,1,0,300,0.5,1700,0.5,2
9,0,450,0,0,300,0.5,1700,0.5,1
9,1,419,0,0,300,0.5,1700,0.5,2
9,2,718,2,10,5,0,300,0.5,1700,0.5,1
9,3,327,0,0,300,0.5,1700,0.5,0
9,4,620,2,10,5,0,500,0.6,1000,0.2,1400,0.2,0
9,5,741,1,0,300,0.5,1700,0.5,2
9,6,902,0,0,500,0.6,1000,0.2,1400,0.2,1
9,7,534,1,0,500,0.6,1000,0.2,1400,0.2,0
9,8,175,1,0,300,0.5,1700,0.5,1
9,9,435,1,0,500,0.6,1000,0.2,1400,0.2,0
9,10,407,2,10,5,0,500,0.6,1000,0.2,1400,0.2,1
9,11,883,1,0,300,0.5,1700,0.5,1
9,12,327,2,10,5,0,300,0.5,1700,0.5,1
9,13,20,2,10,5,0,300,0.5,1700,0.5,2
9,14,210,2,10,5,0,500,0.6,1000,0.2,1400,0.2,0
9,15,909,1,0,500,0.6,1000,0.2,1400,0.2,0
9,16,1000,1,0,500,0.6,1000,0.2,1400,0.2,0
9,17,714,1,0,500,0.6,1000,0.2,1400,0.2,1
9,18,233,2,10,5,0,500,0.6,1000,0.2,1400,0.2,1
9,19,100,1,0,300,0.5,1700,0.5,1
10,0,482,2,10,5,0,300,0.5,1700,0.5,0
10,1,644,1,0,500,0.6,1000,0.2,1400,0.2,0
10,2,492,0,0,500,0.6,1000,0.2,1400,0.2,1
10,3,860,0,0,300,0.5,1700,0.5,1
10,4,901,1,0,500,0.6,1000,0.2,1400,0.2,0
10,5,136,0,0,500,0.6,1000,0.2,1400,0.2,1
10,6,219,1,0,500,0.6,1000,0.2,1400,0.2,1
10,7,889,2,10,5,0,500,0.6,1000,0.2,1400,0.2,1
10,8,522,2,10,5,0,300,0.5,1700,0.5,2
10,9,506,0,0,300,0.5,1700,0.5,1
10,10,381,1,0,500,0.6,1000,0.2,1400,0.2,2
10,11,920,0,0,300,0.5,1700,0.5,0
10,12,567,1,0,500,0.6,1000,0.2,1400,0.2,2
10,13,372,0,0,500,0.6,1000,0.2,1400,0.2,1
10,14,606,1,0,300,0.5,1700,0.5,0
10,15,732,1,0,500,0.6,1000,0.2,1400,0.2,0
10,16,959,1,0,300,0.5,1700,0.5,0
10,17,419,2,10,5,0,500,0.6,1000,0.2,1400,0.2,2
10,18,127,0,0,300,0.5,1700,0.5,0
10,19,680,2,10,5,0,500,0.6,1000,0.2,1400,0.2,1
11,0,882,2,10,5,0,300,0.5,1700,0.5,2
11,1,89,0,0,500,0.6,1000,0.2,1400,0.2,2
11,2,911,0,0,300,0.5,1700,0.5,0
11,3,538,0,0,500,0.6,1000,0.2,1400,0.2,1
11,4,237,0,0,300,0.5,1700,0.5,1
11,5,784,1,0,500,0.6,1000,0.2,1400,0.2,1
11,6,128,1,0,500,0.6,1000,0.2,1400,0.2,2
11,7,840,1,0,300,0.5,1700,0.5,0
11,8,348,0,0,300,0.5,1700,0.5,1
11,9,561,2,10,5,0,300,0.5,1700,0.5,2
11,10,185,0,0,300,0.5,1700,0.5,1
11,11,565,2,10,5,0,500,0.6,1000,0.2,1400,0.2,2
11,12,740,0,0,500,0.6,1000,0.2,1400,0.2,1
11,13,265,0,0,300,0.5,1700,0.5,0
11,14,455,2,10,5,0,300,0.5,1700,0.5,0
11,15,151,1,0,300,0.5,1700,0.5,2
11,16,452,2,10,5,0,300,0.5,1700,0.5,2
11,17,514,0,0,500,0.6,1000,0.2,1400,0.2,1
11,18,217,2,10,5,0,300,0.5,1700,0.5,2
11,19,220,1,0,500,0.6,1000,0.2,1400,0.2,0
12,0,488,1,0,500,0.6,1000,0.2,1400,0.2,2
12,1,679,2,10,5,0,300,0.5,1700,0.5,2
12,2,334,0,0,300,0.5,1700,0.5,0
12,3,14,1,0,300,0.5,1700,0.5,1
12,4,12,2,10,5,0,500,0.6,1000,0.2,1400,0.2,0
12,5,531,1,0,300,0.5,1700,0.5,2
12,6,989,0,0,300,0.5,1700,0.5,2
12,7,30,0,0,500,0.6,1000,0.2,1400,0.2,1
12,8,100,2,10,5,0,500,0.6,1000,0.2,1400,0.2,2
12,9,935,1,0,500,0.6,1000,0.2,1400,0.2,2
12,10,242,0,0,300,0.5,1700,0.5,0
12,11,789,0,0,500,0.6,1000,0.2,1400,0.2,0
12,12,163,2,10,5,0,300,0.5,1700,0.5,2
12,13,836,1,0,300,0.5,1700,0.5,0
12,14,205,0,0,300,0.5,1700,0.5,0
12,15,994,2,10,5,0,500,0.6,1000,0.2,1400,0.2,1
12,16,790,1,0,300,0.5,1700,0.5,0
12,17,422,0,0,500,0.6,1000,0.2,1400,0.2,1
12,18,730,1,0,300,0.5,1700,0.5,1
12,19,485,1,0,500,0.6,1000,0.2,1400,0.2,0
13,0,282,1,0,500,0.6,1000,0.2,1400,0.2,0
13,1,614,2,10,5,0,500,0.6,1000,0.2,1400,0.2,0
13,2,745,0,0,300,0.5,1700,0.5,0
13,3,383,0,0,500,0.6,1000,0.2,1400,0.2,0
13,4,93,1,0,300,0.5,1700,0.5,2
13,5,417,2,10,5,0,300,0.5,1700,0.5,2
13,6,105,2,10,5,0,300,0.5,1700,0.5,2
13,7,709,1,0,300,0.5,1700,0.5,2
13,8,774,2,10,5,0,300,0.5,1700,0.5,0
13,9,841,2,10,5,0,500,0.6,1000,0.2,1400,0.2,2
13,10,763,1,0,500,0.6,1000,0.2,1400,0.2,0
13,11,533,1,0,500,0.6,1000,0.2,1400,0.2,1
13,12,500,2,10,5,0,300,0.5,1700,0.5,2
13,13,404,0,0,500,0.6,1000,0.2,1400,0.2,0
13,14,527,0,0,500,0.6,1000,0.2,1400,0.2,0
13,15,648,2,10,5,0,500,0.6,1000,0.2,1400,0.2,0
13,16,398,2,10,5,0,500,0.6,1000,0.2,1400,0.2,2
13,17,83,2,10,5,0,500,0.6,1000,0.2,1400,0.2,0
13,18,74,0,0,500,0.6,1000,0.2,1400,0.2,2
13,19,492,2,10,5,0,500,0.6,1000,0.2,1400,0.2,0
14,0,358,0,0,300,0.5,1700,0.5,0
14,1,293,2,10,5,0,500,0.6,1000,0.2,1400,0.2,0
14,2,748,1,0,300,0.5,1700,0.5,1
14,3,432,1,0,300,0.5,1700,0.5,1
14,4,72,2,10,5,0,300,0.5,1700,0.5,1
14,5,121,1,0,300,0.5,1700,0.5,0
14,6,165,2,10,5,0,500,0.6,1000,0.2,1400,0.2,0
14,7,85,2,10,5,0,500,0.6,1000,0.2,1400,0.2,1
14,8,839,1,0,500,0.6,1000,0.2,1400,0.2,0
14,9,897,0,0,500,0.6,1000,0.2,1400,0.2,0
14,10,137,2,10,5,0,300,0.5,1700,0.5,2
14,11,804,2,10,5,0,500,0.6,1000,0.2,1400,0.2,0
14,12,877,2,10,5,0,500,0.6,1000,0.2,1400,0.2,1
14,13,986,1,0,300,0.5,1700,0.5,0
14,14,380,1,0,300,0.5,1700,0.5,0
14,15,302,0,0,500,0.6,1000,0.2,1400,0.2,2
14,16,626,1,0,500,0.6,1000,0.2,1400,0.2,2
14,17,946,1,0,300,0.5,1700,0.5,1
14,18,401,0,0,300,0.5,1700,0.5,1
14,19,597,0,0,300,0.5,1700,0.5,0
15,0,932,2,10,5,0,500,0.6,1000,0.2,1400,0.2,2
15,1,923,0,0,300,0.5,1700,0.5,0
15,2,782,1,0,300,0.5,1700,0.5,1
15,3,514,0,0,500,0.6,1000,0.2,1400,0.2,0
15,4,247,0,0,500,0.6,1000,0.2,1400,0.2,0
15,5,191,2,10,5,0,300,0.5,1700,0.5,0
15,6,216,1,0,300,0.5,1700,0.5,1
15,7,130,2,10,5,0,500,0.6,1000,0.2,1400,0.2,2
15,8,960,1,0,300,0.5,1700,0.5,2
15,9,831,1,0,500,0.6,1000,0.2,1400,0.2,1
15,10,508,1,0,500,0.6,1000,0.2,1400,0.2,1
15,11,338,2,10,5,0,300,0.5,1700,0.5,1
15,12,506,1,0,500,0.6,1000,0.2,1400,0.2,2
15,13,385,2,10,5,0,500,0.6,1000,0.2,1400,0.2,2
15,14,237,0,0,500,0.6,1000,0.2,1400,0.2,0
15,15,826,1,0,500,0.6,1000,0.2,1400,0.2,0
15,16,907,1,0,300,0.5,1700,0.5,2
15,17,947,0,0,300,0.5,1700,0.5,0
15,18,247,2,10,5,0,300,0.5,1700,0.5,1
15,19,146,0,0,300,0.5,1700,0.5,1
16,0,478,2,10,5,0,300,0.5,1700,0.5,2
16,1,539,2,10,5,0,300,0.5,1700,0.5,2
16,2,298,1,0,500,0.6,1000,0.2,1400,0.2,0
16,3,631,2,10,5,0,300,0.5,1700,0.5,0
16,4,104,1,0,500,0.6,1000,0.2,1400,0.2,0
16,5,399,1,0,500,0.6,1000,0.2,1400,0.2,2
16,6,47,0,0,500,0.6,1000,0.2,1400,0.2,1
16,7,983,1,0,300,0.5,1700,0.5,2
16,8,223,0,0,500,0.6,1000,0.2,1400,0.2,0
16,9,389,1,0,500,0.6,1000,0.2,1400,0.2,0
16,10,260,2,10,5,0,500,0.6,1000,0.2,1400,0.2,0
16,11,93,1,0,500,0.6,1000,0.2,1400,0.2,1
16,12,833,2,10,5,0,300,0.5,1700,0.5,2
16,13,224,1,0,300,0.5,1700,0.5,2
16,14,714,0,0,300,0.5,1700,0.5,2
16,15,360,1,0,300,0.5,1700,0.5,0
16,16,928,1,0,500,0.6,1000,0.2,1400,0.2,1
16,17,115,1,0,500,0.6,1000,0.2,1400,0.2,0
16,18,145,1,0,500,0.6,1000,0.2,1400,0.2,1
16,19,227,0,0,300,0.5,1700,0.5,0
17,0,983,2,10,5,0,500,0.6,1000,0.2,1400,0.2,0
17,1,990,1,0,300,0.5,1700,0.5,2
17,2,859,2,10,5,0,500,0.6,1000,0.2,1400,0.2,0
17,3,710,0,0,300,0.5,1700,0.5,0
17,4,901,1,0,500,0.6,1000,0.2,1400,0.2,2
17,5,686,0,0,300,0.5,1700,0.5,1
17,6,459,0,0,500,0.6,1000,0.2,1400,0.2,2
17,7,728,0,0,300,0.5,1700,0.5,2
17,8,868,0,0,500,0.6,1000,0.2,1400,0.2,0
17,9,146,2,10,5,0,300,0.5,1700,0.5,0
17,10,618,0,0,500,0.6,1000,0.2,1400,0.2,1
17,11,178,2,10,5,0,300,0.5,1700,0.5,1
17,12,207,0,0,500,0.6,1000,0.2,1400,0.2,0
17,13,632,0,0,300,0.5,1700,0.5,1
17,14,376,1,0,500,0.6,1000,0.2,1400,0.2,2
17,15,129,1,0,500,0.6,1000,0.2,1400,0.2,2
17,16,750,0,0,500,0.6,1000,0.2,1400,0.2,2
17,17,36,2,10,5,0,500,0.6,1000,0.2,1400,0.2,1
17,18,630,2,10,5,0,500,0.6,1000,0.2,1400,0.2,2
17,19,440,2,10,5,0,500,0.6,1000,0.2,1400,0.2,0
18,0,107,0,0,300,0.5,1700,0.5,1
18,1,81,1,0,500,0.6,1000,0.2,1400,0.2,0
18,2,690,0,0,500,0.6,1000,0.2,1400,0.2,0
18,3,800,2,10,5,0,500,0.6,1000,0.2,1400,0.2,2
18,4,506,0,0,500,0.6,1000,0.2,1400,0.2,0
18,5,987,2,10,5,0,300,0.5,1700,0.5,0
18,6,619,1,0,500,0.6,1000,0.2,1400,0.2,1
18,7,237,0,0,300,0.5,1700,0.5,2
18,8,311,1,0,500,0.6,1000,0.2,1400,0.2,1
18,9,61,1,0,500,0.6,1000,0.2,1400,0.2,1
18,10,738,0,0,300,0.5,1700,0.5,0
18,11,992,0,0,300,0.5,1700,0.5,0
18,12,148,1,0,500,0.6,1000,0.2,1400,0.2,1
18,13,114,1,0,300,0.5,1700,0.5,2
18,14,74,1,0,500,0.6,1000,0.2,1400,0.2,1
18,15,593,0,0,500,0.6,1000,0.2,1400,0.2,0
18,16,457,2,10,5,0,500,0.6,1000,0.2,1400,0.2,2
18,17,629,2,10,5,0,300,0.5,1700,0.5,0
18,18,812,1,0,300,0.5,1700,0.5,0
18,19,289,2,10,5,0,300,0.5,1700,0.5,0
19,0,231,0,0,500,0.6,1000,0.2,1400,0.2,1
19,1,201,2,10,5,0,500,0.6,1000,0.2,1400,0.2,2
19,2,126,2,10,5,0,500,0.6,1000,0.2,1400,0.2,0
19,3,330,2,10,5,0,300,0.5,1700,0.5,2
19,4,219,2,10,5,0,300,0.5,1700,0.5,0
19,5,817,0,0,500,0.6,1000,0.2,1400,0.2,0
19,6,261,1,0,300,0.5,1700,0.5,2
19,7,347,1,0,500,0.6,1000,0.2,1400,0.2,2
19,8,719,2,10,5,0,300,0.5,1700,0.5,0
19,9,650,0,0,500,0.6,1000,0.2,1400,0.2,1
19,10,954,0,0,500,0.6,1000,0.2,1400,0.2,2
19,11,957,0,0,500,0.6,1000,0.2,1400,0.2,2
19,12,635,0,0,500,0.6,1000,0.2,1400,0.2,2
19,13,559,1,0,500,0.6,1000,0.2,1400,0.2,1
19,14,355,1,0,500,0.6,1000,0.2,1400,0.2,0
19,15,946,1,0,300,0.5,1700,0.5,0
19,16,66,0,0,500,0.6,1000,0.2,1400,0.2,2
19,17,608,0,0,500,0.6,1000,0.2,1400,0.2,0
19,18,282,0,0,300,0.5,1700,0.5,1
19,19,436,0,0,300,0.5,1700,0.5,1
