0,0,331,1,0,500,0.6,1000,0.2,1400,0.2,1
0,1,884,0,0,300,0.5,1700,0.5,1
0,2,575,2,10,5,0,300,0.5,1700,0.5,2
0,3,306,0,0,300,0.5,1700,0.5,1
0,4,926,0,0,300,0.5,1700,0.5,2
0,5,668,2,10,5,0,500,0.6,1000,0.2,1400,0.2,0
0,6,668,0,0,300,0.5,1700,0.5,0
0,7,309,0,0,300,0.5,1700,0.5,0
0,8,150,1,0,300,0.5,1700,0.5,1
0,9,891,1,0,300,0.5,1700,0.5,1
0,10,267,2,10,5,0,500,0.6,1000,0.2,1400,0.2,2
0,11,501,2,10,5,0,500,0.6,1000,0.2,1400,0.2,0
0,12,410,0,0,300,0.5,1700,0.5,1
0,13,760,1,0,500,0.6,1000,0.2,1400,0.2,0
0,14,28,1,0,300,0.5,1700,0.5,2
0,15,691,1,0,300,0.5,1700,0.5,2
0,16,928,0,0,500,0.6,1000,0.2,1400,0.2,1
0,17,911,0,0,300,0.5,1700,0.5,0
0,18,514,0,0,300,0.5,1700,0.5,2
0,19,805,1,0,500,0.6,1000,0.2,1400,0.2,2
1,0,110,2,10,5,0,500,0.6,1000,0.2,1400,0.2,1
1,1,193,2,10,5,0,500,0.6,1000,0.2,1400,0.2,0
1,2,742,2,10,5,0,500,0.6,1000,0.2,1400,0.2,2
1,3,581,0,0,500,0.6,1000,0.2,1400,0.2,0
1,4,489,1,0,300,0.5,1700,0.5,1
1,5,768,1,0,500,0.6,1000,0.2,1400,0.2,0
1,6,187,1,0,300,0.5,1700,0.5,1
1,7,630,1,0,300,0.5,1700,0.5,0
1,8,661,0,0,500,0.6,1000,0.2,1400,0.2,0
1,9,610,2,10,5,0,300,0.5,1700,0.5,1
1,10,53,1,0,500,0.6,1000,0.2,1400,0.2,2
1,11,107,1,0,300,0.5,1700,0.5,1
1,12,262,0,0,500,0.6,1000,0.2,1400,0.2,1
1,13,638,1,0,500,0.6,1000,0.2,1400,0.2,0
1,14,460,2,10,5,0,300,0.5,1700,0.5,2
1,15,336,1,0,500,0.6,1000,0.2,1400,0.2,0
1,16,654,2,10,5,0,500,0.6,1000,0.2,1400,0.2,1
1,17,252,0,0,500,0.6,1000,0.2,1400,0.2,1
1,18,739,0,0,500,0.6,1000,0.2,1400,0.2,0
1,19,943,2,10,5,0,300,0.5,1700,0.5,0
2,0,546,1,0,500,0.6,1000,0.2,1400,0.2,2
2,1,872,1,0,300,0.5,1700,0.5,0
2,2,579,2,10,5,0,300,0.5,1700,0.5,1
2,3,246,2,10,5,0,300,0.5,1700,0.5,1
2,4,36,1,0,500,0.6,1000,0.2,1400,0.2,1
2,5,695,2,10,5,0,300,0.5,1700,0.5,0
2,6,13,2,10,5,0,300,0.5,1700,0.5,2
2,7,220,1,0,500,0.6,1000,0.2,1400,0.2,2
2,8,195,0,0,500,0.6,1000,0.2,1400,0.2,1
2,9,501,0,0,500,0.6,1000,0.2,1400,0.2,2
2,10,989,2,10,5,0,300,0.5,1700,0.5,0
2,11,895,1,0,300,0.5,1700,0.5,2
2,12,795,2,10,5,0,500,0.6,1000,0.2,1400,0.2,1
2,13,571,1,0,300,0.5,1700,0.5,1
2,14,299,2,10,5,0,500,0.6,1000,0.2,1400,0.2,2
2,15,912,2,10,5,0,300,0.5,1700,0.5,0
2,16,237,2,10,5,0,500,0.6,1000,0.2,1400,0.2,0
2,17,280,0,0,500,0.6,1000,0.2,1400,0.2,1
2,18,500,0,0,300,0.5,1700,0.5,1
2,19,254,2,10,5,0,300,0.5,1700,0.5,2
3,0,672,1,0,300,0.5,1700,0.5,1
3,1,325,1,0,300,0.5,1700,0.5,0
3,2,811,0,0,300,0.5,1700,0.5,1
3,3,661,0,0,300,0.5,1700,0.5,2
3,4,743,1,0,500,0.6,1000,0.2,1400,0.2,0
3,5,130,0,0,500,0.6,1000,0.2,1400,0.2,1
3,6,286,1,0,500,0.6,1000,0.2,1400,0.2,1
3,7,66,0,0,500,0.6,1000,0.2,1400,0.2,0
3,8,992,0,0,500,0.6,1000,0.2,1400,0.2,0
3,9,383,1,0,300,0.5,1700,0.5,0
3,10,912,1,0,300,0.5,1700,0.5,2
3,11,36,0,0,300,0.5,1700,0.5,1
3,12,701,0,0,500,0.6,1000,0.2,1400,0.2,1
3,13,485,0,0,500,0.6,1000,0.2,1400,0.2,1
3,14,417,0,0,300,0.5,1700,0.5,1
3,15,507,0,0,300,0.5,1700,0.5,1
3,16,418,2,10,5,0,500,0.6,1000,0.2,1400,0.2,2
3,17,879,1,0,500,0.6,1000,0.2,1400,0.2,0
3,18,760,2,10,5,0,500,0.6,1000,0.2,1400,0.2,0
3,19,443,0,0,300,0.5,1700,0.5,0
4,0,339,2,10,5,0,500,0.6,1000,0.2,1400,0.2,0
4,1,903,2,10,5,0,300,0.5,1700,0.5,1
4,2,158,2,10,5,0,500,0.6,1000,0.2,1400,0.2,2
4,3,605,2,10,5,0,500,0.6,1000,0.2,1400,0.2,2
4,4,499,0,0,300,0.5,1700,0.5,1
4,5,205,0,0,300,0.5,1700,0.5,0
4,6,271,1,0,500,0.6,1000,0.2,1400,0.2,0
4,7,576,2,10,5,0,300,0.5,1700,0.5,0
4,8,373,0,0,300,0.5,1700,0.5,2
4,9,475,2,10,5,0,300,0.5,1700,0.5,2
4,10,983,2,10,5,0,300,0.5,1700,0.5,1
4,11,461,1,0,500,0.6,1000,0.2,1400,0.2,0
4,12,51,2,10,5,0,500,0.6,1000,0.2,1400,0.2,1
4,13,196,2,10,5,0,500,0.6,1000,0.2,1400,0.2,1
4,14,352,0,0,300,0.5,1700,0.5,0
4,15,950,0,0,500,0.6,1000,0.2,1400,0.2,2
4,16,488,1,0,500,0.6,1000,0.2,1400,0.2,0
4,17,156,0,0,500,0.6,1000,0.2,1400,0.2,0
4,18,780,2,10,5,0,500,0.6,1000,0.2,1400,0.2,2
4,19,241,0,0,300,0.5,1700,0.5,2
5,0,279,2,10,5,0,300,0.5,1700,0.5,1
5,1,924,0,0,500,0.6,1000,0.2,1400,0.2,1
5,2,742,1,0,300,0.5,1700,0.5,2
5,3,15,1,0,500,0.6,1000,0.2,1400,0.2,1
5,4,905,1,0,300,0.5,1700,0.5,2
5,5,348,0,0,300,0.5,1700,0.5,2
5,6,749,0,0,500,0.6,1000,0.2,1400,0.2,2
5,7,995,2,10,5,0,300,0.5,1700,0.5,0
5,8,129,1,0,500,0.6,1000,0.2,1400,0.2,2
5,9,105,0,0,300,0.5,1700,0.5,2
5,10,20,1,0,300,0.5,1700,0.5,2
5,11,293,0,0,300,0.5,1700,0.5,2
5,12,872,2,10,5,0,500,0.6,1000,0.2,1400,0.2,2
5,13,757,1,0,500,0.6,1000,0.2,1400,0.2,2
5,14,601,0,0,300,0.5,1700,0.5,0
5,15,261,1,0,500,0.6,1000,0.2,1400,0.2,0
5,16,625,2,10,5,0,500,0.6,1000,0.2,1400,0.2,0
5,17,643,1,0,300,0.5,1700,0.5,2
5,18,790,1,0,300,0.5,1700,0.5,2
5,19,522,0,0,500,0.6,1000,0.2,1400,0.2,1
6,0,546,2,10,5,0,300,0.5,1700,0.5,2
6,1,33,2,10,5,0,300,0.5,1700,0.5,1
6,2,634,1,0,500,0.6,1000,0.2,1400,0.2,2
6,3,806,1,0,500,0.6,1000,0.2,1400,0.2,2
6,4,351,0,0,500,0.6,1000,0.2,1400,0.2,2
6,5,350,1,0,500,0.6,1000,0.2,1400,0.2,2
6,6,936,0,0,300,0.5,1700,0.5,0
6,7,846,0,0,300,0.5,1700,0.5,2
6,8,768,2,10,5,0,300,0.5,1700,0.5,0
6,9,435,2,10,5,0,500,0.6,1000,0.2,1400,0.2,0
6,10,478,2,10,5,0,300,0.5,1700,0.5,0
6,11,388,2,10,5,0,300,0.5,1700,0.5,0
6,12,297,2,10,5,0,300,0.5,1700,0.5,2
6,13,684,2,10,5,0,500,0.6,1000,0.2,1400,0.2,2
6,14,526,1,0,300,0.5,1700,0.5,1
6,15,869,0,0,300,0.5,1700,0.5,1
6,16,213,2,10,5,0,300,0.5,1700,0.5,0
6,17,819,2,10,5,0,500,0.6,1000,0.2,1400,0.2,0
6,18,494,0,0,300,0.5,1700,0.5,2
6,19,633,0,0,500,0.6,1000,0.2,1400,0.2,2
7,0,401,0,0,500,0.6,1000,0.2,1400,0.2,2
7,1,249,2,10,5,0,300,0.5,1700,0.5,1
7,2,334,2,10,5,0,300,0.5,1700,0.5,2
7,3,456,2,10,5,0,500,0.6,1000,0.2,1400,0.2,1
7,4,812,0,0,500,0.6,1000,0.2,1400,0.2,2
7,5,333,1,0,300,0.5,1700,0.5,0
7,6,354,0,0,500,0.6,1000,0.2,1400,0.2,0
7,7,974,0,0,500,0.6,1000,0.2,1400,0.2,1
7,8,302,2,10,5,0,300,0.5,1700,0.5,2
7,9,32,0,0,500,0.6,1000,0.2,1400,0.2,1
7,10,604,0,0,300,0.5,1700,0.5,2
7,11,12,0,0,500,0.6,1000,0.2,1400,0.2,1
7,12,42,0,0,500,0.6,1000,0.2,1400,0.2,1
7,13,340,0,0,300,0.5,1700,0.5,2
7,14,117,0,0,300,0.5,1700,0.5,1
7,15,403,0,0,500,0.6,1000,0.2,1400,0.2,1
7,16,844,2,10,5,0,300,0.5,1700,0.5,0
7,17,680,2,10,5,0,500,0.6,1000,0.2,1400,0.2,1
7,18,290,0,0,300,0.5,1700,0.5,2
7,19,306,2,10,5,0,500,0.6,1000,0.2,1400,0.2,1
8,0,305,0,0,500,0.6,1000,0.2,1400,0.2,0
8,1,13,0,0,300,0.5,1700,0.5,0
8,2,634,2,10,5,0,300,0.5,1700,0.5,1
8,3,204,1,0,500,0.6,1000,0.2,1400,0.2,0
8,4,412,2,10,5,0,500,0.6,1000,0.2,1400,0.2,1
8,5,260,1,0,300,0.5,1700,0.5,2
8,6,251,0,0,500,0.6,1000,0.2,1400,0.2,0
8,7,73,1,0,300,0.5,1700,0.5,2
8,8,657,0,0,500,0.6,1000,0.2,1400,0.2,1
8,9,858,1,0,300,0.5,1700,0.5,0
8,10,683,0,0,300,0.5,1700,0.5,2
8,11,150,2,10,5,0,300,0.5,1700,0.5,1
8,12,825,0,0,300,0.5,1700,0.5,2
8,13,248,0,0,500,0.6,1000,0.2,1400,0.2,0
8,14,494,1,0,300,0.5,1700,0.5,2
8,15,916,1,0,300,0.5,1700,0.5,1
8,16,510,0,0,500,0.6,1000,0.2,1400,0.2,2
8,17,853,1,0,300,0.5,1700,0.5,2
8,18,84,1,0,300,0.5,1700,0.5,2
8,19,691,2,10,5,0,300,0.5,1700,0.5,2
9,0,614,0,0,300,0.5,1700,0.5,1
9,1,303,1,0,500,0.6,1000,0.2,1400,0.2,2
9,2,118,2,10,5,0,500,0.6,1000,0.2,1400,0.2,2
9,3,80,2,10,5,0,500,0.6,1000,0.2,1400,0.2,2
9,4,18,1,0,300,0.5,1700,0.5,2
9,5,850,0,0,500,0.6,1000,0.2,1400,0.2,0
9,6,155,0,0,500,0.6,1000,0.2,1400,0.2,0
9,7,732,2,10,5,0,500,0.6,1000,0.2,1400,0.2,1
9,8,777,2,10,5,0,300,0.5,1700,0.5,2
9,9,42,2,10,5,0,300,0.5,1700,0.5,0
9,10,262,2,10,5,0,500,0.6,1000,0.2,1400,0.2,1
9,11,310,0,0,300,0.5,1700,0.5,0
9,12,308,2,10,5,0,300,0.5,1700,0.5,0
9,13,261,0,0,300,0.5,1700,0.5,2
9,14,881,2,10,5,0,500,0.6,1000,0.2,1400,0.2,0
9,15,212,1,0,500,0.6,1000,0.2,1400,0.2,1
9,16,702,0,0,300,0.5,1700,0.5,2
9,17,293,2,10,5,0,500,0.6,1000,0.2,1400,0.2,0
9,18,285,2,10,5,0,300,0.5,1700,0.5,2
9,19,523,2,10,5,0,500,0.6,1000,0.2,1400,0.2,0
10,0,603,2,10,5,0,300,0.5,1700,0.5,0
10,1,916,1,0,500,0.6,1000,0.2,1400,0.2,2
10,2,120,2,10,5,0,500,0.6,1000,0.2,1400,0.2,1
10,3,427,2,10,5,0,300,0.5,1700,0.5,1
10,4,527,2,10,5,0,300,0.5,1700,0.5,1
10,5,752,2,10,5,0,500,0.6,1000,0.2,1400,0.2,1
10,6,718,1,0,300,0.5,1700,0.5,2
10,7,322,1,0,300,0.5,1700,0.5,1
10,8,662,1,0,500,0.6,1000,0.2,1400,0.2,0
10,9,794,2,10,5,0,500,0.6,1000,0.2,1400,0.2,2
10,10,284,1,0,300,0.5,1700,0.5,1
10,11,681,0,0,300,0.5,1700,0.5,1
10,12,63,0,0,300,0.5,1700,0.5,0
10,13,146,0,0,500,0.6,1000,0.2,1400,0.2,1
10,14,382,1,0,300,0.5,1700,0.5,0
10,15,681,0,0,300,0.5,1700,0.5,2
10,16,884,0,0,500,0.6,1000,0.2,1400,0.2,0
10,17,217,2,10,5,0,500,0.6,1000,0.2,1400,0.2,0
10,18,682,2,10,5,0,500,0.6,1000,0.2,1400,0.2,0
10,19,328,2,10,5,0,500,0.6,1000,0.2,1400,0.2,2
11,0,265,1,0,500,0.6,1000,0.2,1400,0.2,2
11,1,491,0,0,500,0.6,1000,0.2,1400,0.2,0
11,2,277,2,10,5,0,300,0.5,1700,0.5,0
11,3,834,1,0,300,0.5,1700,0.5,1
11,4,13,0,0,500,0.6,1000,0.2,1400,0.2,2
11,5,71,0,0,500,0.6,1000,0.2,1400,0.2,1
11,6,332,0,0,300,0.5,1700,0.5,1
11,7,199,0,0,300,0.5,1700,0.5,2
11,8,953,0,0,300,0.5,1700,0.5,2
11,9,149,2,10,5,0,300,0.5,1700,0.5,2
11,10,614,1,0,300,0.5,1700,0.5,1
11,11,174,2,10,5,0,300,0.5,1700,0.5,0
11,12,837,2,10,5,0,300,0.5,1700,0.5,0
11,13,757,0,0,300,0.5,1700,0.5,1
11,14,458,2,10,5,0,300,0.5,1700,0.5,0
11,15,282,2,10,5,0,300,0.5,1700,0.5,0
11,16,965,0,0,300,0.5,1700,0.5,1
11,17,890,2,10,5,0,500,0.6,1000,0.2,1400,0.2,1
11,18,580,1,0,300,0.5,1700,0.5,2
11,19,69,1,0,300,0.5,1700,0.5,2
12,0,65,2,10,5,0,300,0.5,1700,0.5,1
12,1,914,1,0,500,0.6,1000,0.2,1400,0.2,2
12,2,854,0,0,500,0.6,1000,0.2,1400,0.2,1
12,3,553,2,10,5,0,300,0.5,1700,0.5,2
12,4,712,2,10,5,0,300,0.5,1700,0.5,1
12,5,707,1,0,500,0.6,1000,0.2,1400,0.2,0
12,6,813,0,0,500,0.6,1000,0.2,1400,0.2,0
12,7,857,1,0,500,0.6,1000,0.2,1400,0.2,2
12,8,649,2,10,5,0,500,0.6,1000,0.2,1400,0.2,1
12,9,641,0,0,300,0.5,1700,0.5,1
12,10,706,0,0,300,0.5,1700,0.5,1
12,11,196,1,0,300,0.5,1700,0.5,0
12,12,307,2,10,5,0,300,0.5,1700,0.5,2
12,13,398,1,0,500,0.6,1000,0.2,1400,0.2,2
12,14,872,1,0,300,0.5,1700,0.5,0
12,15,593,1,0,300,0.5,1700,0.5,1
12,16,876,2,10,5,0,300,0.5,1700,0.5,1
12,17,278,2,10,5,0,300,0.5,1700,0.5,2
12,18,525,2,10,5,0,300,0.5,1700,0.5,1
12,19,569,2,10,5,0,500,0.6,1000,0.2,1400,0.2,2
13,0,375,2,10,5,0,500,0.6,1000,0.2,1400,0.2,1
13,1,224,1,0,500,0.6,1000,0.2,1400,0.2,0
13,2,33,1,0,300,0.5,1700,0.5,2
13,3,708,1,0,300,0.5,1700,0.5,1
13,4,247,2,10,5,0,300,0.5,1700,0.5,2
13,5,707,1,0,300,0.5,1700,0.5,1
13,6,916,0,0,300,0.5,1700,0.5,1
13,7,916,1,0,300,0.5,1700,0.5,0
13,8,561,1,0,300,0.5,1700,0.5,0
13,9,618,0,0,500,0.6,1000,0.2,1400,0.2,1
13,10,464,1,0,300,0.5,1700,0.5,1
13,11,622,1,0,500,0.6,1000,0.2,1400,0.2,2
13,12,37,2,10,5,0,300,0.5,1700,0.5,0
13,13,584,1,0,500,0.6,1000,0.2,1400,0.2,1
13,14,463,0,0,500,0.6,1000,0.2,1400,0.2,2
13,15,334,1,0,500,0.6,1000,0.2,1400,0.2,0
13,16,842,0,0,300,0.5,1700,0.5,0
13,17,846,2,10,5,0,300,0.5,1700,0.5,0
13,18,28,1,0,500,0.6,1000,0.2,1400,0.2,2
13,19,20,0,0,500,0.6,1000,0.2,1400,0.2,2
14,0,514,0,0,500,0.6,1000,0.2,1400,0.2,0
14,1,631,2,10,5,0,500,0.6,1000,0.2,1400,0.2,1
14,2,765,1,0,300,0.5,1700,0.5,1
14,3,370,0,0,300,0.5,1700,0.5,2
14,4,922,1,0,500,0.6,1000,0.2,1400,0.2,0
14,5,503,0,0,300,0.5,1700,0.5,1
14,6,752,1,0,300,0.5,1700,0.5,2
14,7,922,1,0,500,0.6,1000,0.2,1400,0.2,0
14,8,584,0,0,300,0.5,1700,0.5,1
14,9,278,1,0,300,0.5,1700,0.5,1
14,10,863,1,0,300,0.5,1700,0.5,1
14,11,62,1,0,300,0.5,1700,0.5,1
14,12,770,2,10,5,0,300,0.5,1700,0.5,1
14,13,893,0,0,500,0.6,1000,0.2,1400,0.2,0
14,14,508,0,0,500,0.6,1000,0.2,1400,0.2,1
14,15,438,0,0,300,0.5,1700,0.5,0
14,16,903,2,10,5,0,300,0.5,1700,0.5,1
14,17,665,0,0,300,0.5,1700,0.5,1
14,18,801,2,10,5,0,500,0.6,1000,0.2,1400,0.2,2
14,19,847,2,10,5,0,500,0.6,1000,0.2,1400,0.2,0
15,0,717,1,0,300,0.5,1700,0.5,2
15,1,124,2,10,5,0,300,0.5,1700,0.5,1
15,2,62,1,0,300,0.5,1700,0.5,2
15,3,766,2,10,5,0,500,0.6,1000,0.2,1400,0.2,2
15,4,381,0,0,500,0.6,1000,0.2,1400,0.2,0
15,5,554,0,0,300,0.5,1700,0.5,1
15,6,130,1,0,300,0.5,1700,0.5,1
15,7,115,2,10,5,0,300,0.5,1700,0.5,0
15,8,622,2,10,5,0,300,0.5,1700,0.5,2
15,9,195,2,10,5,0,500,0.6,1000,0.2,1400,0.2,1
15,10,131,2,10,5,0,300,0.5,1700,0.5,0
15,11,571,0,0,500,0.6,1000,0.2,1400,0.2,0
15,12,948,0,0,500,0.6,1000,0.2,1400,0.2,1
15,13,789,0,0,500,0.6,1000,0.2,1400,0.2,2
15,14,521,1,0,500,0.6,1000,0.2,1400,0.2,1
15,15,37,1,0,300,0.5,1700,0.5,1
15,16,591,2,10,5,0,500,0.6,1000,0.2,1400,0.2,2
15,17,596,0,0,300,0.5,1700,0.5,0
15,18,386,1,0,300,0.5,1700,0.5,1
15,19,913,0,0,500,0.6,1000,0.2,1400,0.2,0
16,0,402,2,10,5,0,300,0.5,1700,0.5,1
16,1,72,1,0,500,0.6,1000,0.2,1400,0.2,2
16,2,25,0,0,500,0.6,1000,0.2,1400,0.2,2
16,3,461,2,10,5,0,500,0.6,1000,0.2,1400,0.2,0
16,4,632,1,0,300,0.5,1700,0.5,1
16,5,216,0,0,300,0.5,1700,0.5,1
16,6,426,2,10,5,0,300,0.5,1700,0.5,1
16,7,919,0,0,500,0.6,1000,0.2,1400,0.2,2
16,8,432,1,0,500,0.6,1000,0.2,1400,0.2,1
16,9,192,2,10,5,0,300,0.5,1700,0.5,0
16,10,305,1,0,500,0.6,1000,0.2,1400,0.2,1
16,11,773,1,0,500,0.6,1000,0.2,1400,0.2,1
16,12,715,1,0,500,0.6,1000,0.2,1400,0.2,1
16,13,75,0,0,300,0.5,1700,0.5,0
16,14,466,0,0,500,0.6,1000,0.2,1400,0.2,1
16,15,963,1,0,500,0.6,1000,0.2,1400,0.2,1
16,16,221,2,10,5,0,300,0.5,1700,0.5,2
16,17,982,0,0,300,0.5,1700,0.5,2
16,18,926,2,10,5,0,300,0.5,1700,0.5,0
16,19,74,1,0,500,0.6,1000,0.2,1400,0.2,2
17,0,722,2,10,5,0,500,0.6,1000,0.2,1400,0.2,0
17,1,704,1,0,300,0.5,1700,0.5,1
17,2,358,1,0,500,0.6,1000,0.2,1400,0.2,0
17,3,827,1,0,300,0.5,1700,0.5,0
17,4,821,0,0,300,0.5,1700,0.5,0
17,5,50,0,0,300,0.5,1700,0.5,0
17,6,148,2,10,5,0,500,0.6,1000,0.2,1400,0.2,1
17,7,305,1,0,500,0.6,1000,0.2,1400,0.2,1
17,8,326,2,10,5,0,300,0.5,1700,0.5,0
17,9,506,0,0,500,0.6,1000,0.2,1400,0.2,0
17,10,888,2,10,5,0,500,0.6,1000,0.2,1400,0.2,2
17,11,500,1,0,300,0.5,1700,0.5,1
17,12,840,0,0,300,0.5,1700,0.5,0
17,13,298,1,0,500,0.6,1000,0.2,1400,0.2,1
17,14,828,2,10,5,0,300,0.5,1700,0.5,1
17,15,938,0,0,500,0.6,1000,0.2,1400,0.2,0
17,16,67,0,0,500,0.6,1000,0.2,1400,0.2,2
17,17,515,1,0,500,0.6,1000,0.2,1400,0.2,1
17,18,450,2,10,5,0,300,0.5,1700,0.5,0
17,19,73,1,0,500,0.6,1000,0.2,1400,0.2,1
18,0,577,2,10,5,0,300,0.5,1700,0.5,1
18,1,10,1,0,500,0.6,1000,0.2,1400,0.2,2
18,2,799,2,10,5,0,500,0.6,1000,0.2,1400,0.2,1
18,3,193,2,10,5,0,300,0.5,1700,0.5,1
18,4,58,1,0,300,0.5,1700,0.5,2
18,5,433,0,0,300,0.5,1700,0.5,0
18,6,267,2,10,5,0,500,0.6,1000,0.2,1400,0.2,0
18,7,21,0,0,300,0.5,1700,0.5,0
18,8,338,2,10,5,0,300,0.5,1700,0.5,2
18,9,356,2,10,5,0,500,0.6,1000,0.2,1400,0.2,2
18,10,383,2,10,5,0,300,0.5,1700,0.5,1
18,11,867,1,0,300,0.5,1700,0.5,2
18,12,537,2,10,5,0,500,0.6,1000,0.2,1400,0.2,0
18,13,964,1,0,500,0.6,1000,0.2,1400,0.2,2
18,14,976,0,0,500,0.6,1000,0.2,1400,0.2,1
18,15,806,1,0,300,0.5,1700,0.5,0
18,16,480,1,0,300,0.5,1700,0.5,2
18,17,290,0,0,500,0.6,1000,0.2,1400,0.2,2
18,18,156,1,0,300,0.5,1700,0.5,2
18,19,124,1,0,300,0.5,1700,0.5,1
19,0,103,1,0,300,0.5,1700,0.5,0
19,1,550,0,0,500,0.6,1000,0.2,1400,0.2,2
19,2,216,2,10,5,0,300,0.5,1700,0.5,0
19,3,618,1,0,300,0.5,1700,0.5,1
19,4,665,0,0,500,0.6,1000,0.2,1400,0.2,2
19,5,769,1,0,500,0.6,1000,0.2,1400,0.2,2
19,6,965,1,0,300,0.5,1700,0.5,0
19,7,715,0,0,500,0.6,1000,0.2,1400,0.2,2
19,8,386,0,0,300,0.5,1700,0.5,0
19,9,493,1,0,500,0.6,1000,0.2,1400,0.2,1
19,10,785,0,0,300,0.5,1700,0.5,0
19,11,407,1,0,300,0.5,1700,0.5,1
19,12,433,0,0,300,0.5,1700,0.5,2
19,13,967,0,0,300,0.5,1700,0.5,0
19,14,475,1,0,300,0.5,1700,0.5,1
19,15,864,1,0,300,0.5,1700,0.5,0
19,16,223,2,10,5,0,300,0.5,1700,0.5,2
19,17,620,1,0,300,0.5,1700,0.5,1
19,18,648,0,0,500,0.6,1000,0.2,1400,0.2,2
19,19,834,2,10,5,0,300,0.5,1700,0.5,2
