0,0,601,1,0,300,0.5,1700,0.5,0
0,1,219,2,10,5,0,500,0.6,1000,0.2,1400,0.2,2
0,2,563,2,10,5,0,300,0.5,1700,0.5,2
0,3,661,2,10,5,0,300,0.5,1700,0.5,2
0,4,936,1,0,500,0.6,1000,0.2,1400,0.2,0
0,5,620,2,10,5,0,500,0.6,1000,0.2,1400,0.2,0
0,6,284,1,0,300,0.5,1700,0.5,1
0,7,592,1,0,500,0.6,1000,0.2,1400,0.2,2
0,8,370,1,0,500,0.6,1000,0.2,1400,0.2,1
0,9,759,1,0,300,0.5,1700,0.5,1
0,10,438,1,0,300,0.5,1700,0.5,1
0,11,927,1,0,300,0.5,1700,0.5,1
0,12,648,2,10,5,0,300,0.5,1700,0.5,1
0,13,458,0,0,300,0.5,1700,0.5,0
0,14,170,1,0,500,0.6,1000,0.2,1400,0.2,1
0,15,257,0,0,500,0.6,1000,0.2,1400,0.2,1
0,16,289,1,0,500,0.6,1000,0.2,1400,0.2,2
0,17,321,2,10,5,0,500,0.6,1000,0.2,1400,0.2,1
0,18,611,1,0,300,0.5,1700,0.5,2
0,19,834,2,10,5,0,300,0.5,1700,0.5,2
1,0,30,0,0,500,0.6,1000,0.2,1400,0.2,1
1,1,380,2,10,5,0,300,0.5,1700,0.5,0
1,2,545,0,0,500,0.6,1000,0.2,1400,0.2,0
1,3,392,0,0,300,0.5,1700,0.5,0
1,4,496,0,0,300,0.5,1700,0.5,1
1,5,644,0,0,300,0.5,1700,0.5,0
1,6,712,0,0,300,0.5,1700,0.5,2
1,7,87,1,0,500,0.6,1000,0.2,1400,0.2,2
1,8,659,1,0,300,0.5,1700,0.5,2
1,9,192,2,10,5,0,500,0.6,1000,0.2,1400,0.2,1
1,10,774,2,10,5,0,500,0.6,1000,0.2,1400,0.2,1
1,11,893,0,0,300,0.5,1700,0.5,0
1,12,562,1,0,500,0.6,1000,0.2,1400,0.2,2
1,13,628,2,10,5,0,300,0.5,1700,0.5,2
1,14,883,0,0,500,0.6,1000,0.2,1400,0.2,2
1,15,59,0,0,300,0.5,1700,0.5,2
1,16,516,0,0,500,0.6,1000,0.2,1400,0.2,1
1,17,376,0,0,500,0.6,1000,0.2,1400,0.2,0
1,18,739,2,10,5,0,500,0.6,1000,0.2,1400,0.2,1
1,19,47,0,0,300,0.5,1700,0.5,0
2,0,101,2,10,5,0,300,0.5,1700,0.5,2
2,1,471,0,0,500,0.6,1000,0.2,1400,0.2,0
2,2,661,2,10,5,0,300,0.5,1700,0.5,1
2,3,740,0,0,300,0.5,1700,0.5,1
2,4,379,1,0,500,0.6,1000,0.2,1400,0.2,1
2,5,943,1,0,300,0.5,1700,0.5,1
2,6,333,1,0,500,0.6,1000,0.2,1400,0.2,0
2,7,485,1,0,500,0.6,1000,0.2,1400,0.2,1
2,8,606,0,0,300,0.5,1700,0.5,2
2,9,631,1,0,500,0.6,1000,0.2,1400,0.2,0
2,10,48,1,0,500,0.6,1000,0.2,1400,0.2,1
2,11,578,1,0,500,0.6,1000,0.2,1400,0.2,1
2,12,995,0,0,300,0.5,1700,0.5,1
2,13,242,0,0,300,0.5,1700,0.5,2
2,14,137,1,0,300,0.5,1700,0.5,1
2,15,578,2,10,5,0,500,0.6,1000,0.2,1400,0.2,2
2,16,920,1,0,300,0.5,1700,0.5,2
2,17,82,2,10,5,0,300,0.5,1700,0.5,2
2,18,901,0,0,500,0.6,1000,0.2,1400,0.2,2
2,19,485,0,0,500,0.6,1000,0.2,1400,0.2,2
3,0,302,2,10,5,0,500,0.6,1000,0.2,1400,0.2,2
3,1,418,2,10,5,0,500,0.6,1000,0.2,1400,0.2,0
3,2,341,2,10,5,0,300,0.5,1700,0.5,1
3,3,92,2,10,5,0,500,0.6,1000,0.2,1400,0.2,0
3,4,248,1,0,500,0.6,1000,0.2,1400,0.2,2
3,5,740,0,0,300,0.5,1700,0.5,0
3,6,492,0,0,300,0.5,1700,0.5,1
3,7,619,0,0,500,0.6,1000,0.2,1400,0.2,1
3,8,817,1,0,500,0.6,1000,0.2,1400,0.2,2
3,9,785,2,10,5,0,300,0.5,1700,0.5,1
3,10,568,2,10,5,0,500,0.6,1000,0.2,1400,0.2,1
3,11,811,2,10,5,0,300,0.5,1700,0.5,1
3,12,22,1,0,300,0.5,1700,0.5,1
3,13,924,1,0,300,0.5,1700,0.5,2
3,14,19,0,0,500,0.6,1000,0.2,1400,0.2,2
3,15,679,1,0,300,0.5,1700,0.5,0
3,16,619,1,0,300,0.5,1700,0.5,0
3,17,32,2,10,5,0,500,0.6,1000,0.2,1400,0.2,1
3,18,320,2,10,5,0,300,0.5,1700,0.5,1
3,19,782,0,0,300,0.5,1700,0.5,1
4,0,685,1,0,300,0.5,1700,0.5,2
4,1,438,1,0,500,0.6,1000,0.2,1400,0.2,0
4,2,784,0,0,300,0.5,1700,0.5,2
4,3,800,1,0,500,0.6,1000,0.2,1400,0.2,1
4,4,817,2,10,5,0,500,0.6,1000,0.2,1400,0.2,1
4,5,649,0,0,500,0.6,1000,0.2,1400,0.2,1
4,6,970,1,0,300,0.5,1700,0.5,0
4,7,571,0,0,300,0.5,1700,0.5,1
4,8,312,1,0,300,0.5,1700,0.5,1
4,9,137,1,0,300,0.5,1700,0.5,0
4,10,519,1,0,500,0.6,1000,0.2,1400,0.2,2
4,11,851,0,0,300,0.5,1700,0.5,1
4,12,375,1,0,300,0.5,1700,0.5,0
4,13,639,1,0,300,0.5,1700,0.5,1
4,14,815,2,10,5,0,300,0.5,1700,0.5,1
4,15,796,1,0,300,0.5,1700,0.5,1
4,16,497,2,10,5,0,300,0.5,1700,0.5,0
4,17,372,1,0,300,0.5,1700,0.5,1
4,18,800,2,10,5,0,300,0.5,1700,0.5,2
4,19,892,2,10,5,0,500,0.6,1000,0.2,1400,0.2,1
5,0,406,0,0,300,0.5,1700,0.5,0
5,1,356,1,0,300,0.5,1700,0.5,2
5,2,990,2,10,5,0,300,0.5,1700,0.5,0
5,3,918,0,0,300,0.5,1700,0.5,2
5,4,579,1,0,300,0.5,1700,0.5,2
5,5,793,2,10,5,0,500,0.6,1000,0.2,1400,0.2,0
5,6,172,1,0,300,0.5,1700,0.5,0
5,7,170,1,0,300,0.5,1700,0.5,2
5,8,618,2,10,5,0,300,0.5,1700,0.5,1
5,9,389,0,0,300,0.5,1700,0.5,1
5,10,519,0,0,500,0.6,1000,0.2,1400,0.2,0
5,11,621,2,10,5,0,300,0.5,1700,0.5,0
5,12,496,0,0,500,0.6,1000,0.2,1400,0.2,1
5,13,302,0,0,500,0.6,1000,0.2,1400,0.2,2
5,14,931,1,0,300,0.5,1700,0.5,2
5,15,386,1,0,300,0.5,1700,0.5,0
5,16,902,1,0,300,0.5,1700,0.5,0
5,17,282,1,0,500,0.6,1000,0.2,1400,0.2,2
5,18,692,0,0,300,0.5,1700,0.5,0
5,19,687,1,0,300,0.5,1700,0.5,0
6,0,675,1,0,300,0.5,1700,0.5,2
6,1,517,2,10,5,0,300,0.5,1700,0.5,1
6,2,578,0,0,300,0.5,1700,0.5,2
6,3,342,1,0,500,0.6,1000,0.2,1400,0.2,2
6,4,446,0,0,300,0.5,1700,0.5,1
6,5,842,1,0,300,0.5,1700,0.5,1
6,6,332,1,0,300,0.5,1700,0.5,2
6,7,271,0,0,500,0.6,1000,0.2,1400,0.2,1
6,8,189,2,10,5,0,500,0.6,1000,0.2,1400,0.2,2
6,9,142,0,0,500,0.6,1000,0.2,1400,0.2,0
6,10,903,2,10,5,0,500,0.6,1000,0.2,1400,0.2,1
6,11,931,1,0,300,0.5,1700,0.5,2
6,12,904,1,0,300,0.5,1700,0.5,0
6,13,532,0,0,300,0.5,1700,0.5,0
6,14,353,1,0,300,0.5,1700,0.5,0
6,15,464,2,10,5,0,300,0.5,1700,0.5,0
6,16,290,0,0,500,0.6,1000,0.2,1400,0.2,0
6,17,484,2,10,5,0,500,0.6,1000,0.2,1400,0.2,2
6,18,433,1,0,300,0.5,1700,0.5,1
6,19,181,1,0,300,0.5,1700,0.5,2
7,0,918,1,0,300,0.5,1700,0.5,1
7,1,520,1,0,500,0.6,1000,0.2,1400,0.2,0
7,2,76,1,0,300,0.5,1700,0.5,0
7,3,693,2,10,5,0,300,0.5,1700,0.5,1
7,4,963,0,0,500,0.6,1000,0.2,1400,0.2,2
7,5,898,1,0,500,0.6,1000,0.2,1400,0.2,1
7,6,709,2,10,5,0,300,0.5,1700,0.5,1
7,7,188,2,10,5,0,500,0.6,1000,0.2,1400,0.2,0
7,8,815,1,0,300,0.5,1700,0.5,1
7,9,727,2,10,5,0,500,0.6,1000,0.2,1400,0.2,1
7,10,675,0,0,500,0.6,1000,0.2,1400,0.2,1
7,11,731,0,0,300,0.5,1700,0.5,2
7,12,990,1,0,300,0.5,1700,0.5,1
7,13,15,0,0,500,0.6,1000,0.2,1400,0.2,2
7,14,183,0,0,500,0.6,1000,0.2,1400,0.2,0
7,15,72,2,10,5,0,300,0.5,1700,0.5,1
7,16,419,0,0,300,0.5,1700,0.5,0
7,17,711,2,10,5,0,500,0.6,1000,0.2,1400,0.2,1
7,18,815,1,0,300,0.5,1700,0.5,2
7,19,276,1,0,300,0.5,1700,0.5,2
8,0,387,0,0,300,0.5,1700,0.5,1
8,1,946,2,10,5,0,500,0.6,1000,0.2,1400,0.2,0
8,2,414,1,0,300,0.5,1700,0.5,2
8,3,160,1,0,500,0.6,1000,0.2,1400,0.2,1
8,4,941,2,10,5,0,500,0.6,1000,0.2,1400,0.2,1
8,5,264,2,10,5,0,500,0.6,1000,0.2,1400,0.2,2
8,6,560,1,0,500,0.6,1000,0.2,1400,0.2,2
8,7,395,2,10,5,0,500,0.6,1000,0.2,1400,0.2,1
8,8,919,1,0,500,0.6,1000,0.2,1400,0.2,1
8,9,535,1,0,500,0.6,1000,0.2,1400,0.2,1
8,10,147,2,10,5,0,500,0.6,1000,0.2,1400,0.2,2
8,11,985,2,10,5,0,500,0.6,1000,0.2,1400,0.2,1
8,12,315,2,10,5,0,500,0.6,1000,0.2,1400,0.2,2
8,13,971,0,0,300,0.5,1700,0.5,0
8,14,929,0,0,500,0.6,1000,0.2,1400,0.2,1
8,15,335,2,10,5,0,500,0.6,1000,0.2,1400,0.2,1
8,16,341,2,10,5,0,500,0.6,1000,0.2,1400,0.2,2
8,17,185,1,0,300,0.5,1700,0.5,0
8,18,954,1,0,500,0.6,1000,0.2,1400,0.2,1
8,19,896,1,0,300,0.5,1700,0.5,0
9,0,938,2,10,5,0,300,0.5,1700,0.5,0
9,1,265,1,0,300,0.5,1700,0.5,1
9,2,48,1,0,300,0.5,1700,0.5,0
9,3,347,2,10,5,0,300,0.5,1700,0.5,1
9,4,166,0,0,500,0.6,1000,0.2,1400,0.2,2
9,5,359,1,0,500,0.6,1000,0.2,1400,0.2,0
9,6,705,1,0,500,0.6,1000,0.2,1400,0.2,2
9,7,156,2,10,5,0,300,0.5,1700,0.5,2
9,8,253,0,0,300,0.5,1700,0.5,0
9,9,885,1,0,500,0.6,1000,0.2,1400,0.2,2
9,10,629,0,0,300,0.5,1700,0.5,2
9,11,838,1,0,500,0.6,1000,0.2,1400,0.2,2
9,12,913,1,0,300,0.5,1700,0.5,2
9,13,789,2,10,5,0,300,0.5,1700,0.5,0
9,14,156,2,10,5,0,300,0.5,1700,0.5,0
9,15,556,0,0,300,0.5,1700,0.5,0
9,16,366,0,0,500,0.6,1000,0.2,1400,0.2,1
9,17,960,2,10,5,0,500,0.6,1000,0.2,1400,0.2,0
9,18,191,0,0,500,0.6,1000,0.2,1400,0.2,0
9,19,780,2,10,5,0,500,0.6,1000,0.2,1400,0.2,0
10,0,855,0,0,300,0.5,1700,0.5,2
10,1,998,0,0,500,0.6,1000,0.2,1400,0.2,2
10,2,615,0,0,500,0.6,1000,0.2,1400,0.2,0
10,3,875,1,0,300,0.5,1700,0.5,2
10,4,528,2,10,5,0,500,0.6,1000,0.2,1400,0.2,0
10,5,224,2,10,5,0,500,0.6,1000,0.2,1400,0.2,0
10,6,509,2,10,5,0,500,0.6,1000,0.2,1400,0.2,2
10,7,969,2,10,5,0,300,0.5,1700,0.5,2
10,8,252,0,0,300,0.5,1700,0.5,2
10,9,419,0,0,300,0.5,1700,0.5,1
10,10,55,2,10,5,0,300,0.5,1700,0.5,1
10,11,909,2,10,5,0,300,0.5,1700,0.5,2
10,12,182,1,0,500,0.6,1000,0.2,1400,0.2,1
10,13,261,0,0,500,0.6,1000,0.2,1400,0.2,1
10,14,201,2,10,5,0,300,0.5,1700,0.5,1
10,15,802,1,0,500,0.6,1000,0.2,1400,0.2,2
10,16,287,0,0,300,0.5,1700,0.5,2
10,17,735,2,10,5,0,300,0.5,1700,0.5,0
10,18,350,1,0,300,0.5,1700,0.5,2
10,19,370,1,0,500,0.6,1000,0.2,1400,0.2,0
11,0,245,1,0,500,0.6,1000,0.2,1400,0.2,2
11,1,303,0,0,500,0.6,1000,0.2,1400,0.2,2
11,2,776,2,10,5,0,300,0.5,1700,0.5,0
11,3,934,2,10,5,0,500,0.6,1000,0.2,1400,0.2,0
11,4,38,2,10,5,0,500,0.6,1000,0.2,1400,0.2,2
11,5,397,0,0,300,0.5,1700,0.5,0
11,6,333,0,0,300,0.5,1700,0.5,2
11,7,291,1,0,500,0.6,1000,0.2,1400,0.2,1
11,8,493,2,10,5,0,500,0.6,1000,0.2,1400,0.2,1
11,9,491,1,0,300,0.5,1700,0.5,0
11,10,609,2,10,5,0,500,0.6,1000,0.2,1400,0.2,0
11,11,691,2,10,5,0,300,0.5,1700,0.5,2
11,12,374,1,0,300,0.5,1700,0.5,0
11,13,692,0,0,500,0.6,1000,0.2,1400,0.2,2
11,14,934,2,10,5,0,500,0.6,1000,0.2,1400,0.2,2
11,15,490,1,0,500,0.6,1000,0.2,1400,0.2,0
11,16,595,0,0,500,0.6,1000,0.2,1400,0.2,0
11,17,353,2,10,5,0,300,0.5,1700,0.5,0
11,18,409,1,0,500,0.6,1000,0.2,1400,0.2,0
11,19,340,1,0,500,0.6,1000,0.2,1400,0.2,1
12,0,654,2,10,5,0,500,0.6,1000,0.2,1400,0.2,2
12,1,755,2,10,5,0,300,0.5,1700,0.5,0
12,2,950,1,0,500,0.6,1000,0.2,1400,0.2,2
12,3,930,2,10,5,0,300,0.5,1700,0.5,2
12,4,52,0,0,500,0.6,1000,0.2,1400,0.2,1
12,5,307,2,10,5,0,300,0.5,1700,0.5,1
12,6,633,1,0,300,0.5,1700,0.5,2
12,7,868,2,10,5,0,300,0.5,1700,0.5,0
12,8,475,2,10,5,0,300,0.5,1700,0.5,2
12,9,920,1,0,500,0.6,1000,0.2,1400,0.2,1
12,10,436,1,0,500,0.6,1000,0.2,1400,0.2,0
12,11,441,0,0,500,0.6,1000,0.2,1400,0.2,0
12,12,144,1,0,500,0.6,1000,0.2,1400,0.2,2
12,13,114,1,0,500,0.6,1000,0.2,1400,0.2,1
12,14,990,1,0,500,0.6,1000,0.2,1400,0.2,1
12,15,21,0,0,500,0.6,1000,0.2,1400,0.2,2
12,16,138,0,0,500,0.6,1000,0.2,1400,0.2,2
12,17,964,0,0,500,0.6,1000,0.2,1400,0.2,2
12,18,315,0,0,300,0.5,1700,0.5,1
12,19,653,2,10,5,0,300,0.5,1700,0.5,1
13,0,81,2,10,5,0,500,0.6,1000,0.2,1400,0.2,2
13,1,887,2,10,5,0,300,0.5,1700,0.5,0
13,2,610,0,0,300,0.5,1700,0.5,0
13,3,834,1,0,500,0.6,1000,0.2,1400,0.2,2
13,4,508,2,10,5,0,300,0.5,1700,0.5,1
13,5,555,2,10,5,0,300,0.5,1700,0.5,1
13,6,410,1,0,500,0.6,1000,0.2,1400,0.2,1
13,7,784,1,0,500,0.6,1000,0.2,1400,0.2,0
13,8,137,2,10,5,0,500,0.6,1000,0.2,1400,0.2,2
13,9,788,2,10,5,0,500,0.6,1000,0.2,1400,0.2,0
13,10,673,2,10,5,0,300,0.5,1700,0.5,0
13,11,180,0,0,500,0.6,1000,0.2,1400,0.2,1
13,12,395,0,0,500,0.6,1000,0.2,1400,0.2,1
13,13,907,0,0,300,0.5,1700,0.5,2
13,14,75,1,0,500,0.6,1000,0.2,1400,0.2,1
13,15,24,0,0,500,0.6,1000,0.2,1400,0.2,1
13,16,473,1,0,300,0.5,1700,0.5,1
13,17,374,1,0,300,0.5,1700,0.5,1
13,18,767,0,0,300,0.5,1700,0.5,1
13,19,475,0,0,500,0.6,1000,0.2,1400,0.2,0
14,0,438,0,0,500,0.6,1000,0.2,1400,0.2,1
14,1,477,1,0,300,0.5,1700,0.5,0
14,2,285,0,0,500,0.6,1000,0.2,1400,0.2,1
14,3,244,1,0,500,0.6,1000,0.2,1400,0.2,0
14,4,957,1,0,300,0.5,1700,0.5,0
14,5,566,2,10,5,0,500,0.6,1000,0.2,1400,0.2,1
14,6,65,0,0,500,0.6,1000,0.2,1400,0.2,2
14,7,946,2,10,5,0,500,0.6,1000,0.2,1400,0.2,0
14,8,763,1,0,500,0.6,1000,0.2,1400,0.2,2
14,9,100,1,0,500,0.6,1000,0.2,1400,0.2,2
14,10,966,2,10,5,0,300,0.5,1700,0.5,0
14,11,32,2,10,5,0,500,0.6,1000,0.2,1400,0.2,0
14,12,600,1,0,300,0.5,1700,0.5,2
14,13,859,0,0,300,0.5,1700,0.5,1
14,14,964,2,10,5,0,500,0.6,1000,0.2,1400,0.2,1
14,15,221,1,0,500,0.6,1000,0.2,1400,0.2,1
14,16,435,2,10,5,0,300,0.5,1700,0.5,0
14,17,139,2,10,5,0,500,0.6,1000,0.2,1400,0.2,2
14,18,829,0,0,300,0.5,1700,0.5,0
14,19,141,2,10,5,0,500,0.6,1000,0.2,1400,0.2,2
15,0,893,0,0,300,0.5,1700,0.5,2
15,1,803,0,0,500,0.6,1000,0.2,1400,0.2,2
15,2,482,1,0,500,0.6,1000,0.2,1400,0.2,1
15,3,34,1,0,300,0.5,1700,0.5,0
15,4,532,2,10,5,0,500,0.6,1000,0.2,1400,0.2,0
15,5,92,0,0,300,0.5,1700,0.5,0
15,6,116,0,0,300,0.5,1700,0.5,2
15,7,702,2,10,5,0,500,0.6,1000,0.2,1400,0.2,0
15,8,890,0,0,500,0.6,1000,0.2,1400,0.2,0
15,9,921,0,0,500,0.6,1000,0.2,1400,0.2,1
15,10,884,2,10,5,0,300,0.5,1700,0.5,1
15,11,830,0,0,500,0.6,1000,0.2,1400,0.2,2
15,12,727,2,10,5,0,500,0.6,1000,0.2,1400,0.2,1
15,13,130,1,0,500,0.6,1000,0.2,1400,0.2,0
15,14,44,2,10,5,0,300,0.5,1700,0.5,1
15,15,393,2,10,5,0,300,0.5,1700,0.5,2
15,16,24,2,10,5,0,300,0.5,1700,0.5,2
15,17,82,2,10,5,0,500,0.6,1000,0.2,1400,0.2,0
15,18,142,1,0,300,0.5,1700,0.5,1
15,19,703,1,0,300,0.5,1700,0.5,1
16,0,171,1,0,500,0.6,1000,0.2,1400,0.2,1
16,1,53,0,0,300,0.5,1700,0.5,0
16,2,48,2,10,5,0,300,0.5,1700,0.5,1
16,3,626,2,10,5,0,300,0.5,1700,0.5,0
16,4,875,0,0,500,0.6,1000,0.2,1400,0.2,2
16,5,21,0,0,500,0.6,1000,0.2,1400,0.2,1
16,6,523,2,10,5,0,300,0.5,1700,0.5,0
16,7,66,1,0,500,0.6,1000,0.2,1400,0.2,1
16,8,263,1,0,300,0.5,1700,0.5,2
16,9,637,0,0,300,0.5,1700,0.5,2
16,10,376,0,0,300,0.5,1700,0.5,2
16,11,887,0,0,500,0.6,1000,0.2,1400,0.2,0
16,12,786,0,0,500,0.6,1000,0.2,1400,0.2,2
16,13,885,1,0,500,0.6,1000,0.2,1400,0.2,2
16,14,203,0,0,500,0.6,1000,0.2,1400,0.2,1
16,15,615,0,0,300,0.5,1700,0.5,0
16,16,558,1,0,300,0.5,1700,0.5,1
16,17,386,0,0,300,0.5,1700,0.5,0
16,18,902,1,0,300,0.5,1700,0.5,0
16,19,193,0,0,500,0.6,1000,0.2,1400,0.2,1
17,0,399,0,0,300,0.5,1700,0.5,1
17,1,675,0,0,300,0.5,1700,0.5,2
17,2,297,0,0,500,0.6,1000,0.2,1400,0.2,2
17,3,839,0,0,300,0.5,1700,0.5,2
17,4,151,1,0,500,0.6,1000,0.2,1400,0.2,1
17,5,491,1,0,500,0.6,1000,0.2,1400,0.2,1
17,6,20,2,10,5,0,500,0.6,1000,0.2,1400,0.2,2
17,7,284,1,0,300,0.5,1700,0.5,0
17,8,524,2,10,5,0,300,0.5,1700,0.5,2
17,9,465,0,0,500,0.6,1000,0.2,1400,0.2,1
17,10,934,1,0,300,0.5,1700,0.5,0
17,11,374,1,0,500,0.6,1000,0.2,1400,0.2,2
17,12,469,2,10,5,0,300,0.5,1700,0.5,1
17,13,91,0,0,500,0.6,1000,0.2,1400,0.2,0
17,14,953,2,10,5,0,500,0.6,1000,0.2,1400,0.2,2
17,15,37,2,10,5,0,300,0.5,1700,0.5,1
17,16,37,2,10,5,0,500,0.6,1000,0.2,1400,0.2,0
17,17,512,2,10,5,0,500,0.6,1000,0.2,1400,0.2,0
17,18,837,2,10,5,0,300,0.5,1700,0.5,0
17,19,913,1,0,300,0.5,1700,0.5,0
18,0,436,1,0,300,0.5,1700,0.5,0
18,1,313,2,10,5,0,300,0.5,1700,0.5,0
18,2,33,2,10,5,0,300,0.5,1700,0.5,0
18,3,175,2,10,5,0,500,0.6,1000,0.2,1400,0.2,0
18,4,349,0,0,300,0.5,1700,0.5,1
18,5,347,1,0,500,0.6,1000,0.2,1400,0.2,1
18,6,900,2,10,5,0,500,0.6,1000,0.2,1400,0.2,0
18,7,249,1,0,500,0.6,1000,0.2,1400,0.2,2
18,8,312,2,10,5,0,500,0.6,1000,0.2,1400,0.2,1
18,9,981,0,0,500,0.6,1000,0.2,1400,0.2,2
18,10,975,1,0,500,0.6,1000,0.2,1400,0.2,1
18,11,375,2,10,5,0,300,0.5,1700,0.5,0
18,12,214,2,10,5,0,300,0.5,1700,0.5,0
18,13,285,2,10,5,0,500,0.6,1000,0.2,1400,0.2,2
18,14,141,1,0,500,0.6,1000,0.2,1400,0.2,0
18,15,262,0,0,500,0.6,1000,0.2,1400,0.2,1
18,16,933,1,0,500,0.6,1000,0.2,1400,0.2,1
18,17,287,2,10,5,0,500,0.6,1000,0.2,1400,0.2,1
18,18,921,0,0,300,0.5,1700,0.5,0
18,19,523,1,0,300,0.5,1700,0.5,2
19,0,804,1,0,300,0.5,1700,0.5,1
19,1,884,0,0,300,0.5,1700,0.5,1
19,2,495,0,0,500,0.6,1000,0.2,1400,0.2,1
19,3,496,0,0,500,0.6,1000,0.2,1400,0.2,0
19,4,732,2,10,5,0,500,0.6,1000,0.2,1400,0.2,0
19,5,256,1,0,500,0.6,1000,0.2,1400,0.2,0
19,6,639,2,10,5,0,500,0.6,1000,0.2,1400,0.2,1
19,7,296,1,0,500,0.6,1000,0.2,1400,0.2,2
19,8,570,0,0,500,0.6,1000,0.2,1400,0.2,1
19,9,142,0,0,500,0.6,1000,0.2,1400,0.2,0
19,10,838,1,0,300,0.5,1700,0.5,2
19,11,758,1,0,500,0.6,1000,0.2,1400,0.2,0
19,12,199,2,10,5,0,300,0.5,1700,0.5,1
19,13,474,0,0,300,0.5,1700,0.5,2
19,14,378,2,10,5,0,500,0.6,1000,0.2,1400,0.2,0
19,15,408,1,0,300,0.5,1700,0.5,2
19,16,381,2,10,5,0,300,0.5,1700,0.5,1
19,17,411,1,0,300,0.5,1700,0.5,2
19,18,43,1,0,300,0.5,1700,0.5,1
19,19,524,1,0,300,0.5,1700,0.5,1
