0,0,146,2,10,5,0,500,0.6,1000,0.2,1400,0.2,0
0,1,887,1,0,500,0.6,1000,0.2,1400,0.2,0
0,2,700,0,0,500,0.6,1000,0.2,1400,0.2,0
0,3,285,1,0,500,0.6,1000,0.2,1400,0.2,1
0,4,344,2,10,5,0,500,0.6,1000,0.2,1400,0.2,2
0,5,829,1,0,300,0.5,1700,0.5,0
0,6,91,1,0,300,0.5,1700,0.5,1
0,7,346,2,10,5,0,300,0.5,1700,0.5,2
0,8,852,1,0,300,0.5,1700,0.5,1
0,9,23,0,0,500,0.6,1000,0.2,1400,0.2,1
0,10,175,1,0,300,0.5,1700,0.5,0
0,11,457,0,0,300,0.5,1700,0.5,0
0,12,746,0,0,300,0.5,1700,0.5,1
0,13,160,2,10,5,0,500,0.6,1000,0.2,1400,0.2,2
0,14,398,1,0,500,0.6,1000,0.2,1400,0.2,1
0,15,284,1,0,300,0.5,1700,0.5,0
0,16,540,2,10,5,0,500,0.6,1000,0.2,1400,0.2,1
0,17,205,0,0,300,0.5,1700,0.5,2
0,18,700,1,0,500,0.6,1000,0.2,1400,0.2,0
0,19,48,0,0,300,0.5,1700,0.5,2
1,0,209,0,0,500,0.6,1000,0.2,1400,0.2,0
1,1,269,2,10,5,0,300,0.5,1700,0.5,2
1,2,521,2,10,5,0,500,0.6,1000,0.2,1400,0.2,1
1,3,822,2,10,5,0,300,0.5,1700,0.5,2
1,4,248,2,10,5,0,300,0.5,1700,0.5,1
1,5,932,1,0,300,0.5,1700,0.5,1
1,6,229,0,0,300,0.5,1700,0.5,2
1,7,408,2,10,5,0,500,0.6,1000,0.2,1400,0.2,1
1,8,267,0,0,500,0.6,1000,0.2,1400,0.2,1
1,9,98,1,0,500,0.6,1000,0.2,1400,0.2,1
1,10,776,0,0,500,0.6,1000,0.2,1400,0.2,1
1,11,597,0,0,300,0.5,1700,0.5,0
1,12,135,1,0,300,0.5,1700,0.5,2
1,13,230,1,0,300,0.5,1700,0.5,1
1,14,308,1,0,500,0.6,1000,0.2,1400,0.2,2
1,15,346,2,10,5,0,300,0.5,1700,0.5,1
1,16,702,2,10,5,0,300,0.5,1700,0.5,2
1,17,319,0,0,500,0.6,1000,0.2,1400,0.2,0
1,18,992,2,10,5,0,300,0.5,1700,0.5,1
1,19,583,0,0,300,0.5,1700,0.5,2
2,0,546,1,0,300,0.5,1700,0.5,2
2,1,209,0,0,300,0.5,1700,0.5,2
2,2,990,1,0,300,0.5,1700,0.5,1
2,3,918,2,10,5,0,500,0.6,1000,0.2,1400,0.2,2
2,4,782,2,10,5,0,500,0.6,1000,0.2,1400,0.2,2
2,5,411,0,0,500,0.6,1000,0.2,1400,0.2,1
2,6,28,2,10,5,0,300,0.5,1700,0.5,0
2,7,870,0,0,500,0.6,1000,0.2,1400,0.2,2
2,8,648,2,10,5,0,300,0.5,1700,0.5,0
2,9,973,1,0,500,0.6,1000,0.2,1400,0.2,1
2,10,726,2,10,5,0,300,0.5,1700,0.5,2
2,11,836,1,0,300,0.5,1700,0.5,2
2,12,808,2,10,5,0,300,0.5,1700,0.5,0
2,13,83,0,0,300,0.5,1700,0.5,0
2,14,305,0,0,300,0.5,1700,0.5,2
2,15,285,0,0,500,0.6,1000,0.2,1400,0.2,1
2,16,537,0,0,300,0.5,1700,0.5,2
2,17,241,2,10,5,0,300,0.5,1700,0.5,1
2,18,644,1,0,500,0.6,1000,0.2,1400,0.2,2
2,19,206,0,0,500,0.6,1000,0.2,1400,0.2,0
3,0,225,1,0,300,0.5,1700,0.5,1
3,1,298,1,0,500,0.6,1000,0.2,1400,0.2,0
3,2,951,0,0,300,0.5,1700,0.5,0
3,3,962,2,10,5,0,300,0.5,1700,0.5,0
3,4,351,0,0,300,0.5,1700,0.5,0
3,5,755,2,10,5,0,300,0.5,1700,0.5,2
3,6,78,0,0,500,0.6,1000,0.2,1400,0.2,2
3,7,510,1,0,500,0.6,1000,0.2,1400,0.2,2
3,8,540,1,0,500,0.6,1000,0.2,1400,0.2,1
3,9,640,1,0,300,0.5,1700,0.5,1
3,10,983,2,10,5,0,300,0.5,1700,0.5,2
3,11,938,0,0,300,0.5,1700,0.5,0
3,12,646,2,10,5,0,300,0.5,1700,0.5,1
3,13,444,1,0,300,0.5,1700,0.5,2
3,14,773,1,0,300,0.5,1700,0.5,1
3,15,849,2,10,5,0,300,0.5,1700,0.5,0
3,16,226,1,0,500,0.6,1000,0.2,1400,0.2,1
3,17,411,2,10,5,0,300,0.5,1700,0.5,1
3,18,681,2,10,5,0,300,0.5,1700,0.5,2
3,19,564,0,0,500,0.6,1000,0.2,1400,0.2,0
4,0,221,1,0,500,0.6,1000,0.2,1400,0.2,0
4,1,956,2,10,5,0,300,0.5,1700,0.5,2
4,2,358,2,10,5,0,300,0.5,1700,0.5,2
4,3,979,1,0,300,0.5,1700,0.5,2
4,4,809,2,10,5,0,500,0.6,1000,0.2,1400,0.2,1
4,5,874,2,10,5,0,500,0.6,1000,0.2,1400,0.2,0
4,6,907,1,0,500,0.6,1000,0.2,1400,0.2,1
4,7,259,1,0,500,0.6,1000,0.2,1400,0.2,1
4,8,599,1,0,300,0.5,1700,0.5,2
4,9,586,2,10,5,0,300,0.5,1700,0.5,2
4,10,265,1,0,500,0.6,1000,0.2,1400,0.2,1
4,11,853,1,0,300,0.5,1700,0.5,2
4,12,917,2,10,5,0,300,0.5,1700,0.5,2
4,13,66,1,0,500,0.6,1000,0.2,1400,0.2,0
4,14,531,2,10,5,0,500,0.6,1000,0.2,1400,0.2,1
4,15,882,2,10,5,0,300,0.5,1700,0.5,0
4,16,906,1,0,300,0.5,1700,0.5,1
4,17,908,2,10,5,0,500,0.6,1000,0.2,1400,0.2,1
4,18,29,1,0,500,0.6,1000,0.2,1400,0.2,2
4,19,216,0,0,500,0.6,1000,0.2,1400,0.2,0
5,0,48,2,10,5,0,300,0.5,1700,0.5,2
5,1,159,0,0,500,0.6,1000,0.2,1400,0.2,2
5,2,32,0,0,500,0.6,1000,0.2,1400,0.2,0
5,3,714,0,0,500,0.6,1000,0.2,1400,0.2,0
5,4,409,1,0,500,0.6,1000,0.2,1400,0.2,2
5,5,771,1,0,500,0.6,1000,0.2,1400,0.2,0
5,6,30,0,0,300,0.5,1700,0.5,1
5,7,233,1,0,500,0.6,1000,0.2,1400,0.2,2
5,8,673,1,0,300,0.5,1700,0.5,0
5,9,395,1,0,500,0.6,1000,0.2,1400,0.2,1
5,10,74,0,0,300,0.5,1700,0.5,1
5,11,535,0,0,500,0.6,1000,0.2,1400,0.2,1
5,12,597,0,0,300,0.5,1700,0.5,2
5,13,55,0,0,300,0.5,1700,0.5,1
5,14,821,2,10,5,0,300,0.5,1700,0.5,2
5,15,985,1,0,300,0.5,1700,0.5,2
5,16,927,1,0,500,0.6,1000,0.2,1400,0.2,0
5,17,930,1,0,500,0.6,1000,0.2,1400,0.2,2
5,18,505,0,0,300,0.5,1700,0.5,2
5,19,694,2,10,5,0,500,0.6,1000,0.2,1400,0.2,2
6,0,600,2,10,5,0,300,0.5,1700,0.5,2
6,1,470,1,0,500,0.6,1000,0.2,1400,0.2,1
6,2,227,2,10,5,0,300,0.5,1700,0.5,1
6,3,81,0,0,500,0.6,1000,0.2,1400,0.2,1
6,4,476,1,0,300,0.5,1700,0.5,2
6,5,984,0,0,300,0.5,1700,0.5,2
6,6,355,0,0,500,0.6,1000,0.2,1400,0.2,2
6,7,623,0,0,500,0.6,1000,0.2,1400,0.2,1
6,8,31,2,10,5,0,500,0.6,1000,0.2,1400,0.2,1
6,9,849,1,0,300,0.5,1700,0.5,1
6,10,639,1,0,300,0.5,1700,0.5,0
6,11,876,0,0,300,0.5,1700,0.5,2
6,12,381,0,0,500,0.6,1000,0.2,1400,0.2,1
6,13,791,1,0,300,0.5,1700,0.5,2
6,14,843,0,0,500,0.6,1000,0.2,1400,0.2,2
6,15,139,0,0,500,0.6,1000,0.2,1400,0.2,1
6,16,207,0,0,300,0.5,1700,0.5,1
6,17,829,1,0,300,0.5,1700,0.5,1
6,18,385,1,0,500,0.6,1000,0.2,1400,0.2,0
6,19,963,0,0,300,0.5,1700,0.5,0
7,0,587,2,10,5,0,300,0.5,1700,0.5,0
7,1,148,2,10,5,0,500,0.6,1000,0.2,1400,0.2,0
7,2,95,2,10,5,0,500,0.6,1000,0.2,1400,0.2,0
7,3,983,0,0,500,0.6,1000,0.2,1400,0.2,2
7,4,520,2,10,5,0,300,0.5,1700,0.5,0
7,5,784,2,10,5,0,500,0.6,1000,0.2,1400,0.2,2
7,6,96,0,0,300,0.5,1700,0.5,0
7,7,289,0,0,300,0.5,1700,0.5,0
7,8,937,0,0,300,0.5,1700,0.5,1
7,9,39,0,0,500,0.6,1000,0.2,1400,0.2,1
7,10,469,0,0,500,0.6,1000,0.2,1400,0.2,1
7,11,407,1,0,300,0.5,1700,0.5,0
7,12,396,1,0,500,0.6,1000,0.2,1400,0.2,2
7,13,349,2,10,5,0,500,0.6,1000,0.2,1400,0.2,0
7,14,326,2,10,5,0,300,0.5,1700,0.5,1
7,15,243,2,10,5,0,300,0.5,1700,0.5,0
7,16,753,1,0,500,0.6,1000,0.2,1400,0.2,1
7,17,491,2,10,5,0,300,0.5,1700,0.5,2
7,18,301,1,0,300,0.5,1700,0.5,1
7,19,929,2,10,5,0,500,0.6,1000,0.2,1400,0.2,2
8,0,455,1,0,300,0.5,1700,0.5,1
8,1,468,0,0,500,0.6,1000,0.2,1400,0.2,0
8,2,567,1,0,500,0.6,1000,0.2,1400,0.2,2
8,3,781,1,0,300,0.5,1700,0.5,1
8,4,347,2,10,5,0,300,0.5,1700,0.5,0
8,5,740,0,0,300,0.5,1700,0.5,1
8,6,595,1,0,300,0.5,1700,0.5,1
8,7,494,1,0,500,0.6,1000,0.2,1400,0.2,0
8,8,405,2,10,5,0,300,0.5,1700,0.5,1
8,9,841,2,10,5,0,300,0.5,1700,0.5,0
8,10,243,0,0,300,0.5,1700,0.5,0
8,11,222,1,0,300,0.5,1700,0.5,1
8,12,647,2,10,5,0,300,0.5,1700,0.5,1
8,13,881,2,10,5,0,500,0.6,1000,0.2,1400,0.2,2
8,14,171,1,0,500,0.6,1000,0.2,1400,0.2,1
8,15,182,1,0,500,0.6,1000,0.2,1400,0.2,0
8,16,464,2,10,5,0,500,0.6,1000,0.2,1400,0.2,1
8,17,877,1,0,500,0.6,1000,0.2,1400,0.2,1
8,18,459,1,0,500,0.6,1000,0.2,1400,0.2,2
8,19,285,0,0,300,0.5,1700,0.5,0
9,0,413,2,10,5,0,300,0.5,1700,0.5,2
9,1,496,1,0,500,0.6,1000,0.2,1400,0.2,1
9,2,777,0,0,300,0.5,1700,0.5,2
9,3,32,0,0,300,0.5,1700,0.5,2
9,4,91,1,0,500,0.6,1000,0.2,1400,0.2,1
9,5,675,0,0,300,0.5,1700,0.5,2
9,6,410,0,0,500,0.6,1000,0.2,1400,0.2,0
9,7,314,1,0,300,0.5,1700,0.5,2
9,8,801,1,0,500,0.6,1000,0.2,1400,0.2,0
9,9,761,2,10,5,0,500,0.6,1000,0.2,1400,0.2,1
9,10,546,1,0,300,0.5,1700,0.5,1
9,11,531,2,10,5,0,500,0.6,1000,0.2,1400,0.2,0
9,12,481,1,0,500,0.6,1000,0.2,1400,0.2,1
9,13,863,1,0,500,0.6,1000,0.2,1400,0.2,0
9,14,776,1,0,300,0.5,1700,0.5,2
9,15,70,0,0,500,0.6,1000,0.2,1400,0.2,1
9,16,225,2,10,5,0,300,0.5,1700,0.5,0
9,17,286,1,0,500,0.6,1000,0.2,1400,0.2,2
9,18,546,1,0,300,0.5,1700,0.5,1
9,19,835,0,0,500,0.6,1000,0.2,1400,0.2,2
10,0,86,1,0,500,0.6,1000,0.2,1400,0.2,1
10,1,111,2,10,5,0,300,0.5,1700,0.5,2
10,2,438,0,0,300,0.5,1700,0.5,2
10,3,786,2,10,5,0,300,0.5,1700,0.5,1
10,4,443,1,0,300,0.5,1700,0.5,0
10,5,246,1,0,300,0.5,1700,0.5,1
10,6,925,2,10,5,0,500,0.6,1000,0.2,1400,0.2,1
10,7,502,1,0,500,0.6,1000,0.2,1400,0.2,0
10,8,218,2,10,5,0,300,0.5,1700,0.5,0
10,9,319,1,0,500,0.6,1000,0.2,1400,0.2,2
10,10,147,2,10,5,0,500,0.6,1000,0.2,1400,0.2,2
10,11,429,1,0,300,0.5,1700,0.5,2
10,12,984,2,10,5,0,300,0.5,1700,0.5,2
10,13,401,2,10,5,0,500,0.6,1000,0.2,1400,0.2,0
10,14,290,1,0,300,0.5,1700,0.5,1
10,15,868,0,0,300,0.5,1700,0.5,1
10,16,716,0,0,500,0.6,1000,0.2,1400,0.2,1
10,17,33,1,0,500,0.6,1000,0.2,1400,0.2,1
10,18,410,1,0,300,0.5,1700,0.5,2
10,19,38,1,0,300,0.5,1700,0.5,2
11,0,391,1,0,500,0.6,1000,0.2,1400,0.2,2
11,1,555,0,0,500,0.6,1000,0.2,1400,0.2,2
11,2,798,1,0,300,0.5,1700,0.5,2
11,3,288,0,0,300,0.5,1700,0.5,0
11,4,893,0,0,500,0.6,1000,0.2,1400,0.2,2
11,5,97,1,0,500,0.6,1000,0.2,1400,0.2,2
11,6,69,0,0,500,0.6,1000,0.2,1400,0.2,0
11,7,262,2,10,5,0,300,0.5,1700,0.5,1
11,8,378,1,0,300,0.5,1700,0.5,1
11,9,191,1,0,500,0.6,1000,0.2,1400,0.2,2
11,10,71,1,0,300,0.5,1700,0.5,0
11,11,196,1,0,300,0.5,1700,0.5,1
11,12,834,2,10,5,0,500,0.6,1000,0.2,1400,0.2,0
11,13,644,1,0,300,0.5,1700,0.5,2
11,14,148,0,0,300,0.5,1700,0.5,0
11,15,352,1,0,300,0.5,1700,0.5,2
11,16,571,1,0,300,0.5,1700,0.5,1
11,17,952,2,10,5,0,500,0.6,1000,0.2,1400,0.2,2
11,18,649,2,10,5,0,500,0.6,1000,0.2,1400,0.2,0
11,19,240,2,10,5,0,500,0.6,1000,0.2,1400,0.2,0
12,0,37,2,10,5,0,500,0.6,1000,0.2,1400,0.2,0
12,1,724,1,0,500,0.6,1000,0.2,1400,0.2,0
12,2,613,0,0,300,0.5,1700,0.5,0
12,3,547,2,10,5,0,300,0.5,1700,0.5,1
12,4,658,0,0,300,0.5,1700,0.5,1
12,5,989,0,0,300,0.5,1700,0.5,2
12,6,61,0,0,500,0.6,1000,0.2,1400,0.2,0
12,7,217,2,10,5,0,500,0.6,1000,0.2,1400,0.2,0
12,8,948,1,0,300,0.5,1700,0.5,1
12,9,374,0,0,500,0.6,1000,0.2,1400,0.2,2
12,10,778,0,0,300,0.5,1700,0.5,0
12,11,738,2,10,5,0,500,0.6,1000,0.2,1400,0.2,1
12,12,993,1,0,300,0.5,1700,0.5,2
12,13,675,2,10,5,0,500,0.6,1000,0.2,1400,0.2,0
12,14,950,0,0,300,0.5,1700,0.5,2
12,15,572,2,10,5,0,300,0.5,1700,0.5,2
12,16,428,2,10,5,0,500,0.6,1000,0.2,1400,0.2,1
12,17,29,1,0,300,0.5,1700,0.5,0
12,18,850,1,0,500,0.6,1000,0.2,1400,0.2,0
12,19,57,1,0,500,0.6,1000,0.2,1400,0.2,0
13,0,334,0,0,300,0.5,1700,0.5,1
13,1,94,1,0,300,0.5,1700,0.5,0
13,2,430,2,10,5,0,300,0.5,1700,0.5,1
13,3,647,1,0,500,0.6,1000,0.2,1400,0.2,0
13,4,127,2,10,5,0,300,0.5,1700,0.5,1
13,5,427,1,0,500,0.6,1000,0.2,1400,0.2,0
13,6,48,1,0,500,0.6,1000,0.2,1400,0.2,2
13,7,552,2,10,5,0,500,0.6,1000,0.2,1400,0.2,2
13,8,117,2,10,5,0,500,0.6,1000,0.2,1400,0.2,0
13,9,761,1,0,500,0.6,1000,0.2,1400,0.2,2
13,10,210,2,10,5,0,500,0.6,1000,0.2,1400,0.2,1
13,11,141,0,0,500,0.6,1000,0.2,1400,0.2,1
13,12,442,2,10,5,0,300,0.5,1700,0.5,2
13,13,220,1,0,500,0.6,1000,0.2,1400,0.2,0
13,14,299,2,10,5,0,500,0.6,1000,0.2,1400,0.2,2
13,15,277,1,0,300,0.5,1700,0.5,0
13,16,720,0,0,300,0.5,1700,0.5,1
13,17,858,1,0,500,0.6,1000,0.2,1400,0.2,0
13,18,881,0,0,300,0.5,1700,0.5,1
13,19,256,2,10,5,0,500,0.6,1000,0.2,1400,0.2,0
14,0,41,1,0,500,0.6,1000,0.2,1400,0.2,0
14,1,911,2,10,5,0,300,0.5,1700,0.5,2
14,2,565,2,10,5,0,500,0.6,1000,0.2,1400,0.2,0
14,3,803,1,0,500,0.6,1000,0.2,1400,0.2,1
14,4,177,0,0,300,0.5,1700,0.5,0
14,5,433,2,10,5,0,300,0.5,1700,0.5,0
14,6,115,2,10,5,0,300,0.5,1700,0.5,1
14,7,217,0,0,500,0.6,1000,0.2,1400,0.2,2
14,8,466,2,10,5,0,500,0.6,1000,0.2,1400,0.2,1
14,9,619,1,0,500,0.6,1000,0.2,1400,0.2,2
14,10,149,0,0,300,0.5,1700,0.5,0
14,11,261,2,10,5,0,300,0.5,1700,0.5,1
14,12,581,1,0,500,0.6,1000,0.2,1400,0.2,0
14,13,922,0,0,500,0.6,1000,0.2,1400,0.2,2
14,14,841,1,0,500,0.6,1000,0.2,1400,0.2,1
14,15,214,1,0,500,0.6,1000,0.2,1400,0.2,1
14,16,976,0,0,500,0.6,1000,0.2,1400,0.2,2
14,17,737,1,0,300,0.5,1700,0.5,0
14,18,915,2,10,5,0,500,0.6,1000,0.2,1400,0.2,1
14,19,136,0,0,300,0.5,1700,0.5,0
15,0,671,0,0,500,0.6,1000,0.2,1400,0.2,2
15,1,950,1,0,300,0.5,1700,0.5,1
15,2,252,0,0,300,0.5,1700,0.5,1
15,3,331,2,10,5,0,500,0.6,1000,0.2,1400,0.2,2
15,4,971,1,0,300,0.5,1700,0.5,1
15,5,736,2,10,5,0,500,0.6,1000,0.2,1400,0.2,0
15,6,463,1,0,300,0.5,1700,0.5,1
15,7,472,2,10,5,0,300,0.5,1700,0.5,2
15,8,26,2,10,5,0,300,0.5,1700,0.5,1
15,9,436,2,10,5,0,300,0.5,1700,0.5,2
15,10,951,0,0,300,0.5,1700,0.5,1
15,11,90,0,0,300,0.5,1700,0.5,1
15,12,442,2,10,5,0,300,0.5,1700,0.5,2
15,13,436,1,0,300,0.5,1700,0.5,0
15,14,556,1,0,300,0.5,1700,0.5,0
15,15,380,1,0,500,0.6,1000,0.2,1400,0.2,2
15,16,557,0,0,300,0.5,1700,0.5,0
15,17,760,2,10,5,0,500,0.6,1000,0.2,1400,0.2,0
15,18,814,0,0,300,0.5,1700,0.5,0
15,19,504,1,0,500,0.6,1000,0.2,1400,0.2,1
16,0,898,2,10,5,0,500,0.6,1000,0.2,1400,0.2,2
16,1,125,2,10,5,0,300,0.5,1700,0.5,1
16,2,608,0,0,300,0.5,1700,0.5,0
16,3,190,0,0,500,0.6,1000,0.2,1400,0.2,1
16,4,891,0,0,300,0.5,1700,0.5,1
16,5,585,1,0,500,0.6,1000,0.2,1400,0.2,1
16,6,926,2,10,5,0,300,0.5,1700,0.5,0
16,7,834,2,10,5,0,500,0.6,1000,0.2,1400,0.2,0
16,8,281,0,0,300,0.5,1700,0.5,1
16,9,820,0,0,500,0.6,1000,0.2,1400,0.2,0
16,10,538,1,0,500,0.6,1000,0.2,1400,0.2,1
16,11,648,1,0,300,0.5,1700,0.5,2
16,12,161,1,0,300,0.5,1700,0.5,1
16,13,520,0,0,300,0.5,1700,0.5,1
16,14,845,1,0,500,0.6,1000,0.2,1400,0.2,0
16,15,363,1,0,300,0.5,1700,0.5,1
16,16,694,2,10,5,0,500,0.6,1000,0.2,1400,0.2,2
16,17,833,2,10,5,0,300,0.5,1700,0.5,0
16,18,766,2,10,5,0,300,0.5,1700,0.5,2
16,19,776,0,0,300,0.5,1700,0.5,1
17,0,828,1,0,300,0.5,1700,0.5,1
17,1,473,2,10,5,0,300,0.5,1700,0.5,0
17,2,471,0,0,300,0.5,1700,0.5,2
17,3,937,2,10,5,0,500,0.6,1000,0.2,1400,0.2,2
17,4,515,0,0,300,0.5,1700,0.5,0
17,5,837,2,10,5,0,500,0.6,1000,0.2,1400,0.2,2
17,6,47,1,0,500,0.6,1000,0.2,1400,0.2,0
17,7,537,1,0,500,0.6,1000,0.2,1400,0.2,2
17,8,997,0,0,500,0.6,1000,0.2,1400,0.2,2
17,9,96,1,0,300,0.5,1700,0.5,0
17,10,518,0,0,300,0.5,1700,0.5,0
17,11,421,1,0,500,0.6,1000,0.2,1400,0.2,0
17,12,287,1,0,500,0.6,1000,0.2,1400,0.2,0
17,13,989,1,0,500,0.6,1000,0.2,1400,0.2,0
17,14,673,0,0,300,0.5,1700,0.5,2
17,15,665,1,0,300,0.5,1700,0.5,2
17,16,770,1,0,300,0.5,1700,0.5,2
17,17,153,1,0,500,0.6,1000,0.2,1400,0.2,2
17,18,602,0,0,300,0.5,1700,0.5,2
17,19,471,2,10,5,0,300,0.5,1700,0.5,1
18,0,296,2,10,5,0,500,0.6,1000,0.2,1400,0.2,0
18,1,806,2,10,5,0,500,0.6,1000,0.2,1400,0.2,1
18,2,391,1,0,300,0.5,1700,0.5,1
18,3,117,0,0,500,0.6,1000,0.2,1400,0.2,2
18,4,395,0,0,500,0.6,1000,0.2,1400,0.2,0
18,5,23,1,0,300,0.5,1700,0.5,0
18,6,877,1,0,500,0.6,1000,0.2,1400,0.2,0
18,7,869,1,0,300,0.5,1700,0.5,1
18,8,864,0,0,300,0.5,1700,0.5,0
18,9,755,1,0,500,0.6,1000,0.2,1400,0.2,2
18,10,524,1,0,300,0.5,1700,0.5,2
18,11,102,1,0,500,0.6,1000,0.2,1400,0.2,1
18,12,516,1,0,500,0.6,1000,0.2,1400,0.2,0
18,13,635,1,0,300,0.5,1700,0.5,2
18,14,89,2,10,5,0,500,0.6,1000,0.2,1400,0.2,2
18,15,796,1,0,300,0.5,1700,0.5,0
18,16,851,0,0,500,0.6,1000,0.2,1400,0.2,2
18,17,961,1,0,500,0.6,1000,0.2,1400,0.2,0
18,18,561,1,0,300,0.5,1700,0.5,2
18,19,756,0,0,500,0.6,1000,0.2,1400,0.2,2
19,0,756,0,0,300,0.5,1700,0.5,0
19,1,117,0,0,500,0.6,1000,0.2,1400,0.2,0
19,2,279,2,10,5,0,300,0.5,1700,0.5,1
19,3,693,0,0,300,0.5,1700,0.5,1
19,4,162,1,0,500,0.6,1000,0.2,1400,0.2,1
19,5,424,1,0,300,0.5,1700,0.5,0
19,6,790,1,0,300,0.5,1700,0.5,2
19,7,112,2,10,5,0,300,0.5,1700,0.5,0
19,8,485,2,10,5,0,300,0.5,1700,0.5,1
19,9,144,0,0,500,0.6,1000,0.2,1400,0.2,2
19,10,57,1,0,300,0.5,1700,0.5,1
19,11,371,1,0,300,0.5,1700,0.5,2
19,12,988,2,10,5,0,300,0.5,1700,0.5,1
19,13,197,2,10,5,0,300,0.5,1700,0.5,2
19,14,433,1,0,300,0.5,1700,0.5,1
19,15,911,0,0,500,0.6,1000,0.2,1400,0.2,1
19,16,211,2,10,5,0,500,0.6,1000,0.2,1400,0.2,1
19,17,302,0,0,500,0.6,1000,0.2,1400,0.2,1
19,18,11,0,0,500,0.6,1000,0.2,1400,0.2,1
19,19,347,1,0,500,0.6,1000,0.2,1400,0.2,0
