0,0,539,2,10,5,0,300,0.5,1700,0.5,1
0,1,662,0,0,300,0.5,1700,0.5,0
0,2,951,2,10,5,0,500,0.6,1000,0.2,1400,0.2,1
0,3,780,2,10,5,0,300,0.5,1700,0.5,2
0,4,810,0,0,300,0.5,1700,0.5,0
0,5,414,0,0,300,0.5,1700,0.5,0
0,6,587,2,10,5,0,300,0.5,1700,0.5,1
0,7,85,1,0,500,0.6,1000,0.2,1400,0.2,2
0,8,759,0,0,500,0.6,1000,0.2,1400,0.2,2
0,9,203,2,10,5,0,500,0.6,1000,0.2,1400,0.2,2
0,10,514,0,0,300,0.5,1700,0.5,2
0,11,646,1,0,500,0.6,1000,0.2,1400,0.2,0
0,12,380,0,0,500,0.6,1000,0.2,1400,0.2,2
0,13,897,0,0,300,0.5,1700,0.5,0
0,14,544,0,0,500,0.6,1000,0.2,1400,0.2,0
0,15,10,2,10,5,0,500,0.6,1000,0.2,1400,0.2,0
0,16,746,0,0,500,0.6,1000,0.2,1400,0.2,0
0,17,797,1,0,500,0.6,1000,0.2,1400,0.2,1
0,18,362,1,0,500,0.6,1000,0.2,1400,0.2,2
0,19,247,1,0,500,0.6,1000,0.2,1400,0.2,1
1,0,53,0,0,300,0.5,1700,0.5,2
1,1,133,0,0,300,0.5,1700,0.5,1
1,2,92,0,0,500,0.6,1000,0.2,1400,0.2,1
1,3,73,1,0,500,0.6,1000,0.2,1400,0.2,2
1,4,908,0,0,300,0.5,1700,0.5,0
1,5,636,0,0,500,0.6,1000,0.2,1400,0.2,0
1,6,289,1,0,500,0.6,1000,0.2,1400,0.2,2
1,7,57,0,0,300,0.5,1700,0.5,1
1,8,591,2,10,5,0,500,0.6,1000,0.2,1400,0.2,0
1,9,118,1,0,500,0.6,1000,0.2,1400,0.2,0
1,10,408,1,0,500,0.6,1000,0.2,1400,0.2,2
1,11,977,1,0,500,0.6,1000,0.2,1400,0.2,2
1,12,975,1,0,300,0.5,1700,0.5,0
1,13,461,1,0,300,0.5,1700,0.5,1
1,14,347,0,0,300,0.5,1700,0.5,0
1,15,680,1,0,300,0.5,1700,0.5,0
1,16,716,2,10,5,0,500,0.6,1000,0.2,1400,0.2,2
1,17,853,2,10,5,0,300,0.5,1700,0.5,1
1,18,234,1,0,300,0.5,1700,0.5,0
1,19,410,2,10,5,0,300,0.5,1700,0.5,2
2,0,116,2,10,5,0,300,0.5,1700,0.5,2
2,1,804,0,0,500,0.6,1000,0.2,1400,0.2,2
2,2,71,2,10,5,0,300,0.5,1700,0.5,2
2,3,419,2,10,5,0,500,0.6,1000,0.2,1400,0.2,0
2,4,697,2,10,5,0,300,0.5,1700,0.5,0
2,5,837,2,10,5,0,500,0.6,1000,0.2,1400,0.2,2
2,6,240,1,0,300,0.5,1700,0.5,1
2,7,760,1,0,300,0.5,1700,0.5,0
2,8,779,0,0,500,0.6,1000,0.2,1400,0.2,2
2,9,950,0,0,300,0.5,1700,0.5,0
2,10,188,2,10,5,0,300,0.5,1700,0.5,2
2,11,530,2,10,5,0,500,0.6,1000,0.2,1400,0.2,0
2,12,729,0,0,300,0.5,1700,0.5,0
2,13,786,1,0,500,0.6,1000,0.2,1400,0.2,0
2,14,252,0,0,500,0.6,1000,0.2,1400,0.2,2
2,15,591,0,0,500,0.6,1000,0.2,1400,0.2,0
2,16,906,0,0,500,0.6,1000,0.2,1400,0.2,0
2,17,426,1,0,500,0.6,1000,0.2,1400,0.2,1
2,18,335,1,0,500,0.6,1000,0.2,1400,0.2,0
2,19,199,2,10,5,0,300,0.5,1700,0.5,1
3,0,469,0,0,500,0.6,1000,0.2,1400,0.2,0
3,1,102,0,0,500,0.6,1000,0.2,1400,0.2,0
3,2,539,2,10,5,0,300,0.5,1700,0.5,1
3,3,178,2,10,5,0,300,0.5,1700,0.5,0
3,4,364,1,0,300,0.5,1700,0.5,0
3,5,780,2,10,5,0,500,0.6,1000,0.2,1400,0.2,1
3,6,47,0,0,500,0.6,1000,0.2,1400,0.2,0
3,7,644,1,0,300,0.5,1700,0.5,0
3,8,793,1,0,500,0.6,1000,0.2,1400,0.2,2
3,9,102,0,0,500,0.6,1000,0.2,1400,0.2,2
3,10,415,1,0,300,0.5,1700,0.5,2
3,11,216,0,0,300,0.5,1700,0.5,1
3,12,539,0,0,300,0.5,1700,0.5,2
3,13,827,0,0,300,0.5,1700,0.5,2
3,14,114,2,10,5,0,300,0.5,1700,0.5,0
3,15,802,1,0,500,0.6,1000,0.2,1400,0.2,2
3,16,923,1,0,300,0.5,1700,0.5,1
3,17,834,1,0,500,0.6,1000,0.2,1400,0.2,2
3,18,423,0,0,500,0.6,1000,0.2,1400,0.2,0
3,19,572,1,0,500,0.6,1000,0.2,1400,0.2,0
4,0,494,0,0,300,0.5,1700,0.5,0
4,1,926,0,0,300,0.5,1700,0.5,0
4,2,642,0,0,300,0.5,1700,0.5,0
4,3,765,2,10,5,0,300,0.5,1700,0.5,0
4,4,815,2,10,5,0,300,0.5,1700,0.5,2
4,5,346,0,0,500,0.6,1000,0.2,1400,0.2,2
4,6,579,0,0,500,0.6,1000,0.2,1400,0.2,2
4,7,752,2,10,5,0,500,0.6,1000,0.2,1400,0.2,0
4,8,421,2,10,5,0,500,0.6,1000,0.2,1400,0.2,2
4,9,884,1,0,500,0.6,1000,0.2,1400,0.2,2
4,10,539,0,0,300,0.5,1700,0.5,0
4,11,132,0,0,500,0.6,1000,0.2,1400,0.2,1
4,12,678,0,0,500,0.6,1000,0.2,1400,0.2,2
4,13,504,0,0,500,0.6,1000,0.2,1400,0.2,2
4,14,237,2,10,5,0,500,0.6,1000,0.2,1400,0.2,1
4,15,622,2,10,5,0,300,0.5,1700,0.5,0
4,16,712,1,0,300,0.5,1700,0.5,1
4,17,893,2,10,5,0,500,0.6,1000,0.2,1400,0.2,1
4,18,941,1,0,300,0.5,1700,0.5,0
4,19,432,1,0,500,0.6,1000,0.2,1400,0.2,0
5,0,110,2,10,5,0,500,0.6,1000,0.2,1400,0.2,1
5,1,223,2,10,5,0,500,0.6,1000,0.2,1400,0.2,1
5,2,298,2,10,5,0,500,0.6,1000,0.2,1400,0.2,1
5,3,103,1,0,300,0.5,1700,0.5,1
5,4,378,2,10,5,0,300,0.5,1700,0.5,1
5,5,295,0,0,500,0.6,1000,0.2,1400,0.2,0
5,6,920,1,0,500,0.6,1000,0.2,1400,0.2,2
5,7,262,1,0,300,0.5,1700,0.5,1
5,8,552,0,0,500,0.6,1000,0.2,1400,0.2,1
5,9,608,1,0,300,0.5,1700,0.5,1
5,10,377,2,10,5,0,300,0.5,1700,0.5,2
5,11,533,1,0,500,0.6,1000,0.2,1400,0.2,2
5,12,189,2,10,5,0,500,0.6,1000,0.2,1400,0.2,2
5,13,401,2,10,5,0,500,0.6,1000,0.2,1400,0.2,0
5,14,231,0,0,500,0.6,1000,0.2,1400,0.2,1
5,15,676,2,10,5,0,300,0.5,1700,0.5,0
5,16,620,1,0,300,0.5,1700,0.5,0
5,17,114,0,0,500,0.6,1000,0.2,1400,0.2,2
5,18,847,2,10,5,0,300,0.5,1700,0.5,0
5,19,695,0,0,500,0.6,1000,0.2,1400,0.2,0
6,0,120,2,10,5,0,300,0.5,1700,0.5,1
6,1,251,1,0,300,0.5,1700,0.5,2
6,2,433,0,0,300,0.5,1700,0.5,1
6,3,355,2,10,5,0,300,0.5,1700,0.5,0
6,4,528,2,10,5,0,300,0.5,1700,0.5,1
6,5,673,0,0,300,0.5,1700,0.5,1
6,6,340,1,0,300,0.5,1700,0.5,2
6,7,369,2,10,5,0,300,0.5,1700,0.5,2
6,8,259,0,0,300,0.5,1700,0.5,0
6,9,530,0,0,300,0.5,1700,0.5,2
6,10,762,2,10,5,0,300,0.5,1700,0.5,1
6,11,54,2,10,5,0,500,0.6,1000,0.2,1400,0.2,0
6,12,875,0,0,300,0.5,1700,0.5,2
6,13,850,1,0,300,0.5,1700,0.5,2
6,14,590,0,0,500,0.6,1000,0.2,1400,0.2,1
6,15,545,0,0,300,0.5,1700,0.5,1
6,16,353,2,10,5,0,500,0.6,1000,0.2,1400,0.2,2
6,17,345,2,10,5,0,300,0.5,1700,0.5,0
6,18,399,2,10,5,0,500,0.6,1000,0.2,1400,0.2,0
6,19,341,1,0,500,0.6,1000,0.2,1400,0.2,0
7,0,876,0,0,300,0.5,1700,0.5,0
7,1,55,0,0,500,0.6,1000,0.2,1400,0.2,2
7,2,879,1,0,500,0.6,1000,0.2,1400,0.2,0
7,3,575,0,0,500,0.6,1000,0.2,1400,0.2,0
7,4,907,2,10,5,0,300,0.5,1700,0.5,2
7,5,234,2,10,5,0,500,0.6,1000,0.2,1400,0.2,0
7,6,399,2,10,5,0,300,0.5,1700,0.5,0
7,7,465,1,0,300,0.5,1700,0.5,1
7,8,745,2,10,5,0,300,0.5,1700,0.5,0
7,9,413,2,10,5,0,500,0.6,1000,0.2,1400,0.2,0
7,10,924,0,0,300,0.5,1700,0.5,0
7,11,117,1,0,500,0.6,1000,0.2,1400,0.2,1
7,12,140,2,10,5,0,500,0.6,1000,0.2,1400,0.2,0
7,13,368,0,0,500,0.6,1000,0.2,1400,0.2,2
7,14,923,0,0,500,0.6,1000,0.2,1400,0.2,1
7,15,211,1,0,500,0.6,1000,0.2,1400,0.2,1
7,16,224,0,0,500,0.6,1000,0.2,1400,0.2,0
7,17,894,2,10,5,0,300,0.5,1700,0.5,2
7,18,949,2,10,5,0,300,0.5,1700,0.5,0
7,19,998,0,0,300,0.5,1700,0.5,0
8,0,797,2,10,5,0,500,0.6,1000,0.2,1400,0.2,0
8,1,763,1,0,500,0.6,1000,0.2,1400,0.2,0
8,2,179,2,10,5,0,300,0.5,1700,0.5,1
8,3,678,1,0,300,0.5,1700,0.5,0
8,4,407,2,10,5,0,300,0.5,1700,0.5,1
8,5,181,1,0,300,0.5,1700,0.5,2
8,6,193,1,0,300,0.5,1700,0.5,2
8,7,806,2,10,5,0,300,0.5,1700,0.5,2
8,8,723,0,0,500,0.6,1000,0.2,1400,0.2,1
8,9,893,0,0,300,0.5,1700,0.5,2
8,10,176,2,10,5,0,300,0.5,1700,0.5,2
8,11,911,2,10,5,0,500,0.6,1000,0.2,1400,0.2,2
8,12,347,2,10,5,0,500,0.6,1000,0.2,1400,0.2,0
8,13,717,0,0,500,0.6,1000,0.2,1400,0.2,0
8,14,887,2,10,5,0,500,0.6,1000,0.2,1400,0.2,1
8,15,1000,1,0,300,0.5,1700,0.5,2
8,16,663,1,0,300,0.5,1700,0.5,2
8,17,17,2,10,5,0,500,0.6,1000,0.2,1400,0.2,2
8,18,917,1,0,300,0.5,1700,0.5,2
8,19,369,2,10,5,0,500,0.6,1000,0.2,1400,0.2,0
9,0,197,1,0,500,0.6,1000,0.2,1400,0.2,1
9,1,920,1,0,300,0.5,1700,0.5,2
9,2,331,1,0,500,0.6,1000,0.2,1400,0.2,2
9,3,840,1,0,300,0.5,1700,0.5,2
9,4,884,1,0,500,0.6,1000,0.2,1400,0.2,1
9,5,282,2,10,5,0,500,0.6,1000,0.2,1400,0.2,2
9,6,901,1,0,500,0.6,1000,0.2,1400,0.2,1
9,7,990,2,10,5,0,300,0.5,1700,0.5,1
9,8,853,2,10,5,0,500,0.6,1000,0.2,1400,0.2,2
9,9,176,2,10,5,0,500,0.6,1000,0.2,1400,0.2,0
9,10,469,0,0,300,0.5,1700,0.5,1
9,11,386,1,0,500,0.6,1000,0.2,1400,0.2,2
9,12,67,2,10,5,0,300,0.5,1700,0.5,1
9,13,766,1,0,500,0.6,1000,0.2,1400,0.2,0
9,14,499,2,10,5,0,500,0.6,1000,0.2,1400,0.2,1
9,15,946,0,0,500,0.6,1000,0.2,1400,0.2,0
9,16,99,0,0,500,0.6,1000,0.2,1400,0.2,1
9,17,738,1,0,500,0.6,1000,0.2,1400,0.2,2
9,18,991,2,10,5,0,300,0.5,1700,0.5,2
9,19,449,1,0,500,0.6,1000,0.2,1400,0.2,0
10,0,601,2,10,5,0,500,0.6,1000,0.2,1400,0.2,1
10,1,309,1,0,500,0.6,1000,0.2,1400,0.2,0
10,2,657,1,0,500,0.6,1000,0.2,1400,0.2,0
10,3,214,1,0,300,0.5,1700,0.5,2
10,4,359,1,0,300,0.5,1700,0.5,1
10,5,852,2,10,5,0,300,0.5,1700,0.5,2
10,6,685,0,0,500,0.6,1000,0.2,1400,0.2,2
10,7,219,1,0,300,0.5,1700,0.5,1
10,8,823,0,0,500,0.6,1000,0.2,1400,0.2,0
10,9,287,0,0,300,0.5,1700,0.5,1
10,10,989,0,0,500,0.6,1000,0.2,1400,0.2,2
10,11,691,0,0,300,0.5,1700,0.5,2
10,12,647,0,0,500,0.6,1000,0.2,1400,0.2,1
10,13,50,0,0,300,0.5,1700,0.5,1
10,14,984,2,10,5,0,300,0.5,1700,0.5,2
10,15,326,2,10,5,0,300,0.5,1700,0.5,0
10,16,352,1,0,300,0.5,1700,0.5,0
10,17,135,2,10,5,0,500,0.6,1000,0.2,1400,0.2,2
10,18,922,2,10,5,0,500,0.6,1000,0.2,1400,0.2,1
10,19,868,1,0,300,0.5,1700,0.5,1
11,0,378,0,0,300,0.5,1700,0.5,0
11,1,915,0,0,300,0.5,1700,0.5,1
11,2,301,0,0,300,0.5,1700,0.5,1
11,3,594,1,0,500,0.6,1000,0.2,1400,0.2,1
11,4,723,0,0,300,0.5,1700,0.5,2
11,5,580,1,0,500,0.6,1000,0.2,1400,0.2,2
11,6,504,1,0,300,0.5,1700,0.5,1
11,7,297,0,0,300,0.5,1700,0.5,1
11,8,238,2,10,5,0,300,0.5,1700,0.5,2
11,9,543,0,0,500,0.6,1000,0.2,1400,0.2,0
11,10,348,1,0,500,0.6,1000,0.2,1400,0.2,1
11,11,217,2,10,5,0,500,0.6,1000,0.2,1400,0.2,2
11,12,121,0,0,300,0.5,1700,0.5,0
11,13,794,2,10,5,0,300,0.5,1700,0.5,2
11,14,644,0,0,500,0.6,1000,0.2,1400,0.2,1
11,15,229,0,0,300,0.5,1700,0.5,2
11,16,500,0,0,500,0.6,1000,0.2,1400,0.2,2
11,17,41,1,0,500,0.6,1000,0.2,1400,0.2,2
11,18,550,0,0,300,0.5,1700,0.5,1
11,19,435,0,0,300,0.5,1700,0.5,1
12,0,129,0,0,500,0.6,1000,0.2,1400,0.2,0
12,1,158,2,10,5,0,500,0.6,1000,0.2,1400,0.2,1
12,2,437,2,10,5,0,500,0.6,1000,0.2,1400,0.2,1
12,3,817,1,0,300,0.5,1700,0.5,2
12,4,829,0,0,300,0.5,1700,0.5,2
12,5,600,1,0,500,0.6,1000,0.2,1400,0.2,2
12,6,721,2,10,5,0,300,0.5,1700,0.5,0
12,7,400,2,10,5,0,300,0.5,1700,0.5,1
12,8,294,0,0,500,0.6,1000,0.2,1400,0.2,2
12,9,982,1,0,300,0.5,1700,0.5,0
12,10,127,0,0,300,0.5,1700,0.5,1
12,11,114,2,10,5,0,500,0.6,1000,0.2,1400,0.2,0
12,12,554,1,0,500,0.6,1000,0.2,1400,0.2,1
12,13,792,0,0,500,0.6,1000,0.2,1400,0.2,0
12,14,578,0,0,300,0.5,1700,0.5,2
12,15,821,1,0,300,0.5,1700,0.5,0
12,16,578,2,10,5,0,300,0.5,1700,0.5,1
12,17,613,0,0,300,0.5,1700,0.5,2
12,18,342,1,0,300,0.5,1700,0.5,1
12,19,86,2,10,5,0,300,0.5,1700,0.5,1
13,0,280,1,0,300,0.5,1700,0.5,2
13,1,570,0,0,300,0.5,1700,0.5,2
13,2,200,2,10,5,0,500,0.6,1000,0.2,1400,0.2,0
13,3,223,2,10,5,0,300,0.5,1700,0.5,2
13,4,905,0,0,500,0.6,1000,0.2,1400,0.2,1
13,5,13,0,0,500,0.6,1000,0.2,1400,0.2,2
13,6,563,2,10,5,0,500,0.6,1000,0.2,1400,0.2,1
13,7,938,0,0,300,0.5,1700,0.5,0
13,8,949,0,0,300,0.5,1700,0.5,1
13,9,506,1,0,300,0.5,1700,0.5,0
13,10,473,1,0,300,0.5,1700,0.5,1
13,11,382,2,10,5,0,300,0.5,1700,0.5,2
13,12,173,2,10,5,0,300,0.5,1700,0.5,1
13,13,273,1,0,300,0.5,1700,0.5,0
13,14,180,1,0,300,0.5,1700,0.5,0
13,15,180,0,0,500,0.6,1000,0.2,1400,0.2,1
13,16,712,0,0,500,0.6,1000,0.2,1400,0.2,2
13,17,368,2,10,5,0,300,0.5,1700,0.5,1
13,18,996,1,0,500,0.6,1000,0.2,1400,0.2,0
13,19,374,1,0,500,0.6,1000,0.2,1400,0.2,1
14,0,431,0,0,500,0.6,1000,0.2,1400,0.2,1
14,1,830,1,0,300,0.5,1700,0.5,2
14,2,786,1,0,300,0.5,1700,0.5,2
14,3,373,2,10,5,0,500,0.6,1000,0.2,1400,0.2,2
14,4,785,2,10,5,0,300,0.5,1700,0.5,1
14,5,624,1,0,300,0.5,1700,0.5,0
14,6,728,0,0,300,0.5,1700,0.5,1
14,7,331,0,0,300,0.5,1700,0.5,1
14,8,508,0,0,300,0.5,1700,0.5,2
14,9,805,2,10,5,0,300,0.5,1700,0.5,2
14,10,70,2,10,5,0,500,0.6,1000,0.2,1400,0.2,2
14,11,934,0,0,300,0.5,1700,0.5,2
14,12,944,1,0,500,0.6,1000,0.2,1400,0.2,0
14,13,55,1,0,300,0.5,1700,0.5,1
14,14,986,0,0,300,0.5,1700,0.5,0
14,15,565,2,10,5,0,500,0.6,1000,0.2,1400,0.2,0
14,16,266,1,0,500,0.6,1000,0.2,1400,0.2,1
14,17,344,2,10,5,0,500,0.6,1000,0.2,1400,0.2,0
14,18,346,2,10,5,0,500,0.6,1000,0.2,1400,0.2,1
14,19,280,2,10,5,0,300,0.5,1700,0.5,0
15,0,431,0,0,300,0.5,1700,0.5,0
15,1,942,0,0,300,0.5,1700,0.5,0
15,2,30,1,0,300,0.5,1700,0.5,0
15,3,736,2,10,5,0,300,0.5,1700,0.5,2
15,4,507,1,0,500,0.6,1000,0.2,1400,0.2,1
15,5,559,0,0,300,0.5,1700,0.5,0
15,6,474,2,10,5,0,500,0.6,1000,0.2,1400,0.2,1
15,7,917,1,0,500,0.6,1000,0.2,1400,0.2,2
15,8,66,1,0,500,0.6,1000,0.2,1400,0.2,1
15,9,551,1,0,500,0.6,1000,0.2,1400,0.2,0
15,10,28,1,0,500,0.6,1000,0.2,1400,0.2,1
15,11,941,0,0,500,0.6,1000,0.2,1400,0.2,1
15,12,89,0,0,500,0.6,1000,0.2,1400,0.2,1
15,13,86,0,0,500,0.6,1000,0.2,1400,0.2,2
15,14,234,1,0,500,0.6,1000,0.2,1400,0.2,1
15,15,344,1,0,500,0.6,1000,0.2,1400,0.2,0
15,16,245,2,10,5,0,500,0.6,1000,0.2,1400,0.2,2
15,17,814,2,10,5,0,300,0.5,1700,0.5,1
15,18,215,0,0,500,0.6,1000,0.2,1400,0.2,0
15,19,32,1,0,300,0.5,1700,0.5,1
16,0,278,1,0,500,0.6,1000,0.2,1400,0.2,1
16,1,43,2,10,5,0,300,0.5,1700,0.5,2
16,2,423,1,0,500,0.6,1000,0.2,1400,0.2,2
16,3,918,0,0,300,0.5,1700,0.5,2
16,4,985,1,0,300,0.5,1700,0.5,1
16,5,365,2,10,5,0,300,0.5,1700,0.5,1
16,6,944,2,10,5,0,500,0.6,1000,0.2,1400,0.2,2
16,7,502,0,0,500,0.6,1000,0.2,1400,0.2,1
16,8,174,1,0,300,0.5,1700,0.5,1
16,9,383,2,10,5,0,300,0.5,1700,0.5,1
16,10,835,0,0,300,0.5,1700,0.5,0
16,11,189,2,10,5,0,500,0.6,1000,0.2,1400,0.2,2
16,12,748,2,10,5,0,300,0.5,1700,0.5,1
16,13,659,0,0,300,0.5,1700,0.5,1
16,14,568,2,10,5,0,300,0.5,1700,0.5,2
16,15,233,1,0,300,0.5,1700,0.5,1
16,16,594,0,0,300,0.5,1700,0.5,1
16,17,633,2,10,5,0,300,0.5,1700,0.5,2
16,18,162,2,10,5,0,300,0.5,1700,0.5,0
16,19,250,2,10,5,0,300,0.5,1700,0.5,0
17,0,194,2,10,5,0,300,0.5,1700,0.5,2
17,1,477,1,0,500,0.6,1000,0.2,1400,0.2,0
17,2,106,1,0,500,0.6,1000,0.2,1400,0.2,1
17,3,42,2,10,5,0,300,0.5,1700,0.5,2
17,4,986,0,0,300,0.5,1700,0.5,1
17,5,850,0,0,500,0.6,1000,0.2,1400,0.2,0
17,6,827,2,10,5,0,300,0.5,1700,0.5,1
17,7,348,1,0,300,0.5,1700,0.5,0
17,8,801,2,10,5,0,300,0.5,1700,0.5,1
17,9,804,2,10,5,0,300,0.5,1700,0.5,1
17,10,476,2,10,5,0,300,0.5,1700,0.5,2
17,11,800,0,0,300,0.5,1700,0.5,1
17,12,515,2,10,5,0,500,0.6,1000,0.2,1400,0.2,1
17,13,210,0,0,300,0.5,1700,0.5,0
17,14,554,0,0,500,0.6,1000,0.2,1400,0.2,0
17,15,56,0,0,500,0.6,1000,0.2,1400,0.2,2
17,16,547,0,0,300,0.5,1700,0.5,0
17,17,453,0,0,500,0.6,1000,0.2,1400,0.2,2
17,18,139,0,0,500,0.6,1000,0.2,1400,0.2,2
17,19,205,2,10,5,0,500,0.6,1000,0.2,1400,0.2,2
18,0,965,1,0,300,0.5,1700,0.5,1
18,1,221,0,0,300,0.5,1700,0.5,0
18,2,429,0,0,300,0.5,1700,0.5,0
18,3,693,2,10,5,0,500,0.6,1000,0.2,1400,0.2,1
18,4,576,2,10,5,0,300,0.5,1700,0.5,1
18,5,236,1,0,300,0.5,1700,0.5,2
18,6,244,0,0,500,0.6,1000,0.2,1400,0.2,1
18,7,271,1,0,500,0.6,1000,0.2,1400,0.2,1
18,8,293,2,10,5,0,500,0.6,1000,0.2,1400,0.2,2
18,9,314,1,0,500,0.6,1000,0.2,1400,0.2,2
18,10,133,1,0,300,0.5,1700,0.5,0
18,11,437,0,0,300,0.5,1700,0.5,2
18,12,695,2,10,5,0,300,0.5,1700,0.5,2
18,13,298,0,0,500,0.6,1000,0.2,1400,0.2,0
18,14,614,0,0,300,0.5,1700,0.5,0
18,15,30,0,0,500,0.6,1000,0.2,1400,0.2,2
18,16,377,0,0,300,0.5,1700,0.5,0
18,17,398,1,0,500,0.6,1000,0.2,1400,0.2,1
18,18,239,0,0,300,0.5,1700,0.5,0
18,19,617,1,0,300,0.5,1700,0.5,0
19,0,433,0,0,300,0.5,1700,0.5,1
19,1,521,1,0,500,0.6,1000,0.2,1400,0.2,1
19,2,558,1,0,300,0.5,1700,0.5,0
19,3,52,1,0,500,0.6,1000,0.2,1400,0.2,2
19,4,297,2,10,5,0,300,0.5,1700,0.5,0
19,5,92,0,0,300,0.5,1700,0.5,1
19,6,743,1,0,300,0.5,1700,0.5,0
19,7,763,1,0,300,0.5,1700,0.5,1
19,8,45,0,0,500,0.6,1000,0.2,1400,0.2,0
19,9,431,1,0,500,0.6,1000,0.2,1400,0.2,2
19,10,271,1,0,500,0.6,1000,0.2,1400,0.2,2
19,11,252,2,10,5,0,500,0.6,1000,0.2,1400,0.2,1
19,12,723,2,10,5,0,300,0.5,1700,0.5,1
19,13,403,2,10,5,0,300,0.5,1700,0.5,2
19,14,595,1,0,300,0.5,1700,0.5,2
19,15,570,1,0,500,0.6,1000,0.2,1400,0.2,0
19,16,253,2,10,5,0,500,0.6,1000,0.2,1400,0.2,2
19,17,300,2,10,5,0,300,0.5,1700,0.5,1
19,18,384,2,10,5,0,300,0.5,1700,0.5,2
19,19,466,0,0,300,0.5,1700,0.5,2
