0,0,236,0,0,300,0.5,1700,0.5,2
0,1,722,2,10,5,0,500,0.6,1000,0.2,1400,0.2,1
0,2,449,1,0,500,0.6,1000,0.2,1400,0.2,1
0,3,972,2,10,5,0,500,0.6,1000,0.2,1400,0.2,2
0,4,237,0,0,500,0.6,1000,0.2,1400,0.2,1
0,5,400,1,0,300,0.5,1700,0.5,1
0,6,803,0,0,300,0.5,1700,0.5,2
0,7,769,2,10,5,0,500,0.6,1000,0.2,1400,0.2,1
0,8,750,2,10,5,0,500,0.6,1000,0.2,1400,0.2,0
0,9,330,2,10,5,0,300,0.5,1700,0.5,1
0,10,200,0,0,500,0.6,1000,0.2,1400,0.2,1
0,11,676,2,10,5,0,300,0.5,1700,0.5,2
0,12,615,2,10,5,0,500,0.6,1000,0.2,1400,0.2,0
0,13,120,2,10,5,0,300,0.5,1700,0.5,1
0,14,926,2,10,5,0,300,0.5,1700,0.5,2
0,15,83,1,0,500,0.6,1000,0.2,1400,0.2,1
0,16,459,1,0,500,0.6,1000,0.2,1400,0.2,1
0,17,357,1,0,500,0.6,1000,0.2,1400,0.2,0
0,18,917,0,0,500,0.6,1000,0.2,1400,0.2,2
0,19,533,2,10,5,0,500,0.6,1000,0.2,1400,0.2,2
1,0,942,0,0,300,0.5,1700,0.5,1
1,1,927,0,0,300,0.5,1700,0.5,0
1,2,332,2,10,5,0,300,0.5,1700,0.5,2
1,3,340,2,10,5,0,300,0.5,1700,0.5,0
1,4,627,1,0,500,0.6,1000,0.2,1400,0.2,1
1,5,710,2,10,5,0,500,0.6,1000,0.2,1400,0.2,0
1,6,846,0,0,300,0.5,1700,0.5,1
1,7,907,1,0,500,0.6,1000,0.2,1400,0.2,0
1,8,579,0,0,300,0.5,1700,0.5,0
1,9,881,2,10,5,0,300,0.5,1700,0.5,2
1,10,125,0,0,500,0.6,1000,0.2,1400,0.2,1
1,11,196,1,0,300,0.5,1700,0.5,2
1,12,635,0,0,500,0.6,1000,0.2,1400,0.2,1
1,13,869,1,0,500,0.6,1000,0.2,1400,0.2,2
1,14,721,1,0,500,0.6,1000,0.2,1400,0.2,1
1,15,619,1,0,500,0.6,1000,0.2,1400,0.2,1
1,16,432,0,0,300,0.5,1700,0.5,2
1,17,854,2,10,5,0,300,0.5,1700,0.5,2
1,18,148,0,0,300,0.5,1700,0.5,1
1,19,512,2,10,5,0,500,0.6,1000,0.2,1400,0.2,0
2,0,164,1,0,500,0.6,1000,0.2,1400,0.2,0
2,1,416,2,10,5,0,500,0.6,1000,0.2,1400,0.2,1
2,2,722,1,0,500,0.6,1000,0.2,1400,0.2,0
2,3,844,2,10,5,0,300,0.5,1700,0.5,0
2,4,415,2,10,5,0,300,0.5,1700,0.5,2
2,5,957,1,0,500,0.6,1000,0.2,1400,0.2,1
2,6,824,0,0,300,0.5,1700,0.5,2
2,7,936,0,0,500,0.6,1000,0.2,1400,0.2,1
2,8,584,1,0,300,0.5,1700,0.5,2
2,9,318,0,0,300,0.5,1700,0.5,2
2,10,825,0,0,500,0.6,1000,0.2,1400,0.2,0
2,11,444,1,0,500,0.6,1000,0.2,1400,0.2,2
2,12,858,0,0,500,0.6,1000,0.2,1400,0.2,0
2,13,855,1,0,500,0.6,1000,0.2,1400,0.2,1
2,14,688,2,10,5,0,500,0.6,1000,0.2,1400,0.2,1
2,15,64,1,0,500,0.6,1000,0.2,1400,0.2,0
2,16,256,1,0,300,0.5,1700,0.5,1
2,17,280,2,10,5,0,300,0.5,1700,0.5,1
2,18,21,1,0,300,0.5,1700,0.5,1
2,19,94,0,0,300,0.5,1700,0.5,2
3,0,438,1,0,300,0.5,1700,0.5,1
3,1,610,1,0,500,0.6,1000,0.2,1400,0.2,1
3,2,365,1,0,500,0.6,1000,0.2,1400,0.2,0
3,3,585,2,10,5,0,500,0.6,1000,0.2,1400,0.2,0
3,4,50,0,0,300,0.5,1700,0.5,2
3,5,986,1,0,300,0.5,1700,0.5,0
3,6,873,0,0,300,0.5,1700,0.5,1
3,7,861,0,0,500,0.6,1000,0.2,1400,0.2,0
3,8,633,2,10,5,0,300,0.5,1700,0.5,2
3,9,666,2,10,5,0,300,0.5,1700,0.5,0
3,10,853,1,0,500,0.6,1000,0.2,1400,0.2,2
3,11,284,2,10,5,0,300,0.5,1700,0.5,2
3,12,435,1,0,300,0.5,1700,0.5,2
3,13,18,2,10,5,0,500,0.6,1000,0.2,1400,0.2,0
3,14,930,1,0,500,0.6,1000,0.2,1400,0.2,1
3,15,257,1,0,300,0.5,1700,0.5,1
3,16,77,0,0,500,0.6,1000,0.2,1400,0.2,2
3,17,238,0,0,300,0.5,1700,0.5,2
3,18,748,2,10,5,0,500,0.6,1000,0.2,1400,0.2,0
3,19,261,0,0,300,0.5,1700,0.5,1
4,0,480,2,10,5,0,300,0.5,1700,0.5,2
4,1,499,2,10,5,0,300,0.5,1700,0.5,1
4,2,182,0,0,300,0.5,1700,0.5,0
4,3,446,2,10,5,0,500,0.6,1000,0.2,1400,0.2,2
4,4,907,0,0,300,0.5,1700,0.5,0
4,5,286,2,10,5,0,300,0.5,1700,0.5,2
4,6,391,0,0,500,0.6,1000,0.2,1400,0.2,2
4,7,923,0,0,300,0.5,1700,0.5,2
4,8,907,2,10,5,0,300,0.5,1700,0.5,1
4,9,99,0,0,300,0.5,1700,0.5,1
4,10,571,2,10,5,0,500,0.6,1000,0.2,1400,0.2,0
4,11,871,2,10,5,0,300,0.5,1700,0.5,2
4,12,755,2,10,5,0,500,0.6,1000,0.2,1400,0.2,1
4,13,287,1,0,300,0.5,1700,0.5,0
4,14,51,2,10,5,0,500,0.6,1000,0.2,1400,0.2,2
4,15,636,0,0,300,0.5,1700,0.5,2
4,16,437,2,10,5,0,500,0.6,1000,0.2,1400,0.2,1
4,17,782,0,0,300,0.5,1700,0.5,2
4,18,95,1,0,300,0.5,1700,0.5,2
4,19,869,1,0,500,0.6,1000,0.2,1400,0.2,1
5,0,268,0,0,300,0.5,1700,0.5,2
5,1,851,2,10,5,0,300,0.5,1700,0.5,2
5,2,581,1,0,300,0.5,1700,0.5,2
5,3,692,2,10,5,0,300,0.5,1700,0.5,0
5,4,677,2,10,5,0,500,0.6,1000,0.2,1400,0.2,1
5,5,279,1,0,500,0.6,1000,0.2,1400,0.2,0
5,6,839,2,10,5,0,500,0.6,1000,0.2,1400,0.2,1
5,7,631,0,0,500,0.6,1000,0.2,1400,0.2,2
5,8,298,2,10,5,0,500,0.6,1000,0.2,1400,0.2,2
5,9,966,2,10,5,0,300,0.5,1700,0.5,2
5,10,301,0,0,300,0.5,1700,0.5,2
5,11,279,1,0,500,0.6,1000,0.2,1400,0.2,2
5,12,112,2,10,5,0,300,0.5,1700,0.5,1
5,13,508,2,10,5,0,300,0.5,1700,0.5,0
5,14,694,0,0,300,0.5,1700,0.5,1
5,15,112,2,10,5,0,500,0.6,1000,0.2,1400,0.2,0
5,16,952,2,10,5,0,300,0.5,1700,0.5,0
5,17,501,2,10,5,0,500,0.6,1000,0.2,1400,0.2,2
5,18,963,1,0,300,0.5,1700,0.5,0
5,19,362,0,0,500,0.6,1000,0.2,1400,0.2,0
6,0,947,1,0,500,0.6,1000,0.2,1400,0.2,1
6,1,21,0,0,500,0.6,1000,0.2,1400,0.2,2
6,2,578,2,10,5,0,500,0.6,1000,0.2,1400,0.2,2
6,3,821,1,0,500,0.6,1000,0.2,1400,0.2,2
6,4,334,1,0,500,0.6,1000,0.2,1400,0.2,0
6,5,309,2,10,5,0,300,0.5,1700,0.5,2
6,6,183,0,0,500,0.6,1000,0.2,1400,0.2,1
6,7,704,1,0,300,0.5,1700,0.5,0
6,8,76,0,0,300,0.5,1700,0.5,1
6,9,531,0,0,500,0.6,1000,0.2,1400,0.2,0
6,10,503,1,0,300,0.5,1700,0.5,0
6,11,610,2,10,5,0,500,0.6,1000,0.2,1400,0.2,0
6,12,868,0,0,500,0.6,1000,0.2,1400,0.2,1
6,13,778,1,0,300,0.5,1700,0.5,1
6,14,770,2,10,5,0,300,0.5,1700,0.5,1
6,15,244,2,10,5,0,300,0.5,1700,0.5,2
6,16,638,0,0,300,0.5,1700,0.5,2
6,17,245,0,0,300,0.5,1700,0.5,1
6,18,213,1,0,500,0.6,1000,0.2,1400,0.2,0
6,19,643,2,10,5,0,300,0.5,1700,0.5,0
7,0,674,2,10,5,0,500,0.6,1000,0.2,1400,0.2,0
7,1,920,2,10,5,0,500,0.6,1000,0.2,1400,0.2,1
7,2,654,0,0,500,0.6,1000,0.2,1400,0.2,1
7,3,643,2,10,5,0,300,0.5,1700,0.5,1
7,4,310,1,0,300,0.5,1700,0.5,0
7,5,612,2,10,5,0,500,0.6,1000,0.2,1400,0.2,1
7,6,489,0,0,500,0.6,1000,0.2,1400,0.2,0
7,7,184,2,10,5,0,500,0.6,1000,0.2,1400,0.2,2
7,8,362,2,10,5,0,500,0.6,1000,0.2,1400,0.2,0
7,9,147,2,10,5,0,300,0.5,1700,0.5,0
7,10,638,2,10,5,0,500,0.6,1000,0.2,1400,0.2,2
7,11,143,1,0,500,0.6,1000,0.2,1400,0.2,1
7,12,231,1,0,300,0.5,1700,0.5,2
7,13,847,0,0,300,0.5,1700,0.5,2
7,14,536,0,0,500,0.6,1000,0.2,1400,0.2,0
7,15,252,0,0,500,0.6,1000,0.2,1400,0.2,1
7,16,868,1,0,300,0.5,1700,0.5,0
7,17,212,1,0,300,0.5,1700,0.5,0
7,18,57,1,0,500,0.6,1000,0.2,1400,0.2,0
7,19,19,1,0,500,0.6,1000,0.2,1400,0.2,2
8,0,341,2,10,5,0,500,0.6,1000,0.2,1400,0.2,0
8,1,779,1,0,300,0.5,1700,0.5,1
8,2,998,0,0,500,0.6,1000,0.2,1400,0.2,2
8,3,119,2,10,5,0,300,0.5,1700,0.5,1
8,4,613,2,10,5,0,300,0.5,1700,0.5,1
8,5,836,2,10,5,0,500,0.6,1000,0.2,1400,0.2,2
8,6,219,1,0,300,0.5,1700,0.5,0
8,7,298,0,0,500,0.6,1000,0.2,1400,0.2,1
8,8,81,2,10,5,0,500,0.6,1000,0.2,1400,0.2,1
8,9,407,2,10,5,0,500,0.6,1000,0.2,1400,0.2,2
8,10,474,2,10,5,0,300,0.5,1700,0.5,0
8,11,480,0,0,300,0.5,1700,0.5,2
8,12,25,0,0,300,0.5,1700,0.5,1
8,13,933,1,0,500,0.6,1000,0.2,1400,0.2,1
8,14,810,1,0,500,0.6,1000,0.2,1400,0.2,0
8,15,340,1,0,300,0.5,1700,0.5,0
8,16,875,2,10,5,0,300,0.5,1700,0.5,1
8,17,72,0,0,300,0.5,1700,0.5,1
8,18,603,2,10,5,0,500,0.6,1000,0.2,1400,0.2,2
8,19,95,1,0,300,0.5,1700,0.5,2
9,0,523,2,10,5,0,300,0.5,1700,0.5,2
9,1,917,2,10,5,0,500,0.6,1000,0.2,1400,0.2,1
9,2,383,1,0,500,0.6,1000,0.2,1400,0.2,1
9,3,689,2,10,5,0,300,0.5,1700,0.5,2
9,4,673,0,0,300,0.5,1700,0.5,1
9,5,307,1,0,500,0.6,1000,0.2,1400,0.2,1
9,6,421,0,0,300,0.5,1700,0.5,2
9,7,254,0,0,500,0.6,1000,0.2,1400,0.2,1
9,8,260,2,10,5,0,500,0.6,1000,0.2,1400,0.2,2
9,9,477,2,10,5,0,500,0.6,1000,0.2,1400,0.2,1
9,10,17,1,0,300,0.5,1700,0.5,1
9,11,559,1,0,300,0.5,1700,0.5,2
9,12,241,1,0,300,0.5,1700,0.5,1
9,13,537,0,0,300,0.5,1700,0.5,2
9,14,606,1,0,300,0.5,1700,0.5,1
9,15,614,2,10,5,0,300,0.5,1700,0.5,0
9,16,622,0,0,300,0.5,1700,0.5,1
9,17,627,2,10,5,0,500,0.6,1000,0.2,1400,0.2,0
9,18,125,0,0,500,0.6,1000,0.2,1400,0.2,0
9,19,431,1,0,500,0.6,1000,0.2,1400,0.2,0
10,0,181,2,10,5,0,500,0.6,1000,0.2,1400,0.2,1
10,1,422,1,0,500,0.6,1000,0.2,1400,0.2,2
10,2,879,1,0,300,0.5,1700,0.5,2
10,3,477,2,10,5,0,500,0.6,1000,0.2,1400,0.2,0
10,4,736,1,0,300,0.5,1700,0.5,2
10,5,735,0,0,500,0.6,1000,0.2,1400,0.2,1
10,6,881,0,0,300,0.5,1700,0.5,1
10,7,726,0,0,500,0.6,1000,0.2,1400,0.2,0
10,8,497,2,10,5,0,500,0.6,1000,0.2,1400,0.2,1
10,9,389,1,0,300,0.5,1700,0.5,0
10,10,84,1,0,500,0.6,1000,0.2,1400,0.2,2
10,11,992,0,0,500,0.6,1000,0.2,1400,0.2,1
10,12,552,0,0,300,0.5,1700,0.5,2
10,13,779,1,0,500,0.6,1000,0.2,1400,0.2,2
10,14,370,0,0,500,0.6,1000,0.2,1400,0.2,0
10,15,219,2,10,5,0,500,0.6,1000,0.2,1400,0.2,2
10,16,924,1,0,300,0.5,1700,0.5,0
10,17,753,0,0,300,0.5,1700,0.5,2
10,18,262,1,0,300,0.5,1700,0.5,1
10,19,549,1,0,300,0.5,1700,0.5,1
11,0,638,1,0,500,0.6,1000,0.2,1400,0.2,0
11,1,880,1,0,300,0.5,1700,0.5,2
11,2,936,1,0,300,0.5,1700,0.5,0
11,3,874,1,0,500,0.6,1000,0.2,1400,0.2,2
11,4,566,0,0,300,0.5,1700,0.5,2
11,5,831,2,10,5,0,300,0.5,1700,0.5,2
11,6,892,1,0,500,0.6,1000,0.2,1400,0.2,2
11,7,696,1,0,500,0.6,1000,0.2,1400,0.2,2
11,8,376,2,10,5,0,300,0.5,1700,0.5,0
11,9,105,2,10,5,0,500,0.6,1000,0.2,1400,0.2,2
11,10,64,0,0,500,0.6,1000,0.2,1400,0.2,2
11,11,749,0,0,300,0.5,1700,0.5,2
11,12,265,2,10,5,0,500,0.6,1000,0.2,1400,0.2,2
11,13,136,0,0,500,0.6,1000,0.2,1400,0.2,2
11,14,202,0,0,500,0.6,1000,0.2,1400,0.2,0
11,15,692,2,10,5,0,300,0.5,1700,0.5,1
11,16,593,0,0,500,0.6,1000,0.2,1400,0.2,1
11,17,132,1,0,300,0.5,1700,0.5,0
11,18,70,1,0,300,0.5,1700,0.5,2
11,19,965,1,0,500,0.6,1000,0.2,1400,0.2,1
12,0,481,1,0,300,0.5,1700,0.5,1
12,1,434,1,0,300,0.5,1700,0.5,1
12,2,165,1,0,300,0.5,1700,0.5,0
12,3,502,1,0,300,0.5,1700,0.5,1
12,4,137,1,0,300,0.5,1700,0.5,1
12,5,364,0,0,500,0.6,1000,0.2,1400,0.2,1
12,6,778,2,10,5,0,500,0.6,1000,0.2,1400,0.2,1
12,7,949,0,0,300,0.5,1700,0.5,2
12,8,69,1,0,500,0.6,1000,0.2,1400,0.2,2
12,9,579,2,10,5,0,300,0.5,1700,0.5,2
12,10,415,2,10,5,0,300,0.5,1700,0.5,0
12,11,448,2,10,5,0,300,0.5,1700,0.5,0
12,12,483,0,0,500,0.6,1000,0.2,1400,0.2,1
12,13,87,0,0,500,0.6,1000,0.2,1400,0.2,1
12,14,737,2,10,5,0,500,0.6,1000,0.2,1400,0.2,2
12,15,71,1,0,500,0.6,1000,0.2,1400,0.2,2
12,16,979,0,0,500,0.6,1000,0.2,1400,0.2,2
12,17,719,2,10,5,0,300,0.5,1700,0.5,1
12,18,677,1,0,300,0.5,1700,0.5,0
12,19,452,2,10,5,0,300,0.5,1700,0.5,0
13,0,722,2,10,5,0,500,0.6,1000,0.2,1400,0.2,1
13,1,821,0,0,300,0.5,1700,0.5,0
13,2,470,1,0,300,0.5,1700,0.5,2
13,3,130,2,10,5,0,300,0.5,1700,0.5,1
13,4,916,2,10,5,0,500,0.6,1000,0.2,1400,0.2,0
13,5,491,2,10,5,0,300,0.5,1700,0.5,0
13,6,699,1,0,300,0.5,1700,0.5,0
13,7,270,0,0,300,0.5,1700,0.5,1
13,8,187,0,0,300,0.5,1700,0.5,1
13,9,329,2,10,5,0,500,0.6,1000,0.2,1400,0.2,2
13,10,108,2,10,5,0,500,0.6,1000,0.2,1400,0.2,1
13,11,656,0,0,300,0.5,1700,0.5,2
13,12,921,1,0,300,0.5,1700,0.5,1
13,13,984,2,10,5,0,300,0.5,1700,0.5,2
13,14,683,0,0,500,0.6,1000,0.2,1400,0.2,2
13,15,635,2,10,5,0,500,0.6,1000,0.2,1400,0.2,2
13,16,910,1,0,300,0.5,1700,0.5,2
13,17,445,0,0,500,0.6,1000,0.2,1400,0.2,2
13,18,838,2,10,5,0,500,0.6,1000,0.2,1400,0.2,1
13,19,270,0,0,500,0.6,1000,0.2,1400,0.2,0
14,0,71,2,10,5,0,300,0.5,1700,0.5,2
14,1,123,2,10,5,0,300,0.5,1700,0.5,0
14,2,388,0,0,300,0.5,1700,0.5,1
14,3,809,0,0,300,0.5,1700,0.5,0
14,4,409,1,0,300,0.5,1700,0.5,0
14,5,579,1,0,500,0.6,1000,0.2,1400,0.2,2
14,6,530,0,0,300,0.5,1700,0.5,2
14,7,932,1,0,300,0.5,1700,0.5,2
14,8,715,2,10,5,0,300,0.5,1700,0.5,1
14,9,198,2,10,5,0,300,0.5,1700,0.5,2
14,10,690,1,0,500,0.6,1000,0.2,1400,0.2,2
14,11,36,1,0,300,0.5,1700,0.5,2
14,12,70,0,0,500,0.6,1000,0.2,1400,0.2,0
14,13,925,0,0,300,0.5,1700,0.5,0
14,14,607,2,10,5,0,500,0.6,1000,0.2,1400,0.2,1
14,15,24,1,0,500,0.6,1000,0.2,1400,0.2,0
14,16,576,2,10,5,0,500,0.6,1000,0.2,1400,0.2,1
14,17,441,2,10,5,0,300,0.5,1700,0.5,1
14,18,737,2,10,5,0,300,0.5,1700,0.5,2
14,19,374,1,0,500,0.6,1000,0.2,1400,0.2,0
15,0,498,0,0,300,0.5,1700,0.5,2
15,1,595,1,0,500,0.6,1000,0.2,1400,0.2,0
15,2,944,2,10,5,0,300,0.5,1700,0.5,0
15,3,325,2,10,5,0,300,0.5,1700,0.5,0
15,4,851,0,0,500,0.6,1000,0.2,1400,0.2,0
15,5,282,1,0,500,0.6,1000,0.2,1400,0.2,2
15,6,66,0,0,300,0.5,1700,0.5,0
15,7,576,0,0,500,0.6,1000,0.2,1400,0.2,2
15,8,110,0,0,300,0.5,1700,0.5,0
15,9,164,1,0,300,0.5,1700,0.5,2
15,10,661,1,0,300,0.5,1700,0.5,0
15,11,624,1,0,300,0.5,1700,0.5,2
15,12,485,2,10,5,0,500,0.6,1000,0.2,1400,0.2,2
15,13,489,0,0,500,0.6,1000,0.2,1400,0.2,1
15,14,40,2,10,5,0,500,0.6,1000,0.2,1400,0.2,0
15,15,354,1,0,500,0.6,1000,0.2,1400,0.2,0
15,16,719,2,10,5,0,500,0.6,1000,0.2,1400,0.2,0
15,17,894,1,0,500,0.6,1000,0.2,1400,0.2,0
15,18,841,1,0,500,0.6,1000,0.2,1400,0.2,2
15,19,327,2,10,5,0,500,0.6,1000,0.2,1400,0.2,2
16,0,733,1,0,500,0.6,1000,0.2,1400,0.2,0
16,1,473,2,10,5,0,500,0.6,1000,0.2,1400,0.2,0
16,2,322,2,10,5,0,300,0.5,1700,0.5,1
16,3,137,1,0,500,0.6,1000,0.2,1400,0.2,2
16,4,92,1,0,500,0.6,1000,0.2,1400,0.2,1
16,5,307,2,10,5,0,500,0.6,1000,0.2,1400,0.2,2
16,6,773,1,0,500,0.6,1000,0.2,1400,0.2,1
16,7,69,1,0,500,0.6,1000,0.2,1400,0.2,1
16,8,927,0,0,300,0.5,1700,0.5,2
16,9,260,1,0,500,0.6,1000,0.2,1400,0.2,0
16,10,663,2,10,5,0,300,0.5,1700,0.5,0
16,11,311,0,0,300,0.5,1700,0.5,1
16,12,142,0,0,300,0.5,1700,0.5,0
16,13,849,2,10,5,0,500,0.6,1000,0.2,1400,0.2,1
16,14,519,1,0,500,0.6,1000,0.2,1400,0.2,2
16,15,645,2,10,5,0,300,0.5,1700,0.5,2
16,16,262,2,10,5,0,300,0.5,1700,0.5,1
16,17,967,2,10,5,0,500,0.6,1000,0.2,1400,0.2,2
16,18,627,1,0,300,0.5,1700,0.5,0
16,19,732,1,0,500,0.6,1000,0.2,1400,0.2,0
17,0,542,2,10,5,0,500,0.6,1000,0.2,1400,0.2,2
17,1,156,1,0,300,0.5,1700,0.5,2
17,2,696,0,0,300,0.5,1700,0.5,2
17,3,677,2,10,5,0,300,0.5,1700,0.5,1
17,4,968,2,10,5,0,300,0.5,1700,0.5,0
17,5,461,2,10,5,0,500,0.6,1000,0.2,1400,0.2,2
17,6,530,0,0,500,0.6,1000,0.2,1400,0.2,0
17,7,720,1,0,300,0.5,1700,0.5,2
17,8,612,0,0,500,0.6,1000,0.2,1400,0.2,1
17,9,145,2,10,5,0,300,0.5,1700,0.5,2
17,10,488,0,0,500,0.6,1000,0.2,1400,0.2,0
17,11,513,0,0,500,0.6,1000,0.2,1400,0.2,0
17,12,774,0,0,500,0.6,1000,0.2,1400,0.2,1
17,13,916,2,10,5,0,500,0.6,1000,0.2,1400,0.2,0
17,14,882,0,0,500,0.6,1000,0.2,1400,0.2,2
17,15,59,1,0,500,0.6,1000,0.2,1400,0.2,2
17,16,248,1,0,500,0.6,1000,0.2,1400,0.2,1
17,17,995,0,0,500,0.6,1000,0.2,1400,0.2,0
17,18,781,2,10,5,0,300,0.5,1700,0.5,2
17,19,344,2,10,5,0,300,0.5,1700,0.5,0
18,0,614,2,10,5,0,300,0.5,1700,0.5,0
18,1,901,1,0,500,0.6,1000,0.2,1400,0.2,2
18,2,935,0,0,300,0.5,1700,0.5,1
18,3,120,1,0,300,0.5,1700,0.5,0
18,4,494,1,0,500,0.6,1000,0.2,1400,0.2,2
18,5,984,1,0,500,0.6,1000,0.2,1400,0.2,1
18,6,658,2,10,5,0,500,0.6,1000,0.2,1400,0.2,1
18,7,47,1,0,500,0.6,1000,0.2,1400,0.2,1
18,8,325,0,0,500,0.6,1000,0.2,1400,0.2,1
18,9,564,2,10,5,0,300,0.5,1700,0.5,0
18,10,878,2,10,5,0,300,0.5,1700,0.5,2
18,11,60,1,0,500,0.6,1000,0.2,1400,0.2,2
18,12,947,2,10,5,0,300,0.5,1700,0.5,2
18,13,516,2,10,5,0,300,0.5,1700,0.5,0
18,14,508,2,10,5,0,300,0.5,1700,0.5,2
18,15,417,0,0,300,0.5,1700,0.5,0
18,16,114,1,0,500,0.6,1000,0.2,1400,0.2,0
18,17,567,2,10,5,0,300,0.5,1700,0.5,1
18,18,109,2,10,5,0,500,0.6,1000,0.2,1400,0.2,2
18,19,169,2,10,5,0,500,0.6,1000,0.2,1400,0.2,1
19,0,112,1,0,500,0.6,1000,0.2,1400,0.2,0
19,1,634,2,10,5,0,300,0.5,1700,0.5,0
19,2,96,2,10,5,0,500,0.6,1000,0.2,1400,0.2,0
19,3,278,2,10,5,0,500,0.6,1000,0.2,1400,0.2,0
19,4,246,1,0,300,0.5,1700,0.5,2
19,5,107,0,0,300,0.5,1700,0.5,1
19,6,734,2,10,5,0,300,0.5,1700,0.5,2
19,7,645,2,10,5,0,500,0.6,1000,0.2,1400,0.2,1
19,8,167,0,0,300,0.5,1700,0.5,2
19,9,875,2,10,5,0,300,0.5,1700,0.5,0
19,10,43,1,0,500,0.6,1000,0.2,1400,0.2,2
19,11,581,2,10,5,0,300,0.5,1700,0.5,0
19,12,472,0,0,500,0.6,1000,0.2,1400,0.2,0
19,13,456,0,0,300,0.5,1700,0.5,0
19,14,735,2,10,5,0,500,0.6,1000,0.2,1400,0.2,2
19,15,204,1,0,300,0.5,1700,0.5,1
19,16,367,0,0,500,0.6,1000,0.2,1400,0.2,1
19,17,249,1,0,300,0.5,1700,0.5,2
19,18,483,2,10,5,0,300,0.5,1700,0.5,2
19,19,304,1,0,300,0.5,1700,0.5,2
