0,0,804,0,0,300,0.5,1700,0.5,1
0,1,80,0,0,300,0.5,1700,0.5,0
0,2,175,0,0,500,0.6,1000,0.2,1400,0.2,0
0,3,793,0,0,300,0.5,1700,0.5,1
0,4,214,2,10,5,0,300,0.5,1700,0.5,1
0,5,517,2,10,5,0,500,0.6,1000,0.2,1400,0.2,2
0,6,148,2,10,5,0,500,0.6,1000,0.2,1400,0.2,2
0,7,300,1,0,500,0.6,1000,0.2,1400,0.2,1
0,8,474,0,0,300,0.5,1700,0.5,2
0,9,487,0,0,500,0.6,1000,0.2,1400,0.2,0
0,10,541,0,0,500,0.6,1000,0.2,1400,0.2,1
0,11,554,0,0,300,0.5,1700,0.5,2
0,12,614,2,10,5,0,500,0.6,1000,0.2,1400,0.2,1
0,13,668,1,0,300,0.5,1700,0.5,0
0,14,589,2,10,5,0,500,0.6,1000,0.2,1400,0.2,0
0,15,636,2,10,5,0,300,0.5,1700,0.5,0
0,16,188,0,0,300,0.5,1700,0.5,2
0,17,766,0,0,300,0.5,1700,0.5,0
0,18,400,0,0,500,0.6,1000,0.2,1400,0.2,0
0,19,277,2,10,5,0,500,0.6,1000,0.2,1400,0.2,2
1,0,637,0,0,300,0.5,1700,0.5,2
1,1,231,1,0,500,0.6,1000,0.2,1400,0.2,1
1,2,178,2,10,5,0,500,0.6,1000,0.2,1400,0.2,0
1,3,90,0,0,300,0.5,1700,0.5,0
1,4,757,1,0,300,0.5,1700,0.5,0
1,5,62,2,10,5,0,500,0.6,1000,0.2,1400,0.2,2
1,6,994,0,0,500,0.6,1000,0.2,1400,0.2,0
1,7,447,0,0,500,0.6,1000,0.2,1400,0.2,2
1,8,548,0,0,500,0.6,1000,0.2,1400,0.2,0
1,9,800,1,0,300,0.5,1700,0.5,2
1,10,853,0,0,300,0.5,1700,0.5,0
1,11,519,0,0,500,0.6,1000,0.2,1400,0.2,2
1,12,297,0,0,300,0.5,1700,0.5,2
1,13,211,1,0,300,0.5,1700,0.5,1
1,14,482,1,0,300,0.5,1700,0.5,0
1,15,686,2,10,5,0,500,0.6,1000,0.2,1400,0.2,1
1,16,618,0,0,500,0.6,1000,0.2,1400,0.2,0
1,17,731,2,10,5,0,500,0.6,1000,0.2,1400,0.2,1
1,18,621,1,0,300,0.5,1700,0.5,0
1,19,246,0,0,500,0.6,1000,0.2,1400,0.2,1
2,0,85,1,0,300,0.5,1700,0.5,0
2,1,672,0,0,500,0.6,1000,0.2,1400,0.2,2
2,2,878,0,0,500,0.6,1000,0.2,1400,0.2,0
2,3,959,2,10,5,0,300,0.5,1700,0.5,2
2,4,832,0,0,500,0.6,1000,0.2,1400,0.2,1
2,5,361,2,10,5,0,500,0.6,1000,0.2,1400,0.2,1
2,6,97,2,10,5,0,300,0.5,1700,0.5,0
2,7,597,2,10,5,0,300,0.5,1700,0.5,2
2,8,836,2,10,5,0,300,0.5,1700,0.5,0
2,9,20,2,10,5,0,300,0.5,1700,0.5,0
2,10,610,1,0,500,0.6,1000,0.2,1400,0.2,2
2,11,595,1,0,300,0.5,1700,0.5,2
2,12,45,0,0,300,0.5,1700,0.5,1
2,13,134,0,0,500,0.6,1000,0.2,1400,0.2,0
2,14,977,0,0,300,0.5,1700,0.5,1
2,15,163,2,10,5,0,500,0.6,1000,0.2,1400,0.2,1
2,16,90,0,0,300,0.5,1700,0.5,0
2,17,223,1,0,300,0.5,1700,0.5,0
2,18,453,0,0,300,0.5,1700,0.5,0
2,19,446,1,0,300,0.5,1700,0.5,2
3,0,923,0,0,300,0.5,1700,0.5,1
3,1,331,0,0,500,0.6,1000,0.2,1400,0.2,1
3,2,925,2,10,5,0,300,0.5,1700,0.5,2
3,3,971,0,0,300,0.5,1700,0.5,2
3,4,894,0,0,300,0.5,1700,0.5,0
3,5,660,2,10,5,0,300,0.5,1700,0.5,2
3,6,554,2,10,5,0,300,0.5,1700,0.5,1
3,7,23,0,0,500,0.6,1000,0.2,1400,0.2,2
3,8,748,0,0,300,0.5,1700,0.5,0
3,9,525,1,0,500,0.6,1000,0.2,1400,0.2,0
3,10,662,2,10,5,0,300,0.5,1700,0.5,2
3,11,383,2,10,5,0,300,0.5,1700,0.5,0
3,12,597,1,0,500,0.6,1000,0.2,1400,0.2,2
3,13,307,2,10,5,0,500,0.6,1000,0.2,1400,0.2,1
3,14,554,1,0,500,0.6,1000,0.2,1400,0.2,0
3,15,315,0,0,500,0.6,1000,0.2,1400,0.2,1
3,16,986,2,10,5,0,500,0.6,1000,0.2,1400,0.2,2
3,17,140,0,0,500,0.6,1000,0.2,1400,0.2,0
3,18,76,1,0,500,0.6,1000,0.2,1400,0.2,2
3,19,901,2,10,5,0,300,0.5,1700,0.5,1
4,0,824,0,0,500,0.6,1000,0.2,1400,0.2,2
4,1,769,0,0,300,0.5,1700,0.5,2
4,2,594,1,0,500,0.6,1000,0.2,1400,0.2,2
4,3,138,1,0,300,0.5,1700,0.5,1
4,4,21,0,0,300,0.5,1700,0.5,2
4,5,708,1,0,500,0.6,1000,0.2,1400,0.2,2
4,6,322,0,0,300,0.5,1700,0.5,1
4,7,651,2,10,5,0,500,0.6,1000,0.2,1400,0.2,1
4,8,881,1,0,300,0.5,1700,0.5,1
4,9,606,0,0,500,0.6,1000,0.2,1400,0.2,1
4,10,364,2,10,5,0,300,0.5,1700,0.5,0
4,11,581,0,0,500,0.6,1000,0.2,1400,0.2,1
4,12,48,1,0,300,0.5,1700,0.5,2
4,13,765,2,10,5,0,500,0.6,1000,0.2,1400,0.2,0
4,14,278,2,10,5,0,300,0.5,1700,0.5,1
4,15,254,0,0,500,0.6,1000,0.2,1400,0.2,2
4,16,448,1,0,500,0.6,1000,0.2,1400,0.2,1
4,17,750,1,0,500,0.6,1000,0.2,1400,0.2,1
4,18,955,2,10,5,0,500,0.6,1000,0.2,1400,0.2,1
4,19,735,1,0,500,0.6,1000,0.2,1400,0.2,1
5,0,628,1,0,500,0.6,1000,0.2,1400,0.2,1
5,1,79,1,0,500,0.6,1000,0.2,1400,0.2,1
5,2,621,0,0,300,0.5,1700,0.5,0
5,3,857,0,0,300,0.5,1700,0.5,0
5,4,608,0,0,300,0.5,1700,0.5,2
5,5,338,2,10,5,0,300,0.5,1700,0.5,2
5,6,812,1,0,500,0.6,1000,0.2,1400,0.2,2
5,7,714,2,10,5,0,500,0.6,1000,0.2,1400,0.2,0
5,8,948,0,0,300,0.5,1700,0.5,0
5,9,568,0,0,500,0.6,1000,0.2,1400,0.2,1
5,10,982,2,10,5,0,500,0.6,1000,0.2,1400,0.2,0
5,11,434,2,10,5,0,300,0.5,1700,0.5,2
5,12,884,1,0,300,0.5,1700,0.5,2
5,13,528,1,0,300,0.5,1700,0.5,2
5,14,508,0,0,300,0.5,1700,0.5,2
5,15,106,1,0,300,0.5,1700,0.5,2
5,16,266,0,0,300,0.5,1700,0.5,1
5,17,108,2,10,5,0,300,0.5,1700,0.5,2
5,18,508,0,0,300,0.5,1700,0.5,0
5,19,524,1,0,500,0.6,1000,0.2,1400,0.2,2
6,0,692,2,10,5,0,500,0.6,1000,0.2,1400,0.2,0
6,1,912,1,0,500,0.6,1000,0.2,1400,0.2,1
6,2,145,2,10,5,0,500,0.6,1000,0.2,1400,0.2,2
6,3,100,2,10,5,0,500,0.6,1000,0.2,1400,0.2,1
6,4,402,2,10,5,0,300,0.5,1700,0.5,0
6,5,418,0,0,300,0.5,1700,0.5,1
6,6,367,0,0,500,0.6,1000,0.2,1400,0.2,1
6,7,81,2,10,5,0,300,0.5,1700,0.5,0
6,8,161,1,0,500,0.6,1000,0.2,1400,0.2,1
6,9,488,1,0,300,0.5,1700,0.5,1
6,10,775,2,10,5,0,500,0.6,1000,0.2,1400,0.2,0
6,11,595,2,10,5,0,300,0.5,1700,0.5,0
6,12,156,1,0,300,0.5,1700,0.5,0
6,13,543,0,0,500,0.6,1000,0.2,1400,0.2,0
6,14,309,1,0,500,0.6,1000,0.2,1400,0.2,2
6,15,547,2,10,5,0,500,0.6,1000,0.2,1400,0.2,2
6,16,20,1,0,500,0.6,1000,0.2,1400,0.2,1
6,17,542,2,10,5,0,300,0.5,1700,0.5,2
6,18,585,2,10,5,0,500,0.6,1000,0.2,1400,0.2,1
6,19,240,2,10,5,0,300,0.5,1700,0.5,0
7,0,602,0,0,300,0.5,1700,0.5,0
7,1,856,1,0,500,0.6,1000,0.2,1400,0.2,0
7,2,89,1,0,300,0.5,1700,0.5,0
7,3,237,2,10,5,0,500,0.6,1000,0.2,1400,0.2,2
7,4,922,1,0,500,0.6,1000,0.2,1400,0.2,1
7,5,386,1,0,500,0.6,1000,0.2,1400,0.2,2
7,6,61,0,0,500,0.6,1000,0.2,1400,0.2,2
7,7,628,1,0,500,0.6,1000,0.2,1400,0.2,1
7,8,882,1,0,300,0.5,1700,0.5,1
7,9,30,2,10,5,0,300,0.5,1700,0.5,2
7,10,907,2,10,5,0,500,0.6,1000,0.2,1400,0.2,2
7,11,237,2,10,5,0,300,0.5,1700,0.5,0
7,12,588,2,10,5,0,300,0.5,1700,0.5,1
7,13,25,2,10,5,0,500,0.6,1000,0.2,1400,0.2,2
7,14,401,0,0,500,0.6,1000,0.2,1400,0.2,0
7,15,92,2,10,5,0,300,0.5,1700,0.5,2
7,16,909,0,0,500,0.6,1000,0.2,1400,0.2,1
7,17,131,0,0,500,0.6,1000,0.2,1400,0.2,2
7,18,298,2,10,5,0,500,0.6,1000,0.2,1400,0.2,2
7,19,531,1,0,500,0.6,1000,0.2,1400,0.2,1
8,0,179,0,0,300,0.5,1700,0.5,2
8,1,473,2,10,5,0,300,0.5,1700,0.5,0
8,2,880,2,10,5,0,500,0.6,1000,0.2,1400,0.2,2
8,3,425,1,0,500,0.6,1000,0.2,1400,0.2,1
8,4,508,2,10,5,0,300,0.5,1700,0.5,2
8,5,938,0,0,500,0.6,1000,0.2,1400,0.2,0
8,6,979,2,10,5,0,500,0.6,1000,0.2,1400,0.2,0
8,7,701,0,0,300,0.5,1700,0.5,1
8,8,661,0,0,500,0.6,1000,0.2,1400,0.2,2
8,9,54,2,10,5,0,300,0.5,1700,0.5,0
8,10,280,2,10,5,0,300,0.5,1700,0.5,1
8,11,340,1,0,500,0.6,1000,0.2,1400,0.2,2
8,12,944,2,10,5,0,300,0.5,1700,0.5,1
8,13,491,1,0,300,0.5,1700,0.5,2
8,14,970,2,10,5,0,500,0.6,1000,0.2,1400,0.2,2
8,15,496,0,0,500,0.6,1000,0.2,1400,0.2,2
8,16,694,2,10,5,0,500,0.6,1000,0.2,1400,0.2,2
8,17,668,0,0,500,0.6,1000,0.2,1400,0.2,1
8,18,396,0,0,500,0.6,1000,0.2,1400,0.2,1
8,19,249,1,0,500,0.6,1000,0.2,1400,0.2,0
9,0,65,0,0,300,0.5,1700,0.5,2
9,1,203,2,10,5,0,300,0.5,1700,0.5,2
9,2,318,0,0,500,0.6,1000,0.2,1400,0.2,1
9,3,840,2,10,5,0,500,0.6,1000,0.2,1400,0.2,2
9,4,116,1,0,500,0.6,1000,0.2,1400,0.2,2
9,5,373,1,0,500,0.6,1000,0.2,1400,0.2,1
9,6,759,0,0,300,0.5,1700,0.5,2
9,7,474,2,10,5,0,300,0.5,1700,0.5,0
9,8,779,0,0,500,0.6,1000,0.2,1400,0.2,1
9,9,877,1,0,500,0.6,1000,0.2,1400,0.2,0
9,10,279,1,0,300,0.5,1700,0.5,2
9,11,912,1,0,300,0.5,1700,0.5,0
9,12,713,1,0,500,0.6,1000,0.2,1400,0.2,0
9,13,21,0,0,500,0.6,1000,0.2,1400,0.2,1
9,14,715,1,0,300,0.5,1700,0.5,2
9,15,521,2,10,5,0,300,0.5,1700,0.5,1
9,16,874,0,0,500,0.6,1000,0.2,1400,0.2,0
9,17,317,0,0,500,0.6,1000,0.2,1400,0.2,2
9,18,240,2,10,5,0,500,0.6,1000,0.2,1400,0.2,1
9,19,95,1,0,300,0.5,1700,0.5,0
10,0,837,0,0,500,0.6,1000,0.2,1400,0.2,1
10,1,741,2,10,5,0,300,0.5,1700,0.5,2
10,2,771,2,10,5,0,500,0.6,1000,0.2,1400,0.2,0
10,3,795,1,0,300,0.5,1700,0.5,2
10,4,983,0,0,500,0.6,1000,0.2,1400,0.2,2
10,5,504,1,0,300,0.5,1700,0.5,0
10,6,205,0,0,500,0.6,1000,0.2,1400,0.2,2
10,7,70,0,0,300,0.5,1700,0.5,1
10,8,644,0,0,500,0.6,1000,0.2,1400,0.2,2
10,9,556,1,0,300,0.5,1700,0.5,0
10,10,737,1,0,500,0.6,1000,0.2,1400,0.2,0
10,11,462,2,10,5,0,500,0.6,1000,0.2,1400,0.2,2
10,12,409,0,0,300,0.5,1700,0.5,2
10,13,273,1,0,500,0.6,1000,0.2,1400,0.2,1
10,14,571,1,0,300,0.5,1700,0.5,1
10,15,882,1,0,500,0.6,1000,0.2,1400,0.2,1
10,16,728,2,10,5,0,500,0.6,1000,0.2,1400,0.2,2
10,17,471,2,10,5,0,500,0.6,1000,0.2,1400,0.2,2
10,18,466,0,0,300,0.5,1700,0.5,0
10,19,484,2,10,5,0,500,0.6,1000,0.2,1400,0.2,0
11,0,842,1,0,300,0.5,1700,0.5,0
11,1,622,0,0,300,0.5,1700,0.5,1
11,2,806,0,0,300,0.5,1700,0.5,2
11,3,17,0,0,300,0.5,1700,0.5,1
11,4,841,2,10,5,0,500,0.6,1000,0.2,1400,0.2,1
11,5,630,0,0,500,0.6,1000,0.2,1400,0.2,1
11,6,568,0,0,500,0.6,1000,0.2,1400,0.2,2
11,7,43,2,10,5,0,300,0.5,1700,0.5,1
11,8,441,1,0,500,0.6,1000,0.2,1400,0.2,2
11,9,158,0,0,500,0.6,1000,0.2,1400,0.2,1
11,10,826,1,0,500,0.6,1000,0.2,1400,0.2,1
11,11,831,2,10,5,0,300,0.5,1700,0.5,2
11,12,269,1,0,500,0.6,1000,0.2,1400,0.2,2
11,13,305,2,10,5,0,300,0.5,1700,0.5,0
11,14,773,0,0,500,0.6,1000,0.2,1400,0.2,1
11,15,726,2,10,5,0,300,0.5,1700,0.5,1
11,16,354,1,0,500,0.6,1000,0.2,1400,0.2,2
11,17,433,2,10,5,0,300,0.5,1700,0.5,1
11,18,587,2,10,5,0,500,0.6,1000,0.2,1400,0.2,2
11,19,135,0,0,300,0.5,1700,0.5,0
12,0,185,2,10,5,0,300,0.5,1700,0.5,0
12,1,307,2,10,5,0,300,0.5,1700,0.5,1
12,2,21,0,0,500,0.6,1000,0.2,1400,0.2,2
12,3,546,0,0,500,0.6,1000,0.2,1400,0.2,2
12,4,462,1,0,500,0.6,1000,0.2,1400,0.2,0
12,5,936,0,0,300,0.5,1700,0.5,2
12,6,559,1,0,500,0.6,1000,0.2,1400,0.2,2
12,7,727,2,10,5,0,300,0.5,1700,0.5,0
12,8,458,1,0,300,0.5,1700,0.5,0
12,9,538,0,0,300,0.5,1700,0.5,1
12,10,993,0,0,300,0.5,1700,0.5,1
12,11,228,2,10,5,0,300,0.5,1700,0.5,2
12,12,338,1,0,300,0.5,1700,0.5,0
12,13,369,0,0,300,0.5,1700,0.5,1
12,14,237,2,10,5,0,500,0.6,1000,0.2,1400,0.2,1
12,15,389,1,0,500,0.6,1000,0.2,1400,0.2,0
12,16,591,1,0,300,0.5,1700,0.5,0
12,17,479,2,10,5,0,500,0.6,1000,0.2,1400,0.2,0
12,18,561,0,0,300,0.5,1700,0.5,0
12,19,290,1,0,300,0.5,1700,0.5,0
13,0,49,1,0,500,0.6,1000,0.2,1400,0.2,1
13,1,289,0,0,500,0.6,1000,0.2,1400,0.2,0
13,2,429,1,0,500,0.6,1000,0.2,1400,0.2,2
13,3,102,1,0,300,0.5,1700,0.5,0
13,4,358,0,0,500,0.6,1000,0.2,1400,0.2,0
13,5,286,2,10,5,0,300,0.5,1700,0.5,1
13,6,23,2,10,5,0,500,0.6,1000,0.2,1400,0.2,2
13,7,274,2,10,5,0,300,0.5,1700,0.5,1
13,8,886,0,0,500,0.6,1000,0.2,1400,0.2,2
13,9,342,0,0,300,0.5,1700,0.5,0
13,10,397,1,0,500,0.6,1000,0.2,1400,0.2,1
13,11,600,1,0,500,0.6,1000,0.2,1400,0.2,1
13,12,600,0,0,300,0.5,1700,0.5,2
13,13,614,0,0,300,0.5,1700,0.5,1
13,14,735,0,0,500,0.6,1000,0.2,1400,0.2,2
13,15,591,1,0,500,0.6,1000,0.2,1400,0.2,1
13,16,552,0,0,300,0.5,1700,0.5,2
13,17,533,2,10,5,0,300,0.5,1700,0.5,1
13,18,14,0,0,500,0.6,1000,0.2,1400,0.2,1
13,19,232,0,0,300,0.5,1700,0.5,0
14,0,960,0,0,500,0.6,1000,0.2,1400,0.2,0
14,1,65,1,0,300,0.5,1700,0.5,1
14,2,693,1,0,300,0.5,1700,0.5,1
14,3,584,0,0,500,0.6,1000,0.2,1400,0.2,2
14,4,480,2,10,5,0,500,0.6,1000,0.2,1400,0.2,2
14,5,156,2,10,5,0,300,0.5,1700,0.5,2
14,6,375,0,0,500,0.6,1000,0.2,1400,0.2,1
14,7,325,0,0,300,0.5,1700,0.5,2
14,8,333,0,0,500,0.6,1000,0.2,1400,0.2,2
14,9,98,2,10,5,0,500,0.6,1000,0.2,1400,0.2,0
14,10,869,2,10,5,0,300,0.5,1700,0.5,1
14,11,115,0,0,500,0.6,1000,0.2,1400,0.2,2
14,12,929,2,10,5,0,500,0.6,1000,0.2,1400,0.2,1
14,13,43,1,0,300,0.5,1700,0.5,1
14,14,444,2,10,5,0,500,0.6,1000,0.2,1400,0.2,1
14,15,834,0,0,500,0.6,1000,0.2,1400,0.2,2
14,16,666,1,0,300,0.5,1700,0.5,2
14,17,560,2,10,5,0,300,0.5,1700,0.5,1
14,18,916,2,10,5,0,500,0.6,1000,0.2,1400,0.2,1
14,19,998,2,10,5,0,500,0.6,1000,0.2,1400,0.2,1
15,0,950,0,0,300,0.5,1700,0.5,0
15,1,465,1,0,300,0.5,1700,0.5,2
15,2,512,1,0,300,0.5,1700,0.5,1
15,3,537,1,0,300,0.5,1700,0.5,1
15,4,630,1,0,500,0.6,1000,0.2,1400,0.2,1
15,5,445,1,0,500,0.6,1000,0.2,1400,0.2,0
15,6,196,1,0,500,0.6,1000,0.2,1400,0.2,0
15,7,889,0,0,300,0.5,1700,0.5,2
15,8,146,2,10,5,0,500,0.6,1000,0.2,1400,0.2,0
15,9,620,2,10,5,0,500,0.6,1000,0.2,1400,0.2,1
15,10,537,1,0,300,0.5,1700,0.5,2
15,11,681,0,0,500,0.6,1000,0.2,1400,0.2,2
15,12,249,2,10,5,0,300,0.5,1700,0.5,1
15,13,92,2,10,5,0,300,0.5,1700,0.5,0
15,14,811,2,10,5,0,300,0.5,1700,0.5,0
15,15,713,0,0,500,0.6,1000,0.2,1400,0.2,0
15,16,588,0,0,500,0.6,1000,0.2,1400,0.2,2
15,17,458,1,0,500,0.6,1000,0.2,1400,0.2,2
15,18,506,2,10,5,0,300,0.5,1700,0.5,2
15,19,935,0,0,500,0.6,1000,0.2,1400,0.2,0
16,0,405,1,0,500,0.6,1000,0.2,1400,0.2,2
16,1,670,1,0,500,0.6,1000,0.2,1400,0.2,1
16,2,649,1,0,500,0.6,1000,0.2,1400,0.2,0
16,3,599,2,10,5,0,500,0.6,1000,0.2,1400,0.2,0
16,4,52,0,0,300,0.5,1700,0.5,2
16,5,125,2,10,5,0,300,0.5,1700,0.5,2
16,6,128,2,10,5,0,500,0.6,1000,0.2,1400,0.2,1
16,7,270,2,10,5,0,300,0.5,1700,0.5,1
16,8,559,0,0,500,0.6,1000,0.2,1400,0.2,1
16,9,778,1,0,300,0.5,1700,0.5,0
16,10,371,0,0,500,0.6,1000,0.2,1400,0.2,2
16,11,748,1,0,500,0.6,1000,0.2,1400,0.2,1
16,12,795,0,0,500,0.6,1000,0.2,1400,0.2,0
16,13,570,2,10,5,0,500,0.6,1000,0.2,1400,0.2,2
16,14,773,1,0,300,0.5,1700,0.5,2
16,15,558,0,0,500,0.6,1000,0.2,1400,0.2,0
16,16,707,2,10,5,0,300,0.5,1700,0.5,2
16,17,227,0,0,500,0.6,1000,0.2,1400,0.2,1
16,18,418,1,0,300,0.5,1700,0.5,0
16,19,246,2,10,5,0,500,0.6,1000,0.2,1400,0.2,2
17,0,620,1,0,300,0.5,1700,0.5,0
17,1,365,2,10,5,0,500,0.6,1000,0.2,1400,0.2,1
17,2,513,0,0,500,0.6,1000,0.2,1400,0.2,0
17,3,180,1,0,300,0.5,1700,0.5,1
17,4,494,0,0,500,0.6,1000,0.2,1400,0.2,2
17,5,182,1,0,500,0.6,1000,0.2,1400,0.2,2
17,6,593,1,0,500,0.6,1000,0.2,1400,0.2,0
17,7,46,1,0,300,0.5,1700,0.5,1
17,8,63,0,0,300,0.5,1700,0.5,2
17,9,989,1,0,500,0.6,1000,0.2,1400,0.2,2
17,10,731,0,0,500,0.6,1000,0.2,1400,0.2,2
17,11,414,0,0,300,0.5,1700,0.5,1
17,12,678,1,0,300,0.5,1700,0.5,0
17,13,533,2,10,5,0,500,0.6,1000,0.2,1400,0.2,1
17,14,668,1,0,300,0.5,1700,0.5,1
17,15,640,1,0,500,0.6,1000,0.2,1400,0.2,0
17,16,890,0,0,300,0.5,1700,0.5,0
17,17,519,1,0,500,0.6,1000,0.2,1400,0.2,1
17,18,819,0,0,500,0.6,1000,0.2,1400,0.2,0
17,19,294,2,10,5,0,300,0.5,1700,0.5,2
18,0,999,2,10,5,0,300,0.5,1700,0.5,1
18,1,318,2,10,5,0,300,0.5,1700,0.5,0
18,2,399,0,0,500,0.6,1000,0.2,1400,0.2,1
18,3,354,0,0,300,0.5,1700,0.5,1
18,4,834,1,0,500,0.6,1000,0.2,1400,0.2,2
18,5,794,2,10,5,0,300,0.5,1700,0.5,2
18,6,188,1,0,300,0.5,1700,0.5,0
18,7,218,0,0,300,0.5,1700,0.5,1
18,8,914,2,10,5,0,500,0.6,1000,0.2,1400,0.2,2
18,9,107,0,0,300,0.5,1700,0.5,2
18,10,844,0,0,500,0.6,1000,0.2,1400,0.2,2
18,11,857,2,10,5,0,500,0.6,1000,0.2,1400,0.2,0
18,12,750,0,0,300,0.5,1700,0.5,2
18,13,409,1,0,300,0.5,1700,0.5,1
18,14,239,2,10,5,0,300,0.5,1700,0.5,2
18,15,653,2,10,5,0,500,0.6,1000,0.2,1400,0.2,2
18,16,378,0,0,300,0.5,1700,0.5,2
18,17,366,2,10,5,0,300,0.5,1700,0.5,0
18,18,912,2,10,5,0,500,0.6,1000,0.2,1400,0.2,0
18,19,322,2,10,5,0,500,0.6,1000,0.2,1400,0.2,1
19,0,491,0,0,500,0.6,1000,0.2,1400,0.2,0
19,1,932,2,10,5,0,300,0.5,1700,0.5,0
19,2,575,2,10,5,0,300,0.5,1700,0.5,1
19,3,170,2,10,5,0,500,0.6,1000,0.2,1400,0.2,0
19,4,824,2,10,5,0,500,0.6,1000,0.2,1400,0.2,1
19,5,298,2,10,5,0,500,0.6,1000,0.2,1400,0.2,2
19,6,276,2,10,5,0,300,0.5,1700,0.5,2
19,7,231,1,0,300,0.5,1700,0.5,0
19,8,377,0,0,500,0.6,1000,0.2,1400,0.2,1
19,9,223,1,0,500,0.6,1000,0.2,1400,0.2,0
19,10,363,2,10,5,0,500,0.6,1000,0.2,1400,0.2,0
19,11,340,2,10,5,0,500,0.6,1000,0.2,1400,0.2,2
19,12,256,0,0,300,0.5,1700,0.5,0
19,13,668,2,10,5,0,300,0.5,1700,0.5,1
19,14,426,2,10,5,0,300,0.5,1700,0.5,2
19,15,432,0,0,500,0.6,1000,0.2,1400,0.2,0
19,16,15,0,0,300,0.5,1700,0.5,1
19,17,320,0,0,500,0.6,1000,0.2,1400,0.2,0
19,18,730,2,10,5,0,500,0.6,1000,0.2,1400,0.2,1
19,19,991,0,0,500,0.6,1000,0.2,1400,0.2,0
