0,0,347,1,0,500,0.6,1000,0.2,1400,0.2,0
0,1,211,2,10,5,0,300,0.5,1700,0.5,0
0,2,669,2,10,5,0,500,0.6,1000,0.2,1400,0.2,2
0,3,268,2,10,5,0,300,0.5,1700,0.5,1
0,4,738,1,0,300,0.5,1700,0.5,0
0,5,575,1,0,500,0.6,1000,0.2,1400,0.2,2
0,6,680,0,0,300,0.5,1700,0.5,0
0,7,386,2,10,5,0,300,0.5,1700,0.5,2
0,8,374,0,0,500,0.6,1000,0.2,1400,0.2,1
0,9,170,2,10,5,0,300,0.5,1700,0.5,0
0,10,248,1,0,500,0.6,1000,0.2,1400,0.2,0
0,11,804,1,0,300,0.5,1700,0.5,1
0,12,306,2,10,5,0,300,0.5,1700,0.5,1
0,13,568,2,10,5,0,500,0.6,1000,0.2,1400,0.2,1
0,14,545,0,0,300,0.5,1700,0.5,1
0,15,80,2,10,5,0,300,0.5,1700,0.5,2
0,16,324,2,10,5,0,300,0.5,1700,0.5,1
0,17,900,0,0,500,0.6,1000,0.2,1400,0.2,1
0,18,321,2,10,5,0,300,0.5,1700,0.5,2
0,19,343,2,10,5,0,300,0.5,1700,0.5,0
1,0,368,0,0,500,0.6,1000,0.2,1400,0.2,0
1,1,553,0,0,300,0.5,1700,0.5,1
1,2,715,0,0,300,0.5,1700,0.5,2
1,3,540,1,0,300,0.5,1700,0.5,0
1,4,543,2,10,5,0,300,0.5,1700,0.5,1
1,5,988,1,0,300,0.5,1700,0.5,1
1,6,829,0,0,300,0.5,1700,0.5,1
1,7,352,1,0,500,0.6,1000,0.2,1400,0.2,1
1,8,174,1,0,300,0.5,1700,0.5,2
1,9,672,1,0,300,0.5,1700,0.5,0
1,10,862,1,0,500,0.6,1000,0.2,1400,0.2,1
1,11,65,1,0,500,0.6,1000,0.2,1400,0.2,0
1,12,929,0,0,500,0.6,1000,0.2,1400,0.2,1
1,13,348,2,10,5,0,500,0.6,1000,0.2,1400,0.2,0
1,14,886,2,10,5,0,500,0.6,1000,0.2,1400,0.2,1
1,15,234,1,0,500,0.6,1000,0.2,1400,0.2,2
1,16,835,2,10,5,0,500,0.6,1000,0.2,1400,0.2,1
1,17,381,0,0,500,0.6,1000,0.2,1400,0.2,0
1,18,803,2,10,5,0,300,0.5,1700,0.5,0
1,19,370,1,0,500,0.6,1000,0.2,1400,0.2,0
2,0,773,2,10,5,0,500,0.6,1000,0.2,1400,0.2,0
2,1,670,1,0,500,0.6,1000,0.2,1400,0.2,0
2,2,993,1,0,300,0.5,1700,0.5,2
2,3,94,0,0,500,0.6,1000,0.2,1400,0.2,2
2,4,607,0,0,500,0.6,1000,0.2,1400,0.2,2
2,5,751,1,0,500,0.6,1000,0.2,1400,0.2,1
2,6,697,0,0,500,0.6,1000,0.2,1400,0.2,0
2,7,754,1,0,300,0.5,1700,0.5,0
2,8,375,0,0,300,0.5,1700,0.5,0
2,9,283,1,0,300,0.5,1700,0.5,2
2,10,239,0,0,300,0.5,1700,0.5,1
2,11,344,1,0,300,0.5,1700,0.5,0
2,12,524,1,0,500,0.6,1000,0.2,1400,0.2,1
2,13,845,0,0,500,0.6,1000,0.2,1400,0.2,2
2,14,810,2,10,5,0,300,0.5,1700,0.5,0
2,15,822,1,0,500,0.6,1000,0.2,1400,0.2,0
2,16,380,2,10,5,0,300,0.5,1700,0.5,0
2,17,468,2,10,5,0,300,0.5,1700,0.5,1
2,18,878,0,0,300,0.5,1700,0.5,1
2,19,322,2,10,5,0,300,0.5,1700,0.5,1
3,0,533,2,10,5,0,500,0.6,1000,0.2,1400,0.2,0
3,1,865,1,0,500,0.6,1000,0.2,1400,0.2,1
3,2,407,1,0,500,0.6,1000,0.2,1400,0.2,0
3,3,765,0,0,500,0.6,1000,0.2,1400,0.2,1
3,4,126,1,0,300,0.5,1700,0.5,2
3,5,214,1,0,300,0.5,1700,0.5,0
3,6,392,2,10,5,0,500,0.6,1000,0.2,1400,0.2,2
3,7,936,0,0,300,0.5,1700,0.5,0
3,8,886,0,0,500,0.6,1000,0.2,1400,0.2,0
3,9,431,1,0,300,0.5,1700,0.5,1
3,10,633,0,0,300,0.5,1700,0.5,2
3,11,370,2,10,5,0,300,0.5,1700,0.5,1
3,12,745,0,0,500,0.6,1000,0.2,1400,0.2,2
3,13,984,2,10,5,0,500,0.6,1000,0.2,1400,0.2,1
3,14,663,0,0,500,0.6,1000,0.2,1400,0.2,2
3,15,299,1,0,500,0.6,1000,0.2,1400,0.2,0
3,16,51,0,0,300,0.5,1700,0.5,1
3,17,448,0,0,300,0.5,1700,0.5,1
3,18,663,2,10,5,0,500,0.6,1000,0.2,1400,0.2,2
3,19,293,2,10,5,0,300,0.5,1700,0.5,0
4,0,944,2,10,5,0,500,0.6,1000,0.2,1400,0.2,0
4,1,913,1,0,300,0.5,1700,0.5,2
4,2,32,2,10,5,0,300,0.5,1700,0.5,2
4,3,137,0,0,500,0.6,1000,0.2,1400,0.2,0
4,4,691,0,0,300,0.5,1700,0.5,2
4,5,284,0,0,500,0.6,1000,0.2,1400,0.2,2
4,6,697,2,10,5,0,300,0.5,1700,0.5,2
4,7,214,1,0,500,0.6,1000,0.2,1400,0.2,2
4,8,236,1,0,500,0.6,1000,0.2,1400,0.2,0
4,9,663,2,10,5,0,500,0.6,1000,0.2,1400,0.2,2
4,10,476,1,0,300,0.5,1700,0.5,0
4,11,971,2,10,5,0,300,0.5,1700,0.5,2
4,12,267,0,0,300,0.5,1700,0.5,2
4,13,463,1,0,500,0.6,1000,0.2,1400,0.2,1
4,14,202,0,0,300,0.5,1700,0.5,1
4,15,559,2,10,5,0,300,0.5,1700,0.5,2
4,16,240,1,0,300,0.5,1700,0.5,1
4,17,171,1,0,300,0.5,1700,0.5,1
4,18,625,2,10,5,0,500,0.6,1000,0.2,1400,0.2,1
4,19,497,2,10,5,0,500,0.6,1000,0.2,1400,0.2,2
5,0,803,1,0,500,0.6,1000,0.2,1400,0.2,2
5,1,671,1,0,300,0.5,1700,0.5,1
5,2,534,0,0,500,0.6,1000,0.2,1400,0.2,1
5,3,176,1,0,500,0.6,1000,0.2,1400,0.2,1
5,4,421,0,0,500,0.6,1000,0.2,1400,0.2,1
5,5,680,1,0,300,0.5,1700,0.5,1
5,6,464,0,0,500,0.6,1000,0.2,1400,0.2,2
5,7,909,2,10,5,0,300,0.5,1700,0.5,1
5,8,66,2,10,5,0,300,0.5,1700,0.5,2
5,9,515,1,0,500,0.6,1000,0.2,1400,0.2,0
5,10,323,0,0,500,0.6,1000,0.2,1400,0.2,1
5,11,168,0,0,500,0.6,1000,0.2,1400,0.2,2
5,12,416,2,10,5,0,500,0.6,1000,0.2,1400,0.2,0
5,13,756,2,10,5,0,300,0.5,1700,0.5,0
5,14,331,1,0,300,0.5,1700,0.5,1
5,15,867,0,0,300,0.5,1700,0.5,2
5,16,917,2,10,5,0,500,0.6,1000,0.2,1400,0.2,1
5,17,235,1,0,300,0.5,1700,0.5,1
5,18,248,2,10,5,0,300,0.5,1700,0.5,1
5,19,78,2,10,5,0,300,0.5,1700,0.5,2
6,0,773,1,0,500,0.6,1000,0.2,1400,0.2,1
6,1,379,2,10,5,0,300,0.5,1700,0.5,1
6,2,833,0,0,500,0.6,1000,0.2,1400,0.2,0
6,3,846,2,10,5,0,300,0.5,1700,0.5,0
6,4,384,2,10,5,0,300,0.5,1700,0.5,1
6,5,980,0,0,300,0.5,1700,0.5,0
6,6,873,1,0,500,0.6,1000,0.2,1400,0.2,2
6,7,486,0,0,500,0.6,1000,0.2,1400,0.2,0
6,8,869,2,10,5,0,300,0.5,1700,0.5,1
6,9,876,0,0,500,0.6,1000,0.2,1400,0.2,0
6,10,45,0,0,300,0.5,1700,0.5,1
6,11,342,2,10,5,0,500,0.6,1000,0.2,1400,0.2,0
6,12,733,2,10,5,0,500,0.6,1000,0.2,1400,0.2,1
6,13,967,1,0,300,0.5,1700,0.5,2
6,14,891,1,0,300,0.5,1700,0.5,1
6,15,707,1,0,300,0.5,1700,0.5,0
6,16,113,0,0,300,0.5,1700,0.5,2
6,17,350,1,0,500,0.6,1000,0.2,1400,0.2,0
6,18,666,0,0,500,0.6,1000,0.2,1400,0.2,2
6,19,829,2,10,5,0,300,0.5,1700,0.5,1
7,0,849,2,10,5,0,500,0.6,1000,0.2,1400,0.2,1
7,1,731,0,0,300,0.5,1700,0.5,2
7,2,425,1,0,500,0.6,1000,0.2,1400,0.2,0
7,3,206,1,0,300,0.5,1700,0.5,2
7,4,259,1,0,500,0.6,1000,0.2,1400,0.2,2
7,5,771,2,10,5,0,500,0.6,1000,0.2,1400,0.2,1
7,6,841,1,0,300,0.5,1700,0.5,1
7,7,412,2,10,5,0,300,0.5,1700,0.5,2
7,8,655,2,10,5,0,300,0.5,1700,0.5,1
7,9,207,2,10,5,0,500,0.6,1000,0.2,1400,0.2,1
7,10,502,1,0,300,0.5,1700,0.5,0
7,11,667,1,0,300,0.5,1700,0.5,2
7,12,723,1,0,300,0.5,1700,0.5,2
7,13,764,1,0,300,0.5,1700,0.5,1
7,14,633,2,10,5,0,500,0.6,1000,0.2,1400,0.2,2
7,15,154,1,0,300,0.5,1700,0.5,2
7,16,993,0,0,500,0.6,1000,0.2,1400,0.2,2
7,17,579,0,0,500,0.6,1000,0.2,1400,0.2,1
7,18,26,1,0,300,0.5,1700,0.5,2
7,19,111,1,0,500,0.6,1000,0.2,1400,0.2,1
8,0,682,1,0,500,0.6,1000,0.2,1400,0.2,0
8,1,552,1,0,300,0.5,1700,0.5,2
8,2,719,1,0,500,0.6,1000,0.2,1400,0.2,0
8,3,338,2,10,5,0,300,0.5,1700,0.5,1
8,4,717,1,0,500,0.6,1000,0.2,1400,0.2,1
8,5,212,1,0,500,0.6,1000,0.2,1400,0.2,0
8,6,485,1,0,500,0.6,1000,0.2,1400,0.2,1
8,7,573,1,0,500,0.6,1000,0.2,1400,0.2,0
8,8,629,2,10,5,0,300,0.5,1700,0.5,2
8,9,346,2,10,5,0,500,0.6,1000,0.2,1400,0.2,1
8,10,990,1,0,300,0.5,1700,0.5,1
8,11,278,1,0,300,0.5,1700,0.5,1
8,12,251,2,10,5,0,500,0.6,1000,0.2,1400,0.2,2
8,13,425,2,10,5,0,300,0.5,1700,0.5,2
8,14,196,0,0,300,0.5,1700,0.5,0
8,15,870,0,0,300,0.5,1700,0.5,2
8,16,904,0,0,300,0.5,1700,0.5,1
8,17,751,1,0,300,0.5,1700,0.5,2
8,18,704,1,0,300,0.5,1700,0.5,0
8,19,982,1,0,300,0.5,1700,0.5,0
9,0,316,2,10,5,0,300,0.5,1700,0.5,0
9,1,803,1,0,500,0.6,1000,0.2,1400,0.2,2
9,2,325,2,10,5,0,500,0.6,1000,0.2,1400,0.2,0
9,3,706,2,10,5,0,300,0.5,1700,0.5,1
9,4,814,0,0,300,0.5,1700,0.5,0
9,5,848,1,0,300,0.5,1700,0.5,2
9,6,612,0,0,300,0.5,1700,0.5,2
9,7,403,1,0,300,0.5,1700,0.5,2
9,8,727,0,0,300,0.5,1700,0.5,2
9,9,673,2,10,5,0,500,0.6,1000,0.2,1400,0.2,1
9,10,215,2,10,5,0,300,0.5,1700,0.5,0
9,11,499,0,0,300,0.5,1700,0.5,1
9,12,586,1,0,300,0.5,1700,0.5,2
9,13,843,0,0,500,0.6,1000,0.2,1400,0.2,2
9,14,510,2,10,5,0,500,0.6,1000,0.2,1400,0.2,1
9,15,794,2,10,5,0,500,0.6,1000,0.2,1400,0.2,1
9,16,958,1,0,300,0.5,1700,0.5,0
9,17,974,2,10,5,0,300,0.5,1700,0.5,0
9,18,377,2,10,5,0,500,0.6,1000,0.2,1400,0.2,1
9,19,857,2,10,5,0,300,0.5,1700,0.5,2
10,0,219,0,0,500,0.6,1000,0.2,1400,0.2,1
10,1,737,2,10,5,0,300,0.5,1700,0.5,2
10,2,247,1,0,500,0.6,1000,0.2,1400,0.2,1
10,3,358,1,0,500,0.6,1000,0.2,1400,0.2,1
10,4,924,1,0,300,0.5,1700,0.5,0
10,5,830,0,0,500,0.6,1000,0.2,1400,0.2,1
10,6,660,1,0,300,0.5,1700,0.5,2
10,7,124,2,10,5,0,500,0.6,1000,0.2,1400,0.2,1
10,8,536,1,0,300,0.5,1700,0.5,0
10,9,826,0,0,300,0.5,1700,0.5,0
10,10,400,2,10,5,0,500,0.6,1000,0.2,1400,0.2,1
10,11,179,0,0,300,0.5,1700,0.5,2
10,12,862,0,0,500,0.6,1000,0.2,1400,0.2,0
10,13,120,2,10,5,0,500,0.6,1000,0.2,1400,0.2,1
10,14,276,2,10,5,0,300,0.5,1700,0.5,0
10,15,179,1,0,300,0.5,1700,0.5,1
10,16,755,1,0,300,0.5,1700,0.5,0
10,17,530,1,0,500,0.6,1000,0.2,1400,0.2,1
10,18,449,1,0,300,0.5,1700,0.5,0
10,19,965,2,10,5,0,300,0.5,1700,0.5,2
11,0,937,0,0,500,0.6,1000,0.2,1400,0.2,0
11,1,165,0,0,500,0.6,1000,0.2,1400,0.2,1
11,2,377,2,10,5,0,300,0.5,1700,0.5,1
11,3,957,0,0,500,0.6,1000,0.2,1400,0.2,0
11,4,777,0,0,500,0.6,1000,0.2,1400,0.2,0
11,5,757,1,0,300,0.5,1700,0.5,2
11,6,190,1,0,500,0.6,1000,0.2,1400,0.2,2
11,7,860,1,0,300,0.5,1700,0.5,2
11,8,559,1,0,500,0.6,1000,0.2,1400,0.2,1
11,9,339,1,0,300,0.5,1700,0.5,2
11,10,985,1,0,500,0.6,1000,0.2,1400,0.2,2
11,11,233,1,0,500,0.6,1000,0.2,1400,0.2,2
11,12,74,2,10,5,0,500,0.6,1000,0.2,1400,0.2,1
11,13,978,0,0,500,0.6,1000,0.2,1400,0.2,2
11,14,74,0,0,300,0.5,1700,0.5,1
11,15,673,1,0,300,0.5,1700,0.5,1
11,16,889,0,0,500,0.6,1000,0.2,1400,0.2,2
11,17,835,2,10,5,0,300,0.5,1700,0.5,1
11,18,580,1,0,300,0.5,1700,0.5,1
11,19,301,2,10,5,0,500,0.6,1000,0.2,1400,0.2,1
12,0,451,1,0,300,0.5,1700,0.5,1
12,1,24,2,10,5,0,500,0.6,1000,0.2,1400,0.2,2
12,2,104,1,0,300,0.5,1700,0.5,0
12,3,761,2,10,5,0,500,0.6,1000,0.2,1400,0.2,0
12,4,806,0,0,500,0.6,1000,0.2,1400,0.2,1
12,5,753,1,0,500,0.6,1000,0.2,1400,0.2,1
12,6,76,2,10,5,0,500,0.6,1000,0.2,1400,0.2,0
12,7,899,2,10,5,0,300,0.5,1700,0.5,2
12,8,865,0,0,500,0.6,1000,0.2,1400,0.2,1
12,9,518,0,0,300,0.5,1700,0.5,0
12,10,670,0,0,500,0.6,1000,0.2,1400,0.2,2
12,11,228,2,10,5,0,300,0.5,1700,0.5,2
12,12,451,2,10,5,0,300,0.5,1700,0.5,0
12,13,837,1,0,300,0.5,1700,0.5,0
12,14,214,2,10,5,0,500,0.6,1000,0.2,1400,0.2,0
12,15,771,2,10,5,0,500,0.6,1000,0.2,1400,0.2,0
12,16,604,2,10,5,0,300,0.5,1700,0.5,2
12,17,408,0,0,500,0.6,1000,0.2,1400,0.2,1
12,18,361,1,0,300,0.5,1700,0.5,2
12,19,32,1,0,300,0.5,1700,0.5,1
13,0,746,1,0,500,0.6,1000,0.2,1400,0.2,1
13,1,683,2,10,5,0,500,0.6,1000,0.2,1400,0.2,0
13,2,695,1,0,300,0.5,1700,0.5,1
13,3,89,1,0,500,0.6,1000,0.2,1400,0.2,2
13,4,634,1,0,500,0.6,1000,0.2,1400,0.2,1
13,5,243,0,0,300,0.5,1700,0.5,2
13,6,786,2,10,5,0,500,0.6,1000,0.2,1400,0.2,1
13,7,826,1,0,500,0.6,1000,0.2,1400,0.2,0
13,8,457,0,0,500,0.6,1000,0.2,1400,0.2,2
13,9,517,2,10,5,0,500,0.6,1000,0.2,1400,0.2,0
13,10,595,1,0,300,0.5,1700,0.5,1
13,11,611,2,10,5,0,300,0.5,1700,0.5,1
13,12,407,0,0,500,0.6,1000,0.2,1400,0.2,2
13,13,414,2,10,5,0,500,0.6,1000,0.2,1400,0.2,0
13,14,187,1,0,500,0.6,1000,0.2,1400,0.2,0
13,15,990,0,0,500,0.6,1000,0.2,1400,0.2,0
13,16,269,0,0,300,0.5,1700,0.5,1
13,17,699,1,0,300,0.5,1700,0.5,1
13,18,723,1,0,300,0.5,1700,0.5,2
13,19,799,2,10,5,0,500,0.6,1000,0.2,1400,0.2,1
14,0,572,0,0,300,0.5,1700,0.5,2
14,1,293,0,0,300,0.5,1700,0.5,2
14,2,777,1,0,500,0.6,1000,0.2,1400,0.2,1
14,3,891,1,0,300,0.5,1700,0.5,0
14,4,348,2,10,5,0,300,0.5,1700,0.5,0
14,5,523,0,0,300,0.5,1700,0.5,2
14,6,864,0,0,300,0.5,1700,0.5,1
14,7,252,0,0,300,0.5,1700,0.5,2
14,8,809,0,0,300,0.5,1700,0.5,2
14,9,185,0,0,300,0.5,1700,0.5,1
14,10,588,1,0,500,0.6,1000,0.2,1400,0.2,1
14,11,123,2,10,5,0,300,0.5,1700,0.5,1
14,12,253,2,10,5,0,500,0.6,1000,0.2,1400,0.2,1
14,13,847,2,10,5,0,300,0.5,1700,0.5,2
14,14,239,1,0,300,0.5,1700,0.5,1
14,15,326,2,10,5,0,500,0.6,1000,0.2,1400,0.2,1
14,16,123,0,0,500,0.6,1000,0.2,1400,0.2,0
14,17,43,0,0,300,0.5,1700,0.5,1
14,18,673,1,0,500,0.6,1000,0.2,1400,0.2,1
14,19,25,1,0,500,0.6,1000,0.2,1400,0.2,0
15,0,518,2,10,5,0,500,0.6,1000,0.2,1400,0.2,1
15,1,323,0,0,500,0.6,1000,0.2,1400,0.2,2
15,2,914,1,0,300,0.5,1700,0.5,1
15,3,14,1,0,300,0.5,1700,0.5,1
15,4,185,1,0,500,0.6,1000,0.2,1400,0.2,1
15,5,155,0,0,500,0.6,1000,0.2,1400,0.2,1
15,6,751,2,10,5,0,300,0.5,1700,0.5,1
15,7,224,2,10,5,0,500,0.6,1000,0.2,1400,0.2,1
15,8,87,0,0,300,0.5,1700,0.5,0
15,9,572,0,0,300,0.5,1700,0.5,0
15,10,453,0,0,500,0.6,1000,0.2,1400,0.2,2
15,11,763,0,0,300,0.5,1700,0.5,1
15,12,921,1,0,300,0.5,1700,0.5,2
15,13,916,1,0,300,0.5,1700,0.5,1
15,14,898,2,10,5,0,300,0.5,1700,0.5,1
15,15,168,1,0,500,0.6,1000,0.2,1400,0.2,0
15,16,693,2,10,5,0,500,0.6,1000,0.2,1400,0.2,2
15,17,430,0,0,300,0.5,1700,0.5,2
15,18,970,0,0,300,0.5,1700,0.5,1
15,19,921,2,10,5,0,300,0.5,1700,0.5,1
16,0,837,2,10,5,0,500,0.6,1000,0.2,1400,0.2,1
16,1,405,1,0,500,0.6,1000,0.2,1400,0.2,1
16,2,578,1,0,500,0.6,1000,0.2,1400,0.2,0
16,3,266,0,0,500,0.6,1000,0.2,1400,0.2,0
16,4,680,2,10,5,0,500,0.6,1000,0.2,1400,0.2,2
16,5,864,1,0,300,0.5,1700,0.5,0
16,6,459,1,0,300,0.5,1700,0.5,1
16,7,351,1,0,500,0.6,1000,0.2,1400,0.2,1
16,8,745,2,10,5,0,300,0.5,1700,0.5,2
16,9,827,1,0,500,0.6,1000,0.2,1400,0.2,2
16,10,928,2,10,5,0,300,0.5,1700,0.5,0
16,11,481,1,0,300,0.5,1700,0.5,0
16,12,491,0,0,500,0.6,1000,0.2,1400,0.2,0
16,13,703,0,0,500,0.6,1000,0.2,1400,0.2,1
16,14,613,2,10,5,0,300,0.5,1700,0.5,1
16,15,668,1,0,300,0.5,1700,0.5,0
16,16,695,2,10,5,0,500,0.6,1000,0.2,1400,0.2,1
16,17,426,1,0,500,0.6,1000,0.2,1400,0.2,1
16,18,867,0,0,300,0.5,1700,0.5,2
16,19,671,2,10,5,0,300,0.5,1700,0.5,0
17,0,967,1,0,300,0.5,1700,0.5,1
17,1,974,2,10,5,0,300,0.5,1700,0.5,2
17,2,854,0,0,500,0.6,1000,0.2,1400,0.2,1
17,3,296,2,10,5,0,300,0.5,1700,0.5,1
17,4,147,1,0,500,0.6,1000,0.2,1400,0.2,1
17,5,581,1,0,300,0.5,1700,0.5,1
17,6,319,0,0,500,0.6,1000,0.2,1400,0.2,2
17,7,210,1,0,300,0.5,1700,0.5,1
17,8,905,2,10,5,0,500,0.6,1000,0.2,1400,0.2,2
17,9,540,0,0,300,0.5,1700,0.5,0
17,10,665,0,0,300,0.5,1700,0.5,1
17,11,583,0,0,500,0.6,1000,0.2,1400,0.2,1
17,12,902,1,0,500,0.6,1000,0.2,1400,0.2,1
17,13,163,2,10,5,0,500,0.6,1000,0.2,1400,0.2,2
17,14,563,1,0,500,0.6,1000,0.2,1400,0.2,1
17,15,763,0,0,300,0.5,1700,0.5,2
17,16,985,2,10,5,0,300,0.5,1700,0.5,1
17,17,536,0,0,300,0.5,1700,0.5,1
17,18,436,1,0,500,0.6,1000,0.2,1400,0.2,2
17,19,791,0,0,500,0.6,1000,0.2,1400,0.2,1
18,0,713,1,0,300,0.5,1700,0.5,2
18,1,484,1,0,500,0.6,1000,0.2,1400,0.2,0
18,2,679,0,0,500,0.6,1000,0.2,1400,0.2,2
18,3,559,1,0,300,0.5,1700,0.5,0
18,4,335,2,10,5,0,500,0.6,1000,0.2,1400,0.2,0
18,5,626,0,0,500,0.6,1000,0.2,1400,0.2,2
18,6,275,1,0,500,0.6,1000,0.2,1400,0.2,2
18,7,620,0,0,300,0.5,1700,0.5,2
18,8,997,1,0,300,0.5,1700,0.5,0
18,9,990,2,10,5,0,500,0.6,1000,0.2,1400,0.2,0
18,10,326,2,10,5,0,300,0.5,1700,0.5,0
18,11,61,1,0,300,0.5,1700,0.5,2
18,12,130,2,10,5,0,500,0.6,1000,0.2,1400,0.2,0
18,13,39,0,0,300,0.5,1700,0.5,2
18,14,481,1,0,300,0.5,1700,0.5,1
18,15,507,1,0,300,0.5,1700,0.5,0
18,16,420,0,0,500,0.6,1000,0.2,1400,0.2,0
18,17,651,1,0,500,0.6,1000,0.2,1400,0.2,0
18,18,754,2,10,5,0,500,0.6,1000,0.2,1400,0.2,2
18,19,582,2,10,5,0,300,0.5,1700,0.5,1
19,0,811,1,0,500,0.6,1000,0.2,1400,0.2,0
19,1,810,0,0,300,0.5,1700,0.5,1
19,2,225,0,0,500,0.6,1000,0.2,1400,0.2,1
19,3,113,1,0,300,0.5,1700,0.5,0
19,4,922,0,0,300,0.5,1700,0.5,1
19,5,937,1,0,300,0.5,1700,0.5,0
19,6,883,1,0,300,0.5,1700,0.5,1
19,7,850,1,0,500,0.6,1000,0.2,1400,0.2,0
19,8,868,1,0,300,0.5,1700,0.5,2
19,9,817,0,0,300,0.5,1700,0.5,1
19,10,192,1,0,300,0.5,1700,0.5,0
19,11,82,1,0,300,0.5,1700,0.5,0
19,12,216,2,10,5,0,500,0.6,1000,0.2,1400,0.2,2
19,13,668,0,0,500,0.6,1000,0.2,1400,0.2,2
19,14,238,2,10,5,0,500,0.6,1000,0.2,1400,0.2,1
19,15,788,1,0,500,0.6,1000,0.2,1400,0.2,0
19,16,211,0,0,300,0.5,1700,0.5,0
19,17,385,0,0,500,0.6,1000,0.2,1400,0.2,0
19,18,923,0,0,300,0.5,1700,0.5,2
19,19,28,1,0,300,0.5,1700,0.5,0
