0,0,548,1,0,300,0.5,1700,0.5,0
0,1,554,0,0,500,0.6,1000,0.2,1400,0.2,0
0,2,678,0,0,500,0.6,1000,0.2,1400,0.2,2
0,3,234,0,0,300,0.5,1700,0.5,0
0,4,828,2,10,5,0,300,0.5,1700,0.5,0
0,5,827,1,0,300,0.5,1700,0.5,0
0,6,887,1,0,300,0.5,1700,0.5,2
0,7,912,1,0,500,0.6,1000,0.2,1400,0.2,1
0,8,694,0,0,500,0.6,1000,0.2,1400,0.2,0
0,9,883,0,0,300,0.5,1700,0.5,0
0,10,575,0,0,300,0.5,1700,0.5,1
0,11,794,1,0,500,0.6,1000,0.2,1400,0.2,1
0,12,637,0,0,300,0.5,1700,0.5,2
0,13,833,1,0,300,0.5,1700,0.5,1
0,14,206,0,0,300,0.5,1700,0.5,0
0,15,628,0,0,300,0.5,1700,0.5,1
0,16,32,0,0,300,0.5,1700,0.5,0
0,17,325,0,0,300,0.5,1700,0.5,2
0,18,679,1,0,300,0.5,1700,0.5,0
0,19,68,0,0,500,0.6,1000,0.2,1400,0.2,2
1,0,154,1,0,500,0.6,1000,0.2,1400,0.2,0
1,1,805,1,0,500,0.6,1000,0.2,1400,0.2,1
1,2,970,2,10,5,0,300,0.5,1700,0.5,1
1,3,496,1,0,300,0.5,1700,0.5,1
1,4,159,2,10,5,0,500,0.6,1000,0.2,1400,0.2,0
1,5,697,0,0,300,0.5,1700,0.5,1
1,6,362,2,10,5,0,500,0.6,1000,0.2,1400,0.2,2
1,7,90,2,10,5,0,300,0.5,1700,0.5,0
1,8,866,1,0,300,0.5,1700,0.5,2
1,9,263,0,0,500,0.6,1000,0.2,1400,0.2,2
1,10,47,1,0,300,0.5,1700,0.5,0
1,11,335,2,10,5,0,500,0.6,1000,0.2,1400,0.2,2
1,12,632,2,10,5,0,300,0.5,1700,0.5,1
1,13,172,1,0,500,0.6,1000,0.2,1400,0.2,0
1,14,905,1,0,300,0.5,1700,0.5,1
1,15,966,0,0,300,0.5,1700,0.5,0
1,16,341,0,0,500,0.6,1000,0.2,1400,0.2,2
1,17,796,2,10,5,0,500,0.6,1000,0.2,1400,0.2,1
1,18,693,0,0,500,0.6,1000,0.2,1400,0.2,2
1,19,504,0,0,300,0.5,1700,0.5,0
2,0,863,1,0,500,0.6,1000,0.2,1400,0.2,1
2,1,328,1,0,500,0.6,1000,0.2,1400,0.2,2
2,2,617,1,0,300,0.5,1700,0.5,0
2,3,168,2,10,5,0,300,0.5,1700,0.5,1
2,4,287,2,10,5,0,500,0.6,1000,0.2,1400,0.2,2
2,5,864,2,10,5,0,500,0.6,1000,0.2,1400,0.2,0
2,6,643,2,10,5,0,500,0.6,1000,0.2,1400,0.2,2
2,7,221,2,10,5,0,300,0.5,1700,0.5,1
2,8,135,1,0,300,0.5,1700,0.5,0
2,9,774,0,0,300,0.5,1700,0.5,1
2,10,502,0,0,500,0.6,1000,0.2,1400,0.2,0
2,11,826,2,10,5,0,300,0.5,1700,0.5,2
2,12,257,2,10,5,0,300,0.5,1700,0.5,2
2,13,516,2,10,5,0,300,0.5,1700,0.5,0
2,14,902,0,0,300,0.5,1700,0.5,1
2,15,15,1,0,500,0.6,1000,0.2,1400,0.2,1
2,16,514,1,0,500,0.6,1000,0.2,1400,0.2,0
2,17,409,1,0,300,0.5,1700,0.5,0
2,18,430,1,0,300,0.5,1700,0.5,0
2,19,942,2,10,5,0,300,0.5,1700,0.5,2
3,0,440,1,0,500,0.6,1000,0.2,1400,0.2,1
3,1,746,0,0,300,0.5,1700,0.5,2
3,2,797,0,0,300,0.5,1700,0.5,1
3,3,713,1,0,300,0.5,1700,0.5,0
3,4,829,1,0,300,0.5,1700,0.5,1
3,5,117,2,10,5,0,500,0.6,1000,0.2,1400,0.2,1
3,6,594,2,10,5,0,500,0.6,1000,0.2,1400,0.2,1
3,7,742,1,0,500,0.6,1000,0.2,1400,0.2,2
3,8,677,0,0,500,0.6,1000,0.2,1400,0.2,0
3,9,978,2,10,5,0,300,0.5,1700,0.5,2
3,10,686,2,10,5,0,300,0.5,1700,0.5,2
3,11,318,1,0,500,0.6,1000,0.2,1400,0.2,0
3,12,339,0,0,500,0.6,1000,0.2,1400,0.2,2
3,13,209,0,0,300,0.5,1700,0.5,1
3,14,705,0,0,500,0.6,1000,0.2,1400,0.2,0
3,15,449,2,10,5,0,300,0.5,1700,0.5,2
3,16,810,2,10,5,0,300,0.5,1700,0.5,2
3,17,454,2,10,5,0,300,0.5,1700,0.5,1
3,18,270,1,0,500,0.6,1000,0.2,1400,0.2,2
3,19,126,0,0,300,0.5,1700,0.5,0
4,0,57,1,0,300,0.5,1700,0.5,0
4,1,681,2,10,5,0,500,0.6,1000,0.2,1400,0.2,0
4,2,704,0,0,500,0.6,1000,0.2,1400,0.2,1
4,3,173,2,10,5,0,300,0.5,1700,0.5,1
4,4,602,1,0,500,0.6,1000,0.2,1400,0.2,0
4,5,799,1,0,300,0.5,1700,0.5,2
4,6,492,0,0,500,0.6,1000,0.2,1400,0.2,1
4,7,19,0,0,300,0.5,1700,0.5,1
4,8,366,1,0,500,0.6,1000,0.2,1400,0.2,2
4,9,516,2,10,5,0,500,0.6,1000,0.2,1400,0.2,2
4,10,161,1,0,300,0.5,1700,0.5,2
4,11,257,2,10,5,0,500,0.6,1000,0.2,1400,0.2,0
4,12,970,1,0,300,0.5,1700,0.5,0
4,13,894,0,0,300,0.5,1700,0.5,0
4,14,757,1,0,300,0.5,1700,0.5,2
4,15,18,0,0,500,0.6,1000,0.2,1400,0.2,2
4,16,737,1,0,300,0.5,1700,0.5,0
4,17,191,2,10,5,0,300,0.5,1700,0.5,2
4,18,433,1,0,300,0.5,1700,0.5,0
4,19,368,1,0,500,0.6,1000,0.2,1400,0.2,1
5,0,91,1,0,500,0.6,1000,0.2,1400,0.2,0
5,1,567,2,10,5,0,300,0.5,1700,0.5,0
5,2,439,0,0,300,0.5,1700,0.5,0
5,3,459,0,0,500,0.6,1000,0.2,1400,0.2,0
5,4,888,1,0,300,0.5,1700,0.5,1
5,5,78,0,0,300,0.5,1700,0.5,0
5,6,278,0,0,300,0.5,1700,0.5,0
5,7,940,0,0,500,0.6,1000,0.2,1400,0.2,1
5,8,888,1,0,500,0.6,1000,0.2,1400,0.2,2
5,9,129,0,0,500,0.6,1000,0.2,1400,0.2,2
5,10,702,0,0,300,0.5,1700,0.5,2
5,11,493,2,10,5,0,300,0.5,1700,0.5,0
5,12,783,0,0,500,0.6,1000,0.2,1400,0.2,0
5,13,636,2,10,5,0,500,0.6,1000,0.2,1400,0.2,0
5,14,177,1,0,300,0.5,1700,0.5,0
5,15,878,2,10,5,0,500,0.6,1000,0.2,1400,0.2,1
5,16,23,2,10,5,0,500,0.6,1000,0.2,1400,0.2,2
5,17,597,0,0,300,0.5,1700,0.5,1
5,18,236,2,10,5,0,300,0.5,1700,0.5,2
5,19,861,1,0,300,0.5,1700,0.5,2
6,0,814,1,0,300,0.5,1700,0.5,0
6,1,85,2,10,5,0,300,0.5,1700,0.5,0
6,2,831,2,10,5,0,300,0.5,1700,0.5,2
6,3,359,0,0,300,0.5,1700,0.5,0
6,4,827,2,10,5,0,500,0.6,1000,0.2,1400,0.2,2
6,5,316,1,0,300,0.5,1700,0.5,2
6,6,263,0,0,500,0.6,1000,0.2,1400,0.2,0
6,7,270,1,0,500,0.6,1000,0.2,1400,0.2,1
6,8,70,2,10,5,0,300,0.5,1700,0.5,0
6,9,349,2,10,5,0,500,0.6,1000,0.2,1400,0.2,1
6,10,147,2,10,5,0,500,0.6,1000,0.2,1400,0.2,0
6,11,833,0,0,300,0.5,1700,0.5,2
6,12,269,1,0,500,0.6,1000,0.2,1400,0.2,0
6,13,857,0,0,500,0.6,1000,0.2,1400,0.2,1
6,14,841,0,0,500,0.6,1000,0.2,1400,0.2,2
6,15,808,1,0,500,0.6,1000,0.2,1400,0.2,1
6,16,20,0,0,300,0.5,1700,0.5,0
6,17,944,2,10,5,0,500,0.6,1000,0.2,1400,0.2,1
6,18,23,1,0,500,0.6,1000,0.2,1400,0.2,2
6,19,268,1,0,500,0.6,1000,0.2,1400,0.2,1
7,0,335,2,10,5,0,300,0.5,1700,0.5,1
7,1,713,2,10,5,0,300,0.5,1700,0.5,0
7,2,76,2,10,5,0,500,0.6,1000,0.2,1400,0.2,2
7,3,142,1,0,300,0.5,1700,0.5,2
7,4,536,2,10,5,0,500,0.6,1000,0.2,1400,0.2,1
7,5,870,1,0,500,0.6,1000,0.2,1400,0.2,2
7,6,496,1,0,300,0.5,1700,0.5,0
7,7,925,1,0,500,0.6,1000,0.2,1400,0.2,1
7,8,740,2,10,5,0,500,0.6,1000,0.2,1400,0.2,2
7,9,619,0,0,300,0.5,1700,0.5,1
7,10,115,0,0,500,0.6,1000,0.2,1400,0.2,0
7,11,508,0,0,500,0.6,1000,0.2,1400,0.2,1
7,12,352,2,10,5,0,500,0.6,1000,0.2,1400,0.2,2
7,13,64,2,10,5,0,500,0.6,1000,0.2,1400,0.2,0
7,14,788,0,0,500,0.6,1000,0.2,1400,0.2,1
7,15,780,1,0,500,0.6,1000,0.2,1400,0.2,0
7,16,85,0,0,300,0.5,1700,0.5,2
7,17,990,2,10,5,0,500,0.6,1000,0.2,1400,0.2,2
7,18,805,2,10,5,0,300,0.5,1700,0.5,1
7,19,692,2,10,5,0,500,0.6,1000,0.2,1400,0.2,0
8,0,689,1,0,300,0.5,1700,0.5,0
8,1,630,0,0,300,0.5,1700,0.5,1
8,2,245,2,10,5,0,300,0.5,1700,0.5,2
8,3,918,2,10,5,0,500,0.6,1000,0.2,1400,0.2,0
8,4,559,1,0,500,0.6,1000,0.2,1400,0.2,1
8,5,209,0,0,300,0.5,1700,0.5,0
8,6,827,2,10,5,0,300,0.5,1700,0.5,0
8,7,506,0,0,500,0.6,1000,0.2,1400,0.2,0
8,8,508,1,0,500,0.6,1000,0.2,1400,0.2,2
8,9,305,1,0,500,0.6,1000,0.2,1400,0.2,2
8,10,830,2,10,5,0,300,0.5,1700,0.5,2
8,11,529,0,0,300,0.5,1700,0.5,0
8,12,918,0,0,500,0.6,1000,0.2,1400,0.2,0
8,13,44,2,10,5,0,300,0.5,1700,0.5,2
8,14,922,1,0,300,0.5,1700,0.5,2
8,15,1000,0,0,300,0.5,1700,0.5,2
8,16,911,0,0,300,0.5,1700,0.5,2
8,17,383,2,10,5,0,300,0.5,1700,0.5,1
8,18,863,2,10,5,0,500,0.6,1000,0.2,1400,0.2,0
8,19,902,2,10,5,0,500,0.6,1000,0.2,1400,0.2,2
9,0,340,0,0,300,0.5,1700,0.5,2
9,1,574,1,0,500,0.6,1000,0.2,1400,0.2,2
9,2,331,0,0,500,0.6,1000,0.2,1400,0.2,2
9,3,357,2,10,5,0,300,0.5,1700,0.5,1
9,4,877,2,10,5,0,500,0.6,1000,0.2,1400,0.2,1
9,5,724,2,10,5,0,300,0.5,1700,0.5,0
9,6,182,0,0,300,0.5,1700,0.5,1
9,7,760,2,10,5,0,300,0.5,1700,0.5,0
9,8,405,0,0,500,0.6,1000,0.2,1400,0.2,2
9,9,975,2,10,5,0,300,0.5,1700,0.5,1
9,10,859,1,0,500,0.6,1000,0.2,1400,0.2,2
9,11,706,1,0,300,0.5,1700,0.5,0
9,12,62,1,0,500,0.6,1000,0.2,1400,0.2,0
9,13,268,1,0,300,0.5,1700,0.5,1
9,14,520,2,10,5,0,500,0.6,1000,0.2,1400,0.2,1
9,15,950,2,10,5,0,300,0.5,1700,0.5,2
9,16,431,2,10,5,0,500,0.6,1000,0.2,1400,0.2,0
9,17,202,2,10,5,0,500,0.6,1000,0.2,1400,0.2,0
9,18,879,1,0,500,0.6,1000,0.2,1400,0.2,2
9,19,46,0,0,500,0.6,1000,0.2,1400,0.2,2
10,0,68,0,0,500,0.6,1000,0.2,1400,0.2,2
10,1,863,1,0,500,0.6,1000,0.2,1400,0.2,0
10,2,996,1,0,500,0.6,1000,0.2,1400,0.2,0
10,3,282,0,0,300,0.5,1700,0.5,2
10,4,815,0,0,500,0.6,1000,0.2,1400,0.2,0
10,5,629,1,0,500,0.6,1000,0.2,1400,0.2,1
10,6,593,2,10,5,0,300,0.5,1700,0.5,0
10,7,308,2,10,5,0,300,0.5,1700,0.5,0
10,8,713,2,10,5,0,300,0.5,1700,0.5,1
10,9,741,0,0,300,0.5,1700,0.5,0
10,10,132,2,10,5,0,500,0.6,1000,0.2,1400,0.2,0
10,11,119,2,10,5,0,500,0.6,1000,0.2,1400,0.2,0
10,12,138,0,0,500,0.6,1000,0.2,1400,0.2,0
10,13,467,0,0,500,0.6,1000,0.2,1400,0.2,2
10,14,909,1,0,500,0.6,1000,0.2,1400,0.2,2
10,15,844,0,0,300,0.5,1700,0.5,0
10,16,890,1,0,300,0.5,1700,0.5,2
10,17,941,1,0,500,0.6,1000,0.2,1400,0.2,0
10,18,924,1,0,500,0.6,1000,0.2,1400,0.2,1
10,19,771,2,10,5,0,300,0.5,1700,0.5,2
11,0,202,0,0,500,0.6,1000,0.2,1400,0.2,2
11,1,246,2,10,5,0,300,0.5,1700,0.5,1
11,2,880,2,10,5,0,500,0.6,1000,0.2,1400,0.2,1
11,3,615,2,10,5,0,500,0.6,1000,0.2,1400,0.2,0
11,4,321,2,10,5,0,500,0.6,1000,0.2,1400,0.2,0
11,5,851,0,0,500,0.6,1000,0.2,1400,0.2,1
11,6,117,2,10,5,0,500,0.6,1000,0.2,1400,0.2,0
11,7,404,1,0,500,0.6,1000,0.2,1400,0.2,2
11,8,673,0,0,500,0.6,1000,0.2,1400,0.2,1
11,9,527,2,10,5,0,300,0.5,1700,0.5,1
11,10,138,1,0,300,0.5,1700,0.5,1
11,11,898,0,0,300,0.5,1700,0.5,2
11,12,820,2,10,5,0,300,0.5,1700,0.5,1
11,13,26,1,0,500,0.6,1000,0.2,1400,0.2,2
11,14,494,1,0,500,0.6,1000,0.2,1400,0.2,0
11,15,164,1,0,500,0.6,1000,0.2,1400,0.2,2
11,16,249,0,0,300,0.5,1700,0.5,1
11,17,781,1,0,300,0.5,1700,0.5,2
11,18,546,2,10,5,0,300,0.5,1700,0.5,2
11,19,585,0,0,500,0.6,1000,0.2,1400,0.2,1
12,0,945,0,0,300,0.5,1700,0.5,2
12,1,960,0,0,500,0.6,1000,0.2,1400,0.2,0
12,2,443,2,10,5,0,300,0.5,1700,0.5,2
12,3,710,0,0,300,0.5,1700,0.5,0
12,4,432,2,10,5,0,500,0.6,1000,0.2,1400,0.2,2
12,5,709,1,0,500,0.6,1000,0.2,1400,0.2,1
12,6,646,0,0,300,0.5,1700,0.5,0
12,7,471,1,0,500,0.6,1000,0.2,1400,0.2,0
12,8,360,2,10,5,0,500,0.6,1000,0.2,1400,0.2,2
12,9,146,1,0,300,0.5,1700,0.5,2
12,10,465,0,0,500,0.6,1000,0.2,1400,0.2,1
12,11,231,2,10,5,0,300,0.5,1700,0.5,0
12,12,103,1,0,300,0.5,1700,0.5,1
12,13,341,1,0,500,0.6,1000,0.2,1400,0.2,2
12,14,630,0,0,300,0.5,1700,0.5,1
12,15,250,2,10,5,0,500,0.6,1000,0.2,1400,0.2,0
12,16,740,0,0,500,0.6,1000,0.2,1400,0.2,2
12,17,965,2,10,5,0,500,0.6,1000,0.2,1400,0.2,2
12,18,526,1,0,500,0.6,1000,0.2,1400,0.2,1
12,19,513,0,0,500,0.6,1000,0.2,1400,0.2,1
13,0,808,2,10,5,0,300,0.5,1700,0.5,0
13,1,610,0,0,300,0.5,1700,0.5,0
13,2,468,0,0,500,0.6,1000,0.2,1400,0.2,2
13,3,161,2,10,5,0,500,0.6,1000,0.2,1400,0.2,0
13,4,588,1,0,300,0.5,1700,0.5,0
13,5,526,1,0,300,0.5,1700,0.5,1
13,6,451,2,10,5,0,300,0.5,1700,0.5,1
13,7,160,1,0,300,0.5,1700,0.5,2
13,8,843,0,0,300,0.5,1700,0.5,1
13,9,284,2,10,5,0,500,0.6,1000,0.2,1400,0.2,1
13,10,834,0,0,500,0.6,1000,0.2,1400,0.2,1
13,11,91,2,10,5,0,500,0.6,1000,0.2,1400,0.2,2
13,12,152,1,0,500,0.6,1000,0.2,1400,0.2,0
13,13,311,1,0,500,0.6,1000,0.2,1400,0.2,1
13,14,755,0,0,500,0.6,1000,0.2,1400,0.2,2
13,15,874,0,0,500,0.6,1000,0.2,1400,0.2,0
13,16,506,1,0,500,0.6,1000,0.2,1400,0.2,0
13,17,584,2,10,5,0,500,0.6,1000,0.2,1400,0.2,1
13,18,784,0,0,300,0.5,1700,0.5,1
13,19,874,2,10,5,0,300,0.5,1700,0.5,2
14,0,296,1,0,300,0.5,1700,0.5,1
14,1,129,1,0,300,0.5,1700,0.5,2
14,2,893,1,0,300,0.5,1700,0.5,2
14,3,418,0,0,500,0.6,1000,0.2,1400,0.2,2
14,4,489,2,10,5,0,500,0.6,1000,0.2,1400,0.2,2
14,5,390,0,0,500,0.6,1000,0.2,1400,0.2,2
14,6,733,2,10,5,0,300,0.5,1700,0.5,1
14,7,797,2,10,5,0,300,0.5,1700,0.5,0
14,8,42,0,0,500,0.6,1000,0.2,1400,0.2,0
14,9,297,0,0,500,0.6,1000,0.2,1400,0.2,1
14,10,392,0,0,300,0.5,1700,0.5,1
14,11,533,2,10,5,0,500,0.6,1000,0.2,1400,0.2,0
14,12,450,0,0,500,0.6,1000,0.2,1400,0.2,0
14,13,979,1,0,500,0.6,1000,0.2,1400,0.2,0
14,14,835,0,0,300,0.5,1700,0.5,2
14,15,928,0,0,300,0.5,1700,0.5,0
14,16,310,2,10,5,0,500,0.6,1000,0.2,1400,0.2,2
14,17,620,0,0,500,0.6,1000,0.2,1400,0.2,0
14,18,293,0,0,300,0.5,1700,0.5,0
14,19,354,1,0,500,0.6,1000,0.2,1400,0.2,2
15,0,193,0,0,500,0.6,1000,0.2,1400,0.2,0
15,1,942,0,0,300,0.5,1700,0.5,0
15,2,751,1,0,300,0.5,1700,0.5,2
15,3,175,1,0,300,0.5,1700,0.5,1
15,4,267,0,0,500,0.6,1000,0.2,1400,0.2,0
15,5,35,1,0,300,0.5,1700,0.5,2
15,6,963,0,0,500,0.6,1000,0.2,1400,0.2,2
15,7,637,2,10,5,0,300,0.5,1700,0.5,1
15,8,277,0,0,300,0.5,1700,0.5,0
15,9,616,2,10,5,0,300,0.5,1700,0.5,2
15,10,854,2,10,5,0,300,0.5,1700,0.5,2
15,11,101,0,0,300,0.5,1700,0.5,0
15,12,636,0,0,500,0.6,1000,0.2,1400,0.2,0
15,13,133,0,0,300,0.5,1700,0.5,1
15,14,131,0,0,300,0.5,1700,0.5,2
15,15,418,0,0,300,0.5,1700,0.5,2
15,16,36,2,10,5,0,300,0.5,1700,0.5,0
15,17,948,1,0,300,0.5,1700,0.5,2
15,18,574,0,0,500,0.6,1000,0.2,1400,0.2,1
15,19,39,0,0,500,0.6,1000,0.2,1400,0.2,2
16,0,689,1,0,300,0.5,1700,0.5,0
16,1,820,2,10,5,0,300,0.5,1700,0.5,2
16,2,884,1,0,500,0.6,1000,0.2,1400,0.2,0
16,3,989,1,0,300,0.5,1700,0.5,1
16,4,255,0,0,500,0.6,1000,0.2,1400,0.2,0
16,5,42,0,0,500,0.6,1000,0.2,1400,0.2,1
16,6,697,2,10,5,0,300,0.5,1700,0.5,0
16,7,776,1,0,300,0.5,1700,0.5,1
16,8,893,2,10,5,0,300,0.5,1700,0.5,0
16,9,402,0,0,300,0.5,1700,0.5,2
16,10,595,0,0,500,0.6,1000,0.2,1400,0.2,1
16,11,658,0,0,300,0.5,1700,0.5,1
16,12,727,1,0,300,0.5,1700,0.5,0
16,13,909,2,10,5,0,300,0.5,1700,0.5,0
16,14,264,1,0,500,0.6,1000,0.2,1400,0.2,0
16,15,784,2,10,5,0,300,0.5,1700,0.5,0
16,16,115,1,0,500,0.6,1000,0.2,1400,0.2,1
16,17,166,2,10,5,0,300,0.5,1700,0.5,1
16,18,33,2,10,5,0,300,0.5,1700,0.5,2
16,19,133,0,0,500,0.6,1000,0.2,1400,0.2,2
17,0,441,0,0,500,0.6,1000,0.2,1400,0.2,2
17,1,797,0,0,300,0.5,1700,0.5,2
17,2,939,2,10,5,0,500,0.6,1000,0.2,1400,0.2,1
17,3,902,0,0,500,0.6,1000,0.2,1400,0.2,2
17,4,780,2,10,5,0,500,0.6,1000,0.2,1400,0.2,1
17,5,394,2,10,5,0,500,0.6,1000,0.2,1400,0.2,1
17,6,690,2,10,5,0,300,0.5,1700,0.5,0
17,7,470,1,0,500,0.6,1000,0.2,1400,0.2,2
17,8,12,2,10,5,0,300,0.5,1700,0.5,0
17,9,284,1,0,500,0.6,1000,0.2,1400,0.2,2
17,10,646,2,10,5,0,500,0.6,1000,0.2,1400,0.2,2
17,11,76,2,10,5,0,500,0.6,1000,0.2,1400,0.2,1
17,12,837,2,10,5,0,500,0.6,1000,0.2,1400,0.2,1
17,13,481,0,0,500,0.6,1000,0.2,1400,0.2,0
17,14,456,1,0,300,0.5,1700,0.5,2
17,15,578,1,0,500,0.6,1000,0.2,1400,0.2,1
17,16,579,0,0,500,0.6,1000,0.2,1400,0.2,0
17,17,321,1,0,300,0.5,1700,0.5,1
17,18,63,0,0,300,0.5,1700,0.5,1
17,19,333,0,0,300,0.5,1700,0.5,1
18,0,103,2,10,5,0,500,0.6,1000,0.2,1400,0.2,0
18,1,244,1,0,300,0.5,1700,0.5,1
18,2,707,1,0,300,0.5,1700,0.5,2
18,3,232,0,0,500,0.6,1000,0.2,1400,0.2,1
18,4,34,2,10,5,0,300,0.5,1700,0.5,0
18,5,379,1,0,500,0.6,1000,0.2,1400,0.2,1
18,6,254,1,0,300,0.5,1700,0.5,0
18,7,921,1,0,500,0.6,1000,0.2,1400,0.2,0
18,8,54,2,10,5,0,500,0.6,1000,0.2,1400,0.2,0
18,9,552,0,0,300,0.5,1700,0.5,2
18,10,425,2,10,5,0,500,0.6,1000,0.2,1400,0.2,0
18,11,202,2,10,5,0,300,0.5,1700,0.5,0
18,12,735,0,0,300,0.5,1700,0.5,1
18,13,859,0,0,500,0.6,1000,0.2,1400,0.2,1
18,14,706,1,0,300,0.5,1700,0.5,0
18,15,746,2,10,5,0,300,0.5,1700,0.5,2
18,16,236,1,0,500,0.6,1000,0.2,1400,0.2,0
18,17,504,0,0,300,0.5,1700,0.5,0
18,18,877,0,0,300,0.5,1700,0.5,1
18,19,233,2,10,5,0,500,0.6,1000,0.2,1400,0.2,0
19,0,953,1,0,300,0.5,1700,0.5,1
19,1,393,2,10,5,0,500,0.6,1000,0.2,1400,0.2,2
19,2,409,0,0,300,0.5,1700,0.5,1
19,3,803,2,10,5,0,300,0.5,1700,0.5,1
19,4,470,0,0,300,0.5,1700,0.5,0
19,5,996,2,10,5,0,500,0.6,1000,0.2,1400,0.2,2
19,6,433,0,0,500,0.6,1000,0.2,1400,0.2,0
19,7,165,2,10,5,0,500,0.6,1000,0.2,1400,0.2,2
19,8,710,1,0,300,0.5,1700,0.5,1
19,9,331,1,0,300,0.5,1700,0.5,0
19,10,342,1,0,300,0.5,1700,0.5,0
19,11,350,1,0,300,0.5,1700,0.5,0
19,12,673,1,0,300,0.5,1700,0.5,2
19,13,16,1,0,300,0.5,1700,0.5,0
19,14,419,0,0,300,0.5,1700,0.5,0
19,15,545,2,10,5,0,500,0.6,1000,0.2,1400,0.2,0
19,16,528,1,0,500,0.6,1000,0.2,1400,0.2,2
19,17,49,2,10,5,0,500,0.6,1000,0.2,1400,0.2,0
19,18,377,1,0,300,0.5,1700,0.5,0
19,19,491,0,0,300,0.5,1700,0.5,1
