0,0,830,0,0,500,0.6,1000,0.2,1400,0.2,1
0,1,762,2,10,5,0,300,0.5,1700,0.5,1
0,2,294,1,0,500,0.6,1000,0.2,1400,0.2,2
0,3,197,0,0,300,0.5,1700,0.5,2
0,4,933,2,10,5,0,300,0.5,1700,0.5,2
0,5,759,1,0,300,0.5,1700,0.5,0
0,6,814,0,0,500,0.6,1000,0.2,1400,0.2,2
0,7,241,2,10,5,0,300,0.5,1700,0.5,0
0,8,494,0,0,500,0.6,1000,0.2,1400,0.2,2
0,9,239,1,0,500,0.6,1000,0.2,1400,0.2,1
0,10,781,1,0,300,0.5,1700,0.5,2
0,11,578,1,0,300,0.5,1700,0.5,1
0,12,357,1,0,500,0.6,1000,0.2,1400,0.2,2
0,13,571,2,10,5,0,500,0.6,1000,0.2,1400,0.2,2
0,14,708,1,0,500,0.6,1000,0.2,1400,0.2,2
0,15,508,2,10,5,0,300,0.5,1700,0.5,1
0,16,203,2,10,5,0,500,0.6,1000,0.2,1400,0.2,0
0,17,577,2,10,5,0,500,0.6,1000,0.2,1400,0.2,0
0,18,798,0,0,500,0.6,1000,0.2,1400,0.2,0
0,19,732,1,0,500,0.6,1000,0.2,1400,0.2,1
1,0,941,0,0,500,0.6,1000,0.2,1400,0.2,1
1,1,233,0,0,300,0.5,1700,0.5,1
1,2,732,1,0,500,0.6,1000,0.2,1400,0.2,0
1,3,528,1,0,300,0.5,1700,0.5,2
1,4,459,1,0,500,0.6,1000,0.2,1400,0.2,0
1,5,660,1,0,300,0.5,1700,0.5,2
1,6,541,2,10,5,0,500,0.6,1000,0.2,1400,0.2,0
1,7,308,2,10,5,0,300,0.5,1700,0.5,1
1,8,564,0,0,500,0.6,1000,0.2,1400,0.2,2
1,9,302,0,0,300,0.5,1700,0.5,0
1,10,124,0,0,300,0.5,1700,0.5,0
1,11,363,1,0,500,0.6,1000,0.2,1400,0.2,2
1,12,150,1,0,300,0.5,1700,0.5,2
1,13,249,0,0,300,0.5,1700,0.5,1
1,14,494,0,0,500,0.6,1000,0.2,1400,0.2,1
1,15,506,1,0,500,0.6,1000,0.2,1400,0.2,1
1,16,520,0,0,500,0.6,1000,0.2,1400,0.2,2
1,17,999,1,0,500,0.6,1000,0.2,1400,0.2,0
1,18,972,1,0,300,0.5,1700,0.5,1
1,19,66,1,0,500,0.6,1000,0.2,1400,0.2,1
2,0,363,2,10,5,0,300,0.5,1700,0.5,0
2,1,434,0,0,300,0.5,1700,0.5,0
2,2,375,0,0,500,0.6,1000,0.2,1400,0.2,2
2,3,279,2,10,5,0,500,0.6,1000,0.2,1400,0.2,2
2,4,63,0,0,300,0.5,1700,0.5,0
2,5,96,2,10,5,0,300,0.5,1700,0.5,0
2,6,426,2,10,5,0,500,0.6,1000,0.2,1400,0.2,1
2,7,740,2,10,5,0,500,0.6,1000,0.2,1400,0.2,1
2,8,280,2,10,5,0,300,0.5,1700,0.5,2
2,9,584,1,0,500,0.6,1000,0.2,1400,0.2,0
2,10,438,1,0,300,0.5,1700,0.5,2
2,11,343,2,10,5,0,300,0.5,1700,0.5,1
2,12,47,1,0,500,0.6,1000,0.2,1400,0.2,1
2,13,482,2,10,5,0,500,0.6,1000,0.2,1400,0.2,0
2,14,56,2,10,5,0,500,0.6,1000,0.2,1400,0.2,0
2,15,920,2,10,5,0,300,0.5,1700,0.5,0
2,16,567,1,0,300,0.5,1700,0.5,2
2,17,55,2,10,5,0,300,0.5,1700,0.5,2
2,18,826,1,0,500,0.6,1000,0.2,1400,0.2,2
2,19,633,1,0,500,0.6,1000,0.2,1400,0.2,1
3,0,43,0,0,500,0.6,1000,0.2,1400,0.2,1
3,1,356,0,0,500,0.6,1000,0.2,1400,0.2,1
3,2,991,0,0,300,0.5,1700,0.5,2
3,3,548,2,10,5,0,500,0.6,1000,0.2,1400,0.2,2
3,4,45,2,10,5,0,500,0.6,1000,0.2,1400,0.2,0
3,5,431,1,0,300,0.5,1700,0.5,0
3,6,223,0,0,500,0.6,1000,0.2,1400,0.2,2
3,7,168,0,0,500,0.6,1000,0.2,1400,0.2,1
3,8,180,2,10,5,0,300,0.5,1700,0.5,1
3,9,97,0,0,500,0.6,1000,0.2,1400,0.2,0
3,10,506,2,10,5,0,500,0.6,1000,0.2,1400,0.2,1
3,11,755,2,10,5,0,500,0.6,1000,0.2,1400,0.2,0
3,12,617,2,10,5,0,300,0.5,1700,0.5,1
3,13,138,1,0,300,0.5,1700,0.5,0
3,14,950,0,0,300,0.5,1700,0.5,1
3,15,160,0,0,300,0.5,1700,0.5,0
3,16,284,2,10,5,0,500,0.6,1000,0.2,1400,0.2,2
3,17,569,0,0,500,0.6,1000,0.2,1400,0.2,0
3,18,635,2,10,5,0,300,0.5,1700,0.5,1
3,19,380,0,0,300,0.5,1700,0.5,2
4,0,30,0,0,500,0.6,1000,0.2,1400,0.2,0
4,1,831,2,10,5,0,300,0.5,1700,0.5,1
4,2,966,2,10,5,0,300,0.5,1700,0.5,2
4,3,640,1,0,300,0.5,1700,0.5,1
4,4,760,1,0,500,0.6,1000,0.2,1400,0.2,0
4,5,392,1,0,500,0.6,1000,0.2,1400,0.2,1
4,6,869,2,10,5,0,300,0.5,1700,0.5,0
4,7,814,1,0,300,0.5,1700,0.5,0
4,8,838,1,0,300,0.5,1700,0.5,2
4,9,359,0,0,500,0.6,1000,0.2,1400,0.2,0
4,10,398,2,10,5,0,500,0.6,1000,0.2,1400,0.2,1
4,11,201,2,10,5,0,500,0.6,1000,0.2,1400,0.2,2
4,12,870,0,0,300,0.5,1700,0.5,2
4,13,283,1,0,300,0.5,1700,0.5,1
4,14,852,2,10,5,0,300,0.5,1700,0.5,0
4,15,87,2,10,5,0,300,0.5,1700,0.5,0
4,16,800,0,0,500,0.6,1000,0.2,1400,0.2,2
4,17,212,1,0,300,0.5,1700,0.5,2
4,18,653,1,0,500,0.6,1000,0.2,1400,0.2,2
4,19,701,1,0,300,0.5,1700,0.5,1
5,0,742,0,0,500,0.6,1000,0.2,1400,0.2,0
5,1,672,0,0,300,0.5,1700,0.5,2
5,2,381,1,0,500,0.6,1000,0.2,1400,0.2,2
5,3,43,0,0,500,0.6,1000,0.2,1400,0.2,2
5,4,328,1,0,500,0.6,1000,0.2,1400,0.2,2
5,5,86,1,0,300,0.5,1700,0.5,0
5,6,359,0,0,300,0.5,1700,0.5,0
5,7,67,1,0,500,0.6,1000,0.2,1400,0.2,1
5,8,248,1,0,500,0.6,1000,0.2,1400,0.2,1
5,9,351,1,0,300,0.5,1700,0.5,2
5,10,109,2,10,5,0,500,0.6,1000,0.2,1400,0.2,1
5,11,171,1,0,500,0.6,1000,0.2,1400,0.2,0
5,12,712,0,0,300,0.5,1700,0.5,1
5,13,776,1,0,500,0.6,1000,0.2,1400,0.2,2
5,14,713,0,0,300,0.5,1700,0.5,2
5,15,970,2,10,5,0,500,0.6,1000,0.2,1400,0.2,0
5,16,388,1,0,300,0.5,1700,0.5,1
5,17,249,1,0,300,0.5,1700,0.5,2
5,18,208,0,0,500,0.6,1000,0.2,1400,0.2,1
5,19,805,0,0,300,0.5,1700,0.5,2
6,0,970,2,10,5,0,500,0.6,1000,0.2,1400,0.2,2
6,1,596,1,0,300,0.5,1700,0.5,0
6,2,223,0,0,300,0.5,1700,0.5,0
6,3,100,0,0,300,0.5,1700,0.5,2
6,4,636,0,0,500,0.6,1000,0.2,1400,0.2,0
6,5,989,1,0,500,0.6,1000,0.2,1400,0.2,2
6,6,330,0,0,300,0.5,1700,0.5,0
6,7,805,2,10,5,0,300,0.5,1700,0.5,0
6,8,88,2,10,5,0,500,0.6,1000,0.2,1400,0.2,0
6,9,824,1,0,300,0.5,1700,0.5,0
6,10,674,2,10,5,0,500,0.6,1000,0.2,1400,0.2,2
6,11,513,0,0,500,0.6,1000,0.2,1400,0.2,2
6,12,179,0,0,500,0.6,1000,0.2,1400,0.2,1
6,13,438,1,0,300,0.5,1700,0.5,2
6,14,320,1,0,500,0.6,1000,0.2,1400,0.2,0
6,15,334,2,10,5,0,500,0.6,1000,0.2,1400,0.2,1
6,16,980,1,0,500,0.6,1000,0.2,1400,0.2,1
6,17,831,2,10,5,0,300,0.5,1700,0.5,1
6,18,68,2,10,5,0,300,0.5,1700,0.5,0
6,19,213,0,0,500,0.6,1000,0.2,1400,0.2,2
7,0,915,1,0,500,0.6,1000,0.2,1400,0.2,1
7,1,654,0,0,500,0.6,1000,0.2,1400,0.2,2
7,2,695,0,0,300,0.5,1700,0.5,2
7,3,17,0,0,300,0.5,1700,0.5,0
7,4,415,0,0,500,0.6,1000,0.2,1400,0.2,0
7,5,543,1,0,300,0.5,1700,0.5,2
7,6,715,1,0,300,0.5,1700,0.5,1
7,7,747,0,0,300,0.5,1700,0.5,1
7,8,472,1,0,500,0.6,1000,0.2,1400,0.2,0
7,9,526,2,10,5,0,500,0.6,1000,0.2,1400,0.2,1
7,10,828,2,10,5,0,300,0.5,1700,0.5,1
7,11,814,1,0,300,0.5,1700,0.5,0
7,12,701,2,10,5,0,500,0.6,1000,0.2,1400,0.2,0
7,13,211,0,0,500,0.6,1000,0.2,1400,0.2,0
7,14,878,1,0,500,0.6,1000,0.2,1400,0.2,2
7,15,960,1,0,300,0.5,1700,0.5,1
7,16,595,0,0,500,0.6,1000,0.2,1400,0.2,0
7,17,194,1,0,500,0.6,1000,0.2,1400,0.2,1
7,18,543,2,10,5,0,300,0.5,1700,0.5,0
7,19,190,1,0,500,0.6,1000,0.2,1400,0.2,0
8,0,535,1,0,500,0.6,1000,0.2,1400,0.2,1
8,1,959,2,10,5,0,500,0.6,1000,0.2,1400,0.2,0
8,2,656,2,10,5,0,300,0.5,1700,0.5,0
8,3,79,2,10,5,0,300,0.5,1700,0.5,0
8,4,152,2,10,5,0,500,0.6,1000,0.2,1400,0.2,0
8,5,876,2,10,5,0,500,0.6,1000,0.2,1400,0.2,1
8,6,873,1,0,500,0.6,1000,0.2,1400,0.2,1
8,7,921,1,0,300,0.5,1700,0.5,2
8,8,297,1,0,500,0.6,1000,0.2,1400,0.2,2
8,9,868,1,0,300,0.5,1700,0.5,1
8,10,760,0,0,500,0.6,1000,0.2,1400,0.2,0
8,11,623,0,0,500,0.6,1000,0.2,1400,0.2,2
8,12,782,1,0,300,0.5,1700,0.5,1
8,13,763,2,10,5,0,300,0.5,1700,0.5,1
8,14,547,0,0,300,0.5,1700,0.5,0
8,15,527,1,0,300,0.5,1700,0.5,2
8,16,143,2,10,5,0,300,0.5,1700,0.5,0
8,17,678,0,0,300,0.5,1700,0.5,1
8,18,491,1,0,500,0.6,1000,0.2,1400,0.2,2
8,19,491,1,0,300,0.5,1700,0.5,2
9,0,575,0,0,500,0.6,1000,0.2,1400,0.2,1
9,1,864,1,0,300,0.5,1700,0.5,2
9,2,741,1,0,500,0.6,1000,0.2,1400,0.2,1
9,3,983,0,0,300,0.5,1700,0.5,1
9,4,894,1,0,500,0.6,1000,0.2,1400,0.2,1
9,5,340,1,0,500,0.6,1000,0.2,1400,0.2,0
9,6,925,1,0,300,0.5,1700,0.5,1
9,7,153,2,10,5,0,300,0.5,1700,0.5,1
9,8,796,0,0,300,0.5,1700,0.5,1
9,9,915,0,0,300,0.5,1700,0.5,2
9,10,49,1,0,500,0.6,1000,0.2,1400,0.2,0
9,11,538,0,0,500,0.6,1000,0.2,1400,0.2,2
9,12,172,1,0,300,0.5,1700,0.5,2
9,13,73,1,0,500,0.6,1000,0.2,1400,0.2,1
9,14,263,0,0,300,0.5,1700,0.5,2
9,15,947,2,10,5,0,500,0.6,1000,0.2,1400,0.2,1
9,16,877,1,0,300,0.5,1700,0.5,0
9,17,94,2,10,5,0,500,0.6,1000,0.2,1400,0.2,0
9,18,893,0,0,300,0.5,1700,0.5,1
9,19,825,1,0,500,0.6,1000,0.2,1400,0.2,1
10,0,496,0,0,300,0.5,1700,0.5,1
10,1,439,2,10,5,0,300,0.5,1700,0.5,2
10,2,96,2,10,5,0,300,0.5,1700,0.5,2
10,3,712,2,10,5,0,500,0.6,1000,0.2,1400,0.2,2
10,4,681,1,0,500,0.6,1000,0.2,1400,0.2,2
10,5,756,0,0,300,0.5,1700,0.5,2
10,6,19,2,10,5,0,500,0.6,1000,0.2,1400,0.2,2
10,7,805,1,0,500,0.6,1000,0.2,1400,0.2,2
10,8,300,1,0,500,0.6,1000,0.2,1400,0.2,1
10,9,48,1,0,500,0.6,1000,0.2,1400,0.2,2
10,10,171,0,0,300,0.5,1700,0.5,2
10,11,233,0,0,500,0.6,1000,0.2,1400,0.2,2
10,12,95,0,0,500,0.6,1000,0.2,1400,0.2,1
10,13,70,1,0,500,0.6,1000,0.2,1400,0.2,0
10,14,31,1,0,300,0.5,1700,0.5,1
10,15,996,0,0,300,0.5,1700,0.5,0
10,16,231,2,10,5,0,500,0.6,1000,0.2,1400,0.2,0
10,17,689,1,0,300,0.5,1700,0.5,2
10,18,851,2,10,5,0,500,0.6,1000,0.2,1400,0.2,0
10,19,978,1,0,500,0.6,1000,0.2,1400,0.2,0
11,0,390,0,0,300,0.5,1700,0.5,0
11,1,335,0,0,500,0.6,1000,0.2,1400,0.2,2
11,2,723,1,0,500,0.6,1000,0.2,1400,0.2,2
11,3,837,2,10,5,0,300,0.5,1700,0.5,2
11,4,936,2,10,5,0,500,0.6,1000,0.2,1400,0.2,1
11,5,465,2,10,5,0,300,0.5,1700,0.5,2
11,6,240,1,0,300,0.5,1700,0.5,1
11,7,929,0,0,500,0.6,1000,0.2,1400,0.2,0
11,8,15,2,10,5,0,300,0.5,1700,0.5,0
11,9,244,1,0,500,0.6,1000,0.2,1400,0.2,2
11,10,960,1,0,300,0.5,1700,0.5,0
11,11,366,2,10,5,0,300,0.5,1700,0.5,2
11,12,902,1,0,500,0.6,1000,0.2,1400,0.2,1
11,13,979,0,0,500,0.6,1000,0.2,1400,0.2,2
11,14,527,0,0,300,0.5,1700,0.5,1
11,15,901,2,10,5,0,300,0.5,1700,0.5,0
11,16,521,1,0,500,0.6,1000,0.2,1400,0.2,0
11,17,602,0,0,500,0.6,1000,0.2,1400,0.2,0
11,18,176,1,0,300,0.5,1700,0.5,0
11,19,737,1,0,500,0.6,1000,0.2,1400,0.2,1
12,0,464,1,0,300,0.5,1700,0.5,0
12,1,197,2,10,5,0,300,0.5,1700,0.5,2
12,2,507,2,10,5,0,500,0.6,1000,0.2,1400,0.2,0
12,3,192,1,0,300,0.5,1700,0.5,1
12,4,904,2,10,5,0,500,0.6,1000,0.2,1400,0.2,2
12,5,172,1,0,500,0.6,1000,0.2,1400,0.2,1
12,6,368,0,0,500,0.6,1000,0.2,1400,0.2,2
12,7,708,2,10,5,0,300,0.5,1700,0.5,0
12,8,69,2,10,5,0,500,0.6,1000,0.2,1400,0.2,2
12,9,730,2,10,5,0,500,0.6,1000,0.2,1400,0.2,0
12,10,648,2,10,5,0,300,0.5,1700,0.5,1
12,11,701,2,10,5,0,300,0.5,1700,0.5,2
12,12,111,0,0,300,0.5,1700,0.5,0
12,13,124,1,0,300,0.5,1700,0.5,0
12,14,160,1,0,500,0.6,1000,0.2,1400,0.2,0
12,15,632,0,0,500,0.6,1000,0.2,1400,0.2,2
12,16,46,1,0,500,0.6,1000,0.2,1400,0.2,2
12,17,892,0,0,300,0.5,1700,0.5,1
12,18,809,2,10,5,0,500,0.6,1000,0.2,1400,0.2,0
12,19,53,0,0,300,0.5,1700,0.5,1
13,0,601,1,0,300,0.5,1700,0.5,0
13,1,463,0,0,300,0.5,1700,0.5,2
13,2,321,0,0,300,0.5,1700,0.5,0
13,3,367,0,0,300,0.5,1700,0.5,1
13,4,708,0,0,300,0.5,1700,0.5,2
13,5,47,1,0,500,0.6,1000,0.2,1400,0.2,1
13,6,822,2,10,5,0,300,0.5,1700,0.5,1
13,7,64,0,0,500,0.6,1000,0.2,1400,0.2,0
13,8,228,0,0,500,0.6,1000,0.2,1400,0.2,0
13,9,586,2,10,5,0,300,0.5,1700,0.5,0
13,10,100,2,10,5,0,300,0.5,1700,0.5,1
13,11,570,0,0,500,0.6,1000,0.2,1400,0.2,2
13,12,298,0,0,500,0.6,1000,0.2,1400,0.2,1
13,13,506,2,10,5,0,500,0.6,1000,0.2,1400,0.2,2
13,14,442,0,0,500,0.6,1000,0.2,1400,0.2,1
13,15,844,0,0,500,0.6,1000,0.2,1400,0.2,1
13,16,407,0,0,500,0.6,1000,0.2,1400,0.2,2
13,17,75,1,0,500,0.6,1000,0.2,1400,0.2,0
13,18,246,2,10,5,0,500,0.6,1000,0.2,1400,0.2,0
13,19,990,2,10,5,0,500,0.6,1000,0.2,1400,0.2,2
14,0,133,1,0,500,0.6,1000,0.2,1400,0.2,0
14,1,741,0,0,500,0.6,1000,0.2,1400,0.2,2
14,2,317,0,0,300,0.5,1700,0.5,2
14,3,870,2,10,5,0,300,0.5,1700,0.5,1
14,4,77,2,10,5,0,500,0.6,1000,0.2,1400,0.2,0
14,5,484,1,0,500,0.6,1000,0.2,1400,0.2,1
14,6,77,0,0,300,0.5,1700,0.5,2
14,7,455,2,10,5,0,500,0.6,1000,0.2,1400,0.2,1
14,8,198,0,0,300,0.5,1700,0.5,1
14,9,659,0,0,300,0.5,1700,0.5,0
14,10,282,0,0,500,0.6,1000,0.2,1400,0.2,1
14,11,192,2,10,5,0,300,0.5,1700,0.5,1
14,12,669,2,10,5,0,500,0.6,1000,0.2,1400,0.2,0
14,13,532,0,0,300,0.5,1700,0.5,2
14,14,892,1,0,500,0.6,1000,0.2,1400,0.2,0
14,15,852,1,0,300,0.5,1700,0.5,2
14,16,534,2,10,5,0,300,0.5,1700,0.5,0
14,17,334,1,0,300,0.5,1700,0.5,1
14,18,580,2,10,5,0,500,0.6,1000,0.2,1400,0.2,1
14,19,317,2,10,5,0,300,0.5,1700,0.5,1
15,0,591,2,10,5,0,500,0.6,1000,0.2,1400,0.2,1
15,1,448,2,10,5,0,500,0.6,1000,0.2,1400,0.2,2
15,2,344,2,10,5,0,500,0.6,1000,0.2,1400,0.2,0
15,3,168,1,0,500,0.6,1000,0.2,1400,0.2,1
15,4,723,0,0,300,0.5,1700,0.5,0
15,5,759,1,0,500,0.6,1000,0.2,1400,0.2,0
15,6,314,2,10,5,0,300,0.5,1700,0.5,1
15,7,550,1,0,300,0.5,1700,0.5,0
15,8,736,0,0,500,0.6,1000,0.2,1400,0.2,0
15,9,975,0,0,300,0.5,1700,0.5,1
15,10,507,1,0,300,0.5,1700,0.5,1
15,11,190,0,0,500,0.6,1000,0.2,1400,0.2,2
15,12,60,2,10,5,0,300,0.5,1700,0.5,0
15,13,105,2,10,5,0,500,0.6,1000,0.2,1400,0.2,0
15,14,154,2,10,5,0,300,0.5,1700,0.5,2
15,15,749,0,0,500,0.6,1000,0.2,1400,0.2,0
15,16,375,2,10,5,0,500,0.6,1000,0.2,1400,0.2,1
15,17,250,1,0,300,0.5,1700,0.5,1
15,18,910,0,0,500,0.6,1000,0.2,1400,0.2,0
15,19,213,0,0,300,0.5,1700,0.5,1
16,0,251,0,0,500,0.6,1000,0.2,1400,0.2,0
16,1,515,0,0,300,0.5,1700,0.5,1
16,2,141,0,0,300,0.5,1700,0.5,2
16,3,983,2,10,5,0,300,0.5,1700,0.5,2
16,4,268,2,10,5,0,300,0.5,1700,0.5,0
16,5,399,1,0,500,0.6,1000,0.2,1400,0.2,0
16,6,862,2,10,5,0,500,0.6,1000,0.2,1400,0.2,1
16,7,599,1,0,300,0.5,1700,0.5,1
16,8,886,0,0,300,0.5,1700,0.5,2
16,9,81,2,10,5,0,300,0.5,1700,0.5,2
16,10,256,1,0,300,0.5,1700,0.5,0
16,11,664,2,10,5,0,300,0.5,1700,0.5,2
16,12,845,1,0,500,0.6,1000,0.2,1400,0.2,0
16,13,471,2,10,5,0,500,0.6,1000,0.2,1400,0.2,2
16,14,311,0,0,500,0.6,1000,0.2,1400,0.2,0
16,15,48,0,0,500,0.6,1000,0.2,1400,0.2,0
16,16,772,1,0,500,0.6,1000,0.2,1400,0.2,2
16,17,767,0,0,300,0.5,1700,0.5,0
16,18,896,1,0,500,0.6,1000,0.2,1400,0.2,1
16,19,690,0,0,300,0.5,1700,0.5,2
17,0,909,0,0,300,0.5,1700,0.5,0
17,1,205,0,0,500,0.6,1000,0.2,1400,0.2,2
17,2,960,0,0,300,0.5,1700,0.5,0
17,3,198,2,10,5,0,500,0.6,1000,0.2,1400,0.2,1
17,4,15,1,0,500,0.6,1000,0.2,1400,0.2,0
17,5,731,1,0,500,0.6,1000,0.2,1400,0.2,0
17,6,498,2,10,5,0,500,0.6,1000,0.2,1400,0.2,1
17,7,84,0,0,500,0.6,1000,0.2,1400,0.2,1
17,8,519,1,0,300,0.5,1700,0.5,1
17,9,324,0,0,300,0.5,1700,0.5,2
17,10,919,0,0,300,0.5,1700,0.5,2
17,11,471,2,10,5,0,300,0.5,1700,0.5,0
17,12,313,1,0,500,0.6,1000,0.2,1400,0.2,1
17,13,444,2,10,5,0,500,0.6,1000,0.2,1400,0.2,1
17,14,747,0,0,500,0.6,1000,0.2,1400,0.2,1
17,15,202,2,10,5,0,500,0.6,1000,0.2,1400,0.2,1
17,16,273,1,0,500,0.6,1000,0.2,1400,0.2,1
17,17,356,1,0,300,0.5,1700,0.5,2
17,18,160,2,10,5,0,500,0.6,1000,0.2,1400,0.2,2
17,19,411,1,0,300,0.5,1700,0.5,2
18,0,617,2,10,5,0,500,0.6,1000,0.2,1400,0.2,0
18,1,774,0,0,500,0.6,1000,0.2,1400,0.2,2
18,2,420,1,0,300,0.5,1700,0.5,2
18,3,75,0,0,500,0.6,1000,0.2,1400,0.2,2
18,4,58,2,10,5,0,300,0.5,1700,0.5,2
18,5,583,0,0,500,0.6,1000,0.2,1400,0.2,0
18,6,553,1,0,500,0.6,1000,0.2,1400,0.2,0
18,7,440,1,0,300,0.5,1700,0.5,1
18,8,211,0,0,500,0.6,1000,0.2,1400,0.2,2
18,9,580,1,0,300,0.5,1700,0.5,2
18,10,135,0,0,500,0.6,1000,0.2,1400,0.2,2
18,11,322,1,0,500,0.6,1000,0.2,1400,0.2,2
18,12,784,0,0,500,0.6,1000,0.2,1400,0.2,2
18,13,554,2,10,5,0,500,0.6,1000,0.2,1400,0.2,1
18,14,556,0,0,300,0.5,1700,0.5,1
18,15,700,0,0,300,0.5,1700,0.5,2
18,16,486,1,0,300,0.5,1700,0.5,2
18,17,318,2,10,5,0,300,0.5,1700,0.5,2
18,18,797,1,0,500,0.6,1000,0.2,1400,0.2,0
18,19,912,1,0,300,0.5,1700,0.5,1
19,0,937,0,0,500,0.6,1000,0.2,1400,0.2,2
19,1,298,2,10,5,0,500,0.6,1000,0.2,1400,0.2,2
19,2,440,2,10,5,0,300,0.5,1700,0.5,2
19,3,915,1,0,500,0.6,1000,0.2,1400,0.2,1
19,4,193,0,0,500,0.6,1000,0.2,1400,0.2,1
19,5,37,2,10,5,0,300,0.5,1700,0.5,2
19,6,819,1,0,300,0.5,1700,0.5,1
19,7,435,1,0,500,0.6,1000,0.2,1400,0.2,1
19,8,681,1,0,500,0.6,1000,0.2,1400,0.2,0
19,9,346,1,0,500,0.6,1000,0.2,1400,0.2,2
19,10,857,0,0,500,0.6,1000,0.2,1400,0.2,0
19,11,727,1,0,300,0.5,1700,0.5,2
19,12,247,0,0,500,0.6,1000,0.2,1400,0.2,0
19,13,73,1,0,300,0.5,1700,0.5,0
19,14,979,0,0,300,0.5,1700,0.5,1
19,15,995,1,0,300,0.5,1700,0.5,1
19,16,671,0,0,500,0.6,1000,0.2,1400,0.2,2
19,17,322,1,0,500,0.6,1000,0.2,1400,0.2,2
19,18,12,2,10,5,0,500,0.6,1000,0.2,1400,0.2,0
19,19,136,2,10,5,0,300,0.5,1700,0.5,2
