0,0,65,1,0,500,0.6,1000,0.2,1400,0.2,1
0,1,148,1,0,300,0.5,1700,0.5,2
0,2,86,2,10,5,0,500,0.6,1000,0.2,1400,0.2,0
0,3,226,0,0,300,0.5,1700,0.5,2
0,4,209,1,0,300,0.5,1700,0.5,2
0,5,466,0,0,300,0.5,1700,0.5,0
0,6,127,0,0,500,0.6,1000,0.2,1400,0.2,0
0,7,148,1,0,500,0.6,1000,0.2,1400,0.2,1
0,8,136,2,10,5,0,500,0.6,1000,0.2,1400,0.2,2
0,9,754,2,10,5,0,500,0.6,1000,0.2,1400,0.2,2
0,10,603,0,0,300,0.5,1700,0.5,0
0,11,398,0,0,300,0.5,1700,0.5,1
0,12,555,0,0,500,0.6,1000,0.2,1400,0.2,0
0,13,753,0,0,500,0.6,1000,0.2,1400,0.2,1
0,14,953,1,0,500,0.6,1000,0.2,1400,0.2,1
0,15,501,2,10,5,0,500,0.6,1000,0.2,1400,0.2,1
0,16,891,2,10,5,0,300,0.5,1700,0.5,1
0,17,499,0,0,500,0.6,1000,0.2,1400,0.2,1
0,18,154,2,10,5,0,500,0.6,1000,0.2,1400,0.2,2
0,19,576,0,0,300,0.5,1700,0.5,1
1,0,18,2,10,5,0,300,0.5,1700,0.5,2
1,1,140,1,0,500,0.6,1000,0.2,1400,0.2,0
1,2,212,0,0,300,0.5,1700,0.5,0
1,3,575,2,10,5,0,500,0.6,1000,0.2,1400,0.2,1
1,4,875,2,10,5,0,500,0.6,1000,0.2,1400,0.2,1
1,5,220,0,0,300,0.5,1700,0.5,1
1,6,508,1,0,500,0.6,1000,0.2,1400,0.2,2
1,7,286,1,0,300,0.5,1700,0.5,0
1,8,417,2,10,5,0,300,0.5,1700,0.5,0
1,9,225,2,10,5,0,500,0.6,1000,0.2,1400,0.2,1
1,10,752,2,10,5,0,300,0.5,1700,0.5,0
1,11,315,1,0,500,0.6,1000,0.2,1400,0.2,1
1,12,665,1,0,300,0.5,1700,0.5,2
1,13,341,1,0,500,0.6,1000,0.2,1400,0.2,1
1,14,350,0,0,300,0.5,1700,0.5,0
1,15,957,0,0,500,0.6,1000,0.2,1400,0.2,0
1,16,393,2,10,5,0,300,0.5,1700,0.5,1
1,17,554,0,0,500,0.6,1000,0.2,1400,0.2,1
1,18,583,0,0,300,0.5,1700,0.5,1
1,19,836,2,10,5,0,300,0.5,1700,0.5,2
2,0,785,2,10,5,0,300,0.5,1700,0.5,0
2,1,433,0,0,300,0.5,1700,0.5,2
2,2,722,0,0,500,0.6,1000,0.2,1400,0.2,1
2,3,435,2,10,5,0,300,0.5,1700,0.5,2
2,4,551,2,10,5,0,300,0.5,1700,0.5,1
2,5,737,1,0,300,0.5,1700,0.5,0
2,6,803,2,10,5,0,500,0.6,1000,0.2,1400,0.2,1
2,7,452,0,0,300,0.5,1700,0.5,1
2,8,469,1,0,300,0.5,1700,0.5,2
2,9,541,2,10,5,0,500,0.6,1000,0.2,1400,0.2,0
2,10,293,1,0,300,0.5,1700,0.5,2
2,11,543,2,10,5,0,300,0.5,1700,0.5,2
2,12,810,0,0,300,0.5,1700,0.5,0
2,13,443,1,0,500,0.6,1000,0.2,1400,0.2,0
2,14,550,1,0,500,0.6,1000,0.2,1400,0.2,0
2,15,106,0,0,300,0.5,1700,0.5,1
2,16,180,0,0,500,0.6,1000,0.2,1400,0.2,2
2,17,867,1,0,500,0.6,1000,0.2,1400,0.2,0
2,18,105,2,10,5,0,300,0.5,1700,0.5,0
2,19,33,0,0,500,0.6,1000,0.2,1400,0.2,0
3,0,728,1,0,300,0.5,1700,0.5,0
3,1,916,2,10,5,0,300,0.5,1700,0.5,0
3,2,977,2,10,5,0,300,0.5,1700,0.5,1
3,3,653,0,0,300,0.5,1700,0.5,1
3,4,345,0,0,500,0.6,1000,0.2,1400,0.2,2
3,5,436,2,10,5,0,300,0.5,1700,0.5,2
3,6,268,1,0,300,0.5,1700,0.5,1
3,7,595,0,0,500,0.6,1000,0.2,1400,0.2,1
3,8,277,1,0,300,0.5,1700,0.5,2
3,9,807,1,0,500,0.6,1000,0.2,1400,0.2,2
3,10,344,1,0,500,0.6,1000,0.2,1400,0.2,2
3,11,901,0,0,500,0.6,1000,0.2,1400,0.2,0
3,12,431,1,0,300,0.5,1700,0.5,2
3,13,78,2,10,5,0,300,0.5,1700,0.5,1
3,14,414,2,10,5,0,300,0.5,1700,0.5,0
3,15,411,1,0,500,0.6,1000,0.2,1400,0.2,0
3,16,413,1,0,300,0.5,1700,0.5,2
3,17,805,2,10,5,0,500,0.6,1000,0.2,1400,0.2,1
3,18,267,1,0,500,0.6,1000,0.2,1400,0.2,0
3,19,864,2,10,5,0,500,0.6,1000,0.2,1400,0.2,2
4,0,769,0,0,300,0.5,1700,0.5,1
4,1,600,0,0,500,0.6,1000,0.2,1400,0.2,2
4,2,125,2,10,5,0,500,0.6,1000,0.2,1400,0.2,0
4,3,984,0,0,300,0.5,1700,0.5,2
4,4,228,2,10,5,0,300,0.5,1700,0.5,0
4,5,787,2,10,5,0,500,0.6,1000,0.2,1400,0.2,1
4,6,573,0,0,300,0.5,1700,0.5,1
4,7,836,0,0,300,0.5,1700,0.5,1
4,8,259,2,10,5,0,300,0.5,1700,0.5,2
4,9,561,0,0,500,0.6,1000,0.2,1400,0.2,2
4,10,323,0,0,300,0.5,1700,0.5,1
4,11,237,1,0,500,0.6,1000,0.2,1400,0.2,0
4,12,119,0,0,500,0.6,1000,0.2,1400,0.2,2
4,13,934,1,0,300,0.5,1700,0.5,2
4,14,280,2,10,5,0,500,0.6,1000,0.2,1400,0.2,1
4,15,960,2,10,5,0,500,0.6,1000,0.2,1400,0.2,0
4,16,460,1,0,500,0.6,1000,0.2,1400,0.2,1
4,17,722,0,0,300,0.5,1700,0.5,1
4,18,845,0,0,300,0.5,1700,0.5,0
4,19,736,2,10,5,0,500,0.6,1000,0.2,1400,0.2,2
5,0,536,0,0,500,0.6,1000,0.2,1400,0.2,2
5,1,328,0,0,300,0.5,1700,0.5,2
5,2,358,2,10,5,0,300,0.5,1700,0.5,2
5,3,219,2,10,5,0,500,0.6,1000,0.2,1400,0.2,2
5,4,287,2,10,5,0,500,0.6,1000,0.2,1400,0.2,1
5,5,198,1,0,300,0.5,1700,0.5,1
5,6,36,2,10,5,0,300,0.5,1700,0.5,0
5,7,318,2,10,5,0,500,0.6,1000,0.2,1400,0.2,0
5,8,985,1,0,500,0.6,1000,0.2,1400,0.2,1
5,9,418,1,0,300,0.5,1700,0.5,2
5,10,534,0,0,300,0.5,1700,0.5,1
5,11,898,2,10,5,0,300,0.5,1700,0.5,1
5,12,875,1,0,500,0.6,1000,0.2,1400,0.2,2
5,13,779,0,0,300,0.5,1700,0.5,2
5,14,308,1,0,500,0.6,1000,0.2,1400,0.2,0
5,15,859,2,10,5,0,300,0.5,1700,0.5,2
5,16,108,0,0,500,0.6,1000,0.2,1400,0.2,1
5,17,464,0,0,300,0.5,1700,0.5,1
5,18,538,1,0,500,0.6,1000,0.2,1400,0.2,1
5,19,290,1,0,500,0.6,1000,0.2,1400,0.2,0
6,0,583,1,0,300,0.5,1700,0.5,1
6,1,737,0,0,500,0.6,1000,0.2,1400,0.2,0
6,2,652,2,10,5,0,500,0.6,1000,0.2,1400,0.2,0
6,3,923,0,0,500,0.6,1000,0.2,1400,0.2,0
6,4,688,1,0,500,0.6,1000,0.2,1400,0.2,0
6,5,486,0,0,500,0.6,1000,0.2,1400,0.2,2
6,6,545,0,0,300,0.5,1700,0.5,0
6,7,714,2,10,5,0,500,0.6,1000,0.2,1400,0.2,2
6,8,688,1,0,300,0.5,1700,0.5,1
6,9,46,2,10,5,0,500,0.6,1000,0.2,1400,0.2,2
6,10,222,0,0,500,0.6,1000,0.2,1400,0.2,1
6,11,720,2,10,5,0,300,0.5,1700,0.5,1
6,12,163,2,10,5,0,500,0.6,1000,0.2,1400,0.2,1
6,13,771,0,0,500,0.6,1000,0.2,1400,0.2,1
6,14,82,0,0,300,0.5,1700,0.5,0
6,15,374,1,0,500,0.6,1000,0.2,1400,0.2,2
6,16,860,2,10,5,0,300,0.5,1700,0.5,0
6,17,476,0,0,300,0.5,1700,0.5,1
6,18,118,2,10,5,0,500,0.6,1000,0.2,1400,0.2,2
6,19,256,1,0,500,0.6,1000,0.2,1400,0.2,1
7,0,407,1,0,500,0.6,1000,0.2,1400,0.2,1
7,1,937,0,0,300,0.5,1700,0.5,2
7,2,240,1,0,500,0.6,1000,0.2,1400,0.2,0
7,3,950,1,0,300,0.5,1700,0.5,1
7,4,475,1,0,500,0.6,1000,0.2,1400,0.2,1
7,5,803,0,0,300,0.5,1700,0.5,0
7,6,828,2,10,5,0,300,0.5,1700,0.5,2
7,7,504,1,0,300,0.5,1700,0.5,0
7,8,395,2,10,5,0,300,0.5,1700,0.5,2
7,9,601,0,0,300,0.5,1700,0.5,2
7,10,547,2,10,5,0,300,0.5,1700,0.5,2
7,11,740,0,0,500,0.6,1000,0.2,1400,0.2,0
7,12,508,2,10,5,0,300,0.5,1700,0.5,0
7,13,441,0,0,500,0.6,1000,0.2,1400,0.2,0
7,14,23,2,10,5,0,500,0.6,1000,0.2,1400,0.2,0
7,15,494,2,10,5,0,300,0.5,1700,0.5,1
7,16,831,1,0,300,0.5,1700,0.5,2
7,17,683,0,0,300,0.5,1700,0.5,2
7,18,930,0,0,300,0.5,1700,0.5,1
7,19,679,0,0,300,0.5,1700,0.5,1
8,0,791,1,0,500,0.6,1000,0.2,1400,0.2,1
8,1,994,1,0,500,0.6,1000,0.2,1400,0.2,2
8,2,395,2,10,5,0,300,0.5,1700,0.5,1
8,3,937,1,0,300,0.5,1700,0.5,1
8,4,639,1,0,300,0.5,1700,0.5,0
8,5,966,0,0,300,0.5,1700,0.5,1
8,6,380,1,0,300,0.5,1700,0.5,2
8,7,761,0,0,300,0.5,1700,0.5,2
8,8,897,2,10,5,0,500,0.6,1000,0.2,1400,0.2,0
8,9,419,0,0,500,0.6,1000,0.2,1400,0.2,0
8,10,601,1,0,500,0.6,1000,0.2,1400,0.2,2
8,11,836,1,0,300,0.5,1700,0.5,2
8,12,961,2,10,5,0,300,0.5,1700,0.5,0
8,13,37,2,10,5,0,300,0.5,1700,0.5,0
8,14,52,0,0,500,0.6,1000,0.2,1400,0.2,2
8,15,978,0,0,300,0.5,1700,0.5,1
8,16,526,0,0,300,0.5,1700,0.5,1
8,17,637,0,0,500,0.6,1000,0.2,1400,0.2,1
8,18,563,2,10,5,0,300,0.5,1700,0.5,1
8,19,26,0,0,300,0.5,1700,0.5,2
9,0,97,1,0,300,0.5,1700,0.5,0
9,1,559,2,10,5,0,500,0.6,1000,0.2,1400,0.2,0
9,2,63,2,10,5,0,300,0.5,1700,0.5,2
9,3,72,0,0,300,0.5,1700,0.5,0
9,4,643,2,10,5,0,300,0.5,1700,0.5,0
9,5,820,1,0,500,0.6,1000,0.2,1400,0.2,0
9,6,780,0,0,500,0.6,1000,0.2,1400,0.2,1
9,7,354,0,0,300,0.5,1700,0.5,2
9,8,167,0,0,300,0.5,1700,0.5,1
9,9,528,0,0,300,0.5,1700,0.5,1
9,10,647,1,0,500,0.6,1000,0.2,1400,0.2,1
9,11,771,2,10,5,0,300,0.5,1700,0.5,2
9,12,436,0,0,500,0.6,1000,0.2,1400,0.2,2
9,13,173,1,0,500,0.6,1000,0.2,1400,0.2,1
9,14,293,1,0,500,0.6,1000,0.2,1400,0.2,2
9,15,848,0,0,300,0.5,1700,0.5,2
9,16,458,1,0,300,0.5,1700,0.5,2
9,17,737,2,10,5,0,500,0.6,1000,0.2,1400,0.2,0
9,18,411,2,10,5,0,300,0.5,1700,0.5,1
9,19,119,1,0,500,0.6,1000,0.2,1400,0.2,0
10,0,735,0,0,500,0.6,1000,0.2,1400,0.2,1
10,1,724,0,0,500,0.6,1000,0.2,1400,0.2,0
10,2,957,1,0,300,0.5,1700,0.5,0
10,3,528,0,0,300,0.5,1700,0.5,1
10,4,162,0,0,300,0.5,1700,0.5,1
10,5,587,2,10,5,0,300,0.5,1700,0.5,2
10,6,681,1,0,300,0.5,1700,0.5,2
10,7,34,2,10,5,0,500,0.6,1000,0.2,1400,0.2,2
10,8,719,1,0,500,0.6,1000,0.2,1400,0.2,0
10,9,958,2,10,5,0,300,0.5,1700,0.5,2
10,10,729,0,0,300,0.5,1700,0.5,2
10,11,130,2,10,5,0,500,0.6,1000,0.2,1400,0.2,2
10,12,287,1,0,500,0.6,1000,0.2,1400,0.2,0
10,13,673,0,0,300,0.5,1700,0.5,0
10,14,623,2,10,5,0,300,0.5,1700,0.5,1
10,15,237,1,0,300,0.5,1700,0.5,2
10,16,860,2,10,5,0,300,0.5,1700,0.5,1
10,17,187,2,10,5,0,300,0.5,1700,0.5,0
10,18,775,2,10,5,0,500,0.6,1000,0.2,1400,0.2,2
10,19,939,0,0,300,0.5,1700,0.5,2
11,0,415,2,10,5,0,500,0.6,1000,0.2,1400,0.2,0
11,1,319,0,0,500,0.6,1000,0.2,1400,0.2,0
11,2,661,2,10,5,0,500,0.6,1000,0.2,1400,0.2,2
11,3,41,2,10,5,0,300,0.5,1700,0.5,0
11,4,653,1,0,500,0.6,1000,0.2,1400,0.2,1
11,5,722,1,0,300,0.5,1700,0.5,0
11,6,637,2,10,5,0,300,0.5,1700,0.5,1
11,7,596,0,0,500,0.6,1000,0.2,1400,0.2,1
11,8,869,1,0,500,0.6,1000,0.2,1400,0.2,1
11,9,349,0,0,300,0.5,1700,0.5,2
11,10,818,0,0,500,0.6,1000,0.2,1400,0.2,1
11,11,253,2,10,5,0,500,0.6,1000,0.2,1400,0.2,1
11,12,267,0,0,300,0.5,1700,0.5,2
11,13,277,0,0,500,0.6,1000,0.2,1400,0.2,2
11,14,39,1,0,300,0.5,1700,0.5,1
11,15,61,1,0,500,0.6,1000,0.2,1400,0.2,0
11,16,540,2,10,5,0,500,0.6,1000,0.2,1400,0.2,0
11,17,768,0,0,300,0.5,1700,0.5,2
11,18,518,2,10,5,0,500,0.6,1000,0.2,1400,0.2,0
11,19,861,0,0,300,0.5,1700,0.5,0
12,0,813,0,0,500,0.6,1000,0.2,1400,0.2,1
12,1,273,1,0,300,0.5,1700,0.5,2
12,2,772,1,0,500,0.6,1000,0.2,1400,0.2,2
12,3,468,0,0,500,0.6,1000,0.2,1400,0.2,0
12,4,106,2,10,5,0,300,0.5,1700,0.5,2
12,5,238,0,0,500,0.6,1000,0.2,1400,0.2,1
12,6,88,1,0,300,0.5,1700,0.5,0
12,7,864,1,0,300,0.5,1700,0.5,0
12,8,995,0,0,300,0.5,1700,0.5,0
12,9,483,2,10,5,0,500,0.6,1000,0.2,1400,0.2,2
12,10,667,1,0,500,0.6,1000,0.2,1400,0.2,2
12,11,754,1,0,300,0.5,1700,0.5,0
12,12,45,0,0,500,0.6,1000,0.2,1400,0.2,2
12,13,911,1,0,500,0.6,1000,0.2,1400,0.2,1
12,14,907,0,0,300,0.5,1700,0.5,1
12,15,718,0,0,300,0.5,1700,0.5,1
12,16,376,0,0,300,0.5,1700,0.5,2
12,17,569,0,0,500,0.6,1000,0.2,1400,0.2,1
12,18,872,0,0,500,0.6,1000,0.2,1400,0.2,1
12,19,323,1,0,300,0.5,1700,0.5,0
13,0,394,2,10,5,0,500,0.6,1000,0.2,1400,0.2,0
13,1,545,2,10,5,0,500,0.6,1000,0.2,1400,0.2,1
13,2,710,1,0,300,0.5,1700,0.5,1
13,3,835,0,0,300,0.5,1700,0.5,0
13,4,111,2,10,5,0,300,0.5,1700,0.5,2
13,5,376,0,0,300,0.5,1700,0.5,2
13,6,78,0,0,500,0.6,1000,0.2,1400,0.2,0
13,7,198,2,10,5,0,300,0.5,1700,0.5,2
13,8,531,1,0,300,0.5,1700,0.5,0
13,9,55,2,10,5,0,500,0.6,1000,0.2,1400,0.2,1
13,10,984,0,0,300,0.5,1700,0.5,1
13,11,825,1,0,300,0.5,1700,0.5,2
13,12,274,0,0,300,0.5,1700,0.5,2
13,13,148,1,0,300,0.5,1700,0.5,2
13,14,796,0,0,300,0.5,1700,0.5,2
13,15,299,2,10,5,0,500,0.6,1000,0.2,1400,0.2,2
13,16,772,2,10,5,0,300,0.5,1700,0.5,0
13,17,261,2,10,5,0,300,0.5,1700,0.5,2
13,18,809,1,0,300,0.5,1700,0.5,0
13,19,136,0,0,500,0.6,1000,0.2,1400,0.2,1
14,0,509,0,0,500,0.6,1000,0.2,1400,0.2,0
14,1,508,1,0,500,0.6,1000,0.2,1400,0.2,0
14,2,294,2,10,5,0,500,0.6,1000,0.2,1400,0.2,2
14,3,27,2,10,5,0,300,0.5,1700,0.5,0
14,4,85,1,0,500,0.6,1000,0.2,1400,0.2,2
14,5,377,2,10,5,0,300,0.5,1700,0.5,0
14,6,911,1,0,500,0.6,1000,0.2,1400,0.2,1
14,7,652,0,0,300,0.5,1700,0.5,0
14,8,687,1,0,500,0.6,1000,0.2,1400,0.2,2
14,9,175,1,0,300,0.5,1700,0.5,0
14,10,700,1,0,300,0.5,1700,0.5,0
14,11,965,2,10,5,0,300,0.5,1700,0.5,1
14,12,901,2,10,5,0,300,0.5,1700,0.5,0
14,13,296,2,10,5,0,300,0.5,1700,0.5,0
14,14,944,0,0,300,0.5,1700,0.5,2
14,15,347,2,10,5,0,500,0.6,1000,0.2,1400,0.2,0
14,16,476,2,10,5,0,300,0.5,1700,0.5,2
14,17,227,2,10,5,0,500,0.6,1000,0.2,1400,0.2,2
14,18,68,1,0,500,0.6,1000,0.2,1400,0.2,1
14,19,442,1,0,500,0.6,1000,0.2,1400,0.2,2
15,0,365,1,0,300,0.5,1700,0.5,0
15,1,508,0,0,300,0.5,1700,0.5,2
15,2,200,1,0,500,0.6,1000,0.2,1400,0.2,1
15,3,969,2,10,5,0,500,0.6,1000,0.2,1400,0.2,0
15,4,747,0,0,300,0.5,1700,0.5,2
15,5,700,2,10,5,0,500,0.6,1000,0.2,1400,0.2,2
15,6,695,1,0,500,0.6,1000,0.2,1400,0.2,1
15,7,882,2,10,5,0,300,0.5,1700,0.5,0
15,8,685,2,10,5,0,300,0.5,1700,0.5,0
15,9,665,1,0,500,0.6,1000,0.2,1400,0.2,2
15,10,944,0,0,500,0.6,1000,0.2,1400,0.2,1
15,11,282,0,0,500,0.6,1000,0.2,1400,0.2,0
15,12,415,1,0,500,0.6,1000,0.2,1400,0.2,0
15,13,360,2,10,5,0,500,0.6,1000,0.2,1400,0.2,2
15,14,206,2,10,5,0,500,0.6,1000,0.2,1400,0.2,0
15,15,864,0,0,500,0.6,1000,0.2,1400,0.2,2
15,16,333,0,0,300,0.5,1700,0.5,1
15,17,942,1,0,500,0.6,1000,0.2,1400,0.2,2
15,18,949,1,0,300,0.5,1700,0.5,2
15,19,308,2,10,5,0,300,0.5,1700,0.5,2
16,0,550,2,10,5,0,300,0.5,1700,0.5,2
16,1,414,1,0,500,0.6,1000,0.2,1400,0.2,2
16,2,840,2,10,5,0,300,0.5,1700,0.5,0
16,3,187,0,0,500,0.6,1000,0.2,1400,0.2,2
16,4,794,2,10,5,0,300,0.5,1700,0.5,1
16,5,481,2,10,5,0,500,0.6,1000,0.2,1400,0.2,1
16,6,394,0,0,500,0.6,1000,0.2,1400,0.2,1
16,7,834,1,0,300,0.5,1700,0.5,0
16,8,372,0,0,300,0.5,1700,0.5,2
16,9,479,2,10,5,0,300,0.5,1700,0.5,1
16,10,126,1,0,500,0.6,1000,0.2,1400,0.2,0
16,11,215,0,0,300,0.5,1700,0.5,1
16,12,664,1,0,500,0.6,1000,0.2,1400,0.2,2
16,13,505,2,10,5,0,300,0.5,1700,0.5,1
16,14,570,0,0,300,0.5,1700,0.5,0
16,15,410,2,10,5,0,500,0.6,1000,0.2,1400,0.2,2
16,16,15,0,0,500,0.6,1000,0.2,1400,0.2,2
16,17,602,2,10,5,0,300,0.5,1700,0.5,2
16,18,116,1,0,300,0.5,1700,0.5,1
16,19,703,2,10,5,0,300,0.5,1700,0.5,2
17,0,80,0,0,300,0.5,1700,0.5,1
17,1,993,2,10,5,0,300,0.5,1700,0.5,0
17,2,798,0,0,300,0.5,1700,0.5,1
17,3,260,1,0,500,0.6,1000,0.2,1400,0.2,2
17,4,269,1,0,300,0.5,1700,0.5,1
17,5,154,1,0,500,0.6,1000,0.2,1400,0.2,0
17,6,965,1,0,500,0.6,1000,0.2,1400,0.2,0
17,7,727,2,10,5,0,500,0.6,1000,0.2,1400,0.2,2
17,8,568,1,0,500,0.6,1000,0.2,1400,0.2,1
17,9,918,0,0,500,0.6,1000,0.2,1400,0.2,2
17,10,409,0,0,300,0.5,1700,0.5,1
17,11,890,2,10,5,0,500,0.6,1000,0.2,1400,0.2,1
17,12,970,0,0,300,0.5,1700,0.5,2
17,13,486,2,10,5,0,300,0.5,1700,0.5,1
17,14,246,2,10,5,0,300,0.5,1700,0.5,2
17,15,457,2,10,5,0,500,0.6,1000,0.2,1400,0.2,2
17,16,308,2,10,5,0,300,0.5,1700,0.5,1
17,17,596,2,10,5,0,300,0.5,1700,0.5,2
17,18,732,2,10,5,0,500,0.6,1000,0.2,1400,0.2,2
17,19,706,2,10,5,0,300,0.5,1700,0.5,2
18,0,156,1,0,500,0.6,1000,0.2,1400,0.2,1
18,1,293,0,0,500,0.6,1000,0.2,1400,0.2,2
18,2,53,2,10,5,0,500,0.6,1000,0.2,1400,0.2,2
18,3,466,2,10,5,0,500,0.6,1000,0.2,1400,0.2,0
18,4,198,2,10,5,0,500,0.6,1000,0.2,1400,0.2,1
18,5,186,2,10,5,0,300,0.5,1700,0.5,2
18,6,823,0,0,500,0.6,1000,0.2,1400,0.2,0
18,7,659,1,0,500,0.6,1000,0.2,1400,0.2,1
18,8,289,1,0,500,0.6,1000,0.2,1400,0.2,0
18,9,103,2,10,5,0,500,0.6,1000,0.2,1400,0.2,2
18,10,571,1,0,500,0.6,1000,0.2,1400,0.2,2
18,11,89,1,0,300,0.5,1700,0.5,1
18,12,499,1,0,300,0.5,1700,0.5,1
18,13,561,2,10,5,0,500,0.6,1000,0.2,1400,0.2,0
18,14,813,2,10,5,0,300,0.5,1700,0.5,2
18,15,667,0,0,500,0.6,1000,0.2,1400,0.2,1
18,16,758,0,0,300,0.5,1700,0.5,2
18,17,282,1,0,300,0.5,1700,0.5,1
18,18,441,2,10,5,0,500,0.6,1000,0.2,1400,0.2,0
18,19,384,0,0,300,0.5,1700,0.5,1
19,0,801,2,10,5,0,300,0.5,1700,0.5,0
19,1,867,1,0,300,0.5,1700,0.5,1
19,2,850,2,10,5,0,500,0.6,1000,0.2,1400,0.2,2
19,3,497,2,10,5,0,500,0.6,1000,0.2,1400,0.2,2
19,4,791,1,0,300,0.5,1700,0.5,1
19,5,572,2,10,5,0,300,0.5,1700,0.5,1
19,6,309,1,0,500,0.6,1000,0.2,1400,0.2,1
19,7,248,1,0,300,0.5,1700,0.5,0
19,8,874,0,0,300,0.5,1700,0.5,1
19,9,943,1,0,500,0.6,1000,0.2,1400,0.2,0
19,10,147,0,0,300,0.5,1700,0.5,0
19,11,694,0,0,500,0.6,1000,0.2,1400,0.2,1
19,12,251,2,10,5,0,500,0.6,1000,0.2,1400,0.2,2
19,13,508,1,0,500,0.6,1000,0.2,1400,0.2,0
19,14,884,0,0,500,0.6,1000,0.2,1400,0.2,2
19,15,118,2,10,5,0,300,0.5,1700,0.5,0
19,16,551,1,0,300,0.5,1700,0.5,2
19,17,571,1,0,500,0.6,1000,0.2,1400,0.2,1
19,18,525,1,0,300,0.5,1700,0.5,2
19,19,986,1,0,500,0.6,1000,0.2,1400,0.2,0
