0,0,182,1,0,500,0.6,1000,0.2,1400,0.2,0
0,1,830,2,10,5,0,300,0.5,1700,0.5,1
0,2,401,2,10,5,0,500,0.6,1000,0.2,1400,0.2,1
0,3,470,2,10,5,0,300,0.5,1700,0.5,1
0,4,621,0,0,300,0.5,1700,0.5,0
0,5,683,1,0,300,0.5,1700,0.5,1
0,6,90,1,0,300,0.5,1700,0.5,2
0,7,756,2,10,5,0,300,0.5,1700,0.5,2
0,8,306,0,0,300,0.5,1700,0.5,1
0,9,535,2,10,5,0,300,0.5,1700,0.5,2
0,10,349,1,0,500,0.6,1000,0.2,1400,0.2,1
0,11,740,2,10,5,0,300,0.5,1700,0.5,1
0,12,92,2,10,5,0,500,0.6,1000,0.2,1400,0.2,2
0,13,762,0,0,300,0.5,1700,0.5,0
0,14,586,0,0,300,0.5,1700,0.5,0
0,15,234,0,0,300,0.5,1700,0.5,0
0,16,81,2,10,5,0,300,0.5,1700,0.5,1
0,17,211,1,0,300,0.5,1700,0.5,0
0,18,374,2,10,5,0,300,0.5,1700,0.5,1
0,19,793,1,0,300,0.5,1700,0.5,2
1,0,254,1,0,300,0.5,1700,0.5,2
1,1,633,1,0,500,0.6,1000,0.2,1400,0.2,0
1,2,400,0,0,500,0.6,1000,0.2,1400,0.2,1
1,3,620,0,0,500,0.6,1000,0.2,1400,0.2,1
1,4,98,1,0,500,0.6,1000,0.2,1400,0.2,0
1,5,373,1,0,500,0.6,1000,0.2,1400,0.2,2
1,6,164,1,0,500,0.6,1000,0.2,1400,0.2,2
1,7,964,0,0,300,0.5,1700,0.5,0
1,8,388,2,10,5,0,500,0.6,1000,0.2,1400,0.2,0
1,9,750,0,0,500,0.6,1000,0.2,1400,0.2,1
1,10,919,2,10,5,0,500,0.6,1000,0.2,1400,0.2,1
1,11,212,2,10,5,0,500,0.6,1000,0.2,1400,0.2,2
1,12,317,1,0,500,0.6,1000,0.2,1400,0.2,1
1,13,26,2,10,5,0,500,0.6,1000,0.2,1400,0.2,2
1,14,213,1,0,500,0.6,1000,0.2,1400,0.2,0
1,15,356,2,10,5,0,300,0.5,1700,0.5,2
1,16,558,2,10,5,0,500,0.6,1000,0.2,1400,0.2,0
1,17,222,2,10,5,0,300,0.5,1700,0.5,0
1,18,76,0,0,500,0.6,1000,0.2,1400,0.2,1
1,19,296,2,10,5,0,500,0.6,1000,0.2,1400,0.2,0
2,0,642,1,0,300,0.5,1700,0.5,1
2,1,495,0,0,500,0.6,1000,0.2,1400,0.2,2
2,2,533,0,0,500,0.6,1000,0.2,1400,0.2,2
2,3,962,1,0,500,0.6,1000,0.2,1400,0.2,2
2,4,978,0,0,300,0.5,1700,0.5,2
2,5,709,2,10,5,0,500,0.6,1000,0.2,1400,0.2,2
2,6,718,0,0,500,0.6,1000,0.2,1400,0.2,1
2,7,822,0,0,300,0.5,1700,0.5,1
2,8,809,1,0,300,0.5,1700,0.5,1
2,9,830,2,10,5,0,300,0.5,1700,0.5,2
2,10,328,2,10,5,0,500,0.6,1000,0.2,1400,0.2,2
2,11,548,0,0,300,0.5,1700,0.5,2
2,12,796,2,10,5,0,500,0.6,1000,0.2,1400,0.2,0
2,13,890,0,0,300,0.5,1700,0.5,2
2,14,997,0,0,500,0.6,1000,0.2,1400,0.2,1
2,15,238,2,10,5,0,500,0.6,1000,0.2,1400,0.2,2
2,16,963,2,10,5,0,300,0.5,1700,0.5,2
2,17,984,1,0,500,0.6,1000,0.2,1400,0.2,0
2,18,53,2,10,5,0,500,0.6,1000,0.2,1400,0.2,1
2,19,230,2,10,5,0,500,0.6,1000,0.2,1400,0.2,0
3,0,911,1,0,500,0.6,1000,0.2,1400,0.2,0
3,1,371,0,0,500,0.6,1000,0.2,1400,0.2,1
3,2,828,2,10,5,0,500,0.6,1000,0.2,1400,0.2,0
3,3,649,0,0,300,0.5,1700,0.5,2
3,4,869,2,10,5,0,300,0.5,1700,0.5,2
3,5,675,0,0,500,0.6,1000,0.2,1400,0.2,0
3,6,664,1,0,500,0.6,1000,0.2,1400,0.2,0
3,7,667,2,10,5,0,500,0.6,1000,0.2,1400,0.2,2
3,8,871,2,10,5,0,300,0.5,1700,0.5,0
3,9,153,0,0,300,0.5,1700,0.5,2
3,10,206,0,0,300,0.5,1700,0.5,1
3,11,104,2,10,5,0,500,0.6,1000,0.2,1400,0.2,0
3,12,259,1,0,500,0.6,1000,0.2,1400,0.2,1
3,13,950,0,0,300,0.5,1700,0.5,2
3,14,730,1,0,500,0.6,1000,0.2,1400,0.2,1
3,15,642,0,0,300,0.5,1700,0.5,2
3,16,573,1,0,500,0.6,1000,0.2,1400,0.2,0
3,17,175,0,0,500,0.6,1000,0.2,1400,0.2,0
3,18,953,2,10,5,0,500,0.6,1000,0.2,1400,0.2,0
3,19,441,0,0,500,0.6,1000,0.2,1400,0.2,0
4,0,135,2,10,5,0,300,0.5,1700,0.5,2
4,1,539,2,10,5,0,300,0.5,1700,0.5,0
4,2,651,1,0,300,0.5,1700,0.5,1
4,3,279,2,10,5,0,500,0.6,1000,0.2,1400,0.2,2
4,4,914,0,0,500,0.6,1000,0.2,1400,0.2,2
4,5,804,0,0,300,0.5,1700,0.5,2
4,6,843,1,0,300,0.5,1700,0.5,1
4,7,45,1,0,300,0.5,1700,0.5,0
4,8,571,1,0,300,0.5,1700,0.5,0
4,9,285,1,0,500,0.6,1000,0.2,1400,0.2,1
4,10,305,2,10,5,0,300,0.5,1700,0.5,0
4,11,829,1,0,300,0.5,1700,0.5,1
4,12,482,1,0,500,0.6,1000,0.2,1400,0.2,2
4,13,746,1,0,500,0.6,1000,0.2,1400,0.2,0
4,14,866,0,0,300,0.5,1700,0.5,0
4,15,502,2,10,5,0,500,0.6,1000,0.2,1400,0.2,1
4,16,711,1,0,300,0.5,1700,0.5,1
4,17,321,1,0,500,0.6,1000,0.2,1400,0.2,2
4,18,286,2,10,5,0,500,0.6,1000,0.2,1400,0.2,1
4,19,916,0,0,300,0.5,1700,0.5,0
5,0,619,2,10,5,0,300,0.5,1700,0.5,1
5,1,457,1,0,500,0.6,1000,0.2,1400,0.2,2
5,2,635,2,10,5,0,500,0.6,1000,0.2,1400,0.2,2
5,3,452,2,10,5,0,500,0.6,1000,0.2,1400,0.2,1
5,4,332,2,10,5,0,300,0.5,1700,0.5,1
5,5,442,1,0,300,0.5,1700,0.5,2
5,6,430,0,0,300,0.5,1700,0.5,1
5,7,892,2,10,5,0,300,0.5,1700,0.5,2
5,8,835,2,10,5,0,500,0.6,1000,0.2,1400,0.2,2
5,9,708,2,10,5,0,300,0.5,1700,0.5,1
5,10,652,0,0,500,0.6,1000,0.2,1400,0.2,0
5,11,207,0,0,500,0.6,1000,0.2,1400,0.2,1
5,12,767,0,0,300,0.5,1700,0.5,2
5,13,870,2,10,5,0,500,0.6,1000,0.2,1400,0.2,0
5,14,442,1,0,300,0.5,1700,0.5,1
5,15,274,0,0,300,0.5,1700,0.5,2
5,16,630,0,0,300,0.5,1700,0.5,0
5,17,887,0,0,500,0.6,1000,0.2,1400,0.2,1
5,18,966,1,0,300,0.5,1700,0.5,0
5,19,373,1,0,300,0.5,1700,0.5,1
6,0,62,1,0,300,0.5,1700,0.5,1
6,1,264,1,0,500,0.6,1000,0.2,1400,0.2,1
6,2,908,2,10,5,0,300,0.5,1700,0.5,0
6,3,729,2,10,5,0,300,0.5,1700,0.5,1
6,4,958,2,10,5,0,500,0.6,1000,0.2,1400,0.2,0
6,5,139,0,0,300,0.5,1700,0.5,1
6,6,553,0,0,500,0.6,1000,0.2,1400,0.2,0
6,7,496,0,0,500,0.6,1000,0.2,1400,0.2,0
6,8,317,1,0,500,0.6,1000,0.2,1400,0.2,2
6,9,725,1,0,300,0.5,1700,0.5,2
6,10,352,2,10,5,0,300,0.5,1700,0.5,0
6,11,766,0,0,500,0.6,1000,0.2,1400,0.2,1
6,12,58,2,10,5,0,300,0.5,1700,0.5,2
6,13,642,0,0,300,0.5,1700,0.5,2
6,14,198,0,0,500,0.6,1000,0.2,1400,0.2,2
6,15,235,0,0,500,0.6,1000,0.2,1400,0.2,0
6,16,974,1,0,500,0.6,1000,0.2,1400,0.2,1
6,17,161,0,0,500,0.6,1000,0.2,1400,0.2,1
6,18,973,2,10,5,0,500,0.6,1000,0.2,1400,0.2,0
6,19,449,0,0,300,0.5,1700,0.5,1
7,0,452,2,10,5,0,300,0.5,1700,0.5,1
7,1,712,1,0,300,0.5,1700,0.5,1
7,2,297,2,10,5,0,300,0.5,1700,0.5,2
7,3,40,2,10,5,0,300,0.5,1700,0.5,2
7,4,851,0,0,500,0.6,1000,0.2,1400,0.2,0
7,5,638,0,0,300,0.5,1700,0.5,0
7,6,813,1,0,500,0.6,1000,0.2,1400,0.2,0
7,7,187,2,10,5,0,300,0.5,1700,0.5,2
7,8,687,0,0,300,0.5,1700,0.5,1
7,9,828,2,10,5,0,500,0.6,1000,0.2,1400,0.2,2
7,10,185,1,0,500,0.6,1000,0.2,1400,0.2,2
7,11,251,1,0,300,0.5,1700,0.5,2
7,12,324,2,10,5,0,500,0.6,1000,0.2,1400,0.2,1
7,13,399,2,10,5,0,500,0.6,1000,0.2,1400,0.2,0
7,14,580,0,0,300,0.5,1700,0.5,2
7,15,440,0,0,300,0.5,1700,0.5,2
7,16,887,2,10,5,0,300,0.5,1700,0.5,1
7,17,854,1,0,300,0.5,1700,0.5,2
7,18,88,0,0,500,0.6,1000,0.2,1400,0.2,1
7,19,332,2,10,5,0,500,0.6,1000,0.2,1400,0.2,1
8,0,346,1,0,500,0.6,1000,0.2,1400,0.2,0
8,1,360,1,0,300,0.5,1700,0.5,0
8,2,773,2,10,5,0,300,0.5,1700,0.5,0
8,3,963,2,10,5,0,300,0.5,1700,0.5,0
8,4,768,2,10,5,0,500,0.6,1000,0.2,1400,0.2,1
8,5,965,0,0,300,0.5,1700,0.5,2
8,6,416,1,0,500,0.6,1000,0.2,1400,0.2,0
8,7,198,0,0,300,0.5,1700,0.5,1
8,8,709,2,10,5,0,300,0.5,1700,0.5,2
8,9,452,2,10,5,0,300,0.5,1700,0.5,2
8,10,772,0,0,500,0.6,1000,0.2,1400,0.2,2
8,11,277,0,0,300,0.5,1700,0.5,0
8,12,746,2,10,5,0,500,0.6,1000,0.2,1400,0.2,1
8,13,737,2,10,5,0,500,0.6,1000,0.2,1400,0.2,2
8,14,445,1,0,300,0.5,1700,0.5,2
8,15,84,0,0,300,0.5,1700,0.5,2
8,16,731,0,0,300,0.5,1700,0.5,2
8,17,574,0,0,500,0.6,1000,0.2,1400,0.2,2
8,18,424,2,10,5,0,300,0.5,1700,0.5,1
8,19,895,0,0,300,0.5,1700,0.5,2
9,0,507,2,10,5,0,300,0.5,1700,0.5,1
9,1,307,1,0,500,0.6,1000,0.2,1400,0.2,1
9,2,51,2,10,5,0,500,0.6,1000,0.2,1400,0.2,0
9,3,276,2,10,5,0,300,0.5,1700,0.5,2
9,4,932,2,10,5,0,300,0.5,1700,0.5,2
9,5,475,0,0,500,0.6,1000,0.2,1400,0.2,0
9,6,677,1,0,500,0.6,1000,0.2,1400,0.2,1
9,7,795,1,0,500,0.6,1000,0.2,1400,0.2,1
9,8,565,2,10,5,0,300,0.5,1700,0.5,1
9,9,869,1,0,500,0.6,1000,0.2,1400,0.2,1
9,10,59,0,0,300,0.5,1700,0.5,0
9,11,866,0,0,300,0.5,1700,0.5,2
9,12,66,2,10,5,0,500,0.6,1000,0.2,1400,0.2,2
9,13,259,1,0,500,0.6,1000,0.2,1400,0.2,2
9,14,754,0,0,500,0.6,1000,0.2,1400,0.2,1
9,15,774,2,10,5,0,500,0.6,1000,0.2,1400,0.2,2
9,16,39,1,0,500,0.6,1000,0.2,1400,0.2,1
9,17,137,0,0,300,0.5,1700,0.5,2
9,18,605,0,0,500,0.6,1000,0.2,1400,0.2,2
9,19,249,2,10,5,0,300,0.5,1700,0.5,0
10,0,237,0,0,300,0.5,1700,0.5,1
10,1,940,0,0,500,0.6,1000,0.2,1400,0.2,2
10,2,321,1,0,500,0.6,1000,0.2,1400,0.2,1
10,3,229,2,10,5,0,500,0.6,1000,0.2,1400,0.2,1
10,4,704,1,0,300,0.5,1700,0.5,0
10,5,887,0,0,300,0.5,1700,0.5,2
10,6,658,0,0,300,0.5,1700,0.5,0
10,7,925,1,0,300,0.5,1700,0.5,0
10,8,541,0,0,500,0.6,1000,0.2,1400,0.2,2
10,9,857,1,0,300,0.5,1700,0.5,2
10,10,960,1,0,500,0.6,1000,0.2,1400,0.2,1
10,11,265,1,0,300,0.5,1700,0.5,2
10,12,541,1,0,500,0.6,1000,0.2,1400,0.2,2
10,13,393,0,0,300,0.5,1700,0.5,2
10,14,410,1,0,300,0.5,1700,0.5,2
10,15,362,2,10,5,0,500,0.6,1000,0.2,1400,0.2,1
10,16,279,0,0,500,0.6,1000,0.2,1400,0.2,2
10,17,766,2,10,5,0,500,0.6,1000,0.2,1400,0.2,1
10,18,441,1,0,500,0.6,1000,0.2,1400,0.2,2
10,19,24,1,0,500,0.6,1000,0.2,1400,0.2,2
11,0,955,1,0,500,0.6,1000,0.2,1400,0.2,2
11,1,381,0,0,300,0.5,1700,0.5,1
11,2,42,0,0,500,0.6,1000,0.2,1400,0.2,2
11,3,336,0,0,300,0.5,1700,0.5,1
11,4,890,1,0,500,0.6,1000,0.2,1400,0.2,2
11,5,969,2,10,5,0,300,0.5,1700,0.5,0
11,6,768,0,0,300,0.5,1700,0.5,1
11,7,620,2,10,5,0,500,0.6,1000,0.2,1400,0.2,1
11,8,215,2,10,5,0,300,0.5,1700,0.5,2
11,9,715,0,0,500,0.6,1000,0.2,1400,0.2,2
11,10,116,0,0,500,0.6,1000,0.2,1400,0.2,2
11,11,87,0,0,300,0.5,1700,0.5,0
11,12,370,1,0,500,0.6,1000,0.2,1400,0.2,1
11,13,15,0,0,500,0.6,1000,0.2,1400,0.2,1
11,14,959,1,0,300,0.5,1700,0.5,0
11,15,155,0,0,500,0.6,1000,0.2,1400,0.2,2
11,16,249,1,0,500,0.6,1000,0.2,1400,0.2,0
11,17,686,0,0,300,0.5,1700,0.5,1
11,18,963,2,10,5,0,300,0.5,1700,0.5,0
11,19,148,0,0,300,0.5,1700,0.5,2
12,0,829,1,0,500,0.6,1000,0.2,1400,0.2,2
12,1,969,0,0,500,0.6,1000,0.2,1400,0.2,2
12,2,373,2,10,5,0,300,0.5,1700,0.5,1
12,3,818,2,10,5,0,300,0.5,1700,0.5,1
12,4,153,1,0,500,0.6,1000,0.2,1400,0.2,1
12,5,84,2,10,5,0,300,0.5,1700,0.5,1
12,6,915,1,0,500,0.6,1000,0.2,1400,0.2,1
12,7,391,0,0,500,0.6,1000,0.2,1400,0.2,2
12,8,905,0,0,300,0.5,1700,0.5,2
12,9,267,2,10,5,0,500,0.6,1000,0.2,1400,0.2,2
12,10,840,1,0,500,0.6,1000,0.2,1400,0.2,0
12,11,859,2,10,5,0,300,0.5,1700,0.5,0
12,12,616,0,0,500,0.6,1000,0.2,1400,0.2,0
12,13,450,2,10,5,0,300,0.5,1700,0.5,0
12,14,205,0,0,500,0.6,1000,0.2,1400,0.2,2
12,15,212,2,10,5,0,500,0.6,1000,0.2,1400,0.2,0
12,16,548,2,10,5,0,500,0.6,1000,0.2,1400,0.2,2
12,17,152,2,10,5,0,500,0.6,1000,0.2,1400,0.2,0
12,18,430,1,0,500,0.6,1000,0.2,1400,0.2,2
12,19,347,2,10,5,0,300,0.5,1700,0.5,2
13,0,634,0,0,500,0.6,1000,0.2,1400,0.2,1
13,1,220,2,10,5,0,300,0.5,1700,0.5,0
13,2,701,1,0,500,0.6,1000,0.2,1400,0.2,0
13,3,403,0,0,300,0.5,1700,0.5,2
13,4,413,0,0,300,0.5,1700,0.5,2
13,5,56,1,0,500,0.6,1000,0.2,1400,0.2,2
13,6,483,2,10,5,0,500,0.6,1000,0.2,1400,0.2,1
13,7,117,2,10,5,0,500,0.6,1000,0.2,1400,0.2,0
13,8,517,1,0,500,0.6,1000,0.2,1400,0.2,1
13,9,76,1,0,300,0.5,1700,0.5,0
13,10,199,0,0,300,0.5,1700,0.5,2
13,11,114,0,0,300,0.5,1700,0.5,0
13,12,985,1,0,500,0.6,1000,0.2,1400,0.2,2
13,13,110,2,10,5,0,300,0.5,1700,0.5,2
13,14,695,2,10,5,0,300,0.5,1700,0.5,2
13,15,585,1,0,500,0.6,1000,0.2,1400,0.2,1
13,16,359,2,10,5,0,500,0.6,1000,0.2,1400,0.2,2
13,17,403,1,0,300,0.5,1700,0.5,0
13,18,438,1,0,300,0.5,1700,0.5,0
13,19,21,2,10,5,0,300,0.5,1700,0.5,1
14,0,618,1,0,500,0.6,1000,0.2,1400,0.2,2
14,1,540,0,0,300,0.5,1700,0.5,0
14,2,104,1,0,300,0.5,1700,0.5,1
14,3,740,0,0,300,0.5,1700,0.5,1
14,4,670,1,0,300,0.5,1700,0.5,0
14,5,92,1,0,500,0.6,1000,0.2,1400,0.2,2
14,6,269,1,0,300,0.5,1700,0.5,1
14,7,661,0,0,500,0.6,1000,0.2,1400,0.2,1
14,8,602,2,10,5,0,500,0.6,1000,0.2,1400,0.2,1
14,9,85,2,10,5,0,500,0.6,1000,0.2,1400,0.2,2
14,10,178,2,10,5,0,300,0.5,1700,0.5,0
14,11,11,1,0,500,0.6,1000,0.2,1400,0.2,2
14,12,315,2,10,5,0,500,0.6,1000,0.2,1400,0.2,0
14,13,292,1,0,300,0.5,1700,0.5,2
14,14,514,2,10,5,0,300,0.5,1700,0.5,1
14,15,25,0,0,500,0.6,1000,0.2,1400,0.2,0
14,16,234,0,0,300,0.5,1700,0.5,1
14,17,272,1,0,300,0.5,1700,0.5,2
14,18,730,2,10,5,0,300,0.5,1700,0.5,1
14,19,28,1,0,500,0.6,1000,0.2,1400,0.2,1
15,0,454,2,10,5,0,500,0.6,1000,0.2,1400,0.2,2
15,1,689,0,0,500,0.6,1000,0.2,1400,0.2,1
15,2,541,0,0,300,0.5,1700,0.5,0
15,3,974,2,10,5,0,500,0.6,1000,0.2,1400,0.2,1
15,4,298,1,0,300,0.5,1700,0.5,0
15,5,265,1,0,500,0.6,1000,0.2,1400,0.2,1
15,6,981,2,10,5,0,300,0.5,1700,0.5,2
15,7,110,0,0,500,0.6,1000,0.2,1400,0.2,0
15,8,417,2,10,5,0,300,0.5,1700,0.5,0
15,9,899,0,0,300,0.5,1700,0.5,1
15,10,275,1,0,300,0.5,1700,0.5,0
15,11,175,1,0,500,0.6,1000,0.2,1400,0.2,2
15,12,654,2,10,5,0,500,0.6,1000,0.2,1400,0.2,0
15,13,125,1,0,500,0.6,1000,0.2,1400,0.2,2
15,14,709,2,10,5,0,500,0.6,1000,0.2,1400,0.2,0
15,15,263,1,0,500,0.6,1000,0.2,1400,0.2,2
15,16,498,0,0,500,0.6,1000,0.2,1400,0.2,1
15,17,31,2,10,5,0,300,0.5,1700,0.5,0
15,18,315,1,0,300,0.5,1700,0.5,1
15,19,460,1,0,500,0.6,1000,0.2,1400,0.2,1
16,0,204,0,0,300,0.5,1700,0.5,0
16,1,906,0,0,300,0.5,1700,0.5,2
16,2,530,1,0,300,0.5,1700,0.5,1
16,3,626,2,10,5,0,500,0.6,1000,0.2,1400,0.2,0
16,4,126,1,0,300,0.5,1700,0.5,0
16,5,251,2,10,5,0,300,0.5,1700,0.5,2
16,6,805,2,10,5,0,500,0.6,1000,0.2,1400,0.2,0
16,7,828,2,10,5,0,300,0.5,1700,0.5,1
16,8,295,1,0,300,0.5,1700,0.5,1
16,9,469,2,10,5,0,500,0.6,1000,0.2,1400,0.2,0
16,10,742,1,0,300,0.5,1700,0.5,1
16,11,91,0,0,500,0.6,1000,0.2,1400,0.2,0
16,12,382,2,10,5,0,300,0.5,1700,0.5,0
16,13,890,1,0,500,0.6,1000,0.2,1400,0.2,0
16,14,936,0,0,500,0.6,1000,0.2,1400,0.2,2
16,15,798,1,0,500,0.6,1000,0.2,1400,0.2,1
16,16,123,1,0,300,0.5,1700,0.5,0
16,17,809,2,10,5,0,500,0.6,1000,0.2,1400,0.2,2
16,18,705,0,0,500,0.6,1000,0.2,1400,0.2,1
16,19,583,1,0,500,0.6,1000,0.2,1400,0.2,1
17,0,57,1,0,300,0.5,1700,0.5,1
17,1,203,1,0,500,0.6,1000,0.2,1400,0.2,0
17,2,985,2,10,5,0,300,0.5,1700,0.5,2
17,3,865,0,0,300,0.5,1700,0.5,1
17,4,229,0,0,300,0.5,1700,0.5,2
17,5,699,2,10,5,0,300,0.5,1700,0.5,0
17,6,50,0,0,300,0.5,1700,0.5,2
17,7,650,2,10,5,0,300,0.5,1700,0.5,1
17,8,108,0,0,500,0.6,1000,0.2,1400,0.2,2
17,9,429,2,10,5,0,300,0.5,1700,0.5,2
17,10,85,0,0,500,0.6,1000,0.2,1400,0.2,1
17,11,492,0,0,300,0.5,1700,0.5,0
17,12,730,0,0,300,0.5,1700,0.5,2
17,13,910,2,10,5,0,500,0.6,1000,0.2,1400,0.2,1
17,14,109,1,0,300,0.5,1700,0.5,1
17,15,16,0,0,300,0.5,1700,0.5,2
17,16,313,2,10,5,0,300,0.5,1700,0.5,1
17,17,398,2,10,5,0,300,0.5,1700,0.5,2
17,18,618,1,0,300,0.5,1700,0.5,1
17,19,217,2,10,5,0,500,0.6,1000,0.2,1400,0.2,2
18,0,540,0,0,300,0.5,1700,0.5,2
18,1,668,2,10,5,0,300,0.5,1700,0.5,0
18,2,441,0,0,300,0.5,1700,0.5,0
18,3,25,0,0,500,0.6,1000,0.2,1400,0.2,0
18,4,452,0,0,300,0.5,1700,0.5,0
18,5,905,2,10,5,0,500,0.6,1000,0.2,1400,0.2,0
18,6,493,1,0,300,0.5,1700,0.5,2
18,7,18,1,0,300,0.5,1700,0.5,1
18,8,499,1,0,500,0.6,1000,0.2,1400,0.2,2
18,9,517,2,10,5,0,300,0.5,1700,0.5,2
18,10,608,1,0,500,0.6,1000,0.2,1400,0.2,1
18,11,482,1,0,300,0.5,1700,0.5,2
18,12,195,0,0,300,0.5,1700,0.5,0
18,13,118,0,0,300,0.5,1700,0.5,2
18,14,487,2,10,5,0,300,0.5,1700,0.5,1
18,15,398,2,10,5,0,300,0.5,1700,0.5,1
18,16,491,0,0,500,0.6,1000,0.2,1400,0.2,0
18,17,456,2,10,5,0,300,0.5,1700,0.5,2
18,18,958,2,10,5,0,300,0.5,1700,0.5,1
18,19,497,2,10,5,0,500,0.6,1000,0.2,1400,0.2,1
19,0,550,0,0,300,0.5,1700,0.5,0
19,1,686,0,0,300,0.5,1700,0.5,0
19,2,349,0,0,300,0.5,1700,0.5,1
19,3,183,1,0,500,0.6,1000,0.2,1400,0.2,1
19,4,426,2,10,5,0,500,0.6,1000,0.2,1400,0.2,1
19,5,634,2,10,5,0,500,0.6,1000,0.2,1400,0.2,1
19,6,767,0,0,300,0.5,1700,0.5,1
19,7,950,0,0,500,0.6,1000,0.2,1400,0.2,1
19,8,704,1,0,300,0.5,1700,0.5,2
19,9,182,1,0,300,0.5,1700,0.5,1
19,10,166,0,0,300,0.5,1700,0.5,2
19,11,538,1,0,500,0.6,1000,0.2,1400,0.2,2
19,12,229,1,0,500,0.6,1000,0.2,1400,0.2,2
19,13,1000,0,0,500,0.6,1000,0.2,1400,0.2,1
19,14,843,1,0,500,0.6,1000,0.2,1400,0.2,2
19,15,388,0,0,300,0.5,1700,0.5,0
19,16,480,1,0,300,0.5,1700,0.5,2
19,17,138,1,0,500,0.6,1000,0.2,1400,0.2,0
19,18,455,2,10,5,0,500,0.6,1000,0.2,1400,0.2,0
19,19,636,1,0,500,0.6,1000,0.2,1400,0.2,2
