0,0,590,2,10,5,0,300,0.5,1700,0.5,2
0,1,556,0,0,300,0.5,1700,0.5,0
0,2,522,0,0,300,0.5,1700,0.5,2
0,3,394,0,0,500,0.6,1000,0.2,1400,0.2,2
0,4,328,2,10,5,0,500,0.6,1000,0.2,1400,0.2,1
0,5,533,0,0,300,0.5,1700,0.5,0
0,6,974,2,10,5,0,500,0.6,1000,0.2,1400,0.2,0
0,7,410,2,10,5,0,500,0.6,1000,0.2,1400,0.2,0
0,8,211,1,0,500,0.6,1000,0.2,1400,0.2,2
0,9,124,2,10,5,0,300,0.5,1700,0.5,2
0,10,469,1,0,300,0.5,1700,0.5,0
0,11,263,2,10,5,0,500,0.6,1000,0.2,1400,0.2,0
0,12,808,2,10,5,0,300,0.5,1700,0.5,0
0,13,688,0,0,500,0.6,1000,0.2,1400,0.2,1
0,14,782,2,10,5,0,300,0.5,1700,0.5,2
0,15,640,0,0,500,0.6,1000,0.2,1400,0.2,1
0,16,299,2,10,5,0,500,0.6,1000,0.2,1400,0.2,1
0,17,498,2,10,5,0,500,0.6,1000,0.2,1400,0.2,2
0,18,695,0,0,300,0.5,1700,0.5,0
0,19,842,0,0,300,0.5,1700,0.5,2
1,0,480,0,0,300,0.5,1700,0.5,2
1,1,692,0,0,500,0.6,1000,0.2,1400,0.2,0
1,2,938,1,0,500,0.6,1000,0.2,1400,0.2,2
1,3,778,0,0,300,0.5,1700,0.5,0
1,4,215,0,0,500,0.6,1000,0.2,1400,0.2,0
1,5,714,2,10,5,0,300,0.5,1700,0.5,0
1,6,90,0,0,300,0.5,1700,0.5,2
1,7,161,0,0,300,0.5,1700,0.5,1
1,8,865,1,0,500,0.6,1000,0.2,1400,0.2,1
1,9,773,2,10,5,0,500,0.6,1000,0.2,1400,0.2,2
1,10,744,1,0,300,0.5,1700,0.5,2
1,11,341,1,0,300,0.5,1700,0.5,2
1,12,108,0,0,500,0.6,1000,0.2,1400,0.2,0
1,13,39,2,10,5,0,500,0.6,1000,0.2,1400,0.2,2
1,14,293,1,0,500,0.6,1000,0.2,1400,0.2,2
1,15,387,1,0,500,0.6,1000,0.2,1400,0.2,1
1,16,894,2,10,5,0,300,0.5,1700,0.5,2
1,17,677,0,0,500,0.6,1000,0.2,1400,0.2,2
1,18,315,2,10,5,0,500,0.6,1000,0.2,1400,0.2,2
1,19,247,1,0,300,0.5,1700,0.5,1
2,0,520,0,0,500,0.6,1000,0.2,1400,0.2,0
2,1,314,2,10,5,0,300,0.5,1700,0.5,0
2,2,321,1,0,500,0.6,1000,0.2,1400,0.2,2
2,3,739,0,0,500,0.6,1000,0.2,1400,0.2,2
2,4,35,0,0,500,0.6,1000,0.2,1400,0.2,2
2,5,768,2,10,5,0,300,0.5,1700,0.5,0
2,6,483,2,10,5,0,300,0.5,1700,0.5,0
2,7,208,0,0,300,0.5,1700,0.5,0
2,8,141,1,0,500,0.6,1000,0.2,1400,0.2,0
2,9,11,1,0,300,0.5,1700,0.5,1
2,10,411,0,0,300,0.5,1700,0.5,0
2,11,957,2,10,5,0,300,0.5,1700,0.5,2
2,12,107,1,0,300,0.5,1700,0.5,0
2,13,784,2,10,5,0,500,0.6,1000,0.2,1400,0.2,1
2,14,345,1,0,300,0.5,1700,0.5,1
2,15,568,1,0,300,0.5,1700,0.5,2
2,16,798,2,10,5,0,300,0.5,1700,0.5,2
2,17,752,1,0,500,0.6,1000,0.2,1400,0.2,2
2,18,529,1,0,500,0.6,1000,0.2,1400,0.2,1
2,19,809,0,0,500,0.6,1000,0.2,1400,0.2,0
3,0,20,0,0,300,0.5,1700,0.5,1
3,1,236,1,0,500,0.6,1000,0.2,1400,0.2,0
3,2,628,1,0,500,0.6,1000,0.2,1400,0.2,2
3,3,814,0,0,500,0.6,1000,0.2,1400,0.2,2
3,4,943,0,0,300,0.5,1700,0.5,1
3,5,142,1,0,300,0.5,1700,0.5,0
3,6,196,1,0,300,0.5,1700,0.5,0
3,7,829,1,0,500,0.6,1000,0.2,1400,0.2,2
3,8,717,2,10,5,0,300,0.5,1700,0.5,2
3,9,696,1,0,300,0.5,1700,0.5,1
3,10,217,1,0,300,0.5,1700,0.5,2
3,11,890,0,0,500,0.6,1000,0.2,1400,0.2,0
3,12,845,2,10,5,0,300,0.5,1700,0.5,2
3,13,885,2,10,5,0,500,0.6,1000,0.2,1400,0.2,1
3,14,460,0,0,500,0.6,1000,0.2,1400,0.2,2
3,15,85,2,10,5,0,500,0.6,1000,0.2,1400,0.2,0
3,16,289,2,10,5,0,500,0.6,1000,0.2,1400,0.2,1
3,17,224,2,10,5,0,300,0.5,1700,0.5,1
3,18,45,0,0,500,0.6,1000,0.2,1400,0.2,1
3,19,818,0,0,300,0.5,1700,0.5,1
4,0,641,2,10,5,0,500,0.6,1000,0.2,1400,0.2,2
4,1,519,0,0,300,0.5,1700,0.5,1
4,2,959,0,0,300,0.5,1700,0.5,2
4,3,586,0,0,500,0.6,1000,0.2,1400,0.2,1
4,4,820,2,10,5,0,500,0.6,1000,0.2,1400,0.2,2
4,5,838,2,10,5,0,300,0.5,1700,0.5,0
4,6,276,0,0,500,0.6,1000,0.2,1400,0.2,2
4,7,802,1,0,500,0.6,1000,0.2,1400,0.2,2
4,8,752,0,0,500,0.6,1000,0.2,1400,0.2,2
4,9,414,0,0,500,0.6,1000,0.2,1400,0.2,1
4,10,763,1,0,300,0.5,1700,0.5,2
4,11,654,1,0,300,0.5,1700,0.5,1
4,12,740,2,10,5,0,500,0.6,1000,0.2,1400,0.2,2
4,13,394,0,0,300,0.5,1700,0.5,0
4,14,792,2,10,5,0,300,0.5,1700,0.5,1
4,15,268,0,0,300,0.5,1700,0.5,0
4,16,481,2,10,5,0,300,0.5,1700,0.5,0
4,17,66,0,0,300,0.5,1700,0.5,0
4,18,48,1,0,500,0.6,1000,0.2,1400,0.2,1
4,19,626,0,0,500,0.6,1000,0.2,1400,0.2,2
5,0,841,2,10,5,0,500,0.6,1000,0.2,1400,0.2,2
5,1,344,0,0,300,0.5,1700,0.5,1
5,2,618,2,10,5,0,300,0.5,1700,0.5,0
5,3,686,2,10,5,0,500,0.6,1000,0.2,1400,0.2,1
5,4,174,1,0,300,0.5,1700,0.5,1
5,5,767,0,0,500,0.6,1000,0.2,1400,0.2,2
5,6,91,2,10,5,0,300,0.5,1700,0.5,1
5,7,680,2,10,5,0,300,0.5,1700,0.5,0
5,8,312,2,10,5,0,300,0.5,1700,0.5,0
5,9,780,2,10,5,0,300,0.5,1700,0.5,2
5,10,370,2,10,5,0,300,0.5,1700,0.5,0
5,11,378,2,10,5,0,500,0.6,1000,0.2,1400,0.2,2
5,12,500,2,10,5,0,500,0.6,1000,0.2,1400,0.2,2
5,13,608,1,0,500,0.6,1000,0.2,1400,0.2,2
5,14,352,1,0,300,0.5,1700,0.5,2
5,15,807,2,10,5,0,300,0.5,1700,0.5,0
5,16,569,2,10,5,0,500,0.6,1000,0.2,1400,0.2,1
5,17,687,1,0,300,0.5,1700,0.5,1
5,18,746,1,0,300,0.5,1700,0.5,0
5,19,73,0,0,300,0.5,1700,0.5,1
6,0,767,0,0,300,0.5,1700,0.5,2
6,1,199,0,0,500,0.6,1000,0.2,1400,0.2,1
6,2,36,2,10,5,0,500,0.6,1000,0.2,1400,0.2,2
6,3,48,0,0,300,0.5,1700,0.5,2
6,4,523,0,0,500,0.6,1000,0.2,1400,0.2,2
6,5,559,0,0,500,0.6,1000,0.2,1400,0.2,0
6,6,888,2,10,5,0,500,0.6,1000,0.2,1400,0.2,2
6,7,820,0,0,500,0.6,1000,0.2,1400,0.2,0
6,8,278,1,0,500,0.6,1000,0.2,1400,0.2,2
6,9,500,1,0,500,0.6,1000,0.2,1400,0.2,2
6,10,863,0,0,300,0.5,1700,0.5,2
6,11,964,2,10,5,0,300,0.5,1700,0.5,2
6,12,368,0,0,500,0.6,1000,0.2,1400,0.2,0
6,13,593,2,10,5,0,300,0.5,1700,0.5,2
6,14,393,1,0,300,0.5,1700,0.5,1
6,15,132,1,0,500,0.6,1000,0.2,1400,0.2,2
6,16,801,1,0,300,0.5,1700,0.5,1
6,17,929,2,10,5,0,300,0.5,1700,0.5,1
6,18,898,0,0,300,0.5,1700,0.5,1
6,19,884,1,0,300,0.5,1700,0.5,1
7,0,299,0,0,500,0.6,1000,0.2,1400,0.2,1
7,1,325,2,10,5,0,500,0.6,1000,0.2,1400,0.2,0
7,2,267,1,0,500,0.6,1000,0.2,1400,0.2,2
7,3,233,1,0,300,0.5,1700,0.5,0
7,4,847,0,0,300,0.5,1700,0.5,1
7,5,335,0,0,300,0.5,1700,0.5,2
7,6,688,2,10,5,0,500,0.6,1000,0.2,1400,0.2,1
7,7,691,2,10,5,0,300,0.5,1700,0.5,0
7,8,982,0,0,300,0.5,1700,0.5,2
7,9,926,2,10,5,0,500,0.6,1000,0.2,1400,0.2,0
7,10,825,1,0,500,0.6,1000,0.2,1400,0.2,1
7,11,478,1,0,500,0.6,1000,0.2,1400,0.2,2
7,12,451,2,10,5,0,500,0.6,1000,0.2,1400,0.2,2
7,13,311,2,10,5,0,300,0.5,1700,0.5,1
7,14,721,1,0,300,0.5,1700,0.5,2
7,15,372,2,10,5,0,300,0.5,1700,0.5,1
7,16,104,1,0,500,0.6,1000,0.2,1400,0.2,1
7,17,513,1,0,500,0.6,1000,0.2,1400,0.2,2
7,18,137,0,0,300,0.5,1700,0.5,1
7,19,555,2,10,5,0,500,0.6,1000,0.2,1400,0.2,2
8,0,558,2,10,5,0,300,0.5,1700,0.5,2
8,1,884,1,0,500,0.6,1000,0.2,1400,0.2,2
8,2,904,1,0,500,0.6,1000,0.2,1400,0.2,0
8,3,639,2,10,5,0,500,0.6,1000,0.2,1400,0.2,1
8,4,682,0,0,500,0.6,1000,0.2,1400,0.2,2
8,5,75,2,10,5,0,500,0.6,1000,0.2,1400,0.2,2
8,6,371,0,0,300,0.5,1700,0.5,2
8,7,892,1,0,300,0.5,1700,0.5,0
8,8,377,1,0,500,0.6,1000,0.2,1400,0.2,0
8,9,354,2,10,5,0,500,0.6,1000,0.2,1400,0.2,0
8,10,911,2,10,5,0,300,0.5,1700,0.5,2
8,11,461,1,0,500,0.6,1000,0.2,1400,0.2,1
8,12,862,2,10,5,0,300,0.5,1700,0.5,0
8,13,351,0,0,500,0.6,1000,0.2,1400,0.2,2
8,14,492,0,0,300,0.5,1700,0.5,0
8,15,34,0,0,500,0.6,1000,0.2,1400,0.2,1
8,16,615,0,0,300,0.5,1700,0.5,0
8,17,411,0,0,300,0.5,1700,0.5,0
8,18,28,0,0,300,0.5,1700,0.5,2
8,19,265,0,0,500,0.6,1000,0.2,1400,0.2,2
9,0,429,0,0,300,0.5,1700,0.5,1
9,1,803,1,0,300,0.5,1700,0.5,1
9,2,49,2,10,5,0,300,0.5,1700,0.5,1
9,3,73,0,0,500,0.6,1000,0.2,1400,0.2,1
9,4,871,2,10,5,0,500,0.6,1000,0.2,1400,0.2,0
9,5,64,2,10,5,0,500,0.6,1000,0.2,1400,0.2,1
9,6,311,1,0,500,0.6,1000,0.2,1400,0.2,2
9,7,754,0,0,500,0.6,1000,0.2,1400,0.2,0
9,8,134,0,0,300,0.5,1700,0.5,1
9,9,630,0,0,500,0.6,1000,0.2,1400,0.2,0
9,10,535,1,0,500,0.6,1000,0.2,1400,0.2,2
9,11,119,1,0,300,0.5,1700,0.5,1
9,12,989,2,10,5,0,500,0.6,1000,0.2,1400,0.2,2
9,13,754,1,0,300,0.5,1700,0.5,2
9,14,743,1,0,300,0.5,1700,0.5,0
9,15,488,0,0,500,0.6,1000,0.2,1400,0.2,2
9,16,484,2,10,5,0,500,0.6,1000,0.2,1400,0.2,2
9,17,41,2,10,5,0,300,0.5,1700,0.5,1
9,18,835,2,10,5,0,500,0.6,1000,0.2,1400,0.2,0
9,19,332,0,0,300,0.5,1700,0.5,0
10,0,756,2,10,5,0,300,0.5,1700,0.5,2
10,1,149,0,0,300,0.5,1700,0.5,1
10,2,909,0,0,500,0.6,1000,0.2,1400,0.2,1
10,3,984,2,10,5,0,300,0.5,1700,0.5,2
10,4,298,1,0,300,0.5,1700,0.5,0
10,5,590,1,0,300,0.5,1700,0.5,0
10,6,145,0,0,300,0.5,1700,0.5,2
10,7,235,0,0,300,0.5,1700,0.5,2
10,8,227,0,0,300,0.5,1700,0.5,2
10,9,563,2,10,5,0,500,0.6,1000,0.2,1400,0.2,0
10,10,403,2,10,5,0,300,0.5,1700,0.5,1
10,11,467,2,10,5,0,500,0.6,1000,0.2,1400,0.2,1
10,12,73,1,0,300,0.5,1700,0.5,0
10,13,569,0,0,300,0.5,1700,0.5,0
10,14,566,0,0,300,0.5,1700,0.5,0
10,15,533,0,0,300,0.5,1700,0.5,2
10,16,918,0,0,300,0.5,1700,0.5,1
10,17,388,2,10,5,0,500,0.6,1000,0.2,1400,0.2,1
10,18,952,0,0,500,0.6,1000,0.2,1400,0.2,2
10,19,400,0,0,300,0.5,1700,0.5,2
11,0,643,2,10,5,0,500,0.6,1000,0.2,1400,0.2,1
11,1,231,0,0,300,0.5,1700,0.5,1
11,2,837,1,0,500,0.6,1000,0.2,1400,0.2,2
11,3,249,1,0,500,0.6,1000,0.2,1400,0.2,0
11,4,684,1,0,300,0.5,1700,0.5,1
11,5,906,0,0,300,0.5,1700,0.5,0
11,6,15,2,10,5,0,500,0.6,1000,0.2,1400,0.2,2
11,7,938,1,0,300,0.5,1700,0.5,0
11,8,877,1,0,300,0.5,1700,0.5,1
11,9,859,1,0,300,0.5,1700,0.5,1
11,10,920,0,0,300,0.5,1700,0.5,2
11,11,233,0,0,500,0.6,1000,0.2,1400,0.2,1
11,12,926,0,0,500,0.6,1000,0.2,1400,0.2,2
11,13,989,2,10,5,0,300,0.5,1700,0.5,0
11,14,287,2,10,5,0,300,0.5,1700,0.5,2
11,15,208,1,0,500,0.6,1000,0.2,1400,0.2,2
11,16,352,2,10,5,0,300,0.5,1700,0.5,0
11,17,697,1,0,300,0.5,1700,0.5,0
11,18,315,0,0,300,0.5,1700,0.5,2
11,19,829,0,0,300,0.5,1700,0.5,0
12,0,36,0,0,500,0.6,1000,0.2,1400,0.2,1
12,1,883,0,0,500,0.6,1000,0.2,1400,0.2,0
12,2,620,1,0,300,0.5,1700,0.5,2
12,3,434,2,10,5,0,500,0.6,1000,0.2,1400,0.2,0
12,4,282,2,10,5,0,500,0.6,1000,0.2,1400,0.2,0
12,5,946,0,0,500,0.6,1000,0.2,1400,0.2,1
12,6,88,0,0,300,0.5,1700,0.5,1
12,7,579,0,0,300,0.5,1700,0.5,0
12,8,526,2,10,5,0,500,0.6,1000,0.2,1400,0.2,1
12,9,788,0,0,500,0.6,1000,0.2,1400,0.2,2
12,10,785,2,10,5,0,500,0.6,1000,0.2,1400,0.2,0
12,11,345,0,0,500,0.6,1000,0.2,1400,0.2,2
12,12,132,2,10,5,0,500,0.6,1000,0.2,1400,0.2,0
12,13,978,0,0,300,0.5,1700,0.5,0
12,14,305,0,0,300,0.5,1700,0.5,2
12,15,389,0,0,300,0.5,1700,0.5,1
12,16,666,0,0,300,0.5,1700,0.5,0
12,17,377,0,0,500,0.6,1000,0.2,1400,0.2,0
12,18,245,1,0,300,0.5,1700,0.5,0
12,19,296,1,0,300,0.5,1700,0.5,2
13,0,633,1,0,500,0.6,1000,0.2,1400,0.2,1
13,1,761,1,0,500,0.6,1000,0.2,1400,0.2,1
13,2,801,0,0,500,0.6,1000,0.2,1400,0.2,2
13,3,908,1,0,300,0.5,1700,0.5,1
13,4,888,0,0,500,0.6,1000,0.2,1400,0.2,1
13,5,608,2,10,5,0,500,0.6,1000,0.2,1400,0.2,0
13,6,903,0,0,500,0.6,1000,0.2,1400,0.2,2
13,7,998,0,0,500,0.6,1000,0.2,1400,0.2,0
13,8,746,1,0,500,0.6,1000,0.2,1400,0.2,2
13,9,304,0,0,500,0.6,1000,0.2,1400,0.2,0
13,10,533,2,10,5,0,300,0.5,1700,0.5,2
13,11,14,1,0,500,0.6,1000,0.2,1400,0.2,1
13,12,223,2,10,5,0,300,0.5,1700,0.5,2
13,13,437,1,0,300,0.5,1700,0.5,2
13,14,840,0,0,300,0.5,1700,0.5,1
13,15,907,1,0,300,0.5,1700,0.5,2
13,16,103,0,0,300,0.5,1700,0.5,2
13,17,498,1,0,300,0.5,1700,0.5,2
13,18,638,0,0,300,0.5,1700,0.5,0
13,19,770,2,10,5,0,300,0.5,1700,0.5,2
14,0,935,0,0,300,0.5,1700,0.5,1
14,1,54,2,10,5,0,500,0.6,1000,0.2,1400,0.2,2
14,2,76,0,0,300,0.5,1700,0.5,0
14,3,63,2,10,5,0,500,0.6,1000,0.2,1400,0.2,2
14,4,617,1,0,500,0.6,1000,0.2,1400,0.2,0
14,5,262,0,0,500,0.6,1000,0.2,1400,0.2,2
14,6,716,2,10,5,0,500,0.6,1000,0.2,1400,0.2,1
14,7,652,2,10,5,0,500,0.6,1000,0.2,1400,0.2,1
14,8,785,0,0,300,0.5,1700,0.5,1
14,9,796,0,0,500,0.6,1000,0.2,1400,0.2,2
14,10,61,1,0,300,0.5,1700,0.5,1
14,11,98,0,0,500,0.6,1000,0.2,1400,0.2,2
14,12,839,2,10,5,0,300,0.5,1700,0.5,1
14,13,566,0,0,300,0.5,1700,0.5,1
14,14,727,1,0,300,0.5,1700,0.5,0
14,15,636,1,0,300,0.5,1700,0.5,1
14,16,209,2,10,5,0,500,0.6,1000,0.2,1400,0.2,2
14,17,832,0,0,300,0.5,1700,0.5,0
14,18,116,2,10,5,0,300,0.5,1700,0.5,1
14,19,642,0,0,300,0.5,1700,0.5,2
15,0,822,0,0,300,0.5,1700,0.5,0
15,1,969,1,0,500,0.6,1000,0.2,1400,0.2,2
15,2,978,2,10,5,0,300,0.5,1700,0.5,0
15,3,822,2,10,5,0,500,0.6,1000,0.2,1400,0.2,1
15,4,999,2,10,5,0,300,0.5,1700,0.5,2
15,5,189,0,0,500,0.6,1000,0.2,1400,0.2,1
15,6,590,0,0,300,0.5,1700,0.5,1
15,7,913,1,0,500,0.6,1000,0.2,1400,0.2,2
15,8,750,1,0,300,0.5,1700,0.5,0
15,9,471,2,10,5,0,500,0.6,1000,0.2,1400,0.2,1
15,10,420,0,0,300,0.5,1700,0.5,1
15,11,880,2,10,5,0,300,0.5,1700,0.5,1
15,12,149,1,0,500,0.6,1000,0.2,1400,0.2,1
15,13,599,1,0,300,0.5,1700,0.5,1
15,14,15,0,0,500,0.6,1000,0.2,1400,0.2,0
15,15,628,2,10,5,0,300,0.5,1700,0.5,1
15,16,744,1,0,500,0.6,1000,0.2,1400,0.2,1
15,17,646,2,10,5,0,500,0.6,1000,0.2,1400,0.2,2
15,18,70,2,10,5,0,500,0.6,1000,0.2,1400,0.2,1
15,19,643,2,10,5,0,500,0.6,1000,0.2,1400,0.2,1
16,0,139,2,10,5,0,300,0.5,1700,0.5,0
16,1,294,1,0,500,0.6,1000,0.2,1400,0.2,2
16,2,902,1,0,500,0.6,1000,0.2,1400,0.2,2
16,3,243,2,10,5,0,300,0.5,1700,0.5,1
16,4,203,1,0,500,0.6,1000,0.2,1400,0.2,0
16,5,795,2,10,5,0,300,0.5,1700,0.5,2
16,6,525,2,10,5,0,500,0.6,1000,0.2,1400,0.2,2
16,7,891,1,0,300,0.5,1700,0.5,1
16,8,583,0,0,300,0.5,1700,0.5,2
16,9,870,2,10,5,0,300,0.5,1700,0.5,1
16,10,577,2,10,5,0,500,0.6,1000,0.2,1400,0.2,2
16,11,973,1,0,500,0.6,1000,0.2,1400,0.2,2
16,12,928,0,0,500,0.6,1000,0.2,1400,0.2,0
16,13,297,2,10,5,0,300,0.5,1700,0.5,2
16,14,921,1,0,500,0.6,1000,0.2,1400,0.2,1
16,15,94,1,0,300,0.5,1700,0.5,0
16,16,667,0,0,300,0.5,1700,0.5,1
16,17,632,2,10,5,0,300,0.5,1700,0.5,1
16,18,942,2,10,5,0,300,0.5,1700,0.5,0
16,19,504,0,0,300,0.5,1700,0.5,2
17,0,194,2,10,5,0,300,0.5,1700,0.5,2
17,1,803,0,0,300,0.5,1700,0.5,1
17,2,970,2,10,5,0,500,0.6,1000,0.2,1400,0.2,1
17,3,851,2,10,5,0,300,0.5,1700,0.5,1
17,4,670,1,0,500,0.6,1000,0.2,1400,0.2,0
17,5,44,2,10,5,0,500,0.6,1000,0.2,1400,0.2,1
17,6,200,1,0,300,0.5,1700,0.5,1
17,7,838,1,0,500,0.6,1000,0.2,1400,0.2,1
17,8,479,0,0,300,0.5,1700,0.5,1
17,9,686,2,10,5,0,500,0.6,1000,0.2,1400,0.2,0
17,10,29,2,10,5,0,300,0.5,1700,0.5,0
17,11,295,1,0,300,0.5,1700,0.5,2
17,12,274,0,0,500,0.6,1000,0.2,1400,0.2,2
17,13,997,1,0,500,0.6,1000,0.2,1400,0.2,2
17,14,117,1,0,500,0.6,1000,0.2,1400,0.2,0
17,15,837,1,0,500,0.6,1000,0.2,1400,0.2,0
17,16,159,2,10,5,0,300,0.5,1700,0.5,0
17,17,275,0,0,300,0.5,1700,0.5,0
17,18,201,2,10,5,0,300,0.5,1700,0.5,0
17,19,355,0,0,500,0.6,1000,0.2,1400,0.2,1
18,0,569,2,10,5,0,300,0.5,1700,0.5,2
18,1,693,0,0,300,0.5,1700,0.5,2
18,2,853,2,10,5,0,300,0.5,1700,0.5,2
18,3,370,0,0,300,0.5,1700,0.5,2
18,4,413,2,10,5,0,500,0.6,1000,0.2,1400,0.2,1
18,5,938,1,0,500,0.6,1000,0.2,1400,0.2,0
18,6,603,2,10,5,0,500,0.6,1000,0.2,1400,0.2,0
18,7,706,0,0,300,0.5,1700,0.5,0
18,8,390,0,0,500,0.6,1000,0.2,1400,0.2,1
18,9,439,2,10,5,0,300,0.5,1700,0.5,2
18,10,87,1,0,500,0.6,1000,0.2,1400,0.2,0
18,11,959,0,0,300,0.5,1700,0.5,0
18,12,875,1,0,500,0.6,1000,0.2,1400,0.2,1
18,13,347,1,0,300,0.5,1700,0.5,1
18,14,50,2,10,5,0,300,0.5,1700,0.5,1
18,15,814,0,0,500,0.6,1000,0.2,1400,0.2,1
18,16,590,1,0,300,0.5,1700,0.5,1
18,17,423,0,0,500,0.6,1000,0.2,1400,0.2,1
18,18,329,1,0,500,0.6,1000,0.2,1400,0.2,1
18,19,911,0,0,500,0.6,1000,0.2,1400,0.2,2
19,0,651,1,0,500,0.6,1000,0.2,1400,0.2,2
19,1,613,2,10,5,0,500,0.6,1000,0.2,1400,0.2,2
19,2,230,1,0,300,0.5,1700,0.5,2
19,3,452,0,0,500,0.6,1000,0.2,1400,0.2,0
19,4,645,1,0,500,0.6,1000,0.2,1400,0.2,0
19,5,174,1,0,500,0.6,1000,0.2,1400,0.2,2
19,6,761,2,10,5,0,300,0.5,1700,0.5,1
19,7,443,0,0,500,0.6,1000,0.2,1400,0.2,0
19,8,597,1,0,300,0.5,1700,0.5,0
19,9,565,1,0,500,0.6,1000,0.2,1400,0.2,2
19,10,466,0,0,300,0.5,1700,0.5,1
19,11,79,2,10,5,0,300,0.5,1700,0.5,0
19,12,525,2,10,5,0,300,0.5,1700,0.5,2
19,13,458,0,0,300,0.5,1700,0.5,1
19,14,856,1,0,500,0.6,1000,0.2,1400,0.2,0
19,15,864,0,0,500,0.6,1000,0.2,1400,0.2,0
19,16,178,1,0,500,0.6,1000,0.2,1400,0.2,1
19,17,982,2,10,5,0,300,0.5,1700,0.5,1
19,18,71,0,0,300,0.5,1700,0.5,2
19,19,196,0,0,500,0.6,1000,0.2,1400,0.2,0
