0,0,988,1,0,500,0.6,1000,0.2,1400,0.2,2
0,1,469,1,0,300,0.5,1700,0.5,2
0,2,901,1,0,500,0.6,1000,0.2,1400,0.2,0
0,3,522,0,0,300,0.5,1700,0.5,2
0,4,464,2,10,5,0,300,0.5,1700,0.5,1
0,5,323,0,0,500,0.6,1000,0.2,1400,0.2,0
0,6,409,1,0,300,0.5,1700,0.5,0
0,7,202,2,10,5,0,500,0.6,1000,0.2,1400,0.2,0
0,8,432,1,0,300,0.5,1700,0.5,0
0,9,541,0,0,300,0.5,1700,0.5,0
0,10,786,1,0,500,0.6,1000,0.2,1400,0.2,0
0,11,487,0,0,500,0.6,1000,0.2,1400,0.2,1
0,12,219,1,0,300,0.5,1700,0.5,1
0,13,255,2,10,5,0,500,0.6,1000,0.2,1400,0.2,0
0,14,135,0,0,300,0.5,1700,0.5,0
0,15,493,2,10,5,0,300,0.5,1700,0.5,0
0,16,675,1,0,300,0.5,1700,0.5,2
0,17,492,0,0,500,0.6,1000,0.2,1400,0.2,0
0,18,134,2,10,5,0,500,0.6,1000,0.2,1400,0.2,0
0,19,35,2,10,5,0,500,0.6,1000,0.2,1400,0.2,1
1,0,318,2,10,5,0,500,0.6,1000,0.2,1400,0.2,1
1,1,350,2,10,5,0,500,0.6,1000,0.2,1400,0.2,0
1,2,499,2,10,5,0,300,0.5,1700,0.5,2
1,3,868,0,0,500,0.6,1000,0.2,1400,0.2,1
1,4,500,2,10,5,0,300,0.5,1700,0.5,0
1,5,81,2,10,5,0,300,0.5,1700,0.5,2
1,6,314,0,0,300,0.5,1700,0.5,0
1,7,330,2,10,5,0,500,0.6,1000,0.2,1400,0.2,0
1,8,61,1,0,500,0.6,1000,0.2,1400,0.2,0
1,9,789,2,10,5,0,300,0.5,1700,0.5,0
1,10,181,0,0,300,0.5,1700,0.5,0
1,11,239,0,0,500,0.6,1000,0.2,1400,0.2,2
1,12,549,1,0,300,0.5,1700,0.5,0
1,13,349,2,10,5,0,300,0.5,1700,0.5,0
1,14,518,0,0,500,0.6,1000,0.2,1400,0.2,0
1,15,123,1,0,500,0.6,1000,0.2,1400,0.2,2
1,16,286,2,10,5,0,300,0.5,1700,0.5,1
1,17,622,2,10,5,0,500,0.6,1000,0.2,1400,0.2,1
1,18,509,2,10,5,0,500,0.6,1000,0.2,1400,0.2,0
1,19,250,1,0,300,0.5,1700,0.5,2
2,0,129,0,0,500,0.6,1000,0.2,1400,0.2,2
2,1,207,1,0,300,0.5,1700,0.5,2
2,2,766,2,10,5,0,300,0.5,1700,0.5,2
2,3,476,2,10,5,0,300,0.5,1700,0.5,2
2,4,479,0,0,500,0.6,1000,0.2,1400,0.2,1
2,5,226,0,0,300,0.5,1700,0.5,0
2,6,424,1,0,500,0.6,1000,0.2,1400,0.2,0
2,7,330,1,0,500,0.6,1000,0.2,1400,0.2,1
2,8,781,0,0,300,0.5,1700,0.5,2
2,9,699,2,10,5,0,500,0.6,1000,0.2,1400,0.2,1
2,10,887,1,0,500,0.6,1000,0.2,1400,0.2,0
2,11,672,1,0,300,0.5,1700,0.5,0
2,12,508,2,10,5,0,300,0.5,1700,0.5,1
2,13,948,2,10,5,0,500,0.6,1000,0.2,1400,0.2,0
2,14,288,1,0,500,0.6,1000,0.2,1400,0.2,1
2,15,975,0,0,300,0.5,1700,0.5,2
2,16,223,0,0,500,0.6,1000,0.2,1400,0.2,0
2,17,959,2,10,5,0,300,0.5,1700,0.5,1
2,18,790,1,0,300,0.5,1700,0.5,2
2,19,913,0,0,300,0.5,1700,0.5,2
3,0,315,2,10,5,0,500,0.6,1000,0.2,1400,0.2,2
3,1,361,1,0,500,0.6,1000,0.2,1400,0.2,0
3,2,904,1,0,300,0.5,1700,0.5,2
3,3,532,0,0,300,0.5,1700,0.5,1
3,4,95,2,10,5,0,300,0.5,1700,0.5,1
3,5,957,2,10,5,0,500,0.6,1000,0.2,1400,0.2,1
3,6,716,2,10,5,0,500,0.6,1000,0.2,1400,0.2,2
3,7,345,0,0,500,0.6,1000,0.2,1400,0.2,0
3,8,144,1,0,500,0.6,1000,0.2,1400,0.2,2
3,9,746,0,0,300,0.5,1700,0.5,0
3,10,292,0,0,300,0.5,1700,0.5,2
3,11,969,1,0,300,0.5,1700,0.5,1
3,12,109,2,10,5,0,500,0.6,1000,0.2,1400,0.2,2
3,13,275,0,0,300,0.5,1700,0.5,0
3,14,79,2,10,5,0,500,0.6,1000,0.2,1400,0.2,0
3,15,965,1,0,300,0.5,1700,0.5,2
3,16,198,2,10,5,0,500,0.6,1000,0.2,1400,0.2,0
3,17,552,2,10,5,0,500,0.6,1000,0.2,1400,0.2,0
3,18,236,1,0,500,0.6,1000,0.2,1400,0.2,2
3,19,634,1,0,300,0.5,1700,0.5,2
4,0,701,0,0,500,0.6,1000,0.2,1400,0.2,1
4,1,607,1,0,500,0.6,1000,0.2,1400,0.2,0
4,2,694,2,10,5,0,300,0.5,1700,0.5,0
4,3,995,2,10,5,0,300,0.5,1700,0.5,2
4,4,934,2,10,5,0,500,0.6,1000,0.2,1400,0.2,1
4,5,871,0,0,300,0.5,1700,0.5,1
4,6,277,1,0,500,0.6,1000,0.2,1400,0.2,2
4,7,503,1,0,500,0.6,1000,0.2,1400,0.2,2
4,8,357,0,0,500,0.6,1000,0.2,1400,0.2,2
4,9,324,0,0,500,0.6,1000,0.2,1400,0.2,1
4,10,516,1,0,500,0.6,1000,0.2,1400,0.2,2
4,11,727,1,0,300,0.5,1700,0.5,2
4,12,59,0,0,500,0.6,1000,0.2,1400,0.2,0
4,13,484,2,10,5,0,300,0.5,1700,0.5,2
4,14,11,2,10,5,0,500,0.6,1000,0.2,1400,0.2,0
4,15,710,1,0,300,0.5,1700,0.5,0
4,16,362,2,10,5,0,500,0.6,1000,0.2,1400,0.2,0
4,17,542,1,0,500,0.6,1000,0.2,1400,0.2,2
4,18,138,1,0,300,0.5,1700,0.5,1
4,19,637,2,10,5,0,300,0.5,1700,0.5,1
5,0,480,1,0,500,0.6,1000,0.2,1400,0.2,2
5,1,688,0,0,500,0.6,1000,0.2,1400,0.2,2
5,2,56,2,10,5,0,300,0.5,1700,0.5,1
5,3,598,2,10,5,0,300,0.5,1700,0.5,2
5,4,265,0,0,500,0.6,1000,0.2,1400,0.2,2
5,5,583,1,0,300,0.5,1700,0.5,2
5,6,443,0,0,500,0.6,1000,0.2,1400,0.2,1
5,7,678,0,0,500,0.6,1000,0.2,1400,0.2,0
5,8,552,1,0,300,0.5,1700,0.5,2
5,9,876,2,10,5,0,500,0.6,1000,0.2,1400,0.2,1
5,10,985,2,10,5,0,300,0.5,1700,0.5,0
5,11,91,1,0,500,0.6,1000,0.2,1400,0.2,0
5,12,619,1,0,300,0.5,1700,0.5,2
5,13,110,1,0,500,0.6,1000,0.2,1400,0.2,2
5,14,66,0,0,300,0.5,1700,0.5,1
5,15,282,2,10,5,0,500,0.6,1000,0.2,1400,0.2,0
5,16,242,2,10,5,0,500,0.6,1000,0.2,1400,0.2,2
5,17,919,2,10,5,0,300,0.5,1700,0.5,2
5,18,924,2,10,5,0,300,0.5,1700,0.5,1
5,19,118,2,10,5,0,300,0.5,1700,0.5,2
6,0,307,1,0,300,0.5,1700,0.5,2
6,1,413,1,0,500,0.6,1000,0.2,1400,0.2,1
6,2,358,1,0,300,0.5,1700,0.5,0
6,3,523,0,0,500,0.6,1000,0.2,1400,0.2,0
6,4,410,0,0,300,0.5,1700,0.5,1
6,5,99,2,10,5,0,500,0.6,1000,0.2,1400,0.2,2
6,6,628,1,0,500,0.6,1000,0.2,1400,0.2,0
6,7,992,2,10,5,0,500,0.6,1000,0.2,1400,0.2,2
6,8,341,2,10,5,0,500,0.6,1000,0.2,1400,0.2,0
6,9,275,2,10,5,0,500,0.6,1000,0.2,1400,0.2,1
6,10,568,2,10,5,0,500,0.6,1000,0.2,1400,0.2,2
6,11,65,1,0,300,0.5,1700,0.5,0
6,12,887,0,0,300,0.5,1700,0.5,2
6,13,221,1,0,300,0.5,1700,0.5,2
6,14,478,1,0,500,0.6,1000,0.2,1400,0.2,0
6,15,193,2,10,5,0,300,0.5,1700,0.5,1
6,16,964,0,0,300,0.5,1700,0.5,1
6,17,234,2,10,5,0,300,0.5,1700,0.5,2
6,18,385,0,0,300,0.5,1700,0.5,2
6,19,316,0,0,500,0.6,1000,0.2,1400,0.2,2
7,0,109,2,10,5,0,300,0.5,1700,0.5,2
7,1,296,2,10,5,0,300,0.5,1700,0.5,0
7,2,202,0,0,500,0.6,1000,0.2,1400,0.2,1
7,3,108,2,10,5,0,500,0.6,1000,0.2,1400,0.2,2
7,4,623,2,10,5,0,300,0.5,1700,0.5,0
7,5,36,2,10,5,0,300,0.5,1700,0.5,0
7,6,581,2,10,5,0,500,0.6,1000,0.2,1400,0.2,2
7,7,624,0,0,300,0.5,1700,0.5,2
7,8,444,2,10,5,0,500,0.6,1000,0.2,1400,0.2,2
7,9,683,1,0,500,0.6,1000,0.2,1400,0.2,0
7,10,422,1,0,500,0.6,1000,0.2,1400,0.2,2
7,11,818,2,10,5,0,300,0.5,1700,0.5,0
7,12,173,2,10,5,0,300,0.5,1700,0.5,1
7,13,184,2,10,5,0,500,0.6,1000,0.2,1400,0.2,2
7,14,611,1,0,500,0.6,1000,0.2,1400,0.2,2
7,15,450,2,10,5,0,500,0.6,1000,0.2,1400,0.2,0
7,16,120,2,10,5,0,300,0.5,1700,0.5,1
7,17,228,0,0,500,0.6,1000,0.2,1400,0.2,0
7,18,82,0,0,500,0.6,1000,0.2,1400,0.2,2
7,19,269,2,10,5,0,500,0.6,1000,0.2,1400,0.2,1
8,0,438,2,10,5,0,500,0.6,1000,0.2,1400,0.2,1
8,1,796,1,0,300,0.5,1700,0.5,2
8,2,281,0,0,300,0.5,1700,0.5,2
8,3,470,0,0,300,0.5,1700,0.5,0
8,4,377,0,0,300,0.5,1700,0.5,2
8,5,792,1,0,300,0.5,1700,0.5,1
8,6,91,2,10,5,0,500,0.6,1000,0.2,1400,0.2,0
8,7,103,1,0,500,0.6,1000,0.2,1400,0.2,2
8,8,757,1,0,300,0.5,1700,0.5,0
8,9,592,1,0,300,0.5,1700,0.5,0
8,10,65,0,0,300,0.5,1700,0.5,2
8,11,908,2,10,5,0,500,0.6,1000,0.2,1400,0.2,2
8,12,390,2,10,5,0,500,0.6,1000,0.2,1400,0.2,2
8,13,824,1,0,300,0.5,1700,0.5,0
8,14,184,2,10,5,0,500,0.6,1000,0.2,1400,0.2,2
8,15,983,2,10,5,0,500,0.6,1000,0.2,1400,0.2,0
8,16,712,1,0,300,0.5,1700,0.5,2
8,17,352,2,10,5,0,500,0.6,1000,0.2,1400,0.2,0
8,18,84,2,10,5,0,500,0.6,1000,0.2,1400,0.2,2
8,19,408,1,0,300,0.5,1700,0.5,1
9,0,231,0,0,300,0.5,1700,0.5,0
9,1,522,1,0,500,0.6,1000,0.2,1400,0.2,2
9,2,903,1,0,500,0.6,1000,0.2,1400,0.2,2
9,3,45,2,10,5,0,300,0.5,1700,0.5,0
9,4,756,1,0,500,0.6,1000,0.2,1400,0.2,1
9,5,788,0,0,300,0.5,1700,0.5,2
9,6,523,2,10,5,0,300,0.5,1700,0.5,1
9,7,17,1,0,500,0.6,1000,0.2,1400,0.2,1
9,8,318,2,10,5,0,300,0.5,1700,0.5,1
9,9,353,1,0,500,0.6,1000,0.2,1400,0.2,0
9,10,515,1,0,500,0.6,1000,0.2,1400,0.2,2
9,11,924,0,0,300,0.5,1700,0.5,1
9,12,672,1,0,300,0.5,1700,0.5,2
9,13,595,2,10,5,0,500,0.6,1000,0.2,1400,0.2,1
9,14,810,1,0,300,0.5,1700,0.5,2
9,15,782,2,10,5,0,500,0.6,1000,0.2,1400,0.2,0
9,16,786,2,10,5,0,500,0.6,1000,0.2,1400,0.2,0
9,17,558,0,0,500,0.6,1000,0.2,1400,0.2,0
9,18,851,2,10,5,0,500,0.6,1000,0.2,1400,0.2,1
9,19,179,0,0,300,0.5,1700,0.5,0
10,0,677,0,0,500,0.6,1000,0.2,1400,0.2,2
10,1,804,1,0,300,0.5,1700,0.5,1
10,2,294,0,0,300,0.5,1700,0.5,2
10,3,479,1,0,300,0.5,1700,0.5,0
10,4,36,0,0,500,0.6,1000,0.2,1400,0.2,1
10,5,667,2,10,5,0,300,0.5,1700,0.5,1
10,6,295,0,0,500,0.6,1000,0.2,1400,0.2,0
10,7,405,0,0,500,0.6,1000,0.2,1400,0.2,2
10,8,896,2,10,5,0,500,0.6,1000,0.2,1400,0.2,0
10,9,813,1,0,500,0.6,1000,0.2,1400,0.2,2
10,10,621,0,0,300,0.5,1700,0.5,1
10,11,271,2,10,5,0,500,0.6,1000,0.2,1400,0.2,2
10,12,289,1,0,500,0.6,1000,0.2,1400,0.2,2
10,13,671,1,0,300,0.5,1700,0.5,1
10,14,689,1,0,500,0.6,1000,0.2,1400,0.2,0
10,15,310,0,0,300,0.5,1700,0.5,0
10,16,425,0,0,300,0.5,1700,0.5,1
10,17,724,2,10,5,0,500,0.6,1000,0.2,1400,0.2,1
10,18,707,0,0,300,0.5,1700,0.5,0
10,19,277,2,10,5,0,500,0.6,1000,0.2,1400,0.2,1
11,0,641,0,0,300,0.5,1700,0.5,0
11,1,236,0,0,300,0.5,1700,0.5,0
11,2,953,0,0,300,0.5,1700,0.5,2
11,3,626,2,10,5,0,300,0.5,1700,0.5,2
11,4,326,0,0,500,0.6,1000,0.2,1400,0.2,2
11,5,320,2,10,5,0,300,0.5,1700,0.5,0
11,6,582,2,10,5,0,300,0.5,1700,0.5,2
11,7,54,0,0,500,0.6,1000,0.2,1400,0.2,0
11,8,447,2,10,5,0,500,0.6,1000,0.2,1400,0.2,1
11,9,703,1,0,500,0.6,1000,0.2,1400,0.2,0
11,10,947,0,0,300,0.5,1700,0.5,1
11,11,535,0,0,500,0.6,1000,0.2,1400,0.2,0
11,12,371,2,10,5,0,500,0.6,1000,0.2,1400,0.2,2
11,13,42,1,0,500,0.6,1000,0.2,1400,0.2,1
11,14,233,0,0,300,0.5,1700,0.5,2
11,15,151,2,10,5,0,300,0.5,1700,0.5,2
11,16,565,2,10,5,0,300,0.5,1700,0.5,2
11,17,178,1,0,300,0.5,1700,0.5,2
11,18,601,0,0,300,0.5,1700,0.5,0
11,19,975,1,0,500,0.6,1000,0.2,1400,0.2,0
12,0,676,2,10,5,0,500,0.6,1000,0.2,1400,0.2,0
12,1,141,2,10,5,0,300,0.5,1700,0.5,0
12,2,356,0,0,300,0.5,1700,0.5,1
12,3,345,0,0,500,0.6,1000,0.2,1400,0.2,1
12,4,866,1,0,500,0.6,1000,0.2,1400,0.2,0
12,5,610,2,10,5,0,300,0.5,1700,0.5,0
12,6,324,2,10,5,0,500,0.6,1000,0.2,1400,0.2,2
12,7,832,2,10,5,0,300,0.5,1700,0.5,1
12,8,501,1,0,500,0.6,1000,0.2,1400,0.2,2
12,9,824,2,10,5,0,300,0.5,1700,0.5,2
12,10,33,1,0,300,0.5,1700,0.5,2
12,11,428,1,0,500,0.6,1000,0.2,1400,0.2,1
12,12,659,2,10,5,0,500,0.6,1000,0.2,1400,0.2,0
12,13,123,1,0,500,0.6,1000,0.2,1400,0.2,0
12,14,263,0,0,500,0.6,1000,0.2,1400,0.2,0
12,15,339,2,10,5,0,300,0.5,1700,0.5,2
12,16,279,0,0,300,0.5,1700,0.5,1
12,17,348,1,0,300,0.5,1700,0.5,0
12,18,632,2,10,5,0,300,0.5,1700,0.5,1
12,19,632,2,10,5,0,500,0.6,1000,0.2,1400,0.2,0
13,0,848,2,10,5,0,500,0.6,1000,0.2,1400,0.2,2
13,1,245,0,0,500,0.6,1000,0.2,1400,0.2,0
13,2,439,0,0,500,0.6,1000,0.2,1400,0.2,2
13,3,400,0,0,500,0.6,1000,0.2,1400,0.2,1
13,4,92,0,0,500,0.6,1000,0.2,1400,0.2,2
13,5,312,0,0,300,0.5,1700,0.5,0
13,6,68,1,0,500,0.6,1000,0.2,1400,0.2,0
13,7,94,2,10,5,0,300,0.5,1700,0.5,1
13,8,953,0,0,500,0.6,1000,0.2,1400,0.2,0
13,9,604,2,10,5,0,300,0.5,1700,0.5,0
13,10,232,2,10,5,0,500,0.6,1000,0.2,1400,0.2,2
13,11,352,0,0,500,0.6,1000,0.2,1400,0.2,1
13,12,777,2,10,5,0,300,0.5,1700,0.5,0
13,13,702,0,0,500,0.6,1000,0.2,1400,0.2,1
13,14,171,1,0,300,0.5,1700,0.5,0
13,15,975,0,0,300,0.5,1700,0.5,1
13,16,25,0,0,500,0.6,1000,0.2,1400,0.2,2
13,17,824,1,0,300,0.5,1700,0.5,1
13,18,865,1,0,500,0.6,1000,0.2,1400,0.2,0
13,19,772,1,0,500,0.6,1000,0.2,1400,0.2,0
14,0,576,0,0,300,0.5,1700,0.5,2
14,1,625,0,0,300,0.5,1700,0.5,0
14,2,895,2,10,5,0,500,0.6,1000,0.2,1400,0.2,0
14,3,79,1,0,500,0.6,1000,0.2,1400,0.2,1
14,4,358,2,10,5,0,300,0.5,1700,0.5,1
14,5,793,1,0,300,0.5,1700,0.5,0
14,6,993,0,0,500,0.6,1000,0.2,1400,0.2,2
14,7,922,0,0,500,0.6,1000,0.2,1400,0.2,0
14,8,158,1,0,300,0.5,1700,0.5,0
14,9,952,2,10,5,0,300,0.5,1700,0.5,0
14,10,938,0,0,300,0.5,1700,0.5,1
14,11,318,0,0,500,0.6,1000,0.2,1400,0.2,0
14,12,671,1,0,500,0.6,1000,0.2,1400,0.2,2
14,13,106,1,0,500,0.6,1000,0.2,1400,0.2,0
14,14,991,1,0,500,0.6,1000,0.2,1400,0.2,2
14,15,483,0,0,500,0.6,1000,0.2,1400,0.2,1
14,16,927,0,0,500,0.6,1000,0.2,1400,0.2,2
14,17,595,0,0,300,0.5,1700,0.5,2
14,18,890,0,0,500,0.6,1000,0.2,1400,0.2,0
14,19,216,0,0,500,0.6,1000,0.2,1400,0.2,2
15,0,837,1,0,300,0.5,1700,0.5,1
15,1,313,0,0,300,0.5,1700,0.5,2
15,2,770,1,0,300,0.5,1700,0.5,1
15,3,940,2,10,5,0,300,0.5,1700,0.5,1
15,4,626,1,0,300,0.5,1700,0.5,2
15,5,245,0,0,300,0.5,1700,0.5,0
15,6,506,0,0,300,0.5,1700,0.5,2
15,7,341,0,0,500,0.6,1000,0.2,1400,0.2,2
15,8,944,2,10,5,0,300,0.5,1700,0.5,2
15,9,903,1,0,500,0.6,1000,0.2,1400,0.2,0
15,10,621,2,10,5,0,500,0.6,1000,0.2,1400,0.2,1
15,11,128,2,10,5,0,500,0.6,1000,0.2,1400,0.2,2
15,12,716,2,10,5,0,300,0.5,1700,0.5,2
15,13,81,1,0,300,0.5,1700,0.5,0
15,14,833,1,0,500,0.6,1000,0.2,1400,0.2,2
15,15,223,1,0,500,0.6,1000,0.2,1400,0.2,0
15,16,345,0,0,300,0.5,1700,0.5,0
15,17,381,0,0,500,0.6,1000,0.2,1400,0.2,2
15,18,159,1,0,500,0.6,1000,0.2,1400,0.2,2
15,19,308,1,0,500,0.6,1000,0.2,1400,0.2,1
16,0,633,2,10,5,0,300,0.5,1700,0.5,0
16,1,606,0,0,300,0.5,1700,0.5,2
16,2,565,0,0,300,0.5,1700,0.5,0
16,3,676,1,0,500,0.6,1000,0.2,1400,0.2,0
16,4,906,2,10,5,0,300,0.5,1700,0.5,0
16,5,899,2,10,5,0,300,0.5,1700,0.5,0
16,6,176,2,10,5,0,500,0.6,1000,0.2,1400,0.2,2
16,7,216,2,10,5,0,500,0.6,1000,0.2,1400,0.2,0
16,8,109,2,10,5,0,500,0.6,1000,0.2,1400,0.2,0
16,9,505,0,0,500,0.6,1000,0.2,1400,0.2,0
16,10,846,0,0,300,0.5,1700,0.5,1
16,11,391,2,10,5,0,500,0.6,1000,0.2,1400,0.2,2
16,12,319,0,0,300,0.5,1700,0.5,1
16,13,955,1,0,300,0.5,1700,0.5,0
16,14,427,0,0,300,0.5,1700,0.5,0
16,15,325,1,0,300,0.5,1700,0.5,0
16,16,657,2,10,5,0,300,0.5,1700,0.5,1
16,17,241,0,0,300,0.5,1700,0.5,0
16,18,410,2,10,5,0,300,0.5,1700,0.5,0
16,19,587,2,10,5,0,500,0.6,1000,0.2,1400,0.2,2
17,0,653,2,10,5,0,500,0.6,1000,0.2,1400,0.2,2
17,1,87,0,0,300,0.5,1700,0.5,2
17,2,291,2,10,5,0,300,0.5,1700,0.5,0
17,3,494,2,10,5,0,300,0.5,1700,0.5,0
17,4,459,0,0,300,0.5,1700,0.5,1
17,5,872,1,0,300,0.5,1700,0.5,1
17,6,542,0,0,500,0.6,1000,0.2,1400,0.2,0
17,7,26,1,0,500,0.6,1000,0.2,1400,0.2,0
17,8,85,0,0,300,0.5,1700,0.5,0
17,9,327,2,10,5,0,300,0.5,1700,0.5,1
17,10,688,0,0,500,0.6,1000,0.2,1400,0.2,0
17,11,153,1,0,300,0.5,1700,0.5,0
17,12,50,1,0,500,0.6,1000,0.2,1400,0.2,0
17,13,410,0,0,300,0.5,1700,0.5,2
17,14,706,2,10,5,0,300,0.5,1700,0.5,1
17,15,883,0,0,500,0.6,1000,0.2,1400,0.2,0
17,16,66,2,10,5,0,500,0.6,1000,0.2,1400,0.2,0
17,17,647,2,10,5,0,500,0.6,1000,0.2,1400,0.2,1
17,18,742,0,0,500,0.6,1000,0.2,1400,0.2,1
17,19,631,1,0,300,0.5,1700,0.5,1
18,0,705,1,0,300,0.5,1700,0.5,0
18,1,954,2,10,5,0,300,0.5,1700,0.5,0
18,2,50,0,0,300,0.5,1700,0.5,0
18,3,616,1,0,300,0.5,1700,0.5,1
18,4,647,1,0,300,0.5,1700,0.5,2
18,5,219,0,0,500,0.6,1000,0.2,1400,0.2,0
18,6,48,1,0,500,0.6,1000,0.2,1400,0.2,1
18,7,255,2,10,5,0,500,0.6,1000,0.2,1400,0.2,0
18,8,659,1,0,500,0.6,1000,0.2,1400,0.2,1
18,9,547,2,10,5,0,500,0.6,1000,0.2,1400,0.2,2
18,10,210,0,0,300,0.5,1700,0.5,0
18,11,157,1,0,500,0.6,1000,0.2,1400,0.2,0
18,12,820,2,10,5,0,500,0.6,1000,0.2,1400,0.2,1
18,13,926,0,0,300,0.5,1700,0.5,1
18,14,295,1,0,300,0.5,1700,0.5,2
18,15,563,0,0,500,0.6,1000,0.2,1400,0.2,0
18,16,257,0,0,300,0.5,1700,0.5,2
18,17,575,2,10,5,0,300,0.5,1700,0.5,0
18,18,622,2,10,5,0,300,0.5,1700,0.5,2
18,19,428,1,0,500,0.6,1000,0.2,1400,0.2,0
19,0,730,1,0,300,0.5,1700,0.5,2
19,1,213,0,0,300,0.5,1700,0.5,2
19,2,106,0,0,300,0.5,1700,0.5,1
19,3,924,0,0,500,0.6,1000,0.2,1400,0.2,0
19,4,92,2,10,5,0,500,0.6,1000,0.2,1400,0.2,2
19,5,798,1,0,500,0.6,1000,0.2,1400,0.2,2
19,6,562,2,10,5,0,500,0.6,1000,0.2,1400,0.2,2
19,7,728,0,0,300,0.5,1700,0.5,0
19,8,435,1,0,300,0.5,1700,0.5,0
19,9,979,1,0,300,0.5,1700,0.5,0
19,10,782,1,0,500,0.6,1000,0.2,1400,0.2,2
19,11,771,1,0,300,0.5,1700,0.5,0
19,12,655,2,10,5,0,500,0.6,1000,0.2,1400,0.2,0
19,13,291,0,0,300,0.5,1700,0.5,2
19,14,772,0,0,500,0.6,1000,0.2,1400,0.2,0
19,15,560,2,10,5,0,500,0.6,1000,0.2,1400,0.2,0
19,16,302,2,10,5,0,300,0.5,1700,0.5,1
19,17,875,1,0,300,0.5,1700,0.5,0
19,18,13,1,0,300,0.5,1700,0.5,1
19,19,861,1,0,500,0.6,1000,0.2,1400,0.2,2
