0,0,283,1,0,300,0.5,1700,0.5,2
0,1,33,2,10,5,0,500,0.6,1000,0.2,1400,0.2,0
0,2,61,0,0,500,0.6,1000,0.2,1400,0.2,1
0,3,60,1,0,300,0.5,1700,0.5,0
0,4,449,1,0,300,0.5,1700,0.5,1
0,5,781,0,0,300,0.5,1700,0.5,2
0,6,725,2,10,5,0,300,0.5,1700,0.5,1
0,7,337,0,0,500,0.6,1000,0.2,1400,0.2,2
0,8,832,2,10,5,0,300,0.5,1700,0.5,1
0,9,84,0,0,300,0.5,1700,0.5,0
0,10,412,2,10,5,0,300,0.5,1700,0.5,0
0,11,108,0,0,300,0.5,1700,0.5,2
0,12,536,0,0,300,0.5,1700,0.5,0
0,13,721,0,0,500,0.6,1000,0.2,1400,0.2,2
0,14,428,1,0,500,0.6,1000,0.2,1400,0.2,1
0,15,233,2,10,5,0,500,0.6,1000,0.2,1400,0.2,2
0,16,919,1,0,300,0.5,1700,0.5,1
0,17,719,1,0,300,0.5,1700,0.5,1
0,18,878,0,0,300,0.5,1700,0.5,2
0,19,974,2,10,5,0,300,0.5,1700,0.5,1
1,0,216,1,0,300,0.5,1700,0.5,1
1,1,902,2,10,5,0,300,0.5,1700,0.5,1
1,2,39,0,0,300,0.5,1700,0.5,0
1,3,742,0,0,500,0.6,1000,0.2,1400,0.2,1
1,4,250,2,10,5,0,500,0.6,1000,0.2,1400,0.2,1
1,5,997,0,0,300,0.5,1700,0.5,2
1,6,788,2,10,5,0,500,0.6,1000,0.2,1400,0.2,2
1,7,521,0,0,300,0.5,1700,0.5,0
1,8,572,1,0,300,0.5,1700,0.5,0
1,9,513,2,10,5,0,500,0.6,1000,0.2,1400,0.2,0
1,10,243,1,0,300,0.5,1700,0.5,2
1,11,107,0,0,300,0.5,1700,0.5,2
1,12,901,2,10,5,0,500,0.6,1000,0.2,1400,0.2,1
1,13,602,2,10,5,0,500,0.6,1000,0.2,1400,0.2,1
1,14,708,2,10,5,0,300,0.5,1700,0.5,0
1,15,34,0,0,500,0.6,1000,0.2,1400,0.2,0
1,16,289,0,0,300,0.5,1700,0.5,0
1,17,760,2,10,5,0,300,0.5,1700,0.5,1
1,18,881,0,0,500,0.6,1000,0.2,1400,0.2,0
1,19,652,1,0,500,0.6,1000,0.2,1400,0.2,1
2,0,622,2,10,5,0,300,0.5,1700,0.5,1
2,1,560,1,0,500,0.6,1000,0.2,1400,0.2,1
2,2,546,1,0,500,0.6,1000,0.2,1400,0.2,1
2,3,613,0,0,500,0.6,1000,0.2,1400,0.2,0
2,4,232,2,10,5,0,300,0.5,1700,0.5,1
2,5,520,0,0,500,0.6,1000,0.2,1400,0.2,2
2,6,935,2,10,5,0,300,0.5,1700,0.5,0
2,7,547,1,0,300,0.5,1700,0.5,1
2,8,505,2,10,5,0,300,0.5,1700,0.5,2
2,9,325,2,10,5,0,300,0.5,1700,0.5,2
2,10,833,1,0,500,0.6,1000,0.2,1400,0.2,0
2,11,688,1,0,300,0.5,1700,0.5,0
2,12,72,2,10,5,0,300,0.5,1700,0.5,0
2,13,381,2,10,5,0,300,0.5,1700,0.5,0
2,14,225,0,0,500,0.6,1000,0.2,1400,0.2,2
2,15,616,0,0,300,0.5,1700,0.5,0
2,16,326,1,0,500,0.6,1000,0.2,1400,0.2,1
2,17,944,2,10,5,0,500,0.6,1000,0.2,1400,0.2,2
2,18,407,1,0,500,0.6,1000,0.2,1400,0.2,0
2,19,907,2,10,5,0,500,0.6,1000,0.2,1400,0.2,0
3,0,151,1,0,300,0.5,1700,0.5,2
3,1,458,0,0,500,0.6,1000,0.2,1400,0.2,0
3,2,334,0,0,500,0.6,1000,0.2,1400,0.2,2
3,3,252,2,10,5,0,500,0.6,1000,0.2,1400,0.2,1
3,4,840,0,0,300,0.5,1700,0.5,0
3,5,792,2,10,5,0,500,0.6,1000,0.2,1400,0.2,1
3,6,873,2,10,5,0,500,0.6,1000,0.2,1400,0.2,1
3,7,625,2,10,5,0,500,0.6,1000,0.2,1400,0.2,1
3,8,371,0,0,500,0.6,1000,0.2,1400,0.2,0
3,9,320,2,10,5,0,300,0.5,1700,0.5,0
3,10,145,1,0,300,0.5,1700,0.5,2
3,11,759,2,10,5,0,500,0.6,1000,0.2,1400,0.2,2
3,12,96,2,10,5,0,500,0.6,1000,0.2,1400,0.2,2
3,13,230,2,10,5,0,300,0.5,1700,0.5,0
3,14,434,1,0,500,0.6,1000,0.2,1400,0.2,0
3,15,606,0,0,500,0.6,1000,0.2,1400,0.2,1
3,16,611,0,0,500,0.6,1000,0.2,1400,0.2,0
3,17,72,1,0,500,0.6,1000,0.2,1400,0.2,0
3,18,736,1,0,300,0.5,1700,0.5,1
3,19,444,1,0,300,0.5,1700,0.5,1
4,0,510,2,10,5,0,500,0.6,1000,0.2,1400,0.2,0
4,1,104,1,0,500,0.6,1000,0.2,1400,0.2,1
4,2,977,1,0,300,0.5,1700,0.5,2
4,3,154,1,0,500,0.6,1000,0.2,1400,0.2,1
4,4,511,0,0,500,0.6,1000,0.2,1400,0.2,0
4,5,84,1,0,300,0.5,1700,0.5,1
4,6,194,0,0,500,0.6,1000,0.2,1400,0.2,1
4,7,246,2,10,5,0,300,0.5,1700,0.5,0
4,8,865,1,0,300,0.5,1700,0.5,2
4,9,77,2,10,5,0,500,0.6,1000,0.2,1400,0.2,2
4,10,177,0,0,500,0.6,1000,0.2,1400,0.2,0
4,11,881,1,0,500,0.6,1000,0.2,1400,0.2,0
4,12,706,0,0,300,0.5,1700,0.5,1
4,13,833,2,10,5,0,300,0.5,1700,0.5,2
4,14,539,2,10,5,0,300,0.5,1700,0.5,0
4,15,462,2,10,5,0,500,0.6,1000,0.2,1400,0.2,1
4,16,790,0,0,300,0.5,1700,0.5,0
4,17,937,1,0,300,0.5,1700,0.5,0
4,18,635,0,0,500,0.6,1000,0.2,1400,0.2,2
4,19,321,0,0,300,0.5,1700,0.5,2
5,0,62,1,0,500,0.6,1000,0.2,1400,0.2,2
5,1,711,1,0,500,0.6,1000,0.2,1400,0.2,0
5,2,601,1,0,500,0.6,1000,0.2,1400,0.2,2
5,3,41,0,0,300,0.5,1700,0.5,1
5,4,301,2,10,5,0,300,0.5,1700,0.5,0
5,5,403,0,0,300,0.5,1700,0.5,1
5,6,52,0,0,300,0.5,1700,0.5,0
5,7,807,2,10,5,0,300,0.5,1700,0.5,0
5,8,242,2,10,5,0,500,0.6,1000,0.2,1400,0.2,0
5,9,502,0,0,300,0.5,1700,0.5,2
5,10,862,0,0,500,0.6,1000,0.2,1400,0.2,0
5,11,751,1,0,300,0.5,1700,0.5,0
5,12,706,0,0,500,0.6,1000,0.2,1400,0.2,2
5,13,736,2,10,5,0,300,0.5,1700,0.5,1
5,14,691,2,10,5,0,300,0.5,1700,0.5,0
5,15,536,1,0,500,0.6,1000,0.2,1400,0.2,0
5,16,70,2,10,5,0,500,0.6,1000,0.2,1400,0.2,0
5,17,685,0,0,300,0.5,1700,0.5,1
5,18,326,2,10,5,0,300,0.5,1700,0.5,0
5,19,401,2,10,5,0,300,0.5,1700,0.5,1
6,0,739,1,0,500,0.6,1000,0.2,1400,0.2,0
6,1,686,2,10,5,0,500,0.6,1000,0.2,1400,0.2,0
6,2,941,0,0,300,0.5,1700,0.5,0
6,3,705,1,0,500,0.6,1000,0.2,1400,0.2,0
6,4,278,0,0,300,0.5,1700,0.5,1
6,5,344,1,0,300,0.5,1700,0.5,2
6,6,395,0,0,500,0.6,1000,0.2,1400,0.2,0
6,7,964,2,10,5,0,500,0.6,1000,0.2,1400,0.2,1
6,8,928,1,0,300,0.5,1700,0.5,2
6,9,856,2,10,5,0,300,0.5,1700,0.5,0
6,10,427,0,0,500,0.6,1000,0.2,1400,0.2,2
6,11,661,2,10,5,0,300,0.5,1700,0.5,1
6,12,557,1,0,300,0.5,1700,0.5,1
6,13,971,1,0,300,0.5,1700,0.5,1
6,14,152,0,0,500,0.6,1000,0.2,1400,0.2,0
6,15,631,1,0,500,0.6,1000,0.2,1400,0.2,2
6,16,691,1,0,500,0.6,1000,0.2,1400,0.2,0
6,17,822,2,10,5,0,300,0.5,1700,0.5,2
6,18,381,1,0,300,0.5,1700,0.5,0
6,19,836,2,10,5,0,300,0.5,1700,0.5,1
7,0,552,0,0,300,0.5,1700,0.5,2
7,1,912,2,10,5,0,500,0.6,1000,0.2,1400,0.2,0
7,2,562,1,0,300,0.5,1700,0.5,0
7,3,191,0,0,500,0.6,1000,0.2,1400,0.2,1
7,4,987,0,0,300,0.5,1700,0.5,2
7,5,99,2,10,5,0,300,0.5,1700,0.5,0
7,6,953,2,10,5,0,500,0.6,1000,0.2,1400,0.2,2
7,7,472,0,0,300,0.5,1700,0.5,1
7,8,862,1,0,500,0.6,1000,0.2,1400,0.2,0
7,9,186,0,0,500,0.6,1000,0.2,1400,0.2,0
7,10,300,2,10,5,0,300,0.5,1700,0.5,2
7,11,176,2,10,5,0,500,0.6,1000,0.2,1400,0.2,0
7,12,13,0,0,300,0.5,1700,0.5,2
7,13,313,2,10,5,0,300,0.5,1700,0.5,0
7,14,57,0,0,300,0.5,1700,0.5,2
7,15,73,1,0,300,0.5,1700,0.5,1
7,16,235,1,0,300,0.5,1700,0.5,2
7,17,748,1,0,500,0.6,1000,0.2,1400,0.2,2
7,18,774,1,0,500,0.6,1000,0.2,1400,0.2,0
7,19,299,2,10,5,0,500,0.6,1000,0.2,1400,0.2,0
8,0,593,2,10,5,0,500,0.6,1000,0.2,1400,0.2,1
8,1,991,0,0,500,0.6,1000,0.2,1400,0.2,1
8,2,733,2,10,5,0,500,0.6,1000,0.2,1400,0.2,2
8,3,147,2,10,5,0,300,0.5,1700,0.5,2
8,4,680,1,0,500,0.6,1000,0.2,1400,0.2,1
8,5,152,2,10,5,0,300,0.5,1700,0.5,0
8,6,93,1,0,500,0.6,1000,0.2,1400,0.2,0
8,7,357,1,0,500,0.6,1000,0.2,1400,0.2,2
8,8,823,0,0,300,0.5,1700,0.5,1
8,9,288,0,0,300,0.5,1700,0.5,1
8,10,268,0,0,500,0.6,1000,0.2,1400,0.2,1
8,11,664,0,0,300,0.5,1700,0.5,0
8,12,440,2,10,5,0,500,0.6,1000,0.2,1400,0.2,0
8,13,117,0,0,500,0.6,1000,0.2,1400,0.2,2
8,14,854,2,10,5,0,300,0.5,1700,0.5,1
8,15,586,1,0,500,0.6,1000,0.2,1400,0.2,2
8,16,296,1,0,300,0.5,1700,0.5,0
8,17,317,2,10,5,0,500,0.6,1000,0.2,1400,0.2,1
8,18,511,2,10,5,0,500,0.6,1000,0.2,1400,0.2,0
8,19,271,0,0,500,0.6,1000,0.2,1400,0.2,2
9,0,143,0,0,500,0.6,1000,0.2,1400,0.2,2
9,1,745,1,0,500,0.6,1000,0.2,1400,0.2,2
9,2,168,0,0,300,0.5,1700,0.5,1
9,3,57,2,10,5,0,500,0.6,1000,0.2,1400,0.2,0
9,4,832,2,10,5,0,300,0.5,1700,0.5,0
9,5,458,1,0,500,0.6,1000,0.2,1400,0.2,2
9,6,900,0,0,300,0.5,1700,0.5,2
9,7,973,2,10,5,0,500,0.6,1000,0.2,1400,0.2,0
9,8,922,2,10,5,0,300,0.5,1700,0.5,1
9,9,14,2,10,5,0,500,0.6,1000,0.2,1400,0.2,2
9,10,872,0,0,500,0.6,1000,0.2,1400,0.2,1
9,11,617,0,0,500,0.6,1000,0.2,1400,0.2,1
9,12,278,0,0,300,0.5,1700,0.5,0
9,13,837,2,10,5,0,500,0.6,1000,0.2,1400,0.2,1
9,14,843,1,0,300,0.5,1700,0.5,2
9,15,840,2,10,5,0,500,0.6,1000,0.2,1400,0.2,0
9,16,794,2,10,5,0,500,0.6,1000,0.2,1400,0.2,0
9,17,737,1,0,500,0.6,1000,0.2,1400,0.2,1
9,18,703,1,0,300,0.5,1700,0.5,0
9,19,666,1,0,500,0.6,1000,0.2,1400,0.2,0
10,0,685,0,0,300,0.5,1700,0.5,1
10,1,432,1,0,300,0.5,1700,0.5,0
10,2,835,2,10,5,0,300,0.5,1700,0.5,0
10,3,409,1,0,500,0.6,1000,0.2,1400,0.2,1
10,4,260,2,10,5,0,500,0.6,1000,0.2,1400,0.2,2
10,5,801,2,10,5,0,300,0.5,1700,0.5,2
10,6,473,1,0,500,0.6,1000,0.2,1400,0.2,0
10,7,835,2,10,5,0,300,0.5,1700,0.5,1
10,8,447,2,10,5,0,300,0.5,1700,0.5,1
10,9,628,0,0,500,0.6,1000,0.2,1400,0.2,2
10,10,821,0,0,300,0.5,1700,0.5,1
10,11,453,1,0,500,0.6,1000,0.2,1400,0.2,1
10,12,957,1,0,300,0.5,1700,0.5,0
10,13,755,2,10,5,0,500,0.6,1000,0.2,1400,0.2,2
10,14,566,1,0,500,0.6,1000,0.2,1400,0.2,2
10,15,316,0,0,300,0.5,1700,0.5,0
10,16,58,0,0,500,0.6,1000,0.2,1400,0.2,0
10,17,940,1,0,500,0.6,1000,0.2,1400,0.2,2
10,18,682,1,0,500,0.6,1000,0.2,1400,0.2,2
10,19,429,2,10,5,0,500,0.6,1000,0.2,1400,0.2,2
11,0,508,0,0,300,0.5,1700,0.5,1
11,1,44,2,10,5,0,500,0.6,1000,0.2,1400,0.2,1
11,2,402,1,0,300,0.5,1700,0.5,0
11,3,470,2,10,5,0,300,0.5,1700,0.5,1
11,4,832,1,0,300,0.5,1700,0.5,2
11,5,233,2,10,5,0,300,0.5,1700,0.5,1
11,6,689,1,0,500,0.6,1000,0.2,1400,0.2,2
11,7,765,1,0,500,0.6,1000,0.2,1400,0.2,0
11,8,826,0,0,500,0.6,1000,0.2,1400,0.2,2
11,9,234,0,0,300,0.5,1700,0.5,0
11,10,918,0,0,300,0.5,1700,0.5,1
11,11,665,2,10,5,0,500,0.6,1000,0.2,1400,0.2,0
11,12,222,0,0,300,0.5,1700,0.5,0
11,13,509,1,0,300,0.5,1700,0.5,0
11,14,803,0,0,500,0.6,1000,0.2,1400,0.2,2
11,15,447,1,0,500,0.6,1000,0.2,1400,0.2,1
11,16,205,0,0,300,0.5,1700,0.5,0
11,17,142,1,0,500,0.6,1000,0.2,1400,0.2,1
11,18,465,0,0,300,0.5,1700,0.5,2
11,19,114,0,0,300,0.5,1700,0.5,2
12,0,865,2,10,5,0,500,0.6,1000,0.2,1400,0.2,2
12,1,290,0,0,500,0.6,1000,0.2,1400,0.2,0
12,2,776,2,10,5,0,300,0.5,1700,0.5,1
12,3,316,1,0,300,0.5,1700,0.5,0
12,4,745,1,0,300,0.5,1700,0.5,2
12,5,379,0,0,300,0.5,1700,0.5,0
12,6,708,1,0,500,0.6,1000,0.2,1400,0.2,0
12,7,73,2,10,5,0,500,0.6,1000,0.2,1400,0.2,0
12,8,269,0,0,500,0.6,1000,0.2,1400,0.2,2
12,9,96,0,0,500,0.6,1000,0.2,1400,0.2,0
12,10,899,0,0,300,0.5,1700,0.5,2
12,11,44,2,10,5,0,300,0.5,1700,0.5,1
12,12,112,1,0,500,0.6,1000,0.2,1400,0.2,0
12,13,122,1,0,500,0.6,1000,0.2,1400,0.2,1
12,14,403,2,10,5,0,500,0.6,1000,0.2,1400,0.2,0
12,15,160,2,10,5,0,500,0.6,1000,0.2,1400,0.2,2
12,16,262,2,10,5,0,300,0.5,1700,0.5,1
12,17,788,0,0,500,0.6,1000,0.2,1400,0.2,1
12,18,293,2,10,5,0,300,0.5,1700,0.5,2
12,19,924,2,10,5,0,300,0.5,1700,0.5,0
13,0,782,0,0,500,0.6,1000,0.2,1400,0.2,2
13,1,407,1,0,500,0.6,1000,0.2,1400,0.2,0
13,2,59,0,0,300,0.5,1700,0.5,1
13,3,794,1,0,500,0.6,1000,0.2,1400,0.2,2
13,4,924,1,0,500,0.6,1000,0.2,1400,0.2,2
13,5,755,0,0,300,0.5,1700,0.5,2
13,6,53,2,10,5,0,500,0.6,1000,0.2,1400,0.2,1
13,7,656,0,0,500,0.6,1000,0.2,1400,0.2,1
13,8,51,0,0,300,0.5,1700,0.5,2
13,9,697,2,10,5,0,300,0.5,1700,0.5,0
13,10,598,2,10,5,0,300,0.5,1700,0.5,0
13,11,561,0,0,500,0.6,1000,0.2,1400,0.2,2
13,12,140,1,0,500,0.6,1000,0.2,1400,0.2,1
13,13,597,2,10,5,0,300,0.5,1700,0.5,1
13,14,247,2,10,5,0,500,0.6,1000,0.2,1400,0.2,2
13,15,363,0,0,500,0.6,1000,0.2,1400,0.2,1
13,16,674,0,0,300,0.5,1700,0.5,1
13,17,845,2,10,5,0,500,0.6,1000,0.2,1400,0.2,0
13,18,926,2,10,5,0,500,0.6,1000,0.2,1400,0.2,0
13,19,248,2,10,5,0,500,0.6,1000,0.2,1400,0.2,0
14,0,68,2,10,5,0,500,0.6,1000,0.2,1400,0.2,2
14,1,969,0,0,300,0.5,1700,0.5,0
14,2,277,2,10,5,0,500,0.6,1000,0.2,1400,0.2,2
14,3,163,0,0,500,0.6,1000,0.2,1400,0.2,0
14,4,311,0,0,300,0.5,1700,0.5,1
14,5,417,0,0,500,0.6,1000,0.2,1400,0.2,1
14,6,556,1,0,300,0.5,1700,0.5,1
14,7,444,0,0,500,0.6,1000,0.2,1400,0.2,1
14,8,30,1,0,300,0.5,1700,0.5,1
14,9,773,1,0,300,0.5,1700,0.5,0
14,10,160,2,10,5,0,500,0.6,1000,0.2,1400,0.2,0
14,11,943,1,0,500,0.6,1000,0.2,1400,0.2,1
14,12,361,1,0,300,0.5,1700,0.5,2
14,13,223,1,0,300,0.5,1700,0.5,2
14,14,175,0,0,500,0.6,1000,0.2,1400,0.2,1
14,15,830,2,10,5,0,500,0.6,1000,0.2,1400,0.2,2
14,16,993,0,0,500,0.6,1000,0.2,1400,0.2,2
14,17,927,2,10,5,0,300,0.5,1700,0.5,2
14,18,770,2,10,5,0,300,0.5,1700,0.5,2
14,19,398,1,0,500,0.6,1000,0.2,1400,0.2,0
15,0,300,2,10,5,0,500,0.6,1000,0.2,1400,0.2,1
15,1,974,1,0,300,0.5,1700,0.5,2
15,2,832,2,10,5,0,500,0.6,1000,0.2,1400,0.2,2
15,3,74,1,0,300,0.5,1700,0.5,1
15,4,954,1,0,500,0.6,1000,0.2,1400,0.2,0
15,5,829,2,10,5,0,500,0.6,1000,0.2,1400,0.2,0
15,6,401,1,0,500,0.6,1000,0.2,1400,0.2,1
15,7,715,1,0,300,0.5,1700,0.5,0
15,8,789,2,10,5,0,500,0.6,1000,0.2,1400,0.2,0
15,9,37,0,0,500,0.6,1000,0.2,1400,0.2,0
15,10,848,1,0,300,0.5,1700,0.5,0
15,11,751,2,10,5,0,300,0.5,1700,0.5,1
15,12,21,2,10,5,0,300,0.5,1700,0.5,1
15,13,848,2,10,5,0,300,0.5,1700,0.5,0
15,14,205,2,10,5,0,500,0.6,1000,0.2,1400,0.2,0
15,15,222,2,10,5,0,300,0.5,1700,0.5,0
15,16,436,0,0,300,0.5,1700,0.5,1
15,17,79,0,0,300,0.5,1700,0.5,0
15,18,552,1,0,300,0.5,1700,0.5,2
15,19,393,0,0,300,0.5,1700,0.5,0
16,0,734,2,10,5,0,500,0.6,1000,0.2,1400,0.2,1
16,1,78,2,10,5,0,500,0.6,1000,0.2,1400,0.2,0
16,2,55,0,0,300,0.5,1700,0.5,2
16,3,911,0,0,300,0.5,1700,0.5,1
16,4,119,0,0,300,0.5,1700,0.5,1
16,5,179,0,0,300,0.5,1700,0.5,0
16,6,395,0,0,300,0.5,1700,0.5,0
16,7,831,0,0,500,0.6,1000,0.2,1400,0.2,2
16,8,432,1,0,300,0.5,1700,0.5,0
16,9,432,2,10,5,0,300,0.5,1700,0.5,1
16,10,57,1,0,500,0.6,1000,0.2,1400,0.2,2
16,11,533,2,10,5,0,300,0.5,1700,0.5,1
16,12,826,1,0,500,0.6,1000,0.2,1400,0.2,1
16,13,535,2,10,5,0,300,0.5,1700,0.5,2
16,14,842,1,0,500,0.6,1000,0.2,1400,0.2,1
16,15,413,2,10,5,0,500,0.6,1000,0.2,1400,0.2,1
16,16,139,0,0,500,0.6,1000,0.2,1400,0.2,2
16,17,736,2,10,5,0,500,0.6,1000,0.2,1400,0.2,0
16,18,37,2,10,5,0,500,0.6,1000,0.2,1400,0.2,1
16,19,116,1,0,500,0.6,1000,0.2,1400,0.2,0
17,0,86,0,0,300,0.5,1700,0.5,2
17,1,795,2,10,5,0,500,0.6,1000,0.2,1400,0.2,0
17,2,342,2,10,5,0,300,0.5,1700,0.5,1
17,3,197,0,0,300,0.5,1700,0.5,0
17,4,869,1,0,500,0.6,1000,0.2,1400,0.2,1
17,5,575,0,0,500,0.6,1000,0.2,1400,0.2,2
17,6,164,0,0,500,0.6,1000,0.2,1400,0.2,1
17,7,52,2,10,5,0,500,0.6,1000,0.2,1400,0.2,0
17,8,236,2,10,5,0,500,0.6,1000,0.2,1400,0.2,0
17,9,945,1,0,300,0.5,1700,0.5,1
17,10,765,2,10,5,0,300,0.5,1700,0.5,1
17,11,833,2,10,5,0,500,0.6,1000,0.2,1400,0.2,0
17,12,357,0,0,300,0.5,1700,0.5,2
17,13,305,0,0,300,0.5,1700,0.5,0
17,14,706,2,10,5,0,500,0.6,1000,0.2,1400,0.2,0
17,15,323,1,0,300,0.5,1700,0.5,1
17,16,714,0,0,500,0.6,1000,0.2,1400,0.2,2
17,17,541,2,10,5,0,300,0.5,1700,0.5,2
17,18,667,0,0,300,0.5,1700,0.5,0
17,19,751,2,10,5,0,500,0.6,1000,0.2,1400,0.2,2
18,0,795,0,0,500,0.6,1000,0.2,1400,0.2,1
18,1,960,0,0,500,0.6,1000,0.2,1400,0.2,1
18,2,472,1,0,300,0.5,1700,0.5,0
18,3,319,2,10,5,0,500,0.6,1000,0.2,1400,0.2,1
18,4,911,2,10,5,0,300,0.5,1700,0.5,0
18,5,588,1,0,500,0.6,1000,0.2,1400,0.2,0
18,6,403,0,0,300,0.5,1700,0.5,2
18,7,194,0,0,300,0.5,1700,0.5,0
18,8,704,1,0,300,0.5,1700,0.5,2
18,9,367,1,0,300,0.5,1700,0.5,0
18,10,321,2,10,5,0,300,0.5,1700,0.5,0
18,11,968,2,10,5,0,500,0.6,1000,0.2,1400,0.2,1
18,12,676,2,10,5,0,500,0.6,1000,0.2,1400,0.2,1
18,13,215,1,0,500,0.6,1000,0.2,1400,0.2,2
18,14,821,2,10,5,0,500,0.6,1000,0.2,1400,0.2,1
18,15,229,1,0,300,0.5,1700,0.5,2
18,16,968,1,0,500,0.6,1000,0.2,1400,0.2,2
18,17,979,0,0,500,0.6,1000,0.2,1400,0.2,0
18,18,255,0,0,500,0.6,1000,0.2,1400,0.2,2
18,19,717,0,0,500,0.6,1000,0.2,1400,0.2,2
19,0,20,1,0,300,0.5,1700,0.5,2
19,1,395,0,0,500,0.6,1000,0.2,1400,0.2,0
19,2,446,2,10,5,0,300,0.5,1700,0.5,1
19,3,756,2,10,5,0,500,0.6,1000,0.2,1400,0.2,0
19,4,761,0,0,500,0.6,1000,0.2,1400,0.2,1
19,5,81,0,0,500,0.6,1000,0.2,1400,0.2,0
19,6,756,2,10,5,0,300,0.5,1700,0.5,0
19,7,64,0,0,300,0.5,1700,0.5,2
19,8,39,0,0,300,0.5,1700,0.5,0
19,9,282,0,0,300,0.5,1700,0.5,0
19,10,351,2,10,5,0,500,0.6,1000,0.2,1400,0.2,1
19,11,707,2,10,5,0,300,0.5,1700,0.5,0
19,12,94,1,0,500,0.6,1000,0.2,1400,0.2,2
19,13,775,0,0,300,0.5,1700,0.5,1
19,14,476,2,10,5,0,500,0.6,1000,0.2,1400,0.2,0
19,15,102,2,10,5,0,500,0.6,1000,0.2,1400,0.2,1
19,16,670,0,0,500,0.6,1000,0.2,1400,0.2,0
19,17,811,1,0,300,0.5,1700,0.5,0
19,18,752,0,0,500,0.6,1000,0.2,1400,0.2,1
19,19,800,1,0,300,0.5,1700,0.5,0
