0,0,148,2,10,5,0,300,0.5,1700,0.5,1
0,1,721,1,0,300,0.5,1700,0.5,2
0,2,925,0,0,300,0.5,1700,0.5,2
0,3,56,1,0,300,0.5,1700,0.5,0
0,4,723,1,0,500,0.6,1000,0.2,1400,0.2,2
0,5,408,1,0,500,0.6,1000,0.2,1400,0.2,0
0,6,682,0,0,500,0.6,1000,0.2,1400,0.2,0
0,7,21,1,0,500,0.6,1000,0.2,1400,0.2,1
0,8,775,2,10,5,0,300,0.5,1700,0.5,1
0,9,304,2,10,5,0,500,0.6,1000,0.2,1400,0.2,1
0,10,763,1,0,500,0.6,1000,0.2,1400,0.2,2
0,11,531,1,0,300,0.5,1700,0.5,1
0,12,935,0,0,300,0.5,1700,0.5,2
0,13,105,2,10,5,0,500,0.6,1000,0.2,1400,0.2,0
0,14,208,1,0,500,0.6,1000,0.2,1400,0.2,2
0,15,601,1,0,300,0.5,1700,0.5,0
0,16,816,2,10,5,0,500,0.6,1000,0.2,1400,0.2,1
0,17,47,2,10,5,0,300,0.5,1700,0.5,2
0,18,909,0,0,500,0.6,1000,0.2,1400,0.2,0
0,19,723,1,0,300,0.5,1700,0.5,2
1,0,544,2,10,5,0,300,0.5,1700,0.5,0
1,1,257,2,10,5,0,500,0.6,1000,0.2,1400,0.2,1
1,2,497,0,0,500,0.6,1000,0.2,1400,0.2,1
1,3,568,1,0,300,0.5,1700,0.5,0
1,4,955,1,0,500,0.6,1000,0.2,1400,0.2,2
1,5,94,1,0,500,0.6,1000,0.2,1400,0.2,2
1,6,246,0,0,300,0.5,1700,0.5,1
1,7,393,0,0,500,0.6,1000,0.2,1400,0.2,1
1,8,920,2,10,5,0,500,0.6,1000,0.2,1400,0.2,2
1,9,286,1,0,300,0.5,1700,0.5,0
1,10,502,0,0,500,0.6,1000,0.2,1400,0.2,1
1,11,912,1,0,500,0.6,1000,0.2,1400,0.2,1
1,12,216,2,10,5,0,300,0.5,1700,0.5,1
1,13,874,2,10,5,0,500,0.6,1000,0.2,1400,0.2,0
1,14,146,1,0,300,0.5,1700,0.5,2
1,15,979,0,0,300,0.5,1700,0.5,2
1,16,146,0,0,500,0.6,1000,0.2,1400,0.2,2
1,17,960,2,10,5,0,500,0.6,1000,0.2,1400,0.2,0
1,18,877,2,10,5,0,500,0.6,1000,0.2,1400,0.2,0
1,19,297,2,10,5,0,300,0.5,1700,0.5,0
2,0,296,1,0,500,0.6,1000,0.2,1400,0.2,0
2,1,627,0,0,300,0.5,1700,0.5,0
2,2,699,2,10,5,0,300,0.5,1700,0.5,1
2,3,599,0,0,500,0.6,1000,0.2,1400,0.2,2
2,4,827,1,0,500,0.6,1000,0.2,1400,0.2,1
2,5,830,2,10,5,0,300,0.5,1700,0.5,1
2,6,261,1,0,500,0.6,1000,0.2,1400,0.2,1
2,7,705,2,10,5,0,500,0.6,1000,0.2,1400,0.2,0
2,8,202,1,0,300,0.5,1700,0.5,1
2,9,349,0,0,300,0.5,1700,0.5,2
2,10,53,1,0,300,0.5,1700,0.5,1
2,11,646,2,10,5,0,500,0.6,1000,0.2,1400,0.2,0
2,12,571,0,0,300,0.5,1700,0.5,2
2,13,954,2,10,5,0,500,0.6,1000,0.2,1400,0.2,1
2,14,390,1,0,300,0.5,1700,0.5,1
2,15,995,1,0,500,0.6,1000,0.2,1400,0.2,2
2,16,426,2,10,5,0,500,0.6,1000,0.2,1400,0.2,2
2,17,352,2,10,5,0,300,0.5,1700,0.5,1
2,18,12,2,10,5,0,500,0.6,1000,0.2,1400,0.2,2
2,19,782,2,10,5,0,500,0.6,1000,0.2,1400,0.2,0
3,0,554,2,10,5,0,300,0.5,1700,0.5,1
3,1,635,2,10,5,0,300,0.5,1700,0.5,2
3,2,567,1,0,300,0.5,1700,0.5,2
3,3,304,1,0,300,0.5,1700,0.5,1
3,4,61,2,10,5,0,300,0.5,1700,0.5,2
3,5,432,1,0,500,0.6,1000,0.2,1400,0.2,1
3,6,128,0,0,500,0.6,1000,0.2,1400,0.2,2
3,7,980,0,0,300,0.5,1700,0.5,0
3,8,315,0,0,500,0.6,1000,0.2,1400,0.2,2
3,9,257,2,10,5,0,300,0.5,1700,0.5,2
3,10,95,1,0,300,0.5,1700,0.5,0
3,11,124,0,0,500,0.6,1000,0.2,1400,0.2,2
3,12,435,1,0,300,0.5,1700,0.5,0
3,13,776,1,0,300,0.5,1700,0.5,2
3,14,232,0,0,500,0.6,1000,0.2,1400,0.2,1
3,15,333,1,0,500,0.6,1000,0.2,1400,0.2,0
3,16,639,2,10,5,0,300,0.5,1700,0.5,0
3,17,793,1,0,300,0.5,1700,0.5,0
3,18,206,1,0,500,0.6,1000,0.2,1400,0.2,0
3,19,215,0,0,500,0.6,1000,0.2,1400,0.2,1
4,0,889,2,10,5,0,300,0.5,1700,0.5,1
4,1,769,1,0,500,0.6,1000,0.2,1400,0.2,2
4,2,952,2,10,5,0,500,0.6,1000,0.2,1400,0.2,2
4,3,877,0,0,300,0.5,1700,0.5,0
4,4,199,1,0,300,0.5,1700,0.5,1
4,5,115,1,0,500,0.6,1000,0.2,1400,0.2,1
4,6,710,1,0,500,0.6,1000,0.2,1400,0.2,1
4,7,134,0,0,500,0.6,1000,0.2,1400,0.2,1
4,8,630,0,0,300,0.5,1700,0.5,1
4,9,210,2,10,5,0,300,0.5,1700,0.5,1
4,10,981,2,10,5,0,500,0.6,1000,0.2,1400,0.2,2
4,11,929,2,10,5,0,500,0.6,1000,0.2,1400,0.2,2
4,12,951,2,10,5,0,300,0.5,1700,0.5,2
4,13,908,2,10,5,0,500,0.6,1000,0.2,1400,0.2,2
4,14,105,0,0,300,0.5,1700,0.5,0
4,15,242,0,0,300,0.5,1700,0.5,2
4,16,204,0,0,500,0.6,1000,0.2,1400,0.2,2
4,17,951,0,0,300,0.5,1700,0.5,0
4,18,43,2,10,5,0,300,0.5,1700,0.5,2
4,19,546,2,10,5,0,300,0.5,1700,0.5,2
5,0,31,2,10,5,0,500,0.6,1000,0.2,1400,0.2,0
5,1,65,0,0,300,0.5,1700,0.5,0
5,2,558,0,0,300,0.5,1700,0.5,2
5,3,694,0,0,300,0.5,1700,0.5,1
5,4,278,0,0,300,0.5,1700,0.5,2
5,5,785,0,0,300,0.5,1700,0.5,1
5,6,75,0,0,300,0.5,1700,0.5,1
5,7,912,1,0,500,0.6,1000,0.2,1400,0.2,0
5,8,22,1,0,300,0.5,1700,0.5,0
5,9,479,1,0,500,0.6,1000,0.2,1400,0.2,2
5,10,26,1,0,300,0.5,1700,0.5,2
5,11,793,1,0,500,0.6,1000,0.2,1400,0.2,0
5,12,482,0,0,300,0.5,1700,0.5,1
5,13,698,2,10,5,0,500,0.6,1000,0.2,1400,0.2,0
5,14,376,0,0,500,0.6,1000,0.2,1400,0.2,2
5,15,621,1,0,500,0.6,1000,0.2,1400,0.2,0
5,16,880,2,10,5,0,300,0.5,1700,0.5,2
5,17,84,2,10,5,0,500,0.6,1000,0.2,1400,0.2,2
5,18,1000,0,0,500,0.6,1000,0.2,1400,0.2,1
5,19,859,2,10,5,0,300,0.5,1700,0.5,2
6,0,421,0,0,500,0.6,1000,0.2,1400,0.2,0
6,1,17,0,0,300,0.5,1700,0.5,2
6,2,780,1,0,300,0.5,1700,0.5,0
6,3,231,2,10,5,0,500,0.6,1000,0.2,1400,0.2,0
6,4,909,1,0,300,0.5,1700,0.5,1
6,5,193,0,0,300,0.5,1700,0.5,0
6,6,18,0,0,300,0.5,1700,0.5,2
6,7,803,2,10,5,0,500,0.6,1000,0.2,1400,0.2,1
6,8,255,2,10,5,0,500,0.6,1000,0.2,1400,0.2,0
6,9,687,2,10,5,0,500,0.6,1000,0.2,1400,0.2,0
6,10,881,0,0,300,0.5,1700,0.5,1
6,11,708,2,10,5,0,300,0.5,1700,0.5,0
6,12,593,2,10,5,0,300,0.5,1700,0.5,2
6,13,289,0,0,500,0.6,1000,0.2,1400,0.2,2
6,14,889,1,0,300,0.5,1700,0.5,1
6,15,417,0,0,500,0.6,1000,0.2,1400,0.2,1
6,16,932,2,10,5,0,500,0.6,1000,0.2,1400,0.2,0
6,17,315,1,0,300,0.5,1700,0.5,0
6,18,766,0,0,300,0.5,1700,0.5,1
6,19,128,1,0,300,0.5,1700,0.5,0
7,0,322,2,10,5,0,500,0.6,1000,0.2,1400,0.2,1
7,1,868,2,10,5,0,500,0.6,1000,0.2,1400,0.2,1
7,2,196,1,0,300,0.5,1700,0.5,1
7,3,506,2,10,5,0,500,0.6,1000,0.2,1400,0.2,0
7,4,561,0,0,300,0.5,1700,0.5,2
7,5,779,2,10,5,0,300,0.5,1700,0.5,1
7,6,603,1,0,300,0.5,1700,0.5,0
7,7,400,1,0,500,0.6,1000,0.2,1400,0.2,0
7,8,796,1,0,500,0.6,1000,0.2,1400,0.2,0
7,9,176,2,10,5,0,300,0.5,1700,0.5,0
7,10,999,0,0,500,0.6,1000,0.2,1400,0.2,0
7,11,917,2,10,5,0,500,0.6,1000,0.2,1400,0.2,1
7,12,820,2,10,5,0,300,0.5,1700,0.5,1
7,13,142,1,0,500,0.6,1000,0.2,1400,0.2,2
7,14,578,1,0,300,0.5,1700,0.5,2
7,15,123,2,10,5,0,300,0.5,1700,0.5,2
7,16,402,0,0,500,0.6,1000,0.2,1400,0.2,2
7,17,637,2,10,5,0,300,0.5,1700,0.5,0
7,18,241,1,0,500,0.6,1000,0.2,1400,0.2,0
7,19,912,2,10,5,0,500,0.6,1000,0.2,1400,0.2,1
8,0,309,0,0,500,0.6,1000,0.2,1400,0.2,0
8,1,829,0,0,300,0.5,1700,0.5,2
8,2,590,1,0,500,0.6,1000,0.2,1400,0.2,2
8,3,459,2,10,5,0,500,0.6,1000,0.2,1400,0.2,1
8,4,374,1,0,500,0.6,1000,0.2,1400,0.2,0
8,5,591,2,10,5,0,500,0.6,1000,0.2,1400,0.2,1
8,6,755,0,0,500,0.6,1000,0.2,1400,0.2,0
8,7,885,1,0,300,0.5,1700,0.5,1
8,8,969,0,0,500,0.6,1000,0.2,1400,0.2,0
8,9,41,0,0,500,0.6,1000,0.2,1400,0.2,1
8,10,782,1,0,500,0.6,1000,0.2,1400,0.2,2
8,11,689,2,10,5,0,300,0.5,1700,0.5,1
8,12,507,0,0,300,0.5,1700,0.5,1
8,13,298,2,10,5,0,500,0.6,1000,0.2,1400,0.2,2
8,14,962,0,0,500,0.6,1000,0.2,1400,0.2,2
8,15,820,1,0,500,0.6,1000,0.2,1400,0.2,2
8,16,73,0,0,300,0.5,1700,0.5,0
8,17,900,1,0,500,0.6,1000,0.2,1400,0.2,2
8,18,843,2,10,5,0,500,0.6,1000,0.2,1400,0.2,1
8,19,547,0,0,500,0.6,1000,0.2,1400,0.2,1
9,0,710,2,10,5,0,500,0.6,1000,0.2,1400,0.2,1
9,1,214,1,0,300,0.5,1700,0.5,2
9,2,149,0,0,300,0.5,1700,0.5,0
9,3,212,2,10,5,0,500,0.6,1000,0.2,1400,0.2,2
9,4,499,1,0,300,0.5,1700,0.5,2
9,5,828,1,0,300,0.5,1700,0.5,0
9,6,267,1,0,500,0.6,1000,0.2,1400,0.2,2
9,7,783,1,0,500,0.6,1000,0.2,1400,0.2,2
9,8,638,0,0,500,0.6,1000,0.2,1400,0.2,2
9,9,124,0,0,500,0.6,1000,0.2,1400,0.2,1
9,10,37,2,10,5,0,500,0.6,1000,0.2,1400,0.2,2
9,11,986,1,0,500,0.6,1000,0.2,1400,0.2,1
9,12,468,2,10,5,0,500,0.6,1000,0.2,1400,0.2,0
9,13,84,2,10,5,0,300,0.5,1700,0.5,2
9,14,884,1,0,300,0.5,1700,0.5,0
9,15,537,1,0,300,0.5,1700,0.5,0
9,16,138,0,0,300,0.5,1700,0.5,1
9,17,926,0,0,500,0.6,1000,0.2,1400,0.2,0
9,18,475,1,0,300,0.5,1700,0.5,1
9,19,629,0,0,300,0.5,1700,0.5,0
10,0,356,1,0,500,0.6,1000,0.2,1400,0.2,0
10,1,151,1,0,300,0.5,1700,0.5,1
10,2,861,2,10,5,0,500,0.6,1000,0.2,1400,0.2,0
10,3,404,2,10,5,0,500,0.6,1000,0.2,1400,0.2,2
10,4,326,0,0,500,0.6,1000,0.2,1400,0.2,2
10,5,944,0,0,500,0.6,1000,0.2,1400,0.2,0
10,6,516,0,0,500,0.6,1000,0.2,1400,0.2,0
10,7,856,1,0,300,0.5,1700,0.5,1
10,8,611,0,0,300,0.5,1700,0.5,2
10,9,239,0,0,300,0.5,1700,0.5,0
10,10,834,2,10,5,0,300,0.5,1700,0.5,1
10,11,20,1,0,500,0.6,1000,0.2,1400,0.2,2
10,12,164,2,10,5,0,500,0.6,1000,0.2,1400,0.2,2
10,13,980,2,10,5,0,500,0.6,1000,0.2,1400,0.2,1
10,14,614,1,0,300,0.5,1700,0.5,2
10,15,721,2,10,5,0,300,0.5,1700,0.5,2
10,16,320,0,0,300,0.5,1700,0.5,2
10,17,424,1,0,500,0.6,1000,0.2,1400,0.2,1
10,18,338,0,0,300,0.5,1700,0.5,1
10,19,588,2,10,5,0,500,0.6,1000,0.2,1400,0.2,0
11,0,779,1,0,300,0.5,1700,0.5,0
11,1,235,2,10,5,0,300,0.5,1700,0.5,0
11,2,665,0,0,300,0.5,1700,0.5,2
11,3,617,1,0,300,0.5,1700,0.5,2
11,4,657,0,0,300,0.5,1700,0.5,2
11,5,466,1,0,500,0.6,1000,0.2,1400,0.2,1
11,6,389,0,0,500,0.6,1000,0.2,1400,0.2,0
11,7,669,0,0,300,0.5,1700,0.5,2
11,8,737,2,10,5,0,300,0.5,1700,0.5,0
11,9,173,1,0,300,0.5,1700,0.5,0
11,10,351,1,0,300,0.5,1700,0.5,1
11,11,849,2,10,5,0,300,0.5,1700,0.5,0
11,12,623,2,10,5,0,300,0.5,1700,0.5,1
11,13,850,1,0,500,0.6,1000,0.2,1400,0.2,2
11,14,81,0,0,300,0.5,1700,0.5,1
11,15,24,0,0,300,0.5,1700,0.5,1
11,16,237,2,10,5,0,300,0.5,1700,0.5,2
11,17,800,1,0,300,0.5,1700,0.5,2
11,18,901,1,0,300,0.5,1700,0.5,2
11,19,80,2,10,5,0,300,0.5,1700,0.5,2
12,0,21,2,10,5,0,500,0.6,1000,0.2,1400,0.2,0
12,1,184,1,0,300,0.5,1700,0.5,2
12,2,174,0,0,500,0.6,1000,0.2,1400,0.2,2
12,3,875,1,0,300,0.5,1700,0.5,0
12,4,823,0,0,300,0.5,1700,0.5,0
12,5,49,0,0,300,0.5,1700,0.5,0
12,6,165,1,0,500,0.6,1000,0.2,1400,0.2,0
12,7,491,2,10,5,0,300,0.5,1700,0.5,0
12,8,663,0,0,300,0.5,1700,0.5,0
12,9,598,0,0,300,0.5,1700,0.5,0
12,10,749,0,0,300,0.5,1700,0.5,0
12,11,360,1,0,500,0.6,1000,0.2,1400,0.2,1
12,12,127,2,10,5,0,500,0.6,1000,0.2,1400,0.2,1
12,13,852,1,0,300,0.5,1700,0.5,1
12,14,377,1,0,300,0.5,1700,0.5,2
12,15,792,0,0,500,0.6,1000,0.2,1400,0.2,1
12,16,775,0,0,300,0.5,1700,0.5,2
12,17,364,0,0,300,0.5,1700,0.5,1
12,18,994,1,0,500,0.6,1000,0.2,1400,0.2,2
12,19,848,2,10,5,0,500,0.6,1000,0.2,1400,0.2,1
13,0,484,0,0,300,0.5,1700,0.5,1
13,1,285,1,0,500,0.6,1000,0.2,1400,0.2,0
13,2,606,0,0,300,0.5,1700,0.5,0
13,3,96,2,10,5,0,300,0.5,1700,0.5,2
13,4,931,1,0,500,0.6,1000,0.2,1400,0.2,0
13,5,859,0,0,300,0.5,1700,0.5,0
13,6,130,1,0,500,0.6,1000,0.2,1400,0.2,1
13,7,10,1,0,300,0.5,1700,0.5,0
13,8,671,1,0,500,0.6,1000,0.2,1400,0.2,0
13,9,325,0,0,300,0.5,1700,0.5,2
13,10,259,0,0,300,0.5,1700,0.5,1
13,11,62,2,10,5,0,300,0.5,1700,0.5,2
13,12,474,0,0,500,0.6,1000,0.2,1400,0.2,0
13,13,210,0,0,500,0.6,1000,0.2,1400,0.2,0
13,14,663,0,0,500,0.6,1000,0.2,1400,0.2,0
13,15,263,0,0,300,0.5,1700,0.5,2
13,16,763,1,0,500,0.6,1000,0.2,1400,0.2,0
13,17,456,1,0,300,0.5,1700,0.5,0
13,18,124,0,0,500,0.6,1000,0.2,1400,0.2,2
13,19,431,0,0,500,0.6,1000,0.2,1400,0.2,1
14,0,746,0,0,500,0.6,1000,0.2,1400,0.2,2
14,1,78,0,0,500,0.6,1000,0.2,1400,0.2,1
14,2,73,1,0,300,0.5,1700,0.5,1
14,3,456,2,10,5,0,300,0.5,1700,0.5,1
14,4,944,0,0,300,0.5,1700,0.5,2
14,5,812,2,10,5,0,300,0.5,1700,0.5,2
14,6,992,1,0,500,0.6,1000,0.2,1400,0.2,2
14,7,704,1,0,500,0.6,1000,0.2,1400,0.2,1
14,8,365,2,10,5,0,300,0.5,1700,0.5,2
14,9,642,2,10,5,0,300,0.5,1700,0.5,1
14,10,566,2,10,5,0,300,0.5,1700,0.5,1
14,11,899,1,0,500,0.6,1000,0.2,1400,0.2,0
14,12,91,2,10,5,0,300,0.5,1700,0.5,1
14,13,616,2,10,5,0,300,0.5,1700,0.5,0
14,14,116,0,0,500,0.6,1000,0.2,1400,0.2,1
14,15,510,2,10,5,0,300,0.5,1700,0.5,2
14,16,201,0,0,300,0.5,1700,0.5,1
14,17,204,2,10,5,0,300,0.5,1700,0.5,2
14,18,358,0,0,500,0.6,1000,0.2,1400,0.2,0
14,19,519,0,0,500,0.6,1000,0.2,1400,0.2,0
15,0,917,2,10,5,0,500,0.6,1000,0.2,1400,0.2,1
15,1,243,0,0,500,0.6,1000,0.2,1400,0.2,2
15,2,189,0,0,500,0.6,1000,0.2,1400,0.2,1
15,3,238,1,0,300,0.5,1700,0.5,1
15,4,946,2,10,5,0,300,0.5,1700,0.5,0
15,5,499,2,10,5,0,500,0.6,1000,0.2,1400,0.2,0
15,6,103,1,0,300,0.5,1700,0.5,1
15,7,599,2,10,5,0,300,0.5,1700,0.5,0
15,8,781,2,10,5,0,500,0.6,1000,0.2,1400,0.2,0
15,9,58,2,10,5,0,500,0.6,1000,0.2,1400,0.2,0
15,10,313,2,10,5,0,300,0.5,1700,0.5,2
15,11,75,0,0,500,0.6,1000,0.2,1400,0.2,2
15,12,647,2,10,5,0,300,0.5,1700,0.5,2
15,13,38,1,0,500,0.6,1000,0.2,1400,0.2,0
15,14,245,2,10,5,0,300,0.5,1700,0.5,2
15,15,916,0,0,500,0.6,1000,0.2,1400,0.2,1
15,16,921,2,10,5,0,500,0.6,1000,0.2,1400,0.2,1
15,17,436,2,10,5,0,500,0.6,1000,0.2,1400,0.2,0
15,18,658,0,0,500,0.6,1000,0.2,1400,0.2,0
15,19,240,0,0,300,0.5,1700,0.5,2
16,0,10,2,10,5,0,500,0.6,1000,0.2,1400,0.2,1
16,1,689,0,0,300,0.5,1700,0.5,1
16,2,220,0,0,300,0.5,1700,0.5,2
16,3,937,1,0,500,0.6,1000,0.2,1400,0.2,1
16,4,92,0,0,300,0.5,1700,0.5,0
16,5,412,0,0,500,0.6,1000,0.2,1400,0.2,1
16,6,625,0,0,300,0.5,1700,0.5,1
16,7,920,0,0,500,0.6,1000,0.2,1400,0.2,1
16,8,991,1,0,300,0.5,1700,0.5,0
16,9,976,1,0,300,0.5,1700,0.5,0
16,10,553,2,10,5,0,300,0.5,1700,0.5,2
16,11,108,0,0,300,0.5,1700,0.5,2
16,12,756,0,0,300,0.5,1700,0.5,2
16,13,218,1,0,300,0.5,1700,0.5,1
16,14,301,1,0,300,0.5,1700,0.5,1
16,15,357,0,0,300,0.5,1700,0.5,0
16,16,765,1,0,300,0.5,1700,0.5,1
16,17,955,2,10,5,0,500,0.6,1000,0.2,1400,0.2,0
16,18,607,2,10,5,0,300,0.5,1700,0.5,1
16,19,437,0,0,300,0.5,1700,0.5,0
17,0,639,2,10,5,0,300,0.5,1700,0.5,1
17,1,20,1,0,300,0.5,1700,0.5,2
17,2,801,0,0,300,0.5,1700,0.5,1
17,3,99,2,10,5,0,500,0.6,1000,0.2,1400,0.2,0
17,4,341,1,0,500,0.6,1000,0.2,1400,0.2,2
17,5,479,1,0,300,0.5,1700,0.5,0
17,6,751,1,0,500,0.6,1000,0.2,1400,0.2,1
17,7,362,2,10,5,0,500,0.6,1000,0.2,1400,0.2,2
17,8,248,2,10,5,0,500,0.6,1000,0.2,1400,0.2,1
17,9,697,2,10,5,0,500,0.6,1000,0.2,1400,0.2,0
17,10,568,1,0,500,0.6,1000,0.2,1400,0.2,1
17,11,949,0,0,500,0.6,1000,0.2,1400,0.2,0
17,12,136,0,0,300,0.5,1700,0.5,0
17,13,886,1,0,500,0.6,1000,0.2,1400,0.2,2
17,14,421,0,0,500,0.6,1000,0.2,1400,0.2,1
17,15,568,2,10,5,0,500,0.6,1000,0.2,1400,0.2,0
17,16,596,0,0,300,0.5,1700,0.5,1
17,17,961,0,0,500,0.6,1000,0.2,1400,0.2,2
17,18,163,2,10,5,0,300,0.5,1700,0.5,1
17,19,39,1,0,500,0.6,1000,0.2,1400,0.2,2
18,0,307,0,0,500,0.6,1000,0.2,1400,0.2,0
18,1,998,1,0,300,0.5,1700,0.5,2
18,2,399,2,10,5,0,500,0.6,1000,0.2,1400,0.2,1
18,3,518,1,0,300,0.5,1700,0.5,0
18,4,222,2,10,5,0,300,0.5,1700,0.5,2
18,5,975,1,0,500,0.6,1000,0.2,1400,0.2,2
18,6,379,0,0,500,0.6,1000,0.2,1400,0.2,2
18,7,163,2,10,5,0,500,0.6,1000,0.2,1400,0.2,1
18,8,863,2,10,5,0,500,0.6,1000,0.2,1400,0.2,0
18,9,369,1,0,500,0.6,1000,0.2,1400,0.2,0
18,10,560,2,10,5,0,500,0.6,1000,0.2,1400,0.2,2
18,11,15,0,0,300,0.5,1700,0.5,1
18,12,668,2,10,5,0,500,0.6,1000,0.2,1400,0.2,0
18,13,739,1,0,500,0.6,1000,0.2,1400,0.2,2
18,14,44,2,10,5,0,300,0.5,1700,0.5,2
18,15,114,0,0,500,0.6,1000,0.2,1400,0.2,2
18,16,527,2,10,5,0,300,0.5,1700,0.5,2
18,17,172,1,0,300,0.5,1700,0.5,1
18,18,147,1,0,300,0.5,1700,0.5,2
18,19,159,1,0,500,0.6,1000,0.2,1400,0.2,1
19,0,45,2,10,5,0,500,0.6,1000,0.2,1400,0.2,2
19,1,960,1,0,500,0.6,1000,0.2,1400,0.2,2
19,2,831,1,0,500,0.6,1000,0.2,1400,0.2,2
19,3,574,1,0,300,0.5,1700,0.5,2
19,4,873,0,0,500,0.6,1000,0.2,1400,0.2,1
19,5,841,1,0,500,0.6,1000,0.2,1400,0.2,0
19,6,189,1,0,500,0.6,1000,0.2,1400,0.2,1
19,7,636,0,0,500,0.6,1000,0.2,1400,0.2,0
19,8,84,0,0,300,0.5,1700,0.5,1
19,9,290,1,0,500,0.6,1000,0.2,1400,0.2,0
19,10,475,1,0,300,0.5,1700,0.5,1
19,11,501,0,0,500,0.6,1000,0.2,1400,0.2,1
19,12,864,0,0,500,0.6,1000,0.2,1400,0.2,1
19,13,364,1,0,300,0.5,1700,0.5,0
19,14,45,1,0,500,0.6,1000,0.2,1400,0.2,2
19,15,266,1,0,500,0.6,1000,0.2,1400,0.2,2
19,16,279,1,0,500,0.6,1000,0.2,1400,0.2,2
19,17,167,0,0,500,0.6,1000,0.2,1400,0.2,0
19,18,987,1,0,500,0.6,1000,0.2,1400,0.2,0
19,19,228,0,0,500,0.6,1000,0.2,1400,0.2,2
