0,0,245,0,0,300,0.5,1700,0.5,0
0,1,571,0,0,500,0.6,1000,0.2,1400,0.2,1
0,2,949,0,0,500,0.6,1000,0.2,1400,0.2,1
0,3,904,1,0,500,0.6,1000,0.2,1400,0.2,1
0,4,612,1,0,300,0.5,1700,0.5,0
0,5,388,2,10,5,0,500,0.6,1000,0.2,1400,0.2,0
0,6,458,0,0,300,0.5,1700,0.5,0
0,7,71,2,10,5,0,500,0.6,1000,0.2,1400,0.2,1
0,8,369,1,0,500,0.6,1000,0.2,1400,0.2,0
0,9,517,1,0,300,0.5,1700,0.5,1
0,10,444,2,10,5,0,300,0.5,1700,0.5,2
0,11,45,0,0,500,0.6,1000,0.2,1400,0.2,1
0,12,156,1,0,300,0.5,1700,0.5,2
0,13,43,1,0,500,0.6,1000,0.2,1400,0.2,1
0,14,350,2,10,5,0,500,0.6,1000,0.2,1400,0.2,0
0,15,247,1,0,300,0.5,1700,0.5,1
0,16,770,0,0,500,0.6,1000,0.2,1400,0.2,2
0,17,972,1,0,500,0.6,1000,0.2,1400,0.2,0
0,18,311,1,0,300,0.5,1700,0.5,2
0,19,35,1,0,500,0.6,1000,0.2,1400,0.2,0
1,0,350,1,0,500,0.6,1000,0.2,1400,0.2,2
1,1,29,1,0,500,0.6,1000,0.2,1400,0.2,0
1,2,362,2,10,5,0,500,0.6,1000,0.2,1400,0.2,1
1,3,732,2,10,5,0,500,0.6,1000,0.2,1400,0.2,1
1,4,389,2,10,5,0,500,0.6,1000,0.2,1400,0.2,2
1,5,63,0,0,500,0.6,1000,0.2,1400,0.2,2
1,6,714,0,0,300,0.5,1700,0.5,0
1,7,285,1,0,300,0.5,1700,0.5,0
1,8,899,2,10,5,0,300,0.5,1700,0.5,2
1,9,416,0,0,300,0.5,1700,0.5,0
1,10,269,2,10,5,0,300,0.5,1700,0.5,2
1,11,868,1,0,300,0.5,1700,0.5,1
1,12,824,0,0,300,0.5,1700,0.5,2
1,13,808,0,0,500,0.6,1000,0.2,1400,0.2,0
1,14,838,2,10,5,0,500,0.6,1000,0.2,1400,0.2,0
1,15,891,2,10,5,0,300,0.5,1700,0.5,0
1,16,529,1,0,300,0.5,1700,0.5,1
1,17,68,0,0,300,0.5,1700,0.5,0
1,18,174,2,10,5,0,500,0.6,1000,0.2,1400,0.2,1
1,19,884,1,0,300,0.5,1700,0.5,0
2,0,416,1,0,500,0.6,1000,0.2,1400,0.2,2
2,1,503,0,0,300,0.5,1700,0.5,2
2,2,50,2,10,5,0,500,0.6,1000,0.2,1400,0.2,2
2,3,683,0,0,500,0.6,1000,0.2,1400,0.2,2
2,4,610,2,10,5,0,500,0.6,1000,0.2,1400,0.2,2
2,5,873,1,0,500,0.6,1000,0.2,1400,0.2,0
2,6,869,1,0,300,0.5,1700,0.5,2
2,7,409,2,10,5,0,300,0.5,1700,0.5,2
2,8,297,0,0,300,0.5,1700,0.5,0
2,9,937,1,0,300,0.5,1700,0.5,2
2,10,367,1,0,300,0.5,1700,0.5,0
2,11,258,1,0,300,0.5,1700,0.5,0
2,12,853,2,10,5,0,300,0.5,1700,0.5,1
2,13,511,2,10,5,0,500,0.6,1000,0.2,1400,0.2,2
2,14,731,2,10,5,0,300,0.5,1700,0.5,2
2,15,795,0,0,300,0.5,1700,0.5,2
2,16,218,2,10,5,0,300,0.5,1700,0.5,0
2,17,196,2,10,5,0,500,0.6,1000,0.2,1400,0.2,0
2,18,965,1,0,300,0.5,1700,0.5,2
2,19,223,0,0,300,0.5,1700,0.5,1
3,0,658,0,0,300,0.5,1700,0.5,1
3,1,444,2,10,5,0,500,0.6,1000,0.2,1400,0.2,2
3,2,134,2,10,5,0,300,0.5,1700,0.5,0
3,3,990,2,10,5,0,500,0.6,1000,0.2,1400,0.2,2
3,4,901,1,0,500,0.6,1000,0.2,1400,0.2,0
3,5,788,1,0,300,0.5,1700,0.5,1
3,6,573,1,0,500,0.6,1000,0.2,1400,0.2,2
3,7,25,0,0,300,0.5,1700,0.5,1
3,8,265,1,0,300,0.5,1700,0.5,1
3,9,586,0,0,500,0.6,1000,0.2,1400,0.2,0
3,10,237,1,0,500,0.6,1000,0.2,1400,0.2,0
3,11,960,0,0,500,0.6,1000,0.2,1400,0.2,0
3,12,433,2,10,5,0,500,0.6,1000,0.2,1400,0.2,2
3,13,652,0,0,500,0.6,1000,0.2,1400,0.2,1
3,14,70,2,10,5,0,300,0.5,1700,0.5,2
3,15,421,1,0,500,0.6,1000,0.2,1400,0.2,0
3,16,615,0,0,300,0.5,1700,0.5,2
3,17,19,0,0,500,0.6,1000,0.2,1400,0.2,1
3,18,763,0,0,500,0.6,1000,0.2,1400,0.2,2
3,19,593,1,0,500,0.6,1000,0.2,1400,0.2,2
4,0,762,2,10,5,0,300,0.5,1700,0.5,0
4,1,912,1,0,500,0.6,1000,0.2,1400,0.2,0
4,2,353,2,10,5,0,300,0.5,1700,0.5,2
4,3,884,2,10,5,0,500,0.6,1000,0.2,1400,0.2,0
4,4,437,1,0,500,0.6,1000,0.2,1400,0.2,0
4,5,361,2,10,5,0,500,0.6,1000,0.2,1400,0.2,2
4,6,949,0,0,500,0.6,1000,0.2,1400,0.2,1
4,7,496,1,0,300,0.5,1700,0.5,1
4,8,28,2,10,5,0,300,0.5,1700,0.5,2
4,9,857,0,0,500,0.6,1000,0.2,1400,0.2,1
4,10,18,2,10,5,0,500,0.6,1000,0.2,1400,0.2,2
4,11,583,2,10,5,0,300,0.5,1700,0.5,0
4,12,588,1,0,300,0.5,1700,0.5,0
4,13,313,2,10,5,0,300,0.5,1700,0.5,1
4,14,313,1,0,500,0.6,1000,0.2,1400,0.2,2
4,15,528,1,0,500,0.6,1000,0.2,1400,0.2,0
4,16,320,0,0,500,0.6,1000,0.2,1400,0.2,0
4,17,473,0,0,300,0.5,1700,0.5,0
4,18,242,0,0,500,0.6,1000,0.2,1400,0.2,0
4,19,906,2,10,5,0,500,0.6,1000,0.2,1400,0.2,1
5,0,516,1,0,300,0.5,1700,0.5,1
5,1,498,1,0,500,0.6,1000,0.2,1400,0.2,0
5,2,794,0,0,300,0.5,1700,0.5,2
5,3,497,0,0,500,0.6,1000,0.2,1400,0.2,0
5,4,297,1,0,500,0.6,1000,0.2,1400,0.2,2
5,5,357,0,0,300,0.5,1700,0.5,2
5,6,709,2,10,5,0,300,0.5,1700,0.5,0
5,7,412,2,10,5,0,300,0.5,1700,0.5,2
5,8,705,0,0,500,0.6,1000,0.2,1400,0.2,1
5,9,447,2,10,5,0,500,0.6,1000,0.2,1400,0.2,2
5,10,589,0,0,500,0.6,1000,0.2,1400,0.2,1
5,11,89,1,0,300,0.5,1700,0.5,0
5,12,853,2,10,5,0,500,0.6,1000,0.2,1400,0.2,2
5,13,296,1,0,300,0.5,1700,0.5,0
5,14,487,2,10,5,0,300,0.5,1700,0.5,2
5,15,642,1,0,500,0.6,1000,0.2,1400,0.2,1
5,16,506,0,0,500,0.6,1000,0.2,1400,0.2,0
5,17,849,0,0,500,0.6,1000,0.2,1400,0.2,1
5,18,116,0,0,500,0.6,1000,0.2,1400,0.2,0
5,19,546,0,0,300,0.5,1700,0.5,1
6,0,552,1,0,300,0.5,1700,0.5,1
6,1,69,2,10,5,0,500,0.6,1000,0.2,1400,0.2,2
6,2,589,0,0,500,0.6,1000,0.2,1400,0.2,0
6,3,98,0,0,500,0.6,1000,0.2,1400,0.2,2
6,4,551,2,10,5,0,300,0.5,1700,0.5,2
6,5,680,1,0,500,0.6,1000,0.2,1400,0.2,1
6,6,48,0,0,300,0.5,1700,0.5,0
6,7,895,1,0,500,0.6,1000,0.2,1400,0.2,0
6,8,761,0,0,300,0.5,1700,0.5,2
6,9,240,1,0,500,0.6,1000,0.2,1400,0.2,0
6,10,709,1,0,300,0.5,1700,0.5,0
6,11,203,0,0,300,0.5,1700,0.5,1
6,12,249,1,0,500,0.6,1000,0.2,1400,0.2,2
6,13,140,1,0,300,0.5,1700,0.5,1
6,14,156,1,0,300,0.5,1700,0.5,1
6,15,332,1,0,500,0.6,1000,0.2,1400,0.2,0
6,16,727,0,0,500,0.6,1000,0.2,1400,0.2,2
6,17,105,0,0,500,0.6,1000,0.2,1400,0.2,0
6,18,132,2,10,5,0,500,0.6,1000,0.2,1400,0.2,1
6,19,143,2,10,5,0,300,0.5,1700,0.5,0
7,0,247,2,10,5,0,300,0.5,1700,0.5,1
7,1,270,0,0,500,0.6,1000,0.2,1400,0.2,1
7,2,59,1,0,500,0.6,1000,0.2,1400,0.2,2
7,3,805,1,0,300,0.5,1700,0.5,0
7,4,315,0,0,500,0.6,1000,0.2,1400,0.2,1
7,5,45,0,0,300,0.5,1700,0.5,1
7,6,838,2,10,5,0,500,0.6,1000,0.2,1400,0.2,0
7,7,1000,1,0,300,0.5,1700,0.5,2
7,8,464,1,0,500,0.6,1000,0.2,1400,0.2,0
7,9,993,2,10,5,0,300,0.5,1700,0.5,0
7,10,235,2,10,5,0,500,0.6,1000,0.2,1400,0.2,2
7,11,446,0,0,300,0.5,1700,0.5,2
7,12,136,1,0,300,0.5,1700,0.5,2
7,13,588,0,0,300,0.5,1700,0.5,2
7,14,161,1,0,300,0.5,1700,0.5,0
7,15,905,1,0,500,0.6,1000,0.2,1400,0.2,2
7,16,540,2,10,5,0,300,0.5,1700,0.5,2
7,17,62,1,0,500,0.6,1000,0.2,1400,0.2,2
7,18,292,1,0,500,0.6,1000,0.2,1400,0.2,2
7,19,729,2,10,5,0,500,0.6,1000,0.2,1400,0.2,2
8,0,839,0,0,500,0.6,1000,0.2,1400,0.2,0
8,1,386,2,10,5,0,500,0.6,1000,0.2,1400,0.2,2
8,2,423,0,0,500,0.6,1000,0.2,1400,0.2,0
8,3,444,1,0,500,0.6,1000,0.2,1400,0.2,2
8,4,32,0,0,500,0.6,1000,0.2,1400,0.2,2
8,5,464,2,10,5,0,500,0.6,1000,0.2,1400,0.2,2
8,6,642,2,10,5,0,500,0.6,1000,0.2,1400,0.2,2
8,7,433,2,10,5,0,500,0.6,1000,0.2,1400,0.2,1
8,8,823,2,10,5,0,500,0.6,1000,0.2,1400,0.2,0
8,9,586,0,0,500,0.6,1000,0.2,1400,0.2,2
8,10,829,0,0,500,0.6,1000,0.2,1400,0.2,1
8,11,607,0,0,500,0.6,1000,0.2,1400,0.2,0
8,12,367,2,10,5,0,300,0.5,1700,0.5,1
8,13,718,0,0,500,0.6,1000,0.2,1400,0.2,1
8,14,185,1,0,500,0.6,1000,0.2,1400,0.2,2
8,15,997,0,0,500,0.6,1000,0.2,1400,0.2,2
8,16,271,0,0,300,0.5,1700,0.5,2
8,17,533,0,0,300,0.5,1700,0.5,2
8,18,750,2,10,5,0,300,0.5,1700,0.5,2
8,19,546,1,0,500,0.6,1000,0.2,1400,0.2,1
9,0,928,0,0,500,0.6,1000,0.2,1400,0.2,2
9,1,935,2,10,5,0,500,0.6,1000,0.2,1400,0.2,0
9,2,81,1,0,500,0.6,1000,0.2,1400,0.2,1
9,3,756,0,0,500,0.6,1000,0.2,1400,0.2,0
9,4,612,1,0,300,0.5,1700,0.5,0
9,5,224,2,10,5,0,500,0.6,1000,0.2,1400,0.2,2
9,6,273,0,0,500,0.6,1000,0.2,1400,0.2,0
9,7,908,2,10,5,0,500,0.6,1000,0.2,1400,0.2,1
9,8,795,1,0,300,0.5,1700,0.5,2
9,9,281,0,0,300,0.5,1700,0.5,1
9,10,532,1,0,500,0.6,1000,0.2,1400,0.2,0
9,11,970,0,0,300,0.5,1700,0.5,2
9,12,884,2,10,5,0,500,0.6,1000,0.2,1400,0.2,1
9,13,977,0,0,500,0.6,1000,0.2,1400,0.2,2
9,14,146,2,10,5,0,500,0.6,1000,0.2,1400,0.2,1
9,15,471,0,0,300,0.5,1700,0.5,2
9,16,236,1,0,500,0.6,1000,0.2,1400,0.2,1
9,17,396,2,10,5,0,300,0.5,1700,0.5,2
9,18,512,0,0,300,0.5,1700,0.5,0
9,19,230,0,0,300,0.5,1700,0.5,0
10,0,134,1,0,500,0.6,1000,0.2,1400,0.2,2
10,1,716,0,0,500,0.6,1000,0.2,1400,0.2,0
10,2,327,1,0,500,0.6,1000,0.2,1400,0.2,2
10,3,327,1,0,500,0.6,1000,0.2,1400,0.2,1
10,4,763,0,0,300,0.5,1700,0.5,0
10,5,858,1,0,300,0.5,1700,0.5,2
10,6,525,0,0,300,0.5,1700,0.5,2
10,7,320,0,0,500,0.6,1000,0.2,1400,0.2,2
10,8,442,1,0,500,0.6,1000,0.2,1400,0.2,1
10,9,666,0,0,300,0.5,1700,0.5,1
10,10,969,0,0,300,0.5,1700,0.5,2
10,11,200,0,0,300,0.5,1700,0.5,0
10,12,637,1,0,300,0.5,1700,0.5,1
10,13,466,0,0,500,0.6,1000,0.2,1400,0.2,0
10,14,736,0,0,500,0.6,1000,0.2,1400,0.2,0
10,15,859,0,0,300,0.5,1700,0.5,1
10,16,939,2,10,5,0,300,0.5,1700,0.5,0
10,17,267,0,0,300,0.5,1700,0.5,0
10,18,438,1,0,300,0.5,1700,0.5,1
10,19,353,0,0,300,0.5,1700,0.5,1
11,0,377,0,0,300,0.5,1700,0.5,1
11,1,154,1,0,500,0.6,1000,0.2,1400,0.2,2
11,2,583,0,0,300,0.5,1700,0.5,0
11,3,170,2,10,5,0,300,0.5,1700,0.5,1
11,4,647,1,0,300,0.5,1700,0.5,0
11,5,752,0,0,300,0.5,1700,0.5,2
11,6,483,1,0,300,0.5,1700,0.5,0
11,7,875,1,0,500,0.6,1000,0.2,1400,0.2,1
11,8,710,2,10,5,0,500,0.6,1000,0.2,1400,0.2,1
11,9,898,1,0,300,0.5,1700,0.5,2
11,10,394,1,0,500,0.6,1000,0.2,1400,0.2,0
11,11,911,0,0,500,0.6,1000,0.2,1400,0.2,0
11,12,685,1,0,300,0.5,1700,0.5,2
11,13,830,0,0,300,0.5,1700,0.5,1
11,14,735,0,0,500,0.6,1000,0.2,1400,0.2,0
11,15,707,1,0,500,0.6,1000,0.2,1400,0.2,1
11,16,858,0,0,500,0.6,1000,0.2,1400,0.2,0
11,17,163,1,0,500,0.6,1000,0.2,1400,0.2,1
11,18,667,0,0,500,0.6,1000,0.2,1400,0.2,0
11,19,47,0,0,300,0.5,1700,0.5,0
12,0,59,1,0,300,0.5,1700,0.5,0
12,1,400,0,0,500,0.6,1000,0.2,1400,0.2,2
12,2,570,0,0,500,0.6,1000,0.2,1400,0.2,0
12,3,891,2,10,5,0,300,0.5,1700,0.5,1
12,4,297,1,0,500,0.6,1000,0.2,1400,0.2,0
12,5,981,0,0,300,0.5,1700,0.5,1
12,6,117,0,0,500,0.6,1000,0.2,1400,0.2,2
12,7,215,0,0,300,0.5,1700,0.5,0
12,8,927,1,0,300,0.5,1700,0.5,2
12,9,23,2,10,5,0,300,0.5,1700,0.5,0
12,10,563,2,10,5,0,300,0.5,1700,0.5,1
12,11,74,2,10,5,0,300,0.5,1700,0.5,2
12,12,123,0,0,300,0.5,1700,0.5,1
12,13,179,2,10,5,0,500,0.6,1000,0.2,1400,0.2,0
12,14,816,2,10,5,0,300,0.5,1700,0.5,2
12,15,664,1,0,300,0.5,1700,0.5,2
12,16,395,0,0,300,0.5,1700,0.5,2
12,17,437,1,0,300,0.5,1700,0.5,0
12,18,100,1,0,300,0.5,1700,0.5,2
12,19,897,1,0,500,0.6,1000,0.2,1400,0.2,1
13,0,267,0,0,300,0.5,1700,0.5,0
13,1,935,0,0,500,0.6,1000,0.2,1400,0.2,1
13,2,713,2,10,5,0,500,0.6,1000,0.2,1400,0.2,0
13,3,768,1,0,300,0.5,1700,0.5,0
13,4,234,0,0,500,0.6,1000,0.2,1400,0.2,1
13,5,711,0,0,500,0.6,1000,0.2,1400,0.2,1
13,6,475,2,10,5,0,500,0.6,1000,0.2,1400,0.2,2
13,7,942,1,0,300,0.5,1700,0.5,1
13,8,913,0,0,300,0.5,1700,0.5,1
13,9,519,2,10,5,0,300,0.5,1700,0.5,2
13,10,62,2,10,5,0,500,0.6,1000,0.2,1400,0.2,0
13,11,296,2,10,5,0,500,0.6,1000,0.2,1400,0.2,2
13,12,890,0,0,300,0.5,1700,0.5,2
13,13,27,2,10,5,0,300,0.5,1700,0.5,0
13,14,678,1,0,500,0.6,1000,0.2,1400,0.2,2
13,15,75,1,0,300,0.5,1700,0.5,0
13,16,682,2,10,5,0,300,0.5,1700,0.5,2
13,17,209,0,0,300,0.5,1700,0.5,2
13,18,183,2,10,5,0,300,0.5,1700,0.5,2
13,19,474,2,10,5,0,300,0.5,1700,0.5,0
14,0,54,0,0,300,0.5,1700,0.5,0
14,1,507,1,0,500,0.6,1000,0.2,1400,0.2,1
14,2,10,0,0,500,0.6,1000,0.2,1400,0.2,0
14,3,612,0,0,300,0.5,1700,0.5,2
14,4,413,2,10,5,0,300,0.5,1700,0.5,0
14,5,734,1,0,300,0.5,1700,0.5,1
14,6,636,2,10,5,0,500,0.6,1000,0.2,1400,0.2,2
14,7,286,0,0,500,0.6,1000,0.2,1400,0.2,2
14,8,927,1,0,500,0.6,1000,0.2,1400,0.2,2
14,9,422,1,0,500,0.6,1000,0.2,1400,0.2,1
14,10,128,2,10,5,0,500,0.6,1000,0.2,1400,0.2,0
14,11,941,2,10,5,0,500,0.6,1000,0.2,1400,0.2,2
14,12,654,2,10,5,0,500,0.6,1000,0.2,1400,0.2,0
14,13,336,1,0,500,0.6,1000,0.2,1400,0.2,2
14,14,677,1,0,300,0.5,1700,0.5,2
14,15,760,2,10,5,0,300,0.5,1700,0.5,1
14,16,68,2,10,5,0,300,0.5,1700,0.5,2
14,17,899,1,0,300,0.5,1700,0.5,1
14,18,972,2,10,5,0,500,0.6,1000,0.2,1400,0.2,1
14,19,766,0,0,300,0.5,1700,0.5,0
15,0,48,2,10,5,0,300,0.5,1700,0.5,1
15,1,16,2,10,5,0,300,0.5,1700,0.5,2
15,2,740,2,10,5,0,300,0.5,1700,0.5,0
15,3,723,1,0,500,0.6,1000,0.2,1400,0.2,1
15,4,920,1,0,300,0.5,1700,0.5,2
15,5,415,2,10,5,0,500,0.6,1000,0.2,1400,0.2,2
15,6,959,0,0,500,0.6,1000,0.2,1400,0.2,2
15,7,865,0,0,300,0.5,1700,0.5,0
15,8,682,1,0,500,0.6,1000,0.2,1400,0.2,1
15,9,411,0,0,300,0.5,1700,0.5,2
15,10,208,2,10,5,0,300,0.5,1700,0.5,0
15,11,132,1,0,300,0.5,1700,0.5,0
15,12,527,0,0,300,0.5,1700,0.5,0
15,13,938,0,0,300,0.5,1700,0.5,2
15,14,908,2,10,5,0,300,0.5,1700,0.5,2
15,15,49,1,0,300,0.5,1700,0.5,0
15,16,505,1,0,500,0.6,1000,0.2,1400,0.2,0
15,17,67,1,0,500,0.6,1000,0.2,1400,0.2,1
15,18,12,0,0,300,0.5,1700,0.5,0
15,19,295,2,10,5,0,300,0.5,1700,0.5,1
16,0,687,0,0,500,0.6,1000,0.2,1400,0.2,1
16,1,525,1,0,300,0.5,1700,0.5,1
16,2,851,1,0,300,0.5,1700,0.5,0
16,3,706,1,0,500,0.6,1000,0.2,1400,0.2,0
16,4,804,0,0,300,0.5,1700,0.5,0
16,5,784,2,10,5,0,500,0.6,1000,0.2,1400,0.2,2
16,6,954,0,0,300,0.5,1700,0.5,2
16,7,51,0,0,300,0.5,1700,0.5,1
16,8,865,1,0,300,0.5,1700,0.5,0
16,9,947,2,10,5,0,500,0.6,1000,0.2,1400,0.2,2
16,10,65,2,10,5,0,300,0.5,1700,0.5,1
16,11,789,1,0,300,0.5,1700,0.5,1
16,12,41,1,0,300,0.5,1700,0.5,0
16,13,45,2,10,5,0,500,0.6,1000,0.2,1400,0.2,0
16,14,218,2,10,5,0,500,0.6,1000,0.2,1400,0.2,2
16,15,638,2,10,5,0,500,0.6,1000,0.2,1400,0.2,0
16,16,680,1,0,300,0.5,1700,0.5,1
16,17,513,1,0,500,0.6,1000,0.2,1400,0.2,0
16,18,865,2,10,5,0,300,0.5,1700,0.5,2
16,19,548,0,0,500,0.6,1000,0.2,1400,0.2,2
17,0,568,1,0,500,0.6,1000,0.2,1400,0.2,0
17,1,150,0,0,300,0.5,1700,0.5,2
17,2,306,1,0,500,0.6,1000,0.2,1400,0.2,1
17,3,890,1,0,300,0.5,1700,0.5,2
17,4,627,0,0,300,0.5,1700,0.5,1
17,5,955,1,0,300,0.5,1700,0.5,0
17,6,572,0,0,500,0.6,1000,0.2,1400,0.2,2
17,7,115,1,0,500,0.6,1000,0.2,1400,0.2,2
17,8,911,0,0,300,0.5,1700,0.5,1
17,9,690,1,0,300,0.5,1700,0.5,1
17,10,885,1,0,300,0.5,1700,0.5,2
17,11,397,0,0,500,0.6,1000,0.2,1400,0.2,1
17,12,648,1,0,500,0.6,1000,0.2,1400,0.2,0
17,13,425,0,0,500,0.6,1000,0.2,1400,0.2,2
17,14,109,0,0,500,0.6,1000,0.2,1400,0.2,2
17,15,184,0,0,300,0.5,1700,0.5,2
17,16,951,1,0,500,0.6,1000,0.2,1400,0.2,1
17,17,205,2,10,5,0,500,0.6,1000,0.2,1400,0.2,2
17,18,618,2,10,5,0,300,0.5,1700,0.5,0
17,19,170,0,0,500,0.6,1000,0.2,1400,0.2,2
18,0,855,2,10,5,0,300,0.5,1700,0.5,2
18,1,198,0,0,500,0.6,1000,0.2,1400,0.2,1
18,2,886,1,0,500,0.6,1000,0.2,1400,0.2,0
18,3,32,1,0,300,0.5,1700,0.5,2
18,4,878,2,10,5,0,500,0.6,1000,0.2,1400,0.2,2
18,5,945,1,0,500,0.6,1000,0.2,1400,0.2,0
18,6,997,2,10,5,0,500,0.6,1000,0.2,1400,0.2,0
18,7,112,2,10,5,0,300,0.5,1700,0.5,1
18,8,31,0,0,300,0.5,1700,0.5,2
18,9,392,0,0,300,0.5,1700,0.5,2
18,10,706,2,10,5,0,500,0.6,1000,0.2,1400,0.2,2
18,11,289,0,0,500,0.6,1000,0.2,1400,0.2,1
18,12,753,1,0,300,0.5,1700,0.5,0
18,13,110,2,10,5,0,300,0.5,1700,0.5,1
18,14,310,1,0,500,0.6,1000,0.2,1400,0.2,1
18,15,518,0,0,300,0.5,1700,0.5,1
18,16,38,1,0,300,0.5,1700,0.5,0
18,17,337,2,10,5,0,500,0.6,1000,0.2,1400,0.2,1
18,18,295,2,10,5,0,300,0.5,1700,0.5,1
18,19,285,2,10,5,0,500,0.6,1000,0.2,1400,0.2,0
19,0,463,1,0,500,0.6,1000,0.2,1400,0.2,0
19,1,45,2,10,5,0,300,0.5,1700,0.5,1
19,2,835,0,0,500,0.6,1000,0.2,1400,0.2,0
19,3,236,2,10,5,0,300,0.5,1700,0.5,0
19,4,379,0,0,500,0.6,1000,0.2,1400,0.2,2
19,5,799,0,0,300,0.5,1700,0.5,1
19,6,17,2,10,5,0,500,0.6,1000,0.2,1400,0.2,0
19,7,795,2,10,5,0,500,0.6,1000,0.2,1400,0.2,0
19,8,543,2,10,5,0,500,0.6,1000,0.2,1400,0.2,1
19,9,319,1,0,500,0.6,1000,0.2,1400,0.2,2
19,10,780,1,0,300,0.5,1700,0.5,1
19,11,622,2,10,5,0,300,0.5,1700,0.5,1
19,12,321,1,0,300,0.5,1700,0.5,2
19,13,297,2,10,5,0,300,0.5,1700,0.5,0
19,14,68,0,0,300,0.5,1700,0.5,1
19,15,971,0,0,300,0.5,1700,0.5,1
19,16,687,1,0,300,0.5,1700,0.5,2
19,17,704,1,0,300,0.5,1700,0.5,0
19,18,240,0,0,300,0.5,1700,0.5,2
19,19,418,0,0,300,0.5,1700,0.5,1
