0,0,83,2,10,5,0,500,0.6,1000,0.2,1400,0.2,0
0,1,127,0,0,300,0.5,1700,0.5,0
0,2,225,2,10,5,0,300,0.5,1700,0.5,2
0,3,357,2,10,5,0,500,0.6,1000,0.2,1400,0.2,1
0,4,376,2,10,5,0,300,0.5,1700,0.5,2
0,5,377,1,0,300,0.5,1700,0.5,1
0,6,122,2,10,5,0,500,0.6,1000,0.2,1400,0.2,2
0,7,665,2,10,5,0,500,0.6,1000,0.2,1400,0.2,1
0,8,432,1,0,500,0.6,1000,0.2,1400,0.2,1
0,9,286,0,0,300,0.5,1700,0.5,1
0,10,397,1,0,500,0.6,1000,0.2,1400,0.2,2
0,11,647,1,0,500,0.6,1000,0.2,1400,0.2,0
0,12,839,1,0,300,0.5,1700,0.5,1
0,13,169,1,0,500,0.6,1000,0.2,1400,0.2,1
0,14,644,1,0,300,0.5,1700,0.5,1
0,15,232,0,0,500,0.6,1000,0.2,1400,0.2,1
0,16,765,2,10,5,0,500,0.6,1000,0.2,1400,0.2,2
0,17,876,0,0,500,0.6,1000,0.2,1400,0.2,1
0,18,81,2,10,5,0,300,0.5,1700,0.5,2
0,19,119,0,0,300,0.5,1700,0.5,0
1,0,28,1,0,300,0.5,1700,0.5,1
1,1,150,2,10,5,0,500,0.6,1000,0.2,1400,0.2,1
1,2,159,2,10,5,0,500,0.6,1000,0.2,1400,0.2,2
1,3,874,0,0,300,0.5,1700,0.5,2
1,4,113,1,0,500,0.6,1000,0.2,1400,0.2,0
1,5,965,0,0,500,0.6,1000,0.2,1400,0.2,2
1,6,343,2,10,5,0,500,0.6,1000,0.2,1400,0.2,0
1,7,896,2,10,5,0,300,0.5,1700,0.5,2
1,8,918,1,0,300,0.5,1700,0.5,2
1,9,762,2,10,5,0,300,0.5,1700,0.5,1
1,10,959,2,10,5,0,300,0.5,1700,0.5,0
1,11,722,0,0,300,0.5,1700,0.5,0
1,12,761,0,0,500,0.6,1000,0.2,1400,0.2,0
1,13,692,1,0,300,0.5,1700,0.5,0
1,14,935,0,0,300,0.5,1700,0.5,1
1,15,671,0,0,300,0.5,1700,0.5,0
1,16,247,1,0,500,0.6,1000,0.2,1400,0.2,1
1,17,839,1,0,300,0.5,1700,0.5,1
1,18,558,1,0,500,0.6,1000,0.2,1400,0.2,1
1,19,846,1,0,300,0.5,1700,0.5,0
2,0,306,1,0,500,0.6,1000,0.2,1400,0.2,2
2,1,197,1,0,300,0.5,1700,0.5,1
2,2,458,1,0,300,0.5,1700,0.5,0
2,3,736,1,0,300,0.5,1700,0.5,1
2,4,734,2,10,5,0,300,0.5,1700,0.5,2
2,5,401,0,0,500,0.6,1000,0.2,1400,0.2,1
2,6,275,0,0,300,0.5,1700,0.5,1
2,7,266,2,10,5,0,300,0.5,1700,0.5,2
2,8,675,1,0,500,0.6,1000,0.2,1400,0.2,0
2,9,61,1,0,300,0.5,1700,0.5,0
2,10,533,0,0,500,0.6,1000,0.2,1400,0.2,0
2,11,861,0,0,300,0.5,1700,0.5,2
2,12,144,1,0,300,0.5,1700,0.5,1
2,13,59,0,0,500,0.6,1000,0.2,1400,0.2,0
2,14,659,1,0,300,0.5,1700,0.5,0
2,15,716,0,0,300,0.5,1700,0.5,1
2,16,118,0,0,500,0.6,1000,0.2,1400,0.2,2
2,17,741,1,0,500,0.6,1000,0.2,1400,0.2,2
2,18,985,2,10,5,0,300,0.5,1700,0.5,2
2,19,815,2,10,5,0,300,0.5,1700,0.5,2
3,0,631,0,0,300,0.5,1700,0.5,0
3,1,537,1,0,500,0.6,1000,0.2,1400,0.2,0
3,2,81,0,0,500,0.6,1000,0.2,1400,0.2,0
3,3,117,2,10,5,0,300,0.5,1700,0.5,0
3,4,265,1,0,500,0.6,1000,0.2,1400,0.2,1
3,5,869,0,0,500,0.6,1000,0.2,1400,0.2,1
3,6,550,2,10,5,0,500,0.6,1000,0.2,1400,0.2,2
3,7,17,1,0,500,0.6,1000,0.2,1400,0.2,2
3,8,593,1,0,500,0.6,1000,0.2,1400,0.2,0
3,9,780,2,10,5,0,300,0.5,1700,0.5,2
3,10,506,1,0,300,0.5,1700,0.5,1
3,11,173,0,0,300,0.5,1700,0.5,2
3,12,507,2,10,5,0,300,0.5,1700,0.5,1
3,13,65,0,0,300,0.5,1700,0.5,1
3,14,578,0,0,300,0.5,1700,0.5,2
3,15,876,0,0,500,0.6,1000,0.2,1400,0.2,1
3,16,898,2,10,5,0,500,0.6,1000,0.2,1400,0.2,2
3,17,149,2,10,5,0,500,0.6,1000,0.2,1400,0.2,2
3,18,63,0,0,300,0.5,1700,0.5,2
3,19,521,1,0,300,0.5,1700,0.5,1
4,0,342,0,0,500,0.6,1000,0.2,1400,0.2,1
4,1,785,0,0,300,0.5,1700,0.5,1
4,2,310,0,0,500,0.6,1000,0.2,1400,0.2,1
4,3,741,0,0,300,0.5,1700,0.5,0
4,4,198,0,0,300,0.5,1700,0.5,1
4,5,537,2,10,5,0,300,0.5,1700,0.5,2
4,6,136,1,0,300,0.5,1700,0.5,0
4,7,774,0,0,500,0.6,1000,0.2,1400,0.2,2
4,8,545,0,0,300,0.5,1700,0.5,0
4,9,757,1,0,300,0.5,1700,0.5,1
4,10,800,0,0,300,0.5,1700,0.5,2
4,11,12,0,0,300,0.5,1700,0.5,1
4,12,716,2,10,5,0,500,0.6,1000,0.2,1400,0.2,1
4,13,381,0,0,500,0.6,1000,0.2,1400,0.2,1
4,14,787,2,10,5,0,300,0.5,1700,0.5,1
4,15,560,0,0,300,0.5,1700,0.5,0
4,16,126,0,0,300,0.5,1700,0.5,1
4,17,744,2,10,5,0,500,0.6,1000,0.2,1400,0.2,1
4,18,348,1,0,300,0.5,1700,0.5,0
4,19,118,2,10,5,0,500,0.6,1000,0.2,1400,0.2,1
5,0,695,2,10,5,0,300,0.5,1700,0.5,2
5,1,563,1,0,300,0.5,1700,0.5,2
5,2,702,2,10,5,0,300,0.5,1700,0.5,2
5,3,224,1,0,300,0.5,1700,0.5,2
5,4,490,1,0,500,0.6,1000,0.2,1400,0.2,2
5,5,538,1,0,500,0.6,1000,0.2,1400,0.2,2
5,6,875,2,10,5,0,500,0.6,1000,0.2,1400,0.2,1
5,7,69,1,0,300,0.5,1700,0.5,2
5,8,470,0,0,500,0.6,1000,0.2,1400,0.2,2
5,9,38,1,0,500,0.6,1000,0.2,1400,0.2,0
5,10,85,1,0,300,0.5,1700,0.5,0
5,11,907,0,0,500,0.6,1000,0.2,1400,0.2,0
5,12,603,2,10,5,0,500,0.6,1000,0.2,1400,0.2,2
5,13,941,2,10,5,0,500,0.6,1000,0.2,1400,0.2,0
5,14,601,2,10,5,0,300,0.5,1700,0.5,2
5,15,787,2,10,5,0,500,0.6,1000,0.2,1400,0.2,2
5,16,10,1,0,300,0.5,1700,0.5,2
5,17,678,2,10,5,0,500,0.6,1000,0.2,1400,0.2,2
5,18,125,0,0,500,0.6,1000,0.2,1400,0.2,2
5,19,361,0,0,500,0.6,1000,0.2,1400,0.2,2
6,0,437,1,0,500,0.6,1000,0.2,1400,0.2,1
6,1,980,1,0,500,0.6,1000,0.2,1400,0.2,1
6,2,911,0,0,500,0.6,1000,0.2,1400,0.2,0
6,3,127,1,0,300,0.5,1700,0.5,0
6,4,453,2,10,5,0,300,0.5,1700,0.5,1
6,5,906,1,0,500,0.6,1000,0.2,1400,0.2,1
6,6,959,1,0,300,0.5,1700,0.5,2
6,7,733,2,10,5,0,300,0.5,1700,0.5,0
6,8,658,0,0,300,0.5,1700,0.5,1
6,9,350,1,0,300,0.5,1700,0.5,2
6,10,460,2,10,5,0,500,0.6,1000,0.2,1400,0.2,2
6,11,88,2,10,5,0,500,0.6,1000,0.2,1400,0.2,1
6,12,48,0,0,500,0.6,1000,0.2,1400,0.2,1
6,13,300,0,0,300,0.5,1700,0.5,0
6,14,337,0,0,500,0.6,1000,0.2,1400,0.2,0
6,15,971,1,0,300,0.5,1700,0.5,0
6,16,800,0,0,300,0.5,1700,0.5,2
6,17,807,0,0,300,0.5,1700,0.5,0
6,18,680,2,10,5,0,300,0.5,1700,0.5,1
6,19,139,1,0,500,0.6,1000,0.2,1400,0.2,2
7,0,606,1,0,300,0.5,1700,0.5,0
7,1,290,2,10,5,0,500,0.6,1000,0.2,1400,0.2,2
7,2,719,2,10,5,0,500,0.6,1000,0.2,1400,0.2,2
7,3,478,1,0,500,0.6,1000,0.2,1400,0.2,0
7,4,383,1,0,500,0.6,1000,0.2,1400,0.2,1
7,5,349,1,0,300,0.5,1700,0.5,1
7,6,101,2,10,5,0,500,0.6,1000,0.2,1400,0.2,2
7,7,908,1,0,300,0.5,1700,0.5,2
7,8,741,1,0,300,0.5,1700,0.5,2
7,9,808,2,10,5,0,300,0.5,1700,0.5,1
7,10,682,0,0,300,0.5,1700,0.5,1
7,11,472,1,0,300,0.5,1700,0.5,2
7,12,52,1,0,500,0.6,1000,0.2,1400,0.2,2
7,13,638,0,0,300,0.5,1700,0.5,0
7,14,902,0,0,500,0.6,1000,0.2,1400,0.2,1
7,15,689,0,0,300,0.5,1700,0.5,2
7,16,352,2,10,5,0,300,0.5,1700,0.5,0
7,17,483,1,0,300,0.5,1700,0.5,1
7,18,993,0,0,300,0.5,1700,0.5,2
7,19,795,0,0,500,0.6,1000,0.2,1400,0.2,2
8,0,939,1,0,300,0.5,1700,0.5,0
8,1,439,0,0,300,0.5,1700,0.5,2
8,2,372,1,0,500,0.6,1000,0.2,1400,0.2,1
8,3,483,0,0,300,0.5,1700,0.5,2
8,4,440,2,10,5,0,500,0.6,1000,0.2,1400,0.2,1
8,5,848,0,0,500,0.6,1000,0.2,1400,0.2,2
8,6,238,1,0,500,0.6,1000,0.2,1400,0.2,0
8,7,820,2,10,5,0,500,0.6,1000,0.2,1400,0.2,2
8,8,458,1,0,300,0.5,1700,0.5,0
8,9,785,2,10,5,0,300,0.5,1700,0.5,1
8,10,670,2,10,5,0,300,0.5,1700,0.5,1
8,11,720,2,10,5,0,500,0.6,1000,0.2,1400,0.2,1
8,12,842,2,10,5,0,500,0.6,1000,0.2,1400,0.2,0
8,13,28,0,0,500,0.6,1000,0.2,1400,0.2,2
8,14,718,0,0,500,0.6,1000,0.2,1400,0.2,1
8,15,515,1,0,300,0.5,1700,0.5,0
8,16,394,2,10,5,0,500,0.6,1000,0.2,1400,0.2,2
8,17,225,1,0,300,0.5,1700,0.5,1
8,18,807,0,0,300,0.5,1700,0.5,0
8,19,645,2,10,5,0,500,0.6,1000,0.2,1400,0.2,0
9,0,705,1,0,500,0.6,1000,0.2,1400,0.2,0
9,1,53,0,0,500,0.6,1000,0.2,1400,0.2,1
9,2,697,1,0,500,0.6,1000,0.2,1400,0.2,0
9,3,802,0,0,500,0.6,1000,0.2,1400,0.2,1
9,4,544,2,10,5,0,500,0.6,1000,0.2,1400,0.2,1
9,5,937,2,10,5,0,300,0.5,1700,0.5,2
9,6,28,1,0,300,0.5,1700,0.5,0
9,7,217,2,10,5,0,500,0.6,1000,0.2,1400,0.2,2
9,8,339,1,0,500,0.6,1000,0.2,1400,0.2,2
9,9,76,2,10,5,0,500,0.6,1000,0.2,1400,0.2,0
9,10,249,0,0,300,0.5,1700,0.5,1
9,11,686,1,0,500,0.6,1000,0.2,1400,0.2,0
9,12,799,1,0,500,0.6,1000,0.2,1400,0.2,2
9,13,570,1,0,300,0.5,1700,0.5,0
9,14,986,2,10,5,0,300,0.5,1700,0.5,1
9,15,951,2,10,5,0,500,0.6,1000,0.2,1400,0.2,0
9,16,82,1,0,500,0.6,1000,0.2,1400,0.2,1
9,17,288,0,0,300,0.5,1700,0.5,2
9,18,108,2,10,5,0,300,0.5,1700,0.5,2
9,19,578,1,0,300,0.5,1700,0.5,0
10,0,508,2,10,5,0,500,0.6,1000,0.2,1400,0.2,1
10,1,418,0,0,500,0.6,1000,0.2,1400,0.2,1
10,2,905,0,0,500,0.6,1000,0.2,1400,0.2,2
10,3,407,1,0,300,0.5,1700,0.5,2
10,4,329,0,0,500,0.6,1000,0.2,1400,0.2,2
10,5,650,0,0,500,0.6,1000,0.2,1400,0.2,0
10,6,219,1,0,500,0.6,1000,0.2,1400,0.2,1
10,7,86,2,10,5,0,300,0.5,1700,0.5,1
10,8,834,0,0,500,0.6,1000,0.2,1400,0.2,1
10,9,976,0,0,500,0.6,1000,0.2,1400,0.2,1
10,10,637,1,0,300,0.5,1700,0.5,0
10,11,524,0,0,500,0.6,1000,0.2,1400,0.2,2
10,12,62,0,0,300,0.5,1700,0.5,0
10,13,239,2,10,5,0,500,0.6,1000,0.2,1400,0.2,0
10,14,703,2,10,5,0,300,0.5,1700,0.5,1
10,15,121,2,10,5,0,300,0.5,1700,0.5,0
10,16,102,1,0,500,0.6,1000,0.2,1400,0.2,1
10,17,473,2,10,5,0,300,0.5,1700,0.5,1
10,18,345,2,10,5,0,300,0.5,1700,0.5,2
10,19,909,1,0,300,0.5,1700,0.5,2
11,0,932,2,10,5,0,500,0.6,1000,0.2,1400,0.2,2
11,1,104,0,0,300,0.5,1700,0.5,0
11,2,235,1,0,300,0.5,1700,0.5,2
11,3,116,2,10,5,0,300,0.5,1700,0.5,1
11,4,151,0,0,500,0.6,1000,0.2,1400,0.2,2
11,5,810,0,0,500,0.6,1000,0.2,1400,0.2,0
11,6,620,2,10,5,0,300,0.5,1700,0.5,0
11,7,905,1,0,500,0.6,1000,0.2,1400,0.2,0
11,8,124,1,0,500,0.6,1000,0.2,1400,0.2,1
11,9,568,0,0,300,0.5,1700,0.5,2
11,10,633,2,10,5,0,300,0.5,1700,0.5,1
11,11,502,2,10,5,0,500,0.6,1000,0.2,1400,0.2,1
11,12,512,0,0,300,0.5,1700,0.5,0
11,13,465,1,0,500,0.6,1000,0.2,1400,0.2,1
11,14,565,1,0,500,0.6,1000,0.2,1400,0.2,2
11,15,57,0,0,500,0.6,1000,0.2,1400,0.2,2
11,16,912,2,10,5,0,500,0.6,1000,0.2,1400,0.2,0
11,17,929,1,0,500,0.6,1000,0.2,1400,0.2,0
11,18,395,1,0,500,0.6,1000,0.2,1400,0.2,2
11,19,604,1,0,500,0.6,1000,0.2,1400,0.2,1
12,0,674,2,10,5,0,300,0.5,1700,0.5,0
12,1,565,2,10,5,0,500,0.6,1000,0.2,1400,0.2,0
12,2,871,0,0,300,0.5,1700,0.5,0
12,3,592,1,0,300,0.5,1700,0.5,0
12,4,17,0,0,300,0.5,1700,0.5,1
12,5,943,0,0,500,0.6,1000,0.2,1400,0.2,1
12,6,842,2,10,5,0,500,0.6,1000,0.2,1400,0.2,2
12,7,831,1,0,500,0.6,1000,0.2,1400,0.2,2
12,8,547,2,10,5,0,500,0.6,1000,0.2,1400,0.2,0
12,9,994,2,10,5,0,300,0.5,1700,0.5,2
12,10,607,2,10,5,0,500,0.6,1000,0.2,1400,0.2,1
12,11,469,2,10,5,0,500,0.6,1000,0.2,1400,0.2,2
12,12,320,2,10,5,0,300,0.5,1700,0.5,1
12,13,893,1,0,500,0.6,1000,0.2,1400,0.2,2
12,14,673,2,10,5,0,500,0.6,1000,0.2,1400,0.2,1
12,15,96,0,0,300,0.5,1700,0.5,0
12,16,161,1,0,500,0.6,1000,0.2,1400,0.2,1
12,17,129,0,0,500,0.6,1000,0.2,1400,0.2,2
12,18,824,2,10,5,0,500,0.6,1000,0.2,1400,0.2,2
12,19,95,0,0,500,0.6,1000,0.2,1400,0.2,1
13,0,522,2,10,5,0,300,0.5,1700,0.5,1
13,1,671,2,10,5,0,300,0.5,1700,0.5,1
13,2,914,2,10,5,0,300,0.5,1700,0.5,2
13,3,430,0,0,300,0.5,1700,0.5,2
13,4,309,2,10,5,0,300,0.5,1700,0.5,0
13,5,27,2,10,5,0,300,0.5,1700,0.5,2
13,6,52,2,10,5,0,300,0.5,1700,0.5,2
13,7,543,1,0,300,0.5,1700,0.5,1
13,8,117,0,0,300,0.5,1700,0.5,1
13,9,427,0,0,500,0.6,1000,0.2,1400,0.2,2
13,10,320,1,0,500,0.6,1000,0.2,1400,0.2,0
13,11,628,2,10,5,0,500,0.6,1000,0.2,1400,0.2,1
13,12,491,0,0,500,0.6,1000,0.2,1400,0.2,0
13,13,434,0,0,500,0.6,1000,0.2,1400,0.2,1
13,14,399,1,0,500,0.6,1000,0.2,1400,0.2,1
13,15,808,2,10,5,0,500,0.6,1000,0.2,1400,0.2,2
13,16,307,0,0,300,0.5,1700,0.5,1
13,17,46,0,0,300,0.5,1700,0.5,2
13,18,696,2,10,5,0,300,0.5,1700,0.5,1
13,19,741,2,10,5,0,300,0.5,1700,0.5,1
14,0,425,2,10,5,0,300,0.5,1700,0.5,2
14,1,446,2,10,5,0,300,0.5,1700,0.5,2
14,2,255,0,0,300,0.5,1700,0.5,0
14,3,860,2,10,5,0,300,0.5,1700,0.5,2
14,4,799,0,0,500,0.6,1000,0.2,1400,0.2,1
14,5,32,2,10,5,0,300,0.5,1700,0.5,2
14,6,359,0,0,300,0.5,1700,0.5,1
14,7,797,0,0,500,0.6,1000,0.2,1400,0.2,0
14,8,118,1,0,500,0.6,1000,0.2,1400,0.2,0
14,9,837,2,10,5,0,300,0.5,1700,0.5,0
14,10,219,2,10,5,0,500,0.6,1000,0.2,1400,0.2,1
14,11,498,1,0,500,0.6,1000,0.2,1400,0.2,0
14,12,436,0,0,500,0.6,1000,0.2,1400,0.2,2
14,13,959,2,10,5,0,300,0.5,1700,0.5,0
14,14,560,2,10,5,0,500,0.6,1000,0.2,1400,0.2,0
14,15,406,0,0,500,0.6,1000,0.2,1400,0.2,1
14,16,381,0,0,500,0.6,1000,0.2,1400,0.2,2
14,17,626,2,10,5,0,300,0.5,1700,0.5,1
14,18,525,1,0,300,0.5,1700,0.5,2
14,19,338,0,0,500,0.6,1000,0.2,1400,0.2,0
15,0,566,0,0,500,0.6,1000,0.2,1400,0.2,1
15,1,914,0,0,500,0.6,1000,0.2,1400,0.2,0
15,2,215,2,10,5,0,300,0.5,1700,0.5,0
15,3,541,1,0,500,0.6,1000,0.2,1400,0.2,2
15,4,769,1,0,300,0.5,1700,0.5,1
15,5,459,1,0,300,0.5,1700,0.5,0
15,6,933,1,0,300,0.5,1700,0.5,0
15,7,419,1,0,500,0.6,1000,0.2,1400,0.2,2
15,8,305,1,0,300,0.5,1700,0.5,0
15,9,734,2,10,5,0,500,0.6,1000,0.2,1400,0.2,2
15,10,788,2,10,5,0,300,0.5,1700,0.5,0
15,11,742,1,0,500,0.6,1000,0.2,1400,0.2,0
15,12,156,0,0,300,0.5,1700,0.5,1
15,13,510,1,0,300,0.5,1700,0.5,0
15,14,514,0,0,300,0.5,1700,0.5,2
15,15,951,0,0,500,0.6,1000,0.2,1400,0.2,0
15,16,441,2,10,5,0,300,0.5,1700,0.5,0
15,17,241,0,0,500,0.6,1000,0.2,1400,0.2,1
15,18,661,1,0,500,0.6,1000,0.2,1400,0.2,2
15,19,371,2,10,5,0,300,0.5,1700,0.5,2
16,0,98,0,0,300,0.5,1700,0.5,1
16,1,429,2,10,5,0,500,0.6,1000,0.2,1400,0.2,2
16,2,290,1,0,500,0.6,1000,0.2,1400,0.2,2
16,3,667,0,0,300,0.5,1700,0.5,1
16,4,129,1,0,300,0.5,1700,0.5,0
16,5,361,2,10,5,0,500,0.6,1000,0.2,1400,0.2,1
16,6,601,1,0,500,0.6,1000,0.2,1400,0.2,1
16,7,318,0,0,500,0.6,1000,0.2,1400,0.2,0
16,8,585,2,10,5,0,300,0.5,1700,0.5,0
16,9,422,1,0,500,0.6,1000,0.2,1400,0.2,1
16,10,92,2,10,5,0,500,0.6,1000,0.2,1400,0.2,0
16,11,906,0,0,500,0.6,1000,0.2,1400,0.2,1
16,12,769,1,0,300,0.5,1700,0.5,1
16,13,54,1,0,500,0.6,1000,0.2,1400,0.2,1
16,14,741,2,10,5,0,500,0.6,1000,0.2,1400,0.2,0
16,15,120,1,0,300,0.5,1700,0.5,1
16,16,214,0,0,500,0.6,1000,0.2,1400,0.2,2
16,17,967,1,0,500,0.6,1000,0.2,1400,0.2,2
16,18,910,2,10,5,0,500,0.6,1000,0.2,1400,0.2,2
16,19,87,1,0,300,0.5,1700,0.5,2
17,0,818,0,0,300,0.5,1700,0.5,2
17,1,70,0,0,300,0.5,1700,0.5,0
17,2,313,1,0,500,0.6,1000,0.2,1400,0.2,1
17,3,921,1,0,500,0.6,1000,0.2,1400,0.2,2
17,4,676,1,0,300,0.5,1700,0.5,0
17,5,944,1,0,500,0.6,1000,0.2,1400,0.2,2
17,6,405,0,0,500,0.6,1000,0.2,1400,0.2,1
17,7,800,0,0,300,0.5,1700,0.5,2
17,8,880,0,0,500,0.6,1000,0.2,1400,0.2,0
17,9,482,0,0,500,0.6,1000,0.2,1400,0.2,0
17,10,395,2,10,5,0,500,0.6,1000,0.2,1400,0.2,2
17,11,208,2,10,5,0,500,0.6,1000,0.2,1400,0.2,2
17,12,316,1,0,500,0.6,1000,0.2,1400,0.2,2
17,13,355,2,10,5,0,500,0.6,1000,0.2,1400,0.2,1
17,14,436,0,0,500,0.6,1000,0.2,1400,0.2,1
17,15,476,2,10,5,0,300,0.5,1700,0.5,0
17,16,783,1,0,500,0.6,1000,0.2,1400,0.2,0
17,17,610,2,10,5,0,300,0.5,1700,0.5,2
17,18,904,2,10,5,0,300,0.5,1700,0.5,2
17,19,808,2,10,5,0,500,0.6,1000,0.2,1400,0.2,2
18,0,679,0,0,500,0.6,1000,0.2,1400,0.2,2
18,1,300,0,0,500,0.6,1000,0.2,1400,0.2,2
18,2,879,2,10,5,0,500,0.6,1000,0.2,1400,0.2,0
18,3,815,2,10,5,0,500,0.6,1000,0.2,1400,0.2,0
18,4,173,2,10,5,0,300,0.5,1700,0.5,1
18,5,400,2,10,5,0,300,0.5,1700,0.5,0
18,6,702,1,0,500,0.6,1000,0.2,1400,0.2,1
18,7,973,0,0,500,0.6,1000,0.2,1400,0.2,0
18,8,501,2,10,5,0,500,0.6,1000,0.2,1400,0.2,2
18,9,903,0,0,500,0.6,1000,0.2,1400,0.2,1
18,10,405,2,10,5,0,500,0.6,1000,0.2,1400,0.2,0
18,11,154,2,10,5,0,300,0.5,1700,0.5,1
18,12,94,0,0,300,0.5,1700,0.5,1
18,13,331,1,0,300,0.5,1700,0.5,1
18,14,611,2,10,5,0,500,0.6,1000,0.2,1400,0.2,2
18,15,664,2,10,5,0,500,0.6,1000,0.2,1400,0.2,0
18,16,495,0,0,300,0.5,1700,0.5,0
18,17,826,0,0,500,0.6,1000,0.2,1400,0.2,0
18,18,764,2,10,5,0,500,0.6,1000,0.2,1400,0.2,1
18,19,172,2,10,5,0,300,0.5,1700,0.5,1
19,0,961,1,0,300,0.5,1700,0.5,2
19,1,234,1,0,300,0.5,1700,0.5,2
19,2,685,0,0,500,0.6,1000,0.2,1400,0.2,2
19,3,124,2,10,5,0,300,0.5,1700,0.5,1
19,4,258,2,10,5,0,300,0.5,1700,0.5,2
19,5,269,1,0,500,0.6,1000,0.2,1400,0.2,0
19,6,714,2,10,5,0,300,0.5,1700,0.5,0
19,7,937,0,0,500,0.6,1000,0.2,1400,0.2,1
19,8,313,0,0,500,0.6,1000,0.2,1400,0.2,1
19,9,635,2,10,5,0,500,0.6,1000,0.2,1400,0.2,0
19,10,98,0,0,300,0.5,1700,0.5,0
19,11,899,2,10,5,0,500,0.6,1000,0.2,1400,0.2,0
19,12,588,1,0,300,0.5,1700,0.5,2
19,13,718,1,0,500,0.6,1000,0.2,1400,0.2,1
19,14,883,0,0,500,0.6,1000,0.2,1400,0.2,0
19,15,663,0,0,500,0.6,1000,0.2,1400,0.2,2
19,16,940,1,0,500,0.6,1000,0.2,1400,0.2,1
19,17,856,1,0,300,0.5,1700,0.5,1
19,18,254,0,0,300,0.5,1700,0.5,0
19,19,59,0,0,500,0.6,1000,0.2,1400,0.2,2
