0,0,398,1,0,500,0.6,1000,0.2,1400,0.2,2
0,1,247,0,0,500,0.6,1000,0.2,1400,0.2,2
0,2,533,1,0,500,0.6,1000,0.2,1400,0.2,2
0,3,924,2,10,5,0,300,0.5,1700,0.5,1
0,4,793,0,0,300,0.5,1700,0.5,1
0,5,506,2,10,5,0,500,0.6,1000,0.2,1400,0.2,0
0,6,348,0,0,500,0.6,1000,0.2,1400,0.2,1
0,7,708,2,10,5,0,300,0.5,1700,0.5,2
0,8,330,1,0,500,0.6,1000,0.2,1400,0.2,1
0,9,99,1,0,300,0.5,1700,0.5,0
0,10,49,2,10,5,0,300,0.5,1700,0.5,1
0,11,615,1,0,500,0.6,1000,0.2,1400,0.2,1
0,12,389,2,10,5,0,300,0.5,1700,0.5,1
0,13,429,1,0,300,0.5,1700,0.5,0
0,14,761,1,0,300,0.5,1700,0.5,1
0,15,831,1,0,300,0.5,1700,0.5,1
0,16,642,1,0,300,0.5,1700,0.5,0
0,17,804,1,0,500,0.6,1000,0.2,1400,0.2,1
0,18,79,2,10,5,0,500,0.6,1000,0.2,1400,0.2,2
0,19,514,0,0,300,0.5,1700,0.5,0
1,0,301,1,0,300,0.5,1700,0.5,0
1,1,561,1,0,500,0.6,1000,0.2,1400,0.2,2
1,2,353,1,0,500,0.6,1000,0.2,1400,0.2,2
1,3,136,0,0,500,0.6,1000,0.2,1400,0.2,2
1,4,662,2,10,5,0,300,0.5,1700,0.5,2
1,5,690,0,0,300,0.5,1700,0.5,1
1,6,884,0,0,500,0.6,1000,0.2,1400,0.2,2
1,7,670,0,0,500,0.6,1000,0.2,1400,0.2,2
1,8,116,0,0,500,0.6,1000,0.2,1400,0.2,0
1,9,329,1,0,500,0.6,1000,0.2,1400,0.2,1
1,10,963,0,0,300,0.5,1700,0.5,0
1,11,538,2,10,5,0,300,0.5,1700,0.5,1
1,12,263,1,0,500,0.6,1000,0.2,1400,0.2,0
1,13,975,1,0,500,0.6,1000,0.2,1400,0.2,1
1,14,419,0,0,500,0.6,1000,0.2,1400,0.2,1
1,15,836,1,0,300,0.5,1700,0.5,0
1,16,54,1,0,300,0.5,1700,0.5,2
1,17,535,1,0,500,0.6,1000,0.2,1400,0.2,2
1,18,687,2,10,5,0,500,0.6,1000,0.2,1400,0.2,2
1,19,858,2,10,5,0,500,0.6,1000,0.2,1400,0.2,2
2,0,86,1,0,300,0.5,1700,0.5,0
2,1,21,1,0,500,0.6,1000,0.2,1400,0.2,2
2,2,212,1,0,300,0.5,1700,0.5,1
2,3,65,1,0,500,0.6,1000,0.2,1400,0.2,0
2,4,991,2,10,5,0,500,0.6,1000,0.2,1400,0.2,2
2,5,553,0,0,300,0.5,1700,0.5,2
2,6,476,2,10,5,0,500,0.6,1000,0.2,1400,0.2,0
2,7,369,2,10,5,0,500,0.6,1000,0.2,1400,0.2,0
2,8,192,1,0,500,0.6,1000,0.2,1400,0.2,0
2,9,148,2,10,5,0,300,0.5,1700,0.5,0
2,10,866,1,0,500,0.6,1000,0.2,1400,0.2,1
2,11,259,2,10,5,0,500,0.6,1000,0.2,1400,0.2,0
2,12,603,1,0,500,0.6,1000,0.2,1400,0.2,1
2,13,233,0,0,500,0.6,1000,0.2,1400,0.2,0
2,14,374,0,0,500,0.6,1000,0.2,1400,0.2,1
2,15,629,1,0,300,0.5,1700,0.5,2
2,16,982,0,0,500,0.6,1000,0.2,1400,0.2,2
2,17,424,2,10,5,0,500,0.6,1000,0.2,1400,0.2,0
2,18,104,1,0,300,0.5,1700,0.5,1
2,19,927,2,10,5,0,300,0.5,1700,0.5,1
3,0,303,1,0,300,0.5,1700,0.5,2
3,1,842,2,10,5,0,300,0.5,1700,0.5,2
3,2,56,2,10,5,0,300,0.5,1700,0.5,2
3,3,300,2,10,5,0,300,0.5,1700,0.5,1
3,4,360,1,0,300,0.5,1700,0.5,0
3,5,439,2,10,5,0,500,0.6,1000,0.2,1400,0.2,0
3,6,743,2,10,5,0,300,0.5,1700,0.5,1
3,7,854,0,0,300,0.5,1700,0.5,2
3,8,579,1,0,300,0.5,1700,0.5,2
3,9,323,1,0,300,0.5,1700,0.5,1
3,10,823,2,10,5,0,500,0.6,1000,0.2,1400,0.2,2
3,11,371,1,0,500,0.6,1000,0.2,1400,0.2,0
3,12,30,2,10,5,0,300,0.5,1700,0.5,0
3,13,79,1,0,300,0.5,1700,0.5,0
3,14,824,1,0,300,0.5,1700,0.5,0
3,15,308,2,10,5,0,300,0.5,1700,0.5,1
3,16,654,1,0,500,0.6,1000,0.2,1400,0.2,1
3,17,951,0,0,300,0.5,1700,0.5,1
3,18,702,1,0,500,0.6,1000,0.2,1400,0.2,2
3,19,451,2,10,5,0,300,0.5,1700,0.5,1
4,0,701,0,0,300,0.5,1700,0.5,2
4,1,530,0,0,500,0.6,1000,0.2,1400,0.2,0
4,2,591,2,10,5,0,300,0.5,1700,0.5,1
4,3,208,2,10,5,0,300,0.5,1700,0.5,2
4,4,366,0,0,300,0.5,1700,0.5,1
4,5,874,2,10,5,0,300,0.5,1700,0.5,0
4,6,599,0,0,300,0.5,1700,0.5,0
4,7,318,2,10,5,0,500,0.6,1000,0.2,1400,0.2,2
4,8,949,2,10,5,0,500,0.6,1000,0.2,1400,0.2,0
4,9,386,0,0,300,0.5,1700,0.5,0
4,10,174,1,0,500,0.6,1000,0.2,1400,0.2,1
4,11,568,1,0,500,0.6,1000,0.2,1400,0.2,0
4,12,67,1,0,300,0.5,1700,0.5,1
4,13,589,2,10,5,0,500,0.6,1000,0.2,1400,0.2,2
4,14,859,0,0,300,0.5,1700,0.5,2
4,15,296,1,0,300,0.5,1700,0.5,2
4,16,394,1,0,300,0.5,1700,0.5,2
4,17,394,0,0,500,0.6,1000,0.2,1400,0.2,0
4,18,946,1,0,500,0.6,1000,0.2,1400,0.2,2
4,19,898,1,0,500,0.6,1000,0.2,1400,0.2,1
5,0,732,0,0,500,0.6,1000,0.2,1400,0.2,1
5,1,10,2,10,5,0,500,0.6,1000,0.2,1400,0.2,2
5,2,555,0,0,300,0.5,1700,0.5,2
5,3,398,1,0,500,0.6,1000,0.2,1400,0.2,0
5,4,257,2,10,5,0,500,0.6,1000,0.2,1400,0.2,2
5,5,288,2,10,5,0,300,0.5,1700,0.5,2
5,6,125,2,10,5,0,300,0.5,1700,0.5,0
5,7,657,0,0,300,0.5,1700,0.5,1
5,8,450,0,0,300,0.5,1700,0.5,1
5,9,791,2,10,5,0,500,0.6,1000,0.2,1400,0.2,1
5,10,371,0,0,300,0.5,1700,0.5,0
5,11,528,1,0,300,0.5,1700,0.5,1
5,12,170,1,0,300,0.5,1700,0.5,0
5,13,343,0,0,500,0.6,1000,0.2,1400,0.2,2
5,14,22,2,10,5,0,300,0.5,1700,0.5,1
5,15,149,1,0,300,0.5,1700,0.5,1
5,16,51,1,0,500,0.6,1000,0.2,1400,0.2,0
5,17,977,1,0,500,0.6,1000,0.2,1400,0.2,0
5,18,378,0,0,300,0.5,1700,0.5,1
5,19,998,2,10,5,0,500,0.6,1000,0.2,1400,0.2,2
6,0,791,2,10,5,0,500,0.6,1000,0.2,1400,0.2,0
6,1,882,2,10,5,0,500,0.6,1000,0.2,1400,0.2,1
6,2,998,0,0,500,0.6,1000,0.2,1400,0.2,1
6,3,915,1,0,300,0.5,1700,0.5,1
6,4,819,0,0,500,0.6,1000,0.2,1400,0.2,0
6,5,907,0,0,500,0.6,1000,0.2,1400,0.2,0
6,6,706,0,0,300,0.5,1700,0.5,0
6,7,966,1,0,300,0.5,1700,0.5,1
6,8,240,2,10,5,0,500,0.6,1000,0.2,1400,0.2,0
6,9,824,1,0,300,0.5,1700,0.5,1
6,10,985,0,0,300,0.5,1700,0.5,1
6,11,931,1,0,300,0.5,1700,0.5,1
6,12,44,2,10,5,0,500,0.6,1000,0.2,1400,0.2,0
6,13,852,2,10,5,0,500,0.6,1000,0.2,1400,0.2,1
6,14,294,1,0,500,0.6,1000,0.2,1400,0.2,0
6,15,311,0,0,300,0.5,1700,0.5,0
6,16,555,1,0,300,0.5,1700,0.5,0
6,17,410,1,0,300,0.5,1700,0.5,2
6,18,67,0,0,500,0.6,1000,0.2,1400,0.2,2
6,19,287,2,10,5,0,300,0.5,1700,0.5,2
7,0,660,1,0,500,0.6,1000,0.2,1400,0.2,1
7,1,802,2,10,5,0,500,0.6,1000,0.2,1400,0.2,1
7,2,245,0,0,300,0.5,1700,0.5,0
7,3,734,2,10,5,0,500,0.6,1000,0.2,1400,0.2,0
7,4,680,1,0,300,0.5,1700,0.5,0
7,5,665,1,0,300,0.5,1700,0.5,2
7,6,829,0,0,500,0.6,1000,0.2,1400,0.2,2
7,7,658,2,10,5,0,300,0.5,1700,0.5,2
7,8,81,1,0,500,0.6,1000,0.2,1400,0.2,0
7,9,894,2,10,5,0,500,0.6,1000,0.2,1400,0.2,0
7,10,757,0,0,300,0.5,1700,0.5,1
7,11,539,0,0,500,0.6,1000,0.2,1400,0.2,1
7,12,354,0,0,300,0.5,1700,0.5,0
7,13,249,1,0,500,0.6,1000,0.2,1400,0.2,1
7,14,230,0,0,500,0.6,1000,0.2,1400,0.2,1
7,15,402,2,10,5,0,300,0.5,1700,0.5,2
7,16,667,2,10,5,0,300,0.5,1700,0.5,1
7,17,524,0,0,300,0.5,1700,0.5,0
7,18,251,0,0,500,0.6,1000,0.2,1400,0.2,1
7,19,420,1,0,300,0.5,1700,0.5,2
8,0,771,0,0,300,0.5,1700,0.5,2
8,1,46,0,0,500,0.6,1000,0.2,1400,0.2,1
8,2,28,0,0,300,0.5,1700,0.5,2
8,3,908,0,0,300,0.5,1700,0.5,1
8,4,514,0,0,500,0.6,1000,0.2,1400,0.2,1
8,5,647,1,0,300,0.5,1700,0.5,0
8,6,667,1,0,500,0.6,1000,0.2,1400,0.2,2
8,7,492,0,0,500,0.6,1000,0.2,1400,0.2,1
8,8,425,0,0,300,0.5,1700,0.5,0
8,9,520,2,10,5,0,300,0.5,1700,0.5,0
8,10,831,1,0,500,0.6,1000,0.2,1400,0.2,2
8,11,871,1,0,500,0.6,1000,0.2,1400,0.2,0
8,12,113,1,0,500,0.6,1000,0.2,1400,0.2,2
8,13,144,0,0,500,0.6,1000,0.2,1400,0.2,2
8,14,470,2,10,5,0,300,0.5,1700,0.5,2
8,15,821,1,0,300,0.5,1700,0.5,0
8,16,563,2,10,5,0,300,0.5,1700,0.5,0
8,17,499,0,0,300,0.5,1700,0.5,0
8,18,987,1,0,500,0.6,1000,0.2,1400,0.2,2
8,19,323,0,0,500,0.6,1000,0.2,1400,0.2,2
9,0,584,2,10,5,0,500,0.6,1000,0.2,1400,0.2,2
9,1,716,1,0,500,0.6,1000,0.2,1400,0.2,2
9,2,747,2,10,5,0,300,0.5,1700,0.5,0
9,3,220,0,0,500,0.6,1000,0.2,1400,0.2,1
9,4,94,2,10,5,0,300,0.5,1700,0.5,0
9,5,43,2,10,5,0,300,0.5,1700,0.5,2
9,6,837,1,0,500,0.6,1000,0.2,1400,0.2,2
9,7,956,2,10,5,0,300,0.5,1700,0.5,1
9,8,653,2,10,5,0,500,0.6,1000,0.2,1400,0.2,0
9,9,192,1,0,500,0.6,1000,0.2,1400,0.2,1
9,10,740,1,0,300,0.5,1700,0.5,2
9,11,991,2,10,5,0,300,0.5,1700,0.5,0
9,12,284,1,0,300,0.5,1700,0.5,1
9,13,210,0,0,500,0.6,1000,0.2,1400,0.2,2
9,14,106,2,10,5,0,300,0.5,1700,0.5,2
9,15,347,0,0,300,0.5,1700,0.5,1
9,16,954,0,0,300,0.5,1700,0.5,2
9,17,131,1,0,300,0.5,1700,0.5,0
9,18,919,0,0,500,0.6,1000,0.2,1400,0.2,2
9,19,703,0,0,300,0.5,1700,0.5,1
10,0,604,0,0,500,0.6,1000,0.2,1400,0.2,0
10,1,159,2,10,5,0,300,0.5,1700,0.5,1
10,2,75,0,0,300,0.5,1700,0.5,1
10,3,271,2,10,5,0,500,0.6,1000,0.2,1400,0.2,2
10,4,968,0,0,500,0.6,1000,0.2,1400,0.2,0
10,5,525,0,0,500,0.6,1000,0.2,1400,0.2,2
10,6,451,0,0,500,0.6,1000,0.2,1400,0.2,2
10,7,347,0,0,300,0.5,1700,0.5,1
10,8,822,2,10,5,0,500,0.6,1000,0.2,1400,0.2,0
10,9,624,0,0,500,0.6,1000,0.2,1400,0.2,1
10,10,331,0,0,300,0.5,1700,0.5,1
10,11,73,2,10,5,0,300,0.5,1700,0.5,0
10,12,56,2,10,5,0,500,0.6,1000,0.2,1400,0.2,1
10,13,355,1,0,300,0.5,1700,0.5,2
10,14,173,2,10,5,0,300,0.5,1700,0.5,2
10,15,40,0,0,500,0.6,1000,0.2,1400,0.2,1
10,16,603,1,0,300,0.5,1700,0.5,1
10,17,85,0,0,300,0.5,1700,0.5,0
10,18,513,1,0,300,0.5,1700,0.5,2
10,19,534,2,10,5,0,500,0.6,1000,0.2,1400,0.2,1
11,0,955,1,0,500,0.6,1000,0.2,1400,0.2,0
11,1,578,2,10,5,0,300,0.5,1700,0.5,1
11,2,463,2,10,5,0,500,0.6,1000,0.2,1400,0.2,1
11,3,50,2,10,5,0,300,0.5,1700,0.5,0
11,4,21,0,0,500,0.6,1000,0.2,1400,0.2,2
11,5,573,0,0,300,0.5,1700,0.5,2
11,6,265,0,0,300,0.5,1700,0.5,0
11,7,364,2,10,5,0,500,0.6,1000,0.2,1400,0.2,2
11,8,960,2,10,5,0,500,0.6,1000,0.2,1400,0.2,1
11,9,831,0,0,300,0.5,1700,0.5,0
11,10,722,1,0,300,0.5,1700,0.5,1
11,11,273,0,0,300,0.5,1700,0.5,1
11,12,151,2,10,5,0,300,0.5,1700,0.5,2
11,13,608,1,0,300,0.5,1700,0.5,0
11,14,812,0,0,300,0.5,1700,0.5,2
11,15,475,2,10,5,0,300,0.5,1700,0.5,2
11,16,75,2,10,5,0,500,0.6,1000,0.2,1400,0.2,1
11,17,650,0,0,500,0.6,1000,0.2,1400,0.2,1
11,18,621,1,0,300,0.5,1700,0.5,2
11,19,494,0,0,500,0.6,1000,0.2,1400,0.2,0
12,0,659,1,0,300,0.5,1700,0.5,1
12,1,612,0,0,300,0.5,1700,0.5,2
12,2,169,2,10,5,0,500,0.6,1000,0.2,1400,0.2,2
12,3,200,0,0,500,0.6,1000,0.2,1400,0.2,1
12,4,731,0,0,500,0.6,1000,0.2,1400,0.2,1
12,5,466,0,0,500,0.6,1000,0.2,1400,0.2,1
12,6,440,2,10,5,0,300,0.5,1700,0.5,1
12,7,662,0,0,300,0.5,1700,0.5,1
12,8,244,2,10,5,0,300,0.5,1700,0.5,2
12,9,259,0,0,300,0.5,1700,0.5,0
12,10,158,1,0,300,0.5,1700,0.5,0
12,11,237,1,0,500,0.6,1000,0.2,1400,0.2,0
12,12,43,2,10,5,0,300,0.5,1700,0.5,1
12,13,445,1,0,500,0.6,1000,0.2,1400,0.2,2
12,14,499,1,0,500,0.6,1000,0.2,1400,0.2,1
12,15,722,1,0,500,0.6,1000,0.2,1400,0.2,1
12,16,487,0,0,500,0.6,1000,0.2,1400,0.2,1
12,17,437,0,0,500,0.6,1000,0.2,1400,0.2,0
12,18,768,0,0,300,0.5,1700,0.5,1
12,19,767,1,0,500,0.6,1000,0.2,1400,0.2,2
13,0,110,2,10,5,0,500,0.6,1000,0.2,1400,0.2,1
13,1,86,2,10,5,0,500,0.6,1000,0.2,1400,0.2,1
13,2,594,2,10,5,0,300,0.5,1700,0.5,1
13,3,455,1,0,300,0.5,1700,0.5,1
13,4,542,1,0,500,0.6,1000,0.2,1400,0.2,1
13,5,275,1,0,300,0.5,1700,0.5,2
13,6,149,1,0,300,0.5,1700,0.5,0
13,7,733,0,0,500,0.6,1000,0.2,1400,0.2,0
13,8,971,2,10,5,0,300,0.5,1700,0.5,2
13,9,737,1,0,300,0.5,1700,0.5,1
13,10,612,0,0,500,0.6,1000,0.2,1400,0.2,2
13,11,535,0,0,500,0.6,1000,0.2,1400,0.2,0
13,12,117,1,0,500,0.6,1000,0.2,1400,0.2,0
13,13,977,2,10,5,0,300,0.5,1700,0.5,0
13,14,401,0,0,500,0.6,1000,0.2,1400,0.2,2
13,15,588,2,10,5,0,300,0.5,1700,0.5,0
13,16,534,1,0,300,0.5,1700,0.5,0
13,17,155,2,10,5,0,300,0.5,1700,0.5,2
13,18,586,1,0,500,0.6,1000,0.2,1400,0.2,2
13,19,191,2,10,5,0,300,0.5,1700,0.5,0
14,0,432,0,0,500,0.6,1000,0.2,1400,0.2,0
14,1,739,2,10,5,0,500,0.6,1000,0.2,1400,0.2,1
14,2,605,1,0,500,0.6,1000,0.2,1400,0.2,1
14,3,293,2,10,5,0,500,0.6,1000,0.2,1400,0.2,1
14,4,376,1,0,500,0.6,1000,0.2,1400,0.2,1
14,5,31,0,0,300,0.5,1700,0.5,1
14,6,801,1,0,500,0.6,1000,0.2,1400,0.2,1
14,7,271,2,10,5,0,500,0.6,1000,0.2,1400,0.2,0
14,8,372,1,0,300,0.5,1700,0.5,2
14,9,693,2,10,5,0,500,0.6,1000,0.2,1400,0.2,1
14,10,712,1,0,300,0.5,1700,0.5,1
14,11,372,0,0,500,0.6,1000,0.2,1400,0.2,0
14,12,279,0,0,300,0.5,1700,0.5,1
14,13,794,1,0,300,0.5,1700,0.5,1
14,14,169,0,0,300,0.5,1700,0.5,0
14,15,235,0,0,300,0.5,1700,0.5,0
14,16,192,0,0,300,0.5,1700,0.5,1
14,17,641,2,10,5,0,500,0.6,1000,0.2,1400,0.2,1
14,18,793,1,0,500,0.6,1000,0.2,1400,0.2,0
14,19,722,2,10,5,0,500,0.6,1000,0.2,1400,0.2,2
15,0,836,2,10,5,0,300,0.5,1700,0.5,1
15,1,396,2,10,5,0,500,0.6,1000,0.2,1400,0.2,2
15,2,612,1,0,300,0.5,1700,0.5,1
15,3,822,1,0,500,0.6,1000,0.2,1400,0.2,2
15,4,513,1,0,500,0.6,1000,0.2,1400,0.2,0
15,5,635,0,0,300,0.5,1700,0.5,0
15,6,719,1,0,300,0.5,1700,0.5,2
15,7,366,2,10,5,0,500,0.6,1000,0.2,1400,0.2,0
15,8,659,2,10,5,0,500,0.6,1000,0.2,1400,0.2,1
15,9,751,1,0,500,0.6,1000,0.2,1400,0.2,1
15,10,205,2,10,5,0,300,0.5,1700,0.5,2
15,11,896,2,10,5,0,300,0.5,1700,0.5,0
15,12,913,2,10,5,0,300,0.5,1700,0.5,0
15,13,238,1,0,500,0.6,1000,0.2,1400,0.2,2
15,14,895,0,0,500,0.6,1000,0.2,1400,0.2,0
15,15,863,0,0,300,0.5,1700,0.5,2
15,16,777,2,10,5,0,500,0.6,1000,0.2,1400,0.2,2
15,17,369,0,0,500,0.6,1000,0.2,1400,0.2,0
15,18,387,1,0,500,0.6,1000,0.2,1400,0.2,2
15,19,964,2,10,5,0,500,0.6,1000,0.2,1400,0.2,1
16,0,522,1,0,500,0.6,1000,0.2,1400,0.2,1
16,1,556,2,10,5,0,500,0.6,1000,0.2,1400,0.2,0
16,2,843,0,0,500,0.6,1000,0.2,1400,0.2,0
16,3,882,0,0,300,0.5,1700,0.5,1
16,4,110,2,10,5,0,500,0.6,1000,0.2,1400,0.2,1
16,5,635,2,10,5,0,500,0.6,1000,0.2,1400,0.2,2
16,6,705,0,0,500,0.6,1000,0.2,1400,0.2,0
16,7,591,1,0,300,0.5,1700,0.5,1
16,8,996,2,10,5,0,500,0.6,1000,0.2,1400,0.2,2
16,9,803,0,0,300,0.5,1700,0.5,2
16,10,738,2,10,5,0,300,0.5,1700,0.5,1
16,11,406,0,0,500,0.6,1000,0.2,1400,0.2,1
16,12,301,0,0,500,0.6,1000,0.2,1400,0.2,1
16,13,202,2,10,5,0,500,0.6,1000,0.2,1400,0.2,1
16,14,618,1,0,300,0.5,1700,0.5,0
16,15,390,0,0,500,0.6,1000,0.2,1400,0.2,1
16,16,80,1,0,300,0.5,1700,0.5,0
16,17,670,0,0,300,0.5,1700,0.5,0
16,18,600,2,10,5,0,300,0.5,1700,0.5,2
16,19,698,2,10,5,0,300,0.5,1700,0.5,0
17,0,539,2,10,5,0,300,0.5,1700,0.5,0
17,1,762,2,10,5,0,500,0.6,1000,0.2,1400,0.2,2
17,2,846,1,0,500,0.6,1000,0.2,1400,0.2,0
17,3,665,1,0,300,0.5,1700,0.5,2
17,4,900,2,10,5,0,300,0.5,1700,0.5,2
17,5,748,1,0,300,0.5,1700,0.5,0
17,6,993,1,0,500,0.6,1000,0.2,1400,0.2,2
17,7,227,1,0,300,0.5,1700,0.5,1
17,8,121,2,10,5,0,300,0.5,1700,0.5,1
17,9,856,2,10,5,0,300,0.5,1700,0.5,0
17,10,147,0,0,500,0.6,1000,0.2,1400,0.2,1
17,11,596,2,10,5,0,500,0.6,1000,0.2,1400,0.2,1
17,12,537,0,0,300,0.5,1700,0.5,0
17,13,825,0,0,500,0.6,1000,0.2,1400,0.2,0
17,14,830,1,0,300,0.5,1700,0.5,1
17,15,891,2,10,5,0,300,0.5,1700,0.5,2
17,16,818,0,0,500,0.6,1000,0.2,1400,0.2,0
17,17,804,1,0,300,0.5,1700,0.5,2
17,18,783,0,0,500,0.6,1000,0.2,1400,0.2,1
17,19,637,2,10,5,0,300,0.5,1700,0.5,1
18,0,494,1,0,300,0.5,1700,0.5,1
18,1,695,1,0,500,0.6,1000,0.2,1400,0.2,0
18,2,144,0,0,500,0.6,1000,0.2,1400,0.2,1
18,3,859,1,0,300,0.5,1700,0.5,0
18,4,934,1,0,300,0.5,1700,0.5,0
18,5,306,1,0,500,0.6,1000,0.2,1400,0.2,0
18,6,211,1,0,500,0.6,1000,0.2,1400,0.2,2
18,7,723,0,0,500,0.6,1000,0.2,1400,0.2,2
18,8,663,1,0,300,0.5,1700,0.5,2
18,9,805,0,0,300,0.5,1700,0.5,1
18,10,178,1,0,300,0.5,1700,0.5,2
18,11,139,2,10,5,0,300,0.5,1700,0.5,1
18,12,927,1,0,300,0.5,1700,0.5,1
18,13,461,1,0,300,0.5,1700,0.5,1
18,14,168,0,0,500,0.6,1000,0.2,1400,0.2,2
18,15,912,1,0,500,0.6,1000,0.2,1400,0.2,1
18,16,502,0,0,300,0.5,1700,0.5,1
18,17,443,2,10,5,0,300,0.5,1700,0.5,1
18,18,730,1,0,300,0.5,1700,0.5,2
18,19,265,2,10,5,0,300,0.5,1700,0.5,1
19,0,349,1,0,500,0.6,1000,0.2,1400,0.2,1
19,1,275,2,10,5,0,300,0.5,1700,0.5,0
19,2,173,1,0,500,0.6,1000,0.2,1400,0.2,0
19,3,739,1,0,500,0.6,1000,0.2,1400,0.2,0
19,4,278,2,10,5,0,500,0.6,1000,0.2,1400,0.2,0
19,5,377,2,10,5,0,500,0.6,1000,0.2,1400,0.2,0
19,6,232,1,0,300,0.5,1700,0.5,0
19,7,955,0,0,300,0.5,1700,0.5,1
19,8,337,2,10,5,0,300,0.5,1700,0.5,1
19,9,471,1,0,300,0.5,1700,0.5,2
19,10,46,1,0,300,0.5,1700,0.5,1
19,11,350,1,0,500,0.6,1000,0.2,1400,0.2,2
19,12,504,2,10,5,0,300,0.5,1700,0.5,2
19,13,322,1,0,500,0.6,1000,0.2,1400,0.2,0
19,14,255,0,0,500,0.6,1000,0.2,1400,0.2,1
19,15,643,0,0,500,0.6,1000,0.2,1400,0.2,2
19,16,868,0,0,500,0.6,1000,0.2,1400,0.2,2
19,17,156,1,0,500,0.6,1000,0.2,1400,0.2,1
19,18,146,0,0,500,0.6,1000,0.2,1400,0.2,1
19,19,548,1,0,300,0.5,1700,0.5,1
