0,0,898,1,0,300,0.5,1700,0.5,0
0,1,490,2,10,5,0,300,0.5,1700,0.5,2
0,2,520,2,10,5,0,300,0.5,1700,0.5,0
0,3,71,1,0,500,0.6,1000,0.2,1400,0.2,2
0,4,371,2,10,5,0,300,0.5,1700,0.5,1
0,5,533,2,10,5,0,500,0.6,1000,0.2,1400,0.2,1
0,6,580,2,10,5,0,300,0.5,1700,0.5,1
0,7,291,0,0,300,0.5,1700,0.5,2
0,8,138,0,0,500,0.6,1000,0.2,1400,0.2,2
0,9,624,2,10,5,0,300,0.5,1700,0.5,0
0,10,661,1,0,300,0.5,1700,0.5,0
0,11,919,1,0,300,0.5,1700,0.5,1
0,12,902,1,0,500,0.6,1000,0.2,1400,0.2,1
0,13,723,2,10,5,0,300,0.5,1700,0.5,1
0,14,681,1,0,300,0.5,1700,0.5,2
0,15,157,1,0,500,0.6,1000,0.2,1400,0.2,2
0,16,896,0,0,500,0.6,1000,0.2,1400,0.2,1
0,17,466,0,0,300,0.5,1700,0.5,0
0,18,385,2,10,5,0,500,0.6,1000,0.2,1400,0.2,0
0,19,801,0,0,300,0.5,1700,0.5,0
1,0,388,1,0,500,0.6,1000,0.2,1400,0.2,2
1,1,124,2,10,5,0,300,0.5,1700,0.5,1
1,2,484,0,0,300,0.5,1700,0.5,2
1,3,186,0,0,500,0.6,1000,0.2,1400,0.2,0
1,4,467,0,0,300,0.5,1700,0.5,2
1,5,854,1,0,500,0.6,1000,0.2,1400,0.2,2
1,6,197,0,0,300,0.5,1700,0.5,0
1,7,532,1,0,500,0.6,1000,0.2,1400,0.2,1
1,8,154,1,0,500,0.6,1000,0.2,1400,0.2,1
1,9,997,2,10,5,0,300,0.5,1700,0.5,2
1,10,857,0,0,500,0.6,1000,0.2,1400,0.2,1
1,11,227,2,10,5,0,500,0.6,1000,0.2,1400,0.2,2
1,12,276,1,0,500,0.6,1000,0.2,1400,0.2,0
1,13,400,2,10,5,0,500,0.6,1000,0.2,1400,0.2,1
1,14,320,0,0,500,0.6,1000,0.2,1400,0.2,0
1,15,395,2,10,5,0,500,0.6,1000,0.2,1400,0.2,0
1,16,558,2,10,5,0,300,0.5,1700,0.5,0
1,17,218,1,0,300,0.5,1700,0.5,0
1,18,918,1,0,500,0.6,1000,0.2,1400,0.2,1
1,19,92,1,0,500,0.6,1000,0.2,1400,0.2,0
2,0,708,2,10,5,0,300,0.5,1700,0.5,1
2,1,860,2,10,5,0,500,0.6,1000,0.2,1400,0.2,0
2,2,602,0,0,300,0.5,1700,0.5,2
2,3,220,0,0,300,0.5,1700,0.5,0
2,4,591,1,0,500,0.6,1000,0.2,1400,0.2,2
2,5,520,0,0,300,0.5,1700,0.5,1
2,6,36,2,10,5,0,500,0.6,1000,0.2,1400,0.2,2
2,7,903,0,0,300,0.5,1700,0.5,2
2,8,453,2,10,5,0,500,0.6,1000,0.2,1400,0.2,0
2,9,232,0,0,500,0.6,1000,0.2,1400,0.2,1
2,10,361,1,0,300,0.5,1700,0.5,0
2,11,799,1,0,500,0.6,1000,0.2,1400,0.2,2
2,12,380,2,10,5,0,500,0.6,1000,0.2,1400,0.2,2
2,13,588,0,0,500,0.6,1000,0.2,1400,0.2,0
2,14,969,2,10,5,0,300,0.5,1700,0.5,1
2,15,450,0,0,500,0.6,1000,0.2,1400,0.2,1
2,16,46,2,10,5,0,500,0.6,1000,0.2,1400,0.2,1
2,17,24,1,0,500,0.6,1000,0.2,1400,0.2,2
2,18,213,1,0,500,0.6,1000,0.2,1400,0.2,1
2,19,323,0,0,300,0.5,1700,0.5,2
3,0,601,2,10,5,0,500,0.6,1000,0.2,1400,0.2,1
3,1,111,1,0,500,0.6,1000,0.2,1400,0.2,0
3,2,405,2,10,5,0,300,0.5,1700,0.5,1
3,3,12,2,10,5,0,500,0.6,1000,0.2,1400,0.2,1
3,4,850,0,0,300,0.5,1700,0.5,2
3,5,694,2,10,5,0,300,0.5,1700,0.5,1
3,6,671,0,0,300,0.5,1700,0.5,2
3,7,370,0,0,500,0.6,1000,0.2,1400,0.2,1
3,8,122,1,0,500,0.6,1000,0.2,1400,0.2,1
3,9,344,1,0,300,0.5,1700,0.5,0
3,10,863,2,10,5,0,500,0.6,1000,0.2,1400,0.2,1
3,11,894,1,0,300,0.5,1700,0.5,2
3,12,375,0,0,300,0.5,1700,0.5,1
3,13,500,1,0,500,0.6,1000,0.2,1400,0.2,0
3,14,440,2,10,5,0,300,0.5,1700,0.5,2
3,15,66,1,0,300,0.5,1700,0.5,1
3,16,112,1,0,300,0.5,1700,0.5,1
3,17,828,1,0,300,0.5,1700,0.5,0
3,18,694,1,0,300,0.5,1700,0.5,1
3,19,653,0,0,500,0.6,1000,0.2,1400,0.2,0
4,0,785,2,10,5,0,300,0.5,1700,0.5,2
4,1,565,2,10,5,0,300,0.5,1700,0.5,0
4,2,888,0,0,500,0.6,1000,0.2,1400,0.2,0
4,3,82,2,10,5,0,500,0.6,1000,0.2,1400,0.2,0
4,4,450,0,0,500,0.6,1000,0.2,1400,0.2,2
4,5,141,2,10,5,0,300,0.5,1700,0.5,0
4,6,716,0,0,500,0.6,1000,0.2,1400,0.2,0
4,7,469,0,0,300,0.5,1700,0.5,1
4,8,551,2,10,5,0,500,0.6,1000,0.2,1400,0.2,0
4,9,103,2,10,5,0,500,0.6,1000,0.2,1400,0.2,1
4,10,440,2,10,5,0,300,0.5,1700,0.5,0
4,11,645,2,10,5,0,500,0.6,1000,0.2,1400,0.2,0
4,12,879,2,10,5,0,500,0.6,1000,0.2,1400,0.2,1
4,13,550,2,10,5,0,500,0.6,1000,0.2,1400,0.2,2
4,14,361,2,10,5,0,500,0.6,1000,0.2,1400,0.2,1
4,15,229,1,0,500,0.6,1000,0.2,1400,0.2,0
4,16,39,2,10,5,0,500,0.6,1000,0.2,1400,0.2,2
4,17,75,1,0,300,0.5,1700,0.5,2
4,18,676,0,0,500,0.6,1000,0.2,1400,0.2,2
4,19,969,2,10,5,0,500,0.6,1000,0.2,1400,0.2,1
5,0,60,0,0,500,0.6,1000,0.2,1400,0.2,2
5,1,531,2,10,5,0,300,0.5,1700,0.5,0
5,2,910,1,0,300,0.5,1700,0.5,2
5,3,859,2,10,5,0,300,0.5,1700,0.5,1
5,4,872,1,0,300,0.5,1700,0.5,2
5,5,996,1,0,500,0.6,1000,0.2,1400,0.2,0
5,6,653,0,0,500,0.6,1000,0.2,1400,0.2,2
5,7,301,0,0,500,0.6,1000,0.2,1400,0.2,2
5,8,220,2,10,5,0,300,0.5,1700,0.5,0
5,9,910,1,0,300,0.5,1700,0.5,1
5,10,696,0,0,300,0.5,1700,0.5,0
5,11,966,2,10,5,0,500,0.6,1000,0.2,1400,0.2,0
5,12,508,0,0,500,0.6,1000,0.2,1400,0.2,1
5,13,737,1,0,300,0.5,1700,0.5,1
5,14,868,1,0,500,0.6,1000,0.2,1400,0.2,1
5,15,720,1,0,500,0.6,1000,0.2,1400,0.2,2
5,16,911,2,10,5,0,500,0.6,1000,0.2,1400,0.2,1
5,17,862,1,0,300,0.5,1700,0.5,2
5,18,205,1,0,500,0.6,1000,0.2,1400,0.2,2
5,19,801,2,10,5,0,300,0.5,1700,0.5,2
6,0,82,0,0,300,0.5,1700,0.5,2
6,1,301,0,0,300,0.5,1700,0.5,0
6,2,391,2,10,5,0,300,0.5,1700,0.5,1
6,3,869,0,0,300,0.5,1700,0.5,1
6,4,66,2,10,5,0,300,0.5,1700,0.5,0
6,5,590,0,0,500,0.6,1000,0.2,1400,0.2,1
6,6,714,0,0,500,0.6,1000,0.2,1400,0.2,0
6,7,296,2,10,5,0,300,0.5,1700,0.5,2
6,8,300,0,0,300,0.5,1700,0.5,2
6,9,434,0,0,300,0.5,1700,0.5,1
6,10,747,0,0,500,0.6,1000,0.2,1400,0.2,1
6,11,266,0,0,500,0.6,1000,0.2,1400,0.2,0
6,12,728,0,0,500,0.6,1000,0.2,1400,0.2,0
6,13,54,1,0,300,0.5,1700,0.5,2
6,14,949,2,10,5,0,300,0.5,1700,0.5,0
6,15,829,1,0,300,0.5,1700,0.5,1
6,16,329,2,10,5,0,500,0.6,1000,0.2,1400,0.2,0
6,17,253,2,10,5,0,300,0.5,1700,0.5,0
6,18,634,0,0,300,0.5,1700,0.5,2
6,19,781,0,0,300,0.5,1700,0.5,0
7,0,743,0,0,500,0.6,1000,0.2,1400,0.2,1
7,1,233,1,0,500,0.6,1000,0.2,1400,0.2,2
7,2,310,2,10,5,0,300,0.5,1700,0.5,2
7,3,322,2,10,5,0,500,0.6,1000,0.2,1400,0.2,2
7,4,129,0,0,300,0.5,1700,0.5,2
7,5,62,2,10,5,0,500,0.6,1000,0.2,1400,0.2,2
7,6,165,1,0,300,0.5,1700,0.5,0
7,7,587,0,0,300,0.5,1700,0.5,1
7,8,896,1,0,500,0.6,1000,0.2,1400,0.2,0
7,9,970,0,0,500,0.6,1000,0.2,1400,0.2,0
7,10,948,2,10,5,0,500,0.6,1000,0.2,1400,0.2,1
7,11,932,2,10,5,0,500,0.6,1000,0.2,1400,0.2,2
7,12,401,0,0,300,0.5,1700,0.5,1
7,13,431,2,10,5,0,500,0.6,1000,0.2,1400,0.2,0
7,14,889,0,0,500,0.6,1000,0.2,1400,0.2,1
7,15,561,0,0,300,0.5,1700,0.5,2
7,16,400,1,0,300,0.5,1700,0.5,1
7,17,49,2,10,5,0,300,0.5,1700,0.5,2
7,18,548,1,0,500,0.6,1000,0.2,1400,0.2,1
7,19,461,0,0,300,0.5,1700,0.5,1
8,0,321,0,0,500,0.6,1000,0.2,1400,0.2,1
8,1,376,0,0,500,0.6,1000,0.2,1400,0.2,1
8,2,415,2,10,5,0,300,0.5,1700,0.5,2
8,3,617,2,10,5,0,300,0.5,1700,0.5,0
8,4,502,0,0,500,0.6,1000,0.2,1400,0.2,0
8,5,271,1,0,300,0.5,1700,0.5,1
8,6,327,0,0,300,0.5,1700,0.5,1
8,7,210,0,0,500,0.6,1000,0.2,1400,0.2,1
8,8,680,0,0,300,0.5,1700,0.5,1
8,9,760,2,10,5,0,500,0.6,1000,0.2,1400,0.2,2
8,10,80,2,10,5,0,500,0.6,1000,0.2,1400,0.2,2
8,11,758,1,0,300,0.5,1700,0.5,0
8,12,242,2,10,5,0,300,0.5,1700,0.5,2
8,13,663,0,0,500,0.6,1000,0.2,1400,0.2,2
8,14,953,2,10,5,0,500,0.6,1000,0.2,1400,0.2,2
8,15,363,0,0,500,0.6,1000,0.2,1400,0.2,2
8,16,925,1,0,500,0.6,1000,0.2,1400,0.2,0
8,17,299,0,0,300,0.5,1700,0.5,0
8,18,975,1,0,500,0.6,1000,0.2,1400,0.2,1
8,19,659,0,0,300,0.5,1700,0.5,2
9,0,711,2,10,5,0,500,0.6,1000,0.2,1400,0.2,1
9,1,784,2,10,5,0,500,0.6,1000,0.2,1400,0.2,2
9,2,881,2,10,5,0,300,0.5,1700,0.5,0
9,3,283,1,0,500,0.6,1000,0.2,1400,0.2,0
9,4,38,0,0,300,0.5,1700,0.5,2
9,5,757,0,0,300,0.5,1700,0.5,1
9,6,365,2,10,5,0,500,0.6,1000,0.2,1400,0.2,0
9,7,473,1,0,500,0.6,1000,0.2,1400,0.2,2
9,8,156,2,10,5,0,500,0.6,1000,0.2,1400,0.2,1
9,9,144,0,0,300,0.5,1700,0.5,2
9,10,341,0,0,300,0.5,1700,0.5,2
9,11,322,1,0,500,0.6,1000,0.2,1400,0.2,0
9,12,417,1,0,300,0.5,1700,0.5,0
9,13,562,2,10,5,0,300,0.5,1700,0.5,0
9,14,251,1,0,500,0.6,1000,0.2,1400,0.2,0
9,15,115,1,0,300,0.5,1700,0.5,1
9,16,273,2,10,5,0,300,0.5,1700,0.5,1
9,17,873,0,0,300,0.5,1700,0.5,2
9,18,489,2,10,5,0,300,0.5,1700,0.5,2
9,19,716,2,10,5,0,500,0.6,1000,0.2,1400,0.2,0
10,0,733,2,10,5,0,500,0.6,1000,0.2,1400,0.2,0
10,1,406,2,10,5,0,300,0.5,1700,0.5,2
10,2,203,2,10,5,0,500,0.6,1000,0.2,1400,0.2,0
10,3,593,1,0,300,0.5,1700,0.5,1
10,4,566,0,0,300,0.5,1700,0.5,1
10,5,738,2,10,5,0,300,0.5,1700,0.5,2
10,6,837,0,0,500,0.6,1000,0.2,1400,0.2,0
10,7,563,0,0,500,0.6,1000,0.2,1400,0.2,2
10,8,763,0,0,300,0.5,1700,0.5,2
10,9,854,2,10,5,0,500,0.6,1000,0.2,1400,0.2,0
10,10,198,1,0,300,0.5,1700,0.5,1
10,11,574,1,0,300,0.5,1700,0.5,1
10,12,650,2,10,5,0,300,0.5,1700,0.5,0
10,13,389,1,0,500,0.6,1000,0.2,1400,0.2,1
10,14,378,1,0,300,0.5,1700,0.5,0
10,15,34,2,10,5,0,500,0.6,1000,0.2,1400,0.2,1
10,16,264,1,0,300,0.5,1700,0.5,2
10,17,729,0,0,300,0.5,1700,0.5,1
10,18,92,1,0,300,0.5,1700,0.5,2
10,19,690,1,0,500,0.6,1000,0.2,1400,0.2,1
11,0,734,1,0,500,0.6,1000,0.2,1400,0.2,1
11,1,667,1,0,300,0.5,1700,0.5,0
11,2,344,1,0,500,0.6,1000,0.2,1400,0.2,0
11,3,313,2,10,5,0,300,0.5,1700,0.5,1
11,4,857,2,10,5,0,300,0.5,1700,0.5,2
11,5,705,0,0,500,0.6,1000,0.2,1400,0.2,0
11,6,768,0,0,300,0.5,1700,0.5,1
11,7,205,0,0,500,0.6,1000,0.2,1400,0.2,2
11,8,33,1,0,500,0.6,1000,0.2,1400,0.2,1
11,9,384,1,0,300,0.5,1700,0.5,1
11,10,840,1,0,500,0.6,1000,0.2,1400,0.2,0
11,11,860,0,0,300,0.5,1700,0.5,0
11,12,211,2,10,5,0,300,0.5,1700,0.5,2
11,13,85,0,0,500,0.6,1000,0.2,1400,0.2,0
11,14,929,1,0,300,0.5,1700,0.5,0
11,15,247,1,0,500,0.6,1000,0.2,1400,0.2,1
11,16,615,2,10,5,0,300,0.5,1700,0.5,0
11,17,225,1,0,300,0.5,1700,0.5,1
11,18,467,0,0,500,0.6,1000,0.2,1400,0.2,0
11,19,933,2,10,5,0,300,0.5,1700,0.5,2
12,0,534,1,0,300,0.5,1700,0.5,2
12,1,177,0,0,300,0.5,1700,0.5,0
12,2,256,0,0,300,0.5,1700,0.5,1
12,3,163,1,0,300,0.5,1700,0.5,1
12,4,504,2,10,5,0,500,0.6,1000,0.2,1400,0.2,0
12,5,884,2,10,5,0,300,0.5,1700,0.5,2
12,6,759,2,10,5,0,500,0.6,1000,0.2,1400,0.2,1
12,7,989,2,10,5,0,300,0.5,1700,0.5,2
12,8,700,2,10,5,0,500,0.6,1000,0.2,1400,0.2,2
12,9,102,1,0,500,0.6,1000,0.2,1400,0.2,2
12,10,819,0,0,500,0.6,1000,0.2,1400,0.2,1
12,11,973,2,10,5,0,300,0.5,1700,0.5,2
12,12,726,1,0,300,0.5,1700,0.5,0
12,13,564,1,0,500,0.6,1000,0.2,1400,0.2,0
12,14,382,2,10,5,0,300,0.5,1700,0.5,2
12,15,457,1,0,300,0.5,1700,0.5,1
12,16,792,2,10,5,0,300,0.5,1700,0.5,2
12,17,457,2,10,5,0,500,0.6,1000,0.2,1400,0.2,2
12,18,35,0,0,300,0.5,1700,0.5,2
12,19,948,1,0,300,0.5,1700,0.5,0
13,0,800,1,0,500,0.6,1000,0.2,1400,0.2,2
13,1,185,1,0,300,0.5,1700,0.5,0
13,2,74,0,0,300,0.5,1700,0.5,0
13,3,308,1,0,500,0.6,1000,0.2,1400,0.2,0
13,4,675,1,0,300,0.5,1700,0.5,0
13,5,249,1,0,500,0.6,1000,0.2,1400,0.2,0
13,6,496,1,0,500,0.6,1000,0.2,1400,0.2,1
13,7,205,0,0,500,0.6,1000,0.2,1400,0.2,1
13,8,368,1,0,500,0.6,1000,0.2,1400,0.2,0
13,9,308,0,0,500,0.6,1000,0.2,1400,0.2,0
13,10,241,0,0,300,0.5,1700,0.5,2
13,11,970,0,0,500,0.6,1000,0.2,1400,0.2,2
13,12,866,1,0,500,0.6,1000,0.2,1400,0.2,2
13,13,104,1,0,500,0.6,1000,0.2,1400,0.2,1
13,14,838,1,0,500,0.6,1000,0.2,1400,0.2,0
13,15,278,2,10,5,0,300,0.5,1700,0.5,1
13,16,27,2,10,5,0,300,0.5,1700,0.5,0
13,17,235,2,10,5,0,500,0.6,1000,0.2,1400,0.2,2
13,18,460,0,0,300,0.5,1700,0.5,2
13,19,548,0,0,500,0.6,1000,0.2,1400,0.2,1
14,0,797,2,10,5,0,500,0.6,1000,0.2,1400,0.2,1
14,1,983,0,0,300,0.5,1700,0.5,0
14,2,815,2,10,5,0,500,0.6,1000,0.2,1400,0.2,2
14,3,25,1,0,300,0.5,1700,0.5,2
14,4,113,2,10,5,0,500,0.6,1000,0.2,1400,0.2,0
14,5,513,0,0,500,0.6,1000,0.2,1400,0.2,1
14,6,642,1,0,500,0.6,1000,0.2,1400,0.2,2
14,7,282,0,0,500,0.6,1000,0.2,1400,0.2,1
14,8,426,1,0,300,0.5,1700,0.5,2
14,9,916,2,10,5,0,300,0.5,1700,0.5,2
14,10,969,1,0,500,0.6,1000,0.2,1400,0.2,2
14,11,905,0,0,500,0.6,1000,0.2,1400,0.2,0
14,12,533,1,0,300,0.5,1700,0.5,0
14,13,902,2,10,5,0,500,0.6,1000,0.2,1400,0.2,2
14,14,399,2,10,5,0,500,0.6,1000,0.2,1400,0.2,2
14,15,677,2,10,5,0,300,0.5,1700,0.5,0
14,16,906,2,10,5,0,300,0.5,1700,0.5,1
14,17,94,0,0,300,0.5,1700,0.5,1
14,18,594,2,10,5,0,500,0.6,1000,0.2,1400,0.2,0
14,19,230,1,0,500,0.6,1000,0.2,1400,0.2,0
15,0,104,2,10,5,0,300,0.5,1700,0.5,1
15,1,308,2,10,5,0,300,0.5,1700,0.5,1
15,2,706,2,10,5,0,300,0.5,1700,0.5,1
15,3,560,0,0,300,0.5,1700,0.5,0
15,4,290,1,0,300,0.5,1700,0.5,0
15,5,443,0,0,500,0.6,1000,0.2,1400,0.2,2
15,6,185,2,10,5,0,500,0.6,1000,0.2,1400,0.2,1
15,7,428,2,10,5,0,500,0.6,1000,0.2,1400,0.2,2
15,8,752,0,0,500,0.6,1000,0.2,1400,0.2,1
15,9,405,2,10,5,0,500,0.6,1000,0.2,1400,0.2,2
15,10,728,2,10,5,0,300,0.5,1700,0.5,0
15,11,511,0,0,300,0.5,1700,0.5,2
15,12,697,1,0,500,0.6,1000,0.2,1400,0.2,2
15,13,828,2,10,5,0,300,0.5,1700,0.5,1
15,14,954,1,0,500,0.6,1000,0.2,1400,0.2,0
15,15,396,2,10,5,0,500,0.6,1000,0.2,1400,0.2,0
15,16,497,0,0,300,0.5,1700,0.5,0
15,17,766,2,10,5,0,300,0.5,1700,0.5,0
15,18,215,0,0,300,0.5,1700,0.5,0
15,19,314,1,0,300,0.5,1700,0.5,2
16,0,15,2,10,5,0,300,0.5,1700,0.5,0
16,1,109,1,0,300,0.5,1700,0.5,0
16,2,292,2,10,5,0,500,0.6,1000,0.2,1400,0.2,1
16,3,951,1,0,500,0.6,1000,0.2,1400,0.2,1
16,4,167,2,10,5,0,500,0.6,1000,0.2,1400,0.2,1
16,5,373,1,0,500,0.6,1000,0.2,1400,0.2,1
16,6,18,2,10,5,0,300,0.5,1700,0.5,0
16,7,129,1,0,500,0.6,1000,0.2,1400,0.2,1
16,8,564,1,0,300,0.5,1700,0.5,2
16,9,471,0,0,300,0.5,1700,0.5,2
16,10,506,1,0,500,0.6,1000,0.2,1400,0.2,2
16,11,332,2,10,5,0,300,0.5,1700,0.5,0
16,12,61,0,0,300,0.5,1700,0.5,2
16,13,989,0,0,300,0.5,1700,0.5,0
16,14,251,2,10,5,0,300,0.5,1700,0.5,1
16,15,351,1,0,500,0.6,1000,0.2,1400,0.2,0
16,16,948,2,10,5,0,500,0.6,1000,0.2,1400,0.2,0
16,17,215,1,0,500,0.6,1000,0.2,1400,0.2,2
16,18,20,1,0,300,0.5,1700,0.5,1
16,19,571,2,10,5,0,500,0.6,1000,0.2,1400,0.2,2
17,0,618,0,0,300,0.5,1700,0.5,0
17,1,992,0,0,500,0.6,1000,0.2,1400,0.2,2
17,2,100,1,0,500,0.6,1000,0.2,1400,0.2,0
17,3,425,1,0,300,0.5,1700,0.5,0
17,4,573,2,10,5,0,300,0.5,1700,0.5,2
17,5,241,2,10,5,0,500,0.6,1000,0.2,1400,0.2,1
17,6,47,0,0,500,0.6,1000,0.2,1400,0.2,0
17,7,128,1,0,500,0.6,1000,0.2,1400,0.2,0
17,8,664,2,10,5,0,300,0.5,1700,0.5,0
17,9,64,1,0,300,0.5,1700,0.5,0
17,10,71,1,0,500,0.6,1000,0.2,1400,0.2,0
17,11,305,2,10,5,0,300,0.5,1700,0.5,0
17,12,375,2,10,5,0,300,0.5,1700,0.5,2
17,13,732,2,10,5,0,500,0.6,1000,0.2,1400,0.2,1
17,14,574,0,0,500,0.6,1000,0.2,1400,0.2,0
17,15,342,2,10,5,0,300,0.5,1700,0.5,1
17,16,967,0,0,500,0.6,1000,0.2,1400,0.2,0
17,17,254,0,0,300,0.5,1700,0.5,1
17,18,663,0,0,500,0.6,1000,0.2,1400,0.2,0
17,19,506,1,0,300,0.5,1700,0.5,2
18,0,948,0,0,500,0.6,1000,0.2,1400,0.2,1
18,1,715,0,0,500,0.6,1000,0.2,1400,0.2,1
18,2,790,0,0,500,0.6,1000,0.2,1400,0.2,1
18,3,364,2,10,5,0,300,0.5,1700,0.5,1
18,4,332,2,10,5,0,500,0.6,1000,0.2,1400,0.2,1
18,5,640,0,0,500,0.6,1000,0.2,1400,0.2,2
18,6,348,2,10,5,0,300,0.5,1700,0.5,0
18,7,512,1,0,300,0.5,1700,0.5,2
18,8,610,2,10,5,0,300,0.5,1700,0.5,0
18,9,229,2,10,5,0,300,0.5,1700,0.5,1
18,10,602,1,0,500,0.6,1000,0.2,1400,0.2,1
18,11,996,0,0,300,0.5,1700,0.5,0
18,12,130,0,0,500,0.6,1000,0.2,1400,0.2,1
18,13,637,1,0,300,0.5,1700,0.5,0
18,14,979,1,0,500,0.6,1000,0.2,1400,0.2,1
18,15,865,2,10,5,0,500,0.6,1000,0.2,1400,0.2,0
18,16,273,0,0,300,0.5,1700,0.5,0
18,17,726,0,0,300,0.5,1700,0.5,0
18,18,680,0,0,500,0.6,1000,0.2,1400,0.2,1
18,19,772,1,0,500,0.6,1000,0.2,1400,0.2,0
19,0,881,0,0,500,0.6,1000,0.2,1400,0.2,2
19,1,800,1,0,500,0.6,1000,0.2,1400,0.2,1
19,2,976,0,0,300,0.5,1700,0.5,2
19,3,79,2,10,5,0,500,0.6,1000,0.2,1400,0.2,1
19,4,456,2,10,5,0,300,0.5,1700,0.5,0
19,5,137,1,0,500,0.6,1000,0.2,1400,0.2,0
19,6,599,2,10,5,0,500,0.6,1000,0.2,1400,0.2,0
19,7,568,1,0,500,0.6,1000,0.2,1400,0.2,2
19,8,661,1,0,300,0.5,1700,0.5,1
19,9,739,0,0,500,0.6,1000,0.2,1400,0.2,2
19,10,584,0,0,500,0.6,1000,0.2,1400,0.2,0
19,11,433,2,10,5,0,500,0.6,1000,0.2,1400,0.2,0
19,12,140,2,10,5,0,500,0.6,1000,0.2,1400,0.2,1
19,13,468,0,0,300,0.5,1700,0.5,2
19,14,672,0,0,300,0.5,1700,0.5,1
19,15,837,2,10,5,0,500,0.6,1000,0.2,1400,0.2,1
19,16,478,1,0,500,0.6,1000,0.2,1400,0.2,2
19,17,169,0,0,500,0.6,1000,0.2,1400,0.2,2
19,18,646,2,10,5,0,500,0.6,1000,0.2,1400,0.2,1
19,19,799,2,10,5,0,300,0.5,1700,0.5,0
