0,0,957,2,10,5,0,300,0.5,1700,0.5,0
0,1,353,2,10,5,0,500,0.6,1000,0.2,1400,0.2,1
0,2,724,1,0,500,0.6,1000,0.2,1400,0.2,0
0,3,230,2,10,5,0,500,0.6,1000,0.2,1400,0.2,1
0,4,789,0,0,300,0.5,1700,0.5,2
0,5,441,0,0,300,0.5,1700,0.5,1
0,6,857,0,0,300,0.5,1700,0.5,2
0,7,294,0,0,300,0.5,1700,0.5,2
0,8,237,2,10,5,0,300,0.5,1700,0.5,0
0,9,741,0,0,300,0.5,1700,0.5,1
0,10,137,2,10,5,0,300,0.5,1700,0.5,0
0,11,395,2,10,5,0,300,0.5,1700,0.5,0
0,12,546,0,0,500,0.6,1000,0.2,1400,0.2,1
0,13,836,1,0,500,0.6,1000,0.2,1400,0.2,0
0,14,703,2,10,5,0,500,0.6,1000,0.2,1400,0.2,0
0,15,914,2,10,5,0,300,0.5,1700,0.5,0
0,16,624,0,0,500,0.6,1000,0.2,1400,0.2,1
0,17,79,2,10,5,0,300,0.5,1700,0.5,1
0,18,25,0,0,500,0.6,1000,0.2,1400,0.2,1
0,19,921,2,10,5,0,300,0.5,1700,0.5,0
1,0,575,0,0,500,0.6,1000,0.2,1400,0.2,0
1,1,676,1,0,500,0.6,1000,0.2,1400,0.2,0
1,2,506,2,10,5,0,500,0.6,1000,0.2,1400,0.2,0
1,3,368,1,0,500,0.6,1000,0.2,1400,0.2,2
1,4,570,1,0,300,0.5,1700,0.5,2
1,5,94,1,0,300,0.5,1700,0.5,2
1,6,470,1,0,300,0.5,1700,0.5,2
1,7,831,0,0,300,0.5,1700,0.5,1
1,8,107,2,10,5,0,500,0.6,1000,0.2,1400,0.2,2
1,9,796,1,0,300,0.5,1700,0.5,1
1,10,283,2,10,5,0,300,0.5,1700,0.5,2
1,11,527,2,10,5,0,500,0.6,1000,0.2,1400,0.2,1
1,12,881,1,0,300,0.5,1700,0.5,0
1,13,227,1,0,300,0.5,1700,0.5,2
1,14,620,0,0,300,0.5,1700,0.5,0
1,15,688,0,0,300,0.5,1700,0.5,1
1,16,88,0,0,500,0.6,1000,0.2,1400,0.2,1
1,17,925,1,0,300,0.5,1700,0.5,2
1,18,746,1,0,500,0.6,1000,0.2,1400,0.2,1
1,19,87,1,0,300,0.5,1700,0.5,2
2,0,864,2,10,5,0,500,0.6,1000,0.2,1400,0.2,0
2,1,285,0,0,300,0.5,1700,0.5,1
2,2,530,1,0,300,0.5,1700,0.5,2
2,3,994,2,10,5,0,300,0.5,1700,0.5,1
2,4,240,0,0,500,0.6,1000,0.2,1400,0.2,1
2,5,702,2,10,5,0,300,0.5,1700,0.5,0
2,6,776,0,0,300,0.5,1700,0.5,2
2,7,680,1,0,500,0.6,1000,0.2,1400,0.2,1
2,8,45,2,10,5,0,300,0.5,1700,0.5,0
2,9,751,2,10,5,0,300,0.5,1700,0.5,1
2,10,181,2,10,5,0,300,0.5,1700,0.5,0
2,11,563,0,0,500,0.6,1000,0.2,1400,0.2,0
2,12,382,0,0,300,0.5,1700,0.5,1
2,13,898,2,10,5,0,500,0.6,1000,0.2,1400,0.2,0
2,14,995,2,10,5,0,300,0.5,1700,0.5,2
2,15,236,0,0,300,0.5,1700,0.5,2
2,16,64,1,0,300,0.5,1700,0.5,2
2,17,556,1,0,300,0.5,1700,0.5,0
2,18,700,1,0,300,0.5,1700,0.5,1
2,19,80,2,10,5,0,300,0.5,1700,0.5,1
3,0,679,0,0,500,0.6,1000,0.2,1400,0.2,2
3,1,258,2,10,5,0,500,0.6,1000,0.2,1400,0.2,0
3,2,496,1,0,500,0.6,1000,0.2,1400,0.2,0
3,3,752,1,0,300,0.5,1700,0.5,0
3,4,374,0,0,300,0.5,1700,0.5,1
3,5,303,2,10,5,0,500,0.6,1000,0.2,1400,0.2,2
3,6,815,1,0,300,0.5,1700,0.5,1
3,7,480,1,0,300,0.5,1700,0.5,0
3,8,960,2,10,5,0,300,0.5,1700,0.5,2
3,9,727,1,0,300,0.5,1700,0.5,1
3,10,982,1,0,300,0.5,1700,0.5,0
3,11,858,1,0,500,0.6,1000,0.2,1400,0.2,2
3,12,737,1,0,300,0.5,1700,0.5,0
3,13,781,0,0,500,0.6,1000,0.2,1400,0.2,0
3,14,408,2,10,5,0,500,0.6,1000,0.2,1400,0.2,1
3,15,117,1,0,500,0.6,1000,0.2,1400,0.2,1
3,16,162,1,0,300,0.5,1700,0.5,2
3,17,556,1,0,500,0.6,1000,0.2,1400,0.2,2
3,18,274,0,0,300,0.5,1700,0.5,1
3,19,150,1,0,500,0.6,1000,0.2,1400,0.2,0
4,0,63,1,0,500,0.6,1000,0.2,1400,0.2,0
4,1,729,1,0,500,0.6,1000,0.2,1400,0.2,0
4,2,128,2,10,5,0,500,0.6,1000,0.2,1400,0.2,1
4,3,414,2,10,5,0,500,0.6,1000,0.2,1400,0.2,0
4,4,679,1,0,300,0.5,1700,0.5,0
4,5,422,1,0,300,0.5,1700,0.5,1
4,6,371,2,10,5,0,300,0.5,1700,0.5,1
4,7,99,0,0,300,0.5,1700,0.5,2
4,8,76,0,0,500,0.6,1000,0.2,1400,0.2,1
4,9,703,1,0,500,0.6,1000,0.2,1400,0.2,0
4,10,960,1,0,300,0.5,1700,0.5,1
4,11,781,2,10,5,0,300,0.5,1700,0.5,0
4,12,314,1,0,500,0.6,1000,0.2,1400,0.2,1
4,13,849,0,0,500,0.6,1000,0.2,1400,0.2,1
4,14,295,2,10,5,0,500,0.6,1000,0.2,1400,0.2,2
4,15,41,0,0,300,0.5,1700,0.5,1
4,16,288,0,0,300,0.5,1700,0.5,0
4,17,104,1,0,300,0.5,1700,0.5,2
4,18,684,1,0,500,0.6,1000,0.2,1400,0.2,2
4,19,495,0,0,500,0.6,1000,0.2,1400,0.2,0
5,0,962,1,0,500,0.6,1000,0.2,1400,0.2,0
5,1,271,1,0,300,0.5,1700,0.5,1
5,2,202,0,0,500,0.6,1000,0.2,1400,0.2,2
5,3,729,0,0,300,0.5,1700,0.5,2
5,4,87,0,0,500,0.6,1000,0.2,1400,0.2,2
5,5,382,2,10,5,0,300,0.5,1700,0.5,0
5,6,534,0,0,500,0.6,1000,0.2,1400,0.2,2
5,7,260,0,0,300,0.5,1700,0.5,0
5,8,680,2,10,5,0,300,0.5,1700,0.5,0
5,9,675,1,0,300,0.5,1700,0.5,2
5,10,77,0,0,300,0.5,1700,0.5,2
5,11,935,2,10,5,0,500,0.6,1000,0.2,1400,0.2,2
5,12,315,1,0,300,0.5,1700,0.5,2
5,13,500,2,10,5,0,500,0.6,1000,0.2,1400,0.2,0
5,14,494,2,10,5,0,300,0.5,1700,0.5,1
5,15,484,0,0,500,0.6,1000,0.2,1400,0.2,2
5,16,888,0,0,300,0.5,1700,0.5,2
5,17,101,0,0,300,0.5,1700,0.5,0
5,18,473,1,0,500,0.6,1000,0.2,1400,0.2,2
5,19,740,0,0,300,0.5,1700,0.5,0
6,0,238,0,0,500,0.6,1000,0.2,1400,0.2,0
6,1,794,0,0,500,0.6,1000,0.2,1400,0.2,1
6,2,672,2,10,5,0,300,0.5,1700,0.5,2
6,3,462,1,0,500,0.6,1000,0.2,1400,0.2,0
6,4,821,0,0,500,0.6,1000,0.2,1400,0.2,1
6,5,90,1,0,500,0.6,1000,0.2,1400,0.2,2
6,6,225,1,0,500,0.6,1000,0.2,1400,0.2,1
6,7,185,1,0,300,0.5,1700,0.5,2
6,8,657,1,0,500,0.6,1000,0.2,1400,0.2,1
6,9,681,2,10,5,0,500,0.6,1000,0.2,1400,0.2,0
6,10,888,2,10,5,0,500,0.6,1000,0.2,1400,0.2,2
6,11,749,0,0,500,0.6,1000,0.2,1400,0.2,0
6,12,603,2,10,5,0,300,0.5,1700,0.5,2
6,13,126,1,0,500,0.6,1000,0.2,1400,0.2,0
6,14,326,0,0,300,0.5,1700,0.5,1
6,15,949,2,10,5,0,300,0.5,1700,0.5,1
6,16,300,0,0,300,0.5,1700,0.5,1
6,17,947,1,0,500,0.6,1000,0.2,1400,0.2,2
6,18,250,1,0,500,0.6,1000,0.2,1400,0.2,1
6,19,866,0,0,300,0.5,1700,0.5,1
7,0,875,0,0,500,0.6,1000,0.2,1400,0.2,2
7,1,125,1,0,300,0.5,1700,0.5,2
7,2,859,2,10,5,0,300,0.5,1700,0.5,0
7,3,612,2,10,5,0,500,0.6,1000,0.2,1400,0.2,1
7,4,68,2,10,5,0,500,0.6,1000,0.2,1400,0.2,0
7,5,200,1,0,500,0.6,1000,0.2,1400,0.2,2
7,6,471,2,10,5,0,500,0.6,1000,0.2,1400,0.2,2
7,7,992,2,10,5,0,300,0.5,1700,0.5,0
7,8,504,1,0,500,0.6,1000,0.2,1400,0.2,1
7,9,923,0,0,500,0.6,1000,0.2,1400,0.2,1
7,10,30,1,0,300,0.5,1700,0.5,2
7,11,796,0,0,300,0.5,1700,0.5,1
7,12,74,1,0,300,0.5,1700,0.5,1
7,13,594,2,10,5,0,500,0.6,1000,0.2,1400,0.2,1
7,14,704,0,0,500,0.6,1000,0.2,1400,0.2,1
7,15,47,1,0,500,0.6,1000,0.2,1400,0.2,1
7,16,663,2,10,5,0,500,0.6,1000,0.2,1400,0.2,0
7,17,855,1,0,500,0.6,1000,0.2,1400,0.2,1
7,18,681,2,10,5,0,300,0.5,1700,0.5,0
7,19,201,2,10,5,0,500,0.6,1000,0.2,1400,0.2,0
8,0,922,1,0,300,0.5,1700,0.5,1
8,1,701,0,0,500,0.6,1000,0.2,1400,0.2,1
8,2,115,2,10,5,0,300,0.5,1700,0.5,1
8,3,595,1,0,500,0.6,1000,0.2,1400,0.2,1
8,4,817,1,0,500,0.6,1000,0.2,1400,0.2,1
8,5,14,1,0,500,0.6,1000,0.2,1400,0.2,2
8,6,518,2,10,5,0,500,0.6,1000,0.2,1400,0.2,2
8,7,797,2,10,5,0,500,0.6,1000,0.2,1400,0.2,2
8,8,487,2,10,5,0,300,0.5,1700,0.5,2
8,9,365,0,0,300,0.5,1700,0.5,2
8,10,161,1,0,500,0.6,1000,0.2,1400,0.2,0
8,11,234,1,0,500,0.6,1000,0.2,1400,0.2,0
8,12,757,1,0,500,0.6,1000,0.2,1400,0.2,2
8,13,337,2,10,5,0,300,0.5,1700,0.5,2
8,14,20,2,10,5,0,500,0.6,1000,0.2,1400,0.2,1
8,15,366,0,0,300,0.5,1700,0.5,2
8,16,378,2,10,5,0,300,0.5,1700,0.5,1
8,17,944,2,10,5,0,500,0.6,1000,0.2,1400,0.2,1
8,18,482,2,10,5,0,500,0.6,1000,0.2,1400,0.2,2
8,19,170,2,10,5,0,500,0.6,1000,0.2,1400,0.2,0
9,0,526,1,0,500,0.6,1000,0.2,1400,0.2,1
9,1,809,1,0,500,0.6,1000,0.2,1400,0.2,0
9,2,597,2,10,5,0,300,0.5,1700,0.5,2
9,3,381,1,0,300,0.5,1700,0.5,0
9,4,301,1,0,500,0.6,1000,0.2,1400,0.2,1
9,5,777,0,0,300,0.5,1700,0.5,2
9,6,486,1,0,300,0.5,1700,0.5,0
9,7,173,0,0,500,0.6,1000,0.2,1400,0.2,2
9,8,656,1,0,500,0.6,1000,0.2,1400,0.2,1
9,9,696,0,0,500,0.6,1000,0.2,1400,0.2,2
9,10,782,0,0,300,0.5,1700,0.5,2
9,11,146,0,0,300,0.5,1700,0.5,1
9,12,900,1,0,300,0.5,1700,0.5,2
9,13,794,0,0,300,0.5,1700,0.5,1
9,14,318,0,0,500,0.6,1000,0.2,1400,0.2,0
9,15,28,0,0,500,0.6,1000,0.2,1400,0.2,2
9,16,416,0,0,500,0.6,1000,0.2,1400,0.2,1
9,17,617,0,0,500,0.6,1000,0.2,1400,0.2,2
9,18,45,0,0,300,0.5,1700,0.5,0
9,19,668,2,10,5,0,300,0.5,1700,0.5,0
10,0,956,1,0,500,0.6,1000,0.2,1400,0.2,0
10,1,939,0,0,300,0.5,1700,0.5,2
10,2,946,0,0,500,0.6,1000,0.2,1400,0.2,2
10,3,909,0,0,500,0.6,1000,0.2,1400,0.2,1
10,4,197,2,10,5,0,500,0.6,1000,0.2,1400,0.2,2
10,5,861,0,0,500,0.6,1000,0.2,1400,0.2,0
10,6,166,0,0,500,0.6,1000,0.2,1400,0.2,2
10,7,969,1,0,300,0.5,1700,0.5,2
10,8,688,0,0,500,0.6,1000,0.2,1400,0.2,1
10,9,535,2,10,5,0,500,0.6,1000,0.2,1400,0.2,2
10,10,235,0,0,500,0.6,1000,0.2,1400,0.2,0
10,11,199,1,0,300,0.5,1700,0.5,2
10,12,234,2,10,5,0,500,0.6,1000,0.2,1400,0.2,1
10,13,823,1,0,300,0.5,1700,0.5,1
10,14,717,2,10,5,0,500,0.6,1000,0.2,1400,0.2,0
10,15,304,0,0,300,0.5,1700,0.5,1
10,16,67,0,0,300,0.5,1700,0.5,2
10,17,908,0,0,300,0.5,1700,0.5,1
10,18,980,0,0,300,0.5,1700,0.5,0
10,19,555,1,0,500,0.6,1000,0.2,1400,0.2,2
11,0,506,1,0,300,0.5,1700,0.5,1
11,1,239,0,0,500,0.6,1000,0.2,1400,0.2,1
11,2,137,1,0,300,0.5,1700,0.5,2
11,3,93,1,0,500,0.6,1000,0.2,1400,0.2,0
11,4,406,2,10,5,0,300,0.5,1700,0.5,2
11,5,483,1,0,300,0.5,1700,0.5,0
11,6,370,2,10,5,0,300,0.5,1700,0.5,0
11,7,682,2,10,5,0,500,0.6,1000,0.2,1400,0.2,2
11,8,585,2,10,5,0,300,0.5,1700,0.5,2
11,9,518,1,0,300,0.5,1700,0.5,2
11,10,848,2,10,5,0,300,0.5,1700,0.5,0
11,11,419,2,10,5,0,500,0.6,1000,0.2,1400,0.2,2
11,12,252,2,10,5,0,300,0.5,1700,0.5,2
11,13,706,2,10,5,0,300,0.5,1700,0.5,1
11,14,502,1,0,500,0.6,1000,0.2,1400,0.2,0
11,15,859,0,0,500,0.6,1000,0.2,1400,0.2,2
11,16,524,2,10,5,0,500,0.6,1000,0.2,1400,0.2,1
11,17,973,0,0,300,0.5,1700,0.5,2
11,18,361,2,10,5,0,300,0.5,1700,0.5,0
11,19,422,1,0,300,0.5,1700,0.5,2
12,0,139,2,10,5,0,300,0.5,1700,0.5,2
12,1,384,2,10,5,0,300,0.5,1700,0.5,1
12,2,262,0,0,500,0.6,1000,0.2,1400,0.2,1
12,3,64,2,10,5,0,500,0.6,1000,0.2,1400,0.2,1
12,4,728,1,0,500,0.6,1000,0.2,1400,0.2,1
12,5,779,1,0,500,0.6,1000,0.2,1400,0.2,1
12,6,135,0,0,500,0.6,1000,0.2,1400,0.2,2
12,7,965,0,0,500,0.6,1000,0.2,1400,0.2,2
12,8,275,1,0,500,0.6,1000,0.2,1400,0.2,2
12,9,178,1,0,300,0.5,1700,0.5,2
12,10,815,1,0,300,0.5,1700,0.5,2
12,11,934,1,0,300,0.5,1700,0.5,2
12,12,839,1,0,500,0.6,1000,0.2,1400,0.2,2
12,13,639,0,0,500,0.6,1000,0.2,1400,0.2,0
12,14,763,2,10,5,0,300,0.5,1700,0.5,2
12,15,848,0,0,500,0.6,1000,0.2,1400,0.2,0
12,16,391,0,0,300,0.5,1700,0.5,0
12,17,93,2,10,5,0,300,0.5,1700,0.5,2
12,18,750,0,0,300,0.5,1700,0.5,2
12,19,665,0,0,500,0.6,1000,0.2,1400,0.2,0
13,0,753,2,10,5,0,500,0.6,1000,0.2,1400,0.2,2
13,1,676,1,0,500,0.6,1000,0.2,1400,0.2,1
13,2,759,2,10,5,0,500,0.6,1000,0.2,1400,0.2,0
13,3,785,2,10,5,0,300,0.5,1700,0.5,0
13,4,963,1,0,500,0.6,1000,0.2,1400,0.2,1
13,5,411,0,0,300,0.5,1700,0.5,0
13,6,917,2,10,5,0,500,0.6,1000,0.2,1400,0.2,1
13,7,55,1,0,300,0.5,1700,0.5,0
13,8,314,0,0,300,0.5,1700,0.5,0
13,9,406,2,10,5,0,500,0.6,1000,0.2,1400,0.2,1
13,10,112,0,0,500,0.6,1000,0.2,1400,0.2,2
13,11,673,0,0,500,0.6,1000,0.2,1400,0.2,2
13,12,987,1,0,500,0.6,1000,0.2,1400,0.2,1
13,13,816,1,0,300,0.5,1700,0.5,1
13,14,705,0,0,500,0.6,1000,0.2,1400,0.2,2
13,15,29,0,0,300,0.5,1700,0.5,1
13,16,104,1,0,300,0.5,1700,0.5,0
13,17,997,1,0,500,0.6,1000,0.2,1400,0.2,0
13,18,597,1,0,300,0.5,1700,0.5,0
13,19,485,1,0,300,0.5,1700,0.5,2
14,0,212,0,0,500,0.6,1000,0.2,1400,0.2,1
14,1,954,1,0,300,0.5,1700,0.5,1
14,2,827,2,10,5,0,300,0.5,1700,0.5,0
14,3,443,0,0,500,0.6,1000,0.2,1400,0.2,2
14,4,704,0,0,500,0.6,1000,0.2,1400,0.2,2
14,5,54,2,10,5,0,500,0.6,1000,0.2,1400,0.2,1
14,6,665,1,0,500,0.6,1000,0.2,1400,0.2,0
14,7,204,2,10,5,0,300,0.5,1700,0.5,0
14,8,477,0,0,500,0.6,1000,0.2,1400,0.2,0
14,9,231,0,0,300,0.5,1700,0.5,2
14,10,264,1,0,500,0.6,1000,0.2,1400,0.2,1
14,11,326,0,0,300,0.5,1700,0.5,1
14,12,748,0,0,500,0.6,1000,0.2,1400,0.2,0
14,13,253,1,0,500,0.6,1000,0.2,1400,0.2,2
14,14,240,1,0,300,0.5,1700,0.5,1
14,15,221,1,0,300,0.5,1700,0.5,1
14,16,156,2,10,5,0,300,0.5,1700,0.5,0
14,17,281,1,0,300,0.5,1700,0.5,2
14,18,345,2,10,5,0,500,0.6,1000,0.2,1400,0.2,1
14,19,323,1,0,500,0.6,1000,0.2,1400,0.2,2
15,0,678,0,0,500,0.6,1000,0.2,1400,0.2,0
15,1,850,0,0,500,0.6,1000,0.2,1400,0.2,1
15,2,416,0,0,300,0.5,1700,0.5,1
15,3,757,2,10,5,0,300,0.5,1700,0.5,1
15,4,757,2,10,5,0,300,0.5,1700,0.5,2
15,5,682,0,0,300,0.5,1700,0.5,1
15,6,249,1,0,300,0.5,1700,0.5,0
15,7,728,0,0,300,0.5,1700,0.5,2
15,8,62,1,0,300,0.5,1700,0.5,2
15,9,526,1,0,500,0.6,1000,0.2,1400,0.2,2
15,10,421,1,0,300,0.5,1700,0.5,2
15,11,116,2,10,5,0,500,0.6,1000,0.2,1400,0.2,0
15,12,118,0,0,300,0.5,1700,0.5,2
15,13,915,1,0,300,0.5,1700,0.5,1
15,14,187,2,10,5,0,500,0.6,1000,0.2,1400,0.2,0
15,15,308,1,0,500,0.6,1000,0.2,1400,0.2,1
15,16,27,2,10,5,0,300,0.5,1700,0.5,1
15,17,258,1,0,300,0.5,1700,0.5,1
15,18,202,0,0,300,0.5,1700,0.5,0
15,19,105,0,0,500,0.6,1000,0.2,1400,0.2,0
16,0,126,1,0,300,0.5,1700,0.5,2
16,1,909,2,10,5,0,300,0.5,1700,0.5,1
16,2,248,0,0,300,0.5,1700,0.5,1
16,3,133,1,0,300,0.5,1700,0.5,1
16,4,450,1,0,300,0.5,1700,0.5,2
16,5,999,1,0,300,0.5,1700,0.5,1
16,6,721,2,10,5,0,300,0.5,1700,0.5,2
16,7,694,0,0,300,0.5,1700,0.5,2
16,8,787,2,10,5,0,500,0.6,1000,0.2,1400,0.2,1
16,9,386,2,10,5,0,500,0.6,1000,0.2,1400,0.2,1
16,10,186,2,10,5,0,300,0.5,1700,0.5,1
16,11,770,2,10,5,0,500,0.6,1000,0.2,1400,0.2,0
16,12,834,1,0,300,0.5,1700,0.5,0
16,13,178,0,0,300,0.5,1700,0.5,2
16,14,12,1,0,300,0.5,1700,0.5,0
16,15,569,0,0,300,0.5,1700,0.5,0
16,16,764,0,0,500,0.6,1000,0.2,1400,0.2,0
16,17,126,1,0,500,0.6,1000,0.2,1400,0.2,0
16,18,517,1,0,300,0.5,1700,0.5,1
16,19,111,2,10,5,0,500,0.6,1000,0.2,1400,0.2,1
17,0,574,1,0,300,0.5,1700,0.5,1
17,1,169,2,10,5,0,500,0.6,1000,0.2,1400,0.2,2
17,2,60,2,10,5,0,300,0.5,1700,0.5,2
17,3,909,2,10,5,0,500,0.6,1000,0.2,1400,0.2,1
17,4,237,0,0,500,0.6,1000,0.2,1400,0.2,1
17,5,841,2,10,5,0,500,0.6,1000,0.2,1400,0.2,1
17,6,589,1,0,500,0.6,1000,0.2,1400,0.2,0
17,7,156,2,10,5,0,500,0.6,1000,0.2,1400,0.2,0
17,8,326,1,0,500,0.6,1000,0.2,1400,0.2,0
17,9,426,0,0,300,0.5,1700,0.5,1
17,10,240,0,0,500,0.6,1000,0.2,1400,0.2,2
17,11,613,0,0,500,0.6,1000,0.2,1400,0.2,2
17,12,76,2,10,5,0,500,0.6,1000,0.2,1400,0.2,2
17,13,667,0,0,300,0.5,1700,0.5,1
17,14,949,1,0,300,0.5,1700,0.5,2
17,15,985,2,10,5,0,500,0.6,1000,0.2,1400,0.2,0
17,16,333,2,10,5,0,500,0.6,1000,0.2,1400,0.2,0
17,17,335,0,0,300,0.5,1700,0.5,2
17,18,945,0,0,500,0.6,1000,0.2,1400,0.2,2
17,19,735,0,0,500,0.6,1000,0.2,1400,0.2,1
18,0,878,1,0,500,0.6,1000,0.2,1400,0.2,0
18,1,902,0,0,300,0.5,1700,0.5,1
18,2,528,1,0,500,0.6,1000,0.2,1400,0.2,2
18,3,343,2,10,5,0,500,0.6,1000,0.2,1400,0.2,0
18,4,255,1,0,500,0.6,1000,0.2,1400,0.2,2
18,5,698,0,0,300,0.5,1700,0.5,0
18,6,559,1,0,300,0.5,1700,0.5,1
18,7,441,1,0,300,0.5,1700,0.5,1
18,8,797,2,10,5,0,300,0.5,1700,0.5,1
18,9,790,2,10,5,0,300,0.5,1700,0.5,2
18,10,700,2,10,5,0,500,0.6,1000,0.2,1400,0.2,2
18,11,425,0,0,500,0.6,1000,0.2,1400,0.2,0
18,12,931,1,0,300,0.5,1700,0.5,1
18,13,983,1,0,300,0.5,1700,0.5,0
18,14,894,2,10,5,0,500,0.6,1000,0.2,1400,0.2,0
18,15,326,2,10,5,0,500,0.6,1000,0.2,1400,0.2,0
18,16,517,0,0,500,0.6,1000,0.2,1400,0.2,1
18,17,376,1,0,300,0.5,1700,0.5,2
18,18,985,2,10,5,0,500,0.6,1000,0.2,1400,0.2,2
18,19,783,1,0,300,0.5,1700,0.5,2
19,0,678,1,0,300,0.5,1700,0.5,0
19,1,371,0,0,300,0.5,1700,0.5,1
19,2,82,0,0,300,0.5,1700,0.5,0
19,3,977,2,10,5,0,500,0.6,1000,0.2,1400,0.2,1
19,4,397,2,10,5,0,300,0.5,1700,0.5,1
19,5,511,2,10,5,0,500,0.6,1000,0.2,1400,0.2,0
19,6,615,2,10,5,0,300,0.5,1700,0.5,1
19,7,838,0,0,500,0.6,1000,0.2,1400,0.2,2
19,8,950,1,0,500,0.6,1000,0.2,1400,0.2,2
19,9,957,0,0,500,0.6,1000,0.2,1400,0.2,2
19,10,152,1,0,500,0.6,1000,0.2,1400,0.2,2
19,11,458,2,10,5,0,500,0.6,1000,0.2,1400,0.2,2
19,12,673,1,0,500,0.6,1000,0.2,1400,0.2,1
19,13,27,2,10,5,0,300,0.5,1700,0.5,0
19,14,896,1,0,500,0.6,1000,0.2,1400,0.2,1
19,15,97,1,0,500,0.6,1000,0.2,1400,0.2,2
19,16,466,0,0,500,0.6,1000,0.2,1400,0.2,2
19,17,728,0,0,300,0.5,1700,0.5,1
19,18,366,0,0,500,0.6,1000,0.2,1400,0.2,0
19,19,817,2,10,5,0,300,0.5,1700,0.5,0
