0,0,728,2,10,5,0,300,0.5,1700,0.5,2
0,1,109,1,0,500,0.6,1000,0.2,1400,0.2,1
0,2,275,2,10,5,0,300,0.5,1700,0.5,1
0,3,911,2,10,5,0,300,0.5,1700,0.5,2
0,4,691,0,0,300,0.5,1700,0.5,0
0,5,96,2,10,5,0,500,0.6,1000,0.2,1400,0.2,1
0,6,266,1,0,500,0.6,1000,0.2,1400,0.2,2
0,7,391,0,0,300,0.5,1700,0.5,1
0,8,491,1,0,500,0.6,1000,0.2,1400,0.2,2
0,9,519,2,10,5,0,500,0.6,1000,0.2,1400,0.2,2
0,10,136,0,0,300,0.5,1700,0.5,1
0,11,34,1,0,300,0.5,1700,0.5,1
0,12,392,1,0,500,0.6,1000,0.2,1400,0.2,2
0,13,378,0,0,500,0.6,1000,0.2,1400,0.2,0
0,14,137,2,10,5,0,500,0.6,1000,0.2,1400,0.2,2
0,15,234,1,0,300,0.5,1700,0.5,0
0,16,228,1,0,500,0.6,1000,0.2,1400,0.2,2
0,17,205,1,0,500,0.6,1000,0.2,1400,0.2,2
0,18,340,1,0,300,0.5,1700,0.5,1
0,19,407,0,0,500,0.6,1000,0.2,1400,0.2,0
1,0,871,2,10,5,0,300,0.5,1700,0.5,1
1,1,297,1,0,300,0.5,1700,0.5,2
1,2,517,2,10,5,0,500,0.6,1000,0.2,1400,0.2,0
1,3,73,0,0,300,0.5,1700,0.5,2
1,4,828,0,0,500,0.6,1000,0.2,1400,0.2,1
1,5,304,0,0,300,0.5,1700,0.5,0
1,6,229,0,0,300,0.5,1700,0.5,2
1,7,624,2,10,5,0,500,0.6,1000,0.2,1400,0.2,2
1,8,924,2,10,5,0,300,0.5,1700,0.5,1
1,9,444,2,10,5,0,500,0.6,1000,0.2,1400,0.2,1
1,10,82,2,10,5,0,500,0.6,1000,0.2,1400,0.2,1
1,11,436,1,0,500,0.6,1000,0.2,1400,0.2,2
1,12,690,2,10,5,0,300,0.5,1700,0.5,2
1,13,678,1,0,500,0.6,1000,0.2,1400,0.2,0
1,14,729,0,0,500,0.6,1000,0.2,1400,0.2,0
1,15,610,0,0,500,0.6,1000,0.2,1400,0.2,0
1,16,915,0,0,500,0.6,1000,0.2,1400,0.2,0
1,17,604,2,10,5,0,300,0.5,1700,0.5,2
1,18,702,2,10,5,0,500,0.6,1000,0.2,1400,0.2,1
1,19,498,2,10,5,0,500,0.6,1000,0.2,1400,0.2,2
2,0,375,0,0,500,0.6,1000,0.2,1400,0.2,2
2,1,261,1,0,300,0.5,1700,0.5,1
2,2,658,2,10,5,0,500,0.6,1000,0.2,1400,0.2,1
2,3,782,2,10,5,0,300,0.5,1700,0.5,2
2,4,287,1,0,300,0.5,1700,0.5,1
2,5,93,0,0,500,0.6,1000,0.2,1400,0.2,0
2,6,176,0,0,300,0.5,1700,0.5,2
2,7,784,2,10,5,0,500,0.6,1000,0.2,1400,0.2,2
2,8,566,2,10,5,0,500,0.6,1000,0.2,1400,0.2,0
2,9,824,2,10,5,0,300,0.5,1700,0.5,1
2,10,121,2,10,5,0,500,0.6,1000,0.2,1400,0.2,2
2,11,257,1,0,500,0.6,1000,0.2,1400,0.2,1
2,12,72,1,0,300,0.5,1700,0.5,2
2,13,708,2,10,5,0,300,0.5,1700,0.5,1
2,14,178,2,10,5,0,500,0.6,1000,0.2,1400,0.2,1
2,15,906,0,0,500,0.6,1000,0.2,1400,0.2,1
2,16,707,2,10,5,0,500,0.6,1000,0.2,1400,0.2,0
2,17,933,0,0,300,0.5,1700,0.5,1
2,18,752,0,0,500,0.6,1000,0.2,1400,0.2,2
2,19,367,1,0,500,0.6,1000,0.2,1400,0.2,2
3,0,988,2,10,5,0,300,0.5,1700,0.5,2
3,1,24,1,0,300,0.5,1700,0.5,1
3,2,839,0,0,500,0.6,1000,0.2,1400,0.2,0
3,3,803,2,10,5,0,500,0.6,1000,0.2,1400,0.2,2
3,4,942,2,10,5,0,300,0.5,1700,0.5,2
3,5,269,0,0,500,0.6,1000,0.2,1400,0.2,1
3,6,335,1,0,500,0.6,1000,0.2,1400,0.2,0
3,7,783,2,10,5,0,500,0.6,1000,0.2,1400,0.2,0
3,8,542,0,0,300,0.5,1700,0.5,0
3,9,167,2,10,5,0,500,0.6,1000,0.2,1400,0.2,2
3,10,13,0,0,300,0.5,1700,0.5,0
3,11,468,0,0,500,0.6,1000,0.2,1400,0.2,0
3,12,314,2,10,5,0,500,0.6,1000,0.2,1400,0.2,2
3,13,796,2,10,5,0,500,0.6,1000,0.2,1400,0.2,0
3,14,684,0,0,500,0.6,1000,0.2,1400,0.2,0
3,15,355,0,0,500,0.6,1000,0.2,1400,0.2,1
3,16,486,1,0,500,0.6,1000,0.2,1400,0.2,0
3,17,95,2,10,5,0,500,0.6,1000,0.2,1400,0.2,1
3,18,136,1,0,500,0.6,1000,0.2,1400,0.2,1
3,19,182,1,0,300,0.5,1700,0.5,0
4,0,891,0,0,300,0.5,1700,0.5,1
4,1,491,1,0,500,0.6,1000,0.2,1400,0.2,2
4,2,881,1,0,300,0.5,1700,0.5,2
4,3,485,0,0,300,0.5,1700,0.5,0
4,4,968,0,0,500,0.6,1000,0.2,1400,0.2,0
4,5,974,0,0,300,0.5,1700,0.5,1
4,6,189,0,0,500,0.6,1000,0.2,1400,0.2,0
4,7,946,1,0,500,0.6,1000,0.2,1400,0.2,0
4,8,425,1,0,300,0.5,1700,0.5,0
4,9,443,2,10,5,0,500,0.6,1000,0.2,1400,0.2,2
4,10,176,1,0,300,0.5,1700,0.5,0
4,11,668,2,10,5,0,500,0.6,1000,0.2,1400,0.2,2
4,12,397,0,0,300,0.5,1700,0.5,1
4,13,834,1,0,300,0.5,1700,0.5,0
4,14,404,0,0,500,0.6,1000,0.2,1400,0.2,2
4,15,699,2,10,5,0,500,0.6,1000,0.2,1400,0.2,1
4,16,958,1,0,300,0.5,1700,0.5,1
4,17,235,1,0,300,0.5,1700,0.5,0
4,18,646,0,0,300,0.5,1700,0.5,1
4,19,475,2,10,5,0,500,0.6,1000,0.2,1400,0.2,2
5,0,978,1,0,500,0.6,1000,0.2,1400,0.2,1
5,1,514,2,10,5,0,500,0.6,1000,0.2,1400,0.2,1
5,2,782,2,10,5,0,300,0.5,1700,0.5,0
5,3,953,1,0,300,0.5,1700,0.5,0
5,4,210,2,10,5,0,500,0.6,1000,0.2,1400,0.2,1
5,5,266,1,0,300,0.5,1700,0.5,2
5,6,915,0,0,300,0.5,1700,0.5,0
5,7,906,1,0,500,0.6,1000,0.2,1400,0.2,0
5,8,953,1,0,500,0.6,1000,0.2,1400,0.2,0
5,9,627,2,10,5,0,300,0.5,1700,0.5,0
5,10,494,1,0,300,0.5,1700,0.5,1
5,11,304,1,0,300,0.5,1700,0.5,0
5,12,63,2,10,5,0,500,0.6,1000,0.2,1400,0.2,2
5,13,801,2,10,5,0,300,0.5,1700,0.5,1
5,14,912,1,0,300,0.5,1700,0.5,1
5,15,239,2,10,5,0,300,0.5,1700,0.5,0
5,16,401,0,0,300,0.5,1700,0.5,2
5,17,101,1,0,500,0.6,1000,0.2,1400,0.2,1
5,18,291,1,0,300,0.5,1700,0.5,2
5,19,824,2,10,5,0,500,0.6,1000,0.2,1400,0.2,1
6,0,309,2,10,5,0,500,0.6,1000,0.2,1400,0.2,0
6,1,173,1,0,300,0.5,1700,0.5,0
6,2,716,0,0,500,0.6,1000,0.2,1400,0.2,1
6,3,231,0,0,300,0.5,1700,0.5,1
6,4,290,2,10,5,0,300,0.5,1700,0.5,2
6,5,172,2,10,5,0,300,0.5,1700,0.5,1
6,6,235,2,10,5,0,300,0.5,1700,0.5,2
6,7,420,2,10,5,0,300,0.5,1700,0.5,1
6,8,517,0,0,500,0.6,1000,0.2,1400,0.2,2
6,9,106,1,0,500,0.6,1000,0.2,1400,0.2,0
6,10,912,0,0,300,0.5,1700,0.5,1
6,11,300,0,0,300,0.5,1700,0.5,0
6,12,941,0,0,300,0.5,1700,0.5,1
6,13,146,1,0,500,0.6,1000,0.2,1400,0.2,0
6,14,79,0,0,300,0.5,1700,0.5,2
6,15,664,1,0,300,0.5,1700,0.5,2
6,16,526,1,0,500,0.6,1000,0.2,1400,0.2,0
6,17,810,1,0,500,0.6,1000,0.2,1400,0.2,1
6,18,174,2,10,5,0,500,0.6,1000,0.2,1400,0.2,1
6,19,108,1,0,300,0.5,1700,0.5,1
7,0,911,0,0,500,0.6,1000,0.2,1400,0.2,1
7,1,738,1,0,300,0.5,1700,0.5,0
7,2,142,0,0,500,0.6,1000,0.2,1400,0.2,1
7,3,721,0,0,500,0.6,1000,0.2,1400,0.2,1
7,4,906,1,0,300,0.5,1700,0.5,0
7,5,639,1,0,500,0.6,1000,0.2,1400,0.2,2
7,6,78,0,0,500,0.6,1000,0.2,1400,0.2,1
7,7,663,1,0,500,0.6,1000,0.2,1400,0.2,2
7,8,504,1,0,500,0.6,1000,0.2,1400,0.2,0
7,9,322,0,0,500,0.6,1000,0.2,1400,0.2,0
7,10,383,0,0,300,0.5,1700,0.5,0
7,11,517,0,0,500,0.6,1000,0.2,1400,0.2,1
7,12,505,1,0,300,0.5,1700,0.5,1
7,13,697,1,0,300,0.5,1700,0.5,0
7,14,446,1,0,500,0.6,1000,0.2,1400,0.2,2
7,15,91,0,0,500,0.6,1000,0.2,1400,0.2,0
7,16,425,0,0,300,0.5,1700,0.5,2
7,17,234,1,0,500,0.6,1000,0.2,1400,0.2,0
7,18,748,2,10,5,0,500,0.6,1000,0.2,1400,0.2,0
7,19,976,0,0,300,0.5,1700,0.5,1
8,0,487,1,0,300,0.5,1700,0.5,0
8,1,482,1,0,300,0.5,1700,0.5,0
8,2,459,1,0,500,0.6,1000,0.2,1400,0.2,0
8,3,891,2,10,5,0,300,0.5,1700,0.5,1
8,4,451,2,10,5,0,300,0.5,1700,0.5,0
8,5,575,0,0,500,0.6,1000,0.2,1400,0.2,2
8,6,792,1,0,300,0.5,1700,0.5,2
8,7,439,2,10,5,0,500,0.6,1000,0.2,1400,0.2,2
8,8,775,2,10,5,0,300,0.5,1700,0.5,0
8,9,527,0,0,500,0.6,1000,0.2,1400,0.2,2
8,10,586,1,0,500,0.6,1000,0.2,1400,0.2,1
8,11,354,2,10,5,0,500,0.6,1000,0.2,1400,0.2,1
8,12,168,0,0,300,0.5,1700,0.5,0
8,13,293,0,0,500,0.6,1000,0.2,1400,0.2,1
8,14,788,2,10,5,0,300,0.5,1700,0.5,0
8,15,969,2,10,5,0,500,0.6,1000,0.2,1400,0.2,1
8,16,892,1,0,500,0.6,1000,0.2,1400,0.2,1
8,17,401,0,0,300,0.5,1700,0.5,0
8,18,50,0,0,300,0.5,1700,0.5,2
8,19,673,2,10,5,0,500,0.6,1000,0.2,1400,0.2,1
9,0,173,2,10,5,0,300,0.5,1700,0.5,2
9,1,675,2,10,5,0,300,0.5,1700,0.5,1
9,2,791,1,0,300,0.5,1700,0.5,1
9,3,67,1,0,300,0.5,1700,0.5,0
9,4,341,0,0,300,0.5,1700,0.5,1
9,5,764,1,0,500,0.6,1000,0.2,1400,0.2,1
9,6,557,1,0,500,0.6,1000,0.2,1400,0.2,2
9,7,788,1,0,500,0.6,1000,0.2,1400,0.2,0
9,8,549,0,0,300,0.5,1700,0.5,1
9,9,240,2,10,5,0,300,0.5,1700,0.5,2
9,10,179,0,0,300,0.5,1700,0.5,2
9,11,870,2,10,5,0,300,0.5,1700,0.5,2
9,12,541,1,0,300,0.5,1700,0.5,0
9,13,76,0,0,300,0.5,1700,0.5,1
9,14,795,1,0,500,0.6,1000,0.2,1400,0.2,2
9,15,740,1,0,500,0.6,1000,0.2,1400,0.2,1
9,16,806,2,10,5,0,300,0.5,1700,0.5,1
9,17,808,1,0,500,0.6,1000,0.2,1400,0.2,0
9,18,992,1,0,500,0.6,1000,0.2,1400,0.2,1
9,19,224,2,10,5,0,500,0.6,1000,0.2,1400,0.2,1
10,0,676,1,0,500,0.6,1000,0.2,1400,0.2,2
10,1,582,1,0,500,0.6,1000,0.2,1400,0.2,2
10,2,726,0,0,300,0.5,1700,0.5,0
10,3,765,1,0,300,0.5,1700,0.5,2
10,4,262,0,0,300,0.5,1700,0.5,1
10,5,126,2,10,5,0,300,0.5,1700,0.5,2
10,6,638,2,10,5,0,500,0.6,1000,0.2,1400,0.2,2
10,7,495,2,10,5,0,300,0.5,1700,0.5,0
10,8,707,1,0,300,0.5,1700,0.5,1
10,9,603,0,0,500,0.6,1000,0.2,1400,0.2,0
10,10,236,1,0,300,0.5,1700,0.5,0
10,11,577,1,0,500,0.6,1000,0.2,1400,0.2,2
10,12,123,2,10,5,0,500,0.6,1000,0.2,1400,0.2,2
10,13,786,2,10,5,0,500,0.6,1000,0.2,1400,0.2,2
10,14,599,1,0,300,0.5,1700,0.5,0
10,15,661,0,0,300,0.5,1700,0.5,1
10,16,322,1,0,500,0.6,1000,0.2,1400,0.2,1
10,17,799,1,0,300,0.5,1700,0.5,2
10,18,359,0,0,300,0.5,1700,0.5,2
10,19,467,0,0,500,0.6,1000,0.2,1400,0.2,1
11,0,502,2,10,5,0,500,0.6,1000,0.2,1400,0.2,2
11,1,395,2,10,5,0,500,0.6,1000,0.2,1400,0.2,2
11,2,716,0,0,300,0.5,1700,0.5,1
11,3,688,0,0,500,0.6,1000,0.2,1400,0.2,0
11,4,796,2,10,5,0,300,0.5,1700,0.5,0
11,5,129,1,0,500,0.6,1000,0.2,1400,0.2,1
11,6,16,1,0,500,0.6,1000,0.2,1400,0.2,1
11,7,200,1,0,500,0.6,1000,0.2,1400,0.2,2
11,8,666,1,0,500,0.6,1000,0.2,1400,0.2,0
11,9,436,1,0,500,0.6,1000,0.2,1400,0.2,0
11,10,544,1,0,300,0.5,1700,0.5,1
11,11,390,2,10,5,0,300,0.5,1700,0.5,2
11,12,257,1,0,300,0.5,1700,0.5,0
11,13,738,0,0,300,0.5,1700,0.5,1
11,14,254,0,0,300,0.5,1700,0.5,1
11,15,242,2,10,5,0,300,0.5,1700,0.5,0
11,16,858,0,0,300,0.5,1700,0.5,0
11,17,443,2,10,5,0,500,0.6,1000,0.2,1400,0.2,1
11,18,13,2,10,5,0,300,0.5,1700,0.5,1
11,19,434,1,0,500,0.6,1000,0.2,1400,0.2,0
12,0,126,1,0,300,0.5,1700,0.5,0
12,1,233,2,10,5,0,500,0.6,1000,0.2,1400,0.2,2
12,2,393,0,0,300,0.5,1700,0.5,0
12,3,526,2,10,5,0,500,0.6,1000,0.2,1400,0.2,1
12,4,678,2,10,5,0,500,0.6,1000,0.2,1400,0.2,0
12,5,715,0,0,300,0.5,1700,0.5,2
12,6,852,2,10,5,0,300,0.5,1700,0.5,0
12,7,131,1,0,300,0.5,1700,0.5,1
12,8,324,2,10,5,0,500,0.6,1000,0.2,1400,0.2,0
12,9,835,0,0,500,0.6,1000,0.2,1400,0.2,1
12,10,535,0,0,500,0.6,1000,0.2,1400,0.2,2
12,11,433,1,0,300,0.5,1700,0.5,0
12,12,929,1,0,500,0.6,1000,0.2,1400,0.2,2
12,13,140,1,0,300,0.5,1700,0.5,1
12,14,262,1,0,300,0.5,1700,0.5,0
12,15,784,0,0,300,0.5,1700,0.5,0
12,16,459,2,10,5,0,500,0.6,1000,0.2,1400,0.2,0
12,17,160,2,10,5,0,500,0.6,1000,0.2,1400,0.2,0
12,18,288,2,10,5,0,500,0.6,1000,0.2,1400,0.2,2
12,19,974,2,10,5,0,500,0.6,1000,0.2,1400,0.2,2
13,0,360,1,0,500,0.6,1000,0.2,1400,0.2,0
13,1,625,1,0,500,0.6,1000,0.2,1400,0.2,0
13,2,997,2,10,5,0,300,0.5,1700,0.5,2
13,3,260,2,10,5,0,300,0.5,1700,0.5,2
13,4,781,0,0,500,0.6,1000,0.2,1400,0.2,0
13,5,256,2,10,5,0,500,0.6,1000,0.2,1400,0.2,1
13,6,431,1,0,300,0.5,1700,0.5,0
13,7,446,1,0,500,0.6,1000,0.2,1400,0.2,2
13,8,543,1,0,300,0.5,1700,0.5,0
13,9,752,1,0,300,0.5,1700,0.5,0
13,10,249,0,0,300,0.5,1700,0.5,1
13,11,192,1,0,300,0.5,1700,0.5,1
13,12,230,1,0,300,0.5,1700,0.5,2
13,13,864,0,0,500,0.6,1000,0.2,1400,0.2,0
13,14,901,2,10,5,0,300,0.5,1700,0.5,2
13,15,838,1,0,500,0.6,1000,0.2,1400,0.2,0
13,16,567,1,0,300,0.5,1700,0.5,0
13,17,835,1,0,500,0.6,1000,0.2,1400,0.2,2
13,18,140,1,0,500,0.6,1000,0.2,1400,0.2,0
13,19,807,1,0,500,0.6,1000,0.2,1400,0.2,1
14,0,655,2,10,5,0,500,0.6,1000,0.2,1400,0.2,0
14,1,163,2,10,5,0,500,0.6,1000,0.2,1400,0.2,0
14,2,216,2,10,5,0,500,0.6,1000,0.2,1400,0.2,0
14,3,751,2,10,5,0,500,0.6,1000,0.2,1400,0.2,2
14,4,967,2,10,5,0,500,0.6,1000,0.2,1400,0.2,1
14,5,170,0,0,300,0.5,1700,0.5,0
14,6,493,0,0,500,0.6,1000,0.2,1400,0.2,1
14,7,455,0,0,300,0.5,1700,0.5,2
14,8,702,1,0,300,0.5,1700,0.5,2
14,9,236,2,10,5,0,500,0.6,1000,0.2,1400,0.2,1
14,10,687,0,0,500,0.6,1000,0.2,1400,0.2,1
14,11,551,2,10,5,0,500,0.6,1000,0.2,1400,0.2,1
14,12,888,1,0,300,0.5,1700,0.5,2
14,13,303,2,10,5,0,500,0.6,1000,0.2,1400,0.2,1
14,14,792,2,10,5,0,500,0.6,1000,0.2,1400,0.2,1
14,15,549,0,0,500,0.6,1000,0.2,1400,0.2,2
14,16,864,2,10,5,0,300,0.5,1700,0.5,0
14,17,152,1,0,500,0.6,1000,0.2,1400,0.2,0
14,18,336,1,0,300,0.5,1700,0.5,1
14,19,937,2,10,5,0,500,0.6,1000,0.2,1400,0.2,2
15,0,397,0,0,500,0.6,1000,0.2,1400,0.2,0
15,1,879,2,10,5,0,300,0.5,1700,0.5,1
15,2,999,2,10,5,0,300,0.5,1700,0.5,2
15,3,84,2,10,5,0,300,0.5,1700,0.5,0
15,4,193,1,0,500,0.6,1000,0.2,1400,0.2,0
15,5,248,2,10,5,0,300,0.5,1700,0.5,0
15,6,414,0,0,500,0.6,1000,0.2,1400,0.2,0
15,7,694,1,0,500,0.6,1000,0.2,1400,0.2,2
15,8,115,0,0,500,0.6,1000,0.2,1400,0.2,2
15,9,549,1,0,300,0.5,1700,0.5,1
15,10,748,0,0,300,0.5,1700,0.5,1
15,11,16,0,0,300,0.5,1700,0.5,0
15,12,423,2,10,5,0,500,0.6,1000,0.2,1400,0.2,0
15,13,841,0,0,500,0.6,1000,0.2,1400,0.2,1
15,14,242,2,10,5,0,500,0.6,1000,0.2,1400,0.2,0
15,15,963,0,0,500,0.6,1000,0.2,1400,0.2,2
15,16,49,1,0,300,0.5,1700,0.5,2
15,17,429,1,0,500,0.6,1000,0.2,1400,0.2,0
15,18,950,2,10,5,0,500,0.6,1000,0.2,1400,0.2,2
15,19,654,2,10,5,0,500,0.6,1000,0.2,1400,0.2,0
16,0,978,2,10,5,0,500,0.6,1000,0.2,1400,0.2,0
16,1,13,1,0,300,0.5,1700,0.5,0
16,2,866,2,10,5,0,300,0.5,1700,0.5,0
16,3,78,1,0,500,0.6,1000,0.2,1400,0.2,0
16,4,230,0,0,500,0.6,1000,0.2,1400,0.2,1
16,5,736,0,0,300,0.5,1700,0.5,1
16,6,993,2,10,5,0,500,0.6,1000,0.2,1400,0.2,2
16,7,961,1,0,500,0.6,1000,0.2,1400,0.2,2
16,8,476,1,0,500,0.6,1000,0.2,1400,0.2,0
16,9,667,2,10,5,0,300,0.5,1700,0.5,0
16,10,383,0,0,300,0.5,1700,0.5,1
16,11,664,0,0,300,0.5,1700,0.5,2
16,12,262,1,0,500,0.6,1000,0.2,1400,0.2,1
16,13,521,1,0,500,0.6,1000,0.2,1400,0.2,1
16,14,49,0,0,300,0.5,1700,0.5,1
16,15,499,0,0,300,0.5,1700,0.5,1
16,16,11,0,0,300,0.5,1700,0.5,0
16,17,835,0,0,500,0.6,1000,0.2,1400,0.2,1
16,18,868,0,0,300,0.5,1700,0.5,2
16,19,84,0,0,500,0.6,1000,0.2,1400,0.2,1
17,0,795,1,0,500,0.6,1000,0.2,1400,0.2,1
17,1,617,0,0,300,0.5,1700,0.5,0
17,2,164,0,0,300,0.5,1700,0.5,2
17,3,121,1,0,500,0.6,1000,0.2,1400,0.2,2
17,4,760,0,0,500,0.6,1000,0.2,1400,0.2,1
17,5,411,1,0,300,0.5,1700,0.5,2
17,6,184,1,0,500,0.6,1000,0.2,1400,0.2,2
17,7,77,0,0,500,0.6,1000,0.2,1400,0.2,2
17,8,696,1,0,300,0.5,1700,0.5,2
17,9,895,1,0,300,0.5,1700,0.5,0
17,10,974,0,0,500,0.6,1000,0.2,1400,0.2,0
17,11,971,1,0,500,0.6,1000,0.2,1400,0.2,2
17,12,192,0,0,500,0.6,1000,0.2,1400,0.2,1
17,13,624,1,0,500,0.6,1000,0.2,1400,0.2,2
17,14,208,2,10,5,0,500,0.6,1000,0.2,1400,0.2,2
17,15,450,0,0,500,0.6,1000,0.2,1400,0.2,2
17,16,358,1,0,500,0.6,1000,0.2,1400,0.2,1
17,17,80,0,0,300,0.5,1700,0.5,2
17,18,489,2,10,5,0,300,0.5,1700,0.5,2
17,19,941,1,0,500,0.6,1000,0.2,1400,0.2,1
18,0,642,1,0,300,0.5,1700,0.5,1
18,1,761,0,0,500,0.6,1000,0.2,1400,0.2,1
18,2,420,2,10,5,0,300,0.5,1700,0.5,1
18,3,574,1,0,500,0.6,1000,0.2,1400,0.2,0
18,4,379,0,0,500,0.6,1000,0.2,1400,0.2,2
18,5,851,2,10,5,0,300,0.5,1700,0.5,2
18,6,614,2,10,5,0,300,0.5,1700,0.5,2
18,7,527,0,0,300,0.5,1700,0.5,1
18,8,317,1,0,300,0.5,1700,0.5,2
18,9,176,0,0,500,0.6,1000,0.2,1400,0.2,0
18,10,987,2,10,5,0,500,0.6,1000,0.2,1400,0.2,0
18,11,376,1,0,300,0.5,1700,0.5,1
18,12,881,1,0,300,0.5,1700,0.5,2
18,13,385,2,10,5,0,500,0.6,1000,0.2,1400,0.2,0
18,14,29,2,10,5,0,500,0.6,1000,0.2,1400,0.2,2
18,15,452,0,0,300,0.5,1700,0.5,1
18,16,981,1,0,300,0.5,1700,0.5,1
18,17,230,2,10,5,0,500,0.6,1000,0.2,1400,0.2,2
18,18,726,1,0,500,0.6,1000,0.2,1400,0.2,0
18,19,91,1,0,500,0.6,1000,0.2,1400,0.2,0
19,0,752,0,0,300,0.5,1700,0.5,2
19,1,303,1,0,300,0.5,1700,0.5,2
19,2,831,2,10,5,0,500,0.6,1000,0.2,1400,0.2,0
19,3,892,2,10,5,0,500,0.6,1000,0.2,1400,0.2,2
19,4,985,2,10,5,0,300,0.5,1700,0.5,1
19,5,649,1,0,500,0.6,1000,0.2,1400,0.2,1
19,6,421,0,0,300,0.5,1700,0.5,1
19,7,366,0,0,500,0.6,1000,0.2,1400,0.2,1
19,8,691,2,10,5,0,300,0.5,1700,0.5,1
19,9,477,1,0,300,0.5,1700,0.5,0
19,10,973,0,0,300,0.5,1700,0.5,2
19,11,60,0,0,300,0.5,1700,0.5,2
19,12,171,2,10,5,0,300,0.5,1700,0.5,2
19,13,554,2,10,5,0,500,0.6,1000,0.2,1400,0.2,2
19,14,198,2,10,5,0,300,0.5,1700,0.5,1
19,15,317,2,10,5,0,500,0.6,1000,0.2,1400,0.2,0
19,16,265,0,0,500,0.6,1000,0.2,1400,0.2,0
19,17,131,1,0,300,0.5,1700,0.5,1
19,18,932,0,0,300,0.5,1700,0.5,2
19,19,41,1,0,300,0.5,1700,0.5,0
