0,0,770,1,0,300,0.5,1700,0.5,0
0,1,34,0,0,300,0.5,1700,0.5,1
0,2,239,2,10,5,0,300,0.5,1700,0.5,2
0,3,804,1,0,300,0.5,1700,0.5,1
0,4,920,2,10,5,0,500,0.6,1000,0.2,1400,0.2,0
0,5,451,0,0,500,0.6,1000,0.2,1400,0.2,1
0,6,172,2,10,5,0,500,0.6,1000,0.2,1400,0.2,2
0,7,281,2,10,5,0,500,0.6,1000,0.2,1400,0.2,1
0,8,918,0,0,500,0.6,1000,0.2,1400,0.2,2
0,9,683,0,0,500,0.6,1000,0.2,1400,0.2,1
0,10,703,2,10,5,0,300,0.5,1700,0.5,1
0,11,803,1,0,500,0.6,1000,0.2,1400,0.2,2
0,12,398,1,0,500,0.6,1000,0.2,1400,0.2,0
0,13,817,2,10,5,0,300,0.5,1700,0.5,2
0,14,300,1,0,500,0.6,1000,0.2,1400,0.2,2
0,15,496,0,0,300,0.5,1700,0.5,0
0,16,222,1,0,300,0.5,1700,0.5,0
0,17,98,0,0,300,0.5,1700,0.5,2
0,18,969,2,10,5,0,500,0.6,1000,0.2,1400,0.2,1
0,19,100,0,0,500,0.6,1000,0.2,1400,0.2,0
1,0,252,2,10,5,0,300,0.5,1700,0.5,2
1,1,452,0,0,300,0.5,1700,0.5,2
1,2,649,0,0,300,0.5,1700,0.5,1
1,3,360,2,10,5,0,500,0.6,1000,0.2,1400,0.2,1
1,4,27,2,10,5,0,300,0.5,1700,0.5,1
1,5,681,2,10,5,0,300,0.5,1700,0.5,2
1,6,931,2,10,5,0,300,0.5,1700,0.5,1
1,7,893,2,10,5,0,500,0.6,1000,0.2,1400,0.2,0
1,8,677,1,0,300,0.5,1700,0.5,1
1,9,93,2,10,5,0,500,0.6,1000,0.2,1400,0.2,0
1,10,53,0,0,500,0.6,1000,0.2,1400,0.2,1
1,11,432,2,10,5,0,500,0.6,1000,0.2,1400,0.2,1
1,12,842,0,0,500,0.6,1000,0.2,1400,0.2,2
1,13,885,0,0,300,0.5,1700,0.5,2
1,14,224,1,0,500,0.6,1000,0.2,1400,0.2,1
1,15,203,0,0,500,0.6,1000,0.2,1400,0.2,2
1,16,886,1,0,300,0.5,1700,0.5,1
1,17,12,1,0,500,0.6,1000,0.2,1400,0.2,1
1,18,242,1,0,300,0.5,1700,0.5,1
1,19,360,1,0,300,0.5,1700,0.5,1
2,0,809,0,0,300,0.5,1700,0.5,0
2,1,444,2,10,5,0,300,0.5,1700,0.5,1
2,2,68,1,0,300,0.5,1700,0.5,1
2,3,865,0,0,300,0.5,1700,0.5,1
2,4,927,2,10,5,0,500,0.6,1000,0.2,1400,0.2,1
2,5,921,0,0,300,0.5,1700,0.5,0
2,6,211,0,0,300,0.5,1700,0.5,2
2,7,110,2,10,5,0,300,0.5,1700,0.5,1
2,8,453,0,0,300,0.5,1700,0.5,1
2,9,180,1,0,300,0.5,1700,0.5,2
2,10,228,2,10,5,0,300,0.5,1700,0.5,1
2,11,118,2,10,5,0,500,0.6,1000,0.2,1400,0.2,1
2,12,344,1,0,500,0.6,1000,0.2,1400,0.2,0
2,13,114,2,10,5,0,300,0.5,1700,0.5,0
2,14,223,2,10,5,0,300,0.5,1700,0.5,1
2,15,344,0,0,300,0.5,1700,0.5,0
2,16,503,0,0,300,0.5,1700,0.5,1
2,17,144,0,0,300,0.5,1700,0.5,2
2,18,636,2,10,5,0,500,0.6,1000,0.2,1400,0.2,2
2,19,629,0,0,300,0.5,1700,0.5,1
3,0,205,2,10,5,0,300,0.5,1700,0.5,2
3,1,43,2,10,5,0,500,0.6,1000,0.2,1400,0.2,0
3,2,333,2,10,5,0,300,0.5,1700,0.5,2
3,3,463,0,0,500,0.6,1000,0.2,1400,0.2,2
3,4,535,2,10,5,0,500,0.6,1000,0.2,1400,0.2,1
3,5,331,0,0,300,0.5,1700,0.5,0
3,6,752,2,10,5,0,300,0.5,1700,0.5,2
3,7,425,2,10,5,0,300,0.5,1700,0.5,1
3,8,349,0,0,500,0.6,1000,0.2,1400,0.2,2
3,9,185,1,0,500,0.6,1000,0.2,1400,0.2,2
3,10,484,2,10,5,0,300,0.5,1700,0.5,0
3,11,289,2,10,5,0,500,0.6,1000,0.2,1400,0.2,2
3,12,80,2,10,5,0,300,0.5,1700,0.5,2
3,13,233,1,0,500,0.6,1000,0.2,1400,0.2,0
3,14,821,0,0,500,0.6,1000,0.2,1400,0.2,1
3,15,611,1,0,300,0.5,1700,0.5,1
3,16,974,0,0,300,0.5,1700,0.5,1
3,17,168,2,10,5,0,300,0.5,1700,0.5,0
3,18,427,2,10,5,0,300,0.5,1700,0.5,2
3,19,180,2,10,5,0,500,0.6,1000,0.2,1400,0.2,1
4,0,325,2,10,5,0,300,0.5,1700,0.5,0
4,1,307,0,0,300,0.5,1700,0.5,1
4,2,235,0,0,500,0.6,1000,0.2,1400,0.2,2
4,3,679,0,0,500,0.6,1000,0.2,1400,0.2,2
4,4,745,2,10,5,0,500,0.6,1000,0.2,1400,0.2,0
4,5,659,1,0,500,0.6,1000,0.2,1400,0.2,1
4,6,694,1,0,500,0.6,1000,0.2,1400,0.2,2
4,7,693,1,0,500,0.6,1000,0.2,1400,0.2,0
4,8,496,2,10,5,0,500,0.6,1000,0.2,1400,0.2,1
4,9,842,0,0,300,0.5,1700,0.5,0
4,10,944,0,0,500,0.6,1000,0.2,1400,0.2,1
4,11,737,1,0,300,0.5,1700,0.5,1
4,12,629,2,10,5,0,500,0.6,1000,0.2,1400,0.2,0
4,13,951,1,0,500,0.6,1000,0.2,1400,0.2,1
4,14,575,1,0,500,0.6,1000,0.2,1400,0.2,2
4,15,718,1,0,300,0.5,1700,0.5,0
4,16,420,2,10,5,0,500,0.6,1000,0.2,1400,0.2,2
4,17,347,1,0,500,0.6,1000,0.2,1400,0.2,1
4,18,830,1,0,500,0.6,1000,0.2,1400,0.2,2
4,19,327,2,10,5,0,500,0.6,1000,0.2,1400,0.2,2
5,0,772,2,10,5,0,500,0.6,1000,0.2,1400,0.2,1
5,1,71,0,0,500,0.6,1000,0.2,1400,0.2,1
5,2,241,1,0,500,0.6,1000,0.2,1400,0.2,2
5,3,839,1,0,300,0.5,1700,0.5,1
5,4,535,2,10,5,0,500,0.6,1000,0.2,1400,0.2,1
5,5,267,0,0,500,0.6,1000,0.2,1400,0.2,1
5,6,22,2,10,5,0,300,0.5,1700,0.5,1
5,7,226,1,0,300,0.5,1700,0.5,0
5,8,294,2,10,5,0,300,0.5,1700,0.5,2
5,9,484,1,0,500,0.6,1000,0.2,1400,0.2,0
5,10,695,1,0,500,0.6,1000,0.2,1400,0.2,1
5,11,807,0,0,300,0.5,1700,0.5,1
5,12,727,2,10,5,0,500,0.6,1000,0.2,1400,0.2,1
5,13,54,2,10,5,0,500,0.6,1000,0.2,1400,0.2,0
5,14,708,1,0,300,0.5,1700,0.5,1
5,15,881,2,10,5,0,300,0.5,1700,0.5,1
5,16,50,0,0,300,0.5,1700,0.5,2
5,17,796,2,10,5,0,300,0.5,1700,0.5,2
5,18,133,0,0,500,0.6,1000,0.2,1400,0.2,0
5,19,585,0,0,300,0.5,1700,0.5,0
6,0,738,2,10,5,0,500,0.6,1000,0.2,1400,0.2,2
6,1,226,0,0,300,0.5,1700,0.5,1
6,2,859,2,10,5,0,500,0.6,1000,0.2,1400,0.2,0
6,3,984,0,0,300,0.5,1700,0.5,2
6,4,646,2,10,5,0,300,0.5,1700,0.5,1
6,5,497,2,10,5,0,500,0.6,1000,0.2,1400,0.2,1
6,6,397,1,0,500,0.6,1000,0.2,1400,0.2,1
6,7,623,1,0,300,0.5,1700,0.5,2
6,8,508,2,10,5,0,300,0.5,1700,0.5,2
6,9,284,2,10,5,0,500,0.6,1000,0.2,1400,0.2,2
6,10,672,1,0,500,0.6,1000,0.2,1400,0.2,2
6,11,510,0,0,500,0.6,1000,0.2,1400,0.2,0
6,12,274,2,10,5,0,300,0.5,1700,0.5,2
6,13,621,2,10,5,0,300,0.5,1700,0.5,2
6,14,370,0,0,300,0.5,1700,0.5,0
6,15,140,0,0,300,0.5,1700,0.5,2
6,16,297,2,10,5,0,500,0.6,1000,0.2,1400,0.2,2
6,17,912,2,10,5,0,300,0.5,1700,0.5,0
6,18,793,0,0,300,0.5,1700,0.5,0
6,19,716,1,0,500,0.6,1000,0.2,1400,0.2,2
7,0,616,0,0,300,0.5,1700,0.5,0
7,1,313,1,0,300,0.5,1700,0.5,0
7,2,393,1,0,500,0.6,1000,0.2,1400,0.2,2
7,3,511,2,10,5,0,300,0.5,1700,0.5,0
7,4,894,1,0,300,0.5,1700,0.5,2
7,5,188,2,10,5,0,500,0.6,1000,0.2,1400,0.2,2
7,6,998,0,0,300,0.5,1700,0.5,1
7,7,159,1,0,300,0.5,1700,0.5,2
7,8,984,2,10,5,0,500,0.6,1000,0.2,1400,0.2,0
7,9,254,0,0,300,0.5,1700,0.5,0
7,10,140,2,10,5,0,500,0.6,1000,0.2,1400,0.2,2
7,11,453,1,0,300,0.5,1700,0.5,0
7,12,539,1,0,300,0.5,1700,0.5,0
7,13,985,1,0,300,0.5,1700,0.5,1
7,14,925,1,0,300,0.5,1700,0.5,2
7,15,12,2,10,5,0,300,0.5,1700,0.5,0
7,16,571,1,0,300,0.5,1700,0.5,2
7,17,35,0,0,500,0.6,1000,0.2,1400,0.2,0
7,18,459,2,10,5,0,500,0.6,1000,0.2,1400,0.2,0
7,19,477,1,0,500,0.6,1000,0.2,1400,0.2,2
8,0,862,0,0,300,0.5,1700,0.5,0
8,1,919,1,0,500,0.6,1000,0.2,1400,0.2,1
8,2,69,1,0,300,0.5,1700,0.5,1
8,3,834,2,10,5,0,500,0.6,1000,0.2,1400,0.2,0
8,4,453,0,0,300,0.5,1700,0.5,1
8,5,249,2,10,5,0,500,0.6,1000,0.2,1400,0.2,2
8,6,313,2,10,5,0,300,0.5,1700,0.5,2
8,7,999,1,0,500,0.6,1000,0.2,1400,0.2,2
8,8,300,2,10,5,0,300,0.5,1700,0.5,2
8,9,975,1,0,300,0.5,1700,0.5,0
8,10,49,2,10,5,0,500,0.6,1000,0.2,1400,0.2,0
8,11,967,2,10,5,0,500,0.6,1000,0.2,1400,0.2,2
8,12,918,2,10,5,0,300,0.5,1700,0.5,1
8,13,47,2,10,5,0,300,0.5,1700,0.5,0
8,14,744,2,10,5,0,500,0.6,1000,0.2,1400,0.2,2
8,15,332,0,0,300,0.5,1700,0.5,1
8,16,445,1,0,500,0.6,1000,0.2,1400,0.2,0
8,17,488,0,0,300,0.5,1700,0.5,1
8,18,878,1,0,500,0.6,1000,0.2,1400,0.2,1
8,19,662,1,0,500,0.6,1000,0.2,1400,0.2,2
9,0,796,2,10,5,0,500,0.6,1000,0.2,1400,0.2,1
9,1,196,1,0,300,0.5,1700,0.5,2
9,2,883,1,0,300,0.5,1700,0.5,0
9,3,108,0,0,500,0.6,1000,0.2,1400,0.2,0
9,4,576,0,0,300,0.5,1700,0.5,0
9,5,787,0,0,300,0.5,1700,0.5,0
9,6,502,0,0,300,0.5,1700,0.5,0
9,7,545,0,0,300,0.5,1700,0.5,2
9,8,917,0,0,500,0.6,1000,0.2,1400,0.2,0
9,9,265,2,10,5,0,500,0.6,1000,0.2,1400,0.2,1
9,10,375,0,0,500,0.6,1000,0.2,1400,0.2,2
9,11,162,2,10,5,0,500,0.6,1000,0.2,1400,0.2,0
9,12,14,1,0,300,0.5,1700,0.5,0
9,13,127,0,0,300,0.5,1700,0.5,1
9,14,870,2,10,5,0,500,0.6,1000,0.2,1400,0.2,1
9,15,619,2,10,5,0,500,0.6,1000,0.2,1400,0.2,1
9,16,61,0,0,300,0.5,1700,0.5,0
9,17,560,0,0,300,0.5,1700,0.5,0
9,18,428,1,0,300,0.5,1700,0.5,1
9,19,243,2,10,5,0,500,0.6,1000,0.2,1400,0.2,1
10,0,109,1,0,500,0.6,1000,0.2,1400,0.2,2
10,1,37,1,0,300,0.5,1700,0.5,2
10,2,504,2,10,5,0,300,0.5,1700,0.5,0
10,3,992,1,0,500,0.6,1000,0.2,1400,0.2,1
10,4,860,0,0,500,0.6,1000,0.2,1400,0.2,1
10,5,301,0,0,500,0.6,1000,0.2,1400,0.2,0
10,6,341,0,0,300,0.5,1700,0.5,0
10,7,290,2,10,5,0,300,0.5,1700,0.5,1
10,8,489,2,10,5,0,500,0.6,1000,0.2,1400,0.2,0
10,9,54,1,0,300,0.5,1700,0.5,2
10,10,623,1,0,500,0.6,1000,0.2,1400,0.2,2
10,11,898,2,10,5,0,300,0.5,1700,0.5,1
10,12,677,0,0,500,0.6,1000,0.2,1400,0.2,2
10,13,227,2,10,5,0,500,0.6,1000,0.2,1400,0.2,1
10,14,493,0,0,500,0.6,1000,0.2,1400,0.2,0
10,15,709,0,0,500,0.6,1000,0.2,1400,0.2,0
10,16,221,1,0,500,0.6,1000,0.2,1400,0.2,2
10,17,889,1,0,500,0.6,1000,0.2,1400,0.2,1
10,18,324,0,0,500,0.6,1000,0.2,1400,0.2,0
10,19,281,0,0,300,0.5,1700,0.5,2
11,0,332,0,0,500,0.6,1000,0.2,1400,0.2,2
11,1,423,1,0,500,0.6,1000,0.2,1400,0.2,2
11,2,679,1,0,300,0.5,1700,0.5,1
11,3,607,0,0,500,0.6,1000,0.2,1400,0.2,2
11,4,715,2,10,5,0,500,0.6,1000,0.2,1400,0.2,1
11,5,536,1,0,500,0.6,1000,0.2,1400,0.2,2
11,6,815,2,10,5,0,300,0.5,1700,0.5,1
11,7,927,0,0,300,0.5,1700,0.5,2
11,8,815,0,0,500,0.6,1000,0.2,1400,0.2,2
11,9,917,2,10,5,0,300,0.5,1700,0.5,0
11,10,646,0,0,300,0.5,1700,0.5,0
11,11,735,1,0,500,0.6,1000,0.2,1400,0.2,1
11,12,477,2,10,5,0,500,0.6,1000,0.2,1400,0.2,2
11,13,529,1,0,500,0.6,1000,0.2,1400,0.2,2
11,14,249,1,0,300,0.5,1700,0.5,0
11,15,407,1,0,300,0.5,1700,0.5,2
11,16,20,2,10,5,0,300,0.5,1700,0.5,1
11,17,814,2,10,5,0,300,0.5,1700,0.5,0
11,18,202,0,0,500,0.6,1000,0.2,1400,0.2,1
11,19,383,1,0,500,0.6,1000,0.2,1400,0.2,1
12,0,45,0,0,300,0.5,1700,0.5,1
12,1,445,1,0,300,0.5,1700,0.5,1
12,2,850,0,0,500,0.6,1000,0.2,1400,0.2,1
12,3,724,2,10,5,0,300,0.5,1700,0.5,1
12,4,501,2,10,5,0,500,0.6,1000,0.2,1400,0.2,0
12,5,310,0,0,300,0.5,1700,0.5,1
12,6,231,2,10,5,0,500,0.6,1000,0.2,1400,0.2,0
12,7,251,0,0,300,0.5,1700,0.5,1
12,8,986,0,0,500,0.6,1000,0.2,1400,0.2,2
12,9,990,2,10,5,0,500,0.6,1000,0.2,1400,0.2,0
12,10,433,1,0,300,0.5,1700,0.5,2
12,11,425,1,0,300,0.5,1700,0.5,0
12,12,475,2,10,5,0,500,0.6,1000,0.2,1400,0.2,0
12,13,175,0,0,500,0.6,1000,0.2,1400,0.2,1
12,14,846,2,10,5,0,500,0.6,1000,0.2,1400,0.2,0
12,15,613,2,10,5,0,300,0.5,1700,0.5,2
12,16,589,1,0,300,0.5,1700,0.5,0
12,17,597,0,0,500,0.6,1000,0.2,1400,0.2,0
12,18,645,0,0,300,0.5,1700,0.5,2
12,19,311,2,10,5,0,500,0.6,1000,0.2,1400,0.2,1
13,0,767,2,10,5,0,300,0.5,1700,0.5,2
13,1,659,2,10,5,0,500,0.6,1000,0.2,1400,0.2,1
13,2,57,1,0,500,0.6,1000,0.2,1400,0.2,2
13,3,456,0,0,500,0.6,1000,0.2,1400,0.2,2
13,4,567,0,0,300,0.5,1700,0.5,1
13,5,786,2,10,5,0,300,0.5,1700,0.5,2
13,6,371,0,0,500,0.6,1000,0.2,1400,0.2,1
13,7,609,2,10,5,0,300,0.5,1700,0.5,0
13,8,594,2,10,5,0,300,0.5,1700,0.5,2
13,9,402,2,10,5,0,300,0.5,1700,0.5,1
13,10,165,2,10,5,0,300,0.5,1700,0.5,1
13,11,410,2,10,5,0,300,0.5,1700,0.5,1
13,12,498,2,10,5,0,300,0.5,1700,0.5,1
13,13,333,2,10,5,0,500,0.6,1000,0.2,1400,0.2,1
13,14,226,1,0,300,0.5,1700,0.5,2
13,15,812,2,10,5,0,500,0.6,1000,0.2,1400,0.2,0
13,16,847,2,10,5,0,300,0.5,1700,0.5,2
13,17,313,1,0,500,0.6,1000,0.2,1400,0.2,2
13,18,637,0,0,300,0.5,1700,0.5,0
13,19,55,1,0,500,0.6,1000,0.2,1400,0.2,1
14,0,320,0,0,500,0.6,1000,0.2,1400,0.2,0
14,1,984,1,0,500,0.6,1000,0.2,1400,0.2,1
14,2,604,0,0,300,0.5,1700,0.5,1
14,3,507,0,0,300,0.5,1700,0.5,2
14,4,855,2,10,5,0,300,0.5,1700,0.5,1
14,5,664,0,0,500,0.6,1000,0.2,1400,0.2,1
14,6,869,2,10,5,0,300,0.5,1700,0.5,2
14,7,388,1,0,300,0.5,1700,0.5,1
14,8,853,1,0,300,0.5,1700,0.5,1
14,9,891,0,0,300,0.5,1700,0.5,2
14,10,937,0,0,500,0.6,1000,0.2,1400,0.2,1
14,11,461,0,0,500,0.6,1000,0.2,1400,0.2,2
14,12,791,0,0,300,0.5,1700,0.5,1
14,13,700,1,0,500,0.6,1000,0.2,1400,0.2,1
14,14,576,0,0,500,0.6,1000,0.2,1400,0.2,0
14,15,273,2,10,5,0,500,0.6,1000,0.2,1400,0.2,1
14,16,971,1,0,500,0.6,1000,0.2,1400,0.2,2
14,17,248,0,0,300,0.5,1700,0.5,1
14,18,381,2,10,5,0,300,0.5,1700,0.5,1
14,19,492,1,0,300,0.5,1700,0.5,1
15,0,640,2,10,5,0,500,0.6,1000,0.2,1400,0.2,0
15,1,394,0,0,500,0.6,1000,0.2,1400,0.2,1
15,2,559,2,10,5,0,500,0.6,1000,0.2,1400,0.2,2
15,3,283,1,0,500,0.6,1000,0.2,1400,0.2,0
15,4,768,1,0,500,0.6,1000,0.2,1400,0.2,0
15,5,612,1,0,300,0.5,1700,0.5,2
15,6,940,0,0,300,0.5,1700,0.5,2
15,7,795,0,0,500,0.6,1000,0.2,1400,0.2,2
15,8,579,1,0,300,0.5,1700,0.5,0
15,9,532,0,0,500,0.6,1000,0.2,1400,0.2,0
15,10,343,1,0,500,0.6,1000,0.2,1400,0.2,2
15,11,829,0,0,300,0.5,1700,0.5,0
15,12,68,1,0,500,0.6,1000,0.2,1400,0.2,2
15,13,202,2,10,5,0,300,0.5,1700,0.5,1
15,14,868,2,10,5,0,500,0.6,1000,0.2,1400,0.2,2
15,15,360,0,0,500,0.6,1000,0.2,1400,0.2,2
15,16,726,2,10,5,0,500,0.6,1000,0.2,1400,0.2,2
15,17,903,1,0,500,0.6,1000,0.2,1400,0.2,1
15,18,807,1,0,500,0.6,1000,0.2,1400,0.2,1
15,19,356,0,0,300,0.5,1700,0.5,2
16,0,796,1,0,300,0.5,1700,0.5,1
16,1,669,2,10,5,0,300,0.5,1700,0.5,0
16,2,776,0,0,500,0.6,1000,0.2,1400,0.2,1
16,3,36,0,0,300,0.5,1700,0.5,0
16,4,437,2,10,5,0,300,0.5,1700,0.5,2
16,5,239,1,0,500,0.6,1000,0.2,1400,0.2,0
16,6,308,2,10,5,0,300,0.5,1700,0.5,0
16,7,359,0,0,500,0.6,1000,0.2,1400,0.2,1
16,8,427,0,0,300,0.5,1700,0.5,1
16,9,852,1,0,300,0.5,1700,0.5,0
16,10,76,1,0,500,0.6,1000,0.2,1400,0.2,1
16,11,595,2,10,5,0,500,0.6,1000,0.2,1400,0.2,0
16,12,977,1,0,500,0.6,1000,0.2,1400,0.2,2
16,13,68,1,0,500,0.6,1000,0.2,1400,0.2,0
16,14,701,2,10,5,0,300,0.5,1700,0.5,0
16,15,640,0,0,300,0.5,1700,0.5,1
16,16,539,1,0,300,0.5,1700,0.5,2
16,17,363,2,10,5,0,500,0.6,1000,0.2,1400,0.2,1
16,18,835,2,10,5,0,500,0.6,1000,0.2,1400,0.2,1
16,19,681,0,0,300,0.5,1700,0.5,2
17,0,856,1,0,500,0.6,1000,0.2,1400,0.2,0
17,1,658,0,0,500,0.6,1000,0.2,1400,0.2,1
17,2,145,0,0,500,0.6,1000,0.2,1400,0.2,0
17,3,533,1,0,300,0.5,1700,0.5,0
17,4,367,2,10,5,0,500,0.6,1000,0.2,1400,0.2,0
17,5,48,1,0,500,0.6,1000,0.2,1400,0.2,0
17,6,764,1,0,500,0.6,1000,0.2,1400,0.2,0
17,7,32,0,0,500,0.6,1000,0.2,1400,0.2,1
17,8,178,2,10,5,0,500,0.6,1000,0.2,1400,0.2,2
17,9,226,1,0,300,0.5,1700,0.5,2
17,10,940,1,0,500,0.6,1000,0.2,1400,0.2,2
17,11,874,1,0,300,0.5,1700,0.5,0
17,12,663,2,10,5,0,500,0.6,1000,0.2,1400,0.2,2
17,13,105,1,0,500,0.6,1000,0.2,1400,0.2,0
17,14,224,0,0,300,0.5,1700,0.5,2
17,15,810,1,0,300,0.5,1700,0.5,1
17,16,80,2,10,5,0,300,0.5,1700,0.5,1
17,17,530,0,0,300,0.5,1700,0.5,0
17,18,25,1,0,500,0.6,1000,0.2,1400,0.2,2
17,19,602,0,0,500,0.6,1000,0.2,1400,0.2,1
18,0,909,2,10,5,0,500,0.6,1000,0.2,1400,0.2,1
18,1,171,2,10,5,0,500,0.6,1000,0.2,1400,0.2,0
18,2,321,0,0,500,0.6,1000,0.2,1400,0.2,0
18,3,851,0,0,500,0.6,1000,0.2,1400,0.2,0
18,4,314,2,10,5,0,500,0.6,1000,0.2,1400,0.2,0
18,5,979,1,0,300,0.5,1700,0.5,1
18,6,491,0,0,500,0.6,1000,0.2,1400,0.2,1
18,7,879,1,0,500,0.6,1000,0.2,1400,0.2,0
18,8,386,2,10,5,0,500,0.6,1000,0.2,1400,0.2,1
18,9,407,0,0,500,0.6,1000,0.2,1400,0.2,2
18,10,570,0,0,500,0.6,1000,0.2,1400,0.2,1
18,11,742,1,0,300,0.5,1700,0.5,0
18,12,930,2,10,5,0,500,0.6,1000,0.2,1400,0.2,1
18,13,816,0,0,500,0.6,1000,0.2,1400,0.2,1
18,14,996,1,0,300,0.5,1700,0.5,0
18,15,845,2,10,5,0,300,0.5,1700,0.5,0
18,16,392,2,10,5,0,500,0.6,1000,0.2,1400,0.2,2
18,17,68,2,10,5,0,300,0.5,1700,0.5,2
18,18,662,1,0,300,0.5,1700,0.5,0
18,19,413,0,0,500,0.6,1000,0.2,1400,0.2,1
19,0,508,0,0,300,0.5,1700,0.5,0
19,1,146,0,0,300,0.5,1700,0.5,1
19,2,604,0,0,500,0.6,1000,0.2,1400,0.2,2
19,3,617,1,0,500,0.6,1000,0.2,1400,0.2,0
19,4,541,0,0,500,0.6,1000,0.2,1400,0.2,1
19,5,220,2,10,5,0,300,0.5,1700,0.5,1
19,6,567,0,0,500,0.6,1000,0.2,1400,0.2,1
19,7,940,2,10,5,0,500,0.6,1000,0.2,1400,0.2,2
19,8,531,2,10,5,0,500,0.6,1000,0.2,1400,0.2,1
19,9,876,0,0,300,0.5,1700,0.5,0
19,10,175,1,0,500,0.6,1000,0.2,1400,0.2,1
19,11,393,2,10,5,0,500,0.6,1000,0.2,1400,0.2,2
19,12,875,1,0,300,0.5,1700,0.5,0
19,13,952,0,0,500,0.6,1000,0.2,1400,0.2,2
19,14,40,0,0,500,0.6,1000,0.2,1400,0.2,0
19,15,516,0,0,500,0.6,1000,0.2,1400,0.2,0
19,16,108,2,10,5,0,300,0.5,1700,0.5,2
19,17,194,0,0,300,0.5,1700,0.5,2
19,18,248,0,0,500,0.6,1000,0.2,1400,0.2,0
19,19,344,2,10,5,0,500,0.6,1000,0.2,1400,0.2,1
