0,0,81,0,0,300,0.5,1700,0.5,1
0,1,21,0,0,500,0.6,1000,0.2,1400,0.2,2
0,2,670,2,10,5,0,500,0.6,1000,0.2,1400,0.2,0
0,3,943,1,0,500,0.6,1000,0.2,1400,0.2,1
0,4,414,2,10,5,0,500,0.6,1000,0.2,1400,0.2,1
0,5,138,2,10,5,0,500,0.6,1000,0.2,1400,0.2,1
0,6,787,2,10,5,0,500,0.6,1000,0.2,1400,0.2,0
0,7,813,1,0,300,0.5,1700,0.5,0
0,8,887,0,0,500,0.6,1000,0.2,1400,0.2,2
0,9,135,2,10,5,0,500,0.6,1000,0.2,1400,0.2,2
0,10,308,1,0,500,0.6,1000,0.2,1400,0.2,1
0,11,461,1,0,500,0.6,1000,0.2,1400,0.2,2
0,12,670,1,0,500,0.6,1000,0.2,1400,0.2,2
0,13,191,0,0,300,0.5,1700,0.5,1
0,14,685,0,0,500,0.6,1000,0.2,1400,0.2,0
0,15,156,0,0,500,0.6,1000,0.2,1400,0.2,2
0,16,920,2,10,5,0,500,0.6,1000,0.2,1400,0.2,2
0,17,41,1,0,500,0.6,1000,0.2,1400,0.2,1
0,18,843,2,10,5,0,500,0.6,1000,0.2,1400,0.2,2
0,19,458,2,10,5,0,300,0.5,1700,0.5,1
1,0,55,2,10,5,0,300,0.5,1700,0.5,1
1,1,73,2,10,5,0,500,0.6,1000,0.2,1400,0.2,1
1,2,798,1,0,300,0.5,1700,0.5,1
1,3,811,2,10,5,0,300,0.5,1700,0.5,1
1,4,444,0,0,500,0.6,1000,0.2,1400,0.2,1
1,5,346,2,10,5,0,500,0.6,1000,0.2,1400,0.2,0
1,6,18,1,0,500,0.6,1000,0.2,1400,0.2,0
1,7,747,0,0,500,0.6,1000,0.2,1400,0.2,0
1,8,678,0,0,300,0.5,1700,0.5,0
1,9,129,1,0,500,0.6,1000,0.2,1400,0.2,0
1,10,428,1,0,300,0.5,1700,0.5,1
1,11,440,0,0,300,0.5,1700,0.5,1
1,12,466,1,0,500,0.6,1000,0.2,1400,0.2,0
1,13,362,0,0,300,0.5,1700,0.5,0
1,14,54,1,0,300,0.5,1700,0.5,2
1,15,373,0,0,500,0.6,1000,0.2,1400,0.2,2
1,16,16,1,0,300,0.5,1700,0.5,1
1,17,194,1,0,300,0.5,1700,0.5,2
1,18,25,0,0,500,0.6,1000,0.2,1400,0.2,1
1,19,937,0,0,500,0.6,1000,0.2,1400,0.2,2
2,0,24,0,0,300,0.5,1700,0.5,1
2,1,80,0,0,300,0.5,1700,0.5,2
2,2,754,1,0,300,0.5,1700,0.5,0
2,3,547,1,0,500,0.6,1000,0.2,1400,0.2,0
2,4,832,1,0,500,0.6,1000,0.2,1400,0.2,2
2,5,874,0,0,300,0.5,1700,0.5,0
2,6,303,1,0,500,0.6,1000,0.2,1400,0.2,1
2,7,425,0,0,300,0.5,1700,0.5,2
2,8,655,1,0,500,0.6,1000,0.2,1400,0.2,2
2,9,851,2,10,5,0,300,0.5,1700,0.5,2
2,10,658,2,10,5,0,300,0.5,1700,0.5,2
2,11,201,0,0,300,0.5,1700,0.5,1
2,12,716,0,0,500,0.6,1000,0.2,1400,0.2,1
2,13,593,2,10,5,0,300,0.5,1700,0.5,2
2,14,56,2,10,5,0,500,0.6,1000,0.2,1400,0.2,1
2,15,670,1,0,300,0.5,1700,0.5,0
2,16,293,2,10,5,0,300,0.5,1700,0.5,1
2,17,391,1,0,500,0.6,1000,0.2,1400,0.2,0
2,18,679,1,0,500,0.6,1000,0.2,1400,0.2,2
2,19,631,0,0,500,0.6,1000,0.2,1400,0.2,0
3,0,50,1,0,300,0.5,1700,0.5,1
3,1,486,2,10,5,0,300,0.5,1700,0.5,1
3,2,979,1,0,300,0.5,1700,0.5,2
3,3,992,0,0,300,0.5,1700,0.5,0
3,4,882,1,0,500,0.6,1000,0.2,1400,0.2,1
3,5,110,0,0,500,0.6,1000,0.2,1400,0.2,2
3,6,935,2,10,5,0,300,0.5,1700,0.5,0
3,7,453,2,10,5,0,500,0.6,1000,0.2,1400,0.2,2
3,8,789,0,0,500,0.6,1000,0.2,1400,0.2,2
3,9,800,2,10,5,0,300,0.5,1700,0.5,0
3,10,824,0,0,500,0.6,1000,0.2,1400,0.2,2
3,11,495,2,10,5,0,500,0.6,1000,0.2,1400,0.2,1
3,12,235,0,0,500,0.6,1000,0.2,1400,0.2,2
3,13,766,0,0,500,0.6,1000,0.2,1400,0.2,1
3,14,124,1,0,300,0.5,1700,0.5,1
3,15,144,1,0,500,0.6,1000,0.2,1400,0.2,2
3,16,730,1,0,500,0.6,1000,0.2,1400,0.2,0
3,17,443,1,0,300,0.5,1700,0.5,1
3,18,686,2,10,5,0,300,0.5,1700,0.5,2
3,19,659,1,0,500,0.6,1000,0.2,1400,0.2,2
4,0,779,2,10,5,0,500,0.6,1000,0.2,1400,0.2,0
4,1,329,1,0,500,0.6,1000,0.2,1400,0.2,0
4,2,671,2,10,5,0,300,0.5,1700,0.5,0
4,3,416,2,10,5,0,500,0.6,1000,0.2,1400,0.2,0
4,4,395,1,0,300,0.5,1700,0.5,0
4,5,304,2,10,5,0,500,0.6,1000,0.2,1400,0.2,0
4,6,979,2,10,5,0,500,0.6,1000,0.2,1400,0.2,0
4,7,234,0,0,500,0.6,1000,0.2,1400,0.2,1
4,8,619,0,0,300,0.5,1700,0.5,1
4,9,881,2,10,5,0,300,0.5,1700,0.5,1
4,10,106,1,0,500,0.6,1000,0.2,1400,0.2,2
4,11,513,2,10,5,0,300,0.5,1700,0.5,1
4,12,816,1,0,500,0.6,1000,0.2,1400,0.2,2
4,13,463,1,0,500,0.6,1000,0.2,1400,0.2,0
4,14,715,2,10,5,0,500,0.6,1000,0.2,1400,0.2,2
4,15,651,0,0,500,0.6,1000,0.2,1400,0.2,0
4,16,519,2,10,5,0,300,0.5,1700,0.5,2
4,17,935,1,0,300,0.5,1700,0.5,2
4,18,141,1,0,300,0.5,1700,0.5,0
4,19,964,2,10,5,0,300,0.5,1700,0.5,2
5,0,370,2,10,5,0,500,0.6,1000,0.2,1400,0.2,1
5,1,636,0,0,500,0.6,1000,0.2,1400,0.2,2
5,2,254,1,0,500,0.6,1000,0.2,1400,0.2,1
5,3,335,0,0,300,0.5,1700,0.5,0
5,4,716,0,0,500,0.6,1000,0.2,1400,0.2,1
5,5,365,2,10,5,0,500,0.6,1000,0.2,1400,0.2,0
5,6,78,0,0,300,0.5,1700,0.5,1
5,7,782,1,0,500,0.6,1000,0.2,1400,0.2,1
5,8,830,1,0,300,0.5,1700,0.5,0
5,9,901,1,0,300,0.5,1700,0.5,0
5,10,189,2,10,5,0,500,0.6,1000,0.2,1400,0.2,2
5,11,63,1,0,500,0.6,1000,0.2,1400,0.2,2
5,12,238,2,10,5,0,500,0.6,1000,0.2,1400,0.2,2
5,13,860,0,0,300,0.5,1700,0.5,2
5,14,168,2,10,5,0,300,0.5,1700,0.5,0
5,15,245,1,0,500,0.6,1000,0.2,1400,0.2,2
5,16,285,0,0,500,0.6,1000,0.2,1400,0.2,1
5,17,811,1,0,500,0.6,1000,0.2,1400,0.2,2
5,18,105,2,10,5,0,500,0.6,1000,0.2,1400,0.2,1
5,19,557,2,10,5,0,300,0.5,1700,0.5,1
6,0,911,2,10,5,0,500,0.6,1000,0.2,1400,0.2,2
6,1,805,0,0,500,0.6,1000,0.2,1400,0.2,1
6,2,294,0,0,300,0.5,1700,0.5,2
6,3,534,1,0,300,0.5,1700,0.5,2
6,4,49,0,0,300,0.5,1700,0.5,2
6,5,549,1,0,500,0.6,1000,0.2,1400,0.2,2
6,6,913,2,10,5,0,500,0.6,1000,0.2,1400,0.2,1
6,7,237,0,0,500,0.6,1000,0.2,1400,0.2,0
6,8,433,1,0,300,0.5,1700,0.5,2
6,9,414,2,10,5,0,300,0.5,1700,0.5,1
6,10,844,2,10,5,0,300,0.5,1700,0.5,1
6,11,441,2,10,5,0,300,0.5,1700,0.5,2
6,12,970,0,0,500,0.6,1000,0.2,1400,0.2,0
6,13,440,1,0,300,0.5,1700,0.5,1
6,14,852,0,0,500,0.6,1000,0.2,1400,0.2,1
6,15,895,1,0,300,0.5,1700,0.5,0
6,16,882,0,0,500,0.6,1000,0.2,1400,0.2,1
6,17,317,0,0,500,0.6,1000,0.2,1400,0.2,2
6,18,671,0,0,500,0.6,1000,0.2,1400,0.2,2
6,19,562,0,0,300,0.5,1700,0.5,2
7,0,455,2,10,5,0,500,0.6,1000,0.2,1400,0.2,2
7,1,913,0,0,300,0.5,1700,0.5,0
7,2,63,0,0,500,0.6,1000,0.2,1400,0.2,1
7,3,497,1,0,500,0.6,1000,0.2,1400,0.2,1
7,4,86,1,0,500,0.6,1000,0.2,1400,0.2,0
7,5,818,1,0,300,0.5,1700,0.5,2
7,6,40,1,0,300,0.5,1700,0.5,0
7,7,629,2,10,5,0,500,0.6,1000,0.2,1400,0.2,2
7,8,330,1,0,500,0.6,1000,0.2,1400,0.2,0
7,9,265,2,10,5,0,300,0.5,1700,0.5,0
7,10,251,1,0,500,0.6,1000,0.2,1400,0.2,2
7,11,228,0,0,300,0.5,1700,0.5,2
7,12,607,0,0,300,0.5,1700,0.5,0
7,13,536,2,10,5,0,500,0.6,1000,0.2,1400,0.2,0
7,14,885,1,0,500,0.6,1000,0.2,1400,0.2,1
7,15,421,1,0,500,0.6,1000,0.2,1400,0.2,2
7,16,710,1,0,500,0.6,1000,0.2,1400,0.2,1
7,17,873,1,0,500,0.6,1000,0.2,1400,0.2,0
7,18,565,0,0,300,0.5,1700,0.5,2
7,19,319,2,10,5,0,500,0.6,1000,0.2,1400,0.2,0
8,0,130,1,0,300,0.5,1700,0.5,1
8,1,536,0,0,300,0.5,1700,0.5,0
8,2,577,1,0,300,0.5,1700,0.5,2
8,3,360,1,0,300,0.5,1700,0.5,2
8,4,88,0,0,300,0.5,1700,0.5,1
8,5,539,1,0,300,0.5,1700,0.5,2
8,6,431,0,0,300,0.5,1700,0.5,1
8,7,716,1,0,500,0.6,1000,0.2,1400,0.2,2
8,8,53,0,0,300,0.5,1700,0.5,1
8,9,618,1,0,300,0.5,1700,0.5,2
8,10,567,2,10,5,0,300,0.5,1700,0.5,1
8,11,874,1,0,500,0.6,1000,0.2,1400,0.2,2
8,12,317,0,0,300,0.5,1700,0.5,2
8,13,294,0,0,300,0.5,1700,0.5,0
8,14,626,2,10,5,0,500,0.6,1000,0.2,1400,0.2,2
8,15,592,0,0,500,0.6,1000,0.2,1400,0.2,0
8,16,949,2,10,5,0,300,0.5,1700,0.5,0
8,17,578,1,0,300,0.5,1700,0.5,2
8,18,427,2,10,5,0,300,0.5,1700,0.5,0
8,19,512,1,0,300,0.5,1700,0.5,2
9,0,985,2,10,5,0,500,0.6,1000,0.2,1400,0.2,0
9,1,250,2,10,5,0,500,0.6,1000,0.2,1400,0.2,2
9,2,930,2,10,5,0,500,0.6,1000,0.2,1400,0.2,2
9,3,327,0,0,300,0.5,1700,0.5,1
9,4,363,0,0,300,0.5,1700,0.5,2
9,5,576,1,0,300,0.5,1700,0.5,1
9,6,223,1,0,300,0.5,1700,0.5,2
9,7,924,1,0,500,0.6,1000,0.2,1400,0.2,0
9,8,984,2,10,5,0,300,0.5,1700,0.5,2
9,9,563,1,0,300,0.5,1700,0.5,0
9,10,203,2,10,5,0,300,0.5,1700,0.5,1
9,11,49,1,0,300,0.5,1700,0.5,1
9,12,90,0,0,300,0.5,1700,0.5,1
9,13,299,2,10,5,0,300,0.5,1700,0.5,1
9,14,465,1,0,300,0.5,1700,0.5,1
9,15,998,0,0,500,0.6,1000,0.2,1400,0.2,1
9,16,810,2,10,5,0,300,0.5,1700,0.5,1
9,17,210,2,10,5,0,500,0.6,1000,0.2,1400,0.2,0
9,18,506,2,10,5,0,300,0.5,1700,0.5,0
9,19,997,1,0,500,0.6,1000,0.2,1400,0.2,1
10,0,343,2,10,5,0,300,0.5,1700,0.5,1
10,1,769,0,0,500,0.6,1000,0.2,1400,0.2,0
10,2,383,0,0,300,0.5,1700,0.5,0
10,3,936,1,0,300,0.5,1700,0.5,0
10,4,177,2,10,5,0,300,0.5,1700,0.5,0
10,5,147,0,0,300,0.5,1700,0.5,2
10,6,686,1,0,500,0.6,1000,0.2,1400,0.2,2
10,7,10,1,0,500,0.6,1000,0.2,1400,0.2,2
10,8,217,1,0,500,0.6,1000,0.2,1400,0.2,1
10,9,998,1,0,300,0.5,1700,0.5,2
10,10,266,2,10,5,0,500,0.6,1000,0.2,1400,0.2,0
10,11,741,0,0,500,0.6,1000,0.2,1400,0.2,1
10,12,287,2,10,5,0,300,0.5,1700,0.5,2
10,13,307,2,10,5,0,500,0.6,1000,0.2,1400,0.2,2
10,14,607,2,10,5,0,500,0.6,1000,0.2,1400,0.2,1
10,15,825,1,0,300,0.5,1700,0.5,0
10,16,455,1,0,300,0.5,1700,0.5,2
10,17,137,0,0,500,0.6,1000,0.2,1400,0.2,2
10,18,75,2,10,5,0,300,0.5,1700,0.5,2
10,19,391,1,0,300,0.5,1700,0.5,0
11,0,743,2,10,5,0,500,0.6,1000,0.2,1400,0.2,2
11,1,19,1,0,300,0.5,1700,0.5,1
11,2,87,1,0,500,0.6,1000,0.2,1400,0.2,1
11,3,833,1,0,300,0.5,1700,0.5,0
11,4,124,2,10,5,0,300,0.5,1700,0.5,0
11,5,954,0,0,500,0.6,1000,0.2,1400,0.2,0
11,6,229,2,10,5,0,300,0.5,1700,0.5,1
11,7,166,2,10,5,0,500,0.6,1000,0.2,1400,0.2,2
11,8,579,2,10,5,0,300,0.5,1700,0.5,0
11,9,988,2,10,5,0,500,0.6,1000,0.2,1400,0.2,2
11,10,658,0,0,500,0.6,1000,0.2,1400,0.2,2
11,11,451,0,0,500,0.6,1000,0.2,1400,0.2,2
11,12,512,2,10,5,0,500,0.6,1000,0.2,1400,0.2,2
11,13,405,2,10,5,0,300,0.5,1700,0.5,2
11,14,13,2,10,5,0,300,0.5,1700,0.5,0
11,15,458,2,10,5,0,300,0.5,1700,0.5,1
11,16,821,2,10,5,0,300,0.5,1700,0.5,1
11,17,472,1,0,500,0.6,1000,0.2,1400,0.2,1
11,18,217,2,10,5,0,300,0.5,1700,0.5,0
11,19,786,0,0,500,0.6,1000,0.2,1400,0.2,1
12,0,920,1,0,500,0.6,1000,0.2,1400,0.2,2
12,1,584,2,10,5,0,300,0.5,1700,0.5,2
12,2,524,2,10,5,0,500,0.6,1000,0.2,1400,0.2,0
12,3,210,0,0,500,0.6,1000,0.2,1400,0.2,1
12,4,68,2,10,5,0,500,0.6,1000,0.2,1400,0.2,2
12,5,574,1,0,500,0.6,1000,0.2,1400,0.2,2
12,6,11,0,0,300,0.5,1700,0.5,2
12,7,564,0,0,500,0.6,1000,0.2,1400,0.2,2
12,8,694,2,10,5,0,500,0.6,1000,0.2,1400,0.2,0
12,9,382,1,0,300,0.5,1700,0.5,0
12,10,888,0,0,300,0.5,1700,0.5,2
12,11,191,0,0,500,0.6,1000,0.2,1400,0.2,0
12,12,755,1,0,300,0.5,1700,0.5,1
12,13,964,0,0,300,0.5,1700,0.5,2
12,14,644,1,0,300,0.5,1700,0.5,2
12,15,955,0,0,500,0.6,1000,0.2,1400,0.2,0
12,16,847,1,0,300,0.5,1700,0.5,0
12,17,938,1,0,300,0.5,1700,0.5,2
12,18,937,2,10,5,0,300,0.5,1700,0.5,1
12,19,886,2,10,5,0,300,0.5,1700,0.5,0
13,0,951,2,10,5,0,300,0.5,1700,0.5,2
13,1,311,2,10,5,0,500,0.6,1000,0.2,1400,0.2,1
13,2,419,1,0,300,0.5,1700,0.5,1
13,3,352,1,0,500,0.6,1000,0.2,1400,0.2,1
13,4,338,1,0,300,0.5,1700,0.5,1
13,5,246,1,0,300,0.5,1700,0.5,2
13,6,241,0,0,500,0.6,1000,0.2,1400,0.2,1
13,7,728,2,10,5,0,500,0.6,1000,0.2,1400,0.2,2
13,8,718,2,10,5,0,500,0.6,1000,0.2,1400,0.2,1
13,9,976,1,0,500,0.6,1000,0.2,1400,0.2,1
13,10,988,2,10,5,0,300,0.5,1700,0.5,1
13,11,958,2,10,5,0,300,0.5,1700,0.5,1
13,12,803,0,0,500,0.6,1000,0.2,1400,0.2,1
13,13,353,2,10,5,0,300,0.5,1700,0.5,1
13,14,559,2,10,5,0,500,0.6,1000,0.2,1400,0.2,0
13,15,356,0,0,500,0.6,1000,0.2,1400,0.2,0
13,16,472,0,0,500,0.6,1000,0.2,1400,0.2,0
13,17,796,0,0,300,0.5,1700,0.5,1
13,18,885,0,0,300,0.5,1700,0.5,2
13,19,203,1,0,300,0.5,1700,0.5,2
14,0,547,1,0,500,0.6,1000,0.2,1400,0.2,1
14,1,306,2,10,5,0,300,0.5,1700,0.5,0
14,2,170,0,0,500,0.6,1000,0.2,1400,0.2,2
14,3,195,0,0,500,0.6,1000,0.2,1400,0.2,2
14,4,70,2,10,5,0,300,0.5,1700,0.5,1
14,5,284,2,10,5,0,300,0.5,1700,0.5,0
14,6,681,1,0,300,0.5,1700,0.5,1
14,7,462,1,0,500,0.6,1000,0.2,1400,0.2,2
14,8,590,1,0,300,0.5,1700,0.5,2
14,9,218,1,0,300,0.5,1700,0.5,2
14,10,748,1,0,300,0.5,1700,0.5,2
14,11,400,0,0,300,0.5,1700,0.5,0
14,12,788,0,0,300,0.5,1700,0.5,0
14,13,644,2,10,5,0,500,0.6,1000,0.2,1400,0.2,2
14,14,447,0,0,500,0.6,1000,0.2,1400,0.2,1
14,15,700,1,0,300,0.5,1700,0.5,1
14,16,682,2,10,5,0,300,0.5,1700,0.5,1
14,17,58,2,10,5,0,300,0.5,1700,0.5,2
14,18,667,1,0,300,0.5,1700,0.5,1
14,19,342,0,0,500,0.6,1000,0.2,1400,0.2,0
15,0,521,1,0,500,0.6,1000,0.2,1400,0.2,2
15,1,155,0,0,500,0.6,1000,0.2,1400,0.2,2
15,2,854,0,0,300,0.5,1700,0.5,2
15,3,632,2,10,5,0,300,0.5,1700,0.5,2
15,4,959,2,10,5,0,300,0.5,1700,0.5,1
15,5,425,1,0,500,0.6,1000,0.2,1400,0.2,1
15,6,963,1,0,300,0.5,1700,0.5,2
15,7,610,1,0,500,0.6,1000,0.2,1400,0.2,2
15,8,849,2,10,5,0,500,0.6,1000,0.2,1400,0.2,2
15,9,112,2,10,5,0,500,0.6,1000,0.2,1400,0.2,0
15,10,16,2,10,5,0,500,0.6,1000,0.2,1400,0.2,1
15,11,606,1,0,300,0.5,1700,0.5,2
15,12,108,1,0,300,0.5,1700,0.5,2
15,13,912,0,0,500,0.6,1000,0.2,1400,0.2,1
15,14,818,1,0,300,0.5,1700,0.5,2
15,15,338,1,0,300,0.5,1700,0.5,0
15,16,531,1,0,300,0.5,1700,0.5,0
15,17,454,0,0,500,0.6,1000,0.2,1400,0.2,1
15,18,305,1,0,500,0.6,1000,0.2,1400,0.2,1
15,19,249,0,0,300,0.5,1700,0.5,0
16,0,489,0,0,300,0.5,1700,0.5,0
16,1,732,1,0,300,0.5,1700,0.5,1
16,2,720,2,10,5,0,500,0.6,1000,0.2,1400,0.2,2
16,3,96,2,10,5,0,500,0.6,1000,0.2,1400,0.2,1
16,4,756,0,0,300,0.5,1700,0.5,0
16,5,681,2,10,5,0,300,0.5,1700,0.5,1
16,6,511,2,10,5,0,300,0.5,1700,0.5,2
16,7,931,0,0,500,0.6,1000,0.2,1400,0.2,1
16,8,488,0,0,300,0.5,1700,0.5,0
16,9,210,0,0,300,0.5,1700,0.5,0
16,10,719,1,0,300,0.5,1700,0.5,2
16,11,828,2,10,5,0,500,0.6,1000,0.2,1400,0.2,2
16,12,585,1,0,500,0.6,1000,0.2,1400,0.2,2
16,13,392,0,0,300,0.5,1700,0.5,1
16,14,362,1,0,500,0.6,1000,0.2,1400,0.2,0
16,15,655,1,0,300,0.5,1700,0.5,1
16,16,766,1,0,500,0.6,1000,0.2,1400,0.2,0
16,17,628,0,0,300,0.5,1700,0.5,1
16,18,356,2,10,5,0,300,0.5,1700,0.5,2
16,19,232,2,10,5,0,500,0.6,1000,0.2,1400,0.2,0
17,0,549,2,10,5,0,300,0.5,1700,0.5,2
17,1,449,1,0,500,0.6,1000,0.2,1400,0.2,1
17,2,569,2,10,5,0,500,0.6,1000,0.2,1400,0.2,2
17,3,730,2,10,5,0,300,0.5,1700,0.5,2
17,4,252,2,10,5,0,500,0.6,1000,0.2,1400,0.2,2
17,5,338,2,10,5,0,500,0.6,1000,0.2,1400,0.2,1
17,6,268,2,10,5,0,300,0.5,1700,0.5,0
17,7,207,0,0,300,0.5,1700,0.5,2
17,8,370,1,0,300,0.5,1700,0.5,1
17,9,260,2,10,5,0,500,0.6,1000,0.2,1400,0.2,2
17,10,49,0,0,500,0.6,1000,0.2,1400,0.2,2
17,11,435,0,0,500,0.6,1000,0.2,1400,0.2,2
17,12,215,0,0,300,0.5,1700,0.5,0
17,13,127,2,10,5,0,500,0.6,1000,0.2,1400,0.2,1
17,14,478,0,0,500,0.6,1000,0.2,1400,0.2,2
17,15,789,2,10,5,0,300,0.5,1700,0.5,2
17,16,673,1,0,300,0.5,1700,0.5,0
17,17,469,2,10,5,0,300,0.5,1700,0.5,0
17,18,393,1,0,500,0.6,1000,0.2,1400,0.2,2
17,19,718,2,10,5,0,300,0.5,1700,0.5,1
18,0,213,0,0,300,0.5,1700,0.5,2
18,1,840,1,0,500,0.6,1000,0.2,1400,0.2,0
18,2,936,0,0,300,0.5,1700,0.5,1
18,3,489,1,0,300,0.5,1700,0.5,1
18,4,268,1,0,300,0.5,1700,0.5,2
18,5,423,0,0,300,0.5,1700,0.5,2
18,6,502,0,0,300,0.5,1700,0.5,1
18,7,697,0,0,500,0.6,1000,0.2,1400,0.2,1
18,8,110,2,10,5,0,300,0.5,1700,0.5,1
18,9,59,0,0,500,0.6,1000,0.2,1400,0.2,1
18,10,966,0,0,300,0.5,1700,0.5,2
18,11,724,2,10,5,0,500,0.6,1000,0.2,1400,0.2,1
18,12,957,2,10,5,0,500,0.6,1000,0.2,1400,0.2,0
18,13,526,1,0,300,0.5,1700,0.5,2
18,14,968,0,0,300,0.5,1700,0.5,2
18,15,675,2,10,5,0,300,0.5,1700,0.5,2
18,16,595,2,10,5,0,500,0.6,1000,0.2,1400,0.2,1
18,17,573,1,0,300,0.5,1700,0.5,2
18,18,986,1,0,500,0.6,1000,0.2,1400,0.2,1
18,19,816,2,10,5,0,300,0.5,1700,0.5,0
19,0,219,2,10,5,0,300,0.5,1700,0.5,0
19,1,631,0,0,500,0.6,1000,0.2,1400,0.2,2
19,2,994,1,0,300,0.5,1700,0.5,1
19,3,96,1,0,500,0.6,1000,0.2,1400,0.2,2
19,4,142,0,0,300,0.5,1700,0.5,2
19,5,548,0,0,300,0.5,1700,0.5,1
19,6,187,0,0,500,0.6,1000,0.2,1400,0.2,2
19,7,481,0,0,500,0.6,1000,0.2,1400,0.2,0
19,8,478,2,10,5,0,500,0.6,1000,0.2,1400,0.2,2
19,9,141,0,0,500,0.6,1000,0.2,1400,0.2,1
19,10,869,1,0,300,0.5,1700,0.5,2
19,11,381,0,0,300,0.5,1700,0.5,0
19,12,779,0,0,500,0.6,1000,0.2,1400,0.2,0
19,13,754,1,0,500,0.6,1000,0.2,1400,0.2,1
19,14,723,0,0,300,0.5,1700,0.5,1
19,15,691,1,0,500,0.6,1000,0.2,1400,0.2,2
19,16,30,1,0,300,0.5,1700,0.5,2
19,17,565,2,10,5,0,500,0.6,1000,0.2,1400,0.2,0
19,18,645,0,0,500,0.6,1000,0.2,1400,0.2,0
19,19,187,0,0,300,0.5,1700,0.5,2
