0,0,995,0,0,300,0.5,1700,0.5,0
0,1,421,0,0,300,0.5,1700,0.5,2
0,2,849,0,0,500,0.6,1000,0.2,1400,0.2,0
0,3,849,1,0,500,0.6,1000,0.2,1400,0.2,2
0,4,821,1,0,300,0.5,1700,0.5,0
0,5,977,0,0,300,0.5,1700,0.5,0
0,6,297,0,0,500,0.6,1000,0.2,1400,0.2,0
0,7,452,2,10,5,0,500,0.6,1000,0.2,1400,0.2,2
0,8,681,0,0,300,0.5,1700,0.5,2
0,9,312,1,0,500,0.6,1000,0.2,1400,0.2,1
0,10,829,0,0,300,0.5,1700,0.5,2
0,11,760,0,0,300,0.5,1700,0.5,1
0,12,126,2,10,5,0,500,0.6,1000,0.2,1400,0.2,0
0,13,709,1,0,300,0.5,1700,0.5,1
0,14,673,2,10,5,0,300,0.5,1700,0.5,0
0,15,138,0,0,500,0.6,1000,0.2,1400,0.2,0
0,16,510,0,0,300,0.5,1700,0.5,0
0,17,253,2,10,5,0,300,0.5,1700,0.5,2
0,18,439,2,10,5,0,300,0.5,1700,0.5,1
0,19,127,0,0,500,0.6,1000,0.2,1400,0.2,2
1,0,148,0,0,300,0.5,1700,0.5,2
1,1,485,0,0,300,0.5,1700,0.5,0
1,2,430,2,10,5,0,300,0.5,1700,0.5,2
1,3,392,2,10,5,0,500,0.6,1000,0.2,1400,0.2,0
1,4,889,0,0,300,0.5,1700,0.5,2
1,5,326,1,0,500,0.6,1000,0.2,1400,0.2,2
1,6,827,2,10,5,0,500,0.6,1000,0.2,1400,0.2,2
1,7,175,0,0,500,0.6,1000,0.2,1400,0.2,0
1,8,784,1,0,300,0.5,1700,0.5,0
1,9,912,0,0,500,0.6,1000,0.2,1400,0.2,0
1,10,386,0,0,500,0.6,1000,0.2,1400,0.2,1
1,11,475,2,10,5,0,500,0.6,1000,0.2,1400,0.2,2
1,12,752,2,10,5,0,500,0.6,1000,0.2,1400,0.2,1
1,13,197,0,0,300,0.5,1700,0.5,2
1,14,62,1,0,300,0.5,1700,0.5,0
1,15,457,0,0,300,0.5,1700,0.5,0
1,16,358,1,0,300,0.5,1700,0.5,0
1,17,960,1,0,300,0.5,1700,0.5,1
1,18,223,0,0,300,0.5,1700,0.5,2
1,19,750,2,10,5,0,500,0.6,1000,0.2,1400,0.2,2
2,0,674,1,0,300,0.5,1700,0.5,0
2,1,255,1,0,500,0.6,1000,0.2,1400,0.2,2
2,2,580,0,0,300,0.5,1700,0.5,2
2,3,582,0,0,300,0.5,1700,0.5,1
2,4,213,1,0,500,0.6,1000,0.2,1400,0.2,0
2,5,437,0,0,500,0.6,1000,0.2,1400,0.2,0
2,6,777,2,10,5,0,300,0.5,1700,0.5,0
2,7,103,1,0,300,0.5,1700,0.5,2
2,8,373,0,0,300,0.5,1700,0.5,0
2,9,521,2,10,5,0,300,0.5,1700,0.5,0
2,10,888,2,10,5,0,500,0.6,1000,0.2,1400,0.2,0
2,11,941,1,0,500,0.6,1000,0.2,1400,0.2,1
2,12,484,2,10,5,0,300,0.5,1700,0.5,1
2,13,524,1,0,500,0.6,1000,0.2,1400,0.2,2
2,14,92,0,0,300,0.5,1700,0.5,0
2,15,798,0,0,500,0.6,1000,0.2,1400,0.2,0
2,16,387,2,10,5,0,500,0.6,1000,0.2,1400,0.2,0
2,17,539,2,10,5,0,500,0.6,1000,0.2,1400,0.2,1
2,18,499,1,0,500,0.6,1000,0.2,1400,0.2,1
2,19,656,1,0,300,0.5,1700,0.5,0
3,0,963,0,0,300,0.5,1700,0.5,0
3,1,590,1,0,500,0.6,1000,0.2,1400,0.2,1
3,2,984,1,0,500,0.6,1000,0.2,1400,0.2,2
3,3,819,1,0,300,0.5,1700,0.5,2
3,4,724,1,0,300,0.5,1700,0.5,2
3,5,301,0,0,300,0.5,1700,0.5,0
3,6,492,1,0,300,0.5,1700,0.5,1
3,7,129,1,0,300,0.5,1700,0.5,2
3,8,859,1,0,300,0.5,1700,0.5,1
3,9,408,1,0,300,0.5,1700,0.5,0
3,10,237,0,0,500,0.6,1000,0.2,1400,0.2,2
3,11,853,2,10,5,0,500,0.6,1000,0.2,1400,0.2,2
3,12,114,1,0,500,0.6,1000,0.2,1400,0.2,1
3,13,34,1,0,300,0.5,1700,0.5,2
3,14,505,0,0,500,0.6,1000,0.2,1400,0.2,0
3,15,681,1,0,500,0.6,1000,0.2,1400,0.2,1
3,16,849,2,10,5,0,500,0.6,1000,0.2,1400,0.2,1
3,17,380,1,0,300,0.5,1700,0.5,1
3,18,789,1,0,300,0.5,1700,0.5,1
3,19,114,1,0,300,0.5,1700,0.5,0
4,0,107,0,0,300,0.5,1700,0.5,2
4,1,857,0,0,500,0.6,1000,0.2,1400,0.2,0
4,2,398,0,0,500,0.6,1000,0.2,1400,0.2,2
4,3,655,1,0,500,0.6,1000,0.2,1400,0.2,2
4,4,415,1,0,500,0.6,1000,0.2,1400,0.2,0
4,5,105,1,0,300,0.5,1700,0.5,0
4,6,281,0,0,500,0.6,1000,0.2,1400,0.2,0
4,7,237,1,0,300,0.5,1700,0.5,2
4,8,525,0,0,300,0.5,1700,0.5,0
4,9,495,1,0,500,0.6,1000,0.2,1400,0.2,2
4,10,200,1,0,300,0.5,1700,0.5,0
4,11,232,0,0,300,0.5,1700,0.5,2
4,12,491,1,0,500,0.6,1000,0.2,1400,0.2,0
4,13,410,2,10,5,0,300,0.5,1700,0.5,1
4,14,747,2,10,5,0,500,0.6,1000,0.2,1400,0.2,2
4,15,92,1,0,300,0.5,1700,0.5,0
4,16,358,0,0,300,0.5,1700,0.5,2
4,17,452,1,0,500,0.6,1000,0.2,1400,0.2,1
4,18,818,0,0,300,0.5,1700,0.5,0
4,19,271,1,0,300,0.5,1700,0.5,0
5,0,388,2,10,5,0,300,0.5,1700,0.5,0
5,1,658,1,0,300,0.5,1700,0.5,1
5,2,443,2,10,5,0,500,0.6,1000,0.2,1400,0.2,1
5,3,976,0,0,300,0.5,1700,0.5,0
5,4,92,2,10,5,0,500,0.6,1000,0.2,1400,0.2,2
5,5,308,1,0,300,0.5,1700,0.5,2
5,6,752,2,10,5,0,300,0.5,1700,0.5,2
5,7,63,2,10,5,0,300,0.5,1700,0.5,2
5,8,343,2,10,5,0,300,0.5,1700,0.5,2
5,9,253,1,0,300,0.5,1700,0.5,2
5,10,991,1,0,300,0.5,1700,0.5,0
5,11,732,0,0,300,0.5,1700,0.5,2
5,12,425,2,10,5,0,500,0.6,1000,0.2,1400,0.2,2
5,13,45,1,0,500,0.6,1000,0.2,1400,0.2,0
5,14,754,1,0,300,0.5,1700,0.5,1
5,15,870,2,10,5,0,300,0.5,1700,0.5,2
5,16,280,2,10,5,0,300,0.5,1700,0.5,2
5,17,319,2,10,5,0,300,0.5,1700,0.5,2
5,18,606,0,0,300,0.5,1700,0.5,0
5,19,412,0,0,500,0.6,1000,0.2,1400,0.2,0
6,0,330,2,10,5,0,300,0.5,1700,0.5,0
6,1,662,1,0,300,0.5,1700,0.5,1
6,2,488,1,0,500,0.6,1000,0.2,1400,0.2,0
6,3,422,0,0,300,0.5,1700,0.5,2
6,4,228,1,0,500,0.6,1000,0.2,1400,0.2,1
6,5,188,2,10,5,0,500,0.6,1000,0.2,1400,0.2,2
6,6,547,2,10,5,0,300,0.5,1700,0.5,0
6,7,798,2,10,5,0,500,0.6,1000,0.2,1400,0.2,0
6,8,844,2,10,5,0,300,0.5,1700,0.5,2
6,9,497,1,0,500,0.6,1000,0.2,1400,0.2,1
6,10,684,2,10,5,0,500,0.6,1000,0.2,1400,0.2,0
6,11,399,0,0,300,0.5,1700,0.5,1
6,12,264,2,10,5,0,300,0.5,1700,0.5,2
6,13,679,0,0,300,0.5,1700,0.5,0
6,14,419,0,0,500,0.6,1000,0.2,1400,0.2,1
6,15,617,0,0,500,0.6,1000,0.2,1400,0.2,2
6,16,357,2,10,5,0,500,0.6,1000,0.2,1400,0.2,0
6,17,396,0,0,300,0.5,1700,0.5,2
6,18,988,1,0,300,0.5,1700,0.5,1
6,19,860,0,0,300,0.5,1700,0.5,1
7,0,308,0,0,300,0.5,1700,0.5,1
7,1,636,1,0,300,0.5,1700,0.5,1
7,2,34,0,0,300,0.5,1700,0.5,0
7,3,450,0,0,500,0.6,1000,0.2,1400,0.2,1
7,4,797,2,10,5,0,500,0.6,1000,0.2,1400,0.2,1
7,5,800,1,0,300,0.5,1700,0.5,1
7,6,532,0,0,300,0.5,1700,0.5,2
7,7,421,1,0,500,0.6,1000,0.2,1400,0.2,0
7,8,846,2,10,5,0,500,0.6,1000,0.2,1400,0.2,2
7,9,300,1,0,300,0.5,1700,0.5,1
7,10,706,0,0,500,0.6,1000,0.2,1400,0.2,1
7,11,525,0,0,300,0.5,1700,0.5,0
7,12,874,0,0,500,0.6,1000,0.2,1400,0.2,1
7,13,758,2,10,5,0,500,0.6,1000,0.2,1400,0.2,0
7,14,264,2,10,5,0,300,0.5,1700,0.5,0
7,15,393,0,0,300,0.5,1700,0.5,1
7,16,188,2,10,5,0,300,0.5,1700,0.5,2
7,17,786,1,0,500,0.6,1000,0.2,1400,0.2,0
7,18,123,1,0,500,0.6,1000,0.2,1400,0.2,2
7,19,868,2,10,5,0,500,0.6,1000,0.2,1400,0.2,2
8,0,299,0,0,300,0.5,1700,0.5,0
8,1,942,0,0,500,0.6,1000,0.2,1400,0.2,2
8,2,791,0,0,300,0.5,1700,0.5,0
8,3,730,2,10,5,0,500,0.6,1000,0.2,1400,0.2,1
8,4,793,1,0,500,0.6,1000,0.2,1400,0.2,2
8,5,629,2,10,5,0,300,0.5,1700,0.5,2
8,6,923,1,0,300,0.5,1700,0.5,1
8,7,259,1,0,500,0.6,1000,0.2,1400,0.2,0
8,8,954,2,10,5,0,500,0.6,1000,0.2,1400,0.2,0
8,9,137,2,10,5,0,300,0.5,1700,0.5,1
8,10,172,0,0,300,0.5,1700,0.5,2
8,11,946,2,10,5,0,300,0.5,1700,0.5,0
8,12,540,0,0,500,0.6,1000,0.2,1400,0.2,2
8,13,428,2,10,5,0,300,0.5,1700,0.5,0
8,14,110,0,0,500,0.6,1000,0.2,1400,0.2,2
8,15,132,0,0,500,0.6,1000,0.2,1400,0.2,2
8,16,719,0,0,300,0.5,1700,0.5,0
8,17,380,1,0,300,0.5,1700,0.5,1
8,18,704,0,0,500,0.6,1000,0.2,1400,0.2,0
8,19,778,2,10,5,0,300,0.5,1700,0.5,1
9,0,882,2,10,5,0,500,0.6,1000,0.2,1400,0.2,0
9,1,60,1,0,500,0.6,1000,0.2,1400,0.2,0
9,2,103,1,0,300,0.5,1700,0.5,1
9,3,731,1,0,500,0.6,1000,0.2,1400,0.2,1
9,4,323,2,10,5,0,300,0.5,1700,0.5,0
9,5,886,1,0,300,0.5,1700,0.5,2
9,6,83,0,0,300,0.5,1700,0.5,2
9,7,616,2,10,5,0,300,0.5,1700,0.5,2
9,8,867,0,0,300,0.5,1700,0.5,2
9,9,34,2,10,5,0,500,0.6,1000,0.2,1400,0.2,1
9,10,722,2,10,5,0,300,0.5,1700,0.5,0
9,11,600,2,10,5,0,300,0.5,1700,0.5,2
9,12,115,0,0,300,0.5,1700,0.5,1
9,13,485,0,0,300,0.5,1700,0.5,2
9,14,827,1,0,500,0.6,1000,0.2,1400,0.2,1
9,15,79,2,10,5,0,300,0.5,1700,0.5,2
9,16,356,1,0,300,0.5,1700,0.5,1
9,17,450,0,0,500,0.6,1000,0.2,1400,0.2,1
9,18,180,0,0,500,0.6,1000,0.2,1400,0.2,0
9,19,167,0,0,500,0.6,1000,0.2,1400,0.2,0
10,0,969,2,10,5,0,300,0.5,1700,0.5,0
10,1,845,0,0,300,0.5,1700,0.5,1
10,2,815,1,0,500,0.6,1000,0.2,1400,0.2,0
10,3,453,0,0,500,0.6,1000,0.2,1400,0.2,2
10,4,104,0,0,300,0.5,1700,0.5,1
10,5,972,1,0,300,0.5,1700,0.5,0
10,6,201,2,10,5,0,300,0.5,1700,0.5,2
10,7,428,2,10,5,0,500,0.6,1000,0.2,1400,0.2,1
10,8,600,0,0,500,0.6,1000,0.2,1400,0.2,1
10,9,682,1,0,300,0.5,1700,0.5,0
10,10,857,0,0,500,0.6,1000,0.2,1400,0.2,0
10,11,864,1,0,500,0.6,1000,0.2,1400,0.2,0
10,12,27,0,0,500,0.6,1000,0.2,1400,0.2,0
10,13,14,2,10,5,0,500,0.6,1000,0.2,1400,0.2,2
10,14,100,1,0,300,0.5,1700,0.5,2
10,15,420,0,0,300,0.5,1700,0.5,1
10,16,341,2,10,5,0,500,0.6,1000,0.2,1400,0.2,0
10,17,826,0,0,300,0.5,1700,0.5,2
10,18,313,1,0,500,0.6,1000,0.2,1400,0.2,2
10,19,275,2,10,5,0,300,0.5,1700,0.5,1
11,0,384,2,10,5,0,500,0.6,1000,0.2,1400,0.2,0
11,1,184,1,0,300,0.5,1700,0.5,1
11,2,529,1,0,300,0.5,1700,0.5,0
11,3,511,2,10,5,0,500,0.6,1000,0.2,1400,0.2,2
11,4,445,1,0,300,0.5,1700,0.5,0
11,5,578,2,10,5,0,500,0.6,1000,0.2,1400,0.2,2
11,6,128,1,0,500,0.6,1000,0.2,1400,0.2,0
11,7,184,2,10,5,0,500,0.6,1000,0.2,1400,0.2,1
11,8,484,1,0,500,0.6,1000,0.2,1400,0.2,2
11,9,558,2,10,5,0,300,0.5,1700,0.5,0
11,10,466,0,0,300,0.5,1700,0.5,2
11,11,273,2,10,5,0,300,0.5,1700,0.5,0
11,12,273,2,10,5,0,300,0.5,1700,0.5,1
11,13,661,1,0,300,0.5,1700,0.5,1
11,14,165,0,0,300,0.5,1700,0.5,0
11,15,252,2,10,5,0,300,0.5,1700,0.5,1
11,16,828,1,0,300,0.5,1700,0.5,0
11,17,809,2,10,5,0,300,0.5,1700,0.5,2
11,18,488,1,0,300,0.5,1700,0.5,2
11,19,538,2,10,5,0,500,0.6,1000,0.2,1400,0.2,1
12,0,167,2,10,5,0,300,0.5,1700,0.5,0
12,1,574,0,0,500,0.6,1000,0.2,1400,0.2,2
12,2,484,1,0,300,0.5,1700,0.5,0
12,3,271,2,10,5,0,300,0.5,1700,0.5,0
12,4,725,1,0,300,0.5,1700,0.5,0
12,5,905,0,0,500,0.6,1000,0.2,1400,0.2,1
12,6,454,2,10,5,0,500,0.6,1000,0.2,1400,0.2,0
12,7,748,1,0,300,0.5,1700,0.5,0
12,8,166,2,10,5,0,500,0.6,1000,0.2,1400,0.2,0
12,9,311,1,0,500,0.6,1000,0.2,1400,0.2,0
12,10,286,1,0,300,0.5,1700,0.5,0
12,11,415,2,10,5,0,300,0.5,1700,0.5,2
12,12,922,2,10,5,0,300,0.5,1700,0.5,2
12,13,589,2,10,5,0,500,0.6,1000,0.2,1400,0.2,1
12,14,252,0,0,300,0.5,1700,0.5,2
12,15,587,0,0,500,0.6,1000,0.2,1400,0.2,1
12,16,814,0,0,300,0.5,1700,0.5,1
12,17,362,2,10,5,0,500,0.6,1000,0.2,1400,0.2,2
12,18,729,1,0,500,0.6,1000,0.2,1400,0.2,2
12,19,288,0,0,300,0.5,1700,0.5,2
13,0,357,0,0,300,0.5,1700,0.5,1
13,1,645,1,0,300,0.5,1700,0.5,0
13,2,648,2,10,5,0,300,0.5,1700,0.5,1
13,3,159,0,0,300,0.5,1700,0.5,2
13,4,970,2,10,5,0,500,0.6,1000,0.2,1400,0.2,1
13,5,260,0,0,300,0.5,1700,0.5,0
13,6,87,0,0,500,0.6,1000,0.2,1400,0.2,2
13,7,725,1,0,500,0.6,1000,0.2,1400,0.2,1
13,8,319,0,0,300,0.5,1700,0.5,0
13,9,621,2,10,5,0,500,0.6,1000,0.2,1400,0.2,0
13,10,612,0,0,500,0.6,1000,0.2,1400,0.2,0
13,11,890,2,10,5,0,500,0.6,1000,0.2,1400,0.2,0
13,12,340,2,10,5,0,500,0.6,1000,0.2,1400,0.2,0
13,13,678,2,10,5,0,500,0.6,1000,0.2,1400,0.2,0
13,14,263,2,10,5,0,500,0.6,1000,0.2,1400,0.2,0
13,15,742,0,0,500,0.6,1000,0.2,1400,0.2,2
13,16,644,2,10,5,0,300,0.5,1700,0.5,1
13,17,870,2,10,5,0,500,0.6,1000,0.2,1400,0.2,1
13,18,936,2,10,5,0,300,0.5,1700,0.5,0
13,19,67,1,0,300,0.5,1700,0.5,0
14,0,479,2,10,5,0,500,0.6,1000,0.2,1400,0.2,1
14,1,863,1,0,500,0.6,1000,0.2,1400,0.2,0
14,2,566,1,0,300,0.5,1700,0.5,1
14,3,972,0,0,300,0.5,1700,0.5,2
14,4,663,1,0,500,0.6,1000,0.2,1400,0.2,0
14,5,958,2,10,5,0,300,0.5,1700,0.5,2
14,6,607,2,10,5,0,500,0.6,1000,0.2,1400,0.2,1
14,7,623,1,0,300,0.5,1700,0.5,1
14,8,106,0,0,500,0.6,1000,0.2,1400,0.2,0
14,9,129,2,10,5,0,300,0.5,1700,0.5,1
14,10,295,2,10,5,0,500,0.6,1000,0.2,1400,0.2,1
14,11,132,0,0,500,0.6,1000,0.2,1400,0.2,0
14,12,440,1,0,500,0.6,1000,0.2,1400,0.2,2
14,13,59,0,0,500,0.6,1000,0.2,1400,0.2,1
14,14,298,0,0,300,0.5,1700,0.5,0
14,15,718,2,10,5,0,500,0.6,1000,0.2,1400,0.2,0
14,16,163,2,10,5,0,300,0.5,1700,0.5,1
14,17,931,0,0,500,0.6,1000,0.2,1400,0.2,2
14,18,502,2,10,5,0,300,0.5,1700,0.5,2
14,19,234,2,10,5,0,500,0.6,1000,0.2,1400,0.2,0
15,0,858,0,0,300,0.5,1700,0.5,0
15,1,845,2,10,5,0,500,0.6,1000,0.2,1400,0.2,2
15,2,854,0,0,500,0.6,1000,0.2,1400,0.2,0
15,3,291,0,0,500,0.6,1000,0.2,1400,0.2,2
15,4,404,1,0,300,0.5,1700,0.5,2
15,5,296,2,10,5,0,500,0.6,1000,0.2,1400,0.2,0
15,6,371,0,0,500,0.6,1000,0.2,1400,0.2,2
15,7,328,1,0,500,0.6,1000,0.2,1400,0.2,2
15,8,992,0,0,300,0.5,1700,0.5,0
15,9,717,0,0,300,0.5,1700,0.5,2
15,10,407,2,10,5,0,300,0.5,1700,0.5,2
15,11,467,0,0,500,0.6,1000,0.2,1400,0.2,0
15,12,67,2,10,5,0,500,0.6,1000,0.2,1400,0.2,2
15,13,553,0,0,500,0.6,1000,0.2,1400,0.2,1
15,14,882,1,0,300,0.5,1700,0.5,1
15,15,99,2,10,5,0,500,0.6,1000,0.2,1400,0.2,0
15,16,959,2,10,5,0,500,0.6,1000,0.2,1400,0.2,2
15,17,103,1,0,500,0.6,1000,0.2,1400,0.2,2
15,18,533,1,0,500,0.6,1000,0.2,1400,0.2,2
15,19,791,1,0,300,0.5,1700,0.5,2
16,0,947,0,0,300,0.5,1700,0.5,1
16,1,30,0,0,500,0.6,1000,0.2,1400,0.2,0
16,2,836,0,0,300,0.5,1700,0.5,1
16,3,250,2,10,5,0,300,0.5,1700,0.5,2
16,4,758,0,0,300,0.5,1700,0.5,0
16,5,329,2,10,5,0,300,0.5,1700,0.5,1
16,6,171,2,10,5,0,300,0.5,1700,0.5,0
16,7,651,0,0,300,0.5,1700,0.5,0
16,8,874,2,10,5,0,500,0.6,1000,0.2,1400,0.2,0
16,9,475,2,10,5,0,500,0.6,1000,0.2,1400,0.2,1
16,10,360,2,10,5,0,500,0.6,1000,0.2,1400,0.2,2
16,11,679,0,0,300,0.5,1700,0.5,1
16,12,590,0,0,300,0.5,1700,0.5,1
16,13,925,0,0,500,0.6,1000,0.2,1400,0.2,1
16,14,373,2,10,5,0,500,0.6,1000,0.2,1400,0.2,2
16,15,202,0,0,500,0.6,1000,0.2,1400,0.2,0
16,16,701,2,10,5,0,500,0.6,1000,0.2,1400,0.2,2
16,17,345,0,0,500,0.6,1000,0.2,1400,0.2,0
16,18,21,0,0,500,0.6,1000,0.2,1400,0.2,1
16,19,597,0,0,500,0.6,1000,0.2,1400,0.2,2
17,0,388,2,10,5,0,300,0.5,1700,0.5,0
17,1,860,0,0,300,0.5,1700,0.5,2
17,2,436,0,0,500,0.6,1000,0.2,1400,0.2,2
17,3,57,0,0,300,0.5,1700,0.5,1
17,4,667,2,10,5,0,300,0.5,1700,0.5,0
17,5,834,2,10,5,0,300,0.5,1700,0.5,0
17,6,470,0,0,300,0.5,1700,0.5,2
17,7,49,1,0,300,0.5,1700,0.5,2
17,8,985,2,10,5,0,500,0.6,1000,0.2,1400,0.2,2
17,9,836,1,0,500,0.6,1000,0.2,1400,0.2,2
17,10,452,1,0,300,0.5,1700,0.5,1
17,11,612,0,0,500,0.6,1000,0.2,1400,0.2,0
17,12,325,0,0,300,0.5,1700,0.5,1
17,13,546,2,10,5,0,300,0.5,1700,0.5,0
17,14,465,1,0,300,0.5,1700,0.5,0
17,15,293,1,0,300,0.5,1700,0.5,0
17,16,459,1,0,300,0.5,1700,0.5,1
17,17,291,1,0,500,0.6,1000,0.2,1400,0.2,0
17,18,15,0,0,500,0.6,1000,0.2,1400,0.2,1
17,19,990,0,0,500,0.6,1000,0.2,1400,0.2,0
18,0,572,1,0,300,0.5,1700,0.5,1
18,1,224,1,0,300,0.5,1700,0.5,1
18,2,738,2,10,5,0,300,0.5,1700,0.5,0
18,3,872,1,0,300,0.5,1700,0.5,2
18,4,466,2,10,5,0,500,0.6,1000,0.2,1400,0.2,2
18,5,804,0,0,500,0.6,1000,0.2,1400,0.2,1
18,6,310,2,10,5,0,500,0.6,1000,0.2,1400,0.2,0
18,7,433,1,0,300,0.5,1700,0.5,0
18,8,69,2,10,5,0,300,0.5,1700,0.5,0
18,9,297,2,10,5,0,500,0.6,1000,0.2,1400,0.2,0
18,10,80,2,10,5,0,500,0.6,1000,0.2,1400,0.2,1
18,11,878,0,0,300,0.5,1700,0.5,1
18,12,674,0,0,500,0.6,1000,0.2,1400,0.2,2
18,13,536,0,0,300,0.5,1700,0.5,1
18,14,322,0,0,500,0.6,1000,0.2,1400,0.2,2
18,15,824,1,0,300,0.5,1700,0.5,1
18,16,861,1,0,500,0.6,1000,0.2,1400,0.2,0
18,17,580,2,10,5,0,500,0.6,1000,0.2,1400,0.2,2
18,18,263,1,0,300,0.5,1700,0.5,0
18,19,732,0,0,500,0.6,1000,0.2,1400,0.2,1
19,0,526,1,0,300,0.5,1700,0.5,1
19,1,436,0,0,500,0.6,1000,0.2,1400,0.2,2
19,2,270,2,10,5,0,300,0.5,1700,0.5,0
19,3,763,2,10,5,0,500,0.6,1000,0.2,1400,0.2,1
19,4,316,0,0,300,0.5,1700,0.5,2
19,5,907,1,0,500,0.6,1000,0.2,1400,0.2,2
19,6,350,2,10,5,0,300,0.5,1700,0.5,2
19,7,481,1,0,500,0.6,1000,0.2,1400,0.2,2
19,8,265,2,10,5,0,500,0.6,1000,0.2,1400,0.2,0
19,9,196,0,0,300,0.5,1700,0.5,2
19,10,33,1,0,500,0.6,1000,0.2,1400,0.2,0
19,11,924,2,10,5,0,500,0.6,1000,0.2,1400,0.2,0
19,12,872,0,0,300,0.5,1700,0.5,1
19,13,43,2,10,5,0,500,0.6,1000,0.2,1400,0.2,2
19,14,549,0,0,500,0.6,1000,0.2,1400,0.2,2
19,15,319,2,10,5,0,300,0.5,1700,0.5,0
19,16,812,1,0,300,0.5,1700,0.5,1
19,17,843,1,0,500,0.6,1000,0.2,1400,0.2,0
19,18,412,1,0,500,0.6,1000,0.2,1400,0.2,1
19,19,205,2,10,5,0,300,0.5,1700,0.5,1
