0,0,961,0,0,500,0.6,1000,0.2,1400,0.2,0
0,1,677,1,0,300,0.5,1700,0.5,2
0,2,428,2,10,5,0,500,0.6,1000,0.2,1400,0.2,2
0,3,737,0,0,500,0.6,1000,0.2,1400,0.2,1
0,4,769,0,0,300,0.5,1700,0.5,1
0,5,465,0,0,500,0.6,1000,0.2,1400,0.2,2
0,6,61,1,0,500,0.6,1000,0.2,1400,0.2,0
0,7,314,0,0,300,0.5,1700,0.5,2
0,8,91,1,0,300,0.5,1700,0.5,0
0,9,229,1,0,500,0.6,1000,0.2,1400,0.2,0
0,10,231,1,0,300,0.5,1700,0.5,0
0,11,728,1,0,500,0.6,1000,0.2,1400,0.2,0
0,12,105,2,10,5,0,500,0.6,1000,0.2,1400,0.2,1
0,13,196,1,0,300,0.5,1700,0.5,0
0,14,65,2,10,5,0,300,0.5,1700,0.5,1
0,15,728,1,0,300,0.5,1700,0.5,2
0,16,732,1,0,500,0.6,1000,0.2,1400,0.2,0
0,17,845,1,0,300,0.5,1700,0.5,0
0,18,835,1,0,500,0.6,1000,0.2,1400,0.2,1
0,19,258,0,0,500,0.6,1000,0.2,1400,0.2,0
1,0,555,2,10,5,0,300,0.5,1700,0.5,1
1,1,155,0,0,500,0.6,1000,0.2,1400,0.2,0
1,2,167,1,0,300,0.5,1700,0.5,2
1,3,299,2,10,5,0,500,0.6,1000,0.2,1400,0.2,2
1,4,225,1,0,500,0.6,1000,0.2,1400,0.2,2
1,5,260,2,10,5,0,500,0.6,1000,0.2,1400,0.2,0
1,6,441,2,10,5,0,300,0.5,1700,0.5,1
1,7,149,0,0,300,0.5,1700,0.5,2
1,8,244,1,0,500,0.6,1000,0.2,1400,0.2,0
1,9,146,2,10,5,0,500,0.6,1000,0.2,1400,0.2,1
1,10,154,0,0,300,0.5,1700,0.5,0
1,11,913,2,10,5,0,500,0.6,1000,0.2,1400,0.2,1
1,12,685,1,0,500,0.6,1000,0.2,1400,0.2,2
1,13,422,0,0,500,0.6,1000,0.2,1400,0.2,1
1,14,736,2,10,5,0,300,0.5,1700,0.5,0
1,15,986,0,0,500,0.6,1000,0.2,1400,0.2,2
1,16,485,2,10,5,0,500,0.6,1000,0.2,1400,0.2,1
1,17,280,0,0,500,0.6,1000,0.2,1400,0.2,2
1,18,788,2,10,5,0,500,0.6,1000,0.2,1400,0.2,1
1,19,248,0,0,300,0.5,1700,0.5,2
2,0,303,2,10,5,0,300,0.5,1700,0.5,1
2,1,191,2,10,5,0,300,0.5,1700,0.5,1
2,2,141,1,0,500,0.6,1000,0.2,1400,0.2,2
2,3,469,1,0,300,0.5,1700,0.5,2
2,4,152,1,0,300,0.5,1700,0.5,1
2,5,377,1,0,500,0.6,1000,0.2,1400,0.2,0
2,6,653,0,0,300,0.5,1700,0.5,1
2,7,244,0,0,300,0.5,1700,0.5,2
2,8,466,0,0,300,0.5,1700,0.5,1
2,9,85,2,10,5,0,300,0.5,1700,0.5,2
2,10,829,1,0,500,0.6,1000,0.2,1400,0.2,0
2,11,906,1,0,500,0.6,1000,0.2,1400,0.2,2
2,12,276,2,10,5,0,300,0.5,1700,0.5,1
2,13,162,1,0,500,0.6,1000,0.2,1400,0.2,0
2,14,408,2,10,5,0,300,0.5,1700,0.5,0
2,15,547,0,0,500,0.6,1000,0.2,1400,0.2,1
2,16,726,1,0,500,0.6,1000,0.2,1400,0.2,2
2,17,94,1,0,300,0.5,1700,0.5,2
2,18,418,2,10,5,0,300,0.5,1700,0.5,0
2,19,27,0,0,300,0.5,1700,0.5,0
3,0,533,2,10,5,0,300,0.5,1700,0.5,2
3,1,912,1,0,500,0.6,1000,0.2,1400,0.2,0
3,2,299,2,10,5,0,300,0.5,1700,0.5,2
3,3,545,0,0,300,0.5,1700,0.5,0
3,4,698,1,0,500,0.6,1000,0.2,1400,0.2,2
3,5,761,2,10,5,0,300,0.5,1700,0.5,1
3,6,353,0,0,300,0.5,1700,0.5,2
3,7,37,2,10,5,0,500,0.6,1000,0.2,1400,0.2,0
3,8,666,0,0,300,0.5,1700,0.5,1
3,9,452,2,10,5,0,500,0.6,1000,0.2,1400,0.2,1
3,10,959,0,0,300,0.5,1700,0.5,1
3,11,828,1,0,300,0.5,1700,0.5,0
3,12,122,0,0,500,0.6,1000,0.2,1400,0.2,0
3,13,986,1,0,300,0.5,1700,0.5,2
3,14,276,1,0,500,0.6,1000,0.2,1400,0.2,2
3,15,572,0,0,300,0.5,1700,0.5,1
3,16,733,2,10,5,0,300,0.5,1700,0.5,2
3,17,289,1,0,500,0.6,1000,0.2,1400,0.2,2
3,18,432,0,0,500,0.6,1000,0.2,1400,0.2,1
3,19,373,1,0,500,0.6,1000,0.2,1400,0.2,1
4,0,201,2,10,5,0,300,0.5,1700,0.5,2
4,1,812,2,10,5,0,300,0.5,1700,0.5,1
4,2,725,1,0,300,0.5,1700,0.5,0
4,3,743,2,10,5,0,300,0.5,1700,0.5,2
4,4,601,0,0,300,0.5,1700,0.5,0
4,5,292,1,0,500,0.6,1000,0.2,1400,0.2,0
4,6,804,2,10,5,0,500,0.6,1000,0.2,1400,0.2,1
4,7,816,1,0,500,0.6,1000,0.2,1400,0.2,0
4,8,395,0,0,500,0.6,1000,0.2,1400,0.2,0
4,9,127,2,10,5,0,500,0.6,1000,0.2,1400,0.2,2
4,10,777,0,0,300,0.5,1700,0.5,0
4,11,746,2,10,5,0,300,0.5,1700,0.5,1
4,12,379,2,10,5,0,500,0.6,1000,0.2,1400,0.2,0
4,13,74,0,0,300,0.5,1700,0.5,1
4,14,693,2,10,5,0,300,0.5,1700,0.5,1
4,15,460,0,0,500,0.6,1000,0.2,1400,0.2,1
4,16,528,2,10,5,0,300,0.5,1700,0.5,1
4,17,751,0,0,300,0.5,1700,0.5,2
4,18,930,1,0,500,0.6,1000,0.2,1400,0.2,2
4,19,259,2,10,5,0,300,0.5,1700,0.5,0
5,0,503,2,10,5,0,500,0.6,1000,0.2,1400,0.2,2
5,1,140,1,0,300,0.5,1700,0.5,0
5,2,40,1,0,500,0.6,1000,0.2,1400,0.2,2
5,3,145,0,0,500,0.6,1000,0.2,1400,0.2,0
5,4,288,2,10,5,0,300,0.5,1700,0.5,0
5,5,57,1,0,300,0.5,1700,0.5,2
5,6,84,0,0,300,0.5,1700,0.5,2
5,7,687,2,10,5,0,500,0.6,1000,0.2,1400,0.2,2
5,8,664,0,0,300,0.5,1700,0.5,2
5,9,459,0,0,500,0.6,1000,0.2,1400,0.2,2
5,10,453,0,0,500,0.6,1000,0.2,1400,0.2,0
5,11,252,1,0,300,0.5,1700,0.5,2
5,12,738,1,0,300,0.5,1700,0.5,2
5,13,366,1,0,500,0.6,1000,0.2,1400,0.2,1
5,14,349,0,0,500,0.6,1000,0.2,1400,0.2,0
5,15,431,1,0,300,0.5,1700,0.5,2
5,16,181,1,0,300,0.5,1700,0.5,2
5,17,260,2,10,5,0,300,0.5,1700,0.5,0
5,18,457,2,10,5,0,300,0.5,1700,0.5,2
5,19,462,0,0,300,0.5,1700,0.5,2
6,0,691,0,0,300,0.5,1700,0.5,2
6,1,759,0,0,500,0.6,1000,0.2,1400,0.2,0
6,2,613,0,0,500,0.6,1000,0.2,1400,0.2,0
6,3,527,0,0,300,0.5,1700,0.5,1
6,4,928,0,0,300,0.5,1700,0.5,1
6,5,409,1,0,300,0.5,1700,0.5,2
6,6,852,1,0,300,0.5,1700,0.5,1
6,7,978,2,10,5,0,300,0.5,1700,0.5,2
6,8,139,1,0,500,0.6,1000,0.2,1400,0.2,2
6,9,529,1,0,300,0.5,1700,0.5,0
6,10,905,2,10,5,0,300,0.5,1700,0.5,0
6,11,981,1,0,500,0.6,1000,0.2,1400,0.2,0
6,12,526,1,0,500,0.6,1000,0.2,1400,0.2,0
6,13,20,0,0,500,0.6,1000,0.2,1400,0.2,0
6,14,783,0,0,300,0.5,1700,0.5,2
6,15,221,0,0,300,0.5,1700,0.5,1
6,16,813,0,0,300,0.5,1700,0.5,2
6,17,130,1,0,300,0.5,1700,0.5,2
6,18,973,0,0,300,0.5,1700,0.5,0
6,19,509,2,10,5,0,300,0.5,1700,0.5,2
7,0,764,1,0,300,0.5,1700,0.5,1
7,1,755,2,10,5,0,300,0.5,1700,0.5,0
7,2,944,2,10,5,0,500,0.6,1000,0.2,1400,0.2,1
7,3,835,0,0,500,0.6,1000,0.2,1400,0.2,0
7,4,731,1,0,300,0.5,1700,0.5,2
7,5,877,1,0,500,0.6,1000,0.2,1400,0.2,0
7,6,725,2,10,5,0,300,0.5,1700,0.5,0
7,7,729,2,10,5,0,300,0.5,1700,0.5,2
7,8,875,2,10,5,0,300,0.5,1700,0.5,0
7,9,285,0,0,500,0.6,1000,0.2,1400,0.2,1
7,10,344,2,10,5,0,300,0.5,1700,0.5,1
7,11,476,0,0,300,0.5,1700,0.5,1
7,12,835,2,10,5,0,300,0.5,1700,0.5,1
7,13,498,2,10,5,0,500,0.6,1000,0.2,1400,0.2,0
7,14,367,1,0,500,0.6,1000,0.2,1400,0.2,0
7,15,998,2,10,5,0,500,0.6,1000,0.2,1400,0.2,2
7,16,288,2,10,5,0,300,0.5,1700,0.5,1
7,17,181,2,10,5,0,300,0.5,1700,0.5,2
7,18,164,0,0,500,0.6,1000,0.2,1400,0.2,2
7,19,313,2,10,5,0,300,0.5,1700,0.5,0
8,0,727,2,10,5,0,300,0.5,1700,0.5,1
8,1,593,0,0,500,0.6,1000,0.2,1400,0.2,2
8,2,38,0,0,300,0.5,1700,0.5,1
8,3,681,2,10,5,0,300,0.5,1700,0.5,2
8,4,933,2,10,5,0,500,0.6,1000,0.2,1400,0.2,1
8,5,969,1,0,500,0.6,1000,0.2,1400,0.2,2
8,6,323,0,0,500,0.6,1000,0.2,1400,0.2,0
8,7,870,2,10,5,0,500,0.6,1000,0.2,1400,0.2,1
8,8,873,0,0,500,0.6,1000,0.2,1400,0.2,1
8,9,954,1,0,500,0.6,1000,0.2,1400,0.2,0
8,10,77,2,10,5,0,500,0.6,1000,0.2,1400,0.2,2
8,11,204,1,0,300,0.5,1700,0.5,1
8,12,319,1,0,500,0.6,1000,0.2,1400,0.2,1
8,13,901,0,0,300,0.5,1700,0.5,0
8,14,887,2,10,5,0,500,0.6,1000,0.2,1400,0.2,1
8,15,256,1,0,300,0.5,1700,0.5,0
8,16,279,0,0,300,0.5,1700,0.5,2
8,17,852,0,0,300,0.5,1700,0.5,2
8,18,689,1,0,500,0.6,1000,0.2,1400,0.2,2
8,19,336,1,0,300,0.5,1700,0.5,2
9,0,854,2,10,5,0,500,0.6,1000,0.2,1400,0.2,1
9,1,597,1,0,300,0.5,1700,0.5,1
9,2,376,2,10,5,0,300,0.5,1700,0.5,0
9,3,871,1,0,500,0.6,1000,0.2,1400,0.2,1
9,4,102,1,0,300,0.5,1700,0.5,0
9,5,18,1,0,500,0.6,1000,0.2,1400,0.2,1
9,6,213,1,0,300,0.5,1700,0.5,0
9,7,938,1,0,300,0.5,1700,0.5,1
9,8,179,1,0,300,0.5,1700,0.5,2
9,9,364,1,0,300,0.5,1700,0.5,1
9,10,329,0,0,300,0.5,1700,0.5,2
9,11,56,2,10,5,0,300,0.5,1700,0.5,0
9,12,183,1,0,300,0.5,1700,0.5,2
9,13,327,1,0,500,0.6,1000,0.2,1400,0.2,1
9,14,831,1,0,500,0.6,1000,0.2,1400,0.2,0
9,15,623,0,0,300,0.5,1700,0.5,0
9,16,956,0,0,300,0.5,1700,0.5,2
9,17,738,0,0,500,0.6,1000,0.2,1400,0.2,1
9,18,356,1,0,500,0.6,1000,0.2,1400,0.2,0
9,19,73,1,0,500,0.6,1000,0.2,1400,0.2,0
10,0,461,1,0,500,0.6,1000,0.2,1400,0.2,0
10,1,700,0,0,500,0.6,1000,0.2,1400,0.2,2
10,2,816,1,0,500,0.6,1000,0.2,1400,0.2,0
10,3,44,0,0,500,0.6,1000,0.2,1400,0.2,2
10,4,374,0,0,300,0.5,1700,0.5,0
10,5,990,1,0,300,0.5,1700,0.5,1
10,6,490,1,0,300,0.5,1700,0.5,2
10,7,753,2,10,5,0,500,0.6,1000,0.2,1400,0.2,1
10,8,93,2,10,5,0,300,0.5,1700,0.5,2
10,9,239,1,0,300,0.5,1700,0.5,0
10,10,515,0,0,500,0.6,1000,0.2,1400,0.2,1
10,11,656,2,10,5,0,500,0.6,1000,0.2,1400,0.2,2
10,12,260,0,0,500,0.6,1000,0.2,1400,0.2,2
10,13,425,1,0,300,0.5,1700,0.5,1
10,14,511,0,0,500,0.6,1000,0.2,1400,0.2,2
10,15,600,2,10,5,0,300,0.5,1700,0.5,1
10,16,212,1,0,300,0.5,1700,0.5,0
10,17,485,2,10,5,0,300,0.5,1700,0.5,0
10,18,407,0,0,300,0.5,1700,0.5,0
10,19,304,2,10,5,0,500,0.6,1000,0.2,1400,0.2,2
11,0,45,1,0,500,0.6,1000,0.2,1400,0.2,2
11,1,265,2,10,5,0,300,0.5,1700,0.5,0
11,2,287,2,10,5,0,300,0.5,1700,0.5,1
11,3,12,2,10,5,0,500,0.6,1000,0.2,1400,0.2,2
11,4,406,1,0,500,0.6,1000,0.2,1400,0.2,0
11,5,78,0,0,500,0.6,1000,0.2,1400,0.2,0
11,6,136,2,10,5,0,300,0.5,1700,0.5,2
11,7,698,0,0,500,0.6,1000,0.2,1400,0.2,2
11,8,335,2,10,5,0,300,0.5,1700,0.5,0
11,9,337,1,0,300,0.5,1700,0.5,0
11,10,481,2,10,5,0,300,0.5,1700,0.5,1
11,11,201,1,0,300,0.5,1700,0.5,0
11,12,88,1,0,500,0.6,1000,0.2,1400,0.2,1
11,13,523,2,10,5,0,500,0.6,1000,0.2,1400,0.2,0
11,14,163,0,0,300,0.5,1700,0.5,2
11,15,923,0,0,500,0.6,1000,0.2,1400,0.2,0
11,16,856,0,0,500,0.6,1000,0.2,1400,0.2,2
11,17,251,0,0,300,0.5,1700,0.5,0
11,18,923,0,0,300,0.5,1700,0.5,0
11,19,651,2,10,5,0,500,0.6,1000,0.2,1400,0.2,0
12,0,285,0,0,300,0.5,1700,0.5,2
12,1,59,1,0,300,0.5,1700,0.5,1
12,2,768,0,0,500,0.6,1000,0.2,1400,0.2,1
12,3,52,1,0,500,0.6,1000,0.2,1400,0.2,0
12,4,34,2,10,5,0,500,0.6,1000,0.2,1400,0.2,2
12,5,922,2,10,5,0,300,0.5,1700,0.5,2
12,6,936,2,10,5,0,300,0.5,1700,0.5,2
12,7,144,1,0,300,0.5,1700,0.5,0
12,8,272,0,0,300,0.5,1700,0.5,2
12,9,504,1,0,300,0.5,1700,0.5,0
12,10,1000,1,0,300,0.5,1700,0.5,2
12,11,562,2,10,5,0,300,0.5,1700,0.5,1
12,12,602,1,0,300,0.5,1700,0.5,2
12,13,825,1,0,500,0.6,1000,0.2,1400,0.2,2
12,14,696,2,10,5,0,300,0.5,1700,0.5,0
12,15,945,0,0,500,0.6,1000,0.2,1400,0.2,2
12,16,654,2,10,5,0,500,0.6,1000,0.2,1400,0.2,1
12,17,332,0,0,500,0.6,1000,0.2,1400,0.2,1
12,18,626,0,0,300,0.5,1700,0.5,1
12,19,867,1,0,300,0.5,1700,0.5,2
13,0,983,2,10,5,0,300,0.5,1700,0.5,1
13,1,512,1,0,500,0.6,1000,0.2,1400,0.2,2
13,2,749,0,0,500,0.6,1000,0.2,1400,0.2,0
13,3,523,0,0,300,0.5,1700,0.5,1
13,4,852,2,10,5,0,500,0.6,1000,0.2,1400,0.2,0
13,5,270,0,0,300,0.5,1700,0.5,2
13,6,448,2,10,5,0,300,0.5,1700,0.5,0
13,7,375,1,0,300,0.5,1700,0.5,1
13,8,153,2,10,5,0,500,0.6,1000,0.2,1400,0.2,1
13,9,85,2,10,5,0,500,0.6,1000,0.2,1400,0.2,0
13,10,709,1,0,500,0.6,1000,0.2,1400,0.2,1
13,11,748,0,0,500,0.6,1000,0.2,1400,0.2,0
13,12,870,2,10,5,0,500,0.6,1000,0.2,1400,0.2,2
13,13,952,2,10,5,0,500,0.6,1000,0.2,1400,0.2,0
13,14,614,0,0,500,0.6,1000,0.2,1400,0.2,0
13,15,675,0,0,500,0.6,1000,0.2,1400,0.2,1
13,16,779,0,0,300,0.5,1700,0.5,0
13,17,781,1,0,300,0.5,1700,0.5,0
13,18,570,2,10,5,0,500,0.6,1000,0.2,1400,0.2,1
13,19,315,2,10,5,0,500,0.6,1000,0.2,1400,0.2,0
14,0,396,1,0,300,0.5,1700,0.5,2
14,1,46,1,0,500,0.6,1000,0.2,1400,0.2,1
14,2,95,2,10,5,0,500,0.6,1000,0.2,1400,0.2,0
14,3,389,2,10,5,0,300,0.5,1700,0.5,2
14,4,15,0,0,300,0.5,1700,0.5,0
14,5,933,2,10,5,0,500,0.6,1000,0.2,1400,0.2,2
14,6,243,1,0,500,0.6,1000,0.2,1400,0.2,1
14,7,609,0,0,500,0.6,1000,0.2,1400,0.2,1
14,8,611,1,0,300,0.5,1700,0.5,2
14,9,84,2,10,5,0,500,0.6,1000,0.2,1400,0.2,1
14,10,173,1,0,500,0.6,1000,0.2,1400,0.2,0
14,11,617,1,0,500,0.6,1000,0.2,1400,0.2,2
14,12,779,2,10,5,0,500,0.6,1000,0.2,1400,0.2,2
14,13,66,0,0,500,0.6,1000,0.2,1400,0.2,2
14,14,743,2,10,5,0,500,0.6,1000,0.2,1400,0.2,2
14,15,426,0,0,300,0.5,1700,0.5,0
14,16,995,1,0,500,0.6,1000,0.2,1400,0.2,1
14,17,495,2,10,5,0,500,0.6,1000,0.2,1400,0.2,2
14,18,11,1,0,300,0.5,1700,0.5,1
14,19,146,1,0,300,0.5,1700,0.5,2
15,0,486,0,0,500,0.6,1000,0.2,1400,0.2,1
15,1,433,1,0,300,0.5,1700,0.5,0
15,2,743,2,10,5,0,500,0.6,1000,0.2,1400,0.2,2
15,3,100,0,0,500,0.6,1000,0.2,1400,0.2,2
15,4,534,1,0,300,0.5,1700,0.5,2
15,5,412,0,0,500,0.6,1000,0.2,1400,0.2,2
15,6,448,2,10,5,0,500,0.6,1000,0.2,1400,0.2,1
15,7,781,1,0,300,0.5,1700,0.5,0
15,8,856,1,0,500,0.6,1000,0.2,1400,0.2,1
15,9,322,1,0,300,0.5,1700,0.5,1
15,10,622,2,10,5,0,500,0.6,1000,0.2,1400,0.2,1
15,11,200,2,10,5,0,300,0.5,1700,0.5,1
15,12,468,2,10,5,0,500,0.6,1000,0.2,1400,0.2,0
15,13,884,1,0,300,0.5,1700,0.5,1
15,14,343,2,10,5,0,300,0.5,1700,0.5,2
15,15,856,1,0,300,0.5,1700,0.5,0
15,16,576,1,0,300,0.5,1700,0.5,1
15,17,718,0,0,500,0.6,1000,0.2,1400,0.2,1
15,18,973,1,0,300,0.5,1700,0.5,1
15,19,103,0,0,300,0.5,1700,0.5,1
16,0,539,2,10,5,0,300,0.5,1700,0.5,2
16,1,792,2,10,5,0,500,0.6,1000,0.2,1400,0.2,0
16,2,154,2,10,5,0,300,0.5,1700,0.5,2
16,3,976,0,0,300,0.5,1700,0.5,1
16,4,692,2,10,5,0,300,0.5,1700,0.5,0
16,5,619,0,0,500,0.6,1000,0.2,1400,0.2,0
16,6,878,2,10,5,0,500,0.6,1000,0.2,1400,0.2,0
16,7,826,2,10,5,0,300,0.5,1700,0.5,1
16,8,442,2,10,5,0,500,0.6,1000,0.2,1400,0.2,1
16,9,368,0,0,500,0.6,1000,0.2,1400,0.2,1
16,10,517,0,0,300,0.5,1700,0.5,1
16,11,360,0,0,300,0.5,1700,0.5,1
16,12,346,0,0,300,0.5,1700,0.5,1
16,13,448,0,0,500,0.6,1000,0.2,1400,0.2,1
16,14,131,2,10,5,0,300,0.5,1700,0.5,0
16,15,577,0,0,500,0.6,1000,0.2,1400,0.2,2
16,16,701,0,0,500,0.6,1000,0.2,1400,0.2,2
16,17,610,1,0,300,0.5,1700,0.5,0
16,18,340,0,0,300,0.5,1700,0.5,2
16,19,403,2,10,5,0,500,0.6,1000,0.2,1400,0.2,2
17,0,212,1,0,500,0.6,1000,0.2,1400,0.2,2
17,1,259,1,0,300,0.5,1700,0.5,1
17,2,159,1,0,500,0.6,1000,0.2,1400,0.2,2
17,3,403,0,0,500,0.6,1000,0.2,1400,0.2,1
17,4,906,0,0,300,0.5,1700,0.5,1
17,5,644,2,10,5,0,500,0.6,1000,0.2,1400,0.2,1
17,6,960,1,0,500,0.6,1000,0.2,1400,0.2,1
17,7,213,2,10,5,0,500,0.6,1000,0.2,1400,0.2,2
17,8,692,2,10,5,0,500,0.6,1000,0.2,1400,0.2,0
17,9,888,2,10,5,0,300,0.5,1700,0.5,0
17,10,136,0,0,300,0.5,1700,0.5,1
17,11,779,1,0,300,0.5,1700,0.5,2
17,12,950,1,0,300,0.5,1700,0.5,2
17,13,539,2,10,5,0,300,0.5,1700,0.5,2
17,14,517,0,0,500,0.6,1000,0.2,1400,0.2,0
17,15,830,1,0,500,0.6,1000,0.2,1400,0.2,1
17,16,783,1,0,300,0.5,1700,0.5,0
17,17,976,2,10,5,0,300,0.5,1700,0.5,0
17,18,670,2,10,5,0,500,0.6,1000,0.2,1400,0.2,1
17,19,988,0,0,300,0.5,1700,0.5,2
18,0,597,1,0,300,0.5,1700,0.5,1
18,1,893,1,0,300,0.5,1700,0.5,0
18,2,373,1,0,500,0.6,1000,0.2,1400,0.2,1
18,3,642,2,10,5,0,500,0.6,1000,0.2,1400,0.2,0
18,4,38,2,10,5,0,500,0.6,1000,0.2,1400,0.2,1
18,5,624,1,0,300,0.5,1700,0.5,2
18,6,710,2,10,5,0,300,0.5,1700,0.5,2
18,7,695,0,0,300,0.5,1700,0.5,2
18,8,252,1,0,500,0.6,1000,0.2,1400,0.2,0
18,9,324,2,10,5,0,300,0.5,1700,0.5,2
18,10,838,1,0,500,0.6,1000,0.2,1400,0.2,2
18,11,537,2,10,5,0,500,0.6,1000,0.2,1400,0.2,2
18,12,466,1,0,500,0.6,1000,0.2,1400,0.2,2
18,13,328,1,0,300,0.5,1700,0.5,2
18,14,690,1,0,300,0.5,1700,0.5,2
18,15,549,1,0,300,0.5,1700,0.5,1
18,16,423,1,0,300,0.5,1700,0.5,2
18,17,679,0,0,500,0.6,1000,0.2,1400,0.2,1
18,18,634,2,10,5,0,500,0.6,1000,0.2,1400,0.2,0
18,19,962,0,0,300,0.5,1700,0.5,1
19,0,572,0,0,500,0.6,1000,0.2,1400,0.2,0
19,1,824,0,0,500,0.6,1000,0.2,1400,0.2,0
19,2,258,0,0,300,0.5,1700,0.5,0
19,3,460,0,0,300,0.5,1700,0.5,1
19,4,627,1,0,500,0.6,1000,0.2,1400,0.2,1
19,5,938,0,0,300,0.5,1700,0.5,0
19,6,388,2,10,5,0,500,0.6,1000,0.2,1400,0.2,0
19,7,636,1,0,500,0.6,1000,0.2,1400,0.2,0
19,8,518,2,10,5,0,300,0.5,1700,0.5,0
19,9,132,0,0,500,0.6,1000,0.2,1400,0.2,0
19,10,977,0,0,300,0.5,1700,0.5,0
19,11,691,0,0,500,0.6,1000,0.2,1400,0.2,0
19,12,186,0,0,500,0.6,1000,0.2,1400,0.2,0
19,13,684,0,0,500,0.6,1000,0.2,1400,0.2,1
19,14,616,2,10,5,0,300,0.5,1700,0.5,0
19,15,954,2,10,5,0,500,0.6,1000,0.2,1400,0.2,2
19,16,585,2,10,5,0,500,0.6,1000,0.2,1400,0.2,1
19,17,560,0,0,500,0.6,1000,0.2,1400,0.2,0
19,18,800,2,10,5,0,300,0.5,1700,0.5,2
19,19,859,2,10,5,0,300,0.5,1700,0.5,1
