0,0,944,1,0,300,0.5,1700,0.5,0
0,1,135,0,0,300,0.5,1700,0.5,0
0,2,995,2,10,5,0,500,0.6,1000,0.2,1400,0.2,1
0,3,947,2,10,5,0,500,0.6,1000,0.2,1400,0.2,0
0,4,145,0,0,300,0.5,1700,0.5,2
0,5,207,2,10,5,0,300,0.5,1700,0.5,2
0,6,604,1,0,500,0.6,1000,0.2,1400,0.2,0
0,7,821,1,0,500,0.6,1000,0.2,1400,0.2,2
0,8,347,2,10,5,0,500,0.6,1000,0.2,1400,0.2,1
0,9,568,0,0,300,0.5,1700,0.5,1
0,10,736,2,10,5,0,300,0.5,1700,0.5,0
0,11,515,2,10,5,0,500,0.6,1000,0.2,1400,0.2,0
0,12,337,0,0,500,0.6,1000,0.2,1400,0.2,1
0,13,306,0,0,500,0.6,1000,0.2,1400,0.2,1
0,14,576,0,0,300,0.5,1700,0.5,0
0,15,152,2,10,5,0,500,0.6,1000,0.2,1400,0.2,0
0,16,378,0,0,300,0.5,1700,0.5,2
0,17,820,0,0,300,0.5,1700,0.5,0
0,18,941,0,0,300,0.5,1700,0.5,1
0,19,281,0,0,500,0.6,1000,0.2,1400,0.2,0
1,0,634,2,10,5,0,500,0.6,1000,0.2,1400,0.2,2
1,1,113,2,10,5,0,300,0.5,1700,0.5,2
1,2,442,1,0,500,0.6,1000,0.2,1400,0.2,2
1,3,17,0,0,300,0.5,1700,0.5,0
1,4,348,1,0,300,0.5,1700,0.5,2
1,5,326,2,10,5,0,300,0.5,1700,0.5,2
1,6,979,0,0,500,0.6,1000,0.2,1400,0.2,0
1,7,530,2,10,5,0,500,0.6,1000,0.2,1400,0.2,1
1,8,336,2,10,5,0,500,0.6,1000,0.2,1400,0.2,1
1,9,597,2,10,5,0,300,0.5,1700,0.5,0
1,10,386,1,0,500,0.6,1000,0.2,1400,0.2,2
1,11,774,1,0,500,0.6,1000,0.2,1400,0.2,1
1,12,762,0,0,500,0.6,1000,0.2,1400,0.2,0
1,13,385,2,10,5,0,300,0.5,1700,0.5,1
1,14,752,1,0,500,0.6,1000,0.2,1400,0.2,0
1,15,559,2,10,5,0,300,0.5,1700,0.5,1
1,16,958,2,10,5,0,300,0.5,1700,0.5,2
1,17,457,1,0,300,0.5,1700,0.5,1
1,18,83,0,0,500,0.6,1000,0.2,1400,0.2,2
1,19,620,1,0,300,0.5,1700,0.5,1
2,0,462,0,0,500,0.6,1000,0.2,1400,0.2,1
2,1,627,0,0,500,0.6,1000,0.2,1400,0.2,1
2,2,725,2,10,5,0,500,0.6,1000,0.2,1400,0.2,0
2,3,879,2,10,5,0,300,0.5,1700,0.5,0
2,4,573,1,0,300,0.5,1700,0.5,1
2,5,953,2,10,5,0,300,0.5,1700,0.5,1
2,6,167,1,0,500,0.6,1000,0.2,1400,0.2,0
2,7,381,2,10,5,0,500,0.6,1000,0.2,1400,0.2,2
2,8,526,1,0,300,0.5,1700,0.5,2
2,9,654,2,10,5,0,300,0.5,1700,0.5,1
2,10,626,0,0,300,0.5,1700,0.5,0
2,11,720,1,0,500,0.6,1000,0.2,1400,0.2,2
2,12,377,2,10,5,0,300,0.5,1700,0.5,2
2,13,715,0,0,300,0.5,1700,0.5,1
2,14,219,0,0,500,0.6,1000,0.2,1400,0.2,2
2,15,447,0,0,500,0.6,1000,0.2,1400,0.2,2
2,16,377,0,0,300,0.5,1700,0.5,2
2,17,479,1,0,300,0.5,1700,0.5,1
2,18,998,0,0,500,0.6,1000,0.2,1400,0.2,1
2,19,747,1,0,300,0.5,1700,0.5,1
3,0,487,2,10,5,0,500,0.6,1000,0.2,1400,0.2,1
3,1,446,2,10,5,0,300,0.5,1700,0.5,2
3,2,613,1,0,300,0.5,1700,0.5,0
3,3,775,2,10,5,0,500,0.6,1000,0.2,1400,0.2,2
3,4,564,1,0,300,0.5,1700,0.5,1
3,5,896,1,0,500,0.6,1000,0.2,1400,0.2,1
3,6,101,2,10,5,0,500,0.6,1000,0.2,1400,0.2,2
3,7,534,1,0,300,0.5,1700,0.5,0
3,8,851,1,0,300,0.5,1700,0.5,0
3,9,636,0,0,500,0.6,1000,0.2,1400,0.2,1
3,10,289,2,10,5,0,500,0.6,1000,0.2,1400,0.2,1
3,11,806,2,10,5,0,300,0.5,1700,0.5,2
3,12,630,0,0,500,0.6,1000,0.2,1400,0.2,2
3,13,630,1,0,300,0.5,1700,0.5,1
3,14,245,1,0,500,0.6,1000,0.2,1400,0.2,0
3,15,273,2,10,5,0,300,0.5,1700,0.5,1
3,16,872,1,0,300,0.5,1700,0.5,0
3,17,842,0,0,500,0.6,1000,0.2,1400,0.2,1
3,18,54,1,0,300,0.5,1700,0.5,1
3,19,227,2,10,5,0,500,0.6,1000,0.2,1400,0.2,1
4,0,158,0,0,500,0.6,1000,0.2,1400,0.2,1
4,1,573,2,10,5,0,500,0.6,1000,0.2,1400,0.2,2
4,2,909,1,0,300,0.5,1700,0.5,2
4,3,441,0,0,300,0.5,1700,0.5,2
4,4,984,1,0,500,0.6,1000,0.2,1400,0.2,1
4,5,757,1,0,300,0.5,1700,0.5,1
4,6,993,1,0,300,0.5,1700,0.5,1
4,7,592,2,10,5,0,300,0.5,1700,0.5,0
4,8,741,1,0,500,0.6,1000,0.2,1400,0.2,0
4,9,291,2,10,5,0,500,0.6,1000,0.2,1400,0.2,0
4,10,308,1,0,500,0.6,1000,0.2,1400,0.2,0
4,11,301,2,10,5,0,500,0.6,1000,0.2,1400,0.2,2
4,12,386,1,0,300,0.5,1700,0.5,2
4,13,316,2,10,5,0,300,0.5,1700,0.5,0
4,14,710,1,0,300,0.5,1700,0.5,0
4,15,874,1,0,300,0.5,1700,0.5,0
4,16,665,2,10,5,0,500,0.6,1000,0.2,1400,0.2,2
4,17,280,2,10,5,0,500,0.6,1000,0.2,1400,0.2,1
4,18,781,1,0,300,0.5,1700,0.5,0
4,19,547,2,10,5,0,300,0.5,1700,0.5,1
5,0,304,0,0,300,0.5,1700,0.5,0
5,1,113,1,0,500,0.6,1000,0.2,1400,0.2,0
5,2,446,1,0,500,0.6,1000,0.2,1400,0.2,1
5,3,44,2,10,5,0,500,0.6,1000,0.2,1400,0.2,2
5,4,680,2,10,5,0,500,0.6,1000,0.2,1400,0.2,0
5,5,491,1,0,300,0.5,1700,0.5,1
5,6,422,2,10,5,0,300,0.5,1700,0.5,2
5,7,836,1,0,300,0.5,1700,0.5,2
5,8,586,0,0,500,0.6,1000,0.2,1400,0.2,0
5,9,905,0,0,300,0.5,1700,0.5,2
5,10,854,2,10,5,0,500,0.6,1000,0.2,1400,0.2,2
5,11,757,2,10,5,0,300,0.5,1700,0.5,1
5,12,931,0,0,300,0.5,1700,0.5,2
5,13,755,1,0,500,0.6,1000,0.2,1400,0.2,2
5,14,232,1,0,300,0.5,1700,0.5,2
5,15,614,1,0,300,0.5,1700,0.5,2
5,16,314,1,0,500,0.6,1000,0.2,1400,0.2,2
5,17,37,2,10,5,0,500,0.6,1000,0.2,1400,0.2,1
5,18,342,0,0,300,0.5,1700,0.5,0
5,19,556,0,0,500,0.6,1000,0.2,1400,0.2,2
6,0,917,1,0,300,0.5,1700,0.5,2
6,1,915,1,0,300,0.5,1700,0.5,0
6,2,694,2,10,5,0,500,0.6,1000,0.2,1400,0.2,0
6,3,183,0,0,300,0.5,1700,0.5,0
6,4,876,2,10,5,0,500,0.6,1000,0.2,1400,0.2,0
6,5,397,2,10,5,0,300,0.5,1700,0.5,0
6,6,528,1,0,300,0.5,1700,0.5,1
6,7,509,2,10,5,0,500,0.6,1000,0.2,1400,0.2,2
6,8,37,2,10,5,0,300,0.5,1700,0.5,0
6,9,561,0,0,500,0.6,1000,0.2,1400,0.2,1
6,10,65,1,0,500,0.6,1000,0.2,1400,0.2,2
6,11,610,1,0,500,0.6,1000,0.2,1400,0.2,2
6,12,717,0,0,300,0.5,1700,0.5,0
6,13,615,2,10,5,0,500,0.6,1000,0.2,1400,0.2,2
6,14,727,2,10,5,0,500,0.6,1000,0.2,1400,0.2,2
6,15,260,2,10,5,0,300,0.5,1700,0.5,0
6,16,901,2,10,5,0,500,0.6,1000,0.2,1400,0.2,2
6,17,729,1,0,300,0.5,1700,0.5,2
6,18,953,0,0,500,0.6,1000,0.2,1400,0.2,2
6,19,986,0,0,500,0.6,1000,0.2,1400,0.2,1
7,0,444,2,10,5,0,500,0.6,1000,0.2,1400,0.2,0
7,1,89,2,10,5,0,500,0.6,1000,0.2,1400,0.2,2
7,2,256,2,10,5,0,500,0.6,1000,0.2,1400,0.2,2
7,3,633,1,0,500,0.6,1000,0.2,1400,0.2,1
7,4,133,0,0,500,0.6,1000,0.2,1400,0.2,0
7,5,510,1,0,300,0.5,1700,0.5,1
7,6,267,1,0,300,0.5,1700,0.5,2
7,7,996,2,10,5,0,500,0.6,1000,0.2,1400,0.2,1
7,8,881,2,10,5,0,300,0.5,1700,0.5,1
7,9,510,2,10,5,0,300,0.5,1700,0.5,0
7,10,834,2,10,5,0,500,0.6,1000,0.2,1400,0.2,1
7,11,976,1,0,500,0.6,1000,0.2,1400,0.2,2
7,12,533,0,0,500,0.6,1000,0.2,1400,0.2,2
7,13,964,0,0,500,0.6,1000,0.2,1400,0.2,2
7,14,916,1,0,300,0.5,1700,0.5,0
7,15,725,0,0,300,0.5,1700,0.5,1
7,16,694,1,0,300,0.5,1700,0.5,1
7,17,721,2,10,5,0,300,0.5,1700,0.5,0
7,18,160,2,10,5,0,300,0.5,1700,0.5,1
7,19,794,0,0,500,0.6,1000,0.2,1400,0.2,1
8,0,645,1,0,500,0.6,1000,0.2,1400,0.2,2
8,1,451,1,0,300,0.5,1700,0.5,0
8,2,391,2,10,5,0,500,0.6,1000,0.2,1400,0.2,0
8,3,633,0,0,300,0.5,1700,0.5,1
8,4,897,1,0,300,0.5,1700,0.5,1
8,5,430,0,0,500,0.6,1000,0.2,1400,0.2,1
8,6,713,1,0,300,0.5,1700,0.5,1
8,7,540,1,0,300,0.5,1700,0.5,1
8,8,56,2,10,5,0,300,0.5,1700,0.5,0
8,9,829,0,0,300,0.5,1700,0.5,1
8,10,698,1,0,300,0.5,1700,0.5,0
8,11,784,2,10,5,0,300,0.5,1700,0.5,2
8,12,860,0,0,500,0.6,1000,0.2,1400,0.2,1
8,13,351,1,0,300,0.5,1700,0.5,1
8,14,505,1,0,500,0.6,1000,0.2,1400,0.2,0
8,15,387,0,0,300,0.5,1700,0.5,0
8,16,425,2,10,5,0,500,0.6,1000,0.2,1400,0.2,0
8,17,355,0,0,300,0.5,1700,0.5,2
8,18,742,0,0,300,0.5,1700,0.5,0
8,19,130,2,10,5,0,500,0.6,1000,0.2,1400,0.2,0
9,0,543,0,0,300,0.5,1700,0.5,2
9,1,950,0,0,500,0.6,1000,0.2,1400,0.2,2
9,2,272,0,0,300,0.5,1700,0.5,0
9,3,306,2,10,5,0,500,0.6,1000,0.2,1400,0.2,2
9,4,646,2,10,5,0,500,0.6,1000,0.2,1400,0.2,1
9,5,680,2,10,5,0,500,0.6,1000,0.2,1400,0.2,1
9,6,980,0,0,500,0.6,1000,0.2,1400,0.2,1
9,7,757,2,10,5,0,500,0.6,1000,0.2,1400,0.2,1
9,8,60,1,0,300,0.5,1700,0.5,1
9,9,537,2,10,5,0,300,0.5,1700,0.5,2
9,10,881,0,0,300,0.5,1700,0.5,2
9,11,987,1,0,300,0.5,1700,0.5,0
9,12,386,1,0,300,0.5,1700,0.5,2
9,13,787,2,10,5,0,300,0.5,1700,0.5,1
9,14,162,1,0,500,0.6,1000,0.2,1400,0.2,1
9,15,340,1,0,300,0.5,1700,0.5,0
9,16,774,1,0,300,0.5,1700,0.5,0
9,17,992,2,10,5,0,300,0.5,1700,0.5,0
9,18,670,1,0,300,0.5,1700,0.5,2
9,19,477,2,10,5,0,300,0.5,1700,0.5,2
10,0,798,1,0,500,0.6,1000,0.2,1400,0.2,2
10,1,266,0,0,500,0.6,1000,0.2,1400,0.2,1
10,2,447,2,10,5,0,500,0.6,1000,0.2,1400,0.2,0
10,3,84,0,0,300,0.5,1700,0.5,0
10,4,651,1,0,500,0.6,1000,0.2,1400,0.2,2
10,5,426,2,10,5,0,300,0.5,1700,0.5,0
10,6,643,0,0,500,0.6,1000,0.2,1400,0.2,0
10,7,360,0,0,500,0.6,1000,0.2,1400,0.2,1
10,8,56,0,0,300,0.5,1700,0.5,2
10,9,984,1,0,300,0.5,1700,0.5,1
10,10,531,0,0,500,0.6,1000,0.2,1400,0.2,0
10,11,222,0,0,300,0.5,1700,0.5,2
10,12,238,2,10,5,0,500,0.6,1000,0.2,1400,0.2,0
10,13,868,1,0,500,0.6,1000,0.2,1400,0.2,2
10,14,390,0,0,300,0.5,1700,0.5,2
10,15,845,0,0,300,0.5,1700,0.5,1
10,16,852,0,0,500,0.6,1000,0.2,1400,0.2,2
10,17,428,0,0,500,0.6,1000,0.2,1400,0.2,2
10,18,174,0,0,300,0.5,1700,0.5,2
10,19,786,0,0,500,0.6,1000,0.2,1400,0.2,1
11,0,319,2,10,5,0,500,0.6,1000,0.2,1400,0.2,0
11,1,447,1,0,500,0.6,1000,0.2,1400,0.2,1
11,2,268,1,0,300,0.5,1700,0.5,0
11,3,570,1,0,300,0.5,1700,0.5,2
11,4,484,1,0,500,0.6,1000,0.2,1400,0.2,0
11,5,336,2,10,5,0,300,0.5,1700,0.5,2
11,6,67,2,10,5,0,500,0.6,1000,0.2,1400,0.2,0
11,7,946,2,10,5,0,300,0.5,1700,0.5,0
11,8,902,0,0,500,0.6,1000,0.2,1400,0.2,1
11,9,500,1,0,500,0.6,1000,0.2,1400,0.2,1
11,10,353,0,0,300,0.5,1700,0.5,2
11,11,678,1,0,300,0.5,1700,0.5,0
11,12,476,2,10,5,0,300,0.5,1700,0.5,0
11,13,224,0,0,500,0.6,1000,0.2,1400,0.2,1
11,14,570,0,0,500,0.6,1000,0.2,1400,0.2,2
11,15,343,1,0,300,0.5,1700,0.5,0
11,16,31,2,10,5,0,500,0.6,1000,0.2,1400,0.2,2
11,17,164,0,0,500,0.6,1000,0.2,1400,0.2,2
11,18,290,2,10,5,0,300,0.5,1700,0.5,0
11,19,686,2,10,5,0,500,0.6,1000,0.2,1400,0.2,2
12,0,254,0,0,300,0.5,1700,0.5,2
12,1,211,2,10,5,0,300,0.5,1700,0.5,2
12,2,679,0,0,300,0.5,1700,0.5,1
12,3,506,1,0,300,0.5,1700,0.5,0
12,4,510,1,0,500,0.6,1000,0.2,1400,0.2,0
12,5,49,1,0,500,0.6,1000,0.2,1400,0.2,2
12,6,102,0,0,300,0.5,1700,0.5,2
12,7,191,2,10,5,0,500,0.6,1000,0.2,1400,0.2,0
12,8,446,2,10,5,0,300,0.5,1700,0.5,1
12,9,91,1,0,300,0.5,1700,0.5,1
12,10,690,2,10,5,0,300,0.5,1700,0.5,2
12,11,151,1,0,300,0.5,1700,0.5,2
12,12,223,0,0,300,0.5,1700,0.5,2
12,13,186,0,0,300,0.5,1700,0.5,0
12,14,915,0,0,500,0.6,1000,0.2,1400,0.2,2
12,15,650,1,0,500,0.6,1000,0.2,1400,0.2,0
12,16,139,0,0,300,0.5,1700,0.5,0
12,17,852,1,0,300,0.5,1700,0.5,2
12,18,164,0,0,500,0.6,1000,0.2,1400,0.2,0
12,19,924,1,0,300,0.5,1700,0.5,0
13,0,631,1,0,300,0.5,1700,0.5,2
13,1,346,0,0,300,0.5,1700,0.5,2
13,2,244,1,0,500,0.6,1000,0.2,1400,0.2,0
13,3,532,2,10,5,0,500,0.6,1000,0.2,1400,0.2,0
13,4,320,0,0,500,0.6,1000,0.2,1400,0.2,2
13,5,265,1,0,300,0.5,1700,0.5,0
13,6,156,1,0,500,0.6,1000,0.2,1400,0.2,1
13,7,353,1,0,500,0.6,1000,0.2,1400,0.2,0
13,8,211,2,10,5,0,500,0.6,1000,0.2,1400,0.2,2
13,9,738,2,10,5,0,300,0.5,1700,0.5,2
13,10,941,2,10,5,0,500,0.6,1000,0.2,1400,0.2,2
13,11,794,0,0,500,0.6,1000,0.2,1400,0.2,2
13,12,637,1,0,500,0.6,1000,0.2,1400,0.2,0
13,13,912,0,0,500,0.6,1000,0.2,1400,0.2,2
13,14,483,2,10,5,0,300,0.5,1700,0.5,0
13,15,615,1,0,500,0.6,1000,0.2,1400,0.2,1
13,16,281,1,0,300,0.5,1700,0.5,0
13,17,250,0,0,300,0.5,1700,0.5,1
13,18,850,0,0,300,0.5,1700,0.5,1
13,19,337,0,0,500,0.6,1000,0.2,1400,0.2,0
14,0,825,2,10,5,0,500,0.6,1000,0.2,1400,0.2,2
14,1,95,0,0,500,0.6,1000,0.2,1400,0.2,2
14,2,56,0,0,300,0.5,1700,0.5,0
14,3,403,0,0,500,0.6,1000,0.2,1400,0.2,0
14,4,772,0,0,300,0.5,1700,0.5,1
14,5,847,2,10,5,0,300,0.5,1700,0.5,1
14,6,183,2,10,5,0,300,0.5,1700,0.5,1
14,7,51,0,0,300,0.5,1700,0.5,2
14,8,640,1,0,300,0.5,1700,0.5,0
14,9,317,1,0,300,0.5,1700,0.5,1
14,10,264,2,10,5,0,300,0.5,1700,0.5,0
14,11,290,2,10,5,0,500,0.6,1000,0.2,1400,0.2,0
14,12,651,1,0,500,0.6,1000,0.2,1400,0.2,2
14,13,718,1,0,500,0.6,1000,0.2,1400,0.2,1
14,14,253,2,10,5,0,500,0.6,1000,0.2,1400,0.2,2
14,15,769,0,0,500,0.6,1000,0.2,1400,0.2,0
14,16,618,0,0,300,0.5,1700,0.5,1
14,17,535,0,0,300,0.5,1700,0.5,2
14,18,631,1,0,500,0.6,1000,0.2,1400,0.2,2
14,19,955,1,0,500,0.6,1000,0.2,1400,0.2,2
15,0,526,2,10,5,0,300,0.5,1700,0.5,1
15,1,924,2,10,5,0,300,0.5,1700,0.5,2
15,2,518,0,0,300,0.5,1700,0.5,1
15,3,667,2,10,5,0,300,0.5,1700,0.5,0
15,4,495,0,0,300,0.5,1700,0.5,2
15,5,735,1,0,500,0.6,1000,0.2,1400,0.2,1
15,6,917,1,0,300,0.5,1700,0.5,0
15,7,194,1,0,500,0.6,1000,0.2,1400,0.2,2
15,8,673,2,10,5,0,300,0.5,1700,0.5,0
15,9,797,2,10,5,0,500,0.6,1000,0.2,1400,0.2,2
15,10,942,0,0,500,0.6,1000,0.2,1400,0.2,1
15,11,666,0,0,300,0.5,1700,0.5,0
15,12,296,0,0,500,0.6,1000,0.2,1400,0.2,1
15,13,640,1,0,500,0.6,1000,0.2,1400,0.2,0
15,14,961,1,0,500,0.6,1000,0.2,1400,0.2,1
15,15,215,1,0,500,0.6,1000,0.2,1400,0.2,1
15,16,381,1,0,300,0.5,1700,0.5,0
15,17,29,1,0,300,0.5,1700,0.5,1
15,18,279,0,0,300,0.5,1700,0.5,1
15,19,37,0,0,300,0.5,1700,0.5,0
16,0,114,1,0,300,0.5,1700,0.5,1
16,1,675,1,0,500,0.6,1000,0.2,1400,0.2,1
16,2,24,2,10,5,0,300,0.5,1700,0.5,1
16,3,318,0,0,300,0.5,1700,0.5,2
16,4,17,0,0,300,0.5,1700,0.5,2
16,5,623,0,0,300,0.5,1700,0.5,2
16,6,726,2,10,5,0,500,0.6,1000,0.2,1400,0.2,2
16,7,332,1,0,300,0.5,1700,0.5,2
16,8,18,2,10,5,0,500,0.6,1000,0.2,1400,0.2,2
16,9,570,0,0,300,0.5,1700,0.5,0
16,10,835,0,0,500,0.6,1000,0.2,1400,0.2,2
16,11,446,2,10,5,0,500,0.6,1000,0.2,1400,0.2,0
16,12,714,1,0,500,0.6,1000,0.2,1400,0.2,2
16,13,128,2,10,5,0,500,0.6,1000,0.2,1400,0.2,0
16,14,505,2,10,5,0,300,0.5,1700,0.5,0
16,15,913,0,0,500,0.6,1000,0.2,1400,0.2,1
16,16,435,1,0,500,0.6,1000,0.2,1400,0.2,1
16,17,951,0,0,300,0.5,1700,0.5,1
16,18,342,0,0,500,0.6,1000,0.2,1400,0.2,1
16,19,664,0,0,300,0.5,1700,0.5,2
17,0,44,0,0,500,0.6,1000,0.2,1400,0.2,0
17,1,232,1,0,300,0.5,1700,0.5,0
17,2,345,1,0,300,0.5,1700,0.5,1
17,3,397,0,0,500,0.6,1000,0.2,1400,0.2,2
17,4,612,0,0,300,0.5,1700,0.5,2
17,5,636,0,0,300,0.5,1700,0.5,0
17,6,278,2,10,5,0,500,0.6,1000,0.2,1400,0.2,2
17,7,856,2,10,5,0,300,0.5,1700,0.5,2
17,8,744,1,0,500,0.6,1000,0.2,1400,0.2,0
17,9,360,2,10,5,0,500,0.6,1000,0.2,1400,0.2,0
17,10,885,0,0,300,0.5,1700,0.5,2
17,11,956,2,10,5,0,300,0.5,1700,0.5,0
17,12,296,1,0,300,0.5,1700,0.5,0
17,13,196,2,10,5,0,500,0.6,1000,0.2,1400,0.2,1
17,14,947,1,0,500,0.6,1000,0.2,1400,0.2,1
17,15,39,0,0,500,0.6,1000,0.2,1400,0.2,1
17,16,409,2,10,5,0,300,0.5,1700,0.5,0
17,17,375,2,10,5,0,300,0.5,1700,0.5,0
17,18,829,2,10,5,0,500,0.6,1000,0.2,1400,0.2,0
17,19,103,0,0,300,0.5,1700,0.5,2
18,0,790,1,0,500,0.6,1000,0.2,1400,0.2,0
18,1,995,0,0,500,0.6,1000,0.2,1400,0.2,2
18,2,372,1,0,500,0.6,1000,0.2,1400,0.2,2
18,3,392,1,0,300,0.5,1700,0.5,1
18,4,29,1,0,500,0.6,1000,0.2,1400,0.2,2
18,5,853,0,0,500,0.6,1000,0.2,1400,0.2,1
18,6,374,2,10,5,0,300,0.5,1700,0.5,0
18,7,796,0,0,300,0.5,1700,0.5,2
18,8,841,2,10,5,0,500,0.6,1000,0.2,1400,0.2,0
18,9,720,1,0,500,0.6,1000,0.2,1400,0.2,2
18,10,443,2,10,5,0,300,0.5,1700,0.5,0
18,11,482,2,10,5,0,300,0.5,1700,0.5,1
18,12,476,0,0,300,0.5,1700,0.5,2
18,13,210,2,10,5,0,300,0.5,1700,0.5,0
18,14,499,1,0,500,0.6,1000,0.2,1400,0.2,0
18,15,342,0,0,300,0.5,1700,0.5,0
18,16,769,1,0,500,0.6,1000,0.2,1400,0.2,1
18,17,912,2,10,5,0,300,0.5,1700,0.5,2
18,18,128,2,10,5,0,300,0.5,1700,0.5,0
18,19,315,0,0,300,0.5,1700,0.5,2
19,0,377,0,0,500,0.6,1000,0.2,1400,0.2,1
19,1,510,1,0,300,0.5,1700,0.5,1
19,2,109,1,0,300,0.5,1700,0.5,0
19,3,369,0,0,300,0.5,1700,0.5,1
19,4,843,0,0,500,0.6,1000,0.2,1400,0.2,1
19,5,891,1,0,500,0.6,1000,0.2,1400,0.2,0
19,6,285,1,0,500,0.6,1000,0.2,1400,0.2,1
19,7,393,0,0,300,0.5,1700,0.5,1
19,8,441,0,0,300,0.5,1700,0.5,0
19,9,861,1,0,300,0.5,1700,0.5,1
19,10,579,1,0,500,0.6,1000,0.2,1400,0.2,1
19,11,843,2,10,5,0,500,0.6,1000,0.2,1400,0.2,2
19,12,127,1,0,300,0.5,1700,0.5,1
19,13,317,0,0,500,0.6,1000,0.2,1400,0.2,2
19,14,47,1,0,500,0.6,1000,0.2,1400,0.2,2
19,15,952,1,0,300,0.5,1700,0.5,1
19,16,285,1,0,300,0.5,1700,0.5,1
19,17,114,2,10,5,0,300,0.5,1700,0.5,2
19,18,719,0,0,500,0.6,1000,0.2,1400,0.2,0
19,19,289,0,0,300,0.5,1700,0.5,2
