0,0,123,0,0,500,0.6,1000,0.2,1400,0.2,2
0,1,180,2,10,5,0,300,0.5,1700,0.5,1
0,2,432,1,0,500,0.6,1000,0.2,1400,0.2,2
0,3,967,2,10,5,0,300,0.5,1700,0.5,0
0,4,283,0,0,300,0.5,1700,0.5,2
0,5,649,0,0,300,0.5,1700,0.5,0
0,6,540,1,0,300,0.5,1700,0.5,2
0,7,763,0,0,500,0.6,1000,0.2,1400,0.2,2
0,8,422,0,0,500,0.6,1000,0.2,1400,0.2,1
0,9,734,1,0,300,0.5,1700,0.5,2
0,10,547,0,0,500,0.6,1000,0.2,1400,0.2,2
0,11,166,0,0,500,0.6,1000,0.2,1400,0.2,1
0,12,421,1,0,500,0.6,1000,0.2,1400,0.2,1
0,13,863,0,0,500,0.6,1000,0.2,1400,0.2,0
0,14,869,0,0,500,0.6,1000,0.2,1400,0.2,0
0,15,918,2,10,5,0,500,0.6,1000,0.2,1400,0.2,2
0,16,601,0,0,300,0.5,1700,0.5,1
0,17,359,0,0,300,0.5,1700,0.5,0
0,18,717,0,0,500,0.6,1000,0.2,1400,0.2,2
0,19,986,1,0,300,0.5,1700,0.5,2
1,0,303,0,0,500,0.6,1000,0.2,1400,0.2,1
1,1,833,2,10,5,0,300,0.5,1700,0.5,0
1,2,885,2,10,5,0,500,0.6,1000,0.2,1400,0.2,2
1,3,480,1,0,500,0.6,1000,0.2,1400,0.2,2
1,4,308,2,10,5,0,300,0.5,1700,0.5,2
1,5,110,1,0,300,0.5,1700,0.5,0
1,6,572,2,10,5,0,300,0.5,1700,0.5,2
1,7,522,1,0,500,0.6,1000,0.2,1400,0.2,2
1,8,852,2,10,5,0,500,0.6,1000,0.2,1400,0.2,1
1,9,199,2,10,5,0,300,0.5,1700,0.5,1
1,10,575,1,0,500,0.6,1000,0.2,1400,0.2,0
1,11,514,1,0,300,0.5,1700,0.5,0
1,12,541,2,10,5,0,300,0.5,1700,0.5,1
1,13,374,2,10,5,0,500,0.6,1000,0.2,1400,0.2,2
1,14,942,0,0,300,0.5,1700,0.5,0
1,15,986,2,10,5,0,300,0.5,1700,0.5,1
1,16,897,2,10,5,0,300,0.5,1700,0.5,1
1,17,936,1,0,300,0.5,1700,0.5,2
1,18,526,1,0,500,0.6,1000,0.2,1400,0.2,2
1,19,372,2,10,5,0,300,0.5,1700,0.5,2
2,0,559,2,10,5,0,500,0.6,1000,0.2,1400,0.2,1
2,1,445,2,10,5,0,300,0.5,1700,0.5,2
2,2,275,1,0,500,0.6,1000,0.2,1400,0.2,0
2,3,258,1,0,500,0.6,1000,0.2,1400,0.2,0
2,4,843,2,10,5,0,500,0.6,1000,0.2,1400,0.2,2
2,5,15,2,10,5,0,500,0.6,1000,0.2,1400,0.2,0
2,6,533,2,10,5,0,300,0.5,1700,0.5,0
2,7,747,1,0,500,0.6,1000,0.2,1400,0.2,1
2,8,995,0,0,300,0.5,1700,0.5,2
2,9,247,1,0,300,0.5,1700,0.5,1
2,10,719,0,0,300,0.5,1700,0.5,0
2,11,380,0,0,500,0.6,1000,0.2,1400,0.2,2
2,12,379,0,0,500,0.6,1000,0.2,1400,0.2,0
2,13,477,1,0,300,0.5,1700,0.5,1
2,14,837,0,0,500,0.6,1000,0.2,1400,0.2,1
2,15,691,0,0,500,0.6,1000,0.2,1400,0.2,1
2,16,574,1,0,300,0.5,1700,0.5,2
2,17,700,2,10,5,0,300,0.5,1700,0.5,1
2,18,980,1,0,300,0.5,1700,0.5,2
2,19,936,0,0,300,0.5,1700,0.5,2
3,0,765,0,0,300,0.5,1700,0.5,1
3,1,358,0,0,500,0.6,1000,0.2,1400,0.2,2
3,2,691,2,10,5,0,500,0.6,1000,0.2,1400,0.2,2
3,3,786,2,10,5,0,500,0.6,1000,0.2,1400,0.2,2
3,4,487,0,0,500,0.6,1000,0.2,1400,0.2,0
3,5,443,0,0,300,0.5,1700,0.5,1
3,6,551,1,0,300,0.5,1700,0.5,0
3,7,785,1,0,300,0.5,1700,0.5,1
3,8,397,1,0,500,0.6,1000,0.2,1400,0.2,0
3,9,832,2,10,5,0,300,0.5,1700,0.5,2
3,10,866,0,0,300,0.5,1700,0.5,0
3,11,933,1,0,500,0.6,1000,0.2,1400,0.2,2
3,12,620,2,10,5,0,500,0.6,1000,0.2,1400,0.2,0
3,13,644,1,0,300,0.5,1700,0.5,2
3,14,862,0,0,500,0.6,1000,0.2,1400,0.2,0
3,15,899,2,10,5,0,300,0.5,1700,0.5,0
3,16,160,2,10,5,0,300,0.5,1700,0.5,2
3,17,602,1,0,300,0.5,1700,0.5,1
3,18,428,2,10,5,0,300,0.5,1700,0.5,2
3,19,716,0,0,500,0.6,1000,0.2,1400,0.2,0
4,0,118,1,0,500,0.6,1000,0.2,1400,0.2,1
4,1,719,0,0,500,0.6,1000,0.2,1400,0.2,2
4,2,785,1,0,500,0.6,1000,0.2,1400,0.2,0
4,3,84,1,0,500,0.6,1000,0.2,1400,0.2,2
4,4,59,1,0,500,0.6,1000,0.2,1400,0.2,2
4,5,470,0,0,300,0.5,1700,0.5,2
4,6,234,1,0,300,0.5,1700,0.5,1
4,7,920,2,10,5,0,300,0.5,1700,0.5,0
4,8,254,0,0,500,0.6,1000,0.2,1400,0.2,2
4,9,548,2,10,5,0,300,0.5,1700,0.5,0
4,10,803,1,0,300,0.5,1700,0.5,2
4,11,480,1,0,300,0.5,1700,0.5,0
4,12,972,1,0,300,0.5,1700,0.5,1
4,13,109,2,10,5,0,300,0.5,1700,0.5,1
4,14,627,1,0,500,0.6,1000,0.2,1400,0.2,2
4,15,241,1,0,300,0.5,1700,0.5,1
4,16,934,0,0,300,0.5,1700,0.5,1
4,17,514,1,0,500,0.6,1000,0.2,1400,0.2,2
4,18,357,0,0,300,0.5,1700,0.5,0
4,19,327,2,10,5,0,300,0.5,1700,0.5,0
5,0,544,0,0,300,0.5,1700,0.5,2
5,1,487,0,0,500,0.6,1000,0.2,1400,0.2,1
5,2,827,1,0,300,0.5,1700,0.5,1
5,3,793,1,0,500,0.6,1000,0.2,1400,0.2,0
5,4,188,2,10,5,0,500,0.6,1000,0.2,1400,0.2,0
5,5,894,0,0,300,0.5,1700,0.5,2
5,6,212,1,0,300,0.5,1700,0.5,2
5,7,396,1,0,500,0.6,1000,0.2,1400,0.2,1
5,8,694,0,0,500,0.6,1000,0.2,1400,0.2,2
5,9,327,2,10,5,0,500,0.6,1000,0.2,1400,0.2,1
5,10,542,0,0,300,0.5,1700,0.5,2
5,11,824,1,0,300,0.5,1700,0.5,0
5,12,71,2,10,5,0,500,0.6,1000,0.2,1400,0.2,2
5,13,458,1,0,300,0.5,1700,0.5,2
5,14,958,0,0,500,0.6,1000,0.2,1400,0.2,1
5,15,569,1,0,500,0.6,1000,0.2,1400,0.2,1
5,16,568,0,0,300,0.5,1700,0.5,2
5,17,201,0,0,500,0.6,1000,0.2,1400,0.2,0
5,18,383,1,0,500,0.6,1000,0.2,1400,0.2,1
5,19,372,0,0,300,0.5,1700,0.5,0
6,0,654,1,0,500,0.6,1000,0.2,1400,0.2,1
6,1,764,2,10,5,0,500,0.6,1000,0.2,1400,0.2,0
6,2,767,2,10,5,0,300,0.5,1700,0.5,1
6,3,767,0,0,500,0.6,1000,0.2,1400,0.2,1
6,4,55,1,0,500,0.6,1000,0.2,1400,0.2,1
6,5,879,1,0,300,0.5,1700,0.5,0
6,6,579,2,10,5,0,500,0.6,1000,0.2,1400,0.2,1
6,7,991,0,0,300,0.5,1700,0.5,2
6,8,297,2,10,5,0,500,0.6,1000,0.2,1400,0.2,2
6,9,875,1,0,300,0.5,1700,0.5,0
6,10,686,2,10,5,0,300,0.5,1700,0.5,0
6,11,24,1,0,300,0.5,1700,0.5,2
6,12,301,1,0,500,0.6,1000,0.2,1400,0.2,0
6,13,352,1,0,300,0.5,1700,0.5,2
6,14,353,2,10,5,0,500,0.6,1000,0.2,1400,0.2,0
6,15,871,1,0,500,0.6,1000,0.2,1400,0.2,1
6,16,896,2,10,5,0,500,0.6,1000,0.2,1400,0.2,1
6,17,888,0,0,300,0.5,1700,0.5,1
6,18,685,2,10,5,0,300,0.5,1700,0.5,2
6,19,10,0,0,500,0.6,1000,0.2,1400,0.2,1
7,0,900,2,10,5,0,300,0.5,1700,0.5,0
7,1,354,2,10,5,0,300,0.5,1700,0.5,2
7,2,155,1,0,500,0.6,1000,0.2,1400,0.2,2
7,3,825,2,10,5,0,300,0.5,1700,0.5,2
7,4,641,1,0,300,0.5,1700,0.5,1
7,5,558,1,0,500,0.6,1000,0.2,1400,0.2,0
7,6,999,0,0,500,0.6,1000,0.2,1400,0.2,1
7,7,750,1,0,300,0.5,1700,0.5,1
7,8,95,0,0,500,0.6,1000,0.2,1400,0.2,1
7,9,110,0,0,300,0.5,1700,0.5,0
7,10,930,1,0,500,0.6,1000,0.2,1400,0.2,2
7,11,574,0,0,500,0.6,1000,0.2,1400,0.2,0
7,12,835,2,10,5,0,500,0.6,1000,0.2,1400,0.2,0
7,13,116,0,0,500,0.6,1000,0.2,1400,0.2,2
7,14,21,2,10,5,0,500,0.6,1000,0.2,1400,0.2,0
7,15,278,0,0,500,0.6,1000,0.2,1400,0.2,2
7,16,120,0,0,500,0.6,1000,0.2,1400,0.2,0
7,17,251,1,0,500,0.6,1000,0.2,1400,0.2,1
7,18,813,1,0,500,0.6,1000,0.2,1400,0.2,2
7,19,509,1,0,300,0.5,1700,0.5,2
8,0,239,2,10,5,0,300,0.5,1700,0.5,1
8,1,208,0,0,500,0.6,1000,0.2,1400,0.2,2
8,2,605,2,10,5,0,300,0.5,1700,0.5,1
8,3,966,2,10,5,0,300,0.5,1700,0.5,1
8,4,199,1,0,300,0.5,1700,0.5,1
8,5,861,1,0,500,0.6,1000,0.2,1400,0.2,1
8,6,863,0,0,300,0.5,1700,0.5,2
8,7,546,2,10,5,0,500,0.6,1000,0.2,1400,0.2,2
8,8,144,1,0,500,0.6,1000,0.2,1400,0.2,0
8,9,112,1,0,300,0.5,1700,0.5,0
8,10,303,2,10,5,0,500,0.6,1000,0.2,1400,0.2,0
8,11,753,0,0,300,0.5,1700,0.5,2
8,12,732,1,0,500,0.6,1000,0.2,1400,0.2,1
8,13,96,1,0,300,0.5,1700,0.5,0
8,14,955,0,0,300,0.5,1700,0.5,2
8,15,971,2,10,5,0,300,0.5,1700,0.5,0
8,16,482,1,0,300,0.5,1700,0.5,0
8,17,384,2,10,5,0,300,0.5,1700,0.5,0
8,18,330,0,0,300,0.5,1700,0.5,1
8,19,227,1,0,300,0.5,1700,0.5,2
9,0,811,1,0,300,0.5,1700,0.5,2
9,1,983,0,0,500,0.6,1000,0.2,1400,0.2,2
9,2,747,1,0,500,0.6,1000,0.2,1400,0.2,1
9,3,974,1,0,500,0.6,1000,0.2,1400,0.2,2
9,4,917,1,0,300,0.5,1700,0.5,2
9,5,306,0,0,500,0.6,1000,0.2,1400,0.2,1
9,6,259,2,10,5,0,500,0.6,1000,0.2,1400,0.2,0
9,7,732,2,10,5,0,300,0.5,1700,0.5,2
9,8,19,0,0,300,0.5,1700,0.5,1
9,9,592,0,0,500,0.6,1000,0.2,1400,0.2,1
9,10,383,1,0,500,0.6,1000,0.2,1400,0.2,2
9,11,840,1,0,300,0.5,1700,0.5,0
9,12,766,0,0,500,0.6,1000,0.2,1400,0.2,0
9,13,905,0,0,300,0.5,1700,0.5,1
9,14,136,1,0,300,0.5,1700,0.5,0
9,15,745,2,10,5,0,500,0.6,1000,0.2,1400,0.2,0
9,16,550,0,0,300,0.5,1700,0.5,2
9,17,181,1,0,300,0.5,1700,0.5,0
9,18,143,0,0,500,0.6,1000,0.2,1400,0.2,1
9,19,580,2,10,5,0,500,0.6,1000,0.2,1400,0.2,0
10,0,391,1,0,300,0.5,1700,0.5,2
10,1,959,2,10,5,0,300,0.5,1700,0.5,0
10,2,827,2,10,5,0,500,0.6,1000,0.2,1400,0.2,2
10,3,29,0,0,500,0.6,1000,0.2,1400,0.2,0
10,4,291,1,0,300,0.5,1700,0.5,0
10,5,119,2,10,5,0,500,0.6,1000,0.2,1400,0.2,2
10,6,268,2,10,5,0,300,0.5,1700,0.5,0
10,7,671,2,10,5,0,500,0.6,1000,0.2,1400,0.2,2
10,8,329,2,10,5,0,300,0.5,1700,0.5,2
10,9,976,2,10,5,0,500,0.6,1000,0.2,1400,0.2,2
10,10,932,0,0,500,0.6,1000,0.2,1400,0.2,0
10,11,551,2,10,5,0,300,0.5,1700,0.5,0
10,12,946,2,10,5,0,500,0.6,1000,0.2,1400,0.2,2
10,13,472,0,0,300,0.5,1700,0.5,1
10,14,664,2,10,5,0,500,0.6,1000,0.2,1400,0.2,2
10,15,853,0,0,300,0.5,1700,0.5,2
10,16,848,2,10,5,0,300,0.5,1700,0.5,1
10,17,991,2,10,5,0,300,0.5,1700,0.5,2
10,18,35,1,0,300,0.5,1700,0.5,1
10,19,176,1,0,300,0.5,1700,0.5,0
11,0,427,1,0,300,0.5,1700,0.5,2
11,1,565,1,0,300,0.5,1700,0.5,2
11,2,744,0,0,300,0.5,1700,0.5,1
11,3,918,2,10,5,0,500,0.6,1000,0.2,1400,0.2,0
11,4,319,1,0,300,0.5,1700,0.5,2
11,5,942,0,0,500,0.6,1000,0.2,1400,0.2,0
11,6,80,2,10,5,0,500,0.6,1000,0.2,1400,0.2,0
11,7,295,2,10,5,0,500,0.6,1000,0.2,1400,0.2,2
11,8,634,0,0,300,0.5,1700,0.5,0
11,9,582,0,0,500,0.6,1000,0.2,1400,0.2,1
11,10,618,1,0,500,0.6,1000,0.2,1400,0.2,1
11,11,478,1,0,300,0.5,1700,0.5,2
11,12,469,0,0,500,0.6,1000,0.2,1400,0.2,2
11,13,339,0,0,300,0.5,1700,0.5,1
11,14,532,2,10,5,0,500,0.6,1000,0.2,1400,0.2,0
11,15,408,0,0,300,0.5,1700,0.5,2
11,16,217,2,10,5,0,300,0.5,1700,0.5,2
11,17,383,0,0,300,0.5,1700,0.5,0
11,18,384,2,10,5,0,500,0.6,1000,0.2,1400,0.2,2
11,19,986,1,0,500,0.6,1000,0.2,1400,0.2,1
12,0,262,2,10,5,0,500,0.6,1000,0.2,1400,0.2,1
12,1,466,0,0,500,0.6,1000,0.2,1400,0.2,0
12,2,801,1,0,500,0.6,1000,0.2,1400,0.2,2
12,3,96,1,0,500,0.6,1000,0.2,1400,0.2,2
12,4,864,0,0,300,0.5,1700,0.5,1
12,5,649,1,0,300,0.5,1700,0.5,1
12,6,112,0,0,500,0.6,1000,0.2,1400,0.2,2
12,7,190,0,0,300,0.5,1700,0.5,0
12,8,304,1,0,300,0.5,1700,0.5,1
12,9,467,0,0,500,0.6,1000,0.2,1400,0.2,2
12,10,753,1,0,300,0.5,1700,0.5,0
12,11,482,0,0,300,0.5,1700,0.5,2
12,12,791,1,0,300,0.5,1700,0.5,0
12,13,561,2,10,5,0,500,0.6,1000,0.2,1400,0.2,2
12,14,206,1,0,500,0.6,1000,0.2,1400,0.2,1
12,15,952,1,0,300,0.5,1700,0.5,0
12,16,224,0,0,300,0.5,1700,0.5,0
12,17,905,1,0,300,0.5,1700,0.5,1
12,18,951,2,10,5,0,300,0.5,1700,0.5,2
12,19,965,2,10,5,0,300,0.5,1700,0.5,1
13,0,19,0,0,500,0.6,1000,0.2,1400,0.2,0
13,1,550,0,0,300,0.5,1700,0.5,2
13,2,225,2,10,5,0,300,0.5,1700,0.5,2
13,3,826,1,0,500,0.6,1000,0.2,1400,0.2,2
13,4,375,0,0,500,0.6,1000,0.2,1400,0.2,1
13,5,903,0,0,500,0.6,1000,0.2,1400,0.2,0
13,6,13,1,0,300,0.5,1700,0.5,1
13,7,217,0,0,300,0.5,1700,0.5,0
13,8,722,2,10,5,0,500,0.6,1000,0.2,1400,0.2,0
13,9,94,2,10,5,0,300,0.5,1700,0.5,2
13,10,533,0,0,300,0.5,1700,0.5,0
13,11,927,1,0,300,0.5,1700,0.5,0
13,12,120,1,0,300,0.5,1700,0.5,0
13,13,118,2,10,5,0,300,0.5,1700,0.5,0
13,14,315,2,10,5,0,500,0.6,1000,0.2,1400,0.2,1
13,15,76,0,0,500,0.6,1000,0.2,1400,0.2,2
13,16,786,1,0,500,0.6,1000,0.2,1400,0.2,0
13,17,715,1,0,300,0.5,1700,0.5,0
13,18,31,2,10,5,0,500,0.6,1000,0.2,1400,0.2,2
13,19,682,0,0,500,0.6,1000,0.2,1400,0.2,1
14,0,535,0,0,500,0.6,1000,0.2,1400,0.2,2
14,1,44,0,0,500,0.6,1000,0.2,1400,0.2,0
14,2,572,1,0,300,0.5,1700,0.5,2
14,3,47,2,10,5,0,300,0.5,1700,0.5,1
14,4,731,2,10,5,0,300,0.5,1700,0.5,2
14,5,238,2,10,5,0,300,0.5,1700,0.5,1
14,6,890,2,10,5,0,500,0.6,1000,0.2,1400,0.2,2
14,7,534,0,0,500,0.6,1000,0.2,1400,0.2,0
14,8,371,0,0,500,0.6,1000,0.2,1400,0.2,1
14,9,858,2,10,5,0,300,0.5,1700,0.5,0
14,10,793,2,10,5,0,300,0.5,1700,0.5,1
14,11,427,1,0,300,0.5,1700,0.5,1
14,12,593,2,10,5,0,500,0.6,1000,0.2,1400,0.2,1
14,13,282,2,10,5,0,500,0.6,1000,0.2,1400,0.2,2
14,14,953,1,0,300,0.5,1700,0.5,0
14,15,181,2,10,5,0,500,0.6,1000,0.2,1400,0.2,1
14,16,215,0,0,500,0.6,1000,0.2,1400,0.2,0
14,17,905,0,0,300,0.5,1700,0.5,0
14,18,927,0,0,300,0.5,1700,0.5,2
14,19,356,2,10,5,0,500,0.6,1000,0.2,1400,0.2,2
15,0,546,0,0,500,0.6,1000,0.2,1400,0.2,0
15,1,440,1,0,300,0.5,1700,0.5,0
15,2,850,2,10,5,0,500,0.6,1000,0.2,1400,0.2,0
15,3,856,2,10,5,0,300,0.5,1700,0.5,2
15,4,718,2,10,5,0,500,0.6,1000,0.2,1400,0.2,2
15,5,814,1,0,300,0.5,1700,0.5,1
15,6,604,2,10,5,0,500,0.6,1000,0.2,1400,0.2,2
15,7,159,2,10,5,0,500,0.6,1000,0.2,1400,0.2,0
15,8,1000,1,0,500,0.6,1000,0.2,1400,0.2,0
15,9,936,2,10,5,0,300,0.5,1700,0.5,1
15,10,78,2,10,5,0,300,0.5,1700,0.5,1
15,11,497,2,10,5,0,500,0.6,1000,0.2,1400,0.2,2
15,12,833,0,0,500,0.6,1000,0.2,1400,0.2,0
15,13,338,2,10,5,0,500,0.6,1000,0.2,1400,0.2,0
15,14,68,0,0,300,0.5,1700,0.5,1
15,15,745,1,0,500,0.6,1000,0.2,1400,0.2,2
15,16,700,1,0,300,0.5,1700,0.5,1
15,17,130,2,10,5,0,500,0.6,1000,0.2,1400,0.2,2
15,18,818,0,0,500,0.6,1000,0.2,1400,0.2,1
15,19,883,0,0,500,0.6,1000,0.2,1400,0.2,0
16,0,780,0,0,300,0.5,1700,0.5,1
16,1,367,2,10,5,0,500,0.6,1000,0.2,1400,0.2,2
16,2,249,2,10,5,0,500,0.6,1000,0.2,1400,0.2,2
16,3,685,1,0,500,0.6,1000,0.2,1400,0.2,1
16,4,229,0,0,300,0.5,1700,0.5,1
16,5,313,2,10,5,0,500,0.6,1000,0.2,1400,0.2,2
16,6,706,0,0,300,0.5,1700,0.5,1
16,7,201,2,10,5,0,300,0.5,1700,0.5,2
16,8,314,2,10,5,0,300,0.5,1700,0.5,2
16,9,136,2,10,5,0,500,0.6,1000,0.2,1400,0.2,0
16,10,887,0,0,300,0.5,1700,0.5,2
16,11,398,0,0,500,0.6,1000,0.2,1400,0.2,1
16,12,358,2,10,5,0,300,0.5,1700,0.5,0
16,13,893,0,0,300,0.5,1700,0.5,1
16,14,635,1,0,300,0.5,1700,0.5,1
16,15,661,0,0,300,0.5,1700,0.5,0
16,16,410,2,10,5,0,300,0.5,1700,0.5,2
16,17,95,1,0,500,0.6,1000,0.2,1400,0.2,2
16,18,485,1,0,300,0.5,1700,0.5,2
16,19,812,0,0,300,0.5,1700,0.5,2
17,0,635,0,0,500,0.6,1000,0.2,1400,0.2,0
17,1,565,0,0,300,0.5,1700,0.5,2
17,2,548,2,10,5,0,300,0.5,1700,0.5,0
17,3,81,2,10,5,0,300,0.5,1700,0.5,0
17,4,829,0,0,500,0.6,1000,0.2,1400,0.2,2
17,5,749,0,0,500,0.6,1000,0.2,1400,0.2,1
17,6,170,0,0,300,0.5,1700,0.5,0
17,7,159,2,10,5,0,500,0.6,1000,0.2,1400,0.2,0
17,8,416,0,0,500,0.6,1000,0.2,1400,0.2,2
17,9,98,0,0,500,0.6,1000,0.2,1400,0.2,0
17,10,141,1,0,300,0.5,1700,0.5,1
17,11,301,1,0,500,0.6,1000,0.2,1400,0.2,2
17,12,860,1,0,300,0.5,1700,0.5,0
17,13,751,2,10,5,0,500,0.6,1000,0.2,1400,0.2,2
17,14,430,2,10,5,0,300,0.5,1700,0.5,1
17,15,31,2,10,5,0,500,0.6,1000,0.2,1400,0.2,1
17,16,438,2,10,5,0,300,0.5,1700,0.5,2
17,17,877,1,0,500,0.6,1000,0.2,1400,0.2,2
17,18,730,2,10,5,0,300,0.5,1700,0.5,1
17,19,814,2,10,5,0,300,0.5,1700,0.5,2
18,0,940,1,0,300,0.5,1700,0.5,2
18,1,999,1,0,300,0.5,1700,0.5,1
18,2,427,2,10,5,0,300,0.5,1700,0.5,2
18,3,279,2,10,5,0,300,0.5,1700,0.5,0
18,4,954,1,0,500,0.6,1000,0.2,1400,0.2,2
18,5,249,1,0,300,0.5,1700,0.5,0
18,6,799,2,10,5,0,300,0.5,1700,0.5,1
18,7,756,1,0,500,0.6,1000,0.2,1400,0.2,1
18,8,143,0,0,500,0.6,1000,0.2,1400,0.2,1
18,9,273,1,0,500,0.6,1000,0.2,1400,0.2,1
18,10,437,2,10,5,0,300,0.5,1700,0.5,1
18,11,767,2,10,5,0,500,0.6,1000,0.2,1400,0.2,1
18,12,403,0,0,500,0.6,1000,0.2,1400,0.2,1
18,13,658,2,10,5,0,300,0.5,1700,0.5,1
18,14,461,0,0,300,0.5,1700,0.5,1
18,15,751,2,10,5,0,500,0.6,1000,0.2,1400,0.2,2
18,16,552,1,0,500,0.6,1000,0.2,1400,0.2,1
18,17,844,0,0,500,0.6,1000,0.2,1400,0.2,0
18,18,754,2,10,5,0,300,0.5,1700,0.5,2
18,19,484,0,0,500,0.6,1000,0.2,1400,0.2,1
19,0,360,2,10,5,0,500,0.6,1000,0.2,1400,0.2,1
19,1,751,2,10,5,0,300,0.5,1700,0.5,2
19,2,258,1,0,500,0.6,1000,0.2,1400,0.2,1
19,3,204,2,10,5,0,500,0.6,1000,0.2,1400,0.2,2
19,4,798,2,10,5,0,500,0.6,1000,0.2,1400,0.2,0
19,5,463,0,0,500,0.6,1000,0.2,1400,0.2,2
19,6,964,2,10,5,0,500,0.6,1000,0.2,1400,0.2,1
19,7,899,1,0,500,0.6,1000,0.2,1400,0.2,1
19,8,185,2,10,5,0,500,0.6,1000,0.2,1400,0.2,0
19,9,469,0,0,500,0.6,1000,0.2,1400,0.2,0
19,10,713,0,0,300,0.5,1700,0.5,0
19,11,133,1,0,500,0.6,1000,0.2,1400,0.2,1
19,12,945,1,0,300,0.5,1700,0.5,0
19,13,264,1,0,300,0.5,1700,0.5,2
19,14,402,2,10,5,0,300,0.5,1700,0.5,1
19,15,132,0,0,500,0.6,1000,0.2,1400,0.2,1
19,16,188,1,0,500,0.6,1000,0.2,1400,0.2,0
19,17,762,2,10,5,0,300,0.5,1700,0.5,0
19,18,491,1,0,300,0.5,1700,0.5,1
19,19,330,1,0,300,0.5,1700,0.5,2
