0,0,228,2,10,5,0,300,0.5,1700,0.5,0
0,1,14,1,0,300,0.5,1700,0.5,2
0,2,148,1,0,300,0.5,1700,0.5,2
0,3,311,1,0,500,0.6,1000,0.2,1400,0.2,1
0,4,663,2,10,5,0,500,0.6,1000,0.2,1400,0.2,1
0,5,970,2,10,5,0,500,0.6,1000,0.2,1400,0.2,2
0,6,477,1,0,300,0.5,1700,0.5,2
0,7,987,0,0,500,0.6,1000,0.2,1400,0.2,0
0,8,660,1,0,300,0.5,1700,0.5,0
0,9,671,2,10,5,0,500,0.6,1000,0.2,1400,0.2,2
0,10,57,0,0,500,0.6,1000,0.2,1400,0.2,1
0,11,450,2,10,5,0,300,0.5,1700,0.5,1
0,12,606,2,10,5,0,500,0.6,1000,0.2,1400,0.2,0
0,13,175,0,0,500,0.6,1000,0.2,1400,0.2,2
0,14,800,2,10,5,0,500,0.6,1000,0.2,1400,0.2,0
0,15,329,0,0,500,0.6,1000,0.2,1400,0.2,2
0,16,708,1,0,300,0.5,1700,0.5,1
0,17,271,0,0,300,0.5,1700,0.5,1
0,18,380,1,0,300,0.5,1700,0.5,1
0,19,913,2,10,5,0,300,0.5,1700,0.5,1
1,0,220,2,10,5,0,500,0.6,1000,0.2,1400,0.2,2
1,1,869,1,0,500,0.6,1000,0.2,1400,0.2,2
1,2,880,2,10,5,0,300,0.5,1700,0.5,0
1,3,147,2,10,5,0,300,0.5,1700,0.5,1
1,4,848,1,0,300,0.5,1700,0.5,1
1,5,419,1,0,500,0.6,1000,0.2,1400,0.2,2
1,6,98,1,0,300,0.5,1700,0.5,0
1,7,672,1,0,300,0.5,1700,0.5,1
1,8,233,1,0,500,0.6,1000,0.2,1400,0.2,1
1,9,533,0,0,300,0.5,1700,0.5,2
1,10,270,2,10,5,0,300,0.5,1700,0.5,1
1,11,394,2,10,5,0,500,0.6,1000,0.2,1400,0.2,0
1,12,796,2,10,5,0,500,0.6,1000,0.2,1400,0.2,1
1,13,710,2,10,5,0,500,0.6,1000,0.2,1400,0.2,0
1,14,868,0,0,500,0.6,1000,0.2,1400,0.2,2
1,15,23,1,0,500,0.6,1000,0.2,1400,0.2,0
1,16,553,0,0,500,0.6,1000,0.2,1400,0.2,1
1,17,244,0,0,300,0.5,1700,0.5,1
1,18,75,1,0,500,0.6,1000,0.2,1400,0.2,2
1,19,459,1,0,500,0.6,1000,0.2,1400,0.2,1
2,0,53,2,10,5,0,500,0.6,1000,0.2,1400,0.2,2
2,1,351,0,0,500,0.6,1000,0.2,1400,0.2,1
2,2,614,0,0,500,0.6,1000,0.2,1400,0.2,0
2,3,856,2,10,5,0,500,0.6,1000,0.2,1400,0.2,1
2,4,256,1,0,300,0.5,1700,0.5,1
2,5,32,0,0,300,0.5,1700,0.5,0
2,6,712,0,0,500,0.6,1000,0.2,1400,0.2,0
2,7,313,2,10,5,0,300,0.5,1700,0.5,2
2,8,524,0,0,500,0.6,1000,0.2,1400,0.2,0
2,9,177,2,10,5,0,300,0.5,1700,0.5,1
2,10,588,0,0,300,0.5,1700,0.5,2
2,11,656,1,0,300,0.5,1700,0.5,1
2,12,197,2,10,5,0,300,0.5,1700,0.5,0
2,13,495,1,0,500,0.6,1000,0.2,1400,0.2,1
2,14,402,1,0,300,0.5,1700,0.5,1
2,15,141,1,0,300,0.5,1700,0.5,0
2,16,247,1,0,300,0.5,1700,0.5,0
2,17,206,0,0,300,0.5,1700,0.5,2
2,18,70,0,0,500,0.6,1000,0.2,1400,0.2,2
2,19,733,2,10,5,0,500,0.6,1000,0.2,1400,0.2,0
3,0,974,0,0,500,0.6,1000,0.2,1400,0.2,0
3,1,250,2,10,5,0,300,0.5,1700,0.5,1
3,2,68,1,0,500,0.6,1000,0.2,1400,0.2,2
3,3,901,0,0,300,0.5,1700,0.5,2
3,4,712,2,10,5,0,300,0.5,1700,0.5,2
3,5,664,1,0,300,0.5,1700,0.5,1
3,6,240,2,10,5,0,300,0.5,1700,0.5,0
3,7,917,0,0,500,0.6,1000,0.2,1400,0.2,1
3,8,10,1,0,300,0.5,1700,0.5,2
3,9,19,2,10,5,0,500,0.6,1000,0.2,1400,0.2,2
3,10,86,0,0,300,0.5,1700,0.5,1
3,11,63,0,0,300,0.5,1700,0.5,2
3,12,177,2,10,5,0,300,0.5,1700,0.5,1
3,13,434,1,0,300,0.5,1700,0.5,1
3,14,589,0,0,500,0.6,1000,0.2,1400,0.2,1
3,15,221,0,0,500,0.6,1000,0.2,1400,0.2,2
3,16,703,0,0,500,0.6,1000,0.2,1400,0.2,1
3,17,794,2,10,5,0,300,0.5,1700,0.5,0
3,18,592,0,0,300,0.5,1700,0.5,2
3,19,900,2,10,5,0,500,0.6,1000,0.2,1400,0.2,0
4,0,229,2,10,5,0,500,0.6,1000,0.2,1400,0.2,0
4,1,369,1,0,300,0.5,1700,0.5,0
4,2,438,1,0,500,0.6,1000,0.2,1400,0.2,1
4,3,617,0,0,300,0.5,1700,0.5,1
4,4,523,1,0,300,0.5,1700,0.5,1
4,5,163,1,0,500,0.6,1000,0.2,1400,0.2,0
4,6,30,1,0,500,0.6,1000,0.2,1400,0.2,0
4,7,299,0,0,300,0.5,1700,0.5,2
4,8,599,0,0,500,0.6,1000,0.2,1400,0.2,1
4,9,50,2,10,5,0,500,0.6,1000,0.2,1400,0.2,1
4,10,35,0,0,500,0.6,1000,0.2,1400,0.2,2
4,11,181,2,10,5,0,300,0.5,1700,0.5,0
4,12,265,2,10,5,0,300,0.5,1700,0.5,2
4,13,422,1,0,300,0.5,1700,0.5,0
4,14,266,2,10,5,0,300,0.5,1700,0.5,2
4,15,133,2,10,5,0,500,0.6,1000,0.2,1400,0.2,1
4,16,533,0,0,300,0.5,1700,0.5,1
4,17,349,2,10,5,0,300,0.5,1700,0.5,0
4,18,253,0,0,500,0.6,1000,0.2,1400,0.2,0
4,19,928,0,0,500,0.6,1000,0.2,1400,0.2,2
5,0,864,2,10,5,0,300,0.5,1700,0.5,0
5,1,465,0,0,300,0.5,1700,0.5,1
5,2,606,1,0,500,0.6,1000,0.2,1400,0.2,2
5,3,238,0,0,500,0.6,1000,0.2,1400,0.2,1
5,4,338,1,0,300,0.5,1700,0.5,0
5,5,793,2,10,5,0,300,0.5,1700,0.5,0
5,6,872,2,10,5,0,500,0.6,1000,0.2,1400,0.2,1
5,7,94,1,0,500,0.6,1000,0.2,1400,0.2,0
5,8,758,2,10,5,0,300,0.5,1700,0.5,0
5,9,64,2,10,5,0,500,0.6,1000,0.2,1400,0.2,1
5,10,899,2,10,5,0,300,0.5,1700,0.5,0
5,11,695,0,0,300,0.5,1700,0.5,1
5,12,195,1,0,300,0.5,1700,0.5,1
5,13,173,2,10,5,0,300,0.5,1700,0.5,1
5,14,753,1,0,500,0.6,1000,0.2,1400,0.2,1
5,15,357,1,0,500,0.6,1000,0.2,1400,0.2,1
5,16,268,2,10,5,0,300,0.5,1700,0.5,0
5,17,301,2,10,5,0,500,0.6,1000,0.2,1400,0.2,2
5,18,328,1,0,300,0.5,1700,0.5,2
5,19,476,2,10,5,0,300,0.5,1700,0.5,2
6,0,608,0,0,300,0.5,1700,0.5,2
6,1,60,2,10,5,0,500,0.6,1000,0.2,1400,0.2,2
6,2,230,2,10,5,0,300,0.5,1700,0.5,2
6,3,158,2,10,5,0,300,0.5,1700,0.5,0
6,4,827,1,0,500,0.6,1000,0.2,1400,0.2,2
6,5,552,0,0,500,0.6,1000,0.2,1400,0.2,2
6,6,945,1,0,300,0.5,1700,0.5,1
6,7,903,1,0,300,0.5,1700,0.5,0
6,8,28,0,0,300,0.5,1700,0.5,1
6,9,639,1,0,300,0.5,1700,0.5,0
6,10,800,0,0,500,0.6,1000,0.2,1400,0.2,2
6,11,810,1,0,300,0.5,1700,0.5,0
6,12,911,0,0,500,0.6,1000,0.2,1400,0.2,2
6,13,313,0,0,500,0.6,1000,0.2,1400,0.2,0
6,14,340,0,0,500,0.6,1000,0.2,1400,0.2,0
6,15,571,0,0,300,0.5,1700,0.5,0
6,16,930,1,0,300,0.5,1700,0.5,0
6,17,223,0,0,500,0.6,1000,0.2,1400,0.2,1
6,18,130,1,0,300,0.5,1700,0.5,0
6,19,369,2,10,5,0,300,0.5,1700,0.5,2
7,0,251,2,10,5,0,300,0.5,1700,0.5,1
7,1,478,2,10,5,0,500,0.6,1000,0.2,1400,0.2,2
7,2,200,1,0,300,0.5,1700,0.5,2
7,3,388,2,10,5,0,500,0.6,1000,0.2,1400,0.2,2
7,4,914,2,10,5,0,300,0.5,1700,0.5,2
7,5,957,2,10,5,0,500,0.6,1000,0.2,1400,0.2,0
7,6,565,0,0,500,0.6,1000,0.2,1400,0.2,2
7,7,729,0,0,500,0.6,1000,0.2,1400,0.2,2
7,8,294,1,0,300,0.5,1700,0.5,2
7,9,997,1,0,300,0.5,1700,0.5,2
7,10,731,2,10,5,0,300,0.5,1700,0.5,1
7,11,732,2,10,5,0,300,0.5,1700,0.5,0
7,12,262,2,10,5,0,300,0.5,1700,0.5,1
7,13,967,2,10,5,0,500,0.6,1000,0.2,1400,0.2,1
7,14,303,2,10,5,0,300,0.5,1700,0.5,1
7,15,572,0,0,300,0.5,1700,0.5,0
7,16,449,2,10,5,0,500,0.6,1000,0.2,1400,0.2,2
7,17,351,0,0,300,0.5,1700,0.5,0
7,18,136,1,0,300,0.5,1700,0.5,2
7,19,86,1,0,300,0.5,1700,0.5,0
8,0,663,1,0,500,0.6,1000,0.2,1400,0.2,1
8,1,707,1,0,300,0.5,1700,0.5,2
8,2,764,1,0,500,0.6,1000,0.2,1400,0.2,0
8,3,646,2,10,5,0,500,0.6,1000,0.2,1400,0.2,0
8,4,601,0,0,500,0.6,1000,0.2,1400,0.2,2
8,5,647,0,0,500,0.6,1000,0.2,1400,0.2,2
8,6,443,2,10,5,0,500,0.6,1000,0.2,1400,0.2,1
8,7,431,1,0,500,0.6,1000,0.2,1400,0.2,1
8,8,575,2,10,5,0,500,0.6,1000,0.2,1400,0.2,2
8,9,450,2,10,5,0,300,0.5,1700,0.5,0
8,10,833,1,0,300,0.5,1700,0.5,2
8,11,490,2,10,5,0,500,0.6,1000,0.2,1400,0.2,0
8,12,789,2,10,5,0,500,0.6,1000,0.2,1400,0.2,0
8,13,395,2,10,5,0,300,0.5,1700,0.5,1
8,14,690,0,0,500,0.6,1000,0.2,1400,0.2,2
8,15,348,2,10,5,0,300,0.5,1700,0.5,0
8,16,29,2,10,5,0,300,0.5,1700,0.5,1
8,17,619,0,0,300,0.5,1700,0.5,1
8,18,488,2,10,5,0,300,0.5,1700,0.5,2
8,19,382,0,0,500,0.6,1000,0.2,1400,0.2,0
9,0,387,0,0,300,0.5,1700,0.5,0
9,1,584,0,0,500,0.6,1000,0.2,1400,0.2,0
9,2,671,1,0,500,0.6,1000,0.2,1400,0.2,1
9,3,878,2,10,5,0,300,0.5,1700,0.5,0
9,4,356,1,0,500,0.6,1000,0.2,1400,0.2,0
9,5,791,1,0,500,0.6,1000,0.2,1400,0.2,0
9,6,748,1,0,300,0.5,1700,0.5,1
9,7,514,2,10,5,0,500,0.6,1000,0.2,1400,0.2,0
9,8,189,2,10,5,0,300,0.5,1700,0.5,2
9,9,697,2,10,5,0,500,0.6,1000,0.2,1400,0.2,0
9,10,370,2,10,5,0,500,0.6,1000,0.2,1400,0.2,1
9,11,197,0,0,300,0.5,1700,0.5,2
9,12,659,0,0,300,0.5,1700,0.5,0
9,13,810,2,10,5,0,500,0.6,1000,0.2,1400,0.2,0
9,14,15,2,10,5,0,300,0.5,1700,0.5,0
9,15,531,1,0,500,0.6,1000,0.2,1400,0.2,2
9,16,625,2,10,5,0,500,0.6,1000,0.2,1400,0.2,1
9,17,196,0,0,500,0.6,1000,0.2,1400,0.2,1
9,18,206,1,0,500,0.6,1000,0.2,1400,0.2,1
9,19,997,1,0,300,0.5,1700,0.5,2
10,0,778,1,0,500,0.6,1000,0.2,1400,0.2,2
10,1,806,1,0,300,0.5,1700,0.5,0
10,2,746,1,0,500,0.6,1000,0.2,1400,0.2,1
10,3,523,0,0,300,0.5,1700,0.5,1
10,4,781,2,10,5,0,500,0.6,1000,0.2,1400,0.2,2
10,5,602,0,0,500,0.6,1000,0.2,1400,0.2,2
10,6,967,1,0,300,0.5,1700,0.5,1
10,7,626,1,0,300,0.5,1700,0.5,2
10,8,139,0,0,300,0.5,1700,0.5,1
10,9,472,2,10,5,0,300,0.5,1700,0.5,2
10,10,541,1,0,300,0.5,1700,0.5,2
10,11,359,1,0,500,0.6,1000,0.2,1400,0.2,2
10,12,247,1,0,300,0.5,1700,0.5,0
10,13,66,1,0,300,0.5,1700,0.5,2
10,14,323,2,10,5,0,300,0.5,1700,0.5,0
10,15,685,0,0,500,0.6,1000,0.2,1400,0.2,1
10,16,814,0,0,300,0.5,1700,0.5,0
10,17,385,0,0,300,0.5,1700,0.5,2
10,18,608,1,0,500,0.6,1000,0.2,1400,0.2,1
10,19,930,0,0,300,0.5,1700,0.5,0
11,0,135,1,0,500,0.6,1000,0.2,1400,0.2,0
11,1,465,2,10,5,0,300,0.5,1700,0.5,2
11,2,764,1,0,300,0.5,1700,0.5,0
11,3,152,0,0,500,0.6,1000,0.2,1400,0.2,1
11,4,517,0,0,300,0.5,1700,0.5,0
11,5,878,1,0,300,0.5,1700,0.5,1
11,6,224,0,0,300,0.5,1700,0.5,1
11,7,14,1,0,300,0.5,1700,0.5,0
11,8,953,2,10,5,0,500,0.6,1000,0.2,1400,0.2,1
11,9,459,0,0,500,0.6,1000,0.2,1400,0.2,1
11,10,912,2,10,5,0,500,0.6,1000,0.2,1400,0.2,0
11,11,19,2,10,5,0,300,0.5,1700,0.5,0
11,12,771,1,0,500,0.6,1000,0.2,1400,0.2,1
11,13,417,0,0,500,0.6,1000,0.2,1400,0.2,0
11,14,293,2,10,5,0,500,0.6,1000,0.2,1400,0.2,1
11,15,678,1,0,300,0.5,1700,0.5,1
11,16,385,0,0,300,0.5,1700,0.5,1
11,17,653,2,10,5,0,300,0.5,1700,0.5,2
11,18,205,0,0,300,0.5,1700,0.5,0
11,19,657,1,0,300,0.5,1700,0.5,2
12,0,234,0,0,300,0.5,1700,0.5,1
12,1,641,1,0,500,0.6,1000,0.2,1400,0.2,1
12,2,476,0,0,300,0.5,1700,0.5,0
12,3,111,2,10,5,0,300,0.5,1700,0.5,0
12,4,183,1,0,300,0.5,1700,0.5,0
12,5,770,1,0,500,0.6,1000,0.2,1400,0.2,1
12,6,83,0,0,300,0.5,1700,0.5,0
12,7,183,0,0,500,0.6,1000,0.2,1400,0.2,1
12,8,604,0,0,500,0.6,1000,0.2,1400,0.2,1
12,9,943,1,0,300,0.5,1700,0.5,1
12,10,144,0,0,300,0.5,1700,0.5,2
12,11,910,0,0,300,0.5,1700,0.5,0
12,12,892,0,0,500,0.6,1000,0.2,1400,0.2,0
12,13,658,1,0,500,0.6,1000,0.2,1400,0.2,0
12,14,297,0,0,300,0.5,1700,0.5,1
12,15,456,1,0,500,0.6,1000,0.2,1400,0.2,1
12,16,974,0,0,300,0.5,1700,0.5,1
12,17,767,2,10,5,0,500,0.6,1000,0.2,1400,0.2,1
12,18,36,0,0,300,0.5,1700,0.5,0
12,19,20,2,10,5,0,500,0.6,1000,0.2,1400,0.2,0
13,0,627,1,0,500,0.6,1000,0.2,1400,0.2,2
13,1,305,2,10,5,0,300,0.5,1700,0.5,2
13,2,264,1,0,300,0.5,1700,0.5,0
13,3,680,2,10,5,0,300,0.5,1700,0.5,2
13,4,771,2,10,5,0,500,0.6,1000,0.2,1400,0.2,0
13,5,597,1,0,300,0.5,1700,0.5,2
13,6,861,0,0,500,0.6,1000,0.2,1400,0.2,0
13,7,488,0,0,500,0.6,1000,0.2,1400,0.2,2
13,8,500,1,0,500,0.6,1000,0.2,1400,0.2,0
13,9,176,1,0,300,0.5,1700,0.5,2
13,10,736,2,10,5,0,500,0.6,1000,0.2,1400,0.2,0
13,11,710,0,0,300,0.5,1700,0.5,0
13,12,539,0,0,300,0.5,1700,0.5,0
13,13,163,1,0,500,0.6,1000,0.2,1400,0.2,0
13,14,350,0,0,500,0.6,1000,0.2,1400,0.2,0
13,15,306,2,10,5,0,500,0.6,1000,0.2,1400,0.2,0
13,16,420,2,10,5,0,300,0.5,1700,0.5,0
13,17,844,2,10,5,0,300,0.5,1700,0.5,0
13,18,376,0,0,300,0.5,1700,0.5,0
13,19,474,2,10,5,0,300,0.5,1700,0.5,2
14,0,654,1,0,500,0.6,1000,0.2,1400,0.2,0
14,1,357,1,0,500,0.6,1000,0.2,1400,0.2,0
14,2,498,1,0,300,0.5,1700,0.5,1
14,3,540,1,0,300,0.5,1700,0.5,2
14,4,28,1,0,500,0.6,1000,0.2,1400,0.2,0
14,5,189,2,10,5,0,500,0.6,1000,0.2,1400,0.2,0
14,6,158,1,0,300,0.5,1700,0.5,2
14,7,94,0,0,500,0.6,1000,0.2,1400,0.2,1
14,8,84,1,0,300,0.5,1700,0.5,0
14,9,816,2,10,5,0,300,0.5,1700,0.5,0
14,10,516,0,0,300,0.5,1700,0.5,0
14,11,311,0,0,500,0.6,1000,0.2,1400,0.2,0
14,12,80,1,0,300,0.5,1700,0.5,2
14,13,299,2,10,5,0,500,0.6,1000,0.2,1400,0.2,0
14,14,14,2,10,5,0,300,0.5,1700,0.5,2
14,15,149,1,0,300,0.5,1700,0.5,2
14,16,855,2,10,5,0,500,0.6,1000,0.2,1400,0.2,2
14,17,502,2,10,5,0,300,0.5,1700,0.5,2
14,18,581,0,0,500,0.6,1000,0.2,1400,0.2,1
14,19,318,2,10,5,0,500,0.6,1000,0.2,1400,0.2,2
15,0,33,0,0,500,0.6,1000,0.2,1400,0.2,2
15,1,615,1,0,300,0.5,1700,0.5,1
15,2,792,1,0,300,0.5,1700,0.5,0
15,3,640,2,10,5,0,300,0.5,1700,0.5,0
15,4,746,2,10,5,0,300,0.5,1700,0.5,0
15,5,970,1,0,500,0.6,1000,0.2,1400,0.2,2
15,6,955,2,10,5,0,500,0.6,1000,0.2,1400,0.2,2
15,7,717,2,10,5,0,500,0.6,1000,0.2,1400,0.2,1
15,8,959,2,10,5,0,300,0.5,1700,0.5,0
15,9,520,1,0,500,0.6,1000,0.2,1400,0.2,0
15,10,419,2,10,5,0,500,0.6,1000,0.2,1400,0.2,2
15,11,136,1,0,300,0.5,1700,0.5,1
15,12,278,0,0,500,0.6,1000,0.2,1400,0.2,2
15,13,655,0,0,500,0.6,1000,0.2,1400,0.2,1
15,14,562,2,10,5,0,300,0.5,1700,0.5,2
15,15,131,0,0,500,0.6,1000,0.2,1400,0.2,0
15,16,142,2,10,5,0,300,0.5,1700,0.5,1
15,17,201,0,0,500,0.6,1000,0.2,1400,0.2,2
15,18,953,1,0,500,0.6,1000,0.2,1400,0.2,2
15,19,419,0,0,300,0.5,1700,0.5,2
16,0,765,0,0,500,0.6,1000,0.2,1400,0.2,2
16,1,488,1,0,500,0.6,1000,0.2,1400,0.2,0
16,2,962,2,10,5,0,500,0.6,1000,0.2,1400,0.2,2
16,3,89,2,10,5,0,500,0.6,1000,0.2,1400,0.2,2
16,4,725,2,10,5,0,300,0.5,1700,0.5,2
16,5,511,2,10,5,0,500,0.6,1000,0.2,1400,0.2,1
16,6,833,1,0,500,0.6,1000,0.2,1400,0.2,1
16,7,130,1,0,500,0.6,1000,0.2,1400,0.2,2
16,8,193,0,0,500,0.6,1000,0.2,1400,0.2,1
16,9,60,1,0,300,0.5,1700,0.5,2
16,10,327,0,0,500,0.6,1000,0.2,1400,0.2,1
16,11,788,2,10,5,0,300,0.5,1700,0.5,2
16,12,596,2,10,5,0,500,0.6,1000,0.2,1400,0.2,1
16,13,73,2,10,5,0,500,0.6,1000,0.2,1400,0.2,0
16,14,905,1,0,300,0.5,1700,0.5,0
16,15,59,0,0,500,0.6,1000,0.2,1400,0.2,1
16,16,438,0,0,300,0.5,1700,0.5,0
16,17,517,2,10,5,0,500,0.6,1000,0.2,1400,0.2,1
16,18,975,0,0,500,0.6,1000,0.2,1400,0.2,0
16,19,513,1,0,500,0.6,1000,0.2,1400,0.2,1
17,0,163,2,10,5,0,300,0.5,1700,0.5,1
17,1,351,0,0,500,0.6,1000,0.2,1400,0.2,2
17,2,974,1,0,300,0.5,1700,0.5,1
17,3,888,1,0,500,0.6,1000,0.2,1400,0.2,1
17,4,413,0,0,300,0.5,1700,0.5,0
17,5,478,2,10,5,0,500,0.6,1000,0.2,1400,0.2,2
17,6,595,0,0,300,0.5,1700,0.5,0
17,7,952,0,0,500,0.6,1000,0.2,1400,0.2,0
17,8,920,2,10,5,0,500,0.6,1000,0.2,1400,0.2,0
17,9,345,1,0,300,0.5,1700,0.5,0
17,10,577,0,0,300,0.5,1700,0.5,0
17,11,248,0,0,300,0.5,1700,0.5,0
17,12,198,0,0,300,0.5,1700,0.5,0
17,13,810,0,0,500,0.6,1000,0.2,1400,0.2,1
17,14,72,0,0,500,0.6,1000,0.2,1400,0.2,1
17,15,595,1,0,500,0.6,1000,0.2,1400,0.2,2
17,16,516,1,0,300,0.5,1700,0.5,2
17,17,463,2,10,5,0,300,0.5,1700,0.5,1
17,18,236,1,0,300,0.5,1700,0.5,1
17,19,112,2,10,5,0,500,0.6,1000,0.2,1400,0.2,2
18,0,18,0,0,500,0.6,1000,0.2,1400,0.2,0
18,1,379,2,10,5,0,300,0.5,1700,0.5,2
18,2,595,1,0,500,0.6,1000,0.2,1400,0.2,1
18,3,683,1,0,500,0.6,1000,0.2,1400,0.2,1
18,4,723,0,0,300,0.5,1700,0.5,1
18,5,778,2,10,5,0,500,0.6,1000,0.2,1400,0.2,1
18,6,460,2,10,5,0,500,0.6,1000,0.2,1400,0.2,2
18,7,758,1,0,300,0.5,1700,0.5,1
18,8,24,1,0,300,0.5,1700,0.5,0
18,9,843,1,0,500,0.6,1000,0.2,1400,0.2,0
18,10,632,1,0,500,0.6,1000,0.2,1400,0.2,0
18,11,257,0,0,500,0.6,1000,0.2,1400,0.2,1
18,12,206,1,0,300,0.5,1700,0.5,0
18,13,537,0,0,300,0.5,1700,0.5,2
18,14,190,2,10,5,0,500,0.6,1000,0.2,1400,0.2,2
18,15,174,2,10,5,0,300,0.5,1700,0.5,2
18,16,904,1,0,300,0.5,1700,0.5,2
18,17,952,2,10,5,0,300,0.5,1700,0.5,0
18,18,907,1,0,500,0.6,1000,0.2,1400,0.2,2
18,19,920,2,10,5,0,500,0.6,1000,0.2,1400,0.2,2
19,0,649,2,10,5,0,300,0.5,1700,0.5,0
19,1,527,0,0,500,0.6,1000,0.2,1400,0.2,0
19,2,564,1,0,500,0.6,1000,0.2,1400,0.2,0
19,3,935,2,10,5,0,300,0.5,1700,0.5,0
19,4,286,1,0,500,0.6,1000,0.2,1400,0.2,1
19,5,913,0,0,500,0.6,1000,0.2,1400,0.2,0
19,6,399,0,0,500,0.6,1000,0.2,1400,0.2,2
19,7,478,0,0,500,0.6,1000,0.2,1400,0.2,1
19,8,267,1,0,500,0.6,1000,0.2,1400,0.2,1
19,9,609,2,10,5,0,300,0.5,1700,0.5,2
19,10,984,2,10,5,0,300,0.5,1700,0.5,1
19,11,388,1,0,300,0.5,1700,0.5,0
19,12,705,2,10,5,0,300,0.5,1700,0.5,2
19,13,670,2,10,5,0,300,0.5,1700,0.5,1
19,14,321,0,0,500,0.6,1000,0.2,1400,0.2,1
19,15,74,0,0,500,0.6,1000,0.2,1400,0.2,1
19,16,352,1,0,500,0.6,1000,0.2,1400,0.2,1
19,17,131,0,0,300,0.5,1700,0.5,1
19,18,497,0,0,300,0.5,1700,0.5,2
19,19,771,1,0,500,0.6,1000,0.2,1400,0.2,2
