0,0,209,2,10,5,0,300,0.5,1700,0.5,1
0,1,797,0,0,500,0.6,1000,0.2,1400,0.2,0
0,2,377,0,0,500,0.6,1000,0.2,1400,0.2,2
0,3,596,2,10,5,0,500,0.6,1000,0.2,1400,0.2,0
0,4,335,1,0,300,0.5,1700,0.5,2
0,5,627,0,0,500,0.6,1000,0.2,1400,0.2,2
0,6,279,2,10,5,0,300,0.5,1700,0.5,2
0,7,568,1,0,300,0.5,1700,0.5,1
0,8,681,0,0,300,0.5,1700,0.5,2
0,9,28,1,0,300,0.5,1700,0.5,1
0,10,178,0,0,300,0.5,1700,0.5,1
0,11,693,1,0,300,0.5,1700,0.5,2
0,12,296,1,0,300,0.5,1700,0.5,0
0,13,400,0,0,500,0.6,1000,0.2,1400,0.2,1
0,14,956,0,0,300,0.5,1700,0.5,1
0,15,52,0,0,300,0.5,1700,0.5,1
0,16,821,0,0,300,0.5,1700,0.5,0
0,17,448,0,0,300,0.5,1700,0.5,1
0,18,361,2,10,5,0,300,0.5,1700,0.5,0
0,19,281,1,0,300,0.5,1700,0.5,1
1,0,814,2,10,5,0,500,0.6,1000,0.2,1400,0.2,2
1,1,467,2,10,5,0,300,0.5,1700,0.5,0
1,2,114,1,0,500,0.6,1000,0.2,1400,0.2,1
1,3,143,1,0,300,0.5,1700,0.5,1
1,4,752,2,10,5,0,300,0.5,1700,0.5,0
1,5,904,1,0,300,0.5,1700,0.5,0
1,6,513,1,0,500,0.6,1000,0.2,1400,0.2,0
1,7,878,2,10,5,0,500,0.6,1000,0.2,1400,0.2,2
1,8,107,2,10,5,0,500,0.6,1000,0.2,1400,0.2,2
1,9,755,0,0,500,0.6,1000,0.2,1400,0.2,2
1,10,724,0,0,300,0.5,1700,0.5,0
1,11,814,1,0,500,0.6,1000,0.2,1400,0.2,0
1,12,118,1,0,300,0.5,1700,0.5,2
1,13,607,1,0,300,0.5,1700,0.5,2
1,14,241,2,10,5,0,300,0.5,1700,0.5,0
1,15,391,2,10,5,0,300,0.5,1700,0.5,0
1,16,926,0,0,500,0.6,1000,0.2,1400,0.2,0
1,17,660,0,0,300,0.5,1700,0.5,2
1,18,742,0,0,500,0.6,1000,0.2,1400,0.2,1
1,19,617,2,10,5,0,500,0.6,1000,0.2,1400,0.2,0
2,0,69,0,0,500,0.6,1000,0.2,1400,0.2,0
2,1,764,1,0,500,0.6,1000,0.2,1400,0.2,0
2,2,278,1,0,300,0.5,1700,0.5,1
2,3,267,2,10,5,0,500,0.6,1000,0.2,1400,0.2,1
2,4,190,2,10,5,0,300,0.5,1700,0.5,0
2,5,71,2,10,5,0,300,0.5,1700,0.5,1
2,6,192,1,0,300,0.5,1700,0.5,1
2,7,894,2,10,5,0,500,0.6,1000,0.2,1400,0.2,1
2,8,977,0,0,300,0.5,1700,0.5,0
2,9,653,0,0,500,0.6,1000,0.2,1400,0.2,0
2,10,536,0,0,300,0.5,1700,0.5,1
2,11,306,1,0,500,0.6,1000,0.2,1400,0.2,1
2,12,824,2,10,5,0,300,0.5,1700,0.5,2
2,13,10,0,0,300,0.5,1700,0.5,0
2,14,948,1,0,500,0.6,1000,0.2,1400,0.2,2
2,15,962,2,10,5,0,500,0.6,1000,0.2,1400,0.2,0
2,16,508,0,0,300,0.5,1700,0.5,1
2,17,719,0,0,500,0.6,1000,0.2,1400,0.2,1
2,18,909,1,0,300,0.5,1700,0.5,2
2,19,328,2,10,5,0,500,0.6,1000,0.2,1400,0.2,0
3,0,180,1,0,500,0.6,1000,0.2,1400,0.2,1
3,1,576,2,10,5,0,300,0.5,1700,0.5,1
3,2,971,1,0,300,0.5,1700,0.5,0
3,3,170,1,0,500,0.6,1000,0.2,1400,0.2,0
3,4,440,2,10,5,0,300,0.5,1700,0.5,2
3,5,494,2,10,5,0,300,0.5,1700,0.5,0
3,6,820,0,0,300,0.5,1700,0.5,2
3,7,970,2,10,5,0,500,0.6,1000,0.2,1400,0.2,1
3,8,226,2,10,5,0,300,0.5,1700,0.5,0
3,9,266,2,10,5,0,500,0.6,1000,0.2,1400,0.2,1
3,10,282,0,0,500,0.6,1000,0.2,1400,0.2,1
3,11,877,0,0,500,0.6,1000,0.2,1400,0.2,1
3,12,869,0,0,300,0.5,1700,0.5,0
3,13,993,1,0,300,0.5,1700,0.5,0
3,14,992,1,0,500,0.6,1000,0.2,1400,0.2,2
3,15,793,1,0,500,0.6,1000,0.2,1400,0.2,1
3,16,722,0,0,300,0.5,1700,0.5,1
3,17,564,0,0,500,0.6,1000,0.2,1400,0.2,0
3,18,237,2,10,5,0,500,0.6,1000,0.2,1400,0.2,1
3,19,391,1,0,300,0.5,1700,0.5,2
4,0,208,0,0,500,0.6,1000,0.2,1400,0.2,0
4,1,272,0,0,300,0.5,1700,0.5,1
4,2,148,1,0,500,0.6,1000,0.2,1400,0.2,1
4,3,949,0,0,500,0.6,1000,0.2,1400,0.2,1
4,4,782,1,0,500,0.6,1000,0.2,1400,0.2,1
4,5,263,2,10,5,0,500,0.6,1000,0.2,1400,0.2,0
4,6,572,1,0,500,0.6,1000,0.2,1400,0.2,2
4,7,21,1,0,300,0.5,1700,0.5,0
4,8,576,1,0,300,0.5,1700,0.5,2
4,9,570,2,10,5,0,300,0.5,1700,0.5,1
4,10,168,2,10,5,0,500,0.6,1000,0.2,1400,0.2,0
4,11,444,2,10,5,0,500,0.6,1000,0.2,1400,0.2,1
4,12,447,2,10,5,0,300,0.5,1700,0.5,2
4,13,30,0,0,300,0.5,1700,0.5,2
4,14,77,2,10,5,0,300,0.5,1700,0.5,0
4,15,727,1,0,300,0.5,1700,0.5,2
4,16,178,2,10,5,0,500,0.6,1000,0.2,1400,0.2,2
4,17,447,2,10,5,0,500,0.6,1000,0.2,1400,0.2,2
4,18,874,1,0,500,0.6,1000,0.2,1400,0.2,1
4,19,249,1,0,500,0.6,1000,0.2,1400,0.2,0
5,0,889,2,10,5,0,500,0.6,1000,0.2,1400,0.2,2
5,1,347,2,10,5,0,300,0.5,1700,0.5,0
5,2,463,2,10,5,0,300,0.5,1700,0.5,2
5,3,123,2,10,5,0,300,0.5,1700,0.5,1
5,4,201,1,0,300,0.5,1700,0.5,2
5,5,359,2,10,5,0,300,0.5,1700,0.5,2
5,6,313,1,0,500,0.6,1000,0.2,1400,0.2,0
5,7,154,2,10,5,0,300,0.5,1700,0.5,1
5,8,70,1,0,500,0.6,1000,0.2,1400,0.2,1
5,9,615,1,0,500,0.6,1000,0.2,1400,0.2,1
5,10,704,0,0,500,0.6,1000,0.2,1400,0.2,1
5,11,437,2,10,5,0,500,0.6,1000,0.2,1400,0.2,0
5,12,296,1,0,500,0.6,1000,0.2,1400,0.2,0
5,13,556,0,0,300,0.5,1700,0.5,0
5,14,901,2,10,5,0,500,0.6,1000,0.2,1400,0.2,0
5,15,266,1,0,500,0.6,1000,0.2,1400,0.2,1
5,16,193,1,0,300,0.5,1700,0.5,0
5,17,597,2,10,5,0,500,0.6,1000,0.2,1400,0.2,0
5,18,423,2,10,5,0,500,0.6,1000,0.2,1400,0.2,2
5,19,476,1,0,500,0.6,1000,0.2,1400,0.2,1
6,0,101,2,10,5,0,500,0.6,1000,0.2,1400,0.2,2
6,1,147,1,0,500,0.6,1000,0.2,1400,0.2,0
6,2,853,0,0,500,0.6,1000,0.2,1400,0.2,1
6,3,764,2,10,5,0,300,0.5,1700,0.5,2
6,4,971,2,10,5,0,300,0.5,1700,0.5,0
6,5,172,1,0,300,0.5,1700,0.5,2
6,6,654,2,10,5,0,300,0.5,1700,0.5,2
6,7,549,0,0,300,0.5,1700,0.5,0
6,8,618,0,0,500,0.6,1000,0.2,1400,0.2,1
6,9,769,1,0,300,0.5,1700,0.5,1
6,10,12,0,0,300,0.5,1700,0.5,2
6,11,345,1,0,500,0.6,1000,0.2,1400,0.2,1
6,12,228,1,0,300,0.5,1700,0.5,1
6,13,637,1,0,500,0.6,1000,0.2,1400,0.2,0
6,14,495,0,0,300,0.5,1700,0.5,1
6,15,584,0,0,500,0.6,1000,0.2,1400,0.2,2
6,16,368,2,10,5,0,500,0.6,1000,0.2,1400,0.2,0
6,17,355,1,0,300,0.5,1700,0.5,1
6,18,830,1,0,300,0.5,1700,0.5,2
6,19,409,1,0,500,0.6,1000,0.2,1400,0.2,1
7,0,674,1,0,300,0.5,1700,0.5,1
7,1,595,2,10,5,0,500,0.6,1000,0.2,1400,0.2,0
7,2,195,1,0,300,0.5,1700,0.5,2
7,3,658,0,0,500,0.6,1000,0.2,1400,0.2,0
7,4,656,0,0,300,0.5,1700,0.5,2
7,5,122,0,0,500,0.6,1000,0.2,1400,0.2,0
7,6,267,1,0,500,0.6,1000,0.2,1400,0.2,2
7,7,510,2,10,5,0,300,0.5,1700,0.5,0
7,8,786,1,0,500,0.6,1000,0.2,1400,0.2,1
7,9,212,1,0,300,0.5,1700,0.5,1
7,10,402,0,0,500,0.6,1000,0.2,1400,0.2,1
7,11,728,2,10,5,0,500,0.6,1000,0.2,1400,0.2,0
7,12,755,2,10,5,0,500,0.6,1000,0.2,1400,0.2,0
7,13,197,1,0,500,0.6,1000,0.2,1400,0.2,0
7,14,910,0,0,500,0.6,1000,0.2,1400,0.2,0
7,15,946,1,0,500,0.6,1000,0.2,1400,0.2,1
7,16,968,1,0,500,0.6,1000,0.2,1400,0.2,0
7,17,901,0,0,300,0.5,1700,0.5,2
7,18,20,1,0,300,0.5,1700,0.5,1
7,19,223,1,0,300,0.5,1700,0.5,1
8,0,185,1,0,300,0.5,1700,0.5,2
8,1,102,2,10,5,0,500,0.6,1000,0.2,1400,0.2,1
8,2,298,2,10,5,0,500,0.6,1000,0.2,1400,0.2,2
8,3,253,2,10,5,0,300,0.5,1700,0.5,2
8,4,605,0,0,500,0.6,1000,0.2,1400,0.2,1
8,5,971,1,0,300,0.5,1700,0.5,1
8,6,95,1,0,300,0.5,1700,0.5,2
8,7,610,0,0,500,0.6,1000,0.2,1400,0.2,1
8,8,122,1,0,500,0.6,1000,0.2,1400,0.2,2
8,9,501,1,0,500,0.6,1000,0.2,1400,0.2,2
8,10,197,0,0,500,0.6,1000,0.2,1400,0.2,2
8,11,980,2,10,5,0,300,0.5,1700,0.5,0
8,12,95,1,0,500,0.6,1000,0.2,1400,0.2,2
8,13,624,0,0,500,0.6,1000,0.2,1400,0.2,1
8,14,15,0,0,500,0.6,1000,0.2,1400,0.2,2
8,15,73,1,0,500,0.6,1000,0.2,1400,0.2,1
8,16,731,1,0,300,0.5,1700,0.5,2
8,17,465,2,10,5,0,500,0.6,1000,0.2,1400,0.2,0
8,18,265,1,0,300,0.5,1700,0.5,2
8,19,201,2,10,5,0,500,0.6,1000,0.2,1400,0.2,2
9,0,798,2,10,5,0,500,0.6,1000,0.2,1400,0.2,0
9,1,955,1,0,500,0.6,1000,0.2,1400,0.2,0
9,2,510,2,10,5,0,500,0.6,1000,0.2,1400,0.2,0
9,3,200,0,0,500,0.6,1000,0.2,1400,0.2,1
9,4,874,2,10,5,0,500,0.6,1000,0.2,1400,0.2,1
9,5,181,1,0,500,0.6,1000,0.2,1400,0.2,1
9,6,73,1,0,300,0.5,1700,0.5,2
9,7,338,1,0,500,0.6,1000,0.2,1400,0.2,1
9,8,37,2,10,5,0,500,0.6,1000,0.2,1400,0.2,2
9,9,555,1,0,500,0.6,1000,0.2,1400,0.2,2
9,10,198,2,10,5,0,300,0.5,1700,0.5,0
9,11,901,2,10,5,0,500,0.6,1000,0.2,1400,0.2,2
9,12,452,0,0,500,0.6,1000,0.2,1400,0.2,1
9,13,994,1,0,500,0.6,1000,0.2,1400,0.2,0
9,14,720,0,0,300,0.5,1700,0.5,0
9,15,850,2,10,5,0,300,0.5,1700,0.5,1
9,16,781,2,10,5,0,300,0.5,1700,0.5,0
9,17,464,0,0,500,0.6,1000,0.2,1400,0.2,1
9,18,821,0,0,500,0.6,1000,0.2,1400,0.2,0
9,19,55,0,0,500,0.6,1000,0.2,1400,0.2,1
10,0,350,0,0,300,0.5,1700,0.5,1
10,1,499,1,0,300,0.5,1700,0.5,0
10,2,957,0,0,500,0.6,1000,0.2,1400,0.2,0
10,3,317,0,0,500,0.6,1000,0.2,1400,0.2,2
10,4,550,1,0,500,0.6,1000,0.2,1400,0.2,0
10,5,831,2,10,5,0,300,0.5,1700,0.5,1
10,6,524,2,10,5,0,300,0.5,1700,0.5,1
10,7,360,1,0,300,0.5,1700,0.5,2
10,8,978,2,10,5,0,500,0.6,1000,0.2,1400,0.2,1
10,9,553,2,10,5,0,500,0.6,1000,0.2,1400,0.2,0
10,10,209,0,0,300,0.5,1700,0.5,0
10,11,392,0,0,300,0.5,1700,0.5,1
10,12,542,2,10,5,0,300,0.5,1700,0.5,1
10,13,758,2,10,5,0,300,0.5,1700,0.5,0
10,14,501,0,0,300,0.5,1700,0.5,2
10,15,331,2,10,5,0,500,0.6,1000,0.2,1400,0.2,1
10,16,635,0,0,300,0.5,1700,0.5,0
10,17,353,0,0,300,0.5,1700,0.5,1
10,18,19,1,0,300,0.5,1700,0.5,0
10,19,347,0,0,300,0.5,1700,0.5,0
11,0,380,0,0,500,0.6,1000,0.2,1400,0.2,2
11,1,874,0,0,300,0.5,1700,0.5,0
11,2,541,0,0,300,0.5,1700,0.5,1
11,3,666,0,0,500,0.6,1000,0.2,1400,0.2,0
11,4,78,2,10,5,0,500,0.6,1000,0.2,1400,0.2,2
11,5,846,2,10,5,0,300,0.5,1700,0.5,2
11,6,154,2,10,5,0,500,0.6,1000,0.2,1400,0.2,1
11,7,526,0,0,300,0.5,1700,0.5,2
11,8,286,2,10,5,0,300,0.5,1700,0.5,0
11,9,744,0,0,300,0.5,1700,0.5,2
11,10,943,1,0,300,0.5,1700,0.5,0
11,11,754,0,0,500,0.6,1000,0.2,1400,0.2,1
11,12,293,0,0,300,0.5,1700,0.5,0
11,13,99,0,0,500,0.6,1000,0.2,1400,0.2,2
11,14,348,2,10,5,0,500,0.6,1000,0.2,1400,0.2,1
11,15,974,2,10,5,0,300,0.5,1700,0.5,0
11,16,652,1,0,500,0.6,1000,0.2,1400,0.2,2
11,17,293,0,0,500,0.6,1000,0.2,1400,0.2,1
11,18,299,2,10,5,0,300,0.5,1700,0.5,2
11,19,825,0,0,500,0.6,1000,0.2,1400,0.2,2
12,0,367,1,0,300,0.5,1700,0.5,0
12,1,468,2,10,5,0,500,0.6,1000,0.2,1400,0.2,0
12,2,854,0,0,300,0.5,1700,0.5,0
12,3,835,0,0,500,0.6,1000,0.2,1400,0.2,2
12,4,452,2,10,5,0,300,0.5,1700,0.5,1
12,5,236,2,10,5,0,500,0.6,1000,0.2,1400,0.2,1
12,6,832,2,10,5,0,300,0.5,1700,0.5,1
12,7,158,2,10,5,0,500,0.6,1000,0.2,1400,0.2,1
12,8,353,2,10,5,0,300,0.5,1700,0.5,1
12,9,909,0,0,300,0.5,1700,0.5,1
12,10,81,0,0,300,0.5,1700,0.5,2
12,11,471,1,0,500,0.6,1000,0.2,1400,0.2,0
12,12,939,0,0,300,0.5,1700,0.5,1
12,13,35,2,10,5,0,500,0.6,1000,0.2,1400,0.2,2
12,14,243,2,10,5,0,300,0.5,1700,0.5,0
12,15,855,2,10,5,0,300,0.5,1700,0.5,1
12,16,13,2,10,5,0,300,0.5,1700,0.5,1
12,17,41,2,10,5,0,300,0.5,1700,0.5,2
12,18,772,0,0,500,0.6,1000,0.2,1400,0.2,1
12,19,100,0,0,500,0.6,1000,0.2,1400,0.2,0
13,0,670,2,10,5,0,300,0.5,1700,0.5,1
13,1,427,0,0,500,0.6,1000,0.2,1400,0.2,2
13,2,912,2,10,5,0,500,0.6,1000,0.2,1400,0.2,0
13,3,13,1,0,500,0.6,1000,0.2,1400,0.2,1
13,4,16,1,0,300,0.5,1700,0.5,2
13,5,622,1,0,300,0.5,1700,0.5,0
13,6,831,1,0,500,0.6,1000,0.2,1400,0.2,2
13,7,192,2,10,5,0,300,0.5,1700,0.5,0
13,8,192,1,0,300,0.5,1700,0.5,0
13,9,510,2,10,5,0,500,0.6,1000,0.2,1400,0.2,1
13,10,308,1,0,300,0.5,1700,0.5,1
13,11,503,0,0,300,0.5,1700,0.5,2
13,12,814,0,0,300,0.5,1700,0.5,0
13,13,659,0,0,500,0.6,1000,0.2,1400,0.2,0
13,14,812,2,10,5,0,300,0.5,1700,0.5,2
13,15,955,2,10,5,0,500,0.6,1000,0.2,1400,0.2,0
13,16,359,2,10,5,0,300,0.5,1700,0.5,2
13,17,424,2,10,5,0,300,0.5,1700,0.5,2
13,18,866,2,10,5,0,500,0.6,1000,0.2,1400,0.2,1
13,19,127,1,0,500,0.6,1000,0.2,1400,0.2,1
14,0,571,2,10,5,0,300,0.5,1700,0.5,1
14,1,743,1,0,500,0.6,1000,0.2,1400,0.2,2
14,2,462,2,10,5,0,500,0.6,1000,0.2,1400,0.2,0
14,3,452,1,0,500,0.6,1000,0.2,1400,0.2,2
14,4,769,0,0,300,0.5,1700,0.5,2
14,5,260,0,0,300,0.5,1700,0.5,0
14,6,571,0,0,300,0.5,1700,0.5,2
14,7,489,2,10,5,0,300,0.5,1700,0.5,1
14,8,730,0,0,300,0.5,1700,0.5,1
14,9,867,0,0,500,0.6,1000,0.2,1400,0.2,0
14,10,431,1,0,300,0.5,1700,0.5,1
14,11,831,0,0,500,0.6,1000,0.2,1400,0.2,0
14,12,700,2,10,5,0,300,0.5,1700,0.5,1
14,13,368,0,0,300,0.5,1700,0.5,0
14,14,528,0,0,500,0.6,1000,0.2,1400,0.2,2
14,15,412,0,0,300,0.5,1700,0.5,2
14,16,468,1,0,500,0.6,1000,0.2,1400,0.2,1
14,17,627,1,0,500,0.6,1000,0.2,1400,0.2,2
14,18,212,0,0,500,0.6,1000,0.2,1400,0.2,1
14,19,97,1,0,500,0.6,1000,0.2,1400,0.2,0
15,0,494,0,0,500,0.6,1000,0.2,1400,0.2,1
15,1,220,0,0,300,0.5,1700,0.5,2
15,2,127,0,0,500,0.6,1000,0.2,1400,0.2,1
15,3,202,0,0,300,0.5,1700,0.5,2
15,4,93,1,0,500,0.6,1000,0.2,1400,0.2,0
15,5,634,0,0,500,0.6,1000,0.2,1400,0.2,0
15,6,517,2,10,5,0,500,0.6,1000,0.2,1400,0.2,1
15,7,403,0,0,300,0.5,1700,0.5,1
15,8,31,1,0,500,0.6,1000,0.2,1400,0.2,0
15,9,849,1,0,500,0.6,1000,0.2,1400,0.2,2
15,10,835,0,0,500,0.6,1000,0.2,1400,0.2,2
15,11,543,1,0,300,0.5,1700,0.5,1
15,12,826,1,0,300,0.5,1700,0.5,1
15,13,593,1,0,300,0.5,1700,0.5,2
15,14,600,2,10,5,0,300,0.5,1700,0.5,1
15,15,65,2,10,5,0,300,0.5,1700,0.5,1
15,16,44,2,10,5,0,300,0.5,1700,0.5,2
15,17,143,1,0,300,0.5,1700,0.5,2
15,18,484,1,0,500,0.6,1000,0.2,1400,0.2,0
15,19,666,0,0,500,0.6,1000,0.2,1400,0.2,0
16,0,924,0,0,300,0.5,1700,0.5,0
16,1,896,1,0,500,0.6,1000,0.2,1400,0.2,2
16,2,509,0,0,300,0.5,1700,0.5,1
16,3,778,2,10,5,0,500,0.6,1000,0.2,1400,0.2,2
16,4,816,1,0,300,0.5,1700,0.5,0
16,5,867,1,0,300,0.5,1700,0.5,2
16,6,230,0,0,300,0.5,1700,0.5,0
16,7,44,2,10,5,0,500,0.6,1000,0.2,1400,0.2,1
16,8,143,2,10,5,0,500,0.6,1000,0.2,1400,0.2,1
16,9,873,2,10,5,0,500,0.6,1000,0.2,1400,0.2,0
16,10,907,1,0,500,0.6,1000,0.2,1400,0.2,1
16,11,532,0,0,300,0.5,1700,0.5,1
16,12,188,2,10,5,0,300,0.5,1700,0.5,1
16,13,344,1,0,300,0.5,1700,0.5,2
16,14,83,1,0,500,0.6,1000,0.2,1400,0.2,1
16,15,790,0,0,500,0.6,1000,0.2,1400,0.2,2
16,16,129,1,0,300,0.5,1700,0.5,1
16,17,592,0,0,500,0.6,1000,0.2,1400,0.2,1
16,18,765,0,0,300,0.5,1700,0.5,1
16,19,327,0,0,500,0.6,1000,0.2,1400,0.2,0
17,0,355,1,0,300,0.5,1700,0.5,0
17,1,186,2,10,5,0,500,0.6,1000,0.2,1400,0.2,2
17,2,622,1,0,300,0.5,1700,0.5,0
17,3,871,1,0,300,0.5,1700,0.5,1
17,4,861,2,10,5,0,300,0.5,1700,0.5,1
17,5,808,1,0,500,0.6,1000,0.2,1400,0.2,2
17,6,24,0,0,500,0.6,1000,0.2,1400,0.2,2
17,7,721,1,0,500,0.6,1000,0.2,1400,0.2,0
17,8,450,0,0,300,0.5,1700,0.5,2
17,9,659,2,10,5,0,300,0.5,1700,0.5,1
17,10,228,2,10,5,0,300,0.5,1700,0.5,1
17,11,954,0,0,300,0.5,1700,0.5,2
17,12,22,2,10,5,0,500,0.6,1000,0.2,1400,0.2,2
17,13,951,2,10,5,0,300,0.5,1700,0.5,2
17,14,550,2,10,5,0,300,0.5,1700,0.5,0
17,15,670,2,10,5,0,300,0.5,1700,0.5,2
17,16,152,2,10,5,0,300,0.5,1700,0.5,0
17,17,747,0,0,300,0.5,1700,0.5,1
17,18,173,0,0,300,0.5,1700,0.5,1
17,19,627,0,0,500,0.6,1000,0.2,1400,0.2,0
18,0,329,2,10,5,0,500,0.6,1000,0.2,1400,0.2,0
18,1,865,1,0,500,0.6,1000,0.2,1400,0.2,1
18,2,575,1,0,300,0.5,1700,0.5,2
18,3,691,0,0,300,0.5,1700,0.5,0
18,4,812,1,0,300,0.5,1700,0.5,1
18,5,506,2,10,5,0,500,0.6,1000,0.2,1400,0.2,1
18,6,885,0,0,300,0.5,1700,0.5,2
18,7,767,0,0,500,0.6,1000,0.2,1400,0.2,0
18,8,564,2,10,5,0,300,0.5,1700,0.5,0
18,9,150,0,0,300,0.5,1700,0.5,2
18,10,605,2,10,5,0,500,0.6,1000,0.2,1400,0.2,1
18,11,318,0,0,500,0.6,1000,0.2,1400,0.2,0
18,12,708,2,10,5,0,500,0.6,1000,0.2,1400,0.2,1
18,13,427,1,0,500,0.6,1000,0.2,1400,0.2,1
18,14,331,0,0,300,0.5,1700,0.5,1
18,15,426,0,0,300,0.5,1700,0.5,1
18,16,817,0,0,300,0.5,1700,0.5,1
18,17,544,0,0,300,0.5,1700,0.5,1
18,18,603,2,10,5,0,500,0.6,1000,0.2,1400,0.2,2
18,19,600,0,0,300,0.5,1700,0.5,0
19,0,203,1,0,500,0.6,1000,0.2,1400,0.2,0
19,1,641,1,0,500,0.6,1000,0.2,1400,0.2,0
19,2,179,2,10,5,0,300,0.5,1700,0.5,2
19,3,718,2,10,5,0,500,0.6,1000,0.2,1400,0.2,1
19,4,328,0,0,300,0.5,1700,0.5,0
19,5,438,2,10,5,0,300,0.5,1700,0.5,0
19,6,684,2,10,5,0,300,0.5,1700,0.5,0
19,7,313,2,10,5,0,500,0.6,1000,0.2,1400,0.2,2
19,8,772,1,0,300,0.5,1700,0.5,2
19,9,435,1,0,300,0.5,1700,0.5,1
19,10,518,1,0,300,0.5,1700,0.5,1
19,11,306,1,0,300,0.5,1700,0.5,0
19,12,141,0,0,300,0.5,1700,0.5,2
19,13,645,0,0,500,0.6,1000,0.2,1400,0.2,1
19,14,922,0,0,300,0.5,1700,0.5,0
19,15,801,1,0,500,0.6,1000,0.2,1400,0.2,2
19,16,299,1,0,500,0.6,1000,0.2,1400,0.2,2
19,17,900,1,0,500,0.6,1000,0.2,1400,0.2,1
19,18,500,2,10,5,0,300,0.5,1700,0.5,0
19,19,145,0,0,500,0.6,1000,0.2,1400,0.2,1
