0,0,954,0,0,500,0.6,1000,0.2,1400,0.2,1
0,1,898,1,0,300,0.5,1700,0.5,0
0,2,230,0,0,300,0.5,1700,0.5,0
0,3,632,2,10,5,0,500,0.6,1000,0.2,1400,0.2,1
0,4,603,0,0,300,0.5,1700,0.5,2
0,5,661,2,10,5,0,300,0.5,1700,0.5,1
0,6,997,1,0,300,0.5,1700,0.5,2
0,7,530,2,10,5,0,500,0.6,1000,0.2,1400,0.2,1
0,8,447,1,0,500,0.6,1000,0.2,1400,0.2,1
0,9,766,2,10,5,0,500,0.6,1000,0.2,1400,0.2,1
0,10,766,2,10,5,0,300,0.5,1700,0.5,2
0,11,581,0,0,300,0.5,1700,0.5,0
0,12,450,2,10,5,0,500,0.6,1000,0.2,1400,0.2,0
0,13,641,1,0,500,0.6,1000,0.2,1400,0.2,1
0,14,497,0,0,300,0.5,1700,0.5,0
0,15,677,0,0,500,0.6,1000,0.2,1400,0.2,1
0,16,279,0,0,500,0.6,1000,0.2,1400,0.2,1
0,17,566,0,0,300,0.5,1700,0.5,2
0,18,153,0,0,300,0.5,1700,0.5,0
0,19,624,2,10,5,0,500,0.6,1000,0.2,1400,0.2,1
1,0,144,0,0,500,0.6,1000,0.2,1400,0.2,1
1,1,285,2,10,5,0,500,0.6,1000,0.2,1400,0.2,2
1,2,99,2,10,5,0,500,0.6,1000,0.2,1400,0.2,0
1,3,471,0,0,300,0.5,1700,0.5,1
1,4,519,0,0,300,0.5,1700,0.5,0
1,5,101,2,10,5,0,500,0.6,1000,0.2,1400,0.2,0
1,6,108,1,0,300,0.5,1700,0.5,0
1,7,399,0,0,300,0.5,1700,0.5,2
1,8,404,1,0,500,0.6,1000,0.2,1400,0.2,0
1,9,358,2,10,5,0,500,0.6,1000,0.2,1400,0.2,0
1,10,490,1,0,300,0.5,1700,0.5,0
1,11,237,1,0,300,0.5,1700,0.5,1
1,12,417,2,10,5,0,500,0.6,1000,0.2,1400,0.2,0
1,13,393,1,0,500,0.6,1000,0.2,1400,0.2,2
1,14,359,1,0,300,0.5,1700,0.5,2
1,15,483,0,0,500,0.6,1000,0.2,1400,0.2,1
1,16,369,1,0,300,0.5,1700,0.5,0
1,17,621,0,0,300,0.5,1700,0.5,2
1,18,210,0,0,300,0.5,1700,0.5,2
1,19,652,2,10,5,0,300,0.5,1700,0.5,1
2,0,944,2,10,5,0,500,0.6,1000,0.2,1400,0.2,2
2,1,980,1,0,500,0.6,1000,0.2,1400,0.2,1
2,2,400,0,0,300,0.5,1700,0.5,1
2,3,137,0,0,500,0.6,1000,0.2,1400,0.2,2
2,4,20,2,10,5,0,300,0.5,1700,0.5,0
2,5,934,0,0,300,0.5,1700,0.5,2
2,6,267,1,0,300,0.5,1700,0.5,0
2,7,873,0,0,300,0.5,1700,0.5,0
2,8,78,0,0,300,0.5,1700,0.5,1
2,9,530,0,0,500,0.6,1000,0.2,1400,0.2,1
2,10,544,2,10,5,0,300,0.5,1700,0.5,0
2,11,233,0,0,500,0.6,1000,0.2,1400,0.2,2
2,12,268,0,0,500,0.6,1000,0.2,1400,0.2,1
2,13,683,1,0,500,0.6,1000,0.2,1400,0.2,2
2,14,725,2,10,5,0,500,0.6,1000,0.2,1400,0.2,1
2,15,405,2,10,5,0,500,0.6,1000,0.2,1400,0.2,1
2,16,385,1,0,500,0.6,1000,0.2,1400,0.2,0
2,17,490,2,10,5,0,500,0.6,1000,0.2,1400,0.2,2
2,18,60,0,0,300,0.5,1700,0.5,0
2,19,662,2,10,5,0,300,0.5,1700,0.5,1
3,0,433,1,0,500,0.6,1000,0.2,1400,0.2,2
3,1,320,0,0,500,0.6,1000,0.2,1400,0.2,1
3,2,891,0,0,300,0.5,1700,0.5,0
3,3,270,1,0,300,0.5,1700,0.5,2
3,4,377,0,0,500,0.6,1000,0.2,1400,0.2,2
3,5,452,2,10,5,0,500,0.6,1000,0.2,1400,0.2,0
3,6,643,2,10,5,0,300,0.5,1700,0.5,0
3,7,177,0,0,300,0.5,1700,0.5,0
3,8,595,2,10,5,0,300,0.5,1700,0.5,2
3,9,419,2,10,5,0,500,0.6,1000,0.2,1400,0.2,2
3,10,463,1,0,500,0.6,1000,0.2,1400,0.2,0
3,11,965,1,0,300,0.5,1700,0.5,2
3,12,959,2,10,5,0,500,0.6,1000,0.2,1400,0.2,0
3,13,931,0,0,300,0.5,1700,0.5,0
3,14,231,1,0,500,0.6,1000,0.2,1400,0.2,2
3,15,774,0,0,300,0.5,1700,0.5,0
3,16,512,0,0,500,0.6,1000,0.2,1400,0.2,2
3,17,673,2,10,5,0,300,0.5,1700,0.5,2
3,18,972,2,10,5,0,300,0.5,1700,0.5,2
3,19,168,2,10,5,0,500,0.6,1000,0.2,1400,0.2,2
4,0,758,0,0,300,0.5,1700,0.5,2
4,1,856,0,0,500,0.6,1000,0.2,1400,0.2,1
4,2,443,1,0,500,0.6,1000,0.2,1400,0.2,2
4,3,524,1,0,500,0.6,1000,0.2,1400,0.2,1
4,4,731,0,0,500,0.6,1000,0.2,1400,0.2,1
4,5,324,2,10,5,0,500,0.6,1000,0.2,1400,0.2,2
4,6,846,1,0,500,0.6,1000,0.2,1400,0.2,2
4,7,161,1,0,500,0.6,1000,0.2,1400,0.2,0
4,8,905,2,10,5,0,500,0.6,1000,0.2,1400,0.2,0
4,9,94,0,0,500,0.6,1000,0.2,1400,0.2,1
4,10,883,1,0,300,0.5,1700,0.5,0
4,11,857,2,10,5,0,500,0.6,1000,0.2,1400,0.2,1
4,12,210,1,0,300,0.5,1700,0.5,2
4,13,723,2,10,5,0,300,0.5,1700,0.5,1
4,14,454,2,10,5,0,500,0.6,1000,0.2,1400,0.2,0
4,15,258,0,0,500,0.6,1000,0.2,1400,0.2,1
4,16,26,1,0,300,0.5,1700,0.5,2
4,17,860,1,0,500,0.6,1000,0.2,1400,0.2,0
4,18,648,2,10,5,0,500,0.6,1000,0.2,1400,0.2,0
4,19,910,0,0,300,0.5,1700,0.5,2
5,0,956,0,0,500,0.6,1000,0.2,1400,0.2,1
5,1,324,0,0,300,0.5,1700,0.5,0
5,2,67,2,10,5,0,300,0.5,1700,0.5,1
5,3,761,0,0,300,0.5,1700,0.5,1
5,4,934,1,0,500,0.6,1000,0.2,1400,0.2,1
5,5,645,0,0,300,0.5,1700,0.5,2
5,6,628,2,10,5,0,300,0.5,1700,0.5,2
5,7,803,0,0,300,0.5,1700,0.5,2
5,8,454,0,0,300,0.5,1700,0.5,0
5,9,819,2,10,5,0,300,0.5,1700,0.5,2
5,10,110,0,0,300,0.5,1700,0.5,2
5,11,594,1,0,300,0.5,1700,0.5,2
5,12,990,0,0,300,0.5,1700,0.5,2
5,13,901,0,0,500,0.6,1000,0.2,1400,0.2,2
5,14,804,2,10,5,0,300,0.5,1700,0.5,1
5,15,64,0,0,300,0.5,1700,0.5,0
5,16,314,0,0,300,0.5,1700,0.5,0
5,17,627,2,10,5,0,500,0.6,1000,0.2,1400,0.2,2
5,18,592,0,0,300,0.5,1700,0.5,0
5,19,471,0,0,300,0.5,1700,0.5,0
6,0,67,1,0,500,0.6,1000,0.2,1400,0.2,2
6,1,947,0,0,300,0.5,1700,0.5,0
6,2,65,0,0,500,0.6,1000,0.2,1400,0.2,2
6,3,501,2,10,5,0,300,0.5,1700,0.5,2
6,4,615,0,0,500,0.6,1000,0.2,1400,0.2,0
6,5,977,2,10,5,0,500,0.6,1000,0.2,1400,0.2,2
6,6,423,1,0,500,0.6,1000,0.2,1400,0.2,0
6,7,346,2,10,5,0,300,0.5,1700,0.5,0
6,8,933,1,0,300,0.5,1700,0.5,0
6,9,827,0,0,300,0.5,1700,0.5,2
6,10,967,0,0,300,0.5,1700,0.5,0
6,11,205,0,0,500,0.6,1000,0.2,1400,0.2,2
6,12,730,1,0,300,0.5,1700,0.5,1
6,13,626,2,10,5,0,500,0.6,1000,0.2,1400,0.2,2
6,14,260,0,0,500,0.6,1000,0.2,1400,0.2,2
6,15,559,2,10,5,0,500,0.6,1000,0.2,1400,0.2,0
6,16,172,1,0,300,0.5,1700,0.5,1
6,17,376,1,0,500,0.6,1000,0.2,1400,0.2,2
6,18,248,2,10,5,0,500,0.6,1000,0.2,1400,0.2,0
6,19,935,2,10,5,0,500,0.6,1000,0.2,1400,0.2,0
7,0,260,1,0,300,0.5,1700,0.5,0
7,1,374,1,0,300,0.5,1700,0.5,2
7,2,154,0,0,500,0.6,1000,0.2,1400,0.2,1
7,3,12,0,0,300,0.5,1700,0.5,2
7,4,388,2,10,5,0,300,0.5,1700,0.5,0
7,5,532,2,10,5,0,300,0.5,1700,0.5,0
7,6,867,2,10,5,0,500,0.6,1000,0.2,1400,0.2,2
7,7,839,2,10,5,0,500,0.6,1000,0.2,1400,0.2,0
7,8,705,0,0,500,0.6,1000,0.2,1400,0.2,1
7,9,768,2,10,5,0,300,0.5,1700,0.5,2
7,10,851,1,0,500,0.6,1000,0.2,1400,0.2,0
7,11,827,2,10,5,0,500,0.6,1000,0.2,1400,0.2,0
7,12,559,2,10,5,0,300,0.5,1700,0.5,0
7,13,864,2,10,5,0,300,0.5,1700,0.5,2
7,14,370,1,0,300,0.5,1700,0.5,2
7,15,352,2,10,5,0,300,0.5,1700,0.5,1
7,16,432,2,10,5,0,300,0.5,1700,0.5,1
7,17,226,2,10,5,0,300,0.5,1700,0.5,1
7,18,489,1,0,300,0.5,1700,0.5,1
7,19,786,2,10,5,0,300,0.5,1700,0.5,2
8,0,484,1,0,300,0.5,1700,0.5,0
8,1,930,2,10,5,0,500,0.6,1000,0.2,1400,0.2,1
8,2,387,0,0,300,0.5,1700,0.5,2
8,3,566,0,0,300,0.5,1700,0.5,0
8,4,315,2,10,5,0,300,0.5,1700,0.5,1
8,5,636,0,0,300,0.5,1700,0.5,2
8,6,740,2,10,5,0,300,0.5,1700,0.5,0
8,7,888,1,0,500,0.6,1000,0.2,1400,0.2,0
8,8,877,2,10,5,0,500,0.6,1000,0.2,1400,0.2,2
8,9,224,1,0,500,0.6,1000,0.2,1400,0.2,0
8,10,583,1,0,300,0.5,1700,0.5,2
8,11,12,2,10,5,0,300,0.5,1700,0.5,0
8,12,591,0,0,300,0.5,1700,0.5,2
8,13,512,0,0,500,0.6,1000,0.2,1400,0.2,0
8,14,27,2,10,5,0,500,0.6,1000,0.2,1400,0.2,2
8,15,947,1,0,300,0.5,1700,0.5,2
8,16,968,0,0,300,0.5,1700,0.5,0
8,17,241,2,10,5,0,300,0.5,1700,0.5,1
8,18,726,2,10,5,0,500,0.6,1000,0.2,1400,0.2,2
8,19,662,0,0,500,0.6,1000,0.2,1400,0.2,1
9,0,471,2,10,5,0,500,0.6,1000,0.2,1400,0.2,2
9,1,304,2,10,5,0,300,0.5,1700,0.5,0
9,2,576,0,0,500,0.6,1000,0.2,1400,0.2,2
9,3,15,2,10,5,0,500,0.6,1000,0.2,1400,0.2,2
9,4,104,2,10,5,0,500,0.6,1000,0.2,1400,0.2,2
9,5,198,0,0,500,0.6,1000,0.2,1400,0.2,2
9,6,185,2,10,5,0,300,0.5,1700,0.5,1
9,7,605,1,0,500,0.6,1000,0.2,1400,0.2,1
9,8,763,0,0,300,0.5,1700,0.5,0
9,9,26,0,0,500,0.6,1000,0.2,1400,0.2,1
9,10,410,1,0,500,0.6,1000,0.2,1400,0.2,2
9,11,32,1,0,500,0.6,1000,0.2,1400,0.2,0
9,12,87,2,10,5,0,500,0.6,1000,0.2,1400,0.2,1
9,13,193,0,0,300,0.5,1700,0.5,1
9,14,66,2,10,5,0,300,0.5,1700,0.5,0
9,15,429,2,10,5,0,300,0.5,1700,0.5,1
9,16,814,2,10,5,0,500,0.6,1000,0.2,1400,0.2,0
9,17,300,1,0,500,0.6,1000,0.2,1400,0.2,2
9,18,458,2,10,5,0,300,0.5,1700,0.5,0
9,19,940,2,10,5,0,500,0.6,1000,0.2,1400,0.2,1
10,0,15,1,0,500,0.6,1000,0.2,1400,0.2,1
10,1,987,0,0,500,0.6,1000,0.2,1400,0.2,0
10,2,101,0,0,500,0.6,1000,0.2,1400,0.2,1
10,3,571,2,10,5,0,300,0.5,1700,0.5,0
10,4,299,2,10,5,0,500,0.6,1000,0.2,1400,0.2,1
10,5,604,0,0,300,0.5,1700,0.5,0
10,6,249,1,0,500,0.6,1000,0.2,1400,0.2,1
10,7,95,2,10,5,0,300,0.5,1700,0.5,2
10,8,123,2,10,5,0,500,0.6,1000,0.2,1400,0.2,0
10,9,330,1,0,500,0.6,1000,0.2,1400,0.2,0
10,10,985,2,10,5,0,300,0.5,1700,0.5,2
10,11,850,2,10,5,0,300,0.5,1700,0.5,0
10,12,703,1,0,300,0.5,1700,0.5,1
10,13,196,2,10,5,0,300,0.5,1700,0.5,1
10,14,960,2,10,5,0,500,0.6,1000,0.2,1400,0.2,0
10,15,990,1,0,500,0.6,1000,0.2,1400,0.2,1
10,16,444,2,10,5,0,500,0.6,1000,0.2,1400,0.2,2
10,17,983,1,0,300,0.5,1700,0.5,1
10,18,316,1,0,500,0.6,1000,0.2,1400,0.2,1
10,19,915,1,0,300,0.5,1700,0.5,0
11,0,300,0,0,300,0.5,1700,0.5,0
11,1,660,0,0,500,0.6,1000,0.2,1400,0.2,1
11,2,834,2,10,5,0,300,0.5,1700,0.5,2
11,3,716,0,0,300,0.5,1700,0.5,2
11,4,174,2,10,5,0,300,0.5,1700,0.5,0
11,5,921,1,0,500,0.6,1000,0.2,1400,0.2,0
11,6,704,1,0,500,0.6,1000,0.2,1400,0.2,1
11,7,156,0,0,300,0.5,1700,0.5,0
11,8,317,0,0,300,0.5,1700,0.5,2
11,9,660,0,0,500,0.6,1000,0.2,1400,0.2,1
11,10,361,0,0,300,0.5,1700,0.5,2
11,11,77,1,0,300,0.5,1700,0.5,0
11,12,45,2,10,5,0,500,0.6,1000,0.2,1400,0.2,1
11,13,938,2,10,5,0,500,0.6,1000,0.2,1400,0.2,0
11,14,290,0,0,300,0.5,1700,0.5,2
11,15,57,1,0,300,0.5,1700,0.5,0
11,16,186,0,0,500,0.6,1000,0.2,1400,0.2,0
11,17,939,1,0,500,0.6,1000,0.2,1400,0.2,0
11,18,804,0,0,500,0.6,1000,0.2,1400,0.2,0
11,19,365,0,0,500,0.6,1000,0.2,1400,0.2,1
12,0,118,2,10,5,0,500,0.6,1000,0.2,1400,0.2,0
12,1,200,1,0,500,0.6,1000,0.2,1400,0.2,0
12,2,142,0,0,500,0.6,1000,0.2,1400,0.2,0
12,3,204,0,0,500,0.6,1000,0.2,1400,0.2,2
12,4,584,2,10,5,0,300,0.5,1700,0.5,2
12,5,636,2,10,5,0,500,0.6,1000,0.2,1400,0.2,2
12,6,696,1,0,500,0.6,1000,0.2,1400,0.2,0
12,7,675,0,0,300,0.5,1700,0.5,0
12,8,26,0,0,500,0.6,1000,0.2,1400,0.2,2
12,9,593,2,10,5,0,300,0.5,1700,0.5,2
12,10,195,1,0,300,0.5,1700,0.5,2
12,11,436,2,10,5,0,300,0.5,1700,0.5,1
12,12,73,2,10,5,0,300,0.5,1700,0.5,1
12,13,237,2,10,5,0,500,0.6,1000,0.2,1400,0.2,0
12,14,635,0,0,300,0.5,1700,0.5,1
12,15,197,1,0,500,0.6,1000,0.2,1400,0.2,2
12,16,798,2,10,5,0,300,0.5,1700,0.5,2
12,17,421,2,10,5,0,300,0.5,1700,0.5,0
12,18,566,2,10,5,0,300,0.5,1700,0.5,0
12,19,320,2,10,5,0,300,0.5,1700,0.5,0
13,0,753,0,0,500,0.6,1000,0.2,1400,0.2,2
13,1,215,1,0,500,0.6,1000,0.2,1400,0.2,1
13,2,907,0,0,300,0.5,1700,0.5,2
13,3,482,2,10,5,0,500,0.6,1000,0.2,1400,0.2,1
13,4,940,0,0,500,0.6,1000,0.2,1400,0.2,2
13,5,458,2,10,5,0,300,0.5,1700,0.5,0
13,6,120,0,0,500,0.6,1000,0.2,1400,0.2,1
13,7,619,0,0,500,0.6,1000,0.2,1400,0.2,0
13,8,375,1,0,300,0.5,1700,0.5,1
13,9,986,2,10,5,0,300,0.5,1700,0.5,2
13,10,178,0,0,300,0.5,1700,0.5,1
13,11,526,2,10,5,0,300,0.5,1700,0.5,2
13,12,368,1,0,300,0.5,1700,0.5,0
13,13,120,2,10,5,0,500,0.6,1000,0.2,1400,0.2,2
13,14,105,1,0,300,0.5,1700,0.5,0
13,15,963,0,0,300,0.5,1700,0.5,2
13,16,235,0,0,300,0.5,1700,0.5,0
13,17,132,2,10,5,0,300,0.5,1700,0.5,2
13,18,693,1,0,500,0.6,1000,0.2,1400,0.2,1
13,19,821,0,0,300,0.5,1700,0.5,0
14,0,825,0,0,500,0.6,1000,0.2,1400,0.2,2
14,1,539,2,10,5,0,300,0.5,1700,0.5,2
14,2,767,0,0,300,0.5,1700,0.5,2
14,3,680,0,0,300,0.5,1700,0.5,2
14,4,174,1,0,300,0.5,1700,0.5,2
14,5,651,1,0,300,0.5,1700,0.5,2
14,6,92,0,0,500,0.6,1000,0.2,1400,0.2,1
14,7,751,1,0,300,0.5,1700,0.5,0
14,8,883,1,0,300,0.5,1700,0.5,1
14,9,105,1,0,300,0.5,1700,0.5,1
14,10,368,0,0,300,0.5,1700,0.5,1
14,11,385,1,0,500,0.6,1000,0.2,1400,0.2,0
14,12,648,1,0,500,0.6,1000,0.2,1400,0.2,2
14,13,640,2,10,5,0,500,0.6,1000,0.2,1400,0.2,2
14,14,347,0,0,300,0.5,1700,0.5,1
14,15,514,2,10,5,0,500,0.6,1000,0.2,1400,0.2,2
14,16,459,0,0,300,0.5,1700,0.5,0
14,17,192,2,10,5,0,500,0.6,1000,0.2,1400,0.2,1
14,18,478,2,10,5,0,500,0.6,1000,0.2,1400,0.2,1
14,19,622,0,0,500,0.6,1000,0.2,1400,0.2,1
15,0,186,1,0,500,0.6,1000,0.2,1400,0.2,0
15,1,283,2,10,5,0,300,0.5,1700,0.5,2
15,2,826,0,0,300,0.5,1700,0.5,0
15,3,793,1,0,500,0.6,1000,0.2,1400,0.2,2
15,4,626,2,10,5,0,500,0.6,1000,0.2,1400,0.2,1
15,5,151,1,0,500,0.6,1000,0.2,1400,0.2,1
15,6,617,1,0,500,0.6,1000,0.2,1400,0.2,2
15,7,790,1,0,300,0.5,1700,0.5,0
15,8,949,1,0,500,0.6,1000,0.2,1400,0.2,0
15,9,404,2,10,5,0,300,0.5,1700,0.5,0
15,10,937,0,0,500,0.6,1000,0.2,1400,0.2,0
15,11,476,2,10,5,0,300,0.5,1700,0.5,2
15,12,151,0,0,300,0.5,1700,0.5,1
15,13,714,2,10,5,0,300,0.5,1700,0.5,2
15,14,316,1,0,500,0.6,1000,0.2,1400,0.2,2
15,15,549,2,10,5,0,500,0.6,1000,0.2,1400,0.2,1
15,16,194,0,0,300,0.5,1700,0.5,2
15,17,141,1,0,500,0.6,1000,0.2,1400,0.2,1
15,18,977,0,0,500,0.6,1000,0.2,1400,0.2,1
15,19,641,0,0,500,0.6,1000,0.2,1400,0.2,1
16,0,500,2,10,5,0,500,0.6,1000,0.2,1400,0.2,2
16,1,697,2,10,5,0,500,0.6,1000,0.2,1400,0.2,1
16,2,579,2,10,5,0,500,0.6,1000,0.2,1400,0.2,2
16,3,914,1,0,300,0.5,1700,0.5,1
16,4,800,1,0,500,0.6,1000,0.2,1400,0.2,2
16,5,763,1,0,300,0.5,1700,0.5,2
16,6,571,2,10,5,0,300,0.5,1700,0.5,0
16,7,453,1,0,300,0.5,1700,0.5,1
16,8,562,2,10,5,0,300,0.5,1700,0.5,0
16,9,826,1,0,300,0.5,1700,0.5,0
16,10,371,1,0,300,0.5,1700,0.5,1
16,11,228,1,0,500,0.6,1000,0.2,1400,0.2,0
16,12,690,1,0,300,0.5,1700,0.5,0
16,13,39,0,0,500,0.6,1000,0.2,1400,0.2,2
16,14,64,1,0,500,0.6,1000,0.2,1400,0.2,0
16,15,922,1,0,500,0.6,1000,0.2,1400,0.2,0
16,16,467,1,0,500,0.6,1000,0.2,1400,0.2,2
16,17,526,1,0,300,0.5,1700,0.5,1
16,18,506,0,0,300,0.5,1700,0.5,0
16,19,554,0,0,500,0.6,1000,0.2,1400,0.2,0
17,0,984,1,0,300,0.5,1700,0.5,1
17,1,820,0,0,500,0.6,1000,0.2,1400,0.2,1
17,2,293,2,10,5,0,500,0.6,1000,0.2,1400,0.2,2
17,3,222,2,10,5,0,300,0.5,1700,0.5,1
17,4,855,2,10,5,0,300,0.5,1700,0.5,2
17,5,150,1,0,300,0.5,1700,0.5,1
17,6,732,0,0,500,0.6,1000,0.2,1400,0.2,1
17,7,505,1,0,300,0.5,1700,0.5,2
17,8,990,2,10,5,0,300,0.5,1700,0.5,2
17,9,901,0,0,500,0.6,1000,0.2,1400,0.2,2
17,10,714,1,0,500,0.6,1000,0.2,1400,0.2,0
17,11,513,2,10,5,0,500,0.6,1000,0.2,1400,0.2,0
17,12,253,0,0,300,0.5,1700,0.5,1
17,13,774,0,0,300,0.5,1700,0.5,0
17,14,657,1,0,300,0.5,1700,0.5,0
17,15,303,2,10,5,0,500,0.6,1000,0.2,1400,0.2,2
17,16,558,0,0,300,0.5,1700,0.5,0
17,17,74,1,0,300,0.5,1700,0.5,0
17,18,942,2,10,5,0,500,0.6,1000,0.2,1400,0.2,2
17,19,812,1,0,500,0.6,1000,0.2,1400,0.2,1
18,0,902,0,0,300,0.5,1700,0.5,2
18,1,75,1,0,300,0.5,1700,0.5,1
18,2,129,0,0,500,0.6,1000,0.2,1400,0.2,0
18,3,252,1,0,300,0.5,1700,0.5,2
18,4,890,2,10,5,0,500,0.6,1000,0.2,1400,0.2,0
18,5,851,2,10,5,0,300,0.5,1700,0.5,0
18,6,992,1,0,300,0.5,1700,0.5,1
18,7,804,0,0,500,0.6,1000,0.2,1400,0.2,0
18,8,203,0,0,300,0.5,1700,0.5,2
18,9,270,0,0,300,0.5,1700,0.5,0
18,10,962,0,0,500,0.6,1000,0.2,1400,0.2,1
18,11,400,2,10,5,0,500,0.6,1000,0.2,1400,0.2,0
18,12,611,2,10,5,0,500,0.6,1000,0.2,1400,0.2,1
18,13,617,0,0,500,0.6,1000,0.2,1400,0.2,2
18,14,173,2,10,5,0,300,0.5,1700,0.5,1
18,15,940,0,0,300,0.5,1700,0.5,2
18,16,502,1,0,500,0.6,1000,0.2,1400,0.2,0
18,17,185,0,0,300,0.5,1700,0.5,0
18,18,757,0,0,300,0.5,1700,0.5,2
18,19,104,1,0,300,0.5,1700,0.5,0
19,0,483,0,0,500,0.6,1000,0.2,1400,0.2,0
19,1,590,1,0,500,0.6,1000,0.2,1400,0.2,0
19,2,836,2,10,5,0,300,0.5,1700,0.5,1
19,3,967,1,0,500,0.6,1000,0.2,1400,0.2,1
19,4,822,0,0,500,0.6,1000,0.2,1400,0.2,1
19,5,907,2,10,5,0,300,0.5,1700,0.5,2
19,6,790,2,10,5,0,500,0.6,1000,0.2,1400,0.2,0
19,7,706,1,0,500,0.6,1000,0.2,1400,0.2,1
19,8,220,1,0,300,0.5,1700,0.5,2
19,9,101,1,0,500,0.6,1000,0.2,1400,0.2,2
19,10,383,0,0,500,0.6,1000,0.2,1400,0.2,1
19,11,402,2,10,5,0,500,0.6,1000,0.2,1400,0.2,1
19,12,793,0,0,500,0.6,1000,0.2,1400,0.2,2
19,13,280,1,0,500,0.6,1000,0.2,1400,0.2,0
19,14,693,1,0,300,0.5,1700,0.5,2
19,15,580,0,0,500,0.6,1000,0.2,1400,0.2,1
19,16,258,1,0,500,0.6,1000,0.2,1400,0.2,0
19,17,958,1,0,500,0.6,1000,0.2,1400,0.2,1
19,18,997,2,10,5,0,300,0.5,1700,0.5,0
19,19,481,2,10,5,0,300,0.5,1700,0.5,1
