0,0,202,2,10,5,0,500,0.6,1000,0.2,1400,0.2,1
0,1,234,1,0,500,0.6,1000,0.2,1400,0.2,0
0,2,752,0,0,300,0.5,1700,0.5,1
0,3,220,2,10,5,0,500,0.6,1000,0.2,1400,0.2,0
0,4,643,2,10,5,0,300,0.5,1700,0.5,1
0,5,901,2,10,5,0,300,0.5,1700,0.5,2
0,6,459,2,10,5,0,300,0.5,1700,0.5,2
0,7,322,2,10,5,0,500,0.6,1000,0.2,1400,0.2,2
0,8,935,2,10,5,0,300,0.5,1700,0.5,1
0,9,911,0,0,500,0.6,1000,0.2,1400,0.2,1
0,10,331,1,0,500,0.6,1000,0.2,1400,0.2,1
0,11,96,2,10,5,0,500,0.6,1000,0.2,1400,0.2,1
0,12,501,2,10,5,0,500,0.6,1000,0.2,1400,0.2,2
0,13,750,2,10,5,0,500,0.6,1000,0.2,1400,0.2,2
0,14,902,1,0,300,0.5,1700,0.5,0
0,15,413,1,0,500,0.6,1000,0.2,1400,0.2,1
0,16,581,2,10,5,0,300,0.5,1700,0.5,0
0,17,907,2,10,5,0,500,0.6,1000,0.2,1400,0.2,1
0,18,763,1,0,500,0.6,1000,0.2,1400,0.2,1
0,19,456,2,10,5,0,300,0.5,1700,0.5,2
1,0,666,0,0,300,0.5,1700,0.5,1
1,1,635,0,0,500,0.6,1000,0.2,1400,0.2,2
1,2,196,0,0,300,0.5,1700,0.5,0
1,3,953,0,0,500,0.6,1000,0.2,1400,0.2,0
1,4,34,0,0,300,0.5,1700,0.5,2
1,5,496,2,10,5,0,300,0.5,1700,0.5,2
1,6,603,1,0,500,0.6,1000,0.2,1400,0.2,1
1,7,924,1,0,300,0.5,1700,0.5,1
1,8,819,0,0,500,0.6,1000,0.2,1400,0.2,1
1,9,366,0,0,300,0.5,1700,0.5,2
1,10,354,2,10,5,0,300,0.5,1700,0.5,0
1,11,577,1,0,500,0.6,1000,0.2,1400,0.2,0
1,12,504,1,0,300,0.5,1700,0.5,2
1,13,968,0,0,300,0.5,1700,0.5,0
1,14,957,1,0,300,0.5,1700,0.5,0
1,15,280,2,10,5,0,300,0.5,1700,0.5,2
1,16,677,0,0,300,0.5,1700,0.5,0
1,17,302,2,10,5,0,500,0.6,1000,0.2,1400,0.2,0
1,18,497,0,0,500,0.6,1000,0.2,1400,0.2,1
1,19,735,1,0,300,0.5,1700,0.5,0
2,0,978,1,0,500,0.6,1000,0.2,1400,0.2,2
2,1,756,0,0,500,0.6,1000,0.2,1400,0.2,2
2,2,124,2,10,5,0,300,0.5,1700,0.5,1
2,3,769,0,0,500,0.6,1000,0.2,1400,0.2,1
2,4,983,2,10,5,0,500,0.6,1000,0.2,1400,0.2,1
2,5,944,1,0,500,0.6,1000,0.2,1400,0.2,1
2,6,639,2,10,5,0,500,0.6,1000,0.2,1400,0.2,0
2,7,163,0,0,300,0.5,1700,0.5,1
2,8,811,0,0,500,0.6,1000,0.2,1400,0.2,0
2,9,663,0,0,300,0.5,1700,0.5,2
2,10,498,1,0,300,0.5,1700,0.5,2
2,11,83,2,10,5,0,300,0.5,1700,0.5,1
2,12,93,0,0,500,0.6,1000,0.2,1400,0.2,1
2,13,860,1,0,500,0.6,1000,0.2,1400,0.2,1
2,14,452,1,0,500,0.6,1000,0.2,1400,0.2,2
2,15,647,0,0,500,0.6,1000,0.2,1400,0.2,1
2,16,187,2,10,5,0,300,0.5,1700,0.5,0
2,17,810,0,0,300,0.5,1700,0.5,2
2,18,994,0,0,300,0.5,1700,0.5,0
2,19,308,1,0,300,0.5,1700,0.5,1
3,0,514,0,0,500,0.6,1000,0.2,1400,0.2,0
3,1,652,2,10,5,0,500,0.6,1000,0.2,1400,0.2,1
3,2,394,1,0,500,0.6,1000,0.2,1400,0.2,2
3,3,290,2,10,5,0,300,0.5,1700,0.5,2
3,4,969,0,0,500,0.6,1000,0.2,1400,0.2,1
3,5,474,1,0,300,0.5,1700,0.5,2
3,6,942,2,10,5,0,300,0.5,1700,0.5,2
3,7,982,2,10,5,0,500,0.6,1000,0.2,1400,0.2,1
3,8,337,0,0,500,0.6,1000,0.2,1400,0.2,0
3,9,404,1,0,500,0.6,1000,0.2,1400,0.2,0
3,10,597,0,0,300,0.5,1700,0.5,0
3,11,221,0,0,300,0.5,1700,0.5,0
3,12,425,2,10,5,0,500,0.6,1000,0.2,1400,0.2,0
3,13,681,0,0,500,0.6,1000,0.2,1400,0.2,2
3,14,313,2,10,5,0,500,0.6,1000,0.2,1400,0.2,2
3,15,169,2,10,5,0,300,0.5,1700,0.5,0
3,16,557,0,0,300,0.5,1700,0.5,1
3,17,913,2,10,5,0,500,0.6,1000,0.2,1400,0.2,1
3,18,947,1,0,500,0.6,1000,0.2,1400,0.2,0
3,19,264,2,10,5,0,300,0.5,1700,0.5,2
4,0,917,0,0,300,0.5,1700,0.5,1
4,1,754,2,10,5,0,500,0.6,1000,0.2,1400,0.2,0
4,2,442,1,0,300,0.5,1700,0.5,0
4,3,632,1,0,500,0.6,1000,0.2,1400,0.2,1
4,4,17,1,0,300,0.5,1700,0.5,1
4,5,145,1,0,300,0.5,1700,0.5,1
4,6,289,0,0,500,0.6,1000,0.2,1400,0.2,0
4,7,308,1,0,500,0.6,1000,0.2,1400,0.2,1
4,8,23,1,0,500,0.6,1000,0.2,1400,0.2,0
4,9,169,2,10,5,0,500,0.6,1000,0.2,1400,0.2,2
4,10,778,2,10,5,0,500,0.6,1000,0.2,1400,0.2,0
4,11,16,1,0,500,0.6,1000,0.2,1400,0.2,1
4,12,179,1,0,300,0.5,1700,0.5,0
4,13,188,1,0,300,0.5,1700,0.5,1
4,14,318,0,0,300,0.5,1700,0.5,2
4,15,59,0,0,500,0.6,1000,0.2,1400,0.2,2
4,16,700,1,0,300,0.5,1700,0.5,2
4,17,175,0,0,300,0.5,1700,0.5,2
4,18,692,0,0,300,0.5,1700,0.5,0
4,19,328,1,0,300,0.5,1700,0.5,0
5,0,525,2,10,5,0,500,0.6,1000,0.2,1400,0.2,0
5,1,795,1,0,500,0.6,1000,0.2,1400,0.2,0
5,2,923,2,10,5,0,500,0.6,1000,0.2,1400,0.2,2
5,3,957,1,0,300,0.5,1700,0.5,2
5,4,537,1,0,300,0.5,1700,0.5,0
5,5,827,1,0,300,0.5,1700,0.5,2
5,6,142,0,0,300,0.5,1700,0.5,2
5,7,595,1,0,300,0.5,1700,0.5,0
5,8,112,0,0,300,0.5,1700,0.5,1
5,9,305,1,0,300,0.5,1700,0.5,0
5,10,928,1,0,300,0.5,1700,0.5,2
5,11,774,1,0,300,0.5,1700,0.5,1
5,12,244,2,10,5,0,500,0.6,1000,0.2,1400,0.2,2
5,13,771,1,0,300,0.5,1700,0.5,1
5,14,738,0,0,300,0.5,1700,0.5,2
5,15,206,1,0,500,0.6,1000,0.2,1400,0.2,1
5,16,673,1,0,300,0.5,1700,0.5,2
5,17,790,2,10,5,0,500,0.6,1000,0.2,1400,0.2,2
5,18,823,1,0,300,0.5,1700,0.5,0
5,19,660,1,0,500,0.6,1000,0.2,1400,0.2,0
6,0,238,2,10,5,0,300,0.5,1700,0.5,0
6,1,77,1,0,300,0.5,1700,0.5,0
6,2,124,0,0,500,0.6,1000,0.2,1400,0.2,2
6,3,106,1,0,300,0.5,1700,0.5,1
6,4,618,0,0,500,0.6,1000,0.2,1400,0.2,2
6,5,839,0,0,500,0.6,1000,0.2,1400,0.2,1
6,6,285,1,0,500,0.6,1000,0.2,1400,0.2,2
6,7,245,2,10,5,0,300,0.5,1700,0.5,1
6,8,473,1,0,300,0.5,1700,0.5,2
6,9,478,0,0,300,0.5,1700,0.5,1
6,10,804,0,0,300,0.5,1700,0.5,1
6,11,757,1,0,500,0.6,1000,0.2,1400,0.2,2
6,12,877,0,0,300,0.5,1700,0.5,1
6,13,511,2,10,5,0,500,0.6,1000,0.2,1400,0.2,1
6,14,658,1,0,500,0.6,1000,0.2,1400,0.2,0
6,15,47,0,0,300,0.5,1700,0.5,1
6,16,69,2,10,5,0,300,0.5,1700,0.5,0
6,17,723,2,10,5,0,300,0.5,1700,0.5,2
6,18,187,1,0,300,0.5,1700,0.5,1
6,19,15,1,0,300,0.5,1700,0.5,0
7,0,419,2,10,5,0,500,0.6,1000,0.2,1400,0.2,2
7,1,954,0,0,300,0.5,1700,0.5,0
7,2,262,2,10,5,0,300,0.5,1700,0.5,1
7,3,505,0,0,500,0.6,1000,0.2,1400,0.2,2
7,4,127,1,0,500,0.6,1000,0.2,1400,0.2,0
7,5,481,2,10,5,0,500,0.6,1000,0.2,1400,0.2,2
7,6,242,0,0,500,0.6,1000,0.2,1400,0.2,1
7,7,435,0,0,300,0.5,1700,0.5,1
7,8,591,2,10,5,0,500,0.6,1000,0.2,1400,0.2,1
7,9,427,2,10,5,0,500,0.6,1000,0.2,1400,0.2,2
7,10,405,2,10,5,0,500,0.6,1000,0.2,1400,0.2,1
7,11,697,0,0,500,0.6,1000,0.2,1400,0.2,1
7,12,709,2,10,5,0,500,0.6,1000,0.2,1400,0.2,1
7,13,191,0,0,500,0.6,1000,0.2,1400,0.2,0
7,14,727,0,0,300,0.5,1700,0.5,2
7,15,329,1,0,300,0.5,1700,0.5,2
7,16,602,1,0,500,0.6,1000,0.2,1400,0.2,2
7,17,84,2,10,5,0,300,0.5,1700,0.5,0
7,18,98,0,0,500,0.6,1000,0.2,1400,0.2,1
7,19,883,1,0,500,0.6,1000,0.2,1400,0.2,1
8,0,711,0,0,300,0.5,1700,0.5,0
8,1,404,2,10,5,0,300,0.5,1700,0.5,2
8,2,399,1,0,300,0.5,1700,0.5,0
8,3,797,0,0,500,0.6,1000,0.2,1400,0.2,2
8,4,341,1,0,500,0.6,1000,0.2,1400,0.2,0
8,5,350,0,0,300,0.5,1700,0.5,2
8,6,597,1,0,300,0.5,1700,0.5,2
8,7,698,1,0,300,0.5,1700,0.5,0
8,8,714,2,10,5,0,500,0.6,1000,0.2,1400,0.2,2
8,9,663,1,0,300,0.5,1700,0.5,1
8,10,794,2,10,5,0,300,0.5,1700,0.5,1
8,11,236,2,10,5,0,300,0.5,1700,0.5,2
8,12,916,1,0,300,0.5,1700,0.5,1
8,13,773,2,10,5,0,300,0.5,1700,0.5,1
8,14,241,0,0,300,0.5,1700,0.5,2
8,15,87,0,0,300,0.5,1700,0.5,2
8,16,287,1,0,500,0.6,1000,0.2,1400,0.2,2
8,17,172,2,10,5,0,500,0.6,1000,0.2,1400,0.2,2
8,18,766,1,0,300,0.5,1700,0.5,1
8,19,80,2,10,5,0,300,0.5,1700,0.5,1
9,0,570,1,0,300,0.5,1700,0.5,1
9,1,802,2,10,5,0,500,0.6,1000,0.2,1400,0.2,2
9,2,224,1,0,500,0.6,1000,0.2,1400,0.2,2
9,3,695,0,0,500,0.6,1000,0.2,1400,0.2,0
9,4,520,1,0,300,0.5,1700,0.5,1
9,5,957,1,0,500,0.6,1000,0.2,1400,0.2,1
9,6,716,1,0,500,0.6,1000,0.2,1400,0.2,0
9,7,703,0,0,300,0.5,1700,0.5,1
9,8,689,0,0,500,0.6,1000,0.2,1400,0.2,1
9,9,604,1,0,500,0.6,1000,0.2,1400,0.2,2
9,10,331,1,0,300,0.5,1700,0.5,2
9,11,714,0,0,300,0.5,1700,0.5,2
9,12,381,1,0,300,0.5,1700,0.5,1
9,13,385,1,0,500,0.6,1000,0.2,1400,0.2,2
9,14,135,2,10,5,0,300,0.5,1700,0.5,2
9,15,266,0,0,500,0.6,1000,0.2,1400,0.2,1
9,16,168,0,0,500,0.6,1000,0.2,1400,0.2,0
9,17,459,0,0,500,0.6,1000,0.2,1400,0.2,0
9,18,561,1,0,500,0.6,1000,0.2,1400,0.2,1
9,19,612,0,0,300,0.5,1700,0.5,0
10,0,341,2,10,5,0,300,0.5,1700,0.5,1
10,1,915,1,0,300,0.5,1700,0.5,2
10,2,183,1,0,500,0.6,1000,0.2,1400,0.2,0
10,3,55,2,10,5,0,300,0.5,1700,0.5,0
10,4,152,2,10,5,0,300,0.5,1700,0.5,2
10,5,947,2,10,5,0,300,0.5,1700,0.5,1
10,6,394,2,10,5,0,300,0.5,1700,0.5,2
10,7,566,0,0,300,0.5,1700,0.5,1
10,8,936,0,0,300,0.5,1700,0.5,2
10,9,483,1,0,500,0.6,1000,0.2,1400,0.2,2
10,10,859,0,0,300,0.5,1700,0.5,1
10,11,877,0,0,300,0.5,1700,0.5,0
10,12,77,0,0,500,0.6,1000,0.2,1400,0.2,2
10,13,269,2,10,5,0,500,0.6,1000,0.2,1400,0.2,2
10,14,949,1,0,300,0.5,1700,0.5,2
10,15,224,0,0,500,0.6,1000,0.2,1400,0.2,1
10,16,677,1,0,300,0.5,1700,0.5,0
10,17,753,2,10,5,0,300,0.5,1700,0.5,2
10,18,920,1,0,300,0.5,1700,0.5,1
10,19,211,1,0,500,0.6,1000,0.2,1400,0.2,0
11,0,763,2,10,5,0,300,0.5,1700,0.5,1
11,1,511,0,0,300,0.5,1700,0.5,1
11,2,612,1,0,500,0.6,1000,0.2,1400,0.2,2
11,3,524,2,10,5,0,500,0.6,1000,0.2,1400,0.2,2
11,4,102,0,0,300,0.5,1700,0.5,0
11,5,808,1,0,300,0.5,1700,0.5,1
11,6,980,0,0,500,0.6,1000,0.2,1400,0.2,0
11,7,841,2,10,5,0,300,0.5,1700,0.5,1
11,8,478,0,0,300,0.5,1700,0.5,0
11,9,917,1,0,500,0.6,1000,0.2,1400,0.2,1
11,10,52,2,10,5,0,500,0.6,1000,0.2,1400,0.2,0
11,11,461,2,10,5,0,300,0.5,1700,0.5,1
11,12,274,0,0,300,0.5,1700,0.5,2
11,13,191,0,0,300,0.5,1700,0.5,0
11,14,806,0,0,300,0.5,1700,0.5,1
11,15,440,1,0,500,0.6,1000,0.2,1400,0.2,1
11,16,164,1,0,300,0.5,1700,0.5,2
11,17,69,0,0,300,0.5,1700,0.5,0
11,18,102,2,10,5,0,300,0.5,1700,0.5,2
11,19,804,2,10,5,0,300,0.5,1700,0.5,1
12,0,947,1,0,300,0.5,1700,0.5,2
12,1,424,0,0,300,0.5,1700,0.5,2
12,2,654,0,0,500,0.6,1000,0.2,1400,0.2,0
12,3,899,0,0,500,0.6,1000,0.2,1400,0.2,0
12,4,459,0,0,300,0.5,1700,0.5,1
12,5,667,0,0,500,0.6,1000,0.2,1400,0.2,1
12,6,72,0,0,300,0.5,1700,0.5,1
12,7,812,2,10,5,0,300,0.5,1700,0.5,0
12,8,529,1,0,500,0.6,1000,0.2,1400,0.2,2
12,9,780,0,0,500,0.6,1000,0.2,1400,0.2,2
12,10,990,2,10,5,0,300,0.5,1700,0.5,0
12,11,423,2,10,5,0,300,0.5,1700,0.5,0
12,12,66,0,0,500,0.6,1000,0.2,1400,0.2,0
12,13,446,1,0,300,0.5,1700,0.5,1
12,14,483,0,0,500,0.6,1000,0.2,1400,0.2,1
12,15,48,2,10,5,0,300,0.5,1700,0.5,1
12,16,79,2,10,5,0,500,0.6,1000,0.2,1400,0.2,2
12,17,706,2,10,5,0,300,0.5,1700,0.5,0
12,18,418,1,0,300,0.5,1700,0.5,1
12,19,737,2,10,5,0,300,0.5,1700,0.5,2
13,0,956,0,0,500,0.6,1000,0.2,1400,0.2,0
13,1,448,2,10,5,0,500,0.6,1000,0.2,1400,0.2,0
13,2,968,1,0,300,0.5,1700,0.5,1
13,3,40,0,0,300,0.5,1700,0.5,2
13,4,117,1,0,300,0.5,1700,0.5,2
13,5,998,1,0,500,0.6,1000,0.2,1400,0.2,2
13,6,631,0,0,300,0.5,1700,0.5,2
13,7,748,2,10,5,0,500,0.6,1000,0.2,1400,0.2,2
13,8,853,0,0,500,0.6,1000,0.2,1400,0.2,1
13,9,138,2,10,5,0,500,0.6,1000,0.2,1400,0.2,2
13,10,443,0,0,300,0.5,1700,0.5,2
13,11,475,2,10,5,0,500,0.6,1000,0.2,1400,0.2,2
13,12,243,0,0,500,0.6,1000,0.2,1400,0.2,0
13,13,101,1,0,300,0.5,1700,0.5,0
13,14,102,0,0,500,0.6,1000,0.2,1400,0.2,0
13,15,909,2,10,5,0,300,0.5,1700,0.5,2
13,16,740,0,0,500,0.6,1000,0.2,1400,0.2,2
13,17,710,2,10,5,0,500,0.6,1000,0.2,1400,0.2,0
13,18,585,0,0,300,0.5,1700,0.5,1
13,19,502,1,0,500,0.6,1000,0.2,1400,0.2,2
14,0,740,2,10,5,0,300,0.5,1700,0.5,2
14,1,697,0,0,300,0.5,1700,0.5,2
14,2,753,2,10,5,0,300,0.5,1700,0.5,0
14,3,374,2,10,5,0,300,0.5,1700,0.5,0
14,4,285,2,10,5,0,300,0.5,1700,0.5,2
14,5,493,2,10,5,0,500,0.6,1000,0.2,1400,0.2,0
14,6,380,2,10,5,0,300,0.5,1700,0.5,1
14,7,925,0,0,300,0.5,1700,0.5,0
14,8,66,2,10,5,0,300,0.5,1700,0.5,1
14,9,460,1,0,500,0.6,1000,0.2,1400,0.2,0
14,10,511,2,10,5,0,500,0.6,1000,0.2,1400,0.2,2
14,11,266,1,0,300,0.5,1700,0.5,1
14,12,841,0,0,300,0.5,1700,0.5,1
14,13,60,0,0,500,0.6,1000,0.2,1400,0.2,2
14,14,105,1,0,300,0.5,1700,0.5,0
14,15,572,0,0,500,0.6,1000,0.2,1400,0.2,2
14,16,153,1,0,300,0.5,1700,0.5,1
14,17,693,0,0,500,0.6,1000,0.2,1400,0.2,1
14,18,167,0,0,500,0.6,1000,0.2,1400,0.2,1
14,19,70,0,0,500,0.6,1000,0.2,1400,0.2,1
15,0,849,2,10,5,0,500,0.6,1000,0.2,1400,0.2,0
15,1,222,1,0,500,0.6,1000,0.2,1400,0.2,2
15,2,776,2,10,5,0,500,0.6,1000,0.2,1400,0.2,0
15,3,662,2,10,5,0,500,0.6,1000,0.2,1400,0.2,2
15,4,978,0,0,300,0.5,1700,0.5,1
15,5,944,2,10,5,0,500,0.6,1000,0.2,1400,0.2,1
15,6,253,2,10,5,0,500,0.6,1000,0.2,1400,0.2,1
15,7,784,2,10,5,0,300,0.5,1700,0.5,1
15,8,68,0,0,500,0.6,1000,0.2,1400,0.2,1
15,9,592,2,10,5,0,300,0.5,1700,0.5,1
15,10,890,0,0,300,0.5,1700,0.5,1
15,11,579,2,10,5,0,300,0.5,1700,0.5,2
15,12,674,1,0,300,0.5,1700,0.5,0
15,13,743,2,10,5,0,300,0.5,1700,0.5,2
15,14,198,2,10,5,0,500,0.6,1000,0.2,1400,0.2,0
15,15,38,0,0,500,0.6,1000,0.2,1400,0.2,0
15,16,635,0,0,300,0.5,1700,0.5,0
15,17,310,1,0,500,0.6,1000,0.2,1400,0.2,2
15,18,55,1,0,300,0.5,1700,0.5,1
15,19,707,1,0,300,0.5,1700,0.5,0
16,0,144,1,0,300,0.5,1700,0.5,2
16,1,899,2,10,5,0,500,0.6,1000,0.2,1400,0.2,0
16,2,553,1,0,300,0.5,1700,0.5,1
16,3,397,1,0,500,0.6,1000,0.2,1400,0.2,0
16,4,118,0,0,300,0.5,1700,0.5,1
16,5,909,2,10,5,0,500,0.6,1000,0.2,1400,0.2,1
16,6,525,1,0,300,0.5,1700,0.5,1
16,7,943,0,0,500,0.6,1000,0.2,1400,0.2,0
16,8,872,2,10,5,0,300,0.5,1700,0.5,2
16,9,405,2,10,5,0,300,0.5,1700,0.5,2
16,10,721,2,10,5,0,300,0.5,1700,0.5,1
16,11,392,1,0,500,0.6,1000,0.2,1400,0.2,2
16,12,110,0,0,500,0.6,1000,0.2,1400,0.2,2
16,13,666,0,0,500,0.6,1000,0.2,1400,0.2,0
16,14,525,1,0,500,0.6,1000,0.2,1400,0.2,2
16,15,905,1,0,300,0.5,1700,0.5,1
16,16,83,0,0,500,0.6,1000,0.2,1400,0.2,0
16,17,368,0,0,500,0.6,1000,0.2,1400,0.2,1
16,18,348,0,0,300,0.5,1700,0.5,1
16,19,953,0,0,500,0.6,1000,0.2,1400,0.2,1
17,0,300,0,0,300,0.5,1700,0.5,0
17,1,885,2,10,5,0,300,0.5,1700,0.5,2
17,2,443,0,0,500,0.6,1000,0.2,1400,0.2,0
17,3,561,1,0,300,0.5,1700,0.5,1
17,4,328,1,0,500,0.6,1000,0.2,1400,0.2,0
17,5,803,2,10,5,0,500,0.6,1000,0.2,1400,0.2,2
17,6,85,1,0,500,0.6,1000,0.2,1400,0.2,1
17,7,84,2,10,5,0,300,0.5,1700,0.5,2
17,8,879,2,10,5,0,300,0.5,1700,0.5,0
17,9,521,2,10,5,0,500,0.6,1000,0.2,1400,0.2,0
17,10,698,2,10,5,0,300,0.5,1700,0.5,1
17,11,379,0,0,300,0.5,1700,0.5,1
17,12,492,2,10,5,0,300,0.5,1700,0.5,1
17,13,762,0,0,300,0.5,1700,0.5,0
17,14,860,1,0,500,0.6,1000,0.2,1400,0.2,2
17,15,616,1,0,500,0.6,1000,0.2,1400,0.2,2
17,16,825,1,0,300,0.5,1700,0.5,0
17,17,652,0,0,500,0.6,1000,0.2,1400,0.2,1
17,18,281,1,0,300,0.5,1700,0.5,2
17,19,752,1,0,500,0.6,1000,0.2,1400,0.2,1
18,0,840,2,10,5,0,300,0.5,1700,0.5,1
18,1,640,2,10,5,0,300,0.5,1700,0.5,1
18,2,110,1,0,300,0.5,1700,0.5,2
18,3,39,2,10,5,0,300,0.5,1700,0.5,2
18,4,222,2,10,5,0,300,0.5,1700,0.5,1
18,5,801,2,10,5,0,500,0.6,1000,0.2,1400,0.2,0
18,6,395,0,0,300,0.5,1700,0.5,1
18,7,692,2,10,5,0,300,0.5,1700,0.5,0
18,8,525,0,0,500,0.6,1000,0.2,1400,0.2,0
18,9,909,1,0,500,0.6,1000,0.2,1400,0.2,1
18,10,954,1,0,500,0.6,1000,0.2,1400,0.2,2
18,11,991,2,10,5,0,300,0.5,1700,0.5,0
18,12,174,0,0,500,0.6,1000,0.2,1400,0.2,1
18,13,694,0,0,500,0.6,1000,0.2,1400,0.2,0
18,14,831,0,0,500,0.6,1000,0.2,1400,0.2,2
18,15,447,2,10,5,0,300,0.5,1700,0.5,1
18,16,468,1,0,300,0.5,1700,0.5,1
18,17,681,0,0,500,0.6,1000,0.2,1400,0.2,1
18,18,37,2,10,5,0,300,0.5,1700,0.5,1
18,19,571,2,10,5,0,300,0.5,1700,0.5,0
19,0,377,1,0,300,0.5,1700,0.5,0
19,1,160,2,10,5,0,300,0.5,1700,0.5,0
19,2,19,2,10,5,0,300,0.5,1700,0.5,1
19,3,206,2,10,5,0,500,0.6,1000,0.2,1400,0.2,0
19,4,87,1,0,500,0.6,1000,0.2,1400,0.2,1
19,5,484,2,10,5,0,500,0.6,1000,0.2,1400,0.2,1
19,6,492,2,10,5,0,300,0.5,1700,0.5,0
19,7,843,2,10,5,0,500,0.6,1000,0.2,1400,0.2,1
19,8,962,1,0,300,0.5,1700,0.5,2
19,9,982,2,10,5,0,300,0.5,1700,0.5,0
19,10,894,2,10,5,0,500,0.6,1000,0.2,1400,0.2,2
19,11,361,0,0,500,0.6,1000,0.2,1400,0.2,2
19,12,385,2,10,5,0,500,0.6,1000,0.2,1400,0.2,0
19,13,868,2,10,5,0,500,0.6,1000,0.2,1400,0.2,2
19,14,986,0,0,500,0.6,1000,0.2,1400,0.2,0
19,15,522,2,10,5,0,300,0.5,1700,0.5,1
19,16,349,2,10,5,0,500,0.6,1000,0.2,1400,0.2,2
19,17,344,2,10,5,0,300,0.5,1700,0.5,1
19,18,853,1,0,300,0.5,1700,0.5,0
19,19,805,0,0,500,0.6,1000,0.2,1400,0.2,1
