0,0,118,1,0,500,0.6,1000,0.2,1400,0.2,1
0,1,220,1,0,300,0.5,1700,0.5,0
0,2,918,1,0,300,0.5,1700,0.5,1
0,3,998,2,10,5,0,500,0.6,1000,0.2,1400,0.2,1
0,4,216,2,10,5,0,500,0.6,1000,0.2,1400,0.2,1
0,5,351,2,10,5,0,500,0.6,1000,0.2,1400,0.2,2
0,6,112,2,10,5,0,500,0.6,1000,0.2,1400,0.2,1
0,7,757,2,10,5,0,300,0.5,1700,0.5,0
0,8,807,2,10,5,0,300,0.5,1700,0.5,0
0,9,88,1,0,300,0.5,1700,0.5,2
0,10,35,1,0,300,0.5,1700,0.5,1
0,11,947,0,0,500,0.6,1000,0.2,1400,0.2,0
0,12,973,0,0,500,0.6,1000,0.2,1400,0.2,0
0,13,803,0,0,500,0.6,1000,0.2,1400,0.2,2
0,14,29,0,0,300,0.5,1700,0.5,1
0,15,325,1,0,500,0.6,1000,0.2,1400,0.2,2
0,16,346,0,0,500,0.6,1000,0.2,1400,0.2,2
0,17,679,2,10,5,0,300,0.5,1700,0.5,1
0,18,186,2,10,5,0,500,0.6,1000,0.2,1400,0.2,1
0,19,1000,0,0,300,0.5,1700,0.5,2
1,0,876,2,10,5,0,500,0.6,1000,0.2,1400,0.2,0
1,1,951,1,0,500,0.6,1000,0.2,1400,0.2,2
1,2,494,1,0,300,0.5,1700,0.5,2
1,3,891,0,0,300,0.5,1700,0.5,2
1,4,138,1,0,300,0.5,1700,0.5,2
1,5,187,0,0,500,0.6,1000,0.2,1400,0.2,2
1,6,278,2,10,5,0,500,0.6,1000,0.2,1400,0.2,0
1,7,116,1,0,500,0.6,1000,0.2,1400,0.2,0
1,8,751,1,0,500,0.6,1000,0.2,1400,0.2,2
1,9,195,1,0,500,0.6,1000,0.2,1400,0.2,2
1,10,290,0,0,500,0.6,1000,0.2,1400,0.2,0
1,11,676,1,0,300,0.5,1700,0.5,2
1,12,779,0,0,500,0.6,1000,0.2,1400,0.2,2
1,13,345,2,10,5,0,500,0.6,1000,0.2,1400,0.2,0
1,14,652,0,0,500,0.6,1000,0.2,1400,0.2,1
1,15,642,0,0,500,0.6,1000,0.2,1400,0.2,1
1,16,579,1,0,300,0.5,1700,0.5,1
1,17,328,0,0,500,0.6,1000,0.2,1400,0.2,0
1,18,280,2,10,5,0,300,0.5,1700,0.5,1
1,19,763,1,0,300,0.5,1700,0.5,0
2,0,193,0,0,500,0.6,1000,0.2,1400,0.2,2
2,1,921,2,10,5,0,500,0.6,1000,0.2,1400,0.2,2
2,2,439,1,0,500,0.6,1000,0.2,1400,0.2,0
2,3,166,2,10,5,0,500,0.6,1000,0.2,1400,0.2,1
2,4,908,1,0,300,0.5,1700,0.5,0
2,5,102,0,0,300,0.5,1700,0.5,0
2,6,169,1,0,300,0.5,1700,0.5,1
2,7,934,2,10,5,0,300,0.5,1700,0.5,1
2,8,242,0,0,500,0.6,1000,0.2,1400,0.2,1
2,9,160,1,0,500,0.6,1000,0.2,1400,0.2,0
2,10,589,1,0,300,0.5,1700,0.5,0
2,11,733,0,0,500,0.6,1000,0.2,1400,0.2,0
2,12,449,1,0,300,0.5,1700,0.5,0
2,13,663,0,0,500,0.6,1000,0.2,1400,0.2,2
2,14,50,0,0,500,0.6,1000,0.2,1400,0.2,1
2,15,274,2,10,5,0,500,0.6,1000,0.2,1400,0.2,1
2,16,964,1,0,500,0.6,1000,0.2,1400,0.2,0
2,17,163,0,0,500,0.6,1000,0.2,1400,0.2,0
2,18,740,0,0,500,0.6,1000,0.2,1400,0.2,2
2,19,633,1,0,500,0.6,1000,0.2,1400,0.2,0
3,0,740,1,0,500,0.6,1000,0.2,1400,0.2,0
3,1,389,2,10,5,0,300,0.5,1700,0.5,0
3,2,264,1,0,300,0.5,1700,0.5,0
3,3,757,1,0,500,0.6,1000,0.2,1400,0.2,2
3,4,316,1,0,300,0.5,1700,0.5,2
3,5,505,2,10,5,0,300,0.5,1700,0.5,2
3,6,304,1,0,500,0.6,1000,0.2,1400,0.2,2
3,7,212,2,10,5,0,300,0.5,1700,0.5,1
3,8,857,0,0,500,0.6,1000,0.2,1400,0.2,1
3,9,581,1,0,300,0.5,1700,0.5,1
3,10,646,2,10,5,0,300,0.5,1700,0.5,2
3,11,12,0,0,300,0.5,1700,0.5,2
3,12,987,0,0,300,0.5,1700,0.5,1
3,13,603,1,0,300,0.5,1700,0.5,1
3,14,225,0,0,500,0.6,1000,0.2,1400,0.2,1
3,15,945,2,10,5,0,300,0.5,1700,0.5,2
3,16,690,1,0,300,0.5,1700,0.5,1
3,17,576,2,10,5,0,300,0.5,1700,0.5,1
3,18,178,0,0,300,0.5,1700,0.5,1
3,19,403,1,0,300,0.5,1700,0.5,1
4,0,582,0,0,300,0.5,1700,0.5,0
4,1,802,0,0,500,0.6,1000,0.2,1400,0.2,0
4,2,984,1,0,500,0.6,1000,0.2,1400,0.2,2
4,3,550,0,0,300,0.5,1700,0.5,1
4,4,154,0,0,300,0.5,1700,0.5,2
4,5,259,0,0,500,0.6,1000,0.2,1400,0.2,2
4,6,924,0,0,500,0.6,1000,0.2,1400,0.2,2
4,7,388,2,10,5,0,500,0.6,1000,0.2,1400,0.2,1
4,8,712,1,0,500,0.6,1000,0.2,1400,0.2,0
4,9,736,1,0,500,0.6,1000,0.2,1400,0.2,1
4,10,273,2,10,5,0,300,0.5,1700,0.5,0
4,11,377,0,0,300,0.5,1700,0.5,0
4,12,287,1,0,300,0.5,1700,0.5,2
4,13,166,2,10,5,0,300,0.5,1700,0.5,2
4,14,11,2,10,5,0,300,0.5,1700,0.5,2
4,15,152,2,10,5,0,300,0.5,1700,0.5,1
4,16,556,2,10,5,0,300,0.5,1700,0.5,2
4,17,573,1,0,500,0.6,1000,0.2,1400,0.2,2
4,18,939,1,0,500,0.6,1000,0.2,1400,0.2,2
4,19,282,1,0,300,0.5,1700,0.5,2
5,0,324,2,10,5,0,300,0.5,1700,0.5,0
5,1,44,1,0,300,0.5,1700,0.5,1
5,2,708,2,10,5,0,500,0.6,1000,0.2,1400,0.2,2
5,3,137,1,0,500,0.6,1000,0.2,1400,0.2,2
5,4,40,2,10,5,0,300,0.5,1700,0.5,2
5,5,145,2,10,5,0,500,0.6,1000,0.2,1400,0.2,1
5,6,23,0,0,500,0.6,1000,0.2,1400,0.2,0
5,7,973,1,0,500,0.6,1000,0.2,1400,0.2,2
5,8,395,0,0,500,0.6,1000,0.2,1400,0.2,0
5,9,587,2,10,5,0,500,0.6,1000,0.2,1400,0.2,1
5,10,296,0,0,500,0.6,1000,0.2,1400,0.2,2
5,11,881,2,10,5,0,500,0.6,1000,0.2,1400,0.2,1
5,12,270,1,0,300,0.5,1700,0.5,2
5,13,738,2,10,5,0,500,0.6,1000,0.2,1400,0.2,2
5,14,631,1,0,300,0.5,1700,0.5,1
5,15,195,0,0,500,0.6,1000,0.2,1400,0.2,0
5,16,979,0,0,300,0.5,1700,0.5,0
5,17,422,0,0,500,0.6,1000,0.2,1400,0.2,2
5,18,530,0,0,500,0.6,1000,0.2,1400,0.2,1
5,19,352,1,0,300,0.5,1700,0.5,1
6,0,117,1,0,500,0.6,1000,0.2,1400,0.2,0
6,1,593,2,10,5,0,500,0.6,1000,0.2,1400,0.2,0
6,2,464,0,0,300,0.5,1700,0.5,1
6,3,617,1,0,500,0.6,1000,0.2,1400,0.2,0
6,4,464,1,0,500,0.6,1000,0.2,1400,0.2,0
6,5,949,2,10,5,0,500,0.6,1000,0.2,1400,0.2,1
6,6,519,0,0,500,0.6,1000,0.2,1400,0.2,1
6,7,915,1,0,300,0.5,1700,0.5,2
6,8,284,0,0,500,0.6,1000,0.2,1400,0.2,0
6,9,888,1,0,500,0.6,1000,0.2,1400,0.2,2
6,10,951,1,0,300,0.5,1700,0.5,1
6,11,811,2,10,5,0,300,0.5,1700,0.5,0
6,12,402,0,0,500,0.6,1000,0.2,1400,0.2,0
6,13,888,1,0,500,0.6,1000,0.2,1400,0.2,1
6,14,614,1,0,300,0.5,1700,0.5,1
6,15,213,1,0,300,0.5,1700,0.5,2
6,16,584,2,10,5,0,500,0.6,1000,0.2,1400,0.2,2
6,17,354,1,0,300,0.5,1700,0.5,0
6,18,563,1,0,300,0.5,1700,0.5,2
6,19,991,1,0,500,0.6,1000,0.2,1400,0.2,2
7,0,562,1,0,300,0.5,1700,0.5,0
7,1,736,0,0,500,0.6,1000,0.2,1400,0.2,0
7,2,174,2,10,5,0,300,0.5,1700,0.5,1
7,3,539,1,0,300,0.5,1700,0.5,0
7,4,31,2,10,5,0,500,0.6,1000,0.2,1400,0.2,2
7,5,380,1,0,300,0.5,1700,0.5,1
7,6,749,1,0,500,0.6,1000,0.2,1400,0.2,1
7,7,168,1,0,500,0.6,1000,0.2,1400,0.2,0
7,8,684,0,0,300,0.5,1700,0.5,1
7,9,57,0,0,300,0.5,1700,0.5,1
7,10,412,1,0,300,0.5,1700,0.5,2
7,11,655,1,0,500,0.6,1000,0.2,1400,0.2,0
7,12,138,0,0,500,0.6,1000,0.2,1400,0.2,1
7,13,467,2,10,5,0,300,0.5,1700,0.5,0
7,14,967,1,0,300,0.5,1700,0.5,0
7,15,273,2,10,5,0,500,0.6,1000,0.2,1400,0.2,1
7,16,832,2,10,5,0,500,0.6,1000,0.2,1400,0.2,2
7,17,930,2,10,5,0,300,0.5,1700,0.5,1
7,18,763,0,0,300,0.5,1700,0.5,0
7,19,11,0,0,500,0.6,1000,0.2,1400,0.2,1
8,0,867,0,0,500,0.6,1000,0.2,1400,0.2,1
8,1,886,2,10,5,0,300,0.5,1700,0.5,2
8,2,52,0,0,500,0.6,1000,0.2,1400,0.2,2
8,3,595,1,0,500,0.6,1000,0.2,1400,0.2,0
8,4,197,2,10,5,0,500,0.6,1000,0.2,1400,0.2,1
8,5,147,2,10,5,0,500,0.6,1000,0.2,1400,0.2,0
8,6,157,0,0,300,0.5,1700,0.5,1
8,7,463,1,0,500,0.6,1000,0.2,1400,0.2,1
8,8,527,2,10,5,0,500,0.6,1000,0.2,1400,0.2,1
8,9,767,0,0,300,0.5,1700,0.5,0
8,10,519,2,10,5,0,300,0.5,1700,0.5,0
8,11,589,1,0,500,0.6,1000,0.2,1400,0.2,0
8,12,98,1,0,500,0.6,1000,0.2,1400,0.2,2
8,13,959,0,0,500,0.6,1000,0.2,1400,0.2,1
8,14,562,0,0,500,0.6,1000,0.2,1400,0.2,2
8,15,473,1,0,500,0.6,1000,0.2,1400,0.2,0
8,16,900,0,0,500,0.6,1000,0.2,1400,0.2,0
8,17,170,0,0,300,0.5,1700,0.5,1
8,18,76,1,0,500,0.6,1000,0.2,1400,0.2,2
8,19,440,1,0,500,0.6,1000,0.2,1400,0.2,0
9,0,912,1,0,500,0.6,1000,0.2,1400,0.2,0
9,1,469,2,10,5,0,500,0.6,1000,0.2,1400,0.2,1
9,2,380,0,0,500,0.6,1000,0.2,1400,0.2,2
9,3,140,1,0,500,0.6,1000,0.2,1400,0.2,2
9,4,310,1,0,500,0.6,1000,0.2,1400,0.2,2
9,5,471,1,0,300,0.5,1700,0.5,0
9,6,723,1,0,500,0.6,1000,0.2,1400,0.2,1
9,7,864,0,0,500,0.6,1000,0.2,1400,0.2,1
9,8,656,0,0,500,0.6,1000,0.2,1400,0.2,1
9,9,340,1,0,500,0.6,1000,0.2,1400,0.2,1
9,10,988,0,0,300,0.5,1700,0.5,0
9,11,807,1,0,300,0.5,1700,0.5,0
9,12,903,1,0,500,0.6,1000,0.2,1400,0.2,1
9,13,915,0,0,300,0.5,1700,0.5,1
9,14,57,2,10,5,0,300,0.5,1700,0.5,0
9,15,77,1,0,300,0.5,1700,0.5,1
9,16,1000,2,10,5,0,300,0.5,1700,0.5,1
9,17,481,1,0,500,0.6,1000,0.2,1400,0.2,0
9,18,876,2,10,5,0,500,0.6,1000,0.2,1400,0.2,0
9,19,820,0,0,500,0.6,1000,0.2,1400,0.2,1
10,0,35,2,10,5,0,300,0.5,1700,0.5,0
10,1,530,2,10,5,0,500,0.6,1000,0.2,1400,0.2,2
10,2,705,0,0,300,0.5,1700,0.5,1
10,3,633,0,0,300,0.5,1700,0.5,2
10,4,885,1,0,300,0.5,1700,0.5,2
10,5,202,0,0,500,0.6,1000,0.2,1400,0.2,2
10,6,38,1,0,300,0.5,1700,0.5,1
10,7,423,2,10,5,0,500,0.6,1000,0.2,1400,0.2,1
10,8,337,2,10,5,0,300,0.5,1700,0.5,1
10,9,818,1,0,300,0.5,1700,0.5,2
10,10,187,1,0,500,0.6,1000,0.2,1400,0.2,2
10,11,661,2,10,5,0,500,0.6,1000,0.2,1400,0.2,0
10,12,404,2,10,5,0,500,0.6,1000,0.2,1400,0.2,0
10,13,986,0,0,300,0.5,1700,0.5,1
10,14,107,1,0,300,0.5,1700,0.5,1
10,15,64,1,0,300,0.5,1700,0.5,2
10,16,539,2,10,5,0,500,0.6,1000,0.2,1400,0.2,1
10,17,455,0,0,500,0.6,1000,0.2,1400,0.2,2
10,18,356,0,0,500,0.6,1000,0.2,1400,0.2,2
10,19,980,2,10,5,0,500,0.6,1000,0.2,1400,0.2,0
11,0,693,2,10,5,0,300,0.5,1700,0.5,0
11,1,207,0,0,300,0.5,1700,0.5,0
11,2,160,2,10,5,0,500,0.6,1000,0.2,1400,0.2,2
11,3,401,0,0,500,0.6,1000,0.2,1400,0.2,0
11,4,552,0,0,300,0.5,1700,0.5,0
11,5,717,2,10,5,0,500,0.6,1000,0.2,1400,0.2,2
11,6,668,1,0,300,0.5,1700,0.5,1
11,7,192,2,10,5,0,500,0.6,1000,0.2,1400,0.2,2
11,8,588,0,0,500,0.6,1000,0.2,1400,0.2,2
11,9,684,1,0,300,0.5,1700,0.5,2
11,10,721,1,0,500,0.6,1000,0.2,1400,0.2,1
11,11,942,1,0,500,0.6,1000,0.2,1400,0.2,1
11,12,520,1,0,300,0.5,1700,0.5,0
11,13,376,2,10,5,0,500,0.6,1000,0.2,1400,0.2,1
11,14,456,0,0,300,0.5,1700,0.5,1
11,15,865,2,10,5,0,300,0.5,1700,0.5,2
11,16,298,0,0,300,0.5,1700,0.5,2
11,17,999,1,0,500,0.6,1000,0.2,1400,0.2,2
11,18,623,0,0,300,0.5,1700,0.5,1
11,19,750,0,0,500,0.6,1000,0.2,1400,0.2,2
12,0,742,1,0,300,0.5,1700,0.5,2
12,1,917,2,10,5,0,500,0.6,1000,0.2,1400,0.2,1
12,2,809,1,0,300,0.5,1700,0.5,1
12,3,668,2,10,5,0,500,0.6,1000,0.2,1400,0.2,0
12,4,696,1,0,500,0.6,1000,0.2,1400,0.2,2
12,5,747,1,0,300,0.5,1700,0.5,0
12,6,616,2,10,5,0,500,0.6,1000,0.2,1400,0.2,1
12,7,207,1,0,300,0.5,1700,0.5,1
12,8,585,2,10,5,0,500,0.6,1000,0.2,1400,0.2,0
12,9,524,2,10,5,0,500,0.6,1000,0.2,1400,0.2,2
12,10,223,0,0,500,0.6,1000,0.2,1400,0.2,1
12,11,57,1,0,500,0.6,1000,0.2,1400,0.2,1
12,12,204,2,10,5,0,300,0.5,1700,0.5,1
12,13,750,0,0,500,0.6,1000,0.2,1400,0.2,2
12,14,589,0,0,500,0.6,1000,0.2,1400,0.2,2
12,15,753,1,0,500,0.6,1000,0.2,1400,0.2,0
12,16,898,2,10,5,0,300,0.5,1700,0.5,1
12,17,198,2,10,5,0,300,0.5,1700,0.5,1
12,18,437,1,0,500,0.6,1000,0.2,1400,0.2,2
12,19,173,2,10,5,0,300,0.5,1700,0.5,1
13,0,921,2,10,5,0,300,0.5,1700,0.5,1
13,1,212,0,0,500,0.6,1000,0.2,1400,0.2,0
13,2,309,2,10,5,0,300,0.5,1700,0.5,0
13,3,907,1,0,500,0.6,1000,0.2,1400,0.2,1
13,4,986,1,0,500,0.6,1000,0.2,1400,0.2,0
13,5,864,1,0,300,0.5,1700,0.5,0
13,6,199,1,0,500,0.6,1000,0.2,1400,0.2,0
13,7,898,0,0,300,0.5,1700,0.5,2
13,8,520,1,0,500,0.6,1000,0.2,1400,0.2,2
13,9,26,2,10,5,0,300,0.5,1700,0.5,1
13,10,313,0,0,300,0.5,1700,0.5,0
13,11,192,2,10,5,0,300,0.5,1700,0.5,1
13,12,376,2,10,5,0,300,0.5,1700,0.5,2
13,13,786,2,10,5,0,500,0.6,1000,0.2,1400,0.2,2
13,14,114,2,10,5,0,500,0.6,1000,0.2,1400,0.2,0
13,15,193,2,10,5,0,500,0.6,1000,0.2,1400,0.2,2
13,16,208,1,0,500,0.6,1000,0.2,1400,0.2,2
13,17,485,0,0,300,0.5,1700,0.5,1
13,18,296,0,0,500,0.6,1000,0.2,1400,0.2,2
13,19,833,1,0,500,0.6,1000,0.2,1400,0.2,2
14,0,868,2,10,5,0,500,0.6,1000,0.2,1400,0.2,2
14,1,984,0,0,500,0.6,1000,0.2,1400,0.2,2
14,2,603,1,0,500,0.6,1000,0.2,1400,0.2,0
14,3,902,2,10,5,0,300,0.5,1700,0.5,2
14,4,484,0,0,500,0.6,1000,0.2,1400,0.2,2
14,5,611,1,0,300,0.5,1700,0.5,0
14,6,342,0,0,300,0.5,1700,0.5,2
14,7,260,2,10,5,0,500,0.6,1000,0.2,1400,0.2,2
14,8,653,1,0,300,0.5,1700,0.5,2
14,9,429,1,0,500,0.6,1000,0.2,1400,0.2,1
14,10,355,1,0,500,0.6,1000,0.2,1400,0.2,0
14,11,226,0,0,500,0.6,1000,0.2,1400,0.2,1
14,12,580,2,10,5,0,500,0.6,1000,0.2,1400,0.2,1
14,13,818,2,10,5,0,300,0.5,1700,0.5,2
14,14,684,1,0,300,0.5,1700,0.5,0
14,15,167,1,0,500,0.6,1000,0.2,1400,0.2,1
14,16,655,0,0,300,0.5,1700,0.5,0
14,17,869,2,10,5,0,300,0.5,1700,0.5,0
14,18,469,0,0,500,0.6,1000,0.2,1400,0.2,2
14,19,958,0,0,300,0.5,1700,0.5,1
15,0,252,1,0,300,0.5,1700,0.5,0
15,1,331,0,0,300,0.5,1700,0.5,0
15,2,331,2,10,5,0,500,0.6,1000,0.2,1400,0.2,2
15,3,295,2,10,5,0,300,0.5,1700,0.5,2
15,4,915,1,0,500,0.6,1000,0.2,1400,0.2,2
15,5,994,2,10,5,0,500,0.6,1000,0.2,1400,0.2,1
15,6,661,2,10,5,0,500,0.6,1000,0.2,1400,0.2,2
15,7,317,2,10,5,0,500,0.6,1000,0.2,1400,0.2,0
15,8,653,0,0,500,0.6,1000,0.2,1400,0.2,1
15,9,721,1,0,300,0.5,1700,0.5,1
15,10,121,2,10,5,0,500,0.6,1000,0.2,1400,0.2,1
15,11,834,1,0,500,0.6,1000,0.2,1400,0.2,2
15,12,671,2,10,5,0,300,0.5,1700,0.5,0
15,13,300,0,0,300,0.5,1700,0.5,0
15,14,485,1,0,300,0.5,1700,0.5,2
15,15,145,2,10,5,0,300,0.5,1700,0.5,2
15,16,664,2,10,5,0,300,0.5,1700,0.5,0
15,17,729,0,0,300,0.5,1700,0.5,0
15,18,457,0,0,500,0.6,1000,0.2,1400,0.2,1
15,19,801,1,0,300,0.5,1700,0.5,1
16,0,252,0,0,300,0.5,1700,0.5,0
16,1,998,2,10,5,0,500,0.6,1000,0.2,1400,0.2,0
16,2,940,0,0,300,0.5,1700,0.5,1
16,3,322,1,0,300,0.5,1700,0.5,1
16,4,683,0,0,300,0.5,1700,0.5,0
16,5,309,0,0,500,0.6,1000,0.2,1400,0.2,0
16,6,789,2,10,5,0,300,0.5,1700,0.5,2
16,7,30,0,0,300,0.5,1700,0.5,1
16,8,585,0,0,300,0.5,1700,0.5,1
16,9,728,2,10,5,0,300,0.5,1700,0.5,2
16,10,596,0,0,300,0.5,1700,0.5,0
16,11,772,2,10,5,0,500,0.6,1000,0.2,1400,0.2,0
16,12,364,0,0,300,0.5,1700,0.5,2
16,13,667,0,0,300,0.5,1700,0.5,2
16,14,897,1,0,500,0.6,1000,0.2,1400,0.2,0
16,15,548,2,10,5,0,300,0.5,1700,0.5,1
16,16,40,2,10,5,0,300,0.5,1700,0.5,1
16,17,746,1,0,500,0.6,1000,0.2,1400,0.2,0
16,18,244,2,10,5,0,500,0.6,1000,0.2,1400,0.2,1
16,19,715,1,0,500,0.6,1000,0.2,1400,0.2,0
17,0,686,2,10,5,0,300,0.5,1700,0.5,0
17,1,698,1,0,500,0.6,1000,0.2,1400,0.2,1
17,2,90,1,0,300,0.5,1700,0.5,2
17,3,827,0,0,500,0.6,1000,0.2,1400,0.2,2
17,4,554,2,10,5,0,500,0.6,1000,0.2,1400,0.2,0
17,5,740,2,10,5,0,500,0.6,1000,0.2,1400,0.2,1
17,6,576,1,0,500,0.6,1000,0.2,1400,0.2,1
17,7,875,0,0,500,0.6,1000,0.2,1400,0.2,1
17,8,508,1,0,300,0.5,1700,0.5,0
17,9,789,1,0,300,0.5,1700,0.5,1
17,10,537,0,0,300,0.5,1700,0.5,0
17,11,878,0,0,500,0.6,1000,0.2,1400,0.2,1
17,12,323,0,0,500,0.6,1000,0.2,1400,0.2,0
17,13,495,2,10,5,0,300,0.5,1700,0.5,1
17,14,163,0,0,500,0.6,1000,0.2,1400,0.2,2
17,15,530,1,0,500,0.6,1000,0.2,1400,0.2,1
17,16,924,2,10,5,0,300,0.5,1700,0.5,1
17,17,428,2,10,5,0,500,0.6,1000,0.2,1400,0.2,2
17,18,683,0,0,300,0.5,1700,0.5,1
17,19,491,1,0,500,0.6,1000,0.2,1400,0.2,0
18,0,200,1,0,500,0.6,1000,0.2,1400,0.2,2
18,1,778,0,0,300,0.5,1700,0.5,0
18,2,882,1,0,300,0.5,1700,0.5,1
18,3,468,1,0,500,0.6,1000,0.2,1400,0.2,0
18,4,164,0,0,500,0.6,1000,0.2,1400,0.2,2
18,5,167,1,0,500,0.6,1000,0.2,1400,0.2,0
18,6,689,1,0,300,0.5,1700,0.5,2
18,7,54,0,0,300,0.5,1700,0.5,2
18,8,909,2,10,5,0,300,0.5,1700,0.5,2
18,9,174,2,10,5,0,300,0.5,1700,0.5,2
18,10,518,0,0,300,0.5,1700,0.5,0
18,11,375,1,0,300,0.5,1700,0.5,1
18,12,852,0,0,300,0.5,1700,0.5,0
18,13,232,1,0,300,0.5,1700,0.5,1
18,14,558,1,0,500,0.6,1000,0.2,1400,0.2,0
18,15,732,0,0,300,0.5,1700,0.5,1
18,16,998,1,0,300,0.5,1700,0.5,1
18,17,60,2,10,5,0,300,0.5,1700,0.5,0
18,18,925,1,0,500,0.6,1000,0.2,1400,0.2,2
18,19,81,0,0,500,0.6,1000,0.2,1400,0.2,1
19,0,260,1,0,500,0.6,1000,0.2,1400,0.2,2
19,1,773,0,0,500,0.6,1000,0.2,1400,0.2,0
19,2,536,1,0,500,0.6,1000,0.2,1400,0.2,1
19,3,588,0,0,300,0.5,1700,0.5,1
19,4,176,0,0,500,0.6,1000,0.2,1400,0.2,1
19,5,280,1,0,300,0.5,1700,0.5,2
19,6,722,1,0,500,0.6,1000,0.2,1400,0.2,2
19,7,521,2,10,5,0,300,0.5,1700,0.5,1
19,8,143,0,0,300,0.5,1700,0.5,0
19,9,301,2,10,5,0,300,0.5,1700,0.5,2
19,10,152,0,0,500,0.6,1000,0.2,1400,0.2,0
19,11,472,0,0,500,0.6,1000,0.2,1400,0.2,2
19,12,935,1,0,500,0.6,1000,0.2,1400,0.2,0
19,13,871,1,0,300,0.5,1700,0.5,2
19,14,203,2,10,5,0,500,0.6,1000,0.2,1400,0.2,2
19,15,248,1,0,300,0.5,1700,0.5,0
19,16,956,0,0,500,0.6,1000,0.2,1400,0.2,1
19,17,271,0,0,300,0.5,1700,0.5,0
19,18,480,0,0,300,0.5,1700,0.5,2
19,19,686,2,10,5,0,500,0.6,1000,0.2,1400,0.2,1
