0,0,185,2,10,5,0,500,0.6,1000,0.2,1400,0.2,0
0,1,267,1,0,500,0.6,1000,0.2,1400,0.2,2
0,2,981,0,0,300,0.5,1700,0.5,2
0,3,541,2,10,5,0,500,0.6,1000,0.2,1400,0.2,1
0,4,416,2,10,5,0,500,0.6,1000,0.2,1400,0.2,2
0,5,232,2,10,5,0,300,0.5,1700,0.5,2
0,6,862,1,0,500,0.6,1000,0.2,1400,0.2,0
0,7,65,2,10,5,0,500,0.6,1000,0.2,1400,0.2,2
0,8,414,1,0,500,0.6,1000,0.2,1400,0.2,0
0,9,435,2,10,5,0,500,0.6,1000,0.2,1400,0.2,2
0,10,554,2,10,5,0,500,0.6,1000,0.2,1400,0.2,2
0,11,460,1,0,300,0.5,1700,0.5,2
0,12,296,1,0,300,0.5,1700,0.5,2
0,13,672,2,10,5,0,300,0.5,1700,0.5,1
0,14,715,2,10,5,0,500,0.6,1000,0.2,1400,0.2,0
0,15,801,0,0,500,0.6,1000,0.2,1400,0.2,2
0,16,971,2,10,5,0,500,0.6,1000,0.2,1400,0.2,2
0,17,802,1,0,300,0.5,1700,0.5,1
0,18,844,2,10,5,0,500,0.6,1000,0.2,1400,0.2,1
0,19,307,2,10,5,0,300,0.5,1700,0.5,1
1,0,319,0,0,500,0.6,1000,0.2,1400,0.2,2
1,1,852,2,10,5,0,300,0.5,1700,0.5,0
1,2,781,1,0,500,0.6,1000,0.2,1400,0.2,2
1,3,203,0,0,500,0.6,1000,0.2,1400,0.2,2
1,4,277,0,0,500,0.6,1000,0.2,1400,0.2,1
1,5,215,2,10,5,0,300,0.5,1700,0.5,0
1,6,715,2,10,5,0,500,0.6,1000,0.2,1400,0.2,0
1,7,996,2,10,5,0,300,0.5,1700,0.5,2
1,8,638,0,0,500,0.6,1000,0.2,1400,0.2,0
1,9,575,1,0,500,0.6,1000,0.2,1400,0.2,1
1,10,490,0,0,500,0.6,1000,0.2,1400,0.2,2
1,11,289,1,0,300,0.5,1700,0.5,1
1,12,980,1,0,500,0.6,1000,0.2,1400,0.2,1
1,13,943,2,10,5,0,500,0.6,1000,0.2,1400,0.2,0
1,14,715,1,0,300,0.5,1700,0.5,2
1,15,689,1,0,500,0.6,1000,0.2,1400,0.2,1
1,16,772,1,0,300,0.5,1700,0.5,2
1,17,226,2,10,5,0,300,0.5,1700,0.5,2
1,18,336,2,10,5,0,300,0.5,1700,0.5,1
1,19,935,0,0,500,0.6,1000,0.2,1400,0.2,1
2,0,784,0,0,500,0.6,1000,0.2,1400,0.2,1
2,1,838,1,0,500,0.6,1000,0.2,1400,0.2,1
2,2,754,1,0,500,0.6,1000,0.2,1400,0.2,1
2,3,584,0,0,500,0.6,1000,0.2,1400,0.2,1
2,4,117,0,0,300,0.5,1700,0.5,0
2,5,495,0,0,300,0.5,1700,0.5,2
2,6,61,1,0,300,0.5,1700,0.5,0
2,7,323,1,0,300,0.5,1700,0.5,0
2,8,510,0,0,300,0.5,1700,0.5,2
2,9,764,2,10,5,0,300,0.5,1700,0.5,0
2,10,845,2,10,5,0,500,0.6,1000,0.2,1400,0.2,2
2,11,812,2,10,5,0,500,0.6,1000,0.2,1400,0.2,2
2,12,304,0,0,300,0.5,1700,0.5,1
2,13,51,2,10,5,0,500,0.6,1000,0.2,1400,0.2,2
2,14,436,0,0,300,0.5,1700,0.5,2
2,15,454,0,0,300,0.5,1700,0.5,1
2,16,319,2,10,5,0,300,0.5,1700,0.5,2
2,17,729,2,10,5,0,300,0.5,1700,0.5,1
2,18,363,0,0,300,0.5,1700,0.5,1
2,19,467,0,0,500,0.6,1000,0.2,1400,0.2,0
3,0,649,0,0,500,0.6,1000,0.2,1400,0.2,0
3,1,807,0,0,300,0.5,1700,0.5,0
3,2,602,0,0,300,0.5,1700,0.5,2
3,3,530,1,0,300,0.5,1700,0.5,0
3,4,129,1,0,500,0.6,1000,0.2,1400,0.2,0
3,5,294,1,0,300,0.5,1700,0.5,1
3,6,988,1,0,500,0.6,1000,0.2,1400,0.2,0
3,7,937,1,0,300,0.5,1700,0.5,1
3,8,904,1,0,300,0.5,1700,0.5,0
3,9,132,0,0,300,0.5,1700,0.5,0
3,10,91,2,10,5,0,300,0.5,1700,0.5,2
3,11,821,1,0,500,0.6,1000,0.2,1400,0.2,0
3,12,459,0,0,300,0.5,1700,0.5,2
3,13,443,2,10,5,0,500,0.6,1000,0.2,1400,0.2,0
3,14,669,0,0,500,0.6,1000,0.2,1400,0.2,0
3,15,225,1,0,500,0.6,1000,0.2,1400,0.2,2
3,16,571,2,10,5,0,300,0.5,1700,0.5,2
3,17,534,2,10,5,0,300,0.5,1700,0.5,2
3,18,111,2,10,5,0,300,0.5,1700,0.5,1
3,19,953,0,0,500,0.6,1000,0.2,1400,0.2,0
4,0,472,1,0,500,0.6,1000,0.2,1400,0.2,0
4,1,445,0,0,500,0.6,1000,0.2,1400,0.2,1
4,2,772,2,10,5,0,500,0.6,1000,0.2,1400,0.2,0
4,3,667,1,0,500,0.6,1000,0.2,1400,0.2,0
4,4,70,2,10,5,0,500,0.6,1000,0.2,1400,0.2,0
4,5,157,2,10,5,0,500,0.6,1000,0.2,1400,0.2,1
4,6,792,2,10,5,0,500,0.6,1000,0.2,1400,0.2,1
4,7,552,2,10,5,0,300,0.5,1700,0.5,2
4,8,409,2,10,5,0,500,0.6,1000,0.2,1400,0.2,1
4,9,192,0,0,500,0.6,1000,0.2,1400,0.2,0
4,10,561,0,0,500,0.6,1000,0.2,1400,0.2,0
4,11,800,1,0,300,0.5,1700,0.5,2
4,12,169,2,10,5,0,500,0.6,1000,0.2,1400,0.2,2
4,13,567,1,0,300,0.5,1700,0.5,2
4,14,321,2,10,5,0,500,0.6,1000,0.2,1400,0.2,1
4,15,417,2,10,5,0,300,0.5,1700,0.5,2
4,16,801,2,10,5,0,300,0.5,1700,0.5,0
4,17,600,1,0,500,0.6,1000,0.2,1400,0.2,0
4,18,342,1,0,300,0.5,1700,0.5,2
4,19,933,0,0,500,0.6,1000,0.2,1400,0.2,0
5,0,306,0,0,300,0.5,1700,0.5,2
5,1,478,0,0,500,0.6,1000,0.2,1400,0.2,2
5,2,556,0,0,300,0.5,1700,0.5,2
5,3,133,0,0,500,0.6,1000,0.2,1400,0.2,0
5,4,478,1,0,500,0.6,1000,0.2,1400,0.2,2
5,5,397,0,0,500,0.6,1000,0.2,1400,0.2,0
5,6,198,2,10,5,0,500,0.6,1000,0.2,1400,0.2,0
5,7,184,0,0,500,0.6,1000,0.2,1400,0.2,1
5,8,913,2,10,5,0,300,0.5,1700,0.5,0
5,9,921,1,0,500,0.6,1000,0.2,1400,0.2,1
5,10,439,0,0,300,0.5,1700,0.5,1
5,11,151,0,0,300,0.5,1700,0.5,2
5,12,878,2,10,5,0,500,0.6,1000,0.2,1400,0.2,0
5,13,178,1,0,300,0.5,1700,0.5,0
5,14,692,1,0,300,0.5,1700,0.5,1
5,15,231,2,10,5,0,500,0.6,1000,0.2,1400,0.2,0
5,16,101,1,0,300,0.5,1700,0.5,0
5,17,442,1,0,500,0.6,1000,0.2,1400,0.2,0
5,18,488,0,0,500,0.6,1000,0.2,1400,0.2,1
5,19,195,0,0,300,0.5,1700,0.5,0
6,0,148,0,0,500,0.6,1000,0.2,1400,0.2,1
6,1,428,0,0,500,0.6,1000,0.2,1400,0.2,2
6,2,885,1,0,500,0.6,1000,0.2,1400,0.2,2
6,3,892,0,0,300,0.5,1700,0.5,1
6,4,512,2,10,5,0,500,0.6,1000,0.2,1400,0.2,2
6,5,106,2,10,5,0,500,0.6,1000,0.2,1400,0.2,1
6,6,53,2,10,5,0,500,0.6,1000,0.2,1400,0.2,1
6,7,764,0,0,300,0.5,1700,0.5,1
6,8,62,0,0,500,0.6,1000,0.2,1400,0.2,2
6,9,203,2,10,5,0,300,0.5,1700,0.5,2
6,10,992,2,10,5,0,500,0.6,1000,0.2,1400,0.2,0
6,11,865,2,10,5,0,300,0.5,1700,0.5,0
6,12,601,0,0,300,0.5,1700,0.5,1
6,13,300,1,0,500,0.6,1000,0.2,1400,0.2,0
6,14,474,2,10,5,0,500,0.6,1000,0.2,1400,0.2,2
6,15,889,0,0,300,0.5,1700,0.5,2
6,16,45,2,10,5,0,300,0.5,1700,0.5,0
6,17,564,0,0,500,0.6,1000,0.2,1400,0.2,1
6,18,833,1,0,500,0.6,1000,0.2,1400,0.2,2
6,19,556,0,0,500,0.6,1000,0.2,1400,0.2,1
7,0,302,0,0,300,0.5,1700,0.5,2
7,1,939,0,0,500,0.6,1000,0.2,1400,0.2,0
7,2,203,1,0,500,0.6,1000,0.2,1400,0.2,1
7,3,41,0,0,300,0.5,1700,0.5,2
7,4,678,1,0,500,0.6,1000,0.2,1400,0.2,0
7,5,565,1,0,300,0.5,1700,0.5,1
7,6,506,1,0,300,0.5,1700,0.5,2
7,7,449,2,10,5,0,300,0.5,1700,0.5,0
7,8,401,1,0,300,0.5,1700,0.5,0
7,9,263,1,0,500,0.6,1000,0.2,1400,0.2,0
7,10,15,0,0,300,0.5,1700,0.5,2
7,11,835,1,0,500,0.6,1000,0.2,1400,0.2,1
7,12,756,0,0,300,0.5,1700,0.5,1
7,13,396,1,0,500,0.6,1000,0.2,1400,0.2,0
7,14,82,1,0,300,0.5,1700,0.5,2
7,15,946,1,0,300,0.5,1700,0.5,1
7,16,617,1,0,500,0.6,1000,0.2,1400,0.2,2
7,17,913,0,0,300,0.5,1700,0.5,0
7,18,820,1,0,300,0.5,1700,0.5,0
7,19,885,2,10,5,0,500,0.6,1000,0.2,1400,0.2,0
8,0,116,1,0,500,0.6,1000,0.2,1400,0.2,1
8,1,938,2,10,5,0,500,0.6,1000,0.2,1400,0.2,1
8,2,525,0,0,300,0.5,1700,0.5,2
8,3,615,1,0,500,0.6,1000,0.2,1400,0.2,2
8,4,286,0,0,300,0.5,1700,0.5,2
8,5,299,2,10,5,0,500,0.6,1000,0.2,1400,0.2,2
8,6,758,2,10,5,0,300,0.5,1700,0.5,0
8,7,414,2,10,5,0,500,0.6,1000,0.2,1400,0.2,0
8,8,599,2,10,5,0,300,0.5,1700,0.5,1
8,9,365,1,0,300,0.5,1700,0.5,1
8,10,498,1,0,500,0.6,1000,0.2,1400,0.2,2
8,11,764,2,10,5,0,500,0.6,1000,0.2,1400,0.2,1
8,12,711,2,10,5,0,300,0.5,1700,0.5,2
8,13,290,1,0,300,0.5,1700,0.5,0
8,14,364,1,0,500,0.6,1000,0.2,1400,0.2,1
8,15,277,2,10,5,0,300,0.5,1700,0.5,0
8,16,104,1,0,500,0.6,1000,0.2,1400,0.2,0
8,17,411,0,0,300,0.5,1700,0.5,1
8,18,999,1,0,300,0.5,1700,0.5,1
8,19,129,2,10,5,0,500,0.6,1000,0.2,1400,0.2,2
9,0,507,2,10,5,0,300,0.5,1700,0.5,0
9,1,415,0,0,500,0.6,1000,0.2,1400,0.2,0
9,2,808,0,0,500,0.6,1000,0.2,1400,0.2,2
9,3,627,0,0,500,0.6,1000,0.2,1400,0.2,2
9,4,906,1,0,300,0.5,1700,0.5,1
9,5,768,1,0,500,0.6,1000,0.2,1400,0.2,0
9,6,777,0,0,300,0.5,1700,0.5,2
9,7,77,2,10,5,0,300,0.5,1700,0.5,0
9,8,747,1,0,300,0.5,1700,0.5,1
9,9,75,2,10,5,0,300,0.5,1700,0.5,2
9,10,184,0,0,300,0.5,1700,0.5,0
9,11,636,2,10,5,0,300,0.5,1700,0.5,1
9,12,247,0,0,300,0.5,1700,0.5,2
9,13,646,1,0,300,0.5,1700,0.5,0
9,14,997,2,10,5,0,500,0.6,1000,0.2,1400,0.2,0
9,15,759,2,10,5,0,300,0.5,1700,0.5,0
9,16,630,0,0,500,0.6,1000,0.2,1400,0.2,1
9,17,678,1,0,500,0.6,1000,0.2,1400,0.2,1
9,18,708,0,0,300,0.5,1700,0.5,0
9,19,22,0,0,300,0.5,1700,0.5,1
10,0,379,2,10,5,0,500,0.6,1000,0.2,1400,0.2,2
10,1,909,2,10,5,0,500,0.6,1000,0.2,1400,0.2,2
10,2,440,1,0,300,0.5,1700,0.5,1
10,3,974,0,0,300,0.5,1700,0.5,0
10,4,511,2,10,5,0,500,0.6,1000,0.2,1400,0.2,1
10,5,909,1,0,300,0.5,1700,0.5,1
10,6,681,1,0,300,0.5,1700,0.5,1
10,7,241,1,0,500,0.6,1000,0.2,1400,0.2,2
10,8,842,1,0,300,0.5,1700,0.5,2
10,9,889,2,10,5,0,300,0.5,1700,0.5,1
10,10,204,0,0,500,0.6,1000,0.2,1400,0.2,2
10,11,35,2,10,5,0,500,0.6,1000,0.2,1400,0.2,0
10,12,266,1,0,300,0.5,1700,0.5,2
10,13,59,1,0,300,0.5,1700,0.5,2
10,14,572,2,10,5,0,500,0.6,1000,0.2,1400,0.2,1
10,15,69,0,0,300,0.5,1700,0.5,0
10,16,343,0,0,300,0.5,1700,0.5,0
10,17,813,1,0,300,0.5,1700,0.5,0
10,18,639,2,10,5,0,300,0.5,1700,0.5,0
10,19,504,1,0,300,0.5,1700,0.5,0
11,0,963,1,0,300,0.5,1700,0.5,2
11,1,233,0,0,500,0.6,1000,0.2,1400,0.2,1
11,2,376,0,0,500,0.6,1000,0.2,1400,0.2,2
11,3,308,0,0,300,0.5,1700,0.5,2
11,4,531,0,0,300,0.5,1700,0.5,1
11,5,740,2,10,5,0,500,0.6,1000,0.2,1400,0.2,0
11,6,823,1,0,300,0.5,1700,0.5,0
11,7,467,1,0,500,0.6,1000,0.2,1400,0.2,1
11,8,495,0,0,500,0.6,1000,0.2,1400,0.2,2
11,9,78,1,0,300,0.5,1700,0.5,2
11,10,843,1,0,500,0.6,1000,0.2,1400,0.2,2
11,11,814,1,0,500,0.6,1000,0.2,1400,0.2,2
11,12,305,2,10,5,0,300,0.5,1700,0.5,2
11,13,776,2,10,5,0,500,0.6,1000,0.2,1400,0.2,1
11,14,490,0,0,300,0.5,1700,0.5,1
11,15,216,2,10,5,0,500,0.6,1000,0.2,1400,0.2,1
11,16,266,1,0,500,0.6,1000,0.2,1400,0.2,0
11,17,424,1,0,500,0.6,1000,0.2,1400,0.2,1
11,18,512,2,10,5,0,300,0.5,1700,0.5,1
11,19,528,2,10,5,0,500,0.6,1000,0.2,1400,0.2,2
12,0,78,2,10,5,0,500,0.6,1000,0.2,1400,0.2,1
12,1,803,1,0,300,0.5,1700,0.5,0
12,2,669,0,0,500,0.6,1000,0.2,1400,0.2,0
12,3,403,0,0,500,0.6,1000,0.2,1400,0.2,2
12,4,371,1,0,500,0.6,1000,0.2,1400,0.2,2
12,5,52,2,10,5,0,300,0.5,1700,0.5,2
12,6,962,0,0,500,0.6,1000,0.2,1400,0.2,2
12,7,691,2,10,5,0,500,0.6,1000,0.2,1400,0.2,2
12,8,723,0,0,300,0.5,1700,0.5,0
12,9,477,2,10,5,0,300,0.5,1700,0.5,2
12,10,88,1,0,300,0.5,1700,0.5,2
12,11,181,0,0,500,0.6,1000,0.2,1400,0.2,0
12,12,578,2,10,5,0,500,0.6,1000,0.2,1400,0.2,1
12,13,134,2,10,5,0,500,0.6,1000,0.2,1400,0.2,1
12,14,311,2,10,5,0,300,0.5,1700,0.5,1
12,15,759,2,10,5,0,500,0.6,1000,0.2,1400,0.2,2
12,16,658,2,10,5,0,500,0.6,1000,0.2,1400,0.2,1
12,17,32,2,10,5,0,500,0.6,1000,0.2,1400,0.2,0
12,18,441,2,10,5,0,300,0.5,1700,0.5,2
12,19,519,2,10,5,0,300,0.5,1700,0.5,2
13,0,25,0,0,300,0.5,1700,0.5,0
13,1,673,1,0,500,0.6,1000,0.2,1400,0.2,0
13,2,223,0,0,300,0.5,1700,0.5,2
13,3,743,2,10,5,0,300,0.5,1700,0.5,0
13,4,470,0,0,300,0.5,1700,0.5,1
13,5,602,1,0,500,0.6,1000,0.2,1400,0.2,2
13,6,896,0,0,500,0.6,1000,0.2,1400,0.2,1
13,7,75,1,0,300,0.5,1700,0.5,2
13,8,580,2,10,5,0,300,0.5,1700,0.5,0
13,9,243,1,0,500,0.6,1000,0.2,1400,0.2,2
13,10,372,1,0,300,0.5,1700,0.5,2
13,11,926,2,10,5,0,500,0.6,1000,0.2,1400,0.2,2
13,12,854,1,0,300,0.5,1700,0.5,0
13,13,661,1,0,500,0.6,1000,0.2,1400,0.2,2
13,14,698,2,10,5,0,300,0.5,1700,0.5,1
13,15,445,1,0,500,0.6,1000,0.2,1400,0.2,2
13,16,849,0,0,300,0.5,1700,0.5,1
13,17,235,1,0,300,0.5,1700,0.5,0
13,18,928,1,0,300,0.5,1700,0.5,1
13,19,277,0,0,300,0.5,1700,0.5,2
14,0,893,0,0,500,0.6,1000,0.2,1400,0.2,1
14,1,227,0,0,500,0.6,1000,0.2,1400,0.2,2
14,2,448,0,0,300,0.5,1700,0.5,0
14,3,230,1,0,300,0.5,1700,0.5,1
14,4,258,2,10,5,0,300,0.5,1700,0.5,2
14,5,418,0,0,500,0.6,1000,0.2,1400,0.2,0
14,6,772,0,0,300,0.5,1700,0.5,0
14,7,42,2,10,5,0,300,0.5,1700,0.5,1
14,8,236,2,10,5,0,500,0.6,1000,0.2,1400,0.2,0
14,9,970,1,0,300,0.5,1700,0.5,1
14,10,421,0,0,500,0.6,1000,0.2,1400,0.2,1
14,11,721,2,10,5,0,300,0.5,1700,0.5,0
14,12,907,0,0,300,0.5,1700,0.5,1
14,13,316,2,10,5,0,500,0.6,1000,0.2,1400,0.2,2
14,14,242,2,10,5,0,500,0.6,1000,0.2,1400,0.2,0
14,15,942,2,10,5,0,500,0.6,1000,0.2,1400,0.2,1
14,16,621,0,0,500,0.6,1000,0.2,1400,0.2,1
14,17,667,0,0,500,0.6,1000,0.2,1400,0.2,1
14,18,619,0,0,500,0.6,1000,0.2,1400,0.2,1
14,19,392,0,0,500,0.6,1000,0.2,1400,0.2,2
15,0,35,1,0,500,0.6,1000,0.2,1400,0.2,2
15,1,344,0,0,500,0.6,1000,0.2,1400,0.2,2
15,2,139,0,0,500,0.6,1000,0.2,1400,0.2,0
15,3,349,2,10,5,0,300,0.5,1700,0.5,0
15,4,771,0,0,500,0.6,1000,0.2,1400,0.2,0
15,5,535,2,10,5,0,500,0.6,1000,0.2,1400,0.2,0
15,6,993,1,0,500,0.6,1000,0.2,1400,0.2,2
15,7,184,2,10,5,0,300,0.5,1700,0.5,2
15,8,325,2,10,5,0,300,0.5,1700,0.5,0
15,9,376,2,10,5,0,500,0.6,1000,0.2,1400,0.2,1
15,10,461,2,10,5,0,300,0.5,1700,0.5,0
15,11,359,0,0,300,0.5,1700,0.5,0
15,12,891,1,0,500,0.6,1000,0.2,1400,0.2,1
15,13,543,2,10,5,0,300,0.5,1700,0.5,1
15,14,610,1,0,500,0.6,1000,0.2,1400,0.2,0
15,15,95,1,0,300,0.5,1700,0.5,2
15,16,293,0,0,300,0.5,1700,0.5,1
15,17,645,0,0,300,0.5,1700,0.5,0
15,18,520,0,0,300,0.5,1700,0.5,2
15,19,494,2,10,5,0,300,0.5,1700,0.5,2
16,0,22,0,0,500,0.6,1000,0.2,1400,0.2,0
16,1,879,2,10,5,0,500,0.6,1000,0.2,1400,0.2,1
16,2,75,2,10,5,0,500,0.6,1000,0.2,1400,0.2,1
16,3,704,2,10,5,0,500,0.6,1000,0.2,1400,0.2,1
16,4,278,0,0,300,0.5,1700,0.5,2
16,5,963,1,0,300,0.5,1700,0.5,2
16,6,385,1,0,300,0.5,1700,0.5,2
16,7,452,2,10,5,0,300,0.5,1700,0.5,0
16,8,676,2,10,5,0,300,0.5,1700,0.5,2
16,9,218,1,0,500,0.6,1000,0.2,1400,0.2,2
16,10,957,2,10,5,0,300,0.5,1700,0.5,0
16,11,886,1,0,500,0.6,1000,0.2,1400,0.2,2
16,12,356,1,0,500,0.6,1000,0.2,1400,0.2,2
16,13,447,2,10,5,0,300,0.5,1700,0.5,0
16,14,763,2,10,5,0,500,0.6,1000,0.2,1400,0.2,2
16,15,479,0,0,500,0.6,1000,0.2,1400,0.2,0
16,16,339,2,10,5,0,300,0.5,1700,0.5,2
16,17,631,2,10,5,0,300,0.5,1700,0.5,1
16,18,884,0,0,300,0.5,1700,0.5,2
16,19,715,1,0,300,0.5,1700,0.5,2
17,0,218,2,10,5,0,300,0.5,1700,0.5,0
17,1,608,1,0,500,0.6,1000,0.2,1400,0.2,0
17,2,148,0,0,500,0.6,1000,0.2,1400,0.2,1
17,3,491,1,0,300,0.5,1700,0.5,0
17,4,212,0,0,500,0.6,1000,0.2,1400,0.2,0
17,5,114,1,0,300,0.5,1700,0.5,2
17,6,783,1,0,500,0.6,1000,0.2,1400,0.2,0
17,7,328,1,0,500,0.6,1000,0.2,1400,0.2,0
17,8,463,2,10,5,0,500,0.6,1000,0.2,1400,0.2,1
17,9,516,1,0,500,0.6,1000,0.2,1400,0.2,0
17,10,340,2,10,5,0,300,0.5,1700,0.5,2
17,11,653,1,0,500,0.6,1000,0.2,1400,0.2,1
17,12,478,0,0,300,0.5,1700,0.5,0
17,13,454,1,0,500,0.6,1000,0.2,1400,0.2,1
17,14,987,1,0,300,0.5,1700,0.5,0
17,15,528,1,0,300,0.5,1700,0.5,0
17,16,216,0,0,300,0.5,1700,0.5,2
17,17,742,2,10,5,0,500,0.6,1000,0.2,1400,0.2,1
17,18,67,2,10,5,0,300,0.5,1700,0.5,1
17,19,804,1,0,500,0.6,1000,0.2,1400,0.2,0
18,0,13,1,0,300,0.5,1700,0.5,1
18,1,844,0,0,500,0.6,1000,0.2,1400,0.2,1
18,2,643,0,0,500,0.6,1000,0.2,1400,0.2,1
18,3,507,2,10,5,0,300,0.5,1700,0.5,1
18,4,621,2,10,5,0,500,0.6,1000,0.2,1400,0.2,2
18,5,977,1,0,500,0.6,1000,0.2,1400,0.2,2
18,6,203,1,0,300,0.5,1700,0.5,1
18,7,480,0,0,300,0.5,1700,0.5,0
18,8,321,1,0,300,0.5,1700,0.5,0
18,9,136,1,0,300,0.5,1700,0.5,2
18,10,781,1,0,500,0.6,1000,0.2,1400,0.2,2
18,11,308,0,0,500,0.6,1000,0.2,1400,0.2,0
18,12,883,1,0,500,0.6,1000,0.2,1400,0.2,2
18,13,895,2,10,5,0,500,0.6,1000,0.2,1400,0.2,1
18,14,825,2,10,5,0,300,0.5,1700,0.5,0
18,15,507,1,0,300,0.5,1700,0.5,2
18,16,322,2,10,5,0,500,0.6,1000,0.2,1400,0.2,2
18,17,540,1,0,500,0.6,1000,0.2,1400,0.2,0
18,18,693,1,0,500,0.6,1000,0.2,1400,0.2,0
18,19,342,2,10,5,0,300,0.5,1700,0.5,0
19,0,96,2,10,5,0,300,0.5,1700,0.5,2
19,1,197,1,0,500,0.6,1000,0.2,1400,0.2,2
19,2,588,1,0,500,0.6,1000,0.2,1400,0.2,1
19,3,730,2,10,5,0,500,0.6,1000,0.2,1400,0.2,2
19,4,254,1,0,500,0.6,1000,0.2,1400,0.2,2
19,5,836,0,0,300,0.5,1700,0.5,0
19,6,901,1,0,500,0.6,1000,0.2,1400,0.2,2
19,7,953,0,0,500,0.6,1000,0.2,1400,0.2,2
19,8,98,0,0,300,0.5,1700,0.5,1
19,9,801,2,10,5,0,300,0.5,1700,0.5,2
19,10,461,0,0,500,0.6,1000,0.2,1400,0.2,1
19,11,402,1,0,300,0.5,1700,0.5,0
19,12,816,1,0,500,0.6,1000,0.2,1400,0.2,1
19,13,677,2,10,5,0,300,0.5,1700,0.5,0
19,14,646,1,0,500,0.6,1000,0.2,1400,0.2,1
19,15,688,1,0,300,0.5,1700,0.5,0
19,16,762,0,0,300,0.5,1700,0.5,1
19,17,647,1,0,300,0.5,1700,0.5,0
19,18,643,1,0,300,0.5,1700,0.5,2
19,19,878,2,10,5,0,500,0.6,1000,0.2,1400,0.2,0
