0,0,399,0,0,300,0.5,1700,0.5,1
0,1,479,0,0,300,0.5,1700,0.5,2
0,2,478,0,0,500,0.6,1000,0.2,1400,0.2,2
0,3,317,0,0,500,0.6,1000,0.2,1400,0.2,1
0,4,411,1,0,300,0.5,1700,0.5,0
0,5,963,0,0,500,0.6,1000,0.2,1400,0.2,1
0,6,52,2,10,5,0,500,0.6,1000,0.2,1400,0.2,0
0,7,508,0,0,500,0.6,1000,0.2,1400,0.2,0
0,8,921,0,0,500,0.6,1000,0.2,1400,0.2,1
0,9,320,2,10,5,0,300,0.5,1700,0.5,2
0,10,949,0,0,300,0.5,1700,0.5,1
0,11,679,2,10,5,0,300,0.5,1700,0.5,2
0,12,726,0,0,500,0.6,1000,0.2,1400,0.2,0
0,13,150,1,0,500,0.6,1000,0.2,1400,0.2,2
0,14,90,2,10,5,0,500,0.6,1000,0.2,1400,0.2,2
0,15,309,2,10,5,0,500,0.6,1000,0.2,1400,0.2,1
0,16,364,1,0,300,0.5,1700,0.5,2
0,17,224,2,10,5,0,500,0.6,1000,0.2,1400,0.2,1
0,18,832,0,0,300,0.5,1700,0.5,1
0,19,702,1,0,300,0.5,1700,0.5,0
1,0,959,2,10,5,0,500,0.6,1000,0.2,1400,0.2,2
1,1,102,1,0,300,0.5,1700,0.5,2
1,2,771,2,10,5,0,300,0.5,1700,0.5,1
1,3,245,0,0,500,0.6,1000,0.2,1400,0.2,1
1,4,10,1,0,300,0.5,1700,0.5,1
1,5,875,1,0,500,0.6,1000,0.2,1400,0.2,1
1,6,48,2,10,5,0,500,0.6,1000,0.2,1400,0.2,2
1,7,751,2,10,5,0,500,0.6,1000,0.2,1400,0.2,0
1,8,286,1,0,300,0.5,1700,0.5,0
1,9,678,2,10,5,0,500,0.6,1000,0.2,1400,0.2,2
1,10,206,2,10,5,0,300,0.5,1700,0.5,0
1,11,761,1,0,300,0.5,1700,0.5,0
1,12,38,2,10,5,0,300,0.5,1700,0.5,1
1,13,607,0,0,300,0.5,1700,0.5,0
1,14,317,1,0,300,0.5,1700,0.5,1
1,15,840,1,0,500,0.6,1000,0.2,1400,0.2,0
1,16,894,2,10,5,0,500,0.6,1000,0.2,1400,0.2,1
1,17,227,1,0,500,0.6,1000,0.2,1400,0.2,0
1,18,245,1,0,500,0.6,1000,0.2,1400,0.2,0
1,19,858,2,10,5,0,500,0.6,1000,0.2,1400,0.2,2
2,0,198,2,10,5,0,500,0.6,1000,0.2,1400,0.2,2
2,1,105,1,0,300,0.5,1700,0.5,0
2,2,530,2,10,5,0,300,0.5,1700,0.5,0
2,3,236,1,0,500,0.6,1000,0.2,1400,0.2,1
2,4,731,2,10,5,0,300,0.5,1700,0.5,2
2,5,977,1,0,300,0.5,1700,0.5,0
2,6,778,1,0,300,0.5,1700,0.5,2
2,7,928,1,0,300,0.5,1700,0.5,2
2,8,268,2,10,5,0,300,0.5,1700,0.5,1
2,9,699,0,0,300,0.5,1700,0.5,0
2,10,888,0,0,300,0.5,1700,0.5,0
2,11,588,1,0,500,0.6,1000,0.2,1400,0.2,2
2,12,879,2,10,5,0,500,0.6,1000,0.2,1400,0.2,0
2,13,728,1,0,300,0.5,1700,0.5,0
2,14,325,0,0,300,0.5,1700,0.5,1
2,15,62,0,0,500,0.6,1000,0.2,1400,0.2,1
2,16,884,2,10,5,0,500,0.6,1000,0.2,1400,0.2,0
2,17,539,1,0,500,0.6,1000,0.2,1400,0.2,1
2,18,352,2,10,5,0,500,0.6,1000,0.2,1400,0.2,1
2,19,539,2,10,5,0,300,0.5,1700,0.5,2
3,0,191,1,0,500,0.6,1000,0.2,1400,0.2,0
3,1,126,0,0,300,0.5,1700,0.5,0
3,2,321,1,0,500,0.6,1000,0.2,1400,0.2,0
3,3,333,1,0,300,0.5,1700,0.5,0
3,4,479,1,0,500,0.6,1000,0.2,1400,0.2,2
3,5,425,2,10,5,0,300,0.5,1700,0.5,2
3,6,704,0,0,500,0.6,1000,0.2,1400,0.2,0
3,7,446,1,0,500,0.6,1000,0.2,1400,0.2,1
3,8,108,0,0,300,0.5,1700,0.5,2
3,9,645,0,0,500,0.6,1000,0.2,1400,0.2,0
3,10,745,1,0,300,0.5,1700,0.5,2
3,11,280,2,10,5,0,500,0.6,1000,0.2,1400,0.2,2
3,12,524,1,0,300,0.5,1700,0.5,2
3,13,484,2,10,5,0,500,0.6,1000,0.2,1400,0.2,2
3,14,48,1,0,300,0.5,1700,0.5,1
3,15,608,1,0,500,0.6,1000,0.2,1400,0.2,2
3,16,631,0,0,300,0.5,1700,0.5,0
3,17,447,1,0,300,0.5,1700,0.5,1
3,18,118,1,0,300,0.5,1700,0.5,2
3,19,761,1,0,500,0.6,1000,0.2,1400,0.2,0
4,0,851,0,0,500,0.6,1000,0.2,1400,0.2,0
4,1,283,0,0,500,0.6,1000,0.2,1400,0.2,1
4,2,501,0,0,500,0.6,1000,0.2,1400,0.2,0
4,3,987,1,0,500,0.6,1000,0.2,1400,0.2,0
4,4,312,1,0,500,0.6,1000,0.2,1400,0.2,1
4,5,781,1,0,500,0.6,1000,0.2,1400,0.2,2
4,6,305,1,0,500,0.6,1000,0.2,1400,0.2,2
4,7,365,0,0,500,0.6,1000,0.2,1400,0.2,1
4,8,84,1,0,500,0.6,1000,0.2,1400,0.2,1
4,9,602,1,0,300,0.5,1700,0.5,1
4,10,654,2,10,5,0,300,0.5,1700,0.5,2
4,11,455,2,10,5,0,500,0.6,1000,0.2,1400,0.2,0
4,12,931,0,0,300,0.5,1700,0.5,0
4,13,708,2,10,5,0,300,0.5,1700,0.5,2
4,14,993,2,10,5,0,300,0.5,1700,0.5,2
4,15,320,0,0,300,0.5,1700,0.5,2
4,16,105,0,0,300,0.5,1700,0.5,1
4,17,611,1,0,500,0.6,1000,0.2,1400,0.2,0
4,18,153,0,0,300,0.5,1700,0.5,1
4,19,801,1,0,300,0.5,1700,0.5,0
5,0,958,1,0,500,0.6,1000,0.2,1400,0.2,2
5,1,732,1,0,500,0.6,1000,0.2,1400,0.2,2
5,2,422,0,0,500,0.6,1000,0.2,1400,0.2,1
5,3,88,0,0,500,0.6,1000,0.2,1400,0.2,2
5,4,527,0,0,500,0.6,1000,0.2,1400,0.2,0
5,5,309,2,10,5,0,500,0.6,1000,0.2,1400,0.2,1
5,6,931,1,0,500,0.6,1000,0.2,1400,0.2,0
5,7,107,1,0,300,0.5,1700,0.5,1
5,8,281,2,10,5,0,300,0.5,1700,0.5,0
5,9,260,0,0,500,0.6,1000,0.2,1400,0.2,1
5,10,756,2,10,5,0,300,0.5,1700,0.5,2
5,11,822,0,0,500,0.6,1000,0.2,1400,0.2,0
5,12,703,2,10,5,0,500,0.6,1000,0.2,1400,0.2,1
5,13,660,2,10,5,0,300,0.5,1700,0.5,1
5,14,272,1,0,300,0.5,1700,0.5,0
5,15,649,0,0,500,0.6,1000,0.2,1400,0.2,0
5,16,74,1,0,500,0.6,1000,0.2,1400,0.2,1
5,17,751,0,0,300,0.5,1700,0.5,1
5,18,269,1,0,300,0.5,1700,0.5,1
5,19,822,2,10,5,0,500,0.6,1000,0.2,1400,0.2,1
6,0,809,2,10,5,0,500,0.6,1000,0.2,1400,0.2,1
6,1,152,2,10,5,0,500,0.6,1000,0.2,1400,0.2,1
6,2,452,2,10,5,0,500,0.6,1000,0.2,1400,0.2,2
6,3,344,0,0,300,0.5,1700,0.5,2
6,4,187,0,0,500,0.6,1000,0.2,1400,0.2,2
6,5,714,1,0,300,0.5,1700,0.5,2
6,6,231,1,0,500,0.6,1000,0.2,1400,0.2,0
6,7,158,2,10,5,0,500,0.6,1000,0.2,1400,0.2,1
6,8,468,2,10,5,0,300,0.5,1700,0.5,0
6,9,114,1,0,300,0.5,1700,0.5,1
6,10,875,1,0,500,0.6,1000,0.2,1400,0.2,0
6,11,913,2,10,5,0,500,0.6,1000,0.2,1400,0.2,2
6,12,979,2,10,5,0,500,0.6,1000,0.2,1400,0.2,2
6,13,93,0,0,300,0.5,1700,0.5,2
6,14,394,2,10,5,0,300,0.5,1700,0.5,2
6,15,191,2,10,5,0,300,0.5,1700,0.5,0
6,16,508,2,10,5,0,300,0.5,1700,0.5,0
6,17,979,0,0,500,0.6,1000,0.2,1400,0.2,2
6,18,655,2,10,5,0,500,0.6,1000,0.2,1400,0.2,0
6,19,695,1,0,300,0.5,1700,0.5,0
7,0,782,0,0,500,0.6,1000,0.2,1400,0.2,1
7,1,119,1,0,500,0.6,1000,0.2,1400,0.2,0
7,2,795,2,10,5,0,300,0.5,1700,0.5,1
7,3,685,0,0,300,0.5,1700,0.5,1
7,4,349,0,0,300,0.5,1700,0.5,0
7,5,660,0,0,300,0.5,1700,0.5,1
7,6,580,1,0,500,0.6,1000,0.2,1400,0.2,2
7,7,728,0,0,300,0.5,1700,0.5,2
7,8,201,1,0,300,0.5,1700,0.5,2
7,9,588,1,0,300,0.5,1700,0.5,1
7,10,822,0,0,500,0.6,1000,0.2,1400,0.2,1
7,11,93,1,0,500,0.6,1000,0.2,1400,0.2,1
7,12,258,0,0,300,0.5,1700,0.5,1
7,13,575,1,0,300,0.5,1700,0.5,1
7,14,690,1,0,500,0.6,1000,0.2,1400,0.2,0
7,15,704,2,10,5,0,300,0.5,1700,0.5,1
7,16,27,1,0,300,0.5,1700,0.5,0
7,17,30,2,10,5,0,300,0.5,1700,0.5,1
7,18,989,2,10,5,0,300,0.5,1700,0.5,2
7,19,861,2,10,5,0,500,0.6,1000,0.2,1400,0.2,1
8,0,89,1,0,500,0.6,1000,0.2,1400,0.2,0
8,1,688,2,10,5,0,300,0.5,1700,0.5,0
8,2,182,2,10,5,0,300,0.5,1700,0.5,2
8,3,243,1,0,300,0.5,1700,0.5,2
8,4,943,0,0,300,0.5,1700,0.5,1
8,5,663,2,10,5,0,500,0.6,1000,0.2,1400,0.2,2
8,6,602,2,10,5,0,300,0.5,1700,0.5,2
8,7,802,0,0,500,0.6,1000,0.2,1400,0.2,2
8,8,280,0,0,300,0.5,1700,0.5,0
8,9,972,2,10,5,0,500,0.6,1000,0.2,1400,0.2,1
8,10,824,0,0,300,0.5,1700,0.5,0
8,11,585,0,0,500,0.6,1000,0.2,1400,0.2,2
8,12,304,0,0,500,0.6,1000,0.2,1400,0.2,0
8,13,62,0,0,300,0.5,1700,0.5,1
8,14,687,2,10,5,0,500,0.6,1000,0.2,1400,0.2,0
8,15,224,2,10,5,0,300,0.5,1700,0.5,2
8,16,687,1,0,300,0.5,1700,0.5,0
8,17,664,1,0,500,0.6,1000,0.2,1400,0.2,0
8,18,125,0,0,500,0.6,1000,0.2,1400,0.2,0
8,19,103,2,10,5,0,500,0.6,1000,0.2,1400,0.2,0
9,0,75,0,0,500,0.6,1000,0.2,1400,0.2,2
9,1,31,1,0,500,0.6,1000,0.2,1400,0.2,2
9,2,366,1,0,500,0.6,1000,0.2,1400,0.2,2
9,3,413,1,0,500,0.6,1000,0.2,1400,0.2,0
9,4,819,0,0,500,0.6,1000,0.2,1400,0.2,0
9,5,785,2,10,5,0,300,0.5,1700,0.5,0
9,6,753,2,10,5,0,500,0.6,1000,0.2,1400,0.2,1
9,7,860,0,0,500,0.6,1000,0.2,1400,0.2,0
9,8,210,2,10,5,0,500,0.6,1000,0.2,1400,0.2,0
9,9,433,0,0,500,0.6,1000,0.2,1400,0.2,2
9,10,983,0,0,500,0.6,1000,0.2,1400,0.2,1
9,11,557,1,0,300,0.5,1700,0.5,1
9,12,614,0,0,300,0.5,1700,0.5,0
9,13,993,0,0,500,0.6,1000,0.2,1400,0.2,1
9,14,144,0,0,500,0.6,1000,0.2,1400,0.2,1
9,15,93,2,10,5,0,500,0.6,1000,0.2,1400,0.2,0
9,16,771,0,0,300,0.5,1700,0.5,2
9,17,176,0,0,300,0.5,1700,0.5,1
9,18,68,1,0,300,0.5,1700,0.5,0
9,19,354,1,0,500,0.6,1000,0.2,1400,0.2,0
10,0,578,1,0,300,0.5,1700,0.5,0
10,1,567,0,0,300,0.5,1700,0.5,1
10,2,266,2,10,5,0,300,0.5,1700,0.5,0
10,3,612,2,10,5,0,500,0.6,1000,0.2,1400,0.2,0
10,4,60,1,0,300,0.5,1700,0.5,2
10,5,995,0,0,500,0.6,1000,0.2,1400,0.2,0
10,6,660,1,0,500,0.6,1000,0.2,1400,0.2,1
10,7,852,1,0,300,0.5,1700,0.5,1
10,8,947,2,10,5,0,500,0.6,1000,0.2,1400,0.2,2
10,9,541,1,0,300,0.5,1700,0.5,0
10,10,758,2,10,5,0,500,0.6,1000,0.2,1400,0.2,2
10,11,944,0,0,500,0.6,1000,0.2,1400,0.2,2
10,12,33,2,10,5,0,500,0.6,1000,0.2,1400,0.2,0
10,13,327,2,10,5,0,500,0.6,1000,0.2,1400,0.2,2
10,14,280,1,0,500,0.6,1000,0.2,1400,0.2,0
10,15,316,0,0,300,0.5,1700,0.5,1
10,16,961,1,0,500,0.6,1000,0.2,1400,0.2,1
10,17,945,2,10,5,0,300,0.5,1700,0.5,1
10,18,740,1,0,500,0.6,1000,0.2,1400,0.2,1
10,19,486,0,0,500,0.6,1000,0.2,1400,0.2,0
11,0,98,0,0,300,0.5,1700,0.5,1
11,1,260,2,10,5,0,300,0.5,1700,0.5,1
11,2,481,2,10,5,0,300,0.5,1700,0.5,2
11,3,956,2,10,5,0,300,0.5,1700,0.5,2
11,4,993,1,0,500,0.6,1000,0.2,1400,0.2,1
11,5,351,1,0,300,0.5,1700,0.5,0
11,6,556,2,10,5,0,500,0.6,1000,0.2,1400,0.2,2
11,7,329,2,10,5,0,300,0.5,1700,0.5,1
11,8,328,2,10,5,0,500,0.6,1000,0.2,1400,0.2,2
11,9,797,2,10,5,0,500,0.6,1000,0.2,1400,0.2,1
11,10,455,1,0,500,0.6,1000,0.2,1400,0.2,1
11,11,646,2,10,5,0,300,0.5,1700,0.5,0
11,12,966,1,0,500,0.6,1000,0.2,1400,0.2,0
11,13,373,1,0,300,0.5,1700,0.5,0
11,14,956,1,0,500,0.6,1000,0.2,1400,0.2,0
11,15,993,0,0,500,0.6,1000,0.2,1400,0.2,2
11,16,870,1,0,500,0.6,1000,0.2,1400,0.2,1
11,17,701,1,0,300,0.5,1700,0.5,0
11,18,88,2,10,5,0,300,0.5,1700,0.5,1
11,19,554,1,0,500,0.6,1000,0.2,1400,0.2,2
12,0,957,2,10,5,0,500,0.6,1000,0.2,1400,0.2,2
12,1,69,2,10,5,0,500,0.6,1000,0.2,1400,0.2,0
12,2,33,1,0,300,0.5,1700,0.5,0
12,3,677,2,10,5,0,300,0.5,1700,0.5,1
12,4,754,1,0,300,0.5,1700,0.5,2
12,5,558,1,0,300,0.5,1700,0.5,0
12,6,388,1,0,500,0.6,1000,0.2,1400,0.2,2
12,7,259,0,0,500,0.6,1000,0.2,1400,0.2,2
12,8,278,0,0,300,0.5,1700,0.5,2
12,9,887,2,10,5,0,300,0.5,1700,0.5,2
12,10,119,0,0,500,0.6,1000,0.2,1400,0.2,1
12,11,699,1,0,300,0.5,1700,0.5,1
12,12,801,0,0,300,0.5,1700,0.5,1
12,13,37,2,10,5,0,300,0.5,1700,0.5,2
12,14,386,1,0,300,0.5,1700,0.5,1
12,15,847,0,0,500,0.6,1000,0.2,1400,0.2,0
12,16,575,2,10,5,0,500,0.6,1000,0.2,1400,0.2,2
12,17,213,1,0,500,0.6,1000,0.2,1400,0.2,2
12,18,91,0,0,500,0.6,1000,0.2,1400,0.2,2
12,19,727,0,0,500,0.6,1000,0.2,1400,0.2,0
13,0,86,0,0,500,0.6,1000,0.2,1400,0.2,1
13,1,826,1,0,500,0.6,1000,0.2,1400,0.2,2
13,2,185,1,0,500,0.6,1000,0.2,1400,0.2,0
13,3,238,1,0,300,0.5,1700,0.5,2
13,4,695,2,10,5,0,500,0.6,1000,0.2,1400,0.2,1
13,5,278,0,0,300,0.5,1700,0.5,1
13,6,200,1,0,500,0.6,1000,0.2,1400,0.2,2
13,7,828,1,0,300,0.5,1700,0.5,2
13,8,461,2,10,5,0,500,0.6,1000,0.2,1400,0.2,0
13,9,941,2,10,5,0,300,0.5,1700,0.5,2
13,10,681,2,10,5,0,300,0.5,1700,0.5,2
13,11,755,1,0,300,0.5,1700,0.5,0
13,12,808,0,0,500,0.6,1000,0.2,1400,0.2,2
13,13,148,0,0,300,0.5,1700,0.5,1
13,14,186,0,0,300,0.5,1700,0.5,1
13,15,589,0,0,500,0.6,1000,0.2,1400,0.2,1
13,16,832,2,10,5,0,300,0.5,1700,0.5,0
13,17,629,0,0,300,0.5,1700,0.5,2
13,18,541,0,0,500,0.6,1000,0.2,1400,0.2,0
13,19,988,1,0,300,0.5,1700,0.5,0
14,0,793,1,0,500,0.6,1000,0.2,1400,0.2,2
14,1,15,1,0,300,0.5,1700,0.5,2
14,2,587,2,10,5,0,500,0.6,1000,0.2,1400,0.2,0
14,3,328,1,0,500,0.6,1000,0.2,1400,0.2,2
14,4,904,1,0,300,0.5,1700,0.5,1
14,5,813,0,0,500,0.6,1000,0.2,1400,0.2,0
14,6,772,0,0,300,0.5,1700,0.5,1
14,7,481,1,0,300,0.5,1700,0.5,2
14,8,893,2,10,5,0,300,0.5,1700,0.5,0
14,9,984,2,10,5,0,500,0.6,1000,0.2,1400,0.2,2
14,10,357,0,0,300,0.5,1700,0.5,1
14,11,637,0,0,300,0.5,1700,0.5,0
14,12,843,1,0,500,0.6,1000,0.2,1400,0.2,2
14,13,744,2,10,5,0,300,0.5,1700,0.5,1
14,14,587,2,10,5,0,300,0.5,1700,0.5,0
14,15,340,0,0,300,0.5,1700,0.5,2
14,16,542,0,0,300,0.5,1700,0.5,0
14,17,259,0,0,500,0.6,1000,0.2,1400,0.2,1
14,18,859,2,10,5,0,500,0.6,1000,0.2,1400,0.2,2
14,19,905,2,10,5,0,300,0.5,1700,0.5,1
15,0,320,0,0,500,0.6,1000,0.2,1400,0.2,1
15,1,101,0,0,300,0.5,1700,0.5,1
15,2,348,1,0,500,0.6,1000,0.2,1400,0.2,0
15,3,623,1,0,300,0.5,1700,0.5,0
15,4,420,1,0,300,0.5,1700,0.5,0
15,5,906,1,0,300,0.5,1700,0.5,1
15,6,417,0,0,300,0.5,1700,0.5,0
15,7,96,0,0,500,0.6,1000,0.2,1400,0.2,0
15,8,696,0,0,500,0.6,1000,0.2,1400,0.2,0
15,9,249,1,0,500,0.6,1000,0.2,1400,0.2,1
15,10,674,1,0,300,0.5,1700,0.5,1
15,11,254,2,10,5,0,300,0.5,1700,0.5,0
15,12,750,0,0,500,0.6,1000,0.2,1400,0.2,0
15,13,304,1,0,500,0.6,1000,0.2,1400,0.2,1
15,14,875,1,0,300,0.5,1700,0.5,2
15,15,33,0,0,300,0.5,1700,0.5,1
15,16,190,2,10,5,0,300,0.5,1700,0.5,0
15,17,25,1,0,300,0.5,1700,0.5,1
15,18,91,1,0,300,0.5,1700,0.5,0
15,19,174,1,0,300,0.5,1700,0.5,0
16,0,983,1,0,300,0.5,1700,0.5,1
16,1,191,0,0,500,0.6,1000,0.2,1400,0.2,2
16,2,768,0,0,300,0.5,1700,0.5,2
16,3,969,2,10,5,0,300,0.5,1700,0.5,0
16,4,63,2,10,5,0,300,0.5,1700,0.5,0
16,5,400,0,0,500,0.6,1000,0.2,1400,0.2,1
16,6,194,0,0,500,0.6,1000,0.2,1400,0.2,1
16,7,118,0,0,300,0.5,1700,0.5,0
16,8,839,0,0,300,0.5,1700,0.5,2
16,9,760,2,10,5,0,300,0.5,1700,0.5,0
16,10,704,0,0,300,0.5,1700,0.5,1
16,11,646,2,10,5,0,300,0.5,1700,0.5,1
16,12,10,1,0,500,0.6,1000,0.2,1400,0.2,2
16,13,135,2,10,5,0,300,0.5,1700,0.5,2
16,14,71,0,0,500,0.6,1000,0.2,1400,0.2,1
16,15,345,2,10,5,0,300,0.5,1700,0.5,0
16,16,567,0,0,300,0.5,1700,0.5,2
16,17,300,1,0,500,0.6,1000,0.2,1400,0.2,2
16,18,810,2,10,5,0,300,0.5,1700,0.5,1
16,19,101,0,0,500,0.6,1000,0.2,1400,0.2,2
17,0,854,0,0,500,0.6,1000,0.2,1400,0.2,2
17,1,702,2,10,5,0,300,0.5,1700,0.5,0
17,2,456,2,10,5,0,300,0.5,1700,0.5,1
17,3,903,0,0,300,0.5,1700,0.5,2
17,4,235,0,0,300,0.5,1700,0.5,2
17,5,590,2,10,5,0,500,0.6,1000,0.2,1400,0.2,2
17,6,765,0,0,300,0.5,1700,0.5,2
17,7,700,0,0,300,0.5,1700,0.5,1
17,8,545,2,10,5,0,300,0.5,1700,0.5,1
17,9,399,0,0,300,0.5,1700,0.5,1
17,10,182,2,10,5,0,500,0.6,1000,0.2,1400,0.2,0
17,11,49,2,10,5,0,300,0.5,1700,0.5,2
17,12,759,2,10,5,0,500,0.6,1000,0.2,1400,0.2,2
17,13,747,0,0,300,0.5,1700,0.5,0
17,14,64,2,10,5,0,500,0.6,1000,0.2,1400,0.2,0
17,15,989,1,0,500,0.6,1000,0.2,1400,0.2,2
17,16,686,1,0,300,0.5,1700,0.5,1
17,17,892,0,0,300,0.5,1700,0.5,1
17,18,705,0,0,300,0.5,1700,0.5,2
17,19,253,2,10,5,0,500,0.6,1000,0.2,1400,0.2,1
18,0,372,0,0,300,0.5,1700,0.5,1
18,1,275,2,10,5,0,500,0.6,1000,0.2,1400,0.2,1
18,2,191,1,0,300,0.5,1700,0.5,2
18,3,72,0,0,500,0.6,1000,0.2,1400,0.2,2
18,4,100,2,10,5,0,300,0.5,1700,0.5,0
18,5,971,2,10,5,0,300,0.5,1700,0.5,2
18,6,348,2,10,5,0,500,0.6,1000,0.2,1400,0.2,0
18,7,341,1,0,300,0.5,1700,0.5,2
18,8,85,0,0,300,0.5,1700,0.5,2
18,9,844,2,10,5,0,300,0.5,1700,0.5,0
18,10,793,2,10,5,0,500,0.6,1000,0.2,1400,0.2,1
18,11,456,1,0,500,0.6,1000,0.2,1400,0.2,1
18,12,612,2,10,5,0,300,0.5,1700,0.5,0
18,13,766,2,10,5,0,300,0.5,1700,0.5,1
18,14,941,0,0,500,0.6,1000,0.2,1400,0.2,0
18,15,619,2,10,5,0,300,0.5,1700,0.5,0
18,16,348,0,0,500,0.6,1000,0.2,1400,0.2,2
18,17,378,0,0,500,0.6,1000,0.2,1400,0.2,2
18,18,553,1,0,300,0.5,1700,0.5,1
18,19,79,1,0,500,0.6,1000,0.2,1400,0.2,1
19,0,232,0,0,300,0.5,1700,0.5,0
19,1,643,2,10,5,0,500,0.6,1000,0.2,1400,0.2,1
19,2,400,2,10,5,0,500,0.6,1000,0.2,1400,0.2,1
19,3,182,0,0,500,0.6,1000,0.2,1400,0.2,2
19,4,439,2,10,5,0,500,0.6,1000,0.2,1400,0.2,2
19,5,224,1,0,500,0.6,1000,0.2,1400,0.2,0
19,6,836,0,0,500,0.6,1000,0.2,1400,0.2,2
19,7,795,0,0,300,0.5,1700,0.5,0
19,8,905,1,0,300,0.5,1700,0.5,1
19,9,395,1,0,300,0.5,1700,0.5,2
19,10,305,0,0,300,0.5,1700,0.5,1
19,11,195,0,0,500,0.6,1000,0.2,1400,0.2,0
19,12,296,2,10,5,0,300,0.5,1700,0.5,1
19,13,577,0,0,500,0.6,1000,0.2,1400,0.2,1
19,14,892,1,0,500,0.6,1000,0.2,1400,0.2,2
19,15,252,2,10,5,0,500,0.6,1000,0.2,1400,0.2,0
19,16,725,2,10,5,0,300,0.5,1700,0.5,1
19,17,166,2,10,5,0,300,0.5,1700,0.5,0
19,18,632,2,10,5,0,300,0.5,1700,0.5,1
19,19,826,2,10,5,0,300,0.5,1700,0.5,0
