0,0,538,1,0,300,0.5,1700,0.5,2
0,1,72,0,0,300,0.5,1700,0.5,2
0,2,715,0,0,300,0.5,1700,0.5,2
0,3,669,0,0,300,0.5,1700,0.5,2
0,4,221,0,0,500,0.6,1000,0.2,1400,0.2,2
0,5,85,2,10,5,0,300,0.5,1700,0.5,0
0,6,782,2,10,5,0,300,0.5,1700,0.5,2
0,7,424,2,10,5,0,300,0.5,1700,0.5,0
0,8,436,0,0,500,0.6,1000,0.2,1400,0.2,1
0,9,864,0,0,500,0.6,1000,0.2,1400,0.2,0
0,10,252,2,10,5,0,300,0.5,1700,0.5,1
0,11,33,1,0,500,0.6,1000,0.2,1400,0.2,2
0,12,923,2,10,5,0,500,0.6,1000,0.2,1400,0.2,1
0,13,530,0,0,300,0.5,1700,0.5,1
0,14,699,0,0,500,0.6,1000,0.2,1400,0.2,0
0,15,612,0,0,500,0.6,1000,0.2,1400,0.2,1
0,16,392,2,10,5,0,300,0.5,1700,0.5,1
0,17,386,2,10,5,0,500,0.6,1000,0.2,1400,0.2,1
0,18,23,2,10,5,0,500,0.6,1000,0.2,1400,0.2,1
0,19,165,0,0,500,0.6,1000,0.2,1400,0.2,1
1,0,131,2,10,5,0,300,0.5,1700,0.5,1
1,1,65,1,0,300,0.5,1700,0.5,1
1,2,957,1,0,300,0.5,1700,0.5,0
1,3,493,0,0,500,0.6,1000,0.2,1400,0.2,1
1,4,769,0,0,300,0.5,1700,0.5,0
1,5,188,1,0,500,0.6,1000,0.2,1400,0.2,2
1,6,886,2,10,5,0,300,0.5,1700,0.5,1
1,7,135,2,10,5,0,500,0.6,1000,0.2,1400,0.2,1
1,8,639,0,0,300,0.5,1700,0.5,2
1,9,216,1,0,300,0.5,1700,0.5,2
1,10,656,1,0,500,0.6,1000,0.2,1400,0.2,1
1,11,337,0,0,300,0.5,1700,0.5,2
1,12,786,0,0,500,0.6,1000,0.2,1400,0.2,0
1,13,203,2,10,5,0,500,0.6,1000,0.2,1400,0.2,1
1,14,398,0,0,500,0.6,1000,0.2,1400,0.2,1
1,15,205,2,10,5,0,300,0.5,1700,0.5,2
1,16,97,0,0,500,0.6,1000,0.2,1400,0.2,2
1,17,802,0,0,300,0.5,1700,0.5,2
1,18,667,1,0,500,0.6,1000,0.2,1400,0.2,2
1,19,665,0,0,500,0.6,1000,0.2,1400,0.2,2
2,0,948,1,0,300,0.5,1700,0.5,2
2,1,954,1,0,300,0.5,1700,0.5,0
2,2,663,1,0,500,0.6,1000,0.2,1400,0.2,0
2,3,891,1,0,300,0.5,1700,0.5,1
2,4,418,0,0,500,0.6,1000,0.2,1400,0.2,0
2,5,831,1,0,300,0.5,1700,0.5,0
2,6,509,2,10,5,0,500,0.6,1000,0.2,1400,0.2,2
2,7,251,1,0,500,0.6,1000,0.2,1400,0.2,0
2,8,658,2,10,5,0,500,0.6,1000,0.2,1400,0.2,2
2,9,605,2,10,5,0,500,0.6,1000,0.2,1400,0.2,2
2,10,118,1,0,300,0.5,1700,0.5,1
2,11,187,0,0,500,0.6,1000,0.2,1400,0.2,0
2,12,970,2,10,5,0,300,0.5,1700,0.5,0
2,13,703,1,0,500,0.6,1000,0.2,1400,0.2,0
2,14,990,0,0,500,0.6,1000,0.2,1400,0.2,2
2,15,556,2,10,5,0,500,0.6,1000,0.2,1400,0.2,0
2,16,855,1,0,300,0.5,1700,0.5,2
2,17,350,0,0,300,0.5,1700,0.5,2
2,18,748,2,10,5,0,500,0.6,1000,0.2,1400,0.2,2
2,19,542,1,0,500,0.6,1000,0.2,1400,0.2,1
3,0,445,0,0,500,0.6,1000,0.2,1400,0.2,1
3,1,388,1,0,500,0.6,1000,0.2,1400,0.2,1
3,2,225,0,0,500,0.6,1000,0.2,1400,0.2,1
3,3,208,0,0,500,0.6,1000,0.2,1400,0.2,2
3,4,587,1,0,500,0.6,1000,0.2,1400,0.2,0
3,5,443,1,0,500,0.6,1000,0.2,1400,0.2,1
3,6,905,2,10,5,0,300,0.5,1700,0.5,2
3,7,803,2,10,5,0,500,0.6,1000,0.2,1400,0.2,2
3,8,753,2,10,5,0,500,0.6,1000,0.2,1400,0.2,1
3,9,792,1,0,300,0.5,1700,0.5,0
3,10,67,0,0,500,0.6,1000,0.2,1400,0.2,1
3,11,128,0,0,300,0.5,1700,0.5,1
3,12,148,0,0,300,0.5,1700,0.5,1
3,13,648,0,0,500,0.6,1000,0.2,1400,0.2,1
3,14,857,2,10,5,0,300,0.5,1700,0.5,2
3,15,693,0,0,300,0.5,1700,0.5,0
3,16,836,1,0,300,0.5,1700,0.5,1
3,17,371,0,0,500,0.6,1000,0.2,1400,0.2,2
3,18,310,2,10,5,0,300,0.5,1700,0.5,1
3,19,600,1,0,500,0.6,1000,0.2,1400,0.2,1
4,0,558,2,10,5,0,500,0.6,1000,0.2,1400,0.2,2
4,1,392,1,0,300,0.5,1700,0.5,0
4,2,372,2,10,5,0,500,0.6,1000,0.2,1400,0.2,1
4,3,480,2,10,5,0,300,0.5,1700,0.5,0
4,4,900,1,0,300,0.5,1700,0.5,1
4,5,109,1,0,300,0.5,1700,0.5,2
4,6,969,0,0,500,0.6,1000,0.2,1400,0.2,0
4,7,789,0,0,500,0.6,1000,0.2,1400,0.2,0
4,8,840,2,10,5,0,500,0.6,1000,0.2,1400,0.2,2
4,9,444,0,0,500,0.6,1000,0.2,1400,0.2,2
4,10,258,0,0,300,0.5,1700,0.5,1
4,11,727,1,0,500,0.6,1000,0.2,1400,0.2,1
4,12,962,0,0,500,0.6,1000,0.2,1400,0.2,1
4,13,436,0,0,300,0.5,1700,0.5,2
4,14,802,2,10,5,0,300,0.5,1700,0.5,0
4,15,272,1,0,300,0.5,1700,0.5,0
4,16,631,1,0,300,0.5,1700,0.5,0
4,17,654,1,0,500,0.6,1000,0.2,1400,0.2,1
4,18,210,1,0,500,0.6,1000,0.2,1400,0.2,2
4,19,824,2,10,5,0,500,0.6,1000,0.2,1400,0.2,2
5,0,28,0,0,300,0.5,1700,0.5,2
5,1,649,2,10,5,0,500,0.6,1000,0.2,1400,0.2,2
5,2,696,1,0,500,0.6,1000,0.2,1400,0.2,1
5,3,527,0,0,500,0.6,1000,0.2,1400,0.2,1
5,4,164,0,0,300,0.5,1700,0.5,0
5,5,995,2,10,5,0,300,0.5,1700,0.5,2
5,6,560,2,10,5,0,300,0.5,1700,0.5,2
5,7,212,2,10,5,0,300,0.5,1700,0.5,1
5,8,455,1,0,300,0.5,1700,0.5,1
5,9,640,0,0,500,0.6,1000,0.2,1400,0.2,0
5,10,467,1,0,500,0.6,1000,0.2,1400,0.2,2
5,11,42,2,10,5,0,500,0.6,1000,0.2,1400,0.2,1
5,12,677,1,0,300,0.5,1700,0.5,0
5,13,892,2,10,5,0,300,0.5,1700,0.5,2
5,14,221,2,10,5,0,300,0.5,1700,0.5,2
5,15,816,2,10,5,0,500,0.6,1000,0.2,1400,0.2,0
5,16,302,2,10,5,0,500,0.6,1000,0.2,1400,0.2,1
5,17,216,1,0,500,0.6,1000,0.2,1400,0.2,0
5,18,427,2,10,5,0,500,0.6,1000,0.2,1400,0.2,2
5,19,397,1,0,300,0.5,1700,0.5,2
6,0,902,0,0,500,0.6,1000,0.2,1400,0.2,0
6,1,739,2,10,5,0,500,0.6,1000,0.2,1400,0.2,1
6,2,179,2,10,5,0,500,0.6,1000,0.2,1400,0.2,0
6,3,486,2,10,5,0,300,0.5,1700,0.5,1
6,4,354,2,10,5,0,300,0.5,1700,0.5,2
6,5,836,2,10,5,0,500,0.6,1000,0.2,1400,0.2,0
6,6,393,2,10,5,0,500,0.6,1000,0.2,1400,0.2,0
6,7,832,2,10,5,0,300,0.5,1700,0.5,1
6,8,278,2,10,5,0,300,0.5,1700,0.5,2
6,9,876,0,0,300,0.5,1700,0.5,2
6,10,812,0,0,500,0.6,1000,0.2,1400,0.2,1
6,11,142,1,0,500,0.6,1000,0.2,1400,0.2,2
6,12,735,1,0,300,0.5,1700,0.5,2
6,13,386,0,0,500,0.6,1000,0.2,1400,0.2,1
6,14,745,0,0,500,0.6,1000,0.2,1400,0.2,1
6,15,808,0,0,500,0.6,1000,0.2,1400,0.2,1
6,16,252,1,0,300,0.5,1700,0.5,1
6,17,111,1,0,500,0.6,1000,0.2,1400,0.2,1
6,18,941,2,10,5,0,500,0.6,1000,0.2,1400,0.2,1
6,19,590,0,0,500,0.6,1000,0.2,1400,0.2,0
7,0,483,2,10,5,0,500,0.6,1000,0.2,1400,0.2,1
7,1,152,2,10,5,0,500,0.6,1000,0.2,1400,0.2,2
7,2,641,1,0,300,0.5,1700,0.5,2
7,3,705,2,10,5,0,500,0.6,1000,0.2,1400,0.2,0
7,4,986,0,0,500,0.6,1000,0.2,1400,0.2,1
7,5,440,1,0,500,0.6,1000,0.2,1400,0.2,1
7,6,233,0,0,300,0.5,1700,0.5,2
7,7,58,2,10,5,0,300,0.5,1700,0.5,2
7,8,126,1,0,500,0.6,1000,0.2,1400,0.2,2
7,9,331,2,10,5,0,300,0.5,1700,0.5,1
7,10,579,2,10,5,0,300,0.5,1700,0.5,2
7,11,237,2,10,5,0,500,0.6,1000,0.2,1400,0.2,1
7,12,891,1,0,300,0.5,1700,0.5,1
7,13,887,0,0,500,0.6,1000,0.2,1400,0.2,2
7,14,727,2,10,5,0,300,0.5,1700,0.5,2
7,15,111,0,0,500,0.6,1000,0.2,1400,0.2,2
7,16,527,2,10,5,0,500,0.6,1000,0.2,1400,0.2,1
7,17,839,0,0,500,0.6,1000,0.2,1400,0.2,0
7,18,634,1,0,300,0.5,1700,0.5,2
7,19,566,0,0,500,0.6,1000,0.2,1400,0.2,1
8,0,252,2,10,5,0,500,0.6,1000,0.2,1400,0.2,0
8,1,891,1,0,300,0.5,1700,0.5,2
8,2,154,2,10,5,0,300,0.5,1700,0.5,2
8,3,445,0,0,300,0.5,1700,0.5,1
8,4,78,1,0,500,0.6,1000,0.2,1400,0.2,1
8,5,958,1,0,300,0.5,1700,0.5,2
8,6,233,1,0,300,0.5,1700,0.5,1
8,7,309,2,10,5,0,300,0.5,1700,0.5,1
8,8,157,0,0,300,0.5,1700,0.5,2
8,9,317,1,0,300,0.5,1700,0.5,2
8,10,523,1,0,500,0.6,1000,0.2,1400,0.2,2
8,11,929,2,10,5,0,300,0.5,1700,0.5,1
8,12,37,2,10,5,0,300,0.5,1700,0.5,2
8,13,231,2,10,5,0,500,0.6,1000,0.2,1400,0.2,2
8,14,266,0,0,300,0.5,1700,0.5,0
8,15,222,1,0,300,0.5,1700,0.5,0
8,16,883,1,0,300,0.5,1700,0.5,0
8,17,859,1,0,500,0.6,1000,0.2,1400,0.2,0
8,18,52,0,0,500,0.6,1000,0.2,1400,0.2,1
8,19,521,0,0,300,0.5,1700,0.5,2
9,0,84,0,0,300,0.5,1700,0.5,0
9,1,37,0,0,500,0.6,1000,0.2,1400,0.2,1
9,2,820,1,0,500,0.6,1000,0.2,1400,0.2,0
9,3,210,2,10,5,0,500,0.6,1000,0.2,1400,0.2,1
9,4,592,1,0,500,0.6,1000,0.2,1400,0.2,0
9,5,16,1,0,500,0.6,1000,0.2,1400,0.2,1
9,6,163,0,0,300,0.5,1700,0.5,2
9,7,85,0,0,300,0.5,1700,0.5,1
9,8,890,0,0,300,0.5,1700,0.5,1
9,9,70,2,10,5,0,300,0.5,1700,0.5,1
9,10,83,2,10,5,0,300,0.5,1700,0.5,1
9,11,103,0,0,500,0.6,1000,0.2,1400,0.2,2
9,12,643,1,0,300,0.5,1700,0.5,2
9,13,107,2,10,5,0,500,0.6,1000,0.2,1400,0.2,0
9,14,63,0,0,300,0.5,1700,0.5,0
9,15,233,2,10,5,0,300,0.5,1700,0.5,2
9,16,676,2,10,5,0,500,0.6,1000,0.2,1400,0.2,0
9,17,712,2,10,5,0,300,0.5,1700,0.5,2
9,18,125,0,0,500,0.6,1000,0.2,1400,0.2,0
9,19,623,1,0,500,0.6,1000,0.2,1400,0.2,1
10,0,996,0,0,300,0.5,1700,0.5,1
10,1,225,0,0,300,0.5,1700,0.5,0
10,2,231,0,0,300,0.5,1700,0.5,2
10,3,133,1,0,500,0.6,1000,0.2,1400,0.2,0
10,4,297,1,0,300,0.5,1700,0.5,1
10,5,958,0,0,300,0.5,1700,0.5,1
10,6,636,1,0,300,0.5,1700,0.5,0
10,7,712,0,0,300,0.5,1700,0.5,1
10,8,930,1,0,300,0.5,1700,0.5,1
10,9,987,2,10,5,0,500,0.6,1000,0.2,1400,0.2,0
10,10,610,2,10,5,0,300,0.5,1700,0.5,2
10,11,616,1,0,500,0.6,1000,0.2,1400,0.2,2
10,12,410,2,10,5,0,300,0.5,1700,0.5,1
10,13,375,1,0,300,0.5,1700,0.5,2
10,14,254,0,0,300,0.5,1700,0.5,0
10,15,44,2,10,5,0,500,0.6,1000,0.2,1400,0.2,0
10,16,336,2,10,5,0,500,0.6,1000,0.2,1400,0.2,0
10,17,602,0,0,300,0.5,1700,0.5,1
10,18,601,1,0,500,0.6,1000,0.2,1400,0.2,2
10,19,408,0,0,500,0.6,1000,0.2,1400,0.2,2
11,0,969,0,0,300,0.5,1700,0.5,2
11,1,467,2,10,5,0,300,0.5,1700,0.5,0
11,2,748,0,0,300,0.5,1700,0.5,0
11,3,414,1,0,500,0.6,1000,0.2,1400,0.2,1
11,4,832,1,0,500,0.6,1000,0.2,1400,0.2,1
11,5,685,2,10,5,0,500,0.6,1000,0.2,1400,0.2,1
11,6,812,2,10,5,0,300,0.5,1700,0.5,2
11,7,345,0,0,500,0.6,1000,0.2,1400,0.2,0
11,8,120,1,0,300,0.5,1700,0.5,0
11,9,998,2,10,5,0,500,0.6,1000,0.2,1400,0.2,1
11,10,858,2,10,5,0,300,0.5,1700,0.5,1
11,11,817,0,0,300,0.5,1700,0.5,2
11,12,904,1,0,300,0.5,1700,0.5,2
11,13,240,0,0,500,0.6,1000,0.2,1400,0.2,2
11,14,920,2,10,5,0,500,0.6,1000,0.2,1400,0.2,2
11,15,417,1,0,300,0.5,1700,0.5,1
11,16,791,2,10,5,0,300,0.5,1700,0.5,2
11,17,558,0,0,300,0.5,1700,0.5,0
11,18,605,2,10,5,0,500,0.6,1000,0.2,1400,0.2,1
11,19,400,1,0,300,0.5,1700,0.5,2
12,0,203,0,0,500,0.6,1000,0.2,1400,0.2,0
12,1,212,1,0,500,0.6,1000,0.2,1400,0.2,0
12,2,493,2,10,5,0,500,0.6,1000,0.2,1400,0.2,0
12,3,985,1,0,500,0.6,1000,0.2,1400,0.2,0
12,4,59,1,0,500,0.6,1000,0.2,1400,0.2,1
12,5,376,2,10,5,0,500,0.6,1000,0.2,1400,0.2,0
12,6,740,1,0,500,0.6,1000,0.2,1400,0.2,0
12,7,475,0,0,500,0.6,1000,0.2,1400,0.2,0
12,8,938,2,10,5,0,500,0.6,1000,0.2,1400,0.2,2
12,9,221,2,10,5,0,300,0.5,1700,0.5,2
12,10,471,0,0,500,0.6,1000,0.2,1400,0.2,1
12,11,907,2,10,5,0,500,0.6,1000,0.2,1400,0.2,2
12,12,454,2,10,5,0,300,0.5,1700,0.5,1
12,13,23,1,0,500,0.6,1000,0.2,1400,0.2,2
12,14,301,1,0,300,0.5,1700,0.5,0
12,15,772,0,0,500,0.6,1000,0.2,1400,0.2,0
12,16,452,0,0,300,0.5,1700,0.5,1
12,17,988,0,0,500,0.6,1000,0.2,1400,0.2,0
12,18,483,0,0,500,0.6,1000,0.2,1400,0.2,1
12,19,192,1,0,300,0.5,1700,0.5,0
13,0,265,1,0,300,0.5,1700,0.5,1
13,1,861,2,10,5,0,500,0.6,1000,0.2,1400,0.2,2
13,2,427,1,0,500,0.6,1000,0.2,1400,0.2,0
13,3,856,2,10,5,0,500,0.6,1000,0.2,1400,0.2,0
13,4,988,0,0,500,0.6,1000,0.2,1400,0.2,2
13,5,455,0,0,500,0.6,1000,0.2,1400,0.2,2
13,6,587,0,0,300,0.5,1700,0.5,0
13,7,476,2,10,5,0,300,0.5,1700,0.5,2
13,8,841,0,0,500,0.6,1000,0.2,1400,0.2,0
13,9,265,1,0,500,0.6,1000,0.2,1400,0.2,2
13,10,599,1,0,300,0.5,1700,0.5,2
13,11,428,1,0,300,0.5,1700,0.5,1
13,12,46,0,0,500,0.6,1000,0.2,1400,0.2,1
13,13,257,2,10,5,0,500,0.6,1000,0.2,1400,0.2,0
13,14,203,0,0,300,0.5,1700,0.5,2
13,15,311,2,10,5,0,300,0.5,1700,0.5,2
13,16,50,1,0,300,0.5,1700,0.5,2
13,17,467,0,0,500,0.6,1000,0.2,1400,0.2,1
13,18,67,2,10,5,0,500,0.6,1000,0.2,1400,0.2,0
13,19,247,0,0,500,0.6,1000,0.2,1400,0.2,1
14,0,778,1,0,500,0.6,1000,0.2,1400,0.2,2
14,1,217,2,10,5,0,300,0.5,1700,0.5,1
14,2,255,0,0,500,0.6,1000,0.2,1400,0.2,1
14,3,921,1,0,500,0.6,1000,0.2,1400,0.2,2
14,4,81,2,10,5,0,500,0.6,1000,0.2,1400,0.2,0
14,5,507,0,0,500,0.6,1000,0.2,1400,0.2,1
14,6,74,2,10,5,0,300,0.5,1700,0.5,2
14,7,901,1,0,300,0.5,1700,0.5,2
14,8,383,1,0,300,0.5,1700,0.5,1
14,9,488,1,0,300,0.5,1700,0.5,0
14,10,801,0,0,300,0.5,1700,0.5,2
14,11,951,1,0,500,0.6,1000,0.2,1400,0.2,0
14,12,584,0,0,300,0.5,1700,0.5,2
14,13,146,1,0,500,0.6,1000,0.2,1400,0.2,1
14,14,639,0,0,300,0.5,1700,0.5,0
14,15,957,0,0,500,0.6,1000,0.2,1400,0.2,1
14,16,19,2,10,5,0,500,0.6,1000,0.2,1400,0.2,0
14,17,767,0,0,300,0.5,1700,0.5,0
14,18,99,1,0,300,0.5,1700,0.5,1
14,19,938,1,0,300,0.5,1700,0.5,0
15,0,448,2,10,5,0,300,0.5,1700,0.5,0
15,1,708,2,10,5,0,300,0.5,1700,0.5,0
15,2,241,2,10,5,0,300,0.5,1700,0.5,0
15,3,465,1,0,500,0.6,1000,0.2,1400,0.2,1
15,4,21,2,10,5,0,500,0.6,1000,0.2,1400,0.2,2
15,5,327,1,0,500,0.6,1000,0.2,1400,0.2,0
15,6,264,2,10,5,0,300,0.5,1700,0.5,2
15,7,928,1,0,300,0.5,1700,0.5,0
15,8,851,0,0,300,0.5,1700,0.5,1
15,9,231,2,10,5,0,300,0.5,1700,0.5,0
15,10,500,2,10,5,0,300,0.5,1700,0.5,1
15,11,429,1,0,500,0.6,1000,0.2,1400,0.2,1
15,12,34,2,10,5,0,300,0.5,1700,0.5,1
15,13,339,1,0,300,0.5,1700,0.5,0
15,14,301,0,0,500,0.6,1000,0.2,1400,0.2,2
15,15,130,0,0,300,0.5,1700,0.5,1
15,16,222,0,0,300,0.5,1700,0.5,1
15,17,205,0,0,300,0.5,1700,0.5,0
15,18,537,0,0,500,0.6,1000,0.2,1400,0.2,0
15,19,961,1,0,300,0.5,1700,0.5,0
16,0,210,1,0,500,0.6,1000,0.2,1400,0.2,2
16,1,682,1,0,300,0.5,1700,0.5,0
16,2,881,0,0,500,0.6,1000,0.2,1400,0.2,0
16,3,617,0,0,300,0.5,1700,0.5,1
16,4,442,1,0,300,0.5,1700,0.5,2
16,5,259,1,0,500,0.6,1000,0.2,1400,0.2,0
16,6,917,1,0,300,0.5,1700,0.5,0
16,7,165,2,10,5,0,500,0.6,1000,0.2,1400,0.2,2
16,8,987,0,0,300,0.5,1700,0.5,0
16,9,955,1,0,300,0.5,1700,0.5,2
16,10,676,2,10,5,0,500,0.6,1000,0.2,1400,0.2,2
16,11,714,0,0,500,0.6,1000,0.2,1400,0.2,0
16,12,496,1,0,300,0.5,1700,0.5,1
16,13,440,0,0,300,0.5,1700,0.5,2
16,14,439,1,0,500,0.6,1000,0.2,1400,0.2,2
16,15,76,2,10,5,0,300,0.5,1700,0.5,2
16,16,970,0,0,500,0.6,1000,0.2,1400,0.2,1
16,17,762,0,0,500,0.6,1000,0.2,1400,0.2,2
16,18,195,2,10,5,0,500,0.6,1000,0.2,1400,0.2,0
16,19,917,0,0,300,0.5,1700,0.5,1
17,0,367,1,0,300,0.5,1700,0.5,2
17,1,87,0,0,500,0.6,1000,0.2,1400,0.2,0
17,2,397,2,10,5,0,300,0.5,1700,0.5,0
17,3,351,2,10,5,0,500,0.6,1000,0.2,1400,0.2,2
17,4,968,1,0,500,0.6,1000,0.2,1400,0.2,2
17,5,251,2,10,5,0,300,0.5,1700,0.5,0
17,6,719,1,0,300,0.5,1700,0.5,2
17,7,525,0,0,500,0.6,1000,0.2,1400,0.2,0
17,8,365,0,0,500,0.6,1000,0.2,1400,0.2,0
17,9,528,0,0,300,0.5,1700,0.5,1
17,10,432,1,0,500,0.6,1000,0.2,1400,0.2,2
17,11,533,2,10,5,0,500,0.6,1000,0.2,1400,0.2,2
17,12,644,2,10,5,0,500,0.6,1000,0.2,1400,0.2,0
17,13,159,2,10,5,0,500,0.6,1000,0.2,1400,0.2,1
17,14,712,0,0,500,0.6,1000,0.2,1400,0.2,0
17,15,176,2,10,5,0,500,0.6,1000,0.2,1400,0.2,0
17,16,161,0,0,500,0.6,1000,0.2,1400,0.2,2
17,17,225,1,0,300,0.5,1700,0.5,1
17,18,922,2,10,5,0,500,0.6,1000,0.2,1400,0.2,1
17,19,518,1,0,300,0.5,1700,0.5,2
18,0,119,0,0,500,0.6,1000,0.2,1400,0.2,0
18,1,763,0,0,300,0.5,1700,0.5,0
18,2,282,2,10,5,0,300,0.5,1700,0.5,0
18,3,263,2,10,5,0,500,0.6,1000,0.2,1400,0.2,0
18,4,67,2,10,5,0,300,0.5,1700,0.5,1
18,5,180,0,0,300,0.5,1700,0.5,0
18,6,659,0,0,300,0.5,1700,0.5,0
18,7,112,1,0,500,0.6,1000,0.2,1400,0.2,2
18,8,58,1,0,500,0.6,1000,0.2,1400,0.2,2
18,9,201,2,10,5,0,300,0.5,1700,0.5,2
18,10,726,0,0,500,0.6,1000,0.2,1400,0.2,0
18,11,868,1,0,300,0.5,1700,0.5,0
18,12,753,1,0,300,0.5,1700,0.5,2
18,13,454,2,10,5,0,300,0.5,1700,0.5,1
18,14,177,2,10,5,0,500,0.6,1000,0.2,1400,0.2,1
18,15,726,2,10,5,0,500,0.6,1000,0.2,1400,0.2,1
18,16,330,1,0,300,0.5,1700,0.5,2
18,17,30,0,0,300,0.5,1700,0.5,2
18,18,859,1,0,500,0.6,1000,0.2,1400,0.2,1
18,19,576,0,0,500,0.6,1000,0.2,1400,0.2,1
19,0,910,0,0,300,0.5,1700,0.5,2
19,1,767,1,0,300,0.5,1700,0.5,2
19,2,201,1,0,500,0.6,1000,0.2,1400,0.2,1
19,3,318,0,0,300,0.5,1700,0.5,1
19,4,163,1,0,300,0.5,1700,0.5,1
19,5,900,2,10,5,0,500,0.6,1000,0.2,1400,0.2,2
19,6,440,0,0,500,0.6,1000,0.2,1400,0.2,1
19,7,652,0,0,300,0.5,1700,0.5,2
19,8,779,0,0,300,0.5,1700,0.5,0
19,9,759,2,10,5,0,300,0.5,1700,0.5,0
19,10,150,0,0,300,0.5,1700,0.5,2
19,11,148,0,0,300,0.5,1700,0.5,0
19,12,95,0,0,300,0.5,1700,0.5,2
19,13,462,0,0,300,0.5,1700,0.5,1
19,14,569,2,10,5,0,500,0.6,1000,0.2,1400,0.2,0
19,15,628,0,0,500,0.6,1000,0.2,1400,0.2,2
19,16,887,2,10,5,0,500,0.6,1000,0.2,1400,0.2,2
19,17,658,2,10,5,0,500,0.6,1000,0.2,1400,0.2,0
19,18,698,2,10,5,0,300,0.5,1700,0.5,2
19,19,16,0,0,300,0.5,1700,0.5,1
