0,0,355,0,0,300,0.5,1700,0.5,2
0,1,715,1,0,500,0.6,1000,0.2,1400,0.2,0
0,2,839,2,10,5,0,300,0.5,1700,0.5,1
0,3,703,0,0,300,0.5,1700,0.5,0
0,4,495,0,0,500,0.6,1000,0.2,1400,0.2,1
0,5,622,1,0,500,0.6,1000,0.2,1400,0.2,1
0,6,561,0,0,300,0.5,1700,0.5,1
0,7,718,2,10,5,0,500,0.6,1000,0.2,1400,0.2,0
0,8,969,2,10,5,0,500,0.6,1000,0.2,1400,0.2,2
0,9,501,2,10,5,0,300,0.5,1700,0.5,2
0,10,724,2,10,5,0,500,0.6,1000,0.2,1400,0.2,1
0,11,387,2,10,5,0,500,0.6,1000,0.2,1400,0.2,2
0,12,220,2,10,5,0,500,0.6,1000,0.2,1400,0.2,1
0,13,256,2,10,5,0,500,0.6,1000,0.2,1400,0.2,2
0,14,894,0,0,500,0.6,1000,0.2,1400,0.2,0
0,15,651,2,10,5,0,500,0.6,1000,0.2,1400,0.2,2
0,16,496,0,0,300,0.5,1700,0.5,0
0,17,44,1,0,500,0.6,1000,0.2,1400,0.2,2
0,18,260,2,10,5,0,300,0.5,1700,0.5,2
0,19,334,0,0,300,0.5,1700,0.5,2
1,0,963,1,0,300,0.5,1700,0.5,2
1,1,887,2,10,5,0,500,0.6,1000,0.2,1400,0.2,2
1,2,514,1,0,500,0.6,1000,0.2,1400,0.2,1
1,3,755,0,0,500,0.6,1000,0.2,1400,0.2,0
1,4,104,2,10,5,0,300,0.5,1700,0.5,2
1,5,649,1,0,500,0.6,1000,0.2,1400,0.2,2
1,6,865,2,10,5,0,300,0.5,1700,0.5,0
1,7,122,2,10,5,0,500,0.6,1000,0.2,1400,0.2,0
1,8,651,0,0,300,0.5,1700,0.5,0
1,9,232,1,0,300,0.5,1700,0.5,0
1,10,48,2,10,5,0,300,0.5,1700,0.5,0
1,11,825,2,10,5,0,500,0.6,1000,0.2,1400,0.2,2
1,12,412,2,10,5,0,300,0.5,1700,0.5,0
1,13,163,0,0,500,0.6,1000,0.2,1400,0.2,1
1,14,231,0,0,500,0.6,1000,0.2,1400,0.2,2
1,15,931,0,0,300,0.5,1700,0.5,1
1,16,885,1,0,300,0.5,1700,0.5,0
1,17,935,0,0,500,0.6,1000,0.2,1400,0.2,0
1,18,372,2,10,5,0,300,0.5,1700,0.5,0
1,19,877,0,0,300,0.5,1700,0.5,2
2,0,216,2,10,5,0,300,0.5,1700,0.5,2
2,1,808,2,10,5,0,500,0.6,1000,0.2,1400,0.2,1
2,2,627,2,10,5,0,300,0.5,1700,0.5,0
2,3,136,1,0,300,0.5,1700,0.5,0
2,4,712,1,0,300,0.5,1700,0.5,0
2,5,784,0,0,500,0.6,1000,0.2,1400,0.2,0
2,6,498,0,0,300,0.5,1700,0.5,1
2,7,966,2,10,5,0,300,0.5,1700,0.5,2
2,8,273,2,10,5,0,300,0.5,1700,0.5,0
2,9,814,2,10,5,0,500,0.6,1000,0.2,1400,0.2,1
2,10,926,1,0,300,0.5,1700,0.5,2
2,11,844,2,10,5,0,300,0.5,1700,0.5,0
2,12,153,2,10,5,0,500,0.6,1000,0.2,1400,0.2,2
2,13,358,0,0,300,0.5,1700,0.5,1
2,14,755,0,0,500,0.6,1000,0.2,1400,0.2,0
2,15,544,0,0,300,0.5,1700,0.5,2
2,16,187,1,0,300,0.5,1700,0.5,0
2,17,703,2,10,5,0,500,0.6,1000,0.2,1400,0.2,2
2,18,952,1,0,500,0.6,1000,0.2,1400,0.2,0
2,19,521,2,10,5,0,300,0.5,1700,0.5,1
3,0,533,0,0,500,0.6,1000,0.2,1400,0.2,2
3,1,487,0,0,300,0.5,1700,0.5,2
3,2,153,1,0,300,0.5,1700,0.5,0
3,3,249,2,10,5,0,500,0.6,1000,0.2,1400,0.2,2
3,4,406,0,0,300,0.5,1700,0.5,2
3,5,100,2,10,5,0,300,0.5,1700,0.5,1
3,6,25,0,0,500,0.6,1000,0.2,1400,0.2,2
3,7,849,2,10,5,0,300,0.5,1700,0.5,1
3,8,474,0,0,300,0.5,1700,0.5,1
3,9,518,0,0,300,0.5,1700,0.5,0
3,10,750,2,10,5,0,500,0.6,1000,0.2,1400,0.2,0
3,11,509,2,10,5,0,500,0.6,1000,0.2,1400,0.2,2
3,12,527,2,10,5,0,500,0.6,1000,0.2,1400,0.2,1
3,13,632,2,10,5,0,500,0.6,1000,0.2,1400,0.2,2
3,14,951,1,0,300,0.5,1700,0.5,0
3,15,831,0,0,300,0.5,1700,0.5,0
3,16,181,0,0,300,0.5,1700,0.5,2
3,17,844,1,0,300,0.5,1700,0.5,2
3,18,256,2,10,5,0,500,0.6,1000,0.2,1400,0.2,2
3,19,64,1,0,500,0.6,1000,0.2,1400,0.2,0
4,0,572,2,10,5,0,500,0.6,1000,0.2,1400,0.2,2
4,1,51,0,0,300,0.5,1700,0.5,1
4,2,267,0,0,500,0.6,1000,0.2,1400,0.2,1
4,3,524,2,10,5,0,500,0.6,1000,0.2,1400,0.2,2
4,4,566,0,0,500,0.6,1000,0.2,1400,0.2,1
4,5,32,0,0,300,0.5,1700,0.5,0
4,6,124,2,10,5,0,300,0.5,1700,0.5,2
4,7,867,1,0,300,0.5,1700,0.5,0
4,8,952,0,0,300,0.5,1700,0.5,0
4,9,867,2,10,5,0,500,0.6,1000,0.2,1400,0.2,0
4,10,958,0,0,500,0.6,1000,0.2,1400,0.2,2
4,11,157,1,0,500,0.6,1000,0.2,1400,0.2,0
4,12,487,0,0,300,0.5,1700,0.5,0
4,13,917,2,10,5,0,300,0.5,1700,0.5,2
4,14,918,2,10,5,0,500,0.6,1000,0.2,1400,0.2,0
4,15,153,0,0,300,0.5,1700,0.5,2
4,16,401,0,0,300,0.5,1700,0.5,2
4,17,151,2,10,5,0,500,0.6,1000,0.2,1400,0.2,1
4,18,577,0,0,500,0.6,1000,0.2,1400,0.2,0
4,19,361,1,0,300,0.5,1700,0.5,1
5,0,118,2,10,5,0,300,0.5,1700,0.5,1
5,1,410,0,0,300,0.5,1700,0.5,0
5,2,297,1,0,300,0.5,1700,0.5,2
5,3,478,1,0,300,0.5,1700,0.5,1
5,4,61,0,0,300,0.5,1700,0.5,1
5,5,54,1,0,500,0.6,1000,0.2,1400,0.2,1
5,6,714,1,0,300,0.5,1700,0.5,0
5,7,88,1,0,300,0.5,1700,0.5,2
5,8,274,0,0,500,0.6,1000,0.2,1400,0.2,2
5,9,771,0,0,300,0.5,1700,0.5,2
5,10,324,0,0,300,0.5,1700,0.5,1
5,11,499,0,0,300,0.5,1700,0.5,2
5,12,548,1,0,500,0.6,1000,0.2,1400,0.2,1
5,13,351,1,0,500,0.6,1000,0.2,1400,0.2,1
5,14,138,2,10,5,0,500,0.6,1000,0.2,1400,0.2,1
5,15,719,2,10,5,0,500,0.6,1000,0.2,1400,0.2,0
5,16,195,0,0,500,0.6,1000,0.2,1400,0.2,0
5,17,49,1,0,300,0.5,1700,0.5,2
5,18,975,0,0,300,0.5,1700,0.5,2
5,19,578,1,0,500,0.6,1000,0.2,1400,0.2,2
6,0,510,1,0,500,0.6,1000,0.2,1400,0.2,0
6,1,171,2,10,5,0,300,0.5,1700,0.5,2
6,2,68,2,10,5,0,500,0.6,1000,0.2,1400,0.2,2
6,3,853,1,0,300,0.5,1700,0.5,1
6,4,618,2,10,5,0,500,0.6,1000,0.2,1400,0.2,2
6,5,310,1,0,500,0.6,1000,0.2,1400,0.2,2
6,6,925,2,10,5,0,500,0.6,1000,0.2,1400,0.2,0
6,7,674,1,0,300,0.5,1700,0.5,2
6,8,704,0,0,300,0.5,1700,0.5,0
6,9,860,1,0,500,0.6,1000,0.2,1400,0.2,2
6,10,10,1,0,300,0.5,1700,0.5,0
6,11,411,0,0,500,0.6,1000,0.2,1400,0.2,0
6,12,997,0,0,300,0.5,1700,0.5,1
6,13,981,2,10,5,0,500,0.6,1000,0.2,1400,0.2,2
6,14,389,2,10,5,0,500,0.6,1000,0.2,1400,0.2,1
6,15,212,1,0,500,0.6,1000,0.2,1400,0.2,0
6,16,636,2,10,5,0,500,0.6,1000,0.2,1400,0.2,2
6,17,27,1,0,300,0.5,1700,0.5,0
6,18,851,0,0,500,0.6,1000,0.2,1400,0.2,1
6,19,24,0,0,300,0.5,1700,0.5,0
7,0,627,2,10,5,0,300,0.5,1700,0.5,1
7,1,546,0,0,500,0.6,1000,0.2,1400,0.2,2
7,2,145,2,10,5,0,300,0.5,1700,0.5,1
7,3,424,0,0,300,0.5,1700,0.5,0
7,4,76,0,0,500,0.6,1000,0.2,1400,0.2,2
7,5,281,2,10,5,0,300,0.5,1700,0.5,1
7,6,422,1,0,500,0.6,1000,0.2,1400,0.2,2
7,7,56,0,0,300,0.5,1700,0.5,0
7,8,997,2,10,5,0,500,0.6,1000,0.2,1400,0.2,1
7,9,172,0,0,300,0.5,1700,0.5,0
7,10,742,0,0,500,0.6,1000,0.2,1400,0.2,0
7,11,135,2,10,5,0,500,0.6,1000,0.2,1400,0.2,0
7,12,14,0,0,500,0.6,1000,0.2,1400,0.2,2
7,13,935,0,0,300,0.5,1700,0.5,0
7,14,800,0,0,300,0.5,1700,0.5,1
7,15,476,2,10,5,0,500,0.6,1000,0.2,1400,0.2,2
7,16,189,1,0,300,0.5,1700,0.5,1
7,17,131,2,10,5,0,300,0.5,1700,0.5,1
7,18,588,0,0,500,0.6,1000,0.2,1400,0.2,2
7,19,752,1,0,500,0.6,1000,0.2,1400,0.2,2
8,0,70,2,10,5,0,300,0.5,1700,0.5,1
8,1,812,0,0,300,0.5,1700,0.5,2
8,2,505,1,0,500,0.6,1000,0.2,1400,0.2,2
8,3,624,2,10,5,0,500,0.6,1000,0.2,1400,0.2,0
8,4,344,0,0,500,0.6,1000,0.2,1400,0.2,2
8,5,312,0,0,500,0.6,1000,0.2,1400,0.2,2
8,6,780,0,0,500,0.6,1000,0.2,1400,0.2,0
8,7,468,1,0,500,0.6,1000,0.2,1400,0.2,2
8,8,251,2,10,5,0,300,0.5,1700,0.5,0
8,9,135,2,10,5,0,500,0.6,1000,0.2,1400,0.2,1
8,10,397,1,0,500,0.6,1000,0.2,1400,0.2,2
8,11,518,1,0,300,0.5,1700,0.5,2
8,12,391,0,0,500,0.6,1000,0.2,1400,0.2,2
8,13,540,1,0,300,0.5,1700,0.5,1
8,14,68,2,10,5,0,500,0.6,1000,0.2,1400,0.2,1
8,15,83,1,0,500,0.6,1000,0.2,1400,0.2,0
8,16,35,0,0,500,0.6,1000,0.2,1400,0.2,0
8,17,19,2,10,5,0,300,0.5,1700,0.5,0
8,18,591,0,0,300,0.5,1700,0.5,2
8,19,617,0,0,500,0.6,1000,0.2,1400,0.2,1
9,0,115,0,0,500,0.6,1000,0.2,1400,0.2,0
9,1,177,2,10,5,0,300,0.5,1700,0.5,0
9,2,48,1,0,500,0.6,1000,0.2,1400,0.2,0
9,3,174,2,10,5,0,500,0.6,1000,0.2,1400,0.2,0
9,4,901,1,0,500,0.6,1000,0.2,1400,0.2,0
9,5,68,1,0,300,0.5,1700,0.5,2
9,6,66,2,10,5,0,500,0.6,1000,0.2,1400,0.2,1
9,7,709,1,0,500,0.6,1000,0.2,1400,0.2,1
9,8,347,0,0,500,0.6,1000,0.2,1400,0.2,1
9,9,587,1,0,300,0.5,1700,0.5,1
9,10,282,1,0,500,0.6,1000,0.2,1400,0.2,0
9,11,149,2,10,5,0,300,0.5,1700,0.5,0
9,12,109,1,0,300,0.5,1700,0.5,1
9,13,211,1,0,300,0.5,1700,0.5,0
9,14,246,2,10,5,0,500,0.6,1000,0.2,1400,0.2,2
9,15,492,1,0,500,0.6,1000,0.2,1400,0.2,0
9,16,706,0,0,500,0.6,1000,0.2,1400,0.2,0
9,17,67,0,0,500,0.6,1000,0.2,1400,0.2,2
9,18,513,1,0,300,0.5,1700,0.5,2
9,19,120,0,0,500,0.6,1000,0.2,1400,0.2,0
10,0,497,1,0,500,0.6,1000,0.2,1400,0.2,1
10,1,368,2,10,5,0,300,0.5,1700,0.5,1
10,2,833,0,0,500,0.6,1000,0.2,1400,0.2,2
10,3,67,0,0,300,0.5,1700,0.5,1
10,4,158,1,0,500,0.6,1000,0.2,1400,0.2,2
10,5,941,0,0,500,0.6,1000,0.2,1400,0.2,1
10,6,622,2,10,5,0,500,0.6,1000,0.2,1400,0.2,1
10,7,366,0,0,500,0.6,1000,0.2,1400,0.2,2
10,8,594,2,10,5,0,500,0.6,1000,0.2,1400,0.2,1
10,9,819,0,0,500,0.6,1000,0.2,1400,0.2,2
10,10,490,0,0,300,0.5,1700,0.5,2
10,11,668,2,10,5,0,300,0.5,1700,0.5,2
10,12,18,2,10,5,0,500,0.6,1000,0.2,1400,0.2,2
10,13,472,0,0,300,0.5,1700,0.5,2
10,14,350,1,0,500,0.6,1000,0.2,1400,0.2,2
10,15,122,0,0,300,0.5,1700,0.5,1
10,16,994,0,0,500,0.6,1000,0.2,1400,0.2,0
10,17,891,2,10,5,0,300,0.5,1700,0.5,1
10,18,507,1,0,500,0.6,1000,0.2,1400,0.2,2
10,19,337,2,10,5,0,500,0.6,1000,0.2,1400,0.2,0
11,0,648,2,10,5,0,500,0.6,1000,0.2,1400,0.2,1
11,1,384,0,0,300,0.5,1700,0.5,1
11,2,709,1,0,300,0.5,1700,0.5,1
11,3,178,0,0,300,0.5,1700,0.5,2
11,4,530,1,0,500,0.6,1000,0.2,1400,0.2,0
11,5,398,1,0,500,0.6,1000,0.2,1400,0.2,0
11,6,351,1,0,300,0.5,1700,0.5,2
11,7,320,1,0,500,0.6,1000,0.2,1400,0.2,2
11,8,330,1,0,500,0.6,1000,0.2,1400,0.2,0
11,9,987,1,0,500,0.6,1000,0.2,1400,0.2,0
11,10,702,1,0,300,0.5,1700,0.5,1
11,11,973,2,10,5,0,500,0.6,1000,0.2,1400,0.2,1
11,12,649,0,0,300,0.5,1700,0.5,0
11,13,146,1,0,300,0.5,1700,0.5,0
11,14,753,0,0,300,0.5,1700,0.5,2
11,15,635,2,10,5,0,500,0.6,1000,0.2,1400,0.2,1
11,16,678,0,0,500,0.6,1000,0.2,1400,0.2,2
11,17,151,0,0,500,0.6,1000,0.2,1400,0.2,1
11,18,653,1,0,500,0.6,1000,0.2,1400,0.2,0
11,19,678,2,10,5,0,500,0.6,1000,0.2,1400,0.2,2
12,0,856,2,10,5,0,300,0.5,1700,0.5,2
12,1,551,2,10,5,0,300,0.5,1700,0.5,1
12,2,904,0,0,500,0.6,1000,0.2,1400,0.2,0
12,3,276,1,0,300,0.5,1700,0.5,1
12,4,920,2,10,5,0,500,0.6,1000,0.2,1400,0.2,2
12,5,615,1,0,300,0.5,1700,0.5,0
12,6,88,1,0,300,0.5,1700,0.5,0
12,7,389,2,10,5,0,300,0.5,1700,0.5,2
12,8,655,0,0,300,0.5,1700,0.5,0
12,9,146,0,0,300,0.5,1700,0.5,1
12,10,663,2,10,5,0,300,0.5,1700,0.5,1
12,11,723,0,0,500,0.6,1000,0.2,1400,0.2,1
12,12,793,2,10,5,0,300,0.5,1700,0.5,2
12,13,861,2,10,5,0,500,0.6,1000,0.2,1400,0.2,2
12,14,473,0,0,300,0.5,1700,0.5,0
12,15,452,2,10,5,0,300,0.5,1700,0.5,1
12,16,775,1,0,300,0.5,1700,0.5,2
12,17,605,1,0,300,0.5,1700,0.5,2
12,18,347,2,10,5,0,300,0.5,1700,0.5,0
12,19,988,2,10,5,0,500,0.6,1000,0.2,1400,0.2,0
13,0,817,1,0,300,0.5,1700,0.5,1
13,1,381,1,0,500,0.6,1000,0.2,1400,0.2,1
13,2,591,1,0,500,0.6,1000,0.2,1400,0.2,0
13,3,430,0,0,300,0.5,1700,0.5,1
13,4,581,1,0,300,0.5,1700,0.5,1
13,5,746,2,10,5,0,500,0.6,1000,0.2,1400,0.2,2
13,6,57,0,0,300,0.5,1700,0.5,0
13,7,368,0,0,300,0.5,1700,0.5,0
13,8,325,2,10,5,0,500,0.6,1000,0.2,1400,0.2,1
13,9,548,2,10,5,0,300,0.5,1700,0.5,1
13,10,598,0,0,500,0.6,1000,0.2,1400,0.2,2
13,11,103,0,0,500,0.6,1000,0.2,1400,0.2,2
13,12,944,0,0,500,0.6,1000,0.2,1400,0.2,0
13,13,25,2,10,5,0,500,0.6,1000,0.2,1400,0.2,1
13,14,464,1,0,300,0.5,1700,0.5,0
13,15,486,1,0,500,0.6,1000,0.2,1400,0.2,0
13,16,404,2,10,5,0,300,0.5,1700,0.5,1
13,17,838,0,0,300,0.5,1700,0.5,1
13,18,700,0,0,500,0.6,1000,0.2,1400,0.2,2
13,19,794,2,10,5,0,300,0.5,1700,0.5,1
14,0,504,1,0,300,0.5,1700,0.5,0
14,1,544,1,0,300,0.5,1700,0.5,1
14,2,809,1,0,300,0.5,1700,0.5,0
14,3,477,1,0,500,0.6,1000,0.2,1400,0.2,1
14,4,289,1,0,300,0.5,1700,0.5,1
14,5,448,0,0,300,0.5,1700,0.5,0
14,6,151,2,10,5,0,300,0.5,1700,0.5,0
14,7,838,0,0,300,0.5,1700,0.5,0
14,8,224,1,0,500,0.6,1000,0.2,1400,0.2,2
14,9,159,2,10,5,0,500,0.6,1000,0.2,1400,0.2,2
14,10,686,1,0,500,0.6,1000,0.2,1400,0.2,0
14,11,191,2,10,5,0,300,0.5,1700,0.5,1
14,12,667,1,0,500,0.6,1000,0.2,1400,0.2,2
14,13,725,2,10,5,0,500,0.6,1000,0.2,1400,0.2,2
14,14,951,1,0,300,0.5,1700,0.5,0
14,15,440,1,0,500,0.6,1000,0.2,1400,0.2,0
14,16,109,2,10,5,0,300,0.5,1700,0.5,1
14,17,352,2,10,5,0,300,0.5,1700,0.5,1
14,18,353,0,0,500,0.6,1000,0.2,1400,0.2,0
14,19,91,1,0,500,0.6,1000,0.2,1400,0.2,2
15,0,227,0,0,300,0.5,1700,0.5,2
15,1,571,2,10,5,0,300,0.5,1700,0.5,0
15,2,466,1,0,300,0.5,1700,0.5,1
15,3,821,1,0,500,0.6,1000,0.2,1400,0.2,0
15,4,318,0,0,500,0.6,1000,0.2,1400,0.2,2
15,5,739,1,0,500,0.6,1000,0.2,1400,0.2,0
15,6,791,1,0,300,0.5,1700,0.5,1
15,7,196,2,10,5,0,300,0.5,1700,0.5,1
15,8,617,0,0,300,0.5,1700,0.5,0
15,9,968,1,0,500,0.6,1000,0.2,1400,0.2,0
15,10,241,2,10,5,0,300,0.5,1700,0.5,2
15,11,922,1,0,300,0.5,1700,0.5,2
15,12,100,1,0,300,0.5,1700,0.5,2
15,13,140,1,0,300,0.5,1700,0.5,0
15,14,443,1,0,500,0.6,1000,0.2,1400,0.2,0
15,15,958,0,0,500,0.6,1000,0.2,1400,0.2,1
15,16,581,2,10,5,0,300,0.5,1700,0.5,0
15,17,394,0,0,300,0.5,1700,0.5,0
15,18,760,0,0,500,0.6,1000,0.2,1400,0.2,1
15,19,717,1,0,300,0.5,1700,0.5,2
16,0,204,0,0,500,0.6,1000,0.2,1400,0.2,1
16,1,970,2,10,5,0,500,0.6,1000,0.2,1400,0.2,2
16,2,946,2,10,5,0,300,0.5,1700,0.5,2
16,3,130,0,0,500,0.6,1000,0.2,1400,0.2,1
16,4,417,2,10,5,0,300,0.5,1700,0.5,0
16,5,808,0,0,500,0.6,1000,0.2,1400,0.2,1
16,6,398,0,0,500,0.6,1000,0.2,1400,0.2,2
16,7,552,2,10,5,0,500,0.6,1000,0.2,1400,0.2,1
16,8,970,1,0,300,0.5,1700,0.5,2
16,9,389,2,10,5,0,300,0.5,1700,0.5,1
16,10,718,0,0,500,0.6,1000,0.2,1400,0.2,0
16,11,941,0,0,300,0.5,1700,0.5,1
16,12,599,1,0,300,0.5,1700,0.5,1
16,13,638,0,0,300,0.5,1700,0.5,0
16,14,420,1,0,300,0.5,1700,0.5,2
16,15,521,2,10,5,0,500,0.6,1000,0.2,1400,0.2,0
16,16,27,1,0,500,0.6,1000,0.2,1400,0.2,2
16,17,460,0,0,500,0.6,1000,0.2,1400,0.2,0
16,18,134,0,0,500,0.6,1000,0.2,1400,0.2,0
16,19,461,2,10,5,0,300,0.5,1700,0.5,0
17,0,13,2,10,5,0,300,0.5,1700,0.5,2
17,1,558,0,0,500,0.6,1000,0.2,1400,0.2,2
17,2,193,2,10,5,0,300,0.5,1700,0.5,0
17,3,286,0,0,300,0.5,1700,0.5,1
17,4,607,2,10,5,0,500,0.6,1000,0.2,1400,0.2,2
17,5,502,2,10,5,0,500,0.6,1000,0.2,1400,0.2,2
17,6,164,1,0,300,0.5,1700,0.5,0
17,7,664,1,0,500,0.6,1000,0.2,1400,0.2,0
17,8,725,1,0,500,0.6,1000,0.2,1400,0.2,1
17,9,947,1,0,500,0.6,1000,0.2,1400,0.2,0
17,10,823,1,0,300,0.5,1700,0.5,1
17,11,343,2,10,5,0,300,0.5,1700,0.5,2
17,12,579,1,0,300,0.5,1700,0.5,1
17,13,81,0,0,500,0.6,1000,0.2,1400,0.2,2
17,14,746,0,0,300,0.5,1700,0.5,1
17,15,503,1,0,500,0.6,1000,0.2,1400,0.2,2
17,16,987,2,10,5,0,500,0.6,1000,0.2,1400,0.2,1
17,17,148,1,0,500,0.6,1000,0.2,1400,0.2,0
17,18,576,1,0,500,0.6,1000,0.2,1400,0.2,1
17,19,206,0,0,500,0.6,1000,0.2,1400,0.2,1
18,0,641,2,10,5,0,300,0.5,1700,0.5,0
18,1,42,1,0,300,0.5,1700,0.5,2
18,2,701,1,0,300,0.5,1700,0.5,2
18,3,560,1,0,500,0.6,1000,0.2,1400,0.2,1
18,4,251,1,0,300,0.5,1700,0.5,0
18,5,492,1,0,300,0.5,1700,0.5,2
18,6,903,2,10,5,0,300,0.5,1700,0.5,0
18,7,837,1,0,500,0.6,1000,0.2,1400,0.2,0
18,8,599,0,0,500,0.6,1000,0.2,1400,0.2,0
18,9,315,2,10,5,0,500,0.6,1000,0.2,1400,0.2,0
18,10,747,1,0,300,0.5,1700,0.5,2
18,11,224,0,0,300,0.5,1700,0.5,0
18,12,331,2,10,5,0,500,0.6,1000,0.2,1400,0.2,1
18,13,762,2,10,5,0,500,0.6,1000,0.2,1400,0.2,2
18,14,730,1,0,500,0.6,1000,0.2,1400,0.2,1
18,15,393,1,0,300,0.5,1700,0.5,2
18,16,643,0,0,500,0.6,1000,0.2,1400,0.2,0
18,17,388,1,0,300,0.5,1700,0.5,2
18,18,441,1,0,300,0.5,1700,0.5,1
18,19,40,1,0,300,0.5,1700,0.5,1
19,0,959,1,0,500,0.6,1000,0.2,1400,0.2,2
19,1,253,0,0,300,0.5,1700,0.5,2
19,2,171,2,10,5,0,300,0.5,1700,0.5,1
19,3,653,2,10,5,0,300,0.5,1700,0.5,1
19,4,932,1,0,500,0.6,1000,0.2,1400,0.2,2
19,5,646,2,10,5,0,300,0.5,1700,0.5,1
19,6,786,1,0,500,0.6,1000,0.2,1400,0.2,2
19,7,993,1,0,500,0.6,1000,0.2,1400,0.2,2
19,8,134,0,0,300,0.5,1700,0.5,0
19,9,611,2,10,5,0,500,0.6,1000,0.2,1400,0.2,2
19,10,914,1,0,300,0.5,1700,0.5,2
19,11,972,1,0,500,0.6,1000,0.2,1400,0.2,0
19,12,989,1,0,500,0.6,1000,0.2,1400,0.2,0
19,13,993,0,0,500,0.6,1000,0.2,1400,0.2,0
19,14,105,0,0,300,0.5,1700,0.5,2
19,15,590,1,0,300,0.5,1700,0.5,1
19,16,979,2,10,5,0,300,0.5,1700,0.5,2
19,17,852,2,10,5,0,500,0.6,1000,0.2,1400,0.2,2
19,18,950,2,10,5,0,500,0.6,1000,0.2,1400,0.2,1
19,19,852,2,10,5,0,500,0.6,1000,0.2,1400,0.2,1
