0,0,582,1,0,500,0.6,1000,0.2,1400,0.2,2
0,1,335,0,0,500,0.6,1000,0.2,1400,0.2,1
0,2,316,2,10,5,0,300,0.5,1700,0.5,0
0,3,552,2,10,5,0,300,0.5,1700,0.5,0
0,4,52,2,10,5,0,500,0.6,1000,0.2,1400,0.2,0
0,5,639,0,0,300,0.5,1700,0.5,2
0,6,874,0,0,500,0.6,1000,0.2,1400,0.2,1
0,7,99,0,0,300,0.5,1700,0.5,2
0,8,249,0,0,500,0.6,1000,0.2,1400,0.2,2
0,9,308,2,10,5,0,500,0.6,1000,0.2,1400,0.2,2
0,10,723,1,0,300,0.5,1700,0.5,1
0,11,978,2,10,5,0,300,0.5,1700,0.5,0
0,12,588,0,0,500,0.6,1000,0.2,1400,0.2,0
0,13,727,2,10,5,0,300,0.5,1700,0.5,1
0,14,76,2,10,5,0,300,0.5,1700,0.5,2
0,15,677,2,10,5,0,300,0.5,1700,0.5,1
0,16,104,2,10,5,0,500,0.6,1000,0.2,1400,0.2,1
0,17,357,0,0,500,0.6,1000,0.2,1400,0.2,2
0,18,418,2,10,5,0,500,0.6,1000,0.2,1400,0.2,2
0,19,468,2,10,5,0,500,0.6,1000,0.2,1400,0.2,1
1,0,705,0,0,500,0.6,1000,0.2,1400,0.2,2
1,1,681,1,0,500,0.6,1000,0.2,1400,0.2,1
1,2,192,1,0,300,0.5,1700,0.5,0
1,3,851,0,0,300,0.5,1700,0.5,0
1,4,487,0,0,500,0.6,1000,0.2,1400,0.2,2
1,5,883,1,0,300,0.5,1700,0.5,1
1,6,389,1,0,300,0.5,1700,0.5,0
1,7,339,0,0,500,0.6,1000,0.2,1400,0.2,1
1,8,210,1,0,500,0.6,1000,0.2,1400,0.2,2
1,9,371,0,0,500,0.6,1000,0.2,1400,0.2,0
1,10,733,2,10,5,0,500,0.6,1000,0.2,1400,0.2,1
1,11,244,1,0,500,0.6,1000,0.2,1400,0.2,1
1,12,897,0,0,300,0.5,1700,0.5,1
1,13,912,0,0,300,0.5,1700,0.5,1
1,14,300,0,0,500,0.6,1000,0.2,1400,0.2,1
1,15,56,0,0,500,0.6,1000,0.2,1400,0.2,2
1,16,409,0,0,500,0.6,1000,0.2,1400,0.2,0
1,17,666,2,10,5,0,300,0.5,1700,0.5,2
1,18,603,0,0,500,0.6,1000,0.2,1400,0.2,1
1,19,464,0,0,300,0.5,1700,0.5,0
2,0,753,1,0,300,0.5,1700,0.5,0
2,1,221,1,0,500,0.6,1000,0.2,1400,0.2,1
2,2,798,0,0,500,0.6,1000,0.2,1400,0.2,2
2,3,340,0,0,500,0.6,1000,0.2,1400,0.2,2
2,4,794,0,0,500,0.6,1000,0.2,1400,0.2,2
2,5,418,0,0,500,0.6,1000,0.2,1400,0.2,1
2,6,631,0,0,300,0.5,1700,0.5,2
2,7,43,1,0,500,0.6,1000,0.2,1400,0.2,1
2,8,822,1,0,300,0.5,1700,0.5,1
2,9,843,0,0,300,0.5,1700,0.5,2
2,10,315,1,0,300,0.5,1700,0.5,1
2,11,130,1,0,500,0.6,1000,0.2,1400,0.2,0
2,12,557,2,10,5,0,500,0.6,1000,0.2,1400,0.2,2
2,13,741,0,0,500,0.6,1000,0.2,1400,0.2,1
2,14,905,0,0,300,0.5,1700,0.5,1
2,15,688,1,0,500,0.6,1000,0.2,1400,0.2,1
2,16,600,2,10,5,0,500,0.6,1000,0.2,1400,0.2,2
2,17,500,0,0,300,0.5,1700,0.5,0
2,18,721,2,10,5,0,300,0.5,1700,0.5,0
2,19,102,0,0,300,0.5,1700,0.5,1
3,0,845,0,0,300,0.5,1700,0.5,0
3,1,541,2,10,5,0,300,0.5,1700,0.5,2
3,2,68,2,10,5,0,300,0.5,1700,0.5,0
3,3,522,0,0,500,0.6,1000,0.2,1400,0.2,1
3,4,560,1,0,500,0.6,1000,0.2,1400,0.2,0
3,5,713,1,0,500,0.6,1000,0.2,1400,0.2,1
3,6,471,2,10,5,0,300,0.5,1700,0.5,1
3,7,880,1,0,300,0.5,1700,0.5,1
3,8,511,2,10,5,0,500,0.6,1000,0.2,1400,0.2,0
3,9,811,2,10,5,0,300,0.5,1700,0.5,0
3,10,256,2,10,5,0,500,0.6,1000,0.2,1400,0.2,0
3,11,286,1,0,500,0.6,1000,0.2,1400,0.2,1
3,12,307,0,0,500,0.6,1000,0.2,1400,0.2,2
3,13,167,0,0,300,0.5,1700,0.5,2
3,14,123,0,0,300,0.5,1700,0.5,2
3,15,36,0,0,500,0.6,1000,0.2,1400,0.2,0
3,16,813,1,0,500,0.6,1000,0.2,1400,0.2,0
3,17,650,0,0,500,0.6,1000,0.2,1400,0.2,2
3,18,78,2,10,5,0,500,0.6,1000,0.2,1400,0.2,1
3,19,960,2,10,5,0,500,0.6,1000,0.2,1400,0.2,0
4,0,762,0,0,500,0.6,1000,0.2,1400,0.2,0
4,1,723,1,0,500,0.6,1000,0.2,1400,0.2,1
4,2,565,2,10,5,0,500,0.6,1000,0.2,1400,0.2,2
4,3,616,2,10,5,0,500,0.6,1000,0.2,1400,0.2,1
4,4,101,1,0,300,0.5,1700,0.5,2
4,5,297,2,10,5,0,300,0.5,1700,0.5,0
4,6,351,0,0,300,0.5,1700,0.5,0
4,7,890,1,0,300,0.5,1700,0.5,2
4,8,488,0,0,500,0.6,1000,0.2,1400,0.2,0
4,9,789,0,0,500,0.6,1000,0.2,1400,0.2,0
4,10,872,2,10,5,0,500,0.6,1000,0.2,1400,0.2,0
4,11,962,1,0,500,0.6,1000,0.2,1400,0.2,1
4,12,576,1,0,500,0.6,1000,0.2,1400,0.2,2
4,13,974,2,10,5,0,300,0.5,1700,0.5,0
4,14,465,1,0,500,0.6,1000,0.2,1400,0.2,0
4,15,645,1,0,500,0.6,1000,0.2,1400,0.2,1
4,16,65,2,10,5,0,500,0.6,1000,0.2,1400,0.2,0
4,17,65,0,0,500,0.6,1000,0.2,1400,0.2,2
4,18,433,1,0,500,0.6,1000,0.2,1400,0.2,2
4,19,369,0,0,300,0.5,1700,0.5,1
5,0,131,2,10,5,0,500,0.6,1000,0.2,1400,0.2,1
5,1,55,2,10,5,0,500,0.6,1000,0.2,1400,0.2,1
5,2,954,1,0,500,0.6,1000,0.2,1400,0.2,2
5,3,763,2,10,5,0,300,0.5,1700,0.5,0
5,4,798,0,0,300,0.5,1700,0.5,2
5,5,708,2,10,5,0,500,0.6,1000,0.2,1400,0.2,2
5,6,536,0,0,500,0.6,1000,0.2,1400,0.2,1
5,7,882,1,0,500,0.6,1000,0.2,1400,0.2,1
5,8,262,1,0,500,0.6,1000,0.2,1400,0.2,0
5,9,547,2,10,5,0,300,0.5,1700,0.5,0
5,10,533,1,0,500,0.6,1000,0.2,1400,0.2,2
5,11,352,0,0,500,0.6,1000,0.2,1400,0.2,0
5,12,19,2,10,5,0,500,0.6,1000,0.2,1400,0.2,0
5,13,509,2,10,5,0,300,0.5,1700,0.5,0
5,14,510,2,10,5,0,500,0.6,1000,0.2,1400,0.2,2
5,15,256,2,10,5,0,500,0.6,1000,0.2,1400,0.2,0
5,16,739,1,0,500,0.6,1000,0.2,1400,0.2,2
5,17,446,2,10,5,0,500,0.6,1000,0.2,1400,0.2,2
5,18,565,2,10,5,0,500,0.6,1000,0.2,1400,0.2,1
5,19,10,0,0,500,0.6,1000,0.2,1400,0.2,2
6,0,363,2,10,5,0,500,0.6,1000,0.2,1400,0.2,2
6,1,796,0,0,500,0.6,1000,0.2,1400,0.2,2
6,2,500,0,0,300,0.5,1700,0.5,2
6,3,491,0,0,500,0.6,1000,0.2,1400,0.2,1
6,4,177,1,0,500,0.6,1000,0.2,1400,0.2,2
6,5,875,0,0,300,0.5,1700,0.5,1
6,6,450,0,0,500,0.6,1000,0.2,1400,0.2,0
6,7,782,1,0,300,0.5,1700,0.5,1
6,8,802,0,0,300,0.5,1700,0.5,0
6,9,717,0,0,500,0.6,1000,0.2,1400,0.2,1
6,10,179,2,10,5,0,500,0.6,1000,0.2,1400,0.2,2
6,11,735,0,0,300,0.5,1700,0.5,1
6,12,222,2,10,5,0,500,0.6,1000,0.2,1400,0.2,1
6,13,708,2,10,5,0,500,0.6,1000,0.2,1400,0.2,2
6,14,954,0,0,500,0.6,1000,0.2,1400,0.2,0
6,15,666,1,0,500,0.6,1000,0.2,1400,0.2,2
6,16,333,1,0,300,0.5,1700,0.5,2
6,17,444,0,0,300,0.5,1700,0.5,1
6,18,410,0,0,300,0.5,1700,0.5,2
6,19,241,1,0,500,0.6,1000,0.2,1400,0.2,1
7,0,237,1,0,500,0.6,1000,0.2,1400,0.2,2
7,1,404,2,10,5,0,300,0.5,1700,0.5,1
7,2,81,0,0,300,0.5,1700,0.5,2
7,3,390,0,0,300,0.5,1700,0.5,2
7,4,852,1,0,500,0.6,1000,0.2,1400,0.2,1
7,5,862,2,10,5,0,500,0.6,1000,0.2,1400,0.2,2
7,6,975,2,10,5,0,500,0.6,1000,0.2,1400,0.2,0
7,7,992,0,0,300,0.5,1700,0.5,2
7,8,375,0,0,500,0.6,1000,0.2,1400,0.2,0
7,9,439,1,0,500,0.6,1000,0.2,1400,0.2,0
7,10,659,2,10,5,0,500,0.6,1000,0.2,1400,0.2,1
7,11,673,2,10,5,0,300,0.5,1700,0.5,1
7,12,831,1,0,500,0.6,1000,0.2,1400,0.2,0
7,13,496,2,10,5,0,300,0.5,1700,0.5,2
7,14,145,0,0,500,0.6,1000,0.2,1400,0.2,1
7,15,761,2,10,5,0,300,0.5,1700,0.5,1
7,16,113,2,10,5,0,300,0.5,1700,0.5,0
7,17,695,0,0,500,0.6,1000,0.2,1400,0.2,2
7,18,16,0,0,500,0.6,1000,0.2,1400,0.2,1
7,19,127,0,0,500,0.6,1000,0.2,1400,0.2,0
8,0,88,2,10,5,0,300,0.5,1700,0.5,1
8,1,45,2,10,5,0,500,0.6,1000,0.2,1400,0.2,0
8,2,27,0,0,500,0.6,1000,0.2,1400,0.2,0
8,3,377,0,0,300,0.5,1700,0.5,2
8,4,581,2,10,5,0,300,0.5,1700,0.5,0
8,5,864,2,10,5,0,300,0.5,1700,0.5,2
8,6,810,0,0,500,0.6,1000,0.2,1400,0.2,1
8,7,402,1,0,300,0.5,1700,0.5,0
8,8,419,1,0,300,0.5,1700,0.5,2
8,9,869,2,10,5,0,300,0.5,1700,0.5,2
8,10,846,0,0,300,0.5,1700,0.5,2
8,11,454,2,10,5,0,300,0.5,1700,0.5,0
8,12,384,1,0,500,0.6,1000,0.2,1400,0.2,1
8,13,465,0,0,500,0.6,1000,0.2,1400,0.2,1
8,14,260,1,0,300,0.5,1700,0.5,1
8,15,356,0,0,300,0.5,1700,0.5,1
8,16,992,0,0,500,0.6,1000,0.2,1400,0.2,0
8,17,834,0,0,300,0.5,1700,0.5,1
8,18,559,2,10,5,0,500,0.6,1000,0.2,1400,0.2,2
8,19,800,0,0,300,0.5,1700,0.5,1
9,0,693,0,0,500,0.6,1000,0.2,1400,0.2,0
9,1,534,1,0,300,0.5,1700,0.5,1
9,2,736,0,0,300,0.5,1700,0.5,0
9,3,511,0,0,500,0.6,1000,0.2,1400,0.2,2
9,4,94,1,0,500,0.6,1000,0.2,1400,0.2,1
9,5,325,2,10,5,0,300,0.5,1700,0.5,2
9,6,98,1,0,300,0.5,1700,0.5,2
9,7,909,1,0,300,0.5,1700,0.5,2
9,8,192,0,0,500,0.6,1000,0.2,1400,0.2,2
9,9,98,2,10,5,0,500,0.6,1000,0.2,1400,0.2,0
9,10,906,1,0,300,0.5,1700,0.5,1
9,11,439,0,0,300,0.5,1700,0.5,0
9,12,521,1,0,500,0.6,1000,0.2,1400,0.2,1
9,13,667,2,10,5,0,300,0.5,1700,0.5,1
9,14,463,1,0,300,0.5,1700,0.5,1
9,15,753,1,0,500,0.6,1000,0.2,1400,0.2,0
9,16,462,1,0,500,0.6,1000,0.2,1400,0.2,2
9,17,665,0,0,300,0.5,1700,0.5,0
9,18,416,1,0,300,0.5,1700,0.5,2
9,19,837,0,0,300,0.5,1700,0.5,2
10,0,183,0,0,300,0.5,1700,0.5,2
10,1,436,1,0,500,0.6,1000,0.2,1400,0.2,1
10,2,89,1,0,300,0.5,1700,0.5,2
10,3,247,1,0,500,0.6,1000,0.2,1400,0.2,2
10,4,496,0,0,300,0.5,1700,0.5,2
10,5,919,1,0,500,0.6,1000,0.2,1400,0.2,2
10,6,824,0,0,300,0.5,1700,0.5,2
10,7,122,1,0,300,0.5,1700,0.5,0
10,8,37,2,10,5,0,300,0.5,1700,0.5,2
10,9,856,2,10,5,0,500,0.6,1000,0.2,1400,0.2,1
10,10,328,0,0,500,0.6,1000,0.2,1400,0.2,0
10,11,553,1,0,300,0.5,1700,0.5,2
10,12,580,1,0,300,0.5,1700,0.5,0
10,13,180,0,0,500,0.6,1000,0.2,1400,0.2,0
10,14,523,0,0,500,0.6,1000,0.2,1400,0.2,1
10,15,733,1,0,300,0.5,1700,0.5,1
10,16,111,0,0,300,0.5,1700,0.5,0
10,17,241,1,0,500,0.6,1000,0.2,1400,0.2,1
10,18,925,0,0,500,0.6,1000,0.2,1400,0.2,0
10,19,777,0,0,300,0.5,1700,0.5,1
11,0,248,2,10,5,0,300,0.5,1700,0.5,1
11,1,876,2,10,5,0,500,0.6,1000,0.2,1400,0.2,2
11,2,206,0,0,500,0.6,1000,0.2,1400,0.2,1
11,3,630,1,0,500,0.6,1000,0.2,1400,0.2,2
11,4,462,2,10,5,0,500,0.6,1000,0.2,1400,0.2,0
11,5,541,0,0,300,0.5,1700,0.5,2
11,6,512,0,0,500,0.6,1000,0.2,1400,0.2,2
11,7,398,2,10,5,0,500,0.6,1000,0.2,1400,0.2,1
11,8,161,0,0,500,0.6,1000,0.2,1400,0.2,2
11,9,357,2,10,5,0,300,0.5,1700,0.5,2
11,10,340,1,0,500,0.6,1000,0.2,1400,0.2,2
11,11,993,1,0,300,0.5,1700,0.5,0
11,12,246,0,0,500,0.6,1000,0.2,1400,0.2,2
11,13,763,1,0,500,0.6,1000,0.2,1400,0.2,1
11,14,668,2,10,5,0,300,0.5,1700,0.5,0
11,15,510,2,10,5,0,500,0.6,1000,0.2,1400,0.2,0
11,16,180,2,10,5,0,500,0.6,1000,0.2,1400,0.2,2
11,17,729,2,10,5,0,300,0.5,1700,0.5,2
11,18,540,2,10,5,0,500,0.6,1000,0.2,1400,0.2,2
11,19,593,2,10,5,0,500,0.6,1000,0.2,1400,0.2,0
12,0,300,2,10,5,0,300,0.5,1700,0.5,1
12,1,872,2,10,5,0,300,0.5,1700,0.5,0
12,2,970,2,10,5,0,500,0.6,1000,0.2,1400,0.2,0
12,3,168,1,0,300,0.5,1700,0.5,0
12,4,863,1,0,500,0.6,1000,0.2,1400,0.2,2
12,5,573,1,0,300,0.5,1700,0.5,2
12,6,947,1,0,300,0.5,1700,0.5,1
12,7,274,2,10,5,0,500,0.6,1000,0.2,1400,0.2,1
12,8,165,2,10,5,0,500,0.6,1000,0.2,1400,0.2,0
12,9,67,2,10,5,0,300,0.5,1700,0.5,2
12,10,707,2,10,5,0,500,0.6,1000,0.2,1400,0.2,0
12,11,895,1,0,500,0.6,1000,0.2,1400,0.2,1
12,12,194,0,0,300,0.5,1700,0.5,1
12,13,290,0,0,500,0.6,1000,0.2,1400,0.2,2
12,14,527,2,10,5,0,500,0.6,1000,0.2,1400,0.2,1
12,15,610,2,10,5,0,300,0.5,1700,0.5,0
12,16,246,1,0,500,0.6,1000,0.2,1400,0.2,0
12,17,501,1,0,500,0.6,1000,0.2,1400,0.2,1
12,18,928,2,10,5,0,300,0.5,1700,0.5,1
12,19,362,2,10,5,0,300,0.5,1700,0.5,1
13,0,647,2,10,5,0,300,0.5,1700,0.5,0
13,1,671,1,0,300,0.5,1700,0.5,0
13,2,359,1,0,300,0.5,1700,0.5,2
13,3,860,1,0,300,0.5,1700,0.5,1
13,4,523,0,0,500,0.6,1000,0.2,1400,0.2,1
13,5,543,1,0,300,0.5,1700,0.5,0
13,6,152,2,10,5,0,300,0.5,1700,0.5,1
13,7,454,0,0,300,0.5,1700,0.5,0
13,8,582,2,10,5,0,300,0.5,1700,0.5,0
13,9,356,1,0,300,0.5,1700,0.5,0
13,10,575,0,0,500,0.6,1000,0.2,1400,0.2,2
13,11,129,0,0,500,0.6,1000,0.2,1400,0.2,1
13,12,168,0,0,500,0.6,1000,0.2,1400,0.2,1
13,13,31,2,10,5,0,500,0.6,1000,0.2,1400,0.2,1
13,14,304,0,0,300,0.5,1700,0.5,1
13,15,39,1,0,500,0.6,1000,0.2,1400,0.2,2
13,16,40,2,10,5,0,300,0.5,1700,0.5,0
13,17,966,2,10,5,0,300,0.5,1700,0.5,0
13,18,544,0,0,500,0.6,1000,0.2,1400,0.2,1
13,19,805,0,0,500,0.6,1000,0.2,1400,0.2,2
14,0,173,0,0,300,0.5,1700,0.5,2
14,1,598,2,10,5,0,300,0.5,1700,0.5,2
14,2,285,0,0,300,0.5,1700,0.5,0
14,3,819,2,10,5,0,300,0.5,1700,0.5,2
14,4,176,0,0,500,0.6,1000,0.2,1400,0.2,0
14,5,456,1,0,500,0.6,1000,0.2,1400,0.2,2
14,6,816,2,10,5,0,500,0.6,1000,0.2,1400,0.2,1
14,7,134,0,0,500,0.6,1000,0.2,1400,0.2,1
14,8,887,1,0,300,0.5,1700,0.5,2
14,9,118,1,0,300,0.5,1700,0.5,1
14,10,504,1,0,500,0.6,1000,0.2,1400,0.2,2
14,11,712,0,0,300,0.5,1700,0.5,0
14,12,122,0,0,500,0.6,1000,0.2,1400,0.2,0
14,13,573,0,0,300,0.5,1700,0.5,2
14,14,848,0,0,300,0.5,1700,0.5,1
14,15,462,1,0,300,0.5,1700,0.5,2
14,16,514,2,10,5,0,300,0.5,1700,0.5,2
14,17,82,0,0,500,0.6,1000,0.2,1400,0.2,0
14,18,425,0,0,500,0.6,1000,0.2,1400,0.2,0
14,19,310,2,10,5,0,300,0.5,1700,0.5,2
15,0,128,0,0,300,0.5,1700,0.5,1
15,1,172,1,0,500,0.6,1000,0.2,1400,0.2,1
15,2,723,1,0,500,0.6,1000,0.2,1400,0.2,1
15,3,712,0,0,500,0.6,1000,0.2,1400,0.2,0
15,4,759,1,0,300,0.5,1700,0.5,1
15,5,814,0,0,500,0.6,1000,0.2,1400,0.2,2
15,6,282,2,10,5,0,300,0.5,1700,0.5,2
15,7,187,0,0,500,0.6,1000,0.2,1400,0.2,0
15,8,976,1,0,300,0.5,1700,0.5,1
15,9,605,2,10,5,0,500,0.6,1000,0.2,1400,0.2,0
15,10,851,2,10,5,0,500,0.6,1000,0.2,1400,0.2,2
15,11,585,0,0,300,0.5,1700,0.5,1
15,12,544,1,0,300,0.5,1700,0.5,0
15,13,647,2,10,5,0,500,0.6,1000,0.2,1400,0.2,1
15,14,62,0,0,300,0.5,1700,0.5,2
15,15,927,1,0,500,0.6,1000,0.2,1400,0.2,1
15,16,705,1,0,300,0.5,1700,0.5,1
15,17,928,2,10,5,0,300,0.5,1700,0.5,2
15,18,446,2,10,5,0,500,0.6,1000,0.2,1400,0.2,0
15,19,21,2,10,5,0,300,0.5,1700,0.5,1
16,0,566,1,0,300,0.5,1700,0.5,1
16,1,507,0,0,300,0.5,1700,0.5,2
16,2,903,1,0,500,0.6,1000,0.2,1400,0.2,0
16,3,87,0,0,500,0.6,1000,0.2,1400,0.2,2
16,4,418,2,10,5,0,500,0.6,1000,0.2,1400,0.2,2
16,5,435,0,0,500,0.6,1000,0.2,1400,0.2,2
16,6,808,0,0,300,0.5,1700,0.5,0
16,7,494,2,10,5,0,300,0.5,1700,0.5,1
16,8,66,2,10,5,0,500,0.6,1000,0.2,1400,0.2,0
16,9,170,1,0,300,0.5,1700,0.5,1
16,10,192,0,0,300,0.5,1700,0.5,0
16,11,890,2,10,5,0,500,0.6,1000,0.2,1400,0.2,2
16,12,772,0,0,500,0.6,1000,0.2,1400,0.2,1
16,13,327,0,0,500,0.6,1000,0.2,1400,0.2,0
16,14,588,1,0,300,0.5,1700,0.5,1
16,15,99,0,0,500,0.6,1000,0.2,1400,0.2,1
16,16,701,1,0,300,0.5,1700,0.5,0
16,17,106,1,0,300,0.5,1700,0.5,2
16,18,413,2,10,5,0,500,0.6,1000,0.2,1400,0.2,1
16,19,305,2,10,5,0,300,0.5,1700,0.5,0
17,0,787,1,0,500,0.6,1000,0.2,1400,0.2,0
17,1,588,0,0,300,0.5,1700,0.5,0
17,2,63,1,0,500,0.6,1000,0.2,1400,0.2,0
17,3,320,0,0,300,0.5,1700,0.5,1
17,4,286,2,10,5,0,500,0.6,1000,0.2,1400,0.2,2
17,5,565,1,0,500,0.6,1000,0.2,1400,0.2,2
17,6,814,1,0,300,0.5,1700,0.5,0
17,7,282,1,0,500,0.6,1000,0.2,1400,0.2,0
17,8,710,1,0,300,0.5,1700,0.5,2
17,9,258,2,10,5,0,500,0.6,1000,0.2,1400,0.2,2
17,10,287,1,0,500,0.6,1000,0.2,1400,0.2,0
17,11,502,0,0,500,0.6,1000,0.2,1400,0.2,1
17,12,466,2,10,5,0,300,0.5,1700,0.5,1
17,13,538,1,0,300,0.5,1700,0.5,0
17,14,845,1,0,500,0.6,1000,0.2,1400,0.2,0
17,15,277,0,0,500,0.6,1000,0.2,1400,0.2,0
17,16,145,0,0,300,0.5,1700,0.5,0
17,17,69,2,10,5,0,300,0.5,1700,0.5,1
17,18,843,0,0,300,0.5,1700,0.5,0
17,19,142,2,10,5,0,300,0.5,1700,0.5,0
18,0,76,1,0,300,0.5,1700,0.5,0
18,1,608,2,10,5,0,500,0.6,1000,0.2,1400,0.2,2
18,2,215,1,0,500,0.6,1000,0.2,1400,0.2,2
18,3,367,2,10,5,0,300,0.5,1700,0.5,1
18,4,936,0,0,300,0.5,1700,0.5,0
18,5,35,0,0,300,0.5,1700,0.5,1
18,6,168,1,0,500,0.6,1000,0.2,1400,0.2,0
18,7,562,2,10,5,0,500,0.6,1000,0.2,1400,0.2,0
18,8,344,1,0,500,0.6,1000,0.2,1400,0.2,2
18,9,989,1,0,300,0.5,1700,0.5,1
18,10,227,2,10,5,0,300,0.5,1700,0.5,1
18,11,287,0,0,300,0.5,1700,0.5,1
18,12,768,0,0,300,0.5,1700,0.5,1
18,13,293,0,0,500,0.6,1000,0.2,1400,0.2,1
18,14,333,1,0,300,0.5,1700,0.5,2
18,15,739,2,10,5,0,300,0.5,1700,0.5,2
18,16,457,2,10,5,0,300,0.5,1700,0.5,2
18,17,380,0,0,300,0.5,1700,0.5,1
18,18,439,2,10,5,0,300,0.5,1700,0.5,1
18,19,174,2,10,5,0,500,0.6,1000,0.2,1400,0.2,2
19,0,928,0,0,500,0.6,1000,0.2,1400,0.2,1
19,1,90,0,0,300,0.5,1700,0.5,2
19,2,181,2,10,5,0,500,0.6,1000,0.2,1400,0.2,2
19,3,306,1,0,500,0.6,1000,0.2,1400,0.2,1
19,4,615,2,10,5,0,300,0.5,1700,0.5,1
19,5,968,2,10,5,0,300,0.5,1700,0.5,2
19,6,827,0,0,500,0.6,1000,0.2,1400,0.2,2
19,7,369,1,0,500,0.6,1000,0.2,1400,0.2,1
19,8,692,1,0,500,0.6,1000,0.2,1400,0.2,1
19,9,588,1,0,500,0.6,1000,0.2,1400,0.2,2
19,10,606,1,0,300,0.5,1700,0.5,0
19,11,947,0,0,300,0.5,1700,0.5,2
19,12,157,1,0,300,0.5,1700,0.5,2
19,13,146,1,0,300,0.5,1700,0.5,0
19,14,262,1,0,300,0.5,1700,0.5,2
19,15,767,0,0,300,0.5,1700,0.5,1
19,16,93,2,10,5,0,300,0.5,1700,0.5,2
19,17,927,2,10,5,0,500,0.6,1000,0.2,1400,0.2,1
19,18,210,1,0,300,0.5,1700,0.5,0
19,19,88,2,10,5,0,500,0.6,1000,0.2,1400,0.2,0
