0,0,596,1,0,300,0.5,1700,0.5,0
0,1,720,1,0,300,0.5,1700,0.5,1
0,2,655,2,10,5,0,300,0.5,1700,0.5,2
0,3,692,0,0,500,0.6,1000,0.2,1400,0.2,2
0,4,447,1,0,500,0.6,1000,0.2,1400,0.2,2
0,5,202,0,0,500,0.6,1000,0.2,1400,0.2,2
0,6,125,2,10,5,0,300,0.5,1700,0.5,1
0,7,197,2,10,5,0,500,0.6,1000,0.2,1400,0.2,1
0,8,731,1,0,500,0.6,1000,0.2,1400,0.2,0
0,9,522,2,10,5,0,500,0.6,1000,0.2,1400,0.2,1
0,10,893,2,10,5,0,300,0.5,1700,0.5,2
0,11,997,0,0,500,0.6,1000,0.2,1400,0.2,0
0,12,658,0,0,300,0.5,1700,0.5,2
0,13,413,1,0,300,0.5,1700,0.5,2
0,14,872,2,10,5,0,500,0.6,1000,0.2,1400,0.2,1
0,15,299,2,10,5,0,300,0.5,1700,0.5,0
0,16,932,2,10,5,0,500,0.6,1000,0.2,1400,0.2,0
0,17,561,2,10,5,0,500,0.6,1000,0.2,1400,0.2,2
0,18,181,2,10,5,0,300,0.5,1700,0.5,1
0,19,153,1,0,500,0.6,1000,0.2,1400,0.2,0
1,0,638,0,0,500,0.6,1000,0.2,1400,0.2,1
1,1,276,2,10,5,0,500,0.6,1000,0.2,1400,0.2,1
1,2,133,0,0,300,0.5,1700,0.5,1
1,3,863,1,0,500,0.6,1000,0.2,1400,0.2,1
1,4,538,1,0,500,0.6,1000,0.2,1400,0.2,1
1,5,424,2,10,5,0,300,0.5,1700,0.5,1
1,6,178,1,0,300,0.5,1700,0.5,2
1,7,675,1,0,500,0.6,1000,0.2,1400,0.2,1
1,8,162,1,0,500,0.6,1000,0.2,1400,0.2,1
1,9,945,0,0,500,0.6,1000,0.2,1400,0.2,1
1,10,208,2,10,5,0,300,0.5,1700,0.5,2
1,11,13,1,0,500,0.6,1000,0.2,1400,0.2,2
1,12,327,0,0,300,0.5,1700,0.5,1
1,13,283,2,10,5,0,300,0.5,1700,0.5,1
1,14,556,0,0,300,0.5,1700,0.5,1
1,15,202,0,0,300,0.5,1700,0.5,0
1,16,69,2,10,5,0,500,0.6,1000,0.2,1400,0.2,1
1,17,748,2,10,5,0,500,0.6,1000,0.2,1400,0.2,0
1,18,945,1,0,300,0.5,1700,0.5,2
1,19,502,0,0,300,0.5,1700,0.5,0
2,0,414,1,0,500,0.6,1000,0.2,1400,0.2,2
2,1,416,0,0,500,0.6,1000,0.2,1400,0.2,1
2,2,408,2,10,5,0,300,0.5,1700,0.5,0
2,3,384,0,0,500,0.6,1000,0.2,1400,0.2,1
2,4,993,1,0,500,0.6,1000,0.2,1400,0.2,1
2,5,256,1,0,300,0.5,1700,0.5,1
2,6,42,0,0,500,0.6,1000,0.2,1400,0.2,0
2,7,582,1,0,300,0.5,1700,0.5,0
2,8,835,0,0,300,0.5,1700,0.5,1
2,9,147,1,0,300,0.5,1700,0.5,2
2,10,675,0,0,500,0.6,1000,0.2,1400,0.2,2
2,11,971,0,0,300,0.5,1700,0.5,2
2,12,522,0,0,500,0.6,1000,0.2,1400,0.2,0
2,13,72,1,0,300,0.5,1700,0.5,0
2,14,695,2,10,5,0,300,0.5,1700,0.5,2
2,15,534,1,0,300,0.5,1700,0.5,0
2,16,480,2,10,5,0,300,0.5,1700,0.5,0
2,17,670,2,10,5,0,500,0.6,1000,0.2,1400,0.2,2
2,18,13,0,0,500,0.6,1000,0.2,1400,0.2,0
2,19,806,2,10,5,0,500,0.6,1000,0.2,1400,0.2,0
3,0,677,2,10,5,0,300,0.5,1700,0.5,0
3,1,597,0,0,500,0.6,1000,0.2,1400,0.2,2
3,2,222,0,0,300,0.5,1700,0.5,2
3,3,532,2,10,5,0,300,0.5,1700,0.5,2
3,4,812,2,10,5,0,500,0.6,1000,0.2,1400,0.2,0
3,5,317,1,0,300,0.5,1700,0.5,1
3,6,754,2,10,5,0,500,0.6,1000,0.2,1400,0.2,0
3,7,550,0,0,300,0.5,1700,0.5,0
3,8,503,1,0,500,0.6,1000,0.2,1400,0.2,1
3,9,884,1,0,500,0.6,1000,0.2,1400,0.2,2
3,10,530,1,0,300,0.5,1700,0.5,0
3,11,254,0,0,500,0.6,1000,0.2,1400,0.2,1
3,12,360,1,0,500,0.6,1000,0.2,1400,0.2,2
3,13,146,2,10,5,0,300,0.5,1700,0.5,1
3,14,324,1,0,300,0.5,1700,0.5,1
3,15,794,1,0,300,0.5,1700,0.5,0
3,16,293,1,0,300,0.5,1700,0.5,1
3,17,172,0,0,300,0.5,1700,0.5,2
3,18,364,0,0,300,0.5,1700,0.5,0
3,19,749,2,10,5,0,500,0.6,1000,0.2,1400,0.2,1
4,0,789,0,0,500,0.6,1000,0.2,1400,0.2,2
4,1,93,1,0,500,0.6,1000,0.2,1400,0.2,0
4,2,553,1,0,300,0.5,1700,0.5,2
4,3,531,0,0,500,0.6,1000,0.2,1400,0.2,0
4,4,418,1,0,300,0.5,1700,0.5,2
4,5,891,2,10,5,0,300,0.5,1700,0.5,2
4,6,405,0,0,500,0.6,1000,0.2,1400,0.2,0
4,7,531,1,0,300,0.5,1700,0.5,2
4,8,144,1,0,500,0.6,1000,0.2,1400,0.2,1
4,9,62,2,10,5,0,300,0.5,1700,0.5,1
4,10,46,0,0,500,0.6,1000,0.2,1400,0.2,0
4,11,184,0,0,300,0.5,1700,0.5,0
4,12,15,0,0,300,0.5,1700,0.5,1
4,13,108,0,0,500,0.6,1000,0.2,1400,0.2,2
4,14,843,1,0,300,0.5,1700,0.5,0
4,15,681,1,0,500,0.6,1000,0.2,1400,0.2,2
4,16,250,1,0,500,0.6,1000,0.2,1400,0.2,2
4,17,324,1,0,300,0.5,1700,0.5,2
4,18,902,1,0,300,0.5,1700,0.5,0
4,19,817,0,0,500,0.6,1000,0.2,1400,0.2,0
5,0,185,2,10,5,0,300,0.5,1700,0.5,2
5,1,591,2,10,5,0,300,0.5,1700,0.5,2
5,2,778,1,0,300,0.5,1700,0.5,0
5,3,644,1,0,500,0.6,1000,0.2,1400,0.2,0
5,4,618,1,0,300,0.5,1700,0.5,0
5,5,117,2,10,5,0,300,0.5,1700,0.5,1
5,6,443,1,0,500,0.6,1000,0.2,1400,0.2,0
5,7,828,1,0,500,0.6,1000,0.2,1400,0.2,2
5,8,309,0,0,300,0.5,1700,0.5,1
5,9,143,0,0,500,0.6,1000,0.2,1400,0.2,0
5,10,219,2,10,5,0,500,0.6,1000,0.2,1400,0.2,0
5,11,372,0,0,300,0.5,1700,0.5,0
5,12,911,1,0,300,0.5,1700,0.5,2
5,13,862,0,0,500,0.6,1000,0.2,1400,0.2,0
5,14,137,1,0,300,0.5,1700,0.5,1
5,15,765,1,0,500,0.6,1000,0.2,1400,0.2,2
5,16,159,0,0,500,0.6,1000,0.2,1400,0.2,0
5,17,992,1,0,500,0.6,1000,0.2,1400,0.2,2
5,18,63,0,0,500,0.6,1000,0.2,1400,0.2,2
5,19,788,1,0,300,0.5,1700,0.5,0
6,0,592,2,10,5,0,300,0.5,1700,0.5,1
6,1,79,0,0,300,0.5,1700,0.5,2
6,2,758,1,0,300,0.5,1700,0.5,1
6,3,812,0,0,300,0.5,1700,0.5,0
6,4,296,0,0,500,0.6,1000,0.2,1400,0.2,2
6,5,683,1,0,500,0.6,1000,0.2,1400,0.2,1
6,6,21,1,0,500,0.6,1000,0.2,1400,0.2,1
6,7,762,0,0,500,0.6,1000,0.2,1400,0.2,2
6,8,861,2,10,5,0,500,0.6,1000,0.2,1400,0.2,2
6,9,643,0,0,500,0.6,1000,0.2,1400,0.2,2
6,10,684,0,0,300,0.5,1700,0.5,0
6,11,263,2,10,5,0,500,0.6,1000,0.2,1400,0.2,2
6,12,443,2,10,5,0,500,0.6,1000,0.2,1400,0.2,2
6,13,91,0,0,300,0.5,1700,0.5,1
6,14,922,2,10,5,0,500,0.6,1000,0.2,1400,0.2,1
6,15,443,1,0,300,0.5,1700,0.5,1
6,16,237,0,0,500,0.6,1000,0.2,1400,0.2,0
6,17,994,1,0,500,0.6,1000,0.2,1400,0.2,1
6,18,13,2,10,5,0,300,0.5,1700,0.5,2
6,19,270,2,10,5,0,500,0.6,1000,0.2,1400,0.2,1
7,0,169,1,0,500,0.6,1000,0.2,1400,0.2,1
7,1,529,0,0,300,0.5,1700,0.5,1
7,2,474,2,10,5,0,500,0.6,1000,0.2,1400,0.2,2
7,3,190,2,10,5,0,300,0.5,1700,0.5,0
7,4,808,1,0,500,0.6,1000,0.2,1400,0.2,1
7,5,592,2,10,5,0,300,0.5,1700,0.5,2
7,6,578,1,0,300,0.5,1700,0.5,2
7,7,678,2,10,5,0,300,0.5,1700,0.5,1
7,8,397,0,0,500,0.6,1000,0.2,1400,0.2,0
7,9,833,1,0,500,0.6,1000,0.2,1400,0.2,2
7,10,228,0,0,300,0.5,1700,0.5,1
7,11,919,0,0,300,0.5,1700,0.5,1
7,12,797,2,10,5,0,300,0.5,1700,0.5,1
7,13,118,2,10,5,0,500,0.6,1000,0.2,1400,0.2,0
7,14,893,1,0,500,0.6,1000,0.2,1400,0.2,2
7,15,697,1,0,300,0.5,1700,0.5,0
7,16,452,0,0,300,0.5,1700,0.5,0
7,17,707,0,0,500,0.6,1000,0.2,1400,0.2,2
7,18,744,1,0,300,0.5,1700,0.5,2
7,19,183,1,0,300,0.5,1700,0.5,2
8,0,73,1,0,300,0.5,1700,0.5,1
8,1,441,0,0,300,0.5,1700,0.5,0
8,2,900,0,0,300,0.5,1700,0.5,0
8,3,146,1,0,500,0.6,1000,0.2,1400,0.2,0
8,4,573,2,10,5,0,500,0.6,1000,0.2,1400,0.2,0
8,5,441,1,0,300,0.5,1700,0.5,2
8,6,951,0,0,500,0.6,1000,0.2,1400,0.2,1
8,7,750,1,0,500,0.6,1000,0.2,1400,0.2,2
8,8,663,1,0,500,0.6,1000,0.2,1400,0.2,0
8,9,97,1,0,500,0.6,1000,0.2,1400,0.2,0
8,10,364,0,0,500,0.6,1000,0.2,1400,0.2,2
8,11,635,1,0,300,0.5,1700,0.5,1
8,12,978,1,0,300,0.5,1700,0.5,1
8,13,981,0,0,300,0.5,1700,0.5,2
8,14,14,1,0,300,0.5,1700,0.5,2
8,15,690,2,10,5,0,300,0.5,1700,0.5,0
8,16,700,2,10,5,0,300,0.5,1700,0.5,2
8,17,819,2,10,5,0,300,0.5,1700,0.5,1
8,18,58,2,10,5,0,500,0.6,1000,0.2,1400,0.2,1
8,19,439,0,0,500,0.6,1000,0.2,1400,0.2,1
9,0,49,0,0,300,0.5,1700,0.5,2
9,1,332,1,0,500,0.6,1000,0.2,1400,0.2,0
9,2,886,2,10,5,0,500,0.6,1000,0.2,1400,0.2,1
9,3,885,2,10,5,0,300,0.5,1700,0.5,0
9,4,280,1,0,300,0.5,1700,0.5,0
9,5,639,1,0,500,0.6,1000,0.2,1400,0.2,2
9,6,790,2,10,5,0,300,0.5,1700,0.5,0
9,7,778,0,0,300,0.5,1700,0.5,2
9,8,937,1,0,500,0.6,1000,0.2,1400,0.2,2
9,9,815,2,10,5,0,300,0.5,1700,0.5,2
9,10,785,2,10,5,0,500,0.6,1000,0.2,1400,0.2,0
9,11,876,0,0,500,0.6,1000,0.2,1400,0.2,2
9,12,828,2,10,5,0,500,0.6,1000,0.2,1400,0.2,1
9,13,673,2,10,5,0,500,0.6,1000,0.2,1400,0.2,2
9,14,889,2,10,5,0,300,0.5,1700,0.5,2
9,15,723,1,0,500,0.6,1000,0.2,1400,0.2,1
9,16,229,2,10,5,0,500,0.6,1000,0.2,1400,0.2,0
9,17,269,1,0,300,0.5,1700,0.5,1
9,18,678,0,0,500,0.6,1000,0.2,1400,0.2,0
9,19,225,0,0,300,0.5,1700,0.5,2
10,0,37,1,0,500,0.6,1000,0.2,1400,0.2,1
10,1,558,2,10,5,0,300,0.5,1700,0.5,1
10,2,67,1,0,500,0.6,1000,0.2,1400,0.2,0
10,3,578,2,10,5,0,500,0.6,1000,0.2,1400,0.2,1
10,4,42,0,0,300,0.5,1700,0.5,0
10,5,186,0,0,300,0.5,1700,0.5,2
10,6,600,2,10,5,0,500,0.6,1000,0.2,1400,0.2,1
10,7,604,0,0,300,0.5,1700,0.5,2
10,8,555,2,10,5,0,300,0.5,1700,0.5,0
10,9,806,2,10,5,0,300,0.5,1700,0.5,1
10,10,641,2,10,5,0,300,0.5,1700,0.5,2
10,11,618,2,10,5,0,500,0.6,1000,0.2,1400,0.2,1
10,12,63,2,10,5,0,300,0.5,1700,0.5,1
10,13,351,1,0,300,0.5,1700,0.5,2
10,14,952,2,10,5,0,500,0.6,1000,0.2,1400,0.2,2
10,15,481,0,0,300,0.5,1700,0.5,0
10,16,816,1,0,500,0.6,1000,0.2,1400,0.2,1
10,17,552,1,0,300,0.5,1700,0.5,1
10,18,678,0,0,500,0.6,1000,0.2,1400,0.2,2
10,19,114,0,0,500,0.6,1000,0.2,1400,0.2,0
11,0,587,2,10,5,0,300,0.5,1700,0.5,2
11,1,484,1,0,300,0.5,1700,0.5,1
11,2,247,0,0,300,0.5,1700,0.5,1
11,3,156,1,0,300,0.5,1700,0.5,1
11,4,693,2,10,5,0,500,0.6,1000,0.2,1400,0.2,1
11,5,998,2,10,5,0,300,0.5,1700,0.5,2
11,6,314,2,10,5,0,300,0.5,1700,0.5,0
11,7,712,1,0,500,0.6,1000,0.2,1400,0.2,0
11,8,314,0,0,300,0.5,1700,0.5,2
11,9,532,2,10,5,0,300,0.5,1700,0.5,0
11,10,177,2,10,5,0,300,0.5,1700,0.5,1
11,11,994,1,0,300,0.5,1700,0.5,2
11,12,833,0,0,500,0.6,1000,0.2,1400,0.2,0
11,13,418,1,0,500,0.6,1000,0.2,1400,0.2,1
11,14,844,1,0,300,0.5,1700,0.5,0
11,15,696,1,0,500,0.6,1000,0.2,1400,0.2,2
11,16,820,0,0,500,0.6,1000,0.2,1400,0.2,0
11,17,629,2,10,5,0,500,0.6,1000,0.2,1400,0.2,0
11,18,404,1,0,500,0.6,1000,0.2,1400,0.2,2
11,19,359,1,0,300,0.5,1700,0.5,2
12,0,184,2,10,5,0,500,0.6,1000,0.2,1400,0.2,2
12,1,844,2,10,5,0,500,0.6,1000,0.2,1400,0.2,1
12,2,344,1,0,300,0.5,1700,0.5,0
12,3,28,1,0,500,0.6,1000,0.2,1400,0.2,1
12,4,857,1,0,300,0.5,1700,0.5,1
12,5,739,0,0,500,0.6,1000,0.2,1400,0.2,1
12,6,425,2,10,5,0,300,0.5,1700,0.5,0
12,7,607,1,0,300,0.5,1700,0.5,0
12,8,47,1,0,500,0.6,1000,0.2,1400,0.2,0
12,9,934,0,0,300,0.5,1700,0.5,1
12,10,917,1,0,300,0.5,1700,0.5,1
12,11,86,2,10,5,0,500,0.6,1000,0.2,1400,0.2,1
12,12,820,1,0,500,0.6,1000,0.2,1400,0.2,1
12,13,261,1,0,500,0.6,1000,0.2,1400,0.2,1
12,14,339,2,10,5,0,300,0.5,1700,0.5,2
12,15,689,0,0,500,0.6,1000,0.2,1400,0.2,0
12,16,627,1,0,300,0.5,1700,0.5,2
12,17,866,2,10,5,0,300,0.5,1700,0.5,1
12,18,614,0,0,300,0.5,1700,0.5,2
12,19,309,2,10,5,0,500,0.6,1000,0.2,1400,0.2,0
13,0,103,1,0,300,0.5,1700,0.5,1
13,1,342,1,0,300,0.5,1700,0.5,0
13,2,192,1,0,500,0.6,1000,0.2,1400,0.2,0
13,3,952,2,10,5,0,500,0.6,1000,0.2,1400,0.2,1
13,4,789,1,0,300,0.5,1700,0.5,2
13,5,86,1,0,300,0.5,1700,0.5,1
13,6,499,2,10,5,0,500,0.6,1000,0.2,1400,0.2,2
13,7,498,2,10,5,0,500,0.6,1000,0.2,1400,0.2,0
13,8,441,2,10,5,0,500,0.6,1000,0.2,1400,0.2,2
13,9,333,1,0,300,0.5,1700,0.5,1
13,10,450,0,0,500,0.6,1000,0.2,1400,0.2,1
13,11,204,1,0,300,0.5,1700,0.5,0
13,12,736,1,0,500,0.6,1000,0.2,1400,0.2,0
13,13,906,1,0,500,0.6,1000,0.2,1400,0.2,1
13,14,691,1,0,500,0.6,1000,0.2,1400,0.2,2
13,15,895,2,10,5,0,300,0.5,1700,0.5,1
13,16,121,1,0,500,0.6,1000,0.2,1400,0.2,0
13,17,578,2,10,5,0,500,0.6,1000,0.2,1400,0.2,0
13,18,533,2,10,5,0,300,0.5,1700,0.5,2
13,19,457,0,0,500,0.6,1000,0.2,1400,0.2,2
14,0,270,1,0,300,0.5,1700,0.5,0
14,1,418,1,0,300,0.5,1700,0.5,2
14,2,106,2,10,5,0,500,0.6,1000,0.2,1400,0.2,2
14,3,647,0,0,500,0.6,1000,0.2,1400,0.2,0
14,4,438,1,0,300,0.5,1700,0.5,0
14,5,262,0,0,500,0.6,1000,0.2,1400,0.2,2
14,6,828,1,0,500,0.6,1000,0.2,1400,0.2,2
14,7,901,0,0,500,0.6,1000,0.2,1400,0.2,1
14,8,257,2,10,5,0,500,0.6,1000,0.2,1400,0.2,1
14,9,412,1,0,300,0.5,1700,0.5,1
14,10,322,1,0,500,0.6,1000,0.2,1400,0.2,1
14,11,826,1,0,300,0.5,1700,0.5,0
14,12,895,1,0,500,0.6,1000,0.2,1400,0.2,2
14,13,41,2,10,5,0,500,0.6,1000,0.2,1400,0.2,2
14,14,587,0,0,300,0.5,1700,0.5,1
14,15,473,2,10,5,0,500,0.6,1000,0.2,1400,0.2,1
14,16,552,2,10,5,0,500,0.6,1000,0.2,1400,0.2,1
14,17,802,2,10,5,0,300,0.5,1700,0.5,2
14,18,833,0,0,500,0.6,1000,0.2,1400,0.2,0
14,19,158,2,10,5,0,300,0.5,1700,0.5,0
15,0,593,1,0,500,0.6,1000,0.2,1400,0.2,0
15,1,962,0,0,500,0.6,1000,0.2,1400,0.2,2
15,2,713,1,0,500,0.6,1000,0.2,1400,0.2,2
15,3,952,2,10,5,0,500,0.6,1000,0.2,1400,0.2,2
15,4,347,1,0,300,0.5,1700,0.5,1
15,5,777,2,10,5,0,300,0.5,1700,0.5,1
15,6,624,2,10,5,0,500,0.6,1000,0.2,1400,0.2,1
15,7,45,2,10,5,0,500,0.6,1000,0.2,1400,0.2,2
15,8,707,0,0,500,0.6,1000,0.2,1400,0.2,2
15,9,711,2,10,5,0,500,0.6,1000,0.2,1400,0.2,1
15,10,62,2,10,5,0,300,0.5,1700,0.5,1
15,11,585,0,0,300,0.5,1700,0.5,0
15,12,328,0,0,300,0.5,1700,0.5,2
15,13,189,2,10,5,0,300,0.5,1700,0.5,2
15,14,385,2,10,5,0,300,0.5,1700,0.5,2
15,15,992,0,0,300,0.5,1700,0.5,2
15,16,614,2,10,5,0,500,0.6,1000,0.2,1400,0.2,0
15,17,101,1,0,500,0.6,1000,0.2,1400,0.2,0
15,18,895,1,0,300,0.5,1700,0.5,1
15,19,429,2,10,5,0,300,0.5,1700,0.5,0
16,0,340,2,10,5,0,500,0.6,1000,0.2,1400,0.2,0
16,1,791,0,0,300,0.5,1700,0.5,1
16,2,592,2,10,5,0,300,0.5,1700,0.5,0
16,3,427,2,10,5,0,500,0.6,1000,0.2,1400,0.2,2
16,4,762,1,0,300,0.5,1700,0.5,2
16,5,296,0,0,300,0.5,1700,0.5,0
16,6,607,0,0,500,0.6,1000,0.2,1400,0.2,1
16,7,365,2,10,5,0,300,0.5,1700,0.5,2
16,8,750,0,0,300,0.5,1700,0.5,0
16,9,686,0,0,500,0.6,1000,0.2,1400,0.2,0
16,10,32,0,0,300,0.5,1700,0.5,2
16,11,785,2,10,5,0,300,0.5,1700,0.5,0
16,12,283,0,0,300,0.5,1700,0.5,0
16,13,842,1,0,300,0.5,1700,0.5,2
16,14,336,1,0,500,0.6,1000,0.2,1400,0.2,2
16,15,931,2,10,5,0,500,0.6,1000,0.2,1400,0.2,0
16,16,798,2,10,5,0,500,0.6,1000,0.2,1400,0.2,1
16,17,394,1,0,300,0.5,1700,0.5,0
16,18,238,0,0,300,0.5,1700,0.5,0
16,19,46,1,0,500,0.6,1000,0.2,1400,0.2,1
17,0,983,1,0,500,0.6,1000,0.2,1400,0.2,2
17,1,237,2,10,5,0,300,0.5,1700,0.5,1
17,2,941,0,0,300,0.5,1700,0.5,1
17,3,867,2,10,5,0,500,0.6,1000,0.2,1400,0.2,0
17,4,393,0,0,300,0.5,1700,0.5,2
17,5,27,2,10,5,0,300,0.5,1700,0.5,0
17,6,456,1,0,500,0.6,1000,0.2,1400,0.2,1
17,7,368,2,10,5,0,300,0.5,1700,0.5,0
17,8,762,1,0,300,0.5,1700,0.5,0
17,9,219,0,0,500,0.6,1000,0.2,1400,0.2,2
17,10,91,2,10,5,0,300,0.5,1700,0.5,0
17,11,466,0,0,300,0.5,1700,0.5,2
17,12,234,2,10,5,0,500,0.6,1000,0.2,1400,0.2,2
17,13,708,0,0,300,0.5,1700,0.5,0
17,14,958,1,0,500,0.6,1000,0.2,1400,0.2,2
17,15,886,0,0,500,0.6,1000,0.2,1400,0.2,1
17,16,598,0,0,500,0.6,1000,0.2,1400,0.2,2
17,17,488,1,0,300,0.5,1700,0.5,1
17,18,747,2,10,5,0,300,0.5,1700,0.5,2
17,19,420,1,0,300,0.5,1700,0.5,1
18,0,14,1,0,300,0.5,1700,0.5,1
18,1,533,1,0,500,0.6,1000,0.2,1400,0.2,1
18,2,794,1,0,500,0.6,1000,0.2,1400,0.2,2
18,3,10,2,10,5,0,300,0.5,1700,0.5,2
18,4,387,2,10,5,0,500,0.6,1000,0.2,1400,0.2,2
18,5,240,1,0,500,0.6,1000,0.2,1400,0.2,1
18,6,651,0,0,300,0.5,1700,0.5,0
18,7,690,2,10,5,0,500,0.6,1000,0.2,1400,0.2,1
18,8,869,0,0,300,0.5,1700,0.5,0
18,9,328,0,0,300,0.5,1700,0.5,0
18,10,660,1,0,300,0.5,1700,0.5,2
18,11,164,1,0,300,0.5,1700,0.5,0
18,12,336,0,0,500,0.6,1000,0.2,1400,0.2,1
18,13,611,1,0,500,0.6,1000,0.2,1400,0.2,1
18,14,959,1,0,500,0.6,1000,0.2,1400,0.2,2
18,15,987,1,0,500,0.6,1000,0.2,1400,0.2,1
18,16,920,2,10,5,0,500,0.6,1000,0.2,1400,0.2,0
18,17,867,0,0,500,0.6,1000,0.2,1400,0.2,0
18,18,241,2,10,5,0,500,0.6,1000,0.2,1400,0.2,0
18,19,317,0,0,500,0.6,1000,0.2,1400,0.2,2
19,0,177,1,0,500,0.6,1000,0.2,1400,0.2,0
19,1,864,1,0,300,0.5,1700,0.5,1
19,2,610,1,0,300,0.5,1700,0.5,2
19,3,816,1,0,500,0.6,1000,0.2,1400,0.2,2
19,4,220,2,10,5,0,500,0.6,1000,0.2,1400,0.2,2
19,5,800,0,0,500,0.6,1000,0.2,1400,0.2,0
19,6,363,1,0,500,0.6,1000,0.2,1400,0.2,2
19,7,842,1,0,500,0.6,1000,0.2,1400,0.2,1
19,8,824,0,0,500,0.6,1000,0.2,1400,0.2,0
19,9,112,2,10,5,0,500,0.6,1000,0.2,1400,0.2,0
19,10,211,1,0,500,0.6,1000,0.2,1400,0.2,0
19,11,549,1,0,500,0.6,1000,0.2,1400,0.2,1
19,12,652,2,10,5,0,500,0.6,1000,0.2,1400,0.2,2
19,13,596,1,0,300,0.5,1700,0.5,1
19,14,77,0,0,300,0.5,1700,0.5,1
19,15,27,0,0,500,0.6,1000,0.2,1400,0.2,2
19,16,793,0,0,300,0.5,1700,0.5,0
19,17,738,2,10,5,0,300,0.5,1700,0.5,0
19,18,348,2,10,5,0,500,0.6,1000,0.2,1400,0.2,1
19,19,83,0,0,500,0.6,1000,0.2,1400,0.2,2
