0,0,611,0,0,300,0.5,1700,0.5,2
0,1,243,2,10,5,0,300,0.5,1700,0.5,1
0,2,484,0,0,500,0.6,1000,0.2,1400,0.2,2
0,3,644,1,0,300,0.5,1700,0.5,2
0,4,64,2,10,5,0,500,0.6,1000,0.2,1400,0.2,0
0,5,601,1,0,500,0.6,1000,0.2,1400,0.2,2
0,6,607,2,10,5,0,300,0.5,1700,0.5,1
0,7,125,2,10,5,0,500,0.6,1000,0.2,1400,0.2,0
0,8,357,1,0,500,0.6,1000,0.2,1400,0.2,1
0,9,771,0,0,500,0.6,1000,0.2,1400,0.2,0
0,10,643,1,0,300,0.5,1700,0.5,2
0,11,58,2,10,5,0,300,0.5,1700,0.5,2
0,12,75,2,10,5,0,300,0.5,1700,0.5,1
0,13,952,0,0,300,0.5,1700,0.5,0
0,14,143,1,0,300,0.5,1700,0.5,1
0,15,538,0,0,500,0.6,1000,0.2,1400,0.2,2
0,16,655,2,10,5,0,300,0.5,1700,0.5,1
0,17,95,1,0,500,0.6,1000,0.2,1400,0.2,1
0,18,112,1,0,300,0.5,1700,0.5,0
0,19,576,0,0,500,0.6,1000,0.2,1400,0.2,2
1,0,961,1,0,500,0.6,1000,0.2,1400,0.2,0
1,1,133,0,0,500,0.6,1000,0.2,1400,0.2,0
1,2,966,2,10,5,0,500,0.6,1000,0.2,1400,0.2,2
1,3,41,0,0,300,0.5,1700,0.5,1
1,4,460,2,10,5,0,500,0.6,1000,0.2,1400,0.2,0
1,5,182,2,10,5,0,300,0.5,1700,0.5,1
1,6,69,2,10,5,0,500,0.6,1000,0.2,1400,0.2,1
1,7,184,0,0,300,0.5,1700,0.5,1
1,8,248,2,10,5,0,300,0.5,1700,0.5,1
1,9,381,0,0,300,0.5,1700,0.5,2
1,10,548,0,0,300,0.5,1700,0.5,1
1,11,696,1,0,500,0.6,1000,0.2,1400,0.2,0
1,12,527,1,0,500,0.6,1000,0.2,1400,0.2,2
1,13,136,2,10,5,0,300,0.5,1700,0.5,0
1,14,836,1,0,500,0.6,1000,0.2,1400,0.2,1
1,15,803,2,10,5,0,300,0.5,1700,0.5,0
1,16,296,1,0,500,0.6,1000,0.2,1400,0.2,1
1,17,595,1,0,500,0.6,1000,0.2,1400,0.2,1
1,18,819,1,0,500,0.6,1000,0.2,1400,0.2,0
1,19,518,0,0,300,0.5,1700,0.5,2
2,0,257,0,0,500,0.6,1000,0.2,1400,0.2,2
2,1,399,0,0,500,0.6,1000,0.2,1400,0.2,2
2,2,510,0,0,300,0.5,1700,0.5,0
2,3,674,0,0,300,0.5,1700,0.5,1
2,4,441,0,0,300,0.5,1700,0.5,1
2,5,93,1,0,300,0.5,1700,0.5,0
2,6,924,2,10,5,0,500,0.6,1000,0.2,1400,0.2,1
2,7,94,0,0,300,0.5,1700,0.5,2
2,8,606,2,10,5,0,300,0.5,1700,0.5,2
2,9,879,1,0,500,0.6,1000,0.2,1400,0.2,1
2,10,799,0,0,500,0.6,1000,0.2,1400,0.2,0
2,11,451,1,0,300,0.5,1700,0.5,1
2,12,629,2,10,5,0,500,0.6,1000,0.2,1400,0.2,1
2,13,58,0,0,500,0.6,1000,0.2,1400,0.2,2
2,14,851,2,10,5,0,300,0.5,1700,0.5,0
2,15,980,2,10,5,0,500,0.6,1000,0.2,1400,0.2,1
2,16,754,0,0,500,0.6,1000,0.2,1400,0.2,2
2,17,652,0,0,300,0.5,1700,0.5,2
2,18,840,0,0,300,0.5,1700,0.5,2
2,19,199,0,0,300,0.5,1700,0.5,1
3,0,329,2,10,5,0,500,0.6,1000,0.2,1400,0.2,1
3,1,672,2,10,5,0,300,0.5,1700,0.5,0
3,2,572,0,0,500,0.6,1000,0.2,1400,0.2,0
3,3,338,2,10,5,0,500,0.6,1000,0.2,1400,0.2,1
3,4,637,1,0,300,0.5,1700,0.5,1
3,5,955,0,0,300,0.5,1700,0.5,1
3,6,864,1,0,300,0.5,1700,0.5,2
3,7,867,2,10,5,0,500,0.6,1000,0.2,1400,0.2,1
3,8,349,0,0,300,0.5,1700,0.5,1
3,9,75,0,0,500,0.6,1000,0.2,1400,0.2,2
3,10,691,2,10,5,0,300,0.5,1700,0.5,2
3,11,878,2,10,5,0,500,0.6,1000,0.2,1400,0.2,0
3,12,315,0,0,500,0.6,1000,0.2,1400,0.2,2
3,13,237,2,10,5,0,300,0.5,1700,0.5,0
3,14,960,0,0,500,0.6,1000,0.2,1400,0.2,1
3,15,221,0,0,500,0.6,1000,0.2,1400,0.2,0
3,16,448,2,10,5,0,300,0.5,1700,0.5,2
3,17,975,2,10,5,0,500,0.6,1000,0.2,1400,0.2,1
3,18,747,1,0,500,0.6,1000,0.2,1400,0.2,0
3,19,555,1,0,500,0.6,1000,0.2,1400,0.2,2
4,0,686,2,10,5,0,300,0.5,1700,0.5,1
4,1,216,0,0,500,0.6,1000,0.2,1400,0.2,2
4,2,385,1,0,300,0.5,1700,0.5,2
4,3,761,1,0,500,0.6,1000,0.2,1400,0.2,1
4,4,900,2,10,5,0,500,0.6,1000,0.2,1400,0.2,1
4,5,120,0,0,500,0.6,1000,0.2,1400,0.2,2
4,6,795,0,0,300,0.5,1700,0.5,1
4,7,187,0,0,500,0.6,1000,0.2,1400,0.2,2
4,8,285,2,10,5,0,500,0.6,1000,0.2,1400,0.2,2
4,9,42,1,0,500,0.6,1000,0.2,1400,0.2,1
4,10,797,2,10,5,0,300,0.5,1700,0.5,0
4,11,762,0,0,300,0.5,1700,0.5,1
4,12,551,1,0,300,0.5,1700,0.5,0
4,13,560,1,0,500,0.6,1000,0.2,1400,0.2,1
4,14,588,1,0,500,0.6,1000,0.2,1400,0.2,0
4,15,485,2,10,5,0,500,0.6,1000,0.2,1400,0.2,0
4,16,447,2,10,5,0,300,0.5,1700,0.5,0
4,17,838,1,0,500,0.6,1000,0.2,1400,0.2,1
4,18,757,0,0,500,0.6,1000,0.2,1400,0.2,1
4,19,401,2,10,5,0,500,0.6,1000,0.2,1400,0.2,1
5,0,148,1,0,500,0.6,1000,0.2,1400,0.2,0
5,1,597,2,10,5,0,300,0.5,1700,0.5,0
5,2,856,0,0,300,0.5,1700,0.5,0
5,3,733,1,0,300,0.5,1700,0.5,1
5,4,383,1,0,300,0.5,1700,0.5,2
5,5,660,0,0,300,0.5,1700,0.5,2
5,6,216,1,0,300,0.5,1700,0.5,2
5,7,63,2,10,5,0,500,0.6,1000,0.2,1400,0.2,0
5,8,77,0,0,500,0.6,1000,0.2,1400,0.2,1
5,9,906,1,0,300,0.5,1700,0.5,0
5,10,808,1,0,300,0.5,1700,0.5,1
5,11,842,0,0,500,0.6,1000,0.2,1400,0.2,0
5,12,548,2,10,5,0,300,0.5,1700,0.5,1
5,13,804,1,0,300,0.5,1700,0.5,0
5,14,826,1,0,300,0.5,1700,0.5,2
5,15,585,2,10,5,0,500,0.6,1000,0.2,1400,0.2,2
5,16,383,0,0,500,0.6,1000,0.2,1400,0.2,2
5,17,371,0,0,500,0.6,1000,0.2,1400,0.2,2
5,18,672,2,10,5,0,300,0.5,1700,0.5,2
5,19,35,0,0,500,0.6,1000,0.2,1400,0.2,0
6,0,404,2,10,5,0,500,0.6,1000,0.2,1400,0.2,0
6,1,668,0,0,300,0.5,1700,0.5,2
6,2,421,1,0,300,0.5,1700,0.5,2
6,3,842,1,0,300,0.5,1700,0.5,1
6,4,803,0,0,500,0.6,1000,0.2,1400,0.2,2
6,5,532,1,0,500,0.6,1000,0.2,1400,0.2,0
6,6,120,2,10,5,0,300,0.5,1700,0.5,0
6,7,613,1,0,300,0.5,1700,0.5,1
6,8,41,1,0,500,0.6,1000,0.2,1400,0.2,1
6,9,581,2,10,5,0,300,0.5,1700,0.5,0
6,10,414,1,0,500,0.6,1000,0.2,1400,0.2,2
6,11,403,2,10,5,0,500,0.6,1000,0.2,1400,0.2,2
6,12,282,0,0,500,0.6,1000,0.2,1400,0.2,0
6,13,451,2,10,5,0,500,0.6,1000,0.2,1400,0.2,1
6,14,682,1,0,300,0.5,1700,0.5,1
6,15,542,0,0,300,0.5,1700,0.5,0
6,16,14,1,0,500,0.6,1000,0.2,1400,0.2,1
6,17,115,1,0,300,0.5,1700,0.5,0
6,18,577,2,10,5,0,300,0.5,1700,0.5,0
6,19,807,1,0,300,0.5,1700,0.5,2
7,0,597,1,0,500,0.6,1000,0.2,1400,0.2,0
7,1,922,2,10,5,0,500,0.6,1000,0.2,1400,0.2,1
7,2,627,1,0,300,0.5,1700,0.5,2
7,3,518,1,0,300,0.5,1700,0.5,0
7,4,711,2,10,5,0,300,0.5,1700,0.5,1
7,5,342,0,0,300,0.5,1700,0.5,2
7,6,157,1,0,500,0.6,1000,0.2,1400,0.2,0
7,7,85,0,0,500,0.6,1000,0.2,1400,0.2,2
7,8,916,0,0,500,0.6,1000,0.2,1400,0.2,2
7,9,160,2,10,5,0,300,0.5,1700,0.5,0
7,10,549,1,0,500,0.6,1000,0.2,1400,0.2,0
7,11,793,0,0,500,0.6,1000,0.2,1400,0.2,2
7,12,299,1,0,500,0.6,1000,0.2,1400,0.2,0
7,13,433,0,0,500,0.6,1000,0.2,1400,0.2,1
7,14,744,0,0,300,0.5,1700,0.5,0
7,15,313,2,10,5,0,500,0.6,1000,0.2,1400,0.2,1
7,16,572,0,0,500,0.6,1000,0.2,1400,0.2,1
7,17,92,0,0,500,0.6,1000,0.2,1400,0.2,2
7,18,404,2,10,5,0,500,0.6,1000,0.2,1400,0.2,1
7,19,631,0,0,300,0.5,1700,0.5,2
8,0,410,2,10,5,0,500,0.6,1000,0.2,1400,0.2,2
8,1,35,1,0,500,0.6,1000,0.2,1400,0.2,1
8,2,55,1,0,500,0.6,1000,0.2,1400,0.2,2
8,3,762,2,10,5,0,500,0.6,1000,0.2,1400,0.2,2
8,4,908,0,0,300,0.5,1700,0.5,0
8,5,858,0,0,300,0.5,1700,0.5,0
8,6,240,2,10,5,0,500,0.6,1000,0.2,1400,0.2,0
8,7,727,2,10,5,0,500,0.6,1000,0.2,1400,0.2,2
8,8,98,2,10,5,0,500,0.6,1000,0.2,1400,0.2,1
8,9,702,0,0,500,0.6,1000,0.2,1400,0.2,2
8,10,263,1,0,500,0.6,1000,0.2,1400,0.2,0
8,11,839,1,0,500,0.6,1000,0.2,1400,0.2,2
8,12,417,2,10,5,0,500,0.6,1000,0.2,1400,0.2,1
8,13,932,1,0,500,0.6,1000,0.2,1400,0.2,2
8,14,671,0,0,300,0.5,1700,0.5,2
8,15,291,2,10,5,0,300,0.5,1700,0.5,0
8,16,352,2,10,5,0,300,0.5,1700,0.5,0
8,17,163,2,10,5,0,300,0.5,1700,0.5,2
8,18,420,1,0,300,0.5,1700,0.5,2
8,19,923,1,0,300,0.5,1700,0.5,2
9,0,79,2,10,5,0,300,0.5,1700,0.5,1
9,1,383,1,0,500,0.6,1000,0.2,1400,0.2,2
9,2,718,1,0,500,0.6,1000,0.2,1400,0.2,0
9,3,620,2,10,5,0,500,0.6,1000,0.2,1400,0.2,2
9,4,69,1,0,500,0.6,1000,0.2,1400,0.2,1
9,5,434,2,10,5,0,300,0.5,1700,0.5,0
9,6,225,0,0,500,0.6,1000,0.2,1400,0.2,0
9,7,300,1,0,300,0.5,1700,0.5,2
9,8,138,2,10,5,0,500,0.6,1000,0.2,1400,0.2,0
9,9,491,0,0,500,0.6,1000,0.2,1400,0.2,1
9,10,779,1,0,500,0.6,1000,0.2,1400,0.2,2
9,11,911,0,0,300,0.5,1700,0.5,2
9,12,703,0,0,300,0.5,1700,0.5,1
9,13,697,2,10,5,0,300,0.5,1700,0.5,1
9,14,989,1,0,500,0.6,1000,0.2,1400,0.2,1
9,15,642,1,0,500,0.6,1000,0.2,1400,0.2,1
9,16,334,1,0,500,0.6,1000,0.2,1400,0.2,0
9,17,856,2,10,5,0,500,0.6,1000,0.2,1400,0.2,2
9,18,290,1,0,500,0.6,1000,0.2,1400,0.2,2
9,19,692,0,0,300,0.5,1700,0.5,0
10,0,232,1,0,500,0.6,1000,0.2,1400,0.2,2
10,1,649,1,0,300,0.5,1700,0.5,0
10,2,328,0,0,500,0.6,1000,0.2,1400,0.2,1
10,3,52,1,0,500,0.6,1000,0.2,1400,0.2,0
10,4,80,0,0,500,0.6,1000,0.2,1400,0.2,0
10,5,352,1,0,500,0.6,1000,0.2,1400,0.2,2
10,6,83,2,10,5,0,500,0.6,1000,0.2,1400,0.2,0
10,7,719,0,0,300,0.5,1700,0.5,2
10,8,213,1,0,500,0.6,1000,0.2,1400,0.2,1
10,9,237,2,10,5,0,300,0.5,1700,0.5,2
10,10,546,0,0,300,0.5,1700,0.5,2
10,11,602,2,10,5,0,500,0.6,1000,0.2,1400,0.2,2
10,12,476,1,0,300,0.5,1700,0.5,0
10,13,13,1,0,500,0.6,1000,0.2,1400,0.2,2
10,14,747,1,0,300,0.5,1700,0.5,2
10,15,751,1,0,500,0.6,1000,0.2,1400,0.2,1
10,16,723,1,0,500,0.6,1000,0.2,1400,0.2,1
10,17,530,1,0,500,0.6,1000,0.2,1400,0.2,1
10,18,219,2,10,5,0,500,0.6,1000,0.2,1400,0.2,1
10,19,765,0,0,500,0.6,1000,0.2,1400,0.2,1
11,0,426,1,0,500,0.6,1000,0.2,1400,0.2,0
11,1,996,0,0,500,0.6,1000,0.2,1400,0.2,0
11,2,906,0,0,500,0.6,1000,0.2,1400,0.2,0
11,3,774,2,10,5,0,300,0.5,1700,0.5,0
11,4,160,2,10,5,0,500,0.6,1000,0.2,1400,0.2,1
11,5,152,1,0,500,0.6,1000,0.2,1400,0.2,2
11,6,313,0,0,300,0.5,1700,0.5,1
11,7,502,1,0,300,0.5,1700,0.5,0
11,8,176,1,0,300,0.5,1700,0.5,0
11,9,842,0,0,300,0.5,1700,0.5,0
11,10,234,1,0,500,0.6,1000,0.2,1400,0.2,1
11,11,366,2,10,5,0,500,0.6,1000,0.2,1400,0.2,0
11,12,195,2,10,5,0,500,0.6,1000,0.2,1400,0.2,1
11,13,229,1,0,300,0.5,1700,0.5,1
11,14,14,1,0,500,0.6,1000,0.2,1400,0.2,1
11,15,212,0,0,500,0.6,1000,0.2,1400,0.2,2
11,16,808,1,0,500,0.6,1000,0.2,1400,0.2,2
11,17,816,1,0,500,0.6,1000,0.2,1400,0.2,1
11,18,645,1,0,500,0.6,1000,0.2,1400,0.2,2
11,19,308,0,0,500,0.6,1000,0.2,1400,0.2,0
12,0,146,2,10,5,0,500,0.6,1000,0.2,1400,0.2,1
12,1,678,0,0,500,0.6,1000,0.2,1400,0.2,2
12,2,811,2,10,5,0,500,0.6,1000,0.2,1400,0.2,2
12,3,340,0,0,300,0.5,1700,0.5,0
12,4,656,1,0,300,0.5,1700,0.5,1
12,5,668,0,0,300,0.5,1700,0.5,1
12,6,155,1,0,300,0.5,1700,0.5,2
12,7,906,0,0,500,0.6,1000,0.2,1400,0.2,1
12,8,318,1,0,300,0.5,1700,0.5,1
12,9,727,2,10,5,0,300,0.5,1700,0.5,2
12,10,158,2,10,5,0,300,0.5,1700,0.5,0
12,11,658,2,10,5,0,500,0.6,1000,0.2,1400,0.2,0
12,12,185,1,0,300,0.5,1700,0.5,2
12,13,513,2,10,5,0,300,0.5,1700,0.5,1
12,14,931,0,0,500,0.6,1000,0.2,1400,0.2,1
12,15,762,0,0,300,0.5,1700,0.5,1
12,16,708,1,0,500,0.6,1000,0.2,1400,0.2,2
12,17,446,1,0,300,0.5,1700,0.5,1
12,18,363,0,0,300,0.5,1700,0.5,1
12,19,703,1,0,300,0.5,1700,0.5,0
13,0,137,2,10,5,0,300,0.5,1700,0.5,2
13,1,297,0,0,500,0.6,1000,0.2,1400,0.2,2
13,2,731,2,10,5,0,500,0.6,1000,0.2,1400,0.2,1
13,3,612,2,10,5,0,500,0.6,1000,0.2,1400,0.2,1
13,4,89,2,10,5,0,500,0.6,1000,0.2,1400,0.2,0
13,5,136,0,0,500,0.6,1000,0.2,1400,0.2,2
13,6,25,0,0,300,0.5,1700,0.5,1
13,7,487,2,10,5,0,500,0.6,1000,0.2,1400,0.2,2
13,8,892,0,0,300,0.5,1700,0.5,0
13,9,222,0,0,300,0.5,1700,0.5,0
13,10,536,1,0,500,0.6,1000,0.2,1400,0.2,0
13,11,222,1,0,500,0.6,1000,0.2,1400,0.2,0
13,12,983,1,0,300,0.5,1700,0.5,1
13,13,147,0,0,500,0.6,1000,0.2,1400,0.2,1
13,14,699,0,0,300,0.5,1700,0.5,2
13,15,838,0,0,300,0.5,1700,0.5,0
13,16,443,1,0,300,0.5,1700,0.5,1
13,17,962,0,0,500,0.6,1000,0.2,1400,0.2,1
13,18,261,2,10,5,0,300,0.5,1700,0.5,0
13,19,738,0,0,500,0.6,1000,0.2,1400,0.2,0
14,0,682,1,0,300,0.5,1700,0.5,2
14,1,782,2,10,5,0,300,0.5,1700,0.5,1
14,2,750,2,10,5,0,300,0.5,1700,0.5,0
14,3,226,2,10,5,0,300,0.5,1700,0.5,1
14,4,685,1,0,500,0.6,1000,0.2,1400,0.2,2
14,5,704,2,10,5,0,500,0.6,1000,0.2,1400,0.2,2
14,6,568,1,0,300,0.5,1700,0.5,2
14,7,865,0,0,300,0.5,1700,0.5,0
14,8,953,2,10,5,0,300,0.5,1700,0.5,2
14,9,348,2,10,5,0,300,0.5,1700,0.5,1
14,10,806,0,0,300,0.5,1700,0.5,0
14,11,925,0,0,500,0.6,1000,0.2,1400,0.2,1
14,12,665,2,10,5,0,500,0.6,1000,0.2,1400,0.2,2
14,13,439,0,0,500,0.6,1000,0.2,1400,0.2,2
14,14,416,2,10,5,0,300,0.5,1700,0.5,2
14,15,606,1,0,300,0.5,1700,0.5,2
14,16,941,1,0,300,0.5,1700,0.5,0
14,17,985,2,10,5,0,500,0.6,1000,0.2,1400,0.2,2
14,18,454,0,0,300,0.5,1700,0.5,0
14,19,247,2,10,5,0,300,0.5,1700,0.5,2
15,0,167,1,0,300,0.5,1700,0.5,0
15,1,79,2,10,5,0,300,0.5,1700,0.5,2
15,2,448,0,0,300,0.5,1700,0.5,1
15,3,878,0,0,300,0.5,1700,0.5,0
15,4,119,0,0,500,0.6,1000,0.2,1400,0.2,1
15,5,647,0,0,500,0.6,1000,0.2,1400,0.2,0
15,6,565,2,10,5,0,500,0.6,1000,0.2,1400,0.2,0
15,7,974,1,0,500,0.6,1000,0.2,1400,0.2,2
15,8,752,2,10,5,0,300,0.5,1700,0.5,0
15,9,794,1,0,300,0.5,1700,0.5,0
15,10,966,2,10,5,0,500,0.6,1000,0.2,1400,0.2,0
15,11,884,1,0,300,0.5,1700,0.5,2
15,12,908,0,0,300,0.5,1700,0.5,0
15,13,643,2,10,5,0,300,0.5,1700,0.5,2
15,14,647,1,0,500,0.6,1000,0.2,1400,0.2,1
15,15,23,0,0,500,0.6,1000,0.2,1400,0.2,2
15,16,334,2,10,5,0,300,0.5,1700,0.5,0
15,17,178,0,0,300,0.5,1700,0.5,1
15,18,810,1,0,300,0.5,1700,0.5,2
15,19,472,1,0,300,0.5,1700,0.5,1
16,0,402,0,0,500,0.6,1000,0.2,1400,0.2,1
16,1,118,1,0,500,0.6,1000,0.2,1400,0.2,0
16,2,999,2,10,5,0,500,0.6,1000,0.2,1400,0.2,0
16,3,379,2,10,5,0,300,0.5,1700,0.5,0
16,4,263,0,0,300,0.5,1700,0.5,2
16,5,448,1,0,500,0.6,1000,0.2,1400,0.2,2
16,6,427,2,10,5,0,300,0.5,1700,0.5,2
16,7,67,0,0,500,0.6,1000,0.2,1400,0.2,1
16,8,643,1,0,500,0.6,1000,0.2,1400,0.2,1
16,9,799,0,0,300,0.5,1700,0.5,2
16,10,777,1,0,300,0.5,1700,0.5,2
16,11,903,0,0,500,0.6,1000,0.2,1400,0.2,2
16,12,581,1,0,300,0.5,1700,0.5,1
16,13,523,2,10,5,0,500,0.6,1000,0.2,1400,0.2,0
16,14,484,0,0,300,0.5,1700,0.5,0
16,15,829,2,10,5,0,500,0.6,1000,0.2,1400,0.2,1
16,16,859,0,0,500,0.6,1000,0.2,1400,0.2,0
16,17,883,1,0,300,0.5,1700,0.5,0
16,18,927,2,10,5,0,500,0.6,1000,0.2,1400,0.2,0
16,19,423,1,0,500,0.6,1000,0.2,1400,0.2,0
17,0,631,0,0,500,0.6,1000,0.2,1400,0.2,1
17,1,503,2,10,5,0,500,0.6,1000,0.2,1400,0.2,0
17,2,373,0,0,300,0.5,1700,0.5,1
17,3,765,2,10,5,0,500,0.6,1000,0.2,1400,0.2,0
17,4,739,0,0,500,0.6,1000,0.2,1400,0.2,2
17,5,687,0,0,300,0.5,1700,0.5,0
17,6,146,0,0,500,0.6,1000,0.2,1400,0.2,2
17,7,70,0,0,500,0.6,1000,0.2,1400,0.2,2
17,8,58,0,0,500,0.6,1000,0.2,1400,0.2,1
17,9,229,2,10,5,0,500,0.6,1000,0.2,1400,0.2,0
17,10,795,1,0,300,0.5,1700,0.5,1
17,11,684,2,10,5,0,300,0.5,1700,0.5,0
17,12,995,1,0,500,0.6,1000,0.2,1400,0.2,1
17,13,504,2,10,5,0,500,0.6,1000,0.2,1400,0.2,1
17,14,862,2,10,5,0,500,0.6,1000,0.2,1400,0.2,2
17,15,282,2,10,5,0,300,0.5,1700,0.5,1
17,16,625,1,0,500,0.6,1000,0.2,1400,0.2,1
17,17,737,1,0,300,0.5,1700,0.5,1
17,18,159,0,0,300,0.5,1700,0.5,0
17,19,766,2,10,5,0,300,0.5,1700,0.5,1
18,0,944,1,0,300,0.5,1700,0.5,0
18,1,277,2,10,5,0,500,0.6,1000,0.2,1400,0.2,1
18,2,537,1,0,300,0.5,1700,0.5,1
18,3,567,0,0,300,0.5,1700,0.5,0
18,4,665,2,10,5,0,500,0.6,1000,0.2,1400,0.2,2
18,5,789,1,0,300,0.5,1700,0.5,2
18,6,718,2,10,5,0,300,0.5,1700,0.5,1
18,7,40,2,10,5,0,500,0.6,1000,0.2,1400,0.2,1
18,8,483,1,0,300,0.5,1700,0.5,2
18,9,150,1,0,500,0.6,1000,0.2,1400,0.2,2
18,10,185,0,0,500,0.6,1000,0.2,1400,0.2,0
18,11,510,0,0,500,0.6,1000,0.2,1400,0.2,2
18,12,538,2,10,5,0,500,0.6,1000,0.2,1400,0.2,1
18,13,725,1,0,300,0.5,1700,0.5,1
18,14,431,0,0,500,0.6,1000,0.2,1400,0.2,0
18,15,595,1,0,500,0.6,1000,0.2,1400,0.2,0
18,16,882,0,0,300,0.5,1700,0.5,2
18,17,837,2,10,5,0,300,0.5,1700,0.5,0
18,18,811,2,10,5,0,500,0.6,1000,0.2,1400,0.2,2
18,19,575,1,0,300,0.5,1700,0.5,1
19,0,175,1,0,500,0.6,1000,0.2,1400,0.2,0
19,1,378,1,0,300,0.5,1700,0.5,1
19,2,96,0,0,300,0.5,1700,0.5,0
19,3,593,2,10,5,0,300,0.5,1700,0.5,1
19,4,629,0,0,500,0.6,1000,0.2,1400,0.2,1
19,5,246,1,0,500,0.6,1000,0.2,1400,0.2,0
19,6,326,1,0,500,0.6,1000,0.2,1400,0.2,1
19,7,115,1,0,500,0.6,1000,0.2,1400,0.2,0
19,8,255,0,0,300,0.5,1700,0.5,1
19,9,333,1,0,500,0.6,1000,0.2,1400,0.2,1
19,10,346,2,10,5,0,500,0.6,1000,0.2,1400,0.2,2
19,11,987,1,0,300,0.5,1700,0.5,0
19,12,445,1,0,500,0.6,1000,0.2,1400,0.2,0
19,13,230,1,0,300,0.5,1700,0.5,2
19,14,997,1,0,500,0.6,1000,0.2,1400,0.2,0
19,15,408,1,0,500,0.6,1000,0.2,1400,0.2,1
19,16,972,0,0,300,0.5,1700,0.5,0
19,17,788,2,10,5,0,500,0.6,1000,0.2,1400,0.2,0
19,18,423,0,0,500,0.6,1000,0.2,1400,0.2,2
19,19,40,2,10,5,0,300,0.5,1700,0.5,2
