0,0,774,2,10,5,0,500,0.6,1000,0.2,1400,0.2,2
0,1,389,1,0,300,0.5,1700,0.5,2
0,2,736,1,0,300,0.5,1700,0.5,1
0,3,403,2,10,5,0,500,0.6,1000,0.2,1400,0.2,2
0,4,11,1,0,500,0.6,1000,0.2,1400,0.2,1
0,5,139,0,0,500,0.6,1000,0.2,1400,0.2,0
0,6,987,1,0,300,0.5,1700,0.5,1
0,7,329,0,0,500,0.6,1000,0.2,1400,0.2,0
0,8,795,1,0,500,0.6,1000,0.2,1400,0.2,2
0,9,765,2,10,5,0,300,0.5,1700,0.5,2
0,10,355,1,0,500,0.6,1000,0.2,1400,0.2,0
0,11,451,0,0,500,0.6,1000,0.2,1400,0.2,0
0,12,11,1,0,300,0.5,1700,0.5,1
0,13,477,0,0,300,0.5,1700,0.5,1
0,14,153,2,10,5,0,500,0.6,1000,0.2,1400,0.2,0
0,15,812,0,0,500,0.6,1000,0.2,1400,0.2,0
0,16,531,1,0,500,0.6,1000,0.2,1400,0.2,1
0,17,877,1,0,300,0.5,1700,0.5,0
0,18,116,0,0,300,0.5,1700,0.5,2
0,19,21,0,0,500,0.6,1000,0.2,1400,0.2,1
1,0,939,1,0,500,0.6,1000,0.2,1400,0.2,2
1,1,39,2,10,5,0,500,0.6,1000,0.2,1400,0.2,2
1,2,831,2,10,5,0,500,0.6,1000,0.2,1400,0.2,0
1,3,228,0,0,300,0.5,1700,0.5,0
1,4,276,0,0,300,0.5,1700,0.5,2
1,5,618,1,0,300,0.5,1700,0.5,0
1,6,488,0,0,300,0.5,1700,0.5,2
1,7,814,0,0,500,0.6,1000,0.2,1400,0.2,0
1,8,902,2,10,5,0,300,0.5,1700,0.5,2
1,9,306,0,0,500,0.6,1000,0.2,1400,0.2,0
1,10,64,0,0,300,0.5,1700,0.5,1
1,11,992,1,0,500,0.6,1000,0.2,1400,0.2,2
1,12,998,2,10,5,0,300,0.5,1700,0.5,2
1,13,216,1,0,300,0.5,1700,0.5,0
1,14,817,0,0,500,0.6,1000,0.2,1400,0.2,2
1,15,900,0,0,300,0.5,1700,0.5,2
1,16,204,1,0,500,0.6,1000,0.2,1400,0.2,0
1,17,74,1,0,300,0.5,1700,0.5,2
1,18,890,2,10,5,0,300,0.5,1700,0.5,0
1,19,777,1,0,300,0.5,1700,0.5,0
2,0,792,2,10,5,0,300,0.5,1700,0.5,2
2,1,53,2,10,5,0,500,0.6,1000,0.2,1400,0.2,0
2,2,699,2,10,5,0,300,0.5,1700,0.5,0
2,3,864,0,0,300,0.5,1700,0.5,2
2,4,921,2,10,5,0,500,0.6,1000,0.2,1400,0.2,1
2,5,806,2,10,5,0,300,0.5,1700,0.5,2
2,6,836,2,10,5,0,500,0.6,1000,0.2,1400,0.2,2
2,7,315,1,0,300,0.5,1700,0.5,1
2,8,252,0,0,500,0.6,1000,0.2,1400,0.2,1
2,9,287,2,10,5,0,300,0.5,1700,0.5,2
2,10,60,2,10,5,0,500,0.6,1000,0.2,1400,0.2,1
2,11,323,2,10,5,0,500,0.6,1000,0.2,1400,0.2,1
2,12,96,0,0,500,0.6,1000,0.2,1400,0.2,1
2,13,976,2,10,5,0,300,0.5,1700,0.5,0
2,14,800,1,0,300,0.5,1700,0.5,0
2,15,234,2,10,5,0,300,0.5,1700,0.5,2
2,16,956,2,10,5,0,300,0.5,1700,0.5,1
2,17,991,1,0,500,0.6,1000,0.2,1400,0.2,1
2,18,705,1,0,300,0.5,1700,0.5,1
2,19,817,0,0,500,0.6,1000,0.2,1400,0.2,2
3,0,954,1,0,500,0.6,1000,0.2,1400,0.2,1
3,1,451,1,0,500,0.6,1000,0.2,1400,0.2,0
3,2,282,0,0,500,0.6,1000,0.2,1400,0.2,2
3,3,873,0,0,500,0.6,1000,0.2,1400,0.2,0
3,4,566,0,0,500,0.6,1000,0.2,1400,0.2,0
3,5,600,1,0,300,0.5,1700,0.5,2
3,6,903,1,0,500,0.6,1000,0.2,1400,0.2,2
3,7,294,2,10,5,0,300,0.5,1700,0.5,0
3,8,983,0,0,300,0.5,1700,0.5,1
3,9,398,1,0,300,0.5,1700,0.5,1
3,10,750,1,0,300,0.5,1700,0.5,0
3,11,853,0,0,500,0.6,1000,0.2,1400,0.2,2
3,12,46,0,0,500,0.6,1000,0.2,1400,0.2,2
3,13,212,2,10,5,0,500,0.6,1000,0.2,1400,0.2,0
3,14,942,2,10,5,0,300,0.5,1700,0.5,0
3,15,326,0,0,300,0.5,1700,0.5,2
3,16,935,2,10,5,0,500,0.6,1000,0.2,1400,0.2,2
3,17,14,0,0,500,0.6,1000,0.2,1400,0.2,2
3,18,635,0,0,300,0.5,1700,0.5,1
3,19,526,0,0,500,0.6,1000,0.2,1400,0.2,2
4,0,314,2,10,5,0,300,0.5,1700,0.5,1
4,1,603,1,0,500,0.6,1000,0.2,1400,0.2,0
4,2,603,0,0,500,0.6,1000,0.2,1400,0.2,0
4,3,334,0,0,300,0.5,1700,0.5,1
4,4,772,0,0,500,0.6,1000,0.2,1400,0.2,0
4,5,12,2,10,5,0,500,0.6,1000,0.2,1400,0.2,0
4,6,274,2,10,5,0,500,0.6,1000,0.2,1400,0.2,0
4,7,521,0,0,500,0.6,1000,0.2,1400,0.2,1
4,8,395,1,0,300,0.5,1700,0.5,0
4,9,138,0,0,300,0.5,1700,0.5,2
4,10,951,2,10,5,0,300,0.5,1700,0.5,1
4,11,317,2,10,5,0,300,0.5,1700,0.5,1
4,12,530,1,0,300,0.5,1700,0.5,2
4,13,276,1,0,500,0.6,1000,0.2,1400,0.2,1
4,14,916,0,0,500,0.6,1000,0.2,1400,0.2,1
4,15,686,2,10,5,0,500,0.6,1000,0.2,1400,0.2,1
4,16,369,2,10,5,0,300,0.5,1700,0.5,0
4,17,43,1,0,300,0.5,1700,0.5,1
4,18,772,0,0,500,0.6,1000,0.2,1400,0.2,0
4,19,774,1,0,300,0.5,1700,0.5,1
5,0,635,0,0,500,0.6,1000,0.2,1400,0.2,0
5,1,459,2,10,5,0,500,0.6,1000,0.2,1400,0.2,1
5,2,262,0,0,300,0.5,1700,0.5,1
5,3,124,0,0,500,0.6,1000,0.2,1400,0.2,1
5,4,199,2,10,5,0,300,0.5,1700,0.5,1
5,5,467,0,0,300,0.5,1700,0.5,1
5,6,284,1,0,500,0.6,1000,0.2,1400,0.2,0
5,7,647,0,0,500,0.6,1000,0.2,1400,0.2,2
5,8,719,2,10,5,0,300,0.5,1700,0.5,2
5,9,992,0,0,300,0.5,1700,0.5,2
5,10,501,0,0,500,0.6,1000,0.2,1400,0.2,2
5,11,778,2,10,5,0,500,0.6,1000,0.2,1400,0.2,1
5,12,18,1,0,300,0.5,1700,0.5,2
5,13,260,0,0,300,0.5,1700,0.5,1
5,14,218,2,10,5,0,300,0.5,1700,0.5,1
5,15,286,2,10,5,0,300,0.5,1700,0.5,1
5,16,764,2,10,5,0,300,0.5,1700,0.5,0
5,17,657,0,0,300,0.5,1700,0.5,1
5,18,721,0,0,500,0.6,1000,0.2,1400,0.2,0
5,19,200,1,0,300,0.5,1700,0.5,1
6,0,290,0,0,300,0.5,1700,0.5,1
6,1,918,0,0,500,0.6,1000,0.2,1400,0.2,2
6,2,819,2,10,5,0,500,0.6,1000,0.2,1400,0.2,1
6,3,553,2,10,5,0,300,0.5,1700,0.5,2
6,4,430,2,10,5,0,300,0.5,1700,0.5,2
6,5,222,0,0,500,0.6,1000,0.2,1400,0.2,0
6,6,204,1,0,500,0.6,1000,0.2,1400,0.2,0
6,7,411,1,0,300,0.5,1700,0.5,1
6,8,381,0,0,300,0.5,1700,0.5,2
6,9,574,0,0,500,0.6,1000,0.2,1400,0.2,2
6,10,11,1,0,300,0.5,1700,0.5,1
6,11,607,2,10,5,0,500,0.6,1000,0.2,1400,0.2,2
6,12,312,2,10,5,0,500,0.6,1000,0.2,1400,0.2,1
6,13,196,2,10,5,0,300,0.5,1700,0.5,0
6,14,111,1,0,500,0.6,1000,0.2,1400,0.2,1
6,15,251,2,10,5,0,500,0.6,1000,0.2,1400,0.2,2
6,16,920,0,0,300,0.5,1700,0.5,2
6,17,176,1,0,500,0.6,1000,0.2,1400,0.2,1
6,18,965,0,0,500,0.6,1000,0.2,1400,0.2,0
6,19,102,0,0,300,0.5,1700,0.5,2
7,0,509,2,10,5,0,500,0.6,1000,0.2,1400,0.2,1
7,1,732,2,10,5,0,500,0.6,1000,0.2,1400,0.2,1
7,2,344,2,10,5,0,300,0.5,1700,0.5,1
7,3,576,0,0,500,0.6,1000,0.2,1400,0.2,1
7,4,470,2,10,5,0,300,0.5,1700,0.5,2
7,5,652,0,0,500,0.6,1000,0.2,1400,0.2,0
7,6,554,1,0,500,0.6,1000,0.2,1400,0.2,1
7,7,671,1,0,500,0.6,1000,0.2,1400,0.2,0
7,8,773,1,0,300,0.5,1700,0.5,0
7,9,545,0,0,500,0.6,1000,0.2,1400,0.2,0
7,10,638,2,10,5,0,300,0.5,1700,0.5,2
7,11,616,0,0,500,0.6,1000,0.2,1400,0.2,2
7,12,448,0,0,300,0.5,1700,0.5,1
7,13,377,1,0,300,0.5,1700,0.5,0
7,14,553,2,10,5,0,300,0.5,1700,0.5,1
7,15,840,0,0,500,0.6,1000,0.2,1400,0.2,0
7,16,21,1,0,500,0.6,1000,0.2,1400,0.2,0
7,17,69,0,0,500,0.6,1000,0.2,1400,0.2,2
7,18,61,2,10,5,0,500,0.6,1000,0.2,1400,0.2,0
7,19,960,2,10,5,0,500,0.6,1000,0.2,1400,0.2,1
8,0,411,2,10,5,0,300,0.5,1700,0.5,1
8,1,103,2,10,5,0,300,0.5,1700,0.5,2
8,2,513,2,10,5,0,500,0.6,1000,0.2,1400,0.2,0
8,3,676,1,0,500,0.6,1000,0.2,1400,0.2,1
8,4,630,1,0,500,0.6,1000,0.2,1400,0.2,0
8,5,102,0,0,500,0.6,1000,0.2,1400,0.2,2
8,6,724,2,10,5,0,500,0.6,1000,0.2,1400,0.2,0
8,7,758,0,0,300,0.5,1700,0.5,2
8,8,210,1,0,500,0.6,1000,0.2,1400,0.2,2
8,9,767,0,0,300,0.5,1700,0.5,1
8,10,381,1,0,300,0.5,1700,0.5,2
8,11,883,1,0,300,0.5,1700,0.5,2
8,12,771,0,0,500,0.6,1000,0.2,1400,0.2,2
8,13,436,0,0,300,0.5,1700,0.5,0
8,14,938,2,10,5,0,500,0.6,1000,0.2,1400,0.2,1
8,15,651,1,0,500,0.6,1000,0.2,1400,0.2,2
8,16,151,0,0,300,0.5,1700,0.5,1
8,17,14,0,0,500,0.6,1000,0.2,1400,0.2,2
8,18,448,1,0,300,0.5,1700,0.5,2
8,19,799,2,10,5,0,300,0.5,1700,0.5,0
9,0,122,1,0,500,0.6,1000,0.2,1400,0.2,2
9,1,226,0,0,500,0.6,1000,0.2,1400,0.2,0
9,2,768,0,0,500,0.6,1000,0.2,1400,0.2,1
9,3,858,1,0,300,0.5,1700,0.5,1
9,4,116,1,0,500,0.6,1000,0.2,1400,0.2,2
9,5,723,2,10,5,0,500,0.6,1000,0.2,1400,0.2,0
9,6,175,2,10,5,0,500,0.6,1000,0.2,1400,0.2,2
9,7,707,0,0,500,0.6,1000,0.2,1400,0.2,2
9,8,187,2,10,5,0,500,0.6,1000,0.2,1400,0.2,2
9,9,95,1,0,500,0.6,1000,0.2,1400,0.2,0
9,10,308,1,0,500,0.6,1000,0.2,1400,0.2,0
9,11,347,1,0,300,0.5,1700,0.5,2
9,12,613,1,0,500,0.6,1000,0.2,1400,0.2,2
9,13,19,0,0,300,0.5,1700,0.5,1
9,14,925,2,10,5,0,300,0.5,1700,0.5,0
9,15,638,0,0,500,0.6,1000,0.2,1400,0.2,2
9,16,840,0,0,500,0.6,1000,0.2,1400,0.2,1
9,17,929,0,0,300,0.5,1700,0.5,1
9,18,819,2,10,5,0,500,0.6,1000,0.2,1400,0.2,1
9,19,620,1,0,300,0.5,1700,0.5,2
10,0,514,2,10,5,0,300,0.5,1700,0.5,2
10,1,650,1,0,500,0.6,1000,0.2,1400,0.2,2
10,2,323,0,0,300,0.5,1700,0.5,0
10,3,18,2,10,5,0,300,0.5,1700,0.5,0
10,4,414,1,0,300,0.5,1700,0.5,0
10,5,566,1,0,300,0.5,1700,0.5,2
10,6,744,1,0,300,0.5,1700,0.5,1
10,7,762,2,10,5,0,500,0.6,1000,0.2,1400,0.2,0
10,8,743,1,0,300,0.5,1700,0.5,0
10,9,238,2,10,5,0,300,0.5,1700,0.5,1
10,10,549,1,0,500,0.6,1000,0.2,1400,0.2,1
10,11,204,0,0,300,0.5,1700,0.5,0
10,12,837,1,0,300,0.5,1700,0.5,0
10,13,410,2,10,5,0,300,0.5,1700,0.5,2
10,14,411,0,0,500,0.6,1000,0.2,1400,0.2,2
10,15,342,0,0,500,0.6,1000,0.2,1400,0.2,2
10,16,34,0,0,300,0.5,1700,0.5,0
10,17,874,1,0,300,0.5,1700,0.5,0
10,18,972,1,0,300,0.5,1700,0.5,0
10,19,931,0,0,300,0.5,1700,0.5,0
11,0,272,0,0,500,0.6,1000,0.2,1400,0.2,0
11,1,903,1,0,300,0.5,1700,0.5,2
11,2,935,1,0,500,0.6,1000,0.2,1400,0.2,1
11,3,397,1,0,300,0.5,1700,0.5,2
11,4,343,2,10,5,0,500,0.6,1000,0.2,1400,0.2,2
11,5,201,2,10,5,0,500,0.6,1000,0.2,1400,0.2,0
11,6,570,1,0,300,0.5,1700,0.5,1
11,7,588,0,0,500,0.6,1000,0.2,1400,0.2,2
11,8,585,2,10,5,0,500,0.6,1000,0.2,1400,0.2,0
11,9,784,0,0,300,0.5,1700,0.5,0
11,10,871,1,0,300,0.5,1700,0.5,1
11,11,476,0,0,500,0.6,1000,0.2,1400,0.2,0
11,12,440,2,10,5,0,500,0.6,1000,0.2,1400,0.2,0
11,13,898,0,0,300,0.5,1700,0.5,0
11,14,450,2,10,5,0,500,0.6,1000,0.2,1400,0.2,2
11,15,356,0,0,500,0.6,1000,0.2,1400,0.2,2
11,16,280,0,0,300,0.5,1700,0.5,1
11,17,183,1,0,500,0.6,1000,0.2,1400,0.2,2
11,18,397,1,0,500,0.6,1000,0.2,1400,0.2,0
11,19,769,2,10,5,0,300,0.5,1700,0.5,2
12,0,610,2,10,5,0,500,0.6,1000,0.2,1400,0.2,0
12,1,787,2,10,5,0,300,0.5,1700,0.5,0
12,2,507,1,0,300,0.5,1700,0.5,0
12,3,988,2,10,5,0,300,0.5,1700,0.5,0
12,4,841,1,0,500,0.6,1000,0.2,1400,0.2,1
12,5,382,1,0,300,0.5,1700,0.5,0
12,6,297,2,10,5,0,500,0.6,1000,0.2,1400,0.2,1
12,7,127,1,0,300,0.5,1700,0.5,0
12,8,567,1,0,500,0.6,1000,0.2,1400,0.2,1
12,9,229,2,10,5,0,500,0.6,1000,0.2,1400,0.2,0
12,10,271,1,0,500,0.6,1000,0.2,1400,0.2,1
12,11,810,2,10,5,0,500,0.6,1000,0.2,1400,0.2,1
12,12,354,2,10,5,0,300,0.5,1700,0.5,0
12,13,712,0,0,300,0.5,1700,0.5,2
12,14,597,1,0,500,0.6,1000,0.2,1400,0.2,2
12,15,121,2,10,5,0,500,0.6,1000,0.2,1400,0.2,0
12,16,641,1,0,300,0.5,1700,0.5,0
12,17,752,1,0,500,0.6,1000,0.2,1400,0.2,0
12,18,944,0,0,300,0.5,1700,0.5,0
12,19,251,2,10,5,0,300,0.5,1700,0.5,2
13,0,891,0,0,500,0.6,1000,0.2,1400,0.2,2
13,1,489,0,0,300,0.5,1700,0.5,2
13,2,69,0,0,500,0.6,1000,0.2,1400,0.2,2
13,3,765,2,10,5,0,300,0.5,1700,0.5,2
13,4,744,2,10,5,0,300,0.5,1700,0.5,2
13,5,822,2,10,5,0,500,0.6,1000,0.2,1400,0.2,0
13,6,903,2,10,5,0,300,0.5,1700,0.5,1
13,7,572,2,10,5,0,300,0.5,1700,0.5,1
13,8,957,1,0,500,0.6,1000,0.2,1400,0.2,2
13,9,942,1,0,500,0.6,1000,0.2,1400,0.2,2
13,10,574,1,0,500,0.6,1000,0.2,1400,0.2,0
13,11,194,1,0,300,0.5,1700,0.5,2
13,12,153,0,0,500,0.6,1000,0.2,1400,0.2,1
13,13,418,1,0,300,0.5,1700,0.5,1
13,14,246,1,0,500,0.6,1000,0.2,1400,0.2,0
13,15,190,2,10,5,0,300,0.5,1700,0.5,0
13,16,119,0,0,300,0.5,1700,0.5,1
13,17,975,1,0,500,0.6,1000,0.2,1400,0.2,0
13,18,784,2,10,5,0,300,0.5,1700,0.5,1
13,19,898,1,0,500,0.6,1000,0.2,1400,0.2,1
14,0,46,1,0,300,0.5,1700,0.5,1
14,1,411,2,10,5,0,300,0.5,1700,0.5,2
14,2,231,0,0,500,0.6,1000,0.2,1400,0.2,0
14,3,232,2,10,5,0,500,0.6,1000,0.2,1400,0.2,1
14,4,411,0,0,300,0.5,1700,0.5,0
14,5,708,0,0,300,0.5,1700,0.5,0
14,6,386,1,0,500,0.6,1000,0.2,1400,0.2,0
14,7,340,2,10,5,0,500,0.6,1000,0.2,1400,0.2,1
14,8,786,2,10,5,0,300,0.5,1700,0.5,1
14,9,344,1,0,300,0.5,1700,0.5,0
14,10,128,0,0,300,0.5,1700,0.5,2
14,11,525,1,0,300,0.5,1700,0.5,1
14,12,420,0,0,500,0.6,1000,0.2,1400,0.2,0
14,13,808,0,0,500,0.6,1000,0.2,1400,0.2,1
14,14,207,2,10,5,0,500,0.6,1000,0.2,1400,0.2,0
14,15,799,1,0,500,0.6,1000,0.2,1400,0.2,2
14,16,778,1,0,500,0.6,1000,0.2,1400,0.2,1
14,17,672,2,10,5,0,500,0.6,1000,0.2,1400,0.2,1
14,18,117,1,0,300,0.5,1700,0.5,1
14,19,738,0,0,500,0.6,1000,0.2,1400,0.2,2
15,0,635,2,10,5,0,500,0.6,1000,0.2,1400,0.2,0
15,1,585,1,0,500,0.6,1000,0.2,1400,0.2,1
15,2,305,0,0,500,0.6,1000,0.2,1400,0.2,2
15,3,279,0,0,500,0.6,1000,0.2,1400,0.2,2
15,4,806,1,0,300,0.5,1700,0.5,1
15,5,209,1,0,500,0.6,1000,0.2,1400,0.2,2
15,6,383,1,0,500,0.6,1000,0.2,1400,0.2,2
15,7,328,1,0,300,0.5,1700,0.5,1
15,8,798,2,10,5,0,500,0.6,1000,0.2,1400,0.2,1
15,9,68,2,10,5,0,500,0.6,1000,0.2,1400,0.2,0
15,10,285,0,0,500,0.6,1000,0.2,1400,0.2,2
15,11,128,0,0,300,0.5,1700,0.5,1
15,12,588,0,0,300,0.5,1700,0.5,0
15,13,933,2,10,5,0,300,0.5,1700,0.5,0
15,14,557,1,0,300,0.5,1700,0.5,0
15,15,235,2,10,5,0,500,0.6,1000,0.2,1400,0.2,1
15,16,896,2,10,5,0,500,0.6,1000,0.2,1400,0.2,2
15,17,862,1,0,300,0.5,1700,0.5,0
15,18,838,0,0,500,0.6,1000,0.2,1400,0.2,0
15,19,71,2,10,5,0,500,0.6,1000,0.2,1400,0.2,2
16,0,355,1,0,300,0.5,1700,0.5,1
16,1,584,0,0,500,0.6,1000,0.2,1400,0.2,0
16,2,127,0,0,500,0.6,1000,0.2,1400,0.2,1
16,3,198,1,0,300,0.5,1700,0.5,2
16,4,216,2,10,5,0,300,0.5,1700,0.5,2
16,5,110,0,0,500,0.6,1000,0.2,1400,0.2,2
16,6,111,0,0,300,0.5,1700,0.5,2
16,7,862,1,0,300,0.5,1700,0.5,0
16,8,977,1,0,500,0.6,1000,0.2,1400,0.2,2
16,9,315,1,0,300,0.5,1700,0.5,2
16,10,275,0,0,300,0.5,1700,0.5,0
16,11,581,1,0,500,0.6,1000,0.2,1400,0.2,2
16,12,38,0,0,300,0.5,1700,0.5,2
16,13,840,0,0,300,0.5,1700,0.5,0
16,14,825,2,10,5,0,300,0.5,1700,0.5,0
16,15,447,1,0,500,0.6,1000,0.2,1400,0.2,0
16,16,11,1,0,300,0.5,1700,0.5,0
16,17,694,1,0,500,0.6,1000,0.2,1400,0.2,0
16,18,66,0,0,300,0.5,1700,0.5,2
16,19,246,1,0,300,0.5,1700,0.5,0
17,0,317,1,0,500,0.6,1000,0.2,1400,0.2,0
17,1,433,0,0,300,0.5,1700,0.5,1
17,2,661,0,0,300,0.5,1700,0.5,1
17,3,459,2,10,5,0,300,0.5,1700,0.5,2
17,4,920,0,0,500,0.6,1000,0.2,1400,0.2,2
17,5,682,1,0,300,0.5,1700,0.5,0
17,6,582,2,10,5,0,300,0.5,1700,0.5,1
17,7,971,1,0,300,0.5,1700,0.5,1
17,8,276,1,0,300,0.5,1700,0.5,2
17,9,782,0,0,500,0.6,1000,0.2,1400,0.2,0
17,10,58,0,0,300,0.5,1700,0.5,1
17,11,505,2,10,5,0,500,0.6,1000,0.2,1400,0.2,0
17,12,241,1,0,300,0.5,1700,0.5,2
17,13,861,1,0,500,0.6,1000,0.2,1400,0.2,0
17,14,200,2,10,5,0,300,0.5,1700,0.5,2
17,15,57,0,0,300,0.5,1700,0.5,0
17,16,396,2,10,5,0,300,0.5,1700,0.5,1
17,17,119,1,0,300,0.5,1700,0.5,0
17,18,38,0,0,500,0.6,1000,0.2,1400,0.2,1
17,19,497,0,0,500,0.6,1000,0.2,1400,0.2,0
18,0,481,2,10,5,0,500,0.6,1000,0.2,1400,0.2,1
18,1,271,1,0,500,0.6,1000,0.2,1400,0.2,1
18,2,896,1,0,300,0.5,1700,0.5,0
18,3,148,1,0,300,0.5,1700,0.5,2
18,4,606,2,10,5,0,300,0.5,1700,0.5,1
18,5,141,1,0,500,0.6,1000,0.2,1400,0.2,2
18,6,469,2,10,5,0,500,0.6,1000,0.2,1400,0.2,2
18,7,637,1,0,500,0.6,1000,0.2,1400,0.2,0
18,8,937,0,0,300,0.5,1700,0.5,2
18,9,398,2,10,5,0,500,0.6,1000,0.2,1400,0.2,0
18,10,402,0,0,500,0.6,1000,0.2,1400,0.2,2
18,11,568,0,0,500,0.6,1000,0.2,1400,0.2,0
18,12,126,1,0,500,0.6,1000,0.2,1400,0.2,0
18,13,183,2,10,5,0,500,0.6,1000,0.2,1400,0.2,0
18,14,477,0,0,300,0.5,1700,0.5,2
18,15,803,1,0,300,0.5,1700,0.5,2
18,16,615,0,0,300,0.5,1700,0.5,1
18,17,468,2,10,5,0,300,0.5,1700,0.5,0
18,18,664,2,10,5,0,500,0.6,1000,0.2,1400,0.2,0
18,19,361,0,0,300,0.5,1700,0.5,1
19,0,472,0,0,300,0.5,1700,0.5,2
19,1,615,2,10,5,0,500,0.6,1000,0.2,1400,0.2,1
19,2,726,1,0,500,0.6,1000,0.2,1400,0.2,0
19,3,76,2,10,5,0,500,0.6,1000,0.2,1400,0.2,0
19,4,547,0,0,300,0.5,1700,0.5,1
19,5,358,1,0,500,0.6,1000,0.2,1400,0.2,1
19,6,734,1,0,300,0.5,1700,0.5,2
19,7,889,1,0,500,0.6,1000,0.2,1400,0.2,0
19,8,357,1,0,500,0.6,1000,0.2,1400,0.2,0
19,9,66,2,10,5,0,500,0.6,1000,0.2,1400,0.2,1
19,10,819,2,10,5,0,300,0.5,1700,0.5,0
19,11,702,1,0,500,0.6,1000,0.2,1400,0.2,1
19,12,329,1,0,500,0.6,1000,0.2,1400,0.2,1
19,13,461,2,10,5,0,300,0.5,1700,0.5,1
19,14,773,0,0,300,0.5,1700,0.5,2
19,15,602,0,0,500,0.6,1000,0.2,1400,0.2,0
19,16,926,1,0,300,0.5,1700,0.5,1
19,17,397,1,0,500,0.6,1000,0.2,1400,0.2,0
19,18,16,0,0,300,0.5,1700,0.5,1
19,19,381,1,0,300,0.5,1700,0.5,1
