0,0,73,0,0,300,0.5,1700,0.5,2
0,1,551,2,10,5,0,300,0.5,1700,0.5,1
0,2,287,0,0,300,0.5,1700,0.5,2
0,3,119,2,10,5,0,300,0.5,1700,0.5,2
0,4,424,2,10,5,0,300,0.5,1700,0.5,0
0,5,677,0,0,300,0.5,1700,0.5,1
0,6,478,1,0,500,0.6,1000,0.2,1400,0.2,0
0,7,967,2,10,5,0,300,0.5,1700,0.5,1
0,8,313,1,0,500,0.6,1000,0.2,1400,0.2,1
0,9,616,0,0,500,0.6,1000,0.2,1400,0.2,0
0,10,198,2,10,5,0,500,0.6,1000,0.2,1400,0.2,2
0,11,907,2,10,5,0,300,0.5,1700,0.5,2
0,12,800,0,0,300,0.5,1700,0.5,2
0,13,602,2,10,5,0,500,0.6,1000,0.2,1400,0.2,1
0,14,448,2,10,5,0,500,0.6,1000,0.2,1400,0.2,1
0,15,845,1,0,300,0.5,1700,0.5,1
0,16,308,0,0,500,0.6,1000,0.2,1400,0.2,0
0,17,227,1,0,300,0.5,1700,0.5,2
0,18,784,0,0,300,0.5,1700,0.5,0
0,19,769,1,0,500,0.6,1000,0.2,1400,0.2,0
1,0,260,0,0,300,0.5,1700,0.5,0
1,1,675,2,10,5,0,500,0.6,1000,0.2,1400,0.2,2
1,2,993,1,0,300,0.5,1700,0.5,1
1,3,190,0,0,300,0.5,1700,0.5,1
1,4,150,2,10,5,0,500,0.6,1000,0.2,1400,0.2,2
1,5,905,2,10,5,0,300,0.5,1700,0.5,0
1,6,198,0,0,300,0.5,1700,0.5,0
1,7,184,1,0,500,0.6,1000,0.2,1400,0.2,2
1,8,236,0,0,300,0.5,1700,0.5,2
1,9,471,1,0,300,0.5,1700,0.5,0
1,10,176,1,0,500,0.6,1000,0.2,1400,0.2,2
1,11,671,0,0,500,0.6,1000,0.2,1400,0.2,0
1,12,912,0,0,300,0.5,1700,0.5,2
1,13,852,2,10,5,0,300,0.5,1700,0.5,1
1,14,909,0,0,300,0.5,1700,0.5,0
1,15,792,1,0,500,0.6,1000,0.2,1400,0.2,1
1,16,393,0,0,300,0.5,1700,0.5,0
1,17,200,2,10,5,0,300,0.5,1700,0.5,2
1,18,623,0,0,500,0.6,1000,0.2,1400,0.2,2
1,19,421,1,0,300,0.5,1700,0.5,2
2,0,532,0,0,500,0.6,1000,0.2,1400,0.2,1
2,1,546,1,0,500,0.6,1000,0.2,1400,0.2,0
2,2,630,1,0,300,0.5,1700,0.5,2
2,3,673,0,0,300,0.5,1700,0.5,1
2,4,123,1,0,500,0.6,1000,0.2,1400,0.2,1
2,5,42,2,10,5,0,500,0.6,1000,0.2,1400,0.2,2
2,6,220,1,0,500,0.6,1000,0.2,1400,0.2,2
2,7,241,0,0,300,0.5,1700,0.5,1
2,8,194,2,10,5,0,300,0.5,1700,0.5,0
2,9,859,2,10,5,0,300,0.5,1700,0.5,2
2,10,148,1,0,300,0.5,1700,0.5,1
2,11,775,2,10,5,0,500,0.6,1000,0.2,1400,0.2,2
2,12,683,1,0,300,0.5,1700,0.5,1
2,13,754,0,0,300,0.5,1700,0.5,0
2,14,816,1,0,300,0.5,1700,0.5,0
2,15,439,0,0,500,0.6,1000,0.2,1400,0.2,1
2,16,403,0,0,300,0.5,1700,0.5,1
2,17,424,0,0,500,0.6,1000,0.2,1400,0.2,2
2,18,80,2,10,5,0,300,0.5,1700,0.5,1
2,19,532,1,0,300,0.5,1700,0.5,1
3,0,416,1,0,300,0.5,1700,0.5,0
3,1,888,0,0,500,0.6,1000,0.2,1400,0.2,2
3,2,934,0,0,500,0.6,1000,0.2,1400,0.2,2
3,3,885,2,10,5,0,300,0.5,1700,0.5,1
3,4,277,0,0,500,0.6,1000,0.2,1400,0.2,1
3,5,849,1,0,500,0.6,1000,0.2,1400,0.2,2
3,6,688,2,10,5,0,500,0.6,1000,0.2,1400,0.2,2
3,7,511,2,10,5,0,300,0.5,1700,0.5,0
3,8,186,0,0,300,0.5,1700,0.5,2
3,9,535,2,10,5,0,300,0.5,1700,0.5,2
3,10,80,0,0,500,0.6,1000,0.2,1400,0.2,2
3,11,155,0,0,500,0.6,1000,0.2,1400,0.2,0
3,12,341,0,0,500,0.6,1000,0.2,1400,0.2,2
3,13,441,0,0,500,0.6,1000,0.2,1400,0.2,1
3,14,18,1,0,300,0.5,1700,0.5,1
3,15,553,0,0,500,0.6,1000,0.2,1400,0.2,0
3,16,376,1,0,300,0.5,1700,0.5,0
3,17,143,1,0,500,0.6,1000,0.2,1400,0.2,1
3,18,168,0,0,500,0.6,1000,0.2,1400,0.2,1
3,19,133,1,0,500,0.6,1000,0.2,1400,0.2,1
4,0,228,1,0,500,0.6,1000,0.2,1400,0.2,2
4,1,145,1,0,500,0.6,1000,0.2,1400,0.2,2
4,2,647,1,0,500,0.6,1000,0.2,1400,0.2,1
4,3,226,1,0,300,0.5,1700,0.5,2
4,4,357,1,0,300,0.5,1700,0.5,0
4,5,764,2,10,5,0,500,0.6,1000,0.2,1400,0.2,1
4,6,659,2,10,5,0,500,0.6,1000,0.2,1400,0.2,0
4,7,554,2,10,5,0,500,0.6,1000,0.2,1400,0.2,2
4,8,822,2,10,5,0,500,0.6,1000,0.2,1400,0.2,1
4,9,321,0,0,300,0.5,1700,0.5,2
4,10,81,0,0,300,0.5,1700,0.5,0
4,11,836,1,0,500,0.6,1000,0.2,1400,0.2,1
4,12,58,0,0,300,0.5,1700,0.5,1
4,13,200,2,10,5,0,500,0.6,1000,0.2,1400,0.2,0
4,14,142,2,10,5,0,500,0.6,1000,0.2,1400,0.2,2
4,15,335,1,0,300,0.5,1700,0.5,0
4,16,604,0,0,500,0.6,1000,0.2,1400,0.2,1
4,17,988,1,0,500,0.6,1000,0.2,1400,0.2,1
4,18,495,1,0,500,0.6,1000,0.2,1400,0.2,2
4,19,880,1,0,500,0.6,1000,0.2,1400,0.2,0
5,0,446,1,0,300,0.5,1700,0.5,2
5,1,978,2,10,5,0,300,0.5,1700,0.5,0
5,2,962,1,0,300,0.5,1700,0.5,2
5,3,574,0,0,500,0.6,1000,0.2,1400,0.2,1
5,4,521,2,10,5,0,500,0.6,1000,0.2,1400,0.2,0
5,5,854,2,10,5,0,300,0.5,1700,0.5,2
5,6,539,2,10,5,0,500,0.6,1000,0.2,1400,0.2,2
5,7,646,0,0,300,0.5,1700,0.5,1
5,8,788,2,10,5,0,500,0.6,1000,0.2,1400,0.2,1
5,9,245,1,0,300,0.5,1700,0.5,2
5,10,284,1,0,500,0.6,1000,0.2,1400,0.2,1
5,11,140,2,10,5,0,300,0.5,1700,0.5,0
5,12,270,0,0,500,0.6,1000,0.2,1400,0.2,0
5,13,737,1,0,500,0.6,1000,0.2,1400,0.2,0
5,14,268,2,10,5,0,300,0.5,1700,0.5,1
5,15,551,2,10,5,0,500,0.6,1000,0.2,1400,0.2,0
5,16,779,0,0,300,0.5,1700,0.5,1
5,17,661,0,0,500,0.6,1000,0.2,1400,0.2,1
5,18,149,1,0,300,0.5,1700,0.5,0
5,19,656,0,0,300,0.5,1700,0.5,2
6,0,714,0,0,300,0.5,1700,0.5,1
6,1,118,1,0,500,0.6,1000,0.2,1400,0.2,1
6,2,755,2,10,5,0,500,0.6,1000,0.2,1400,0.2,1
6,3,432,0,0,300,0.5,1700,0.5,0
6,4,260,0,0,300,0.5,1700,0.5,0
6,5,736,0,0,300,0.5,1700,0.5,0
6,6,344,1,0,300,0.5,1700,0.5,2
6,7,903,1,0,500,0.6,1000,0.2,1400,0.2,1
6,8,431,0,0,500,0.6,1000,0.2,1400,0.2,1
6,9,385,1,0,500,0.6,1000,0.2,1400,0.2,2
6,10,522,0,0,300,0.5,1700,0.5,2
6,11,38,1,0,300,0.5,1700,0.5,0
6,12,707,2,10,5,0,500,0.6,1000,0.2,1400,0.2,1
6,13,557,1,0,300,0.5,1700,0.5,1
6,14,248,2,10,5,0,500,0.6,1000,0.2,1400,0.2,2
6,15,967,0,0,300,0.5,1700,0.5,2
6,16,812,0,0,300,0.5,1700,0.5,2
6,17,175,0,0,500,0.6,1000,0.2,1400,0.2,0
6,18,632,1,0,300,0.5,1700,0.5,0
6,19,161,1,0,300,0.5,1700,0.5,0
7,0,76,1,0,500,0.6,1000,0.2,1400,0.2,1
7,1,815,2,10,5,0,300,0.5,1700,0.5,0
7,2,405,2,10,5,0,500,0.6,1000,0.2,1400,0.2,1
7,3,292,0,0,500,0.6,1000,0.2,1400,0.2,0
7,4,560,2,10,5,0,300,0.5,1700,0.5,1
7,5,100,2,10,5,0,500,0.6,1000,0.2,1400,0.2,2
7,6,538,2,10,5,0,300,0.5,1700,0.5,1
7,7,955,2,10,5,0,500,0.6,1000,0.2,1400,0.2,1
7,8,159,1,0,500,0.6,1000,0.2,1400,0.2,2
7,9,31,0,0,500,0.6,1000,0.2,1400,0.2,0
7,10,477,1,0,300,0.5,1700,0.5,2
7,11,752,1,0,500,0.6,1000,0.2,1400,0.2,1
7,12,682,0,0,300,0.5,1700,0.5,0
7,13,585,1,0,500,0.6,1000,0.2,1400,0.2,1
7,14,29,2,10,5,0,500,0.6,1000,0.2,1400,0.2,2
7,15,692,0,0,300,0.5,1700,0.5,0
7,16,581,0,0,300,0.5,1700,0.5,0
7,17,616,1,0,500,0.6,1000,0.2,1400,0.2,0
7,18,356,1,0,500,0.6,1000,0.2,1400,0.2,0
7,19,285,0,0,300,0.5,1700,0.5,0
8,0,651,1,0,300,0.5,1700,0.5,2
8,1,784,1,0,500,0.6,1000,0.2,1400,0.2,1
8,2,67,0,0,500,0.6,1000,0.2,1400,0.2,2
8,3,335,2,10,5,0,300,0.5,1700,0.5,2
8,4,464,0,0,500,0.6,1000,0.2,1400,0.2,2
8,5,422,0,0,500,0.6,1000,0.2,1400,0.2,2
8,6,284,1,0,500,0.6,1000,0.2,1400,0.2,1
8,7,767,2,10,5,0,300,0.5,1700,0.5,2
8,8,855,1,0,500,0.6,1000,0.2,1400,0.2,0
8,9,155,1,0,300,0.5,1700,0.5,0
8,10,492,1,0,300,0.5,1700,0.5,0
8,11,362,0,0,300,0.5,1700,0.5,0
8,12,976,1,0,500,0.6,1000,0.2,1400,0.2,0
8,13,993,0,0,500,0.6,1000,0.2,1400,0.2,0
8,14,265,1,0,500,0.6,1000,0.2,1400,0.2,0
8,15,716,0,0,500,0.6,1000,0.2,1400,0.2,1
8,16,851,2,10,5,0,500,0.6,1000,0.2,1400,0.2,0
8,17,101,2,10,5,0,300,0.5,1700,0.5,0
8,18,380,2,10,5,0,300,0.5,1700,0.5,1
8,19,104,2,10,5,0,300,0.5,1700,0.5,0
9,0,714,0,0,500,0.6,1000,0.2,1400,0.2,1
9,1,485,2,10,5,0,500,0.6,1000,0.2,1400,0.2,2
9,2,561,0,0,500,0.6,1000,0.2,1400,0.2,0
9,3,821,1,0,500,0.6,1000,0.2,1400,0.2,1
9,4,553,1,0,500,0.6,1000,0.2,1400,0.2,2
9,5,67,0,0,500,0.6,1000,0.2,1400,0.2,2
9,6,690,1,0,300,0.5,1700,0.5,2
9,7,279,2,10,5,0,300,0.5,1700,0.5,1
9,8,135,1,0,300,0.5,1700,0.5,0
9,9,574,2,10,5,0,300,0.5,1700,0.5,1
9,10,465,0,0,300,0.5,1700,0.5,1
9,11,560,0,0,300,0.5,1700,0.5,0
9,12,931,1,0,500,0.6,1000,0.2,1400,0.2,1
9,13,219,1,0,500,0.6,1000,0.2,1400,0.2,2
9,14,377,0,0,300,0.5,1700,0.5,1
9,15,455,0,0,300,0.5,1700,0.5,2
9,16,316,2,10,5,0,500,0.6,1000,0.2,1400,0.2,2
9,17,124,0,0,500,0.6,1000,0.2,1400,0.2,1
9,18,587,1,0,300,0.5,1700,0.5,1
9,19,900,2,10,5,0,300,0.5,1700,0.5,1
10,0,899,0,0,300,0.5,1700,0.5,1
10,1,610,2,10,5,0,500,0.6,1000,0.2,1400,0.2,1
10,2,961,0,0,500,0.6,1000,0.2,1400,0.2,2
10,3,117,0,0,500,0.6,1000,0.2,1400,0.2,1
10,4,945,1,0,500,0.6,1000,0.2,1400,0.2,0
10,5,819,0,0,300,0.5,1700,0.5,0
10,6,586,1,0,300,0.5,1700,0.5,1
10,7,710,2,10,5,0,300,0.5,1700,0.5,2
10,8,671,1,0,500,0.6,1000,0.2,1400,0.2,0
10,9,713,1,0,300,0.5,1700,0.5,0
10,10,459,2,10,5,0,500,0.6,1000,0.2,1400,0.2,0
10,11,697,2,10,5,0,500,0.6,1000,0.2,1400,0.2,1
10,12,556,1,0,500,0.6,1000,0.2,1400,0.2,1
10,13,719,2,10,5,0,500,0.6,1000,0.2,1400,0.2,1
10,14,820,1,0,500,0.6,1000,0.2,1400,0.2,1
10,15,997,0,0,300,0.5,1700,0.5,1
10,16,886,2,10,5,0,300,0.5,1700,0.5,1
10,17,498,0,0,300,0.5,1700,0.5,2
10,18,182,0,0,500,0.6,1000,0.2,1400,0.2,1
10,19,68,0,0,500,0.6,1000,0.2,1400,0.2,2
11,0,261,0,0,300,0.5,1700,0.5,0
11,1,65,1,0,500,0.6,1000,0.2,1400,0.2,0
11,2,137,2,10,5,0,300,0.5,1700,0.5,2
11,3,808,0,0,500,0.6,1000,0.2,1400,0.2,2
11,4,133,2,10,5,0,300,0.5,1700,0.5,2
11,5,153,1,0,500,0.6,1000,0.2,1400,0.2,0
11,6,11,0,0,500,0.6,1000,0.2,1400,0.2,2
11,7,728,1,0,500,0.6,1000,0.2,1400,0.2,1
11,8,115,2,10,5,0,500,0.6,1000,0.2,1400,0.2,1
11,9,592,0,0,500,0.6,1000,0.2,1400,0.2,0
11,10,58,2,10,5,0,300,0.5,1700,0.5,1
11,11,489,1,0,300,0.5,1700,0.5,1
11,12,719,2,10,5,0,500,0.6,1000,0.2,1400,0.2,1
11,13,971,2,10,5,0,500,0.6,1000,0.2,1400,0.2,2
11,14,296,1,0,500,0.6,1000,0.2,1400,0.2,2
11,15,966,2,10,5,0,300,0.5,1700,0.5,0
11,16,645,1,0,500,0.6,1000,0.2,1400,0.2,2
11,17,869,0,0,300,0.5,1700,0.5,2
11,18,742,1,0,500,0.6,1000,0.2,1400,0.2,2
11,19,329,0,0,500,0.6,1000,0.2,1400,0.2,1
12,0,105,2,10,5,0,500,0.6,1000,0.2,1400,0.2,2
12,1,923,0,0,300,0.5,1700,0.5,1
12,2,96,1,0,300,0.5,1700,0.5,1
12,3,621,2,10,5,0,300,0.5,1700,0.5,1
12,4,449,0,0,300,0.5,1700,0.5,0
12,5,410,1,0,300,0.5,1700,0.5,1
12,6,691,2,10,5,0,500,0.6,1000,0.2,1400,0.2,1
12,7,786,0,0,500,0.6,1000,0.2,1400,0.2,2
12,8,222,1,0,300,0.5,1700,0.5,0
12,9,79,1,0,300,0.5,1700,0.5,0
12,10,89,1,0,300,0.5,1700,0.5,1
12,11,850,0,0,500,0.6,1000,0.2,1400,0.2,2
12,12,42,2,10,5,0,500,0.6,1000,0.2,1400,0.2,1
12,13,579,2,10,5,0,300,0.5,1700,0.5,1
12,14,455,0,0,500,0.6,1000,0.2,1400,0.2,1
12,15,101,0,0,500,0.6,1000,0.2,1400,0.2,2
12,16,817,2,10,5,0,500,0.6,1000,0.2,1400,0.2,2
12,17,112,2,10,5,0,500,0.6,1000,0.2,1400,0.2,0
12,18,358,1,0,300,0.5,1700,0.5,1
12,19,530,2,10,5,0,500,0.6,1000,0.2,1400,0.2,0
13,0,840,0,0,300,0.5,1700,0.5,2
13,1,142,2,10,5,0,300,0.5,1700,0.5,0
13,2,614,0,0,500,0.6,1000,0.2,1400,0.2,2
13,3,512,0,0,300,0.5,1700,0.5,1
13,4,286,1,0,500,0.6,1000,0.2,1400,0.2,1
13,5,587,2,10,5,0,300,0.5,1700,0.5,2
13,6,371,1,0,500,0.6,1000,0.2,1400,0.2,2
13,7,88,0,0,300,0.5,1700,0.5,1
13,8,659,1,0,300,0.5,1700,0.5,1
13,9,698,1,0,300,0.5,1700,0.5,2
13,10,327,1,0,300,0.5,1700,0.5,2
13,11,715,0,0,300,0.5,1700,0.5,0
13,12,510,0,0,500,0.6,1000,0.2,1400,0.2,1
13,13,865,2,10,5,0,300,0.5,1700,0.5,0
13,14,248,0,0,300,0.5,1700,0.5,0
13,15,71,1,0,300,0.5,1700,0.5,1
13,16,396,0,0,300,0.5,1700,0.5,1
13,17,613,1,0,500,0.6,1000,0.2,1400,0.2,0
13,18,91,0,0,500,0.6,1000,0.2,1400,0.2,2
13,19,272,2,10,5,0,500,0.6,1000,0.2,1400,0.2,1
14,0,294,0,0,500,0.6,1000,0.2,1400,0.2,0
14,1,240,2,10,5,0,300,0.5,1700,0.5,0
14,2,317,2,10,5,0,300,0.5,1700,0.5,1
14,3,395,2,10,5,0,300,0.5,1700,0.5,1
14,4,13,0,0,500,0.6,1000,0.2,1400,0.2,2
14,5,700,2,10,5,0,500,0.6,1000,0.2,1400,0.2,2
14,6,628,0,0,300,0.5,1700,0.5,0
14,7,916,1,0,300,0.5,1700,0.5,2
14,8,307,0,0,500,0.6,1000,0.2,1400,0.2,0
14,9,715,2,10,5,0,500,0.6,1000,0.2,1400,0.2,1
14,10,496,1,0,300,0.5,1700,0.5,0
14,11,210,1,0,500,0.6,1000,0.2,1400,0.2,2
14,12,166,1,0,500,0.6,1000,0.2,1400,0.2,1
14,13,25,0,0,500,0.6,1000,0.2,1400,0.2,1
14,14,24,2,10,5,0,300,0.5,1700,0.5,0
14,15,176,0,0,500,0.6,1000,0.2,1400,0.2,1
14,16,747,2,10,5,0,300,0.5,1700,0.5,0
14,17,636,1,0,500,0.6,1000,0.2,1400,0.2,2
14,18,921,1,0,300,0.5,1700,0.5,1
14,19,441,0,0,300,0.5,1700,0.5,2
15,0,574,1,0,300,0.5,1700,0.5,2
15,1,755,2,10,5,0,500,0.6,1000,0.2,1400,0.2,2
15,2,248,0,0,300,0.5,1700,0.5,0
15,3,693,0,0,500,0.6,1000,0.2,1400,0.2,0
15,4,20,0,0,300,0.5,1700,0.5,1
15,5,553,0,0,300,0.5,1700,0.5,0
15,6,306,0,0,500,0.6,1000,0.2,1400,0.2,0
15,7,667,2,10,5,0,500,0.6,1000,0.2,1400,0.2,2
15,8,256,2,10,5,0,500,0.6,1000,0.2,1400,0.2,0
15,9,179,2,10,5,0,300,0.5,1700,0.5,0
15,10,962,0,0,300,0.5,1700,0.5,1
15,11,64,2,10,5,0,300,0.5,1700,0.5,1
15,12,761,1,0,500,0.6,1000,0.2,1400,0.2,0
15,13,396,2,10,5,0,300,0.5,1700,0.5,1
15,14,454,1,0,300,0.5,1700,0.5,0
15,15,912,0,0,300,0.5,1700,0.5,1
15,16,847,2,10,5,0,500,0.6,1000,0.2,1400,0.2,1
15,17,253,2,10,5,0,300,0.5,1700,0.5,2
15,18,808,1,0,500,0.6,1000,0.2,1400,0.2,2
15,19,537,1,0,500,0.6,1000,0.2,1400,0.2,2
16,0,857,1,0,500,0.6,1000,0.2,1400,0.2,2
16,1,180,0,0,300,0.5,1700,0.5,0
16,2,132,1,0,500,0.6,1000,0.2,1400,0.2,0
16,3,530,0,0,500,0.6,1000,0.2,1400,0.2,2
16,4,778,2,10,5,0,500,0.6,1000,0.2,1400,0.2,2
16,5,103,2,10,5,0,500,0.6,1000,0.2,1400,0.2,0
16,6,924,1,0,500,0.6,1000,0.2,1400,0.2,0
16,7,809,1,0,300,0.5,1700,0.5,2
16,8,120,2,10,5,0,300,0.5,1700,0.5,2
16,9,385,1,0,300,0.5,1700,0.5,2
16,10,964,0,0,500,0.6,1000,0.2,1400,0.2,2
16,11,133,2,10,5,0,500,0.6,1000,0.2,1400,0.2,0
16,12,484,1,0,500,0.6,1000,0.2,1400,0.2,2
16,13,303,2,10,5,0,300,0.5,1700,0.5,1
16,14,841,2,10,5,0,300,0.5,1700,0.5,2
16,15,833,0,0,300,0.5,1700,0.5,0
16,16,593,1,0,300,0.5,1700,0.5,2
16,17,290,1,0,500,0.6,1000,0.2,1400,0.2,0
16,18,128,1,0,300,0.5,1700,0.5,2
16,19,219,0,0,500,0.6,1000,0.2,1400,0.2,0
17,0,514,2,10,5,0,500,0.6,1000,0.2,1400,0.2,0
17,1,915,1,0,300,0.5,1700,0.5,2
17,2,691,0,0,300,0.5,1700,0.5,2
17,3,475,2,10,5,0,500,0.6,1000,0.2,1400,0.2,0
17,4,811,2,10,5,0,500,0.6,1000,0.2,1400,0.2,0
17,5,574,0,0,500,0.6,1000,0.2,1400,0.2,1
17,6,709,2,10,5,0,300,0.5,1700,0.5,0
17,7,521,1,0,500,0.6,1000,0.2,1400,0.2,2
17,8,18,0,0,500,0.6,1000,0.2,1400,0.2,2
17,9,824,0,0,300,0.5,1700,0.5,1
17,10,580,2,10,5,0,500,0.6,1000,0.2,1400,0.2,2
17,11,930,1,0,300,0.5,1700,0.5,1
17,12,485,0,0,300,0.5,1700,0.5,0
17,13,976,0,0,500,0.6,1000,0.2,1400,0.2,2
17,14,429,0,0,300,0.5,1700,0.5,2
17,15,84,0,0,300,0.5,1700,0.5,1
17,16,666,0,0,300,0.5,1700,0.5,2
17,17,991,2,10,5,0,300,0.5,1700,0.5,1
17,18,917,2,10,5,0,300,0.5,1700,0.5,1
17,19,475,2,10,5,0,500,0.6,1000,0.2,1400,0.2,0
18,0,78,1,0,500,0.6,1000,0.2,1400,0.2,0
18,1,956,2,10,5,0,300,0.5,1700,0.5,1
18,2,531,1,0,300,0.5,1700,0.5,2
18,3,33,0,0,300,0.5,1700,0.5,1
18,4,49,1,0,500,0.6,1000,0.2,1400,0.2,0
18,5,309,1,0,500,0.6,1000,0.2,1400,0.2,1
18,6,119,1,0,500,0.6,1000,0.2,1400,0.2,1
18,7,525,2,10,5,0,300,0.5,1700,0.5,0
18,8,759,0,0,300,0.5,1700,0.5,2
18,9,277,2,10,5,0,500,0.6,1000,0.2,1400,0.2,1
18,10,613,2,10,5,0,500,0.6,1000,0.2,1400,0.2,2
18,11,389,0,0,300,0.5,1700,0.5,2
18,12,826,0,0,500,0.6,1000,0.2,1400,0.2,2
18,13,450,0,0,300,0.5,1700,0.5,1
18,14,817,1,0,500,0.6,1000,0.2,1400,0.2,1
18,15,488,1,0,300,0.5,1700,0.5,2
18,16,477,2,10,5,0,300,0.5,1700,0.5,0
18,17,72,0,0,500,0.6,1000,0.2,1400,0.2,0
18,18,534,2,10,5,0,300,0.5,1700,0.5,0
18,19,746,0,0,500,0.6,1000,0.2,1400,0.2,0
19,0,908,0,0,500,0.6,1000,0.2,1400,0.2,2
19,1,865,0,0,500,0.6,1000,0.2,1400,0.2,0
19,2,277,2,10,5,0,300,0.5,1700,0.5,0
19,3,166,2,10,5,0,500,0.6,1000,0.2,1400,0.2,1
19,4,619,2,10,5,0,500,0.6,1000,0.2,1400,0.2,1
19,5,422,0,0,300,0.5,1700,0.5,1
19,6,556,0,0,300,0.5,1700,0.5,2
19,7,628,0,0,500,0.6,1000,0.2,1400,0.2,2
19,8,146,2,10,5,0,500,0.6,1000,0.2,1400,0.2,0
19,9,826,0,0,300,0.5,1700,0.5,1
19,10,733,2,10,5,0,300,0.5,1700,0.5,0
19,11,22,0,0,300,0.5,1700,0.5,0
19,12,24,1,0,500,0.6,1000,0.2,1400,0.2,0
19,13,468,0,0,300,0.5,1700,0.5,0
19,14,643,1,0,300,0.5,1700,0.5,2
19,15,28,1,0,300,0.5,1700,0.5,2
19,16,608,2,10,5,0,300,0.5,1700,0.5,1
19,17,862,0,0,500,0.6,1000,0.2,1400,0.2,0
19,18,320,1,0,500,0.6,1000,0.2,1400,0.2,2
19,19,976,0,0,300,0.5,1700,0.5,0
