0,0,133,0,0,500,0.6,1000,0.2,1400,0.2,1
0,1,523,1,0,500,0.6,1000,0.2,1400,0.2,2
0,2,256,2,10,5,0,300,0.5,1700,0.5,0
0,3,694,0,0,500,0.6,1000,0.2,1400,0.2,1
0,4,491,2,10,5,0,500,0.6,1000,0.2,1400,0.2,1
0,5,774,0,0,500,0.6,1000,0.2,1400,0.2,2
0,6,869,1,0,500,0.6,1000,0.2,1400,0.2,0
0,7,283,0,0,500,0.6,1000,0.2,1400,0.2,2
0,8,808,1,0,300,0.5,1700,0.5,1
0,9,402,1,0,500,0.6,1000,0.2,1400,0.2,1
0,10,738,0,0,300,0.5,1700,0.5,0
0,11,851,1,0,500,0.6,1000,0.2,1400,0.2,2
0,12,616,1,0,500,0.6,1000,0.2,1400,0.2,2
0,13,604,1,0,500,0.6,1000,0.2,1400,0.2,2
0,14,557,2,10,5,0,500,0.6,1000,0.2,1400,0.2,2
0,15,791,2,10,5,0,500,0.6,1000,0.2,1400,0.2,0
0,16,865,2,10,5,0,500,0.6,1000,0.2,1400,0.2,0
0,17,691,2,10,5,0,300,0.5,1700,0.5,2
0,18,520,1,0,500,0.6,1000,0.2,1400,0.2,1
0,19,133,0,0,500,0.6,1000,0.2,1400,0.2,1
1,0,954,0,0,300,0.5,1700,0.5,2
1,1,514,1,0,300,0.5,1700,0.5,2
1,2,204,1,0,500,0.6,1000,0.2,1400,0.2,2
1,3,767,1,0,300,0.5,1700,0.5,0
1,4,272,1,0,500,0.6,1000,0.2,1400,0.2,1
1,5,635,2,10,5,0,300,0.5,1700,0.5,2
1,6,666,0,0,300,0.5,1700,0.5,0
1,7,191,2,10,5,0,500,0.6,1000,0.2,1400,0.2,1
1,8,364,0,0,500,0.6,1000,0.2,1400,0.2,1
1,9,128,2,10,5,0,300,0.5,1700,0.5,1
1,10,771,0,0,300,0.5,1700,0.5,1
1,11,234,2,10,5,0,300,0.5,1700,0.5,1
1,12,47,0,0,500,0.6,1000,0.2,1400,0.2,1
1,13,24,1,0,300,0.5,1700,0.5,2
1,14,750,0,0,500,0.6,1000,0.2,1400,0.2,1
1,15,273,2,10,5,0,500,0.6,1000,0.2,1400,0.2,1
1,16,880,0,0,500,0.6,1000,0.2,1400,0.2,0
1,17,333,1,0,500,0.6,1000,0.2,1400,0.2,0
1,18,906,0,0,500,0.6,1000,0.2,1400,0.2,2
1,19,755,2,10,5,0,500,0.6,1000,0.2,1400,0.2,0
2,0,677,0,0,300,0.5,1700,0.5,1
2,1,772,1,0,500,0.6,1000,0.2,1400,0.2,0
2,2,823,2,10,5,0,300,0.5,1700,0.5,2
2,3,766,2,10,5,0,300,0.5,1700,0.5,2
2,4,157,2,10,5,0,500,0.6,1000,0.2,1400,0.2,0
2,5,558,0,0,500,0.6,1000,0.2,1400,0.2,0
2,6,415,2,10,5,0,300,0.5,1700,0.5,0
2,7,539,1,0,300,0.5,1700,0.5,0
2,8,648,2,10,5,0,500,0.6,1000,0.2,1400,0.2,0
2,9,925,2,10,5,0,300,0.5,1700,0.5,2
2,10,277,2,10,5,0,300,0.5,1700,0.5,0
2,11,210,0,0,500,0.6,1000,0.2,1400,0.2,2
2,12,441,2,10,5,0,500,0.6,1000,0.2,1400,0.2,0
2,13,774,1,0,500,0.6,1000,0.2,1400,0.2,0
2,14,473,1,0,500,0.6,1000,0.2,1400,0.2,0
2,15,110,0,0,500,0.6,1000,0.2,1400,0.2,0
2,16,667,2,10,5,0,300,0.5,1700,0.5,0
2,17,663,1,0,500,0.6,1000,0.2,1400,0.2,2
2,18,89,0,0,500,0.6,1000,0.2,1400,0.2,0
2,19,534,1,0,300,0.5,1700,0.5,1
3,0,22,1,0,500,0.6,1000,0.2,1400,0.2,0
3,1,779,1,0,500,0.6,1000,0.2,1400,0.2,1
3,2,45,1,0,300,0.5,1700,0.5,1
3,3,886,1,0,500,0.6,1000,0.2,1400,0.2,0
3,4,866,0,0,300,0.5,1700,0.5,2
3,5,982,1,0,500,0.6,1000,0.2,1400,0.2,1
3,6,732,1,0,500,0.6,1000,0.2,1400,0.2,0
3,7,933,2,10,5,0,300,0.5,1700,0.5,2
3,8,586,1,0,500,0.6,1000,0.2,1400,0.2,2
3,9,99,2,10,5,0,500,0.6,1000,0.2,1400,0.2,1
3,10,274,1,0,500,0.6,1000,0.2,1400,0.2,2
3,11,698,0,0,500,0.6,1000,0.2,1400,0.2,1
3,12,788,1,0,300,0.5,1700,0.5,1
3,13,326,1,0,300,0.5,1700,0.5,0
3,14,96,1,0,500,0.6,1000,0.2,1400,0.2,1
3,15,696,0,0,300,0.5,1700,0.5,1
3,16,933,1,0,300,0.5,1700,0.5,2
3,17,708,1,0,300,0.5,1700,0.5,2
3,18,693,1,0,500,0.6,1000,0.2,1400,0.2,0
3,19,463,2,10,5,0,300,0.5,1700,0.5,2
4,0,868,0,0,500,0.6,1000,0.2,1400,0.2,1
4,1,720,1,0,300,0.5,1700,0.5,0
4,2,461,1,0,500,0.6,1000,0.2,1400,0.2,0
4,3,190,0,0,500,0.6,1000,0.2,1400,0.2,0
4,4,232,0,0,300,0.5,1700,0.5,2
4,5,903,0,0,500,0.6,1000,0.2,1400,0.2,0
4,6,768,1,0,300,0.5,1700,0.5,0
4,7,130,2,10,5,0,500,0.6,1000,0.2,1400,0.2,1
4,8,716,1,0,300,0.5,1700,0.5,1
4,9,32,1,0,300,0.5,1700,0.5,1
4,10,875,2,10,5,0,500,0.6,1000,0.2,1400,0.2,2
4,11,268,2,10,5,0,300,0.5,1700,0.5,1
4,12,422,0,0,500,0.6,1000,0.2,1400,0.2,2
4,13,358,0,0,300,0.5,1700,0.5,1
4,14,910,1,0,500,0.6,1000,0.2,1400,0.2,2
4,15,576,1,0,500,0.6,1000,0.2,1400,0.2,2
4,16,343,0,0,500,0.6,1000,0.2,1400,0.2,2
4,17,191,1,0,300,0.5,1700,0.5,1
4,18,605,0,0,300,0.5,1700,0.5,1
4,19,296,0,0,500,0.6,1000,0.2,1400,0.2,0
5,0,636,0,0,300,0.5,1700,0.5,2
5,1,832,1,0,500,0.6,1000,0.2,1400,0.2,2
5,2,845,1,0,500,0.6,1000,0.2,1400,0.2,1
5,3,455,1,0,500,0.6,1000,0.2,1400,0.2,0
5,4,984,1,0,300,0.5,1700,0.5,1
5,5,856,2,10,5,0,500,0.6,1000,0.2,1400,0.2,1
5,6,43,2,10,5,0,500,0.6,1000,0.2,1400,0.2,1
5,7,410,1,0,300,0.5,1700,0.5,0
5,8,368,2,10,5,0,500,0.6,1000,0.2,1400,0.2,2
5,9,584,1,0,500,0.6,1000,0.2,1400,0.2,0
5,10,866,1,0,500,0.6,1000,0.2,1400,0.2,1
5,11,834,2,10,5,0,300,0.5,1700,0.5,1
5,12,814,0,0,300,0.5,1700,0.5,1
5,13,709,2,10,5,0,300,0.5,1700,0.5,2
5,14,972,2,10,5,0,500,0.6,1000,0.2,1400,0.2,0
5,15,420,2,10,5,0,300,0.5,1700,0.5,0
5,16,453,2,10,5,0,500,0.6,1000,0.2,1400,0.2,1
5,17,759,0,0,300,0.5,1700,0.5,0
5,18,320,1,0,500,0.6,1000,0.2,1400,0.2,2
5,19,759,1,0,500,0.6,1000,0.2,1400,0.2,0
6,0,667,0,0,300,0.5,1700,0.5,1
6,1,369,2,10,5,0,500,0.6,1000,0.2,1400,0.2,2
6,2,868,0,0,500,0.6,1000,0.2,1400,0.2,2
6,3,735,0,0,500,0.6,1000,0.2,1400,0.2,2
6,4,669,0,0,300,0.5,1700,0.5,0
6,5,298,2,10,5,0,500,0.6,1000,0.2,1400,0.2,1
6,6,396,1,0,300,0.5,1700,0.5,0
6,7,431,1,0,300,0.5,1700,0.5,2
6,8,639,2,10,5,0,300,0.5,1700,0.5,0
6,9,28,0,0,300,0.5,1700,0.5,2
6,10,293,2,10,5,0,500,0.6,1000,0.2,1400,0.2,2
6,11,979,1,0,300,0.5,1700,0.5,0
6,12,139,1,0,500,0.6,1000,0.2,1400,0.2,2
6,13,148,0,0,500,0.6,1000,0.2,1400,0.2,1
6,14,209,2,10,5,0,300,0.5,1700,0.5,0
6,15,558,2,10,5,0,300,0.5,1700,0.5,2
6,16,84,0,0,300,0.5,1700,0.5,0
6,17,851,0,0,500,0.6,1000,0.2,1400,0.2,2
6,18,64,2,10,5,0,300,0.5,1700,0.5,0
6,19,865,1,0,500,0.6,1000,0.2,1400,0.2,0
7,0,212,1,0,300,0.5,1700,0.5,0
7,1,469,0,0,500,0.6,1000,0.2,1400,0.2,0
7,2,47,0,0,500,0.6,1000,0.2,1400,0.2,2
7,3,954,2,10,5,0,300,0.5,1700,0.5,1
7,4,152,0,0,300,0.5,1700,0.5,2
7,5,723,2,10,5,0,300,0.5,1700,0.5,2
7,6,638,0,0,300,0.5,1700,0.5,2
7,7,554,0,0,500,0.6,1000,0.2,1400,0.2,1
7,8,110,1,0,300,0.5,1700,0.5,2
7,9,457,0,0,300,0.5,1700,0.5,2
7,10,471,2,10,5,0,300,0.5,1700,0.5,0
7,11,652,0,0,500,0.6,1000,0.2,1400,0.2,2
7,12,561,0,0,500,0.6,1000,0.2,1400,0.2,0
7,13,742,2,10,5,0,500,0.6,1000,0.2,1400,0.2,1
7,14,596,1,0,300,0.5,1700,0.5,2
7,15,226,2,10,5,0,500,0.6,1000,0.2,1400,0.2,0
7,16,901,1,0,500,0.6,1000,0.2,1400,0.2,1
7,17,735,2,10,5,0,500,0.6,1000,0.2,1400,0.2,0
7,18,657,2,10,5,0,500,0.6,1000,0.2,1400,0.2,2
7,19,234,0,0,500,0.6,1000,0.2,1400,0.2,0
8,0,538,2,10,5,0,300,0.5,1700,0.5,2
8,1,234,1,0,500,0.6,1000,0.2,1400,0.2,1
8,2,729,0,0,300,0.5,1700,0.5,0
8,3,298,1,0,300,0.5,1700,0.5,1
8,4,178,1,0,500,0.6,1000,0.2,1400,0.2,2
8,5,744,0,0,500,0.6,1000,0.2,1400,0.2,2
8,6,813,2,10,5,0,500,0.6,1000,0.2,1400,0.2,2
8,7,860,1,0,300,0.5,1700,0.5,0
8,8,39,1,0,500,0.6,1000,0.2,1400,0.2,0
8,9,666,2,10,5,0,500,0.6,1000,0.2,1400,0.2,0
8,10,845,1,0,300,0.5,1700,0.5,1
8,11,609,1,0,300,0.5,1700,0.5,2
8,12,646,0,0,500,0.6,1000,0.2,1400,0.2,1
8,13,323,2,10,5,0,500,0.6,1000,0.2,1400,0.2,2
8,14,488,1,0,500,0.6,1000,0.2,1400,0.2,1
8,15,961,0,0,500,0.6,1000,0.2,1400,0.2,0
8,16,834,2,10,5,0,300,0.5,1700,0.5,1
8,17,478,0,0,500,0.6,1000,0.2,1400,0.2,2
8,18,782,0,0,300,0.5,1700,0.5,2
8,19,512,1,0,500,0.6,1000,0.2,1400,0.2,0
9,0,22,1,0,300,0.5,1700,0.5,1
9,1,314,0,0,500,0.6,1000,0.2,1400,0.2,1
9,2,329,0,0,500,0.6,1000,0.2,1400,0.2,0
9,3,340,1,0,500,0.6,1000,0.2,1400,0.2,1
9,4,929,0,0,500,0.6,1000,0.2,1400,0.2,2
9,5,337,0,0,500,0.6,1000,0.2,1400,0.2,1
9,6,980,1,0,300,0.5,1700,0.5,1
9,7,561,0,0,300,0.5,1700,0.5,2
9,8,718,2,10,5,0,500,0.6,1000,0.2,1400,0.2,1
9,9,133,0,0,300,0.5,1700,0.5,0
9,10,949,2,10,5,0,300,0.5,1700,0.5,0
9,11,944,1,0,300,0.5,1700,0.5,1
9,12,552,2,10,5,0,300,0.5,1700,0.5,2
9,13,443,1,0,500,0.6,1000,0.2,1400,0.2,2
9,14,505,2,10,5,0,500,0.6,1000,0.2,1400,0.2,1
9,15,460,1,0,300,0.5,1700,0.5,2
9,16,243,0,0,300,0.5,1700,0.5,0
9,17,550,2,10,5,0,500,0.6,1000,0.2,1400,0.2,2
9,18,813,1,0,300,0.5,1700,0.5,1
9,19,841,0,0,300,0.5,1700,0.5,0
10,0,386,2,10,5,0,500,0.6,1000,0.2,1400,0.2,2
10,1,831,0,0,300,0.5,1700,0.5,0
10,2,656,1,0,300,0.5,1700,0.5,1
10,3,667,1,0,300,0.5,1700,0.5,2
10,4,67,1,0,500,0.6,1000,0.2,1400,0.2,1
10,5,244,0,0,300,0.5,1700,0.5,1
10,6,270,2,10,5,0,300,0.5,1700,0.5,2
10,7,923,0,0,300,0.5,1700,0.5,2
10,8,728,2,10,5,0,300,0.5,1700,0.5,2
10,9,454,0,0,300,0.5,1700,0.5,1
10,10,174,0,0,500,0.6,1000,0.2,1400,0.2,0
10,11,290,2,10,5,0,300,0.5,1700,0.5,0
10,12,180,2,10,5,0,500,0.6,1000,0.2,1400,0.2,0
10,13,640,1,0,500,0.6,1000,0.2,1400,0.2,0
10,14,724,0,0,500,0.6,1000,0.2,1400,0.2,1
10,15,772,1,0,500,0.6,1000,0.2,1400,0.2,1
10,16,612,0,0,500,0.6,1000,0.2,1400,0.2,2
10,17,62,2,10,5,0,500,0.6,1000,0.2,1400,0.2,2
10,18,774,2,10,5,0,500,0.6,1000,0.2,1400,0.2,1
10,19,117,0,0,500,0.6,1000,0.2,1400,0.2,1
11,0,931,0,0,300,0.5,1700,0.5,1
11,1,562,0,0,300,0.5,1700,0.5,1
11,2,569,0,0,300,0.5,1700,0.5,0
11,3,493,2,10,5,0,500,0.6,1000,0.2,1400,0.2,0
11,4,453,0,0,300,0.5,1700,0.5,0
11,5,32,0,0,300,0.5,1700,0.5,2
11,6,301,0,0,500,0.6,1000,0.2,1400,0.2,1
11,7,467,2,10,5,0,300,0.5,1700,0.5,2
11,8,717,1,0,500,0.6,1000,0.2,1400,0.2,0
11,9,92,1,0,500,0.6,1000,0.2,1400,0.2,0
11,10,100,2,10,5,0,300,0.5,1700,0.5,0
11,11,288,2,10,5,0,300,0.5,1700,0.5,0
11,12,604,1,0,300,0.5,1700,0.5,2
11,13,906,0,0,300,0.5,1700,0.5,1
11,14,574,1,0,300,0.5,1700,0.5,0
11,15,581,1,0,300,0.5,1700,0.5,2
11,16,633,1,0,500,0.6,1000,0.2,1400,0.2,1
11,17,612,0,0,500,0.6,1000,0.2,1400,0.2,2
11,18,707,0,0,300,0.5,1700,0.5,0
11,19,539,2,10,5,0,500,0.6,1000,0.2,1400,0.2,0
12,0,188,0,0,300,0.5,1700,0.5,0
12,1,981,0,0,500,0.6,1000,0.2,1400,0.2,0
12,2,854,2,10,5,0,500,0.6,1000,0.2,1400,0.2,0
12,3,929,1,0,300,0.5,1700,0.5,0
12,4,533,1,0,300,0.5,1700,0.5,2
12,5,294,0,0,500,0.6,1000,0.2,1400,0.2,1
12,6,524,1,0,500,0.6,1000,0.2,1400,0.2,0
12,7,649,2,10,5,0,500,0.6,1000,0.2,1400,0.2,1
12,8,591,1,0,500,0.6,1000,0.2,1400,0.2,2
12,9,769,1,0,500,0.6,1000,0.2,1400,0.2,1
12,10,803,1,0,300,0.5,1700,0.5,2
12,11,396,0,0,300,0.5,1700,0.5,2
12,12,890,2,10,5,0,300,0.5,1700,0.5,1
12,13,331,2,10,5,0,500,0.6,1000,0.2,1400,0.2,2
12,14,196,0,0,500,0.6,1000,0.2,1400,0.2,2
12,15,695,0,0,500,0.6,1000,0.2,1400,0.2,1
12,16,253,2,10,5,0,300,0.5,1700,0.5,2
12,17,501,1,0,500,0.6,1000,0.2,1400,0.2,1
12,18,882,2,10,5,0,500,0.6,1000,0.2,1400,0.2,0
12,19,137,1,0,500,0.6,1000,0.2,1400,0.2,2
13,0,754,0,0,500,0.6,1000,0.2,1400,0.2,2
13,1,571,0,0,300,0.5,1700,0.5,0
13,2,747,1,0,300,0.5,1700,0.5,1
13,3,549,1,0,500,0.6,1000,0.2,1400,0.2,1
13,4,689,1,0,500,0.6,1000,0.2,1400,0.2,2
13,5,639,1,0,300,0.5,1700,0.5,2
13,6,312,0,0,500,0.6,1000,0.2,1400,0.2,1
13,7,171,2,10,5,0,300,0.5,1700,0.5,1
13,8,246,2,10,5,0,500,0.6,1000,0.2,1400,0.2,0
13,9,617,2,10,5,0,300,0.5,1700,0.5,2
13,10,477,1,0,300,0.5,1700,0.5,0
13,11,830,1,0,500,0.6,1000,0.2,1400,0.2,0
13,12,680,2,10,5,0,300,0.5,1700,0.5,2
13,13,691,0,0,500,0.6,1000,0.2,1400,0.2,1
13,14,555,0,0,500,0.6,1000,0.2,1400,0.2,1
13,15,350,0,0,300,0.5,1700,0.5,2
13,16,93,2,10,5,0,500,0.6,1000,0.2,1400,0.2,2
13,17,272,1,0,500,0.6,1000,0.2,1400,0.2,0
13,18,269,1,0,300,0.5,1700,0.5,2
13,19,605,1,0,500,0.6,1000,0.2,1400,0.2,0
14,0,302,0,0,300,0.5,1700,0.5,0
14,1,904,1,0,500,0.6,1000,0.2,1400,0.2,0
14,2,862,1,0,500,0.6,1000,0.2,1400,0.2,2
14,3,13,0,0,300,0.5,1700,0.5,0
14,4,98,2,10,5,0,500,0.6,1000,0.2,1400,0.2,0
14,5,851,1,0,500,0.6,1000,0.2,1400,0.2,2
14,6,253,2,10,5,0,500,0.6,1000,0.2,1400,0.2,2
14,7,583,2,10,5,0,500,0.6,1000,0.2,1400,0.2,1
14,8,808,2,10,5,0,300,0.5,1700,0.5,1
14,9,913,1,0,300,0.5,1700,0.5,2
14,10,371,0,0,500,0.6,1000,0.2,1400,0.2,1
14,11,103,0,0,500,0.6,1000,0.2,1400,0.2,2
14,12,809,0,0,300,0.5,1700,0.5,2
14,13,242,0,0,500,0.6,1000,0.2,1400,0.2,2
14,14,325,2,10,5,0,500,0.6,1000,0.2,1400,0.2,1
14,15,965,0,0,500,0.6,1000,0.2,1400,0.2,0
14,16,753,1,0,500,0.6,1000,0.2,1400,0.2,2
14,17,65,1,0,300,0.5,1700,0.5,0
14,18,221,0,0,500,0.6,1000,0.2,1400,0.2,2
14,19,848,1,0,300,0.5,1700,0.5,2
15,0,149,2,10,5,0,300,0.5,1700,0.5,1
15,1,420,1,0,300,0.5,1700,0.5,0
15,2,854,1,0,500,0.6,1000,0.2,1400,0.2,0
15,3,219,0,0,300,0.5,1700,0.5,2
15,4,817,1,0,500,0.6,1000,0.2,1400,0.2,0
15,5,120,0,0,500,0.6,1000,0.2,1400,0.2,1
15,6,874,0,0,300,0.5,1700,0.5,2
15,7,522,2,10,5,0,500,0.6,1000,0.2,1400,0.2,0
15,8,167,0,0,500,0.6,1000,0.2,1400,0.2,2
15,9,634,2,10,5,0,500,0.6,1000,0.2,1400,0.2,2
15,10,94,0,0,500,0.6,1000,0.2,1400,0.2,0
15,11,515,2,10,5,0,300,0.5,1700,0.5,2
15,12,194,0,0,300,0.5,1700,0.5,1
15,13,137,2,10,5,0,500,0.6,1000,0.2,1400,0.2,2
15,14,480,1,0,300,0.5,1700,0.5,1
15,15,265,2,10,5,0,500,0.6,1000,0.2,1400,0.2,0
15,16,821,1,0,300,0.5,1700,0.5,0
15,17,670,2,10,5,0,300,0.5,1700,0.5,1
15,18,140,0,0,300,0.5,1700,0.5,1
15,19,619,2,10,5,0,300,0.5,1700,0.5,1
16,0,163,2,10,5,0,500,0.6,1000,0.2,1400,0.2,0
16,1,789,2,10,5,0,300,0.5,1700,0.5,0
16,2,705,0,0,300,0.5,1700,0.5,2
16,3,451,1,0,500,0.6,1000,0.2,1400,0.2,1
16,4,729,0,0,300,0.5,1700,0.5,0
16,5,783,0,0,500,0.6,1000,0.2,1400,0.2,0
16,6,69,1,0,300,0.5,1700,0.5,1
16,7,330,1,0,300,0.5,1700,0.5,2
16,8,917,1,0,500,0.6,1000,0.2,1400,0.2,1
16,9,993,1,0,300,0.5,1700,0.5,2
16,10,417,1,0,500,0.6,1000,0.2,1400,0.2,2
16,11,655,1,0,300,0.5,1700,0.5,1
16,12,12,0,0,500,0.6,1000,0.2,1400,0.2,0
16,13,811,0,0,500,0.6,1000,0.2,1400,0.2,0
16,14,431,0,0,300,0.5,1700,0.5,2
16,15,369,1,0,500,0.6,1000,0.2,1400,0.2,1
16,16,147,0,0,500,0.6,1000,0.2,1400,0.2,1
16,17,146,2,10,5,0,300,0.5,1700,0.5,1
16,18,557,1,0,300,0.5,1700,0.5,1
16,19,739,2,10,5,0,300,0.5,1700,0.5,1
17,0,405,0,0,500,0.6,1000,0.2,1400,0.2,1
17,1,521,1,0,300,0.5,1700,0.5,0
17,2,221,0,0,500,0.6,1000,0.2,1400,0.2,1
17,3,792,2,10,5,0,500,0.6,1000,0.2,1400,0.2,2
17,4,923,1,0,300,0.5,1700,0.5,2
17,5,658,0,0,300,0.5,1700,0.5,2
17,6,156,2,10,5,0,500,0.6,1000,0.2,1400,0.2,0
17,7,929,2,10,5,0,300,0.5,1700,0.5,2
17,8,914,0,0,500,0.6,1000,0.2,1400,0.2,1
17,9,749,1,0,300,0.5,1700,0.5,1
17,10,500,0,0,500,0.6,1000,0.2,1400,0.2,0
17,11,662,1,0,500,0.6,1000,0.2,1400,0.2,2
17,12,395,0,0,300,0.5,1700,0.5,1
17,13,671,1,0,300,0.5,1700,0.5,2
17,14,543,1,0,300,0.5,1700,0.5,1
17,15,81,0,0,500,0.6,1000,0.2,1400,0.2,0
17,16,950,0,0,500,0.6,1000,0.2,1400,0.2,0
17,17,700,1,0,500,0.6,1000,0.2,1400,0.2,1
17,18,703,1,0,300,0.5,1700,0.5,1
17,19,87,2,10,5,0,500,0.6,1000,0.2,1400,0.2,1
18,0,387,2,10,5,0,500,0.6,1000,0.2,1400,0.2,1
18,1,873,1,0,500,0.6,1000,0.2,1400,0.2,2
18,2,232,2,10,5,0,300,0.5,1700,0.5,2
18,3,878,1,0,500,0.6,1000,0.2,1400,0.2,1
18,4,801,2,10,5,0,500,0.6,1000,0.2,1400,0.2,1
18,5,43,0,0,500,0.6,1000,0.2,1400,0.2,0
18,6,325,0,0,500,0.6,1000,0.2,1400,0.2,1
18,7,155,0,0,500,0.6,1000,0.2,1400,0.2,0
18,8,847,2,10,5,0,500,0.6,1000,0.2,1400,0.2,0
18,9,249,1,0,500,0.6,1000,0.2,1400,0.2,0
18,10,495,2,10,5,0,500,0.6,1000,0.2,1400,0.2,2
18,11,933,2,10,5,0,300,0.5,1700,0.5,2
18,12,948,0,0,500,0.6,1000,0.2,1400,0.2,0
18,13,526,2,10,5,0,300,0.5,1700,0.5,0
18,14,460,2,10,5,0,300,0.5,1700,0.5,2
18,15,146,2,10,5,0,500,0.6,1000,0.2,1400,0.2,0
18,16,381,0,0,500,0.6,1000,0.2,1400,0.2,0
18,17,942,1,0,500,0.6,1000,0.2,1400,0.2,2
18,18,978,2,10,5,0,500,0.6,1000,0.2,1400,0.2,2
18,19,136,1,0,500,0.6,1000,0.2,1400,0.2,2
19,0,345,1,0,500,0.6,1000,0.2,1400,0.2,2
19,1,427,0,0,300,0.5,1700,0.5,2
19,2,83,2,10,5,0,300,0.5,1700,0.5,2
19,3,870,0,0,500,0.6,1000,0.2,1400,0.2,2
19,4,892,1,0,300,0.5,1700,0.5,1
19,5,131,0,0,300,0.5,1700,0.5,1
19,6,817,0,0,300,0.5,1700,0.5,0
19,7,591,0,0,500,0.6,1000,0.2,1400,0.2,1
19,8,892,0,0,500,0.6,1000,0.2,1400,0.2,2
19,9,171,2,10,5,0,300,0.5,1700,0.5,0
19,10,827,0,0,500,0.6,1000,0.2,1400,0.2,1
19,11,597,0,0,300,0.5,1700,0.5,0
19,12,714,0,0,300,0.5,1700,0.5,1
19,13,587,2,10,5,0,300,0.5,1700,0.5,1
19,14,216,0,0,300,0.5,1700,0.5,2
19,15,54,0,0,300,0.5,1700,0.5,1
19,16,897,2,10,5,0,500,0.6,1000,0.2,1400,0.2,2
19,17,631,2,10,5,0,500,0.6,1000,0.2,1400,0.2,0
19,18,423,2,10,5,0,300,0.5,1700,0.5,2
19,19,995,1,0,300,0.5,1700,0.5,1
