0,0,677,1,0,500,0.6,1000,0.2,1400,0.2,1
0,1,57,1,0,500,0.6,1000,0.2,1400,0.2,0
0,2,815,1,0,500,0.6,1000,0.2,1400,0.2,1
0,3,365,0,0,300,0.5,1700,0.5,1
0,4,104,2,10,5,0,300,0.5,1700,0.5,2
0,5,910,0,0,500,0.6,1000,0.2,1400,0.2,2
0,6,596,0,0,300,0.5,1700,0.5,2
0,7,74,0,0,500,0.6,1000,0.2,1400,0.2,0
0,8,852,2,10,5,0,500,0.6,1000,0.2,1400,0.2,1
0,9,57,0,0,300,0.5,1700,0.5,2
0,10,775,2,10,5,0,500,0.6,1000,0.2,1400,0.2,2
0,11,870,1,0,300,0.5,1700,0.5,1
0,12,652,1,0,300,0.5,1700,0.5,1
0,13,163,1,0,500,0.6,1000,0.2,1400,0.2,1
0,14,597,0,0,300,0.5,1700,0.5,0
0,15,235,0,0,300,0.5,1700,0.5,0
0,16,683,1,0,300,0.5,1700,0.5,0
0,17,855,1,0,300,0.5,1700,0.5,2
0,18,754,0,0,500,0.6,1000,0.2,1400,0.2,2
0,19,64,0,0,500,0.6,1000,0.2,1400,0.2,0
1,0,102,0,0,500,0.6,1000,0.2,1400,0.2,2
1,1,436,0,0,300,0.5,1700,0.5,0
1,2,609,2,10,5,0,500,0.6,1000,0.2,1400,0.2,2
1,3,89,1,0,500,0.6,1000,0.2,1400,0.2,0
1,4,649,0,0,300,0.5,1700,0.5,1
1,5,614,1,0,300,0.5,1700,0.5,2
1,6,117,2,10,5,0,500,0.6,1000,0.2,1400,0.2,1
1,7,510,0,0,300,0.5,1700,0.5,1
1,8,952,0,0,500,0.6,1000,0.2,1400,0.2,1
1,9,736,1,0,300,0.5,1700,0.5,1
1,10,695,1,0,300,0.5,1700,0.5,0
1,11,603,2,10,5,0,500,0.6,1000,0.2,1400,0.2,1
1,12,371,1,0,300,0.5,1700,0.5,0
1,13,929,0,0,300,0.5,1700,0.5,2
1,14,991,1,0,500,0.6,1000,0.2,1400,0.2,2
1,15,101,0,0,500,0.6,1000,0.2,1400,0.2,1
1,16,559,2,10,5,0,300,0.5,1700,0.5,0
1,17,481,1,0,300,0.5,1700,0.5,2
1,18,880,2,10,5,0,300,0.5,1700,0.5,0
1,19,867,1,0,500,0.6,1000,0.2,1400,0.2,1
2,0,431,1,0,500,0.6,1000,0.2,1400,0.2,0
2,1,257,2,10,5,0,500,0.6,1000,0.2,1400,0.2,0
2,2,399,0,0,300,0.5,1700,0.5,1
2,3,108,2,10,5,0,500,0.6,1000,0.2,1400,0.2,2
2,4,816,1,0,300,0.5,1700,0.5,2
2,5,798,1,0,500,0.6,1000,0.2,1400,0.2,2
2,6,443,2,10,5,0,300,0.5,1700,0.5,1
2,7,973,0,0,300,0.5,1700,0.5,0
2,8,159,2,10,5,0,300,0.5,1700,0.5,1
2,9,22,2,10,5,0,500,0.6,1000,0.2,1400,0.2,1
2,10,130,1,0,500,0.6,1000,0.2,1400,0.2,1
2,11,362,2,10,5,0,500,0.6,1000,0.2,1400,0.2,0
2,12,118,2,10,5,0,300,0.5,1700,0.5,0
2,13,799,1,0,300,0.5,1700,0.5,2
2,14,14,1,0,300,0.5,1700,0.5,2
2,15,292,1,0,300,0.5,1700,0.5,0
2,16,47,2,10,5,0,300,0.5,1700,0.5,2
2,17,378,1,0,300,0.5,1700,0.5,1
2,18,723,2,10,5,0,500,0.6,1000,0.2,1400,0.2,2
2,19,642,1,0,300,0.5,1700,0.5,2
3,0,16,0,0,300,0.5,1700,0.5,2
3,1,128,1,0,300,0.5,1700,0.5,0
3,2,346,1,0,300,0.5,1700,0.5,1
3,3,838,2,10,5,0,300,0.5,1700,0.5,1
3,4,303,2,10,5,0,500,0.6,1000,0.2,1400,0.2,1
3,5,137,2,10,5,0,500,0.6,1000,0.2,1400,0.2,0
3,6,617,1,0,500,0.6,1000,0.2,1400,0.2,1
3,7,200,2,10,5,0,300,0.5,1700,0.5,1
3,8,179,1,0,300,0.5,1700,0.5,2
3,9,378,1,0,500,0.6,1000,0.2,1400,0.2,1
3,10,531,2,10,5,0,300,0.5,1700,0.5,1
3,11,277,1,0,300,0.5,1700,0.5,0
3,12,906,2,10,5,0,500,0.6,1000,0.2,1400,0.2,1
3,13,301,2,10,5,0,300,0.5,1700,0.5,2
3,14,248,0,0,500,0.6,1000,0.2,1400,0.2,2
3,15,229,2,10,5,0,300,0.5,1700,0.5,0
3,16,238,2,10,5,0,500,0.6,1000,0.2,1400,0.2,1
3,17,594,1,0,300,0.5,1700,0.5,0
3,18,618,0,0,500,0.6,1000,0.2,1400,0.2,1
3,19,956,0,0,500,0.6,1000,0.2,1400,0.2,1
4,0,722,1,0,300,0.5,1700,0.5,0
4,1,612,2,10,5,0,300,0.5,1700,0.5,0
4,2,296,1,0,300,0.5,1700,0.5,0
4,3,448,2,10,5,0,500,0.6,1000,0.2,1400,0.2,2
4,4,955,0,0,500,0.6,1000,0.2,1400,0.2,1
4,5,932,0,0,500,0.6,1000,0.2,1400,0.2,1
4,6,900,1,0,300,0.5,1700,0.5,1
4,7,446,0,0,500,0.6,1000,0.2,1400,0.2,2
4,8,249,0,0,300,0.5,1700,0.5,1
4,9,760,1,0,300,0.5,1700,0.5,1
4,10,275,0,0,300,0.5,1700,0.5,0
4,11,423,1,0,300,0.5,1700,0.5,2
4,12,908,2,10,5,0,500,0.6,1000,0.2,1400,0.2,0
4,13,178,1,0,300,0.5,1700,0.5,1
4,14,82,0,0,500,0.6,1000,0.2,1400,0.2,2
4,15,27,2,10,5,0,300,0.5,1700,0.5,1
4,16,887,0,0,300,0.5,1700,0.5,2
4,17,198,2,10,5,0,300,0.5,1700,0.5,0
4,18,118,0,0,300,0.5,1700,0.5,1
4,19,655,1,0,500,0.6,1000,0.2,1400,0.2,2
5,0,179,0,0,500,0.6,1000,0.2,1400,0.2,2
5,1,158,0,0,300,0.5,1700,0.5,1
5,2,277,0,0,300,0.5,1700,0.5,1
5,3,305,2,10,5,0,300,0.5,1700,0.5,1
5,4,26,1,0,500,0.6,1000,0.2,1400,0.2,0
5,5,577,1,0,300,0.5,1700,0.5,0
5,6,609,0,0,500,0.6,1000,0.2,1400,0.2,2
5,7,740,1,0,500,0.6,1000,0.2,1400,0.2,0
5,8,19,2,10,5,0,300,0.5,1700,0.5,0
5,9,958,0,0,300,0.5,1700,0.5,1
5,10,28,1,0,300,0.5,1700,0.5,0
5,11,130,2,10,5,0,300,0.5,1700,0.5,1
5,12,359,0,0,500,0.6,1000,0.2,1400,0.2,2
5,13,483,1,0,500,0.6,1000,0.2,1400,0.2,2
5,14,559,1,0,300,0.5,1700,0.5,0
5,15,927,0,0,500,0.6,1000,0.2,1400,0.2,1
5,16,276,1,0,500,0.6,1000,0.2,1400,0.2,2
5,17,611,2,10,5,0,500,0.6,1000,0.2,1400,0.2,0
5,18,943,1,0,300,0.5,1700,0.5,0
5,19,349,0,0,500,0.6,1000,0.2,1400,0.2,2
6,0,660,0,0,500,0.6,1000,0.2,1400,0.2,0
6,1,516,2,10,5,0,500,0.6,1000,0.2,1400,0.2,2
6,2,398,2,10,5,0,500,0.6,1000,0.2,1400,0.2,2
6,3,44,2,10,5,0,500,0.6,1000,0.2,1400,0.2,1
6,4,536,0,0,500,0.6,1000,0.2,1400,0.2,2
6,5,936,2,10,5,0,500,0.6,1000,0.2,1400,0.2,0
6,6,490,2,10,5,0,500,0.6,1000,0.2,1400,0.2,1
6,7,818,2,10,5,0,500,0.6,1000,0.2,1400,0.2,1
6,8,807,2,10,5,0,500,0.6,1000,0.2,1400,0.2,2
6,9,983,2,10,5,0,500,0.6,1000,0.2,1400,0.2,0
6,10,219,0,0,300,0.5,1700,0.5,0
6,11,592,1,0,500,0.6,1000,0.2,1400,0.2,1
6,12,744,2,10,5,0,500,0.6,1000,0.2,1400,0.2,1
6,13,442,0,0,300,0.5,1700,0.5,1
6,14,924,0,0,300,0.5,1700,0.5,0
6,15,513,1,0,500,0.6,1000,0.2,1400,0.2,0
6,16,170,1,0,300,0.5,1700,0.5,0
6,17,457,0,0,500,0.6,1000,0.2,1400,0.2,2
6,18,214,1,0,500,0.6,1000,0.2,1400,0.2,2
6,19,614,2,10,5,0,300,0.5,1700,0.5,1
7,0,798,1,0,500,0.6,1000,0.2,1400,0.2,0
7,1,921,2,10,5,0,300,0.5,1700,0.5,2
7,2,252,2,10,5,0,500,0.6,1000,0.2,1400,0.2,2
7,3,517,0,0,300,0.5,1700,0.5,1
7,4,124,1,0,500,0.6,1000,0.2,1400,0.2,2
7,5,430,0,0,300,0.5,1700,0.5,0
7,6,988,2,10,5,0,500,0.6,1000,0.2,1400,0.2,0
7,7,520,0,0,500,0.6,1000,0.2,1400,0.2,1
7,8,287,0,0,500,0.6,1000,0.2,1400,0.2,0
7,9,382,1,0,500,0.6,1000,0.2,1400,0.2,2
7,10,752,1,0,300,0.5,1700,0.5,0
7,11,466,2,10,5,0,500,0.6,1000,0.2,1400,0.2,1
7,12,759,2,10,5,0,300,0.5,1700,0.5,2
7,13,92,0,0,300,0.5,1700,0.5,0
7,14,566,0,0,300,0.5,1700,0.5,0
7,15,461,0,0,500,0.6,1000,0.2,1400,0.2,2
7,16,333,1,0,500,0.6,1000,0.2,1400,0.2,2
7,17,633,1,0,500,0.6,1000,0.2,1400,0.2,2
7,18,749,1,0,300,0.5,1700,0.5,0
7,19,32,2,10,5,0,300,0.5,1700,0.5,1
8,0,976,0,0,300,0.5,1700,0.5,0
8,1,290,1,0,300,0.5,1700,0.5,1
8,2,995,1,0,500,0.6,1000,0.2,1400,0.2,2
8,3,282,0,0,300,0.5,1700,0.5,1
8,4,737,2,10,5,0,500,0.6,1000,0.2,1400,0.2,2
8,5,344,1,0,500,0.6,1000,0.2,1400,0.2,1
8,6,977,2,10,5,0,300,0.5,1700,0.5,0
8,7,180,0,0,500,0.6,1000,0.2,1400,0.2,0
8,8,564,2,10,5,0,500,0.6,1000,0.2,1400,0.2,2
8,9,427,0,0,300,0.5,1700,0.5,2
8,10,148,0,0,500,0.6,1000,0.2,1400,0.2,0
8,11,886,2,10,5,0,500,0.6,1000,0.2,1400,0.2,1
8,12,823,2,10,5,0,300,0.5,1700,0.5,1
8,13,859,1,0,300,0.5,1700,0.5,2
8,14,425,1,0,300,0.5,1700,0.5,2
8,15,832,0,0,500,0.6,1000,0.2,1400,0.2,2
8,16,999,1,0,300,0.5,1700,0.5,2
8,17,536,0,0,500,0.6,1000,0.2,1400,0.2,0
8,18,707,0,0,500,0.6,1000,0.2,1400,0.2,0
8,19,328,0,0,300,0.5,1700,0.5,2
9,0,698,1,0,500,0.6,1000,0.2,1400,0.2,1
9,1,138,1,0,500,0.6,1000,0.2,1400,0.2,1
9,2,588,1,0,300,0.5,1700,0.5,0
9,3,610,0,0,300,0.5,1700,0.5,0
9,4,782,1,0,500,0.6,1000,0.2,1400,0.2,0
9,5,672,1,0,300,0.5,1700,0.5,1
9,6,883,2,10,5,0,300,0.5,1700,0.5,0
9,7,405,1,0,300,0.5,1700,0.5,1
9,8,234,2,10,5,0,300,0.5,1700,0.5,1
9,9,808,2,10,5,0,300,0.5,1700,0.5,1
9,10,564,1,0,500,0.6,1000,0.2,1400,0.2,0
9,11,876,1,0,300,0.5,1700,0.5,0
9,12,753,0,0,500,0.6,1000,0.2,1400,0.2,1
9,13,519,1,0,300,0.5,1700,0.5,0
9,14,816,0,0,300,0.5,1700,0.5,2
9,15,530,1,0,300,0.5,1700,0.5,2
9,16,642,1,0,500,0.6,1000,0.2,1400,0.2,0
9,17,826,2,10,5,0,500,0.6,1000,0.2,1400,0.2,2
9,18,106,1,0,500,0.6,1000,0.2,1400,0.2,1
9,19,920,0,0,300,0.5,1700,0.5,0
10,0,442,0,0,300,0.5,1700,0.5,1
10,1,966,0,0,300,0.5,1700,0.5,2
10,2,213,0,0,500,0.6,1000,0.2,1400,0.2,0
10,3,926,2,10,5,0,500,0.6,1000,0.2,1400,0.2,2
10,4,351,0,0,500,0.6,1000,0.2,1400,0.2,1
10,5,296,0,0,300,0.5,1700,0.5,0
10,6,558,1,0,500,0.6,1000,0.2,1400,0.2,2
10,7,61,1,0,300,0.5,1700,0.5,2
10,8,776,1,0,300,0.5,1700,0.5,2
10,9,218,1,0,300,0.5,1700,0.5,2
10,10,991,0,0,300,0.5,1700,0.5,0
10,11,818,2,10,5,0,300,0.5,1700,0.5,0
10,12,113,2,10,5,0,500,0.6,1000,0.2,1400,0.2,0
10,13,577,2,10,5,0,300,0.5,1700,0.5,2
10,14,840,0,0,500,0.6,1000,0.2,1400,0.2,1
10,15,826,2,10,5,0,300,0.5,1700,0.5,0
10,16,569,2,10,5,0,300,0.5,1700,0.5,1
10,17,122,1,0,300,0.5,1700,0.5,1
10,18,900,1,0,300,0.5,1700,0.5,0
10,19,536,1,0,300,0.5,1700,0.5,1
11,0,501,1,0,500,0.6,1000,0.2,1400,0.2,2
11,1,608,2,10,5,0,300,0.5,1700,0.5,1
11,2,81,0,0,500,0.6,1000,0.2,1400,0.2,1
11,3,215,0,0,300,0.5,1700,0.5,0
11,4,978,1,0,300,0.5,1700,0.5,2
11,5,66,2,10,5,0,500,0.6,1000,0.2,1400,0.2,0
11,6,150,2,10,5,0,300,0.5,1700,0.5,2
11,7,399,0,0,300,0.5,1700,0.5,1
11,8,893,1,0,300,0.5,1700,0.5,2
11,9,710,1,0,500,0.6,1000,0.2,1400,0.2,1
11,10,129,1,0,500,0.6,1000,0.2,1400,0.2,0
11,11,344,1,0,500,0.6,1000,0.2,1400,0.2,2
11,12,967,1,0,500,0.6,1000,0.2,1400,0.2,0
11,13,515,0,0,500,0.6,1000,0.2,1400,0.2,0
11,14,540,2,10,5,0,300,0.5,1700,0.5,0
11,15,748,2,10,5,0,300,0.5,1700,0.5,0
11,16,84,1,0,500,0.6,1000,0.2,1400,0.2,1
11,17,622,2,10,5,0,300,0.5,1700,0.5,0
11,18,386,1,0,500,0.6,1000,0.2,1400,0.2,2
11,19,726,0,0,300,0.5,1700,0.5,2
12,0,971,2,10,5,0,300,0.5,1700,0.5,0
12,1,592,0,0,500,0.6,1000,0.2,1400,0.2,2
12,2,468,0,0,500,0.6,1000,0.2,1400,0.2,0
12,3,317,0,0,500,0.6,1000,0.2,1400,0.2,2
12,4,20,2,10,5,0,300,0.5,1700,0.5,2
12,5,964,1,0,300,0.5,1700,0.5,1
12,6,904,2,10,5,0,500,0.6,1000,0.2,1400,0.2,2
12,7,117,0,0,300,0.5,1700,0.5,2
12,8,475,0,0,300,0.5,1700,0.5,1
12,9,802,2,10,5,0,300,0.5,1700,0.5,2
12,10,426,1,0,500,0.6,1000,0.2,1400,0.2,2
12,11,39,1,0,500,0.6,1000,0.2,1400,0.2,1
12,12,566,0,0,300,0.5,1700,0.5,0
12,13,62,2,10,5,0,300,0.5,1700,0.5,2
12,14,798,1,0,300,0.5,1700,0.5,2
12,15,117,0,0,300,0.5,1700,0.5,2
12,16,461,0,0,300,0.5,1700,0.5,1
12,17,736,0,0,300,0.5,1700,0.5,0
12,18,611,2,10,5,0,300,0.5,1700,0.5,0
12,19,925,2,10,5,0,500,0.6,1000,0.2,1400,0.2,0
13,0,327,0,0,500,0.6,1000,0.2,1400,0.2,2
13,1,1000,2,10,5,0,500,0.6,1000,0.2,1400,0.2,1
13,2,182,2,10,5,0,300,0.5,1700,0.5,1
13,3,337,0,0,300,0.5,1700,0.5,2
13,4,794,1,0,500,0.6,1000,0.2,1400,0.2,1
13,5,793,1,0,300,0.5,1700,0.5,1
13,6,883,1,0,300,0.5,1700,0.5,1
13,7,244,0,0,500,0.6,1000,0.2,1400,0.2,0
13,8,623,0,0,300,0.5,1700,0.5,0
13,9,942,0,0,300,0.5,1700,0.5,1
13,10,631,2,10,5,0,300,0.5,1700,0.5,2
13,11,665,0,0,500,0.6,1000,0.2,1400,0.2,1
13,12,275,0,0,500,0.6,1000,0.2,1400,0.2,0
13,13,683,1,0,500,0.6,1000,0.2,1400,0.2,2
13,14,987,2,10,5,0,500,0.6,1000,0.2,1400,0.2,2
13,15,514,1,0,500,0.6,1000,0.2,1400,0.2,2
13,16,632,1,0,300,0.5,1700,0.5,0
13,17,978,0,0,500,0.6,1000,0.2,1400,0.2,1
13,18,620,2,10,5,0,300,0.5,1700,0.5,1
13,19,658,0,0,500,0.6,1000,0.2,1400,0.2,1
14,0,239,1,0,500,0.6,1000,0.2,1400,0.2,0
14,1,557,0,0,500,0.6,1000,0.2,1400,0.2,0
14,2,94,1,0,300,0.5,1700,0.5,2
14,3,824,1,0,300,0.5,1700,0.5,1
14,4,112,1,0,500,0.6,1000,0.2,1400,0.2,0
14,5,177,2,10,5,0,300,0.5,1700,0.5,1
14,6,596,0,0,500,0.6,1000,0.2,1400,0.2,2
14,7,305,1,0,500,0.6,1000,0.2,1400,0.2,2
14,8,703,1,0,300,0.5,1700,0.5,0
14,9,139,1,0,500,0.6,1000,0.2,1400,0.2,1
14,10,65,0,0,300,0.5,1700,0.5,2
14,11,780,1,0,300,0.5,1700,0.5,2
14,12,550,0,0,300,0.5,1700,0.5,1
14,13,979,1,0,500,0.6,1000,0.2,1400,0.2,2
14,14,115,2,10,5,0,300,0.5,1700,0.5,2
14,15,558,0,0,500,0.6,1000,0.2,1400,0.2,0
14,16,545,0,0,500,0.6,1000,0.2,1400,0.2,2
14,17,775,2,10,5,0,500,0.6,1000,0.2,1400,0.2,0
14,18,794,1,0,300,0.5,1700,0.5,0
14,19,664,0,0,300,0.5,1700,0.5,1
15,0,390,1,0,300,0.5,1700,0.5,1
15,1,788,1,0,300,0.5,1700,0.5,2
15,2,950,1,0,500,0.6,1000,0.2,1400,0.2,2
15,3,602,2,10,5,0,500,0.6,1000,0.2,1400,0.2,0
15,4,411,0,0,300,0.5,1700,0.5,1
15,5,105,2,10,5,0,300,0.5,1700,0.5,1
15,6,758,1,0,500,0.6,1000,0.2,1400,0.2,2
15,7,811,0,0,500,0.6,1000,0.2,1400,0.2,2
15,8,765,0,0,300,0.5,1700,0.5,2
15,9,856,1,0,500,0.6,1000,0.2,1400,0.2,2
15,10,976,2,10,5,0,300,0.5,1700,0.5,0
15,11,594,2,10,5,0,500,0.6,1000,0.2,1400,0.2,1
15,12,850,2,10,5,0,300,0.5,1700,0.5,2
15,13,612,1,0,300,0.5,1700,0.5,2
15,14,988,1,0,500,0.6,1000,0.2,1400,0.2,1
15,15,581,1,0,500,0.6,1000,0.2,1400,0.2,2
15,16,739,2,10,5,0,500,0.6,1000,0.2,1400,0.2,1
15,17,393,2,10,5,0,500,0.6,1000,0.2,1400,0.2,1
15,18,801,2,10,5,0,500,0.6,1000,0.2,1400,0.2,0
15,19,712,2,10,5,0,300,0.5,1700,0.5,2
16,0,184,2,10,5,0,500,0.6,1000,0.2,1400,0.2,2
16,1,481,2,10,5,0,300,0.5,1700,0.5,2
16,2,66,2,10,5,0,500,0.6,1000,0.2,1400,0.2,1
16,3,603,0,0,300,0.5,1700,0.5,0
16,4,207,2,10,5,0,500,0.6,1000,0.2,1400,0.2,2
16,5,366,1,0,300,0.5,1700,0.5,2
16,6,542,2,10,5,0,500,0.6,1000,0.2,1400,0.2,2
16,7,615,0,0,500,0.6,1000,0.2,1400,0.2,1
16,8,95,0,0,300,0.5,1700,0.5,0
16,9,79,1,0,300,0.5,1700,0.5,1
16,10,809,2,10,5,0,500,0.6,1000,0.2,1400,0.2,1
16,11,848,2,10,5,0,300,0.5,1700,0.5,1
16,12,629,0,0,300,0.5,1700,0.5,2
16,13,280,0,0,300,0.5,1700,0.5,2
16,14,859,0,0,500,0.6,1000,0.2,1400,0.2,2
16,15,533,2,10,5,0,500,0.6,1000,0.2,1400,0.2,2
16,16,431,1,0,500,0.6,1000,0.2,1400,0.2,2
16,17,398,0,0,500,0.6,1000,0.2,1400,0.2,2
16,18,884,0,0,500,0.6,1000,0.2,1400,0.2,2
16,19,923,0,0,300,0.5,1700,0.5,0
17,0,694,2,10,5,0,500,0.6,1000,0.2,1400,0.2,0
17,1,791,1,0,300,0.5,1700,0.5,0
17,2,494,1,0,300,0.5,1700,0.5,2
17,3,467,2,10,5,0,500,0.6,1000,0.2,1400,0.2,1
17,4,133,2,10,5,0,300,0.5,1700,0.5,2
17,5,528,0,0,300,0.5,1700,0.5,2
17,6,787,0,0,300,0.5,1700,0.5,0
17,7,565,1,0,500,0.6,1000,0.2,1400,0.2,2
17,8,418,2,10,5,0,300,0.5,1700,0.5,0
17,9,60,1,0,500,0.6,1000,0.2,1400,0.2,0
17,10,842,1,0,500,0.6,1000,0.2,1400,0.2,2
17,11,61,1,0,500,0.6,1000,0.2,1400,0.2,2
17,12,212,2,10,5,0,500,0.6,1000,0.2,1400,0.2,1
17,13,991,1,0,500,0.6,1000,0.2,1400,0.2,2
17,14,216,0,0,300,0.5,1700,0.5,0
17,15,14,0,0,500,0.6,1000,0.2,1400,0.2,0
17,16,557,2,10,5,0,300,0.5,1700,0.5,1
17,17,651,2,10,5,0,500,0.6,1000,0.2,1400,0.2,0
17,18,341,1,0,500,0.6,1000,0.2,1400,0.2,0
17,19,702,0,0,300,0.5,1700,0.5,2
18,0,851,0,0,300,0.5,1700,0.5,2
18,1,196,2,10,5,0,300,0.5,1700,0.5,0
18,2,710,0,0,500,0.6,1000,0.2,1400,0.2,2
18,3,171,2,10,5,0,500,0.6,1000,0.2,1400,0.2,1
18,4,156,1,0,300,0.5,1700,0.5,2
18,5,395,1,0,500,0.6,1000,0.2,1400,0.2,0
18,6,813,1,0,500,0.6,1000,0.2,1400,0.2,0
18,7,699,2,10,5,0,300,0.5,1700,0.5,2
18,8,276,0,0,300,0.5,1700,0.5,0
18,9,480,0,0,300,0.5,1700,0.5,0
18,10,24,0,0,500,0.6,1000,0.2,1400,0.2,2
18,11,939,1,0,300,0.5,1700,0.5,0
18,12,133,1,0,300,0.5,1700,0.5,1
18,13,600,2,10,5,0,300,0.5,1700,0.5,1
18,14,982,1,0,500,0.6,1000,0.2,1400,0.2,0
18,15,906,0,0,500,0.6,1000,0.2,1400,0.2,2
18,16,84,1,0,300,0.5,1700,0.5,1
18,17,408,1,0,500,0.6,1000,0.2,1400,0.2,0
18,18,370,0,0,500,0.6,1000,0.2,1400,0.2,0
18,19,237,0,0,300,0.5,1700,0.5,0
19,0,741,1,0,300,0.5,1700,0.5,2
19,1,30,2,10,5,0,500,0.6,1000,0.2,1400,0.2,0
19,2,471,0,0,300,0.5,1700,0.5,0
19,3,851,1,0,500,0.6,1000,0.2,1400,0.2,1
19,4,461,1,0,500,0.6,1000,0.2,1400,0.2,0
19,5,248,0,0,500,0.6,1000,0.2,1400,0.2,0
19,6,349,2,10,5,0,500,0.6,1000,0.2,1400,0.2,2
19,7,956,2,10,5,0,300,0.5,1700,0.5,0
19,8,506,2,10,5,0,500,0.6,1000,0.2,1400,0.2,0
19,9,213,2,10,5,0,300,0.5,1700,0.5,0
19,10,921,0,0,300,0.5,1700,0.5,2
19,11,139,1,0,500,0.6,1000,0.2,1400,0.2,0
19,12,17,0,0,300,0.5,1700,0.5,1
19,13,359,2,10,5,0,300,0.5,1700,0.5,0
19,14,517,1,0,300,0.5,1700,0.5,2
19,15,355,2,10,5,0,500,0.6,1000,0.2,1400,0.2,2
19,16,852,0,0,500,0.6,1000,0.2,1400,0.2,2
19,17,730,1,0,300,0.5,1700,0.5,0
19,18,659,1,0,500,0.6,1000,0.2,1400,0.2,1
19,19,87,0,0,300,0.5,1700,0.5,2
