0,0,798,0,0,300,0.5,1700,0.5,0
0,1,716,0,0,300,0.5,1700,0.5,2
0,2,539,1,0,300,0.5,1700,0.5,0
0,3,653,2,10,5,0,300,0.5,1700,0.5,1
0,4,462,2,10,5,0,500,0.6,1000,0.2,1400,0.2,2
0,5,785,2,10,5,0,500,0.6,1000,0.2,1400,0.2,2
0,6,822,2,10,5,0,500,0.6,1000,0.2,1400,0.2,2
0,7,190,1,0,500,0.6,1000,0.2,1400,0.2,2
0,8,60,2,10,5,0,500,0.6,1000,0.2,1400,0.2,2
0,9,586,2,10,5,0,300,0.5,1700,0.5,2
0,10,822,2,10,5,0,300,0.5,1700,0.5,0
0,11,170,0,0,300,0.5,1700,0.5,2
0,12,946,0,0,300,0.5,1700,0.5,0
0,13,686,1,0,500,0.6,1000,0.2,1400,0.2,1
0,14,966,2,10,5,0,300,0.5,1700,0.5,1
0,15,912,0,0,500,0.6,1000,0.2,1400,0.2,1
0,16,595,1,0,500,0.6,1000,0.2,1400,0.2,1
0,17,716,0,0,500,0.6,1000,0.2,1400,0.2,0
0,18,558,0,0,300,0.5,1700,0.5,2
0,19,885,2,10,5,0,500,0.6,1000,0.2,1400,0.2,1
1,0,492,1,0,300,0.5,1700,0.5,0
1,1,328,2,10,5,0,500,0.6,1000,0.2,1400,0.2,2
1,2,236,0,0,500,0.6,1000,0.2,1400,0.2,0
1,3,875,0,0,300,0.5,1700,0.5,2
1,4,328,0,0,300,0.5,1700,0.5,0
1,5,258,1,0,300,0.5,1700,0.5,1
1,6,650,2,10,5,0,300,0.5,1700,0.5,1
1,7,988,1,0,500,0.6,1000,0.2,1400,0.2,0
1,8,510,1,0,500,0.6,1000,0.2,1400,0.2,2
1,9,310,0,0,500,0.6,1000,0.2,1400,0.2,2
1,10,874,2,10,5,0,500,0.6,1000,0.2,1400,0.2,0
1,11,90,0,0,500,0.6,1000,0.2,1400,0.2,2
1,12,313,1,0,300,0.5,1700,0.5,0
1,13,386,2,10,5,0,500,0.6,1000,0.2,1400,0.2,2
1,14,371,1,0,300,0.5,1700,0.5,2
1,15,835,2,10,5,0,500,0.6,1000,0.2,1400,0.2,0
1,16,727,2,10,5,0,500,0.6,1000,0.2,1400,0.2,1
1,17,829,2,10,5,0,300,0.5,1700,0.5,2
1,18,366,2,10,5,0,500,0.6,1000,0.2,1400,0.2,0
1,19,303,2,10,5,0,300,0.5,1700,0.5,1
2,0,473,0,0,300,0.5,1700,0.5,1
2,1,847,0,0,300,0.5,1700,0.5,2
2,2,554,1,0,300,0.5,1700,0.5,2
2,3,447,0,0,500,0.6,1000,0.2,1400,0.2,1
2,4,215,1,0,300,0.5,1700,0.5,2
2,5,726,0,0,500,0.6,1000,0.2,1400,0.2,2
2,6,722,2,10,5,0,300,0.5,1700,0.5,0
2,7,860,1,0,500,0.6,1000,0.2,1400,0.2,0
2,8,848,0,0,500,0.6,1000,0.2,1400,0.2,1
2,9,135,2,10,5,0,300,0.5,1700,0.5,2
2,10,733,0,0,500,0.6,1000,0.2,1400,0.2,1
2,11,74,1,0,300,0.5,1700,0.5,2
2,12,725,2,10,5,0,500,0.6,1000,0.2,1400,0.2,2
2,13,911,1,0,300,0.5,1700,0.5,0
2,14,568,1,0,300,0.5,1700,0.5,0
2,15,916,1,0,500,0.6,1000,0.2,1400,0.2,0
2,16,789,0,0,500,0.6,1000,0.2,1400,0.2,0
2,17,281,2,10,5,0,500,0.6,1000,0.2,1400,0.2,0
2,18,842,2,10,5,0,500,0.6,1000,0.2,1400,0.2,1
2,19,238,1,0,500,0.6,1000,0.2,1400,0.2,2
3,0,620,2,10,5,0,300,0.5,1700,0.5,0
3,1,989,1,0,300,0.5,1700,0.5,0
3,2,343,2,10,5,0,300,0.5,1700,0.5,0
3,3,824,2,10,5,0,500,0.6,1000,0.2,1400,0.2,1
3,4,381,0,0,500,0.6,1000,0.2,1400,0.2,1
3,5,163,0,0,300,0.5,1700,0.5,2
3,6,774,2,10,5,0,300,0.5,1700,0.5,2
3,7,238,1,0,500,0.6,1000,0.2,1400,0.2,2
3,8,884,2,10,5,0,500,0.6,1000,0.2,1400,0.2,0
3,9,419,1,0,300,0.5,1700,0.5,1
3,10,89,1,0,300,0.5,1700,0.5,1
3,11,473,2,10,5,0,300,0.5,1700,0.5,2
3,12,534,0,0,300,0.5,1700,0.5,2
3,13,520,2,10,5,0,300,0.5,1700,0.5,2
3,14,428,2,10,5,0,500,0.6,1000,0.2,1400,0.2,2
3,15,225,0,0,300,0.5,1700,0.5,0
3,16,234,0,0,300,0.5,1700,0.5,2
3,17,321,1,0,500,0.6,1000,0.2,1400,0.2,1
3,18,534,2,10,5,0,300,0.5,1700,0.5,0
3,19,212,1,0,300,0.5,1700,0.5,1
4,0,533,1,0,300,0.5,1700,0.5,1
4,1,488,0,0,300,0.5,1700,0.5,1
4,2,759,1,0,500,0.6,1000,0.2,1400,0.2,0
4,3,644,0,0,300,0.5,1700,0.5,0
4,4,354,0,0,500,0.6,1000,0.2,1400,0.2,1
4,5,536,1,0,500,0.6,1000,0.2,1400,0.2,2
4,6,154,0,0,300,0.5,1700,0.5,0
4,7,895,1,0,300,0.5,1700,0.5,1
4,8,676,0,0,300,0.5,1700,0.5,1
4,9,180,1,0,500,0.6,1000,0.2,1400,0.2,1
4,10,605,1,0,500,0.6,1000,0.2,1400,0.2,1
4,11,485,2,10,5,0,300,0.5,1700,0.5,0
4,12,280,0,0,500,0.6,1000,0.2,1400,0.2,2
4,13,989,1,0,300,0.5,1700,0.5,0
4,14,69,1,0,300,0.5,1700,0.5,0
4,15,488,0,0,300,0.5,1700,0.5,0
4,16,732,0,0,300,0.5,1700,0.5,2
4,17,762,0,0,500,0.6,1000,0.2,1400,0.2,0
4,18,491,1,0,300,0.5,1700,0.5,1
4,19,367,1,0,500,0.6,1000,0.2,1400,0.2,0
5,0,362,1,0,300,0.5,1700,0.5,0
5,1,781,1,0,300,0.5,1700,0.5,2
5,2,686,0,0,500,0.6,1000,0.2,1400,0.2,0
5,3,282,1,0,500,0.6,1000,0.2,1400,0.2,1
5,4,395,2,10,5,0,500,0.6,1000,0.2,1400,0.2,1
5,5,478,2,10,5,0,300,0.5,1700,0.5,0
5,6,160,2,10,5,0,300,0.5,1700,0.5,0
5,7,160,0,0,500,0.6,1000,0.2,1400,0.2,1
5,8,466,2,10,5,0,300,0.5,1700,0.5,1
5,9,283,2,10,5,0,300,0.5,1700,0.5,1
5,10,54,1,0,300,0.5,1700,0.5,1
5,11,969,0,0,500,0.6,1000,0.2,1400,0.2,1
5,12,298,1,0,300,0.5,1700,0.5,0
5,13,43,1,0,300,0.5,1700,0.5,0
5,14,501,2,10,5,0,500,0.6,1000,0.2,1400,0.2,0
5,15,604,1,0,500,0.6,1000,0.2,1400,0.2,1
5,16,651,1,0,300,0.5,1700,0.5,2
5,17,631,2,10,5,0,500,0.6,1000,0.2,1400,0.2,0
5,18,622,2,10,5,0,300,0.5,1700,0.5,0
5,19,757,0,0,500,0.6,1000,0.2,1400,0.2,0
6,0,831,2,10,5,0,500,0.6,1000,0.2,1400,0.2,1
6,1,183,2,10,5,0,500,0.6,1000,0.2,1400,0.2,0
6,2,88,2,10,5,0,300,0.5,1700,0.5,2
6,3,231,0,0,300,0.5,1700,0.5,0
6,4,651,2,10,5,0,500,0.6,1000,0.2,1400,0.2,2
6,5,483,2,10,5,0,500,0.6,1000,0.2,1400,0.2,2
6,6,521,1,0,300,0.5,1700,0.5,2
6,7,601,1,0,300,0.5,1700,0.5,2
6,8,544,1,0,300,0.5,1700,0.5,2
6,9,574,1,0,300,0.5,1700,0.5,0
6,10,901,0,0,300,0.5,1700,0.5,0
6,11,676,2,10,5,0,300,0.5,1700,0.5,0
6,12,211,0,0,500,0.6,1000,0.2,1400,0.2,2
6,13,586,1,0,500,0.6,1000,0.2,1400,0.2,2
6,14,10,0,0,500,0.6,1000,0.2,1400,0.2,2
6,15,698,0,0,300,0.5,1700,0.5,0
6,16,782,1,0,500,0.6,1000,0.2,1400,0.2,0
6,17,350,2,10,5,0,300,0.5,1700,0.5,1
6,18,421,0,0,300,0.5,1700,0.5,1
6,19,125,1,0,500,0.6,1000,0.2,1400,0.2,2
7,0,320,2,10,5,0,300,0.5,1700,0.5,0
7,1,100,2,10,5,0,500,0.6,1000,0.2,1400,0.2,1
7,2,85,2,10,5,0,300,0.5,1700,0.5,2
7,3,885,1,0,300,0.5,1700,0.5,2
7,4,405,1,0,300,0.5,1700,0.5,1
7,5,79,2,10,5,0,500,0.6,1000,0.2,1400,0.2,1
7,6,970,0,0,500,0.6,1000,0.2,1400,0.2,2
7,7,545,0,0,300,0.5,1700,0.5,2
7,8,996,0,0,300,0.5,1700,0.5,0
7,9,788,0,0,500,0.6,1000,0.2,1400,0.2,1
7,10,595,0,0,300,0.5,1700,0.5,0
7,11,647,1,0,500,0.6,1000,0.2,1400,0.2,1
7,12,138,1,0,500,0.6,1000,0.2,1400,0.2,1
7,13,163,2,10,5,0,300,0.5,1700,0.5,2
7,14,272,1,0,500,0.6,1000,0.2,1400,0.2,1
7,15,319,1,0,300,0.5,1700,0.5,2
7,16,583,2,10,5,0,300,0.5,1700,0.5,0
7,17,431,0,0,500,0.6,1000,0.2,1400,0.2,1
7,18,56,1,0,500,0.6,1000,0.2,1400,0.2,0
7,19,197,2,10,5,0,300,0.5,1700,0.5,2
8,0,962,0,0,300,0.5,1700,0.5,2
8,1,949,0,0,300,0.5,1700,0.5,0
8,2,688,1,0,500,0.6,1000,0.2,1400,0.2,1
8,3,784,2,10,5,0,300,0.5,1700,0.5,1
8,4,695,0,0,500,0.6,1000,0.2,1400,0.2,0
8,5,283,0,0,500,0.6,1000,0.2,1400,0.2,1
8,6,611,1,0,300,0.5,1700,0.5,0
8,7,783,1,0,300,0.5,1700,0.5,1
8,8,623,1,0,300,0.5,1700,0.5,2
8,9,248,1,0,500,0.6,1000,0.2,1400,0.2,1
8,10,29,2,10,5,0,300,0.5,1700,0.5,0
8,11,42,0,0,500,0.6,1000,0.2,1400,0.2,2
8,12,329,2,10,5,0,300,0.5,1700,0.5,2
8,13,774,2,10,5,0,300,0.5,1700,0.5,2
8,14,181,0,0,300,0.5,1700,0.5,1
8,15,119,2,10,5,0,300,0.5,1700,0.5,2
8,16,419,2,10,5,0,500,0.6,1000,0.2,1400,0.2,1
8,17,16,0,0,300,0.5,1700,0.5,1
8,18,78,2,10,5,0,500,0.6,1000,0.2,1400,0.2,2
8,19,324,2,10,5,0,500,0.6,1000,0.2,1400,0.2,1
9,0,938,1,0,300,0.5,1700,0.5,2
9,1,943,0,0,500,0.6,1000,0.2,1400,0.2,1
9,2,918,2,10,5,0,300,0.5,1700,0.5,0
9,3,919,1,0,500,0.6,1000,0.2,1400,0.2,0
9,4,744,2,10,5,0,500,0.6,1000,0.2,1400,0.2,2
9,5,971,1,0,300,0.5,1700,0.5,1
9,6,214,2,10,5,0,500,0.6,1000,0.2,1400,0.2,2
9,7,201,2,10,5,0,300,0.5,1700,0.5,0
9,8,299,2,10,5,0,500,0.6,1000,0.2,1400,0.2,2
9,9,476,0,0,500,0.6,1000,0.2,1400,0.2,1
9,10,922,1,0,500,0.6,1000,0.2,1400,0.2,0
9,11,174,0,0,300,0.5,1700,0.5,2
9,12,398,1,0,300,0.5,1700,0.5,0
9,13,100,2,10,5,0,300,0.5,1700,0.5,0
9,14,648,1,0,500,0.6,1000,0.2,1400,0.2,0
9,15,206,2,10,5,0,300,0.5,1700,0.5,2
9,16,223,2,10,5,0,300,0.5,1700,0.5,0
9,17,930,2,10,5,0,500,0.6,1000,0.2,1400,0.2,2
9,18,474,0,0,500,0.6,1000,0.2,1400,0.2,2
9,19,695,2,10,5,0,300,0.5,1700,0.5,1
10,0,46,1,0,300,0.5,1700,0.5,2
10,1,340,0,0,500,0.6,1000,0.2,1400,0.2,0
10,2,767,1,0,300,0.5,1700,0.5,2
10,3,938,2,10,5,0,500,0.6,1000,0.2,1400,0.2,1
10,4,20,0,0,500,0.6,1000,0.2,1400,0.2,0
10,5,554,2,10,5,0,300,0.5,1700,0.5,1
10,6,214,2,10,5,0,500,0.6,1000,0.2,1400,0.2,0
10,7,466,2,10,5,0,500,0.6,1000,0.2,1400,0.2,1
10,8,661,0,0,500,0.6,1000,0.2,1400,0.2,0
10,9,686,1,0,500,0.6,1000,0.2,1400,0.2,0
10,10,238,2,10,5,0,500,0.6,1000,0.2,1400,0.2,0
10,11,395,2,10,5,0,300,0.5,1700,0.5,1
10,12,417,1,0,500,0.6,1000,0.2,1400,0.2,1
10,13,770,0,0,300,0.5,1700,0.5,2
10,14,507,0,0,500,0.6,1000,0.2,1400,0.2,2
10,15,830,2,10,5,0,300,0.5,1700,0.5,2
10,16,251,1,0,300,0.5,1700,0.5,2
10,17,862,1,0,300,0.5,1700,0.5,1
10,18,538,0,0,300,0.5,1700,0.5,1
10,19,411,1,0,500,0.6,1000,0.2,1400,0.2,2
11,0,804,1,0,300,0.5,1700,0.5,0
11,1,413,2,10,5,0,500,0.6,1000,0.2,1400,0.2,1
11,2,87,2,10,5,0,300,0.5,1700,0.5,2
11,3,289,2,10,5,0,300,0.5,1700,0.5,1
11,4,243,1,0,500,0.6,1000,0.2,1400,0.2,2
11,5,222,2,10,5,0,300,0.5,1700,0.5,0
11,6,106,2,10,5,0,300,0.5,1700,0.5,0
11,7,231,1,0,300,0.5,1700,0.5,0
11,8,141,1,0,300,0.5,1700,0.5,0
11,9,567,1,0,300,0.5,1700,0.5,0
11,10,770,0,0,300,0.5,1700,0.5,1
11,11,68,1,0,300,0.5,1700,0.5,2
11,12,797,2,10,5,0,300,0.5,1700,0.5,2
11,13,523,2,10,5,0,500,0.6,1000,0.2,1400,0.2,0
11,14,630,0,0,300,0.5,1700,0.5,0
11,15,697,1,0,300,0.5,1700,0.5,1
11,16,327,1,0,300,0.5,1700,0.5,2
11,17,702,0,0,300,0.5,1700,0.5,2
11,18,278,2,10,5,0,300,0.5,1700,0.5,1
11,19,750,1,0,300,0.5,1700,0.5,1
12,0,458,0,0,300,0.5,1700,0.5,1
12,1,151,2,10,5,0,300,0.5,1700,0.5,2
12,2,447,1,0,500,0.6,1000,0.2,1400,0.2,2
12,3,448,2,10,5,0,500,0.6,1000,0.2,1400,0.2,1
12,4,218,0,0,300,0.5,1700,0.5,0
12,5,446,1,0,500,0.6,1000,0.2,1400,0.2,1
12,6,452,1,0,500,0.6,1000,0.2,1400,0.2,1
12,7,951,2,10,5,0,500,0.6,1000,0.2,1400,0.2,0
12,8,468,1,0,500,0.6,1000,0.2,1400,0.2,2
12,9,52,0,0,300,0.5,1700,0.5,1
12,10,92,0,0,300,0.5,1700,0.5,0
12,11,775,0,0,500,0.6,1000,0.2,1400,0.2,0
12,12,360,2,10,5,0,500,0.6,1000,0.2,1400,0.2,2
12,13,621,0,0,300,0.5,1700,0.5,0
12,14,718,2,10,5,0,300,0.5,1700,0.5,0
12,15,474,2,10,5,0,300,0.5,1700,0.5,2
12,16,769,1,0,300,0.5,1700,0.5,0
12,17,357,1,0,300,0.5,1700,0.5,1
12,18,572,0,0,300,0.5,1700,0.5,2
12,19,798,1,0,500,0.6,1000,0.2,1400,0.2,0
13,0,564,2,10,5,0,300,0.5,1700,0.5,0
13,1,597,0,0,500,0.6,1000,0.2,1400,0.2,1
13,2,101,1,0,300,0.5,1700,0.5,1
13,3,173,0,0,500,0.6,1000,0.2,1400,0.2,1
13,4,710,1,0,300,0.5,1700,0.5,1
13,5,445,0,0,500,0.6,1000,0.2,1400,0.2,2
13,6,157,1,0,300,0.5,1700,0.5,2
13,7,108,0,0,300,0.5,1700,0.5,2
13,8,670,2,10,5,0,500,0.6,1000,0.2,1400,0.2,1
13,9,284,2,10,5,0,500,0.6,1000,0.2,1400,0.2,1
13,10,809,0,0,300,0.5,1700,0.5,0
13,11,848,1,0,500,0.6,1000,0.2,1400,0.2,2
13,12,648,0,0,500,0.6,1000,0.2,1400,0.2,1
13,13,257,2,10,5,0,500,0.6,1000,0.2,1400,0.2,0
13,14,474,2,10,5,0,300,0.5,1700,0.5,1
13,15,913,1,0,300,0.5,1700,0.5,2
13,16,507,0,0,300,0.5,1700,0.5,0
13,17,19,1,0,500,0.6,1000,0.2,1400,0.2,2
13,18,520,1,0,500,0.6,1000,0.2,1400,0.2,2
13,19,94,2,10,5,0,300,0.5,1700,0.5,2
14,0,465,1,0,300,0.5,1700,0.5,2
14,1,201,1,0,500,0.6,1000,0.2,1400,0.2,1
14,2,495,2,10,5,0,300,0.5,1700,0.5,0
14,3,691,2,10,5,0,500,0.6,1000,0.2,1400,0.2,2
14,4,990,0,0,500,0.6,1000,0.2,1400,0.2,2
14,5,520,2,10,5,0,300,0.5,1700,0.5,1
14,6,651,0,0,500,0.6,1000,0.2,1400,0.2,0
14,7,492,0,0,500,0.6,1000,0.2,1400,0.2,1
14,8,468,0,0,300,0.5,1700,0.5,0
14,9,732,0,0,500,0.6,1000,0.2,1400,0.2,2
14,10,631,2,10,5,0,300,0.5,1700,0.5,1
14,11,781,1,0,500,0.6,1000,0.2,1400,0.2,2
14,12,890,0,0,300,0.5,1700,0.5,0
14,13,366,2,10,5,0,300,0.5,1700,0.5,2
14,14,950,2,10,5,0,300,0.5,1700,0.5,1
14,15,710,1,0,500,0.6,1000,0.2,1400,0.2,1
14,16,403,2,10,5,0,300,0.5,1700,0.5,0
14,17,275,1,0,300,0.5,1700,0.5,1
14,18,678,2,10,5,0,300,0.5,1700,0.5,0
14,19,164,0,0,300,0.5,1700,0.5,1
15,0,710,1,0,300,0.5,1700,0.5,0
15,1,356,2,10,5,0,300,0.5,1700,0.5,0
15,2,256,1,0,500,0.6,1000,0.2,1400,0.2,2
15,3,930,0,0,300,0.5,1700,0.5,0
15,4,430,0,0,500,0.6,1000,0.2,1400,0.2,2
15,5,929,2,10,5,0,500,0.6,1000,0.2,1400,0.2,2
15,6,459,2,10,5,0,300,0.5,1700,0.5,2
15,7,403,2,10,5,0,500,0.6,1000,0.2,1400,0.2,0
15,8,814,0,0,500,0.6,1000,0.2,1400,0.2,1
15,9,627,0,0,300,0.5,1700,0.5,2
15,10,674,2,10,5,0,300,0.5,1700,0.5,0
15,11,666,2,10,5,0,500,0.6,1000,0.2,1400,0.2,1
15,12,380,0,0,500,0.6,1000,0.2,1400,0.2,0
15,13,333,0,0,300,0.5,1700,0.5,1
15,14,255,0,0,300,0.5,1700,0.5,2
15,15,487,2,10,5,0,300,0.5,1700,0.5,2
15,16,589,1,0,500,0.6,1000,0.2,1400,0.2,2
15,17,682,0,0,300,0.5,1700,0.5,1
15,18,648,2,10,5,0,500,0.6,1000,0.2,1400,0.2,1
15,19,832,0,0,500,0.6,1000,0.2,1400,0.2,2
16,0,881,2,10,5,0,300,0.5,1700,0.5,1
16,1,850,1,0,500,0.6,1000,0.2,1400,0.2,2
16,2,248,0,0,300,0.5,1700,0.5,1
16,3,818,1,0,500,0.6,1000,0.2,1400,0.2,1
16,4,673,1,0,500,0.6,1000,0.2,1400,0.2,1
16,5,965,0,0,300,0.5,1700,0.5,2
16,6,390,1,0,500,0.6,1000,0.2,1400,0.2,0
16,7,655,2,10,5,0,500,0.6,1000,0.2,1400,0.2,2
16,8,363,1,0,300,0.5,1700,0.5,0
16,9,22,2,10,5,0,500,0.6,1000,0.2,1400,0.2,0
16,10,897,0,0,300,0.5,1700,0.5,1
16,11,944,2,10,5,0,300,0.5,1700,0.5,2
16,12,699,2,10,5,0,500,0.6,1000,0.2,1400,0.2,2
16,13,265,0,0,500,0.6,1000,0.2,1400,0.2,0
16,14,925,2,10,5,0,500,0.6,1000,0.2,1400,0.2,0
16,15,181,0,0,500,0.6,1000,0.2,1400,0.2,0
16,16,676,2,10,5,0,300,0.5,1700,0.5,0
16,17,174,1,0,500,0.6,1000,0.2,1400,0.2,0
16,18,356,0,0,500,0.6,1000,0.2,1400,0.2,2
16,19,211,2,10,5,0,300,0.5,1700,0.5,2
17,0,714,1,0,500,0.6,1000,0.2,1400,0.2,0
17,1,48,2,10,5,0,300,0.5,1700,0.5,0
17,2,171,2,10,5,0,300,0.5,1700,0.5,2
17,3,356,2,10,5,0,300,0.5,1700,0.5,2
17,4,393,1,0,300,0.5,1700,0.5,0
17,5,473,2,10,5,0,500,0.6,1000,0.2,1400,0.2,2
17,6,264,1,0,300,0.5,1700,0.5,1
17,7,534,2,10,5,0,300,0.5,1700,0.5,0
17,8,104,2,10,5,0,300,0.5,1700,0.5,2
17,9,403,0,0,500,0.6,1000,0.2,1400,0.2,0
17,10,538,2,10,5,0,300,0.5,1700,0.5,1
17,11,351,1,0,500,0.6,1000,0.2,1400,0.2,2
17,12,168,2,10,5,0,500,0.6,1000,0.2,1400,0.2,2
17,13,93,0,0,300,0.5,1700,0.5,0
17,14,302,0,0,500,0.6,1000,0.2,1400,0.2,2
17,15,857,2,10,5,0,500,0.6,1000,0.2,1400,0.2,1
17,16,937,1,0,500,0.6,1000,0.2,1400,0.2,2
17,17,683,1,0,300,0.5,1700,0.5,2
17,18,952,1,0,500,0.6,1000,0.2,1400,0.2,2
17,19,876,2,10,5,0,500,0.6,1000,0.2,1400,0.2,2
18,0,733,2,10,5,0,500,0.6,1000,0.2,1400,0.2,1
18,1,290,2,10,5,0,300,0.5,1700,0.5,1
18,2,785,2,10,5,0,500,0.6,1000,0.2,1400,0.2,0
18,3,833,0,0,500,0.6,1000,0.2,1400,0.2,2
18,4,952,1,0,300,0.5,1700,0.5,1
18,5,282,0,0,300,0.5,1700,0.5,0
18,6,685,1,0,300,0.5,1700,0.5,2
18,7,99,1,0,500,0.6,1000,0.2,1400,0.2,2
18,8,418,1,0,500,0.6,1000,0.2,1400,0.2,2
18,9,236,1,0,500,0.6,1000,0.2,1400,0.2,1
18,10,175,2,10,5,0,500,0.6,1000,0.2,1400,0.2,2
18,11,521,2,10,5,0,500,0.6,1000,0.2,1400,0.2,1
18,12,650,1,0,300,0.5,1700,0.5,2
18,13,226,1,0,500,0.6,1000,0.2,1400,0.2,1
18,14,759,0,0,500,0.6,1000,0.2,1400,0.2,0
18,15,432,1,0,300,0.5,1700,0.5,2
18,16,472,1,0,300,0.5,1700,0.5,2
18,17,660,2,10,5,0,500,0.6,1000,0.2,1400,0.2,2
18,18,946,2,10,5,0,500,0.6,1000,0.2,1400,0.2,1
18,19,214,1,0,300,0.5,1700,0.5,1
19,0,367,0,0,300,0.5,1700,0.5,0
19,1,824,1,0,500,0.6,1000,0.2,1400,0.2,2
19,2,14,1,0,300,0.5,1700,0.5,2
19,3,365,2,10,5,0,300,0.5,1700,0.5,1
19,4,208,2,10,5,0,500,0.6,1000,0.2,1400,0.2,1
19,5,376,1,0,300,0.5,1700,0.5,0
19,6,278,2,10,5,0,300,0.5,1700,0.5,1
19,7,594,1,0,300,0.5,1700,0.5,0
19,8,720,1,0,300,0.5,1700,0.5,1
19,9,511,1,0,500,0.6,1000,0.2,1400,0.2,1
19,10,372,1,0,300,0.5,1700,0.5,1
19,11,658,1,0,500,0.6,1000,0.2,1400,0.2,1
19,12,940,0,0,300,0.5,1700,0.5,0
19,13,528,0,0,300,0.5,1700,0.5,0
19,14,994,1,0,300,0.5,1700,0.5,2
19,15,776,1,0,500,0.6,1000,0.2,1400,0.2,2
19,16,742,0,0,500,0.6,1000,0.2,1400,0.2,2
19,17,712,2,10,5,0,500,0.6,1000,0.2,1400,0.2,1
19,18,819,0,0,500,0.6,1000,0.2,1400,0.2,2
19,19,817,2,10,5,0,300,0.5,1700,0.5,2
