0,0,102,0,0,300,0.5,1700,0.5,2
0,1,758,1,0,300,0.5,1700,0.5,0
0,2,568,1,0,500,0.6,1000,0.2,1400,0.2,0
0,3,217,2,10,5,0,500,0.6,1000,0.2,1400,0.2,0
0,4,342,1,0,500,0.6,1000,0.2,1400,0.2,2
0,5,431,1,0,300,0.5,1700,0.5,2
0,6,503,2,10,5,0,300,0.5,1700,0.5,2
0,7,929,1,0,300,0.5,1700,0.5,2
0,8,712,0,0,300,0.5,1700,0.5,2
0,9,453,0,0,300,0.5,1700,0.5,0
0,10,537,1,0,300,0.5,1700,0.5,1
0,11,428,0,0,500,0.6,1000,0.2,1400,0.2,1
0,12,65,1,0,500,0.6,1000,0.2,1400,0.2,0
0,13,813,2,10,5,0,500,0.6,1000,0.2,1400,0.2,1
0,14,45,0,0,300,0.5,1700,0.5,2
0,15,405,2,10,5,0,300,0.5,1700,0.5,0
0,16,105,0,0,300,0.5,1700,0.5,0
0,17,884,2,10,5,0,500,0.6,1000,0.2,1400,0.2,1
0,18,696,1,0,300,0.5,1700,0.5,0
0,19,448,0,0,300,0.5,1700,0.5,1
1,0,686,1,0,300,0.5,1700,0.5,0
1,1,315,0,0,300,0.5,1700,0.5,2
1,2,619,2,10,5,0,300,0.5,1700,0.5,0
1,3,778,0,0,500,0.6,1000,0.2,1400,0.2,1
1,4,518,1,0,300,0.5,1700,0.5,2
1,5,94,1,0,300,0.5,1700,0.5,1
1,6,629,2,10,5,0,300,0.5,1700,0.5,0
1,7,113,2,10,5,0,300,0.5,1700,0.5,2
1,8,710,2,10,5,0,300,0.5,1700,0.5,0
1,9,885,2,10,5,0,300,0.5,1700,0.5,1
1,10,948,0,0,300,0.5,1700,0.5,2
1,11,44,0,0,300,0.5,1700,0.5,1
1,12,784,0,0,500,0.6,1000,0.2,1400,0.2,0
1,13,969,0,0,300,0.5,1700,0.5,0
1,14,256,0,0,500,0.6,1000,0.2,1400,0.2,1
1,15,822,2,10,5,0,300,0.5,1700,0.5,0
1,16,438,2,10,5,0,300,0.5,1700,0.5,2
1,17,27,2,10,5,0,300,0.5,1700,0.5,2
1,18,458,0,0,300,0.5,1700,0.5,1
1,19,663,0,0,300,0.5,1700,0.5,0
2,0,81,2,10,5,0,500,0.6,1000,0.2,1400,0.2,2
2,1,102,1,0,300,0.5,1700,0.5,1
2,2,290,0,0,500,0.6,1000,0.2,1400,0.2,2
2,3,307,2,10,5,0,500,0.6,1000,0.2,1400,0.2,2
2,4,686,2,10,5,0,500,0.6,1000,0.2,1400,0.2,1
2,5,576,2,10,5,0,500,0.6,1000,0.2,1400,0.2,2
2,6,551,0,0,300,0.5,1700,0.5,0
2,7,384,1,0,300,0.5,1700,0.5,0
2,8,430,0,0,500,0.6,1000,0.2,1400,0.2,1
2,9,741,2,10,5,0,500,0.6,1000,0.2,1400,0.2,0
2,10,354,1,0,300,0.5,1700,0.5,0
2,11,562,0,0,300,0.5,1700,0.5,2
2,12,194,1,0,300,0.5,1700,0.5,0
2,13,200,0,0,500,0.6,1000,0.2,1400,0.2,0
2,14,817,0,0,300,0.5,1700,0.5,2
2,15,925,0,0,300,0.5,1700,0.5,2
2,16,76,1,0,500,0.6,1000,0.2,1400,0.2,0
2,17,541,0,0,500,0.6,1000,0.2,1400,0.2,0
2,18,20,0,0,500,0.6,1000,0.2,1400,0.2,2
2,19,869,2,10,5,0,500,0.6,1000,0.2,1400,0.2,0
3,0,157,0,0,500,0.6,1000,0.2,1400,0.2,2
3,1,909,2,10,5,0,500,0.6,1000,0.2,1400,0.2,0
3,2,873,1,0,300,0.5,1700,0.5,0
3,3,73,1,0,300,0.5,1700,0.5,0
3,4,20,1,0,500,0.6,1000,0.2,1400,0.2,1
3,5,783,0,0,500,0.6,1000,0.2,1400,0.2,0
3,6,806,2,10,5,0,500,0.6,1000,0.2,1400,0.2,0
3,7,512,1,0,300,0.5,1700,0.5,2
3,8,863,1,0,300,0.5,1700,0.5,2
3,9,649,0,0,500,0.6,1000,0.2,1400,0.2,2
3,10,363,1,0,300,0.5,1700,0.5,2
3,11,238,0,0,300,0.5,1700,0.5,1
3,12,330,1,0,300,0.5,1700,0.5,0
3,13,439,0,0,500,0.6,1000,0.2,1400,0.2,2
3,14,222,2,10,5,0,300,0.5,1700,0.5,1
3,15,171,0,0,500,0.6,1000,0.2,1400,0.2,0
3,16,123,0,0,500,0.6,1000,0.2,1400,0.2,1
3,17,417,2,10,5,0,500,0.6,1000,0.2,1400,0.2,1
3,18,281,1,0,500,0.6,1000,0.2,1400,0.2,0
3,19,440,2,10,5,0,500,0.6,1000,0.2,1400,0.2,1
4,0,684,2,10,5,0,300,0.5,1700,0.5,0
4,1,806,1,0,500,0.6,1000,0.2,1400,0.2,2
4,2,446,2,10,5,0,500,0.6,1000,0.2,1400,0.2,2
4,3,253,2,10,5,0,300,0.5,1700,0.5,1
4,4,954,2,10,5,0,500,0.6,1000,0.2,1400,0.2,0
4,5,429,0,0,300,0.5,1700,0.5,0
4,6,790,0,0,500,0.6,1000,0.2,1400,0.2,1
4,7,963,0,0,300,0.5,1700,0.5,1
4,8,316,1,0,300,0.5,1700,0.5,0
4,9,499,2,10,5,0,500,0.6,1000,0.2,1400,0.2,2
4,10,697,0,0,500,0.6,1000,0.2,1400,0.2,2
4,11,436,0,0,500,0.6,1000,0.2,1400,0.2,2
4,12,863,0,0,300,0.5,1700,0.5,1
4,13,533,2,10,5,0,300,0.5,1700,0.5,0
4,14,150,0,0,500,0.6,1000,0.2,1400,0.2,0
4,15,477,2,10,5,0,300,0.5,1700,0.5,0
4,16,645,1,0,500,0.6,1000,0.2,1400,0.2,1
4,17,702,2,10,5,0,300,0.5,1700,0.5,1
4,18,479,1,0,500,0.6,1000,0.2,1400,0.2,0
4,19,776,1,0,500,0.6,1000,0.2,1400,0.2,1
5,0,864,2,10,5,0,300,0.5,1700,0.5,2
5,1,675,0,0,500,0.6,1000,0.2,1400,0.2,2
5,2,619,1,0,500,0.6,1000,0.2,1400,0.2,2
5,3,946,0,0,300,0.5,1700,0.5,2
5,4,838,2,10,5,0,500,0.6,1000,0.2,1400,0.2,2
5,5,316,0,0,500,0.6,1000,0.2,1400,0.2,0
5,6,760,2,10,5,0,300,0.5,1700,0.5,2
5,7,623,1,0,300,0.5,1700,0.5,2
5,8,219,2,10,5,0,500,0.6,1000,0.2,1400,0.2,0
5,9,946,1,0,300,0.5,1700,0.5,1
5,10,182,1,0,300,0.5,1700,0.5,0
5,11,996,1,0,500,0.6,1000,0.2,1400,0.2,2
5,12,102,2,10,5,0,500,0.6,1000,0.2,1400,0.2,2
5,13,570,2,10,5,0,300,0.5,1700,0.5,2
5,14,895,1,0,500,0.6,1000,0.2,1400,0.2,1
5,15,982,2,10,5,0,300,0.5,1700,0.5,2
5,16,107,0,0,500,0.6,1000,0.2,1400,0.2,0
5,17,759,1,0,500,0.6,1000,0.2,1400,0.2,1
5,18,505,1,0,300,0.5,1700,0.5,2
5,19,540,2,10,5,0,500,0.6,1000,0.2,1400,0.2,1
6,0,486,2,10,5,0,300,0.5,1700,0.5,1
6,1,201,0,0,300,0.5,1700,0.5,0
6,2,255,0,0,300,0.5,1700,0.5,0
6,3,48,0,0,300,0.5,1700,0.5,0
6,4,795,2,10,5,0,300,0.5,1700,0.5,1
6,5,808,2,10,5,0,500,0.6,1000,0.2,1400,0.2,2
6,6,760,2,10,5,0,500,0.6,1000,0.2,1400,0.2,0
6,7,255,2,10,5,0,500,0.6,1000,0.2,1400,0.2,0
6,8,921,0,0,500,0.6,1000,0.2,1400,0.2,1
6,9,414,1,0,300,0.5,1700,0.5,1
6,10,766,2,10,5,0,300,0.5,1700,0.5,2
6,11,886,2,10,5,0,500,0.6,1000,0.2,1400,0.2,1
6,12,939,1,0,500,0.6,1000,0.2,1400,0.2,0
6,13,979,0,0,300,0.5,1700,0.5,2
6,14,426,1,0,300,0.5,1700,0.5,0
6,15,600,0,0,500,0.6,1000,0.2,1400,0.2,1
6,16,618,2,10,5,0,500,0.6,1000,0.2,1400,0.2,0
6,17,440,2,10,5,0,300,0.5,1700,0.5,1
6,18,772,1,0,500,0.6,1000,0.2,1400,0.2,0
6,19,558,1,0,300,0.5,1700,0.5,2
7,0,726,1,0,500,0.6,1000,0.2,1400,0.2,1
7,1,217,0,0,500,0.6,1000,0.2,1400,0.2,2
7,2,562,2,10,5,0,500,0.6,1000,0.2,1400,0.2,2
7,3,684,0,0,300,0.5,1700,0.5,0
7,4,767,2,10,5,0,300,0.5,1700,0.5,1
7,5,10,2,10,5,0,300,0.5,1700,0.5,0
7,6,784,0,0,500,0.6,1000,0.2,1400,0.2,0
7,7,961,2,10,5,0,300,0.5,1700,0.5,2
7,8,444,0,0,300,0.5,1700,0.5,0
7,9,90,0,0,300,0.5,1700,0.5,0
7,10,445,2,10,5,0,500,0.6,1000,0.2,1400,0.2,1
7,11,137,1,0,300,0.5,1700,0.5,1
7,12,363,1,0,500,0.6,1000,0.2,1400,0.2,1
7,13,275,2,10,5,0,500,0.6,1000,0.2,1400,0.2,1
7,14,161,2,10,5,0,500,0.6,1000,0.2,1400,0.2,2
7,15,399,0,0,300,0.5,1700,0.5,1
7,16,648,0,0,500,0.6,1000,0.2,1400,0.2,1
7,17,628,2,10,5,0,500,0.6,1000,0.2,1400,0.2,2
7,18,198,2,10,5,0,500,0.6,1000,0.2,1400,0.2,1
7,19,576,0,0,300,0.5,1700,0.5,1
8,0,989,1,0,500,0.6,1000,0.2,1400,0.2,2
8,1,123,0,0,500,0.6,1000,0.2,1400,0.2,1
8,2,1000,0,0,300,0.5,1700,0.5,0
8,3,888,2,10,5,0,500,0.6,1000,0.2,1400,0.2,2
8,4,20,0,0,500,0.6,1000,0.2,1400,0.2,0
8,5,885,2,10,5,0,500,0.6,1000,0.2,1400,0.2,0
8,6,130,0,0,300,0.5,1700,0.5,1
8,7,106,1,0,500,0.6,1000,0.2,1400,0.2,2
8,8,505,0,0,300,0.5,1700,0.5,2
8,9,909,2,10,5,0,500,0.6,1000,0.2,1400,0.2,2
8,10,945,2,10,5,0,300,0.5,1700,0.5,0
8,11,79,0,0,500,0.6,1000,0.2,1400,0.2,2
8,12,860,2,10,5,0,300,0.5,1700,0.5,2
8,13,822,0,0,500,0.6,1000,0.2,1400,0.2,2
8,14,807,0,0,300,0.5,1700,0.5,0
8,15,911,0,0,500,0.6,1000,0.2,1400,0.2,1
8,16,886,2,10,5,0,300,0.5,1700,0.5,1
8,17,422,2,10,5,0,500,0.6,1000,0.2,1400,0.2,2
8,18,518,0,0,500,0.6,1000,0.2,1400,0.2,0
8,19,148,0,0,300,0.5,1700,0.5,2
9,0,410,1,0,300,0.5,1700,0.5,2
9,1,626,0,0,300,0.5,1700,0.5,0
9,2,517,0,0,500,0.6,1000,0.2,1400,0.2,0
9,3,664,2,10,5,0,500,0.6,1000,0.2,1400,0.2,2
9,4,596,1,0,500,0.6,1000,0.2,1400,0.2,1
9,5,732,2,10,5,0,300,0.5,1700,0.5,0
9,6,792,1,0,300,0.5,1700,0.5,1
9,7,157,1,0,300,0.5,1700,0.5,0
9,8,586,0,0,500,0.6,1000,0.2,1400,0.2,2
9,9,735,2,10,5,0,500,0.6,1000,0.2,1400,0.2,2
9,10,113,0,0,500,0.6,1000,0.2,1400,0.2,0
9,11,65,1,0,300,0.5,1700,0.5,2
9,12,256,2,10,5,0,500,0.6,1000,0.2,1400,0.2,1
9,13,640,1,0,300,0.5,1700,0.5,2
9,14,696,0,0,500,0.6,1000,0.2,1400,0.2,0
9,15,881,2,10,5,0,300,0.5,1700,0.5,1
9,16,893,1,0,300,0.5,1700,0.5,2
9,17,345,0,0,500,0.6,1000,0.2,1400,0.2,1
9,18,820,1,0,300,0.5,1700,0.5,1
9,19,108,1,0,500,0.6,1000,0.2,1400,0.2,0
10,0,841,1,0,500,0.6,1000,0.2,1400,0.2,1
10,1,89,0,0,300,0.5,1700,0.5,1
10,2,389,2,10,5,0,300,0.5,1700,0.5,2
10,3,877,2,10,5,0,500,0.6,1000,0.2,1400,0.2,2
10,4,566,2,10,5,0,300,0.5,1700,0.5,1
10,5,438,1,0,500,0.6,1000,0.2,1400,0.2,2
10,6,275,0,0,500,0.6,1000,0.2,1400,0.2,0
10,7,981,0,0,500,0.6,1000,0.2,1400,0.2,1
10,8,913,0,0,500,0.6,1000,0.2,1400,0.2,1
10,9,345,2,10,5,0,300,0.5,1700,0.5,0
10,10,90,2,10,5,0,500,0.6,1000,0.2,1400,0.2,0
10,11,286,1,0,500,0.6,1000,0.2,1400,0.2,2
10,12,690,0,0,300,0.5,1700,0.5,0
10,13,709,0,0,300,0.5,1700,0.5,2
10,14,820,2,10,5,0,500,0.6,1000,0.2,1400,0.2,0
10,15,891,2,10,5,0,500,0.6,1000,0.2,1400,0.2,1
10,16,864,2,10,5,0,300,0.5,1700,0.5,0
10,17,392,1,0,300,0.5,1700,0.5,2
10,18,656,1,0,500,0.6,1000,0.2,1400,0.2,0
10,19,276,0,0,300,0.5,1700,0.5,2
11,0,375,2,10,5,0,300,0.5,1700,0.5,0
11,1,448,0,0,300,0.5,1700,0.5,0
11,2,381,1,0,500,0.6,1000,0.2,1400,0.2,0
11,3,788,2,10,5,0,500,0.6,1000,0.2,1400,0.2,2
11,4,524,1,0,300,0.5,1700,0.5,0
11,5,870,2,10,5,0,500,0.6,1000,0.2,1400,0.2,2
11,6,563,0,0,500,0.6,1000,0.2,1400,0.2,0
11,7,865,0,0,300,0.5,1700,0.5,1
11,8,814,1,0,500,0.6,1000,0.2,1400,0.2,1
11,9,905,2,10,5,0,300,0.5,1700,0.5,2
11,10,845,0,0,300,0.5,1700,0.5,0
11,11,388,2,10,5,0,300,0.5,1700,0.5,0
11,12,336,1,0,500,0.6,1000,0.2,1400,0.2,0
11,13,421,2,10,5,0,300,0.5,1700,0.5,0
11,14,719,0,0,300,0.5,1700,0.5,2
11,15,202,2,10,5,0,300,0.5,1700,0.5,2
11,16,943,0,0,300,0.5,1700,0.5,2
11,17,785,2,10,5,0,300,0.5,1700,0.5,0
11,18,706,0,0,500,0.6,1000,0.2,1400,0.2,2
11,19,567,0,0,300,0.5,1700,0.5,2
12,0,432,1,0,300,0.5,1700,0.5,1
12,1,67,0,0,300,0.5,1700,0.5,1
12,2,505,2,10,5,0,300,0.5,1700,0.5,0
12,3,291,2,10,5,0,500,0.6,1000,0.2,1400,0.2,1
12,4,256,2,10,5,0,500,0.6,1000,0.2,1400,0.2,1
12,5,601,2,10,5,0,500,0.6,1000,0.2,1400,0.2,0
12,6,372,1,0,300,0.5,1700,0.5,0
12,7,87,1,0,500,0.6,1000,0.2,1400,0.2,2
12,8,272,0,0,300,0.5,1700,0.5,2
12,9,653,2,10,5,0,500,0.6,1000,0.2,1400,0.2,2
12,10,457,0,0,500,0.6,1000,0.2,1400,0.2,1
12,11,280,0,0,500,0.6,1000,0.2,1400,0.2,1
12,12,36,1,0,500,0.6,1000,0.2,1400,0.2,0
12,13,940,2,10,5,0,300,0.5,1700,0.5,1
12,14,832,1,0,500,0.6,1000,0.2,1400,0.2,2
12,15,671,2,10,5,0,300,0.5,1700,0.5,0
12,16,169,2,10,5,0,500,0.6,1000,0.2,1400,0.2,2
12,17,745,0,0,500,0.6,1000,0.2,1400,0.2,1
12,18,343,2,10,5,0,300,0.5,1700,0.5,0
12,19,418,1,0,300,0.5,1700,0.5,2
13,0,334,0,0,300,0.5,1700,0.5,0
13,1,233,0,0,500,0.6,1000,0.2,1400,0.2,2
13,2,73,2,10,5,0,300,0.5,1700,0.5,0
13,3,339,2,10,5,0,500,0.6,1000,0.2,1400,0.2,2
13,4,476,2,10,5,0,500,0.6,1000,0.2,1400,0.2,2
13,5,790,0,0,300,0.5,1700,0.5,1
13,6,609,1,0,500,0.6,1000,0.2,1400,0.2,0
13,7,237,1,0,300,0.5,1700,0.5,0
13,8,816,0,0,500,0.6,1000,0.2,1400,0.2,0
13,9,465,1,0,300,0.5,1700,0.5,0
13,10,662,2,10,5,0,500,0.6,1000,0.2,1400,0.2,1
13,11,28,0,0,500,0.6,1000,0.2,1400,0.2,1
13,12,270,1,0,300,0.5,1700,0.5,0
13,13,743,1,0,300,0.5,1700,0.5,1
13,14,599,2,10,5,0,500,0.6,1000,0.2,1400,0.2,2
13,15,617,2,10,5,0,500,0.6,1000,0.2,1400,0.2,0
13,16,569,1,0,300,0.5,1700,0.5,0
13,17,545,2,10,5,0,500,0.6,1000,0.2,1400,0.2,2
13,18,557,2,10,5,0,500,0.6,1000,0.2,1400,0.2,1
13,19,936,1,0,500,0.6,1000,0.2,1400,0.2,2
14,0,201,1,0,500,0.6,1000,0.2,1400,0.2,2
14,1,660,2,10,5,0,300,0.5,1700,0.5,0
14,2,774,2,10,5,0,300,0.5,1700,0.5,0
14,3,110,0,0,500,0.6,1000,0.2,1400,0.2,2
14,4,334,0,0,300,0.5,1700,0.5,0
14,5,430,2,10,5,0,300,0.5,1700,0.5,1
14,6,662,1,0,500,0.6,1000,0.2,1400,0.2,0
14,7,786,0,0,300,0.5,1700,0.5,0
14,8,877,1,0,300,0.5,1700,0.5,1
14,9,219,2,10,5,0,300,0.5,1700,0.5,2
14,10,217,1,0,300,0.5,1700,0.5,0
14,11,742,2,10,5,0,500,0.6,1000,0.2,1400,0.2,0
14,12,219,1,0,300,0.5,1700,0.5,1
14,13,233,2,10,5,0,300,0.5,1700,0.5,0
14,14,65,0,0,500,0.6,1000,0.2,1400,0.2,2
14,15,128,1,0,300,0.5,1700,0.5,0
14,16,368,0,0,500,0.6,1000,0.2,1400,0.2,1
14,17,506,2,10,5,0,300,0.5,1700,0.5,2
14,18,601,0,0,500,0.6,1000,0.2,1400,0.2,2
14,19,134,1,0,300,0.5,1700,0.5,1
15,0,262,0,0,500,0.6,1000,0.2,1400,0.2,2
15,1,764,1,0,500,0.6,1000,0.2,1400,0.2,2
15,2,490,1,0,500,0.6,1000,0.2,1400,0.2,2
15,3,306,1,0,500,0.6,1000,0.2,1400,0.2,2
15,4,71,1,0,300,0.5,1700,0.5,0
15,5,30,1,0,300,0.5,1700,0.5,1
15,6,246,2,10,5,0,500,0.6,1000,0.2,1400,0.2,2
15,7,619,1,0,300,0.5,1700,0.5,0
15,8,27,1,0,300,0.5,1700,0.5,1
15,9,100,1,0,300,0.5,1700,0.5,1
15,10,571,0,0,300,0.5,1700,0.5,2
15,11,71,2,10,5,0,500,0.6,1000,0.2,1400,0.2,1
15,12,745,2,10,5,0,300,0.5,1700,0.5,2
15,13,210,1,0,300,0.5,1700,0.5,1
15,14,863,1,0,300,0.5,1700,0.5,2
15,15,183,2,10,5,0,500,0.6,1000,0.2,1400,0.2,2
15,16,169,1,0,500,0.6,1000,0.2,1400,0.2,0
15,17,981,1,0,500,0.6,1000,0.2,1400,0.2,1
15,18,347,0,0,500,0.6,1000,0.2,1400,0.2,1
15,19,906,2,10,5,0,500,0.6,1000,0.2,1400,0.2,2
16,0,915,1,0,300,0.5,1700,0.5,2
16,1,508,0,0,300,0.5,1700,0.5,1
16,2,25,1,0,500,0.6,1000,0.2,1400,0.2,0
16,3,758,2,10,5,0,500,0.6,1000,0.2,1400,0.2,2
16,4,805,1,0,500,0.6,1000,0.2,1400,0.2,0
16,5,994,2,10,5,0,300,0.5,1700,0.5,1
16,6,245,0,0,300,0.5,1700,0.5,1
16,7,209,2,10,5,0,500,0.6,1000,0.2,1400,0.2,1
16,8,658,2,10,5,0,500,0.6,1000,0.2,1400,0.2,2
16,9,419,0,0,300,0.5,1700,0.5,0
16,10,313,0,0,500,0.6,1000,0.2,1400,0.2,2
16,11,520,0,0,500,0.6,1000,0.2,1400,0.2,2
16,12,397,2,10,5,0,300,0.5,1700,0.5,1
16,13,590,1,0,500,0.6,1000,0.2,1400,0.2,2
16,14,72,1,0,300,0.5,1700,0.5,1
16,15,287,1,0,500,0.6,1000,0.2,1400,0.2,1
16,16,743,2,10,5,0,500,0.6,1000,0.2,1400,0.2,1
16,17,504,1,0,300,0.5,1700,0.5,0
16,18,730,0,0,500,0.6,1000,0.2,1400,0.2,2
16,19,494,0,0,300,0.5,1700,0.5,1
17,0,720,2,10,5,0,300,0.5,1700,0.5,0
17,1,774,0,0,500,0.6,1000,0.2,1400,0.2,0
17,2,607,0,0,500,0.6,1000,0.2,1400,0.2,1
17,3,690,1,0,500,0.6,1000,0.2,1400,0.2,0
17,4,717,0,0,300,0.5,1700,0.5,0
17,5,728,1,0,300,0.5,1700,0.5,2
17,6,46,2,10,5,0,300,0.5,1700,0.5,1
17,7,395,2,10,5,0,500,0.6,1000,0.2,1400,0.2,2
17,8,773,1,0,500,0.6,1000,0.2,1400,0.2,0
17,9,141,2,10,5,0,500,0.6,1000,0.2,1400,0.2,2
17,10,813,2,10,5,0,500,0.6,1000,0.2,1400,0.2,0
17,11,79,1,0,300,0.5,1700,0.5,1
17,12,562,2,10,5,0,300,0.5,1700,0.5,0
17,13,705,0,0,300,0.5,1700,0.5,1
17,14,505,2,10,5,0,500,0.6,1000,0.2,1400,0.2,1
17,15,505,0,0,300,0.5,1700,0.5,0
17,16,502,0,0,300,0.5,1700,0.5,1
17,17,74,0,0,300,0.5,1700,0.5,2
17,18,140,2,10,5,0,300,0.5,1700,0.5,1
17,19,630,2,10,5,0,300,0.5,1700,0.5,2
18,0,369,1,0,500,0.6,1000,0.2,1400,0.2,1
18,1,264,2,10,5,0,500,0.6,1000,0.2,1400,0.2,1
18,2,355,0,0,300,0.5,1700,0.5,1
18,3,978,2,10,5,0,300,0.5,1700,0.5,0
18,4,824,0,0,300,0.5,1700,0.5,0
18,5,750,1,0,300,0.5,1700,0.5,2
18,6,10,0,0,300,0.5,1700,0.5,0
18,7,809,1,0,500,0.6,1000,0.2,1400,0.2,0
18,8,191,1,0,300,0.5,1700,0.5,2
18,9,908,1,0,500,0.6,1000,0.2,1400,0.2,1
18,10,262,2,10,5,0,300,0.5,1700,0.5,1
18,11,859,2,10,5,0,500,0.6,1000,0.2,1400,0.2,0
18,12,140,1,0,300,0.5,1700,0.5,0
18,13,812,0,0,300,0.5,1700,0.5,2
18,14,480,0,0,300,0.5,1700,0.5,0
18,15,776,2,10,5,0,500,0.6,1000,0.2,1400,0.2,0
18,16,397,2,10,5,0,500,0.6,1000,0.2,1400,0.2,0
18,17,839,0,0,300,0.5,1700,0.5,2
18,18,697,1,0,500,0.6,1000,0.2,1400,0.2,2
18,19,696,0,0,500,0.6,1000,0.2,1400,0.2,2
19,0,767,0,0,300,0.5,1700,0.5,0
19,1,455,1,0,300,0.5,1700,0.5,0
19,2,335,0,0,500,0.6,1000,0.2,1400,0.2,1
19,3,791,0,0,500,0.6,1000,0.2,1400,0.2,2
19,4,271,0,0,300,0.5,1700,0.5,1
19,5,803,2,10,5,0,300,0.5,1700,0.5,2
19,6,804,0,0,500,0.6,1000,0.2,1400,0.2,2
19,7,139,0,0,500,0.6,1000,0.2,1400,0.2,1
19,8,438,1,0,500,0.6,1000,0.2,1400,0.2,2
19,9,132,0,0,300,0.5,1700,0.5,0
19,10,517,2,10,5,0,500,0.6,1000,0.2,1400,0.2,0
19,11,606,2,10,5,0,500,0.6,1000,0.2,1400,0.2,1
19,12,332,2,10,5,0,300,0.5,1700,0.5,0
19,13,23,0,0,300,0.5,1700,0.5,0
19,14,26,1,0,300,0.5,1700,0.5,2
19,15,666,1,0,300,0.5,1700,0.5,0
19,16,701,0,0,300,0.5,1700,0.5,2
19,17,14,0,0,500,0.6,1000,0.2,1400,0.2,1
19,18,254,1,0,300,0.5,1700,0.5,2
19,19,836,1,0,300,0.5,1700,0.5,2
