0,0,241,2,10,5,0,300,0.5,1700,0.5,0
0,1,593,1,0,300,0.5,1700,0.5,0
0,2,922,2,10,5,0,500,0.6,1000,0.2,1400,0.2,0
0,3,387,0,0,300,0.5,1700,0.5,1
0,4,526,1,0,500,0.6,1000,0.2,1400,0.2,2
0,5,346,0,0,500,0.6,1000,0.2,1400,0.2,1
0,6,735,2,10,5,0,300,0.5,1700,0.5,0
0,7,406,1,0,300,0.5,1700,0.5,1
0,8,271,1,0,500,0.6,1000,0.2,1400,0.2,2
0,9,359,0,0,300,0.5,1700,0.5,1
0,10,331,2,10,5,0,500,0.6,1000,0.2,1400,0.2,1
0,11,851,0,0,500,0.6,1000,0.2,1400,0.2,1
0,12,709,2,10,5,0,300,0.5,1700,0.5,1
0,13,311,2,10,5,0,300,0.5,1700,0.5,2
0,14,821,2,10,5,0,300,0.5,1700,0.5,0
0,15,205,1,0,300,0.5,1700,0.5,1
0,16,706,1,0,300,0.5,1700,0.5,1
0,17,619,0,0,500,0.6,1000,0.2,1400,0.2,2
0,18,239,1,0,300,0.5,1700,0.5,2
0,19,553,1,0,300,0.5,1700,0.5,0
1,0,644,0,0,500,0.6,1000,0.2,1400,0.2,1
1,1,31,1,0,500,0.6,1000,0.2,1400,0.2,0
1,2,254,2,10,5,0,500,0.6,1000,0.2,1400,0.2,1
1,3,869,1,0,300,0.5,1700,0.5,0
1,4,711,0,0,300,0.5,1700,0.5,0
1,5,252,1,0,500,0.6,1000,0.2,1400,0.2,1
1,6,975,1,0,300,0.5,1700,0.5,0
1,7,922,1,0,500,0.6,1000,0.2,1400,0.2,0
1,8,555,0,0,500,0.6,1000,0.2,1400,0.2,2
1,9,920,1,0,300,0.5,1700,0.5,0
1,10,43,1,0,500,0.6,1000,0.2,1400,0.2,1
1,11,823,2,10,5,0,300,0.5,1700,0.5,2
1,12,410,0,0,300,0.5,1700,0.5,2
1,13,374,1,0,300,0.5,1700,0.5,0
1,14,230,2,10,5,0,300,0.5,1700,0.5,0
1,15,73,2,10,5,0,300,0.5,1700,0.5,1
1,16,176,0,0,300,0.5,1700,0.5,1
1,17,234,2,10,5,0,500,0.6,1000,0.2,1400,0.2,1
1,18,249,2,10,5,0,300,0.5,1700,0.5,2
1,19,615,2,10,5,0,500,0.6,1000,0.2,1400,0.2,0
2,0,17,0,0,500,0.6,1000,0.2,1400,0.2,1
2,1,595,0,0,300,0.5,1700,0.5,0
2,2,862,0,0,500,0.6,1000,0.2,1400,0.2,1
2,3,409,0,0,300,0.5,1700,0.5,1
2,4,499,2,10,5,0,500,0.6,1000,0.2,1400,0.2,0
2,5,214,2,10,5,0,300,0.5,1700,0.5,0
2,6,550,2,10,5,0,500,0.6,1000,0.2,1400,0.2,0
2,7,189,0,0,300,0.5,1700,0.5,0
2,8,805,0,0,500,0.6,1000,0.2,1400,0.2,0
2,9,855,2,10,5,0,300,0.5,1700,0.5,2
2,10,209,0,0,300,0.5,1700,0.5,2
2,11,173,1,0,300,0.5,1700,0.5,2
2,12,921,2,10,5,0,500,0.6,1000,0.2,1400,0.2,1
2,13,245,0,0,300,0.5,1700,0.5,1
2,14,416,0,0,300,0.5,1700,0.5,0
2,15,628,2,10,5,0,300,0.5,1700,0.5,0
2,16,71,0,0,500,0.6,1000,0.2,1400,0.2,2
2,17,729,0,0,500,0.6,1000,0.2,1400,0.2,1
2,18,438,0,0,500,0.6,1000,0.2,1400,0.2,1
2,19,283,2,10,5,0,300,0.5,1700,0.5,0
3,0,67,0,0,300,0.5,1700,0.5,1
3,1,625,1,0,500,0.6,1000,0.2,1400,0.2,2
3,2,708,1,0,300,0.5,1700,0.5,0
3,3,157,0,0,300,0.5,1700,0.5,0
3,4,781,0,0,500,0.6,1000,0.2,1400,0.2,1
3,5,270,1,0,300,0.5,1700,0.5,2
3,6,223,2,10,5,0,300,0.5,1700,0.5,1
3,7,854,0,0,500,0.6,1000,0.2,1400,0.2,0
3,8,634,0,0,300,0.5,1700,0.5,2
3,9,462,1,0,500,0.6,1000,0.2,1400,0.2,2
3,10,498,1,0,500,0.6,1000,0.2,1400,0.2,0
3,11,165,2,10,5,0,500,0.6,1000,0.2,1400,0.2,0
3,12,315,1,0,300,0.5,1700,0.5,2
3,13,271,0,0,300,0.5,1700,0.5,2
3,14,480,0,0,300,0.5,1700,0.5,2
3,15,165,0,0,500,0.6,1000,0.2,1400,0.2,1
3,16,575,1,0,300,0.5,1700,0.5,0
3,17,874,1,0,500,0.6,1000,0.2,1400,0.2,1
3,18,883,2,10,5,0,300,0.5,1700,0.5,0
3,19,433,2,10,5,0,300,0.5,1700,0.5,0
4,0,977,1,0,500,0.6,1000,0.2,1400,0.2,2
4,1,678,0,0,500,0.6,1000,0.2,1400,0.2,1
4,2,993,2,10,5,0,300,0.5,1700,0.5,2
4,3,290,2,10,5,0,500,0.6,1000,0.2,1400,0.2,2
4,4,451,2,10,5,0,500,0.6,1000,0.2,1400,0.2,1
4,5,614,1,0,300,0.5,1700,0.5,0
4,6,537,0,0,500,0.6,1000,0.2,1400,0.2,1
4,7,512,1,0,500,0.6,1000,0.2,1400,0.2,0
4,8,772,2,10,5,0,500,0.6,1000,0.2,1400,0.2,1
4,9,64,2,10,5,0,300,0.5,1700,0.5,0
4,10,609,2,10,5,0,300,0.5,1700,0.5,0
4,11,502,2,10,5,0,300,0.5,1700,0.5,1
4,12,506,1,0,500,0.6,1000,0.2,1400,0.2,1
4,13,828,2,10,5,0,300,0.5,1700,0.5,2
4,14,858,2,10,5,0,300,0.5,1700,0.5,1
4,15,205,2,10,5,0,500,0.6,1000,0.2,1400,0.2,1
4,16,70,1,0,300,0.5,1700,0.5,2
4,17,351,1,0,500,0.6,1000,0.2,1400,0.2,1
4,18,90,1,0,300,0.5,1700,0.5,2
4,19,326,0,0,300,0.5,1700,0.5,2
5,0,89,2,10,5,0,300,0.5,1700,0.5,2
5,1,696,1,0,500,0.6,1000,0.2,1400,0.2,0
5,2,371,0,0,500,0.6,1000,0.2,1400,0.2,0
5,3,296,2,10,5,0,300,0.5,1700,0.5,0
5,4,970,0,0,300,0.5,1700,0.5,2
5,5,735,2,10,5,0,500,0.6,1000,0.2,1400,0.2,0
5,6,945,0,0,300,0.5,1700,0.5,1
5,7,103,2,10,5,0,300,0.5,1700,0.5,2
5,8,328,1,0,300,0.5,1700,0.5,2
5,9,610,2,10,5,0,300,0.5,1700,0.5,1
5,10,208,1,0,300,0.5,1700,0.5,2
5,11,662,1,0,500,0.6,1000,0.2,1400,0.2,2
5,12,123,1,0,300,0.5,1700,0.5,1
5,13,467,2,10,5,0,300,0.5,1700,0.5,2
5,14,709,0,0,500,0.6,1000,0.2,1400,0.2,1
5,15,697,1,0,300,0.5,1700,0.5,2
5,16,515,1,0,500,0.6,1000,0.2,1400,0.2,0
5,17,502,1,0,500,0.6,1000,0.2,1400,0.2,2
5,18,540,1,0,300,0.5,1700,0.5,0
5,19,515,1,0,500,0.6,1000,0.2,1400,0.2,2
6,0,433,0,0,300,0.5,1700,0.5,0
6,1,756,2,10,5,0,300,0.5,1700,0.5,2
6,2,431,0,0,300,0.5,1700,0.5,2
6,3,843,1,0,300,0.5,1700,0.5,1
6,4,101,2,10,5,0,500,0.6,1000,0.2,1400,0.2,0
6,5,289,1,0,300,0.5,1700,0.5,1
6,6,283,2,10,5,0,500,0.6,1000,0.2,1400,0.2,0
6,7,565,0,0,500,0.6,1000,0.2,1400,0.2,0
6,8,628,0,0,300,0.5,1700,0.5,2
6,9,221,0,0,300,0.5,1700,0.5,1
6,10,69,2,10,5,0,300,0.5,1700,0.5,1
6,11,666,2,10,5,0,300,0.5,1700,0.5,1
6,12,603,0,0,500,0.6,1000,0.2,1400,0.2,2
6,13,615,2,10,5,0,500,0.6,1000,0.2,1400,0.2,1
6,14,43,1,0,300,0.5,1700,0.5,1
6,15,564,0,0,500,0.6,1000,0.2,1400,0.2,0
6,16,638,2,10,5,0,500,0.6,1000,0.2,1400,0.2,2
6,17,334,2,10,5,0,500,0.6,1000,0.2,1400,0.2,1
6,18,656,1,0,500,0.6,1000,0.2,1400,0.2,0
6,19,985,1,0,500,0.6,1000,0.2,1400,0.2,0
7,0,732,0,0,300,0.5,1700,0.5,1
7,1,75,1,0,300,0.5,1700,0.5,0
7,2,181,0,0,500,0.6,1000,0.2,1400,0.2,2
7,3,149,2,10,5,0,300,0.5,1700,0.5,1
7,4,416,2,10,5,0,300,0.5,1700,0.5,1
7,5,414,2,10,5,0,500,0.6,1000,0.2,1400,0.2,2
7,6,304,2,10,5,0,500,0.6,1000,0.2,1400,0.2,0
7,7,721,1,0,300,0.5,1700,0.5,1
7,8,411,0,0,300,0.5,1700,0.5,1
7,9,713,1,0,500,0.6,1000,0.2,1400,0.2,0
7,10,362,1,0,500,0.6,1000,0.2,1400,0.2,1
7,11,909,0,0,300,0.5,1700,0.5,1
7,12,996,1,0,300,0.5,1700,0.5,0
7,13,287,1,0,500,0.6,1000,0.2,1400,0.2,2
7,14,24,0,0,500,0.6,1000,0.2,1400,0.2,1
7,15,336,2,10,5,0,500,0.6,1000,0.2,1400,0.2,2
7,16,387,0,0,300,0.5,1700,0.5,2
7,17,94,1,0,300,0.5,1700,0.5,2
7,18,179,1,0,300,0.5,1700,0.5,1
7,19,478,1,0,500,0.6,1000,0.2,1400,0.2,2
8,0,717,2,10,5,0,500,0.6,1000,0.2,1400,0.2,2
8,1,776,0,0,300,0.5,1700,0.5,1
8,2,142,0,0,500,0.6,1000,0.2,1400,0.2,1
8,3,79,2,10,5,0,500,0.6,1000,0.2,1400,0.2,2
8,4,764,2,10,5,0,300,0.5,1700,0.5,1
8,5,898,1,0,500,0.6,1000,0.2,1400,0.2,1
8,6,112,1,0,500,0.6,1000,0.2,1400,0.2,0
8,7,392,1,0,300,0.5,1700,0.5,0
8,8,693,1,0,300,0.5,1700,0.5,2
8,9,222,0,0,300,0.5,1700,0.5,0
8,10,669,2,10,5,0,300,0.5,1700,0.5,0
8,11,777,1,0,500,0.6,1000,0.2,1400,0.2,1
8,12,129,1,0,500,0.6,1000,0.2,1400,0.2,0
8,13,911,0,0,300,0.5,1700,0.5,1
8,14,454,2,10,5,0,500,0.6,1000,0.2,1400,0.2,1
8,15,397,1,0,300,0.5,1700,0.5,0
8,16,918,2,10,5,0,500,0.6,1000,0.2,1400,0.2,0
8,17,15,2,10,5,0,500,0.6,1000,0.2,1400,0.2,1
8,18,992,0,0,500,0.6,1000,0.2,1400,0.2,0
8,19,262,1,0,500,0.6,1000,0.2,1400,0.2,2
9,0,191,1,0,300,0.5,1700,0.5,2
9,1,434,1,0,300,0.5,1700,0.5,1
9,2,211,1,0,500,0.6,1000,0.2,1400,0.2,1
9,3,13,2,10,5,0,300,0.5,1700,0.5,1
9,4,294,2,10,5,0,300,0.5,1700,0.5,0
9,5,578,2,10,5,0,300,0.5,1700,0.5,1
9,6,155,0,0,500,0.6,1000,0.2,1400,0.2,2
9,7,44,2,10,5,0,500,0.6,1000,0.2,1400,0.2,2
9,8,436,1,0,300,0.5,1700,0.5,1
9,9,39,0,0,500,0.6,1000,0.2,1400,0.2,1
9,10,233,1,0,300,0.5,1700,0.5,2
9,11,74,1,0,300,0.5,1700,0.5,0
9,12,866,0,0,500,0.6,1000,0.2,1400,0.2,1
9,13,166,1,0,500,0.6,1000,0.2,1400,0.2,2
9,14,472,2,10,5,0,500,0.6,1000,0.2,1400,0.2,0
9,15,649,0,0,500,0.6,1000,0.2,1400,0.2,1
9,16,51,0,0,300,0.5,1700,0.5,2
9,17,637,2,10,5,0,300,0.5,1700,0.5,0
9,18,662,2,10,5,0,500,0.6,1000,0.2,1400,0.2,0
9,19,419,2,10,5,0,300,0.5,1700,0.5,2
10,0,247,0,0,500,0.6,1000,0.2,1400,0.2,1
10,1,185,2,10,5,0,300,0.5,1700,0.5,2
10,2,588,0,0,500,0.6,1000,0.2,1400,0.2,0
10,3,236,1,0,300,0.5,1700,0.5,2
10,4,547,1,0,300,0.5,1700,0.5,0
10,5,53,1,0,300,0.5,1700,0.5,0
10,6,999,0,0,300,0.5,1700,0.5,0
10,7,723,2,10,5,0,300,0.5,1700,0.5,2
10,8,201,1,0,300,0.5,1700,0.5,1
10,9,697,0,0,500,0.6,1000,0.2,1400,0.2,1
10,10,385,2,10,5,0,300,0.5,1700,0.5,1
10,11,840,0,0,500,0.6,1000,0.2,1400,0.2,0
10,12,633,0,0,500,0.6,1000,0.2,1400,0.2,0
10,13,645,2,10,5,0,500,0.6,1000,0.2,1400,0.2,1
10,14,49,2,10,5,0,300,0.5,1700,0.5,0
10,15,897,2,10,5,0,300,0.5,1700,0.5,0
10,16,686,0,0,500,0.6,1000,0.2,1400,0.2,0
10,17,799,1,0,500,0.6,1000,0.2,1400,0.2,0
10,18,509,0,0,500,0.6,1000,0.2,1400,0.2,1
10,19,645,0,0,500,0.6,1000,0.2,1400,0.2,2
11,0,112,2,10,5,0,500,0.6,1000,0.2,1400,0.2,0
11,1,206,2,10,5,0,300,0.5,1700,0.5,1
11,2,87,0,0,300,0.5,1700,0.5,1
11,3,211,1,0,500,0.6,1000,0.2,1400,0.2,0
11,4,688,0,0,500,0.6,1000,0.2,1400,0.2,2
11,5,136,1,0,300,0.5,1700,0.5,2
11,6,803,0,0,500,0.6,1000,0.2,1400,0.2,0
11,7,45,1,0,500,0.6,1000,0.2,1400,0.2,2
11,8,297,2,10,5,0,300,0.5,1700,0.5,0
11,9,411,1,0,300,0.5,1700,0.5,0
11,10,627,0,0,500,0.6,1000,0.2,1400,0.2,2
11,11,117,0,0,300,0.5,1700,0.5,1
11,12,308,1,0,300,0.5,1700,0.5,1
11,13,19,0,0,300,0.5,1700,0.5,1
11,14,609,0,0,500,0.6,1000,0.2,1400,0.2,1
11,15,297,2,10,5,0,300,0.5,1700,0.5,1
11,16,449,0,0,300,0.5,1700,0.5,0
11,17,170,1,0,300,0.5,1700,0.5,0
11,18,126,2,10,5,0,300,0.5,1700,0.5,2
11,19,896,1,0,500,0.6,1000,0.2,1400,0.2,0
12,0,15,1,0,300,0.5,1700,0.5,0
12,1,229,2,10,5,0,500,0.6,1000,0.2,1400,0.2,2
12,2,722,0,0,300,0.5,1700,0.5,0
12,3,635,0,0,300,0.5,1700,0.5,0
12,4,873,0,0,500,0.6,1000,0.2,1400,0.2,1
12,5,432,1,0,300,0.5,1700,0.5,1
12,6,364,1,0,300,0.5,1700,0.5,1
12,7,171,2,10,5,0,300,0.5,1700,0.5,0
12,8,212,2,10,5,0,500,0.6,1000,0.2,1400,0.2,2
12,9,818,2,10,5,0,500,0.6,1000,0.2,1400,0.2,0
12,10,181,2,10,5,0,300,0.5,1700,0.5,2
12,11,507,2,10,5,0,500,0.6,1000,0.2,1400,0.2,0
12,12,541,2,10,5,0,500,0.6,1000,0.2,1400,0.2,2
12,13,531,1,0,500,0.6,1000,0.2,1400,0.2,2
12,14,996,2,10,5,0,500,0.6,1000,0.2,1400,0.2,1
12,15,936,1,0,500,0.6,1000,0.2,1400,0.2,2
12,16,590,0,0,500,0.6,1000,0.2,1400,0.2,2
12,17,856,0,0,500,0.6,1000,0.2,1400,0.2,1
12,18,546,1,0,500,0.6,1000,0.2,1400,0.2,1
12,19,967,1,0,500,0.6,1000,0.2,1400,0.2,1
13,0,904,0,0,500,0.6,1000,0.2,1400,0.2,2
13,1,34,0,0,300,0.5,1700,0.5,2
13,2,212,0,0,500,0.6,1000,0.2,1400,0.2,1
13,3,989,2,10,5,0,300,0.5,1700,0.5,1
13,4,471,0,0,500,0.6,1000,0.2,1400,0.2,1
13,5,307,0,0,300,0.5,1700,0.5,2
13,6,592,1,0,500,0.6,1000,0.2,1400,0.2,2
13,7,288,0,0,300,0.5,1700,0.5,0
13,8,606,1,0,500,0.6,1000,0.2,1400,0.2,2
13,9,878,0,0,500,0.6,1000,0.2,1400,0.2,0
13,10,93,0,0,500,0.6,1000,0.2,1400,0.2,2
13,11,456,2,10,5,0,300,0.5,1700,0.5,1
13,12,596,1,0,300,0.5,1700,0.5,0
13,13,380,2,10,5,0,500,0.6,1000,0.2,1400,0.2,0
13,14,301,1,0,500,0.6,1000,0.2,1400,0.2,1
13,15,802,0,0,300,0.5,1700,0.5,1
13,16,336,0,0,300,0.5,1700,0.5,2
13,17,378,2,10,5,0,500,0.6,1000,0.2,1400,0.2,1
13,18,331,2,10,5,0,500,0.6,1000,0.2,1400,0.2,2
13,19,863,1,0,500,0.6,1000,0.2,1400,0.2,1
14,0,244,0,0,500,0.6,1000,0.2,1400,0.2,0
14,1,296,0,0,500,0.6,1000,0.2,1400,0.2,0
14,2,264,0,0,500,0.6,1000,0.2,1400,0.2,2
14,3,619,2,10,5,0,300,0.5,1700,0.5,1
14,4,62,2,10,5,0,300,0.5,1700,0.5,2
14,5,988,2,10,5,0,300,0.5,1700,0.5,1
14,6,862,2,10,5,0,500,0.6,1000,0.2,1400,0.2,1
14,7,965,2,10,5,0,300,0.5,1700,0.5,2
14,8,45,0,0,500,0.6,1000,0.2,1400,0.2,2
14,9,213,0,0,300,0.5,1700,0.5,1
14,10,927,1,0,500,0.6,1000,0.2,1400,0.2,0
14,11,355,1,0,500,0.6,1000,0.2,1400,0.2,0
14,12,482,1,0,500,0.6,1000,0.2,1400,0.2,0
14,13,17,2,10,5,0,500,0.6,1000,0.2,1400,0.2,2
14,14,262,2,10,5,0,500,0.6,1000,0.2,1400,0.2,0
14,15,662,0,0,500,0.6,1000,0.2,1400,0.2,1
14,16,696,0,0,300,0.5,1700,0.5,0
14,17,945,1,0,300,0.5,1700,0.5,0
14,18,252,1,0,500,0.6,1000,0.2,1400,0.2,2
14,19,166,0,0,300,0.5,1700,0.5,2
15,0,471,1,0,300,0.5,1700,0.5,2
15,1,451,0,0,500,0.6,1000,0.2,1400,0.2,2
15,2,470,1,0,500,0.6,1000,0.2,1400,0.2,1
15,3,20,0,0,300,0.5,1700,0.5,0
15,4,86,0,0,500,0.6,1000,0.2,1400,0.2,1
15,5,331,1,0,300,0.5,1700,0.5,1
15,6,706,1,0,300,0.5,1700,0.5,0
15,7,734,0,0,300,0.5,1700,0.5,0
15,8,895,0,0,300,0.5,1700,0.5,2
15,9,920,0,0,500,0.6,1000,0.2,1400,0.2,1
15,10,141,0,0,300,0.5,1700,0.5,1
15,11,130,1,0,300,0.5,1700,0.5,1
15,12,60,0,0,500,0.6,1000,0.2,1400,0.2,0
15,13,701,0,0,500,0.6,1000,0.2,1400,0.2,0
15,14,77,2,10,5,0,500,0.6,1000,0.2,1400,0.2,0
15,15,837,2,10,5,0,500,0.6,1000,0.2,1400,0.2,1
15,16,655,2,10,5,0,300,0.5,1700,0.5,2
15,17,912,1,0,300,0.5,1700,0.5,1
15,18,126,1,0,500,0.6,1000,0.2,1400,0.2,2
15,19,614,2,10,5,0,500,0.6,1000,0.2,1400,0.2,1
16,0,493,0,0,500,0.6,1000,0.2,1400,0.2,2
16,1,365,1,0,500,0.6,1000,0.2,1400,0.2,1
16,2,207,1,0,500,0.6,1000,0.2,1400,0.2,0
16,3,771,1,0,500,0.6,1000,0.2,1400,0.2,0
16,4,995,1,0,300,0.5,1700,0.5,2
16,5,728,2,10,5,0,300,0.5,1700,0.5,2
16,6,428,0,0,500,0.6,1000,0.2,1400,0.2,1
16,7,676,0,0,500,0.6,1000,0.2,1400,0.2,0
16,8,35,2,10,5,0,500,0.6,1000,0.2,1400,0.2,0
16,9,274,0,0,300,0.5,1700,0.5,0
16,10,786,2,10,5,0,300,0.5,1700,0.5,1
16,11,215,2,10,5,0,500,0.6,1000,0.2,1400,0.2,0
16,12,515,2,10,5,0,300,0.5,1700,0.5,0
16,13,535,0,0,300,0.5,1700,0.5,2
16,14,688,1,0,500,0.6,1000,0.2,1400,0.2,0
16,15,112,0,0,500,0.6,1000,0.2,1400,0.2,0
16,16,545,0,0,500,0.6,1000,0.2,1400,0.2,1
16,17,197,1,0,300,0.5,1700,0.5,0
16,18,619,0,0,500,0.6,1000,0.2,1400,0.2,1
16,19,287,2,10,5,0,500,0.6,1000,0.2,1400,0.2,1
17,0,58,2,10,5,0,300,0.5,1700,0.5,2
17,1,419,0,0,500,0.6,1000,0.2,1400,0.2,2
17,2,915,0,0,500,0.6,1000,0.2,1400,0.2,2
17,3,577,1,0,500,0.6,1000,0.2,1400,0.2,2
17,4,809,1,0,500,0.6,1000,0.2,1400,0.2,0
17,5,838,2,10,5,0,300,0.5,1700,0.5,2
17,6,941,2,10,5,0,500,0.6,1000,0.2,1400,0.2,0
17,7,639,1,0,300,0.5,1700,0.5,0
17,8,251,1,0,500,0.6,1000,0.2,1400,0.2,0
17,9,989,1,0,300,0.5,1700,0.5,0
17,10,349,2,10,5,0,300,0.5,1700,0.5,1
17,11,592,2,10,5,0,300,0.5,1700,0.5,0
17,12,544,2,10,5,0,300,0.5,1700,0.5,1
17,13,840,1,0,300,0.5,1700,0.5,2
17,14,51,0,0,500,0.6,1000,0.2,1400,0.2,1
17,15,835,0,0,300,0.5,1700,0.5,1
17,16,202,0,0,300,0.5,1700,0.5,2
17,17,680,0,0,500,0.6,1000,0.2,1400,0.2,2
17,18,640,1,0,500,0.6,1000,0.2,1400,0.2,2
17,19,675,0,0,500,0.6,1000,0.2,1400,0.2,2
18,0,668,2,10,5,0,500,0.6,1000,0.2,1400,0.2,1
18,1,664,2,10,5,0,300,0.5,1700,0.5,0
18,2,528,0,0,500,0.6,1000,0.2,1400,0.2,1
18,3,238,0,0,500,0.6,1000,0.2,1400,0.2,2
18,4,550,1,0,300,0.5,1700,0.5,2
18,5,345,0,0,500,0.6,1000,0.2,1400,0.2,2
18,6,147,2,10,5,0,300,0.5,1700,0.5,0
18,7,260,1,0,500,0.6,1000,0.2,1400,0.2,0
18,8,416,2,10,5,0,300,0.5,1700,0.5,2
18,9,417,2,10,5,0,500,0.6,1000,0.2,1400,0.2,1
18,10,34,0,0,300,0.5,1700,0.5,2
18,11,842,2,10,5,0,500,0.6,1000,0.2,1400,0.2,1
18,12,771,0,0,300,0.5,1700,0.5,0
18,13,865,0,0,500,0.6,1000,0.2,1400,0.2,2
18,14,389,0,0,500,0.6,1000,0.2,1400,0.2,0
18,15,975,2,10,5,0,300,0.5,1700,0.5,2
18,16,802,1,0,300,0.5,1700,0.5,0
18,17,516,2,10,5,0,300,0.5,1700,0.5,0
18,18,783,0,0,300,0.5,1700,0.5,1
18,19,465,0,0,500,0.6,1000,0.2,1400,0.2,1
19,0,412,2,10,5,0,300,0.5,1700,0.5,2
19,1,252,0,0,300,0.5,1700,0.5,2
19,2,865,2,10,5,0,500,0.6,1000,0.2,1400,0.2,1
19,3,696,1,0,300,0.5,1700,0.5,2
19,4,226,1,0,500,0.6,1000,0.2,1400,0.2,0
19,5,54,0,0,300,0.5,1700,0.5,1
19,6,530,0,0,300,0.5,1700,0.5,0
19,7,440,2,10,5,0,300,0.5,1700,0.5,1
19,8,443,1,0,300,0.5,1700,0.5,2
19,9,452,0,0,300,0.5,1700,0.5,1
19,10,41,1,0,300,0.5,1700,0.5,2
19,11,817,2,10,5,0,300,0.5,1700,0.5,2
19,12,401,0,0,500,0.6,1000,0.2,1400,0.2,0
19,13,108,2,10,5,0,500,0.6,1000,0.2,1400,0.2,2
19,14,516,0,0,500,0.6,1000,0.2,1400,0.2,2
19,15,779,2,10,5,0,300,0.5,1700,0.5,2
19,16,787,2,10,5,0,300,0.5,1700,0.5,0
19,17,332,0,0,500,0.6,1000,0.2,1400,0.2,1
19,18,182,2,10,5,0,300,0.5,1700,0.5,1
19,19,977,2,10,5,0,500,0.6,1000,0.2,1400,0.2,2
