0,0,564,0,0,500,0.6,1000,0.2,1400,0.2,2
0,1,870,0,0,500,0.6,1000,0.2,1400,0.2,2
0,2,801,1,0,300,0.5,1700,0.5,1
0,3,753,0,0,300,0.5,1700,0.5,1
0,4,437,2,10,5,0,300,0.5,1700,0.5,0
0,5,904,2,10,5,0,300,0.5,1700,0.5,2
0,6,110,1,0,500,0.6,1000,0.2,1400,0.2,1
0,7,416,1,0,500,0.6,1000,0.2,1400,0.2,0
0,8,221,2,10,5,0,300,0.5,1700,0.5,2
0,9,609,2,10,5,0,500,0.6,1000,0.2,1400,0.2,2
0,10,808,2,10,5,0,300,0.5,1700,0.5,2
0,11,756,0,0,500,0.6,1000,0.2,1400,0.2,1
0,12,402,1,0,500,0.6,1000,0.2,1400,0.2,1
0,13,173,0,0,500,0.6,1000,0.2,1400,0.2,1
0,14,345,0,0,500,0.6,1000,0.2,1400,0.2,0
0,15,324,1,0,500,0.6,1000,0.2,1400,0.2,0
0,16,352,0,0,500,0.6,1000,0.2,1400,0.2,2
0,17,466,0,0,500,0.6,1000,0.2,1400,0.2,2
0,18,282,1,0,300,0.5,1700,0.5,0
0,19,496,0,0,300,0.5,1700,0.5,2
1,0,562,2,10,5,0,300,0.5,1700,0.5,2
1,1,151,0,0,300,0.5,1700,0.5,0
1,2,345,2,10,5,0,500,0.6,1000,0.2,1400,0.2,2
1,3,721,0,0,300,0.5,1700,0.5,1
1,4,707,2,10,5,0,300,0.5,1700,0.5,0
1,5,481,2,10,5,0,500,0.6,1000,0.2,1400,0.2,0
1,6,774,1,0,500,0.6,1000,0.2,1400,0.2,1
1,7,370,1,0,300,0.5,1700,0.5,0
1,8,289,1,0,500,0.6,1000,0.2,1400,0.2,2
1,9,939,1,0,500,0.6,1000,0.2,1400,0.2,0
1,10,810,1,0,500,0.6,1000,0.2,1400,0.2,1
1,11,450,0,0,500,0.6,1000,0.2,1400,0.2,2
1,12,272,0,0,300,0.5,1700,0.5,0
1,13,127,0,0,500,0.6,1000,0.2,1400,0.2,0
1,14,494,2,10,5,0,500,0.6,1000,0.2,1400,0.2,2
1,15,270,1,0,500,0.6,1000,0.2,1400,0.2,0
1,16,865,1,0,300,0.5,1700,0.5,0
1,17,534,2,10,5,0,500,0.6,1000,0.2,1400,0.2,1
1,18,104,1,0,500,0.6,1000,0.2,1400,0.2,0
1,19,711,0,0,300,0.5,1700,0.5,1
2,0,910,2,10,5,0,300,0.5,1700,0.5,1
2,1,272,2,10,5,0,500,0.6,1000,0.2,1400,0.2,1
2,2,541,1,0,300,0.5,1700,0.5,1
2,3,81,1,0,500,0.6,1000,0.2,1400,0.2,1
2,4,497,2,10,5,0,500,0.6,1000,0.2,1400,0.2,0
2,5,592,0,0,500,0.6,1000,0.2,1400,0.2,1
2,6,134,0,0,500,0.6,1000,0.2,1400,0.2,1
2,7,892,0,0,300,0.5,1700,0.5,2
2,8,406,0,0,300,0.5,1700,0.5,1
2,9,392,1,0,300,0.5,1700,0.5,0
2,10,435,2,10,5,0,300,0.5,1700,0.5,0
2,11,894,0,0,500,0.6,1000,0.2,1400,0.2,1
2,12,993,1,0,500,0.6,1000,0.2,1400,0.2,2
2,13,656,1,0,300,0.5,1700,0.5,0
2,14,261,2,10,5,0,500,0.6,1000,0.2,1400,0.2,0
2,15,35,2,10,5,0,500,0.6,1000,0.2,1400,0.2,1
2,16,895,2,10,5,0,500,0.6,1000,0.2,1400,0.2,0
2,17,214,2,10,5,0,300,0.5,1700,0.5,0
2,18,327,1,0,500,0.6,1000,0.2,1400,0.2,1
2,19,925,2,10,5,0,500,0.6,1000,0.2,1400,0.2,1
3,0,708,1,0,300,0.5,1700,0.5,1
3,1,476,2,10,5,0,300,0.5,1700,0.5,0
3,2,568,0,0,500,0.6,1000,0.2,1400,0.2,2
3,3,986,2,10,5,0,500,0.6,1000,0.2,1400,0.2,2
3,4,802,0,0,300,0.5,1700,0.5,1
3,5,339,0,0,300,0.5,1700,0.5,0
3,6,976,0,0,500,0.6,1000,0.2,1400,0.2,2
3,7,868,0,0,300,0.5,1700,0.5,1
3,8,187,1,0,300,0.5,1700,0.5,0
3,9,496,0,0,500,0.6,1000,0.2,1400,0.2,0
3,10,551,0,0,500,0.6,1000,0.2,1400,0.2,2
3,11,991,2,10,5,0,500,0.6,1000,0.2,1400,0.2,2
3,12,92,0,0,300,0.5,1700,0.5,0
3,13,683,1,0,500,0.6,1000,0.2,1400,0.2,2
3,14,15,0,0,300,0.5,1700,0.5,0
3,15,176,2,10,5,0,500,0.6,1000,0.2,1400,0.2,2
3,16,756,0,0,300,0.5,1700,0.5,0
3,17,861,1,0,300,0.5,1700,0.5,0
3,18,477,0,0,500,0.6,1000,0.2,1400,0.2,1
3,19,518,2,10,5,0,500,0.6,1000,0.2,1400,0.2,0
4,0,609,0,0,300,0.5,1700,0.5,2
4,1,444,2,10,5,0,300,0.5,1700,0.5,2
4,2,491,0,0,300,0.5,1700,0.5,1
4,3,448,1,0,500,0.6,1000,0.2,1400,0.2,2
4,4,504,1,0,500,0.6,1000,0.2,1400,0.2,0
4,5,953,0,0,300,0.5,1700,0.5,1
4,6,144,0,0,300,0.5,1700,0.5,1
4,7,730,2,10,5,0,500,0.6,1000,0.2,1400,0.2,1
4,8,580,0,0,500,0.6,1000,0.2,1400,0.2,0
4,9,322,1,0,500,0.6,1000,0.2,1400,0.2,2
4,10,172,2,10,5,0,500,0.6,1000,0.2,1400,0.2,2
4,11,904,1,0,300,0.5,1700,0.5,2
4,12,947,0,0,300,0.5,1700,0.5,2
4,13,603,2,10,5,0,500,0.6,1000,0.2,1400,0.2,1
4,14,925,1,0,500,0.6,1000,0.2,1400,0.2,0
4,15,800,0,0,300,0.5,1700,0.5,1
4,16,385,0,0,300,0.5,1700,0.5,2
4,17,244,0,0,500,0.6,1000,0.2,1400,0.2,0
4,18,20,1,0,500,0.6,1000,0.2,1400,0.2,1
4,19,485,1,0,500,0.6,1000,0.2,1400,0.2,1
5,0,181,0,0,300,0.5,1700,0.5,0
5,1,361,1,0,300,0.5,1700,0.5,1
5,2,227,0,0,500,0.6,1000,0.2,1400,0.2,2
5,3,954,1,0,300,0.5,1700,0.5,2
5,4,996,1,0,500,0.6,1000,0.2,1400,0.2,0
5,5,764,2,10,5,0,300,0.5,1700,0.5,2
5,6,872,2,10,5,0,500,0.6,1000,0.2,1400,0.2,0
5,7,70,2,10,5,0,500,0.6,1000,0.2,1400,0.2,1
5,8,222,1,0,300,0.5,1700,0.5,1
5,9,874,2,10,5,0,500,0.6,1000,0.2,1400,0.2,2
5,10,321,0,0,300,0.5,1700,0.5,0
5,11,985,2,10,5,0,300,0.5,1700,0.5,1
5,12,498,0,0,500,0.6,1000,0.2,1400,0.2,0
5,13,331,1,0,500,0.6,1000,0.2,1400,0.2,0
5,14,580,0,0,500,0.6,1000,0.2,1400,0.2,0
5,15,296,2,10,5,0,300,0.5,1700,0.5,1
5,16,433,1,0,500,0.6,1000,0.2,1400,0.2,0
5,17,450,0,0,300,0.5,1700,0.5,1
5,18,984,0,0,500,0.6,1000,0.2,1400,0.2,1
5,19,382,0,0,300,0.5,1700,0.5,2
6,0,787,2,10,5,0,500,0.6,1000,0.2,1400,0.2,2
6,1,583,0,0,300,0.5,1700,0.5,2
6,2,691,2,10,5,0,500,0.6,1000,0.2,1400,0.2,0
6,3,396,0,0,500,0.6,1000,0.2,1400,0.2,1
6,4,493,1,0,500,0.6,1000,0.2,1400,0.2,2
6,5,14,0,0,300,0.5,1700,0.5,2
6,6,444,1,0,300,0.5,1700,0.5,2
6,7,795,2,10,5,0,300,0.5,1700,0.5,0
6,8,805,0,0,500,0.6,1000,0.2,1400,0.2,1
6,9,537,1,0,500,0.6,1000,0.2,1400,0.2,0
6,10,770,0,0,500,0.6,1000,0.2,1400,0.2,0
6,11,798,0,0,300,0.5,1700,0.5,2
6,12,819,2,10,5,0,500,0.6,1000,0.2,1400,0.2,1
6,13,600,2,10,5,0,500,0.6,1000,0.2,1400,0.2,1
6,14,100,0,0,300,0.5,1700,0.5,1
6,15,998,2,10,5,0,300,0.5,1700,0.5,2
6,16,757,2,10,5,0,300,0.5,1700,0.5,2
6,17,358,1,0,500,0.6,1000,0.2,1400,0.2,2
6,18,477,2,10,5,0,300,0.5,1700,0.5,2
6,19,910,0,0,300,0.5,1700,0.5,2
7,0,61,0,0,500,0.6,1000,0.2,1400,0.2,0
7,1,31,2,10,5,0,500,0.6,1000,0.2,1400,0.2,1
7,2,543,2,10,5,0,500,0.6,1000,0.2,1400,0.2,1
7,3,940,2,10,5,0,300,0.5,1700,0.5,2
7,4,96,1,0,500,0.6,1000,0.2,1400,0.2,0
7,5,997,1,0,500,0.6,1000,0.2,1400,0.2,1
7,6,617,1,0,500,0.6,1000,0.2,1400,0.2,2
7,7,584,2,10,5,0,300,0.5,1700,0.5,2
7,8,101,0,0,500,0.6,1000,0.2,1400,0.2,0
7,9,576,1,0,300,0.5,1700,0.5,1
7,10,529,0,0,500,0.6,1000,0.2,1400,0.2,1
7,11,210,2,10,5,0,500,0.6,1000,0.2,1400,0.2,2
7,12,18,1,0,500,0.6,1000,0.2,1400,0.2,2
7,13,272,2,10,5,0,500,0.6,1000,0.2,1400,0.2,2
7,14,602,1,0,500,0.6,1000,0.2,1400,0.2,0
7,15,123,1,0,300,0.5,1700,0.5,0
7,16,979,2,10,5,0,300,0.5,1700,0.5,2
7,17,917,0,0,500,0.6,1000,0.2,1400,0.2,1
7,18,669,2,10,5,0,500,0.6,1000,0.2,1400,0.2,2
7,19,980,1,0,500,0.6,1000,0.2,1400,0.2,2
8,0,385,1,0,500,0.6,1000,0.2,1400,0.2,0
8,1,764,1,0,300,0.5,1700,0.5,0
8,2,33,2,10,5,0,500,0.6,1000,0.2,1400,0.2,1
8,3,643,1,0,500,0.6,1000,0.2,1400,0.2,1
8,4,423,0,0,500,0.6,1000,0.2,1400,0.2,1
8,5,64,1,0,500,0.6,1000,0.2,1400,0.2,2
8,6,884,0,0,300,0.5,1700,0.5,1
8,7,117,2,10,5,0,300,0.5,1700,0.5,1
8,8,239,2,10,5,0,300,0.5,1700,0.5,2
8,9,722,2,10,5,0,500,0.6,1000,0.2,1400,0.2,0
8,10,807,0,0,300,0.5,1700,0.5,2
8,11,856,0,0,300,0.5,1700,0.5,2
8,12,132,0,0,500,0.6,1000,0.2,1400,0.2,2
8,13,219,0,0,500,0.6,1000,0.2,1400,0.2,0
8,14,618,1,0,500,0.6,1000,0.2,1400,0.2,1
8,15,692,1,0,500,0.6,1000,0.2,1400,0.2,1
8,16,987,0,0,300,0.5,1700,0.5,1
8,17,769,0,0,300,0.5,1700,0.5,2
8,18,920,2,10,5,0,300,0.5,1700,0.5,1
8,19,890,0,0,500,0.6,1000,0.2,1400,0.2,2
9,0,126,0,0,500,0.6,1000,0.2,1400,0.2,2
9,1,378,1,0,500,0.6,1000,0.2,1400,0.2,1
9,2,552,0,0,300,0.5,1700,0.5,2
9,3,945,1,0,500,0.6,1000,0.2,1400,0.2,2
9,4,779,1,0,300,0.5,1700,0.5,0
9,5,218,1,0,300,0.5,1700,0.5,2
9,6,843,1,0,500,0.6,1000,0.2,1400,0.2,1
9,7,918,2,10,5,0,500,0.6,1000,0.2,1400,0.2,2
9,8,620,1,0,500,0.6,1000,0.2,1400,0.2,1
9,9,245,2,10,5,0,500,0.6,1000,0.2,1400,0.2,0
9,10,826,2,10,5,0,300,0.5,1700,0.5,0
9,11,835,0,0,300,0.5,1700,0.5,0
9,12,878,0,0,300,0.5,1700,0.5,2
9,13,931,2,10,5,0,300,0.5,1700,0.5,2
9,14,235,2,10,5,0,300,0.5,1700,0.5,0
9,15,362,2,10,5,0,500,0.6,1000,0.2,1400,0.2,1
9,16,612,0,0,500,0.6,1000,0.2,1400,0.2,2
9,17,179,2,10,5,0,500,0.6,1000,0.2,1400,0.2,2
9,18,365,1,0,300,0.5,1700,0.5,2
9,19,182,1,0,300,0.5,1700,0.5,2
10,0,131,0,0,500,0.6,1000,0.2,1400,0.2,0
10,1,451,1,0,500,0.6,1000,0.2,1400,0.2,2
10,2,897,2,10,5,0,300,0.5,1700,0.5,2
10,3,948,1,0,500,0.6,1000,0.2,1400,0.2,1
10,4,585,1,0,500,0.6,1000,0.2,1400,0.2,1
10,5,350,2,10,5,0,500,0.6,1000,0.2,1400,0.2,0
10,6,589,0,0,300,0.5,1700,0.5,1
10,7,90,1,0,300,0.5,1700,0.5,1
10,8,840,0,0,300,0.5,1700,0.5,0
10,9,705,0,0,500,0.6,1000,0.2,1400,0.2,0
10,10,523,1,0,300,0.5,1700,0.5,2
10,11,86,2,10,5,0,300,0.5,1700,0.5,0
10,12,764,2,10,5,0,300,0.5,1700,0.5,2
10,13,776,1,0,300,0.5,1700,0.5,0
10,14,340,0,0,500,0.6,1000,0.2,1400,0.2,2
10,15,789,1,0,300,0.5,1700,0.5,1
10,16,770,0,0,500,0.6,1000,0.2,1400,0.2,0
10,17,125,2,10,5,0,300,0.5,1700,0.5,0
10,18,678,2,10,5,0,300,0.5,1700,0.5,0
10,19,529,0,0,500,0.6,1000,0.2,1400,0.2,1
11,0,822,0,0,500,0.6,1000,0.2,1400,0.2,2
11,1,439,2,10,5,0,500,0.6,1000,0.2,1400,0.2,1
11,2,999,0,0,500,0.6,1000,0.2,1400,0.2,2
11,3,825,0,0,300,0.5,1700,0.5,1
11,4,366,0,0,300,0.5,1700,0.5,1
11,5,130,1,0,300,0.5,1700,0.5,0
11,6,552,0,0,500,0.6,1000,0.2,1400,0.2,0
11,7,237,2,10,5,0,300,0.5,1700,0.5,2
11,8,65,1,0,500,0.6,1000,0.2,1400,0.2,2
11,9,946,2,10,5,0,500,0.6,1000,0.2,1400,0.2,2
11,10,456,2,10,5,0,500,0.6,1000,0.2,1400,0.2,1
11,11,584,1,0,300,0.5,1700,0.5,0
11,12,946,0,0,500,0.6,1000,0.2,1400,0.2,1
11,13,929,1,0,500,0.6,1000,0.2,1400,0.2,1
11,14,461,0,0,500,0.6,1000,0.2,1400,0.2,1
11,15,878,2,10,5,0,500,0.6,1000,0.2,1400,0.2,2
11,16,726,0,0,300,0.5,1700,0.5,2
11,17,716,1,0,500,0.6,1000,0.2,1400,0.2,2
11,18,142,0,0,300,0.5,1700,0.5,1
11,19,614,2,10,5,0,500,0.6,1000,0.2,1400,0.2,0
12,0,565,2,10,5,0,500,0.6,1000,0.2,1400,0.2,0
12,1,111,2,10,5,0,500,0.6,1000,0.2,1400,0.2,2
12,2,277,0,0,500,0.6,1000,0.2,1400,0.2,1
12,3,773,1,0,500,0.6,1000,0.2,1400,0.2,2
12,4,943,0,0,500,0.6,1000,0.2,1400,0.2,0
12,5,821,1,0,300,0.5,1700,0.5,1
12,6,342,2,10,5,0,300,0.5,1700,0.5,2
12,7,492,1,0,300,0.5,1700,0.5,0
12,8,221,0,0,300,0.5,1700,0.5,0
12,9,864,0,0,300,0.5,1700,0.5,2
12,10,466,1,0,500,0.6,1000,0.2,1400,0.2,2
12,11,981,2,10,5,0,500,0.6,1000,0.2,1400,0.2,0
12,12,473,1,0,300,0.5,1700,0.5,0
12,13,859,2,10,5,0,500,0.6,1000,0.2,1400,0.2,0
12,14,818,2,10,5,0,500,0.6,1000,0.2,1400,0.2,1
12,15,128,0,0,500,0.6,1000,0.2,1400,0.2,0
12,16,785,2,10,5,0,300,0.5,1700,0.5,1
12,17,931,2,10,5,0,300,0.5,1700,0.5,2
12,18,417,0,0,500,0.6,1000,0.2,1400,0.2,1
12,19,235,1,0,300,0.5,1700,0.5,0
13,0,21,2,10,5,0,500,0.6,1000,0.2,1400,0.2,0
13,1,418,2,10,5,0,300,0.5,1700,0.5,2
13,2,941,0,0,300,0.5,1700,0.5,2
13,3,110,2,10,5,0,500,0.6,1000,0.2,1400,0.2,2
13,4,909,0,0,300,0.5,1700,0.5,0
13,5,233,1,0,300,0.5,1700,0.5,2
13,6,976,2,10,5,0,300,0.5,1700,0.5,2
13,7,618,0,0,500,0.6,1000,0.2,1400,0.2,2
13,8,46,0,0,500,0.6,1000,0.2,1400,0.2,2
13,9,366,1,0,300,0.5,1700,0.5,0
13,10,884,1,0,500,0.6,1000,0.2,1400,0.2,2
13,11,515,0,0,500,0.6,1000,0.2,1400,0.2,0
13,12,913,2,10,5,0,500,0.6,1000,0.2,1400,0.2,0
13,13,608,1,0,500,0.6,1000,0.2,1400,0.2,2
13,14,230,2,10,5,0,300,0.5,1700,0.5,1
13,15,55,1,0,500,0.6,1000,0.2,1400,0.2,1
13,16,719,1,0,300,0.5,1700,0.5,1
13,17,187,1,0,500,0.6,1000,0.2,1400,0.2,1
13,18,126,1,0,500,0.6,1000,0.2,1400,0.2,2
13,19,990,0,0,500,0.6,1000,0.2,1400,0.2,0
14,0,277,2,10,5,0,300,0.5,1700,0.5,1
14,1,186,0,0,500,0.6,1000,0.2,1400,0.2,0
14,2,95,1,0,500,0.6,1000,0.2,1400,0.2,0
14,3,665,0,0,500,0.6,1000,0.2,1400,0.2,1
14,4,943,0,0,300,0.5,1700,0.5,0
14,5,147,1,0,300,0.5,1700,0.5,2
14,6,202,0,0,300,0.5,1700,0.5,0
14,7,182,0,0,300,0.5,1700,0.5,0
14,8,976,1,0,500,0.6,1000,0.2,1400,0.2,0
14,9,924,2,10,5,0,500,0.6,1000,0.2,1400,0.2,1
14,10,669,0,0,300,0.5,1700,0.5,1
14,11,952,2,10,5,0,500,0.6,1000,0.2,1400,0.2,1
14,12,71,1,0,300,0.5,1700,0.5,0
14,13,579,0,0,300,0.5,1700,0.5,2
14,14,107,0,0,300,0.5,1700,0.5,0
14,15,663,1,0,500,0.6,1000,0.2,1400,0.2,2
14,16,727,1,0,300,0.5,1700,0.5,1
14,17,468,0,0,500,0.6,1000,0.2,1400,0.2,2
14,18,412,1,0,500,0.6,1000,0.2,1400,0.2,0
14,19,323,1,0,300,0.5,1700,0.5,1
15,0,722,0,0,300,0.5,1700,0.5,0
15,1,911,0,0,300,0.5,1700,0.5,2
15,2,44,1,0,300,0.5,1700,0.5,1
15,3,854,0,0,300,0.5,1700,0.5,1
15,4,55,1,0,500,0.6,1000,0.2,1400,0.2,1
15,5,953,2,10,5,0,300,0.5,1700,0.5,0
15,6,791,2,10,5,0,500,0.6,1000,0.2,1400,0.2,2
15,7,484,0,0,300,0.5,1700,0.5,1
15,8,77,2,10,5,0,300,0.5,1700,0.5,1
15,9,367,1,0,300,0.5,1700,0.5,0
15,10,82,1,0,500,0.6,1000,0.2,1400,0.2,0
15,11,932,0,0,500,0.6,1000,0.2,1400,0.2,2
15,12,277,1,0,300,0.5,1700,0.5,0
15,13,551,0,0,500,0.6,1000,0.2,1400,0.2,1
15,14,446,1,0,300,0.5,1700,0.5,2
15,15,947,0,0,500,0.6,1000,0.2,1400,0.2,2
15,16,184,1,0,500,0.6,1000,0.2,1400,0.2,1
15,17,619,1,0,300,0.5,1700,0.5,2
15,18,134,0,0,500,0.6,1000,0.2,1400,0.2,2
15,19,183,2,10,5,0,300,0.5,1700,0.5,2
16,0,114,0,0,500,0.6,1000,0.2,1400,0.2,1
16,1,473,1,0,500,0.6,1000,0.2,1400,0.2,1
16,2,462,0,0,300,0.5,1700,0.5,2
16,3,654,0,0,500,0.6,1000,0.2,1400,0.2,0
16,4,713,0,0,500,0.6,1000,0.2,1400,0.2,1
16,5,399,1,0,500,0.6,1000,0.2,1400,0.2,0
16,6,924,2,10,5,0,500,0.6,1000,0.2,1400,0.2,2
16,7,217,0,0,500,0.6,1000,0.2,1400,0.2,0
16,8,392,2,10,5,0,300,0.5,1700,0.5,2
16,9,675,0,0,500,0.6,1000,0.2,1400,0.2,2
16,10,62,2,10,5,0,300,0.5,1700,0.5,1
16,11,44,2,10,5,0,300,0.5,1700,0.5,2
16,12,770,0,0,300,0.5,1700,0.5,0
16,13,118,1,0,300,0.5,1700,0.5,1
16,14,815,2,10,5,0,300,0.5,1700,0.5,0
16,15,182,0,0,500,0.6,1000,0.2,1400,0.2,2
16,16,904,1,0,300,0.5,1700,0.5,0
16,17,917,2,10,5,0,300,0.5,1700,0.5,1
16,18,451,1,0,300,0.5,1700,0.5,0
16,19,292,1,0,500,0.6,1000,0.2,1400,0.2,1
17,0,913,1,0,300,0.5,1700,0.5,0
17,1,441,2,10,5,0,300,0.5,1700,0.5,2
17,2,967,0,0,500,0.6,1000,0.2,1400,0.2,1
17,3,729,0,0,300,0.5,1700,0.5,0
17,4,550,1,0,300,0.5,1700,0.5,1
17,5,668,1,0,500,0.6,1000,0.2,1400,0.2,2
17,6,506,2,10,5,0,500,0.6,1000,0.2,1400,0.2,1
17,7,166,1,0,500,0.6,1000,0.2,1400,0.2,1
17,8,898,2,10,5,0,500,0.6,1000,0.2,1400,0.2,1
17,9,194,1,0,500,0.6,1000,0.2,1400,0.2,1
17,10,598,2,10,5,0,300,0.5,1700,0.5,0
17,11,337,2,10,5,0,500,0.6,1000,0.2,1400,0.2,2
17,12,142,1,0,300,0.5,1700,0.5,1
17,13,341,0,0,500,0.6,1000,0.2,1400,0.2,1
17,14,625,1,0,300,0.5,1700,0.5,0
17,15,934,2,10,5,0,500,0.6,1000,0.2,1400,0.2,0
17,16,428,0,0,500,0.6,1000,0.2,1400,0.2,0
17,17,836,2,10,5,0,500,0.6,1000,0.2,1400,0.2,1
17,18,168,1,0,500,0.6,1000,0.2,1400,0.2,0
17,19,836,0,0,500,0.6,1000,0.2,1400,0.2,1
18,0,421,1,0,300,0.5,1700,0.5,0
18,1,968,2,10,5,0,300,0.5,1700,0.5,1
18,2,514,0,0,500,0.6,1000,0.2,1400,0.2,1
18,3,652,0,0,300,0.5,1700,0.5,0
18,4,808,2,10,5,0,300,0.5,1700,0.5,1
18,5,244,2,10,5,0,300,0.5,1700,0.5,0
18,6,661,2,10,5,0,300,0.5,1700,0.5,2
18,7,729,1,0,500,0.6,1000,0.2,1400,0.2,1
18,8,938,0,0,500,0.6,1000,0.2,1400,0.2,2
18,9,391,0,0,300,0.5,1700,0.5,0
18,10,937,2,10,5,0,300,0.5,1700,0.5,2
18,11,706,0,0,500,0.6,1000,0.2,1400,0.2,1
18,12,676,1,0,300,0.5,1700,0.5,0
18,13,439,0,0,500,0.6,1000,0.2,1400,0.2,1
18,14,237,1,0,300,0.5,1700,0.5,2
18,15,106,0,0,500,0.6,1000,0.2,1400,0.2,2
18,16,309,1,0,500,0.6,1000,0.2,1400,0.2,2
18,17,972,2,10,5,0,500,0.6,1000,0.2,1400,0.2,1
18,18,757,2,10,5,0,500,0.6,1000,0.2,1400,0.2,0
18,19,788,2,10,5,0,300,0.5,1700,0.5,1
19,0,827,1,0,300,0.5,1700,0.5,0
19,1,60,1,0,300,0.5,1700,0.5,1
19,2,761,2,10,5,0,300,0.5,1700,0.5,0
19,3,722,0,0,500,0.6,1000,0.2,1400,0.2,2
19,4,53,1,0,300,0.5,1700,0.5,2
19,5,48,2,10,5,0,500,0.6,1000,0.2,1400,0.2,0
19,6,859,1,0,500,0.6,1000,0.2,1400,0.2,2
19,7,867,1,0,300,0.5,1700,0.5,2
19,8,63,0,0,300,0.5,1700,0.5,1
19,9,503,0,0,500,0.6,1000,0.2,1400,0.2,1
19,10,702,0,0,500,0.6,1000,0.2,1400,0.2,0
19,11,210,1,0,300,0.5,1700,0.5,0
19,12,993,2,10,5,0,300,0.5,1700,0.5,0
19,13,688,0,0,500,0.6,1000,0.2,1400,0.2,0
19,14,703,1,0,500,0.6,1000,0.2,1400,0.2,0
19,15,989,0,0,300,0.5,1700,0.5,2
19,16,293,2,10,5,0,500,0.6,1000,0.2,1400,0.2,2
19,17,992,2,10,5,0,300,0.5,1700,0.5,1
19,18,814,2,10,5,0,500,0.6,1000,0.2,1400,0.2,1
19,19,499,2,10,5,0,300,0.5,1700,0.5,2
