0,0,611,1,0,500,0.6,1000,0.2,1400,0.2,2
0,1,955,0,0,300,0.5,1700,0.5,1
0,2,937,0,0,500,0.6,1000,0.2,1400,0.2,2
0,3,245,2,10,5,0,500,0.6,1000,0.2,1400,0.2,0
0,4,218,0,0,500,0.6,1000,0.2,1400,0.2,2
0,5,743,0,0,500,0.6,1000,0.2,1400,0.2,1
0,6,224,1,0,500,0.6,1000,0.2,1400,0.2,0
0,7,930,2,10,5,0,300,0.5,1700,0.5,2
0,8,343,1,0,300,0.5,1700,0.5,0
0,9,653,0,0,500,0.6,1000,0.2,1400,0.2,1
0,10,690,1,0,300,0.5,1700,0.5,1
0,11,444,2,10,5,0,500,0.6,1000,0.2,1400,0.2,2
0,12,122,1,0,300,0.5,1700,0.5,1
0,13,289,1,0,300,0.5,1700,0.5,2
0,14,111,2,10,5,0,300,0.5,1700,0.5,0
0,15,550,2,10,5,0,300,0.5,1700,0.5,2
0,16,243,1,0,300,0.5,1700,0.5,2
0,17,737,0,0,300,0.5,1700,0.5,2
0,18,380,1,0,300,0.5,1700,0.5,2
0,19,337,0,0,500,0.6,1000,0.2,1400,0.2,1
1,0,126,0,0,500,0.6,1000,0.2,1400,0.2,0
1,1,595,2,10,5,0,300,0.5,1700,0.5,2
1,2,891,1,0,300,0.5,1700,0.5,0
1,3,817,1,0,300,0.5,1700,0.5,0
1,4,998,2,10,5,0,300,0.5,1700,0.5,2
1,5,583,0,0,300,0.5,1700,0.5,0
1,6,110,2,10,5,0,500,0.6,1000,0.2,1400,0.2,1
1,7,346,0,0,500,0.6,1000,0.2,1400,0.2,0
1,8,193,0,0,300,0.5,1700,0.5,2
1,9,788,2,10,5,0,300,0.5,1700,0.5,2
1,10,372,1,0,500,0.6,1000,0.2,1400,0.2,0
1,11,889,1,0,300,0.5,1700,0.5,2
1,12,28,2,10,5,0,500,0.6,1000,0.2,1400,0.2,0
1,13,400,0,0,300,0.5,1700,0.5,0
1,14,360,1,0,500,0.6,1000,0.2,1400,0.2,1
1,15,724,0,0,300,0.5,1700,0.5,0
1,16,432,2,10,5,0,300,0.5,1700,0.5,1
1,17,927,1,0,300,0.5,1700,0.5,1
1,18,318,2,10,5,0,300,0.5,1700,0.5,1
1,19,961,0,0,500,0.6,1000,0.2,1400,0.2,2
2,0,709,2,10,5,0,500,0.6,1000,0.2,1400,0.2,2
2,1,857,1,0,500,0.6,1000,0.2,1400,0.2,2
2,2,921,0,0,500,0.6,1000,0.2,1400,0.2,2
2,3,850,1,0,500,0.6,1000,0.2,1400,0.2,2
2,4,406,2,10,5,0,300,0.5,1700,0.5,1
2,5,332,1,0,500,0.6,1000,0.2,1400,0.2,2
2,6,575,1,0,500,0.6,1000,0.2,1400,0.2,2
2,7,24,0,0,300,0.5,1700,0.5,2
2,8,736,2,10,5,0,300,0.5,1700,0.5,1
2,9,169,0,0,500,0.6,1000,0.2,1400,0.2,2
2,10,308,1,0,300,0.5,1700,0.5,0
2,11,437,0,0,500,0.6,1000,0.2,1400,0.2,0
2,12,733,0,0,500,0.6,1000,0.2,1400,0.2,1
2,13,816,2,10,5,0,500,0.6,1000,0.2,1400,0.2,1
2,14,440,2,10,5,0,300,0.5,1700,0.5,1
2,15,619,0,0,500,0.6,1000,0.2,1400,0.2,1
2,16,743,1,0,500,0.6,1000,0.2,1400,0.2,1
2,17,830,1,0,300,0.5,1700,0.5,2
2,18,611,1,0,500,0.6,1000,0.2,1400,0.2,0
2,19,132,2,10,5,0,300,0.5,1700,0.5,0
3,0,87,1,0,500,0.6,1000,0.2,1400,0.2,1
3,1,337,2,10,5,0,500,0.6,1000,0.2,1400,0.2,0
3,2,162,2,10,5,0,500,0.6,1000,0.2,1400,0.2,0
3,3,79,1,0,500,0.6,1000,0.2,1400,0.2,2
3,4,576,0,0,500,0.6,1000,0.2,1400,0.2,2
3,5,932,2,10,5,0,500,0.6,1000,0.2,1400,0.2,2
3,6,160,1,0,500,0.6,1000,0.2,1400,0.2,0
3,7,424,0,0,500,0.6,1000,0.2,1400,0.2,1
3,8,619,2,10,5,0,500,0.6,1000,0.2,1400,0.2,0
3,9,531,1,0,500,0.6,1000,0.2,1400,0.2,0
3,10,524,2,10,5,0,500,0.6,1000,0.2,1400,0.2,2
3,11,590,1,0,500,0.6,1000,0.2,1400,0.2,0
3,12,644,2,10,5,0,500,0.6,1000,0.2,1400,0.2,1
3,13,686,2,10,5,0,300,0.5,1700,0.5,0
3,14,38,0,0,500,0.6,1000,0.2,1400,0.2,1
3,15,570,0,0,300,0.5,1700,0.5,1
3,16,665,1,0,500,0.6,1000,0.2,1400,0.2,2
3,17,408,0,0,300,0.5,1700,0.5,2
3,18,293,2,10,5,0,300,0.5,1700,0.5,0
3,19,165,0,0,300,0.5,1700,0.5,1
4,0,264,1,0,500,0.6,1000,0.2,1400,0.2,1
4,1,189,2,10,5,0,300,0.5,1700,0.5,1
4,2,753,1,0,500,0.6,1000,0.2,1400,0.2,0
4,3,677,2,10,5,0,300,0.5,1700,0.5,1
4,4,24,1,0,500,0.6,1000,0.2,1400,0.2,2
4,5,210,1,0,300,0.5,1700,0.5,1
4,6,969,0,0,500,0.6,1000,0.2,1400,0.2,0
4,7,452,1,0,500,0.6,1000,0.2,1400,0.2,2
4,8,293,2,10,5,0,300,0.5,1700,0.5,1
4,9,90,0,0,500,0.6,1000,0.2,1400,0.2,2
4,10,867,0,0,300,0.5,1700,0.5,1
4,11,846,1,0,500,0.6,1000,0.2,1400,0.2,2
4,12,388,1,0,500,0.6,1000,0.2,1400,0.2,0
4,13,785,0,0,300,0.5,1700,0.5,1
4,14,447,2,10,5,0,300,0.5,1700,0.5,1
4,15,459,0,0,300,0.5,1700,0.5,1
4,16,691,2,10,5,0,300,0.5,1700,0.5,0
4,17,706,2,10,5,0,300,0.5,1700,0.5,0
4,18,718,0,0,300,0.5,1700,0.5,0
4,19,963,0,0,300,0.5,1700,0.5,2
5,0,560,0,0,300,0.5,1700,0.5,1
5,1,73,0,0,300,0.5,1700,0.5,2
5,2,294,0,0,500,0.6,1000,0.2,1400,0.2,1
5,3,466,2,10,5,0,500,0.6,1000,0.2,1400,0.2,1
5,4,340,0,0,500,0.6,1000,0.2,1400,0.2,0
5,5,733,2,10,5,0,500,0.6,1000,0.2,1400,0.2,2
5,6,369,0,0,300,0.5,1700,0.5,2
5,7,270,2,10,5,0,300,0.5,1700,0.5,0
5,8,49,2,10,5,0,300,0.5,1700,0.5,0
5,9,642,0,0,500,0.6,1000,0.2,1400,0.2,2
5,10,290,2,10,5,0,500,0.6,1000,0.2,1400,0.2,0
5,11,425,2,10,5,0,300,0.5,1700,0.5,0
5,12,132,1,0,500,0.6,1000,0.2,1400,0.2,2
5,13,512,2,10,5,0,500,0.6,1000,0.2,1400,0.2,2
5,14,408,1,0,500,0.6,1000,0.2,1400,0.2,2
5,15,556,2,10,5,0,300,0.5,1700,0.5,2
5,16,596,1,0,300,0.5,1700,0.5,0
5,17,133,1,0,500,0.6,1000,0.2,1400,0.2,0
5,18,464,2,10,5,0,500,0.6,1000,0.2,1400,0.2,0
5,19,989,2,10,5,0,300,0.5,1700,0.5,0
6,0,97,2,10,5,0,500,0.6,1000,0.2,1400,0.2,0
6,1,625,0,0,500,0.6,1000,0.2,1400,0.2,0
6,2,936,2,10,5,0,300,0.5,1700,0.5,1
6,3,345,2,10,5,0,500,0.6,1000,0.2,1400,0.2,0
6,4,835,0,0,500,0.6,1000,0.2,1400,0.2,0
6,5,582,1,0,500,0.6,1000,0.2,1400,0.2,2
6,6,24,1,0,500,0.6,1000,0.2,1400,0.2,1
6,7,645,0,0,500,0.6,1000,0.2,1400,0.2,1
6,8,608,2,10,5,0,500,0.6,1000,0.2,1400,0.2,1
6,9,837,0,0,300,0.5,1700,0.5,2
6,10,796,1,0,300,0.5,1700,0.5,0
6,11,113,1,0,500,0.6,1000,0.2,1400,0.2,1
6,12,53,0,0,500,0.6,1000,0.2,1400,0.2,2
6,13,858,2,10,5,0,300,0.5,1700,0.5,1
6,14,486,0,0,500,0.6,1000,0.2,1400,0.2,1
6,15,468,1,0,500,0.6,1000,0.2,1400,0.2,0
6,16,673,1,0,500,0.6,1000,0.2,1400,0.2,1
6,17,281,2,10,5,0,500,0.6,1000,0.2,1400,0.2,2
6,18,61,1,0,300,0.5,1700,0.5,0
6,19,885,1,0,300,0.5,1700,0.5,2
7,0,938,1,0,300,0.5,1700,0.5,2
7,1,785,2,10,5,0,500,0.6,1000,0.2,1400,0.2,2
7,2,484,0,0,300,0.5,1700,0.5,1
7,3,567,1,0,500,0.6,1000,0.2,1400,0.2,0
7,4,625,1,0,500,0.6,1000,0.2,1400,0.2,2
7,5,715,0,0,300,0.5,1700,0.5,0
7,6,145,2,10,5,0,300,0.5,1700,0.5,0
7,7,793,2,10,5,0,500,0.6,1000,0.2,1400,0.2,0
7,8,923,2,10,5,0,500,0.6,1000,0.2,1400,0.2,1
7,9,1000,2,10,5,0,300,0.5,1700,0.5,0
7,10,346,0,0,500,0.6,1000,0.2,1400,0.2,1
7,11,167,1,0,500,0.6,1000,0.2,1400,0.2,1
7,12,259,2,10,5,0,300,0.5,1700,0.5,1
7,13,321,2,10,5,0,300,0.5,1700,0.5,2
7,14,367,0,0,300,0.5,1700,0.5,2
7,15,710,1,0,300,0.5,1700,0.5,0
7,16,487,2,10,5,0,300,0.5,1700,0.5,0
7,17,922,0,0,300,0.5,1700,0.5,1
7,18,649,1,0,500,0.6,1000,0.2,1400,0.2,2
7,19,98,0,0,500,0.6,1000,0.2,1400,0.2,0
8,0,957,2,10,5,0,300,0.5,1700,0.5,0
8,1,955,1,0,500,0.6,1000,0.2,1400,0.2,2
8,2,440,2,10,5,0,300,0.5,1700,0.5,1
8,3,179,0,0,500,0.6,1000,0.2,1400,0.2,2
8,4,980,1,0,500,0.6,1000,0.2,1400,0.2,0
8,5,478,1,0,500,0.6,1000,0.2,1400,0.2,1
8,6,917,1,0,500,0.6,1000,0.2,1400,0.2,1
8,7,849,1,0,300,0.5,1700,0.5,0
8,8,868,0,0,500,0.6,1000,0.2,1400,0.2,1
8,9,943,0,0,500,0.6,1000,0.2,1400,0.2,2
8,10,489,0,0,300,0.5,1700,0.5,1
8,11,989,1,0,300,0.5,1700,0.5,2
8,12,525,2,10,5,0,300,0.5,1700,0.5,2
8,13,424,1,0,500,0.6,1000,0.2,1400,0.2,2
8,14,106,2,10,5,0,500,0.6,1000,0.2,1400,0.2,2
8,15,387,0,0,500,0.6,1000,0.2,1400,0.2,2
8,16,29,1,0,500,0.6,1000,0.2,1400,0.2,2
8,17,922,0,0,500,0.6,1000,0.2,1400,0.2,1
8,18,905,2,10,5,0,500,0.6,1000,0.2,1400,0.2,1
8,19,128,2,10,5,0,300,0.5,1700,0.5,2
9,0,634,0,0,300,0.5,1700,0.5,1
9,1,575,2,10,5,0,500,0.6,1000,0.2,1400,0.2,0
9,2,728,2,10,5,0,500,0.6,1000,0.2,1400,0.2,2
9,3,542,1,0,300,0.5,1700,0.5,1
9,4,823,0,0,500,0.6,1000,0.2,1400,0.2,0
9,5,219,1,0,500,0.6,1000,0.2,1400,0.2,1
9,6,416,2,10,5,0,300,0.5,1700,0.5,2
9,7,55,2,10,5,0,500,0.6,1000,0.2,1400,0.2,2
9,8,152,2,10,5,0,500,0.6,1000,0.2,1400,0.2,0
9,9,354,0,0,500,0.6,1000,0.2,1400,0.2,2
9,10,484,2,10,5,0,500,0.6,1000,0.2,1400,0.2,0
9,11,366,0,0,500,0.6,1000,0.2,1400,0.2,2
9,12,443,2,10,5,0,300,0.5,1700,0.5,0
9,13,94,1,0,500,0.6,1000,0.2,1400,0.2,0
9,14,737,0,0,300,0.5,1700,0.5,0
9,15,205,2,10,5,0,300,0.5,1700,0.5,1
9,16,454,1,0,300,0.5,1700,0.5,2
9,17,18,2,10,5,0,300,0.5,1700,0.5,0
9,18,503,1,0,500,0.6,1000,0.2,1400,0.2,1
9,19,572,1,0,300,0.5,1700,0.5,1
10,0,196,1,0,500,0.6,1000,0.2,1400,0.2,2
10,1,80,0,0,300,0.5,1700,0.5,1
10,2,73,0,0,300,0.5,1700,0.5,1
10,3,836,0,0,300,0.5,1700,0.5,0
10,4,613,2,10,5,0,300,0.5,1700,0.5,2
10,5,832,1,0,500,0.6,1000,0.2,1400,0.2,1
10,6,805,2,10,5,0,500,0.6,1000,0.2,1400,0.2,2
10,7,341,0,0,300,0.5,1700,0.5,2
10,8,461,0,0,500,0.6,1000,0.2,1400,0.2,2
10,9,779,2,10,5,0,300,0.5,1700,0.5,2
10,10,25,0,0,300,0.5,1700,0.5,2
10,11,785,1,0,500,0.6,1000,0.2,1400,0.2,0
10,12,888,1,0,300,0.5,1700,0.5,0
10,13,108,0,0,300,0.5,1700,0.5,2
10,14,838,1,0,500,0.6,1000,0.2,1400,0.2,1
10,15,857,2,10,5,0,500,0.6,1000,0.2,1400,0.2,0
10,16,493,0,0,300,0.5,1700,0.5,0
10,17,837,1,0,300,0.5,1700,0.5,1
10,18,276,1,0,300,0.5,1700,0.5,1
10,19,33,1,0,300,0.5,1700,0.5,2
11,0,981,1,0,500,0.6,1000,0.2,1400,0.2,2
11,1,393,2,10,5,0,300,0.5,1700,0.5,1
11,2,823,2,10,5,0,500,0.6,1000,0.2,1400,0.2,0
11,3,489,0,0,500,0.6,1000,0.2,1400,0.2,2
11,4,674,2,10,5,0,500,0.6,1000,0.2,1400,0.2,0
11,5,419,2,10,5,0,300,0.5,1700,0.5,0
11,6,896,0,0,300,0.5,1700,0.5,0
11,7,850,0,0,300,0.5,1700,0.5,1
11,8,151,2,10,5,0,300,0.5,1700,0.5,2
11,9,338,1,0,300,0.5,1700,0.5,1
11,10,409,1,0,300,0.5,1700,0.5,0
11,11,939,0,0,500,0.6,1000,0.2,1400,0.2,0
11,12,57,1,0,300,0.5,1700,0.5,1
11,13,590,0,0,300,0.5,1700,0.5,2
11,14,428,2,10,5,0,500,0.6,1000,0.2,1400,0.2,2
11,15,14,1,0,500,0.6,1000,0.2,1400,0.2,2
11,16,274,2,10,5,0,300,0.5,1700,0.5,2
11,17,664,1,0,300,0.5,1700,0.5,1
11,18,32,1,0,300,0.5,1700,0.5,1
11,19,956,1,0,500,0.6,1000,0.2,1400,0.2,2
12,0,967,0,0,300,0.5,1700,0.5,2
12,1,70,1,0,500,0.6,1000,0.2,1400,0.2,0
12,2,140,0,0,300,0.5,1700,0.5,0
12,3,974,2,10,5,0,500,0.6,1000,0.2,1400,0.2,0
12,4,943,0,0,500,0.6,1000,0.2,1400,0.2,2
12,5,969,0,0,300,0.5,1700,0.5,2
12,6,329,0,0,500,0.6,1000,0.2,1400,0.2,2
12,7,728,0,0,300,0.5,1700,0.5,1
12,8,900,1,0,300,0.5,1700,0.5,2
12,9,886,2,10,5,0,300,0.5,1700,0.5,1
12,10,481,1,0,500,0.6,1000,0.2,1400,0.2,1
12,11,177,1,0,500,0.6,1000,0.2,1400,0.2,2
12,12,877,2,10,5,0,500,0.6,1000,0.2,1400,0.2,0
12,13,258,2,10,5,0,500,0.6,1000,0.2,1400,0.2,1
12,14,923,1,0,300,0.5,1700,0.5,1
12,15,417,2,10,5,0,500,0.6,1000,0.2,1400,0.2,1
12,16,322,0,0,500,0.6,1000,0.2,1400,0.2,0
12,17,588,0,0,300,0.5,1700,0.5,1
12,18,950,0,0,500,0.6,1000,0.2,1400,0.2,0
12,19,886,0,0,500,0.6,1000,0.2,1400,0.2,0
13,0,462,1,0,300,0.5,1700,0.5,0
13,1,431,0,0,300,0.5,1700,0.5,2
13,2,972,0,0,500,0.6,1000,0.2,1400,0.2,0
13,3,637,1,0,500,0.6,1000,0.2,1400,0.2,2
13,4,683,1,0,500,0.6,1000,0.2,1400,0.2,2
13,5,163,2,10,5,0,500,0.6,1000,0.2,1400,0.2,1
13,6,413,0,0,300,0.5,1700,0.5,1
13,7,266,1,0,300,0.5,1700,0.5,2
13,8,312,2,10,5,0,500,0.6,1000,0.2,1400,0.2,0
13,9,875,1,0,500,0.6,1000,0.2,1400,0.2,0
13,10,401,1,0,300,0.5,1700,0.5,2
13,11,43,2,10,5,0,300,0.5,1700,0.5,1
13,12,59,1,0,300,0.5,1700,0.5,1
13,13,54,0,0,300,0.5,1700,0.5,0
13,14,864,2,10,5,0,300,0.5,1700,0.5,2
13,15,430,0,0,500,0.6,1000,0.2,1400,0.2,0
13,16,884,0,0,300,0.5,1700,0.5,0
13,17,199,2,10,5,0,300,0.5,1700,0.5,2
13,18,824,0,0,500,0.6,1000,0.2,1400,0.2,2
13,19,642,1,0,300,0.5,1700,0.5,1
14,0,924,0,0,300,0.5,1700,0.5,0
14,1,557,1,0,300,0.5,1700,0.5,1
14,2,386,0,0,300,0.5,1700,0.5,1
14,3,437,0,0,500,0.6,1000,0.2,1400,0.2,0
14,4,850,1,0,500,0.6,1000,0.2,1400,0.2,0
14,5,867,1,0,300,0.5,1700,0.5,0
14,6,791,0,0,300,0.5,1700,0.5,1
14,7,655,1,0,300,0.5,1700,0.5,0
14,8,247,2,10,5,0,500,0.6,1000,0.2,1400,0.2,0
14,9,157,1,0,500,0.6,1000,0.2,1400,0.2,2
14,10,907,0,0,500,0.6,1000,0.2,1400,0.2,2
14,11,779,0,0,500,0.6,1000,0.2,1400,0.2,2
14,12,621,1,0,500,0.6,1000,0.2,1400,0.2,0
14,13,738,2,10,5,0,500,0.6,1000,0.2,1400,0.2,1
14,14,593,2,10,5,0,500,0.6,1000,0.2,1400,0.2,0
14,15,679,1,0,500,0.6,1000,0.2,1400,0.2,1
14,16,265,2,10,5,0,500,0.6,1000,0.2,1400,0.2,0
14,17,267,0,0,300,0.5,1700,0.5,1
14,18,125,0,0,500,0.6,1000,0.2,1400,0.2,1
14,19,16,1,0,300,0.5,1700,0.5,1
15,0,823,0,0,500,0.6,1000,0.2,1400,0.2,2
15,1,122,2,10,5,0,500,0.6,1000,0.2,1400,0.2,0
15,2,893,1,0,300,0.5,1700,0.5,0
15,3,146,1,0,500,0.6,1000,0.2,1400,0.2,2
15,4,529,2,10,5,0,500,0.6,1000,0.2,1400,0.2,2
15,5,766,1,0,300,0.5,1700,0.5,2
15,6,575,2,10,5,0,300,0.5,1700,0.5,2
15,7,699,2,10,5,0,300,0.5,1700,0.5,2
15,8,448,0,0,500,0.6,1000,0.2,1400,0.2,2
15,9,671,0,0,300,0.5,1700,0.5,1
15,10,403,2,10,5,0,500,0.6,1000,0.2,1400,0.2,2
15,11,290,2,10,5,0,300,0.5,1700,0.5,1
15,12,766,2,10,5,0,300,0.5,1700,0.5,0
15,13,267,0,0,300,0.5,1700,0.5,0
15,14,148,2,10,5,0,500,0.6,1000,0.2,1400,0.2,2
15,15,849,1,0,300,0.5,1700,0.5,1
15,16,640,0,0,500,0.6,1000,0.2,1400,0.2,2
15,17,508,1,0,300,0.5,1700,0.5,0
15,18,920,2,10,5,0,500,0.6,1000,0.2,1400,0.2,1
15,19,870,1,0,300,0.5,1700,0.5,2
16,0,606,0,0,500,0.6,1000,0.2,1400,0.2,2
16,1,608,1,0,300,0.5,1700,0.5,0
16,2,68,0,0,300,0.5,1700,0.5,0
16,3,209,0,0,300,0.5,1700,0.5,2
16,4,161,1,0,500,0.6,1000,0.2,1400,0.2,2
16,5,833,0,0,500,0.6,1000,0.2,1400,0.2,2
16,6,337,2,10,5,0,500,0.6,1000,0.2,1400,0.2,1
16,7,788,2,10,5,0,500,0.6,1000,0.2,1400,0.2,1
16,8,826,0,0,300,0.5,1700,0.5,0
16,9,345,1,0,300,0.5,1700,0.5,1
16,10,193,2,10,5,0,500,0.6,1000,0.2,1400,0.2,0
16,11,481,1,0,300,0.5,1700,0.5,0
16,12,221,2,10,5,0,300,0.5,1700,0.5,1
16,13,297,1,0,300,0.5,1700,0.5,0
16,14,904,2,10,5,0,500,0.6,1000,0.2,1400,0.2,1
16,15,200,2,10,5,0,300,0.5,1700,0.5,0
16,16,226,2,10,5,0,300,0.5,1700,0.5,1
16,17,871,0,0,500,0.6,1000,0.2,1400,0.2,2
16,18,490,2,10,5,0,500,0.6,1000,0.2,1400,0.2,1
16,19,157,2,10,5,0,500,0.6,1000,0.2,1400,0.2,1
17,0,486,2,10,5,0,300,0.5,1700,0.5,1
17,1,488,0,0,500,0.6,1000,0.2,1400,0.2,2
17,2,32,0,0,500,0.6,1000,0.2,1400,0.2,1
17,3,178,2,10,5,0,300,0.5,1700,0.5,1
17,4,481,2,10,5,0,300,0.5,1700,0.5,2
17,5,595,0,0,500,0.6,1000,0.2,1400,0.2,1
17,6,997,0,0,500,0.6,1000,0.2,1400,0.2,1
17,7,561,1,0,500,0.6,1000,0.2,1400,0.2,1
17,8,493,0,0,300,0.5,1700,0.5,2
17,9,885,1,0,300,0.5,1700,0.5,0
17,10,633,0,0,300,0.5,1700,0.5,1
17,11,423,2,10,5,0,500,0.6,1000,0.2,1400,0.2,2
17,12,338,1,0,500,0.6,1000,0.2,1400,0.2,0
17,13,174,1,0,500,0.6,1000,0.2,1400,0.2,1
17,14,507,0,0,300,0.5,1700,0.5,2
17,15,401,1,0,500,0.6,1000,0.2,1400,0.2,0
17,16,710,2,10,5,0,300,0.5,1700,0.5,1
17,17,107,1,0,300,0.5,1700,0.5,0
17,18,231,0,0,500,0.6,1000,0.2,1400,0.2,1
17,19,265,2,10,5,0,300,0.5,1700,0.5,1
18,0,67,2,10,5,0,500,0.6,1000,0.2,1400,0.2,1
18,1,754,0,0,300,0.5,1700,0.5,0
18,2,746,0,0,300,0.5,1700,0.5,2
18,3,25,1,0,300,0.5,1700,0.5,1
18,4,97,0,0,300,0.5,1700,0.5,0
18,5,402,0,0,300,0.5,1700,0.5,1
18,6,717,2,10,5,0,300,0.5,1700,0.5,2
18,7,630,1,0,300,0.5,1700,0.5,0
18,8,83,1,0,300,0.5,1700,0.5,1
18,9,394,0,0,500,0.6,1000,0.2,1400,0.2,0
18,10,642,1,0,300,0.5,1700,0.5,2
18,11,842,2,10,5,0,500,0.6,1000,0.2,1400,0.2,1
18,12,113,2,10,5,0,500,0.6,1000,0.2,1400,0.2,2
18,13,145,1,0,500,0.6,1000,0.2,1400,0.2,0
18,14,930,1,0,300,0.5,1700,0.5,1
18,15,111,2,10,5,0,300,0.5,1700,0.5,2
18,16,192,2,10,5,0,300,0.5,1700,0.5,0
18,17,268,2,10,5,0,500,0.6,1000,0.2,1400,0.2,0
18,18,171,1,0,500,0.6,1000,0.2,1400,0.2,1
18,19,544,2,10,5,0,300,0.5,1700,0.5,1
19,0,85,0,0,500,0.6,1000,0.2,1400,0.2,1
19,1,250,0,0,500,0.6,1000,0.2,1400,0.2,1
19,2,978,1,0,500,0.6,1000,0.2,1400,0.2,0
19,3,763,1,0,500,0.6,1000,0.2,1400,0.2,2
19,4,310,1,0,500,0.6,1000,0.2,1400,0.2,1
19,5,760,2,10,5,0,300,0.5,1700,0.5,1
19,6,213,0,0,300,0.5,1700,0.5,2
19,7,152,1,0,500,0.6,1000,0.2,1400,0.2,0
19,8,112,0,0,300,0.5,1700,0.5,2
19,9,683,0,0,300,0.5,1700,0.5,0
19,10,653,2,10,5,0,300,0.5,1700,0.5,1
19,11,254,0,0,300,0.5,1700,0.5,1
19,12,790,0,0,300,0.5,1700,0.5,2
19,13,245,0,0,300,0.5,1700,0.5,0
19,14,446,2,10,5,0,300,0.5,1700,0.5,1
19,15,581,2,10,5,0,500,0.6,1000,0.2,1400,0.2,1
19,16,120,2,10,5,0,300,0.5,1700,0.5,0
19,17,93,2,10,5,0,300,0.5,1700,0.5,2
19,18,979,0,0,300,0.5,1700,0.5,1
19,19,646,1,0,500,0.6,1000,0.2,1400,0.2,1
