0,0,500,1,0,300,0.5,1700,0.5,0
0,1,469,2,10,5,0,300,0.5,1700,0.5,1
0,2,908,0,0,500,0.6,1000,0.2,1400,0.2,1
0,3,892,0,0,300,0.5,1700,0.5,1
0,4,271,0,0,300,0.5,1700,0.5,0
0,5,49,2,10,5,0,300,0.5,1700,0.5,2
0,6,52,2,10,5,0,500,0.6,1000,0.2,1400,0.2,0
0,7,791,2,10,5,0,300,0.5,1700,0.5,2
0,8,992,0,0,500,0.6,1000,0.2,1400,0.2,1
0,9,448,1,0,300,0.5,1700,0.5,0
0,10,666,0,0,300,0.5,1700,0.5,2
0,11,941,0,0,500,0.6,1000,0.2,1400,0.2,0
0,12,384,0,0,300,0.5,1700,0.5,0
0,13,806,1,0,300,0.5,1700,0.5,1
0,14,522,2,10,5,0,500,0.6,1000,0.2,1400,0.2,1
0,15,504,0,0,500,0.6,1000,0.2,1400,0.2,0
0,16,978,1,0,300,0.5,1700,0.5,1
0,17,353,1,0,500,0.6,1000,0.2,1400,0.2,2
0,18,404,1,0,300,0.5,1700,0.5,0
0,19,16,1,0,300,0.5,1700,0.5,0
1,0,695,1,0,500,0.6,1000,0.2,1400,0.2,0
1,1,928,1,0,500,0.6,1000,0.2,1400,0.2,1
1,2,118,1,0,500,0.6,1000,0.2,1400,0.2,2
1,3,914,2,10,5,0,500,0.6,1000,0.2,1400,0.2,1
1,4,566,0,0,500,0.6,1000,0.2,1400,0.2,1
1,5,118,2,10,5,0,300,0.5,1700,0.5,2
1,6,468,2,10,5,0,500,0.6,1000,0.2,1400,0.2,0
1,7,338,1,0,500,0.6,1000,0.2,1400,0.2,1
1,8,864,0,0,300,0.5,1700,0.5,0
1,9,344,2,10,5,0,300,0.5,1700,0.5,2
1,10,370,2,10,5,0,300,0.5,1700,0.5,1
1,11,855,1,0,500,0.6,1000,0.2,1400,0.2,0
1,12,212,1,0,500,0.6,1000,0.2,1400,0.2,1
1,13,643,1,0,300,0.5,1700,0.5,1
1,14,380,1,0,500,0.6,1000,0.2,1400,0.2,2
1,15,671,2,10,5,0,300,0.5,1700,0.5,1
1,16,908,1,0,300,0.5,1700,0.5,0
1,17,838,0,0,300,0.5,1700,0.5,2
1,18,520,2,10,5,0,300,0.5,1700,0.5,2
1,19,833,1,0,500,0.6,1000,0.2,1400,0.2,2
2,0,716,1,0,300,0.5,1700,0.5,1
2,1,253,2,10,5,0,300,0.5,1700,0.5,1
2,2,328,2,10,5,0,500,0.6,1000,0.2,1400,0.2,0
2,3,748,1,0,300,0.5,1700,0.5,2
2,4,944,1,0,300,0.5,1700,0.5,0
2,5,605,0,0,300,0.5,1700,0.5,0
2,6,813,1,0,300,0.5,1700,0.5,1
2,7,974,2,10,5,0,500,0.6,1000,0.2,1400,0.2,1
2,8,42,0,0,300,0.5,1700,0.5,2
2,9,792,0,0,500,0.6,1000,0.2,1400,0.2,1
2,10,667,2,10,5,0,500,0.6,1000,0.2,1400,0.2,1
2,11,41,0,0,300,0.5,1700,0.5,2
2,12,650,2,10,5,0,500,0.6,1000,0.2,1400,0.2,1
2,13,479,1,0,300,0.5,1700,0.5,1
2,14,800,2,10,5,0,500,0.6,1000,0.2,1400,0.2,2
2,15,143,2,10,5,0,300,0.5,1700,0.5,1
2,16,805,0,0,500,0.6,1000,0.2,1400,0.2,0
2,17,327,0,0,500,0.6,1000,0.2,1400,0.2,2
2,18,184,0,0,300,0.5,1700,0.5,2
2,19,163,2,10,5,0,500,0.6,1000,0.2,1400,0.2,0
3,0,49,2,10,5,0,500,0.6,1000,0.2,1400,0.2,2
3,1,672,2,10,5,0,300,0.5,1700,0.5,2
3,2,373,2,10,5,0,500,0.6,1000,0.2,1400,0.2,2
3,3,442,1,0,500,0.6,1000,0.2,1400,0.2,0
3,4,201,0,0,500,0.6,1000,0.2,1400,0.2,0
3,5,268,2,10,5,0,500,0.6,1000,0.2,1400,0.2,0
3,6,623,1,0,500,0.6,1000,0.2,1400,0.2,2
3,7,825,1,0,300,0.5,1700,0.5,1
3,8,981,2,10,5,0,300,0.5,1700,0.5,2
3,9,180,0,0,300,0.5,1700,0.5,0
3,10,522,0,0,300,0.5,1700,0.5,2
3,11,71,1,0,300,0.5,1700,0.5,0
3,12,279,2,10,5,0,300,0.5,1700,0.5,2
3,13,724,2,10,5,0,500,0.6,1000,0.2,1400,0.2,1
3,14,605,1,0,500,0.6,1000,0.2,1400,0.2,1
3,15,154,1,0,300,0.5,1700,0.5,1
3,16,999,1,0,300,0.5,1700,0.5,2
3,17,349,1,0,500,0.6,1000,0.2,1400,0.2,1
3,18,901,1,0,300,0.5,1700,0.5,1
3,19,192,1,0,500,0.6,1000,0.2,1400,0.2,1
4,0,441,2,10,5,0,500,0.6,1000,0.2,1400,0.2,2
4,1,813,1,0,500,0.6,1000,0.2,1400,0.2,1
4,2,757,0,0,300,0.5,1700,0.5,0
4,3,45,0,0,300,0.5,1700,0.5,0
4,4,375,1,0,300,0.5,1700,0.5,0
4,5,662,2,10,5,0,300,0.5,1700,0.5,0
4,6,144,0,0,300,0.5,1700,0.5,2
4,7,455,0,0,500,0.6,1000,0.2,1400,0.2,1
4,8,137,0,0,500,0.6,1000,0.2,1400,0.2,1
4,9,569,0,0,500,0.6,1000,0.2,1400,0.2,2
4,10,496,0,0,300,0.5,1700,0.5,0
4,11,901,0,0,500,0.6,1000,0.2,1400,0.2,1
4,12,490,0,0,300,0.5,1700,0.5,1
4,13,465,1,0,500,0.6,1000,0.2,1400,0.2,2
4,14,720,0,0,500,0.6,1000,0.2,1400,0.2,1
4,15,43,1,0,300,0.5,1700,0.5,0
4,16,978,2,10,5,0,300,0.5,1700,0.5,1
4,17,447,1,0,500,0.6,1000,0.2,1400,0.2,0
4,18,741,2,10,5,0,500,0.6,1000,0.2,1400,0.2,0
4,19,216,1,0,500,0.6,1000,0.2,1400,0.2,0
5,0,71,0,0,300,0.5,1700,0.5,0
5,1,71,2,10,5,0,500,0.6,1000,0.2,1400,0.2,2
5,2,811,0,0,500,0.6,1000,0.2,1400,0.2,0
5,3,584,2,10,5,0,300,0.5,1700,0.5,2
5,4,610,0,0,500,0.6,1000,0.2,1400,0.2,1
5,5,907,1,0,300,0.5,1700,0.5,2
5,6,677,2,10,5,0,500,0.6,1000,0.2,1400,0.2,2
5,7,825,1,0,300,0.5,1700,0.5,1
5,8,67,0,0,500,0.6,1000,0.2,1400,0.2,1
5,9,404,0,0,500,0.6,1000,0.2,1400,0.2,2
5,10,539,0,0,500,0.6,1000,0.2,1400,0.2,0
5,11,751,1,0,300,0.5,1700,0.5,0
5,12,505,0,0,300,0.5,1700,0.5,0
5,13,365,0,0,300,0.5,1700,0.5,0
5,14,159,2,10,5,0,300,0.5,1700,0.5,0
5,15,619,2,10,5,0,500,0.6,1000,0.2,1400,0.2,0
5,16,707,0,0,300,0.5,1700,0.5,2
5,17,795,0,0,500,0.6,1000,0.2,1400,0.2,0
5,18,563,2,10,5,0,500,0.6,1000,0.2,1400,0.2,1
5,19,996,0,0,500,0.6,1000,0.2,1400,0.2,2
6,0,565,1,0,500,0.6,1000,0.2,1400,0.2,2
6,1,362,1,0,500,0.6,1000,0.2,1400,0.2,1
6,2,663,1,0,500,0.6,1000,0.2,1400,0.2,2
6,3,753,2,10,5,0,500,0.6,1000,0.2,1400,0.2,0
6,4,881,2,10,5,0,300,0.5,1700,0.5,2
6,5,653,1,0,500,0.6,1000,0.2,1400,0.2,2
6,6,708,0,0,500,0.6,1000,0.2,1400,0.2,0
6,7,155,2,10,5,0,500,0.6,1000,0.2,1400,0.2,0
6,8,354,0,0,300,0.5,1700,0.5,2
6,9,895,0,0,500,0.6,1000,0.2,1400,0.2,1
6,10,887,0,0,500,0.6,1000,0.2,1400,0.2,2
6,11,174,2,10,5,0,500,0.6,1000,0.2,1400,0.2,2
6,12,961,1,0,300,0.5,1700,0.5,0
6,13,976,2,10,5,0,300,0.5,1700,0.5,1
6,14,514,0,0,300,0.5,1700,0.5,1
6,15,157,0,0,500,0.6,1000,0.2,1400,0.2,2
6,16,348,0,0,300,0.5,1700,0.5,1
6,17,833,2,10,5,0,500,0.6,1000,0.2,1400,0.2,1
6,18,495,0,0,500,0.6,1000,0.2,1400,0.2,1
6,19,285,2,10,5,0,500,0.6,1000,0.2,1400,0.2,2
7,0,280,0,0,300,0.5,1700,0.5,0
7,1,334,2,10,5,0,500,0.6,1000,0.2,1400,0.2,2
7,2,895,0,0,300,0.5,1700,0.5,1
7,3,266,0,0,300,0.5,1700,0.5,2
7,4,949,1,0,300,0.5,1700,0.5,2
7,5,862,1,0,500,0.6,1000,0.2,1400,0.2,1
7,6,49,1,0,300,0.5,1700,0.5,1
7,7,841,2,10,5,0,300,0.5,1700,0.5,0
7,8,307,0,0,300,0.5,1700,0.5,2
7,9,278,0,0,300,0.5,1700,0.5,0
7,10,228,0,0,300,0.5,1700,0.5,2
7,11,280,1,0,300,0.5,1700,0.5,0
7,12,348,2,10,5,0,300,0.5,1700,0.5,0
7,13,573,2,10,5,0,500,0.6,1000,0.2,1400,0.2,1
7,14,767,1,0,500,0.6,1000,0.2,1400,0.2,2
7,15,767,2,10,5,0,300,0.5,1700,0.5,1
7,16,813,0,0,300,0.5,1700,0.5,2
7,17,788,0,0,300,0.5,1700,0.5,0
7,18,222,2,10,5,0,300,0.5,1700,0.5,0
7,19,287,2,10,5,0,300,0.5,1700,0.5,1
8,0,673,2,10,5,0,300,0.5,1700,0.5,2
8,1,777,0,0,300,0.5,1700,0.5,0
8,2,373,0,0,300,0.5,1700,0.5,1
8,3,138,1,0,300,0.5,1700,0.5,1
8,4,245,2,10,5,0,300,0.5,1700,0.5,2
8,5,422,1,0,500,0.6,1000,0.2,1400,0.2,1
8,6,38,0,0,300,0.5,1700,0.5,2
8,7,860,2,10,5,0,300,0.5,1700,0.5,0
8,8,314,0,0,500,0.6,1000,0.2,1400,0.2,0
8,9,668,2,10,5,0,500,0.6,1000,0.2,1400,0.2,2
8,10,431,0,0,500,0.6,1000,0.2,1400,0.2,0
8,11,596,2,10,5,0,300,0.5,1700,0.5,2
8,12,326,2,10,5,0,500,0.6,1000,0.2,1400,0.2,0
8,13,426,0,0,300,0.5,1700,0.5,0
8,14,674,0,0,300,0.5,1700,0.5,1
8,15,573,0,0,500,0.6,1000,0.2,1400,0.2,2
8,16,862,1,0,300,0.5,1700,0.5,2
8,17,108,0,0,500,0.6,1000,0.2,1400,0.2,2
8,18,353,0,0,300,0.5,1700,0.5,1
8,19,706,0,0,300,0.5,1700,0.5,0
9,0,249,0,0,300,0.5,1700,0.5,1
9,1,249,0,0,500,0.6,1000,0.2,1400,0.2,1
9,2,994,2,10,5,0,500,0.6,1000,0.2,1400,0.2,1
9,3,777,0,0,300,0.5,1700,0.5,2
9,4,16,2,10,5,0,300,0.5,1700,0.5,2
9,5,265,1,0,300,0.5,1700,0.5,1
9,6,290,0,0,300,0.5,1700,0.5,2
9,7,742,1,0,500,0.6,1000,0.2,1400,0.2,1
9,8,560,1,0,300,0.5,1700,0.5,0
9,9,387,1,0,300,0.5,1700,0.5,2
9,10,474,1,0,500,0.6,1000,0.2,1400,0.2,2
9,11,804,0,0,500,0.6,1000,0.2,1400,0.2,0
9,12,400,2,10,5,0,500,0.6,1000,0.2,1400,0.2,0
9,13,607,2,10,5,0,500,0.6,1000,0.2,1400,0.2,0
9,14,350,0,0,300,0.5,1700,0.5,0
9,15,508,1,0,500,0.6,1000,0.2,1400,0.2,2
9,16,181,0,0,500,0.6,1000,0.2,1400,0.2,1
9,17,633,2,10,5,0,500,0.6,1000,0.2,1400,0.2,2
9,18,261,1,0,300,0.5,1700,0.5,0
9,19,799,2,10,5,0,500,0.6,1000,0.2,1400,0.2,0
10,0,778,2,10,5,0,500,0.6,1000,0.2,1400,0.2,1
10,1,173,2,10,5,0,500,0.6,1000,0.2,1400,0.2,2
10,2,914,0,0,500,0.6,1000,0.2,1400,0.2,2
10,3,814,2,10,5,0,300,0.5,1700,0.5,2
10,4,386,2,10,5,0,500,0.6,1000,0.2,1400,0.2,1
10,5,453,0,0,300,0.5,1700,0.5,0
10,6,117,1,0,500,0.6,1000,0.2,1400,0.2,1
10,7,815,0,0,500,0.6,1000,0.2,1400,0.2,2
10,8,257,0,0,300,0.5,1700,0.5,0
10,9,927,1,0,300,0.5,1700,0.5,2
10,10,438,1,0,500,0.6,1000,0.2,1400,0.2,2
10,11,419,1,0,300,0.5,1700,0.5,0
10,12,534,1,0,500,0.6,1000,0.2,1400,0.2,1
10,13,740,0,0,300,0.5,1700,0.5,1
10,14,369,2,10,5,0,500,0.6,1000,0.2,1400,0.2,2
10,15,177,0,0,300,0.5,1700,0.5,2
10,16,433,0,0,500,0.6,1000,0.2,1400,0.2,0
10,17,682,0,0,300,0.5,1700,0.5,2
10,18,996,1,0,300,0.5,1700,0.5,2
10,19,919,1,0,500,0.6,1000,0.2,1400,0.2,1
11,0,988,2,10,5,0,300,0.5,1700,0.5,2
11,1,605,1,0,500,0.6,1000,0.2,1400,0.2,2
11,2,588,1,0,300,0.5,1700,0.5,2
11,3,905,1,0,300,0.5,1700,0.5,0
11,4,626,1,0,300,0.5,1700,0.5,1
11,5,920,0,0,300,0.5,1700,0.5,1
11,6,207,2,10,5,0,500,0.6,1000,0.2,1400,0.2,0
11,7,523,0,0,300,0.5,1700,0.5,0
11,8,676,1,0,300,0.5,1700,0.5,1
11,9,620,1,0,500,0.6,1000,0.2,1400,0.2,2
11,10,894,2,10,5,0,300,0.5,1700,0.5,0
11,11,278,1,0,300,0.5,1700,0.5,1
11,12,777,0,0,500,0.6,1000,0.2,1400,0.2,0
11,13,665,2,10,5,0,300,0.5,1700,0.5,1
11,14,244,0,0,500,0.6,1000,0.2,1400,0.2,0
11,15,217,2,10,5,0,300,0.5,1700,0.5,0
11,16,607,0,0,300,0.5,1700,0.5,1
11,17,195,1,0,500,0.6,1000,0.2,1400,0.2,0
11,18,564,2,10,5,0,300,0.5,1700,0.5,0
11,19,597,0,0,300,0.5,1700,0.5,1
12,0,825,0,0,500,0.6,1000,0.2,1400,0.2,0
12,1,465,0,0,300,0.5,1700,0.5,1
12,2,325,1,0,500,0.6,1000,0.2,1400,0.2,1
12,3,403,0,0,500,0.6,1000,0.2,1400,0.2,0
12,4,56,1,0,500,0.6,1000,0.2,1400,0.2,1
12,5,715,1,0,500,0.6,1000,0.2,1400,0.2,0
12,6,641,1,0,500,0.6,1000,0.2,1400,0.2,0
12,7,809,2,10,5,0,500,0.6,1000,0.2,1400,0.2,2
12,8,826,2,10,5,0,500,0.6,1000,0.2,1400,0.2,1
12,9,909,2,10,5,0,300,0.5,1700,0.5,0
12,10,823,1,0,500,0.6,1000,0.2,1400,0.2,2
12,11,27,2,10,5,0,500,0.6,1000,0.2,1400,0.2,1
12,12,960,0,0,300,0.5,1700,0.5,1
12,13,817,0,0,300,0.5,1700,0.5,2
12,14,630,1,0,300,0.5,1700,0.5,2
12,15,518,0,0,500,0.6,1000,0.2,1400,0.2,1
12,16,592,1,0,300,0.5,1700,0.5,1
12,17,771,2,10,5,0,500,0.6,1000,0.2,1400,0.2,0
12,18,35,2,10,5,0,300,0.5,1700,0.5,2
12,19,824,2,10,5,0,500,0.6,1000,0.2,1400,0.2,2
13,0,163,0,0,300,0.5,1700,0.5,2
13,1,740,1,0,300,0.5,1700,0.5,2
13,2,172,1,0,300,0.5,1700,0.5,0
13,3,848,2,10,5,0,500,0.6,1000,0.2,1400,0.2,0
13,4,572,2,10,5,0,300,0.5,1700,0.5,0
13,5,739,0,0,300,0.5,1700,0.5,1
13,6,19,0,0,500,0.6,1000,0.2,1400,0.2,0
13,7,695,1,0,300,0.5,1700,0.5,0
13,8,918,0,0,500,0.6,1000,0.2,1400,0.2,0
13,9,300,0,0,300,0.5,1700,0.5,0
13,10,699,1,0,300,0.5,1700,0.5,2
13,11,553,2,10,5,0,500,0.6,1000,0.2,1400,0.2,2
13,12,113,1,0,500,0.6,1000,0.2,1400,0.2,1
13,13,481,0,0,500,0.6,1000,0.2,1400,0.2,2
13,14,265,0,0,300,0.5,1700,0.5,2
13,15,674,1,0,300,0.5,1700,0.5,0
13,16,530,0,0,300,0.5,1700,0.5,2
13,17,793,1,0,300,0.5,1700,0.5,0
13,18,959,1,0,300,0.5,1700,0.5,1
13,19,253,0,0,300,0.5,1700,0.5,0
14,0,581,1,0,500,0.6,1000,0.2,1400,0.2,0
14,1,738,0,0,500,0.6,1000,0.2,1400,0.2,2
14,2,558,2,10,5,0,300,0.5,1700,0.5,0
14,3,938,0,0,300,0.5,1700,0.5,0
14,4,263,0,0,500,0.6,1000,0.2,1400,0.2,0
14,5,493,1,0,300,0.5,1700,0.5,0
14,6,951,1,0,300,0.5,1700,0.5,2
14,7,513,0,0,500,0.6,1000,0.2,1400,0.2,1
14,8,651,2,10,5,0,500,0.6,1000,0.2,1400,0.2,1
14,9,380,0,0,500,0.6,1000,0.2,1400,0.2,1
14,10,723,0,0,500,0.6,1000,0.2,1400,0.2,1
14,11,247,0,0,500,0.6,1000,0.2,1400,0.2,0
14,12,750,0,0,300,0.5,1700,0.5,1
14,13,404,2,10,5,0,300,0.5,1700,0.5,2
14,14,148,1,0,300,0.5,1700,0.5,1
14,15,991,2,10,5,0,300,0.5,1700,0.5,2
14,16,319,1,0,500,0.6,1000,0.2,1400,0.2,0
14,17,764,1,0,500,0.6,1000,0.2,1400,0.2,0
14,18,507,1,0,300,0.5,1700,0.5,1
14,19,760,0,0,500,0.6,1000,0.2,1400,0.2,2
15,0,289,2,10,5,0,500,0.6,1000,0.2,1400,0.2,0
15,1,904,2,10,5,0,300,0.5,1700,0.5,0
15,2,758,1,0,500,0.6,1000,0.2,1400,0.2,2
15,3,977,0,0,500,0.6,1000,0.2,1400,0.2,0
15,4,538,2,10,5,0,300,0.5,1700,0.5,2
15,5,345,1,0,300,0.5,1700,0.5,0
15,6,64,0,0,500,0.6,1000,0.2,1400,0.2,2
15,7,173,2,10,5,0,300,0.5,1700,0.5,1
15,8,497,2,10,5,0,300,0.5,1700,0.5,0
15,9,98,1,0,300,0.5,1700,0.5,0
15,10,368,0,0,300,0.5,1700,0.5,2
15,11,713,2,10,5,0,300,0.5,1700,0.5,1
15,12,383,1,0,300,0.5,1700,0.5,2
15,13,794,2,10,5,0,500,0.6,1000,0.2,1400,0.2,1
15,14,528,1,0,300,0.5,1700,0.5,1
15,15,549,0,0,500,0.6,1000,0.2,1400,0.2,1
15,16,932,1,0,500,0.6,1000,0.2,1400,0.2,2
15,17,390,1,0,300,0.5,1700,0.5,1
15,18,477,1,0,300,0.5,1700,0.5,1
15,19,763,0,0,300,0.5,1700,0.5,0
16,0,166,2,10,5,0,300,0.5,1700,0.5,2
16,1,958,2,10,5,0,300,0.5,1700,0.5,0
16,2,848,2,10,5,0,500,0.6,1000,0.2,1400,0.2,0
16,3,607,1,0,300,0.5,1700,0.5,2
16,4,13,0,0,500,0.6,1000,0.2,1400,0.2,0
16,5,139,2,10,5,0,300,0.5,1700,0.5,0
16,6,975,1,0,500,0.6,1000,0.2,1400,0.2,2
16,7,949,0,0,500,0.6,1000,0.2,1400,0.2,0
16,8,856,0,0,300,0.5,1700,0.5,2
16,9,118,2,10,5,0,300,0.5,1700,0.5,1
16,10,545,2,10,5,0,500,0.6,1000,0.2,1400,0.2,2
16,11,144,0,0,300,0.5,1700,0.5,2
16,12,529,2,10,5,0,500,0.6,1000,0.2,1400,0.2,1
16,13,598,2,10,5,0,500,0.6,1000,0.2,1400,0.2,0
16,14,699,1,0,500,0.6,1000,0.2,1400,0.2,0
16,15,801,1,0,500,0.6,1000,0.2,1400,0.2,2
16,16,657,0,0,300,0.5,1700,0.5,2
16,17,889,2,10,5,0,300,0.5,1700,0.5,0
16,18,444,1,0,300,0.5,1700,0.5,1
16,19,153,1,0,300,0.5,1700,0.5,0
17,0,176,0,0,300,0.5,1700,0.5,1
17,1,864,1,0,300,0.5,1700,0.5,1
17,2,62,0,0,300,0.5,1700,0.5,2
17,3,151,2,10,5,0,300,0.5,1700,0.5,2
17,4,953,2,10,5,0,300,0.5,1700,0.5,2
17,5,381,0,0,300,0.5,1700,0.5,2
17,6,107,0,0,500,0.6,1000,0.2,1400,0.2,2
17,7,122,1,0,500,0.6,1000,0.2,1400,0.2,0
17,8,407,2,10,5,0,300,0.5,1700,0.5,2
17,9,307,1,0,300,0.5,1700,0.5,0
17,10,182,2,10,5,0,300,0.5,1700,0.5,0
17,11,387,2,10,5,0,300,0.5,1700,0.5,2
17,12,588,0,0,500,0.6,1000,0.2,1400,0.2,2
17,13,234,2,10,5,0,300,0.5,1700,0.5,2
17,14,577,2,10,5,0,500,0.6,1000,0.2,1400,0.2,0
17,15,228,2,10,5,0,300,0.5,1700,0.5,0
17,16,842,1,0,500,0.6,1000,0.2,1400,0.2,1
17,17,793,1,0,300,0.5,1700,0.5,2
17,18,80,2,10,5,0,500,0.6,1000,0.2,1400,0.2,2
17,19,685,2,10,5,0,300,0.5,1700,0.5,2
18,0,565,1,0,500,0.6,1000,0.2,1400,0.2,0
18,1,279,2,10,5,0,500,0.6,1000,0.2,1400,0.2,0
18,2,714,2,10,5,0,500,0.6,1000,0.2,1400,0.2,2
18,3,938,0,0,300,0.5,1700,0.5,2
18,4,764,2,10,5,0,300,0.5,1700,0.5,2
18,5,608,1,0,500,0.6,1000,0.2,1400,0.2,0
18,6,397,1,0,500,0.6,1000,0.2,1400,0.2,2
18,7,677,2,10,5,0,500,0.6,1000,0.2,1400,0.2,1
18,8,488,0,0,300,0.5,1700,0.5,2
18,9,152,2,10,5,0,500,0.6,1000,0.2,1400,0.2,0
18,10,677,1,0,300,0.5,1700,0.5,2
18,11,20,0,0,300,0.5,1700,0.5,2
18,12,449,0,0,300,0.5,1700,0.5,1
18,13,789,0,0,500,0.6,1000,0.2,1400,0.2,0
18,14,40,1,0,500,0.6,1000,0.2,1400,0.2,2
18,15,493,2,10,5,0,500,0.6,1000,0.2,1400,0.2,1
18,16,258,0,0,300,0.5,1700,0.5,2
18,17,440,2,10,5,0,500,0.6,1000,0.2,1400,0.2,2
18,18,561,1,0,500,0.6,1000,0.2,1400,0.2,2
18,19,930,0,0,500,0.6,1000,0.2,1400,0.2,1
19,0,633,0,0,300,0.5,1700,0.5,2
19,1,389,2,10,5,0,300,0.5,1700,0.5,1
19,2,775,1,0,500,0.6,1000,0.2,1400,0.2,0
19,3,588,2,10,5,0,500,0.6,1000,0.2,1400,0.2,2
19,4,583,0,0,300,0.5,1700,0.5,2
19,5,268,0,0,500,0.6,1000,0.2,1400,0.2,1
19,6,516,2,10,5,0,500,0.6,1000,0.2,1400,0.2,1
19,7,569,0,0,300,0.5,1700,0.5,2
19,8,515,0,0,300,0.5,1700,0.5,0
19,9,780,1,0,300,0.5,1700,0.5,0
19,10,113,0,0,300,0.5,1700,0.5,1
19,11,981,1,0,300,0.5,1700,0.5,2
19,12,355,2,10,5,0,300,0.5,1700,0.5,2
19,13,903,2,10,5,0,300,0.5,1700,0.5,2
19,14,440,2,10,5,0,300,0.5,1700,0.5,0
19,15,631,2,10,5,0,500,0.6,1000,0.2,1400,0.2,2
19,16,49,2,10,5,0,300,0.5,1700,0.5,2
19,17,659,0,0,500,0.6,1000,0.2,1400,0.2,1
19,18,774,0,0,500,0.6,1000,0.2,1400,0.2,1
19,19,56,2,10,5,0,300,0.5,1700,0.5,1
