0,0,978,0,0,300,0.5,1700,0.5,2
0,1,208,2,10,5,0,500,0.6,1000,0.2,1400,0.2,2
0,2,867,2,10,5,0,300,0.5,1700,0.5,1
0,3,445,2,10,5,0,500,0.6,1000,0.2,1400,0.2,2
0,4,788,1,0,500,0.6,1000,0.2,1400,0.2,2
0,5,426,2,10,5,0,300,0.5,1700,0.5,2
0,6,946,0,0,500,0.6,1000,0.2,1400,0.2,1
0,7,347,0,0,300,0.5,1700,0.5,1
0,8,139,1,0,500,0.6,1000,0.2,1400,0.2,2
0,9,408,1,0,300,0.5,1700,0.5,0
0,10,600,2,10,5,0,300,0.5,1700,0.5,1
0,11,298,0,0,300,0.5,1700,0.5,0
0,12,812,2,10,5,0,300,0.5,1700,0.5,0
0,13,318,1,0,300,0.5,1700,0.5,1
0,14,428,1,0,500,0.6,1000,0.2,1400,0.2,2
0,15,94,0,0,300,0.5,1700,0.5,1
0,16,465,1,0,300,0.5,1700,0.5,1
0,17,322,2,10,5,0,300,0.5,1700,0.5,0
0,18,804,2,10,5,0,300,0.5,1700,0.5,2
0,19,929,0,0,500,0.6,1000,0.2,1400,0.2,0
1,0,14,0,0,500,0.6,1000,0.2,1400,0.2,1
1,1,920,1,0,300,0.5,1700,0.5,2
1,2,435,1,0,500,0.6,1000,0.2,1400,0.2,0
1,3,789,2,10,5,0,300,0.5,1700,0.5,2
1,4,493,0,0,300,0.5,1700,0.5,1
1,5,404,0,0,500,0.6,1000,0.2,1400,0.2,2
1,6,483,0,0,300,0.5,1700,0.5,1
1,7,640,2,10,5,0,500,0.6,1000,0.2,1400,0.2,0
1,8,390,2,10,5,0,500,0.6,1000,0.2,1400,0.2,0
1,9,181,0,0,300,0.5,1700,0.5,1
1,10,462,1,0,500,0.6,1000,0.2,1400,0.2,1
1,11,228,0,0,500,0.6,1000,0.2,1400,0.2,0
1,12,297,2,10,5,0,300,0.5,1700,0.5,1
1,13,939,0,0,300,0.5,1700,0.5,0
1,14,939,1,0,500,0.6,1000,0.2,1400,0.2,1
1,15,954,2,10,5,0,500,0.6,1000,0.2,1400,0.2,0
1,16,484,2,10,5,0,300,0.5,1700,0.5,2
1,17,175,2,10,5,0,300,0.5,1700,0.5,0
1,18,418,0,0,500,0.6,1000,0.2,1400,0.2,2
1,19,844,0,0,500,0.6,1000,0.2,1400,0.2,0
2,0,634,1,0,300,0.5,1700,0.5,1
2,1,617,0,0,300,0.5,1700,0.5,1
2,2,634,2,10,5,0,500,0.6,1000,0.2,1400,0.2,2
2,3,252,1,0,300,0.5,1700,0.5,1
2,4,750,2,10,5,0,300,0.5,1700,0.5,2
2,5,866,2,10,5,0,300,0.5,1700,0.5,2
2,6,105,0,0,300,0.5,1700,0.5,0
2,7,876,1,0,300,0.5,1700,0.5,0
2,8,502,1,0,300,0.5,1700,0.5,0
2,9,264,2,10,5,0,300,0.5,1700,0.5,1
2,10,771,0,0,500,0.6,1000,0.2,1400,0.2,1
2,11,464,2,10,5,0,500,0.6,1000,0.2,1400,0.2,0
2,12,485,1,0,500,0.6,1000,0.2,1400,0.2,0
2,13,248,0,0,500,0.6,1000,0.2,1400,0.2,2
2,14,252,1,0,300,0.5,1700,0.5,2
2,15,261,0,0,500,0.6,1000,0.2,1400,0.2,2
2,16,723,1,0,500,0.6,1000,0.2,1400,0.2,1
2,17,780,2,10,5,0,500,0.6,1000,0.2,1400,0.2,0
2,18,137,1,0,300,0.5,1700,0.5,2
2,19,75,1,0,500,0.6,1000,0.2,1400,0.2,2
3,0,364,0,0,500,0.6,1000,0.2,1400,0.2,2
3,1,816,2,10,5,0,500,0.6,1000,0.2,1400,0.2,0
3,2,979,2,10,5,0,500,0.6,1000,0.2,1400,0.2,1
3,3,612,0,0,300,0.5,1700,0.5,2
3,4,275,1,0,300,0.5,1700,0.5,0
3,5,479,0,0,500,0.6,1000,0.2,1400,0.2,0
3,6,367,2,10,5,0,300,0.5,1700,0.5,2
3,7,502,2,10,5,0,500,0.6,1000,0.2,1400,0.2,1
3,8,876,0,0,300,0.5,1700,0.5,0
3,9,777,0,0,500,0.6,1000,0.2,1400,0.2,0
3,10,132,2,10,5,0,500,0.6,1000,0.2,1400,0.2,2
3,11,540,2,10,5,0,300,0.5,1700,0.5,0
3,12,240,0,0,300,0.5,1700,0.5,1
3,13,491,1,0,300,0.5,1700,0.5,2
3,14,603,1,0,500,0.6,1000,0.2,1400,0.2,2
3,15,781,2,10,5,0,300,0.5,1700,0.5,0
3,16,650,1,0,500,0.6,1000,0.2,1400,0.2,1
3,17,317,0,0,300,0.5,1700,0.5,2
3,18,426,1,0,500,0.6,1000,0.2,1400,0.2,1
3,19,877,1,0,500,0.6,1000,0.2,1400,0.2,1
4,0,784,0,0,300,0.5,1700,0.5,2
4,1,36,0,0,500,0.6,1000,0.2,1400,0.2,0
4,2,582,0,0,300,0.5,1700,0.5,0
4,3,479,0,0,300,0.5,1700,0.5,1
4,4,22,2,10,5,0,300,0.5,1700,0.5,0
4,5,487,2,10,5,0,300,0.5,1700,0.5,0
4,6,785,0,0,500,0.6,1000,0.2,1400,0.2,0
4,7,727,0,0,300,0.5,1700,0.5,2
4,8,954,0,0,300,0.5,1700,0.5,0
4,9,551,1,0,300,0.5,1700,0.5,0
4,10,457,0,0,500,0.6,1000,0.2,1400,0.2,0
4,11,688,0,0,300,0.5,1700,0.5,0
4,12,750,0,0,500,0.6,1000,0.2,1400,0.2,1
4,13,127,2,10,5,0,300,0.5,1700,0.5,2
4,14,568,0,0,500,0.6,1000,0.2,1400,0.2,2
4,15,295,0,0,300,0.5,1700,0.5,2
4,16,350,0,0,500,0.6,1000,0.2,1400,0.2,1
4,17,615,1,0,300,0.5,1700,0.5,2
4,18,523,2,10,5,0,500,0.6,1000,0.2,1400,0.2,0
4,19,139,1,0,500,0.6,1000,0.2,1400,0.2,0
5,0,249,2,10,5,0,300,0.5,1700,0.5,1
5,1,85,0,0,300,0.5,1700,0.5,0
5,2,899,2,10,5,0,500,0.6,1000,0.2,1400,0.2,1
5,3,178,1,0,300,0.5,1700,0.5,0
5,4,755,0,0,300,0.5,1700,0.5,1
5,5,763,1,0,300,0.5,1700,0.5,0
5,6,299,1,0,300,0.5,1700,0.5,0
5,7,156,1,0,500,0.6,1000,0.2,1400,0.2,2
5,8,495,1,0,300,0.5,1700,0.5,2
5,9,556,2,10,5,0,500,0.6,1000,0.2,1400,0.2,0
5,10,263,2,10,5,0,500,0.6,1000,0.2,1400,0.2,1
5,11,734,2,10,5,0,300,0.5,1700,0.5,1
5,12,572,0,0,300,0.5,1700,0.5,2
5,13,952,1,0,300,0.5,1700,0.5,0
5,14,955,2,10,5,0,300,0.5,1700,0.5,1
5,15,613,2,10,5,0,500,0.6,1000,0.2,1400,0.2,1
5,16,370,2,10,5,0,300,0.5,1700,0.5,2
5,17,741,0,0,500,0.6,1000,0.2,1400,0.2,2
5,18,984,2,10,5,0,500,0.6,1000,0.2,1400,0.2,1
5,19,595,2,10,5,0,300,0.5,1700,0.5,0
6,0,860,2,10,5,0,300,0.5,1700,0.5,1
6,1,522,1,0,500,0.6,1000,0.2,1400,0.2,0
6,2,846,1,0,300,0.5,1700,0.5,1
6,3,383,1,0,300,0.5,1700,0.5,1
6,4,399,1,0,500,0.6,1000,0.2,1400,0.2,0
6,5,261,1,0,500,0.6,1000,0.2,1400,0.2,1
6,6,100,2,10,5,0,300,0.5,1700,0.5,1
6,7,927,1,0,500,0.6,1000,0.2,1400,0.2,1
6,8,720,1,0,500,0.6,1000,0.2,1400,0.2,0
6,9,68,0,0,500,0.6,1000,0.2,1400,0.2,0
6,10,628,0,0,300,0.5,1700,0.5,2
6,11,921,0,0,500,0.6,1000,0.2,1400,0.2,0
6,12,137,0,0,500,0.6,1000,0.2,1400,0.2,2
6,13,862,1,0,500,0.6,1000,0.2,1400,0.2,0
6,14,42,0,0,300,0.5,1700,0.5,0
6,15,170,0,0,300,0.5,1700,0.5,2
6,16,393,2,10,5,0,500,0.6,1000,0.2,1400,0.2,2
6,17,149,1,0,500,0.6,1000,0.2,1400,0.2,1
6,18,704,2,10,5,0,300,0.5,1700,0.5,1
6,19,592,1,0,300,0.5,1700,0.5,0
7,0,433,0,0,300,0.5,1700,0.5,1
7,1,520,1,0,500,0.6,1000,0.2,1400,0.2,2
7,2,515,2,10,5,0,300,0.5,1700,0.5,0
7,3,431,1,0,500,0.6,1000,0.2,1400,0.2,1
7,4,121,1,0,300,0.5,1700,0.5,0
7,5,359,0,0,300,0.5,1700,0.5,0
7,6,58,0,0,500,0.6,1000,0.2,1400,0.2,1
7,7,791,1,0,500,0.6,1000,0.2,1400,0.2,2
7,8,445,0,0,500,0.6,1000,0.2,1400,0.2,0
7,9,44,1,0,500,0.6,1000,0.2,1400,0.2,2
7,10,149,1,0,500,0.6,1000,0.2,1400,0.2,2
7,11,551,0,0,500,0.6,1000,0.2,1400,0.2,1
7,12,100,2,10,5,0,500,0.6,1000,0.2,1400,0.2,0
7,13,732,0,0,500,0.6,1000,0.2,1400,0.2,2
7,14,767,2,10,5,0,300,0.5,1700,0.5,1
7,15,259,2,10,5,0,300,0.5,1700,0.5,2
7,16,873,2,10,5,0,300,0.5,1700,0.5,0
7,17,741,0,0,500,0.6,1000,0.2,1400,0.2,1
7,18,674,0,0,500,0.6,1000,0.2,1400,0.2,2
7,19,332,0,0,500,0.6,1000,0.2,1400,0.2,1
8,0,500,2,10,5,0,300,0.5,1700,0.5,0
8,1,672,2,10,5,0,300,0.5,1700,0.5,1
8,2,993,0,0,300,0.5,1700,0.5,0
8,3,726,1,0,500,0.6,1000,0.2,1400,0.2,1
8,4,17,0,0,500,0.6,1000,0.2,1400,0.2,0
8,5,385,0,0,500,0.6,1000,0.2,1400,0.2,2
8,6,426,1,0,300,0.5,1700,0.5,1
8,7,965,0,0,500,0.6,1000,0.2,1400,0.2,1
8,8,892,1,0,500,0.6,1000,0.2,1400,0.2,0
8,9,917,2,10,5,0,300,0.5,1700,0.5,2
8,10,317,2,10,5,0,500,0.6,1000,0.2,1400,0.2,2
8,11,782,2,10,5,0,500,0.6,1000,0.2,1400,0.2,2
8,12,654,1,0,500,0.6,1000,0.2,1400,0.2,1
8,13,694,2,10,5,0,300,0.5,1700,0.5,2
8,14,839,0,0,300,0.5,1700,0.5,0
8,15,247,0,0,300,0.5,1700,0.5,2
8,16,175,2,10,5,0,300,0.5,1700,0.5,2
8,17,313,2,10,5,0,500,0.6,1000,0.2,1400,0.2,2
8,18,824,0,0,500,0.6,1000,0.2,1400,0.2,2
8,19,179,2,10,5,0,500,0.6,1000,0.2,1400,0.2,1
9,0,398,2,10,5,0,500,0.6,1000,0.2,1400,0.2,0
9,1,994,1,0,300,0.5,1700,0.5,1
9,2,441,2,10,5,0,500,0.6,1000,0.2,1400,0.2,0
9,3,460,0,0,500,0.6,1000,0.2,1400,0.2,0
9,4,594,0,0,500,0.6,1000,0.2,1400,0.2,2
9,5,163,2,10,5,0,500,0.6,1000,0.2,1400,0.2,2
9,6,258,0,0,300,0.5,1700,0.5,2
9,7,164,2,10,5,0,300,0.5,1700,0.5,1
9,8,411,1,0,500,0.6,1000,0.2,1400,0.2,0
9,9,525,0,0,500,0.6,1000,0.2,1400,0.2,0
9,10,740,2,10,5,0,300,0.5,1700,0.5,2
9,11,500,0,0,300,0.5,1700,0.5,1
9,12,561,1,0,500,0.6,1000,0.2,1400,0.2,2
9,13,169,0,0,500,0.6,1000,0.2,1400,0.2,0
9,14,693,0,0,500,0.6,1000,0.2,1400,0.2,0
9,15,867,0,0,500,0.6,1000,0.2,1400,0.2,1
9,16,637,1,0,500,0.6,1000,0.2,1400,0.2,2
9,17,492,0,0,300,0.5,1700,0.5,2
9,18,122,1,0,500,0.6,1000,0.2,1400,0.2,0
9,19,248,1,0,500,0.6,1000,0.2,1400,0.2,1
10,0,166,0,0,300,0.5,1700,0.5,0
10,1,97,0,0,300,0.5,1700,0.5,2
10,2,382,2,10,5,0,500,0.6,1000,0.2,1400,0.2,2
10,3,888,2,10,5,0,300,0.5,1700,0.5,1
10,4,964,0,0,300,0.5,1700,0.5,1
10,5,60,2,10,5,0,500,0.6,1000,0.2,1400,0.2,1
10,6,741,2,10,5,0,300,0.5,1700,0.5,2
10,7,708,0,0,500,0.6,1000,0.2,1400,0.2,0
10,8,351,2,10,5,0,300,0.5,1700,0.5,1
10,9,707,0,0,500,0.6,1000,0.2,1400,0.2,0
10,10,325,2,10,5,0,300,0.5,1700,0.5,0
10,11,511,2,10,5,0,500,0.6,1000,0.2,1400,0.2,2
10,12,529,1,0,300,0.5,1700,0.5,0
10,13,475,1,0,300,0.5,1700,0.5,1
10,14,188,1,0,500,0.6,1000,0.2,1400,0.2,1
10,15,659,2,10,5,0,300,0.5,1700,0.5,1
10,16,82,1,0,300,0.5,1700,0.5,2
10,17,67,0,0,500,0.6,1000,0.2,1400,0.2,2
10,18,236,1,0,500,0.6,1000,0.2,1400,0.2,1
10,19,255,0,0,500,0.6,1000,0.2,1400,0.2,1
11,0,416,0,0,500,0.6,1000,0.2,1400,0.2,2
11,1,248,1,0,500,0.6,1000,0.2,1400,0.2,1
11,2,84,2,10,5,0,500,0.6,1000,0.2,1400,0.2,2
11,3,722,0,0,300,0.5,1700,0.5,1
11,4,743,2,10,5,0,500,0.6,1000,0.2,1400,0.2,1
11,5,604,2,10,5,0,500,0.6,1000,0.2,1400,0.2,1
11,6,375,0,0,500,0.6,1000,0.2,1400,0.2,1
11,7,593,0,0,300,0.5,1700,0.5,0
11,8,684,1,0,500,0.6,1000,0.2,1400,0.2,2
11,9,412,2,10,5,0,500,0.6,1000,0.2,1400,0.2,1
11,10,848,0,0,300,0.5,1700,0.5,1
11,11,894,0,0,300,0.5,1700,0.5,0
11,12,342,1,0,500,0.6,1000,0.2,1400,0.2,1
11,13,668,0,0,300,0.5,1700,0.5,2
11,14,302,0,0,300,0.5,1700,0.5,2
11,15,840,1,0,300,0.5,1700,0.5,2
11,16,931,0,0,500,0.6,1000,0.2,1400,0.2,0
11,17,791,2,10,5,0,500,0.6,1000,0.2,1400,0.2,0
11,18,325,1,0,500,0.6,1000,0.2,1400,0.2,2
11,19,275,2,10,5,0,500,0.6,1000,0.2,1400,0.2,1
12,0,540,0,0,500,0.6,1000,0.2,1400,0.2,2
12,1,611,1,0,300,0.5,1700,0.5,0
12,2,773,0,0,300,0.5,1700,0.5,2
12,3,380,2,10,5,0,300,0.5,1700,0.5,2
12,4,937,1,0,500,0.6,1000,0.2,1400,0.2,2
12,5,433,0,0,500,0.6,1000,0.2,1400,0.2,0
12,6,506,0,0,300,0.5,1700,0.5,1
12,7,673,1,0,300,0.5,1700,0.5,1
12,8,254,0,0,500,0.6,1000,0.2,1400,0.2,1
12,9,684,1,0,500,0.6,1000,0.2,1400,0.2,1
12,10,224,0,0,500,0.6,1000,0.2,1400,0.2,0
12,11,561,0,0,300,0.5,1700,0.5,2
12,12,827,2,10,5,0,300,0.5,1700,0.5,2
12,13,374,1,0,300,0.5,1700,0.5,0
12,14,84,2,10,5,0,500,0.6,1000,0.2,1400,0.2,2
12,15,96,0,0,500,0.6,1000,0.2,1400,0.2,0
12,16,907,0,0,300,0.5,1700,0.5,0
12,17,574,2,10,5,0,500,0.6,1000,0.2,1400,0.2,1
12,18,476,1,0,500,0.6,1000,0.2,1400,0.2,2
12,19,69,1,0,500,0.6,1000,0.2,1400,0.2,0
13,0,780,1,0,500,0.6,1000,0.2,1400,0.2,0
13,1,296,2,10,5,0,500,0.6,1000,0.2,1400,0.2,1
13,2,321,2,10,5,0,300,0.5,1700,0.5,0
13,3,864,1,0,300,0.5,1700,0.5,1
13,4,157,0,0,300,0.5,1700,0.5,2
13,5,728,2,10,5,0,300,0.5,1700,0.5,1
13,6,662,1,0,500,0.6,1000,0.2,1400,0.2,2
13,7,962,2,10,5,0,300,0.5,1700,0.5,1
13,8,908,0,0,500,0.6,1000,0.2,1400,0.2,0
13,9,263,1,0,300,0.5,1700,0.5,0
13,10,608,1,0,500,0.6,1000,0.2,1400,0.2,2
13,11,601,2,10,5,0,300,0.5,1700,0.5,2
13,12,359,1,0,500,0.6,1000,0.2,1400,0.2,2
13,13,710,0,0,500,0.6,1000,0.2,1400,0.2,2
13,14,928,1,0,500,0.6,1000,0.2,1400,0.2,2
13,15,626,0,0,500,0.6,1000,0.2,1400,0.2,0
13,16,444,2,10,5,0,300,0.5,1700,0.5,1
13,17,256,2,10,5,0,500,0.6,1000,0.2,1400,0.2,0
13,18,661,0,0,300,0.5,1700,0.5,1
13,19,383,0,0,300,0.5,1700,0.5,0
14,0,459,1,0,300,0.5,1700,0.5,2
14,1,738,0,0,500,0.6,1000,0.2,1400,0.2,2
14,2,13,1,0,300,0.5,1700,0.5,2
14,3,519,0,0,300,0.5,1700,0.5,2
14,4,221,2,10,5,0,300,0.5,1700,0.5,2
14,5,71,2,10,5,0,300,0.5,1700,0.5,2
14,6,516,1,0,300,0.5,1700,0.5,2
14,7,346,1,0,300,0.5,1700,0.5,2
14,8,227,2,10,5,0,300,0.5,1700,0.5,1
14,9,739,2,10,5,0,500,0.6,1000,0.2,1400,0.2,1
14,10,593,0,0,500,0.6,1000,0.2,1400,0.2,1
14,11,534,2,10,5,0,300,0.5,1700,0.5,1
14,12,576,2,10,5,0,300,0.5,1700,0.5,2
14,13,747,0,0,300,0.5,1700,0.5,2
14,14,247,1,0,500,0.6,1000,0.2,1400,0.2,0
14,15,653,1,0,500,0.6,1000,0.2,1400,0.2,0
14,16,464,1,0,500,0.6,1000,0.2,1400,0.2,0
14,17,546,2,10,5,0,500,0.6,1000,0.2,1400,0.2,0
14,18,881,1,0,300,0.5,1700,0.5,1
14,19,274,0,0,300,0.5,1700,0.5,2
15,0,600,2,10,5,0,500,0.6,1000,0.2,1400,0.2,2
15,1,828,2,10,5,0,500,0.6,1000,0.2,1400,0.2,2
15,2,415,2,10,5,0,300,0.5,1700,0.5,1
15,3,816,1,0,300,0.5,1700,0.5,1
15,4,256,2,10,5,0,500,0.6,1000,0.2,1400,0.2,1
15,5,19,2,10,5,0,300,0.5,1700,0.5,1
15,6,348,1,0,300,0.5,1700,0.5,1
15,7,19,2,10,5,0,500,0.6,1000,0.2,1400,0.2,0
15,8,398,2,10,5,0,300,0.5,1700,0.5,0
15,9,99,0,0,500,0.6,1000,0.2,1400,0.2,2
15,10,594,1,0,500,0.6,1000,0.2,1400,0.2,2
15,11,972,2,10,5,0,300,0.5,1700,0.5,0
15,12,424,1,0,300,0.5,1700,0.5,1
15,13,29,2,10,5,0,300,0.5,1700,0.5,0
15,14,968,2,10,5,0,500,0.6,1000,0.2,1400,0.2,0
15,15,78,1,0,300,0.5,1700,0.5,0
15,16,968,0,0,500,0.6,1000,0.2,1400,0.2,1
15,17,71,0,0,500,0.6,1000,0.2,1400,0.2,0
15,18,241,1,0,500,0.6,1000,0.2,1400,0.2,1
15,19,158,1,0,300,0.5,1700,0.5,2
16,0,430,1,0,500,0.6,1000,0.2,1400,0.2,1
16,1,30,2,10,5,0,500,0.6,1000,0.2,1400,0.2,1
16,2,965,2,10,5,0,500,0.6,1000,0.2,1400,0.2,1
16,3,195,2,10,5,0,500,0.6,1000,0.2,1400,0.2,1
16,4,246,1,0,300,0.5,1700,0.5,2
16,5,935,0,0,300,0.5,1700,0.5,1
16,6,740,2,10,5,0,300,0.5,1700,0.5,1
16,7,480,2,10,5,0,300,0.5,1700,0.5,0
16,8,527,0,0,300,0.5,1700,0.5,1
16,9,164,1,0,300,0.5,1700,0.5,0
16,10,736,2,10,5,0,300,0.5,1700,0.5,1
16,11,823,1,0,300,0.5,1700,0.5,0
16,12,602,2,10,5,0,500,0.6,1000,0.2,1400,0.2,0
16,13,278,2,10,5,0,300,0.5,1700,0.5,1
16,14,77,1,0,500,0.6,1000,0.2,1400,0.2,2
16,15,291,2,10,5,0,300,0.5,1700,0.5,2
16,16,749,2,10,5,0,300,0.5,1700,0.5,1
16,17,409,1,0,300,0.5,1700,0.5,2
16,18,100,0,0,500,0.6,1000,0.2,1400,0.2,0
16,19,638,2,10,5,0,500,0.6,1000,0.2,1400,0.2,1
17,0,724,0,0,300,0.5,1700,0.5,2
17,1,53,0,0,300,0.5,1700,0.5,1
17,2,781,2,10,5,0,500,0.6,1000,0.2,1400,0.2,2
17,3,245,1,0,300,0.5,1700,0.5,0
17,4,958,1,0,500,0.6,1000,0.2,1400,0.2,1
17,5,177,0,0,300,0.5,1700,0.5,2
17,6,456,2,10,5,0,300,0.5,1700,0.5,2
17,7,550,2,10,5,0,300,0.5,1700,0.5,2
17,8,169,2,10,5,0,300,0.5,1700,0.5,2
17,9,989,2,10,5,0,300,0.5,1700,0.5,1
17,10,659,0,0,300,0.5,1700,0.5,0
17,11,341,1,0,300,0.5,1700,0.5,2
17,12,143,2,10,5,0,500,0.6,1000,0.2,1400,0.2,1
17,13,69,1,0,300,0.5,1700,0.5,0
17,14,700,2,10,5,0,500,0.6,1000,0.2,1400,0.2,0
17,15,338,1,0,300,0.5,1700,0.5,2
17,16,563,1,0,500,0.6,1000,0.2,1400,0.2,0
17,17,906,2,10,5,0,300,0.5,1700,0.5,1
17,18,248,2,10,5,0,500,0.6,1000,0.2,1400,0.2,2
17,19,847,1,0,300,0.5,1700,0.5,1
18,0,700,2,10,5,0,300,0.5,1700,0.5,2
18,1,278,2,10,5,0,300,0.5,1700,0.5,2
18,2,365,0,0,500,0.6,1000,0.2,1400,0.2,2
18,3,287,0,0,300,0.5,1700,0.5,1
18,4,560,2,10,5,0,500,0.6,1000,0.2,1400,0.2,2
18,5,789,2,10,5,0,300,0.5,1700,0.5,0
18,6,614,2,10,5,0,500,0.6,1000,0.2,1400,0.2,1
18,7,122,2,10,5,0,500,0.6,1000,0.2,1400,0.2,2
18,8,221,0,0,500,0.6,1000,0.2,1400,0.2,2
18,9,298,0,0,500,0.6,1000,0.2,1400,0.2,2
18,10,545,0,0,300,0.5,1700,0.5,0
18,11,626,0,0,300,0.5,1700,0.5,2
18,12,474,1,0,300,0.5,1700,0.5,0
18,13,605,2,10,5,0,500,0.6,1000,0.2,1400,0.2,1
18,14,288,2,10,5,0,300,0.5,1700,0.5,2
18,15,282,2,10,5,0,300,0.5,1700,0.5,0
18,16,792,0,0,500,0.6,1000,0.2,1400,0.2,1
18,17,277,1,0,300,0.5,1700,0.5,0
18,18,64,0,0,300,0.5,1700,0.5,2
18,19,450,0,0,500,0.6,1000,0.2,1400,0.2,1
19,0,967,0,0,500,0.6,1000,0.2,1400,0.2,2
19,1,511,2,10,5,0,300,0.5,1700,0.5,0
19,2,14,1,0,300,0.5,1700,0.5,2
19,3,228,0,0,500,0.6,1000,0.2,1400,0.2,0
19,4,907,1,0,300,0.5,1700,0.5,1
19,5,476,0,0,500,0.6,1000,0.2,1400,0.2,0
19,6,559,2,10,5,0,300,0.5,1700,0.5,0
19,7,593,2,10,5,0,500,0.6,1000,0.2,1400,0.2,0
19,8,46,2,10,5,0,300,0.5,1700,0.5,1
19,9,280,0,0,500,0.6,1000,0.2,1400,0.2,1
19,10,663,0,0,500,0.6,1000,0.2,1400,0.2,0
19,11,809,1,0,300,0.5,1700,0.5,0
19,12,561,2,10,5,0,500,0.6,1000,0.2,1400,0.2,1
19,13,715,1,0,300,0.5,1700,0.5,2
19,14,436,1,0,500,0.6,1000,0.2,1400,0.2,2
19,15,617,1,0,500,0.6,1000,0.2,1400,0.2,2
19,16,87,2,10,5,0,300,0.5,1700,0.5,1
19,17,435,1,0,500,0.6,1000,0.2,1400,0.2,0
19,18,127,2,10,5,0,300,0.5,1700,0.5,0
19,19,700,1,0,500,0.6,1000,0.2,1400,0.2,2
