0,0,733,2,10,5,0,500,0.6,1000,0.2,1400,0.2,1
0,1,158,1,0,300,0.5,1700,0.5,2
0,2,825,1,0,300,0.5,1700,0.5,1
0,3,380,1,0,500,0.6,1000,0.2,1400,0.2,1
0,4,124,0,0,500,0.6,1000,0.2,1400,0.2,2
0,5,330,0,0,500,0.6,1000,0.2,1400,0.2,1
0,6,148,2,10,5,0,300,0.5,1700,0.5,2
0,7,907,2,10,5,0,300,0.5,1700,0.5,2
0,8,841,1,0,500,0.6,1000,0.2,1400,0.2,2
0,9,676,0,0,300,0.5,1700,0.5,2
0,10,311,1,0,500,0.6,1000,0.2,1400,0.2,1
0,11,87,1,0,500,0.6,1000,0.2,1400,0.2,0
0,12,72,2,10,5,0,300,0.5,1700,0.5,0
0,13,976,1,0,500,0.6,1000,0.2,1400,0.2,1
0,14,637,0,0,300,0.5,1700,0.5,1
0,15,85,1,0,500,0.6,1000,0.2,1400,0.2,1
0,16,291,0,0,300,0.5,1700,0.5,0
0,17,190,2,10,5,0,300,0.5,1700,0.5,1
0,18,46,0,0,300,0.5,1700,0.5,2
0,19,866,0,0,300,0.5,1700,0.5,1
1,0,84,0,0,300,0.5,1700,0.5,0
1,1,18,1,0,500,0.6,1000,0.2,1400,0.2,2
1,2,923,2,10,5,0,300,0.5,1700,0.5,1
1,3,596,1,0,300,0.5,1700,0.5,2
1,4,642,0,0,500,0.6,1000,0.2,1400,0.2,1
1,5,120,1,0,300,0.5,1700,0.5,2
1,6,443,1,0,300,0.5,1700,0.5,0
1,7,716,0,0,300,0.5,1700,0.5,1
1,8,201,0,0,300,0.5,1700,0.5,1
1,9,552,0,0,500,0.6,1000,0.2,1400,0.2,0
1,10,709,1,0,300,0.5,1700,0.5,0
1,11,782,0,0,300,0.5,1700,0.5,2
1,12,628,0,0,500,0.6,1000,0.2,1400,0.2,0
1,13,338,1,0,300,0.5,1700,0.5,1
1,14,479,2,10,5,0,300,0.5,1700,0.5,0
1,15,697,0,0,300,0.5,1700,0.5,0
1,16,906,0,0,300,0.5,1700,0.5,0
1,17,625,2,10,5,0,300,0.5,1700,0.5,0
1,18,130,0,0,500,0.6,1000,0.2,1400,0.2,2
1,19,724,2,10,5,0,500,0.6,1000,0.2,1400,0.2,2
2,0,768,2,10,5,0,300,0.5,1700,0.5,2
2,1,952,0,0,500,0.6,1000,0.2,1400,0.2,0
2,2,581,2,10,5,0,300,0.5,1700,0.5,0
2,3,145,1,0,500,0.6,1000,0.2,1400,0.2,1
2,4,429,0,0,300,0.5,1700,0.5,1
2,5,835,1,0,300,0.5,1700,0.5,0
2,6,816,0,0,300,0.5,1700,0.5,0
2,7,665,1,0,300,0.5,1700,0.5,0
2,8,770,1,0,300,0.5,1700,0.5,1
2,9,938,1,0,300,0.5,1700,0.5,1
2,10,595,1,0,300,0.5,1700,0.5,2
2,11,692,0,0,300,0.5,1700,0.5,2
2,12,368,0,0,500,0.6,1000,0.2,1400,0.2,2
2,13,110,2,10,5,0,300,0.5,1700,0.5,0
2,14,964,2,10,5,0,500,0.6,1000,0.2,1400,0.2,2
2,15,499,1,0,500,0.6,1000,0.2,1400,0.2,0
2,16,135,1,0,500,0.6,1000,0.2,1400,0.2,2
2,17,917,2,10,5,0,300,0.5,1700,0.5,1
2,18,855,2,10,5,0,300,0.5,1700,0.5,1
2,19,901,2,10,5,0,300,0.5,1700,0.5,0
3,0,195,2,10,5,0,500,0.6,1000,0.2,1400,0.2,1
3,1,558,0,0,500,0.6,1000,0.2,1400,0.2,2
3,2,767,0,0,300,0.5,1700,0.5,1
3,3,792,2,10,5,0,500,0.6,1000,0.2,1400,0.2,2
3,4,503,1,0,500,0.6,1000,0.2,1400,0.2,1
3,5,676,0,0,500,0.6,1000,0.2,1400,0.2,1
3,6,808,1,0,300,0.5,1700,0.5,0
3,7,964,1,0,300,0.5,1700,0.5,0
3,8,996,2,10,5,0,500,0.6,1000,0.2,1400,0.2,2
3,9,250,2,10,5,0,500,0.6,1000,0.2,1400,0.2,0
3,10,981,2,10,5,0,500,0.6,1000,0.2,1400,0.2,2
3,11,638,1,0,300,0.5,1700,0.5,2
3,12,455,1,0,300,0.5,1700,0.5,0
3,13,495,0,0,500,0.6,1000,0.2,1400,0.2,0
3,14,107,1,0,300,0.5,1700,0.5,1
3,15,77,2,10,5,0,300,0.5,1700,0.5,0
3,16,219,0,0,500,0.6,1000,0.2,1400,0.2,1
3,17,62,1,0,500,0.6,1000,0.2,1400,0.2,0
3,18,60,0,0,300,0.5,1700,0.5,2
3,19,634,1,0,300,0.5,1700,0.5,2
4,0,769,2,10,5,0,300,0.5,1700,0.5,2
4,1,224,2,10,5,0,300,0.5,1700,0.5,2
4,2,964,1,0,500,0.6,1000,0.2,1400,0.2,0
4,3,493,0,0,500,0.6,1000,0.2,1400,0.2,0
4,4,938,2,10,5,0,500,0.6,1000,0.2,1400,0.2,0
4,5,809,0,0,500,0.6,1000,0.2,1400,0.2,1
4,6,899,2,10,5,0,500,0.6,1000,0.2,1400,0.2,0
4,7,651,2,10,5,0,500,0.6,1000,0.2,1400,0.2,0
4,8,444,0,0,300,0.5,1700,0.5,2
4,9,851,0,0,300,0.5,1700,0.5,0
4,10,854,0,0,500,0.6,1000,0.2,1400,0.2,0
4,11,556,1,0,300,0.5,1700,0.5,2
4,12,822,1,0,500,0.6,1000,0.2,1400,0.2,0
4,13,381,1,0,500,0.6,1000,0.2,1400,0.2,0
4,14,922,1,0,300,0.5,1700,0.5,2
4,15,72,0,0,300,0.5,1700,0.5,0
4,16,32,2,10,5,0,500,0.6,1000,0.2,1400,0.2,2
4,17,81,1,0,500,0.6,1000,0.2,1400,0.2,1
4,18,664,1,0,500,0.6,1000,0.2,1400,0.2,1
4,19,628,2,10,5,0,500,0.6,1000,0.2,1400,0.2,2
5,0,270,2,10,5,0,500,0.6,1000,0.2,1400,0.2,2
5,1,448,2,10,5,0,300,0.5,1700,0.5,2
5,2,798,0,0,300,0.5,1700,0.5,1
5,3,966,1,0,500,0.6,1000,0.2,1400,0.2,0
5,4,742,1,0,500,0.6,1000,0.2,1400,0.2,2
5,5,340,0,0,300,0.5,1700,0.5,1
5,6,936,2,10,5,0,300,0.5,1700,0.5,0
5,7,115,2,10,5,0,500,0.6,1000,0.2,1400,0.2,1
5,8,1000,2,10,5,0,500,0.6,1000,0.2,1400,0.2,2
5,9,783,0,0,300,0.5,1700,0.5,2
5,10,58,2,10,5,0,500,0.6,1000,0.2,1400,0.2,2
5,11,642,1,0,500,0.6,1000,0.2,1400,0.2,1
5,12,249,2,10,5,0,500,0.6,1000,0.2,1400,0.2,1
5,13,907,0,0,500,0.6,1000,0.2,1400,0.2,2
5,14,445,0,0,500,0.6,1000,0.2,1400,0.2,1
5,15,701,0,0,500,0.6,1000,0.2,1400,0.2,2
5,16,794,0,0,300,0.5,1700,0.5,2
5,17,223,2,10,5,0,300,0.5,1700,0.5,2
5,18,926,2,10,5,0,300,0.5,1700,0.5,0
5,19,955,0,0,300,0.5,1700,0.5,2
6,0,147,1,0,500,0.6,1000,0.2,1400,0.2,0
6,1,34,1,0,300,0.5,1700,0.5,2
6,2,761,1,0,300,0.5,1700,0.5,0
6,3,541,0,0,500,0.6,1000,0.2,1400,0.2,1
6,4,910,2,10,5,0,300,0.5,1700,0.5,2
6,5,423,0,0,300,0.5,1700,0.5,0
6,6,746,1,0,500,0.6,1000,0.2,1400,0.2,0
6,7,827,1,0,500,0.6,1000,0.2,1400,0.2,0
6,8,80,1,0,300,0.5,1700,0.5,2
6,9,502,0,0,300,0.5,1700,0.5,0
6,10,940,0,0,500,0.6,1000,0.2,1400,0.2,1
6,11,911,1,0,500,0.6,1000,0.2,1400,0.2,1
6,12,540,0,0,300,0.5,1700,0.5,0
6,13,281,2,10,5,0,500,0.6,1000,0.2,1400,0.2,2
6,14,640,1,0,500,0.6,1000,0.2,1400,0.2,1
6,15,310,0,0,300,0.5,1700,0.5,2
6,16,208,0,0,500,0.6,1000,0.2,1400,0.2,1
6,17,49,2,10,5,0,300,0.5,1700,0.5,0
6,18,250,0,0,300,0.5,1700,0.5,2
6,19,444,2,10,5,0,500,0.6,1000,0.2,1400,0.2,2
7,0,152,1,0,500,0.6,1000,0.2,1400,0.2,0
7,1,274,0,0,500,0.6,1000,0.2,1400,0.2,2
7,2,521,0,0,300,0.5,1700,0.5,0
7,3,545,1,0,300,0.5,1700,0.5,0
7,4,525,1,0,500,0.6,1000,0.2,1400,0.2,0
7,5,680,1,0,300,0.5,1700,0.5,1
7,6,980,2,10,5,0,500,0.6,1000,0.2,1400,0.2,0
7,7,337,0,0,300,0.5,1700,0.5,0
7,8,310,1,0,500,0.6,1000,0.2,1400,0.2,2
7,9,342,1,0,500,0.6,1000,0.2,1400,0.2,2
7,10,588,0,0,300,0.5,1700,0.5,2
7,11,732,0,0,500,0.6,1000,0.2,1400,0.2,2
7,12,118,0,0,500,0.6,1000,0.2,1400,0.2,0
7,13,867,2,10,5,0,500,0.6,1000,0.2,1400,0.2,0
7,14,625,2,10,5,0,300,0.5,1700,0.5,2
7,15,222,1,0,500,0.6,1000,0.2,1400,0.2,2
7,16,50,1,0,500,0.6,1000,0.2,1400,0.2,2
7,17,741,0,0,300,0.5,1700,0.5,1
7,18,736,2,10,5,0,300,0.5,1700,0.5,0
7,19,332,2,10,5,0,300,0.5,1700,0.5,2
8,0,235,1,0,300,0.5,1700,0.5,2
8,1,1000,0,0,300,0.5,1700,0.5,1
8,2,500,2,10,5,0,300,0.5,1700,0.5,2
8,3,609,0,0,500,0.6,1000,0.2,1400,0.2,0
8,4,183,1,0,500,0.6,1000,0.2,1400,0.2,2
8,5,111,1,0,300,0.5,1700,0.5,0
8,6,614,0,0,500,0.6,1000,0.2,1400,0.2,1
8,7,909,2,10,5,0,500,0.6,1000,0.2,1400,0.2,1
8,8,301,0,0,300,0.5,1700,0.5,2
8,9,267,0,0,300,0.5,1700,0.5,1
8,10,860,0,0,500,0.6,1000,0.2,1400,0.2,2
8,11,728,2,10,5,0,500,0.6,1000,0.2,1400,0.2,2
8,12,120,0,0,300,0.5,1700,0.5,2
8,13,788,0,0,500,0.6,1000,0.2,1400,0.2,0
8,14,297,2,10,5,0,300,0.5,1700,0.5,1
8,15,289,0,0,500,0.6,1000,0.2,1400,0.2,0
8,16,558,1,0,300,0.5,1700,0.5,1
8,17,491,2,10,5,0,300,0.5,1700,0.5,1
8,18,198,0,0,300,0.5,1700,0.5,1
8,19,96,1,0,300,0.5,1700,0.5,2
9,0,831,1,0,300,0.5,1700,0.5,0
9,1,696,2,10,5,0,500,0.6,1000,0.2,1400,0.2,2
9,2,533,0,0,500,0.6,1000,0.2,1400,0.2,1
9,3,52,0,0,500,0.6,1000,0.2,1400,0.2,2
9,4,175,1,0,300,0.5,1700,0.5,1
9,5,968,2,10,5,0,500,0.6,1000,0.2,1400,0.2,1
9,6,293,1,0,300,0.5,1700,0.5,0
9,7,404,2,10,5,0,300,0.5,1700,0.5,1
9,8,414,0,0,300,0.5,1700,0.5,1
9,9,452,2,10,5,0,500,0.6,1000,0.2,1400,0.2,1
9,10,565,0,0,300,0.5,1700,0.5,0
9,11,672,2,10,5,0,300,0.5,1700,0.5,2
9,12,694,0,0,500,0.6,1000,0.2,1400,0.2,1
9,13,37,0,0,500,0.6,1000,0.2,1400,0.2,0
9,14,240,0,0,500,0.6,1000,0.2,1400,0.2,1
9,15,681,2,10,5,0,300,0.5,1700,0.5,2
9,16,263,2,10,5,0,500,0.6,1000,0.2,1400,0.2,2
9,17,67,0,0,500,0.6,1000,0.2,1400,0.2,1
9,18,818,0,0,300,0.5,1700,0.5,1
9,19,44,2,10,5,0,300,0.5,1700,0.5,2
10,0,547,0,0,300,0.5,1700,0.5,2
10,1,915,2,10,5,0,500,0.6,1000,0.2,1400,0.2,1
10,2,623,0,0,500,0.6,1000,0.2,1400,0.2,1
10,3,186,1,0,500,0.6,1000,0.2,1400,0.2,0
10,4,527,1,0,300,0.5,1700,0.5,1
10,5,389,1,0,300,0.5,1700,0.5,1
10,6,939,2,10,5,0,500,0.6,1000,0.2,1400,0.2,1
10,7,416,0,0,300,0.5,1700,0.5,2
10,8,391,0,0,500,0.6,1000,0.2,1400,0.2,2
10,9,493,2,10,5,0,300,0.5,1700,0.5,1
10,10,466,2,10,5,0,300,0.5,1700,0.5,2
10,11,467,1,0,300,0.5,1700,0.5,0
10,12,519,1,0,500,0.6,1000,0.2,1400,0.2,2
10,13,376,0,0,500,0.6,1000,0.2,1400,0.2,1
10,14,129,1,0,300,0.5,1700,0.5,2
10,15,838,2,10,5,0,300,0.5,1700,0.5,2
10,16,281,2,10,5,0,300,0.5,1700,0.5,0
10,17,887,0,0,300,0.5,1700,0.5,2
10,18,385,1,0,500,0.6,1000,0.2,1400,0.2,2
10,19,138,0,0,300,0.5,1700,0.5,0
11,0,233,0,0,300,0.5,1700,0.5,1
11,1,910,1,0,500,0.6,1000,0.2,1400,0.2,0
11,2,943,1,0,300,0.5,1700,0.5,2
11,3,990,2,10,5,0,300,0.5,1700,0.5,1
11,4,477,2,10,5,0,300,0.5,1700,0.5,2
11,5,238,1,0,300,0.5,1700,0.5,1
11,6,456,2,10,5,0,300,0.5,1700,0.5,0
11,7,166,2,10,5,0,300,0.5,1700,0.5,0
11,8,863,2,10,5,0,500,0.6,1000,0.2,1400,0.2,1
11,9,71,2,10,5,0,500,0.6,1000,0.2,1400,0.2,0
11,10,233,0,0,500,0.6,1000,0.2,1400,0.2,0
11,11,442,0,0,300,0.5,1700,0.5,0
11,12,234,2,10,5,0,300,0.5,1700,0.5,1
11,13,440,2,10,5,0,300,0.5,1700,0.5,1
11,14,360,0,0,500,0.6,1000,0.2,1400,0.2,0
11,15,281,2,10,5,0,300,0.5,1700,0.5,0
11,16,228,1,0,300,0.5,1700,0.5,1
11,17,396,1,0,500,0.6,1000,0.2,1400,0.2,2
11,18,134,1,0,300,0.5,1700,0.5,2
11,19,874,0,0,500,0.6,1000,0.2,1400,0.2,2
12,0,355,0,0,300,0.5,1700,0.5,1
12,1,247,2,10,5,0,300,0.5,1700,0.5,2
12,2,848,1,0,500,0.6,1000,0.2,1400,0.2,0
12,3,532,0,0,500,0.6,1000,0.2,1400,0.2,1
12,4,984,2,10,5,0,500,0.6,1000,0.2,1400,0.2,0
12,5,420,0,0,500,0.6,1000,0.2,1400,0.2,1
12,6,298,1,0,300,0.5,1700,0.5,2
12,7,307,0,0,500,0.6,1000,0.2,1400,0.2,0
12,8,26,1,0,300,0.5,1700,0.5,1
12,9,957,2,10,5,0,300,0.5,1700,0.5,2
12,10,600,2,10,5,0,500,0.6,1000,0.2,1400,0.2,2
12,11,623,1,0,500,0.6,1000,0.2,1400,0.2,0
12,12,564,1,0,500,0.6,1000,0.2,1400,0.2,2
12,13,68,0,0,500,0.6,1000,0.2,1400,0.2,0
12,14,795,2,10,5,0,500,0.6,1000,0.2,1400,0.2,1
12,15,246,2,10,5,0,300,0.5,1700,0.5,1
12,16,729,0,0,500,0.6,1000,0.2,1400,0.2,1
12,17,914,1,0,500,0.6,1000,0.2,1400,0.2,1
12,18,618,2,10,5,0,300,0.5,1700,0.5,1
12,19,816,2,10,5,0,300,0.5,1700,0.5,0
13,0,368,2,10,5,0,500,0.6,1000,0.2,1400,0.2,0
13,1,659,1,0,500,0.6,1000,0.2,1400,0.2,0
13,2,392,2,10,5,0,500,0.6,1000,0.2,1400,0.2,2
13,3,469,2,10,5,0,300,0.5,1700,0.5,2
13,4,432,0,0,300,0.5,1700,0.5,1
13,5,662,1,0,300,0.5,1700,0.5,2
13,6,59,1,0,500,0.6,1000,0.2,1400,0.2,0
13,7,532,1,0,300,0.5,1700,0.5,0
13,8,751,2,10,5,0,300,0.5,1700,0.5,0
13,9,560,0,0,500,0.6,1000,0.2,1400,0.2,0
13,10,539,2,10,5,0,300,0.5,1700,0.5,1
13,11,28,2,10,5,0,300,0.5,1700,0.5,0
13,12,397,0,0,300,0.5,1700,0.5,1
13,13,589,0,0,300,0.5,1700,0.5,0
13,14,344,1,0,500,0.6,1000,0.2,1400,0.2,0
13,15,622,0,0,500,0.6,1000,0.2,1400,0.2,0
13,16,782,0,0,500,0.6,1000,0.2,1400,0.2,2
13,17,950,0,0,300,0.5,1700,0.5,0
13,18,515,0,0,500,0.6,1000,0.2,1400,0.2,0
13,19,481,2,10,5,0,500,0.6,1000,0.2,1400,0.2,0
14,0,819,1,0,500,0.6,1000,0.2,1400,0.2,0
14,1,845,0,0,300,0.5,1700,0.5,1
14,2,817,1,0,300,0.5,1700,0.5,1
14,3,374,2,10,5,0,500,0.6,1000,0.2,1400,0.2,2
14,4,409,2,10,5,0,300,0.5,1700,0.5,1
14,5,799,1,0,500,0.6,1000,0.2,1400,0.2,0
14,6,303,0,0,300,0.5,1700,0.5,2
14,7,866,1,0,300,0.5,1700,0.5,1
14,8,949,2,10,5,0,500,0.6,1000,0.2,1400,0.2,2
14,9,599,0,0,500,0.6,1000,0.2,1400,0.2,2
14,10,164,2,10,5,0,500,0.6,1000,0.2,1400,0.2,1
14,11,890,2,10,5,0,500,0.6,1000,0.2,1400,0.2,0
14,12,216,1,0,500,0.6,1000,0.2,1400,0.2,2
14,13,828,2,10,5,0,500,0.6,1000,0.2,1400,0.2,2
14,14,380,2,10,5,0,300,0.5,1700,0.5,0
14,15,916,0,0,500,0.6,1000,0.2,1400,0.2,1
14,16,741,1,0,500,0.6,1000,0.2,1400,0.2,2
14,17,445,0,0,300,0.5,1700,0.5,2
14,18,399,2,10,5,0,500,0.6,1000,0.2,1400,0.2,2
14,19,974,2,10,5,0,300,0.5,1700,0.5,2
15,0,885,2,10,5,0,500,0.6,1000,0.2,1400,0.2,0
15,1,238,2,10,5,0,300,0.5,1700,0.5,0
15,2,181,1,0,500,0.6,1000,0.2,1400,0.2,0
15,3,582,0,0,500,0.6,1000,0.2,1400,0.2,1
15,4,266,1,0,300,0.5,1700,0.5,0
15,5,281,2,10,5,0,300,0.5,1700,0.5,1
15,6,818,2,10,5,0,300,0.5,1700,0.5,0
15,7,196,1,0,500,0.6,1000,0.2,1400,0.2,0
15,8,92,0,0,500,0.6,1000,0.2,1400,0.2,2
15,9,559,1,0,500,0.6,1000,0.2,1400,0.2,1
15,10,817,2,10,5,0,300,0.5,1700,0.5,1
15,11,316,1,0,500,0.6,1000,0.2,1400,0.2,0
15,12,387,1,0,300,0.5,1700,0.5,0
15,13,23,2,10,5,0,300,0.5,1700,0.5,2
15,14,857,0,0,300,0.5,1700,0.5,0
15,15,630,0,0,300,0.5,1700,0.5,1
15,16,50,2,10,5,0,300,0.5,1700,0.5,0
15,17,948,0,0,300,0.5,1700,0.5,2
15,18,168,1,0,300,0.5,1700,0.5,2
15,19,489,2,10,5,0,500,0.6,1000,0.2,1400,0.2,2
16,0,422,2,10,5,0,500,0.6,1000,0.2,1400,0.2,0
16,1,806,0,0,300,0.5,1700,0.5,0
16,2,876,1,0,500,0.6,1000,0.2,1400,0.2,2
16,3,159,2,10,5,0,300,0.5,1700,0.5,2
16,4,219,1,0,300,0.5,1700,0.5,0
16,5,913,1,0,300,0.5,1700,0.5,0
16,6,693,0,0,500,0.6,1000,0.2,1400,0.2,1
16,7,415,1,0,300,0.5,1700,0.5,1
16,8,121,1,0,500,0.6,1000,0.2,1400,0.2,0
16,9,53,2,10,5,0,300,0.5,1700,0.5,2
16,10,569,0,0,500,0.6,1000,0.2,1400,0.2,2
16,11,622,2,10,5,0,500,0.6,1000,0.2,1400,0.2,2
16,12,162,2,10,5,0,300,0.5,1700,0.5,1
16,13,387,0,0,500,0.6,1000,0.2,1400,0.2,1
16,14,469,2,10,5,0,300,0.5,1700,0.5,2
16,15,111,1,0,300,0.5,1700,0.5,0
16,16,21,2,10,5,0,500,0.6,1000,0.2,1400,0.2,0
16,17,544,1,0,500,0.6,1000,0.2,1400,0.2,0
16,18,267,1,0,300,0.5,1700,0.5,0
16,19,904,1,0,500,0.6,1000,0.2,1400,0.2,1
17,0,102,2,10,5,0,300,0.5,1700,0.5,1
17,1,316,0,0,500,0.6,1000,0.2,1400,0.2,0
17,2,444,2,10,5,0,300,0.5,1700,0.5,1
17,3,109,2,10,5,0,500,0.6,1000,0.2,1400,0.2,1
17,4,53,0,0,500,0.6,1000,0.2,1400,0.2,1
17,5,252,1,0,300,0.5,1700,0.5,1
17,6,464,0,0,300,0.5,1700,0.5,0
17,7,694,2,10,5,0,500,0.6,1000,0.2,1400,0.2,2
17,8,127,0,0,500,0.6,1000,0.2,1400,0.2,2
17,9,516,0,0,300,0.5,1700,0.5,1
17,10,529,1,0,300,0.5,1700,0.5,2
17,11,198,2,10,5,0,500,0.6,1000,0.2,1400,0.2,0
17,12,925,2,10,5,0,500,0.6,1000,0.2,1400,0.2,1
17,13,500,1,0,300,0.5,1700,0.5,0
17,14,410,0,0,300,0.5,1700,0.5,1
17,15,611,1,0,500,0.6,1000,0.2,1400,0.2,1
17,16,880,1,0,500,0.6,1000,0.2,1400,0.2,2
17,17,216,2,10,5,0,500,0.6,1000,0.2,1400,0.2,1
17,18,977,0,0,500,0.6,1000,0.2,1400,0.2,0
17,19,295,0,0,300,0.5,1700,0.5,0
18,0,958,1,0,300,0.5,1700,0.5,2
18,1,36,2,10,5,0,300,0.5,1700,0.5,1
18,2,874,2,10,5,0,300,0.5,1700,0.5,2
18,3,866,0,0,500,0.6,1000,0.2,1400,0.2,1
18,4,394,0,0,500,0.6,1000,0.2,1400,0.2,0
18,5,903,2,10,5,0,300,0.5,1700,0.5,2
18,6,418,0,0,300,0.5,1700,0.5,2
18,7,977,1,0,300,0.5,1700,0.5,0
18,8,341,2,10,5,0,500,0.6,1000,0.2,1400,0.2,2
18,9,863,2,10,5,0,500,0.6,1000,0.2,1400,0.2,2
18,10,814,1,0,500,0.6,1000,0.2,1400,0.2,2
18,11,201,1,0,500,0.6,1000,0.2,1400,0.2,1
18,12,355,0,0,500,0.6,1000,0.2,1400,0.2,2
18,13,150,1,0,300,0.5,1700,0.5,1
18,14,29,2,10,5,0,300,0.5,1700,0.5,0
18,15,810,0,0,300,0.5,1700,0.5,2
18,16,584,0,0,300,0.5,1700,0.5,1
18,17,797,1,0,500,0.6,1000,0.2,1400,0.2,1
18,18,826,1,0,300,0.5,1700,0.5,1
18,19,685,0,0,500,0.6,1000,0.2,1400,0.2,0
19,0,287,1,0,300,0.5,1700,0.5,2
19,1,101,0,0,300,0.5,1700,0.5,0
19,2,988,0,0,300,0.5,1700,0.5,2
19,3,105,1,0,300,0.5,1700,0.5,2
19,4,887,1,0,300,0.5,1700,0.5,2
19,5,28,0,0,500,0.6,1000,0.2,1400,0.2,2
19,6,400,1,0,500,0.6,1000,0.2,1400,0.2,2
19,7,258,1,0,300,0.5,1700,0.5,0
19,8,72,1,0,300,0.5,1700,0.5,0
19,9,480,0,0,300,0.5,1700,0.5,1
19,10,147,0,0,300,0.5,1700,0.5,1
19,11,848,2,10,5,0,300,0.5,1700,0.5,2
19,12,767,2,10,5,0,500,0.6,1000,0.2,1400,0.2,2
19,13,827,2,10,5,0,300,0.5,1700,0.5,2
19,14,76,1,0,500,0.6,1000,0.2,1400,0.2,0
19,15,368,2,10,5,0,300,0.5,1700,0.5,1
19,16,197,0,0,300,0.5,1700,0.5,0
19,17,510,1,0,300,0.5,1700,0.5,2
19,18,905,2,10,5,0,500,0.6,1000,0.2,1400,0.2,2
19,19,262,0,0,300,0.5,1700,0.5,0
