0,0,786,0,0,500,0.6,1000,0.2,1400,0.2,2
0,1,568,2,10,5,0,300,0.5,1700,0.5,1
0,2,506,1,0,300,0.5,1700,0.5,0
0,3,99,2,10,5,0,300,0.5,1700,0.5,2
0,4,390,2,10,5,0,300,0.5,1700,0.5,1
0,5,43,0,0,500,0.6,1000,0.2,1400,0.2,2
0,6,980,0,0,500,0.6,1000,0.2,1400,0.2,0
0,7,73,1,0,500,0.6,1000,0.2,1400,0.2,2
0,8,722,1,0,300,0.5,1700,0.5,1
0,9,894,2,10,5,0,300,0.5,1700,0.5,1
0,10,440,2,10,5,0,500,0.6,1000,0.2,1400,0.2,2
0,11,648,2,10,5,0,300,0.5,1700,0.5,2
0,12,934,2,10,5,0,300,0.5,1700,0.5,1
0,13,678,2,10,5,0,300,0.5,1700,0.5,1
0,14,912,0,0,300,0.5,1700,0.5,2
0,15,206,1,0,300,0.5,1700,0.5,0
0,16,900,0,0,500,0.6,1000,0.2,1400,0.2,0
0,17,341,0,0,300,0.5,1700,0.5,0
0,18,678,0,0,300,0.5,1700,0.5,0
0,19,940,2,10,5,0,500,0.6,1000,0.2,1400,0.2,0
1,0,121,0,0,500,0.6,1000,0.2,1400,0.2,0
1,1,159,0,0,500,0.6,1000,0.2,1400,0.2,0
1,2,289,1,0,300,0.5,1700,0.5,1
1,3,641,1,0,300,0.5,1700,0.5,0
1,4,976,1,0,500,0.6,1000,0.2,1400,0.2,0
1,5,876,1,0,300,0.5,1700,0.5,1
1,6,32,2,10,5,0,300,0.5,1700,0.5,1
1,7,765,2,10,5,0,500,0.6,1000,0.2,1400,0.2,0
1,8,289,1,0,500,0.6,1000,0.2,1400,0.2,0
1,9,360,2,10,5,0,300,0.5,1700,0.5,0
1,10,925,2,10,5,0,500,0.6,1000,0.2,1400,0.2,1
1,11,856,2,10,5,0,500,0.6,1000,0.2,1400,0.2,1
1,12,594,1,0,300,0.5,1700,0.5,1
1,13,826,0,0,500,0.6,1000,0.2,1400,0.2,0
1,14,49,2,10,5,0,500,0.6,1000,0.2,1400,0.2,0
1,15,267,2,10,5,0,500,0.6,1000,0.2,1400,0.2,2
1,16,345,1,0,500,0.6,1000,0.2,1400,0.2,0
1,17,324,1,0,500,0.6,1000,0.2,1400,0.2,2
1,18,365,1,0,500,0.6,1000,0.2,1400,0.2,1
1,19,440,2,10,5,0,300,0.5,1700,0.5,2
2,0,651,0,0,500,0.6,1000,0.2,1400,0.2,0
2,1,299,2,10,5,0,500,0.6,1000,0.2,1400,0.2,1
2,2,859,2,10,5,0,300,0.5,1700,0.5,1
2,3,968,0,0,500,0.6,1000,0.2,1400,0.2,2
2,4,138,2,10,5,0,300,0.5,1700,0.5,1
2,5,83,0,0,300,0.5,1700,0.5,0
2,6,385,1,0,500,0.6,1000,0.2,1400,0.2,2
2,7,267,0,0,500,0.6,1000,0.2,1400,0.2,1
2,8,657,0,0,500,0.6,1000,0.2,1400,0.2,0
2,9,16,0,0,300,0.5,1700,0.5,1
2,10,264,0,0,500,0.6,1000,0.2,1400,0.2,0
2,11,916,1,0,300,0.5,1700,0.5,2
2,12,244,0,0,300,0.5,1700,0.5,2
2,13,416,0,0,300,0.5,1700,0.5,1
2,14,450,0,0,500,0.6,1000,0.2,1400,0.2,1
2,15,607,2,10,5,0,500,0.6,1000,0.2,1400,0.2,0
2,16,282,1,0,300,0.5,1700,0.5,0
2,17,472,0,0,300,0.5,1700,0.5,1
2,18,548,0,0,300,0.5,1700,0.5,2
2,19,796,1,0,300,0.5,1700,0.5,2
3,0,126,1,0,300,0.5,1700,0.5,2
3,1,410,2,10,5,0,500,0.6,1000,0.2,1400,0.2,1
3,2,499,1,0,500,0.6,1000,0.2,1400,0.2,1
3,3,887,1,0,500,0.6,1000,0.2,1400,0.2,0
3,4,558,2,10,5,0,500,0.6,1000,0.2,1400,0.2,2
3,5,569,0,0,300,0.5,1700,0.5,2
3,6,119,0,0,500,0.6,1000,0.2,1400,0.2,0
3,7,263,1,0,500,0.6,1000,0.2,1400,0.2,0
3,8,547,1,0,500,0.6,1000,0.2,1400,0.2,2
3,9,583,2,10,5,0,300,0.5,1700,0.5,1
3,10,92,2,10,5,0,500,0.6,1000,0.2,1400,0.2,0
3,11,685,1,0,500,0.6,1000,0.2,1400,0.2,0
3,12,76,2,10,5,0,300,0.5,1700,0.5,2
3,13,755,1,0,500,0.6,1000,0.2,1400,0.2,0
3,14,210,1,0,500,0.6,1000,0.2,1400,0.2,2
3,15,69,0,0,500,0.6,1000,0.2,1400,0.2,0
3,16,472,2,10,5,0,300,0.5,1700,0.5,0
3,17,768,0,0,500,0.6,1000,0.2,1400,0.2,1
3,18,720,2,10,5,0,300,0.5,1700,0.5,2
3,19,936,2,10,5,0,500,0.6,1000,0.2,1400,0.2,0
4,0,334,1,0,300,0.5,1700,0.5,1
4,1,346,2,10,5,0,500,0.6,1000,0.2,1400,0.2,0
4,2,902,1,0,300,0.5,1700,0.5,2
4,3,209,2,10,5,0,500,0.6,1000,0.2,1400,0.2,0
4,4,346,1,0,300,0.5,1700,0.5,0
4,5,601,0,0,500,0.6,1000,0.2,1400,0.2,1
4,6,64,2,10,5,0,500,0.6,1000,0.2,1400,0.2,2
4,7,382,1,0,500,0.6,1000,0.2,1400,0.2,2
4,8,40,1,0,500,0.6,1000,0.2,1400,0.2,1
4,9,134,2,10,5,0,500,0.6,1000,0.2,1400,0.2,2
4,10,406,1,0,500,0.6,1000,0.2,1400,0.2,0
4,11,569,2,10,5,0,300,0.5,1700,0.5,0
4,12,267,1,0,500,0.6,1000,0.2,1400,0.2,2
4,13,101,0,0,300,0.5,1700,0.5,0
4,14,814,2,10,5,0,300,0.5,1700,0.5,2
4,15,87,2,10,5,0,500,0.6,1000,0.2,1400,0.2,0
4,16,305,2,10,5,0,300,0.5,1700,0.5,1
4,17,765,1,0,300,0.5,1700,0.5,1
4,18,709,0,0,300,0.5,1700,0.5,1
4,19,846,1,0,500,0.6,1000,0.2,1400,0.2,1
5,0,551,2,10,5,0,500,0.6,1000,0.2,1400,0.2,0
5,1,291,2,10,5,0,500,0.6,1000,0.2,1400,0.2,1
5,2,716,2,10,5,0,300,0.5,1700,0.5,0
5,3,44,2,10,5,0,500,0.6,1000,0.2,1400,0.2,0
5,4,763,0,0,500,0.6,1000,0.2,1400,0.2,0
5,5,529,0,0,500,0.6,1000,0.2,1400,0.2,2
5,6,716,2,10,5,0,300,0.5,1700,0.5,1
5,7,472,0,0,300,0.5,1700,0.5,1
5,8,534,1,0,500,0.6,1000,0.2,1400,0.2,0
5,9,942,0,0,300,0.5,1700,0.5,2
5,10,115,2,10,5,0,500,0.6,1000,0.2,1400,0.2,1
5,11,264,1,0,500,0.6,1000,0.2,1400,0.2,0
5,12,986,0,0,500,0.6,1000,0.2,1400,0.2,2
5,13,714,1,0,300,0.5,1700,0.5,0
5,14,907,2,10,5,0,500,0.6,1000,0.2,1400,0.2,0
5,15,676,1,0,300,0.5,1700,0.5,2
5,16,92,0,0,500,0.6,1000,0.2,1400,0.2,1
5,17,24,2,10,5,0,300,0.5,1700,0.5,0
5,18,206,2,10,5,0,500,0.6,1000,0.2,1400,0.2,2
5,19,678,2,10,5,0,300,0.5,1700,0.5,1
6,0,452,2,10,5,0,500,0.6,1000,0.2,1400,0.2,1
6,1,533,1,0,300,0.5,1700,0.5,2
6,2,220,0,0,500,0.6,1000,0.2,1400,0.2,0
6,3,737,1,0,500,0.6,1000,0.2,1400,0.2,2
6,4,901,0,0,300,0.5,1700,0.5,1
6,5,373,2,10,5,0,300,0.5,1700,0.5,2
6,6,801,1,0,300,0.5,1700,0.5,2
6,7,920,1,0,500,0.6,1000,0.2,1400,0.2,1
6,8,358,1,0,300,0.5,1700,0.5,2
6,9,919,1,0,300,0.5,1700,0.5,1
6,10,517,0,0,500,0.6,1000,0.2,1400,0.2,0
6,11,190,0,0,300,0.5,1700,0.5,0
6,12,44,0,0,500,0.6,1000,0.2,1400,0.2,2
6,13,380,2,10,5,0,300,0.5,1700,0.5,1
6,14,256,2,10,5,0,500,0.6,1000,0.2,1400,0.2,0
6,15,347,1,0,300,0.5,1700,0.5,1
6,16,43,1,0,300,0.5,1700,0.5,2
6,17,185,1,0,300,0.5,1700,0.5,0
6,18,452,2,10,5,0,500,0.6,1000,0.2,1400,0.2,1
6,19,639,2,10,5,0,300,0.5,1700,0.5,0
7,0,388,1,0,300,0.5,1700,0.5,0
7,1,533,0,0,300,0.5,1700,0.5,1
7,2,487,1,0,300,0.5,1700,0.5,0
7,3,360,1,0,300,0.5,1700,0.5,0
7,4,516,0,0,300,0.5,1700,0.5,1
7,5,330,2,10,5,0,500,0.6,1000,0.2,1400,0.2,0
7,6,684,2,10,5,0,500,0.6,1000,0.2,1400,0.2,1
7,7,222,0,0,500,0.6,1000,0.2,1400,0.2,1
7,8,550,0,0,300,0.5,1700,0.5,0
7,9,34,0,0,500,0.6,1000,0.2,1400,0.2,1
7,10,943,0,0,300,0.5,1700,0.5,0
7,11,679,0,0,300,0.5,1700,0.5,2
7,12,270,0,0,300,0.5,1700,0.5,0
7,13,336,1,0,300,0.5,1700,0.5,2
7,14,636,1,0,500,0.6,1000,0.2,1400,0.2,0
7,15,242,0,0,500,0.6,1000,0.2,1400,0.2,1
7,16,563,2,10,5,0,500,0.6,1000,0.2,1400,0.2,0
7,17,501,1,0,300,0.5,1700,0.5,0
7,18,563,1,0,500,0.6,1000,0.2,1400,0.2,1
7,19,678,2,10,5,0,500,0.6,1000,0.2,1400,0.2,2
8,0,285,0,0,500,0.6,1000,0.2,1400,0.2,0
8,1,370,2,10,5,0,500,0.6,1000,0.2,1400,0.2,2
8,2,399,0,0,300,0.5,1700,0.5,1
8,3,85,2,10,5,0,300,0.5,1700,0.5,0
8,4,731,0,0,500,0.6,1000,0.2,1400,0.2,0
8,5,936,1,0,300,0.5,1700,0.5,1
8,6,609,0,0,300,0.5,1700,0.5,0
8,7,319,0,0,500,0.6,1000,0.2,1400,0.2,0
8,8,873,2,10,5,0,500,0.6,1000,0.2,1400,0.2,2
8,9,364,1,0,500,0.6,1000,0.2,1400,0.2,2
8,10,218,0,0,300,0.5,1700,0.5,0
8,11,283,0,0,300,0.5,1700,0.5,0
8,12,212,1,0,300,0.5,1700,0.5,1
8,13,191,2,10,5,0,300,0.5,1700,0.5,0
8,14,340,1,0,500,0.6,1000,0.2,1400,0.2,2
8,15,442,2,10,5,0,500,0.6,1000,0.2,1400,0.2,0
8,16,709,2,10,5,0,300,0.5,1700,0.5,0
8,17,723,2,10,5,0,500,0.6,1000,0.2,1400,0.2,0
8,18,558,1,0,500,0.6,1000,0.2,1400,0.2,2
8,19,168,2,10,5,0,500,0.6,1000,0.2,1400,0.2,1
9,0,445,2,10,5,0,300,0.5,1700,0.5,2
9,1,297,2,10,5,0,500,0.6,1000,0.2,1400,0.2,1
9,2,563,0,0,300,0.5,1700,0.5,0
9,3,673,0,0,500,0.6,1000,0.2,1400,0.2,0
9,4,212,1,0,300,0.5,1700,0.5,2
9,5,485,1,0,500,0.6,1000,0.2,1400,0.2,1
9,6,73,1,0,500,0.6,1000,0.2,1400,0.2,2
9,7,269,1,0,500,0.6,1000,0.2,1400,0.2,0
9,8,560,2,10,5,0,300,0.5,1700,0.5,1
9,9,252,0,0,500,0.6,1000,0.2,1400,0.2,0
9,10,760,1,0,300,0.5,1700,0.5,2
9,11,830,1,0,300,0.5,1700,0.5,2
9,12,986,1,0,300,0.5,1700,0.5,2
9,13,660,1,0,500,0.6,1000,0.2,1400,0.2,0
9,14,255,1,0,500,0.6,1000,0.2,1400,0.2,0
9,15,401,1,0,300,0.5,1700,0.5,2
9,16,655,2,10,5,0,500,0.6,1000,0.2,1400,0.2,0
9,17,247,0,0,300,0.5,1700,0.5,2
9,18,511,1,0,300,0.5,1700,0.5,0
9,19,892,2,10,5,0,300,0.5,1700,0.5,0
10,0,694,2,10,5,0,300,0.5,1700,0.5,2
10,1,212,2,10,5,0,300,0.5,1700,0.5,2
10,2,551,2,10,5,0,500,0.6,1000,0.2,1400,0.2,2
10,3,98,0,0,500,0.6,1000,0.2,1400,0.2,0
10,4,101,1,0,300,0.5,1700,0.5,0
10,5,419,0,0,300,0.5,1700,0.5,1
10,6,522,0,0,300,0.5,1700,0.5,0
10,7,382,2,10,5,0,300,0.5,1700,0.5,0
10,8,838,2,10,5,0,300,0.5,1700,0.5,1
10,9,315,1,0,300,0.5,1700,0.5,1
10,10,317,2,10,5,0,500,0.6,1000,0.2,1400,0.2,0
10,11,534,2,10,5,0,300,0.5,1700,0.5,0
10,12,796,0,0,500,0.6,1000,0.2,1400,0.2,1
10,13,463,1,0,500,0.6,1000,0.2,1400,0.2,2
10,14,653,0,0,300,0.5,1700,0.5,0
10,15,588,1,0,500,0.6,1000,0.2,1400,0.2,2
10,16,880,1,0,300,0.5,1700,0.5,0
10,17,865,1,0,500,0.6,1000,0.2,1400,0.2,2
10,18,796,1,0,300,0.5,1700,0.5,1
10,19,100,0,0,300,0.5,1700,0.5,2
11,0,943,1,0,500,0.6,1000,0.2,1400,0.2,1
11,1,843,2,10,5,0,500,0.6,1000,0.2,1400,0.2,1
11,2,852,2,10,5,0,300,0.5,1700,0.5,1
11,3,508,1,0,300,0.5,1700,0.5,1
11,4,28,0,0,500,0.6,1000,0.2,1400,0.2,1
11,5,634,1,0,500,0.6,1000,0.2,1400,0.2,0
11,6,786,1,0,500,0.6,1000,0.2,1400,0.2,2
11,7,831,1,0,300,0.5,1700,0.5,1
11,8,832,0,0,500,0.6,1000,0.2,1400,0.2,2
11,9,408,0,0,500,0.6,1000,0.2,1400,0.2,1
11,10,673,2,10,5,0,300,0.5,1700,0.5,2
11,11,365,2,10,5,0,300,0.5,1700,0.5,0
11,12,270,2,10,5,0,500,0.6,1000,0.2,1400,0.2,1
11,13,107,2,10,5,0,500,0.6,1000,0.2,1400,0.2,2
11,14,18,1,0,300,0.5,1700,0.5,2
11,15,602,2,10,5,0,500,0.6,1000,0.2,1400,0.2,0
11,16,311,1,0,500,0.6,1000,0.2,1400,0.2,2
11,17,408,2,10,5,0,500,0.6,1000,0.2,1400,0.2,0
11,18,116,0,0,300,0.5,1700,0.5,1
11,19,269,2,10,5,0,300,0.5,1700,0.5,1
12,0,627,0,0,500,0.6,1000,0.2,1400,0.2,0
12,1,931,0,0,300,0.5,1700,0.5,0
12,2,828,1,0,500,0.6,1000,0.2,1400,0.2,1
12,3,345,0,0,500,0.6,1000,0.2,1400,0.2,2
12,4,628,1,0,500,0.6,1000,0.2,1400,0.2,1
12,5,68,1,0,300,0.5,1700,0.5,0
12,6,72,1,0,500,0.6,1000,0.2,1400,0.2,0
12,7,901,1,0,300,0.5,1700,0.5,2
12,8,639,1,0,300,0.5,1700,0.5,2
12,9,272,0,0,500,0.6,1000,0.2,1400,0.2,0
12,10,146,0,0,500,0.6,1000,0.2,1400,0.2,0
12,11,575,0,0,300,0.5,1700,0.5,1
12,12,704,1,0,500,0.6,1000,0.2,1400,0.2,2
12,13,413,1,0,500,0.6,1000,0.2,1400,0.2,1
12,14,783,1,0,300,0.5,1700,0.5,2
12,15,318,0,0,500,0.6,1000,0.2,1400,0.2,1
12,16,731,1,0,500,0.6,1000,0.2,1400,0.2,2
12,17,693,2,10,5,0,300,0.5,1700,0.5,1
12,18,442,2,10,5,0,500,0.6,1000,0.2,1400,0.2,2
12,19,469,2,10,5,0,300,0.5,1700,0.5,1
13,0,731,0,0,300,0.5,1700,0.5,2
13,1,164,0,0,500,0.6,1000,0.2,1400,0.2,2
13,2,416,0,0,500,0.6,1000,0.2,1400,0.2,0
13,3,715,2,10,5,0,300,0.5,1700,0.5,0
13,4,39,2,10,5,0,500,0.6,1000,0.2,1400,0.2,1
13,5,207,2,10,5,0,500,0.6,1000,0.2,1400,0.2,2
13,6,18,1,0,500,0.6,1000,0.2,1400,0.2,2
13,7,33,2,10,5,0,300,0.5,1700,0.5,2
13,8,532,0,0,300,0.5,1700,0.5,1
13,9,427,2,10,5,0,500,0.6,1000,0.2,1400,0.2,2
13,10,168,0,0,500,0.6,1000,0.2,1400,0.2,1
13,11,67,0,0,300,0.5,1700,0.5,0
13,12,581,2,10,5,0,500,0.6,1000,0.2,1400,0.2,1
13,13,594,1,0,300,0.5,1700,0.5,2
13,14,28,1,0,500,0.6,1000,0.2,1400,0.2,1
13,15,304,0,0,500,0.6,1000,0.2,1400,0.2,1
13,16,254,1,0,300,0.5,1700,0.5,1
13,17,706,1,0,300,0.5,1700,0.5,1
13,18,18,2,10,5,0,500,0.6,1000,0.2,1400,0.2,2
13,19,737,1,0,300,0.5,1700,0.5,0
14,0,11,2,10,5,0,500,0.6,1000,0.2,1400,0.2,1
14,1,894,1,0,500,0.6,1000,0.2,1400,0.2,0
14,2,55,1,0,500,0.6,1000,0.2,1400,0.2,0
14,3,474,1,0,500,0.6,1000,0.2,1400,0.2,0
14,4,232,0,0,500,0.6,1000,0.2,1400,0.2,1
14,5,90,0,0,300,0.5,1700,0.5,2
14,6,673,2,10,5,0,300,0.5,1700,0.5,2
14,7,790,1,0,300,0.5,1700,0.5,2
14,8,881,0,0,500,0.6,1000,0.2,1400,0.2,1
14,9,684,2,10,5,0,500,0.6,1000,0.2,1400,0.2,1
14,10,743,0,0,500,0.6,1000,0.2,1400,0.2,1
14,11,850,0,0,300,0.5,1700,0.5,0
14,12,749,1,0,500,0.6,1000,0.2,1400,0.2,1
14,13,942,2,10,5,0,300,0.5,1700,0.5,0
14,14,567,2,10,5,0,500,0.6,1000,0.2,1400,0.2,2
14,15,214,2,10,5,0,500,0.6,1000,0.2,1400,0.2,2
14,16,551,0,0,300,0.5,1700,0.5,0
14,17,100,1,0,300,0.5,1700,0.5,1
14,18,706,0,0,300,0.5,1700,0.5,0
14,19,191,0,0,300,0.5,1700,0.5,1
15,0,824,2,10,5,0,500,0.6,1000,0.2,1400,0.2,2
15,1,278,1,0,500,0.6,1000,0.2,1400,0.2,0
15,2,560,1,0,300,0.5,1700,0.5,0
15,3,593,0,0,300,0.5,1700,0.5,2
15,4,537,0,0,500,0.6,1000,0.2,1400,0.2,1
15,5,350,1,0,500,0.6,1000,0.2,1400,0.2,1
15,6,136,2,10,5,0,300,0.5,1700,0.5,2
15,7,345,2,10,5,0,300,0.5,1700,0.5,1
15,8,802,2,10,5,0,500,0.6,1000,0.2,1400,0.2,2
15,9,887,2,10,5,0,500,0.6,1000,0.2,1400,0.2,2
15,10,844,1,0,300,0.5,1700,0.5,2
15,11,111,0,0,500,0.6,1000,0.2,1400,0.2,0
15,12,331,0,0,500,0.6,1000,0.2,1400,0.2,0
15,13,857,2,10,5,0,500,0.6,1000,0.2,1400,0.2,1
15,14,376,2,10,5,0,300,0.5,1700,0.5,1
15,15,566,0,0,300,0.5,1700,0.5,2
15,16,675,0,0,300,0.5,1700,0.5,1
15,17,446,0,0,500,0.6,1000,0.2,1400,0.2,0
15,18,964,0,0,500,0.6,1000,0.2,1400,0.2,2
15,19,274,1,0,300,0.5,1700,0.5,1
16,0,56,0,0,500,0.6,1000,0.2,1400,0.2,0
16,1,347,2,10,5,0,500,0.6,1000,0.2,1400,0.2,2
16,2,734,2,10,5,0,300,0.5,1700,0.5,2
16,3,294,1,0,300,0.5,1700,0.5,0
16,4,341,1,0,300,0.5,1700,0.5,0
16,5,378,2,10,5,0,300,0.5,1700,0.5,2
16,6,558,1,0,300,0.5,1700,0.5,1
16,7,263,0,0,500,0.6,1000,0.2,1400,0.2,0
16,8,548,2,10,5,0,500,0.6,1000,0.2,1400,0.2,1
16,9,946,0,0,500,0.6,1000,0.2,1400,0.2,1
16,10,540,2,10,5,0,500,0.6,1000,0.2,1400,0.2,0
16,11,518,2,10,5,0,300,0.5,1700,0.5,2
16,12,168,0,0,500,0.6,1000,0.2,1400,0.2,0
16,13,143,2,10,5,0,500,0.6,1000,0.2,1400,0.2,2
16,14,586,1,0,300,0.5,1700,0.5,2
16,15,390,1,0,500,0.6,1000,0.2,1400,0.2,1
16,16,14,0,0,300,0.5,1700,0.5,1
16,17,49,2,10,5,0,300,0.5,1700,0.5,2
16,18,269,0,0,500,0.6,1000,0.2,1400,0.2,1
16,19,20,1,0,500,0.6,1000,0.2,1400,0.2,0
17,0,41,0,0,300,0.5,1700,0.5,1
17,1,682,0,0,300,0.5,1700,0.5,2
17,2,168,1,0,500,0.6,1000,0.2,1400,0.2,2
17,3,193,1,0,300,0.5,1700,0.5,0
17,4,349,0,0,300,0.5,1700,0.5,1
17,5,865,1,0,500,0.6,1000,0.2,1400,0.2,2
17,6,834,2,10,5,0,500,0.6,1000,0.2,1400,0.2,0
17,7,542,0,0,300,0.5,1700,0.5,0
17,8,506,0,0,300,0.5,1700,0.5,0
17,9,891,2,10,5,0,500,0.6,1000,0.2,1400,0.2,0
17,10,440,2,10,5,0,300,0.5,1700,0.5,2
17,11,839,1,0,300,0.5,1700,0.5,1
17,12,986,2,10,5,0,300,0.5,1700,0.5,1
17,13,800,2,10,5,0,500,0.6,1000,0.2,1400,0.2,2
17,14,171,2,10,5,0,500,0.6,1000,0.2,1400,0.2,1
17,15,30,1,0,300,0.5,1700,0.5,2
17,16,175,2,10,5,0,500,0.6,1000,0.2,1400,0.2,2
17,17,920,0,0,300,0.5,1700,0.5,2
17,18,197,0,0,300,0.5,1700,0.5,2
17,19,856,1,0,500,0.6,1000,0.2,1400,0.2,2
18,0,973,2,10,5,0,300,0.5,1700,0.5,2
18,1,881,1,0,500,0.6,1000,0.2,1400,0.2,0
18,2,517,1,0,300,0.5,1700,0.5,2
18,3,694,2,10,5,0,500,0.6,1000,0.2,1400,0.2,0
18,4,25,2,10,5,0,300,0.5,1700,0.5,1
18,5,109,1,0,500,0.6,1000,0.2,1400,0.2,1
18,6,588,2,10,5,0,300,0.5,1700,0.5,0
18,7,656,1,0,300,0.5,1700,0.5,2
18,8,892,1,0,500,0.6,1000,0.2,1400,0.2,1
18,9,997,2,10,5,0,300,0.5,1700,0.5,0
18,10,628,0,0,500,0.6,1000,0.2,1400,0.2,2
18,11,96,0,0,500,0.6,1000,0.2,1400,0.2,0
18,12,237,2,10,5,0,500,0.6,1000,0.2,1400,0.2,0
18,13,853,1,0,300,0.5,1700,0.5,2
18,14,218,2,10,5,0,300,0.5,1700,0.5,2
18,15,308,2,10,5,0,300,0.5,1700,0.5,2
18,16,822,0,0,500,0.6,1000,0.2,1400,0.2,1
18,17,239,0,0,500,0.6,1000,0.2,1400,0.2,1
18,18,991,2,10,5,0,300,0.5,1700,0.5,2
18,19,574,2,10,5,0,300,0.5,1700,0.5,1
19,0,492,0,0,500,0.6,1000,0.2,1400,0.2,0
19,1,492,0,0,500,0.6,1000,0.2,1400,0.2,0
19,2,199,1,0,500,0.6,1000,0.2,1400,0.2,0
19,3,81,0,0,500,0.6,1000,0.2,1400,0.2,2
19,4,354,2,10,5,0,500,0.6,1000,0.2,1400,0.2,1
19,5,963,2,10,5,0,300,0.5,1700,0.5,2
19,6,905,0,0,300,0.5,1700,0.5,0
19,7,258,1,0,300,0.5,1700,0.5,0
19,8,530,1,0,500,0.6,1000,0.2,1400,0.2,1
19,9,897,2,10,5,0,300,0.5,1700,0.5,1
19,10,945,2,10,5,0,500,0.6,1000,0.2,1400,0.2,2
19,11,260,1,0,300,0.5,1700,0.5,1
19,12,576,2,10,5,0,500,0.6,1000,0.2,1400,0.2,1
19,13,406,1,0,500,0.6,1000,0.2,1400,0.2,1
19,14,191,0,0,500,0.6,1000,0.2,1400,0.2,2
19,15,556,2,10,5,0,300,0.5,1700,0.5,0
19,16,128,1,0,300,0.5,1700,0.5,1
19,17,767,1,0,300,0.5,1700,0.5,2
19,18,316,1,0,500,0.6,1000,0.2,1400,0.2,0
19,19,264,2,10,5,0,300,0.5,1700,0.5,0
