0,0,216,0,0,500,0.6,1000,0.2,1400,0.2,0
0,1,670,2,10,5,0,500,0.6,1000,0.2,1400,0.2,2
0,2,454,0,0,300,0.5,1700,0.5,1
0,3,262,2,10,5,0,500,0.6,1000,0.2,1400,0.2,0
0,4,602,0,0,300,0.5,1700,0.5,0
0,5,150,0,0,500,0.6,1000,0.2,1400,0.2,2
0,6,726,0,0,300,0.5,1700,0.5,2
0,7,837,1,0,300,0.5,1700,0.5,1
0,8,275,0,0,500,0.6,1000,0.2,1400,0.2,0
0,9,323,0,0,500,0.6,1000,0.2,1400,0.2,1
0,10,472,1,0,500,0.6,1000,0.2,1400,0.2,1
0,11,786,2,10,5,0,300,0.5,1700,0.5,1
0,12,475,1,0,500,0.6,1000,0.2,1400,0.2,2
0,13,904,2,10,5,0,500,0.6,1000,0.2,1400,0.2,2
0,14,214,1,0,300,0.5,1700,0.5,0
0,15,904,2,10,5,0,500,0.6,1000,0.2,1400,0.2,1
0,16,770,0,0,300,0.5,1700,0.5,0
0,17,537,2,10,5,0,500,0.6,1000,0.2,1400,0.2,1
0,18,837,1,0,500,0.6,1000,0.2,1400,0.2,1
0,19,900,0,0,500,0.6,1000,0.2,1400,0.2,2
1,0,82,2,10,5,0,300,0.5,1700,0.5,0
1,1,194,1,0,300,0.5,1700,0.5,0
1,2,915,1,0,300,0.5,1700,0.5,2
1,3,327,2,10,5,0,300,0.5,1700,0.5,0
1,4,733,1,0,300,0.5,1700,0.5,1
1,5,413,2,10,5,0,500,0.6,1000,0.2,1400,0.2,0
1,6,211,1,0,500,0.6,1000,0.2,1400,0.2,1
1,7,713,2,10,5,0,500,0.6,1000,0.2,1400,0.2,0
1,8,96,2,10,5,0,300,0.5,1700,0.5,2
1,9,78,0,0,500,0.6,1000,0.2,1400,0.2,1
1,10,71,2,10,5,0,500,0.6,1000,0.2,1400,0.2,1
1,11,64,2,10,5,0,300,0.5,1700,0.5,1
1,12,370,0,0,300,0.5,1700,0.5,0
1,13,217,0,0,300,0.5,1700,0.5,2
1,14,939,0,0,500,0.6,1000,0.2,1400,0.2,1
1,15,702,1,0,300,0.5,1700,0.5,1
1,16,351,1,0,500,0.6,1000,0.2,1400,0.2,0
1,17,810,0,0,500,0.6,1000,0.2,1400,0.2,2
1,18,107,2,10,5,0,300,0.5,1700,0.5,1
1,19,627,1,0,300,0.5,1700,0.5,0
2,0,71,2,10,5,0,300,0.5,1700,0.5,2
2,1,404,0,0,300,0.5,1700,0.5,0
2,2,672,2,10,5,0,500,0.6,1000,0.2,1400,0.2,2
2,3,866,2,10,5,0,500,0.6,1000,0.2,1400,0.2,2
2,4,695,0,0,500,0.6,1000,0.2,1400,0.2,1
2,5,956,0,0,300,0.5,1700,0.5,0
2,6,397,2,10,5,0,300,0.5,1700,0.5,2
2,7,286,0,0,500,0.6,1000,0.2,1400,0.2,2
2,8,369,0,0,300,0.5,1700,0.5,2
2,9,34,2,10,5,0,300,0.5,1700,0.5,0
2,10,96,2,10,5,0,500,0.6,1000,0.2,1400,0.2,2
2,11,44,1,0,300,0.5,1700,0.5,2
2,12,130,2,10,5,0,500,0.6,1000,0.2,1400,0.2,2
2,13,990,2,10,5,0,300,0.5,1700,0.5,2
2,14,637,2,10,5,0,300,0.5,1700,0.5,2
2,15,171,1,0,500,0.6,1000,0.2,1400,0.2,0
2,16,710,2,10,5,0,300,0.5,1700,0.5,1
2,17,286,2,10,5,0,300,0.5,1700,0.5,0
2,18,586,2,10,5,0,500,0.6,1000,0.2,1400,0.2,1
2,19,451,0,0,500,0.6,1000,0.2,1400,0.2,2
3,0,515,2,10,5,0,500,0.6,1000,0.2,1400,0.2,0
3,1,80,2,10,5,0,300,0.5,1700,0.5,2
3,2,662,2,10,5,0,500,0.6,1000,0.2,1400,0.2,2
3,3,917,2,10,5,0,500,0.6,1000,0.2,1400,0.2,0
3,4,888,0,0,300,0.5,1700,0.5,2
3,5,851,0,0,500,0.6,1000,0.2,1400,0.2,2
3,6,370,2,10,5,0,300,0.5,1700,0.5,0
3,7,230,0,0,300,0.5,1700,0.5,2
3,8,361,1,0,500,0.6,1000,0.2,1400,0.2,1
3,9,156,2,10,5,0,500,0.6,1000,0.2,1400,0.2,1
3,10,976,1,0,500,0.6,1000,0.2,1400,0.2,2
3,11,301,1,0,300,0.5,1700,0.5,0
3,12,924,0,0,500,0.6,1000,0.2,1400,0.2,1
3,13,938,1,0,300,0.5,1700,0.5,2
3,14,240,2,10,5,0,500,0.6,1000,0.2,1400,0.2,2
3,15,687,2,10,5,0,300,0.5,1700,0.5,2
3,16,70,2,10,5,0,500,0.6,1000,0.2,1400,0.2,2
3,17,520,0,0,300,0.5,1700,0.5,0
3,18,141,1,0,500,0.6,1000,0.2,1400,0.2,2
3,19,630,0,0,500,0.6,1000,0.2,1400,0.2,2
4,0,720,0,0,500,0.6,1000,0.2,1400,0.2,1
4,1,989,0,0,500,0.6,1000,0.2,1400,0.2,0
4,2,940,0,0,500,0.6,1000,0.2,1400,0.2,0
4,3,523,0,0,500,0.6,1000,0.2,1400,0.2,0
4,4,973,1,0,500,0.6,1000,0.2,1400,0.2,2
4,5,412,1,0,300,0.5,1700,0.5,2
4,6,362,2,10,5,0,300,0.5,1700,0.5,0
4,7,629,1,0,500,0.6,1000,0.2,1400,0.2,0
4,8,928,2,10,5,0,300,0.5,1700,0.5,1
4,9,761,2,10,5,0,300,0.5,1700,0.5,1
4,10,564,1,0,500,0.6,1000,0.2,1400,0.2,2
4,11,161,1,0,300,0.5,1700,0.5,0
4,12,630,1,0,300,0.5,1700,0.5,1
4,13,927,1,0,300,0.5,1700,0.5,1
4,14,41,0,0,500,0.6,1000,0.2,1400,0.2,0
4,15,59,0,0,500,0.6,1000,0.2,1400,0.2,2
4,16,185,1,0,500,0.6,1000,0.2,1400,0.2,0
4,17,184,1,0,500,0.6,1000,0.2,1400,0.2,2
4,18,709,1,0,300,0.5,1700,0.5,0
4,19,709,0,0,500,0.6,1000,0.2,1400,0.2,1
5,0,946,0,0,500,0.6,1000,0.2,1400,0.2,2
5,1,38,0,0,300,0.5,1700,0.5,1
5,2,986,1,0,500,0.6,1000,0.2,1400,0.2,0
5,3,430,0,0,300,0.5,1700,0.5,0
5,4,932,0,0,500,0.6,1000,0.2,1400,0.2,2
5,5,472,1,0,500,0.6,1000,0.2,1400,0.2,2
5,6,630,0,0,500,0.6,1000,0.2,1400,0.2,1
5,7,137,1,0,500,0.6,1000,0.2,1400,0.2,0
5,8,956,1,0,500,0.6,1000,0.2,1400,0.2,0
5,9,518,1,0,500,0.6,1000,0.2,1400,0.2,2
5,10,851,2,10,5,0,500,0.6,1000,0.2,1400,0.2,1
5,11,39,2,10,5,0,300,0.5,1700,0.5,2
5,12,90,2,10,5,0,500,0.6,1000,0.2,1400,0.2,1
5,13,368,1,0,300,0.5,1700,0.5,0
5,14,79,1,0,500,0.6,1000,0.2,1400,0.2,1
5,15,390,0,0,500,0.6,1000,0.2,1400,0.2,2
5,16,107,0,0,300,0.5,1700,0.5,0
5,17,303,0,0,300,0.5,1700,0.5,2
5,18,464,0,0,500,0.6,1000,0.2,1400,0.2,1
5,19,318,1,0,500,0.6,1000,0.2,1400,0.2,0
6,0,964,0,0,500,0.6,1000,0.2,1400,0.2,2
6,1,298,1,0,500,0.6,1000,0.2,1400,0.2,2
6,2,789,2,10,5,0,500,0.6,1000,0.2,1400,0.2,0
6,3,725,2,10,5,0,500,0.6,1000,0.2,1400,0.2,0
6,4,988,0,0,300,0.5,1700,0.5,2
6,5,42,0,0,300,0.5,1700,0.5,0
6,6,347,0,0,300,0.5,1700,0.5,1
6,7,882,0,0,500,0.6,1000,0.2,1400,0.2,1
6,8,866,1,0,500,0.6,1000,0.2,1400,0.2,1
6,9,15,2,10,5,0,500,0.6,1000,0.2,1400,0.2,0
6,10,844,2,10,5,0,500,0.6,1000,0.2,1400,0.2,2
6,11,17,1,0,300,0.5,1700,0.5,1
6,12,836,1,0,500,0.6,1000,0.2,1400,0.2,2
6,13,142,1,0,500,0.6,1000,0.2,1400,0.2,0
6,14,383,0,0,500,0.6,1000,0.2,1400,0.2,1
6,15,783,0,0,300,0.5,1700,0.5,0
6,16,387,0,0,500,0.6,1000,0.2,1400,0.2,1
6,17,56,1,0,500,0.6,1000,0.2,1400,0.2,2
6,18,300,2,10,5,0,500,0.6,1000,0.2,1400,0.2,1
6,19,710,2,10,5,0,300,0.5,1700,0.5,1
7,0,707,1,0,300,0.5,1700,0.5,1
7,1,857,1,0,500,0.6,1000,0.2,1400,0.2,0
7,2,517,2,10,5,0,300,0.5,1700,0.5,2
7,3,987,1,0,300,0.5,1700,0.5,2
7,4,509,2,10,5,0,500,0.6,1000,0.2,1400,0.2,2
7,5,801,1,0,500,0.6,1000,0.2,1400,0.2,2
7,6,717,0,0,300,0.5,1700,0.5,1
7,7,784,0,0,300,0.5,1700,0.5,0
7,8,586,1,0,500,0.6,1000,0.2,1400,0.2,1
7,9,397,0,0,300,0.5,1700,0.5,2
7,10,211,1,0,300,0.5,1700,0.5,0
7,11,627,2,10,5,0,500,0.6,1000,0.2,1400,0.2,1
7,12,72,0,0,500,0.6,1000,0.2,1400,0.2,1
7,13,84,0,0,300,0.5,1700,0.5,1
7,14,601,1,0,300,0.5,1700,0.5,0
7,15,579,0,0,500,0.6,1000,0.2,1400,0.2,2
7,16,107,1,0,500,0.6,1000,0.2,1400,0.2,0
7,17,824,0,0,300,0.5,1700,0.5,2
7,18,326,0,0,300,0.5,1700,0.5,2
7,19,840,2,10,5,0,500,0.6,1000,0.2,1400,0.2,2
8,0,153,0,0,300,0.5,1700,0.5,2
8,1,138,0,0,300,0.5,1700,0.5,0
8,2,666,0,0,300,0.5,1700,0.5,1
8,3,246,2,10,5,0,300,0.5,1700,0.5,1
8,4,599,1,0,300,0.5,1700,0.5,2
8,5,825,0,0,500,0.6,1000,0.2,1400,0.2,2
8,6,635,1,0,500,0.6,1000,0.2,1400,0.2,0
8,7,762,1,0,300,0.5,1700,0.5,0
8,8,383,2,10,5,0,500,0.6,1000,0.2,1400,0.2,2
8,9,833,0,0,300,0.5,1700,0.5,2
8,10,836,1,0,300,0.5,1700,0.5,2
8,11,180,1,0,500,0.6,1000,0.2,1400,0.2,1
8,12,884,1,0,300,0.5,1700,0.5,1
8,13,297,2,10,5,0,500,0.6,1000,0.2,1400,0.2,1
8,14,374,0,0,300,0.5,1700,0.5,2
8,15,909,2,10,5,0,500,0.6,1000,0.2,1400,0.2,2
8,16,798,1,0,500,0.6,1000,0.2,1400,0.2,2
8,17,377,0,0,300,0.5,1700,0.5,0
8,18,206,2,10,5,0,500,0.6,1000,0.2,1400,0.2,2
8,19,28,0,0,300,0.5,1700,0.5,0
9,0,161,2,10,5,0,500,0.6,1000,0.2,1400,0.2,2
9,1,504,2,10,5,0,300,0.5,1700,0.5,2
9,2,716,0,0,500,0.6,1000,0.2,1400,0.2,1
9,3,896,0,0,500,0.6,1000,0.2,1400,0.2,2
9,4,609,2,10,5,0,500,0.6,1000,0.2,1400,0.2,0
9,5,957,1,0,500,0.6,1000,0.2,1400,0.2,2
9,6,425,0,0,500,0.6,1000,0.2,1400,0.2,2
9,7,444,1,0,500,0.6,1000,0.2,1400,0.2,2
9,8,967,2,10,5,0,500,0.6,1000,0.2,1400,0.2,1
9,9,124,0,0,300,0.5,1700,0.5,2
9,10,710,1,0,500,0.6,1000,0.2,1400,0.2,0
9,11,613,2,10,5,0,300,0.5,1700,0.5,0
9,12,443,2,10,5,0,500,0.6,1000,0.2,1400,0.2,2
9,13,49,1,0,500,0.6,1000,0.2,1400,0.2,1
9,14,342,2,10,5,0,300,0.5,1700,0.5,2
9,15,400,2,10,5,0,300,0.5,1700,0.5,0
9,16,513,1,0,500,0.6,1000,0.2,1400,0.2,0
9,17,489,0,0,500,0.6,1000,0.2,1400,0.2,0
9,18,643,1,0,300,0.5,1700,0.5,1
9,19,856,0,0,500,0.6,1000,0.2,1400,0.2,0
10,0,437,1,0,500,0.6,1000,0.2,1400,0.2,1
10,1,746,0,0,300,0.5,1700,0.5,0
10,2,449,0,0,300,0.5,1700,0.5,0
10,3,851,2,10,5,0,500,0.6,1000,0.2,1400,0.2,1
10,4,130,2,10,5,0,500,0.6,1000,0.2,1400,0.2,0
10,5,464,1,0,300,0.5,1700,0.5,0
10,6,945,1,0,300,0.5,1700,0.5,1
10,7,192,1,0,300,0.5,1700,0.5,1
10,8,398,1,0,500,0.6,1000,0.2,1400,0.2,1
10,9,917,2,10,5,0,300,0.5,1700,0.5,2
10,10,807,0,0,500,0.6,1000,0.2,1400,0.2,0
10,11,911,2,10,5,0,300,0.5,1700,0.5,1
10,12,96,0,0,500,0.6,1000,0.2,1400,0.2,0
10,13,268,1,0,500,0.6,1000,0.2,1400,0.2,1
10,14,753,2,10,5,0,500,0.6,1000,0.2,1400,0.2,0
10,15,674,2,10,5,0,500,0.6,1000,0.2,1400,0.2,1
10,16,75,2,10,5,0,300,0.5,1700,0.5,0
10,17,420,1,0,500,0.6,1000,0.2,1400,0.2,2
10,18,530,0,0,300,0.5,1700,0.5,1
10,19,571,0,0,500,0.6,1000,0.2,1400,0.2,1
11,0,319,2,10,5,0,500,0.6,1000,0.2,1400,0.2,0
11,1,993,0,0,300,0.5,1700,0.5,0
11,2,373,0,0,300,0.5,1700,0.5,0
11,3,536,1,0,300,0.5,1700,0.5,1
11,4,168,1,0,500,0.6,1000,0.2,1400,0.2,2
11,5,577,1,0,300,0.5,1700,0.5,2
11,6,616,2,10,5,0,500,0.6,1000,0.2,1400,0.2,1
11,7,365,2,10,5,0,500,0.6,1000,0.2,1400,0.2,0
11,8,956,2,10,5,0,500,0.6,1000,0.2,1400,0.2,2
11,9,418,1,0,300,0.5,1700,0.5,2
11,10,347,0,0,300,0.5,1700,0.5,1
11,11,996,0,0,500,0.6,1000,0.2,1400,0.2,2
11,12,888,1,0,500,0.6,1000,0.2,1400,0.2,0
11,13,348,0,0,500,0.6,1000,0.2,1400,0.2,1
11,14,112,0,0,500,0.6,1000,0.2,1400,0.2,0
11,15,89,1,0,500,0.6,1000,0.2,1400,0.2,1
11,16,371,0,0,500,0.6,1000,0.2,1400,0.2,2
11,17,122,2,10,5,0,500,0.6,1000,0.2,1400,0.2,2
11,18,584,1,0,500,0.6,1000,0.2,1400,0.2,1
11,19,949,1,0,300,0.5,1700,0.5,1
12,0,808,1,0,500,0.6,1000,0.2,1400,0.2,2
12,1,628,1,0,500,0.6,1000,0.2,1400,0.2,2
12,2,786,2,10,5,0,300,0.5,1700,0.5,0
12,3,638,2,10,5,0,500,0.6,1000,0.2,1400,0.2,1
12,4,568,0,0,300,0.5,1700,0.5,1
12,5,218,1,0,500,0.6,1000,0.2,1400,0.2,0
12,6,902,1,0,300,0.5,1700,0.5,1
12,7,268,2,10,5,0,500,0.6,1000,0.2,1400,0.2,2
12,8,187,2,10,5,0,500,0.6,1000,0.2,1400,0.2,0
12,9,96,2,10,5,0,300,0.5,1700,0.5,2
12,10,718,2,10,5,0,300,0.5,1700,0.5,0
12,11,660,0,0,500,0.6,1000,0.2,1400,0.2,2
12,12,767,1,0,500,0.6,1000,0.2,1400,0.2,2
12,13,214,2,10,5,0,500,0.6,1000,0.2,1400,0.2,0
12,14,193,2,10,5,0,500,0.6,1000,0.2,1400,0.2,1
12,15,742,0,0,300,0.5,1700,0.5,1
12,16,688,1,0,500,0.6,1000,0.2,1400,0.2,1
12,17,246,1,0,300,0.5,1700,0.5,1
12,18,10,1,0,300,0.5,1700,0.5,2
12,19,638,0,0,500,0.6,1000,0.2,1400,0.2,0
13,0,158,0,0,300,0.5,1700,0.5,0
13,1,627,2,10,5,0,500,0.6,1000,0.2,1400,0.2,0
13,2,47,0,0,300,0.5,1700,0.5,2
13,3,267,1,0,500,0.6,1000,0.2,1400,0.2,2
13,4,361,0,0,300,0.5,1700,0.5,0
13,5,651,2,10,5,0,500,0.6,1000,0.2,1400,0.2,2
13,6,844,0,0,500,0.6,1000,0.2,1400,0.2,1
13,7,810,0,0,500,0.6,1000,0.2,1400,0.2,1
13,8,273,0,0,300,0.5,1700,0.5,0
13,9,145,1,0,300,0.5,1700,0.5,2
13,10,437,0,0,300,0.5,1700,0.5,1
13,11,665,2,10,5,0,300,0.5,1700,0.5,0
13,12,44,1,0,500,0.6,1000,0.2,1400,0.2,0
13,13,564,0,0,300,0.5,1700,0.5,0
13,14,397,0,0,300,0.5,1700,0.5,2
13,15,894,1,0,300,0.5,1700,0.5,1
13,16,715,1,0,500,0.6,1000,0.2,1400,0.2,1
13,17,928,1,0,500,0.6,1000,0.2,1400,0.2,2
13,18,635,2,10,5,0,500,0.6,1000,0.2,1400,0.2,2
13,19,249,0,0,300,0.5,1700,0.5,1
14,0,198,1,0,500,0.6,1000,0.2,1400,0.2,2
14,1,320,0,0,300,0.5,1700,0.5,0
14,2,689,2,10,5,0,300,0.5,1700,0.5,0
14,3,607,1,0,500,0.6,1000,0.2,1400,0.2,2
14,4,794,1,0,300,0.5,1700,0.5,2
14,5,474,0,0,500,0.6,1000,0.2,1400,0.2,2
14,6,861,0,0,300,0.5,1700,0.5,2
14,7,73,1,0,300,0.5,1700,0.5,1
14,8,988,0,0,300,0.5,1700,0.5,2
14,9,912,0,0,500,0.6,1000,0.2,1400,0.2,1
14,10,670,0,0,500,0.6,1000,0.2,1400,0.2,1
14,11,637,0,0,300,0.5,1700,0.5,2
14,12,139,0,0,300,0.5,1700,0.5,0
14,13,101,0,0,300,0.5,1700,0.5,0
14,14,70,1,0,300,0.5,1700,0.5,1
14,15,910,0,0,500,0.6,1000,0.2,1400,0.2,0
14,16,257,0,0,300,0.5,1700,0.5,2
14,17,404,1,0,300,0.5,1700,0.5,0
14,18,692,0,0,300,0.5,1700,0.5,1
14,19,100,1,0,300,0.5,1700,0.5,0
15,0,254,2,10,5,0,500,0.6,1000,0.2,1400,0.2,1
15,1,449,0,0,500,0.6,1000,0.2,1400,0.2,1
15,2,438,0,0,300,0.5,1700,0.5,1
15,3,30,1,0,300,0.5,1700,0.5,1
15,4,371,1,0,300,0.5,1700,0.5,2
15,5,353,0,0,300,0.5,1700,0.5,0
15,6,566,0,0,500,0.6,1000,0.2,1400,0.2,1
15,7,878,2,10,5,0,500,0.6,1000,0.2,1400,0.2,1
15,8,149,0,0,500,0.6,1000,0.2,1400,0.2,2
15,9,231,1,0,500,0.6,1000,0.2,1400,0.2,0
15,10,483,1,0,300,0.5,1700,0.5,2
15,11,636,1,0,500,0.6,1000,0.2,1400,0.2,1
15,12,365,1,0,500,0.6,1000,0.2,1400,0.2,1
15,13,371,2,10,5,0,300,0.5,1700,0.5,0
15,14,858,2,10,5,0,500,0.6,1000,0.2,1400,0.2,2
15,15,62,2,10,5,0,500,0.6,1000,0.2,1400,0.2,1
15,16,116,2,10,5,0,300,0.5,1700,0.5,1
15,17,168,1,0,500,0.6,1000,0.2,1400,0.2,1
15,18,56,2,10,5,0,300,0.5,1700,0.5,1
15,19,146,0,0,300,0.5,1700,0.5,1
16,0,332,0,0,500,0.6,1000,0.2,1400,0.2,2
16,1,231,2,10,5,0,300,0.5,1700,0.5,2
16,2,280,0,0,300,0.5,1700,0.5,2
16,3,398,0,0,300,0.5,1700,0.5,1
16,4,876,1,0,300,0.5,1700,0.5,1
16,5,901,1,0,300,0.5,1700,0.5,0
16,6,436,1,0,500,0.6,1000,0.2,1400,0.2,2
16,7,517,2,10,5,0,500,0.6,1000,0.2,1400,0.2,0
16,8,675,0,0,300,0.5,1700,0.5,0
16,9,219,1,0,300,0.5,1700,0.5,0
16,10,894,1,0,500,0.6,1000,0.2,1400,0.2,0
16,11,71,0,0,300,0.5,1700,0.5,2
16,12,116,0,0,300,0.5,1700,0.5,0
16,13,754,0,0,500,0.6,1000,0.2,1400,0.2,1
16,14,546,0,0,500,0.6,1000,0.2,1400,0.2,2
16,15,385,0,0,500,0.6,1000,0.2,1400,0.2,0
16,16,494,0,0,300,0.5,1700,0.5,2
16,17,608,2,10,5,0,500,0.6,1000,0.2,1400,0.2,0
16,18,613,2,10,5,0,300,0.5,1700,0.5,2
16,19,106,1,0,500,0.6,1000,0.2,1400,0.2,2
17,0,62,2,10,5,0,300,0.5,1700,0.5,2
17,1,410,0,0,500,0.6,1000,0.2,1400,0.2,0
17,2,169,0,0,500,0.6,1000,0.2,1400,0.2,2
17,3,227,1,0,300,0.5,1700,0.5,1
17,4,547,0,0,500,0.6,1000,0.2,1400,0.2,0
17,5,751,2,10,5,0,300,0.5,1700,0.5,2
17,6,697,1,0,300,0.5,1700,0.5,0
17,7,665,2,10,5,0,500,0.6,1000,0.2,1400,0.2,1
17,8,473,2,10,5,0,300,0.5,1700,0.5,0
17,9,468,2,10,5,0,500,0.6,1000,0.2,1400,0.2,2
17,10,129,1,0,500,0.6,1000,0.2,1400,0.2,0
17,11,709,0,0,300,0.5,1700,0.5,2
17,12,10,0,0,300,0.5,1700,0.5,1
17,13,886,1,0,300,0.5,1700,0.5,1
17,14,914,1,0,500,0.6,1000,0.2,1400,0.2,2
17,15,700,0,0,300,0.5,1700,0.5,0
17,16,504,1,0,500,0.6,1000,0.2,1400,0.2,2
17,17,954,1,0,500,0.6,1000,0.2,1400,0.2,0
17,18,350,1,0,500,0.6,1000,0.2,1400,0.2,0
17,19,927,2,10,5,0,500,0.6,1000,0.2,1400,0.2,0
18,0,825,2,10,5,0,300,0.5,1700,0.5,0
18,1,563,2,10,5,0,300,0.5,1700,0.5,2
18,2,59,1,0,300,0.5,1700,0.5,0
18,3,294,1,0,300,0.5,1700,0.5,2
18,4,203,0,0,500,0.6,1000,0.2,1400,0.2,2
18,5,539,2,10,5,0,300,0.5,1700,0.5,2
18,6,110,1,0,300,0.5,1700,0.5,2
18,7,431,2,10,5,0,500,0.6,1000,0.2,1400,0.2,0
18,8,360,2,10,5,0,300,0.5,1700,0.5,2
18,9,626,2,10,5,0,500,0.6,1000,0.2,1400,0.2,1
18,10,356,2,10,5,0,300,0.5,1700,0.5,2
18,11,307,2,10,5,0,300,0.5,1700,0.5,0
18,12,888,0,0,500,0.6,1000,0.2,1400,0.2,2
18,13,905,0,0,500,0.6,1000,0.2,1400,0.2,2
18,14,459,1,0,500,0.6,1000,0.2,1400,0.2,2
18,15,710,2,10,5,0,300,0.5,1700,0.5,0
18,16,860,0,0,300,0.5,1700,0.5,1
18,17,41,1,0,300,0.5,1700,0.5,1
18,18,338,1,0,500,0.6,1000,0.2,1400,0.2,1
18,19,337,2,10,5,0,300,0.5,1700,0.5,2
19,0,763,0,0,300,0.5,1700,0.5,2
19,1,433,2,10,5,0,500,0.6,1000,0.2,1400,0.2,1
19,2,286,2,10,5,0,300,0.5,1700,0.5,1
19,3,104,0,0,500,0.6,1000,0.2,1400,0.2,2
19,4,359,0,0,500,0.6,1000,0.2,1400,0.2,2
19,5,580,2,10,5,0,300,0.5,1700,0.5,0
19,6,295,1,0,300,0.5,1700,0.5,1
19,7,455,1,0,500,0.6,1000,0.2,1400,0.2,1
19,8,425,1,0,500,0.6,1000,0.2,1400,0.2,1
19,9,139,1,0,500,0.6,1000,0.2,1400,0.2,0
19,10,189,2,10,5,0,300,0.5,1700,0.5,1
19,11,63,1,0,500,0.6,1000,0.2,1400,0.2,1
19,12,491,1,0,300,0.5,1700,0.5,0
19,13,795,1,0,500,0.6,1000,0.2,1400,0.2,1
19,14,190,2,10,5,0,500,0.6,1000,0.2,1400,0.2,0
19,15,70,0,0,300,0.5,1700,0.5,0
19,16,840,0,0,300,0.5,1700,0.5,2
19,17,117,1,0,500,0.6,1000,0.2,1400,0.2,2
19,18,68,2,10,5,0,300,0.5,1700,0.5,1
19,19,818,2,10,5,0,500,0.6,1000,0.2,1400,0.2,2
