0,0,820,1,0,300,0.5,1700,0.5,0
0,1,176,2,10,5,0,500,0.6,1000,0.2,1400,0.2,0
0,2,570,2,10,5,0,300,0.5,1700,0.5,2
0,3,920,2,10,5,0,300,0.5,1700,0.5,0
0,4,23,1,0,500,0.6,1000,0.2,1400,0.2,1
0,5,740,0,0,300,0.5,1700,0.5,0
0,6,402,2,10,5,0,500,0.6,1000,0.2,1400,0.2,0
0,7,638,2,10,5,0,500,0.6,1000,0.2,1400,0.2,0
0,8,264,2,10,5,0,500,0.6,1000,0.2,1400,0.2,2
0,9,291,1,0,500,0.6,1000,0.2,1400,0.2,2
0,10,894,2,10,5,0,300,0.5,1700,0.5,2
0,11,172,2,10,5,0,300,0.5,1700,0.5,1
0,12,542,0,0,500,0.6,1000,0.2,1400,0.2,0
0,13,857,0,0,500,0.6,1000,0.2,1400,0.2,2
0,14,170,2,10,5,0,300,0.5,1700,0.5,0
0,15,123,0,0,500,0.6,1000,0.2,1400,0.2,1
0,16,612,1,0,300,0.5,1700,0.5,0
0,17,639,1,0,500,0.6,1000,0.2,1400,0.2,1
0,18,556,2,10,5,0,300,0.5,1700,0.5,1
0,19,468,1,0,500,0.6,1000,0.2,1400,0.2,0
1,0,671,0,0,300,0.5,1700,0.5,2
1,1,16,2,10,5,0,300,0.5,1700,0.5,2
1,2,347,1,0,500,0.6,1000,0.2,1400,0.2,1
1,3,135,1,0,500,0.6,1000,0.2,1400,0.2,0
1,4,854,0,0,500,0.6,1000,0.2,1400,0.2,1
1,5,657,0,0,500,0.6,1000,0.2,1400,0.2,2
1,6,364,1,0,300,0.5,1700,0.5,0
1,7,936,0,0,300,0.5,1700,0.5,2
1,8,340,0,0,300,0.5,1700,0.5,0
1,9,212,2,10,5,0,500,0.6,1000,0.2,1400,0.2,0
1,10,842,0,0,300,0.5,1700,0.5,0
1,11,485,1,0,500,0.6,1000,0.2,1400,0.2,2
1,12,714,1,0,300,0.5,1700,0.5,1
1,13,268,0,0,300,0.5,1700,0.5,2
1,14,482,2,10,5,0,500,0.6,1000,0.2,1400,0.2,1
1,15,669,1,0,300,0.5,1700,0.5,1
1,16,362,0,0,300,0.5,1700,0.5,0
1,17,72,0,0,500,0.6,1000,0.2,1400,0.2,2
1,18,312,2,10,5,0,300,0.5,1700,0.5,1
1,19,84,2,10,5,0,500,0.6,1000,0.2,1400,0.2,2
2,0,710,1,0,300,0.5,1700,0.5,0
2,1,426,0,0,500,0.6,1000,0.2,1400,0.2,2
2,2,177,1,0,500,0.6,1000,0.2,1400,0.2,2
2,3,143,2,10,5,0,300,0.5,1700,0.5,1
2,4,14,0,0,500,0.6,1000,0.2,1400,0.2,2
2,5,698,0,0,300,0.5,1700,0.5,2
2,6,501,0,0,300,0.5,1700,0.5,1
2,7,690,2,10,5,0,300,0.5,1700,0.5,1
2,8,358,2,10,5,0,500,0.6,1000,0.2,1400,0.2,1
2,9,280,2,10,5,0,500,0.6,1000,0.2,1400,0.2,1
2,10,565,1,0,500,0.6,1000,0.2,1400,0.2,2
2,11,336,2,10,5,0,500,0.6,1000,0.2,1400,0.2,2
2,12,673,0,0,500,0.6,1000,0.2,1400,0.2,0
2,13,324,1,0,300,0.5,1700,0.5,2
2,14,574,1,0,500,0.6,1000,0.2,1400,0.2,1
2,15,414,2,10,5,0,300,0.5,1700,0.5,2
2,16,50,2,10,5,0,300,0.5,1700,0.5,2
2,17,70,0,0,500,0.6,1000,0.2,1400,0.2,1
2,18,707,1,0,500,0.6,1000,0.2,1400,0.2,1
2,19,604,2,10,5,0,300,0.5,1700,0.5,1
3,0,173,0,0,500,0.6,1000,0.2,1400,0.2,1
3,1,257,2,10,5,0,500,0.6,1000,0.2,1400,0.2,2
3,2,127,0,0,500,0.6,1000,0.2,1400,0.2,2
3,3,911,1,0,300,0.5,1700,0.5,0
3,4,850,1,0,300,0.5,1700,0.5,1
3,5,255,2,10,5,0,500,0.6,1000,0.2,1400,0.2,2
3,6,84,0,0,300,0.5,1700,0.5,0
3,7,233,2,10,5,0,500,0.6,1000,0.2,1400,0.2,0
3,8,476,0,0,300,0.5,1700,0.5,0
3,9,72,1,0,500,0.6,1000,0.2,1400,0.2,2
3,10,577,0,0,500,0.6,1000,0.2,1400,0.2,0
3,11,252,0,0,300,0.5,1700,0.5,1
3,12,399,0,0,500,0.6,1000,0.2,1400,0.2,1
3,13,627,2,10,5,0,300,0.5,1700,0.5,2
3,14,916,1,0,300,0.5,1700,0.5,2
3,15,62,0,0,300,0.5,1700,0.5,2
3,16,676,2,10,5,0,300,0.5,1700,0.5,1
3,17,651,0,0,500,0.6,1000,0.2,1400,0.2,1
3,18,109,2,10,5,0,300,0.5,1700,0.5,2
3,19,544,1,0,500,0.6,1000,0.2,1400,0.2,1
4,0,341,1,0,300,0.5,1700,0.5,2
4,1,240,0,0,500,0.6,1000,0.2,1400,0.2,0
4,2,908,0,0,500,0.6,1000,0.2,1400,0.2,2
4,3,155,1,0,300,0.5,1700,0.5,2
4,4,671,2,10,5,0,300,0.5,1700,0.5,1
4,5,319,1,0,300,0.5,1700,0.5,0
4,6,494,0,0,300,0.5,1700,0.5,0
4,7,558,1,0,300,0.5,1700,0.5,2
4,8,115,1,0,300,0.5,1700,0.5,2
4,9,978,1,0,300,0.5,1700,0.5,2
4,10,657,2,10,5,0,300,0.5,1700,0.5,1
4,11,178,2,10,5,0,500,0.6,1000,0.2,1400,0.2,2
4,12,126,2,10,5,0,300,0.5,1700,0.5,1
4,13,802,2,10,5,0,500,0.6,1000,0.2,1400,0.2,2
4,14,522,2,10,5,0,500,0.6,1000,0.2,1400,0.2,2
4,15,770,0,0,300,0.5,1700,0.5,0
4,16,680,1,0,300,0.5,1700,0.5,1
4,17,41,1,0,300,0.5,1700,0.5,1
4,18,175,0,0,500,0.6,1000,0.2,1400,0.2,0
4,19,192,1,0,300,0.5,1700,0.5,2
5,0,694,1,0,500,0.6,1000,0.2,1400,0.2,1
5,1,926,0,0,500,0.6,1000,0.2,1400,0.2,0
5,2,680,2,10,5,0,500,0.6,1000,0.2,1400,0.2,0
5,3,125,1,0,500,0.6,1000,0.2,1400,0.2,0
5,4,803,0,0,500,0.6,1000,0.2,1400,0.2,0
5,5,713,2,10,5,0,500,0.6,1000,0.2,1400,0.2,0
5,6,560,2,10,5,0,300,0.5,1700,0.5,2
5,7,984,2,10,5,0,300,0.5,1700,0.5,0
5,8,567,2,10,5,0,500,0.6,1000,0.2,1400,0.2,1
5,9,864,2,10,5,0,300,0.5,1700,0.5,0
5,10,156,1,0,300,0.5,1700,0.5,2
5,11,952,1,0,500,0.6,1000,0.2,1400,0.2,2
5,12,197,2,10,5,0,300,0.5,1700,0.5,1
5,13,238,1,0,500,0.6,1000,0.2,1400,0.2,2
5,14,15,1,0,300,0.5,1700,0.5,1
5,15,730,2,10,5,0,500,0.6,1000,0.2,1400,0.2,2
5,16,448,2,10,5,0,500,0.6,1000,0.2,1400,0.2,2
5,17,529,2,10,5,0,300,0.5,1700,0.5,0
5,18,499,2,10,5,0,300,0.5,1700,0.5,2
5,19,970,1,0,300,0.5,1700,0.5,0
6,0,485,2,10,5,0,300,0.5,1700,0.5,2
6,1,191,0,0,300,0.5,1700,0.5,0
6,2,64,1,0,500,0.6,1000,0.2,1400,0.2,1
6,3,271,1,0,300,0.5,1700,0.5,1
6,4,903,2,10,5,0,500,0.6,1000,0.2,1400,0.2,1
6,5,57,2,10,5,0,500,0.6,1000,0.2,1400,0.2,0
6,6,126,1,0,300,0.5,1700,0.5,2
6,7,577,1,0,500,0.6,1000,0.2,1400,0.2,1
6,8,180,1,0,300,0.5,1700,0.5,2
6,9,914,2,10,5,0,500,0.6,1000,0.2,1400,0.2,1
6,10,601,2,10,5,0,300,0.5,1700,0.5,2
6,11,85,1,0,500,0.6,1000,0.2,1400,0.2,1
6,12,820,0,0,500,0.6,1000,0.2,1400,0.2,1
6,13,732,0,0,500,0.6,1000,0.2,1400,0.2,0
6,14,881,0,0,500,0.6,1000,0.2,1400,0.2,1
6,15,401,1,0,500,0.6,1000,0.2,1400,0.2,1
6,16,594,0,0,500,0.6,1000,0.2,1400,0.2,0
6,17,853,2,10,5,0,500,0.6,1000,0.2,1400,0.2,1
6,18,583,2,10,5,0,300,0.5,1700,0.5,1
6,19,644,0,0,300,0.5,1700,0.5,1
7,0,987,1,0,300,0.5,1700,0.5,2
7,1,818,0,0,500,0.6,1000,0.2,1400,0.2,1
7,2,447,0,0,300,0.5,1700,0.5,2
7,3,82,0,0,500,0.6,1000,0.2,1400,0.2,0
7,4,645,1,0,500,0.6,1000,0.2,1400,0.2,2
7,5,530,2,10,5,0,500,0.6,1000,0.2,1400,0.2,1
7,6,113,1,0,500,0.6,1000,0.2,1400,0.2,2
7,7,645,0,0,500,0.6,1000,0.2,1400,0.2,2
7,8,221,0,0,500,0.6,1000,0.2,1400,0.2,0
7,9,903,1,0,300,0.5,1700,0.5,0
7,10,466,0,0,300,0.5,1700,0.5,2
7,11,744,2,10,5,0,500,0.6,1000,0.2,1400,0.2,0
7,12,347,1,0,500,0.6,1000,0.2,1400,0.2,1
7,13,741,2,10,5,0,300,0.5,1700,0.5,1
7,14,440,0,0,500,0.6,1000,0.2,1400,0.2,1
7,15,928,0,0,500,0.6,1000,0.2,1400,0.2,0
7,16,830,2,10,5,0,500,0.6,1000,0.2,1400,0.2,2
7,17,117,0,0,500,0.6,1000,0.2,1400,0.2,0
7,18,449,2,10,5,0,300,0.5,1700,0.5,0
7,19,776,1,0,300,0.5,1700,0.5,2
8,0,316,0,0,500,0.6,1000,0.2,1400,0.2,2
8,1,645,1,0,300,0.5,1700,0.5,0
8,2,823,1,0,300,0.5,1700,0.5,1
8,3,40,0,0,500,0.6,1000,0.2,1400,0.2,2
8,4,667,2,10,5,0,500,0.6,1000,0.2,1400,0.2,2
8,5,599,0,0,300,0.5,1700,0.5,2
8,6,383,0,0,500,0.6,1000,0.2,1400,0.2,2
8,7,520,1,0,500,0.6,1000,0.2,1400,0.2,0
8,8,878,1,0,300,0.5,1700,0.5,0
8,9,242,2,10,5,0,300,0.5,1700,0.5,1
8,10,197,2,10,5,0,500,0.6,1000,0.2,1400,0.2,0
8,11,506,1,0,300,0.5,1700,0.5,1
8,12,442,2,10,5,0,300,0.5,1700,0.5,2
8,13,982,2,10,5,0,300,0.5,1700,0.5,0
8,14,56,2,10,5,0,300,0.5,1700,0.5,1
8,15,168,0,0,500,0.6,1000,0.2,1400,0.2,0
8,16,885,1,0,300,0.5,1700,0.5,2
8,17,74,1,0,300,0.5,1700,0.5,2
8,18,669,1,0,300,0.5,1700,0.5,1
8,19,944,1,0,300,0.5,1700,0.5,0
9,0,195,2,10,5,0,300,0.5,1700,0.5,2
9,1,792,2,10,5,0,500,0.6,1000,0.2,1400,0.2,0
9,2,346,0,0,300,0.5,1700,0.5,2
9,3,633,2,10,5,0,300,0.5,1700,0.5,1
9,4,650,2,10,5,0,300,0.5,1700,0.5,1
9,5,735,0,0,300,0.5,1700,0.5,2
9,6,11,0,0,500,0.6,1000,0.2,1400,0.2,2
9,7,941,0,0,300,0.5,1700,0.5,1
9,8,653,2,10,5,0,500,0.6,1000,0.2,1400,0.2,2
9,9,649,0,0,300,0.5,1700,0.5,0
9,10,984,1,0,500,0.6,1000,0.2,1400,0.2,0
9,11,735,1,0,300,0.5,1700,0.5,1
9,12,542,2,10,5,0,500,0.6,1000,0.2,1400,0.2,0
9,13,100,1,0,300,0.5,1700,0.5,1
9,14,899,2,10,5,0,300,0.5,1700,0.5,2
9,15,187,1,0,500,0.6,1000,0.2,1400,0.2,2
9,16,682,0,0,300,0.5,1700,0.5,1
9,17,35,1,0,300,0.5,1700,0.5,2
9,18,284,2,10,5,0,500,0.6,1000,0.2,1400,0.2,0
9,19,428,1,0,500,0.6,1000,0.2,1400,0.2,2
10,0,601,0,0,300,0.5,1700,0.5,2
10,1,763,1,0,300,0.5,1700,0.5,1
10,2,691,2,10,5,0,300,0.5,1700,0.5,0
10,3,739,2,10,5,0,500,0.6,1000,0.2,1400,0.2,0
10,4,35,1,0,500,0.6,1000,0.2,1400,0.2,0
10,5,489,0,0,300,0.5,1700,0.5,0
10,6,667,1,0,500,0.6,1000,0.2,1400,0.2,2
10,7,46,1,0,500,0.6,1000,0.2,1400,0.2,0
10,8,708,1,0,500,0.6,1000,0.2,1400,0.2,0
10,9,105,2,10,5,0,300,0.5,1700,0.5,1
10,10,949,0,0,300,0.5,1700,0.5,0
10,11,352,1,0,300,0.5,1700,0.5,1
10,12,675,2,10,5,0,500,0.6,1000,0.2,1400,0.2,1
10,13,733,1,0,300,0.5,1700,0.5,0
10,14,373,2,10,5,0,300,0.5,1700,0.5,1
10,15,138,2,10,5,0,500,0.6,1000,0.2,1400,0.2,0
10,16,787,2,10,5,0,500,0.6,1000,0.2,1400,0.2,0
10,17,115,2,10,5,0,500,0.6,1000,0.2,1400,0.2,1
10,18,962,2,10,5,0,300,0.5,1700,0.5,1
10,19,859,0,0,500,0.6,1000,0.2,1400,0.2,2
11,0,318,0,0,500,0.6,1000,0.2,1400,0.2,0
11,1,733,1,0,500,0.6,1000,0.2,1400,0.2,2
11,2,479,2,10,5,0,500,0.6,1000,0.2,1400,0.2,1
11,3,67,1,0,300,0.5,1700,0.5,1
11,4,680,2,10,5,0,300,0.5,1700,0.5,1
11,5,526,0,0,500,0.6,1000,0.2,1400,0.2,2
11,6,979,1,0,500,0.6,1000,0.2,1400,0.2,0
11,7,378,1,0,300,0.5,1700,0.5,0
11,8,382,2,10,5,0,300,0.5,1700,0.5,2
11,9,641,1,0,500,0.6,1000,0.2,1400,0.2,2
11,10,789,0,0,500,0.6,1000,0.2,1400,0.2,1
11,11,38,0,0,300,0.5,1700,0.5,1
11,12,276,1,0,500,0.6,1000,0.2,1400,0.2,2
11,13,178,1,0,300,0.5,1700,0.5,0
11,14,614,2,10,5,0,300,0.5,1700,0.5,0
11,15,250,1,0,300,0.5,1700,0.5,1
11,16,376,0,0,300,0.5,1700,0.5,1
11,17,322,2,10,5,0,500,0.6,1000,0.2,1400,0.2,2
11,18,671,2,10,5,0,500,0.6,1000,0.2,1400,0.2,2
11,19,778,1,0,500,0.6,1000,0.2,1400,0.2,2
12,0,367,0,0,500,0.6,1000,0.2,1400,0.2,1
12,1,311,2,10,5,0,300,0.5,1700,0.5,2
12,2,352,2,10,5,0,500,0.6,1000,0.2,1400,0.2,0
12,3,38,2,10,5,0,500,0.6,1000,0.2,1400,0.2,2
12,4,348,1,0,500,0.6,1000,0.2,1400,0.2,0
12,5,979,2,10,5,0,300,0.5,1700,0.5,0
12,6,104,2,10,5,0,500,0.6,1000,0.2,1400,0.2,1
12,7,999,2,10,5,0,500,0.6,1000,0.2,1400,0.2,0
12,8,910,0,0,500,0.6,1000,0.2,1400,0.2,2
12,9,596,0,0,300,0.5,1700,0.5,1
12,10,758,1,0,300,0.5,1700,0.5,0
12,11,817,1,0,500,0.6,1000,0.2,1400,0.2,2
12,12,562,2,10,5,0,500,0.6,1000,0.2,1400,0.2,1
12,13,677,0,0,300,0.5,1700,0.5,1
12,14,117,0,0,500,0.6,1000,0.2,1400,0.2,0
12,15,980,2,10,5,0,300,0.5,1700,0.5,1
12,16,164,0,0,300,0.5,1700,0.5,0
12,17,918,2,10,5,0,500,0.6,1000,0.2,1400,0.2,0
12,18,724,1,0,500,0.6,1000,0.2,1400,0.2,0
12,19,873,2,10,5,0,300,0.5,1700,0.5,2
13,0,447,2,10,5,0,500,0.6,1000,0.2,1400,0.2,0
13,1,738,2,10,5,0,300,0.5,1700,0.5,0
13,2,539,1,0,500,0.6,1000,0.2,1400,0.2,1
13,3,569,2,10,5,0,300,0.5,1700,0.5,1
13,4,96,1,0,500,0.6,1000,0.2,1400,0.2,1
13,5,58,2,10,5,0,500,0.6,1000,0.2,1400,0.2,2
13,6,630,1,0,300,0.5,1700,0.5,0
13,7,748,1,0,500,0.6,1000,0.2,1400,0.2,1
13,8,994,0,0,500,0.6,1000,0.2,1400,0.2,1
13,9,775,0,0,300,0.5,1700,0.5,1
13,10,44,0,0,500,0.6,1000,0.2,1400,0.2,0
13,11,281,2,10,5,0,300,0.5,1700,0.5,2
13,12,900,0,0,500,0.6,1000,0.2,1400,0.2,1
13,13,18,1,0,500,0.6,1000,0.2,1400,0.2,0
13,14,519,0,0,500,0.6,1000,0.2,1400,0.2,2
13,15,785,0,0,300,0.5,1700,0.5,1
13,16,302,1,0,500,0.6,1000,0.2,1400,0.2,1
13,17,903,1,0,300,0.5,1700,0.5,2
13,18,780,2,10,5,0,300,0.5,1700,0.5,2
13,19,226,0,0,300,0.5,1700,0.5,2
14,0,59,2,10,5,0,300,0.5,1700,0.5,0
14,1,94,2,10,5,0,300,0.5,1700,0.5,0
14,2,608,1,0,500,0.6,1000,0.2,1400,0.2,2
14,3,280,1,0,500,0.6,1000,0.2,1400,0.2,0
14,4,127,0,0,300,0.5,1700,0.5,1
14,5,448,2,10,5,0,500,0.6,1000,0.2,1400,0.2,0
14,6,85,2,10,5,0,500,0.6,1000,0.2,1400,0.2,1
14,7,712,0,0,500,0.6,1000,0.2,1400,0.2,1
14,8,259,2,10,5,0,500,0.6,1000,0.2,1400,0.2,1
14,9,391,0,0,300,0.5,1700,0.5,0
14,10,532,0,0,300,0.5,1700,0.5,2
14,11,938,0,0,300,0.5,1700,0.5,0
14,12,79,0,0,300,0.5,1700,0.5,1
14,13,15,2,10,5,0,500,0.6,1000,0.2,1400,0.2,0
14,14,558,0,0,500,0.6,1000,0.2,1400,0.2,0
14,15,512,2,10,5,0,300,0.5,1700,0.5,2
14,16,141,0,0,500,0.6,1000,0.2,1400,0.2,1
14,17,333,1,0,300,0.5,1700,0.5,2
14,18,529,2,10,5,0,500,0.6,1000,0.2,1400,0.2,1
14,19,424,0,0,500,0.6,1000,0.2,1400,0.2,1
15,0,191,1,0,300,0.5,1700,0.5,2
15,1,541,2,10,5,0,500,0.6,1000,0.2,1400,0.2,2
15,2,427,0,0,300,0.5,1700,0.5,2
15,3,977,0,0,500,0.6,1000,0.2,1400,0.2,0
15,4,688,2,10,5,0,500,0.6,1000,0.2,1400,0.2,2
15,5,23,0,0,500,0.6,1000,0.2,1400,0.2,1
15,6,300,2,10,5,0,300,0.5,1700,0.5,2
15,7,892,2,10,5,0,500,0.6,1000,0.2,1400,0.2,0
15,8,981,0,0,500,0.6,1000,0.2,1400,0.2,2
15,9,112,2,10,5,0,500,0.6,1000,0.2,1400,0.2,2
15,10,366,1,0,500,0.6,1000,0.2,1400,0.2,2
15,11,230,1,0,500,0.6,1000,0.2,1400,0.2,0
15,12,641,2,10,5,0,300,0.5,1700,0.5,1
15,13,131,2,10,5,0,500,0.6,1000,0.2,1400,0.2,2
15,14,69,2,10,5,0,500,0.6,1000,0.2,1400,0.2,0
15,15,431,0,0,300,0.5,1700,0.5,2
15,16,538,1,0,500,0.6,1000,0.2,1400,0.2,2
15,17,138,0,0,300,0.5,1700,0.5,1
15,18,709,2,10,5,0,500,0.6,1000,0.2,1400,0.2,1
15,19,492,2,10,5,0,300,0.5,1700,0.5,2
16,0,795,2,10,5,0,500,0.6,1000,0.2,1400,0.2,0
16,1,124,1,0,300,0.5,1700,0.5,2
16,2,226,0,0,500,0.6,1000,0.2,1400,0.2,2
16,3,445,1,0,500,0.6,1000,0.2,1400,0.2,0
16,4,143,1,0,500,0.6,1000,0.2,1400,0.2,1
16,5,157,1,0,500,0.6,1000,0.2,1400,0.2,0
16,6,794,0,0,500,0.6,1000,0.2,1400,0.2,1
16,7,859,1,0,500,0.6,1000,0.2,1400,0.2,2
16,8,522,2,10,5,0,500,0.6,1000,0.2,1400,0.2,0
16,9,765,1,0,500,0.6,1000,0.2,1400,0.2,1
16,10,664,1,0,300,0.5,1700,0.5,1
16,11,613,2,10,5,0,300,0.5,1700,0.5,1
16,12,91,2,10,5,0,500,0.6,1000,0.2,1400,0.2,1
16,13,725,0,0,500,0.6,1000,0.2,1400,0.2,1
16,14,903,1,0,500,0.6,1000,0.2,1400,0.2,1
16,15,26,0,0,500,0.6,1000,0.2,1400,0.2,1
16,16,567,1,0,500,0.6,1000,0.2,1400,0.2,2
16,17,66,0,0,300,0.5,1700,0.5,1
16,18,484,2,10,5,0,500,0.6,1000,0.2,1400,0.2,2
16,19,805,2,10,5,0,500,0.6,1000,0.2,1400,0.2,0
17,0,200,0,0,500,0.6,1000,0.2,1400,0.2,1
17,1,638,1,0,300,0.5,1700,0.5,2
17,2,836,2,10,5,0,300,0.5,1700,0.5,1
17,3,614,1,0,500,0.6,1000,0.2,1400,0.2,2
17,4,466,0,0,300,0.5,1700,0.5,2
17,5,825,0,0,300,0.5,1700,0.5,2
17,6,180,1,0,300,0.5,1700,0.5,0
17,7,184,0,0,300,0.5,1700,0.5,2
17,8,377,2,10,5,0,500,0.6,1000,0.2,1400,0.2,2
17,9,297,0,0,300,0.5,1700,0.5,2
17,10,808,0,0,500,0.6,1000,0.2,1400,0.2,2
17,11,513,2,10,5,0,300,0.5,1700,0.5,1
17,12,14,2,10,5,0,500,0.6,1000,0.2,1400,0.2,0
17,13,85,2,10,5,0,500,0.6,1000,0.2,1400,0.2,0
17,14,855,2,10,5,0,300,0.5,1700,0.5,0
17,15,244,0,0,500,0.6,1000,0.2,1400,0.2,1
17,16,982,0,0,300,0.5,1700,0.5,2
17,17,255,1,0,300,0.5,1700,0.5,0
17,18,459,1,0,300,0.5,1700,0.5,0
17,19,292,2,10,5,0,500,0.6,1000,0.2,1400,0.2,1
18,0,461,2,10,5,0,300,0.5,1700,0.5,1
18,1,649,2,10,5,0,500,0.6,1000,0.2,1400,0.2,1
18,2,485,0,0,500,0.6,1000,0.2,1400,0.2,1
18,3,757,1,0,300,0.5,1700,0.5,1
18,4,422,2,10,5,0,500,0.6,1000,0.2,1400,0.2,1
18,5,41,1,0,300,0.5,1700,0.5,2
18,6,880,1,0,500,0.6,1000,0.2,1400,0.2,2
18,7,889,1,0,500,0.6,1000,0.2,1400,0.2,2
18,8,398,1,0,500,0.6,1000,0.2,1400,0.2,2
18,9,994,2,10,5,0,300,0.5,1700,0.5,0
18,10,943,2,10,5,0,500,0.6,1000,0.2,1400,0.2,2
18,11,305,2,10,5,0,500,0.6,1000,0.2,1400,0.2,1
18,12,362,2,10,5,0,300,0.5,1700,0.5,0
18,13,954,0,0,300,0.5,1700,0.5,2
18,14,509,0,0,300,0.5,1700,0.5,0
18,15,449,1,0,300,0.5,1700,0.5,2
18,16,397,1,0,500,0.6,1000,0.2,1400,0.2,0
18,17,487,0,0,500,0.6,1000,0.2,1400,0.2,0
18,18,221,2,10,5,0,500,0.6,1000,0.2,1400,0.2,1
18,19,870,1,0,500,0.6,1000,0.2,1400,0.2,0
19,0,109,1,0,500,0.6,1000,0.2,1400,0.2,1
19,1,395,2,10,5,0,300,0.5,1700,0.5,0
19,2,160,1,0,300,0.5,1700,0.5,0
19,3,15,0,0,300,0.5,1700,0.5,1
19,4,483,0,0,300,0.5,1700,0.5,1
19,5,702,2,10,5,0,500,0.6,1000,0.2,1400,0.2,1
19,6,552,2,10,5,0,300,0.5,1700,0.5,0
19,7,575,0,0,300,0.5,1700,0.5,1
19,8,844,1,0,300,0.5,1700,0.5,2
19,9,382,0,0,300,0.5,1700,0.5,1
19,10,774,0,0,500,0.6,1000,0.2,1400,0.2,2
19,11,394,1,0,300,0.5,1700,0.5,1
19,12,835,0,0,500,0.6,1000,0.2,1400,0.2,0
19,13,290,1,0,500,0.6,1000,0.2,1400,0.2,0
19,14,424,0,0,300,0.5,1700,0.5,1
19,15,422,1,0,500,0.6,1000,0.2,1400,0.2,2
19,16,38,2,10,5,0,500,0.6,1000,0.2,1400,0.2,1
19,17,907,0,0,300,0.5,1700,0.5,0
19,18,638,2,10,5,0,500,0.6,1000,0.2,1400,0.2,2
19,19,316,2,10,5,0,300,0.5,1700,0.5,1
