0,0,181,1,0,500,0.6,1000,0.2,1400,0.2,2
0,1,427,0,0,500,0.6,1000,0.2,1400,0.2,0
0,2,123,0,0,500,0.6,1000,0.2,1400,0.2,2
0,3,195,1,0,300,0.5,1700,0.5,2
0,4,659,0,0,300,0.5,1700,0.5,0
0,5,541,2,10,5,0,300,0.5,1700,0.5,2
0,6,546,1,0,500,0.6,1000,0.2,1400,0.2,0
0,7,129,2,10,5,0,300,0.5,1700,0.5,0
0,8,464,0,0,300,0.5,1700,0.5,2
0,9,196,2,10,5,0,300,0.5,1700,0.5,0
0,10,422,2,10,5,0,300,0.5,1700,0.5,0
0,11,658,0,0,500,0.6,1000,0.2,1400,0.2,2
0,12,101,1,0,500,0.6,1000,0.2,1400,0.2,1
0,13,623,2,10,5,0,300,0.5,1700,0.5,0
0,14,63,2,10,5,0,500,0.6,1000,0.2,1400,0.2,2
0,15,269,1,0,500,0.6,1000,0.2,1400,0.2,2
0,16,902,1,0,500,0.6,1000,0.2,1400,0.2,2
0,17,773,0,0,500,0.6,1000,0.2,1400,0.2,0
0,18,967,0,0,300,0.5,1700,0.5,2
0,19,601,2,10,5,0,300,0.5,1700,0.5,1
1,0,854,1,0,500,0.6,1000,0.2,1400,0.2,2
1,1,861,2,10,5,0,500,0.6,1000,0.2,1400,0.2,2
1,2,289,0,0,300,0.5,1700,0.5,2
1,3,205,0,0,500,0.6,1000,0.2,1400,0.2,0
1,4,899,1,0,500,0.6,1000,0.2,1400,0.2,1
1,5,139,0,0,300,0.5,1700,0.5,1
1,6,992,1,0,300,0.5,1700,0.5,0
1,7,818,1,0,500,0.6,1000,0.2,1400,0.2,2
1,8,997,0,0,300,0.5,1700,0.5,2
1,9,115,1,0,500,0.6,1000,0.2,1400,0.2,0
1,10,661,1,0,500,0.6,1000,0.2,1400,0.2,2
1,11,230,0,0,500,0.6,1000,0.2,1400,0.2,2
1,12,814,0,0,300,0.5,1700,0.5,1
1,13,909,1,0,300,0.5,1700,0.5,2
1,14,623,0,0,300,0.5,1700,0.5,0
1,15,591,0,0,500,0.6,1000,0.2,1400,0.2,2
1,16,713,1,0,300,0.5,1700,0.5,2
1,17,538,1,0,500,0.6,1000,0.2,1400,0.2,0
1,18,584,2,10,5,0,300,0.5,1700,0.5,0
1,19,501,0,0,300,0.5,1700,0.5,0
2,0,235,1,0,300,0.5,1700,0.5,2
2,1,739,1,0,300,0.5,1700,0.5,1
2,2,119,1,0,500,0.6,1000,0.2,1400,0.2,0
2,3,815,0,0,300,0.5,1700,0.5,1
2,4,603,0,0,300,0.5,1700,0.5,2
2,5,75,2,10,5,0,300,0.5,1700,0.5,1
2,6,158,1,0,300,0.5,1700,0.5,2
2,7,993,1,0,500,0.6,1000,0.2,1400,0.2,1
2,8,233,2,10,5,0,300,0.5,1700,0.5,0
2,9,360,2,10,5,0,500,0.6,1000,0.2,1400,0.2,0
2,10,291,0,0,500,0.6,1000,0.2,1400,0.2,1
2,11,386,1,0,300,0.5,1700,0.5,1
2,12,827,2,10,5,0,500,0.6,1000,0.2,1400,0.2,1
2,13,304,2,10,5,0,500,0.6,1000,0.2,1400,0.2,1
2,14,327,1,0,500,0.6,1000,0.2,1400,0.2,1
2,15,401,2,10,5,0,300,0.5,1700,0.5,0
2,16,524,0,0,500,0.6,1000,0.2,1400,0.2,0
2,17,856,2,10,5,0,300,0.5,1700,0.5,1
2,18,136,1,0,300,0.5,1700,0.5,1
2,19,241,2,10,5,0,300,0.5,1700,0.5,1
3,0,790,1,0,300,0.5,1700,0.5,2
3,1,62,2,10,5,0,300,0.5,1700,0.5,2
3,2,290,1,0,300,0.5,1700,0.5,1
3,3,721,1,0,500,0.6,1000,0.2,1400,0.2,0
3,4,160,2,10,5,0,300,0.5,1700,0.5,0
3,5,630,2,10,5,0,300,0.5,1700,0.5,0
3,6,658,1,0,300,0.5,1700,0.5,0
3,7,383,2,10,5,0,500,0.6,1000,0.2,1400,0.2,1
3,8,788,0,0,300,0.5,1700,0.5,0
3,9,569,2,10,5,0,500,0.6,1000,0.2,1400,0.2,0
3,10,240,1,0,500,0.6,1000,0.2,1400,0.2,2
3,11,887,1,0,300,0.5,1700,0.5,2
3,12,220,1,0,300,0.5,1700,0.5,2
3,13,834,1,0,500,0.6,1000,0.2,1400,0.2,1
3,14,829,1,0,300,0.5,1700,0.5,2
3,15,772,2,10,5,0,500,0.6,1000,0.2,1400,0.2,1
3,16,227,0,0,500,0.6,1000,0.2,1400,0.2,1
3,17,277,2,10,5,0,500,0.6,1000,0.2,1400,0.2,0
3,18,597,0,0,500,0.6,1000,0.2,1400,0.2,1
3,19,473,2,10,5,0,500,0.6,1000,0.2,1400,0.2,2
4,0,230,1,0,500,0.6,1000,0.2,1400,0.2,0
4,1,910,0,0,300,0.5,1700,0.5,0
4,2,437,0,0,500,0.6,1000,0.2,1400,0.2,2
4,3,497,0,0,300,0.5,1700,0.5,2
4,4,576,0,0,500,0.6,1000,0.2,1400,0.2,1
4,5,771,1,0,300,0.5,1700,0.5,2
4,6,828,0,0,300,0.5,1700,0.5,0
4,7,137,0,0,300,0.5,1700,0.5,1
4,8,987,0,0,500,0.6,1000,0.2,1400,0.2,1
4,9,481,0,0,500,0.6,1000,0.2,1400,0.2,1
4,10,143,1,0,300,0.5,1700,0.5,1
4,11,118,2,10,5,0,500,0.6,1000,0.2,1400,0.2,0
4,12,470,0,0,500,0.6,1000,0.2,1400,0.2,2
4,13,264,2,10,5,0,300,0.5,1700,0.5,1
4,14,473,1,0,300,0.5,1700,0.5,1
4,15,564,2,10,5,0,500,0.6,1000,0.2,1400,0.2,0
4,16,158,1,0,300,0.5,1700,0.5,2
4,17,402,1,0,500,0.6,1000,0.2,1400,0.2,0
4,18,270,0,0,300,0.5,1700,0.5,2
4,19,946,0,0,300,0.5,1700,0.5,2
5,0,821,0,0,300,0.5,1700,0.5,2
5,1,324,1,0,300,0.5,1700,0.5,0
5,2,436,1,0,300,0.5,1700,0.5,1
5,3,256,1,0,500,0.6,1000,0.2,1400,0.2,0
5,4,196,1,0,300,0.5,1700,0.5,2
5,5,470,1,0,500,0.6,1000,0.2,1400,0.2,1
5,6,315,2,10,5,0,300,0.5,1700,0.5,2
5,7,260,1,0,500,0.6,1000,0.2,1400,0.2,1
5,8,992,2,10,5,0,500,0.6,1000,0.2,1400,0.2,2
5,9,101,2,10,5,0,500,0.6,1000,0.2,1400,0.2,2
5,10,331,1,0,300,0.5,1700,0.5,0
5,11,928,2,10,5,0,500,0.6,1000,0.2,1400,0.2,2
5,12,413,0,0,500,0.6,1000,0.2,1400,0.2,1
5,13,700,1,0,300,0.5,1700,0.5,0
5,14,692,2,10,5,0,300,0.5,1700,0.5,0
5,15,147,2,10,5,0,500,0.6,1000,0.2,1400,0.2,2
5,16,224,2,10,5,0,500,0.6,1000,0.2,1400,0.2,2
5,17,25,0,0,300,0.5,1700,0.5,1
5,18,62,2,10,5,0,500,0.6,1000,0.2,1400,0.2,2
5,19,222,2,10,5,0,300,0.5,1700,0.5,1
6,0,121,1,0,300,0.5,1700,0.5,1
6,1,986,1,0,500,0.6,1000,0.2,1400,0.2,0
6,2,514,1,0,500,0.6,1000,0.2,1400,0.2,1
6,3,791,2,10,5,0,300,0.5,1700,0.5,0
6,4,807,0,0,300,0.5,1700,0.5,2
6,5,414,0,0,500,0.6,1000,0.2,1400,0.2,0
6,6,230,0,0,500,0.6,1000,0.2,1400,0.2,1
6,7,411,0,0,500,0.6,1000,0.2,1400,0.2,0
6,8,172,0,0,500,0.6,1000,0.2,1400,0.2,2
6,9,549,0,0,300,0.5,1700,0.5,1
6,10,389,2,10,5,0,500,0.6,1000,0.2,1400,0.2,2
6,11,360,0,0,500,0.6,1000,0.2,1400,0.2,0
6,12,476,1,0,500,0.6,1000,0.2,1400,0.2,1
6,13,472,2,10,5,0,300,0.5,1700,0.5,2
6,14,513,1,0,300,0.5,1700,0.5,0
6,15,618,0,0,300,0.5,1700,0.5,2
6,16,281,1,0,500,0.6,1000,0.2,1400,0.2,1
6,17,39,1,0,300,0.5,1700,0.5,1
6,18,453,0,0,500,0.6,1000,0.2,1400,0.2,1
6,19,687,2,10,5,0,300,0.5,1700,0.5,1
7,0,585,2,10,5,0,300,0.5,1700,0.5,0
7,1,760,0,0,300,0.5,1700,0.5,0
7,2,1000,2,10,5,0,500,0.6,1000,0.2,1400,0.2,1
7,3,463,2,10,5,0,300,0.5,1700,0.5,0
7,4,320,1,0,500,0.6,1000,0.2,1400,0.2,1
7,5,543,1,0,500,0.6,1000,0.2,1400,0.2,2
7,6,786,0,0,500,0.6,1000,0.2,1400,0.2,0
7,7,793,1,0,300,0.5,1700,0.5,2
7,8,891,1,0,500,0.6,1000,0.2,1400,0.2,2
7,9,76,2,10,5,0,300,0.5,1700,0.5,2
7,10,842,1,0,300,0.5,1700,0.5,0
7,11,56,0,0,500,0.6,1000,0.2,1400,0.2,2
7,12,614,0,0,300,0.5,1700,0.5,1
7,13,588,1,0,300,0.5,1700,0.5,2
7,14,610,2,10,5,0,500,0.6,1000,0.2,1400,0.2,0
7,15,440,0,0,300,0.5,1700,0.5,1
7,16,792,0,0,500,0.6,1000,0.2,1400,0.2,1
7,17,937,0,0,300,0.5,1700,0.5,0
7,18,470,1,0,500,0.6,1000,0.2,1400,0.2,0
7,19,251,1,0,300,0.5,1700,0.5,1
8,0,22,2,10,5,0,300,0.5,1700,0.5,2
8,1,146,2,10,5,0,500,0.6,1000,0.2,1400,0.2,1
8,2,559,1,0,300,0.5,1700,0.5,0
8,3,888,1,0,500,0.6,1000,0.2,1400,0.2,1
8,4,889,0,0,500,0.6,1000,0.2,1400,0.2,2
8,5,430,0,0,500,0.6,1000,0.2,1400,0.2,2
8,6,152,0,0,500,0.6,1000,0.2,1400,0.2,2
8,7,110,2,10,5,0,500,0.6,1000,0.2,1400,0.2,2
8,8,465,1,0,500,0.6,1000,0.2,1400,0.2,1
8,9,755,2,10,5,0,300,0.5,1700,0.5,1
8,10,775,1,0,300,0.5,1700,0.5,2
8,11,227,1,0,500,0.6,1000,0.2,1400,0.2,2
8,12,284,2,10,5,0,500,0.6,1000,0.2,1400,0.2,0
8,13,165,2,10,5,0,300,0.5,1700,0.5,2
8,14,535,0,0,300,0.5,1700,0.5,0
8,15,999,2,10,5,0,300,0.5,1700,0.5,0
8,16,100,1,0,500,0.6,1000,0.2,1400,0.2,2
8,17,323,1,0,500,0.6,1000,0.2,1400,0.2,1
8,18,206,1,0,300,0.5,1700,0.5,1
8,19,236,2,10,5,0,500,0.6,1000,0.2,1400,0.2,0
9,0,408,1,0,500,0.6,1000,0.2,1400,0.2,2
9,1,144,0,0,500,0.6,1000,0.2,1400,0.2,2
9,2,196,2,10,5,0,500,0.6,1000,0.2,1400,0.2,1
9,3,348,1,0,300,0.5,1700,0.5,0
9,4,187,1,0,300,0.5,1700,0.5,2
9,5,498,2,10,5,0,300,0.5,1700,0.5,1
9,6,671,0,0,500,0.6,1000,0.2,1400,0.2,2
9,7,911,1,0,300,0.5,1700,0.5,1
9,8,136,1,0,300,0.5,1700,0.5,1
9,9,626,1,0,500,0.6,1000,0.2,1400,0.2,0
9,10,180,2,10,5,0,300,0.5,1700,0.5,1
9,11,721,0,0,500,0.6,1000,0.2,1400,0.2,0
9,12,155,0,0,500,0.6,1000,0.2,1400,0.2,2
9,13,960,2,10,5,0,500,0.6,1000,0.2,1400,0.2,2
9,14,599,1,0,300,0.5,1700,0.5,2
9,15,835,2,10,5,0,300,0.5,1700,0.5,2
9,16,701,2,10,5,0,500,0.6,1000,0.2,1400,0.2,0
9,17,367,1,0,500,0.6,1000,0.2,1400,0.2,1
9,18,309,0,0,300,0.5,1700,0.5,2
9,19,550,1,0,300,0.5,1700,0.5,0
10,0,441,1,0,300,0.5,1700,0.5,2
10,1,527,1,0,300,0.5,1700,0.5,0
10,2,724,0,0,300,0.5,1700,0.5,2
10,3,244,0,0,500,0.6,1000,0.2,1400,0.2,0
10,4,37,2,10,5,0,300,0.5,1700,0.5,2
10,5,508,0,0,500,0.6,1000,0.2,1400,0.2,0
10,6,460,0,0,300,0.5,1700,0.5,0
10,7,51,2,10,5,0,500,0.6,1000,0.2,1400,0.2,2
10,8,551,2,10,5,0,500,0.6,1000,0.2,1400,0.2,2
10,9,725,2,10,5,0,500,0.6,1000,0.2,1400,0.2,2
10,10,528,2,10,5,0,500,0.6,1000,0.2,1400,0.2,0
10,11,669,0,0,300,0.5,1700,0.5,0
10,12,743,0,0,300,0.5,1700,0.5,0
10,13,100,1,0,500,0.6,1000,0.2,1400,0.2,0
10,14,531,1,0,500,0.6,1000,0.2,1400,0.2,2
10,15,138,1,0,300,0.5,1700,0.5,2
10,16,31,0,0,300,0.5,1700,0.5,2
10,17,760,0,0,300,0.5,1700,0.5,1
10,18,87,1,0,500,0.6,1000,0.2,1400,0.2,0
10,19,569,2,10,5,0,300,0.5,1700,0.5,0
11,0,383,2,10,5,0,300,0.5,1700,0.5,1
11,1,365,0,0,500,0.6,1000,0.2,1400,0.2,1
11,2,437,1,0,300,0.5,1700,0.5,1
11,3,890,2,10,5,0,300,0.5,1700,0.5,2
11,4,353,0,0,300,0.5,1700,0.5,1
11,5,714,1,0,300,0.5,1700,0.5,2
11,6,440,0,0,300,0.5,1700,0.5,0
11,7,973,1,0,500,0.6,1000,0.2,1400,0.2,0
11,8,910,0,0,300,0.5,1700,0.5,0
11,9,760,1,0,500,0.6,1000,0.2,1400,0.2,2
11,10,882,2,10,5,0,500,0.6,1000,0.2,1400,0.2,1
11,11,538,1,0,300,0.5,1700,0.5,0
11,12,245,2,10,5,0,300,0.5,1700,0.5,0
11,13,300,0,0,500,0.6,1000,0.2,1400,0.2,2
11,14,218,1,0,300,0.5,1700,0.5,1
11,15,221,0,0,300,0.5,1700,0.5,1
11,16,954,1,0,300,0.5,1700,0.5,0
11,17,974,0,0,500,0.6,1000,0.2,1400,0.2,1
11,18,37,0,0,500,0.6,1000,0.2,1400,0.2,2
11,19,804,2,10,5,0,500,0.6,1000,0.2,1400,0.2,1
12,0,986,1,0,300,0.5,1700,0.5,2
12,1,897,0,0,500,0.6,1000,0.2,1400,0.2,2
12,2,845,0,0,500,0.6,1000,0.2,1400,0.2,0
12,3,960,2,10,5,0,300,0.5,1700,0.5,2
12,4,417,2,10,5,0,300,0.5,1700,0.5,2
12,5,672,2,10,5,0,300,0.5,1700,0.5,0
12,6,257,0,0,300,0.5,1700,0.5,1
12,7,972,1,0,300,0.5,1700,0.5,2
12,8,38,1,0,500,0.6,1000,0.2,1400,0.2,1
12,9,873,1,0,300,0.5,1700,0.5,2
12,10,916,2,10,5,0,300,0.5,1700,0.5,1
12,11,316,2,10,5,0,500,0.6,1000,0.2,1400,0.2,2
12,12,879,1,0,300,0.5,1700,0.5,0
12,13,282,2,10,5,0,300,0.5,1700,0.5,1
12,14,402,1,0,300,0.5,1700,0.5,2
12,15,948,1,0,500,0.6,1000,0.2,1400,0.2,0
12,16,364,0,0,300,0.5,1700,0.5,1
12,17,789,1,0,300,0.5,1700,0.5,1
12,18,490,1,0,300,0.5,1700,0.5,2
12,19,543,0,0,500,0.6,1000,0.2,1400,0.2,1
13,0,484,2,10,5,0,500,0.6,1000,0.2,1400,0.2,2
13,1,460,2,10,5,0,300,0.5,1700,0.5,0
13,2,551,1,0,500,0.6,1000,0.2,1400,0.2,0
13,3,106,0,0,500,0.6,1000,0.2,1400,0.2,0
13,4,836,0,0,500,0.6,1000,0.2,1400,0.2,2
13,5,423,0,0,500,0.6,1000,0.2,1400,0.2,0
13,6,153,1,0,300,0.5,1700,0.5,0
13,7,951,0,0,500,0.6,1000,0.2,1400,0.2,2
13,8,198,2,10,5,0,300,0.5,1700,0.5,0
13,9,841,1,0,500,0.6,1000,0.2,1400,0.2,1
13,10,78,1,0,500,0.6,1000,0.2,1400,0.2,1
13,11,577,2,10,5,0,300,0.5,1700,0.5,2
13,12,516,2,10,5,0,300,0.5,1700,0.5,1
13,13,898,2,10,5,0,300,0.5,1700,0.5,2
13,14,79,2,10,5,0,500,0.6,1000,0.2,1400,0.2,2
13,15,519,2,10,5,0,300,0.5,1700,0.5,1
13,16,626,1,0,500,0.6,1000,0.2,1400,0.2,1
13,17,95,1,0,300,0.5,1700,0.5,0
13,18,590,1,0,300,0.5,1700,0.5,2
13,19,607,0,0,300,0.5,1700,0.5,0
14,0,160,0,0,500,0.6,1000,0.2,1400,0.2,2
14,1,153,1,0,300,0.5,1700,0.5,1
14,2,828,1,0,500,0.6,1000,0.2,1400,0.2,2
14,3,979,2,10,5,0,500,0.6,1000,0.2,1400,0.2,2
14,4,257,1,0,300,0.5,1700,0.5,2
14,5,803,1,0,500,0.6,1000,0.2,1400,0.2,1
14,6,392,0,0,300,0.5,1700,0.5,2
14,7,326,0,0,300,0.5,1700,0.5,2
14,8,204,1,0,500,0.6,1000,0.2,1400,0.2,0
14,9,760,1,0,500,0.6,1000,0.2,1400,0.2,1
14,10,898,2,10,5,0,300,0.5,1700,0.5,2
14,11,41,1,0,500,0.6,1000,0.2,1400,0.2,2
14,12,279,1,0,500,0.6,1000,0.2,1400,0.2,2
14,13,663,2,10,5,0,500,0.6,1000,0.2,1400,0.2,2
14,14,318,2,10,5,0,500,0.6,1000,0.2,1400,0.2,2
14,15,88,1,0,500,0.6,1000,0.2,1400,0.2,0
14,16,413,2,10,5,0,500,0.6,1000,0.2,1400,0.2,1
14,17,289,0,0,500,0.6,1000,0.2,1400,0.2,2
14,18,878,2,10,5,0,300,0.5,1700,0.5,2
14,19,854,0,0,300,0.5,1700,0.5,1
15,0,413,0,0,500,0.6,1000,0.2,1400,0.2,0
15,1,401,0,0,300,0.5,1700,0.5,2
15,2,391,2,10,5,0,300,0.5,1700,0.5,0
15,3,191,1,0,300,0.5,1700,0.5,2
15,4,305,0,0,500,0.6,1000,0.2,1400,0.2,0
15,5,625,1,0,300,0.5,1700,0.5,0
15,6,642,0,0,500,0.6,1000,0.2,1400,0.2,0
15,7,394,1,0,500,0.6,1000,0.2,1400,0.2,1
15,8,499,0,0,300,0.5,1700,0.5,0
15,9,913,2,10,5,0,300,0.5,1700,0.5,2
15,10,321,2,10,5,0,500,0.6,1000,0.2,1400,0.2,0
15,11,115,1,0,500,0.6,1000,0.2,1400,0.2,0
15,12,727,0,0,300,0.5,1700,0.5,1
15,13,261,2,10,5,0,500,0.6,1000,0.2,1400,0.2,1
15,14,883,0,0,300,0.5,1700,0.5,0
15,15,377,1,0,500,0.6,1000,0.2,1400,0.2,2
15,16,856,1,0,500,0.6,1000,0.2,1400,0.2,1
15,17,560,2,10,5,0,500,0.6,1000,0.2,1400,0.2,0
15,18,886,0,0,300,0.5,1700,0.5,1
15,19,123,2,10,5,0,500,0.6,1000,0.2,1400,0.2,1
16,0,106,2,10,5,0,300,0.5,1700,0.5,1
16,1,598,1,0,300,0.5,1700,0.5,1
16,2,214,2,10,5,0,500,0.6,1000,0.2,1400,0.2,1
16,3,362,1,0,500,0.6,1000,0.2,1400,0.2,2
16,4,410,2,10,5,0,500,0.6,1000,0.2,1400,0.2,2
16,5,303,0,0,500,0.6,1000,0.2,1400,0.2,1
16,6,173,2,10,5,0,300,0.5,1700,0.5,2
16,7,800,1,0,500,0.6,1000,0.2,1400,0.2,1
16,8,713,2,10,5,0,500,0.6,1000,0.2,1400,0.2,1
16,9,623,2,10,5,0,300,0.5,1700,0.5,1
16,10,644,2,10,5,0,300,0.5,1700,0.5,1
16,11,911,2,10,5,0,500,0.6,1000,0.2,1400,0.2,2
16,12,929,0,0,300,0.5,1700,0.5,1
16,13,557,2,10,5,0,500,0.6,1000,0.2,1400,0.2,0
16,14,65,1,0,300,0.5,1700,0.5,0
16,15,593,2,10,5,0,300,0.5,1700,0.5,2
16,16,660,0,0,500,0.6,1000,0.2,1400,0.2,2
16,17,519,0,0,300,0.5,1700,0.5,2
16,18,744,2,10,5,0,300,0.5,1700,0.5,1
16,19,209,1,0,300,0.5,1700,0.5,1
17,0,309,1,0,300,0.5,1700,0.5,2
17,1,415,2,10,5,0,500,0.6,1000,0.2,1400,0.2,1
17,2,799,1,0,300,0.5,1700,0.5,1
17,3,576,2,10,5,0,500,0.6,1000,0.2,1400,0.2,2
17,4,329,1,0,500,0.6,1000,0.2,1400,0.2,1
17,5,659,0,0,500,0.6,1000,0.2,1400,0.2,1
17,6,538,0,0,300,0.5,1700,0.5,0
17,7,674,0,0,500,0.6,1000,0.2,1400,0.2,2
17,8,751,0,0,500,0.6,1000,0.2,1400,0.2,2
17,9,930,0,0,500,0.6,1000,0.2,1400,0.2,1
17,10,349,0,0,500,0.6,1000,0.2,1400,0.2,2
17,11,156,0,0,300,0.5,1700,0.5,0
17,12,326,2,10,5,0,500,0.6,1000,0.2,1400,0.2,2
17,13,241,0,0,500,0.6,1000,0.2,1400,0.2,2
17,14,200,0,0,300,0.5,1700,0.5,0
17,15,500,0,0,500,0.6,1000,0.2,1400,0.2,2
17,16,958,2,10,5,0,300,0.5,1700,0.5,1
17,17,969,2,10,5,0,500,0.6,1000,0.2,1400,0.2,1
17,18,389,0,0,500,0.6,1000,0.2,1400,0.2,2
17,19,799,1,0,500,0.6,1000,0.2,1400,0.2,1
18,0,715,0,0,500,0.6,1000,0.2,1400,0.2,2
18,1,198,2,10,5,0,300,0.5,1700,0.5,1
18,2,808,2,10,5,0,500,0.6,1000,0.2,1400,0.2,0
18,3,38,0,0,500,0.6,1000,0.2,1400,0.2,1
18,4,286,2,10,5,0,300,0.5,1700,0.5,2
18,5,119,0,0,300,0.5,1700,0.5,2
18,6,85,1,0,500,0.6,1000,0.2,1400,0.2,0
18,7,459,1,0,500,0.6,1000,0.2,1400,0.2,2
18,8,477,0,0,300,0.5,1700,0.5,2
18,9,575,0,0,300,0.5,1700,0.5,2
18,10,805,0,0,300,0.5,1700,0.5,1
18,11,486,2,10,5,0,500,0.6,1000,0.2,1400,0.2,2
18,12,294,2,10,5,0,500,0.6,1000,0.2,1400,0.2,1
18,13,328,2,10,5,0,300,0.5,1700,0.5,0
18,14,958,0,0,500,0.6,1000,0.2,1400,0.2,2
18,15,399,2,10,5,0,500,0.6,1000,0.2,1400,0.2,1
18,16,982,2,10,5,0,300,0.5,1700,0.5,0
18,17,560,2,10,5,0,300,0.5,1700,0.5,2
18,18,232,2,10,5,0,500,0.6,1000,0.2,1400,0.2,1
18,19,395,2,10,5,0,500,0.6,1000,0.2,1400,0.2,2
19,0,558,2,10,5,0,300,0.5,1700,0.5,0
19,1,966,0,0,500,0.6,1000,0.2,1400,0.2,1
19,2,23,0,0,300,0.5,1700,0.5,0
19,3,622,1,0,300,0.5,1700,0.5,2
19,4,580,1,0,500,0.6,1000,0.2,1400,0.2,2
19,5,69,2,10,5,0,300,0.5,1700,0.5,0
19,6,727,0,0,300,0.5,1700,0.5,2
19,7,719,2,10,5,0,300,0.5,1700,0.5,1
19,8,341,2,10,5,0,300,0.5,1700,0.5,1
19,9,565,2,10,5,0,300,0.5,1700,0.5,1
19,10,177,1,0,500,0.6,1000,0.2,1400,0.2,2
19,11,125,2,10,5,0,300,0.5,1700,0.5,2
19,12,853,0,0,300,0.5,1700,0.5,0
19,13,269,2,10,5,0,500,0.6,1000,0.2,1400,0.2,1
19,14,93,2,10,5,0,300,0.5,1700,0.5,2
19,15,211,2,10,5,0,500,0.6,1000,0.2,1400,0.2,0
19,16,68,0,0,300,0.5,1700,0.5,2
19,17,352,0,0,500,0.6,1000,0.2,1400,0.2,0
19,18,974,1,0,500,0.6,1000,0.2,1400,0.2,0
19,19,818,1,0,300,0.5,1700,0.5,0
