0,0,419,2,10,5,0,300,0.5,1700,0.5,0
0,1,933,0,0,300,0.5,1700,0.5,2
0,2,93,1,0,300,0.5,1700,0.5,1
0,3,757,0,0,500,0.6,1000,0.2,1400,0.2,1
0,4,384,0,0,300,0.5,1700,0.5,2
0,5,238,2,10,5,0,500,0.6,1000,0.2,1400,0.2,0
0,6,691,1,0,300,0.5,1700,0.5,0
0,7,438,0,0,500,0.6,1000,0.2,1400,0.2,1
0,8,174,0,0,300,0.5,1700,0.5,1
0,9,52,1,0,500,0.6,1000,0.2,1400,0.2,1
0,10,744,0,0,300,0.5,1700,0.5,2
0,11,492,1,0,500,0.6,1000,0.2,1400,0.2,1
0,12,142,0,0,500,0.6,1000,0.2,1400,0.2,2
0,13,60,2,10,5,0,300,0.5,1700,0.5,2
0,14,153,1,0,300,0.5,1700,0.5,0
0,15,863,2,10,5,0,300,0.5,1700,0.5,1
0,16,836,2,10,5,0,500,0.6,1000,0.2,1400,0.2,1
0,17,607,1,0,500,0.6,1000,0.2,1400,0.2,0
0,18,602,0,0,500,0.6,1000,0.2,1400,0.2,0
0,19,192,2,10,5,0,300,0.5,1700,0.5,1
1,0,986,0,0,500,0.6,1000,0.2,1400,0.2,0
1,1,276,2,10,5,0,500,0.6,1000,0.2,1400,0.2,1
1,2,199,1,0,500,0.6,1000,0.2,1400,0.2,0
1,3,34,0,0,300,0.5,1700,0.5,0
1,4,116,2,10,5,0,300,0.5,1700,0.5,0
1,5,643,1,0,300,0.5,1700,0.5,2
1,6,763,1,0,300,0.5,1700,0.5,0
1,7,871,0,0,500,0.6,1000,0.2,1400,0.2,1
1,8,589,1,0,300,0.5,1700,0.5,0
1,9,624,1,0,300,0.5,1700,0.5,1
1,10,749,0,0,500,0.6,1000,0.2,1400,0.2,2
1,11,25,2,10,5,0,300,0.5,1700,0.5,2
1,12,998,1,0,300,0.5,1700,0.5,2
1,13,706,1,0,300,0.5,1700,0.5,0
1,14,460,1,0,300,0.5,1700,0.5,2
1,15,352,2,10,5,0,300,0.5,1700,0.5,0
1,16,939,1,0,300,0.5,1700,0.5,2
1,17,756,1,0,500,0.6,1000,0.2,1400,0.2,1
1,18,66,0,0,500,0.6,1000,0.2,1400,0.2,0
1,19,885,1,0,500,0.6,1000,0.2,1400,0.2,1
2,0,566,2,10,5,0,300,0.5,1700,0.5,1
2,1,465,1,0,500,0.6,1000,0.2,1400,0.2,0
2,2,949,2,10,5,0,500,0.6,1000,0.2,1400,0.2,1
2,3,798,0,0,500,0.6,1000,0.2,1400,0.2,0
2,4,290,1,0,300,0.5,1700,0.5,2
2,5,328,1,0,300,0.5,1700,0.5,0
2,6,796,2,10,5,0,300,0.5,1700,0.5,1
2,7,497,1,0,500,0.6,1000,0.2,1400,0.2,0
2,8,654,2,10,5,0,500,0.6,1000,0.2,1400,0.2,2
2,9,102,0,0,300,0.5,1700,0.5,1
2,10,706,0,0,500,0.6,1000,0.2,1400,0.2,0
2,11,216,0,0,300,0.5,1700,0.5,1
2,12,161,2,10,5,0,500,0.6,1000,0.2,1400,0.2,0
2,13,261,2,10,5,0,300,0.5,1700,0.5,0
2,14,99,1,0,500,0.6,1000,0.2,1400,0.2,0
2,15,856,0,0,500,0.6,1000,0.2,1400,0.2,1
2,16,644,0,0,500,0.6,1000,0.2,1400,0.2,0
2,17,796,1,0,300,0.5,1700,0.5,0
2,18,822,2,10,5,0,500,0.6,1000,0.2,1400,0.2,1
2,19,377,0,0,300,0.5,1700,0.5,0
3,0,427,2,10,5,0,300,0.5,1700,0.5,1
3,1,52,2,10,5,0,300,0.5,1700,0.5,0
3,2,263,2,10,5,0,300,0.5,1700,0.5,2
3,3,84,0,0,300,0.5,1700,0.5,2
3,4,544,1,0,500,0.6,1000,0.2,1400,0.2,2
3,5,216,1,0,500,0.6,1000,0.2,1400,0.2,2
3,6,632,2,10,5,0,500,0.6,1000,0.2,1400,0.2,2
3,7,740,0,0,300,0.5,1700,0.5,2
3,8,985,1,0,500,0.6,1000,0.2,1400,0.2,0
3,9,566,1,0,300,0.5,1700,0.5,1
3,10,678,1,0,300,0.5,1700,0.5,2
3,11,646,1,0,300,0.5,1700,0.5,0
3,12,129,1,0,500,0.6,1000,0.2,1400,0.2,0
3,13,326,1,0,500,0.6,1000,0.2,1400,0.2,1
3,14,740,1,0,500,0.6,1000,0.2,1400,0.2,2
3,15,392,1,0,500,0.6,1000,0.2,1400,0.2,1
3,16,425,1,0,300,0.5,1700,0.5,2
3,17,492,2,10,5,0,300,0.5,1700,0.5,2
3,18,755,0,0,500,0.6,1000,0.2,1400,0.2,1
3,19,522,0,0,300,0.5,1700,0.5,0
4,0,137,2,10,5,0,500,0.6,1000,0.2,1400,0.2,2
4,1,192,0,0,500,0.6,1000,0.2,1400,0.2,2
4,2,129,1,0,500,0.6,1000,0.2,1400,0.2,1
4,3,897,2,10,5,0,300,0.5,1700,0.5,0
4,4,146,1,0,300,0.5,1700,0.5,1
4,5,756,1,0,500,0.6,1000,0.2,1400,0.2,0
4,6,945,2,10,5,0,300,0.5,1700,0.5,2
4,7,329,1,0,500,0.6,1000,0.2,1400,0.2,1
4,8,578,1,0,500,0.6,1000,0.2,1400,0.2,1
4,9,156,2,10,5,0,500,0.6,1000,0.2,1400,0.2,0
4,10,183,0,0,500,0.6,1000,0.2,1400,0.2,0
4,11,208,0,0,300,0.5,1700,0.5,1
4,12,539,1,0,500,0.6,1000,0.2,1400,0.2,1
4,13,413,2,10,5,0,300,0.5,1700,0.5,2
4,14,643,1,0,500,0.6,1000,0.2,1400,0.2,2
4,15,291,1,0,300,0.5,1700,0.5,1
4,16,990,0,0,300,0.5,1700,0.5,2
4,17,247,0,0,500,0.6,1000,0.2,1400,0.2,1
4,18,571,2,10,5,0,300,0.5,1700,0.5,2
4,19,396,1,0,300,0.5,1700,0.5,2
5,0,854,2,10,5,0,300,0.5,1700,0.5,2
5,1,64,0,0,500,0.6,1000,0.2,1400,0.2,2
5,2,989,1,0,500,0.6,1000,0.2,1400,0.2,2
5,3,749,2,10,5,0,500,0.6,1000,0.2,1400,0.2,1
5,4,73,1,0,500,0.6,1000,0.2,1400,0.2,2
5,5,491,0,0,500,0.6,1000,0.2,1400,0.2,0
5,6,542,0,0,300,0.5,1700,0.5,0
5,7,925,1,0,300,0.5,1700,0.5,0
5,8,985,1,0,300,0.5,1700,0.5,0
5,9,378,2,10,5,0,500,0.6,1000,0.2,1400,0.2,2
5,10,323,1,0,300,0.5,1700,0.5,0
5,11,189,0,0,500,0.6,1000,0.2,1400,0.2,2
5,12,288,1,0,500,0.6,1000,0.2,1400,0.2,2
5,13,815,0,0,300,0.5,1700,0.5,2
5,14,774,2,10,5,0,500,0.6,1000,0.2,1400,0.2,1
5,15,206,2,10,5,0,300,0.5,1700,0.5,0
5,16,67,2,10,5,0,300,0.5,1700,0.5,1
5,17,61,0,0,300,0.5,1700,0.5,2
5,18,87,0,0,300,0.5,1700,0.5,0
5,19,803,1,0,500,0.6,1000,0.2,1400,0.2,0
6,0,615,2,10,5,0,300,0.5,1700,0.5,0
6,1,485,2,10,5,0,300,0.5,1700,0.5,1
6,2,386,1,0,300,0.5,1700,0.5,1
6,3,171,0,0,300,0.5,1700,0.5,1
6,4,291,0,0,500,0.6,1000,0.2,1400,0.2,0
6,5,896,2,10,5,0,500,0.6,1000,0.2,1400,0.2,2
6,6,954,0,0,300,0.5,1700,0.5,1
6,7,577,2,10,5,0,500,0.6,1000,0.2,1400,0.2,0
6,8,866,1,0,300,0.5,1700,0.5,1
6,9,678,0,0,500,0.6,1000,0.2,1400,0.2,0
6,10,916,1,0,300,0.5,1700,0.5,2
6,11,490,0,0,500,0.6,1000,0.2,1400,0.2,2
6,12,620,1,0,300,0.5,1700,0.5,1
6,13,351,1,0,300,0.5,1700,0.5,0
6,14,93,0,0,500,0.6,1000,0.2,1400,0.2,1
6,15,886,2,10,5,0,300,0.5,1700,0.5,2
6,16,176,0,0,300,0.5,1700,0.5,0
6,17,542,2,10,5,0,300,0.5,1700,0.5,2
6,18,274,2,10,5,0,300,0.5,1700,0.5,0
6,19,77,0,0,500,0.6,1000,0.2,1400,0.2,1
7,0,361,0,0,300,0.5,1700,0.5,2
7,1,49,1,0,300,0.5,1700,0.5,2
7,2,403,1,0,500,0.6,1000,0.2,1400,0.2,2
7,3,319,2,10,5,0,500,0.6,1000,0.2,1400,0.2,2
7,4,58,2,10,5,0,300,0.5,1700,0.5,2
7,5,186,2,10,5,0,500,0.6,1000,0.2,1400,0.2,1
7,6,111,0,0,500,0.6,1000,0.2,1400,0.2,1
7,7,519,1,0,300,0.5,1700,0.5,2
7,8,228,2,10,5,0,500,0.6,1000,0.2,1400,0.2,1
7,9,944,1,0,300,0.5,1700,0.5,1
7,10,127,1,0,300,0.5,1700,0.5,1
7,11,980,1,0,500,0.6,1000,0.2,1400,0.2,0
7,12,456,1,0,500,0.6,1000,0.2,1400,0.2,1
7,13,637,1,0,500,0.6,1000,0.2,1400,0.2,2
7,14,707,1,0,300,0.5,1700,0.5,1
7,15,236,1,0,300,0.5,1700,0.5,2
7,16,539,0,0,300,0.5,1700,0.5,1
7,17,647,2,10,5,0,300,0.5,1700,0.5,0
7,18,271,1,0,300,0.5,1700,0.5,2
7,19,376,1,0,500,0.6,1000,0.2,1400,0.2,1
8,0,778,2,10,5,0,500,0.6,1000,0.2,1400,0.2,0
8,1,607,0,0,300,0.5,1700,0.5,2
8,2,39,0,0,500,0.6,1000,0.2,1400,0.2,1
8,3,702,2,10,5,0,300,0.5,1700,0.5,1
8,4,803,2,10,5,0,300,0.5,1700,0.5,1
8,5,299,0,0,500,0.6,1000,0.2,1400,0.2,2
8,6,488,0,0,300,0.5,1700,0.5,1
8,7,654,2,10,5,0,500,0.6,1000,0.2,1400,0.2,1
8,8,693,1,0,500,0.6,1000,0.2,1400,0.2,0
8,9,98,1,0,500,0.6,1000,0.2,1400,0.2,0
8,10,666,0,0,300,0.5,1700,0.5,1
8,11,438,1,0,300,0.5,1700,0.5,0
8,12,87,1,0,300,0.5,1700,0.5,1
8,13,680,0,0,500,0.6,1000,0.2,1400,0.2,1
8,14,913,0,0,500,0.6,1000,0.2,1400,0.2,1
8,15,875,0,0,500,0.6,1000,0.2,1400,0.2,1
8,16,899,2,10,5,0,500,0.6,1000,0.2,1400,0.2,1
8,17,623,2,10,5,0,300,0.5,1700,0.5,0
8,18,681,1,0,500,0.6,1000,0.2,1400,0.2,1
8,19,458,2,10,5,0,500,0.6,1000,0.2,1400,0.2,0
9,0,827,1,0,500,0.6,1000,0.2,1400,0.2,0
9,1,965,0,0,300,0.5,1700,0.5,1
9,2,103,0,0,300,0.5,1700,0.5,0
9,3,309,2,10,5,0,300,0.5,1700,0.5,0
9,4,777,1,0,300,0.5,1700,0.5,0
9,5,744,1,0,500,0.6,1000,0.2,1400,0.2,2
9,6,651,1,0,300,0.5,1700,0.5,2
9,7,163,2,10,5,0,500,0.6,1000,0.2,1400,0.2,0
9,8,652,2,10,5,0,300,0.5,1700,0.5,2
9,9,77,1,0,500,0.6,1000,0.2,1400,0.2,1
9,10,176,2,10,5,0,300,0.5,1700,0.5,0
9,11,282,1,0,300,0.5,1700,0.5,0
9,12,995,1,0,300,0.5,1700,0.5,1
9,13,657,0,0,300,0.5,1700,0.5,2
9,14,736,2,10,5,0,500,0.6,1000,0.2,1400,0.2,2
9,15,778,2,10,5,0,500,0.6,1000,0.2,1400,0.2,1
9,16,657,1,0,500,0.6,1000,0.2,1400,0.2,0
9,17,407,0,0,300,0.5,1700,0.5,0
9,18,291,1,0,300,0.5,1700,0.5,2
9,19,55,0,0,500,0.6,1000,0.2,1400,0.2,2
10,0,534,0,0,300,0.5,1700,0.5,0
10,1,507,1,0,300,0.5,1700,0.5,1
10,2,830,0,0,300,0.5,1700,0.5,1
10,3,15,1,0,300,0.5,1700,0.5,0
10,4,278,1,0,300,0.5,1700,0.5,0
10,5,147,1,0,300,0.5,1700,0.5,1
10,6,75,1,0,500,0.6,1000,0.2,1400,0.2,2
10,7,162,0,0,500,0.6,1000,0.2,1400,0.2,0
10,8,640,1,0,500,0.6,1000,0.2,1400,0.2,0
10,9,461,0,0,300,0.5,1700,0.5,2
10,10,376,1,0,500,0.6,1000,0.2,1400,0.2,2
10,11,517,2,10,5,0,500,0.6,1000,0.2,1400,0.2,2
10,12,177,2,10,5,0,300,0.5,1700,0.5,1
10,13,784,1,0,300,0.5,1700,0.5,0
10,14,607,1,0,500,0.6,1000,0.2,1400,0.2,1
10,15,212,1,0,500,0.6,1000,0.2,1400,0.2,1
10,16,53,0,0,500,0.6,1000,0.2,1400,0.2,0
10,17,622,1,0,500,0.6,1000,0.2,1400,0.2,0
10,18,823,1,0,500,0.6,1000,0.2,1400,0.2,1
10,19,460,1,0,500,0.6,1000,0.2,1400,0.2,2
11,0,216,0,0,300,0.5,1700,0.5,0
11,1,956,1,0,300,0.5,1700,0.5,0
11,2,546,0,0,500,0.6,1000,0.2,1400,0.2,0
11,3,133,0,0,500,0.6,1000,0.2,1400,0.2,2
11,4,716,1,0,300,0.5,1700,0.5,1
11,5,839,1,0,500,0.6,1000,0.2,1400,0.2,1
11,6,587,0,0,500,0.6,1000,0.2,1400,0.2,0
11,7,655,0,0,500,0.6,1000,0.2,1400,0.2,1
11,8,404,1,0,300,0.5,1700,0.5,2
11,9,759,0,0,500,0.6,1000,0.2,1400,0.2,2
11,10,90,1,0,500,0.6,1000,0.2,1400,0.2,2
11,11,769,2,10,5,0,500,0.6,1000,0.2,1400,0.2,0
11,12,28,0,0,300,0.5,1700,0.5,1
11,13,952,1,0,500,0.6,1000,0.2,1400,0.2,1
11,14,242,2,10,5,0,300,0.5,1700,0.5,0
11,15,203,2,10,5,0,500,0.6,1000,0.2,1400,0.2,1
11,16,112,0,0,500,0.6,1000,0.2,1400,0.2,0
11,17,291,2,10,5,0,500,0.6,1000,0.2,1400,0.2,0
11,18,346,1,0,300,0.5,1700,0.5,1
11,19,180,2,10,5,0,500,0.6,1000,0.2,1400,0.2,0
12,0,462,0,0,500,0.6,1000,0.2,1400,0.2,2
12,1,992,0,0,300,0.5,1700,0.5,2
12,2,161,1,0,300,0.5,1700,0.5,0
12,3,651,0,0,300,0.5,1700,0.5,0
12,4,366,1,0,500,0.6,1000,0.2,1400,0.2,2
12,5,64,2,10,5,0,300,0.5,1700,0.5,2
12,6,556,2,10,5,0,500,0.6,1000,0.2,1400,0.2,0
12,7,998,2,10,5,0,300,0.5,1700,0.5,1
12,8,937,1,0,500,0.6,1000,0.2,1400,0.2,1
12,9,19,0,0,500,0.6,1000,0.2,1400,0.2,2
12,10,949,0,0,500,0.6,1000,0.2,1400,0.2,2
12,11,648,2,10,5,0,300,0.5,1700,0.5,0
12,12,364,0,0,500,0.6,1000,0.2,1400,0.2,0
12,13,345,2,10,5,0,300,0.5,1700,0.5,0
12,14,757,2,10,5,0,500,0.6,1000,0.2,1400,0.2,1
12,15,282,1,0,300,0.5,1700,0.5,0
12,16,561,1,0,500,0.6,1000,0.2,1400,0.2,1
12,17,848,0,0,500,0.6,1000,0.2,1400,0.2,1
12,18,310,1,0,300,0.5,1700,0.5,0
12,19,455,2,10,5,0,500,0.6,1000,0.2,1400,0.2,2
13,0,310,0,0,500,0.6,1000,0.2,1400,0.2,2
13,1,259,2,10,5,0,300,0.5,1700,0.5,1
13,2,477,1,0,500,0.6,1000,0.2,1400,0.2,0
13,3,560,2,10,5,0,300,0.5,1700,0.5,2
13,4,411,2,10,5,0,300,0.5,1700,0.5,1
13,5,319,0,0,500,0.6,1000,0.2,1400,0.2,0
13,6,985,0,0,300,0.5,1700,0.5,0
13,7,439,0,0,300,0.5,1700,0.5,1
13,8,822,1,0,300,0.5,1700,0.5,1
13,9,491,1,0,500,0.6,1000,0.2,1400,0.2,2
13,10,307,2,10,5,0,300,0.5,1700,0.5,0
13,11,697,1,0,500,0.6,1000,0.2,1400,0.2,0
13,12,229,1,0,300,0.5,1700,0.5,0
13,13,487,2,10,5,0,300,0.5,1700,0.5,0
13,14,556,0,0,300,0.5,1700,0.5,1
13,15,288,1,0,300,0.5,1700,0.5,2
13,16,356,1,0,300,0.5,1700,0.5,0
13,17,441,2,10,5,0,500,0.6,1000,0.2,1400,0.2,0
13,18,155,2,10,5,0,500,0.6,1000,0.2,1400,0.2,1
13,19,908,0,0,300,0.5,1700,0.5,1
14,0,99,0,0,300,0.5,1700,0.5,2
14,1,605,0,0,500,0.6,1000,0.2,1400,0.2,0
14,2,681,1,0,300,0.5,1700,0.5,1
14,3,81,2,10,5,0,500,0.6,1000,0.2,1400,0.2,2
14,4,285,0,0,500,0.6,1000,0.2,1400,0.2,0
14,5,889,0,0,300,0.5,1700,0.5,0
14,6,48,0,0,500,0.6,1000,0.2,1400,0.2,0
14,7,188,1,0,300,0.5,1700,0.5,0
14,8,201,0,0,500,0.6,1000,0.2,1400,0.2,2
14,9,794,1,0,300,0.5,1700,0.5,2
14,10,176,1,0,300,0.5,1700,0.5,0
14,11,143,2,10,5,0,300,0.5,1700,0.5,2
14,12,80,0,0,300,0.5,1700,0.5,0
14,13,222,0,0,500,0.6,1000,0.2,1400,0.2,1
14,14,548,1,0,300,0.5,1700,0.5,0
14,15,487,2,10,5,0,300,0.5,1700,0.5,0
14,16,243,0,0,300,0.5,1700,0.5,0
14,17,464,2,10,5,0,500,0.6,1000,0.2,1400,0.2,2
14,18,20,1,0,300,0.5,1700,0.5,1
14,19,332,0,0,500,0.6,1000,0.2,1400,0.2,0
15,0,349,0,0,500,0.6,1000,0.2,1400,0.2,2
15,1,114,1,0,500,0.6,1000,0.2,1400,0.2,2
15,2,968,0,0,500,0.6,1000,0.2,1400,0.2,0
15,3,820,2,10,5,0,500,0.6,1000,0.2,1400,0.2,2
15,4,951,2,10,5,0,500,0.6,1000,0.2,1400,0.2,2
15,5,332,0,0,500,0.6,1000,0.2,1400,0.2,1
15,6,870,0,0,300,0.5,1700,0.5,1
15,7,520,1,0,300,0.5,1700,0.5,0
15,8,228,1,0,500,0.6,1000,0.2,1400,0.2,0
15,9,486,2,10,5,0,500,0.6,1000,0.2,1400,0.2,2
15,10,900,2,10,5,0,300,0.5,1700,0.5,0
15,11,846,0,0,500,0.6,1000,0.2,1400,0.2,1
15,12,596,1,0,500,0.6,1000,0.2,1400,0.2,2
15,13,895,2,10,5,0,500,0.6,1000,0.2,1400,0.2,2
15,14,261,2,10,5,0,300,0.5,1700,0.5,0
15,15,476,2,10,5,0,300,0.5,1700,0.5,0
15,16,221,1,0,500,0.6,1000,0.2,1400,0.2,0
15,17,740,0,0,300,0.5,1700,0.5,1
15,18,855,0,0,500,0.6,1000,0.2,1400,0.2,0
15,19,668,2,10,5,0,300,0.5,1700,0.5,2
16,0,349,0,0,300,0.5,1700,0.5,1
16,1,169,1,0,300,0.5,1700,0.5,1
16,2,802,2,10,5,0,500,0.6,1000,0.2,1400,0.2,2
16,3,863,2,10,5,0,500,0.6,1000,0.2,1400,0.2,2
16,4,878,2,10,5,0,500,0.6,1000,0.2,1400,0.2,0
16,5,824,1,0,500,0.6,1000,0.2,1400,0.2,1
16,6,291,2,10,5,0,500,0.6,1000,0.2,1400,0.2,2
16,7,392,2,10,5,0,500,0.6,1000,0.2,1400,0.2,0
16,8,12,1,0,300,0.5,1700,0.5,1
16,9,986,1,0,300,0.5,1700,0.5,2
16,10,345,1,0,500,0.6,1000,0.2,1400,0.2,2
16,11,967,0,0,500,0.6,1000,0.2,1400,0.2,0
16,12,554,0,0,500,0.6,1000,0.2,1400,0.2,2
16,13,150,1,0,500,0.6,1000,0.2,1400,0.2,2
16,14,220,2,10,5,0,500,0.6,1000,0.2,1400,0.2,1
16,15,68,1,0,500,0.6,1000,0.2,1400,0.2,2
16,16,648,1,0,500,0.6,1000,0.2,1400,0.2,0
16,17,412,2,10,5,0,300,0.5,1700,0.5,2
16,18,42,2,10,5,0,500,0.6,1000,0.2,1400,0.2,0
16,19,753,0,0,500,0.6,1000,0.2,1400,0.2,2
17,0,631,0,0,300,0.5,1700,0.5,1
17,1,305,0,0,500,0.6,1000,0.2,1400,0.2,2
17,2,365,1,0,500,0.6,1000,0.2,1400,0.2,2
17,3,230,2,10,5,0,500,0.6,1000,0.2,1400,0.2,2
17,4,266,1,0,300,0.5,1700,0.5,1
17,5,736,2,10,5,0,300,0.5,1700,0.5,1
17,6,808,2,10,5,0,500,0.6,1000,0.2,1400,0.2,1
17,7,218,2,10,5,0,500,0.6,1000,0.2,1400,0.2,1
17,8,337,2,10,5,0,300,0.5,1700,0.5,0
17,9,753,2,10,5,0,300,0.5,1700,0.5,0
17,10,79,0,0,500,0.6,1000,0.2,1400,0.2,1
17,11,371,2,10,5,0,500,0.6,1000,0.2,1400,0.2,0
17,12,701,1,0,500,0.6,1000,0.2,1400,0.2,0
17,13,145,2,10,5,0,500,0.6,1000,0.2,1400,0.2,0
17,14,153,0,0,300,0.5,1700,0.5,1
17,15,303,0,0,500,0.6,1000,0.2,1400,0.2,1
17,16,924,2,10,5,0,500,0.6,1000,0.2,1400,0.2,2
17,17,715,2,10,5,0,500,0.6,1000,0.2,1400,0.2,2
17,18,232,2,10,5,0,300,0.5,1700,0.5,1
17,19,990,2,10,5,0,500,0.6,1000,0.2,1400,0.2,0
18,0,176,0,0,500,0.6,1000,0.2,1400,0.2,0
18,1,422,1,0,500,0.6,1000,0.2,1400,0.2,0
18,2,157,1,0,500,0.6,1000,0.2,1400,0.2,1
18,3,145,2,10,5,0,300,0.5,1700,0.5,2
18,4,962,1,0,300,0.5,1700,0.5,1
18,5,585,0,0,500,0.6,1000,0.2,1400,0.2,1
18,6,791,0,0,500,0.6,1000,0.2,1400,0.2,1
18,7,800,1,0,500,0.6,1000,0.2,1400,0.2,1
18,8,429,2,10,5,0,500,0.6,1000,0.2,1400,0.2,1
18,9,866,0,0,300,0.5,1700,0.5,2
18,10,914,1,0,300,0.5,1700,0.5,2
18,11,583,2,10,5,0,500,0.6,1000,0.2,1400,0.2,2
18,12,761,0,0,500,0.6,1000,0.2,1400,0.2,0
18,13,479,0,0,300,0.5,1700,0.5,1
18,14,936,0,0,300,0.5,1700,0.5,2
18,15,143,1,0,500,0.6,1000,0.2,1400,0.2,0
18,16,405,1,0,300,0.5,1700,0.5,1
18,17,959,2,10,5,0,300,0.5,1700,0.5,0
18,18,951,1,0,500,0.6,1000,0.2,1400,0.2,2
18,19,463,0,0,500,0.6,1000,0.2,1400,0.2,2
19,0,666,1,0,500,0.6,1000,0.2,1400,0.2,0
19,1,828,1,0,500,0.6,1000,0.2,1400,0.2,0
19,2,267,1,0,300,0.5,1700,0.5,2
19,3,215,1,0,500,0.6,1000,0.2,1400,0.2,1
19,4,565,1,0,500,0.6,1000,0.2,1400,0.2,1
19,5,498,2,10,5,0,500,0.6,1000,0.2,1400,0.2,2
19,6,201,0,0,300,0.5,1700,0.5,2
19,7,268,2,10,5,0,300,0.5,1700,0.5,2
19,8,78,1,0,500,0.6,1000,0.2,1400,0.2,1
19,9,449,2,10,5,0,500,0.6,1000,0.2,1400,0.2,0
19,10,470,2,10,5,0,500,0.6,1000,0.2,1400,0.2,0
19,11,124,0,0,300,0.5,1700,0.5,1
19,12,477,2,10,5,0,300,0.5,1700,0.5,2
19,13,626,2,10,5,0,300,0.5,1700,0.5,2
19,14,24,1,0,300,0.5,1700,0.5,0
19,15,580,2,10,5,0,500,0.6,1000,0.2,1400,0.2,2
19,16,109,2,10,5,0,300,0.5,1700,0.5,1
19,17,651,2,10,5,0,300,0.5,1700,0.5,2
19,18,179,1,0,500,0.6,1000,0.2,1400,0.2,1
19,19,881,2,10,5,0,500,0.6,1000,0.2,1400,0.2,0
