0,0,30,0,0,500,0.6,1000,0.2,1400,0.2,2
0,1,732,2,10,5,0,300,0.5,1700,0.5,2
0,2,283,0,0,500,0.6,1000,0.2,1400,0.2,0
0,3,773,0,0,300,0.5,1700,0.5,0
0,4,473,0,0,300,0.5,1700,0.5,1
0,5,437,1,0,500,0.6,1000,0.2,1400,0.2,2
0,6,504,0,0,500,0.6,1000,0.2,1400,0.2,0
0,7,379,2,10,5,0,300,0.5,1700,0.5,1
0,8,132,0,0,500,0.6,1000,0.2,1400,0.2,2
0,9,528,0,0,500,0.6,1000,0.2,1400,0.2,0
0,10,937,2,10,5,0,500,0.6,1000,0.2,1400,0.2,1
0,11,971,1,0,500,0.6,1000,0.2,1400,0.2,1
0,12,842,1,0,300,0.5,1700,0.5,0
0,13,636,1,0,300,0.5,1700,0.5,2
0,14,862,2,10,5,0,300,0.5,1700,0.5,0
0,15,640,2,10,5,0,500,0.6,1000,0.2,1400,0.2,0
0,16,242,1,0,500,0.6,1000,0.2,1400,0.2,0
0,17,992,2,10,5,0,500,0.6,1000,0.2,1400,0.2,0
0,18,519,0,0,500,0.6,1000,0.2,1400,0.2,2
0,19,866,0,0,500,0.6,1000,0.2,1400,0.2,2
1,0,582,0,0,500,0.6,1000,0.2,1400,0.2,2
1,1,385,2,10,5,0,300,0.5,1700,0.5,2
1,2,734,2,10,5,0,500,0.6,1000,0.2,1400,0.2,2
1,3,454,0,0,500,0.6,1000,0.2,1400,0.2,2
1,4,65,1,0,300,0.5,1700,0.5,2
1,5,214,0,0,300,0.5,1700,0.5,0
1,6,47,2,10,5,0,300,0.5,1700,0.5,1
1,7,444,0,0,300,0.5,1700,0.5,0
1,8,973,0,0,500,0.6,1000,0.2,1400,0.2,2
1,9,28,0,0,500,0.6,1000,0.2,1400,0.2,0
1,10,946,1,0,500,0.6,1000,0.2,1400,0.2,1
1,11,561,0,0,300,0.5,1700,0.5,2
1,12,348,2,10,5,0,300,0.5,1700,0.5,0
1,13,352,0,0,300,0.5,1700,0.5,0
1,14,945,1,0,300,0.5,1700,0.5,2
1,15,407,2,10,5,0,300,0.5,1700,0.5,1
1,16,391,1,0,500,0.6,1000,0.2,1400,0.2,2
1,17,569,1,0,500,0.6,1000,0.2,1400,0.2,1
1,18,369,2,10,5,0,500,0.6,1000,0.2,1400,0.2,2
1,19,219,0,0,500,0.6,1000,0.2,1400,0.2,0
2,0,409,1,0,500,0.6,1000,0.2,1400,0.2,1
2,1,797,2,10,5,0,300,0.5,1700,0.5,0
2,2,285,2,10,5,0,500,0.6,1000,0.2,1400,0.2,0
2,3,996,0,0,300,0.5,1700,0.5,1
2,4,939,2,10,5,0,500,0.6,1000,0.2,1400,0.2,0
2,5,203,2,10,5,0,500,0.6,1000,0.2,1400,0.2,2
2,6,103,1,0,500,0.6,1000,0.2,1400,0.2,2
2,7,804,2,10,5,0,300,0.5,1700,0.5,2
2,8,268,2,10,5,0,300,0.5,1700,0.5,0
2,9,600,2,10,5,0,500,0.6,1000,0.2,1400,0.2,1
2,10,132,0,0,300,0.5,1700,0.5,0
2,11,582,1,0,500,0.6,1000,0.2,1400,0.2,2
2,12,297,0,0,300,0.5,1700,0.5,0
2,13,663,0,0,500,0.6,1000,0.2,1400,0.2,0
2,14,847,1,0,300,0.5,1700,0.5,1
2,15,733,1,0,500,0.6,1000,0.2,1400,0.2,0
2,16,787,1,0,500,0.6,1000,0.2,1400,0.2,1
2,17,397,1,0,500,0.6,1000,0.2,1400,0.2,2
2,18,803,0,0,500,0.6,1000,0.2,1400,0.2,0
2,19,684,1,0,300,0.5,1700,0.5,0
3,0,576,1,0,300,0.5,1700,0.5,0
3,1,596,1,0,300,0.5,1700,0.5,0
3,2,134,2,10,5,0,300,0.5,1700,0.5,2
3,3,521,0,0,500,0.6,1000,0.2,1400,0.2,1
3,4,466,1,0,500,0.6,1000,0.2,1400,0.2,1
3,5,91,0,0,300,0.5,1700,0.5,0
3,6,386,0,0,500,0.6,1000,0.2,1400,0.2,2
3,7,311,0,0,500,0.6,1000,0.2,1400,0.2,2
3,8,654,2,10,5,0,300,0.5,1700,0.5,0
3,9,682,1,0,300,0.5,1700,0.5,0
3,10,763,1,0,500,0.6,1000,0.2,1400,0.2,1
3,11,990,1,0,500,0.6,1000,0.2,1400,0.2,0
3,12,238,1,0,300,0.5,1700,0.5,0
3,13,331,2,10,5,0,500,0.6,1000,0.2,1400,0.2,1
3,14,173,1,0,300,0.5,1700,0.5,0
3,15,272,0,0,500,0.6,1000,0.2,1400,0.2,2
3,16,141,2,10,5,0,500,0.6,1000,0.2,1400,0.2,1
3,17,460,1,0,300,0.5,1700,0.5,0
3,18,387,0,0,300,0.5,1700,0.5,2
3,19,182,2,10,5,0,300,0.5,1700,0.5,0
4,0,273,2,10,5,0,500,0.6,1000,0.2,1400,0.2,1
4,1,545,0,0,500,0.6,1000,0.2,1400,0.2,2
4,2,724,1,0,500,0.6,1000,0.2,1400,0.2,2
4,3,866,0,0,500,0.6,1000,0.2,1400,0.2,0
4,4,933,2,10,5,0,300,0.5,1700,0.5,2
4,5,894,2,10,5,0,300,0.5,1700,0.5,0
4,6,476,1,0,500,0.6,1000,0.2,1400,0.2,0
4,7,435,0,0,500,0.6,1000,0.2,1400,0.2,0
4,8,291,0,0,500,0.6,1000,0.2,1400,0.2,2
4,9,964,1,0,500,0.6,1000,0.2,1400,0.2,2
4,10,105,1,0,300,0.5,1700,0.5,1
4,11,357,2,10,5,0,500,0.6,1000,0.2,1400,0.2,0
4,12,549,1,0,500,0.6,1000,0.2,1400,0.2,2
4,13,516,2,10,5,0,300,0.5,1700,0.5,1
4,14,10,2,10,5,0,500,0.6,1000,0.2,1400,0.2,1
4,15,660,1,0,300,0.5,1700,0.5,1
4,16,302,2,10,5,0,300,0.5,1700,0.5,0
4,17,518,1,0,500,0.6,1000,0.2,1400,0.2,1
4,18,48,0,0,500,0.6,1000,0.2,1400,0.2,1
4,19,993,2,10,5,0,500,0.6,1000,0.2,1400,0.2,0
5,0,298,1,0,300,0.5,1700,0.5,1
5,1,851,0,0,300,0.5,1700,0.5,2
5,2,630,0,0,300,0.5,1700,0.5,0
5,3,461,0,0,300,0.5,1700,0.5,2
5,4,191,1,0,500,0.6,1000,0.2,1400,0.2,1
5,5,100,1,0,500,0.6,1000,0.2,1400,0.2,2
5,6,255,0,0,500,0.6,1000,0.2,1400,0.2,0
5,7,70,2,10,5,0,500,0.6,1000,0.2,1400,0.2,0
5,8,93,0,0,300,0.5,1700,0.5,1
5,9,85,0,0,500,0.6,1000,0.2,1400,0.2,1
5,10,415,0,0,500,0.6,1000,0.2,1400,0.2,0
5,11,399,2,10,5,0,500,0.6,1000,0.2,1400,0.2,2
5,12,757,0,0,300,0.5,1700,0.5,1
5,13,29,0,0,300,0.5,1700,0.5,2
5,14,270,1,0,300,0.5,1700,0.5,0
5,15,934,2,10,5,0,300,0.5,1700,0.5,2
5,16,263,0,0,500,0.6,1000,0.2,1400,0.2,1
5,17,448,1,0,300,0.5,1700,0.5,2
5,18,823,2,10,5,0,500,0.6,1000,0.2,1400,0.2,0
5,19,84,1,0,300,0.5,1700,0.5,2
6,0,114,2,10,5,0,300,0.5,1700,0.5,1
6,1,840,1,0,300,0.5,1700,0.5,1
6,2,567,0,0,500,0.6,1000,0.2,1400,0.2,1
6,3,339,2,10,5,0,300,0.5,1700,0.5,2
6,4,342,0,0,300,0.5,1700,0.5,0
6,5,130,1,0,300,0.5,1700,0.5,0
6,6,825,1,0,500,0.6,1000,0.2,1400,0.2,1
6,7,379,1,0,300,0.5,1700,0.5,0
6,8,881,1,0,500,0.6,1000,0.2,1400,0.2,1
6,9,113,0,0,300,0.5,1700,0.5,1
6,10,294,1,0,300,0.5,1700,0.5,2
6,11,848,2,10,5,0,500,0.6,1000,0.2,1400,0.2,0
6,12,314,0,0,500,0.6,1000,0.2,1400,0.2,1
6,13,984,2,10,5,0,500,0.6,1000,0.2,1400,0.2,1
6,14,129,0,0,500,0.6,1000,0.2,1400,0.2,2
6,15,854,0,0,300,0.5,1700,0.5,2
6,16,502,1,0,500,0.6,1000,0.2,1400,0.2,2
6,17,186,1,0,300,0.5,1700,0.5,1
6,18,456,0,0,500,0.6,1000,0.2,1400,0.2,2
6,19,935,2,10,5,0,300,0.5,1700,0.5,2
7,0,515,1,0,300,0.5,1700,0.5,2
7,1,76,0,0,300,0.5,1700,0.5,2
7,2,96,1,0,500,0.6,1000,0.2,1400,0.2,1
7,3,981,1,0,500,0.6,1000,0.2,1400,0.2,2
7,4,512,0,0,300,0.5,1700,0.5,0
7,5,238,0,0,500,0.6,1000,0.2,1400,0.2,1
7,6,382,1,0,500,0.6,1000,0.2,1400,0.2,2
7,7,840,2,10,5,0,300,0.5,1700,0.5,1
7,8,290,2,10,5,0,500,0.6,1000,0.2,1400,0.2,2
7,9,835,2,10,5,0,500,0.6,1000,0.2,1400,0.2,2
7,10,420,1,0,500,0.6,1000,0.2,1400,0.2,2
7,11,826,2,10,5,0,300,0.5,1700,0.5,1
7,12,361,1,0,300,0.5,1700,0.5,2
7,13,870,1,0,500,0.6,1000,0.2,1400,0.2,2
7,14,686,2,10,5,0,300,0.5,1700,0.5,0
7,15,104,0,0,500,0.6,1000,0.2,1400,0.2,0
7,16,162,2,10,5,0,500,0.6,1000,0.2,1400,0.2,0
7,17,924,0,0,500,0.6,1000,0.2,1400,0.2,2
7,18,640,0,0,500,0.6,1000,0.2,1400,0.2,2
7,19,350,1,0,300,0.5,1700,0.5,2
8,0,407,1,0,500,0.6,1000,0.2,1400,0.2,1
8,1,427,1,0,300,0.5,1700,0.5,2
8,2,131,0,0,300,0.5,1700,0.5,2
8,3,349,0,0,300,0.5,1700,0.5,1
8,4,252,0,0,300,0.5,1700,0.5,0
8,5,100,2,10,5,0,300,0.5,1700,0.5,0
8,6,986,0,0,500,0.6,1000,0.2,1400,0.2,1
8,7,435,0,0,500,0.6,1000,0.2,1400,0.2,0
8,8,585,1,0,300,0.5,1700,0.5,1
8,9,284,2,10,5,0,300,0.5,1700,0.5,1
8,10,296,1,0,500,0.6,1000,0.2,1400,0.2,2
8,11,368,2,10,5,0,300,0.5,1700,0.5,0
8,12,990,0,0,500,0.6,1000,0.2,1400,0.2,1
8,13,768,1,0,500,0.6,1000,0.2,1400,0.2,1
8,14,364,2,10,5,0,300,0.5,1700,0.5,2
8,15,676,2,10,5,0,500,0.6,1000,0.2,1400,0.2,1
8,16,279,2,10,5,0,300,0.5,1700,0.5,0
8,17,369,2,10,5,0,300,0.5,1700,0.5,1
8,18,419,0,0,500,0.6,1000,0.2,1400,0.2,2
8,19,411,1,0,500,0.6,1000,0.2,1400,0.2,1
9,0,221,1,0,500,0.6,1000,0.2,1400,0.2,1
9,1,205,1,0,500,0.6,1000,0.2,1400,0.2,1
9,2,544,1,0,500,0.6,1000,0.2,1400,0.2,0
9,3,918,1,0,500,0.6,1000,0.2,1400,0.2,2
9,4,368,2,10,5,0,500,0.6,1000,0.2,1400,0.2,1
9,5,474,0,0,500,0.6,1000,0.2,1400,0.2,2
9,6,591,0,0,500,0.6,1000,0.2,1400,0.2,0
9,7,643,2,10,5,0,300,0.5,1700,0.5,1
9,8,503,2,10,5,0,500,0.6,1000,0.2,1400,0.2,1
9,9,509,2,10,5,0,300,0.5,1700,0.5,1
9,10,537,1,0,500,0.6,1000,0.2,1400,0.2,1
9,11,323,2,10,5,0,500,0.6,1000,0.2,1400,0.2,1
9,12,746,2,10,5,0,500,0.6,1000,0.2,1400,0.2,1
9,13,145,2,10,5,0,300,0.5,1700,0.5,0
9,14,465,0,0,500,0.6,1000,0.2,1400,0.2,1
9,15,824,0,0,300,0.5,1700,0.5,0
9,16,616,2,10,5,0,500,0.6,1000,0.2,1400,0.2,1
9,17,549,2,10,5,0,500,0.6,1000,0.2,1400,0.2,2
9,18,833,0,0,500,0.6,1000,0.2,1400,0.2,2
9,19,382,1,0,500,0.6,1000,0.2,1400,0.2,0
10,0,990,1,0,500,0.6,1000,0.2,1400,0.2,0
10,1,84,1,0,500,0.6,1000,0.2,1400,0.2,0
10,2,407,0,0,300,0.5,1700,0.5,0
10,3,120,0,0,500,0.6,1000,0.2,1400,0.2,1
10,4,303,0,0,300,0.5,1700,0.5,0
10,5,821,2,10,5,0,500,0.6,1000,0.2,1400,0.2,0
10,6,316,0,0,300,0.5,1700,0.5,2
10,7,953,2,10,5,0,300,0.5,1700,0.5,2
10,8,154,1,0,500,0.6,1000,0.2,1400,0.2,2
10,9,512,2,10,5,0,500,0.6,1000,0.2,1400,0.2,1
10,10,779,1,0,300,0.5,1700,0.5,2
10,11,856,0,0,500,0.6,1000,0.2,1400,0.2,1
10,12,924,2,10,5,0,300,0.5,1700,0.5,0
10,13,509,1,0,300,0.5,1700,0.5,2
10,14,257,2,10,5,0,300,0.5,1700,0.5,0
10,15,370,2,10,5,0,300,0.5,1700,0.5,1
10,16,932,0,0,300,0.5,1700,0.5,1
10,17,412,0,0,500,0.6,1000,0.2,1400,0.2,0
10,18,391,2,10,5,0,500,0.6,1000,0.2,1400,0.2,0
10,19,155,0,0,500,0.6,1000,0.2,1400,0.2,0
11,0,699,0,0,300,0.5,1700,0.5,0
11,1,937,0,0,300,0.5,1700,0.5,1
11,2,570,1,0,500,0.6,1000,0.2,1400,0.2,0
11,3,96,0,0,300,0.5,1700,0.5,1
11,4,753,1,0,300,0.5,1700,0.5,0
11,5,233,1,0,300,0.5,1700,0.5,2
11,6,574,0,0,300,0.5,1700,0.5,2
11,7,367,2,10,5,0,300,0.5,1700,0.5,2
11,8,870,0,0,500,0.6,1000,0.2,1400,0.2,0
11,9,898,2,10,5,0,300,0.5,1700,0.5,2
11,10,14,0,0,500,0.6,1000,0.2,1400,0.2,2
11,11,989,1,0,500,0.6,1000,0.2,1400,0.2,1
11,12,576,2,10,5,0,500,0.6,1000,0.2,1400,0.2,2
11,13,351,0,0,500,0.6,1000,0.2,1400,0.2,2
11,14,119,2,10,5,0,300,0.5,1700,0.5,0
11,15,908,1,0,500,0.6,1000,0.2,1400,0.2,1
11,16,14,0,0,300,0.5,1700,0.5,1
11,17,304,2,10,5,0,500,0.6,1000,0.2,1400,0.2,1
11,18,122,0,0,300,0.5,1700,0.5,1
11,19,654,2,10,5,0,300,0.5,1700,0.5,2
12,0,688,0,0,500,0.6,1000,0.2,1400,0.2,0
12,1,841,2,10,5,0,300,0.5,1700,0.5,0
12,2,937,0,0,300,0.5,1700,0.5,1
12,3,737,0,0,300,0.5,1700,0.5,2
12,4,433,0,0,300,0.5,1700,0.5,1
12,5,632,1,0,300,0.5,1700,0.5,1
12,6,237,0,0,300,0.5,1700,0.5,0
12,7,611,2,10,5,0,300,0.5,1700,0.5,2
12,8,482,1,0,500,0.6,1000,0.2,1400,0.2,0
12,9,853,2,10,5,0,300,0.5,1700,0.5,0
12,10,672,2,10,5,0,500,0.6,1000,0.2,1400,0.2,0
12,11,934,0,0,500,0.6,1000,0.2,1400,0.2,2
12,12,903,2,10,5,0,300,0.5,1700,0.5,2
12,13,114,0,0,300,0.5,1700,0.5,0
12,14,916,1,0,500,0.6,1000,0.2,1400,0.2,2
12,15,66,2,10,5,0,500,0.6,1000,0.2,1400,0.2,1
12,16,351,1,0,500,0.6,1000,0.2,1400,0.2,1
12,17,60,1,0,500,0.6,1000,0.2,1400,0.2,2
12,18,484,1,0,300,0.5,1700,0.5,2
12,19,103,2,10,5,0,300,0.5,1700,0.5,2
13,0,386,1,0,300,0.5,1700,0.5,0
13,1,349,1,0,500,0.6,1000,0.2,1400,0.2,0
13,2,635,0,0,500,0.6,1000,0.2,1400,0.2,1
13,3,566,0,0,500,0.6,1000,0.2,1400,0.2,1
13,4,706,2,10,5,0,300,0.5,1700,0.5,0
13,5,592,0,0,300,0.5,1700,0.5,1
13,6,451,0,0,500,0.6,1000,0.2,1400,0.2,0
13,7,735,0,0,300,0.5,1700,0.5,1
13,8,745,2,10,5,0,500,0.6,1000,0.2,1400,0.2,0
13,9,999,1,0,300,0.5,1700,0.5,0
13,10,301,0,0,500,0.6,1000,0.2,1400,0.2,1
13,11,432,0,0,300,0.5,1700,0.5,0
13,12,73,1,0,300,0.5,1700,0.5,0
13,13,26,2,10,5,0,500,0.6,1000,0.2,1400,0.2,1
13,14,544,0,0,500,0.6,1000,0.2,1400,0.2,0
13,15,600,0,0,300,0.5,1700,0.5,1
13,16,521,2,10,5,0,500,0.6,1000,0.2,1400,0.2,1
13,17,333,0,0,300,0.5,1700,0.5,1
13,18,362,0,0,500,0.6,1000,0.2,1400,0.2,2
13,19,380,1,0,300,0.5,1700,0.5,2
14,0,710,0,0,500,0.6,1000,0.2,1400,0.2,2
14,1,146,0,0,500,0.6,1000,0.2,1400,0.2,2
14,2,870,0,0,500,0.6,1000,0.2,1400,0.2,0
14,3,538,0,0,300,0.5,1700,0.5,1
14,4,594,2,10,5,0,500,0.6,1000,0.2,1400,0.2,1
14,5,766,1,0,500,0.6,1000,0.2,1400,0.2,0
14,6,413,0,0,300,0.5,1700,0.5,0
14,7,108,2,10,5,0,500,0.6,1000,0.2,1400,0.2,2
14,8,22,0,0,300,0.5,1700,0.5,2
14,9,881,2,10,5,0,500,0.6,1000,0.2,1400,0.2,0
14,10,56,1,0,500,0.6,1000,0.2,1400,0.2,2
14,11,565,1,0,300,0.5,1700,0.5,2
14,12,228,1,0,300,0.5,1700,0.5,0
14,13,601,2,10,5,0,500,0.6,1000,0.2,1400,0.2,0
14,14,156,2,10,5,0,300,0.5,1700,0.5,2
14,15,382,1,0,500,0.6,1000,0.2,1400,0.2,2
14,16,212,1,0,500,0.6,1000,0.2,1400,0.2,1
14,17,447,2,10,5,0,300,0.5,1700,0.5,0
14,18,303,1,0,500,0.6,1000,0.2,1400,0.2,0
14,19,839,1,0,500,0.6,1000,0.2,1400,0.2,2
15,0,242,2,10,5,0,300,0.5,1700,0.5,1
15,1,13,1,0,500,0.6,1000,0.2,1400,0.2,1
15,2,56,2,10,5,0,300,0.5,1700,0.5,2
15,3,898,2,10,5,0,500,0.6,1000,0.2,1400,0.2,1
15,4,522,1,0,300,0.5,1700,0.5,1
15,5,956,2,10,5,0,300,0.5,1700,0.5,1
15,6,242,0,0,300,0.5,1700,0.5,2
15,7,793,2,10,5,0,300,0.5,1700,0.5,0
15,8,951,2,10,5,0,500,0.6,1000,0.2,1400,0.2,1
15,9,166,2,10,5,0,300,0.5,1700,0.5,2
15,10,278,2,10,5,0,300,0.5,1700,0.5,2
15,11,734,0,0,300,0.5,1700,0.5,0
15,12,985,2,10,5,0,300,0.5,1700,0.5,0
15,13,277,0,0,500,0.6,1000,0.2,1400,0.2,1
15,14,789,1,0,300,0.5,1700,0.5,1
15,15,311,0,0,500,0.6,1000,0.2,1400,0.2,0
15,16,240,0,0,300,0.5,1700,0.5,2
15,17,456,2,10,5,0,300,0.5,1700,0.5,2
15,18,559,2,10,5,0,300,0.5,1700,0.5,2
15,19,194,1,0,300,0.5,1700,0.5,0
16,0,185,0,0,300,0.5,1700,0.5,2
16,1,947,0,0,500,0.6,1000,0.2,1400,0.2,0
16,2,390,0,0,500,0.6,1000,0.2,1400,0.2,2
16,3,769,2,10,5,0,500,0.6,1000,0.2,1400,0.2,2
16,4,367,2,10,5,0,500,0.6,1000,0.2,1400,0.2,0
16,5,373,2,10,5,0,500,0.6,1000,0.2,1400,0.2,0
16,6,738,2,10,5,0,500,0.6,1000,0.2,1400,0.2,1
16,7,776,2,10,5,0,300,0.5,1700,0.5,2
16,8,735,2,10,5,0,500,0.6,1000,0.2,1400,0.2,2
16,9,169,2,10,5,0,300,0.5,1700,0.5,2
16,10,233,1,0,300,0.5,1700,0.5,2
16,11,517,1,0,500,0.6,1000,0.2,1400,0.2,0
16,12,414,0,0,300,0.5,1700,0.5,0
16,13,752,2,10,5,0,500,0.6,1000,0.2,1400,0.2,2
16,14,142,0,0,500,0.6,1000,0.2,1400,0.2,0
16,15,533,0,0,300,0.5,1700,0.5,2
16,16,617,1,0,300,0.5,1700,0.5,1
16,17,231,1,0,300,0.5,1700,0.5,0
16,18,12,2,10,5,0,300,0.5,1700,0.5,0
16,19,308,1,0,500,0.6,1000,0.2,1400,0.2,1
17,0,208,2,10,5,0,300,0.5,1700,0.5,0
17,1,57,0,0,300,0.5,1700,0.5,0
17,2,484,0,0,500,0.6,1000,0.2,1400,0.2,2
17,3,424,1,0,500,0.6,1000,0.2,1400,0.2,2
17,4,718,0,0,300,0.5,1700,0.5,0
17,5,452,0,0,300,0.5,1700,0.5,0
17,6,319,1,0,300,0.5,1700,0.5,2
17,7,414,1,0,300,0.5,1700,0.5,1
17,8,724,1,0,300,0.5,1700,0.5,0
17,9,438,0,0,300,0.5,1700,0.5,1
17,10,645,0,0,300,0.5,1700,0.5,1
17,11,809,2,10,5,0,500,0.6,1000,0.2,1400,0.2,1
17,12,562,1,0,300,0.5,1700,0.5,0
17,13,324,2,10,5,0,500,0.6,1000,0.2,1400,0.2,1
17,14,555,0,0,500,0.6,1000,0.2,1400,0.2,0
17,15,49,2,10,5,0,300,0.5,1700,0.5,1
17,16,936,0,0,300,0.5,1700,0.5,0
17,17,366,1,0,300,0.5,1700,0.5,1
17,18,569,1,0,300,0.5,1700,0.5,1
17,19,349,2,10,5,0,500,0.6,1000,0.2,1400,0.2,2
18,0,189,2,10,5,0,300,0.5,1700,0.5,0
18,1,560,2,10,5,0,500,0.6,1000,0.2,1400,0.2,2
18,2,723,1,0,300,0.5,1700,0.5,0
18,3,426,0,0,300,0.5,1700,0.5,0
18,4,97,0,0,500,0.6,1000,0.2,1400,0.2,1
18,5,555,1,0,500,0.6,1000,0.2,1400,0.2,0
18,6,202,1,0,300,0.5,1700,0.5,2
18,7,968,0,0,300,0.5,1700,0.5,1
18,8,239,0,0,500,0.6,1000,0.2,1400,0.2,2
18,9,425,2,10,5,0,500,0.6,1000,0.2,1400,0.2,0
18,10,496,2,10,5,0,500,0.6,1000,0.2,1400,0.2,1
18,11,275,2,10,5,0,300,0.5,1700,0.5,1
18,12,327,0,0,300,0.5,1700,0.5,2
18,13,481,2,10,5,0,300,0.5,1700,0.5,0
18,14,358,1,0,500,0.6,1000,0.2,1400,0.2,1
18,15,606,2,10,5,0,500,0.6,1000,0.2,1400,0.2,2
18,16,542,1,0,500,0.6,1000,0.2,1400,0.2,0
18,17,210,0,0,500,0.6,1000,0.2,1400,0.2,2
18,18,273,0,0,300,0.5,1700,0.5,1
18,19,654,1,0,300,0.5,1700,0.5,1
19,0,616,0,0,500,0.6,1000,0.2,1400,0.2,1
19,1,945,2,10,5,0,500,0.6,1000,0.2,1400,0.2,1
19,2,301,0,0,300,0.5,1700,0.5,0
19,3,161,2,10,5,0,300,0.5,1700,0.5,2
19,4,837,2,10,5,0,300,0.5,1700,0.5,1
19,5,23,2,10,5,0,300,0.5,1700,0.5,1
19,6,591,2,10,5,0,300,0.5,1700,0.5,2
19,7,630,2,10,5,0,300,0.5,1700,0.5,1
19,8,297,2,10,5,0,300,0.5,1700,0.5,2
19,9,73,1,0,300,0.5,1700,0.5,2
19,10,95,2,10,5,0,300,0.5,1700,0.5,2
19,11,997,1,0,300,0.5,1700,0.5,2
19,12,103,2,10,5,0,300,0.5,1700,0.5,1
19,13,618,1,0,500,0.6,1000,0.2,1400,0.2,2
19,14,472,2,10,5,0,500,0.6,1000,0.2,1400,0.2,1
19,15,536,1,0,500,0.6,1000,0.2,1400,0.2,0
19,16,654,1,0,500,0.6,1000,0.2,1400,0.2,2
19,17,966,1,0,500,0.6,1000,0.2,1400,0.2,2
19,18,18,2,10,5,0,500,0.6,1000,0.2,1400,0.2,1
19,19,409,0,0,300,0.5,1700,0.5,2
