0,0,698,1,0,500,0.6,1000,0.2,1400,0.2,2
0,1,382,1,0,500,0.6,1000,0.2,1400,0.2,0
0,2,722,2,10,5,0,500,0.6,1000,0.2,1400,0.2,0
0,3,563,0,0,300,0.5,1700,0.5,1
0,4,663,0,0,500,0.6,1000,0.2,1400,0.2,2
0,5,87,2,10,5,0,500,0.6,1000,0.2,1400,0.2,2
0,6,766,2,10,5,0,500,0.6,1000,0.2,1400,0.2,1
0,7,163,0,0,300,0.5,1700,0.5,0
0,8,170,0,0,300,0.5,1700,0.5,1
0,9,118,2,10,5,0,500,0.6,1000,0.2,1400,0.2,0
0,10,316,2,10,5,0,500,0.6,1000,0.2,1400,0.2,1
0,11,498,0,0,300,0.5,1700,0.5,1
0,12,798,2,10,5,0,500,0.6,1000,0.2,1400,0.2,2
0,13,580,2,10,5,0,500,0.6,1000,0.2,1400,0.2,2
0,14,997,1,0,300,0.5,1700,0.5,0
0,15,147,1,0,500,0.6,1000,0.2,1400,0.2,0
0,16,51,1,0,300,0.5,1700,0.5,2
0,17,712,0,0,300,0.5,1700,0.5,2
0,18,422,0,0,300,0.5,1700,0.5,1
0,19,450,0,0,300,0.5,1700,0.5,2
1,0,887,0,0,300,0.5,1700,0.5,0
1,1,229,2,10,5,0,500,0.6,1000,0.2,1400,0.2,1
1,2,975,0,0,300,0.5,1700,0.5,1
1,3,458,1,0,500,0.6,1000,0.2,1400,0.2,2
1,4,585,0,0,300,0.5,1700,0.5,0
1,5,890,0,0,300,0.5,1700,0.5,0
1,6,409,2,10,5,0,300,0.5,1700,0.5,2
1,7,993,1,0,500,0.6,1000,0.2,1400,0.2,0
1,8,379,1,0,500,0.6,1000,0.2,1400,0.2,0
1,9,180,0,0,500,0.6,1000,0.2,1400,0.2,2
1,10,387,1,0,300,0.5,1700,0.5,0
1,11,10,0,0,500,0.6,1000,0.2,1400,0.2,1
1,12,800,1,0,500,0.6,1000,0.2,1400,0.2,0
1,13,283,2,10,5,0,300,0.5,1700,0.5,1
1,14,441,1,0,500,0.6,1000,0.2,1400,0.2,1
1,15,837,0,0,500,0.6,1000,0.2,1400,0.2,0
1,16,604,0,0,300,0.5,1700,0.5,1
1,17,725,1,0,300,0.5,1700,0.5,1
1,18,973,1,0,300,0.5,1700,0.5,1
1,19,325,1,0,500,0.6,1000,0.2,1400,0.2,1
2,0,153,2,10,5,0,500,0.6,1000,0.2,1400,0.2,1
2,1,675,2,10,5,0,500,0.6,1000,0.2,1400,0.2,1
2,2,800,2,10,5,0,300,0.5,1700,0.5,1
2,3,84,1,0,500,0.6,1000,0.2,1400,0.2,1
2,4,359,2,10,5,0,500,0.6,1000,0.2,1400,0.2,0
2,5,523,2,10,5,0,500,0.6,1000,0.2,1400,0.2,0
2,6,309,2,10,5,0,500,0.6,1000,0.2,1400,0.2,1
2,7,454,1,0,300,0.5,1700,0.5,1
2,8,19,2,10,5,0,300,0.5,1700,0.5,0
2,9,35,1,0,300,0.5,1700,0.5,0
2,10,979,0,0,500,0.6,1000,0.2,1400,0.2,1
2,11,661,2,10,5,0,300,0.5,1700,0.5,0
2,12,352,0,0,300,0.5,1700,0.5,0
2,13,670,2,10,5,0,500,0.6,1000,0.2,1400,0.2,1
2,14,31,0,0,500,0.6,1000,0.2,1400,0.2,2
2,15,117,0,0,500,0.6,1000,0.2,1400,0.2,2
2,16,726,1,0,500,0.6,1000,0.2,1400,0.2,1
2,17,327,0,0,300,0.5,1700,0.5,0
2,18,345,0,0,500,0.6,1000,0.2,1400,0.2,2
2,19,137,1,0,300,0.5,1700,0.5,2
3,0,11,2,10,5,0,500,0.6,1000,0.2,1400,0.2,1
3,1,945,1,0,500,0.6,1000,0.2,1400,0.2,0
3,2,394,0,0,500,0.6,1000,0.2,1400,0.2,2
3,3,145,0,0,300,0.5,1700,0.5,0
3,4,262,1,0,300,0.5,1700,0.5,1
3,5,29,2,10,5,0,500,0.6,1000,0.2,1400,0.2,1
3,6,662,2,10,5,0,300,0.5,1700,0.5,0
3,7,886,2,10,5,0,300,0.5,1700,0.5,1
3,8,70,1,0,500,0.6,1000,0.2,1400,0.2,1
3,9,180,2,10,5,0,500,0.6,1000,0.2,1400,0.2,1
3,10,79,2,10,5,0,500,0.6,1000,0.2,1400,0.2,1
3,11,344,1,0,500,0.6,1000,0.2,1400,0.2,0
3,12,195,0,0,500,0.6,1000,0.2,1400,0.2,1
3,13,409,1,0,300,0.5,1700,0.5,1
3,14,633,2,10,5,0,300,0.5,1700,0.5,1
3,15,603,2,10,5,0,300,0.5,1700,0.5,2
3,16,916,0,0,500,0.6,1000,0.2,1400,0.2,1
3,17,775,1,0,300,0.5,1700,0.5,0
3,18,967,1,0,500,0.6,1000,0.2,1400,0.2,0
3,19,204,1,0,300,0.5,1700,0.5,0
4,0,358,2,10,5,0,500,0.6,1000,0.2,1400,0.2,1
4,1,622,1,0,500,0.6,1000,0.2,1400,0.2,0
4,2,499,0,0,300,0.5,1700,0.5,0
4,3,95,0,0,500,0.6,1000,0.2,1400,0.2,2
4,4,798,1,0,500,0.6,1000,0.2,1400,0.2,1
4,5,517,1,0,500,0.6,1000,0.2,1400,0.2,0
4,6,116,1,0,500,0.6,1000,0.2,1400,0.2,1
4,7,948,1,0,500,0.6,1000,0.2,1400,0.2,0
4,8,242,0,0,300,0.5,1700,0.5,1
4,9,440,0,0,300,0.5,1700,0.5,1
4,10,357,0,0,500,0.6,1000,0.2,1400,0.2,1
4,11,397,2,10,5,0,300,0.5,1700,0.5,0
4,12,964,2,10,5,0,300,0.5,1700,0.5,0
4,13,571,0,0,300,0.5,1700,0.5,0
4,14,132,0,0,500,0.6,1000,0.2,1400,0.2,2
4,15,535,0,0,300,0.5,1700,0.5,2
4,16,686,0,0,500,0.6,1000,0.2,1400,0.2,1
4,17,860,0,0,500,0.6,1000,0.2,1400,0.2,1
4,18,596,2,10,5,0,500,0.6,1000,0.2,1400,0.2,1
4,19,947,2,10,5,0,500,0.6,1000,0.2,1400,0.2,0
5,0,395,1,0,300,0.5,1700,0.5,1
5,1,624,0,0,500,0.6,1000,0.2,1400,0.2,0
5,2,359,2,10,5,0,300,0.5,1700,0.5,0
5,3,616,1,0,500,0.6,1000,0.2,1400,0.2,0
5,4,82,0,0,500,0.6,1000,0.2,1400,0.2,2
5,5,838,1,0,500,0.6,1000,0.2,1400,0.2,0
5,6,39,1,0,500,0.6,1000,0.2,1400,0.2,0
5,7,321,2,10,5,0,500,0.6,1000,0.2,1400,0.2,1
5,8,727,1,0,300,0.5,1700,0.5,1
5,9,928,1,0,500,0.6,1000,0.2,1400,0.2,1
5,10,357,0,0,300,0.5,1700,0.5,2
5,11,644,0,0,300,0.5,1700,0.5,0
5,12,891,1,0,500,0.6,1000,0.2,1400,0.2,0
5,13,614,2,10,5,0,500,0.6,1000,0.2,1400,0.2,1
5,14,532,1,0,500,0.6,1000,0.2,1400,0.2,1
5,15,515,0,0,300,0.5,1700,0.5,0
5,16,487,2,10,5,0,500,0.6,1000,0.2,1400,0.2,2
5,17,538,1,0,300,0.5,1700,0.5,1
5,18,830,1,0,500,0.6,1000,0.2,1400,0.2,2
5,19,702,0,0,500,0.6,1000,0.2,1400,0.2,0
6,0,224,2,10,5,0,300,0.5,1700,0.5,1
6,1,889,0,0,500,0.6,1000,0.2,1400,0.2,1
6,2,441,0,0,500,0.6,1000,0.2,1400,0.2,0
6,3,345,1,0,300,0.5,1700,0.5,0
6,4,321,2,10,5,0,300,0.5,1700,0.5,0
6,5,893,2,10,5,0,500,0.6,1000,0.2,1400,0.2,1
6,6,185,1,0,300,0.5,1700,0.5,2
6,7,667,0,0,300,0.5,1700,0.5,1
6,8,961,2,10,5,0,500,0.6,1000,0.2,1400,0.2,2
6,9,855,1,0,300,0.5,1700,0.5,2
6,10,475,1,0,500,0.6,1000,0.2,1400,0.2,1
6,11,39,0,0,500,0.6,1000,0.2,1400,0.2,2
6,12,167,1,0,500,0.6,1000,0.2,1400,0.2,2
6,13,821,1,0,500,0.6,1000,0.2,1400,0.2,0
6,14,156,0,0,300,0.5,1700,0.5,2
6,15,717,1,0,300,0.5,1700,0.5,2
6,16,596,1,0,500,0.6,1000,0.2,1400,0.2,1
6,17,749,0,0,500,0.6,1000,0.2,1400,0.2,2
6,18,491,1,0,300,0.5,1700,0.5,2
6,19,733,1,0,300,0.5,1700,0.5,1
7,0,664,0,0,500,0.6,1000,0.2,1400,0.2,1
7,1,912,0,0,300,0.5,1700,0.5,0
7,2,948,1,0,500,0.6,1000,0.2,1400,0.2,0
7,3,187,1,0,300,0.5,1700,0.5,1
7,4,79,0,0,500,0.6,1000,0.2,1400,0.2,1
7,5,97,1,0,300,0.5,1700,0.5,2
7,6,387,2,10,5,0,500,0.6,1000,0.2,1400,0.2,2
7,7,80,2,10,5,0,300,0.5,1700,0.5,2
7,8,890,0,0,500,0.6,1000,0.2,1400,0.2,0
7,9,738,0,0,500,0.6,1000,0.2,1400,0.2,0
7,10,463,0,0,500,0.6,1000,0.2,1400,0.2,2
7,11,504,0,0,500,0.6,1000,0.2,1400,0.2,1
7,12,574,1,0,500,0.6,1000,0.2,1400,0.2,1
7,13,891,1,0,300,0.5,1700,0.5,1
7,14,26,1,0,300,0.5,1700,0.5,1
7,15,486,2,10,5,0,500,0.6,1000,0.2,1400,0.2,1
7,16,565,2,10,5,0,500,0.6,1000,0.2,1400,0.2,1
7,17,502,0,0,300,0.5,1700,0.5,2
7,18,543,0,0,300,0.5,1700,0.5,2
7,19,847,2,10,5,0,300,0.5,1700,0.5,2
8,0,503,0,0,300,0.5,1700,0.5,1
8,1,553,2,10,5,0,300,0.5,1700,0.5,0
8,2,353,1,0,500,0.6,1000,0.2,1400,0.2,0
8,3,712,1,0,300,0.5,1700,0.5,0
8,4,183,2,10,5,0,500,0.6,1000,0.2,1400,0.2,1
8,5,859,0,0,500,0.6,1000,0.2,1400,0.2,1
8,6,142,1,0,500,0.6,1000,0.2,1400,0.2,0
8,7,726,1,0,500,0.6,1000,0.2,1400,0.2,1
8,8,627,1,0,300,0.5,1700,0.5,1
8,9,97,1,0,300,0.5,1700,0.5,1
8,10,502,2,10,5,0,300,0.5,1700,0.5,0
8,11,722,2,10,5,0,500,0.6,1000,0.2,1400,0.2,1
8,12,794,2,10,5,0,500,0.6,1000,0.2,1400,0.2,1
8,13,178,2,10,5,0,500,0.6,1000,0.2,1400,0.2,2
8,14,344,0,0,300,0.5,1700,0.5,1
8,15,548,2,10,5,0,300,0.5,1700,0.5,2
8,16,300,1,0,300,0.5,1700,0.5,0
8,17,678,1,0,300,0.5,1700,0.5,2
8,18,727,2,10,5,0,500,0.6,1000,0.2,1400,0.2,2
8,19,793,2,10,5,0,300,0.5,1700,0.5,0
9,0,349,2,10,5,0,300,0.5,1700,0.5,1
9,1,140,2,10,5,0,300,0.5,1700,0.5,1
9,2,622,2,10,5,0,500,0.6,1000,0.2,1400,0.2,0
9,3,155,1,0,500,0.6,1000,0.2,1400,0.2,2
9,4,886,1,0,300,0.5,1700,0.5,2
9,5,752,1,0,500,0.6,1000,0.2,1400,0.2,2
9,6,385,2,10,5,0,500,0.6,1000,0.2,1400,0.2,1
9,7,666,0,0,500,0.6,1000,0.2,1400,0.2,0
9,8,193,2,10,5,0,500,0.6,1000,0.2,1400,0.2,0
9,9,610,0,0,500,0.6,1000,0.2,1400,0.2,1
9,10,956,0,0,500,0.6,1000,0.2,1400,0.2,2
9,11,211,1,0,300,0.5,1700,0.5,2
9,12,894,2,10,5,0,300,0.5,1700,0.5,2
9,13,307,0,0,300,0.5,1700,0.5,0
9,14,278,1,0,500,0.6,1000,0.2,1400,0.2,0
9,15,687,2,10,5,0,300,0.5,1700,0.5,2
9,16,368,2,10,5,0,500,0.6,1000,0.2,1400,0.2,2
9,17,743,1,0,300,0.5,1700,0.5,0
9,18,507,0,0,300,0.5,1700,0.5,0
9,19,357,2,10,5,0,300,0.5,1700,0.5,0
10,0,364,1,0,300,0.5,1700,0.5,2
10,1,899,1,0,500,0.6,1000,0.2,1400,0.2,0
10,2,616,0,0,500,0.6,1000,0.2,1400,0.2,0
10,3,761,2,10,5,0,500,0.6,1000,0.2,1400,0.2,1
10,4,686,1,0,300,0.5,1700,0.5,2
10,5,598,1,0,500,0.6,1000,0.2,1400,0.2,1
10,6,417,2,10,5,0,500,0.6,1000,0.2,1400,0.2,1
10,7,348,2,10,5,0,500,0.6,1000,0.2,1400,0.2,1
10,8,728,2,10,5,0,500,0.6,1000,0.2,1400,0.2,2
10,9,954,2,10,5,0,500,0.6,1000,0.2,1400,0.2,1
10,10,776,0,0,300,0.5,1700,0.5,2
10,11,806,1,0,500,0.6,1000,0.2,1400,0.2,2
10,12,844,2,10,5,0,300,0.5,1700,0.5,2
10,13,346,0,0,500,0.6,1000,0.2,1400,0.2,1
10,14,713,1,0,300,0.5,1700,0.5,1
10,15,357,1,0,500,0.6,1000,0.2,1400,0.2,0
10,16,628,2,10,5,0,300,0.5,1700,0.5,1
10,17,678,2,10,5,0,500,0.6,1000,0.2,1400,0.2,2
10,18,981,0,0,300,0.5,1700,0.5,1
10,19,507,0,0,300,0.5,1700,0.5,1
11,0,465,0,0,500,0.6,1000,0.2,1400,0.2,0
11,1,554,0,0,500,0.6,1000,0.2,1400,0.2,1
11,2,599,1,0,300,0.5,1700,0.5,2
11,3,358,0,0,500,0.6,1000,0.2,1400,0.2,2
11,4,295,0,0,300,0.5,1700,0.5,1
11,5,236,0,0,300,0.5,1700,0.5,0
11,6,698,2,10,5,0,300,0.5,1700,0.5,1
11,7,907,2,10,5,0,500,0.6,1000,0.2,1400,0.2,2
11,8,380,0,0,300,0.5,1700,0.5,0
11,9,801,1,0,500,0.6,1000,0.2,1400,0.2,2
11,10,508,1,0,300,0.5,1700,0.5,1
11,11,767,2,10,5,0,300,0.5,1700,0.5,2
11,12,307,1,0,500,0.6,1000,0.2,1400,0.2,1
11,13,847,0,0,300,0.5,1700,0.5,1
11,14,752,2,10,5,0,300,0.5,1700,0.5,1
11,15,941,2,10,5,0,300,0.5,1700,0.5,2
11,16,554,1,0,500,0.6,1000,0.2,1400,0.2,2
11,17,302,2,10,5,0,300,0.5,1700,0.5,1
11,18,274,2,10,5,0,300,0.5,1700,0.5,1
11,19,214,1,0,500,0.6,1000,0.2,1400,0.2,0
12,0,780,0,0,300,0.5,1700,0.5,1
12,1,693,0,0,500,0.6,1000,0.2,1400,0.2,0
12,2,432,2,10,5,0,500,0.6,1000,0.2,1400,0.2,0
12,3,579,2,10,5,0,500,0.6,1000,0.2,1400,0.2,0
12,4,510,0,0,500,0.6,1000,0.2,1400,0.2,1
12,5,950,2,10,5,0,500,0.6,1000,0.2,1400,0.2,2
12,6,453,1,0,500,0.6,1000,0.2,1400,0.2,1
12,7,99,2,10,5,0,300,0.5,1700,0.5,0
12,8,646,0,0,500,0.6,1000,0.2,1400,0.2,0
12,9,256,1,0,500,0.6,1000,0.2,1400,0.2,1
12,10,919,1,0,500,0.6,1000,0.2,1400,0.2,1
12,11,235,1,0,500,0.6,1000,0.2,1400,0.2,1
12,12,67,0,0,300,0.5,1700,0.5,1
12,13,517,0,0,300,0.5,1700,0.5,0
12,14,979,0,0,300,0.5,1700,0.5,2
12,15,348,2,10,5,0,300,0.5,1700,0.5,0
12,16,180,1,0,500,0.6,1000,0.2,1400,0.2,1
12,17,837,2,10,5,0,300,0.5,1700,0.5,0
12,18,228,1,0,300,0.5,1700,0.5,0
12,19,536,1,0,300,0.5,1700,0.5,2
13,0,283,1,0,500,0.6,1000,0.2,1400,0.2,0
13,1,864,2,10,5,0,500,0.6,1000,0.2,1400,0.2,0
13,2,259,1,0,300,0.5,1700,0.5,2
13,3,43,0,0,500,0.6,1000,0.2,1400,0.2,2
13,4,808,0,0,500,0.6,1000,0.2,1400,0.2,2
13,5,202,1,0,300,0.5,1700,0.5,2
13,6,727,2,10,5,0,300,0.5,1700,0.5,2
13,7,86,1,0,500,0.6,1000,0.2,1400,0.2,0
13,8,610,1,0,300,0.5,1700,0.5,1
13,9,291,2,10,5,0,500,0.6,1000,0.2,1400,0.2,1
13,10,403,1,0,300,0.5,1700,0.5,1
13,11,641,0,0,500,0.6,1000,0.2,1400,0.2,2
13,12,491,2,10,5,0,300,0.5,1700,0.5,2
13,13,65,0,0,500,0.6,1000,0.2,1400,0.2,0
13,14,892,1,0,300,0.5,1700,0.5,2
13,15,699,1,0,300,0.5,1700,0.5,1
13,16,155,0,0,500,0.6,1000,0.2,1400,0.2,0
13,17,706,2,10,5,0,300,0.5,1700,0.5,2
13,18,548,1,0,300,0.5,1700,0.5,0
13,19,782,2,10,5,0,300,0.5,1700,0.5,0
14,0,719,0,0,500,0.6,1000,0.2,1400,0.2,0
14,1,555,2,10,5,0,300,0.5,1700,0.5,2
14,2,362,0,0,300,0.5,1700,0.5,1
14,3,844,2,10,5,0,500,0.6,1000,0.2,1400,0.2,1
14,4,682,0,0,500,0.6,1000,0.2,1400,0.2,2
14,5,695,2,10,5,0,300,0.5,1700,0.5,2
14,6,807,1,0,500,0.6,1000,0.2,1400,0.2,2
14,7,628,1,0,500,0.6,1000,0.2,1400,0.2,0
14,8,685,2,10,5,0,500,0.6,1000,0.2,1400,0.2,1
14,9,893,0,0,500,0.6,1000,0.2,1400,0.2,0
14,10,111,1,0,300,0.5,1700,0.5,1
14,11,989,0,0,300,0.5,1700,0.5,0
14,12,331,0,0,300,0.5,1700,0.5,1
14,13,487,2,10,5,0,300,0.5,1700,0.5,1
14,14,334,1,0,500,0.6,1000,0.2,1400,0.2,2
14,15,185,2,10,5,0,300,0.5,1700,0.5,2
14,16,586,2,10,5,0,300,0.5,1700,0.5,0
14,17,826,2,10,5,0,300,0.5,1700,0.5,0
14,18,278,1,0,500,0.6,1000,0.2,1400,0.2,1
14,19,571,0,0,500,0.6,1000,0.2,1400,0.2,1
15,0,865,1,0,300,0.5,1700,0.5,0
15,1,185,0,0,500,0.6,1000,0.2,1400,0.2,1
15,2,213,0,0,500,0.6,1000,0.2,1400,0.2,1
15,3,284,2,10,5,0,300,0.5,1700,0.5,2
15,4,704,0,0,300,0.5,1700,0.5,2
15,5,416,0,0,300,0.5,1700,0.5,2
15,6,92,1,0,500,0.6,1000,0.2,1400,0.2,1
15,7,43,1,0,500,0.6,1000,0.2,1400,0.2,0
15,8,814,1,0,500,0.6,1000,0.2,1400,0.2,1
15,9,735,2,10,5,0,500,0.6,1000,0.2,1400,0.2,1
15,10,604,2,10,5,0,500,0.6,1000,0.2,1400,0.2,2
15,11,271,2,10,5,0,500,0.6,1000,0.2,1400,0.2,0
15,12,678,0,0,300,0.5,1700,0.5,2
15,13,161,1,0,500,0.6,1000,0.2,1400,0.2,0
15,14,588,2,10,5,0,300,0.5,1700,0.5,0
15,15,257,1,0,500,0.6,1000,0.2,1400,0.2,1
15,16,1000,1,0,300,0.5,1700,0.5,2
15,17,708,0,0,300,0.5,1700,0.5,2
15,18,359,0,0,500,0.6,1000,0.2,1400,0.2,2
15,19,841,0,0,300,0.5,1700,0.5,2
16,0,653,0,0,300,0.5,1700,0.5,0
16,1,735,1,0,500,0.6,1000,0.2,1400,0.2,1
16,2,813,1,0,500,0.6,1000,0.2,1400,0.2,2
16,3,229,2,10,5,0,500,0.6,1000,0.2,1400,0.2,2
16,4,476,1,0,500,0.6,1000,0.2,1400,0.2,0
16,5,427,0,0,300,0.5,1700,0.5,2
16,6,563,2,10,5,0,300,0.5,1700,0.5,0
16,7,787,0,0,500,0.6,1000,0.2,1400,0.2,0
16,8,892,2,10,5,0,500,0.6,1000,0.2,1400,0.2,0
16,9,611,1,0,500,0.6,1000,0.2,1400,0.2,0
16,10,509,2,10,5,0,500,0.6,1000,0.2,1400,0.2,0
16,11,213,2,10,5,0,500,0.6,1000,0.2,1400,0.2,2
16,12,667,1,0,300,0.5,1700,0.5,2
16,13,95,1,0,500,0.6,1000,0.2,1400,0.2,1
16,14,374,0,0,500,0.6,1000,0.2,1400,0.2,1
16,15,172,2,10,5,0,500,0.6,1000,0.2,1400,0.2,2
16,16,733,2,10,5,0,300,0.5,1700,0.5,1
16,17,661,0,0,300,0.5,1700,0.5,0
16,18,202,2,10,5,0,300,0.5,1700,0.5,1
16,19,492,1,0,300,0.5,1700,0.5,2
17,0,775,2,10,5,0,500,0.6,1000,0.2,1400,0.2,2
17,1,304,1,0,500,0.6,1000,0.2,1400,0.2,1
17,2,381,1,0,500,0.6,1000,0.2,1400,0.2,2
17,3,177,2,10,5,0,500,0.6,1000,0.2,1400,0.2,2
17,4,903,2,10,5,0,300,0.5,1700,0.5,0
17,5,953,1,0,500,0.6,1000,0.2,1400,0.2,2
17,6,888,2,10,5,0,300,0.5,1700,0.5,2
17,7,334,2,10,5,0,500,0.6,1000,0.2,1400,0.2,0
17,8,685,2,10,5,0,500,0.6,1000,0.2,1400,0.2,0
17,9,379,2,10,5,0,300,0.5,1700,0.5,0
17,10,887,0,0,500,0.6,1000,0.2,1400,0.2,2
17,11,669,0,0,300,0.5,1700,0.5,1
17,12,692,0,0,300,0.5,1700,0.5,2
17,13,533,1,0,300,0.5,1700,0.5,0
17,14,310,2,10,5,0,300,0.5,1700,0.5,0
17,15,437,2,10,5,0,500,0.6,1000,0.2,1400,0.2,1
17,16,886,1,0,500,0.6,1000,0.2,1400,0.2,1
17,17,306,0,0,300,0.5,1700,0.5,1
17,18,109,1,0,500,0.6,1000,0.2,1400,0.2,2
17,19,730,2,10,5,0,500,0.6,1000,0.2,1400,0.2,2
18,0,111,2,10,5,0,500,0.6,1000,0.2,1400,0.2,1
18,1,532,0,0,300,0.5,1700,0.5,0
18,2,557,0,0,500,0.6,1000,0.2,1400,0.2,1
18,3,429,1,0,300,0.5,1700,0.5,0
18,4,714,0,0,500,0.6,1000,0.2,1400,0.2,1
18,5,489,1,0,500,0.6,1000,0.2,1400,0.2,2
18,6,627,0,0,500,0.6,1000,0.2,1400,0.2,2
18,7,616,1,0,500,0.6,1000,0.2,1400,0.2,2
18,8,99,1,0,300,0.5,1700,0.5,2
18,9,782,2,10,5,0,300,0.5,1700,0.5,0
18,10,247,1,0,500,0.6,1000,0.2,1400,0.2,1
18,11,270,2,10,5,0,300,0.5,1700,0.5,0
18,12,550,1,0,500,0.6,1000,0.2,1400,0.2,0
18,13,482,0,0,500,0.6,1000,0.2,1400,0.2,2
18,14,789,1,0,500,0.6,1000,0.2,1400,0.2,1
18,15,827,0,0,500,0.6,1000,0.2,1400,0.2,2
18,16,437,0,0,500,0.6,1000,0.2,1400,0.2,2
18,17,98,0,0,500,0.6,1000,0.2,1400,0.2,2
18,18,974,1,0,500,0.6,1000,0.2,1400,0.2,2
18,19,638,1,0,500,0.6,1000,0.2,1400,0.2,1
19,0,584,1,0,500,0.6,1000,0.2,1400,0.2,1
19,1,882,1,0,500,0.6,1000,0.2,1400,0.2,0
19,2,975,2,10,5,0,500,0.6,1000,0.2,1400,0.2,0
19,3,779,0,0,300,0.5,1700,0.5,2
19,4,184,0,0,500,0.6,1000,0.2,1400,0.2,2
19,5,503,2,10,5,0,500,0.6,1000,0.2,1400,0.2,2
19,6,972,1,0,500,0.6,1000,0.2,1400,0.2,2
19,7,418,1,0,500,0.6,1000,0.2,1400,0.2,0
19,8,265,1,0,300,0.5,1700,0.5,0
19,9,541,0,0,500,0.6,1000,0.2,1400,0.2,1
19,10,767,2,10,5,0,500,0.6,1000,0.2,1400,0.2,2
19,11,973,0,0,300,0.5,1700,0.5,0
19,12,143,1,0,500,0.6,1000,0.2,1400,0.2,1
19,13,469,0,0,500,0.6,1000,0.2,1400,0.2,0
19,14,958,0,0,500,0.6,1000,0.2,1400,0.2,1
19,15,706,0,0,500,0.6,1000,0.2,1400,0.2,2
19,16,259,0,0,500,0.6,1000,0.2,1400,0.2,1
19,17,967,2,10,5,0,300,0.5,1700,0.5,2
19,18,46,1,0,500,0.6,1000,0.2,1400,0.2,0
19,19,438,0,0,500,0.6,1000,0.2,1400,0.2,0
