0,0,220,0,0,500,0.6,1000,0.2,1400,0.2,0
0,1,216,2,10,5,0,500,0.6,1000,0.2,1400,0.2,0
0,2,687,2,10,5,0,300,0.5,1700,0.5,2
0,3,755,0,0,300,0.5,1700,0.5,2
0,4,882,0,0,500,0.6,1000,0.2,1400,0.2,1
0,5,235,1,0,500,0.6,1000,0.2,1400,0.2,2
0,6,617,1,0,500,0.6,1000,0.2,1400,0.2,2
0,7,688,1,0,300,0.5,1700,0.5,0
0,8,620,1,0,300,0.5,1700,0.5,1
0,9,976,0,0,500,0.6,1000,0.2,1400,0.2,1
0,10,266,1,0,300,0.5,1700,0.5,1
0,11,953,1,0,300,0.5,1700,0.5,0
0,12,66,1,0,500,0.6,1000,0.2,1400,0.2,2
0,13,697,2,10,5,0,300,0.5,1700,0.5,0
0,14,505,0,0,300,0.5,1700,0.5,1
0,15,581,2,10,5,0,300,0.5,1700,0.5,0
0,16,713,1,0,300,0.5,1700,0.5,1
0,17,836,1,0,500,0.6,1000,0.2,1400,0.2,1
0,18,353,0,0,500,0.6,1000,0.2,1400,0.2,2
0,19,115,0,0,300,0.5,1700,0.5,2
1,0,678,1,0,300,0.5,1700,0.5,1
1,1,222,1,0,500,0.6,1000,0.2,1400,0.2,1
1,2,579,0,0,500,0.6,1000,0.2,1400,0.2,1
1,3,727,2,10,5,0,300,0.5,1700,0.5,0
1,4,574,0,0,300,0.5,1700,0.5,2
1,5,51,0,0,300,0.5,1700,0.5,1
1,6,64,2,10,5,0,300,0.5,1700,0.5,0
1,7,862,1,0,500,0.6,1000,0.2,1400,0.2,0
1,8,448,0,0,300,0.5,1700,0.5,2
1,9,343,1,0,300,0.5,1700,0.5,0
1,10,693,0,0,300,0.5,1700,0.5,2
1,11,136,0,0,300,0.5,1700,0.5,2
1,12,341,0,0,500,0.6,1000,0.2,1400,0.2,2
1,13,396,2,10,5,0,500,0.6,1000,0.2,1400,0.2,0
1,14,909,0,0,300,0.5,1700,0.5,1
1,15,991,1,0,500,0.6,1000,0.2,1400,0.2,2
1,16,698,1,0,500,0.6,1000,0.2,1400,0.2,0
1,17,987,0,0,500,0.6,1000,0.2,1400,0.2,0
1,18,988,0,0,500,0.6,1000,0.2,1400,0.2,1
1,19,882,0,0,300,0.5,1700,0.5,0
2,0,713,2,10,5,0,500,0.6,1000,0.2,1400,0.2,0
2,1,539,0,0,500,0.6,1000,0.2,1400,0.2,2
2,2,801,2,10,5,0,300,0.5,1700,0.5,0
2,3,157,1,0,500,0.6,1000,0.2,1400,0.2,1
2,4,95,1,0,500,0.6,1000,0.2,1400,0.2,0
2,5,943,2,10,5,0,300,0.5,1700,0.5,0
2,6,870,0,0,300,0.5,1700,0.5,2
2,7,399,1,0,500,0.6,1000,0.2,1400,0.2,1
2,8,98,2,10,5,0,500,0.6,1000,0.2,1400,0.2,1
2,9,247,2,10,5,0,500,0.6,1000,0.2,1400,0.2,1
2,10,304,0,0,500,0.6,1000,0.2,1400,0.2,0
2,11,66,0,0,500,0.6,1000,0.2,1400,0.2,1
2,12,771,1,0,300,0.5,1700,0.5,2
2,13,395,0,0,300,0.5,1700,0.5,0
2,14,949,0,0,300,0.5,1700,0.5,0
2,15,473,1,0,500,0.6,1000,0.2,1400,0.2,2
2,16,142,2,10,5,0,500,0.6,1000,0.2,1400,0.2,0
2,17,975,1,0,500,0.6,1000,0.2,1400,0.2,0
2,18,668,1,0,500,0.6,1000,0.2,1400,0.2,2
2,19,881,0,0,300,0.5,1700,0.5,2
3,0,508,2,10,5,0,300,0.5,1700,0.5,2
3,1,601,2,10,5,0,500,0.6,1000,0.2,1400,0.2,1
3,2,787,0,0,500,0.6,1000,0.2,1400,0.2,0
3,3,779,1,0,500,0.6,1000,0.2,1400,0.2,1
3,4,584,1,0,300,0.5,1700,0.5,1
3,5,470,1,0,500,0.6,1000,0.2,1400,0.2,2
3,6,433,1,0,300,0.5,1700,0.5,1
3,7,912,0,0,300,0.5,1700,0.5,2
3,8,50,0,0,500,0.6,1000,0.2,1400,0.2,0
3,9,952,0,0,300,0.5,1700,0.5,2
3,10,975,2,10,5,0,300,0.5,1700,0.5,1
3,11,227,2,10,5,0,500,0.6,1000,0.2,1400,0.2,2
3,12,905,2,10,5,0,500,0.6,1000,0.2,1400,0.2,1
3,13,701,1,0,500,0.6,1000,0.2,1400,0.2,1
3,14,818,1,0,500,0.6,1000,0.2,1400,0.2,1
3,15,151,2,10,5,0,500,0.6,1000,0.2,1400,0.2,1
3,16,821,0,0,500,0.6,1000,0.2,1400,0.2,0
3,17,838,1,0,300,0.5,1700,0.5,0
3,18,825,2,10,5,0,500,0.6,1000,0.2,1400,0.2,0
3,19,675,2,10,5,0,300,0.5,1700,0.5,2
4,0,450,2,10,5,0,500,0.6,1000,0.2,1400,0.2,1
4,1,550,1,0,500,0.6,1000,0.2,1400,0.2,0
4,2,732,1,0,500,0.6,1000,0.2,1400,0.2,0
4,3,757,1,0,300,0.5,1700,0.5,1
4,4,616,1,0,300,0.5,1700,0.5,2
4,5,866,0,0,300,0.5,1700,0.5,1
4,6,996,2,10,5,0,500,0.6,1000,0.2,1400,0.2,0
4,7,763,0,0,300,0.5,1700,0.5,0
4,8,522,0,0,500,0.6,1000,0.2,1400,0.2,1
4,9,1000,1,0,500,0.6,1000,0.2,1400,0.2,1
4,10,745,1,0,500,0.6,1000,0.2,1400,0.2,2
4,11,988,2,10,5,0,300,0.5,1700,0.5,0
4,12,786,2,10,5,0,300,0.5,1700,0.5,2
4,13,515,1,0,500,0.6,1000,0.2,1400,0.2,0
4,14,730,0,0,300,0.5,1700,0.5,1
4,15,980,1,0,300,0.5,1700,0.5,1
4,16,893,1,0,300,0.5,1700,0.5,0
4,17,41,2,10,5,0,500,0.6,1000,0.2,1400,0.2,1
4,18,81,0,0,500,0.6,1000,0.2,1400,0.2,2
4,19,135,0,0,500,0.6,1000,0.2,1400,0.2,1
5,0,568,1,0,300,0.5,1700,0.5,2
5,1,639,2,10,5,0,500,0.6,1000,0.2,1400,0.2,1
5,2,797,2,10,5,0,300,0.5,1700,0.5,0
5,3,568,1,0,500,0.6,1000,0.2,1400,0.2,1
5,4,309,2,10,5,0,300,0.5,1700,0.5,2
5,5,614,0,0,500,0.6,1000,0.2,1400,0.2,0
5,6,820,0,0,500,0.6,1000,0.2,1400,0.2,1
5,7,434,1,0,300,0.5,1700,0.5,1
5,8,176,1,0,500,0.6,1000,0.2,1400,0.2,2
5,9,830,1,0,300,0.5,1700,0.5,0
5,10,571,1,0,500,0.6,1000,0.2,1400,0.2,2
5,11,954,2,10,5,0,500,0.6,1000,0.2,1400,0.2,1
5,12,598,0,0,500,0.6,1000,0.2,1400,0.2,2
5,13,525,1,0,500,0.6,1000,0.2,1400,0.2,1
5,14,303,1,0,500,0.6,1000,0.2,1400,0.2,0
5,15,350,1,0,300,0.5,1700,0.5,2
5,16,42,0,0,300,0.5,1700,0.5,0
5,17,527,2,10,5,0,500,0.6,1000,0.2,1400,0.2,2
5,18,478,2,10,5,0,500,0.6,1000,0.2,1400,0.2,2
5,19,746,0,0,300,0.5,1700,0.5,1
6,0,838,0,0,300,0.5,1700,0.5,2
6,1,895,0,0,500,0.6,1000,0.2,1400,0.2,1
6,2,457,1,0,300,0.5,1700,0.5,1
6,3,240,0,0,300,0.5,1700,0.5,0
6,4,494,2,10,5,0,300,0.5,1700,0.5,2
6,5,277,0,0,300,0.5,1700,0.5,0
6,6,145,0,0,300,0.5,1700,0.5,1
6,7,29,0,0,500,0.6,1000,0.2,1400,0.2,0
6,8,150,2,10,5,0,500,0.6,1000,0.2,1400,0.2,1
6,9,850,2,10,5,0,500,0.6,1000,0.2,1400,0.2,2
6,10,893,0,0,300,0.5,1700,0.5,0
6,11,86,0,0,500,0.6,1000,0.2,1400,0.2,0
6,12,558,0,0,300,0.5,1700,0.5,2
6,13,578,1,0,500,0.6,1000,0.2,1400,0.2,2
6,14,693,0,0,500,0.6,1000,0.2,1400,0.2,0
6,15,28,2,10,5,0,500,0.6,1000,0.2,1400,0.2,0
6,16,673,2,10,5,0,300,0.5,1700,0.5,2
6,17,37,0,0,300,0.5,1700,0.5,0
6,18,40,1,0,500,0.6,1000,0.2,1400,0.2,1
6,19,611,1,0,300,0.5,1700,0.5,0
7,0,238,0,0,500,0.6,1000,0.2,1400,0.2,1
7,1,943,0,0,300,0.5,1700,0.5,0
7,2,536,2,10,5,0,500,0.6,1000,0.2,1400,0.2,0
7,3,344,2,10,5,0,300,0.5,1700,0.5,1
7,4,713,0,0,500,0.6,1000,0.2,1400,0.2,2
7,5,359,0,0,500,0.6,1000,0.2,1400,0.2,2
7,6,681,1,0,300,0.5,1700,0.5,0
7,7,510,1,0,500,0.6,1000,0.2,1400,0.2,0
7,8,781,2,10,5,0,300,0.5,1700,0.5,0
7,9,72,0,0,300,0.5,1700,0.5,2
7,10,440,1,0,300,0.5,1700,0.5,0
7,11,945,2,10,5,0,500,0.6,1000,0.2,1400,0.2,2
7,12,719,0,0,500,0.6,1000,0.2,1400,0.2,1
7,13,302,2,10,5,0,300,0.5,1700,0.5,2
7,14,180,1,0,500,0.6,1000,0.2,1400,0.2,0
7,15,985,0,0,500,0.6,1000,0.2,1400,0.2,2
7,16,34,1,0,300,0.5,1700,0.5,0
7,17,594,1,0,500,0.6,1000,0.2,1400,0.2,2
7,18,661,1,0,500,0.6,1000,0.2,1400,0.2,0
7,19,70,1,0,500,0.6,1000,0.2,1400,0.2,2
8,0,954,0,0,500,0.6,1000,0.2,1400,0.2,0
8,1,880,1,0,500,0.6,1000,0.2,1400,0.2,0
8,2,223,2,10,5,0,300,0.5,1700,0.5,2
8,3,623,2,10,5,0,500,0.6,1000,0.2,1400,0.2,2
8,4,161,2,10,5,0,300,0.5,1700,0.5,2
8,5,142,2,10,5,0,500,0.6,1000,0.2,1400,0.2,2
8,6,263,2,10,5,0,500,0.6,1000,0.2,1400,0.2,1
8,7,16,1,0,500,0.6,1000,0.2,1400,0.2,1
8,8,446,1,0,500,0.6,1000,0.2,1400,0.2,0
8,9,873,0,0,300,0.5,1700,0.5,1
8,10,323,0,0,300,0.5,1700,0.5,1
8,11,44,1,0,300,0.5,1700,0.5,0
8,12,597,0,0,300,0.5,1700,0.5,0
8,13,762,2,10,5,0,300,0.5,1700,0.5,1
8,14,335,1,0,300,0.5,1700,0.5,2
8,15,977,0,0,500,0.6,1000,0.2,1400,0.2,2
8,16,339,1,0,500,0.6,1000,0.2,1400,0.2,0
8,17,294,0,0,300,0.5,1700,0.5,2
8,18,81,0,0,300,0.5,1700,0.5,2
8,19,477,1,0,500,0.6,1000,0.2,1400,0.2,1
9,0,670,0,0,300,0.5,1700,0.5,2
9,1,221,0,0,300,0.5,1700,0.5,1
9,2,170,1,0,300,0.5,1700,0.5,2
9,3,935,0,0,300,0.5,1700,0.5,0
9,4,831,1,0,500,0.6,1000,0.2,1400,0.2,1
9,5,583,2,10,5,0,500,0.6,1000,0.2,1400,0.2,1
9,6,781,2,10,5,0,300,0.5,1700,0.5,0
9,7,161,1,0,300,0.5,1700,0.5,0
9,8,775,1,0,300,0.5,1700,0.5,0
9,9,446,0,0,500,0.6,1000,0.2,1400,0.2,1
9,10,830,1,0,500,0.6,1000,0.2,1400,0.2,0
9,11,633,1,0,500,0.6,1000,0.2,1400,0.2,1
9,12,743,1,0,300,0.5,1700,0.5,0
9,13,874,1,0,500,0.6,1000,0.2,1400,0.2,1
9,14,290,0,0,500,0.6,1000,0.2,1400,0.2,0
9,15,57,1,0,300,0.5,1700,0.5,0
9,16,177,1,0,500,0.6,1000,0.2,1400,0.2,0
9,17,364,0,0,500,0.6,1000,0.2,1400,0.2,2
9,18,994,1,0,300,0.5,1700,0.5,2
9,19,167,2,10,5,0,300,0.5,1700,0.5,1
10,0,232,2,10,5,0,300,0.5,1700,0.5,0
10,1,513,1,0,500,0.6,1000,0.2,1400,0.2,1
10,2,606,1,0,300,0.5,1700,0.5,0
10,3,630,2,10,5,0,500,0.6,1000,0.2,1400,0.2,2
10,4,271,0,0,300,0.5,1700,0.5,1
10,5,889,2,10,5,0,500,0.6,1000,0.2,1400,0.2,0
10,6,272,1,0,300,0.5,1700,0.5,2
10,7,337,1,0,300,0.5,1700,0.5,1
10,8,827,0,0,300,0.5,1700,0.5,0
10,9,605,0,0,300,0.5,1700,0.5,1
10,10,494,1,0,500,0.6,1000,0.2,1400,0.2,1
10,11,857,2,10,5,0,500,0.6,1000,0.2,1400,0.2,1
10,12,846,1,0,300,0.5,1700,0.5,1
10,13,504,2,10,5,0,300,0.5,1700,0.5,0
10,14,593,2,10,5,0,500,0.6,1000,0.2,1400,0.2,1
10,15,961,2,10,5,0,500,0.6,1000,0.2,1400,0.2,0
10,16,885,2,10,5,0,500,0.6,1000,0.2,1400,0.2,2
10,17,19,0,0,500,0.6,1000,0.2,1400,0.2,0
10,18,37,1,0,300,0.5,1700,0.5,1
10,19,364,1,0,300,0.5,1700,0.5,2
11,0,543,0,0,500,0.6,1000,0.2,1400,0.2,0
11,1,687,1,0,500,0.6,1000,0.2,1400,0.2,0
11,2,327,0,0,500,0.6,1000,0.2,1400,0.2,2
11,3,476,2,10,5,0,300,0.5,1700,0.5,2
11,4,851,1,0,300,0.5,1700,0.5,0
11,5,929,0,0,500,0.6,1000,0.2,1400,0.2,0
11,6,936,0,0,500,0.6,1000,0.2,1400,0.2,0
11,7,218,1,0,300,0.5,1700,0.5,1
11,8,79,1,0,300,0.5,1700,0.5,2
11,9,770,2,10,5,0,500,0.6,1000,0.2,1400,0.2,2
11,10,610,0,0,300,0.5,1700,0.5,2
11,11,471,1,0,500,0.6,1000,0.2,1400,0.2,0
11,12,719,2,10,5,0,500,0.6,1000,0.2,1400,0.2,2
11,13,243,0,0,500,0.6,1000,0.2,1400,0.2,0
11,14,385,1,0,500,0.6,1000,0.2,1400,0.2,1
11,15,788,2,10,5,0,300,0.5,1700,0.5,1
11,16,479,1,0,300,0.5,1700,0.5,1
11,17,532,1,0,300,0.5,1700,0.5,1
11,18,221,2,10,5,0,500,0.6,1000,0.2,1400,0.2,2
11,19,428,1,0,500,0.6,1000,0.2,1400,0.2,0
12,0,230,2,10,5,0,300,0.5,1700,0.5,0
12,1,366,2,10,5,0,500,0.6,1000,0.2,1400,0.2,0
12,2,192,0,0,500,0.6,1000,0.2,1400,0.2,1
12,3,879,2,10,5,0,500,0.6,1000,0.2,1400,0.2,2
12,4,551,0,0,500,0.6,1000,0.2,1400,0.2,1
12,5,257,0,0,500,0.6,1000,0.2,1400,0.2,1
12,6,108,1,0,500,0.6,1000,0.2,1400,0.2,1
12,7,76,2,10,5,0,300,0.5,1700,0.5,1
12,8,105,1,0,300,0.5,1700,0.5,0
12,9,869,2,10,5,0,300,0.5,1700,0.5,0
12,10,241,0,0,500,0.6,1000,0.2,1400,0.2,1
12,11,954,1,0,500,0.6,1000,0.2,1400,0.2,1
12,12,505,1,0,300,0.5,1700,0.5,0
12,13,127,2,10,5,0,300,0.5,1700,0.5,0
12,14,187,2,10,5,0,500,0.6,1000,0.2,1400,0.2,0
12,15,454,2,10,5,0,500,0.6,1000,0.2,1400,0.2,2
12,16,48,1,0,300,0.5,1700,0.5,0
12,17,823,1,0,500,0.6,1000,0.2,1400,0.2,1
12,18,866,0,0,500,0.6,1000,0.2,1400,0.2,2
12,19,623,2,10,5,0,500,0.6,1000,0.2,1400,0.2,1
13,0,579,2,10,5,0,300,0.5,1700,0.5,1
13,1,22,0,0,300,0.5,1700,0.5,0
13,2,928,2,10,5,0,300,0.5,1700,0.5,2
13,3,578,0,0,300,0.5,1700,0.5,0
13,4,58,2,10,5,0,500,0.6,1000,0.2,1400,0.2,2
13,5,410,2,10,5,0,300,0.5,1700,0.5,0
13,6,722,0,0,300,0.5,1700,0.5,0
13,7,439,2,10,5,0,300,0.5,1700,0.5,0
13,8,10,2,10,5,0,500,0.6,1000,0.2,1400,0.2,1
13,9,754,0,0,300,0.5,1700,0.5,0
13,10,120,1,0,500,0.6,1000,0.2,1400,0.2,2
13,11,510,1,0,500,0.6,1000,0.2,1400,0.2,2
13,12,518,0,0,300,0.5,1700,0.5,2
13,13,719,2,10,5,0,500,0.6,1000,0.2,1400,0.2,2
13,14,486,2,10,5,0,300,0.5,1700,0.5,2
13,15,184,2,10,5,0,500,0.6,1000,0.2,1400,0.2,1
13,16,900,0,0,300,0.5,1700,0.5,2
13,17,497,0,0,500,0.6,1000,0.2,1400,0.2,2
13,18,622,1,0,300,0.5,1700,0.5,1
13,19,145,1,0,300,0.5,1700,0.5,2
14,0,493,0,0,300,0.5,1700,0.5,0
14,1,216,1,0,300,0.5,1700,0.5,0
14,2,215,0,0,300,0.5,1700,0.5,1
14,3,345,0,0,500,0.6,1000,0.2,1400,0.2,2
14,4,922,2,10,5,0,300,0.5,1700,0.5,2
14,5,165,2,10,5,0,300,0.5,1700,0.5,1
14,6,180,0,0,500,0.6,1000,0.2,1400,0.2,1
14,7,909,0,0,300,0.5,1700,0.5,0
14,8,609,0,0,500,0.6,1000,0.2,1400,0.2,0
14,9,714,1,0,300,0.5,1700,0.5,2
14,10,737,1,0,500,0.6,1000,0.2,1400,0.2,0
14,11,415,1,0,300,0.5,1700,0.5,1
14,12,426,1,0,300,0.5,1700,0.5,1
14,13,319,0,0,500,0.6,1000,0.2,1400,0.2,0
14,14,765,1,0,300,0.5,1700,0.5,0
14,15,243,1,0,500,0.6,1000,0.2,1400,0.2,1
14,16,313,2,10,5,0,500,0.6,1000,0.2,1400,0.2,0
14,17,224,2,10,5,0,500,0.6,1000,0.2,1400,0.2,1
14,18,152,2,10,5,0,500,0.6,1000,0.2,1400,0.2,0
14,19,249,0,0,300,0.5,1700,0.5,1
15,0,971,0,0,500,0.6,1000,0.2,1400,0.2,2
15,1,718,0,0,300,0.5,1700,0.5,1
15,2,17,1,0,500,0.6,1000,0.2,1400,0.2,0
15,3,164,0,0,300,0.5,1700,0.5,0
15,4,233,0,0,500,0.6,1000,0.2,1400,0.2,0
15,5,928,1,0,500,0.6,1000,0.2,1400,0.2,2
15,6,123,0,0,300,0.5,1700,0.5,2
15,7,498,0,0,500,0.6,1000,0.2,1400,0.2,2
15,8,720,1,0,300,0.5,1700,0.5,1
15,9,873,1,0,300,0.5,1700,0.5,1
15,10,682,1,0,300,0.5,1700,0.5,2
15,11,192,0,0,500,0.6,1000,0.2,1400,0.2,2
15,12,742,0,0,300,0.5,1700,0.5,0
15,13,979,2,10,5,0,300,0.5,1700,0.5,0
15,14,804,2,10,5,0,500,0.6,1000,0.2,1400,0.2,2
15,15,523,0,0,500,0.6,1000,0.2,1400,0.2,1
15,16,401,0,0,500,0.6,1000,0.2,1400,0.2,1
15,17,239,2,10,5,0,500,0.6,1000,0.2,1400,0.2,2
15,18,341,2,10,5,0,500,0.6,1000,0.2,1400,0.2,1
15,19,944,2,10,5,0,500,0.6,1000,0.2,1400,0.2,1
16,0,251,2,10,5,0,500,0.6,1000,0.2,1400,0.2,1
16,1,883,1,0,500,0.6,1000,0.2,1400,0.2,0
16,2,290,0,0,500,0.6,1000,0.2,1400,0.2,1
16,3,542,2,10,5,0,300,0.5,1700,0.5,2
16,4,472,1,0,500,0.6,1000,0.2,1400,0.2,2
16,5,897,2,10,5,0,500,0.6,1000,0.2,1400,0.2,1
16,6,658,1,0,300,0.5,1700,0.5,0
16,7,667,1,0,500,0.6,1000,0.2,1400,0.2,2
16,8,558,0,0,500,0.6,1000,0.2,1400,0.2,0
16,9,560,0,0,500,0.6,1000,0.2,1400,0.2,2
16,10,861,2,10,5,0,500,0.6,1000,0.2,1400,0.2,0
16,11,880,1,0,300,0.5,1700,0.5,2
16,12,438,2,10,5,0,300,0.5,1700,0.5,2
16,13,341,1,0,300,0.5,1700,0.5,0
16,14,227,2,10,5,0,300,0.5,1700,0.5,0
16,15,946,2,10,5,0,300,0.5,1700,0.5,1
16,16,708,0,0,500,0.6,1000,0.2,1400,0.2,0
16,17,777,0,0,500,0.6,1000,0.2,1400,0.2,2
16,18,139,1,0,300,0.5,1700,0.5,1
16,19,991,0,0,300,0.5,1700,0.5,2
17,0,786,0,0,300,0.5,1700,0.5,0
17,1,265,0,0,300,0.5,1700,0.5,0
17,2,371,2,10,5,0,500,0.6,1000,0.2,1400,0.2,0
17,3,742,1,0,500,0.6,1000,0.2,1400,0.2,2
17,4,260,2,10,5,0,500,0.6,1000,0.2,1400,0.2,0
17,5,748,0,0,500,0.6,1000,0.2,1400,0.2,0
17,6,280,0,0,500,0.6,1000,0.2,1400,0.2,0
17,7,376,2,10,5,0,500,0.6,1000,0.2,1400,0.2,2
17,8,925,1,0,300,0.5,1700,0.5,0
17,9,349,1,0,300,0.5,1700,0.5,2
17,10,284,0,0,500,0.6,1000,0.2,1400,0.2,2
17,11,140,2,10,5,0,300,0.5,1700,0.5,2
17,12,641,1,0,500,0.6,1000,0.2,1400,0.2,2
17,13,387,2,10,5,0,300,0.5,1700,0.5,2
17,14,962,0,0,500,0.6,1000,0.2,1400,0.2,0
17,15,140,2,10,5,0,300,0.5,1700,0.5,2
17,16,232,0,0,500,0.6,1000,0.2,1400,0.2,2
17,17,250,1,0,300,0.5,1700,0.5,2
17,18,58,0,0,300,0.5,1700,0.5,2
17,19,748,0,0,300,0.5,1700,0.5,0
18,0,782,2,10,5,0,500,0.6,1000,0.2,1400,0.2,0
18,1,286,2,10,5,0,300,0.5,1700,0.5,2
18,2,240,1,0,500,0.6,1000,0.2,1400,0.2,1
18,3,806,0,0,300,0.5,1700,0.5,1
18,4,13,1,0,300,0.5,1700,0.5,1
18,5,952,2,10,5,0,500,0.6,1000,0.2,1400,0.2,1
18,6,264,1,0,500,0.6,1000,0.2,1400,0.2,2
18,7,399,0,0,500,0.6,1000,0.2,1400,0.2,2
18,8,187,1,0,500,0.6,1000,0.2,1400,0.2,1
18,9,713,1,0,300,0.5,1700,0.5,1
18,10,872,0,0,300,0.5,1700,0.5,0
18,11,907,1,0,300,0.5,1700,0.5,0
18,12,122,1,0,300,0.5,1700,0.5,1
18,13,302,2,10,5,0,500,0.6,1000,0.2,1400,0.2,2
18,14,150,1,0,500,0.6,1000,0.2,1400,0.2,1
18,15,607,0,0,300,0.5,1700,0.5,0
18,16,600,2,10,5,0,300,0.5,1700,0.5,2
18,17,604,1,0,500,0.6,1000,0.2,1400,0.2,0
18,18,862,1,0,300,0.5,1700,0.5,0
18,19,89,2,10,5,0,300,0.5,1700,0.5,0
19,0,276,2,10,5,0,500,0.6,1000,0.2,1400,0.2,0
19,1,703,0,0,500,0.6,1000,0.2,1400,0.2,2
19,2,182,0,0,500,0.6,1000,0.2,1400,0.2,1
19,3,519,0,0,300,0.5,1700,0.5,1
19,4,335,2,10,5,0,500,0.6,1000,0.2,1400,0.2,1
19,5,340,0,0,500,0.6,1000,0.2,1400,0.2,1
19,6,912,2,10,5,0,500,0.6,1000,0.2,1400,0.2,2
19,7,238,1,0,300,0.5,1700,0.5,1
19,8,816,2,10,5,0,500,0.6,1000,0.2,1400,0.2,2
19,9,510,1,0,500,0.6,1000,0.2,1400,0.2,1
19,10,885,0,0,500,0.6,1000,0.2,1400,0.2,2
19,11,160,2,10,5,0,300,0.5,1700,0.5,0
19,12,79,1,0,300,0.5,1700,0.5,1
19,13,218,0,0,500,0.6,1000,0.2,1400,0.2,0
19,14,165,2,10,5,0,300,0.5,1700,0.5,2
19,15,732,1,0,300,0.5,1700,0.5,1
19,16,802,1,0,300,0.5,1700,0.5,1
19,17,181,2,10,5,0,300,0.5,1700,0.5,1
19,18,748,2,10,5,0,300,0.5,1700,0.5,0
19,19,83,1,0,500,0.6,1000,0.2,1400,0.2,2
