0,0,941,2,10,5,0,500,0.6,1000,0.2,1400,0.2,2
0,1,937,0,0,500,0.6,1000,0.2,1400,0.2,2
0,2,171,0,0,500,0.6,1000,0.2,1400,0.2,1
0,3,892,1,0,300,0.5,1700,0.5,0
0,4,992,1,0,500,0.6,1000,0.2,1400,0.2,1
0,5,753,2,10,5,0,300,0.5,1700,0.5,2
0,6,724,2,10,5,0,500,0.6,1000,0.2,1400,0.2,0
0,7,539,0,0,300,0.5,1700,0.5,2
0,8,398,0,0,500,0.6,1000,0.2,1400,0.2,1
0,9,246,1,0,500,0.6,1000,0.2,1400,0.2,2
0,10,621,1,0,500,0.6,1000,0.2,1400,0.2,0
0,11,870,1,0,300,0.5,1700,0.5,1
0,12,546,0,0,300,0.5,1700,0.5,0
0,13,732,0,0,300,0.5,1700,0.5,2
0,14,316,1,0,500,0.6,1000,0.2,1400,0.2,2
0,15,994,1,0,300,0.5,1700,0.5,2
0,16,475,2,10,5,0,500,0.6,1000,0.2,1400,0.2,0
0,17,264,2,10,5,0,500,0.6,1000,0.2,1400,0.2,0
0,18,305,2,10,5,0,500,0.6,1000,0.2,1400,0.2,0
0,19,707,0,0,500,0.6,1000,0.2,1400,0.2,0
1,0,325,1,0,300,0.5,1700,0.5,2
1,1,179,2,10,5,0,500,0.6,1000,0.2,1400,0.2,0
1,2,172,0,0,300,0.5,1700,0.5,0
1,3,764,2,10,5,0,500,0.6,1000,0.2,1400,0.2,0
1,4,136,2,10,5,0,500,0.6,1000,0.2,1400,0.2,1
1,5,574,1,0,500,0.6,1000,0.2,1400,0.2,1
1,6,159,1,0,500,0.6,1000,0.2,1400,0.2,2
1,7,531,0,0,300,0.5,1700,0.5,2
1,8,494,1,0,500,0.6,1000,0.2,1400,0.2,0
1,9,828,0,0,300,0.5,1700,0.5,1
1,10,328,1,0,500,0.6,1000,0.2,1400,0.2,2
1,11,833,2,10,5,0,500,0.6,1000,0.2,1400,0.2,1
1,12,857,2,10,5,0,300,0.5,1700,0.5,0
1,13,48,0,0,500,0.6,1000,0.2,1400,0.2,2
1,14,210,0,0,300,0.5,1700,0.5,2
1,15,662,1,0,300,0.5,1700,0.5,2
1,16,353,1,0,500,0.6,1000,0.2,1400,0.2,2
1,17,214,0,0,300,0.5,1700,0.5,1
1,18,337,0,0,500,0.6,1000,0.2,1400,0.2,2
1,19,523,1,0,500,0.6,1000,0.2,1400,0.2,1
2,0,949,1,0,500,0.6,1000,0.2,1400,0.2,1
2,1,803,2,10,5,0,500,0.6,1000,0.2,1400,0.2,1
2,2,117,1,0,500,0.6,1000,0.2,1400,0.2,1
2,3,401,0,0,300,0.5,1700,0.5,1
2,4,368,0,0,500,0.6,1000,0.2,1400,0.2,0
2,5,452,2,10,5,0,300,0.5,1700,0.5,0
2,6,286,1,0,500,0.6,1000,0.2,1400,0.2,2
2,7,496,0,0,300,0.5,1700,0.5,0
2,8,715,2,10,5,0,300,0.5,1700,0.5,0
2,9,953,2,10,5,0,300,0.5,1700,0.5,1
2,10,667,2,10,5,0,300,0.5,1700,0.5,1
2,11,962,2,10,5,0,500,0.6,1000,0.2,1400,0.2,2
2,12,102,2,10,5,0,300,0.5,1700,0.5,2
2,13,621,1,0,500,0.6,1000,0.2,1400,0.2,2
2,14,221,2,10,5,0,500,0.6,1000,0.2,1400,0.2,0
2,15,226,2,10,5,0,500,0.6,1000,0.2,1400,0.2,2
2,16,369,2,10,5,0,500,0.6,1000,0.2,1400,0.2,2
2,17,717,2,10,5,0,300,0.5,1700,0.5,2
2,18,232,1,0,300,0.5,1700,0.5,0
2,19,187,1,0,500,0.6,1000,0.2,1400,0.2,2
3,0,217,1,0,300,0.5,1700,0.5,2
3,1,538,1,0,300,0.5,1700,0.5,1
3,2,55,2,10,5,0,500,0.6,1000,0.2,1400,0.2,0
3,3,223,0,0,500,0.6,1000,0.2,1400,0.2,2
3,4,943,1,0,300,0.5,1700,0.5,0
3,5,727,1,0,500,0.6,1000,0.2,1400,0.2,1
3,6,931,1,0,300,0.5,1700,0.5,1
3,7,51,2,10,5,0,300,0.5,1700,0.5,1
3,8,251,0,0,300,0.5,1700,0.5,0
3,9,718,0,0,500,0.6,1000,0.2,1400,0.2,2
3,10,227,1,0,500,0.6,1000,0.2,1400,0.2,2
3,11,382,0,0,500,0.6,1000,0.2,1400,0.2,2
3,12,990,2,10,5,0,300,0.5,1700,0.5,1
3,13,127,0,0,300,0.5,1700,0.5,2
3,14,210,1,0,500,0.6,1000,0.2,1400,0.2,2
3,15,546,2,10,5,0,500,0.6,1000,0.2,1400,0.2,0
3,16,77,0,0,300,0.5,1700,0.5,0
3,17,742,0,0,500,0.6,1000,0.2,1400,0.2,1
3,18,782,1,0,300,0.5,1700,0.5,0
3,19,562,2,10,5,0,300,0.5,1700,0.5,2
4,0,824,0,0,300,0.5,1700,0.5,0
4,1,958,0,0,500,0.6,1000,0.2,1400,0.2,2
4,2,12,0,0,300,0.5,1700,0.5,0
4,3,197,0,0,300,0.5,1700,0.5,1
4,4,645,0,0,300,0.5,1700,0.5,1
4,5,457,0,0,500,0.6,1000,0.2,1400,0.2,0
4,6,355,2,10,5,0,500,0.6,1000,0.2,1400,0.2,1
4,7,861,2,10,5,0,300,0.5,1700,0.5,2
4,8,233,0,0,300,0.5,1700,0.5,2
4,9,620,1,0,300,0.5,1700,0.5,1
4,10,979,1,0,300,0.5,1700,0.5,0
4,11,467,1,0,500,0.6,1000,0.2,1400,0.2,2
4,12,294,1,0,300,0.5,1700,0.5,1
4,13,554,1,0,500,0.6,1000,0.2,1400,0.2,0
4,14,965,1,0,500,0.6,1000,0.2,1400,0.2,1
4,15,816,0,0,300,0.5,1700,0.5,0
4,16,973,1,0,500,0.6,1000,0.2,1400,0.2,2
4,17,614,1,0,500,0.6,1000,0.2,1400,0.2,0
4,18,18,0,0,300,0.5,1700,0.5,1
4,19,700,0,0,300,0.5,1700,0.5,1
5,0,493,0,0,500,0.6,1000,0.2,1400,0.2,2
5,1,349,2,10,5,0,500,0.6,1000,0.2,1400,0.2,1
5,2,963,2,10,5,0,500,0.6,1000,0.2,1400,0.2,0
5,3,551,0,0,300,0.5,1700,0.5,0
5,4,795,2,10,5,0,500,0.6,1000,0.2,1400,0.2,2
5,5,137,1,0,300,0.5,1700,0.5,0
5,6,895,0,0,300,0.5,1700,0.5,0
5,7,833,1,0,300,0.5,1700,0.5,2
5,8,709,2,10,5,0,300,0.5,1700,0.5,0
5,9,872,1,0,500,0.6,1000,0.2,1400,0.2,2
5,10,236,1,0,300,0.5,1700,0.5,2
5,11,134,2,10,5,0,500,0.6,1000,0.2,1400,0.2,2
5,12,349,1,0,300,0.5,1700,0.5,2
5,13,424,1,0,300,0.5,1700,0.5,0
5,14,376,0,0,500,0.6,1000,0.2,1400,0.2,2
5,15,469,1,0,300,0.5,1700,0.5,0
5,16,527,2,10,5,0,500,0.6,1000,0.2,1400,0.2,1
5,17,386,2,10,5,0,500,0.6,1000,0.2,1400,0.2,1
5,18,210,0,0,500,0.6,1000,0.2,1400,0.2,2
5,19,883,2,10,5,0,300,0.5,1700,0.5,0
6,0,695,0,0,300,0.5,1700,0.5,2
6,1,720,2,10,5,0,300,0.5,1700,0.5,2
6,2,601,1,0,500,0.6,1000,0.2,1400,0.2,2
6,3,759,1,0,500,0.6,1000,0.2,1400,0.2,2
6,4,556,2,10,5,0,300,0.5,1700,0.5,1
6,5,786,0,0,500,0.6,1000,0.2,1400,0.2,1
6,6,896,2,10,5,0,300,0.5,1700,0.5,2
6,7,742,2,10,5,0,500,0.6,1000,0.2,1400,0.2,1
6,8,476,0,0,500,0.6,1000,0.2,1400,0.2,1
6,9,823,2,10,5,0,500,0.6,1000,0.2,1400,0.2,1
6,10,172,0,0,500,0.6,1000,0.2,1400,0.2,1
6,11,450,0,0,300,0.5,1700,0.5,0
6,12,382,2,10,5,0,300,0.5,1700,0.5,2
6,13,35,2,10,5,0,300,0.5,1700,0.5,2
6,14,672,1,0,300,0.5,1700,0.5,2
6,15,411,2,10,5,0,500,0.6,1000,0.2,1400,0.2,0
6,16,262,1,0,300,0.5,1700,0.5,0
6,17,742,2,10,5,0,300,0.5,1700,0.5,2
6,18,954,0,0,500,0.6,1000,0.2,1400,0.2,1
6,19,618,0,0,300,0.5,1700,0.5,2
7,0,880,0,0,300,0.5,1700,0.5,0
7,1,552,0,0,500,0.6,1000,0.2,1400,0.2,0
7,2,683,1,0,500,0.6,1000,0.2,1400,0.2,1
7,3,524,2,10,5,0,500,0.6,1000,0.2,1400,0.2,0
7,4,902,1,0,300,0.5,1700,0.5,2
7,5,159,1,0,500,0.6,1000,0.2,1400,0.2,0
7,6,410,0,0,300,0.5,1700,0.5,1
7,7,476,1,0,500,0.6,1000,0.2,1400,0.2,2
7,8,259,0,0,500,0.6,1000,0.2,1400,0.2,0
7,9,100,1,0,500,0.6,1000,0.2,1400,0.2,1
7,10,398,1,0,500,0.6,1000,0.2,1400,0.2,1
7,11,789,0,0,300,0.5,1700,0.5,0
7,12,88,2,10,5,0,300,0.5,1700,0.5,1
7,13,150,0,0,300,0.5,1700,0.5,2
7,14,405,1,0,300,0.5,1700,0.5,2
7,15,624,2,10,5,0,500,0.6,1000,0.2,1400,0.2,0
7,16,596,0,0,300,0.5,1700,0.5,1
7,17,665,0,0,300,0.5,1700,0.5,2
7,18,188,0,0,500,0.6,1000,0.2,1400,0.2,0
7,19,27,2,10,5,0,500,0.6,1000,0.2,1400,0.2,0
8,0,665,0,0,500,0.6,1000,0.2,1400,0.2,2
8,1,766,1,0,300,0.5,1700,0.5,1
8,2,905,0,0,500,0.6,1000,0.2,1400,0.2,0
8,3,213,0,0,500,0.6,1000,0.2,1400,0.2,1
8,4,262,1,0,500,0.6,1000,0.2,1400,0.2,0
8,5,400,0,0,300,0.5,1700,0.5,1
8,6,830,2,10,5,0,500,0.6,1000,0.2,1400,0.2,2
8,7,826,2,10,5,0,300,0.5,1700,0.5,2
8,8,279,1,0,300,0.5,1700,0.5,2
8,9,14,0,0,300,0.5,1700,0.5,1
8,10,516,1,0,500,0.6,1000,0.2,1400,0.2,2
8,11,458,1,0,300,0.5,1700,0.5,2
8,12,849,1,0,300,0.5,1700,0.5,2
8,13,976,0,0,300,0.5,1700,0.5,1
8,14,604,0,0,500,0.6,1000,0.2,1400,0.2,0
8,15,818,1,0,500,0.6,1000,0.2,1400,0.2,2
8,16,928,0,0,500,0.6,1000,0.2,1400,0.2,0
8,17,566,2,10,5,0,500,0.6,1000,0.2,1400,0.2,0
8,18,52,2,10,5,0,300,0.5,1700,0.5,2
8,19,439,1,0,500,0.6,1000,0.2,1400,0.2,0
9,0,579,2,10,5,0,500,0.6,1000,0.2,1400,0.2,1
9,1,757,1,0,300,0.5,1700,0.5,1
9,2,692,0,0,500,0.6,1000,0.2,1400,0.2,2
9,3,438,0,0,500,0.6,1000,0.2,1400,0.2,1
9,4,143,0,0,300,0.5,1700,0.5,0
9,5,776,2,10,5,0,500,0.6,1000,0.2,1400,0.2,1
9,6,385,1,0,500,0.6,1000,0.2,1400,0.2,1
9,7,784,2,10,5,0,500,0.6,1000,0.2,1400,0.2,1
9,8,126,1,0,500,0.6,1000,0.2,1400,0.2,2
9,9,689,2,10,5,0,300,0.5,1700,0.5,1
9,10,198,0,0,500,0.6,1000,0.2,1400,0.2,0
9,11,251,2,10,5,0,300,0.5,1700,0.5,2
9,12,327,2,10,5,0,300,0.5,1700,0.5,2
9,13,277,1,0,500,0.6,1000,0.2,1400,0.2,1
9,14,224,2,10,5,0,300,0.5,1700,0.5,0
9,15,886,2,10,5,0,500,0.6,1000,0.2,1400,0.2,2
9,16,529,2,10,5,0,300,0.5,1700,0.5,0
9,17,675,1,0,300,0.5,1700,0.5,2
9,18,24,1,0,500,0.6,1000,0.2,1400,0.2,1
9,19,76,0,0,500,0.6,1000,0.2,1400,0.2,1
10,0,374,2,10,5,0,500,0.6,1000,0.2,1400,0.2,2
10,1,540,0,0,300,0.5,1700,0.5,1
10,2,633,2,10,5,0,500,0.6,1000,0.2,1400,0.2,1
10,3,965,2,10,5,0,300,0.5,1700,0.5,1
10,4,629,1,0,300,0.5,1700,0.5,0
10,5,60,2,10,5,0,500,0.6,1000,0.2,1400,0.2,0
10,6,634,1,0,300,0.5,1700,0.5,2
10,7,281,2,10,5,0,300,0.5,1700,0.5,2
10,8,836,0,0,500,0.6,1000,0.2,1400,0.2,0
10,9,139,1,0,500,0.6,1000,0.2,1400,0.2,2
10,10,915,2,10,5,0,300,0.5,1700,0.5,2
10,11,956,2,10,5,0,300,0.5,1700,0.5,0
10,12,777,2,10,5,0,300,0.5,1700,0.5,2
10,13,765,0,0,300,0.5,1700,0.5,2
10,14,290,2,10,5,0,300,0.5,1700,0.5,2
10,15,619,0,0,300,0.5,1700,0.5,1
10,16,879,1,0,500,0.6,1000,0.2,1400,0.2,1
10,17,253,0,0,300,0.5,1700,0.5,1
10,18,762,0,0,300,0.5,1700,0.5,0
10,19,587,0,0,500,0.6,1000,0.2,1400,0.2,1
11,0,773,2,10,5,0,300,0.5,1700,0.5,2
11,1,765,0,0,500,0.6,1000,0.2,1400,0.2,0
11,2,992,1,0,300,0.5,1700,0.5,0
11,3,873,2,10,5,0,300,0.5,1700,0.5,1
11,4,844,0,0,500,0.6,1000,0.2,1400,0.2,0
11,5,136,2,10,5,0,500,0.6,1000,0.2,1400,0.2,1
11,6,147,0,0,300,0.5,1700,0.5,0
11,7,750,0,0,500,0.6,1000,0.2,1400,0.2,2
11,8,750,2,10,5,0,500,0.6,1000,0.2,1400,0.2,0
11,9,34,2,10,5,0,300,0.5,1700,0.5,2
11,10,467,2,10,5,0,300,0.5,1700,0.5,0
11,11,507,0,0,300,0.5,1700,0.5,1
11,12,492,0,0,300,0.5,1700,0.5,1
11,13,89,0,0,300,0.5,1700,0.5,2
11,14,782,1,0,500,0.6,1000,0.2,1400,0.2,0
11,15,201,0,0,500,0.6,1000,0.2,1400,0.2,2
11,16,137,2,10,5,0,500,0.6,1000,0.2,1400,0.2,1
11,17,825,0,0,500,0.6,1000,0.2,1400,0.2,1
11,18,752,1,0,500,0.6,1000,0.2,1400,0.2,1
11,19,510,0,0,300,0.5,1700,0.5,2
12,0,905,2,10,5,0,300,0.5,1700,0.5,2
12,1,698,2,10,5,0,300,0.5,1700,0.5,0
12,2,569,2,10,5,0,300,0.5,1700,0.5,0
12,3,869,0,0,300,0.5,1700,0.5,0
12,4,722,2,10,5,0,500,0.6,1000,0.2,1400,0.2,0
12,5,852,2,10,5,0,300,0.5,1700,0.5,0
12,6,777,2,10,5,0,500,0.6,1000,0.2,1400,0.2,0
12,7,299,0,0,300,0.5,1700,0.5,2
12,8,333,2,10,5,0,500,0.6,1000,0.2,1400,0.2,2
12,9,984,2,10,5,0,300,0.5,1700,0.5,0
12,10,891,2,10,5,0,500,0.6,1000,0.2,1400,0.2,1
12,11,480,1,0,300,0.5,1700,0.5,2
12,12,537,1,0,300,0.5,1700,0.5,1
12,13,200,2,10,5,0,300,0.5,1700,0.5,1
12,14,505,2,10,5,0,500,0.6,1000,0.2,1400,0.2,2
12,15,712,2,10,5,0,300,0.5,1700,0.5,0
12,16,677,1,0,500,0.6,1000,0.2,1400,0.2,1
12,17,627,0,0,500,0.6,1000,0.2,1400,0.2,0
12,18,38,2,10,5,0,500,0.6,1000,0.2,1400,0.2,2
12,19,201,1,0,500,0.6,1000,0.2,1400,0.2,0
13,0,594,1,0,500,0.6,1000,0.2,1400,0.2,2
13,1,420,1,0,300,0.5,1700,0.5,1
13,2,711,1,0,300,0.5,1700,0.5,0
13,3,809,0,0,300,0.5,1700,0.5,0
13,4,771,2,10,5,0,500,0.6,1000,0.2,1400,0.2,2
13,5,962,0,0,300,0.5,1700,0.5,2
13,6,697,2,10,5,0,500,0.6,1000,0.2,1400,0.2,2
13,7,805,1,0,300,0.5,1700,0.5,2
13,8,956,1,0,500,0.6,1000,0.2,1400,0.2,0
13,9,1000,2,10,5,0,500,0.6,1000,0.2,1400,0.2,2
13,10,928,1,0,300,0.5,1700,0.5,1
13,11,631,1,0,500,0.6,1000,0.2,1400,0.2,0
13,12,491,1,0,300,0.5,1700,0.5,1
13,13,201,1,0,500,0.6,1000,0.2,1400,0.2,1
13,14,576,1,0,500,0.6,1000,0.2,1400,0.2,0
13,15,503,2,10,5,0,500,0.6,1000,0.2,1400,0.2,2
13,16,741,1,0,300,0.5,1700,0.5,1
13,17,177,1,0,300,0.5,1700,0.5,2
13,18,147,1,0,500,0.6,1000,0.2,1400,0.2,0
13,19,677,0,0,500,0.6,1000,0.2,1400,0.2,2
14,0,242,1,0,300,0.5,1700,0.5,1
14,1,758,2,10,5,0,300,0.5,1700,0.5,0
14,2,803,2,10,5,0,300,0.5,1700,0.5,1
14,3,762,2,10,5,0,300,0.5,1700,0.5,1
14,4,894,2,10,5,0,500,0.6,1000,0.2,1400,0.2,2
14,5,467,1,0,500,0.6,1000,0.2,1400,0.2,0
14,6,826,2,10,5,0,300,0.5,1700,0.5,2
14,7,50,2,10,5,0,500,0.6,1000,0.2,1400,0.2,1
14,8,592,1,0,500,0.6,1000,0.2,1400,0.2,0
14,9,552,1,0,500,0.6,1000,0.2,1400,0.2,2
14,10,346,1,0,500,0.6,1000,0.2,1400,0.2,2
14,11,751,2,10,5,0,500,0.6,1000,0.2,1400,0.2,0
14,12,963,0,0,300,0.5,1700,0.5,2
14,13,747,1,0,500,0.6,1000,0.2,1400,0.2,1
14,14,441,0,0,500,0.6,1000,0.2,1400,0.2,1
14,15,699,2,10,5,0,300,0.5,1700,0.5,1
14,16,223,2,10,5,0,500,0.6,1000,0.2,1400,0.2,2
14,17,839,0,0,300,0.5,1700,0.5,2
14,18,941,0,0,300,0.5,1700,0.5,2
14,19,17,2,10,5,0,300,0.5,1700,0.5,1
15,0,362,2,10,5,0,500,0.6,1000,0.2,1400,0.2,1
15,1,906,1,0,500,0.6,1000,0.2,1400,0.2,2
15,2,266,1,0,500,0.6,1000,0.2,1400,0.2,2
15,3,900,0,0,500,0.6,1000,0.2,1400,0.2,0
15,4,117,0,0,300,0.5,1700,0.5,0
15,5,822,2,10,5,0,300,0.5,1700,0.5,1
15,6,244,2,10,5,0,300,0.5,1700,0.5,0
15,7,753,0,0,500,0.6,1000,0.2,1400,0.2,2
15,8,508,1,0,500,0.6,1000,0.2,1400,0.2,0
15,9,121,0,0,500,0.6,1000,0.2,1400,0.2,2
15,10,193,2,10,5,0,300,0.5,1700,0.5,0
15,11,274,0,0,500,0.6,1000,0.2,1400,0.2,0
15,12,258,0,0,500,0.6,1000,0.2,1400,0.2,2
15,13,702,1,0,300,0.5,1700,0.5,0
15,14,664,1,0,500,0.6,1000,0.2,1400,0.2,2
15,15,923,2,10,5,0,300,0.5,1700,0.5,2
15,16,182,1,0,500,0.6,1000,0.2,1400,0.2,2
15,17,531,1,0,500,0.6,1000,0.2,1400,0.2,1
15,18,982,1,0,300,0.5,1700,0.5,1
15,19,316,2,10,5,0,500,0.6,1000,0.2,1400,0.2,1
16,0,354,2,10,5,0,300,0.5,1700,0.5,2
16,1,349,2,10,5,0,500,0.6,1000,0.2,1400,0.2,0
16,2,295,0,0,300,0.5,1700,0.5,2
16,3,721,0,0,300,0.5,1700,0.5,2
16,4,167,2,10,5,0,500,0.6,1000,0.2,1400,0.2,2
16,5,542,1,0,500,0.6,1000,0.2,1400,0.2,2
16,6,482,1,0,300,0.5,1700,0.5,0
16,7,194,1,0,500,0.6,1000,0.2,1400,0.2,1
16,8,693,0,0,300,0.5,1700,0.5,0
16,9,89,2,10,5,0,300,0.5,1700,0.5,0
16,10,576,0,0,300,0.5,1700,0.5,2
16,11,759,0,0,500,0.6,1000,0.2,1400,0.2,2
16,12,655,0,0,300,0.5,1700,0.5,1
16,13,92,0,0,300,0.5,1700,0.5,0
16,14,481,0,0,300,0.5,1700,0.5,0
16,15,385,2,10,5,0,500,0.6,1000,0.2,1400,0.2,0
16,16,859,2,10,5,0,500,0.6,1000,0.2,1400,0.2,2
16,17,572,2,10,5,0,500,0.6,1000,0.2,1400,0.2,2
16,18,400,1,0,300,0.5,1700,0.5,1
16,19,280,2,10,5,0,500,0.6,1000,0.2,1400,0.2,2
17,0,412,1,0,300,0.5,1700,0.5,1
17,1,166,1,0,300,0.5,1700,0.5,1
17,2,670,0,0,300,0.5,1700,0.5,0
17,3,705,1,0,300,0.5,1700,0.5,1
17,4,934,2,10,5,0,300,0.5,1700,0.5,2
17,5,567,0,0,500,0.6,1000,0.2,1400,0.2,1
17,6,701,2,10,5,0,500,0.6,1000,0.2,1400,0.2,2
17,7,966,0,0,300,0.5,1700,0.5,2
17,8,614,1,0,500,0.6,1000,0.2,1400,0.2,1
17,9,483,2,10,5,0,300,0.5,1700,0.5,1
17,10,986,1,0,300,0.5,1700,0.5,2
17,11,783,2,10,5,0,300,0.5,1700,0.5,1
17,12,725,1,0,500,0.6,1000,0.2,1400,0.2,2
17,13,118,2,10,5,0,500,0.6,1000,0.2,1400,0.2,0
17,14,656,0,0,300,0.5,1700,0.5,0
17,15,879,2,10,5,0,300,0.5,1700,0.5,0
17,16,102,2,10,5,0,300,0.5,1700,0.5,0
17,17,923,0,0,500,0.6,1000,0.2,1400,0.2,0
17,18,321,2,10,5,0,500,0.6,1000,0.2,1400,0.2,1
17,19,240,2,10,5,0,300,0.5,1700,0.5,1
18,0,726,1,0,300,0.5,1700,0.5,2
18,1,455,1,0,500,0.6,1000,0.2,1400,0.2,1
18,2,166,0,0,500,0.6,1000,0.2,1400,0.2,0
18,3,687,1,0,500,0.6,1000,0.2,1400,0.2,0
18,4,991,0,0,500,0.6,1000,0.2,1400,0.2,2
18,5,324,1,0,300,0.5,1700,0.5,0
18,6,732,1,0,500,0.6,1000,0.2,1400,0.2,1
18,7,48,2,10,5,0,300,0.5,1700,0.5,2
18,8,760,2,10,5,0,300,0.5,1700,0.5,1
18,9,102,0,0,300,0.5,1700,0.5,2
18,10,210,1,0,300,0.5,1700,0.5,2
18,11,29,1,0,500,0.6,1000,0.2,1400,0.2,0
18,12,300,1,0,300,0.5,1700,0.5,0
18,13,793,2,10,5,0,300,0.5,1700,0.5,1
18,14,145,1,0,500,0.6,1000,0.2,1400,0.2,0
18,15,926,0,0,300,0.5,1700,0.5,0
18,16,956,0,0,500,0.6,1000,0.2,1400,0.2,2
18,17,268,2,10,5,0,500,0.6,1000,0.2,1400,0.2,0
18,18,249,1,0,500,0.6,1000,0.2,1400,0.2,1
18,19,696,2,10,5,0,300,0.5,1700,0.5,1
19,0,140,2,10,5,0,300,0.5,1700,0.5,1
19,1,867,1,0,300,0.5,1700,0.5,1
19,2,225,2,10,5,0,300,0.5,1700,0.5,1
19,3,142,2,10,5,0,300,0.5,1700,0.5,0
19,4,354,1,0,500,0.6,1000,0.2,1400,0.2,1
19,5,987,0,0,500,0.6,1000,0.2,1400,0.2,2
19,6,136,2,10,5,0,500,0.6,1000,0.2,1400,0.2,2
19,7,405,1,0,500,0.6,1000,0.2,1400,0.2,1
19,8,158,2,10,5,0,300,0.5,1700,0.5,1
19,9,545,0,0,300,0.5,1700,0.5,2
19,10,398,2,10,5,0,300,0.5,1700,0.5,1
19,11,830,0,0,500,0.6,1000,0.2,1400,0.2,0
19,12,476,0,0,500,0.6,1000,0.2,1400,0.2,1
19,13,576,2,10,5,0,500,0.6,1000,0.2,1400,0.2,1
19,14,785,1,0,500,0.6,1000,0.2,1400,0.2,1
19,15,336,0,0,500,0.6,1000,0.2,1400,0.2,2
19,16,893,0,0,500,0.6,1000,0.2,1400,0.2,1
19,17,389,0,0,500,0.6,1000,0.2,1400,0.2,0
19,18,553,2,10,5,0,500,0.6,1000,0.2,1400,0.2,1
19,19,721,1,0,300,0.5,1700,0.5,1
