0,0,461,1,0,300,0.5,1700,0.5,1
0,1,131,0,0,500,0.6,1000,0.2,1400,0.2,2
0,2,542,2,10,5,0,500,0.6,1000,0.2,1400,0.2,0
0,3,149,0,0,500,0.6,1000,0.2,1400,0.2,0
0,4,891,2,10,5,0,500,0.6,1000,0.2,1400,0.2,0
0,5,574,0,0,500,0.6,1000,0.2,1400,0.2,2
0,6,330,2,10,5,0,300,0.5,1700,0.5,1
0,7,567,0,0,300,0.5,1700,0.5,1
0,8,45,0,0,300,0.5,1700,0.5,0
0,9,923,2,10,5,0,500,0.6,1000,0.2,1400,0.2,1
0,10,397,0,0,500,0.6,1000,0.2,1400,0.2,2
0,11,547,2,10,5,0,500,0.6,1000,0.2,1400,0.2,2
0,12,605,2,10,5,0,500,0.6,1000,0.2,1400,0.2,1
0,13,561,0,0,500,0.6,1000,0.2,1400,0.2,2
0,14,661,2,10,5,0,300,0.5,1700,0.5,1
0,15,485,2,10,5,0,500,0.6,1000,0.2,1400,0.2,0
0,16,624,1,0,300,0.5,1700,0.5,1
0,17,894,0,0,300,0.5,1700,0.5,2
0,18,204,1,0,300,0.5,1700,0.5,0
0,19,434,0,0,300,0.5,1700,0.5,0
1,0,472,2,10,5,0,500,0.6,1000,0.2,1400,0.2,0
1,1,506,1,0,300,0.5,1700,0.5,2
1,2,108,0,0,300,0.5,1700,0.5,2
1,3,598,2,10,5,0,500,0.6,1000,0.2,1400,0.2,0
1,4,245,2,10,5,0,300,0.5,1700,0.5,1
1,5,796,1,0,500,0.6,1000,0.2,1400,0.2,1
1,6,767,0,0,500,0.6,1000,0.2,1400,0.2,2
1,7,702,1,0,300,0.5,1700,0.5,2
1,8,39,2,10,5,0,300,0.5,1700,0.5,0
1,9,291,1,0,500,0.6,1000,0.2,1400,0.2,1
1,10,270,1,0,300,0.5,1700,0.5,1
1,11,79,2,10,5,0,300,0.5,1700,0.5,1
1,12,883,2,10,5,0,500,0.6,1000,0.2,1400,0.2,0
1,13,374,1,0,300,0.5,1700,0.5,1
1,14,128,0,0,500,0.6,1000,0.2,1400,0.2,1
1,15,365,1,0,300,0.5,1700,0.5,2
1,16,575,0,0,300,0.5,1700,0.5,0
1,17,738,1,0,500,0.6,1000,0.2,1400,0.2,1
1,18,677,2,10,5,0,300,0.5,1700,0.5,0
1,19,585,1,0,300,0.5,1700,0.5,2
2,0,346,1,0,300,0.5,1700,0.5,0
2,1,770,2,10,5,0,300,0.5,1700,0.5,0
2,2,123,2,10,5,0,300,0.5,1700,0.5,0
2,3,540,0,0,500,0.6,1000,0.2,1400,0.2,0
2,4,558,2,10,5,0,300,0.5,1700,0.5,0
2,5,447,0,0,300,0.5,1700,0.5,0
2,6,245,1,0,300,0.5,1700,0.5,1
2,7,368,1,0,300,0.5,1700,0.5,2
2,8,535,0,0,500,0.6,1000,0.2,1400,0.2,0
2,9,246,1,0,300,0.5,1700,0.5,2
2,10,609,1,0,300,0.5,1700,0.5,2
2,11,483,1,0,500,0.6,1000,0.2,1400,0.2,0
2,12,432,2,10,5,0,300,0.5,1700,0.5,1
2,13,551,1,0,500,0.6,1000,0.2,1400,0.2,2
2,14,353,2,10,5,0,500,0.6,1000,0.2,1400,0.2,1
2,15,258,1,0,300,0.5,1700,0.5,0
2,16,79,1,0,500,0.6,1000,0.2,1400,0.2,0
2,17,420,1,0,500,0.6,1000,0.2,1400,0.2,0
2,18,137,1,0,300,0.5,1700,0.5,1
2,19,255,2,10,5,0,500,0.6,1000,0.2,1400,0.2,1
3,0,763,0,0,300,0.5,1700,0.5,1
3,1,569,0,0,300,0.5,1700,0.5,2
3,2,275,2,10,5,0,300,0.5,1700,0.5,2
3,3,394,0,0,500,0.6,1000,0.2,1400,0.2,0
3,4,635,1,0,300,0.5,1700,0.5,1
3,5,66,1,0,300,0.5,1700,0.5,1
3,6,794,0,0,300,0.5,1700,0.5,2
3,7,803,1,0,300,0.5,1700,0.5,0
3,8,76,1,0,300,0.5,1700,0.5,2
3,9,816,0,0,500,0.6,1000,0.2,1400,0.2,1
3,10,125,2,10,5,0,500,0.6,1000,0.2,1400,0.2,2
3,11,639,2,10,5,0,300,0.5,1700,0.5,1
3,12,358,2,10,5,0,500,0.6,1000,0.2,1400,0.2,2
3,13,664,0,0,300,0.5,1700,0.5,1
3,14,62,2,10,5,0,300,0.5,1700,0.5,0
3,15,321,1,0,500,0.6,1000,0.2,1400,0.2,0
3,16,634,2,10,5,0,500,0.6,1000,0.2,1400,0.2,1
3,17,940,0,0,300,0.5,1700,0.5,0
3,18,914,1,0,300,0.5,1700,0.5,2
3,19,612,1,0,300,0.5,1700,0.5,0
4,0,343,2,10,5,0,300,0.5,1700,0.5,1
4,1,619,2,10,5,0,500,0.6,1000,0.2,1400,0.2,0
4,2,999,2,10,5,0,500,0.6,1000,0.2,1400,0.2,2
4,3,504,1,0,300,0.5,1700,0.5,2
4,4,368,1,0,500,0.6,1000,0.2,1400,0.2,1
4,5,327,2,10,5,0,500,0.6,1000,0.2,1400,0.2,2
4,6,164,0,0,300,0.5,1700,0.5,2
4,7,141,1,0,300,0.5,1700,0.5,2
4,8,336,0,0,500,0.6,1000,0.2,1400,0.2,2
4,9,625,1,0,500,0.6,1000,0.2,1400,0.2,2
4,10,491,2,10,5,0,500,0.6,1000,0.2,1400,0.2,1
4,11,156,2,10,5,0,300,0.5,1700,0.5,2
4,12,325,2,10,5,0,500,0.6,1000,0.2,1400,0.2,0
4,13,882,1,0,500,0.6,1000,0.2,1400,0.2,2
4,14,234,2,10,5,0,300,0.5,1700,0.5,0
4,15,667,1,0,300,0.5,1700,0.5,0
4,16,806,0,0,500,0.6,1000,0.2,1400,0.2,1
4,17,115,0,0,500,0.6,1000,0.2,1400,0.2,0
4,18,664,2,10,5,0,500,0.6,1000,0.2,1400,0.2,1
4,19,648,0,0,500,0.6,1000,0.2,1400,0.2,0
5,0,716,0,0,500,0.6,1000,0.2,1400,0.2,0
5,1,159,1,0,300,0.5,1700,0.5,1
5,2,130,0,0,300,0.5,1700,0.5,2
5,3,16,0,0,500,0.6,1000,0.2,1400,0.2,2
5,4,367,0,0,300,0.5,1700,0.5,2
5,5,658,1,0,500,0.6,1000,0.2,1400,0.2,0
5,6,668,2,10,5,0,500,0.6,1000,0.2,1400,0.2,0
5,7,268,0,0,300,0.5,1700,0.5,1
5,8,264,2,10,5,0,500,0.6,1000,0.2,1400,0.2,1
5,9,868,0,0,300,0.5,1700,0.5,0
5,10,24,2,10,5,0,300,0.5,1700,0.5,1
5,11,140,1,0,500,0.6,1000,0.2,1400,0.2,2
5,12,446,0,0,500,0.6,1000,0.2,1400,0.2,0
5,13,945,1,0,500,0.6,1000,0.2,1400,0.2,0
5,14,431,1,0,300,0.5,1700,0.5,1
5,15,16,0,0,300,0.5,1700,0.5,1
5,16,408,1,0,300,0.5,1700,0.5,1
5,17,922,1,0,300,0.5,1700,0.5,1
5,18,503,2,10,5,0,500,0.6,1000,0.2,1400,0.2,1
5,19,248,2,10,5,0,300,0.5,1700,0.5,1
6,0,770,0,0,500,0.6,1000,0.2,1400,0.2,0
6,1,369,1,0,500,0.6,1000,0.2,1400,0.2,1
6,2,885,0,0,300,0.5,1700,0.5,0
6,3,505,2,10,5,0,300,0.5,1700,0.5,0
6,4,380,0,0,500,0.6,1000,0.2,1400,0.2,1
6,5,411,2,10,5,0,500,0.6,1000,0.2,1400,0.2,0
6,6,25,2,10,5,0,500,0.6,1000,0.2,1400,0.2,0
6,7,83,0,0,500,0.6,1000,0.2,1400,0.2,2
6,8,982,0,0,500,0.6,1000,0.2,1400,0.2,0
6,9,330,1,0,500,0.6,1000,0.2,1400,0.2,2
6,10,235,1,0,300,0.5,1700,0.5,2
6,11,794,1,0,500,0.6,1000,0.2,1400,0.2,2
6,12,790,2,10,5,0,300,0.5,1700,0.5,0
6,13,815,0,0,300,0.5,1700,0.5,0
6,14,264,0,0,500,0.6,1000,0.2,1400,0.2,0
6,15,438,0,0,300,0.5,1700,0.5,0
6,16,985,2,10,5,0,300,0.5,1700,0.5,1
6,17,558,2,10,5,0,300,0.5,1700,0.5,2
6,18,278,1,0,500,0.6,1000,0.2,1400,0.2,2
6,19,780,1,0,500,0.6,1000,0.2,1400,0.2,0
7,0,863,2,10,5,0,300,0.5,1700,0.5,2
7,1,893,2,10,5,0,500,0.6,1000,0.2,1400,0.2,0
7,2,376,0,0,500,0.6,1000,0.2,1400,0.2,1
7,3,429,1,0,500,0.6,1000,0.2,1400,0.2,1
7,4,820,0,0,500,0.6,1000,0.2,1400,0.2,0
7,5,524,2,10,5,0,500,0.6,1000,0.2,1400,0.2,0
7,6,283,2,10,5,0,500,0.6,1000,0.2,1400,0.2,1
7,7,328,1,0,300,0.5,1700,0.5,1
7,8,134,2,10,5,0,500,0.6,1000,0.2,1400,0.2,1
7,9,655,0,0,500,0.6,1000,0.2,1400,0.2,1
7,10,513,1,0,500,0.6,1000,0.2,1400,0.2,1
7,11,714,2,10,5,0,300,0.5,1700,0.5,2
7,12,467,2,10,5,0,500,0.6,1000,0.2,1400,0.2,2
7,13,656,0,0,500,0.6,1000,0.2,1400,0.2,1
7,14,524,1,0,300,0.5,1700,0.5,2
7,15,247,2,10,5,0,500,0.6,1000,0.2,1400,0.2,2
7,16,628,2,10,5,0,500,0.6,1000,0.2,1400,0.2,0
7,17,236,2,10,5,0,300,0.5,1700,0.5,1
7,18,108,1,0,500,0.6,1000,0.2,1400,0.2,0
7,19,263,0,0,300,0.5,1700,0.5,0
8,0,524,1,0,300,0.5,1700,0.5,0
8,1,594,1,0,500,0.6,1000,0.2,1400,0.2,0
8,2,510,2,10,5,0,500,0.6,1000,0.2,1400,0.2,2
8,3,337,2,10,5,0,300,0.5,1700,0.5,1
8,4,109,1,0,500,0.6,1000,0.2,1400,0.2,0
8,5,10,2,10,5,0,500,0.6,1000,0.2,1400,0.2,2
8,6,499,1,0,500,0.6,1000,0.2,1400,0.2,0
8,7,722,2,10,5,0,500,0.6,1000,0.2,1400,0.2,1
8,8,912,1,0,300,0.5,1700,0.5,0
8,9,816,0,0,300,0.5,1700,0.5,0
8,10,927,1,0,500,0.6,1000,0.2,1400,0.2,2
8,11,51,1,0,300,0.5,1700,0.5,0
8,12,893,0,0,300,0.5,1700,0.5,0
8,13,199,0,0,300,0.5,1700,0.5,0
8,14,960,2,10,5,0,500,0.6,1000,0.2,1400,0.2,0
8,15,640,1,0,500,0.6,1000,0.2,1400,0.2,2
8,16,612,1,0,300,0.5,1700,0.5,0
8,17,823,0,0,500,0.6,1000,0.2,1400,0.2,2
8,18,385,1,0,300,0.5,1700,0.5,1
8,19,278,2,10,5,0,500,0.6,1000,0.2,1400,0.2,2
9,0,955,0,0,300,0.5,1700,0.5,2
9,1,886,2,10,5,0,300,0.5,1700,0.5,0
9,2,284,1,0,500,0.6,1000,0.2,1400,0.2,0
9,3,261,1,0,300,0.5,1700,0.5,1
9,4,14,2,10,5,0,500,0.6,1000,0.2,1400,0.2,1
9,5,717,2,10,5,0,300,0.5,1700,0.5,1
9,6,444,0,0,500,0.6,1000,0.2,1400,0.2,0
9,7,287,1,0,500,0.6,1000,0.2,1400,0.2,2
9,8,793,2,10,5,0,500,0.6,1000,0.2,1400,0.2,1
9,9,832,2,10,5,0,300,0.5,1700,0.5,0
9,10,253,1,0,500,0.6,1000,0.2,1400,0.2,0
9,11,90,1,0,300,0.5,1700,0.5,1
9,12,697,1,0,500,0.6,1000,0.2,1400,0.2,2
9,13,34,0,0,300,0.5,1700,0.5,0
9,14,991,1,0,500,0.6,1000,0.2,1400,0.2,2
9,15,391,1,0,500,0.6,1000,0.2,1400,0.2,1
9,16,103,1,0,300,0.5,1700,0.5,2
9,17,710,0,0,300,0.5,1700,0.5,0
9,18,158,2,10,5,0,300,0.5,1700,0.5,2
9,19,417,0,0,300,0.5,1700,0.5,1
10,0,521,0,0,300,0.5,1700,0.5,1
10,1,419,0,0,300,0.5,1700,0.5,1
10,2,449,0,0,500,0.6,1000,0.2,1400,0.2,0
10,3,806,1,0,500,0.6,1000,0.2,1400,0.2,0
10,4,888,0,0,500,0.6,1000,0.2,1400,0.2,1
10,5,649,2,10,5,0,500,0.6,1000,0.2,1400,0.2,1
10,6,367,2,10,5,0,500,0.6,1000,0.2,1400,0.2,1
10,7,256,2,10,5,0,500,0.6,1000,0.2,1400,0.2,0
10,8,74,1,0,500,0.6,1000,0.2,1400,0.2,0
10,9,310,2,10,5,0,300,0.5,1700,0.5,2
10,10,12,1,0,500,0.6,1000,0.2,1400,0.2,1
10,11,114,2,10,5,0,300,0.5,1700,0.5,1
10,12,661,0,0,500,0.6,1000,0.2,1400,0.2,2
10,13,500,0,0,500,0.6,1000,0.2,1400,0.2,2
10,14,360,1,0,500,0.6,1000,0.2,1400,0.2,1
10,15,84,1,0,300,0.5,1700,0.5,0
10,16,616,1,0,300,0.5,1700,0.5,1
10,17,467,1,0,300,0.5,1700,0.5,0
10,18,356,2,10,5,0,300,0.5,1700,0.5,0
10,19,994,0,0,500,0.6,1000,0.2,1400,0.2,1
11,0,778,1,0,300,0.5,1700,0.5,1
11,1,413,2,10,5,0,300,0.5,1700,0.5,2
11,2,208,0,0,500,0.6,1000,0.2,1400,0.2,0
11,3,579,2,10,5,0,500,0.6,1000,0.2,1400,0.2,0
11,4,388,0,0,500,0.6,1000,0.2,1400,0.2,1
11,5,739,2,10,5,0,300,0.5,1700,0.5,1
11,6,513,1,0,500,0.6,1000,0.2,1400,0.2,2
11,7,434,0,0,300,0.5,1700,0.5,2
11,8,794,0,0,500,0.6,1000,0.2,1400,0.2,0
11,9,503,1,0,300,0.5,1700,0.5,1
11,10,533,2,10,5,0,300,0.5,1700,0.5,1
11,11,397,1,0,300,0.5,1700,0.5,2
11,12,531,2,10,5,0,300,0.5,1700,0.5,2
11,13,670,1,0,300,0.5,1700,0.5,1
11,14,30,2,10,5,0,500,0.6,1000,0.2,1400,0.2,1
11,15,298,0,0,300,0.5,1700,0.5,2
11,16,186,2,10,5,0,500,0.6,1000,0.2,1400,0.2,1
11,17,568,2,10,5,0,500,0.6,1000,0.2,1400,0.2,1
11,18,953,1,0,300,0.5,1700,0.5,2
11,19,642,2,10,5,0,500,0.6,1000,0.2,1400,0.2,1
12,0,371,1,0,500,0.6,1000,0.2,1400,0.2,2
12,1,112,0,0,300,0.5,1700,0.5,2
12,2,748,0,0,300,0.5,1700,0.5,2
12,3,311,1,0,500,0.6,1000,0.2,1400,0.2,1
12,4,944,1,0,500,0.6,1000,0.2,1400,0.2,2
12,5,127,1,0,300,0.5,1700,0.5,2
12,6,168,0,0,500,0.6,1000,0.2,1400,0.2,0
12,7,885,1,0,500,0.6,1000,0.2,1400,0.2,0
12,8,767,1,0,300,0.5,1700,0.5,0
12,9,68,2,10,5,0,500,0.6,1000,0.2,1400,0.2,0
12,10,338,1,0,500,0.6,1000,0.2,1400,0.2,2
12,11,314,2,10,5,0,500,0.6,1000,0.2,1400,0.2,2
12,12,719,2,10,5,0,500,0.6,1000,0.2,1400,0.2,0
12,13,739,1,0,500,0.6,1000,0.2,1400,0.2,2
12,14,927,1,0,500,0.6,1000,0.2,1400,0.2,1
12,15,380,2,10,5,0,500,0.6,1000,0.2,1400,0.2,0
12,16,972,0,0,500,0.6,1000,0.2,1400,0.2,1
12,17,513,0,0,500,0.6,1000,0.2,1400,0.2,2
12,18,818,2,10,5,0,500,0.6,1000,0.2,1400,0.2,2
12,19,624,2,10,5,0,300,0.5,1700,0.5,1
13,0,591,2,10,5,0,500,0.6,1000,0.2,1400,0.2,1
13,1,439,2,10,5,0,500,0.6,1000,0.2,1400,0.2,0
13,2,224,2,10,5,0,500,0.6,1000,0.2,1400,0.2,1
13,3,260,1,0,500,0.6,1000,0.2,1400,0.2,0
13,4,519,2,10,5,0,300,0.5,1700,0.5,2
13,5,857,1,0,300,0.5,1700,0.5,1
13,6,638,2,10,5,0,300,0.5,1700,0.5,0
13,7,746,1,0,500,0.6,1000,0.2,1400,0.2,1
13,8,462,1,0,500,0.6,1000,0.2,1400,0.2,0
13,9,206,0,0,500,0.6,1000,0.2,1400,0.2,1
13,10,707,0,0,300,0.5,1700,0.5,2
13,11,370,2,10,5,0,500,0.6,1000,0.2,1400,0.2,2
13,12,523,0,0,300,0.5,1700,0.5,2
13,13,755,0,0,500,0.6,1000,0.2,1400,0.2,1
13,14,947,1,0,300,0.5,1700,0.5,1
13,15,314,2,10,5,0,500,0.6,1000,0.2,1400,0.2,1
13,16,773,0,0,300,0.5,1700,0.5,0
13,17,70,1,0,300,0.5,1700,0.5,0
13,18,821,1,0,300,0.5,1700,0.5,1
13,19,335,1,0,500,0.6,1000,0.2,1400,0.2,1
14,0,455,2,10,5,0,300,0.5,1700,0.5,2
14,1,836,0,0,300,0.5,1700,0.5,2
14,2,559,2,10,5,0,300,0.5,1700,0.5,0
14,3,769,1,0,500,0.6,1000,0.2,1400,0.2,1
14,4,849,0,0,500,0.6,1000,0.2,1400,0.2,0
14,5,233,1,0,500,0.6,1000,0.2,1400,0.2,0
14,6,515,0,0,300,0.5,1700,0.5,0
14,7,615,0,0,300,0.5,1700,0.5,1
14,8,996,0,0,500,0.6,1000,0.2,1400,0.2,2
14,9,771,0,0,300,0.5,1700,0.5,0
14,10,453,1,0,500,0.6,1000,0.2,1400,0.2,2
14,11,763,1,0,500,0.6,1000,0.2,1400,0.2,1
14,12,198,0,0,500,0.6,1000,0.2,1400,0.2,0
14,13,554,0,0,500,0.6,1000,0.2,1400,0.2,2
14,14,535,1,0,500,0.6,1000,0.2,1400,0.2,1
14,15,875,0,0,300,0.5,1700,0.5,1
14,16,452,0,0,500,0.6,1000,0.2,1400,0.2,2
14,17,150,0,0,300,0.5,1700,0.5,1
14,18,949,2,10,5,0,500,0.6,1000,0.2,1400,0.2,1
14,19,941,2,10,5,0,300,0.5,1700,0.5,2
15,0,369,1,0,500,0.6,1000,0.2,1400,0.2,1
15,1,703,0,0,300,0.5,1700,0.5,1
15,2,20,2,10,5,0,300,0.5,1700,0.5,0
15,3,662,1,0,300,0.5,1700,0.5,2
15,4,522,2,10,5,0,300,0.5,1700,0.5,2
15,5,313,1,0,500,0.6,1000,0.2,1400,0.2,1
15,6,835,1,0,300,0.5,1700,0.5,2
15,7,704,1,0,300,0.5,1700,0.5,2
15,8,466,0,0,300,0.5,1700,0.5,2
15,9,408,2,10,5,0,300,0.5,1700,0.5,0
15,10,848,1,0,500,0.6,1000,0.2,1400,0.2,0
15,11,484,2,10,5,0,300,0.5,1700,0.5,1
15,12,969,1,0,500,0.6,1000,0.2,1400,0.2,0
15,13,748,1,0,500,0.6,1000,0.2,1400,0.2,2
15,14,422,0,0,300,0.5,1700,0.5,1
15,15,826,1,0,500,0.6,1000,0.2,1400,0.2,1
15,16,741,0,0,500,0.6,1000,0.2,1400,0.2,2
15,17,901,2,10,5,0,300,0.5,1700,0.5,1
15,18,834,0,0,500,0.6,1000,0.2,1400,0.2,0
15,19,787,0,0,500,0.6,1000,0.2,1400,0.2,1
16,0,213,0,0,300,0.5,1700,0.5,1
16,1,219,1,0,500,0.6,1000,0.2,1400,0.2,0
16,2,948,2,10,5,0,500,0.6,1000,0.2,1400,0.2,2
16,3,815,1,0,500,0.6,1000,0.2,1400,0.2,0
16,4,633,1,0,500,0.6,1000,0.2,1400,0.2,1
16,5,624,2,10,5,0,300,0.5,1700,0.5,0
16,6,129,1,0,300,0.5,1700,0.5,2
16,7,804,2,10,5,0,500,0.6,1000,0.2,1400,0.2,2
16,8,831,2,10,5,0,300,0.5,1700,0.5,0
16,9,353,2,10,5,0,300,0.5,1700,0.5,1
16,10,47,1,0,500,0.6,1000,0.2,1400,0.2,0
16,11,347,1,0,500,0.6,1000,0.2,1400,0.2,2
16,12,764,2,10,5,0,300,0.5,1700,0.5,0
16,13,627,2,10,5,0,500,0.6,1000,0.2,1400,0.2,0
16,14,355,2,10,5,0,300,0.5,1700,0.5,0
16,15,272,2,10,5,0,500,0.6,1000,0.2,1400,0.2,1
16,16,264,2,10,5,0,300,0.5,1700,0.5,1
16,17,354,1,0,300,0.5,1700,0.5,1
16,18,358,1,0,500,0.6,1000,0.2,1400,0.2,1
16,19,119,1,0,300,0.5,1700,0.5,2
17,0,109,0,0,300,0.5,1700,0.5,2
17,1,612,0,0,500,0.6,1000,0.2,1400,0.2,2
17,2,773,0,0,500,0.6,1000,0.2,1400,0.2,0
17,3,987,0,0,500,0.6,1000,0.2,1400,0.2,0
17,4,51,1,0,300,0.5,1700,0.5,1
17,5,941,2,10,5,0,500,0.6,1000,0.2,1400,0.2,1
17,6,846,0,0,500,0.6,1000,0.2,1400,0.2,2
17,7,21,1,0,500,0.6,1000,0.2,1400,0.2,2
17,8,489,1,0,300,0.5,1700,0.5,0
17,9,628,1,0,300,0.5,1700,0.5,1
17,10,732,0,0,500,0.6,1000,0.2,1400,0.2,0
17,11,807,2,10,5,0,300,0.5,1700,0.5,1
17,12,132,1,0,500,0.6,1000,0.2,1400,0.2,0
17,13,866,2,10,5,0,500,0.6,1000,0.2,1400,0.2,1
17,14,112,2,10,5,0,500,0.6,1000,0.2,1400,0.2,0
17,15,328,0,0,500,0.6,1000,0.2,1400,0.2,2
17,16,100,0,0,500,0.6,1000,0.2,1400,0.2,2
17,17,193,0,0,300,0.5,1700,0.5,0
17,18,890,1,0,500,0.6,1000,0.2,1400,0.2,1
17,19,399,1,0,300,0.5,1700,0.5,1
18,0,80,1,0,300,0.5,1700,0.5,2
18,1,107,0,0,300,0.5,1700,0.5,1
18,2,69,1,0,500,0.6,1000,0.2,1400,0.2,1
18,3,678,1,0,500,0.6,1000,0.2,1400,0.2,0
18,4,364,1,0,500,0.6,1000,0.2,1400,0.2,2
18,5,806,2,10,5,0,300,0.5,1700,0.5,2
18,6,315,0,0,500,0.6,1000,0.2,1400,0.2,2
18,7,661,0,0,500,0.6,1000,0.2,1400,0.2,2
18,8,132,0,0,300,0.5,1700,0.5,0
18,9,18,1,0,300,0.5,1700,0.5,2
18,10,76,1,0,300,0.5,1700,0.5,0
18,11,247,2,10,5,0,300,0.5,1700,0.5,2
18,12,675,2,10,5,0,500,0.6,1000,0.2,1400,0.2,1
18,13,722,0,0,300,0.5,1700,0.5,1
18,14,766,1,0,300,0.5,1700,0.5,2
18,15,213,1,0,500,0.6,1000,0.2,1400,0.2,2
18,16,402,2,10,5,0,500,0.6,1000,0.2,1400,0.2,2
18,17,417,0,0,300,0.5,1700,0.5,0
18,18,520,1,0,500,0.6,1000,0.2,1400,0.2,0
18,19,276,1,0,300,0.5,1700,0.5,1
19,0,390,1,0,500,0.6,1000,0.2,1400,0.2,1
19,1,557,0,0,500,0.6,1000,0.2,1400,0.2,0
19,2,955,0,0,500,0.6,1000,0.2,1400,0.2,1
19,3,978,2,10,5,0,300,0.5,1700,0.5,2
19,4,949,0,0,500,0.6,1000,0.2,1400,0.2,0
19,5,226,1,0,300,0.5,1700,0.5,2
19,6,777,0,0,300,0.5,1700,0.5,1
19,7,655,1,0,300,0.5,1700,0.5,1
19,8,905,1,0,300,0.5,1700,0.5,0
19,9,332,1,0,500,0.6,1000,0.2,1400,0.2,1
19,10,185,1,0,300,0.5,1700,0.5,0
19,11,485,0,0,500,0.6,1000,0.2,1400,0.2,1
19,12,209,1,0,300,0.5,1700,0.5,2
19,13,497,1,0,500,0.6,1000,0.2,1400,0.2,0
19,14,795,2,10,5,0,300,0.5,1700,0.5,2
19,15,262,1,0,500,0.6,1000,0.2,1400,0.2,1
19,16,670,0,0,500,0.6,1000,0.2,1400,0.2,1
19,17,513,2,10,5,0,500,0.6,1000,0.2,1400,0.2,0
19,18,184,2,10,5,0,300,0.5,1700,0.5,0
19,19,485,0,0,300,0.5,1700,0.5,0
