0,0,594,1,0,500,0.6,1000,0.2,1400,0.2,1
0,1,964,2,10,5,0,500,0.6,1000,0.2,1400,0.2,0
0,2,254,2,10,5,0,300,0.5,1700,0.5,1
0,3,501,2,10,5,0,300,0.5,1700,0.5,1
0,4,1000,0,0,300,0.5,1700,0.5,2
0,5,494,1,0,300,0.5,1700,0.5,0
0,6,292,0,0,300,0.5,1700,0.5,0
0,7,343,1,0,300,0.5,1700,0.5,1
0,8,220,0,0,500,0.6,1000,0.2,1400,0.2,2
0,9,168,1,0,300,0.5,1700,0.5,0
0,10,463,1,0,500,0.6,1000,0.2,1400,0.2,2
0,11,223,2,10,5,0,500,0.6,1000,0.2,1400,0.2,2
0,12,419,0,0,500,0.6,1000,0.2,1400,0.2,2
0,13,784,2,10,5,0,500,0.6,1000,0.2,1400,0.2,1
0,14,824,2,10,5,0,300,0.5,1700,0.5,2
0,15,593,2,10,5,0,500,0.6,1000,0.2,1400,0.2,2
0,16,460,2,10,5,0,500,0.6,1000,0.2,1400,0.2,2
0,17,589,0,0,500,0.6,1000,0.2,1400,0.2,2
0,18,310,0,0,300,0.5,1700,0.5,0
0,19,978,2,10,5,0,300,0.5,1700,0.5,2
1,0,830,0,0,300,0.5,1700,0.5,1
1,1,527,1,0,300,0.5,1700,0.5,2
1,2,157,2,10,5,0,500,0.6,1000,0.2,1400,0.2,2
1,3,41,1,0,500,0.6,1000,0.2,1400,0.2,0
1,4,839,2,10,5,0,300,0.5,1700,0.5,2
1,5,281,1,0,500,0.6,1000,0.2,1400,0.2,0
1,6,429,2,10,5,0,500,0.6,1000,0.2,1400,0.2,0
1,7,733,2,10,5,0,300,0.5,1700,0.5,0
1,8,64,0,0,300,0.5,1700,0.5,2
1,9,540,1,0,300,0.5,1700,0.5,2
1,10,928,1,0,500,0.6,1000,0.2,1400,0.2,0
1,11,256,0,0,500,0.6,1000,0.2,1400,0.2,0
1,12,256,2,10,5,0,300,0.5,1700,0.5,0
1,13,759,1,0,500,0.6,1000,0.2,1400,0.2,1
1,14,696,2,10,5,0,500,0.6,1000,0.2,1400,0.2,1
1,15,524,1,0,500,0.6,1000,0.2,1400,0.2,2
1,16,683,2,10,5,0,300,0.5,1700,0.5,0
1,17,934,1,0,300,0.5,1700,0.5,1
1,18,614,1,0,300,0.5,1700,0.5,1
1,19,883,1,0,500,0.6,1000,0.2,1400,0.2,2
2,0,847,2,10,5,0,300,0.5,1700,0.5,2
2,1,42,0,0,500,0.6,1000,0.2,1400,0.2,2
2,2,745,2,10,5,0,300,0.5,1700,0.5,1
2,3,199,2,10,5,0,300,0.5,1700,0.5,0
2,4,695,2,10,5,0,500,0.6,1000,0.2,1400,0.2,1
2,5,188,0,0,300,0.5,1700,0.5,0
2,6,589,1,0,500,0.6,1000,0.2,1400,0.2,0
2,7,135,1,0,300,0.5,1700,0.5,2
2,8,459,1,0,300,0.5,1700,0.5,0
2,9,534,2,10,5,0,300,0.5,1700,0.5,1
2,10,653,0,0,300,0.5,1700,0.5,2
2,11,738,2,10,5,0,300,0.5,1700,0.5,1
2,12,181,0,0,300,0.5,1700,0.5,1
2,13,231,0,0,500,0.6,1000,0.2,1400,0.2,1
2,14,535,0,0,300,0.5,1700,0.5,1
2,15,580,2,10,5,0,300,0.5,1700,0.5,1
2,16,330,1,0,500,0.6,1000,0.2,1400,0.2,2
2,17,67,1,0,300,0.5,1700,0.5,0
2,18,531,1,0,300,0.5,1700,0.5,2
2,19,488,2,10,5,0,300,0.5,1700,0.5,1
3,0,529,2,10,5,0,300,0.5,1700,0.5,0
3,1,245,1,0,500,0.6,1000,0.2,1400,0.2,0
3,2,598,0,0,500,0.6,1000,0.2,1400,0.2,1
3,3,46,0,0,300,0.5,1700,0.5,2
3,4,392,0,0,300,0.5,1700,0.5,0
3,5,830,0,0,300,0.5,1700,0.5,1
3,6,750,0,0,300,0.5,1700,0.5,1
3,7,618,2,10,5,0,500,0.6,1000,0.2,1400,0.2,2
3,8,137,1,0,300,0.5,1700,0.5,2
3,9,300,1,0,300,0.5,1700,0.5,2
3,10,531,0,0,300,0.5,1700,0.5,2
3,11,824,1,0,300,0.5,1700,0.5,1
3,12,556,1,0,300,0.5,1700,0.5,0
3,13,405,1,0,500,0.6,1000,0.2,1400,0.2,2
3,14,328,0,0,300,0.5,1700,0.5,2
3,15,756,0,0,300,0.5,1700,0.5,2
3,16,503,1,0,300,0.5,1700,0.5,1
3,17,20,0,0,300,0.5,1700,0.5,1
3,18,411,1,0,300,0.5,1700,0.5,2
3,19,179,0,0,300,0.5,1700,0.5,1
4,0,108,1,0,500,0.6,1000,0.2,1400,0.2,1
4,1,822,0,0,300,0.5,1700,0.5,1
4,2,26,0,0,300,0.5,1700,0.5,1
4,3,333,1,0,500,0.6,1000,0.2,1400,0.2,1
4,4,413,2,10,5,0,500,0.6,1000,0.2,1400,0.2,0
4,5,699,1,0,300,0.5,1700,0.5,1
4,6,236,2,10,5,0,300,0.5,1700,0.5,0
4,7,38,2,10,5,0,500,0.6,1000,0.2,1400,0.2,0
4,8,521,2,10,5,0,300,0.5,1700,0.5,0
4,9,362,0,0,300,0.5,1700,0.5,0
4,10,518,0,0,300,0.5,1700,0.5,1
4,11,595,1,0,300,0.5,1700,0.5,0
4,12,24,1,0,500,0.6,1000,0.2,1400,0.2,1
4,13,154,2,10,5,0,500,0.6,1000,0.2,1400,0.2,1
4,14,125,1,0,300,0.5,1700,0.5,0
4,15,75,0,0,300,0.5,1700,0.5,2
4,16,784,0,0,500,0.6,1000,0.2,1400,0.2,1
4,17,492,2,10,5,0,300,0.5,1700,0.5,2
4,18,180,0,0,300,0.5,1700,0.5,2
4,19,995,0,0,500,0.6,1000,0.2,1400,0.2,1
5,0,707,0,0,500,0.6,1000,0.2,1400,0.2,0
5,1,208,2,10,5,0,300,0.5,1700,0.5,0
5,2,179,0,0,300,0.5,1700,0.5,2
5,3,316,0,0,500,0.6,1000,0.2,1400,0.2,1
5,4,43,1,0,500,0.6,1000,0.2,1400,0.2,0
5,5,399,0,0,300,0.5,1700,0.5,0
5,6,571,0,0,300,0.5,1700,0.5,1
5,7,377,0,0,300,0.5,1700,0.5,2
5,8,377,2,10,5,0,500,0.6,1000,0.2,1400,0.2,0
5,9,650,2,10,5,0,300,0.5,1700,0.5,0
5,10,470,2,10,5,0,300,0.5,1700,0.5,0
5,11,66,1,0,500,0.6,1000,0.2,1400,0.2,2
5,12,657,2,10,5,0,300,0.5,1700,0.5,1
5,13,889,0,0,500,0.6,1000,0.2,1400,0.2,0
5,14,367,0,0,500,0.6,1000,0.2,1400,0.2,1
5,15,591,0,0,300,0.5,1700,0.5,2
5,16,757,2,10,5,0,500,0.6,1000,0.2,1400,0.2,0
5,17,878,1,0,300,0.5,1700,0.5,0
5,18,598,2,10,5,0,300,0.5,1700,0.5,1
5,19,113,2,10,5,0,500,0.6,1000,0.2,1400,0.2,2
6,0,324,0,0,500,0.6,1000,0.2,1400,0.2,1
6,1,963,0,0,500,0.6,1000,0.2,1400,0.2,2
6,2,822,2,10,5,0,300,0.5,1700,0.5,1
6,3,587,1,0,500,0.6,1000,0.2,1400,0.2,1
6,4,926,1,0,500,0.6,1000,0.2,1400,0.2,0
6,5,567,1,0,300,0.5,1700,0.5,2
6,6,907,0,0,300,0.5,1700,0.5,0
6,7,810,1,0,500,0.6,1000,0.2,1400,0.2,0
6,8,676,0,0,300,0.5,1700,0.5,1
6,9,387,2,10,5,0,300,0.5,1700,0.5,2
6,10,502,1,0,500,0.6,1000,0.2,1400,0.2,0
6,11,549,1,0,300,0.5,1700,0.5,0
6,12,593,1,0,300,0.5,1700,0.5,2
6,13,844,1,0,300,0.5,1700,0.5,2
6,14,946,2,10,5,0,500,0.6,1000,0.2,1400,0.2,2
6,15,294,2,10,5,0,500,0.6,1000,0.2,1400,0.2,1
6,16,923,0,0,500,0.6,1000,0.2,1400,0.2,1
6,17,289,1,0,300,0.5,1700,0.5,2
6,18,549,1,0,500,0.6,1000,0.2,1400,0.2,2
6,19,253,2,10,5,0,300,0.5,1700,0.5,2
7,0,879,0,0,500,0.6,1000,0.2,1400,0.2,2
7,1,543,2,10,5,0,300,0.5,1700,0.5,2
7,2,751,2,10,5,0,500,0.6,1000,0.2,1400,0.2,0
7,3,901,1,0,300,0.5,1700,0.5,2
7,4,968,1,0,300,0.5,1700,0.5,1
7,5,182,0,0,500,0.6,1000,0.2,1400,0.2,0
7,6,571,0,0,500,0.6,1000,0.2,1400,0.2,0
7,7,778,2,10,5,0,300,0.5,1700,0.5,1
7,8,708,2,10,5,0,300,0.5,1700,0.5,0
7,9,317,1,0,300,0.5,1700,0.5,0
7,10,771,1,0,300,0.5,1700,0.5,0
7,11,669,0,0,500,0.6,1000,0.2,1400,0.2,0
7,12,999,2,10,5,0,500,0.6,1000,0.2,1400,0.2,2
7,13,892,0,0,500,0.6,1000,0.2,1400,0.2,2
7,14,310,0,0,300,0.5,1700,0.5,2
7,15,643,1,0,300,0.5,1700,0.5,0
7,16,896,0,0,500,0.6,1000,0.2,1400,0.2,1
7,17,430,1,0,500,0.6,1000,0.2,1400,0.2,2
7,18,896,0,0,300,0.5,1700,0.5,1
7,19,501,0,0,300,0.5,1700,0.5,0
8,0,382,0,0,300,0.5,1700,0.5,1
8,1,415,0,0,300,0.5,1700,0.5,0
8,2,110,1,0,500,0.6,1000,0.2,1400,0.2,0
8,3,301,0,0,500,0.6,1000,0.2,1400,0.2,1
8,4,200,2,10,5,0,300,0.5,1700,0.5,0
8,5,300,2,10,5,0,300,0.5,1700,0.5,1
8,6,932,1,0,500,0.6,1000,0.2,1400,0.2,0
8,7,119,1,0,500,0.6,1000,0.2,1400,0.2,1
8,8,295,0,0,500,0.6,1000,0.2,1400,0.2,0
8,9,926,2,10,5,0,300,0.5,1700,0.5,0
8,10,723,2,10,5,0,300,0.5,1700,0.5,1
8,11,503,2,10,5,0,300,0.5,1700,0.5,1
8,12,895,2,10,5,0,300,0.5,1700,0.5,2
8,13,798,0,0,500,0.6,1000,0.2,1400,0.2,2
8,14,275,1,0,500,0.6,1000,0.2,1400,0.2,2
8,15,903,2,10,5,0,300,0.5,1700,0.5,1
8,16,141,0,0,500,0.6,1000,0.2,1400,0.2,0
8,17,728,1,0,300,0.5,1700,0.5,0
8,18,526,2,10,5,0,300,0.5,1700,0.5,2
8,19,218,0,0,300,0.5,1700,0.5,1
9,0,290,1,0,300,0.5,1700,0.5,2
9,1,34,1,0,300,0.5,1700,0.5,0
9,2,13,0,0,500,0.6,1000,0.2,1400,0.2,0
9,3,233,0,0,300,0.5,1700,0.5,1
9,4,600,0,0,500,0.6,1000,0.2,1400,0.2,0
9,5,974,1,0,300,0.5,1700,0.5,2
9,6,115,1,0,500,0.6,1000,0.2,1400,0.2,1
9,7,458,0,0,300,0.5,1700,0.5,1
9,8,10,0,0,500,0.6,1000,0.2,1400,0.2,2
9,9,424,2,10,5,0,500,0.6,1000,0.2,1400,0.2,1
9,10,54,1,0,300,0.5,1700,0.5,2
9,11,546,0,0,300,0.5,1700,0.5,1
9,12,555,0,0,300,0.5,1700,0.5,0
9,13,482,0,0,500,0.6,1000,0.2,1400,0.2,0
9,14,605,1,0,500,0.6,1000,0.2,1400,0.2,0
9,15,959,2,10,5,0,300,0.5,1700,0.5,0
9,16,918,2,10,5,0,500,0.6,1000,0.2,1400,0.2,1
9,17,822,1,0,500,0.6,1000,0.2,1400,0.2,2
9,18,24,1,0,300,0.5,1700,0.5,1
9,19,739,2,10,5,0,500,0.6,1000,0.2,1400,0.2,0
10,0,236,0,0,500,0.6,1000,0.2,1400,0.2,2
10,1,524,1,0,300,0.5,1700,0.5,1
10,2,833,1,0,500,0.6,1000,0.2,1400,0.2,2
10,3,35,2,10,5,0,300,0.5,1700,0.5,2
10,4,155,0,0,300,0.5,1700,0.5,0
10,5,172,0,0,500,0.6,1000,0.2,1400,0.2,0
10,6,276,2,10,5,0,500,0.6,1000,0.2,1400,0.2,0
10,7,997,0,0,300,0.5,1700,0.5,2
10,8,445,2,10,5,0,500,0.6,1000,0.2,1400,0.2,2
10,9,794,2,10,5,0,300,0.5,1700,0.5,1
10,10,873,1,0,300,0.5,1700,0.5,1
10,11,619,0,0,300,0.5,1700,0.5,1
10,12,663,0,0,300,0.5,1700,0.5,1
10,13,177,2,10,5,0,500,0.6,1000,0.2,1400,0.2,2
10,14,528,1,0,500,0.6,1000,0.2,1400,0.2,0
10,15,254,0,0,500,0.6,1000,0.2,1400,0.2,0
10,16,621,0,0,500,0.6,1000,0.2,1400,0.2,2
10,17,882,2,10,5,0,300,0.5,1700,0.5,1
10,18,290,2,10,5,0,500,0.6,1000,0.2,1400,0.2,1
10,19,806,1,0,300,0.5,1700,0.5,1
11,0,621,1,0,300,0.5,1700,0.5,1
11,1,219,1,0,300,0.5,1700,0.5,2
11,2,77,0,0,500,0.6,1000,0.2,1400,0.2,2
11,3,104,2,10,5,0,500,0.6,1000,0.2,1400,0.2,0
11,4,684,0,0,500,0.6,1000,0.2,1400,0.2,0
11,5,602,0,0,500,0.6,1000,0.2,1400,0.2,0
11,6,564,0,0,300,0.5,1700,0.5,0
11,7,843,1,0,500,0.6,1000,0.2,1400,0.2,1
11,8,946,1,0,500,0.6,1000,0.2,1400,0.2,1
11,9,456,0,0,500,0.6,1000,0.2,1400,0.2,1
11,10,885,2,10,5,0,300,0.5,1700,0.5,1
11,11,565,2,10,5,0,500,0.6,1000,0.2,1400,0.2,2
11,12,228,2,10,5,0,500,0.6,1000,0.2,1400,0.2,2
11,13,883,2,10,5,0,300,0.5,1700,0.5,2
11,14,93,2,10,5,0,300,0.5,1700,0.5,1
11,15,119,1,0,500,0.6,1000,0.2,1400,0.2,0
11,16,667,2,10,5,0,500,0.6,1000,0.2,1400,0.2,1
11,17,283,0,0,300,0.5,1700,0.5,1
11,18,905,0,0,300,0.5,1700,0.5,1
11,19,600,0,0,500,0.6,1000,0.2,1400,0.2,1
12,0,877,2,10,5,0,300,0.5,1700,0.5,0
12,1,721,0,0,300,0.5,1700,0.5,0
12,2,980,0,0,300,0.5,1700,0.5,0
12,3,346,1,0,300,0.5,1700,0.5,0
12,4,192,1,0,300,0.5,1700,0.5,0
12,5,382,1,0,300,0.5,1700,0.5,2
12,6,448,1,0,500,0.6,1000,0.2,1400,0.2,1
12,7,521,2,10,5,0,300,0.5,1700,0.5,2
12,8,953,0,0,500,0.6,1000,0.2,1400,0.2,1
12,9,767,0,0,500,0.6,1000,0.2,1400,0.2,0
12,10,351,0,0,300,0.5,1700,0.5,0
12,11,997,1,0,300,0.5,1700,0.5,2
12,12,637,0,0,500,0.6,1000,0.2,1400,0.2,0
12,13,398,2,10,5,0,500,0.6,1000,0.2,1400,0.2,0
12,14,520,0,0,300,0.5,1700,0.5,1
12,15,265,2,10,5,0,500,0.6,1000,0.2,1400,0.2,0
12,16,160,0,0,300,0.5,1700,0.5,2
12,17,848,1,0,300,0.5,1700,0.5,1
12,18,71,1,0,500,0.6,1000,0.2,1400,0.2,2
12,19,110,2,10,5,0,300,0.5,1700,0.5,0
13,0,18,1,0,500,0.6,1000,0.2,1400,0.2,1
13,1,847,0,0,300,0.5,1700,0.5,2
13,2,436,2,10,5,0,500,0.6,1000,0.2,1400,0.2,1
13,3,963,2,10,5,0,500,0.6,1000,0.2,1400,0.2,0
13,4,917,1,0,500,0.6,1000,0.2,1400,0.2,1
13,5,254,1,0,500,0.6,1000,0.2,1400,0.2,2
13,6,133,0,0,500,0.6,1000,0.2,1400,0.2,2
13,7,148,2,10,5,0,500,0.6,1000,0.2,1400,0.2,1
13,8,27,0,0,300,0.5,1700,0.5,0
13,9,298,2,10,5,0,300,0.5,1700,0.5,0
13,10,987,2,10,5,0,300,0.5,1700,0.5,0
13,11,958,0,0,300,0.5,1700,0.5,2
13,12,819,0,0,500,0.6,1000,0.2,1400,0.2,1
13,13,873,1,0,300,0.5,1700,0.5,2
13,14,631,2,10,5,0,300,0.5,1700,0.5,1
13,15,899,2,10,5,0,500,0.6,1000,0.2,1400,0.2,2
13,16,335,1,0,500,0.6,1000,0.2,1400,0.2,2
13,17,62,1,0,500,0.6,1000,0.2,1400,0.2,2
13,18,522,1,0,500,0.6,1000,0.2,1400,0.2,1
13,19,208,2,10,5,0,300,0.5,1700,0.5,2
14,0,332,1,0,300,0.5,1700,0.5,1
14,1,509,0,0,500,0.6,1000,0.2,1400,0.2,0
14,2,917,1,0,500,0.6,1000,0.2,1400,0.2,2
14,3,373,0,0,500,0.6,1000,0.2,1400,0.2,0
14,4,556,2,10,5,0,500,0.6,1000,0.2,1400,0.2,0
14,5,733,2,10,5,0,500,0.6,1000,0.2,1400,0.2,0
14,6,254,0,0,300,0.5,1700,0.5,1
14,7,390,1,0,500,0.6,1000,0.2,1400,0.2,2
14,8,442,0,0,500,0.6,1000,0.2,1400,0.2,2
14,9,247,0,0,300,0.5,1700,0.5,1
14,10,946,0,0,300,0.5,1700,0.5,0
14,11,383,2,10,5,0,500,0.6,1000,0.2,1400,0.2,0
14,12,650,0,0,300,0.5,1700,0.5,1
14,13,269,0,0,300,0.5,1700,0.5,0
14,14,725,2,10,5,0,500,0.6,1000,0.2,1400,0.2,1
14,15,181,0,0,300,0.5,1700,0.5,1
14,16,487,1,0,300,0.5,1700,0.5,1
14,17,170,1,0,300,0.5,1700,0.5,2
14,18,145,0,0,500,0.6,1000,0.2,1400,0.2,2
14,19,920,1,0,300,0.5,1700,0.5,0
15,0,622,0,0,300,0.5,1700,0.5,1
15,1,477,2,10,5,0,500,0.6,1000,0.2,1400,0.2,2
15,2,27,1,0,500,0.6,1000,0.2,1400,0.2,2
15,3,610,1,0,500,0.6,1000,0.2,1400,0.2,1
15,4,976,1,0,500,0.6,1000,0.2,1400,0.2,0
15,5,105,0,0,500,0.6,1000,0.2,1400,0.2,0
15,6,503,1,0,500,0.6,1000,0.2,1400,0.2,1
15,7,474,0,0,300,0.5,1700,0.5,2
15,8,130,0,0,500,0.6,1000,0.2,1400,0.2,2
15,9,726,1,0,500,0.6,1000,0.2,1400,0.2,2
15,10,195,2,10,5,0,500,0.6,1000,0.2,1400,0.2,2
15,11,698,2,10,5,0,300,0.5,1700,0.5,0
15,12,63,1,0,500,0.6,1000,0.2,1400,0.2,0
15,13,870,0,0,300,0.5,1700,0.5,0
15,14,253,2,10,5,0,300,0.5,1700,0.5,1
15,15,148,1,0,300,0.5,1700,0.5,2
15,16,292,2,10,5,0,300,0.5,1700,0.5,0
15,17,31,1,0,500,0.6,1000,0.2,1400,0.2,1
15,18,990,2,10,5,0,300,0.5,1700,0.5,0
15,19,769,0,0,300,0.5,1700,0.5,1
16,0,436,2,10,5,0,300,0.5,1700,0.5,0
16,1,908,1,0,500,0.6,1000,0.2,1400,0.2,1
16,2,553,2,10,5,0,300,0.5,1700,0.5,2
16,3,942,2,10,5,0,500,0.6,1000,0.2,1400,0.2,1
16,4,466,0,0,300,0.5,1700,0.5,1
16,5,724,1,0,500,0.6,1000,0.2,1400,0.2,1
16,6,513,0,0,300,0.5,1700,0.5,0
16,7,668,1,0,300,0.5,1700,0.5,1
16,8,17,1,0,500,0.6,1000,0.2,1400,0.2,0
16,9,205,2,10,5,0,300,0.5,1700,0.5,0
16,10,377,0,0,300,0.5,1700,0.5,2
16,11,265,0,0,300,0.5,1700,0.5,2
16,12,785,2,10,5,0,300,0.5,1700,0.5,1
16,13,465,1,0,300,0.5,1700,0.5,1
16,14,90,1,0,300,0.5,1700,0.5,0
16,15,987,1,0,300,0.5,1700,0.5,2
16,16,851,0,0,500,0.6,1000,0.2,1400,0.2,2
16,17,334,2,10,5,0,300,0.5,1700,0.5,1
16,18,265,2,10,5,0,300,0.5,1700,0.5,1
16,19,835,1,0,500,0.6,1000,0.2,1400,0.2,2
17,0,612,0,0,500,0.6,1000,0.2,1400,0.2,1
17,1,854,0,0,500,0.6,1000,0.2,1400,0.2,1
17,2,764,0,0,500,0.6,1000,0.2,1400,0.2,2
17,3,165,0,0,500,0.6,1000,0.2,1400,0.2,1
17,4,612,0,0,300,0.5,1700,0.5,0
17,5,47,2,10,5,0,300,0.5,1700,0.5,1
17,6,85,1,0,300,0.5,1700,0.5,2
17,7,466,1,0,500,0.6,1000,0.2,1400,0.2,0
17,8,691,2,10,5,0,300,0.5,1700,0.5,0
17,9,888,1,0,300,0.5,1700,0.5,2
17,10,283,1,0,500,0.6,1000,0.2,1400,0.2,0
17,11,946,0,0,300,0.5,1700,0.5,2
17,12,565,2,10,5,0,500,0.6,1000,0.2,1400,0.2,0
17,13,229,0,0,300,0.5,1700,0.5,0
17,14,434,2,10,5,0,500,0.6,1000,0.2,1400,0.2,2
17,15,360,0,0,500,0.6,1000,0.2,1400,0.2,2
17,16,481,2,10,5,0,300,0.5,1700,0.5,1
17,17,94,1,0,500,0.6,1000,0.2,1400,0.2,2
17,18,555,2,10,5,0,300,0.5,1700,0.5,0
17,19,169,0,0,500,0.6,1000,0.2,1400,0.2,1
18,0,75,2,10,5,0,500,0.6,1000,0.2,1400,0.2,0
18,1,708,1,0,500,0.6,1000,0.2,1400,0.2,2
18,2,110,1,0,300,0.5,1700,0.5,0
18,3,859,0,0,500,0.6,1000,0.2,1400,0.2,0
18,4,630,2,10,5,0,500,0.6,1000,0.2,1400,0.2,0
18,5,400,2,10,5,0,300,0.5,1700,0.5,1
18,6,239,2,10,5,0,500,0.6,1000,0.2,1400,0.2,1
18,7,485,1,0,300,0.5,1700,0.5,1
18,8,370,1,0,500,0.6,1000,0.2,1400,0.2,1
18,9,989,0,0,300,0.5,1700,0.5,1
18,10,82,1,0,500,0.6,1000,0.2,1400,0.2,2
18,11,706,0,0,300,0.5,1700,0.5,2
18,12,550,2,10,5,0,300,0.5,1700,0.5,0
18,13,211,0,0,500,0.6,1000,0.2,1400,0.2,1
18,14,301,2,10,5,0,500,0.6,1000,0.2,1400,0.2,1
18,15,700,2,10,5,0,500,0.6,1000,0.2,1400,0.2,0
18,16,544,1,0,300,0.5,1700,0.5,0
18,17,437,0,0,500,0.6,1000,0.2,1400,0.2,2
18,18,142,2,10,5,0,500,0.6,1000,0.2,1400,0.2,2
18,19,868,0,0,500,0.6,1000,0.2,1400,0.2,2
19,0,626,1,0,300,0.5,1700,0.5,0
19,1,345,0,0,300,0.5,1700,0.5,2
19,2,58,1,0,500,0.6,1000,0.2,1400,0.2,1
19,3,915,1,0,500,0.6,1000,0.2,1400,0.2,1
19,4,122,2,10,5,0,300,0.5,1700,0.5,1
19,5,860,0,0,500,0.6,1000,0.2,1400,0.2,1
19,6,859,1,0,500,0.6,1000,0.2,1400,0.2,1
19,7,203,0,0,500,0.6,1000,0.2,1400,0.2,2
19,8,335,2,10,5,0,500,0.6,1000,0.2,1400,0.2,1
19,9,43,2,10,5,0,500,0.6,1000,0.2,1400,0.2,0
19,10,553,2,10,5,0,500,0.6,1000,0.2,1400,0.2,2
19,11,919,0,0,500,0.6,1000,0.2,1400,0.2,2
19,12,135,0,0,500,0.6,1000,0.2,1400,0.2,1
19,13,11,0,0,300,0.5,1700,0.5,1
19,14,31,1,0,500,0.6,1000,0.2,1400,0.2,2
19,15,414,0,0,500,0.6,1000,0.2,1400,0.2,0
19,16,844,1,0,500,0.6,1000,0.2,1400,0.2,0
19,17,454,1,0,500,0.6,1000,0.2,1400,0.2,2
19,18,881,2,10,5,0,500,0.6,1000,0.2,1400,0.2,0
19,19,115,1,0,500,0.6,1000,0.2,1400,0.2,0
