0,0,713,0,0,500,0.6,1000,0.2,1400,0.2,2
0,1,935,1,0,300,0.5,1700,0.5,1
0,2,297,0,0,500,0.6,1000,0.2,1400,0.2,2
0,3,823,0,0,300,0.5,1700,0.5,1
0,4,720,0,0,500,0.6,1000,0.2,1400,0.2,2
0,5,416,1,0,300,0.5,1700,0.5,2
0,6,558,2,10,5,0,500,0.6,1000,0.2,1400,0.2,2
0,7,577,0,0,500,0.6,1000,0.2,1400,0.2,2
0,8,842,2,10,5,0,500,0.6,1000,0.2,1400,0.2,2
0,9,494,0,0,300,0.5,1700,0.5,0
0,10,670,0,0,500,0.6,1000,0.2,1400,0.2,0
0,11,919,0,0,500,0.6,1000,0.2,1400,0.2,0
0,12,593,1,0,300,0.5,1700,0.5,1
0,13,168,2,10,5,0,500,0.6,1000,0.2,1400,0.2,0
0,14,768,2,10,5,0,300,0.5,1700,0.5,1
0,15,491,2,10,5,0,500,0.6,1000,0.2,1400,0.2,0
0,16,445,1,0,300,0.5,1700,0.5,1
0,17,269,1,0,500,0.6,1000,0.2,1400,0.2,2
0,18,742,1,0,300,0.5,1700,0.5,1
0,19,92,1,0,500,0.6,1000,0.2,1400,0.2,0
1,0,518,0,0,500,0.6,1000,0.2,1400,0.2,1
1,1,244,2,10,5,0,300,0.5,1700,0.5,1
1,2,639,0,0,300,0.5,1700,0.5,1
1,3,600,0,0,300,0.5,1700,0.5,1
1,4,117,1,0,500,0.6,1000,0.2,1400,0.2,0
1,5,992,2,10,5,0,500,0.6,1000,0.2,1400,0.2,0
1,6,226,2,10,5,0,300,0.5,1700,0.5,2
1,7,959,1,0,500,0.6,1000,0.2,1400,0.2,1
1,8,96,2,10,5,0,500,0.6,1000,0.2,1400,0.2,2
1,9,866,1,0,300,0.5,1700,0.5,0
1,10,50,1,0,300,0.5,1700,0.5,0
1,11,458,0,0,300,0.5,1700,0.5,2
1,12,584,1,0,500,0.6,1000,0.2,1400,0.2,1
1,13,857,0,0,500,0.6,1000,0.2,1400,0.2,1
1,14,744,0,0,500,0.6,1000,0.2,1400,0.2,0
1,15,402,2,10,5,0,500,0.6,1000,0.2,1400,0.2,2
1,16,835,2,10,5,0,500,0.6,1000,0.2,1400,0.2,0
1,17,520,0,0,300,0.5,1700,0.5,2
1,18,564,1,0,300,0.5,1700,0.5,2
1,19,337,1,0,300,0.5,1700,0.5,2
2,0,750,1,0,300,0.5,1700,0.5,1
2,1,332,1,0,300,0.5,1700,0.5,1
2,2,992,0,0,500,0.6,1000,0.2,1400,0.2,2
2,3,149,2,10,5,0,500,0.6,1000,0.2,1400,0.2,2
2,4,731,1,0,300,0.5,1700,0.5,2
2,5,785,0,0,500,0.6,1000,0.2,1400,0.2,2
2,6,78,0,0,500,0.6,1000,0.2,1400,0.2,0
2,7,577,2,10,5,0,300,0.5,1700,0.5,0
2,8,578,2,10,5,0,500,0.6,1000,0.2,1400,0.2,1
2,9,574,2,10,5,0,300,0.5,1700,0.5,0
2,10,261,2,10,5,0,300,0.5,1700,0.5,0
2,11,195,2,10,5,0,300,0.5,1700,0.5,1
2,12,79,0,0,300,0.5,1700,0.5,1
2,13,464,2,10,5,0,300,0.5,1700,0.5,0
2,14,114,2,10,5,0,500,0.6,1000,0.2,1400,0.2,2
2,15,35,0,0,300,0.5,1700,0.5,2
2,16,786,0,0,500,0.6,1000,0.2,1400,0.2,0
2,17,785,0,0,300,0.5,1700,0.5,2
2,18,713,1,0,300,0.5,1700,0.5,0
2,19,637,0,0,500,0.6,1000,0.2,1400,0.2,2
3,0,946,0,0,500,0.6,1000,0.2,1400,0.2,1
3,1,919,2,10,5,0,500,0.6,1000,0.2,1400,0.2,1
3,2,16,2,10,5,0,300,0.5,1700,0.5,2
3,3,512,1,0,500,0.6,1000,0.2,1400,0.2,1
3,4,337,0,0,500,0.6,1000,0.2,1400,0.2,0
3,5,34,1,0,300,0.5,1700,0.5,2
3,6,259,2,10,5,0,300,0.5,1700,0.5,1
3,7,845,0,0,500,0.6,1000,0.2,1400,0.2,1
3,8,246,1,0,500,0.6,1000,0.2,1400,0.2,2
3,9,453,0,0,300,0.5,1700,0.5,2
3,10,11,2,10,5,0,500,0.6,1000,0.2,1400,0.2,1
3,11,372,0,0,300,0.5,1700,0.5,0
3,12,63,0,0,500,0.6,1000,0.2,1400,0.2,0
3,13,51,2,10,5,0,500,0.6,1000,0.2,1400,0.2,0
3,14,419,0,0,500,0.6,1000,0.2,1400,0.2,2
3,15,697,2,10,5,0,300,0.5,1700,0.5,0
3,16,22,1,0,300,0.5,1700,0.5,1
3,17,754,0,0,300,0.5,1700,0.5,2
3,18,715,1,0,500,0.6,1000,0.2,1400,0.2,1
3,19,760,1,0,300,0.5,1700,0.5,0
4,0,479,1,0,500,0.6,1000,0.2,1400,0.2,2
4,1,434,0,0,300,0.5,1700,0.5,2
4,2,519,2,10,5,0,500,0.6,1000,0.2,1400,0.2,2
4,3,908,1,0,300,0.5,1700,0.5,1
4,4,290,0,0,500,0.6,1000,0.2,1400,0.2,1
4,5,20,1,0,300,0.5,1700,0.5,1
4,6,694,1,0,300,0.5,1700,0.5,1
4,7,945,2,10,5,0,500,0.6,1000,0.2,1400,0.2,1
4,8,177,2,10,5,0,500,0.6,1000,0.2,1400,0.2,0
4,9,971,1,0,500,0.6,1000,0.2,1400,0.2,1
4,10,122,1,0,500,0.6,1000,0.2,1400,0.2,2
4,11,352,0,0,300,0.5,1700,0.5,0
4,12,681,2,10,5,0,300,0.5,1700,0.5,1
4,13,379,0,0,500,0.6,1000,0.2,1400,0.2,2
4,14,126,0,0,500,0.6,1000,0.2,1400,0.2,0
4,15,209,0,0,300,0.5,1700,0.5,2
4,16,503,2,10,5,0,500,0.6,1000,0.2,1400,0.2,0
4,17,119,2,10,5,0,500,0.6,1000,0.2,1400,0.2,0
4,18,452,2,10,5,0,500,0.6,1000,0.2,1400,0.2,0
4,19,205,2,10,5,0,500,0.6,1000,0.2,1400,0.2,2
5,0,41,1,0,500,0.6,1000,0.2,1400,0.2,2
5,1,846,2,10,5,0,300,0.5,1700,0.5,0
5,2,619,0,0,500,0.6,1000,0.2,1400,0.2,0
5,3,79,1,0,300,0.5,1700,0.5,0
5,4,492,0,0,300,0.5,1700,0.5,0
5,5,825,1,0,300,0.5,1700,0.5,0
5,6,732,2,10,5,0,500,0.6,1000,0.2,1400,0.2,1
5,7,881,0,0,300,0.5,1700,0.5,1
5,8,263,1,0,500,0.6,1000,0.2,1400,0.2,0
5,9,303,2,10,5,0,300,0.5,1700,0.5,2
5,10,906,2,10,5,0,500,0.6,1000,0.2,1400,0.2,0
5,11,487,2,10,5,0,300,0.5,1700,0.5,1
5,12,348,1,0,500,0.6,1000,0.2,1400,0.2,1
5,13,778,1,0,300,0.5,1700,0.5,0
5,14,896,0,0,500,0.6,1000,0.2,1400,0.2,2
5,15,151,0,0,500,0.6,1000,0.2,1400,0.2,2
5,16,194,2,10,5,0,300,0.5,1700,0.5,2
5,17,55,1,0,300,0.5,1700,0.5,0
5,18,446,0,0,500,0.6,1000,0.2,1400,0.2,2
5,19,915,0,0,500,0.6,1000,0.2,1400,0.2,1
6,0,695,1,0,500,0.6,1000,0.2,1400,0.2,0
6,1,176,2,10,5,0,300,0.5,1700,0.5,2
6,2,782,2,10,5,0,300,0.5,1700,0.5,1
6,3,340,2,10,5,0,500,0.6,1000,0.2,1400,0.2,0
6,4,442,2,10,5,0,500,0.6,1000,0.2,1400,0.2,0
6,5,779,2,10,5,0,500,0.6,1000,0.2,1400,0.2,1
6,6,488,0,0,300,0.5,1700,0.5,2
6,7,932,1,0,500,0.6,1000,0.2,1400,0.2,0
6,8,616,0,0,300,0.5,1700,0.5,2
6,9,958,1,0,300,0.5,1700,0.5,2
6,10,887,0,0,300,0.5,1700,0.5,0
6,11,406,1,0,300,0.5,1700,0.5,2
6,12,33,1,0,500,0.6,1000,0.2,1400,0.2,1
6,13,453,0,0,300,0.5,1700,0.5,0
6,14,51,2,10,5,0,500,0.6,1000,0.2,1400,0.2,1
6,15,474,1,0,500,0.6,1000,0.2,1400,0.2,2
6,16,235,1,0,500,0.6,1000,0.2,1400,0.2,2
6,17,151,2,10,5,0,500,0.6,1000,0.2,1400,0.2,0
6,18,282,0,0,500,0.6,1000,0.2,1400,0.2,1
6,19,648,1,0,500,0.6,1000,0.2,1400,0.2,1
7,0,553,0,0,300,0.5,1700,0.5,0
7,1,447,2,10,5,0,500,0.6,1000,0.2,1400,0.2,2
7,2,174,2,10,5,0,300,0.5,1700,0.5,0
7,3,130,2,10,5,0,500,0.6,1000,0.2,1400,0.2,1
7,4,763,0,0,500,0.6,1000,0.2,1400,0.2,0
7,5,970,1,0,500,0.6,1000,0.2,1400,0.2,1
7,6,952,0,0,300,0.5,1700,0.5,1
7,7,722,0,0,300,0.5,1700,0.5,1
7,8,175,1,0,500,0.6,1000,0.2,1400,0.2,1
7,9,917,1,0,500,0.6,1000,0.2,1400,0.2,1
7,10,934,2,10,5,0,500,0.6,1000,0.2,1400,0.2,0
7,11,884,0,0,500,0.6,1000,0.2,1400,0.2,1
7,12,896,0,0,300,0.5,1700,0.5,0
7,13,50,2,10,5,0,300,0.5,1700,0.5,2
7,14,394,2,10,5,0,500,0.6,1000,0.2,1400,0.2,0
7,15,824,2,10,5,0,500,0.6,1000,0.2,1400,0.2,2
7,16,814,0,0,500,0.6,1000,0.2,1400,0.2,2
7,17,857,2,10,5,0,500,0.6,1000,0.2,1400,0.2,2
7,18,499,2,10,5,0,300,0.5,1700,0.5,2
7,19,347,1,0,500,0.6,1000,0.2,1400,0.2,0
8,0,491,0,0,500,0.6,1000,0.2,1400,0.2,0
8,1,330,1,0,500,0.6,1000,0.2,1400,0.2,1
8,2,315,1,0,500,0.6,1000,0.2,1400,0.2,1
8,3,248,0,0,500,0.6,1000,0.2,1400,0.2,2
8,4,124,1,0,500,0.6,1000,0.2,1400,0.2,0
8,5,783,0,0,500,0.6,1000,0.2,1400,0.2,1
8,6,915,1,0,500,0.6,1000,0.2,1400,0.2,0
8,7,99,1,0,500,0.6,1000,0.2,1400,0.2,0
8,8,233,1,0,300,0.5,1700,0.5,2
8,9,138,0,0,500,0.6,1000,0.2,1400,0.2,2
8,10,143,1,0,300,0.5,1700,0.5,0
8,11,965,1,0,300,0.5,1700,0.5,0
8,12,334,0,0,500,0.6,1000,0.2,1400,0.2,0
8,13,64,2,10,5,0,500,0.6,1000,0.2,1400,0.2,2
8,14,489,2,10,5,0,300,0.5,1700,0.5,0
8,15,85,1,0,500,0.6,1000,0.2,1400,0.2,1
8,16,898,2,10,5,0,500,0.6,1000,0.2,1400,0.2,2
8,17,200,2,10,5,0,300,0.5,1700,0.5,0
8,18,186,1,0,300,0.5,1700,0.5,2
8,19,851,2,10,5,0,500,0.6,1000,0.2,1400,0.2,1
9,0,217,1,0,500,0.6,1000,0.2,1400,0.2,2
9,1,423,1,0,300,0.5,1700,0.5,2
9,2,144,2,10,5,0,500,0.6,1000,0.2,1400,0.2,0
9,3,267,1,0,500,0.6,1000,0.2,1400,0.2,0
9,4,145,1,0,500,0.6,1000,0.2,1400,0.2,0
9,5,677,0,0,500,0.6,1000,0.2,1400,0.2,1
9,6,568,1,0,300,0.5,1700,0.5,1
9,7,335,2,10,5,0,300,0.5,1700,0.5,1
9,8,106,2,10,5,0,300,0.5,1700,0.5,0
9,9,667,0,0,500,0.6,1000,0.2,1400,0.2,2
9,10,649,1,0,300,0.5,1700,0.5,2
9,11,913,2,10,5,0,300,0.5,1700,0.5,0
9,12,587,0,0,300,0.5,1700,0.5,2
9,13,364,2,10,5,0,300,0.5,1700,0.5,1
9,14,12,1,0,500,0.6,1000,0.2,1400,0.2,1
9,15,189,0,0,500,0.6,1000,0.2,1400,0.2,0
9,16,291,2,10,5,0,300,0.5,1700,0.5,0
9,17,454,0,0,300,0.5,1700,0.5,2
9,18,255,2,10,5,0,300,0.5,1700,0.5,2
9,19,192,0,0,300,0.5,1700,0.5,0
10,0,960,2,10,5,0,500,0.6,1000,0.2,1400,0.2,0
10,1,156,0,0,500,0.6,1000,0.2,1400,0.2,2
10,2,609,0,0,300,0.5,1700,0.5,2
10,3,829,2,10,5,0,500,0.6,1000,0.2,1400,0.2,0
10,4,816,0,0,300,0.5,1700,0.5,2
10,5,655,2,10,5,0,500,0.6,1000,0.2,1400,0.2,0
10,6,939,2,10,5,0,300,0.5,1700,0.5,1
10,7,104,0,0,300,0.5,1700,0.5,0
10,8,103,2,10,5,0,300,0.5,1700,0.5,1
10,9,203,2,10,5,0,300,0.5,1700,0.5,2
10,10,821,2,10,5,0,500,0.6,1000,0.2,1400,0.2,1
10,11,485,2,10,5,0,500,0.6,1000,0.2,1400,0.2,0
10,12,930,2,10,5,0,500,0.6,1000,0.2,1400,0.2,1
10,13,264,2,10,5,0,300,0.5,1700,0.5,2
10,14,628,0,0,300,0.5,1700,0.5,0
10,15,32,0,0,500,0.6,1000,0.2,1400,0.2,0
10,16,247,0,0,300,0.5,1700,0.5,0
10,17,565,1,0,500,0.6,1000,0.2,1400,0.2,1
10,18,502,2,10,5,0,300,0.5,1700,0.5,1
10,19,767,2,10,5,0,500,0.6,1000,0.2,1400,0.2,2
11,0,762,2,10,5,0,500,0.6,1000,0.2,1400,0.2,2
11,1,140,0,0,300,0.5,1700,0.5,2
11,2,603,1,0,500,0.6,1000,0.2,1400,0.2,1
11,3,299,2,10,5,0,500,0.6,1000,0.2,1400,0.2,0
11,4,802,1,0,500,0.6,1000,0.2,1400,0.2,2
11,5,726,2,10,5,0,500,0.6,1000,0.2,1400,0.2,1
11,6,455,0,0,500,0.6,1000,0.2,1400,0.2,1
11,7,946,0,0,300,0.5,1700,0.5,1
11,8,225,2,10,5,0,300,0.5,1700,0.5,0
11,9,402,1,0,500,0.6,1000,0.2,1400,0.2,0
11,10,631,2,10,5,0,500,0.6,1000,0.2,1400,0.2,2
11,11,230,2,10,5,0,500,0.6,1000,0.2,1400,0.2,1
11,12,918,0,0,300,0.5,1700,0.5,0
11,13,609,2,10,5,0,500,0.6,1000,0.2,1400,0.2,2
11,14,339,1,0,300,0.5,1700,0.5,2
11,15,292,1,0,500,0.6,1000,0.2,1400,0.2,0
11,16,193,0,0,300,0.5,1700,0.5,0
11,17,687,2,10,5,0,300,0.5,1700,0.5,0
11,18,174,2,10,5,0,500,0.6,1000,0.2,1400,0.2,2
11,19,902,0,0,300,0.5,1700,0.5,2
12,0,671,1,0,300,0.5,1700,0.5,1
12,1,37,2,10,5,0,500,0.6,1000,0.2,1400,0.2,1
12,2,164,0,0,300,0.5,1700,0.5,0
12,3,774,1,0,500,0.6,1000,0.2,1400,0.2,2
12,4,572,1,0,500,0.6,1000,0.2,1400,0.2,1
12,5,307,0,0,300,0.5,1700,0.5,1
12,6,43,0,0,500,0.6,1000,0.2,1400,0.2,0
12,7,191,0,0,300,0.5,1700,0.5,0
12,8,867,1,0,300,0.5,1700,0.5,1
12,9,611,1,0,500,0.6,1000,0.2,1400,0.2,2
12,10,126,1,0,300,0.5,1700,0.5,0
12,11,754,2,10,5,0,300,0.5,1700,0.5,2
12,12,429,0,0,500,0.6,1000,0.2,1400,0.2,1
12,13,919,2,10,5,0,300,0.5,1700,0.5,0
12,14,561,1,0,500,0.6,1000,0.2,1400,0.2,2
12,15,101,0,0,300,0.5,1700,0.5,1
12,16,569,1,0,300,0.5,1700,0.5,2
12,17,129,2,10,5,0,300,0.5,1700,0.5,2
12,18,621,2,10,5,0,500,0.6,1000,0.2,1400,0.2,0
12,19,823,1,0,300,0.5,1700,0.5,2
13,0,893,2,10,5,0,500,0.6,1000,0.2,1400,0.2,1
13,1,979,0,0,300,0.5,1700,0.5,1
13,2,514,2,10,5,0,500,0.6,1000,0.2,1400,0.2,0
13,3,542,1,0,300,0.5,1700,0.5,0
13,4,969,1,0,300,0.5,1700,0.5,0
13,5,557,1,0,300,0.5,1700,0.5,2
13,6,373,0,0,300,0.5,1700,0.5,1
13,7,934,1,0,300,0.5,1700,0.5,0
13,8,35,2,10,5,0,300,0.5,1700,0.5,2
13,9,188,1,0,300,0.5,1700,0.5,1
13,10,59,1,0,300,0.5,1700,0.5,0
13,11,970,2,10,5,0,300,0.5,1700,0.5,0
13,12,736,2,10,5,0,500,0.6,1000,0.2,1400,0.2,2
13,13,381,2,10,5,0,500,0.6,1000,0.2,1400,0.2,2
13,14,29,0,0,300,0.5,1700,0.5,1
13,15,897,1,0,300,0.5,1700,0.5,2
13,16,929,0,0,300,0.5,1700,0.5,2
13,17,157,1,0,300,0.5,1700,0.5,1
13,18,511,0,0,300,0.5,1700,0.5,1
13,19,814,0,0,500,0.6,1000,0.2,1400,0.2,1
14,0,849,2,10,5,0,300,0.5,1700,0.5,0
14,1,444,0,0,300,0.5,1700,0.5,0
14,2,477,1,0,500,0.6,1000,0.2,1400,0.2,2
14,3,19,2,10,5,0,300,0.5,1700,0.5,2
14,4,598,1,0,500,0.6,1000,0.2,1400,0.2,2
14,5,390,1,0,300,0.5,1700,0.5,2
14,6,153,1,0,500,0.6,1000,0.2,1400,0.2,1
14,7,42,0,0,300,0.5,1700,0.5,2
14,8,74,0,0,500,0.6,1000,0.2,1400,0.2,2
14,9,589,0,0,500,0.6,1000,0.2,1400,0.2,0
14,10,862,2,10,5,0,300,0.5,1700,0.5,1
14,11,481,2,10,5,0,300,0.5,1700,0.5,0
14,12,906,1,0,300,0.5,1700,0.5,0
14,13,107,2,10,5,0,300,0.5,1700,0.5,0
14,14,825,1,0,300,0.5,1700,0.5,2
14,15,18,0,0,500,0.6,1000,0.2,1400,0.2,2
14,16,732,2,10,5,0,500,0.6,1000,0.2,1400,0.2,2
14,17,133,0,0,500,0.6,1000,0.2,1400,0.2,1
14,18,755,0,0,500,0.6,1000,0.2,1400,0.2,0
14,19,563,0,0,500,0.6,1000,0.2,1400,0.2,0
15,0,513,0,0,500,0.6,1000,0.2,1400,0.2,2
15,1,864,0,0,300,0.5,1700,0.5,0
15,2,604,2,10,5,0,500,0.6,1000,0.2,1400,0.2,1
15,3,707,0,0,300,0.5,1700,0.5,1
15,4,420,0,0,500,0.6,1000,0.2,1400,0.2,0
15,5,135,0,0,300,0.5,1700,0.5,0
15,6,355,2,10,5,0,500,0.6,1000,0.2,1400,0.2,2
15,7,455,2,10,5,0,500,0.6,1000,0.2,1400,0.2,1
15,8,248,1,0,300,0.5,1700,0.5,0
15,9,762,2,10,5,0,500,0.6,1000,0.2,1400,0.2,1
15,10,303,1,0,500,0.6,1000,0.2,1400,0.2,0
15,11,106,1,0,300,0.5,1700,0.5,2
15,12,650,0,0,300,0.5,1700,0.5,0
15,13,151,2,10,5,0,500,0.6,1000,0.2,1400,0.2,1
15,14,849,1,0,500,0.6,1000,0.2,1400,0.2,1
15,15,851,0,0,300,0.5,1700,0.5,2
15,16,317,0,0,300,0.5,1700,0.5,1
15,17,325,2,10,5,0,300,0.5,1700,0.5,2
15,18,818,2,10,5,0,500,0.6,1000,0.2,1400,0.2,0
15,19,408,1,0,300,0.5,1700,0.5,1
16,0,993,0,0,300,0.5,1700,0.5,2
16,1,599,2,10,5,0,300,0.5,1700,0.5,1
16,2,851,0,0,500,0.6,1000,0.2,1400,0.2,0
16,3,114,0,0,300,0.5,1700,0.5,1
16,4,169,0,0,300,0.5,1700,0.5,2
16,5,861,0,0,500,0.6,1000,0.2,1400,0.2,0
16,6,638,2,10,5,0,300,0.5,1700,0.5,2
16,7,862,2,10,5,0,300,0.5,1700,0.5,0
16,8,407,2,10,5,0,300,0.5,1700,0.5,1
16,9,748,0,0,500,0.6,1000,0.2,1400,0.2,0
16,10,230,1,0,300,0.5,1700,0.5,0
16,11,339,0,0,500,0.6,1000,0.2,1400,0.2,2
16,12,20,0,0,500,0.6,1000,0.2,1400,0.2,0
16,13,952,1,0,300,0.5,1700,0.5,0
16,14,607,1,0,300,0.5,1700,0.5,1
16,15,14,2,10,5,0,500,0.6,1000,0.2,1400,0.2,2
16,16,435,0,0,300,0.5,1700,0.5,0
16,17,366,0,0,500,0.6,1000,0.2,1400,0.2,1
16,18,201,2,10,5,0,300,0.5,1700,0.5,0
16,19,299,2,10,5,0,500,0.6,1000,0.2,1400,0.2,1
17,0,247,2,10,5,0,500,0.6,1000,0.2,1400,0.2,2
17,1,443,1,0,300,0.5,1700,0.5,1
17,2,522,0,0,500,0.6,1000,0.2,1400,0.2,2
17,3,856,0,0,500,0.6,1000,0.2,1400,0.2,1
17,4,231,1,0,500,0.6,1000,0.2,1400,0.2,1
17,5,500,0,0,500,0.6,1000,0.2,1400,0.2,2
17,6,691,2,10,5,0,300,0.5,1700,0.5,2
17,7,502,0,0,500,0.6,1000,0.2,1400,0.2,1
17,8,161,1,0,500,0.6,1000,0.2,1400,0.2,2
17,9,410,2,10,5,0,300,0.5,1700,0.5,1
17,10,107,1,0,500,0.6,1000,0.2,1400,0.2,0
17,11,621,0,0,500,0.6,1000,0.2,1400,0.2,1
17,12,385,0,0,300,0.5,1700,0.5,0
17,13,341,2,10,5,0,500,0.6,1000,0.2,1400,0.2,0
17,14,926,2,10,5,0,500,0.6,1000,0.2,1400,0.2,1
17,15,628,0,0,500,0.6,1000,0.2,1400,0.2,1
17,16,222,0,0,500,0.6,1000,0.2,1400,0.2,2
17,17,610,2,10,5,0,500,0.6,1000,0.2,1400,0.2,1
17,18,491,0,0,500,0.6,1000,0.2,1400,0.2,0
17,19,561,2,10,5,0,300,0.5,1700,0.5,1
18,0,996,1,0,300,0.5,1700,0.5,2
18,1,186,2,10,5,0,500,0.6,1000,0.2,1400,0.2,1
18,2,499,1,0,500,0.6,1000,0.2,1400,0.2,0
18,3,615,0,0,500,0.6,1000,0.2,1400,0.2,2
18,4,437,2,10,5,0,500,0.6,1000,0.2,1400,0.2,1
18,5,928,0,0,500,0.6,1000,0.2,1400,0.2,0
18,6,81,0,0,300,0.5,1700,0.5,1
18,7,342,2,10,5,0,500,0.6,1000,0.2,1400,0.2,2
18,8,37,0,0,300,0.5,1700,0.5,1
18,9,886,1,0,300,0.5,1700,0.5,2
18,10,978,1,0,300,0.5,1700,0.5,1
18,11,567,1,0,500,0.6,1000,0.2,1400,0.2,2
18,12,558,1,0,500,0.6,1000,0.2,1400,0.2,2
18,13,92,1,0,300,0.5,1700,0.5,1
18,14,305,0,0,500,0.6,1000,0.2,1400,0.2,1
18,15,873,0,0,500,0.6,1000,0.2,1400,0.2,0
18,16,815,2,10,5,0,500,0.6,1000,0.2,1400,0.2,2
18,17,468,1,0,300,0.5,1700,0.5,1
18,18,61,2,10,5,0,500,0.6,1000,0.2,1400,0.2,2
18,19,139,1,0,500,0.6,1000,0.2,1400,0.2,2
19,0,830,1,0,300,0.5,1700,0.5,2
19,1,667,0,0,300,0.5,1700,0.5,2
19,2,464,1,0,300,0.5,1700,0.5,1
19,3,305,1,0,300,0.5,1700,0.5,1
19,4,736,0,0,500,0.6,1000,0.2,1400,0.2,1
19,5,364,0,0,300,0.5,1700,0.5,2
19,6,948,1,0,500,0.6,1000,0.2,1400,0.2,1
19,7,527,1,0,500,0.6,1000,0.2,1400,0.2,1
19,8,605,1,0,300,0.5,1700,0.5,1
19,9,875,2,10,5,0,500,0.6,1000,0.2,1400,0.2,2
19,10,776,0,0,500,0.6,1000,0.2,1400,0.2,2
19,11,70,2,10,5,0,500,0.6,1000,0.2,1400,0.2,1
19,12,490,0,0,300,0.5,1700,0.5,0
19,13,197,2,10,5,0,300,0.5,1700,0.5,1
19,14,570,0,0,500,0.6,1000,0.2,1400,0.2,1
19,15,447,1,0,500,0.6,1000,0.2,1400,0.2,2
19,16,810,1,0,500,0.6,1000,0.2,1400,0.2,0
19,17,858,2,10,5,0,500,0.6,1000,0.2,1400,0.2,1
19,18,845,1,0,500,0.6,1000,0.2,1400,0.2,0
19,19,438,1,0,300,0.5,1700,0.5,0
