0,0,794,1,0,300,0.5,1700,0.5,1
0,1,387,0,0,300,0.5,1700,0.5,1
0,2,474,2,10,5,0,300,0.5,1700,0.5,2
0,3,221,0,0,300,0.5,1700,0.5,1
0,4,307,2,10,5,0,500,0.6,1000,0.2,1400,0.2,1
0,5,1000,2,10,5,0,500,0.6,1000,0.2,1400,0.2,2
0,6,89,1,0,500,0.6,1000,0.2,1400,0.2,0
0,7,23,0,0,500,0.6,1000,0.2,1400,0.2,2
0,8,717,1,0,500,0.6,1000,0.2,1400,0.2,1
0,9,417,1,0,300,0.5,1700,0.5,1
0,10,334,2,10,5,0,500,0.6,1000,0.2,1400,0.2,0
0,11,100,2,10,5,0,500,0.6,1000,0.2,1400,0.2,2
0,12,350,1,0,300,0.5,1700,0.5,2
0,13,991,0,0,500,0.6,1000,0.2,1400,0.2,0
0,14,374,2,10,5,0,500,0.6,1000,0.2,1400,0.2,0
0,15,622,2,10,5,0,500,0.6,1000,0.2,1400,0.2,0
0,16,60,1,0,300,0.5,1700,0.5,0
0,17,212,2,10,5,0,500,0.6,1000,0.2,1400,0.2,0
0,18,102,1,0,500,0.6,1000,0.2,1400,0.2,0
0,19,865,0,0,300,0.5,1700,0.5,1
1,0,815,2,10,5,0,500,0.6,1000,0.2,1400,0.2,2
1,1,83,2,10,5,0,500,0.6,1000,0.2,1400,0.2,2
1,2,930,0,0,500,0.6,1000,0.2,1400,0.2,2
1,3,931,1,0,500,0.6,1000,0.2,1400,0.2,0
1,4,215,0,0,300,0.5,1700,0.5,2
1,5,248,1,0,500,0.6,1000,0.2,1400,0.2,0
1,6,398,0,0,300,0.5,1700,0.5,1
1,7,794,1,0,300,0.5,1700,0.5,1
1,8,609,2,10,5,0,300,0.5,1700,0.5,2
1,9,685,2,10,5,0,500,0.6,1000,0.2,1400,0.2,2
1,10,96,0,0,500,0.6,1000,0.2,1400,0.2,1
1,11,151,0,0,300,0.5,1700,0.5,0
1,12,835,0,0,300,0.5,1700,0.5,0
1,13,643,1,0,300,0.5,1700,0.5,2
1,14,351,0,0,300,0.5,1700,0.5,2
1,15,693,1,0,300,0.5,1700,0.5,1
1,16,162,1,0,500,0.6,1000,0.2,1400,0.2,0
1,17,182,1,0,300,0.5,1700,0.5,0
1,18,52,1,0,500,0.6,1000,0.2,1400,0.2,1
1,19,710,1,0,500,0.6,1000,0.2,1400,0.2,2
2,0,663,2,10,5,0,300,0.5,1700,0.5,1
2,1,169,1,0,300,0.5,1700,0.5,2
2,2,805,2,10,5,0,500,0.6,1000,0.2,1400,0.2,1
2,3,519,2,10,5,0,500,0.6,1000,0.2,1400,0.2,0
2,4,405,1,0,500,0.6,1000,0.2,1400,0.2,0
2,5,914,0,0,300,0.5,1700,0.5,2
2,6,752,2,10,5,0,300,0.5,1700,0.5,1
2,7,393,0,0,500,0.6,1000,0.2,1400,0.2,1
2,8,783,0,0,300,0.5,1700,0.5,1
2,9,490,0,0,500,0.6,1000,0.2,1400,0.2,1
2,10,139,1,0,500,0.6,1000,0.2,1400,0.2,2
2,11,592,2,10,5,0,300,0.5,1700,0.5,1
2,12,402,1,0,300,0.5,1700,0.5,1
2,13,540,0,0,500,0.6,1000,0.2,1400,0.2,2
2,14,602,1,0,300,0.5,1700,0.5,2
2,15,435,2,10,5,0,300,0.5,1700,0.5,0
2,16,400,2,10,5,0,300,0.5,1700,0.5,1
2,17,145,1,0,500,0.6,1000,0.2,1400,0.2,2
2,18,524,0,0,500,0.6,1000,0.2,1400,0.2,2
2,19,312,2,10,5,0,500,0.6,1000,0.2,1400,0.2,0
3,0,37,2,10,5,0,300,0.5,1700,0.5,2
3,1,312,2,10,5,0,500,0.6,1000,0.2,1400,0.2,0
3,2,430,0,0,500,0.6,1000,0.2,1400,0.2,1
3,3,718,1,0,500,0.6,1000,0.2,1400,0.2,0
3,4,447,0,0,300,0.5,1700,0.5,1
3,5,402,1,0,500,0.6,1000,0.2,1400,0.2,1
3,6,107,2,10,5,0,500,0.6,1000,0.2,1400,0.2,0
3,7,779,0,0,500,0.6,1000,0.2,1400,0.2,2
3,8,57,1,0,500,0.6,1000,0.2,1400,0.2,1
3,9,222,1,0,500,0.6,1000,0.2,1400,0.2,2
3,10,316,2,10,5,0,500,0.6,1000,0.2,1400,0.2,2
3,11,332,0,0,300,0.5,1700,0.5,2
3,12,228,2,10,5,0,300,0.5,1700,0.5,0
3,13,195,1,0,500,0.6,1000,0.2,1400,0.2,1
3,14,417,2,10,5,0,300,0.5,1700,0.5,0
3,15,769,1,0,300,0.5,1700,0.5,1
3,16,89,1,0,500,0.6,1000,0.2,1400,0.2,0
3,17,189,2,10,5,0,300,0.5,1700,0.5,1
3,18,19,1,0,500,0.6,1000,0.2,1400,0.2,1
3,19,228,0,0,500,0.6,1000,0.2,1400,0.2,0
4,0,888,1,0,300,0.5,1700,0.5,1
4,1,315,1,0,500,0.6,1000,0.2,1400,0.2,1
4,2,776,2,10,5,0,500,0.6,1000,0.2,1400,0.2,2
4,3,474,0,0,500,0.6,1000,0.2,1400,0.2,2
4,4,700,2,10,5,0,500,0.6,1000,0.2,1400,0.2,1
4,5,44,1,0,500,0.6,1000,0.2,1400,0.2,0
4,6,417,2,10,5,0,300,0.5,1700,0.5,2
4,7,905,0,0,500,0.6,1000,0.2,1400,0.2,0
4,8,971,2,10,5,0,300,0.5,1700,0.5,1
4,9,828,1,0,300,0.5,1700,0.5,1
4,10,182,0,0,300,0.5,1700,0.5,0
4,11,109,2,10,5,0,500,0.6,1000,0.2,1400,0.2,0
4,12,14,0,0,500,0.6,1000,0.2,1400,0.2,0
4,13,673,1,0,500,0.6,1000,0.2,1400,0.2,0
4,14,939,0,0,300,0.5,1700,0.5,0
4,15,403,0,0,500,0.6,1000,0.2,1400,0.2,2
4,16,321,0,0,500,0.6,1000,0.2,1400,0.2,0
4,17,371,0,0,500,0.6,1000,0.2,1400,0.2,0
4,18,766,0,0,500,0.6,1000,0.2,1400,0.2,1
4,19,983,2,10,5,0,500,0.6,1000,0.2,1400,0.2,2
5,0,321,0,0,500,0.6,1000,0.2,1400,0.2,2
5,1,642,1,0,300,0.5,1700,0.5,2
5,2,150,0,0,500,0.6,1000,0.2,1400,0.2,2
5,3,848,1,0,500,0.6,1000,0.2,1400,0.2,2
5,4,328,1,0,500,0.6,1000,0.2,1400,0.2,2
5,5,911,0,0,300,0.5,1700,0.5,1
5,6,513,1,0,300,0.5,1700,0.5,2
5,7,540,1,0,500,0.6,1000,0.2,1400,0.2,2
5,8,734,0,0,300,0.5,1700,0.5,1
5,9,150,1,0,500,0.6,1000,0.2,1400,0.2,2
5,10,463,1,0,300,0.5,1700,0.5,0
5,11,936,1,0,300,0.5,1700,0.5,1
5,12,607,0,0,500,0.6,1000,0.2,1400,0.2,2
5,13,900,0,0,300,0.5,1700,0.5,0
5,14,501,1,0,500,0.6,1000,0.2,1400,0.2,2
5,15,817,2,10,5,0,500,0.6,1000,0.2,1400,0.2,0
5,16,374,0,0,300,0.5,1700,0.5,2
5,17,959,2,10,5,0,300,0.5,1700,0.5,1
5,18,832,1,0,500,0.6,1000,0.2,1400,0.2,1
5,19,810,0,0,500,0.6,1000,0.2,1400,0.2,0
6,0,330,2,10,5,0,300,0.5,1700,0.5,1
6,1,825,0,0,300,0.5,1700,0.5,0
6,2,295,2,10,5,0,300,0.5,1700,0.5,0
6,3,476,0,0,300,0.5,1700,0.5,2
6,4,13,0,0,300,0.5,1700,0.5,1
6,5,843,2,10,5,0,500,0.6,1000,0.2,1400,0.2,2
6,6,248,2,10,5,0,300,0.5,1700,0.5,2
6,7,834,0,0,500,0.6,1000,0.2,1400,0.2,2
6,8,830,1,0,500,0.6,1000,0.2,1400,0.2,2
6,9,695,2,10,5,0,500,0.6,1000,0.2,1400,0.2,0
6,10,829,0,0,500,0.6,1000,0.2,1400,0.2,2
6,11,97,2,10,5,0,500,0.6,1000,0.2,1400,0.2,2
6,12,802,1,0,500,0.6,1000,0.2,1400,0.2,1
6,13,257,1,0,500,0.6,1000,0.2,1400,0.2,1
6,14,901,1,0,300,0.5,1700,0.5,0
6,15,537,0,0,300,0.5,1700,0.5,2
6,16,978,2,10,5,0,300,0.5,1700,0.5,1
6,17,907,2,10,5,0,300,0.5,1700,0.5,0
6,18,691,2,10,5,0,500,0.6,1000,0.2,1400,0.2,1
6,19,571,1,0,300,0.5,1700,0.5,1
7,0,979,1,0,500,0.6,1000,0.2,1400,0.2,0
7,1,765,1,0,300,0.5,1700,0.5,1
7,2,837,1,0,300,0.5,1700,0.5,0
7,3,500,1,0,500,0.6,1000,0.2,1400,0.2,0
7,4,479,0,0,500,0.6,1000,0.2,1400,0.2,0
7,5,568,0,0,500,0.6,1000,0.2,1400,0.2,1
7,6,650,2,10,5,0,500,0.6,1000,0.2,1400,0.2,1
7,7,625,2,10,5,0,500,0.6,1000,0.2,1400,0.2,1
7,8,991,2,10,5,0,300,0.5,1700,0.5,1
7,9,762,2,10,5,0,300,0.5,1700,0.5,2
7,10,376,0,0,500,0.6,1000,0.2,1400,0.2,2
7,11,84,2,10,5,0,300,0.5,1700,0.5,1
7,12,352,1,0,300,0.5,1700,0.5,1
7,13,203,1,0,500,0.6,1000,0.2,1400,0.2,0
7,14,171,2,10,5,0,300,0.5,1700,0.5,2
7,15,592,0,0,300,0.5,1700,0.5,0
7,16,74,0,0,500,0.6,1000,0.2,1400,0.2,0
7,17,15,2,10,5,0,300,0.5,1700,0.5,0
7,18,293,1,0,500,0.6,1000,0.2,1400,0.2,2
7,19,489,0,0,500,0.6,1000,0.2,1400,0.2,1
8,0,609,0,0,300,0.5,1700,0.5,0
8,1,730,2,10,5,0,300,0.5,1700,0.5,2
8,2,172,0,0,500,0.6,1000,0.2,1400,0.2,1
8,3,544,0,0,300,0.5,1700,0.5,1
8,4,606,2,10,5,0,500,0.6,1000,0.2,1400,0.2,2
8,5,747,1,0,300,0.5,1700,0.5,1
8,6,130,1,0,500,0.6,1000,0.2,1400,0.2,0
8,7,859,2,10,5,0,500,0.6,1000,0.2,1400,0.2,0
8,8,529,1,0,300,0.5,1700,0.5,0
8,9,51,2,10,5,0,300,0.5,1700,0.5,1
8,10,321,2,10,5,0,500,0.6,1000,0.2,1400,0.2,1
8,11,446,0,0,500,0.6,1000,0.2,1400,0.2,0
8,12,552,0,0,500,0.6,1000,0.2,1400,0.2,0
8,13,161,2,10,5,0,500,0.6,1000,0.2,1400,0.2,1
8,14,43,1,0,300,0.5,1700,0.5,1
8,15,284,0,0,300,0.5,1700,0.5,0
8,16,88,1,0,300,0.5,1700,0.5,1
8,17,230,0,0,500,0.6,1000,0.2,1400,0.2,1
8,18,292,1,0,300,0.5,1700,0.5,0
8,19,999,2,10,5,0,500,0.6,1000,0.2,1400,0.2,0
9,0,834,1,0,500,0.6,1000,0.2,1400,0.2,0
9,1,694,1,0,300,0.5,1700,0.5,0
9,2,574,0,0,300,0.5,1700,0.5,2
9,3,471,2,10,5,0,300,0.5,1700,0.5,2
9,4,677,0,0,500,0.6,1000,0.2,1400,0.2,2
9,5,368,0,0,300,0.5,1700,0.5,1
9,6,733,2,10,5,0,500,0.6,1000,0.2,1400,0.2,2
9,7,757,1,0,300,0.5,1700,0.5,2
9,8,280,1,0,500,0.6,1000,0.2,1400,0.2,1
9,9,508,0,0,300,0.5,1700,0.5,2
9,10,334,2,10,5,0,300,0.5,1700,0.5,1
9,11,482,1,0,300,0.5,1700,0.5,0
9,12,282,0,0,500,0.6,1000,0.2,1400,0.2,2
9,13,58,1,0,300,0.5,1700,0.5,2
9,14,499,0,0,500,0.6,1000,0.2,1400,0.2,2
9,15,959,1,0,300,0.5,1700,0.5,1
9,16,970,0,0,500,0.6,1000,0.2,1400,0.2,2
9,17,705,0,0,300,0.5,1700,0.5,2
9,18,78,1,0,300,0.5,1700,0.5,2
9,19,264,1,0,500,0.6,1000,0.2,1400,0.2,2
10,0,536,0,0,500,0.6,1000,0.2,1400,0.2,2
10,1,318,1,0,300,0.5,1700,0.5,2
10,2,786,2,10,5,0,300,0.5,1700,0.5,1
10,3,121,1,0,300,0.5,1700,0.5,1
10,4,747,2,10,5,0,500,0.6,1000,0.2,1400,0.2,2
10,5,973,2,10,5,0,300,0.5,1700,0.5,0
10,6,330,2,10,5,0,300,0.5,1700,0.5,1
10,7,584,1,0,500,0.6,1000,0.2,1400,0.2,0
10,8,598,1,0,500,0.6,1000,0.2,1400,0.2,0
10,9,516,1,0,500,0.6,1000,0.2,1400,0.2,1
10,10,256,0,0,500,0.6,1000,0.2,1400,0.2,1
10,11,233,2,10,5,0,300,0.5,1700,0.5,1
10,12,885,0,0,500,0.6,1000,0.2,1400,0.2,0
10,13,674,0,0,300,0.5,1700,0.5,0
10,14,816,2,10,5,0,500,0.6,1000,0.2,1400,0.2,2
10,15,476,2,10,5,0,300,0.5,1700,0.5,0
10,16,287,2,10,5,0,300,0.5,1700,0.5,0
10,17,644,1,0,300,0.5,1700,0.5,2
10,18,590,2,10,5,0,300,0.5,1700,0.5,2
10,19,603,1,0,300,0.5,1700,0.5,1
11,0,655,1,0,300,0.5,1700,0.5,0
11,1,536,1,0,500,0.6,1000,0.2,1400,0.2,2
11,2,447,0,0,500,0.6,1000,0.2,1400,0.2,1
11,3,20,2,10,5,0,500,0.6,1000,0.2,1400,0.2,1
11,4,802,0,0,500,0.6,1000,0.2,1400,0.2,2
11,5,675,1,0,500,0.6,1000,0.2,1400,0.2,0
11,6,646,2,10,5,0,300,0.5,1700,0.5,2
11,7,79,1,0,300,0.5,1700,0.5,1
11,8,23,1,0,300,0.5,1700,0.5,1
11,9,665,0,0,300,0.5,1700,0.5,2
11,10,170,1,0,300,0.5,1700,0.5,0
11,11,914,1,0,300,0.5,1700,0.5,2
11,12,444,0,0,300,0.5,1700,0.5,1
11,13,232,1,0,500,0.6,1000,0.2,1400,0.2,1
11,14,815,0,0,300,0.5,1700,0.5,2
11,15,942,1,0,500,0.6,1000,0.2,1400,0.2,2
11,16,71,0,0,300,0.5,1700,0.5,2
11,17,428,2,10,5,0,300,0.5,1700,0.5,0
11,18,718,0,0,300,0.5,1700,0.5,0
11,19,147,0,0,300,0.5,1700,0.5,0
12,0,438,2,10,5,0,300,0.5,1700,0.5,1
12,1,381,2,10,5,0,500,0.6,1000,0.2,1400,0.2,0
12,2,695,2,10,5,0,500,0.6,1000,0.2,1400,0.2,0
12,3,501,1,0,300,0.5,1700,0.5,2
12,4,877,1,0,300,0.5,1700,0.5,2
12,5,297,2,10,5,0,500,0.6,1000,0.2,1400,0.2,0
12,6,61,0,0,500,0.6,1000,0.2,1400,0.2,0
12,7,762,2,10,5,0,500,0.6,1000,0.2,1400,0.2,0
12,8,19,0,0,500,0.6,1000,0.2,1400,0.2,1
12,9,107,0,0,500,0.6,1000,0.2,1400,0.2,0
12,10,500,1,0,500,0.6,1000,0.2,1400,0.2,1
12,11,465,2,10,5,0,300,0.5,1700,0.5,2
12,12,849,1,0,300,0.5,1700,0.5,0
12,13,499,2,10,5,0,500,0.6,1000,0.2,1400,0.2,2
12,14,167,0,0,300,0.5,1700,0.5,2
12,15,382,0,0,300,0.5,1700,0.5,0
12,16,99,1,0,300,0.5,1700,0.5,2
12,17,401,0,0,300,0.5,1700,0.5,2
12,18,984,0,0,500,0.6,1000,0.2,1400,0.2,2
12,19,695,1,0,500,0.6,1000,0.2,1400,0.2,2
13,0,708,0,0,300,0.5,1700,0.5,2
13,1,64,2,10,5,0,300,0.5,1700,0.5,2
13,2,750,0,0,500,0.6,1000,0.2,1400,0.2,2
13,3,51,1,0,300,0.5,1700,0.5,2
13,4,619,1,0,300,0.5,1700,0.5,0
13,5,729,1,0,500,0.6,1000,0.2,1400,0.2,0
13,6,859,2,10,5,0,500,0.6,1000,0.2,1400,0.2,0
13,7,427,1,0,300,0.5,1700,0.5,0
13,8,997,2,10,5,0,500,0.6,1000,0.2,1400,0.2,2
13,9,573,2,10,5,0,300,0.5,1700,0.5,1
13,10,917,1,0,500,0.6,1000,0.2,1400,0.2,1
13,11,101,0,0,500,0.6,1000,0.2,1400,0.2,0
13,12,831,1,0,500,0.6,1000,0.2,1400,0.2,2
13,13,276,0,0,500,0.6,1000,0.2,1400,0.2,2
13,14,692,2,10,5,0,500,0.6,1000,0.2,1400,0.2,0
13,15,944,2,10,5,0,500,0.6,1000,0.2,1400,0.2,0
13,16,214,1,0,300,0.5,1700,0.5,1
13,17,728,0,0,500,0.6,1000,0.2,1400,0.2,1
13,18,911,2,10,5,0,500,0.6,1000,0.2,1400,0.2,2
13,19,507,0,0,500,0.6,1000,0.2,1400,0.2,1
14,0,560,2,10,5,0,500,0.6,1000,0.2,1400,0.2,2
14,1,169,2,10,5,0,300,0.5,1700,0.5,1
14,2,944,2,10,5,0,300,0.5,1700,0.5,1
14,3,919,2,10,5,0,300,0.5,1700,0.5,2
14,4,169,0,0,500,0.6,1000,0.2,1400,0.2,2
14,5,50,2,10,5,0,500,0.6,1000,0.2,1400,0.2,0
14,6,402,0,0,500,0.6,1000,0.2,1400,0.2,1
14,7,752,0,0,300,0.5,1700,0.5,2
14,8,389,2,10,5,0,500,0.6,1000,0.2,1400,0.2,2
14,9,342,1,0,500,0.6,1000,0.2,1400,0.2,1
14,10,447,0,0,500,0.6,1000,0.2,1400,0.2,0
14,11,110,1,0,300,0.5,1700,0.5,1
14,12,716,0,0,500,0.6,1000,0.2,1400,0.2,0
14,13,937,0,0,300,0.5,1700,0.5,1
14,14,947,2,10,5,0,300,0.5,1700,0.5,2
14,15,399,0,0,300,0.5,1700,0.5,2
14,16,735,2,10,5,0,500,0.6,1000,0.2,1400,0.2,1
14,17,140,2,10,5,0,300,0.5,1700,0.5,0
14,18,787,0,0,300,0.5,1700,0.5,1
14,19,755,2,10,5,0,300,0.5,1700,0.5,0
15,0,171,0,0,300,0.5,1700,0.5,1
15,1,899,0,0,500,0.6,1000,0.2,1400,0.2,2
15,2,811,1,0,300,0.5,1700,0.5,0
15,3,743,1,0,500,0.6,1000,0.2,1400,0.2,1
15,4,570,1,0,300,0.5,1700,0.5,1
15,5,526,1,0,300,0.5,1700,0.5,2
15,6,330,2,10,5,0,500,0.6,1000,0.2,1400,0.2,1
15,7,388,0,0,500,0.6,1000,0.2,1400,0.2,0
15,8,418,1,0,300,0.5,1700,0.5,2
15,9,77,0,0,500,0.6,1000,0.2,1400,0.2,2
15,10,155,1,0,500,0.6,1000,0.2,1400,0.2,1
15,11,857,1,0,300,0.5,1700,0.5,0
15,12,614,2,10,5,0,500,0.6,1000,0.2,1400,0.2,2
15,13,63,0,0,300,0.5,1700,0.5,2
15,14,347,0,0,300,0.5,1700,0.5,0
15,15,233,1,0,300,0.5,1700,0.5,1
15,16,279,1,0,300,0.5,1700,0.5,1
15,17,328,1,0,500,0.6,1000,0.2,1400,0.2,1
15,18,920,0,0,300,0.5,1700,0.5,0
15,19,527,2,10,5,0,300,0.5,1700,0.5,1
16,0,669,2,10,5,0,500,0.6,1000,0.2,1400,0.2,0
16,1,574,1,0,500,0.6,1000,0.2,1400,0.2,0
16,2,101,0,0,300,0.5,1700,0.5,0
16,3,483,1,0,500,0.6,1000,0.2,1400,0.2,1
16,4,486,0,0,500,0.6,1000,0.2,1400,0.2,0
16,5,567,0,0,300,0.5,1700,0.5,0
16,6,578,0,0,500,0.6,1000,0.2,1400,0.2,2
16,7,967,2,10,5,0,300,0.5,1700,0.5,0
16,8,470,1,0,500,0.6,1000,0.2,1400,0.2,1
16,9,77,0,0,300,0.5,1700,0.5,2
16,10,598,1,0,500,0.6,1000,0.2,1400,0.2,1
16,11,644,1,0,500,0.6,1000,0.2,1400,0.2,1
16,12,927,1,0,500,0.6,1000,0.2,1400,0.2,0
16,13,406,2,10,5,0,500,0.6,1000,0.2,1400,0.2,1
16,14,560,0,0,300,0.5,1700,0.5,2
16,15,243,0,0,300,0.5,1700,0.5,1
16,16,386,0,0,500,0.6,1000,0.2,1400,0.2,0
16,17,964,0,0,500,0.6,1000,0.2,1400,0.2,1
16,18,372,1,0,500,0.6,1000,0.2,1400,0.2,2
16,19,39,2,10,5,0,500,0.6,1000,0.2,1400,0.2,0
17,0,968,1,0,300,0.5,1700,0.5,0
17,1,724,1,0,300,0.5,1700,0.5,0
17,2,416,1,0,300,0.5,1700,0.5,1
17,3,232,2,10,5,0,300,0.5,1700,0.5,0
17,4,831,0,0,300,0.5,1700,0.5,1
17,5,626,0,0,500,0.6,1000,0.2,1400,0.2,1
17,6,646,1,0,300,0.5,1700,0.5,2
17,7,790,2,10,5,0,300,0.5,1700,0.5,2
17,8,771,0,0,300,0.5,1700,0.5,1
17,9,380,2,10,5,0,300,0.5,1700,0.5,1
17,10,140,1,0,500,0.6,1000,0.2,1400,0.2,2
17,11,986,2,10,5,0,300,0.5,1700,0.5,1
17,12,446,1,0,500,0.6,1000,0.2,1400,0.2,1
17,13,560,1,0,500,0.6,1000,0.2,1400,0.2,2
17,14,874,0,0,300,0.5,1700,0.5,0
17,15,630,0,0,500,0.6,1000,0.2,1400,0.2,1
17,16,538,2,10,5,0,300,0.5,1700,0.5,2
17,17,274,0,0,300,0.5,1700,0.5,1
17,18,173,2,10,5,0,300,0.5,1700,0.5,2
17,19,673,0,0,500,0.6,1000,0.2,1400,0.2,0
18,0,318,0,0,300,0.5,1700,0.5,2
18,1,992,2,10,5,0,300,0.5,1700,0.5,1
18,2,673,1,0,300,0.5,1700,0.5,2
18,3,154,0,0,500,0.6,1000,0.2,1400,0.2,0
18,4,864,1,0,500,0.6,1000,0.2,1400,0.2,2
18,5,393,1,0,500,0.6,1000,0.2,1400,0.2,0
18,6,645,2,10,5,0,500,0.6,1000,0.2,1400,0.2,1
18,7,897,0,0,300,0.5,1700,0.5,1
18,8,612,2,10,5,0,500,0.6,1000,0.2,1400,0.2,2
18,9,414,1,0,500,0.6,1000,0.2,1400,0.2,2
18,10,480,0,0,300,0.5,1700,0.5,2
18,11,281,2,10,5,0,300,0.5,1700,0.5,2
18,12,772,1,0,500,0.6,1000,0.2,1400,0.2,0
18,13,441,0,0,500,0.6,1000,0.2,1400,0.2,0
18,14,74,2,10,5,0,500,0.6,1000,0.2,1400,0.2,0
18,15,119,2,10,5,0,500,0.6,1000,0.2,1400,0.2,1
18,16,16,0,0,500,0.6,1000,0.2,1400,0.2,2
18,17,992,0,0,300,0.5,1700,0.5,0
18,18,27,2,10,5,0,300,0.5,1700,0.5,0
18,19,207,2,10,5,0,300,0.5,1700,0.5,1
19,0,891,2,10,5,0,300,0.5,1700,0.5,1
19,1,818,1,0,500,0.6,1000,0.2,1400,0.2,1
19,2,437,1,0,500,0.6,1000,0.2,1400,0.2,2
19,3,540,0,0,300,0.5,1700,0.5,1
19,4,924,1,0,300,0.5,1700,0.5,2
19,5,305,2,10,5,0,300,0.5,1700,0.5,1
19,6,819,1,0,500,0.6,1000,0.2,1400,0.2,1
19,7,474,0,0,300,0.5,1700,0.5,2
19,8,288,0,0,500,0.6,1000,0.2,1400,0.2,1
19,9,193,0,0,500,0.6,1000,0.2,1400,0.2,2
19,10,80,1,0,300,0.5,1700,0.5,1
19,11,270,2,10,5,0,500,0.6,1000,0.2,1400,0.2,0
19,12,729,2,10,5,0,300,0.5,1700,0.5,1
19,13,361,0,0,500,0.6,1000,0.2,1400,0.2,1
19,14,650,2,10,5,0,300,0.5,1700,0.5,0
19,15,719,1,0,300,0.5,1700,0.5,2
19,16,76,2,10,5,0,300,0.5,1700,0.5,1
19,17,607,1,0,500,0.6,1000,0.2,1400,0.2,0
19,18,160,1,0,500,0.6,1000,0.2,1400,0.2,1
19,19,603,0,0,300,0.5,1700,0.5,0
