0,0,684,2,10,5,0,300,0.5,1700,0.5,0
0,1,660,1,0,500,0.6,1000,0.2,1400,0.2,1
0,2,172,0,0,300,0.5,1700,0.5,2
0,3,330,0,0,300,0.5,1700,0.5,0
0,4,966,2,10,5,0,500,0.6,1000,0.2,1400,0.2,2
0,5,261,0,0,500,0.6,1000,0.2,1400,0.2,0
0,6,591,1,0,500,0.6,1000,0.2,1400,0.2,1
0,7,541,2,10,5,0,300,0.5,1700,0.5,1
0,8,913,2,10,5,0,300,0.5,1700,0.5,2
0,9,206,0,0,500,0.6,1000,0.2,1400,0.2,1
0,10,693,2,10,5,0,500,0.6,1000,0.2,1400,0.2,0
0,11,729,1,0,300,0.5,1700,0.5,1
0,12,766,1,0,300,0.5,1700,0.5,1
0,13,411,0,0,300,0.5,1700,0.5,1
0,14,925,0,0,500,0.6,1000,0.2,1400,0.2,1
0,15,827,2,10,5,0,300,0.5,1700,0.5,0
0,16,361,0,0,500,0.6,1000,0.2,1400,0.2,2
0,17,186,1,0,500,0.6,1000,0.2,1400,0.2,0
0,18,526,2,10,5,0,300,0.5,1700,0.5,0
0,19,284,0,0,300,0.5,1700,0.5,1
1,0,476,0,0,300,0.5,1700,0.5,2
1,1,176,1,0,500,0.6,1000,0.2,1400,0.2,0
1,2,478,0,0,300,0.5,1700,0.5,1
1,3,925,0,0,300,0.5,1700,0.5,2
1,4,389,1,0,300,0.5,1700,0.5,0
1,5,324,1,0,300,0.5,1700,0.5,2
1,6,544,0,0,300,0.5,1700,0.5,2
1,7,27,0,0,300,0.5,1700,0.5,1
1,8,67,1,0,500,0.6,1000,0.2,1400,0.2,1
1,9,473,0,0,300,0.5,1700,0.5,0
1,10,296,0,0,500,0.6,1000,0.2,1400,0.2,0
1,11,742,2,10,5,0,500,0.6,1000,0.2,1400,0.2,0
1,12,355,1,0,300,0.5,1700,0.5,2
1,13,394,1,0,500,0.6,1000,0.2,1400,0.2,2
1,14,738,1,0,500,0.6,1000,0.2,1400,0.2,2
1,15,898,0,0,300,0.5,1700,0.5,1
1,16,238,0,0,500,0.6,1000,0.2,1400,0.2,0
1,17,308,2,10,5,0,500,0.6,1000,0.2,1400,0.2,1
1,18,386,0,0,300,0.5,1700,0.5,1
1,19,970,0,0,500,0.6,1000,0.2,1400,0.2,0
2,0,577,2,10,5,0,300,0.5,1700,0.5,1
2,1,991,0,0,300,0.5,1700,0.5,1
2,2,744,2,10,5,0,500,0.6,1000,0.2,1400,0.2,0
2,3,313,2,10,5,0,300,0.5,1700,0.5,1
2,4,231,1,0,300,0.5,1700,0.5,0
2,5,593,1,0,500,0.6,1000,0.2,1400,0.2,2
2,6,650,2,10,5,0,500,0.6,1000,0.2,1400,0.2,2
2,7,594,1,0,500,0.6,1000,0.2,1400,0.2,2
2,8,165,1,0,500,0.6,1000,0.2,1400,0.2,0
2,9,918,0,0,500,0.6,1000,0.2,1400,0.2,2
2,10,609,2,10,5,0,500,0.6,1000,0.2,1400,0.2,1
2,11,168,0,0,300,0.5,1700,0.5,2
2,12,722,0,0,500,0.6,1000,0.2,1400,0.2,1
2,13,391,1,0,300,0.5,1700,0.5,1
2,14,421,2,10,5,0,300,0.5,1700,0.5,1
2,15,199,2,10,5,0,300,0.5,1700,0.5,2
2,16,268,0,0,500,0.6,1000,0.2,1400,0.2,2
2,17,468,1,0,300,0.5,1700,0.5,2
2,18,574,0,0,500,0.6,1000,0.2,1400,0.2,2
2,19,676,1,0,500,0.6,1000,0.2,1400,0.2,1
3,0,240,0,0,300,0.5,1700,0.5,1
3,1,940,1,0,300,0.5,1700,0.5,1
3,2,137,2,10,5,0,500,0.6,1000,0.2,1400,0.2,1
3,3,966,1,0,500,0.6,1000,0.2,1400,0.2,1
3,4,57,2,10,5,0,500,0.6,1000,0.2,1400,0.2,1
3,5,790,2,10,5,0,300,0.5,1700,0.5,0
3,6,400,2,10,5,0,300,0.5,1700,0.5,1
3,7,650,2,10,5,0,500,0.6,1000,0.2,1400,0.2,1
3,8,322,0,0,300,0.5,1700,0.5,2
3,9,96,2,10,5,0,500,0.6,1000,0.2,1400,0.2,2
3,10,572,2,10,5,0,300,0.5,1700,0.5,1
3,11,280,2,10,5,0,300,0.5,1700,0.5,0
3,12,414,0,0,300,0.5,1700,0.5,0
3,13,412,2,10,5,0,500,0.6,1000,0.2,1400,0.2,2
3,14,707,1,0,300,0.5,1700,0.5,0
3,15,14,0,0,500,0.6,1000,0.2,1400,0.2,0
3,16,714,1,0,500,0.6,1000,0.2,1400,0.2,2
3,17,585,0,0,300,0.5,1700,0.5,0
3,18,898,1,0,500,0.6,1000,0.2,1400,0.2,2
3,19,999,1,0,500,0.6,1000,0.2,1400,0.2,2
4,0,883,2,10,5,0,300,0.5,1700,0.5,0
4,1,414,0,0,300,0.5,1700,0.5,2
4,2,464,0,0,300,0.5,1700,0.5,1
4,3,862,0,0,300,0.5,1700,0.5,2
4,4,666,0,0,300,0.5,1700,0.5,2
4,5,958,0,0,300,0.5,1700,0.5,1
4,6,837,0,0,300,0.5,1700,0.5,1
4,7,141,2,10,5,0,300,0.5,1700,0.5,2
4,8,261,1,0,300,0.5,1700,0.5,1
4,9,808,0,0,500,0.6,1000,0.2,1400,0.2,1
4,10,20,0,0,500,0.6,1000,0.2,1400,0.2,1
4,11,393,2,10,5,0,300,0.5,1700,0.5,1
4,12,523,1,0,500,0.6,1000,0.2,1400,0.2,1
4,13,893,2,10,5,0,300,0.5,1700,0.5,0
4,14,734,2,10,5,0,300,0.5,1700,0.5,1
4,15,420,1,0,300,0.5,1700,0.5,0
4,16,982,2,10,5,0,500,0.6,1000,0.2,1400,0.2,0
4,17,628,0,0,300,0.5,1700,0.5,1
4,18,542,0,0,500,0.6,1000,0.2,1400,0.2,1
4,19,101,1,0,300,0.5,1700,0.5,1
5,0,335,0,0,300,0.5,1700,0.5,2
5,1,422,2,10,5,0,500,0.6,1000,0.2,1400,0.2,0
5,2,444,0,0,300,0.5,1700,0.5,1
5,3,473,0,0,300,0.5,1700,0.5,2
5,4,858,0,0,300,0.5,1700,0.5,0
5,5,313,2,10,5,0,500,0.6,1000,0.2,1400,0.2,2
5,6,378,0,0,500,0.6,1000,0.2,1400,0.2,0
5,7,415,2,10,5,0,300,0.5,1700,0.5,0
5,8,266,1,0,500,0.6,1000,0.2,1400,0.2,2
5,9,952,0,0,500,0.6,1000,0.2,1400,0.2,1
5,10,827,0,0,500,0.6,1000,0.2,1400,0.2,0
5,11,108,1,0,500,0.6,1000,0.2,1400,0.2,2
5,12,74,2,10,5,0,500,0.6,1000,0.2,1400,0.2,0
5,13,671,2,10,5,0,500,0.6,1000,0.2,1400,0.2,2
5,14,602,1,0,300,0.5,1700,0.5,1
5,15,91,0,0,300,0.5,1700,0.5,2
5,16,584,1,0,300,0.5,1700,0.5,2
5,17,853,1,0,500,0.6,1000,0.2,1400,0.2,1
5,18,915,0,0,300,0.5,1700,0.5,0
5,19,215,2,10,5,0,300,0.5,1700,0.5,0
6,0,910,0,0,500,0.6,1000,0.2,1400,0.2,1
6,1,940,0,0,500,0.6,1000,0.2,1400,0.2,2
6,2,600,1,0,300,0.5,1700,0.5,2
6,3,629,1,0,300,0.5,1700,0.5,2
6,4,401,1,0,500,0.6,1000,0.2,1400,0.2,1
6,5,605,1,0,500,0.6,1000,0.2,1400,0.2,2
6,6,932,2,10,5,0,500,0.6,1000,0.2,1400,0.2,1
6,7,303,0,0,500,0.6,1000,0.2,1400,0.2,2
6,8,284,1,0,500,0.6,1000,0.2,1400,0.2,1
6,9,568,2,10,5,0,300,0.5,1700,0.5,1
6,10,807,2,10,5,0,500,0.6,1000,0.2,1400,0.2,0
6,11,588,2,10,5,0,500,0.6,1000,0.2,1400,0.2,1
6,12,633,2,10,5,0,300,0.5,1700,0.5,0
6,13,588,1,0,300,0.5,1700,0.5,0
6,14,203,1,0,300,0.5,1700,0.5,2
6,15,571,1,0,500,0.6,1000,0.2,1400,0.2,1
6,16,130,2,10,5,0,300,0.5,1700,0.5,2
6,17,687,0,0,300,0.5,1700,0.5,0
6,18,420,0,0,300,0.5,1700,0.5,1
6,19,847,2,10,5,0,300,0.5,1700,0.5,2
7,0,780,1,0,300,0.5,1700,0.5,1
7,1,367,1,0,500,0.6,1000,0.2,1400,0.2,2
7,2,495,0,0,300,0.5,1700,0.5,0
7,3,696,1,0,500,0.6,1000,0.2,1400,0.2,2
7,4,210,1,0,300,0.5,1700,0.5,0
7,5,223,1,0,300,0.5,1700,0.5,2
7,6,590,2,10,5,0,300,0.5,1700,0.5,2
7,7,443,2,10,5,0,300,0.5,1700,0.5,2
7,8,256,0,0,300,0.5,1700,0.5,0
7,9,197,2,10,5,0,300,0.5,1700,0.5,0
7,10,66,1,0,500,0.6,1000,0.2,1400,0.2,0
7,11,689,2,10,5,0,300,0.5,1700,0.5,0
7,12,953,1,0,500,0.6,1000,0.2,1400,0.2,2
7,13,857,1,0,500,0.6,1000,0.2,1400,0.2,0
7,14,121,0,0,300,0.5,1700,0.5,0
7,15,944,0,0,500,0.6,1000,0.2,1400,0.2,2
7,16,836,0,0,300,0.5,1700,0.5,2
7,17,549,0,0,300,0.5,1700,0.5,2
7,18,134,0,0,500,0.6,1000,0.2,1400,0.2,2
7,19,535,2,10,5,0,300,0.5,1700,0.5,2
8,0,447,1,0,500,0.6,1000,0.2,1400,0.2,0
8,1,432,1,0,500,0.6,1000,0.2,1400,0.2,0
8,2,743,1,0,500,0.6,1000,0.2,1400,0.2,0
8,3,29,0,0,300,0.5,1700,0.5,0
8,4,69,2,10,5,0,500,0.6,1000,0.2,1400,0.2,1
8,5,565,2,10,5,0,500,0.6,1000,0.2,1400,0.2,1
8,6,503,1,0,500,0.6,1000,0.2,1400,0.2,1
8,7,411,1,0,300,0.5,1700,0.5,0
8,8,861,0,0,300,0.5,1700,0.5,1
8,9,168,2,10,5,0,500,0.6,1000,0.2,1400,0.2,0
8,10,448,0,0,500,0.6,1000,0.2,1400,0.2,0
8,11,520,1,0,300,0.5,1700,0.5,1
8,12,502,1,0,500,0.6,1000,0.2,1400,0.2,0
8,13,779,0,0,300,0.5,1700,0.5,1
8,14,499,2,10,5,0,300,0.5,1700,0.5,0
8,15,664,2,10,5,0,500,0.6,1000,0.2,1400,0.2,0
8,16,688,2,10,5,0,500,0.6,1000,0.2,1400,0.2,0
8,17,931,0,0,300,0.5,1700,0.5,1
8,18,392,0,0,300,0.5,1700,0.5,2
8,19,313,1,0,300,0.5,1700,0.5,0
9,0,601,1,0,300,0.5,1700,0.5,0
9,1,990,0,0,300,0.5,1700,0.5,0
9,2,12,1,0,300,0.5,1700,0.5,1
9,3,634,1,0,500,0.6,1000,0.2,1400,0.2,1
9,4,507,2,10,5,0,300,0.5,1700,0.5,0
9,5,226,2,10,5,0,300,0.5,1700,0.5,2
9,6,696,2,10,5,0,500,0.6,1000,0.2,1400,0.2,1
9,7,334,1,0,300,0.5,1700,0.5,2
9,8,247,1,0,500,0.6,1000,0.2,1400,0.2,1
9,9,435,1,0,500,0.6,1000,0.2,1400,0.2,1
9,10,196,0,0,300,0.5,1700,0.5,2
9,11,884,1,0,300,0.5,1700,0.5,2
9,12,78,1,0,300,0.5,1700,0.5,0
9,13,606,0,0,500,0.6,1000,0.2,1400,0.2,0
9,14,637,2,10,5,0,500,0.6,1000,0.2,1400,0.2,1
9,15,647,1,0,500,0.6,1000,0.2,1400,0.2,0
9,16,947,2,10,5,0,300,0.5,1700,0.5,0
9,17,240,0,0,300,0.5,1700,0.5,2
9,18,639,0,0,300,0.5,1700,0.5,2
9,19,185,1,0,500,0.6,1000,0.2,1400,0.2,2
10,0,629,2,10,5,0,500,0.6,1000,0.2,1400,0.2,1
10,1,523,2,10,5,0,500,0.6,1000,0.2,1400,0.2,2
10,2,55,0,0,300,0.5,1700,0.5,0
10,3,198,2,10,5,0,500,0.6,1000,0.2,1400,0.2,0
10,4,409,0,0,500,0.6,1000,0.2,1400,0.2,0
10,5,345,2,10,5,0,300,0.5,1700,0.5,2
10,6,78,0,0,300,0.5,1700,0.5,1
10,7,479,1,0,500,0.6,1000,0.2,1400,0.2,2
10,8,942,2,10,5,0,300,0.5,1700,0.5,1
10,9,871,2,10,5,0,300,0.5,1700,0.5,2
10,10,519,1,0,300,0.5,1700,0.5,0
10,11,336,2,10,5,0,500,0.6,1000,0.2,1400,0.2,2
10,12,15,0,0,500,0.6,1000,0.2,1400,0.2,0
10,13,648,0,0,500,0.6,1000,0.2,1400,0.2,0
10,14,355,0,0,500,0.6,1000,0.2,1400,0.2,2
10,15,853,2,10,5,0,300,0.5,1700,0.5,1
10,16,600,0,0,300,0.5,1700,0.5,1
10,17,28,1,0,300,0.5,1700,0.5,2
10,18,978,1,0,500,0.6,1000,0.2,1400,0.2,0
10,19,882,0,0,500,0.6,1000,0.2,1400,0.2,1
11,0,37,1,0,500,0.6,1000,0.2,1400,0.2,2
11,1,521,1,0,500,0.6,1000,0.2,1400,0.2,1
11,2,572,0,0,300,0.5,1700,0.5,1
11,3,473,0,0,300,0.5,1700,0.5,2
11,4,668,2,10,5,0,500,0.6,1000,0.2,1400,0.2,0
11,5,506,0,0,300,0.5,1700,0.5,0
11,6,838,2,10,5,0,500,0.6,1000,0.2,1400,0.2,2
11,7,485,0,0,500,0.6,1000,0.2,1400,0.2,1
11,8,184,1,0,500,0.6,1000,0.2,1400,0.2,0
11,9,644,2,10,5,0,500,0.6,1000,0.2,1400,0.2,0
11,10,161,2,10,5,0,500,0.6,1000,0.2,1400,0.2,2
11,11,433,1,0,500,0.6,1000,0.2,1400,0.2,1
11,12,591,2,10,5,0,500,0.6,1000,0.2,1400,0.2,2
11,13,434,0,0,300,0.5,1700,0.5,0
11,14,954,1,0,500,0.6,1000,0.2,1400,0.2,0
11,15,17,0,0,300,0.5,1700,0.5,1
11,16,482,0,0,500,0.6,1000,0.2,1400,0.2,0
11,17,66,1,0,500,0.6,1000,0.2,1400,0.2,1
11,18,133,1,0,300,0.5,1700,0.5,2
11,19,437,0,0,300,0.5,1700,0.5,2
12,0,743,2,10,5,0,300,0.5,1700,0.5,1
12,1,481,1,0,300,0.5,1700,0.5,2
12,2,357,1,0,300,0.5,1700,0.5,1
12,3,589,1,0,500,0.6,1000,0.2,1400,0.2,1
12,4,346,0,0,300,0.5,1700,0.5,2
12,5,184,0,0,500,0.6,1000,0.2,1400,0.2,2
12,6,611,0,0,500,0.6,1000,0.2,1400,0.2,1
12,7,222,2,10,5,0,500,0.6,1000,0.2,1400,0.2,0
12,8,387,2,10,5,0,300,0.5,1700,0.5,0
12,9,571,0,0,300,0.5,1700,0.5,0
12,10,34,0,0,300,0.5,1700,0.5,1
12,11,150,0,0,300,0.5,1700,0.5,0
12,12,252,2,10,5,0,300,0.5,1700,0.5,1
12,13,450,2,10,5,0,500,0.6,1000,0.2,1400,0.2,1
12,14,968,2,10,5,0,500,0.6,1000,0.2,1400,0.2,1
12,15,394,1,0,300,0.5,1700,0.5,0
12,16,75,2,10,5,0,300,0.5,1700,0.5,0
12,17,912,1,0,300,0.5,1700,0.5,1
12,18,280,0,0,300,0.5,1700,0.5,1
12,19,930,1,0,300,0.5,1700,0.5,1
13,0,388,0,0,300,0.5,1700,0.5,2
13,1,202,2,10,5,0,500,0.6,1000,0.2,1400,0.2,2
13,2,409,0,0,500,0.6,1000,0.2,1400,0.2,1
13,3,291,1,0,300,0.5,1700,0.5,1
13,4,759,0,0,500,0.6,1000,0.2,1400,0.2,1
13,5,23,0,0,500,0.6,1000,0.2,1400,0.2,1
13,6,703,0,0,500,0.6,1000,0.2,1400,0.2,2
13,7,650,0,0,500,0.6,1000,0.2,1400,0.2,1
13,8,993,1,0,300,0.5,1700,0.5,1
13,9,952,0,0,500,0.6,1000,0.2,1400,0.2,0
13,10,91,1,0,300,0.5,1700,0.5,0
13,11,334,0,0,500,0.6,1000,0.2,1400,0.2,2
13,12,511,2,10,5,0,300,0.5,1700,0.5,0
13,13,902,2,10,5,0,300,0.5,1700,0.5,0
13,14,107,2,10,5,0,300,0.5,1700,0.5,1
13,15,234,0,0,500,0.6,1000,0.2,1400,0.2,2
13,16,907,2,10,5,0,300,0.5,1700,0.5,1
13,17,645,0,0,500,0.6,1000,0.2,1400,0.2,1
13,18,875,0,0,300,0.5,1700,0.5,1
13,19,778,2,10,5,0,500,0.6,1000,0.2,1400,0.2,1
14,0,521,2,10,5,0,300,0.5,1700,0.5,0
14,1,334,1,0,300,0.5,1700,0.5,0
14,2,944,1,0,300,0.5,1700,0.5,2
14,3,940,1,0,300,0.5,1700,0.5,2
14,4,162,2,10,5,0,500,0.6,1000,0.2,1400,0.2,0
14,5,738,2,10,5,0,500,0.6,1000,0.2,1400,0.2,0
14,6,403,2,10,5,0,500,0.6,1000,0.2,1400,0.2,1
14,7,700,0,0,300,0.5,1700,0.5,0
14,8,757,2,10,5,0,300,0.5,1700,0.5,0
14,9,760,2,10,5,0,300,0.5,1700,0.5,0
14,10,481,2,10,5,0,500,0.6,1000,0.2,1400,0.2,2
14,11,700,0,0,300,0.5,1700,0.5,2
14,12,311,0,0,500,0.6,1000,0.2,1400,0.2,0
14,13,504,2,10,5,0,500,0.6,1000,0.2,1400,0.2,0
14,14,734,1,0,300,0.5,1700,0.5,1
14,15,887,1,0,500,0.6,1000,0.2,1400,0.2,1
14,16,633,0,0,500,0.6,1000,0.2,1400,0.2,2
14,17,461,0,0,300,0.5,1700,0.5,2
14,18,16,1,0,300,0.5,1700,0.5,1
14,19,461,2,10,5,0,500,0.6,1000,0.2,1400,0.2,2
15,0,182,1,0,300,0.5,1700,0.5,2
15,1,316,2,10,5,0,500,0.6,1000,0.2,1400,0.2,2
15,2,513,0,0,300,0.5,1700,0.5,0
15,3,165,1,0,300,0.5,1700,0.5,1
15,4,815,1,0,300,0.5,1700,0.5,2
15,5,933,0,0,300,0.5,1700,0.5,0
15,6,270,2,10,5,0,300,0.5,1700,0.5,2
15,7,969,1,0,300,0.5,1700,0.5,1
15,8,444,1,0,500,0.6,1000,0.2,1400,0.2,1
15,9,872,1,0,500,0.6,1000,0.2,1400,0.2,2
15,10,35,2,10,5,0,500,0.6,1000,0.2,1400,0.2,1
15,11,450,1,0,300,0.5,1700,0.5,2
15,12,712,0,0,500,0.6,1000,0.2,1400,0.2,1
15,13,601,0,0,300,0.5,1700,0.5,2
15,14,774,2,10,5,0,300,0.5,1700,0.5,1
15,15,383,0,0,500,0.6,1000,0.2,1400,0.2,2
15,16,856,2,10,5,0,300,0.5,1700,0.5,1
15,17,256,2,10,5,0,300,0.5,1700,0.5,2
15,18,552,1,0,300,0.5,1700,0.5,1
15,19,437,2,10,5,0,300,0.5,1700,0.5,2
16,0,672,2,10,5,0,300,0.5,1700,0.5,0
16,1,887,2,10,5,0,300,0.5,1700,0.5,0
16,2,576,2,10,5,0,300,0.5,1700,0.5,2
16,3,21,0,0,500,0.6,1000,0.2,1400,0.2,0
16,4,723,1,0,300,0.5,1700,0.5,0
16,5,652,1,0,300,0.5,1700,0.5,1
16,6,877,1,0,300,0.5,1700,0.5,1
16,7,629,0,0,300,0.5,1700,0.5,1
16,8,764,2,10,5,0,500,0.6,1000,0.2,1400,0.2,0
16,9,783,0,0,300,0.5,1700,0.5,1
16,10,157,0,0,300,0.5,1700,0.5,1
16,11,120,1,0,300,0.5,1700,0.5,2
16,12,301,2,10,5,0,300,0.5,1700,0.5,1
16,13,204,2,10,5,0,300,0.5,1700,0.5,2
16,14,405,1,0,500,0.6,1000,0.2,1400,0.2,2
16,15,359,1,0,300,0.5,1700,0.5,0
16,16,194,2,10,5,0,300,0.5,1700,0.5,1
16,17,885,2,10,5,0,500,0.6,1000,0.2,1400,0.2,0
16,18,52,1,0,500,0.6,1000,0.2,1400,0.2,2
16,19,252,2,10,5,0,300,0.5,1700,0.5,2
17,0,501,1,0,500,0.6,1000,0.2,1400,0.2,2
17,1,332,1,0,300,0.5,1700,0.5,2
17,2,851,1,0,300,0.5,1700,0.5,0
17,3,603,0,0,300,0.5,1700,0.5,1
17,4,342,0,0,300,0.5,1700,0.5,2
17,5,336,0,0,300,0.5,1700,0.5,0
17,6,153,0,0,300,0.5,1700,0.5,0
17,7,573,0,0,500,0.6,1000,0.2,1400,0.2,2
17,8,692,2,10,5,0,500,0.6,1000,0.2,1400,0.2,0
17,9,318,0,0,500,0.6,1000,0.2,1400,0.2,0
17,10,463,2,10,5,0,300,0.5,1700,0.5,1
17,11,767,0,0,500,0.6,1000,0.2,1400,0.2,0
17,12,967,1,0,500,0.6,1000,0.2,1400,0.2,0
17,13,830,1,0,300,0.5,1700,0.5,2
17,14,652,0,0,300,0.5,1700,0.5,1
17,15,549,0,0,500,0.6,1000,0.2,1400,0.2,0
17,16,589,2,10,5,0,500,0.6,1000,0.2,1400,0.2,0
17,17,15,0,0,500,0.6,1000,0.2,1400,0.2,2
17,18,280,1,0,500,0.6,1000,0.2,1400,0.2,1
17,19,998,0,0,500,0.6,1000,0.2,1400,0.2,2
18,0,836,0,0,500,0.6,1000,0.2,1400,0.2,0
18,1,325,2,10,5,0,500,0.6,1000,0.2,1400,0.2,0
18,2,240,2,10,5,0,500,0.6,1000,0.2,1400,0.2,0
18,3,675,1,0,500,0.6,1000,0.2,1400,0.2,0
18,4,605,1,0,500,0.6,1000,0.2,1400,0.2,2
18,5,843,2,10,5,0,300,0.5,1700,0.5,1
18,6,662,1,0,300,0.5,1700,0.5,1
18,7,31,1,0,300,0.5,1700,0.5,1
18,8,634,2,10,5,0,500,0.6,1000,0.2,1400,0.2,1
18,9,400,0,0,300,0.5,1700,0.5,1
18,10,135,1,0,500,0.6,1000,0.2,1400,0.2,2
18,11,490,2,10,5,0,500,0.6,1000,0.2,1400,0.2,1
18,12,219,2,10,5,0,500,0.6,1000,0.2,1400,0.2,0
18,13,180,0,0,500,0.6,1000,0.2,1400,0.2,0
18,14,296,2,10,5,0,500,0.6,1000,0.2,1400,0.2,0
18,15,547,1,0,500,0.6,1000,0.2,1400,0.2,0
18,16,88,2,10,5,0,300,0.5,1700,0.5,2
18,17,971,1,0,500,0.6,1000,0.2,1400,0.2,2
18,18,829,0,0,500,0.6,1000,0.2,1400,0.2,0
18,19,967,0,0,300,0.5,1700,0.5,1
19,0,599,1,0,500,0.6,1000,0.2,1400,0.2,0
19,1,716,0,0,500,0.6,1000,0.2,1400,0.2,1
19,2,576,2,10,5,0,300,0.5,1700,0.5,2
19,3,188,2,10,5,0,300,0.5,1700,0.5,0
19,4,833,1,0,500,0.6,1000,0.2,1400,0.2,1
19,5,614,1,0,500,0.6,1000,0.2,1400,0.2,2
19,6,932,2,10,5,0,300,0.5,1700,0.5,1
19,7,888,2,10,5,0,300,0.5,1700,0.5,0
19,8,209,1,0,500,0.6,1000,0.2,1400,0.2,2
19,9,260,2,10,5,0,500,0.6,1000,0.2,1400,0.2,2
19,10,179,0,0,300,0.5,1700,0.5,1
19,11,237,1,0,300,0.5,1700,0.5,1
19,12,230,0,0,500,0.6,1000,0.2,1400,0.2,1
19,13,993,0,0,300,0.5,1700,0.5,1
19,14,158,2,10,5,0,300,0.5,1700,0.5,2
19,15,113,0,0,500,0.6,1000,0.2,1400,0.2,1
19,16,873,1,0,300,0.5,1700,0.5,0
19,17,473,1,0,500,0.6,1000,0.2,1400,0.2,1
19,18,394,2,10,5,0,300,0.5,1700,0.5,1
19,19,479,2,10,5,0,300,0.5,1700,0.5,1
