0,0,622,2,10,5,0,500,0.6,1000,0.2,1400,0.2,1
0,1,725,1,0,300,0.5,1700,0.5,1
0,2,183,2,10,5,0,300,0.5,1700,0.5,2
0,3,1000,1,0,300,0.5,1700,0.5,2
0,4,39,1,0,500,0.6,1000,0.2,1400,0.2,0
0,5,926,0,0,500,0.6,1000,0.2,1400,0.2,1
0,6,815,0,0,300,0.5,1700,0.5,0
0,7,200,2,10,5,0,300,0.5,1700,0.5,1
0,8,612,0,0,500,0.6,1000,0.2,1400,0.2,1
0,9,426,0,0,300,0.5,1700,0.5,1
0,10,984,2,10,5,0,300,0.5,1700,0.5,0
0,11,891,1,0,300,0.5,1700,0.5,1
0,12,904,1,0,300,0.5,1700,0.5,2
0,13,188,1,0,500,0.6,1000,0.2,1400,0.2,0
0,14,417,1,0,300,0.5,1700,0.5,0
0,15,174,1,0,500,0.6,1000,0.2,1400,0.2,1
0,16,706,1,0,500,0.6,1000,0.2,1400,0.2,2
0,17,615,2,10,5,0,500,0.6,1000,0.2,1400,0.2,0
0,18,141,2,10,5,0,500,0.6,1000,0.2,1400,0.2,2
0,19,183,0,0,500,0.6,1000,0.2,1400,0.2,0
1,0,962,2,10,5,0,500,0.6,1000,0.2,1400,0.2,0
1,1,877,2,10,5,0,500,0.6,1000,0.2,1400,0.2,1
1,2,207,0,0,300,0.5,1700,0.5,1
1,3,891,0,0,300,0.5,1700,0.5,1
1,4,659,0,0,300,0.5,1700,0.5,2
1,5,222,0,0,300,0.5,1700,0.5,0
1,6,339,2,10,5,0,300,0.5,1700,0.5,1
1,7,546,2,10,5,0,500,0.6,1000,0.2,1400,0.2,2
1,8,920,2,10,5,0,300,0.5,1700,0.5,0
1,9,968,1,0,500,0.6,1000,0.2,1400,0.2,0
1,10,923,2,10,5,0,500,0.6,1000,0.2,1400,0.2,2
1,11,807,1,0,300,0.5,1700,0.5,1
1,12,206,1,0,300,0.5,1700,0.5,2
1,13,192,2,10,5,0,500,0.6,1000,0.2,1400,0.2,1
1,14,547,2,10,5,0,300,0.5,1700,0.5,1
1,15,70,0,0,300,0.5,1700,0.5,2
1,16,329,2,10,5,0,500,0.6,1000,0.2,1400,0.2,0
1,17,167,0,0,500,0.6,1000,0.2,1400,0.2,0
1,18,523,2,10,5,0,500,0.6,1000,0.2,1400,0.2,1
1,19,713,0,0,300,0.5,1700,0.5,0
2,0,602,2,10,5,0,300,0.5,1700,0.5,2
2,1,572,1,0,300,0.5,1700,0.5,1
2,2,482,0,0,300,0.5,1700,0.5,0
2,3,116,0,0,300,0.5,1700,0.5,1
2,4,581,2,10,5,0,500,0.6,1000,0.2,1400,0.2,0
2,5,983,2,10,5,0,300,0.5,1700,0.5,1
2,6,99,1,0,500,0.6,1000,0.2,1400,0.2,2
2,7,578,2,10,5,0,500,0.6,1000,0.2,1400,0.2,1
2,8,312,2,10,5,0,500,0.6,1000,0.2,1400,0.2,2
2,9,46,1,0,300,0.5,1700,0.5,2
2,10,275,1,0,500,0.6,1000,0.2,1400,0.2,2
2,11,225,1,0,300,0.5,1700,0.5,1
2,12,627,0,0,300,0.5,1700,0.5,2
2,13,451,0,0,300,0.5,1700,0.5,2
2,14,346,0,0,500,0.6,1000,0.2,1400,0.2,0
2,15,183,1,0,500,0.6,1000,0.2,1400,0.2,1
2,16,135,2,10,5,0,500,0.6,1000,0.2,1400,0.2,0
2,17,230,2,10,5,0,500,0.6,1000,0.2,1400,0.2,1
2,18,338,2,10,5,0,500,0.6,1000,0.2,1400,0.2,1
2,19,44,1,0,500,0.6,1000,0.2,1400,0.2,1
3,0,380,0,0,500,0.6,1000,0.2,1400,0.2,2
3,1,286,2,10,5,0,300,0.5,1700,0.5,1
3,2,603,0,0,300,0.5,1700,0.5,2
3,3,591,1,0,500,0.6,1000,0.2,1400,0.2,2
3,4,411,0,0,500,0.6,1000,0.2,1400,0.2,0
3,5,218,2,10,5,0,300,0.5,1700,0.5,0
3,6,166,2,10,5,0,300,0.5,1700,0.5,1
3,7,965,2,10,5,0,300,0.5,1700,0.5,2
3,8,792,2,10,5,0,500,0.6,1000,0.2,1400,0.2,2
3,9,997,1,0,500,0.6,1000,0.2,1400,0.2,1
3,10,934,0,0,500,0.6,1000,0.2,1400,0.2,2
3,11,765,0,0,500,0.6,1000,0.2,1400,0.2,1
3,12,354,0,0,500,0.6,1000,0.2,1400,0.2,0
3,13,513,2,10,5,0,500,0.6,1000,0.2,1400,0.2,1
3,14,696,1,0,300,0.5,1700,0.5,1
3,15,619,0,0,500,0.6,1000,0.2,1400,0.2,1
3,16,374,0,0,500,0.6,1000,0.2,1400,0.2,2
3,17,161,0,0,500,0.6,1000,0.2,1400,0.2,1
3,18,971,0,0,300,0.5,1700,0.5,1
3,19,164,2,10,5,0,500,0.6,1000,0.2,1400,0.2,0
4,0,367,2,10,5,0,300,0.5,1700,0.5,1
4,1,721,2,10,5,0,300,0.5,1700,0.5,1
4,2,410,0,0,500,0.6,1000,0.2,1400,0.2,2
4,3,979,1,0,500,0.6,1000,0.2,1400,0.2,0
4,4,800,0,0,300,0.5,1700,0.5,0
4,5,554,0,0,500,0.6,1000,0.2,1400,0.2,1
4,6,423,0,0,300,0.5,1700,0.5,1
4,7,93,1,0,500,0.6,1000,0.2,1400,0.2,2
4,8,314,0,0,500,0.6,1000,0.2,1400,0.2,0
4,9,428,0,0,500,0.6,1000,0.2,1400,0.2,0
4,10,506,0,0,300,0.5,1700,0.5,1
4,11,702,2,10,5,0,500,0.6,1000,0.2,1400,0.2,2
4,12,55,2,10,5,0,300,0.5,1700,0.5,0
4,13,530,2,10,5,0,500,0.6,1000,0.2,1400,0.2,0
4,14,45,1,0,300,0.5,1700,0.5,2
4,15,69,0,0,500,0.6,1000,0.2,1400,0.2,0
4,16,257,0,0,300,0.5,1700,0.5,2
4,17,484,2,10,5,0,300,0.5,1700,0.5,1
4,18,768,2,10,5,0,500,0.6,1000,0.2,1400,0.2,1
4,19,623,0,0,500,0.6,1000,0.2,1400,0.2,0
5,0,380,0,0,300,0.5,1700,0.5,0
5,1,295,0,0,500,0.6,1000,0.2,1400,0.2,2
5,2,222,2,10,5,0,500,0.6,1000,0.2,1400,0.2,2
5,3,73,2,10,5,0,500,0.6,1000,0.2,1400,0.2,1
5,4,830,0,0,300,0.5,1700,0.5,1
5,5,442,1,0,500,0.6,1000,0.2,1400,0.2,1
5,6,657,2,10,5,0,300,0.5,1700,0.5,0
5,7,486,2,10,5,0,500,0.6,1000,0.2,1400,0.2,2
5,8,761,2,10,5,0,500,0.6,1000,0.2,1400,0.2,1
5,9,480,0,0,500,0.6,1000,0.2,1400,0.2,1
5,10,295,1,0,300,0.5,1700,0.5,1
5,11,765,2,10,5,0,500,0.6,1000,0.2,1400,0.2,0
5,12,202,1,0,500,0.6,1000,0.2,1400,0.2,1
5,13,261,2,10,5,0,500,0.6,1000,0.2,1400,0.2,1
5,14,417,1,0,500,0.6,1000,0.2,1400,0.2,0
5,15,343,1,0,300,0.5,1700,0.5,0
5,16,220,1,0,500,0.6,1000,0.2,1400,0.2,2
5,17,846,2,10,5,0,500,0.6,1000,0.2,1400,0.2,1
5,18,531,0,0,500,0.6,1000,0.2,1400,0.2,1
5,19,31,2,10,5,0,500,0.6,1000,0.2,1400,0.2,0
6,0,854,1,0,500,0.6,1000,0.2,1400,0.2,0
6,1,746,2,10,5,0,500,0.6,1000,0.2,1400,0.2,1
6,2,772,0,0,500,0.6,1000,0.2,1400,0.2,2
6,3,369,0,0,500,0.6,1000,0.2,1400,0.2,2
6,4,603,1,0,300,0.5,1700,0.5,0
6,5,529,1,0,500,0.6,1000,0.2,1400,0.2,0
6,6,637,0,0,500,0.6,1000,0.2,1400,0.2,0
6,7,38,2,10,5,0,300,0.5,1700,0.5,1
6,8,418,1,0,500,0.6,1000,0.2,1400,0.2,1
6,9,626,2,10,5,0,500,0.6,1000,0.2,1400,0.2,0
6,10,418,2,10,5,0,500,0.6,1000,0.2,1400,0.2,1
6,11,518,2,10,5,0,500,0.6,1000,0.2,1400,0.2,0
6,12,358,1,0,300,0.5,1700,0.5,0
6,13,992,2,10,5,0,300,0.5,1700,0.5,1
6,14,743,0,0,500,0.6,1000,0.2,1400,0.2,2
6,15,798,0,0,500,0.6,1000,0.2,1400,0.2,1
6,16,34,2,10,5,0,300,0.5,1700,0.5,1
6,17,381,2,10,5,0,300,0.5,1700,0.5,2
6,18,48,1,0,500,0.6,1000,0.2,1400,0.2,2
6,19,948,1,0,300,0.5,1700,0.5,2
7,0,404,1,0,300,0.5,1700,0.5,2
7,1,940,2,10,5,0,300,0.5,1700,0.5,1
7,2,245,1,0,500,0.6,1000,0.2,1400,0.2,1
7,3,678,2,10,5,0,300,0.5,1700,0.5,1
7,4,536,2,10,5,0,300,0.5,1700,0.5,2
7,5,581,2,10,5,0,300,0.5,1700,0.5,2
7,6,465,2,10,5,0,500,0.6,1000,0.2,1400,0.2,0
7,7,932,0,0,500,0.6,1000,0.2,1400,0.2,0
7,8,137,0,0,300,0.5,1700,0.5,0
7,9,973,0,0,500,0.6,1000,0.2,1400,0.2,1
7,10,232,2,10,5,0,500,0.6,1000,0.2,1400,0.2,0
7,11,427,2,10,5,0,500,0.6,1000,0.2,1400,0.2,0
7,12,708,1,0,300,0.5,1700,0.5,1
7,13,372,1,0,500,0.6,1000,0.2,1400,0.2,2
7,14,678,2,10,5,0,300,0.5,1700,0.5,2
7,15,580,2,10,5,0,500,0.6,1000,0.2,1400,0.2,1
7,16,855,2,10,5,0,500,0.6,1000,0.2,1400,0.2,2
7,17,642,2,10,5,0,300,0.5,1700,0.5,2
7,18,414,2,10,5,0,300,0.5,1700,0.5,1
7,19,190,0,0,500,0.6,1000,0.2,1400,0.2,2
8,0,238,1,0,300,0.5,1700,0.5,2
8,1,233,0,0,300,0.5,1700,0.5,0
8,2,52,0,0,500,0.6,1000,0.2,1400,0.2,1
8,3,706,2,10,5,0,500,0.6,1000,0.2,1400,0.2,1
8,4,795,0,0,300,0.5,1700,0.5,1
8,5,301,2,10,5,0,300,0.5,1700,0.5,0
8,6,798,1,0,300,0.5,1700,0.5,0
8,7,633,1,0,300,0.5,1700,0.5,1
8,8,560,2,10,5,0,500,0.6,1000,0.2,1400,0.2,1
8,9,983,1,0,300,0.5,1700,0.5,1
8,10,532,1,0,300,0.5,1700,0.5,2
8,11,542,2,10,5,0,300,0.5,1700,0.5,1
8,12,294,2,10,5,0,300,0.5,1700,0.5,2
8,13,441,1,0,500,0.6,1000,0.2,1400,0.2,0
8,14,556,1,0,500,0.6,1000,0.2,1400,0.2,0
8,15,655,0,0,300,0.5,1700,0.5,2
8,16,614,0,0,500,0.6,1000,0.2,1400,0.2,0
8,17,350,1,0,500,0.6,1000,0.2,1400,0.2,0
8,18,500,1,0,500,0.6,1000,0.2,1400,0.2,0
8,19,346,0,0,300,0.5,1700,0.5,0
9,0,272,1,0,300,0.5,1700,0.5,0
9,1,106,1,0,500,0.6,1000,0.2,1400,0.2,1
9,2,398,2,10,5,0,500,0.6,1000,0.2,1400,0.2,0
9,3,983,2,10,5,0,500,0.6,1000,0.2,1400,0.2,2
9,4,179,0,0,500,0.6,1000,0.2,1400,0.2,1
9,5,708,0,0,500,0.6,1000,0.2,1400,0.2,0
9,6,814,1,0,500,0.6,1000,0.2,1400,0.2,1
9,7,488,0,0,300,0.5,1700,0.5,2
9,8,180,2,10,5,0,300,0.5,1700,0.5,1
9,9,778,1,0,300,0.5,1700,0.5,0
9,10,568,2,10,5,0,300,0.5,1700,0.5,1
9,11,979,1,0,500,0.6,1000,0.2,1400,0.2,1
9,12,954,0,0,300,0.5,1700,0.5,2
9,13,481,0,0,500,0.6,1000,0.2,1400,0.2,0
9,14,459,2,10,5,0,500,0.6,1000,0.2,1400,0.2,1
9,15,688,2,10,5,0,500,0.6,1000,0.2,1400,0.2,0
9,16,425,1,0,300,0.5,1700,0.5,0
9,17,711,0,0,500,0.6,1000,0.2,1400,0.2,0
9,18,894,2,10,5,0,500,0.6,1000,0.2,1400,0.2,2
9,19,200,0,0,500,0.6,1000,0.2,1400,0.2,0
10,0,735,2,10,5,0,300,0.5,1700,0.5,2
10,1,263,2,10,5,0,500,0.6,1000,0.2,1400,0.2,2
10,2,794,0,0,500,0.6,1000,0.2,1400,0.2,0
10,3,877,2,10,5,0,500,0.6,1000,0.2,1400,0.2,2
10,4,579,2,10,5,0,300,0.5,1700,0.5,2
10,5,540,0,0,500,0.6,1000,0.2,1400,0.2,0
10,6,946,0,0,500,0.6,1000,0.2,1400,0.2,2
10,7,577,0,0,500,0.6,1000,0.2,1400,0.2,0
10,8,439,0,0,300,0.5,1700,0.5,2
10,9,251,1,0,500,0.6,1000,0.2,1400,0.2,0
10,10,303,0,0,300,0.5,1700,0.5,1
10,11,22,1,0,300,0.5,1700,0.5,2
10,12,809,0,0,300,0.5,1700,0.5,1
10,13,283,2,10,5,0,500,0.6,1000,0.2,1400,0.2,1
10,14,566,2,10,5,0,500,0.6,1000,0.2,1400,0.2,1
10,15,975,0,0,500,0.6,1000,0.2,1400,0.2,0
10,16,171,2,10,5,0,300,0.5,1700,0.5,2
10,17,916,1,0,500,0.6,1000,0.2,1400,0.2,2
10,18,242,2,10,5,0,300,0.5,1700,0.5,0
10,19,564,0,0,300,0.5,1700,0.5,0
11,0,285,1,0,500,0.6,1000,0.2,1400,0.2,2
11,1,985,2,10,5,0,500,0.6,1000,0.2,1400,0.2,1
11,2,920,2,10,5,0,300,0.5,1700,0.5,1
11,3,242,1,0,500,0.6,1000,0.2,1400,0.2,1
11,4,226,1,0,300,0.5,1700,0.5,1
11,5,535,0,0,500,0.6,1000,0.2,1400,0.2,1
11,6,25,1,0,500,0.6,1000,0.2,1400,0.2,2
11,7,455,0,0,500,0.6,1000,0.2,1400,0.2,1
11,8,130,1,0,500,0.6,1000,0.2,1400,0.2,1
11,9,839,0,0,500,0.6,1000,0.2,1400,0.2,1
11,10,325,1,0,300,0.5,1700,0.5,2
11,11,332,2,10,5,0,300,0.5,1700,0.5,0
11,12,154,1,0,300,0.5,1700,0.5,2
11,13,589,2,10,5,0,500,0.6,1000,0.2,1400,0.2,2
11,14,296,0,0,500,0.6,1000,0.2,1400,0.2,0
11,15,819,2,10,5,0,500,0.6,1000,0.2,1400,0.2,0
11,16,849,2,10,5,0,500,0.6,1000,0.2,1400,0.2,2
11,17,454,2,10,5,0,300,0.5,1700,0.5,2
11,18,784,2,10,5,0,500,0.6,1000,0.2,1400,0.2,1
11,19,744,1,0,500,0.6,1000,0.2,1400,0.2,1
12,0,330,2,10,5,0,300,0.5,1700,0.5,2
12,1,951,2,10,5,0,300,0.5,1700,0.5,2
12,2,857,2,10,5,0,300,0.5,1700,0.5,0
12,3,690,2,10,5,0,300,0.5,1700,0.5,0
12,4,17,0,0,500,0.6,1000,0.2,1400,0.2,1
12,5,591,1,0,300,0.5,1700,0.5,0
12,6,316,2,10,5,0,300,0.5,1700,0.5,1
12,7,357,0,0,300,0.5,1700,0.5,1
12,8,583,1,0,500,0.6,1000,0.2,1400,0.2,1
12,9,903,0,0,500,0.6,1000,0.2,1400,0.2,2
12,10,549,2,10,5,0,300,0.5,1700,0.5,0
12,11,393,0,0,500,0.6,1000,0.2,1400,0.2,2
12,12,627,2,10,5,0,300,0.5,1700,0.5,2
12,13,903,1,0,500,0.6,1000,0.2,1400,0.2,1
12,14,401,1,0,300,0.5,1700,0.5,0
12,15,677,0,0,300,0.5,1700,0.5,2
12,16,781,2,10,5,0,500,0.6,1000,0.2,1400,0.2,1
12,17,265,1,0,500,0.6,1000,0.2,1400,0.2,1
12,18,393,0,0,300,0.5,1700,0.5,2
12,19,443,1,0,300,0.5,1700,0.5,1
13,0,137,1,0,500,0.6,1000,0.2,1400,0.2,2
13,1,833,2,10,5,0,500,0.6,1000,0.2,1400,0.2,0
13,2,231,1,0,300,0.5,1700,0.5,2
13,3,818,0,0,500,0.6,1000,0.2,1400,0.2,1
13,4,388,1,0,500,0.6,1000,0.2,1400,0.2,1
13,5,826,2,10,5,0,300,0.5,1700,0.5,1
13,6,583,2,10,5,0,300,0.5,1700,0.5,1
13,7,934,2,10,5,0,500,0.6,1000,0.2,1400,0.2,0
13,8,289,0,0,500,0.6,1000,0.2,1400,0.2,2
13,9,757,0,0,500,0.6,1000,0.2,1400,0.2,2
13,10,634,0,0,300,0.5,1700,0.5,1
13,11,425,1,0,500,0.6,1000,0.2,1400,0.2,2
13,12,888,0,0,500,0.6,1000,0.2,1400,0.2,1
13,13,553,1,0,300,0.5,1700,0.5,2
13,14,960,1,0,500,0.6,1000,0.2,1400,0.2,2
13,15,15,1,0,300,0.5,1700,0.5,2
13,16,722,0,0,300,0.5,1700,0.5,1
13,17,969,2,10,5,0,300,0.5,1700,0.5,0
13,18,244,1,0,300,0.5,1700,0.5,0
13,19,129,2,10,5,0,300,0.5,1700,0.5,2
14,0,582,0,0,500,0.6,1000,0.2,1400,0.2,0
14,1,692,1,0,300,0.5,1700,0.5,1
14,2,647,1,0,500,0.6,1000,0.2,1400,0.2,0
14,3,640,1,0,300,0.5,1700,0.5,1
14,4,141,0,0,500,0.6,1000,0.2,1400,0.2,2
14,5,149,2,10,5,0,500,0.6,1000,0.2,1400,0.2,2
14,6,982,2,10,5,0,500,0.6,1000,0.2,1400,0.2,2
14,7,318,0,0,500,0.6,1000,0.2,1400,0.2,0
14,8,472,0,0,500,0.6,1000,0.2,1400,0.2,1
14,9,985,0,0,500,0.6,1000,0.2,1400,0.2,0
14,10,670,2,10,5,0,300,0.5,1700,0.5,2
14,11,926,1,0,500,0.6,1000,0.2,1400,0.2,2
14,12,879,0,0,500,0.6,1000,0.2,1400,0.2,2
14,13,834,2,10,5,0,300,0.5,1700,0.5,0
14,14,757,1,0,300,0.5,1700,0.5,2
14,15,885,2,10,5,0,500,0.6,1000,0.2,1400,0.2,1
14,16,443,0,0,500,0.6,1000,0.2,1400,0.2,2
14,17,302,0,0,300,0.5,1700,0.5,1
14,18,178,0,0,500,0.6,1000,0.2,1400,0.2,0
14,19,182,2,10,5,0,500,0.6,1000,0.2,1400,0.2,0
15,0,886,2,10,5,0,500,0.6,1000,0.2,1400,0.2,2
15,1,871,0,0,300,0.5,1700,0.5,1
15,2,638,2,10,5,0,500,0.6,1000,0.2,1400,0.2,1
15,3,466,0,0,500,0.6,1000,0.2,1400,0.2,2
15,4,163,1,0,500,0.6,1000,0.2,1400,0.2,1
15,5,420,0,0,500,0.6,1000,0.2,1400,0.2,0
15,6,507,2,10,5,0,500,0.6,1000,0.2,1400,0.2,1
15,7,976,2,10,5,0,300,0.5,1700,0.5,0
15,8,822,1,0,300,0.5,1700,0.5,0
15,9,581,2,10,5,0,500,0.6,1000,0.2,1400,0.2,0
15,10,120,1,0,500,0.6,1000,0.2,1400,0.2,1
15,11,993,0,0,300,0.5,1700,0.5,2
15,12,334,1,0,500,0.6,1000,0.2,1400,0.2,1
15,13,470,1,0,300,0.5,1700,0.5,2
15,14,309,1,0,500,0.6,1000,0.2,1400,0.2,1
15,15,884,1,0,300,0.5,1700,0.5,0
15,16,858,1,0,500,0.6,1000,0.2,1400,0.2,0
15,17,795,1,0,500,0.6,1000,0.2,1400,0.2,0
15,18,856,2,10,5,0,300,0.5,1700,0.5,2
15,19,486,2,10,5,0,300,0.5,1700,0.5,1
16,0,163,1,0,500,0.6,1000,0.2,1400,0.2,1
16,1,986,2,10,5,0,500,0.6,1000,0.2,1400,0.2,0
16,2,501,2,10,5,0,500,0.6,1000,0.2,1400,0.2,0
16,3,294,1,0,300,0.5,1700,0.5,1
16,4,221,0,0,300,0.5,1700,0.5,1
16,5,130,0,0,300,0.5,1700,0.5,0
16,6,206,1,0,300,0.5,1700,0.5,1
16,7,407,1,0,300,0.5,1700,0.5,2
16,8,928,0,0,300,0.5,1700,0.5,0
16,9,564,1,0,300,0.5,1700,0.5,1
16,10,164,1,0,300,0.5,1700,0.5,2
16,11,736,0,0,300,0.5,1700,0.5,1
16,12,256,1,0,500,0.6,1000,0.2,1400,0.2,1
16,13,495,0,0,300,0.5,1700,0.5,1
16,14,574,1,0,300,0.5,1700,0.5,2
16,15,398,1,0,300,0.5,1700,0.5,1
16,16,940,0,0,500,0.6,1000,0.2,1400,0.2,1
16,17,727,2,10,5,0,500,0.6,1000,0.2,1400,0.2,2
16,18,443,1,0,300,0.5,1700,0.5,1
16,19,752,1,0,300,0.5,1700,0.5,1
17,0,445,1,0,300,0.5,1700,0.5,0
17,1,617,0,0,300,0.5,1700,0.5,2
17,2,484,2,10,5,0,500,0.6,1000,0.2,1400,0.2,1
17,3,794,0,0,500,0.6,1000,0.2,1400,0.2,0
17,4,954,1,0,500,0.6,1000,0.2,1400,0.2,1
17,5,331,0,0,300,0.5,1700,0.5,2
17,6,441,2,10,5,0,500,0.6,1000,0.2,1400,0.2,2
17,7,82,1,0,500,0.6,1000,0.2,1400,0.2,1
17,8,614,0,0,500,0.6,1000,0.2,1400,0.2,1
17,9,930,2,10,5,0,300,0.5,1700,0.5,2
17,10,445,1,0,500,0.6,1000,0.2,1400,0.2,0
17,11,177,1,0,500,0.6,1000,0.2,1400,0.2,2
17,12,702,1,0,500,0.6,1000,0.2,1400,0.2,2
17,13,468,2,10,5,0,300,0.5,1700,0.5,2
17,14,339,1,0,500,0.6,1000,0.2,1400,0.2,1
17,15,707,0,0,500,0.6,1000,0.2,1400,0.2,1
17,16,744,2,10,5,0,500,0.6,1000,0.2,1400,0.2,0
17,17,459,0,0,500,0.6,1000,0.2,1400,0.2,0
17,18,904,1,0,300,0.5,1700,0.5,0
17,19,608,2,10,5,0,300,0.5,1700,0.5,1
18,0,119,1,0,300,0.5,1700,0.5,2
18,1,262,2,10,5,0,500,0.6,1000,0.2,1400,0.2,2
18,2,318,2,10,5,0,500,0.6,1000,0.2,1400,0.2,0
18,3,847,1,0,500,0.6,1000,0.2,1400,0.2,2
18,4,460,2,10,5,0,500,0.6,1000,0.2,1400,0.2,0
18,5,894,1,0,500,0.6,1000,0.2,1400,0.2,2
18,6,760,2,10,5,0,500,0.6,1000,0.2,1400,0.2,1
18,7,214,1,0,500,0.6,1000,0.2,1400,0.2,0
18,8,1000,0,0,500,0.6,1000,0.2,1400,0.2,2
18,9,813,1,0,500,0.6,1000,0.2,1400,0.2,1
18,10,725,2,10,5,0,500,0.6,1000,0.2,1400,0.2,1
18,11,178,1,0,300,0.5,1700,0.5,1
18,12,540,0,0,500,0.6,1000,0.2,1400,0.2,2
18,13,802,2,10,5,0,500,0.6,1000,0.2,1400,0.2,2
18,14,753,2,10,5,0,500,0.6,1000,0.2,1400,0.2,2
18,15,286,0,0,300,0.5,1700,0.5,2
18,16,98,0,0,300,0.5,1700,0.5,0
18,17,823,2,10,5,0,300,0.5,1700,0.5,0
18,18,247,0,0,500,0.6,1000,0.2,1400,0.2,0
18,19,738,2,10,5,0,500,0.6,1000,0.2,1400,0.2,2
19,0,275,1,0,500,0.6,1000,0.2,1400,0.2,1
19,1,259,2,10,5,0,300,0.5,1700,0.5,2
19,2,37,1,0,500,0.6,1000,0.2,1400,0.2,0
19,3,737,2,10,5,0,300,0.5,1700,0.5,1
19,4,244,2,10,5,0,300,0.5,1700,0.5,2
19,5,998,2,10,5,0,500,0.6,1000,0.2,1400,0.2,1
19,6,178,0,0,300,0.5,1700,0.5,0
19,7,357,2,10,5,0,300,0.5,1700,0.5,0
19,8,138,1,0,300,0.5,1700,0.5,1
19,9,34,0,0,500,0.6,1000,0.2,1400,0.2,0
19,10,619,0,0,300,0.5,1700,0.5,2
19,11,107,2,10,5,0,500,0.6,1000,0.2,1400,0.2,2
19,12,859,2,10,5,0,500,0.6,1000,0.2,1400,0.2,2
19,13,219,0,0,500,0.6,1000,0.2,1400,0.2,1
19,14,673,1,0,300,0.5,1700,0.5,0
19,15,894,1,0,300,0.5,1700,0.5,2
19,16,277,2,10,5,0,500,0.6,1000,0.2,1400,0.2,2
19,17,919,0,0,500,0.6,1000,0.2,1400,0.2,2
19,18,390,1,0,500,0.6,1000,0.2,1400,0.2,1
19,19,763,1,0,300,0.5,1700,0.5,2
