0,0,688,2,10,5,0,300,0.5,1700,0.5,1
0,1,416,1,0,500,0.6,1000,0.2,1400,0.2,1
0,2,55,2,10,5,0,300,0.5,1700,0.5,1
0,3,198,2,10,5,0,500,0.6,1000,0.2,1400,0.2,2
0,4,553,1,0,300,0.5,1700,0.5,1
0,5,67,2,10,5,0,300,0.5,1700,0.5,2
0,6,110,0,0,500,0.6,1000,0.2,1400,0.2,2
0,7,114,2,10,5,0,500,0.6,1000,0.2,1400,0.2,0
0,8,24,0,0,300,0.5,1700,0.5,0
0,9,985,1,0,300,0.5,1700,0.5,2
0,10,252,2,10,5,0,300,0.5,1700,0.5,2
0,11,965,0,0,300,0.5,1700,0.5,1
0,12,949,1,0,300,0.5,1700,0.5,0
0,13,343,2,10,5,0,300,0.5,1700,0.5,0
0,14,640,0,0,300,0.5,1700,0.5,2
0,15,171,2,10,5,0,300,0.5,1700,0.5,1
0,16,943,2,10,5,0,500,0.6,1000,0.2,1400,0.2,1
0,17,706,2,10,5,0,300,0.5,1700,0.5,2
0,18,537,2,10,5,0,300,0.5,1700,0.5,1
0,19,58,1,0,500,0.6,1000,0.2,1400,0.2,1
1,0,316,0,0,300,0.5,1700,0.5,2
1,1,306,0,0,500,0.6,1000,0.2,1400,0.2,1
1,2,396,0,0,300,0.5,1700,0.5,2
1,3,629,2,10,5,0,500,0.6,1000,0.2,1400,0.2,0
1,4,874,0,0,300,0.5,1700,0.5,1
1,5,675,0,0,300,0.5,1700,0.5,0
1,6,421,2,10,5,0,500,0.6,1000,0.2,1400,0.2,0
1,7,419,0,0,500,0.6,1000,0.2,1400,0.2,0
1,8,89,0,0,500,0.6,1000,0.2,1400,0.2,2
1,9,377,2,10,5,0,300,0.5,1700,0.5,1
1,10,967,0,0,500,0.6,1000,0.2,1400,0.2,0
1,11,444,1,0,500,0.6,1000,0.2,1400,0.2,1
1,12,937,2,10,5,0,300,0.5,1700,0.5,0
1,13,747,1,0,300,0.5,1700,0.5,0
1,14,178,1,0,500,0.6,1000,0.2,1400,0.2,2
1,15,972,2,10,5,0,300,0.5,1700,0.5,0
1,16,583,1,0,500,0.6,1000,0.2,1400,0.2,0
1,17,661,2,10,5,0,500,0.6,1000,0.2,1400,0.2,0
1,18,862,0,0,500,0.6,1000,0.2,1400,0.2,0
1,19,931,0,0,300,0.5,1700,0.5,0
2,0,972,0,0,300,0.5,1700,0.5,2
2,1,201,1,0,300,0.5,1700,0.5,1
2,2,71,2,10,5,0,500,0.6,1000,0.2,1400,0.2,2
2,3,735,1,0,500,0.6,1000,0.2,1400,0.2,0
2,4,12,1,0,300,0.5,1700,0.5,0
2,5,732,1,0,500,0.6,1000,0.2,1400,0.2,0
2,6,658,1,0,300,0.5,1700,0.5,0
2,7,76,1,0,300,0.5,1700,0.5,0
2,8,164,1,0,300,0.5,1700,0.5,1
2,9,535,1,0,300,0.5,1700,0.5,1
2,10,619,2,10,5,0,500,0.6,1000,0.2,1400,0.2,0
2,11,514,1,0,300,0.5,1700,0.5,1
2,12,771,1,0,300,0.5,1700,0.5,1
2,13,604,0,0,500,0.6,1000,0.2,1400,0.2,2
2,14,819,2,10,5,0,300,0.5,1700,0.5,2
2,15,744,0,0,500,0.6,1000,0.2,1400,0.2,1
2,16,297,1,0,300,0.5,1700,0.5,2
2,17,132,2,10,5,0,300,0.5,1700,0.5,2
2,18,178,0,0,300,0.5,1700,0.5,2
2,19,967,1,0,300,0.5,1700,0.5,0
3,0,106,0,0,300,0.5,1700,0.5,1
3,1,588,1,0,300,0.5,1700,0.5,1
3,2,753,0,0,300,0.5,1700,0.5,1
3,3,717,1,0,500,0.6,1000,0.2,1400,0.2,2
3,4,77,0,0,300,0.5,1700,0.5,2
3,5,184,0,0,500,0.6,1000,0.2,1400,0.2,0
3,6,276,0,0,500,0.6,1000,0.2,1400,0.2,2
3,7,305,1,0,300,0.5,1700,0.5,0
3,8,24,0,0,500,0.6,1000,0.2,1400,0.2,0
3,9,606,2,10,5,0,500,0.6,1000,0.2,1400,0.2,1
3,10,881,1,0,500,0.6,1000,0.2,1400,0.2,2
3,11,531,2,10,5,0,500,0.6,1000,0.2,1400,0.2,2
3,12,959,2,10,5,0,500,0.6,1000,0.2,1400,0.2,2
3,13,438,0,0,300,0.5,1700,0.5,2
3,14,456,0,0,300,0.5,1700,0.5,0
3,15,569,2,10,5,0,300,0.5,1700,0.5,0
3,16,702,2,10,5,0,500,0.6,1000,0.2,1400,0.2,2
3,17,382,0,0,500,0.6,1000,0.2,1400,0.2,2
3,18,777,2,10,5,0,300,0.5,1700,0.5,0
3,19,73,0,0,500,0.6,1000,0.2,1400,0.2,1
4,0,358,2,10,5,0,300,0.5,1700,0.5,0
4,1,400,2,10,5,0,300,0.5,1700,0.5,1
4,2,918,0,0,300,0.5,1700,0.5,1
4,3,22,1,0,300,0.5,1700,0.5,2
4,4,373,1,0,500,0.6,1000,0.2,1400,0.2,1
4,5,61,1,0,500,0.6,1000,0.2,1400,0.2,2
4,6,463,0,0,300,0.5,1700,0.5,1
4,7,546,2,10,5,0,500,0.6,1000,0.2,1400,0.2,2
4,8,955,2,10,5,0,300,0.5,1700,0.5,1
4,9,816,0,0,300,0.5,1700,0.5,1
4,10,270,0,0,300,0.5,1700,0.5,2
4,11,694,0,0,500,0.6,1000,0.2,1400,0.2,1
4,12,849,1,0,300,0.5,1700,0.5,1
4,13,36,1,0,300,0.5,1700,0.5,0
4,14,869,2,10,5,0,500,0.6,1000,0.2,1400,0.2,1
4,15,425,2,10,5,0,300,0.5,1700,0.5,2
4,16,111,2,10,5,0,500,0.6,1000,0.2,1400,0.2,0
4,17,783,1,0,500,0.6,1000,0.2,1400,0.2,2
4,18,787,1,0,500,0.6,1000,0.2,1400,0.2,2
4,19,63,2,10,5,0,500,0.6,1000,0.2,1400,0.2,1
5,0,405,2,10,5,0,500,0.6,1000,0.2,1400,0.2,1
5,1,648,1,0,300,0.5,1700,0.5,0
5,2,10,1,0,300,0.5,1700,0.5,2
5,3,172,2,10,5,0,500,0.6,1000,0.2,1400,0.2,0
5,4,257,2,10,5,0,500,0.6,1000,0.2,1400,0.2,0
5,5,640,2,10,5,0,300,0.5,1700,0.5,0
5,6,891,2,10,5,0,300,0.5,1700,0.5,2
5,7,740,1,0,300,0.5,1700,0.5,0
5,8,573,0,0,300,0.5,1700,0.5,2
5,9,367,1,0,300,0.5,1700,0.5,1
5,10,954,0,0,300,0.5,1700,0.5,1
5,11,532,2,10,5,0,300,0.5,1700,0.5,1
5,12,811,2,10,5,0,500,0.6,1000,0.2,1400,0.2,0
5,13,698,0,0,300,0.5,1700,0.5,2
5,14,912,2,10,5,0,500,0.6,1000,0.2,1400,0.2,1
5,15,889,0,0,300,0.5,1700,0.5,1
5,16,697,0,0,500,0.6,1000,0.2,1400,0.2,0
5,17,926,2,10,5,0,300,0.5,1700,0.5,0
5,18,598,2,10,5,0,500,0.6,1000,0.2,1400,0.2,1
5,19,24,2,10,5,0,500,0.6,1000,0.2,1400,0.2,2
6,0,337,1,0,300,0.5,1700,0.5,0
6,1,790,1,0,500,0.6,1000,0.2,1400,0.2,1
6,2,936,2,10,5,0,300,0.5,1700,0.5,1
6,3,315,0,0,500,0.6,1000,0.2,1400,0.2,0
6,4,843,1,0,300,0.5,1700,0.5,0
6,5,593,2,10,5,0,300,0.5,1700,0.5,0
6,6,114,2,10,5,0,300,0.5,1700,0.5,2
6,7,796,1,0,500,0.6,1000,0.2,1400,0.2,2
6,8,102,0,0,300,0.5,1700,0.5,1
6,9,940,0,0,300,0.5,1700,0.5,0
6,10,959,1,0,500,0.6,1000,0.2,1400,0.2,0
6,11,844,0,0,300,0.5,1700,0.5,0
6,12,813,1,0,300,0.5,1700,0.5,0
6,13,207,0,0,500,0.6,1000,0.2,1400,0.2,0
6,14,929,1,0,300,0.5,1700,0.5,2
6,15,367,2,10,5,0,300,0.5,1700,0.5,1
6,16,978,2,10,5,0,500,0.6,1000,0.2,1400,0.2,2
6,17,668,0,0,300,0.5,1700,0.5,1
6,18,452,2,10,5,0,500,0.6,1000,0.2,1400,0.2,1
6,19,845,2,10,5,0,300,0.5,1700,0.5,2
7,0,329,0,0,500,0.6,1000,0.2,1400,0.2,0
7,1,563,0,0,500,0.6,1000,0.2,1400,0.2,0
7,2,570,1,0,300,0.5,1700,0.5,2
7,3,22,0,0,300,0.5,1700,0.5,1
7,4,360,1,0,300,0.5,1700,0.5,1
7,5,612,1,0,500,0.6,1000,0.2,1400,0.2,0
7,6,799,2,10,5,0,300,0.5,1700,0.5,1
7,7,782,0,0,300,0.5,1700,0.5,1
7,8,931,0,0,300,0.5,1700,0.5,0
7,9,283,1,0,500,0.6,1000,0.2,1400,0.2,2
7,10,514,0,0,500,0.6,1000,0.2,1400,0.2,2
7,11,319,1,0,300,0.5,1700,0.5,2
7,12,196,1,0,500,0.6,1000,0.2,1400,0.2,2
7,13,647,1,0,300,0.5,1700,0.5,1
7,14,528,1,0,500,0.6,1000,0.2,1400,0.2,0
7,15,105,1,0,300,0.5,1700,0.5,1
7,16,367,1,0,300,0.5,1700,0.5,1
7,17,27,0,0,300,0.5,1700,0.5,1
7,18,536,2,10,5,0,500,0.6,1000,0.2,1400,0.2,2
7,19,340,0,0,500,0.6,1000,0.2,1400,0.2,1
8,0,237,0,0,500,0.6,1000,0.2,1400,0.2,0
8,1,1000,2,10,5,0,300,0.5,1700,0.5,1
8,2,345,0,0,500,0.6,1000,0.2,1400,0.2,0
8,3,301,0,0,300,0.5,1700,0.5,0
8,4,434,1,0,300,0.5,1700,0.5,0
8,5,460,0,0,300,0.5,1700,0.5,1
8,6,988,2,10,5,0,500,0.6,1000,0.2,1400,0.2,0
8,7,418,0,0,500,0.6,1000,0.2,1400,0.2,2
8,8,463,0,0,500,0.6,1000,0.2,1400,0.2,2
8,9,460,2,10,5,0,300,0.5,1700,0.5,0
8,10,503,2,10,5,0,500,0.6,1000,0.2,1400,0.2,1
8,11,635,2,10,5,0,300,0.5,1700,0.5,1
8,12,308,1,0,300,0.5,1700,0.5,1
8,13,228,1,0,500,0.6,1000,0.2,1400,0.2,2
8,14,588,0,0,300,0.5,1700,0.5,1
8,15,950,1,0,500,0.6,1000,0.2,1400,0.2,0
8,16,416,1,0,300,0.5,1700,0.5,0
8,17,888,2,10,5,0,500,0.6,1000,0.2,1400,0.2,0
8,18,758,2,10,5,0,500,0.6,1000,0.2,1400,0.2,2
8,19,567,2,10,5,0,500,0.6,1000,0.2,1400,0.2,2
9,0,816,0,0,300,0.5,1700,0.5,2
9,1,16,2,10,5,0,500,0.6,1000,0.2,1400,0.2,0
9,2,267,2,10,5,0,300,0.5,1700,0.5,1
9,3,975,2,10,5,0,300,0.5,1700,0.5,0
9,4,173,2,10,5,0,300,0.5,1700,0.5,2
9,5,165,1,0,500,0.6,1000,0.2,1400,0.2,2
9,6,591,2,10,5,0,300,0.5,1700,0.5,2
9,7,314,1,0,300,0.5,1700,0.5,0
9,8,360,2,10,5,0,500,0.6,1000,0.2,1400,0.2,1
9,9,129,2,10,5,0,500,0.6,1000,0.2,1400,0.2,0
9,10,608,1,0,300,0.5,1700,0.5,0
9,11,455,0,0,500,0.6,1000,0.2,1400,0.2,0
9,12,869,1,0,500,0.6,1000,0.2,1400,0.2,0
9,13,125,0,0,500,0.6,1000,0.2,1400,0.2,0
9,14,257,0,0,300,0.5,1700,0.5,1
9,15,413,0,0,300,0.5,1700,0.5,0
9,16,685,1,0,300,0.5,1700,0.5,2
9,17,304,0,0,300,0.5,1700,0.5,1
9,18,758,1,0,300,0.5,1700,0.5,2
9,19,393,2,10,5,0,300,0.5,1700,0.5,2
10,0,357,1,0,300,0.5,1700,0.5,2
10,1,314,2,10,5,0,300,0.5,1700,0.5,1
10,2,125,1,0,500,0.6,1000,0.2,1400,0.2,0
10,3,142,2,10,5,0,500,0.6,1000,0.2,1400,0.2,1
10,4,506,2,10,5,0,500,0.6,1000,0.2,1400,0.2,0
10,5,776,1,0,500,0.6,1000,0.2,1400,0.2,1
10,6,109,1,0,500,0.6,1000,0.2,1400,0.2,2
10,7,852,1,0,300,0.5,1700,0.5,1
10,8,312,1,0,300,0.5,1700,0.5,0
10,9,552,1,0,500,0.6,1000,0.2,1400,0.2,0
10,10,58,2,10,5,0,300,0.5,1700,0.5,2
10,11,244,2,10,5,0,300,0.5,1700,0.5,0
10,12,341,1,0,300,0.5,1700,0.5,0
10,13,974,0,0,500,0.6,1000,0.2,1400,0.2,1
10,14,854,1,0,300,0.5,1700,0.5,2
10,15,640,1,0,500,0.6,1000,0.2,1400,0.2,0
10,16,924,2,10,5,0,500,0.6,1000,0.2,1400,0.2,2
10,17,632,0,0,500,0.6,1000,0.2,1400,0.2,0
10,18,404,0,0,300,0.5,1700,0.5,2
10,19,207,1,0,300,0.5,1700,0.5,2
11,0,949,2,10,5,0,300,0.5,1700,0.5,2
11,1,726,2,10,5,0,300,0.5,1700,0.5,0
11,2,140,1,0,500,0.6,1000,0.2,1400,0.2,0
11,3,359,2,10,5,0,500,0.6,1000,0.2,1400,0.2,0
11,4,131,0,0,300,0.5,1700,0.5,2
11,5,641,2,10,5,0,300,0.5,1700,0.5,2
11,6,392,1,0,300,0.5,1700,0.5,1
11,7,683,2,10,5,0,500,0.6,1000,0.2,1400,0.2,1
11,8,137,1,0,500,0.6,1000,0.2,1400,0.2,2
11,9,970,1,0,300,0.5,1700,0.5,0
11,10,539,2,10,5,0,500,0.6,1000,0.2,1400,0.2,2
11,11,81,0,0,500,0.6,1000,0.2,1400,0.2,2
11,12,366,1,0,300,0.5,1700,0.5,2
11,13,728,1,0,500,0.6,1000,0.2,1400,0.2,2
11,14,82,0,0,300,0.5,1700,0.5,1
11,15,883,1,0,300,0.5,1700,0.5,2
11,16,479,1,0,300,0.5,1700,0.5,0
11,17,90,2,10,5,0,500,0.6,1000,0.2,1400,0.2,2
11,18,47,2,10,5,0,500,0.6,1000,0.2,1400,0.2,1
11,19,744,0,0,300,0.5,1700,0.5,1
12,0,256,1,0,500,0.6,1000,0.2,1400,0.2,0
12,1,148,0,0,300,0.5,1700,0.5,2
12,2,260,2,10,5,0,300,0.5,1700,0.5,1
12,3,591,0,0,300,0.5,1700,0.5,2
12,4,178,1,0,300,0.5,1700,0.5,1
12,5,975,0,0,500,0.6,1000,0.2,1400,0.2,2
12,6,796,0,0,300,0.5,1700,0.5,2
12,7,367,2,10,5,0,300,0.5,1700,0.5,2
12,8,694,0,0,500,0.6,1000,0.2,1400,0.2,0
12,9,306,1,0,300,0.5,1700,0.5,2
12,10,74,0,0,300,0.5,1700,0.5,2
12,11,114,2,10,5,0,300,0.5,1700,0.5,0
12,12,885,0,0,300,0.5,1700,0.5,0
12,13,947,0,0,500,0.6,1000,0.2,1400,0.2,0
12,14,170,1,0,300,0.5,1700,0.5,2
12,15,449,0,0,500,0.6,1000,0.2,1400,0.2,0
12,16,201,0,0,300,0.5,1700,0.5,0
12,17,961,0,0,500,0.6,1000,0.2,1400,0.2,0
12,18,822,2,10,5,0,500,0.6,1000,0.2,1400,0.2,1
12,19,640,0,0,300,0.5,1700,0.5,0
13,0,886,1,0,500,0.6,1000,0.2,1400,0.2,0
13,1,217,1,0,500,0.6,1000,0.2,1400,0.2,1
13,2,608,0,0,500,0.6,1000,0.2,1400,0.2,0
13,3,927,0,0,500,0.6,1000,0.2,1400,0.2,2
13,4,993,1,0,500,0.6,1000,0.2,1400,0.2,1
13,5,510,0,0,300,0.5,1700,0.5,0
13,6,693,1,0,300,0.5,1700,0.5,2
13,7,501,0,0,300,0.5,1700,0.5,2
13,8,653,1,0,300,0.5,1700,0.5,0
13,9,876,1,0,500,0.6,1000,0.2,1400,0.2,2
13,10,275,2,10,5,0,300,0.5,1700,0.5,0
13,11,557,1,0,300,0.5,1700,0.5,0
13,12,155,0,0,500,0.6,1000,0.2,1400,0.2,0
13,13,622,2,10,5,0,500,0.6,1000,0.2,1400,0.2,0
13,14,171,2,10,5,0,500,0.6,1000,0.2,1400,0.2,0
13,15,307,2,10,5,0,500,0.6,1000,0.2,1400,0.2,1
13,16,622,1,0,300,0.5,1700,0.5,1
13,17,428,1,0,500,0.6,1000,0.2,1400,0.2,0
13,18,506,1,0,300,0.5,1700,0.5,0
13,19,415,1,0,300,0.5,1700,0.5,2
14,0,817,1,0,300,0.5,1700,0.5,0
14,1,449,2,10,5,0,300,0.5,1700,0.5,1
14,2,905,0,0,300,0.5,1700,0.5,1
14,3,798,1,0,500,0.6,1000,0.2,1400,0.2,2
14,4,57,0,0,500,0.6,1000,0.2,1400,0.2,2
14,5,462,1,0,500,0.6,1000,0.2,1400,0.2,1
14,6,619,2,10,5,0,300,0.5,1700,0.5,2
14,7,517,2,10,5,0,500,0.6,1000,0.2,1400,0.2,0
14,8,350,1,0,500,0.6,1000,0.2,1400,0.2,2
14,9,494,2,10,5,0,500,0.6,1000,0.2,1400,0.2,1
14,10,849,0,0,500,0.6,1000,0.2,1400,0.2,2
14,11,777,0,0,500,0.6,1000,0.2,1400,0.2,2
14,12,385,2,10,5,0,300,0.5,1700,0.5,2
14,13,996,1,0,500,0.6,1000,0.2,1400,0.2,2
14,14,27,1,0,300,0.5,1700,0.5,2
14,15,805,2,10,5,0,300,0.5,1700,0.5,1
14,16,22,0,0,300,0.5,1700,0.5,1
14,17,88,0,0,500,0.6,1000,0.2,1400,0.2,1
14,18,354,0,0,300,0.5,1700,0.5,0
14,19,802,2,10,5,0,500,0.6,1000,0.2,1400,0.2,0
15,0,933,0,0,300,0.5,1700,0.5,2
15,1,835,2,10,5,0,300,0.5,1700,0.5,1
15,2,576,2,10,5,0,300,0.5,1700,0.5,2
15,3,729,2,10,5,0,500,0.6,1000,0.2,1400,0.2,1
15,4,433,2,10,5,0,500,0.6,1000,0.2,1400,0.2,2
15,5,305,2,10,5,0,500,0.6,1000,0.2,1400,0.2,1
15,6,278,0,0,500,0.6,1000,0.2,1400,0.2,1
15,7,115,0,0,500,0.6,1000,0.2,1400,0.2,0
15,8,329,2,10,5,0,500,0.6,1000,0.2,1400,0.2,2
15,9,90,1,0,500,0.6,1000,0.2,1400,0.2,1
15,10,616,1,0,300,0.5,1700,0.5,2
15,11,464,2,10,5,0,500,0.6,1000,0.2,1400,0.2,1
15,12,605,1,0,300,0.5,1700,0.5,0
15,13,140,1,0,300,0.5,1700,0.5,1
15,14,693,0,0,500,0.6,1000,0.2,1400,0.2,1
15,15,394,2,10,5,0,500,0.6,1000,0.2,1400,0.2,2
15,16,930,1,0,300,0.5,1700,0.5,2
15,17,230,2,10,5,0,300,0.5,1700,0.5,2
15,18,583,0,0,300,0.5,1700,0.5,1
15,19,567,2,10,5,0,500,0.6,1000,0.2,1400,0.2,2
16,0,216,2,10,5,0,300,0.5,1700,0.5,1
16,1,600,1,0,500,0.6,1000,0.2,1400,0.2,2
16,2,801,2,10,5,0,300,0.5,1700,0.5,0
16,3,383,1,0,500,0.6,1000,0.2,1400,0.2,1
16,4,894,0,0,500,0.6,1000,0.2,1400,0.2,2
16,5,937,2,10,5,0,500,0.6,1000,0.2,1400,0.2,1
16,6,36,0,0,500,0.6,1000,0.2,1400,0.2,2
16,7,713,2,10,5,0,500,0.6,1000,0.2,1400,0.2,1
16,8,806,2,10,5,0,300,0.5,1700,0.5,2
16,9,293,2,10,5,0,500,0.6,1000,0.2,1400,0.2,0
16,10,456,1,0,500,0.6,1000,0.2,1400,0.2,0
16,11,488,1,0,500,0.6,1000,0.2,1400,0.2,1
16,12,928,2,10,5,0,500,0.6,1000,0.2,1400,0.2,0
16,13,868,0,0,300,0.5,1700,0.5,1
16,14,246,0,0,500,0.6,1000,0.2,1400,0.2,0
16,15,635,2,10,5,0,500,0.6,1000,0.2,1400,0.2,1
16,16,177,1,0,300,0.5,1700,0.5,2
16,17,473,1,0,500,0.6,1000,0.2,1400,0.2,1
16,18,333,2,10,5,0,300,0.5,1700,0.5,0
16,19,522,0,0,500,0.6,1000,0.2,1400,0.2,1
17,0,827,2,10,5,0,300,0.5,1700,0.5,2
17,1,630,1,0,500,0.6,1000,0.2,1400,0.2,1
17,2,249,2,10,5,0,500,0.6,1000,0.2,1400,0.2,2
17,3,285,1,0,500,0.6,1000,0.2,1400,0.2,2
17,4,321,1,0,500,0.6,1000,0.2,1400,0.2,1
17,5,859,0,0,300,0.5,1700,0.5,2
17,6,424,0,0,500,0.6,1000,0.2,1400,0.2,0
17,7,487,1,0,500,0.6,1000,0.2,1400,0.2,0
17,8,625,2,10,5,0,300,0.5,1700,0.5,2
17,9,377,1,0,500,0.6,1000,0.2,1400,0.2,2
17,10,827,2,10,5,0,500,0.6,1000,0.2,1400,0.2,1
17,11,564,0,0,300,0.5,1700,0.5,2
17,12,115,1,0,300,0.5,1700,0.5,0
17,13,917,2,10,5,0,300,0.5,1700,0.5,2
17,14,293,0,0,500,0.6,1000,0.2,1400,0.2,1
17,15,461,1,0,500,0.6,1000,0.2,1400,0.2,0
17,16,637,2,10,5,0,500,0.6,1000,0.2,1400,0.2,2
17,17,868,1,0,500,0.6,1000,0.2,1400,0.2,1
17,18,407,2,10,5,0,500,0.6,1000,0.2,1400,0.2,1
17,19,985,0,0,300,0.5,1700,0.5,2
18,0,271,1,0,500,0.6,1000,0.2,1400,0.2,1
18,1,273,2,10,5,0,300,0.5,1700,0.5,1
18,2,863,0,0,300,0.5,1700,0.5,0
18,3,42,1,0,300,0.5,1700,0.5,1
18,4,29,1,0,500,0.6,1000,0.2,1400,0.2,0
18,5,60,0,0,500,0.6,1000,0.2,1400,0.2,1
18,6,384,2,10,5,0,500,0.6,1000,0.2,1400,0.2,0
18,7,127,0,0,500,0.6,1000,0.2,1400,0.2,0
18,8,238,1,0,500,0.6,1000,0.2,1400,0.2,1
18,9,423,1,0,500,0.6,1000,0.2,1400,0.2,0
18,10,54,2,10,5,0,300,0.5,1700,0.5,0
18,11,825,1,0,300,0.5,1700,0.5,0
18,12,788,1,0,300,0.5,1700,0.5,1
18,13,673,2,10,5,0,300,0.5,1700,0.5,0
18,14,599,2,10,5,0,500,0.6,1000,0.2,1400,0.2,1
18,15,363,1,0,300,0.5,1700,0.5,1
18,16,786,0,0,500,0.6,1000,0.2,1400,0.2,0
18,17,88,0,0,300,0.5,1700,0.5,0
18,18,389,1,0,300,0.5,1700,0.5,0
18,19,62,1,0,300,0.5,1700,0.5,0
19,0,808,1,0,500,0.6,1000,0.2,1400,0.2,2
19,1,300,2,10,5,0,300,0.5,1700,0.5,0
19,2,833,0,0,300,0.5,1700,0.5,2
19,3,307,2,10,5,0,300,0.5,1700,0.5,0
19,4,82,2,10,5,0,300,0.5,1700,0.5,2
19,5,60,2,10,5,0,300,0.5,1700,0.5,2
19,6,844,0,0,300,0.5,1700,0.5,0
19,7,747,1,0,500,0.6,1000,0.2,1400,0.2,1
19,8,888,2,10,5,0,500,0.6,1000,0.2,1400,0.2,1
19,9,583,2,10,5,0,500,0.6,1000,0.2,1400,0.2,1
19,10,430,2,10,5,0,500,0.6,1000,0.2,1400,0.2,0
19,11,39,2,10,5,0,500,0.6,1000,0.2,1400,0.2,0
19,12,451,2,10,5,0,300,0.5,1700,0.5,0
19,13,791,2,10,5,0,300,0.5,1700,0.5,2
19,14,980,0,0,500,0.6,1000,0.2,1400,0.2,2
19,15,103,0,0,500,0.6,1000,0.2,1400,0.2,0
19,16,727,1,0,300,0.5,1700,0.5,0
19,17,525,0,0,300,0.5,1700,0.5,0
19,18,497,1,0,300,0.5,1700,0.5,0
19,19,254,2,10,5,0,500,0.6,1000,0.2,1400,0.2,0
