0,0,772,0,0,500,0.6,1000,0.2,1400,0.2,1
0,1,854,1,0,500,0.6,1000,0.2,1400,0.2,1
0,2,40,0,0,500,0.6,1000,0.2,1400,0.2,0
0,3,169,2,10,5,0,500,0.6,1000,0.2,1400,0.2,0
0,4,920,0,0,300,0.5,1700,0.5,0
0,5,865,2,10,5,0,300,0.5,1700,0.5,1
0,6,561,2,10,5,0,300,0.5,1700,0.5,0
0,7,498,1,0,500,0.6,1000,0.2,1400,0.2,0
0,8,224,1,0,500,0.6,1000,0.2,1400,0.2,2
0,9,106,2,10,5,0,300,0.5,1700,0.5,0
0,10,699,1,0,300,0.5,1700,0.5,1
0,11,306,0,0,500,0.6,1000,0.2,1400,0.2,1
0,12,247,0,0,500,0.6,1000,0.2,1400,0.2,0
0,13,69,0,0,500,0.6,1000,0.2,1400,0.2,1
0,14,963,2,10,5,0,300,0.5,1700,0.5,0
0,15,210,0,0,500,0.6,1000,0.2,1400,0.2,0
0,16,616,1,0,500,0.6,1000,0.2,1400,0.2,2
0,17,782,0,0,500,0.6,1000,0.2,1400,0.2,1
0,18,518,0,0,500,0.6,1000,0.2,1400,0.2,2
0,19,695,1,0,500,0.6,1000,0.2,1400,0.2,0
1,0,776,2,10,5,0,500,0.6,1000,0.2,1400,0.2,0
1,1,157,1,0,500,0.6,1000,0.2,1400,0.2,2
1,2,179,2,10,5,0,300,0.5,1700,0.5,2
1,3,824,1,0,500,0.6,1000,0.2,1400,0.2,0
1,4,855,2,10,5,0,300,0.5,1700,0.5,2
1,5,596,2,10,5,0,500,0.6,1000,0.2,1400,0.2,2
1,6,19,2,10,5,0,300,0.5,1700,0.5,0
1,7,421,1,0,500,0.6,1000,0.2,1400,0.2,0
1,8,27,2,10,5,0,300,0.5,1700,0.5,1
1,9,458,0,0,300,0.5,1700,0.5,1
1,10,916,2,10,5,0,500,0.6,1000,0.2,1400,0.2,2
1,11,390,2,10,5,0,500,0.6,1000,0.2,1400,0.2,1
1,12,771,2,10,5,0,500,0.6,1000,0.2,1400,0.2,0
1,13,89,0,0,300,0.5,1700,0.5,2
1,14,888,2,10,5,0,500,0.6,1000,0.2,1400,0.2,2
1,15,500,0,0,500,0.6,1000,0.2,1400,0.2,0
1,16,10,1,0,300,0.5,1700,0.5,0
1,17,468,1,0,300,0.5,1700,0.5,0
1,18,29,0,0,500,0.6,1000,0.2,1400,0.2,0
1,19,90,1,0,300,0.5,1700,0.5,2
2,0,341,2,10,5,0,300,0.5,1700,0.5,0
2,1,550,2,10,5,0,500,0.6,1000,0.2,1400,0.2,2
2,2,828,2,10,5,0,300,0.5,1700,0.5,0
2,3,157,0,0,300,0.5,1700,0.5,2
2,4,125,0,0,300,0.5,1700,0.5,0
2,5,40,1,0,300,0.5,1700,0.5,2
2,6,541,1,0,300,0.5,1700,0.5,1
2,7,924,2,10,5,0,500,0.6,1000,0.2,1400,0.2,1
2,8,171,1,0,500,0.6,1000,0.2,1400,0.2,2
2,9,356,1,0,500,0.6,1000,0.2,1400,0.2,1
2,10,392,1,0,500,0.6,1000,0.2,1400,0.2,0
2,11,754,2,10,5,0,500,0.6,1000,0.2,1400,0.2,0
2,12,349,2,10,5,0,500,0.6,1000,0.2,1400,0.2,2
2,13,594,1,0,300,0.5,1700,0.5,1
2,14,576,1,0,500,0.6,1000,0.2,1400,0.2,0
2,15,228,2,10,5,0,500,0.6,1000,0.2,1400,0.2,1
2,16,60,2,10,5,0,500,0.6,1000,0.2,1400,0.2,0
2,17,701,2,10,5,0,300,0.5,1700,0.5,0
2,18,866,2,10,5,0,300,0.5,1700,0.5,2
2,19,317,1,0,500,0.6,1000,0.2,1400,0.2,0
3,0,191,1,0,300,0.5,1700,0.5,2
3,1,226,1,0,500,0.6,1000,0.2,1400,0.2,0
3,2,995,1,0,500,0.6,1000,0.2,1400,0.2,0
3,3,222,2,10,5,0,500,0.6,1000,0.2,1400,0.2,1
3,4,643,0,0,500,0.6,1000,0.2,1400,0.2,2
3,5,650,1,0,500,0.6,1000,0.2,1400,0.2,2
3,6,880,2,10,5,0,500,0.6,1000,0.2,1400,0.2,0
3,7,447,0,0,300,0.5,1700,0.5,2
3,8,855,1,0,500,0.6,1000,0.2,1400,0.2,0
3,9,542,0,0,300,0.5,1700,0.5,2
3,10,638,1,0,500,0.6,1000,0.2,1400,0.2,0
3,11,512,1,0,500,0.6,1000,0.2,1400,0.2,1
3,12,229,0,0,300,0.5,1700,0.5,2
3,13,712,0,0,300,0.5,1700,0.5,1
3,14,247,0,0,300,0.5,1700,0.5,1
3,15,527,2,10,5,0,500,0.6,1000,0.2,1400,0.2,2
3,16,793,1,0,300,0.5,1700,0.5,1
3,17,251,0,0,500,0.6,1000,0.2,1400,0.2,0
3,18,614,2,10,5,0,300,0.5,1700,0.5,1
3,19,410,2,10,5,0,300,0.5,1700,0.5,1
4,0,528,2,10,5,0,300,0.5,1700,0.5,1
4,1,444,2,10,5,0,500,0.6,1000,0.2,1400,0.2,0
4,2,971,1,0,300,0.5,1700,0.5,0
4,3,116,1,0,500,0.6,1000,0.2,1400,0.2,2
4,4,523,2,10,5,0,300,0.5,1700,0.5,0
4,5,60,1,0,300,0.5,1700,0.5,0
4,6,834,2,10,5,0,500,0.6,1000,0.2,1400,0.2,2
4,7,57,2,10,5,0,300,0.5,1700,0.5,2
4,8,702,2,10,5,0,500,0.6,1000,0.2,1400,0.2,1
4,9,382,2,10,5,0,500,0.6,1000,0.2,1400,0.2,0
4,10,668,0,0,300,0.5,1700,0.5,2
4,11,483,1,0,500,0.6,1000,0.2,1400,0.2,2
4,12,720,0,0,300,0.5,1700,0.5,0
4,13,24,2,10,5,0,500,0.6,1000,0.2,1400,0.2,1
4,14,738,2,10,5,0,500,0.6,1000,0.2,1400,0.2,2
4,15,28,1,0,300,0.5,1700,0.5,2
4,16,740,1,0,500,0.6,1000,0.2,1400,0.2,2
4,17,766,1,0,500,0.6,1000,0.2,1400,0.2,0
4,18,369,2,10,5,0,500,0.6,1000,0.2,1400,0.2,1
4,19,191,1,0,500,0.6,1000,0.2,1400,0.2,0
5,0,484,2,10,5,0,500,0.6,1000,0.2,1400,0.2,1
5,1,772,2,10,5,0,500,0.6,1000,0.2,1400,0.2,0
5,2,202,1,0,500,0.6,1000,0.2,1400,0.2,2
5,3,383,1,0,300,0.5,1700,0.5,1
5,4,17,1,0,500,0.6,1000,0.2,1400,0.2,2
5,5,114,1,0,500,0.6,1000,0.2,1400,0.2,2
5,6,992,2,10,5,0,500,0.6,1000,0.2,1400,0.2,2
5,7,733,2,10,5,0,300,0.5,1700,0.5,0
5,8,564,1,0,500,0.6,1000,0.2,1400,0.2,2
5,9,546,2,10,5,0,300,0.5,1700,0.5,0
5,10,921,1,0,500,0.6,1000,0.2,1400,0.2,1
5,11,512,2,10,5,0,500,0.6,1000,0.2,1400,0.2,1
5,12,287,1,0,500,0.6,1000,0.2,1400,0.2,0
5,13,615,1,0,500,0.6,1000,0.2,1400,0.2,1
5,14,794,2,10,5,0,300,0.5,1700,0.5,1
5,15,128,0,0,500,0.6,1000,0.2,1400,0.2,0
5,16,524,2,10,5,0,300,0.5,1700,0.5,0
5,17,795,1,0,500,0.6,1000,0.2,1400,0.2,2
5,18,993,0,0,500,0.6,1000,0.2,1400,0.2,0
5,19,403,0,0,300,0.5,1700,0.5,0
6,0,318,0,0,300,0.5,1700,0.5,2
6,1,101,2,10,5,0,300,0.5,1700,0.5,2
6,2,61,0,0,500,0.6,1000,0.2,1400,0.2,2
6,3,400,2,10,5,0,300,0.5,1700,0.5,0
6,4,748,1,0,500,0.6,1000,0.2,1400,0.2,0
6,5,918,0,0,300,0.5,1700,0.5,1
6,6,529,2,10,5,0,500,0.6,1000,0.2,1400,0.2,0
6,7,951,1,0,300,0.5,1700,0.5,2
6,8,269,1,0,500,0.6,1000,0.2,1400,0.2,1
6,9,718,0,0,500,0.6,1000,0.2,1400,0.2,0
6,10,568,2,10,5,0,500,0.6,1000,0.2,1400,0.2,0
6,11,184,0,0,300,0.5,1700,0.5,1
6,12,261,0,0,500,0.6,1000,0.2,1400,0.2,2
6,13,347,1,0,300,0.5,1700,0.5,2
6,14,879,2,10,5,0,500,0.6,1000,0.2,1400,0.2,1
6,15,822,0,0,500,0.6,1000,0.2,1400,0.2,1
6,16,234,0,0,500,0.6,1000,0.2,1400,0.2,0
6,17,947,1,0,300,0.5,1700,0.5,2
6,18,456,0,0,500,0.6,1000,0.2,1400,0.2,0
6,19,588,2,10,5,0,300,0.5,1700,0.5,0
7,0,848,2,10,5,0,300,0.5,1700,0.5,0
7,1,683,1,0,500,0.6,1000,0.2,1400,0.2,2
7,2,960,1,0,500,0.6,1000,0.2,1400,0.2,1
7,3,404,0,0,300,0.5,1700,0.5,0
7,4,777,1,0,300,0.5,1700,0.5,2
7,5,190,1,0,500,0.6,1000,0.2,1400,0.2,0
7,6,216,2,10,5,0,300,0.5,1700,0.5,2
7,7,84,1,0,500,0.6,1000,0.2,1400,0.2,2
7,8,780,1,0,300,0.5,1700,0.5,0
7,9,688,0,0,500,0.6,1000,0.2,1400,0.2,1
7,10,150,2,10,5,0,500,0.6,1000,0.2,1400,0.2,1
7,11,892,1,0,300,0.5,1700,0.5,1
7,12,64,0,0,500,0.6,1000,0.2,1400,0.2,0
7,13,267,2,10,5,0,500,0.6,1000,0.2,1400,0.2,1
7,14,266,1,0,300,0.5,1700,0.5,1
7,15,933,1,0,300,0.5,1700,0.5,0
7,16,834,0,0,500,0.6,1000,0.2,1400,0.2,0
7,17,312,1,0,500,0.6,1000,0.2,1400,0.2,0
7,18,104,1,0,300,0.5,1700,0.5,2
7,19,958,1,0,300,0.5,1700,0.5,0
8,0,896,2,10,5,0,300,0.5,1700,0.5,1
8,1,556,1,0,300,0.5,1700,0.5,2
8,2,138,0,0,500,0.6,1000,0.2,1400,0.2,1
8,3,752,2,10,5,0,500,0.6,1000,0.2,1400,0.2,2
8,4,137,2,10,5,0,500,0.6,1000,0.2,1400,0.2,2
8,5,718,1,0,300,0.5,1700,0.5,1
8,6,664,2,10,5,0,300,0.5,1700,0.5,0
8,7,748,2,10,5,0,300,0.5,1700,0.5,1
8,8,179,0,0,500,0.6,1000,0.2,1400,0.2,0
8,9,884,2,10,5,0,500,0.6,1000,0.2,1400,0.2,0
8,10,326,2,10,5,0,500,0.6,1000,0.2,1400,0.2,0
8,11,296,1,0,300,0.5,1700,0.5,0
8,12,553,1,0,300,0.5,1700,0.5,2
8,13,52,0,0,500,0.6,1000,0.2,1400,0.2,1
8,14,371,1,0,300,0.5,1700,0.5,1
8,15,141,0,0,300,0.5,1700,0.5,1
8,16,498,0,0,500,0.6,1000,0.2,1400,0.2,0
8,17,386,2,10,5,0,300,0.5,1700,0.5,1
8,18,622,1,0,500,0.6,1000,0.2,1400,0.2,1
8,19,856,1,0,300,0.5,1700,0.5,2
9,0,796,1,0,300,0.5,1700,0.5,2
9,1,441,1,0,300,0.5,1700,0.5,1
9,2,233,2,10,5,0,300,0.5,1700,0.5,2
9,3,531,0,0,300,0.5,1700,0.5,1
9,4,566,0,0,300,0.5,1700,0.5,0
9,5,504,2,10,5,0,500,0.6,1000,0.2,1400,0.2,2
9,6,425,2,10,5,0,300,0.5,1700,0.5,1
9,7,816,0,0,300,0.5,1700,0.5,2
9,8,969,0,0,300,0.5,1700,0.5,2
9,9,120,0,0,500,0.6,1000,0.2,1400,0.2,0
9,10,689,2,10,5,0,500,0.6,1000,0.2,1400,0.2,0
9,11,881,2,10,5,0,500,0.6,1000,0.2,1400,0.2,1
9,12,323,0,0,500,0.6,1000,0.2,1400,0.2,0
9,13,956,2,10,5,0,500,0.6,1000,0.2,1400,0.2,2
9,14,999,1,0,300,0.5,1700,0.5,0
9,15,806,1,0,500,0.6,1000,0.2,1400,0.2,0
9,16,994,1,0,300,0.5,1700,0.5,1
9,17,319,0,0,300,0.5,1700,0.5,2
9,18,209,2,10,5,0,300,0.5,1700,0.5,1
9,19,835,0,0,300,0.5,1700,0.5,2
10,0,101,0,0,500,0.6,1000,0.2,1400,0.2,1
10,1,44,2,10,5,0,500,0.6,1000,0.2,1400,0.2,1
10,2,670,2,10,5,0,500,0.6,1000,0.2,1400,0.2,0
10,3,204,2,10,5,0,500,0.6,1000,0.2,1400,0.2,1
10,4,881,2,10,5,0,500,0.6,1000,0.2,1400,0.2,0
10,5,463,2,10,5,0,500,0.6,1000,0.2,1400,0.2,2
10,6,513,2,10,5,0,500,0.6,1000,0.2,1400,0.2,1
10,7,81,1,0,500,0.6,1000,0.2,1400,0.2,0
10,8,510,1,0,500,0.6,1000,0.2,1400,0.2,1
10,9,968,1,0,300,0.5,1700,0.5,0
10,10,673,2,10,5,0,300,0.5,1700,0.5,0
10,11,966,2,10,5,0,300,0.5,1700,0.5,0
10,12,910,0,0,300,0.5,1700,0.5,0
10,13,320,1,0,300,0.5,1700,0.5,1
10,14,24,1,0,500,0.6,1000,0.2,1400,0.2,2
10,15,963,0,0,300,0.5,1700,0.5,0
10,16,429,2,10,5,0,300,0.5,1700,0.5,1
10,17,228,1,0,300,0.5,1700,0.5,1
10,18,448,0,0,300,0.5,1700,0.5,1
10,19,358,0,0,500,0.6,1000,0.2,1400,0.2,1
11,0,348,0,0,500,0.6,1000,0.2,1400,0.2,0
11,1,393,2,10,5,0,500,0.6,1000,0.2,1400,0.2,2
11,2,499,0,0,500,0.6,1000,0.2,1400,0.2,2
11,3,984,1,0,300,0.5,1700,0.5,2
11,4,245,2,10,5,0,300,0.5,1700,0.5,0
11,5,708,2,10,5,0,300,0.5,1700,0.5,2
11,6,724,1,0,300,0.5,1700,0.5,0
11,7,14,1,0,500,0.6,1000,0.2,1400,0.2,2
11,8,535,1,0,300,0.5,1700,0.5,1
11,9,483,0,0,300,0.5,1700,0.5,1
11,10,721,1,0,500,0.6,1000,0.2,1400,0.2,0
11,11,195,0,0,300,0.5,1700,0.5,1
11,12,770,1,0,300,0.5,1700,0.5,0
11,13,473,0,0,500,0.6,1000,0.2,1400,0.2,0
11,14,374,1,0,300,0.5,1700,0.5,0
11,15,462,0,0,300,0.5,1700,0.5,0
11,16,97,0,0,500,0.6,1000,0.2,1400,0.2,0
11,17,151,1,0,500,0.6,1000,0.2,1400,0.2,1
11,18,765,0,0,500,0.6,1000,0.2,1400,0.2,0
11,19,731,0,0,300,0.5,1700,0.5,0
12,0,604,1,0,300,0.5,1700,0.5,2
12,1,568,2,10,5,0,500,0.6,1000,0.2,1400,0.2,2
12,2,384,2,10,5,0,300,0.5,1700,0.5,2
12,3,562,2,10,5,0,300,0.5,1700,0.5,0
12,4,168,2,10,5,0,300,0.5,1700,0.5,0
12,5,267,1,0,300,0.5,1700,0.5,1
12,6,696,0,0,500,0.6,1000,0.2,1400,0.2,0
12,7,39,2,10,5,0,500,0.6,1000,0.2,1400,0.2,0
12,8,133,0,0,500,0.6,1000,0.2,1400,0.2,0
12,9,55,1,0,500,0.6,1000,0.2,1400,0.2,2
12,10,661,2,10,5,0,500,0.6,1000,0.2,1400,0.2,0
12,11,170,0,0,300,0.5,1700,0.5,1
12,12,485,2,10,5,0,300,0.5,1700,0.5,2
12,13,642,0,0,500,0.6,1000,0.2,1400,0.2,1
12,14,142,0,0,500,0.6,1000,0.2,1400,0.2,2
12,15,515,2,10,5,0,500,0.6,1000,0.2,1400,0.2,0
12,16,410,2,10,5,0,300,0.5,1700,0.5,0
12,17,747,2,10,5,0,500,0.6,1000,0.2,1400,0.2,1
12,18,210,0,0,500,0.6,1000,0.2,1400,0.2,2
12,19,453,1,0,300,0.5,1700,0.5,2
13,0,460,0,0,300,0.5,1700,0.5,2
13,1,907,2,10,5,0,300,0.5,1700,0.5,0
13,2,629,0,0,300,0.5,1700,0.5,1
13,3,1000,0,0,300,0.5,1700,0.5,2
13,4,572,1,0,300,0.5,1700,0.5,0
13,5,115,1,0,300,0.5,1700,0.5,1
13,6,439,1,0,300,0.5,1700,0.5,2
13,7,943,0,0,500,0.6,1000,0.2,1400,0.2,2
13,8,750,2,10,5,0,300,0.5,1700,0.5,1
13,9,131,2,10,5,0,300,0.5,1700,0.5,1
13,10,372,0,0,500,0.6,1000,0.2,1400,0.2,1
13,11,350,2,10,5,0,500,0.6,1000,0.2,1400,0.2,1
13,12,735,1,0,300,0.5,1700,0.5,2
13,13,255,0,0,500,0.6,1000,0.2,1400,0.2,2
13,14,42,0,0,300,0.5,1700,0.5,1
13,15,67,1,0,500,0.6,1000,0.2,1400,0.2,0
13,16,223,2,10,5,0,300,0.5,1700,0.5,2
13,17,546,0,0,500,0.6,1000,0.2,1400,0.2,2
13,18,752,2,10,5,0,500,0.6,1000,0.2,1400,0.2,2
13,19,948,2,10,5,0,300,0.5,1700,0.5,0
14,0,161,0,0,300,0.5,1700,0.5,1
14,1,702,1,0,300,0.5,1700,0.5,1
14,2,266,2,10,5,0,500,0.6,1000,0.2,1400,0.2,2
14,3,684,0,0,500,0.6,1000,0.2,1400,0.2,0
14,4,813,2,10,5,0,500,0.6,1000,0.2,1400,0.2,0
14,5,736,0,0,500,0.6,1000,0.2,1400,0.2,2
14,6,840,1,0,300,0.5,1700,0.5,0
14,7,590,2,10,5,0,300,0.5,1700,0.5,1
14,8,357,2,10,5,0,300,0.5,1700,0.5,1
14,9,630,1,0,300,0.5,1700,0.5,2
14,10,144,1,0,500,0.6,1000,0.2,1400,0.2,1
14,11,258,2,10,5,0,500,0.6,1000,0.2,1400,0.2,1
14,12,685,0,0,500,0.6,1000,0.2,1400,0.2,0
14,13,860,0,0,500,0.6,1000,0.2,1400,0.2,1
14,14,662,0,0,500,0.6,1000,0.2,1400,0.2,1
14,15,115,2,10,5,0,500,0.6,1000,0.2,1400,0.2,1
14,16,978,1,0,500,0.6,1000,0.2,1400,0.2,1
14,17,445,1,0,300,0.5,1700,0.5,0
14,18,401,0,0,500,0.6,1000,0.2,1400,0.2,2
14,19,984,2,10,5,0,300,0.5,1700,0.5,1
15,0,342,2,10,5,0,300,0.5,1700,0.5,0
15,1,833,0,0,300,0.5,1700,0.5,2
15,2,226,2,10,5,0,300,0.5,1700,0.5,2
15,3,549,0,0,300,0.5,1700,0.5,1
15,4,663,0,0,300,0.5,1700,0.5,0
15,5,985,2,10,5,0,500,0.6,1000,0.2,1400,0.2,2
15,6,46,1,0,300,0.5,1700,0.5,0
15,7,602,0,0,300,0.5,1700,0.5,1
15,8,583,0,0,500,0.6,1000,0.2,1400,0.2,0
15,9,253,1,0,500,0.6,1000,0.2,1400,0.2,2
15,10,534,2,10,5,0,500,0.6,1000,0.2,1400,0.2,1
15,11,150,0,0,300,0.5,1700,0.5,2
15,12,302,0,0,300,0.5,1700,0.5,2
15,13,225,2,10,5,0,500,0.6,1000,0.2,1400,0.2,1
15,14,348,2,10,5,0,300,0.5,1700,0.5,0
15,15,448,2,10,5,0,500,0.6,1000,0.2,1400,0.2,2
15,16,309,2,10,5,0,500,0.6,1000,0.2,1400,0.2,0
15,17,443,2,10,5,0,500,0.6,1000,0.2,1400,0.2,1
15,18,43,1,0,300,0.5,1700,0.5,1
15,19,129,2,10,5,0,500,0.6,1000,0.2,1400,0.2,2
16,0,646,2,10,5,0,500,0.6,1000,0.2,1400,0.2,0
16,1,478,0,0,500,0.6,1000,0.2,1400,0.2,1
16,2,157,2,10,5,0,300,0.5,1700,0.5,0
16,3,617,0,0,500,0.6,1000,0.2,1400,0.2,1
16,4,447,2,10,5,0,300,0.5,1700,0.5,2
16,5,640,0,0,500,0.6,1000,0.2,1400,0.2,2
16,6,778,2,10,5,0,500,0.6,1000,0.2,1400,0.2,1
16,7,253,0,0,300,0.5,1700,0.5,2
16,8,683,1,0,500,0.6,1000,0.2,1400,0.2,0
16,9,983,0,0,300,0.5,1700,0.5,1
16,10,140,1,0,300,0.5,1700,0.5,1
16,11,106,0,0,300,0.5,1700,0.5,1
16,12,406,0,0,300,0.5,1700,0.5,1
16,13,874,2,10,5,0,300,0.5,1700,0.5,0
16,14,368,1,0,500,0.6,1000,0.2,1400,0.2,0
16,15,562,0,0,500,0.6,1000,0.2,1400,0.2,1
16,16,110,0,0,300,0.5,1700,0.5,0
16,17,86,2,10,5,0,500,0.6,1000,0.2,1400,0.2,0
16,18,979,0,0,300,0.5,1700,0.5,1
16,19,628,0,0,500,0.6,1000,0.2,1400,0.2,0
17,0,969,0,0,500,0.6,1000,0.2,1400,0.2,0
17,1,147,1,0,500,0.6,1000,0.2,1400,0.2,0
17,2,162,2,10,5,0,300,0.5,1700,0.5,2
17,3,473,1,0,300,0.5,1700,0.5,1
17,4,741,0,0,500,0.6,1000,0.2,1400,0.2,1
17,5,232,1,0,300,0.5,1700,0.5,1
17,6,743,1,0,500,0.6,1000,0.2,1400,0.2,1
17,7,755,1,0,300,0.5,1700,0.5,2
17,8,45,0,0,300,0.5,1700,0.5,2
17,9,76,0,0,500,0.6,1000,0.2,1400,0.2,2
17,10,644,0,0,300,0.5,1700,0.5,0
17,11,556,0,0,300,0.5,1700,0.5,2
17,12,226,2,10,5,0,300,0.5,1700,0.5,1
17,13,753,0,0,500,0.6,1000,0.2,1400,0.2,2
17,14,932,1,0,300,0.5,1700,0.5,0
17,15,860,0,0,500,0.6,1000,0.2,1400,0.2,2
17,16,305,1,0,300,0.5,1700,0.5,2
17,17,926,0,0,500,0.6,1000,0.2,1400,0.2,2
17,18,880,1,0,500,0.6,1000,0.2,1400,0.2,2
17,19,658,1,0,500,0.6,1000,0.2,1400,0.2,1
18,0,162,1,0,300,0.5,1700,0.5,0
18,1,239,0,0,300,0.5,1700,0.5,0
18,2,46,0,0,500,0.6,1000,0.2,1400,0.2,2
18,3,34,1,0,300,0.5,1700,0.5,2
18,4,810,0,0,300,0.5,1700,0.5,1
18,5,54,1,0,300,0.5,1700,0.5,2
18,6,207,1,0,300,0.5,1700,0.5,0
18,7,956,1,0,500,0.6,1000,0.2,1400,0.2,2
18,8,201,1,0,500,0.6,1000,0.2,1400,0.2,0
18,9,80,1,0,300,0.5,1700,0.5,1
18,10,856,1,0,300,0.5,1700,0.5,0
18,11,377,0,0,300,0.5,1700,0.5,1
18,12,35,2,10,5,0,300,0.5,1700,0.5,0
18,13,17,1,0,300,0.5,1700,0.5,2
18,14,255,2,10,5,0,500,0.6,1000,0.2,1400,0.2,1
18,15,135,0,0,500,0.6,1000,0.2,1400,0.2,1
18,16,742,2,10,5,0,500,0.6,1000,0.2,1400,0.2,0
18,17,534,1,0,300,0.5,1700,0.5,1
18,18,519,0,0,300,0.5,1700,0.5,0
18,19,461,2,10,5,0,300,0.5,1700,0.5,2
19,0,746,0,0,300,0.5,1700,0.5,0
19,1,198,0,0,300,0.5,1700,0.5,2
19,2,953,0,0,300,0.5,1700,0.5,2
19,3,434,2,10,5,0,300,0.5,1700,0.5,2
19,4,358,2,10,5,0,500,0.6,1000,0.2,1400,0.2,0
19,5,14,0,0,500,0.6,1000,0.2,1400,0.2,2
19,6,794,2,10,5,0,500,0.6,1000,0.2,1400,0.2,1
19,7,865,0,0,500,0.6,1000,0.2,1400,0.2,1
19,8,363,0,0,500,0.6,1000,0.2,1400,0.2,1
19,9,295,1,0,300,0.5,1700,0.5,0
19,10,515,0,0,300,0.5,1700,0.5,1
19,11,774,2,10,5,0,500,0.6,1000,0.2,1400,0.2,2
19,12,970,1,0,500,0.6,1000,0.2,1400,0.2,0
19,13,915,1,0,500,0.6,1000,0.2,1400,0.2,0
19,14,103,2,10,5,0,300,0.5,1700,0.5,2
19,15,942,2,10,5,0,500,0.6,1000,0.2,1400,0.2,2
19,16,904,2,10,5,0,300,0.5,1700,0.5,1
19,17,903,0,0,500,0.6,1000,0.2,1400,0.2,0
19,18,43,0,0,300,0.5,1700,0.5,2
19,19,914,2,10,5,0,300,0.5,1700,0.5,0
