0,0,60,0,0,500,0.6,1000,0.2,1400,0.2,2
0,1,134,0,0,300,0.5,1700,0.5,1
0,2,160,1,0,300,0.5,1700,0.5,0
0,3,677,1,0,300,0.5,1700,0.5,1
0,4,758,1,0,500,0.6,1000,0.2,1400,0.2,0
0,5,897,1,0,300,0.5,1700,0.5,0
0,6,645,0,0,500,0.6,1000,0.2,1400,0.2,2
0,7,565,0,0,500,0.6,1000,0.2,1400,0.2,2
0,8,58,0,0,500,0.6,1000,0.2,1400,0.2,2
0,9,770,1,0,500,0.6,1000,0.2,1400,0.2,2
0,10,826,0,0,300,0.5,1700,0.5,0
0,11,706,2,10,5,0,500,0.6,1000,0.2,1400,0.2,0
0,12,707,1,0,500,0.6,1000,0.2,1400,0.2,0
0,13,24,1,0,500,0.6,1000,0.2,1400,0.2,2
0,14,762,1,0,300,0.5,1700,0.5,0
0,15,893,1,0,300,0.5,1700,0.5,1
0,16,626,0,0,300,0.5,1700,0.5,2
0,17,128,1,0,500,0.6,1000,0.2,1400,0.2,1
0,18,842,2,10,5,0,500,0.6,1000,0.2,1400,0.2,0
0,19,699,2,10,5,0,500,0.6,1000,0.2,1400,0.2,1
1,0,84,2,10,5,0,300,0.5,1700,0.5,0
1,1,65,1,0,500,0.6,1000,0.2,1400,0.2,0
1,2,681,1,0,300,0.5,1700,0.5,2
1,3,900,0,0,300,0.5,1700,0.5,1
1,4,494,0,0,500,0.6,1000,0.2,1400,0.2,0
1,5,632,1,0,500,0.6,1000,0.2,1400,0.2,2
1,6,233,2,10,5,0,500,0.6,1000,0.2,1400,0.2,1
1,7,429,0,0,300,0.5,1700,0.5,1
1,8,779,1,0,300,0.5,1700,0.5,1
1,9,148,0,0,300,0.5,1700,0.5,0
1,10,327,2,10,5,0,500,0.6,1000,0.2,1400,0.2,0
1,11,401,2,10,5,0,300,0.5,1700,0.5,1
1,12,185,2,10,5,0,300,0.5,1700,0.5,0
1,13,314,1,0,500,0.6,1000,0.2,1400,0.2,2
1,14,557,0,0,300,0.5,1700,0.5,2
1,15,558,2,10,5,0,500,0.6,1000,0.2,1400,0.2,1
1,16,69,0,0,500,0.6,1000,0.2,1400,0.2,2
1,17,499,0,0,500,0.6,1000,0.2,1400,0.2,2
1,18,213,0,0,500,0.6,1000,0.2,1400,0.2,2
1,19,455,1,0,300,0.5,1700,0.5,1
2,0,525,2,10,5,0,300,0.5,1700,0.5,0
2,1,840,2,10,5,0,300,0.5,1700,0.5,0
2,2,195,0,0,500,0.6,1000,0.2,1400,0.2,0
2,3,630,2,10,5,0,300,0.5,1700,0.5,2
2,4,323,1,0,300,0.5,1700,0.5,0
2,5,114,2,10,5,0,300,0.5,1700,0.5,2
2,6,318,2,10,5,0,300,0.5,1700,0.5,1
2,7,633,1,0,300,0.5,1700,0.5,2
2,8,620,2,10,5,0,300,0.5,1700,0.5,0
2,9,490,1,0,500,0.6,1000,0.2,1400,0.2,0
2,10,387,1,0,300,0.5,1700,0.5,2
2,11,453,1,0,300,0.5,1700,0.5,1
2,12,962,2,10,5,0,300,0.5,1700,0.5,0
2,13,610,1,0,300,0.5,1700,0.5,0
2,14,353,2,10,5,0,300,0.5,1700,0.5,1
2,15,871,0,0,500,0.6,1000,0.2,1400,0.2,2
2,16,385,0,0,300,0.5,1700,0.5,0
2,17,678,1,0,300,0.5,1700,0.5,2
2,18,580,0,0,300,0.5,1700,0.5,2
2,19,694,1,0,300,0.5,1700,0.5,0
3,0,453,2,10,5,0,500,0.6,1000,0.2,1400,0.2,0
3,1,991,1,0,300,0.5,1700,0.5,1
3,2,423,0,0,300,0.5,1700,0.5,1
3,3,426,2,10,5,0,500,0.6,1000,0.2,1400,0.2,2
3,4,768,0,0,500,0.6,1000,0.2,1400,0.2,0
3,5,418,0,0,300,0.5,1700,0.5,2
3,6,733,2,10,5,0,300,0.5,1700,0.5,0
3,7,817,2,10,5,0,500,0.6,1000,0.2,1400,0.2,1
3,8,393,0,0,300,0.5,1700,0.5,2
3,9,301,2,10,5,0,500,0.6,1000,0.2,1400,0.2,0
3,10,533,0,0,300,0.5,1700,0.5,0
3,11,460,2,10,5,0,500,0.6,1000,0.2,1400,0.2,1
3,12,283,2,10,5,0,500,0.6,1000,0.2,1400,0.2,0
3,13,736,2,10,5,0,300,0.5,1700,0.5,2
3,14,399,1,0,300,0.5,1700,0.5,0
3,15,520,2,10,5,0,500,0.6,1000,0.2,1400,0.2,2
3,16,756,2,10,5,0,300,0.5,1700,0.5,0
3,17,547,0,0,500,0.6,1000,0.2,1400,0.2,1
3,18,354,1,0,300,0.5,1700,0.5,1
3,19,722,0,0,500,0.6,1000,0.2,1400,0.2,1
4,0,323,1,0,500,0.6,1000,0.2,1400,0.2,1
4,1,143,0,0,300,0.5,1700,0.5,1
4,2,256,2,10,5,0,500,0.6,1000,0.2,1400,0.2,1
4,3,666,2,10,5,0,300,0.5,1700,0.5,0
4,4,795,1,0,500,0.6,1000,0.2,1400,0.2,0
4,5,330,2,10,5,0,300,0.5,1700,0.5,2
4,6,1000,2,10,5,0,500,0.6,1000,0.2,1400,0.2,2
4,7,380,0,0,500,0.6,1000,0.2,1400,0.2,0
4,8,809,1,0,300,0.5,1700,0.5,0
4,9,938,2,10,5,0,300,0.5,1700,0.5,0
4,10,875,2,10,5,0,500,0.6,1000,0.2,1400,0.2,0
4,11,184,1,0,500,0.6,1000,0.2,1400,0.2,1
4,12,266,0,0,500,0.6,1000,0.2,1400,0.2,0
4,13,54,1,0,500,0.6,1000,0.2,1400,0.2,0
4,14,831,1,0,500,0.6,1000,0.2,1400,0.2,1
4,15,552,2,10,5,0,500,0.6,1000,0.2,1400,0.2,2
4,16,920,2,10,5,0,500,0.6,1000,0.2,1400,0.2,2
4,17,806,2,10,5,0,300,0.5,1700,0.5,2
4,18,520,2,10,5,0,500,0.6,1000,0.2,1400,0.2,0
4,19,45,0,0,300,0.5,1700,0.5,0
5,0,272,2,10,5,0,300,0.5,1700,0.5,1
5,1,651,1,0,500,0.6,1000,0.2,1400,0.2,1
5,2,687,2,10,5,0,300,0.5,1700,0.5,2
5,3,67,0,0,300,0.5,1700,0.5,1
5,4,833,2,10,5,0,300,0.5,1700,0.5,0
5,5,421,0,0,500,0.6,1000,0.2,1400,0.2,2
5,6,122,0,0,500,0.6,1000,0.2,1400,0.2,0
5,7,313,1,0,300,0.5,1700,0.5,0
5,8,369,2,10,5,0,300,0.5,1700,0.5,1
5,9,335,0,0,300,0.5,1700,0.5,1
5,10,240,2,10,5,0,500,0.6,1000,0.2,1400,0.2,1
5,11,696,2,10,5,0,500,0.6,1000,0.2,1400,0.2,1
5,12,800,0,0,500,0.6,1000,0.2,1400,0.2,0
5,13,689,0,0,300,0.5,1700,0.5,0
5,14,829,1,0,300,0.5,1700,0.5,0
5,15,906,0,0,300,0.5,1700,0.5,0
5,16,929,0,0,500,0.6,1000,0.2,1400,0.2,1
5,17,223,2,10,5,0,300,0.5,1700,0.5,1
5,18,781,0,0,300,0.5,1700,0.5,1
5,19,495,2,10,5,0,500,0.6,1000,0.2,1400,0.2,0
6,0,725,0,0,500,0.6,1000,0.2,1400,0.2,1
6,1,624,2,10,5,0,500,0.6,1000,0.2,1400,0.2,0
6,2,587,0,0,500,0.6,1000,0.2,1400,0.2,1
6,3,124,2,10,5,0,500,0.6,1000,0.2,1400,0.2,2
6,4,19,0,0,300,0.5,1700,0.5,2
6,5,930,1,0,500,0.6,1000,0.2,1400,0.2,0
6,6,803,1,0,300,0.5,1700,0.5,1
6,7,686,0,0,300,0.5,1700,0.5,2
6,8,941,1,0,500,0.6,1000,0.2,1400,0.2,0
6,9,260,2,10,5,0,500,0.6,1000,0.2,1400,0.2,0
6,10,606,0,0,300,0.5,1700,0.5,0
6,11,323,0,0,500,0.6,1000,0.2,1400,0.2,1
6,12,789,2,10,5,0,300,0.5,1700,0.5,1
6,13,142,1,0,500,0.6,1000,0.2,1400,0.2,1
6,14,243,2,10,5,0,500,0.6,1000,0.2,1400,0.2,1
6,15,24,1,0,300,0.5,1700,0.5,0
6,16,663,0,0,300,0.5,1700,0.5,2
6,17,313,0,0,500,0.6,1000,0.2,1400,0.2,0
6,18,263,1,0,500,0.6,1000,0.2,1400,0.2,1
6,19,603,2,10,5,0,500,0.6,1000,0.2,1400,0.2,0
7,0,538,2,10,5,0,500,0.6,1000,0.2,1400,0.2,1
7,1,218,1,0,300,0.5,1700,0.5,1
7,2,550,0,0,500,0.6,1000,0.2,1400,0.2,2
7,3,25,2,10,5,0,300,0.5,1700,0.5,2
7,4,804,1,0,300,0.5,1700,0.5,0
7,5,409,0,0,300,0.5,1700,0.5,1
7,6,881,1,0,500,0.6,1000,0.2,1400,0.2,0
7,7,448,1,0,500,0.6,1000,0.2,1400,0.2,0
7,8,756,2,10,5,0,300,0.5,1700,0.5,1
7,9,811,1,0,500,0.6,1000,0.2,1400,0.2,0
7,10,949,0,0,300,0.5,1700,0.5,2
7,11,251,2,10,5,0,300,0.5,1700,0.5,1
7,12,50,2,10,5,0,500,0.6,1000,0.2,1400,0.2,2
7,13,111,1,0,300,0.5,1700,0.5,1
7,14,301,1,0,500,0.6,1000,0.2,1400,0.2,0
7,15,930,0,0,500,0.6,1000,0.2,1400,0.2,1
7,16,548,1,0,500,0.6,1000,0.2,1400,0.2,2
7,17,582,1,0,500,0.6,1000,0.2,1400,0.2,1
7,18,470,2,10,5,0,300,0.5,1700,0.5,2
7,19,407,0,0,300,0.5,1700,0.5,2
8,0,581,0,0,500,0.6,1000,0.2,1400,0.2,0
8,1,159,1,0,300,0.5,1700,0.5,2
8,2,635,0,0,300,0.5,1700,0.5,2
8,3,897,2,10,5,0,300,0.5,1700,0.5,0
8,4,863,1,0,500,0.6,1000,0.2,1400,0.2,0
8,5,214,2,10,5,0,300,0.5,1700,0.5,1
8,6,299,1,0,300,0.5,1700,0.5,0
8,7,598,2,10,5,0,300,0.5,1700,0.5,0
8,8,867,0,0,500,0.6,1000,0.2,1400,0.2,0
8,9,930,2,10,5,0,500,0.6,1000,0.2,1400,0.2,2
8,10,333,1,0,300,0.5,1700,0.5,1
8,11,789,2,10,5,0,500,0.6,1000,0.2,1400,0.2,1
8,12,881,1,0,500,0.6,1000,0.2,1400,0.2,0
8,13,954,0,0,300,0.5,1700,0.5,0
8,14,922,0,0,300,0.5,1700,0.5,2
8,15,607,1,0,500,0.6,1000,0.2,1400,0.2,0
8,16,88,2,10,5,0,500,0.6,1000,0.2,1400,0.2,1
8,17,774,2,10,5,0,300,0.5,1700,0.5,2
8,18,493,0,0,300,0.5,1700,0.5,0
8,19,252,1,0,300,0.5,1700,0.5,1
9,0,876,1,0,300,0.5,1700,0.5,0
9,1,121,2,10,5,0,500,0.6,1000,0.2,1400,0.2,2
9,2,86,1,0,500,0.6,1000,0.2,1400,0.2,0
9,3,621,1,0,300,0.5,1700,0.5,1
9,4,617,1,0,500,0.6,1000,0.2,1400,0.2,2
9,5,129,1,0,300,0.5,1700,0.5,0
9,6,925,1,0,500,0.6,1000,0.2,1400,0.2,1
9,7,673,0,0,300,0.5,1700,0.5,0
9,8,274,0,0,500,0.6,1000,0.2,1400,0.2,1
9,9,457,2,10,5,0,500,0.6,1000,0.2,1400,0.2,0
9,10,131,1,0,300,0.5,1700,0.5,0
9,11,992,1,0,500,0.6,1000,0.2,1400,0.2,2
9,12,462,1,0,500,0.6,1000,0.2,1400,0.2,0
9,13,471,2,10,5,0,300,0.5,1700,0.5,2
9,14,786,1,0,300,0.5,1700,0.5,1
9,15,101,1,0,300,0.5,1700,0.5,2
9,16,46,2,10,5,0,500,0.6,1000,0.2,1400,0.2,2
9,17,611,1,0,300,0.5,1700,0.5,1
9,18,763,0,0,500,0.6,1000,0.2,1400,0.2,1
9,19,571,2,10,5,0,500,0.6,1000,0.2,1400,0.2,2
10,0,900,1,0,500,0.6,1000,0.2,1400,0.2,2
10,1,990,0,0,500,0.6,1000,0.2,1400,0.2,2
10,2,740,1,0,500,0.6,1000,0.2,1400,0.2,2
10,3,644,2,10,5,0,500,0.6,1000,0.2,1400,0.2,0
10,4,640,1,0,500,0.6,1000,0.2,1400,0.2,0
10,5,203,0,0,300,0.5,1700,0.5,2
10,6,29,2,10,5,0,300,0.5,1700,0.5,2
10,7,680,0,0,300,0.5,1700,0.5,1
10,8,895,1,0,300,0.5,1700,0.5,0
10,9,421,1,0,500,0.6,1000,0.2,1400,0.2,1
10,10,528,2,10,5,0,300,0.5,1700,0.5,2
10,11,147,2,10,5,0,500,0.6,1000,0.2,1400,0.2,2
10,12,616,1,0,300,0.5,1700,0.5,0
10,13,974,1,0,300,0.5,1700,0.5,2
10,14,898,2,10,5,0,500,0.6,1000,0.2,1400,0.2,0
10,15,267,1,0,300,0.5,1700,0.5,1
10,16,394,1,0,300,0.5,1700,0.5,1
10,17,894,1,0,500,0.6,1000,0.2,1400,0.2,0
10,18,580,2,10,5,0,300,0.5,1700,0.5,1
10,19,766,0,0,500,0.6,1000,0.2,1400,0.2,1
11,0,457,0,0,300,0.5,1700,0.5,2
11,1,187,2,10,5,0,300,0.5,1700,0.5,0
11,2,581,1,0,300,0.5,1700,0.5,2
11,3,106,1,0,500,0.6,1000,0.2,1400,0.2,0
11,4,951,1,0,500,0.6,1000,0.2,1400,0.2,0
11,5,550,1,0,300,0.5,1700,0.5,1
11,6,323,1,0,500,0.6,1000,0.2,1400,0.2,0
11,7,331,0,0,300,0.5,1700,0.5,2
11,8,215,2,10,5,0,300,0.5,1700,0.5,0
11,9,210,0,0,300,0.5,1700,0.5,2
11,10,312,2,10,5,0,500,0.6,1000,0.2,1400,0.2,1
11,11,469,1,0,500,0.6,1000,0.2,1400,0.2,1
11,12,774,2,10,5,0,500,0.6,1000,0.2,1400,0.2,0
11,13,837,0,0,300,0.5,1700,0.5,2
11,14,793,2,10,5,0,500,0.6,1000,0.2,1400,0.2,0
11,15,891,1,0,300,0.5,1700,0.5,1
11,16,677,2,10,5,0,300,0.5,1700,0.5,2
11,17,682,2,10,5,0,500,0.6,1000,0.2,1400,0.2,0
11,18,170,0,0,300,0.5,1700,0.5,1
11,19,834,2,10,5,0,500,0.6,1000,0.2,1400,0.2,1
12,0,58,1,0,300,0.5,1700,0.5,0
12,1,999,0,0,500,0.6,1000,0.2,1400,0.2,0
12,2,830,1,0,300,0.5,1700,0.5,2
12,3,152,1,0,500,0.6,1000,0.2,1400,0.2,1
12,4,269,2,10,5,0,500,0.6,1000,0.2,1400,0.2,2
12,5,744,0,0,500,0.6,1000,0.2,1400,0.2,2
12,6,599,1,0,500,0.6,1000,0.2,1400,0.2,1
12,7,381,2,10,5,0,300,0.5,1700,0.5,1
12,8,998,0,0,500,0.6,1000,0.2,1400,0.2,0
12,9,286,1,0,300,0.5,1700,0.5,1
12,10,993,2,10,5,0,300,0.5,1700,0.5,2
12,11,78,1,0,300,0.5,1700,0.5,1
12,12,501,2,10,5,0,300,0.5,1700,0.5,0
12,13,98,0,0,300,0.5,1700,0.5,2
12,14,934,0,0,300,0.5,1700,0.5,1
12,15,226,0,0,300,0.5,1700,0.5,1
12,16,996,0,0,500,0.6,1000,0.2,1400,0.2,1
12,17,267,0,0,500,0.6,1000,0.2,1400,0.2,1
12,18,711,2,10,5,0,500,0.6,1000,0.2,1400,0.2,0
12,19,901,1,0,300,0.5,1700,0.5,2
13,0,557,2,10,5,0,300,0.5,1700,0.5,1
13,1,713,1,0,500,0.6,1000,0.2,1400,0.2,2
13,2,280,0,0,500,0.6,1000,0.2,1400,0.2,2
13,3,435,2,10,5,0,500,0.6,1000,0.2,1400,0.2,0
13,4,46,2,10,5,0,300,0.5,1700,0.5,1
13,5,161,0,0,500,0.6,1000,0.2,1400,0.2,2
13,6,713,2,10,5,0,300,0.5,1700,0.5,0
13,7,417,1,0,300,0.5,1700,0.5,2
13,8,660,2,10,5,0,300,0.5,1700,0.5,2
13,9,176,0,0,500,0.6,1000,0.2,1400,0.2,2
13,10,804,0,0,500,0.6,1000,0.2,1400,0.2,1
13,11,662,1,0,300,0.5,1700,0.5,1
13,12,663,1,0,300,0.5,1700,0.5,2
13,13,768,1,0,300,0.5,1700,0.5,1
13,14,348,1,0,500,0.6,1000,0.2,1400,0.2,0
13,15,171,2,10,5,0,300,0.5,1700,0.5,2
13,16,778,2,10,5,0,500,0.6,1000,0.2,1400,0.2,2
13,17,414,0,0,500,0.6,1000,0.2,1400,0.2,0
13,18,731,2,10,5,0,300,0.5,1700,0.5,1
13,19,11,1,0,300,0.5,1700,0.5,2
14,0,13,1,0,300,0.5,1700,0.5,2
14,1,157,2,10,5,0,300,0.5,1700,0.5,1
14,2,988,0,0,300,0.5,1700,0.5,2
14,3,253,0,0,300,0.5,1700,0.5,2
14,4,947,2,10,5,0,500,0.6,1000,0.2,1400,0.2,2
14,5,334,0,0,300,0.5,1700,0.5,0
14,6,382,2,10,5,0,300,0.5,1700,0.5,0
14,7,938,0,0,500,0.6,1000,0.2,1400,0.2,2
14,8,703,0,0,500,0.6,1000,0.2,1400,0.2,0
14,9,88,2,10,5,0,300,0.5,1700,0.5,1
14,10,47,1,0,500,0.6,1000,0.2,1400,0.2,1
14,11,446,2,10,5,0,300,0.5,1700,0.5,2
14,12,403,1,0,500,0.6,1000,0.2,1400,0.2,1
14,13,339,0,0,300,0.5,1700,0.5,1
14,14,805,0,0,500,0.6,1000,0.2,1400,0.2,1
14,15,957,1,0,500,0.6,1000,0.2,1400,0.2,2
14,16,832,1,0,300,0.5,1700,0.5,1
14,17,800,0,0,300,0.5,1700,0.5,2
14,18,118,2,10,5,0,300,0.5,1700,0.5,0
14,19,381,0,0,500,0.6,1000,0.2,1400,0.2,0
15,0,423,1,0,300,0.5,1700,0.5,2
15,1,737,2,10,5,0,500,0.6,1000,0.2,1400,0.2,1
15,2,670,0,0,300,0.5,1700,0.5,2
15,3,534,0,0,500,0.6,1000,0.2,1400,0.2,1
15,4,663,2,10,5,0,500,0.6,1000,0.2,1400,0.2,2
15,5,551,0,0,500,0.6,1000,0.2,1400,0.2,1
15,6,528,1,0,300,0.5,1700,0.5,2
15,7,789,2,10,5,0,500,0.6,1000,0.2,1400,0.2,2
15,8,998,0,0,300,0.5,1700,0.5,0
15,9,316,2,10,5,0,500,0.6,1000,0.2,1400,0.2,2
15,10,287,2,10,5,0,300,0.5,1700,0.5,1
15,11,640,1,0,300,0.5,1700,0.5,2
15,12,482,2,10,5,0,500,0.6,1000,0.2,1400,0.2,2
15,13,145,0,0,500,0.6,1000,0.2,1400,0.2,1
15,14,664,2,10,5,0,300,0.5,1700,0.5,0
15,15,590,0,0,300,0.5,1700,0.5,1
15,16,670,1,0,500,0.6,1000,0.2,1400,0.2,2
15,17,614,0,0,300,0.5,1700,0.5,2
15,18,204,1,0,500,0.6,1000,0.2,1400,0.2,2
15,19,339,1,0,500,0.6,1000,0.2,1400,0.2,2
16,0,778,2,10,5,0,300,0.5,1700,0.5,2
16,1,959,1,0,500,0.6,1000,0.2,1400,0.2,0
16,2,192,0,0,500,0.6,1000,0.2,1400,0.2,1
16,3,894,2,10,5,0,500,0.6,1000,0.2,1400,0.2,1
16,4,247,0,0,300,0.5,1700,0.5,1
16,5,871,1,0,500,0.6,1000,0.2,1400,0.2,1
16,6,548,1,0,500,0.6,1000,0.2,1400,0.2,2
16,7,700,2,10,5,0,500,0.6,1000,0.2,1400,0.2,0
16,8,576,2,10,5,0,500,0.6,1000,0.2,1400,0.2,2
16,9,323,2,10,5,0,500,0.6,1000,0.2,1400,0.2,2
16,10,361,1,0,300,0.5,1700,0.5,2
16,11,811,1,0,500,0.6,1000,0.2,1400,0.2,2
16,12,147,1,0,300,0.5,1700,0.5,0
16,13,579,2,10,5,0,500,0.6,1000,0.2,1400,0.2,1
16,14,634,2,10,5,0,500,0.6,1000,0.2,1400,0.2,0
16,15,706,0,0,500,0.6,1000,0.2,1400,0.2,0
16,16,290,2,10,5,0,300,0.5,1700,0.5,1
16,17,644,2,10,5,0,300,0.5,1700,0.5,2
16,18,791,2,10,5,0,500,0.6,1000,0.2,1400,0.2,0
16,19,900,0,0,500,0.6,1000,0.2,1400,0.2,2
17,0,578,2,10,5,0,500,0.6,1000,0.2,1400,0.2,0
17,1,66,2,10,5,0,500,0.6,1000,0.2,1400,0.2,2
17,2,877,2,10,5,0,500,0.6,1000,0.2,1400,0.2,2
17,3,354,2,10,5,0,500,0.6,1000,0.2,1400,0.2,0
17,4,393,0,0,500,0.6,1000,0.2,1400,0.2,2
17,5,267,0,0,300,0.5,1700,0.5,1
17,6,864,1,0,300,0.5,1700,0.5,1
17,7,414,2,10,5,0,500,0.6,1000,0.2,1400,0.2,1
17,8,310,0,0,300,0.5,1700,0.5,2
17,9,300,2,10,5,0,500,0.6,1000,0.2,1400,0.2,2
17,10,258,2,10,5,0,500,0.6,1000,0.2,1400,0.2,1
17,11,409,0,0,300,0.5,1700,0.5,1
17,12,939,2,10,5,0,300,0.5,1700,0.5,2
17,13,706,0,0,300,0.5,1700,0.5,1
17,14,98,1,0,300,0.5,1700,0.5,1
17,15,246,1,0,300,0.5,1700,0.5,2
17,16,615,0,0,500,0.6,1000,0.2,1400,0.2,2
17,17,296,2,10,5,0,500,0.6,1000,0.2,1400,0.2,2
17,18,230,2,10,5,0,300,0.5,1700,0.5,1
17,19,696,0,0,500,0.6,1000,0.2,1400,0.2,1
18,0,63,2,10,5,0,300,0.5,1700,0.5,0
18,1,209,0,0,500,0.6,1000,0.2,1400,0.2,1
18,2,518,0,0,300,0.5,1700,0.5,0
18,3,897,1,0,500,0.6,1000,0.2,1400,0.2,0
18,4,226,2,10,5,0,500,0.6,1000,0.2,1400,0.2,0
18,5,680,1,0,500,0.6,1000,0.2,1400,0.2,2
18,6,123,0,0,300,0.5,1700,0.5,0
18,7,891,2,10,5,0,500,0.6,1000,0.2,1400,0.2,0
18,8,252,0,0,300,0.5,1700,0.5,1
18,9,504,2,10,5,0,300,0.5,1700,0.5,1
18,10,951,0,0,500,0.6,1000,0.2,1400,0.2,1
18,11,326,0,0,500,0.6,1000,0.2,1400,0.2,2
18,12,637,1,0,300,0.5,1700,0.5,0
18,13,270,1,0,300,0.5,1700,0.5,2
18,14,208,1,0,500,0.6,1000,0.2,1400,0.2,1
18,15,602,1,0,300,0.5,1700,0.5,2
18,16,223,2,10,5,0,500,0.6,1000,0.2,1400,0.2,0
18,17,333,0,0,300,0.5,1700,0.5,1
18,18,97,2,10,5,0,300,0.5,1700,0.5,0
18,19,800,2,10,5,0,500,0.6,1000,0.2,1400,0.2,0
19,0,265,1,0,500,0.6,1000,0.2,1400,0.2,2
19,1,16,0,0,500,0.6,1000,0.2,1400,0.2,2
19,2,169,0,0,500,0.6,1000,0.2,1400,0.2,0
19,3,701,0,0,300,0.5,1700,0.5,1
19,4,959,0,0,300,0.5,1700,0.5,0
19,5,888,2,10,5,0,500,0.6,1000,0.2,1400,0.2,1
19,6,807,2,10,5,0,500,0.6,1000,0.2,1400,0.2,0
19,7,653,1,0,300,0.5,1700,0.5,1
19,8,786,1,0,300,0.5,1700,0.5,1
19,9,195,0,0,500,0.6,1000,0.2,1400,0.2,0
19,10,638,2,10,5,0,300,0.5,1700,0.5,1
19,11,661,0,0,500,0.6,1000,0.2,1400,0.2,2
19,12,139,2,10,5,0,500,0.6,1000,0.2,1400,0.2,2
19,13,767,1,0,500,0.6,1000,0.2,1400,0.2,2
19,14,41,1,0,500,0.6,1000,0.2,1400,0.2,0
19,15,110,0,0,300,0.5,1700,0.5,0
19,16,584,1,0,300,0.5,1700,0.5,1
19,17,854,0,0,500,0.6,1000,0.2,1400,0.2,0
19,18,517,0,0,300,0.5,1700,0.5,0
19,19,394,1,0,300,0.5,1700,0.5,2
