0,0,71,0,0,300,0.5,1700,0.5,0
0,1,748,1,0,300,0.5,1700,0.5,1
0,2,131,2,10,5,0,500,0.6,1000,0.2,1400,0.2,1
0,3,476,0,0,500,0.6,1000,0.2,1400,0.2,2
0,4,549,2,10,5,0,500,0.6,1000,0.2,1400,0.2,0
0,5,456,0,0,500,0.6,1000,0.2,1400,0.2,0
0,6,830,2,10,5,0,500,0.6,1000,0.2,1400,0.2,0
0,7,747,0,0,500,0.6,1000,0.2,1400,0.2,2
0,8,178,0,0,300,0.5,1700,0.5,2
0,9,494,1,0,300,0.5,1700,0.5,2
0,10,678,1,0,300,0.5,1700,0.5,0
0,11,648,1,0,500,0.6,1000,0.2,1400,0.2,1
0,12,757,0,0,500,0.6,1000,0.2,1400,0.2,2
0,13,592,2,10,5,0,300,0.5,1700,0.5,1
0,14,496,2,10,5,0,300,0.5,1700,0.5,1
0,15,416,2,10,5,0,500,0.6,1000,0.2,1400,0.2,0
0,16,138,2,10,5,0,500,0.6,1000,0.2,1400,0.2,1
0,17,989,0,0,500,0.6,1000,0.2,1400,0.2,2
0,18,256,2,10,5,0,300,0.5,1700,0.5,0
0,19,343,0,0,300,0.5,1700,0.5,0
1,0,573,1,0,500,0.6,1000,0.2,1400,0.2,0
1,1,144,1,0,500,0.6,1000,0.2,1400,0.2,0
1,2,249,0,0,300,0.5,1700,0.5,0
1,3,227,0,0,500,0.6,1000,0.2,1400,0.2,1
1,4,773,2,10,5,0,300,0.5,1700,0.5,0
1,5,212,2,10,5,0,300,0.5,1700,0.5,2
1,6,976,0,0,300,0.5,1700,0.5,1
1,7,115,0,0,300,0.5,1700,0.5,2
1,8,684,2,10,5,0,300,0.5,1700,0.5,0
1,9,985,1,0,500,0.6,1000,0.2,1400,0.2,2
1,10,857,1,0,300,0.5,1700,0.5,2
1,11,688,2,10,5,0,300,0.5,1700,0.5,0
1,12,795,2,10,5,0,300,0.5,1700,0.5,1
1,13,856,1,0,500,0.6,1000,0.2,1400,0.2,1
1,14,827,0,0,500,0.6,1000,0.2,1400,0.2,1
1,15,928,0,0,500,0.6,1000,0.2,1400,0.2,0
1,16,433,1,0,300,0.5,1700,0.5,2
1,17,436,1,0,300,0.5,1700,0.5,2
1,18,155,0,0,300,0.5,1700,0.5,1
1,19,975,1,0,300,0.5,1700,0.5,0
2,0,227,2,10,5,0,500,0.6,1000,0.2,1400,0.2,2
2,1,715,0,0,500,0.6,1000,0.2,1400,0.2,0
2,2,770,1,0,300,0.5,1700,0.5,0
2,3,357,1,0,500,0.6,1000,0.2,1400,0.2,2
2,4,45,2,10,5,0,500,0.6,1000,0.2,1400,0.2,2
2,5,801,1,0,300,0.5,1700,0.5,1
2,6,959,2,10,5,0,500,0.6,1000,0.2,1400,0.2,1
2,7,321,2,10,5,0,500,0.6,1000,0.2,1400,0.2,2
2,8,577,1,0,300,0.5,1700,0.5,0
2,9,525,1,0,500,0.6,1000,0.2,1400,0.2,1
2,10,871,0,0,500,0.6,1000,0.2,1400,0.2,2
2,11,776,0,0,300,0.5,1700,0.5,0
2,12,207,2,10,5,0,300,0.5,1700,0.5,1
2,13,556,1,0,300,0.5,1700,0.5,2
2,14,242,1,0,300,0.5,1700,0.5,1
2,15,20,2,10,5,0,500,0.6,1000,0.2,1400,0.2,0
2,16,370,0,0,300,0.5,1700,0.5,0
2,17,404,0,0,500,0.6,1000,0.2,1400,0.2,0
2,18,1000,2,10,5,0,500,0.6,1000,0.2,1400,0.2,2
2,19,901,2,10,5,0,500,0.6,1000,0.2,1400,0.2,0
3,0,741,2,10,5,0,500,0.6,1000,0.2,1400,0.2,1
3,1,625,0,0,500,0.6,1000,0.2,1400,0.2,1
3,2,512,2,10,5,0,300,0.5,1700,0.5,1
3,3,838,2,10,5,0,500,0.6,1000,0.2,1400,0.2,0
3,4,632,2,10,5,0,300,0.5,1700,0.5,1
3,5,921,0,0,300,0.5,1700,0.5,1
3,6,973,2,10,5,0,500,0.6,1000,0.2,1400,0.2,0
3,7,509,2,10,5,0,300,0.5,1700,0.5,1
3,8,336,2,10,5,0,300,0.5,1700,0.5,0
3,9,427,0,0,300,0.5,1700,0.5,0
3,10,969,1,0,500,0.6,1000,0.2,1400,0.2,0
3,11,222,1,0,500,0.6,1000,0.2,1400,0.2,1
3,12,610,2,10,5,0,500,0.6,1000,0.2,1400,0.2,1
3,13,523,1,0,300,0.5,1700,0.5,1
3,14,887,2,10,5,0,500,0.6,1000,0.2,1400,0.2,1
3,15,131,0,0,500,0.6,1000,0.2,1400,0.2,1
3,16,855,1,0,300,0.5,1700,0.5,0
3,17,758,2,10,5,0,500,0.6,1000,0.2,1400,0.2,0
3,18,952,2,10,5,0,500,0.6,1000,0.2,1400,0.2,2
3,19,295,1,0,300,0.5,1700,0.5,1
4,0,30,0,0,300,0.5,1700,0.5,0
4,1,759,2,10,5,0,500,0.6,1000,0.2,1400,0.2,0
4,2,857,0,0,300,0.5,1700,0.5,1
4,3,670,2,10,5,0,500,0.6,1000,0.2,1400,0.2,2
4,4,90,1,0,300,0.5,1700,0.5,1
4,5,102,1,0,300,0.5,1700,0.5,0
4,6,392,1,0,500,0.6,1000,0.2,1400,0.2,0
4,7,936,1,0,300,0.5,1700,0.5,2
4,8,203,2,10,5,0,300,0.5,1700,0.5,2
4,9,852,0,0,500,0.6,1000,0.2,1400,0.2,0
4,10,686,2,10,5,0,500,0.6,1000,0.2,1400,0.2,2
4,11,798,1,0,500,0.6,1000,0.2,1400,0.2,1
4,12,44,2,10,5,0,300,0.5,1700,0.5,2
4,13,447,1,0,500,0.6,1000,0.2,1400,0.2,1
4,14,532,0,0,300,0.5,1700,0.5,1
4,15,394,2,10,5,0,300,0.5,1700,0.5,1
4,16,659,1,0,500,0.6,1000,0.2,1400,0.2,1
4,17,827,2,10,5,0,500,0.6,1000,0.2,1400,0.2,1
4,18,129,2,10,5,0,300,0.5,1700,0.5,2
4,19,797,2,10,5,0,500,0.6,1000,0.2,1400,0.2,0
5,0,86,1,0,500,0.6,1000,0.2,1400,0.2,2
5,1,876,2,10,5,0,500,0.6,1000,0.2,1400,0.2,0
5,2,538,0,0,500,0.6,1000,0.2,1400,0.2,0
5,3,689,0,0,500,0.6,1000,0.2,1400,0.2,2
5,4,356,1,0,500,0.6,1000,0.2,1400,0.2,0
5,5,444,2,10,5,0,500,0.6,1000,0.2,1400,0.2,1
5,6,387,0,0,300,0.5,1700,0.5,2
5,7,362,1,0,500,0.6,1000,0.2,1400,0.2,0
5,8,841,1,0,300,0.5,1700,0.5,2
5,9,999,0,0,500,0.6,1000,0.2,1400,0.2,0
5,10,734,1,0,500,0.6,1000,0.2,1400,0.2,2
5,11,567,1,0,300,0.5,1700,0.5,1
5,12,284,1,0,300,0.5,1700,0.5,0
5,13,597,0,0,500,0.6,1000,0.2,1400,0.2,0
5,14,675,2,10,5,0,300,0.5,1700,0.5,1
5,15,328,0,0,300,0.5,1700,0.5,0
5,16,809,0,0,300,0.5,1700,0.5,0
5,17,321,2,10,5,0,300,0.5,1700,0.5,2
5,18,65,0,0,300,0.5,1700,0.5,0
5,19,239,1,0,500,0.6,1000,0.2,1400,0.2,0
6,0,566,0,0,300,0.5,1700,0.5,2
6,1,273,0,0,500,0.6,1000,0.2,1400,0.2,1
6,2,378,2,10,5,0,300,0.5,1700,0.5,1
6,3,328,0,0,500,0.6,1000,0.2,1400,0.2,1
6,4,336,1,0,500,0.6,1000,0.2,1400,0.2,0
6,5,373,0,0,300,0.5,1700,0.5,0
6,6,888,0,0,300,0.5,1700,0.5,2
6,7,566,1,0,300,0.5,1700,0.5,0
6,8,206,2,10,5,0,500,0.6,1000,0.2,1400,0.2,0
6,9,181,0,0,300,0.5,1700,0.5,0
6,10,471,0,0,500,0.6,1000,0.2,1400,0.2,1
6,11,464,1,0,300,0.5,1700,0.5,1
6,12,965,2,10,5,0,300,0.5,1700,0.5,1
6,13,862,0,0,500,0.6,1000,0.2,1400,0.2,1
6,14,942,2,10,5,0,500,0.6,1000,0.2,1400,0.2,0
6,15,914,1,0,500,0.6,1000,0.2,1400,0.2,2
6,16,727,0,0,300,0.5,1700,0.5,2
6,17,879,1,0,500,0.6,1000,0.2,1400,0.2,0
6,18,39,0,0,500,0.6,1000,0.2,1400,0.2,0
6,19,652,1,0,300,0.5,1700,0.5,0
7,0,639,2,10,5,0,500,0.6,1000,0.2,1400,0.2,1
7,1,877,2,10,5,0,500,0.6,1000,0.2,1400,0.2,0
7,2,92,1,0,500,0.6,1000,0.2,1400,0.2,1
7,3,998,1,0,500,0.6,1000,0.2,1400,0.2,2
7,4,723,1,0,500,0.6,1000,0.2,1400,0.2,0
7,5,306,2,10,5,0,300,0.5,1700,0.5,0
7,6,770,0,0,300,0.5,1700,0.5,1
7,7,290,0,0,500,0.6,1000,0.2,1400,0.2,0
7,8,777,0,0,500,0.6,1000,0.2,1400,0.2,1
7,9,442,2,10,5,0,500,0.6,1000,0.2,1400,0.2,2
7,10,918,0,0,300,0.5,1700,0.5,0
7,11,127,1,0,300,0.5,1700,0.5,1
7,12,729,0,0,500,0.6,1000,0.2,1400,0.2,1
7,13,462,0,0,500,0.6,1000,0.2,1400,0.2,2
7,14,273,0,0,300,0.5,1700,0.5,1
7,15,49,0,0,300,0.5,1700,0.5,0
7,16,202,1,0,300,0.5,1700,0.5,0
7,17,368,0,0,500,0.6,1000,0.2,1400,0.2,0
7,18,235,0,0,300,0.5,1700,0.5,0
7,19,272,0,0,300,0.5,1700,0.5,0
8,0,272,0,0,500,0.6,1000,0.2,1400,0.2,1
8,1,149,2,10,5,0,500,0.6,1000,0.2,1400,0.2,0
8,2,621,0,0,500,0.6,1000,0.2,1400,0.2,1
8,3,678,0,0,500,0.6,1000,0.2,1400,0.2,0
8,4,683,2,10,5,0,300,0.5,1700,0.5,2
8,5,41,0,0,500,0.6,1000,0.2,1400,0.2,2
8,6,643,2,10,5,0,300,0.5,1700,0.5,0
8,7,335,1,0,300,0.5,1700,0.5,2
8,8,153,1,0,300,0.5,1700,0.5,1
8,9,546,2,10,5,0,300,0.5,1700,0.5,0
8,10,32,1,0,300,0.5,1700,0.5,0
8,11,281,1,0,500,0.6,1000,0.2,1400,0.2,2
8,12,503,2,10,5,0,300,0.5,1700,0.5,0
8,13,120,0,0,500,0.6,1000,0.2,1400,0.2,1
8,14,515,0,0,300,0.5,1700,0.5,2
8,15,201,1,0,300,0.5,1700,0.5,0
8,16,87,1,0,500,0.6,1000,0.2,1400,0.2,1
8,17,481,1,0,500,0.6,1000,0.2,1400,0.2,0
8,18,784,0,0,500,0.6,1000,0.2,1400,0.2,1
8,19,250,0,0,300,0.5,1700,0.5,0
9,0,953,2,10,5,0,500,0.6,1000,0.2,1400,0.2,2
9,1,441,1,0,500,0.6,1000,0.2,1400,0.2,2
9,2,916,2,10,5,0,300,0.5,1700,0.5,0
9,3,56,0,0,300,0.5,1700,0.5,0
9,4,251,2,10,5,0,500,0.6,1000,0.2,1400,0.2,2
9,5,971,2,10,5,0,500,0.6,1000,0.2,1400,0.2,1
9,6,346,0,0,300,0.5,1700,0.5,0
9,7,447,1,0,500,0.6,1000,0.2,1400,0.2,2
9,8,31,0,0,300,0.5,1700,0.5,0
9,9,586,2,10,5,0,300,0.5,1700,0.5,1
9,10,859,2,10,5,0,500,0.6,1000,0.2,1400,0.2,2
9,11,959,2,10,5,0,300,0.5,1700,0.5,1
9,12,747,1,0,300,0.5,1700,0.5,2
9,13,684,0,0,500,0.6,1000,0.2,1400,0.2,2
9,14,962,2,10,5,0,300,0.5,1700,0.5,1
9,15,285,0,0,500,0.6,1000,0.2,1400,0.2,2
9,16,988,2,10,5,0,500,0.6,1000,0.2,1400,0.2,2
9,17,422,1,0,300,0.5,1700,0.5,1
9,18,13,2,10,5,0,500,0.6,1000,0.2,1400,0.2,0
9,19,231,0,0,500,0.6,1000,0.2,1400,0.2,0
10,0,576,2,10,5,0,300,0.5,1700,0.5,0
10,1,739,0,0,300,0.5,1700,0.5,1
10,2,345,1,0,300,0.5,1700,0.5,1
10,3,376,2,10,5,0,300,0.5,1700,0.5,1
10,4,550,0,0,500,0.6,1000,0.2,1400,0.2,1
10,5,33,1,0,500,0.6,1000,0.2,1400,0.2,1
10,6,369,0,0,500,0.6,1000,0.2,1400,0.2,1
10,7,681,2,10,5,0,300,0.5,1700,0.5,0
10,8,916,0,0,300,0.5,1700,0.5,1
10,9,332,1,0,500,0.6,1000,0.2,1400,0.2,1
10,10,115,0,0,500,0.6,1000,0.2,1400,0.2,2
10,11,610,2,10,5,0,500,0.6,1000,0.2,1400,0.2,0
10,12,973,0,0,500,0.6,1000,0.2,1400,0.2,0
10,13,490,0,0,300,0.5,1700,0.5,1
10,14,152,0,0,300,0.5,1700,0.5,0
10,15,864,1,0,500,0.6,1000,0.2,1400,0.2,2
10,16,375,2,10,5,0,500,0.6,1000,0.2,1400,0.2,0
10,17,56,0,0,500,0.6,1000,0.2,1400,0.2,1
10,18,321,2,10,5,0,500,0.6,1000,0.2,1400,0.2,1
10,19,146,2,10,5,0,300,0.5,1700,0.5,1
11,0,338,0,0,300,0.5,1700,0.5,2
11,1,51,1,0,500,0.6,1000,0.2,1400,0.2,0
11,2,359,1,0,300,0.5,1700,0.5,0
11,3,333,2,10,5,0,500,0.6,1000,0.2,1400,0.2,2
11,4,873,1,0,300,0.5,1700,0.5,2
11,5,568,0,0,300,0.5,1700,0.5,2
11,6,802,2,10,5,0,500,0.6,1000,0.2,1400,0.2,2
11,7,676,0,0,300,0.5,1700,0.5,2
11,8,397,1,0,300,0.5,1700,0.5,2
11,9,97,1,0,300,0.5,1700,0.5,0
11,10,834,2,10,5,0,500,0.6,1000,0.2,1400,0.2,0
11,11,395,2,10,5,0,500,0.6,1000,0.2,1400,0.2,0
11,12,205,1,0,500,0.6,1000,0.2,1400,0.2,0
11,13,590,0,0,300,0.5,1700,0.5,2
11,14,195,0,0,500,0.6,1000,0.2,1400,0.2,0
11,15,466,0,0,500,0.6,1000,0.2,1400,0.2,2
11,16,146,0,0,500,0.6,1000,0.2,1400,0.2,2
11,17,593,1,0,300,0.5,1700,0.5,1
11,18,247,1,0,500,0.6,1000,0.2,1400,0.2,0
11,19,778,2,10,5,0,300,0.5,1700,0.5,1
12,0,417,2,10,5,0,500,0.6,1000,0.2,1400,0.2,2
12,1,760,1,0,300,0.5,1700,0.5,1
12,2,322,2,10,5,0,300,0.5,1700,0.5,1
12,3,146,2,10,5,0,300,0.5,1700,0.5,0
12,4,857,0,0,500,0.6,1000,0.2,1400,0.2,0
12,5,589,0,0,500,0.6,1000,0.2,1400,0.2,0
12,6,569,2,10,5,0,500,0.6,1000,0.2,1400,0.2,0
12,7,422,2,10,5,0,500,0.6,1000,0.2,1400,0.2,1
12,8,171,0,0,300,0.5,1700,0.5,0
12,9,202,0,0,500,0.6,1000,0.2,1400,0.2,1
12,10,332,2,10,5,0,500,0.6,1000,0.2,1400,0.2,2
12,11,924,2,10,5,0,500,0.6,1000,0.2,1400,0.2,2
12,12,596,2,10,5,0,300,0.5,1700,0.5,1
12,13,513,1,0,300,0.5,1700,0.5,0
12,14,316,0,0,300,0.5,1700,0.5,0
12,15,141,2,10,5,0,300,0.5,1700,0.5,2
12,16,81,1,0,500,0.6,1000,0.2,1400,0.2,1
12,17,996,0,0,300,0.5,1700,0.5,0
12,18,519,0,0,300,0.5,1700,0.5,1
12,19,870,2,10,5,0,500,0.6,1000,0.2,1400,0.2,2
13,0,724,0,0,300,0.5,1700,0.5,1
13,1,402,1,0,500,0.6,1000,0.2,1400,0.2,1
13,2,103,0,0,500,0.6,1000,0.2,1400,0.2,2
13,3,396,0,0,300,0.5,1700,0.5,1
13,4,202,1,0,300,0.5,1700,0.5,1
13,5,245,2,10,5,0,300,0.5,1700,0.5,0
13,6,570,2,10,5,0,300,0.5,1700,0.5,2
13,7,647,2,10,5,0,500,0.6,1000,0.2,1400,0.2,2
13,8,12,1,0,500,0.6,1000,0.2,1400,0.2,2
13,9,621,0,0,300,0.5,1700,0.5,1
13,10,601,2,10,5,0,300,0.5,1700,0.5,2
13,11,264,1,0,500,0.6,1000,0.2,1400,0.2,2
13,12,595,2,10,5,0,500,0.6,1000,0.2,1400,0.2,2
13,13,683,1,0,300,0.5,1700,0.5,1
13,14,87,1,0,300,0.5,1700,0.5,0
13,15,66,0,0,300,0.5,1700,0.5,0
13,16,29,1,0,300,0.5,1700,0.5,2
13,17,295,2,10,5,0,300,0.5,1700,0.5,0
13,18,683,0,0,300,0.5,1700,0.5,1
13,19,323,1,0,300,0.5,1700,0.5,0
14,0,278,2,10,5,0,300,0.5,1700,0.5,1
14,1,425,0,0,500,0.6,1000,0.2,1400,0.2,1
14,2,38,2,10,5,0,500,0.6,1000,0.2,1400,0.2,1
14,3,589,1,0,300,0.5,1700,0.5,0
14,4,605,0,0,500,0.6,1000,0.2,1400,0.2,2
14,5,678,0,0,300,0.5,1700,0.5,0
14,6,277,0,0,300,0.5,1700,0.5,2
14,7,352,0,0,500,0.6,1000,0.2,1400,0.2,1
14,8,769,0,0,300,0.5,1700,0.5,2
14,9,502,1,0,300,0.5,1700,0.5,2
14,10,166,1,0,300,0.5,1700,0.5,2
14,11,980,2,10,5,0,500,0.6,1000,0.2,1400,0.2,0
14,12,85,1,0,300,0.5,1700,0.5,0
14,13,439,0,0,300,0.5,1700,0.5,1
14,14,832,0,0,500,0.6,1000,0.2,1400,0.2,1
14,15,835,0,0,300,0.5,1700,0.5,0
14,16,493,2,10,5,0,300,0.5,1700,0.5,1
14,17,260,1,0,300,0.5,1700,0.5,2
14,18,297,0,0,300,0.5,1700,0.5,2
14,19,550,2,10,5,0,500,0.6,1000,0.2,1400,0.2,0
15,0,693,0,0,300,0.5,1700,0.5,1
15,1,574,1,0,300,0.5,1700,0.5,1
15,2,866,0,0,500,0.6,1000,0.2,1400,0.2,0
15,3,833,1,0,500,0.6,1000,0.2,1400,0.2,0
15,4,651,1,0,300,0.5,1700,0.5,1
15,5,326,0,0,300,0.5,1700,0.5,1
15,6,942,1,0,300,0.5,1700,0.5,1
15,7,981,1,0,300,0.5,1700,0.5,2
15,8,153,0,0,500,0.6,1000,0.2,1400,0.2,1
15,9,878,0,0,300,0.5,1700,0.5,1
15,10,887,1,0,300,0.5,1700,0.5,0
15,11,404,2,10,5,0,300,0.5,1700,0.5,0
15,12,964,2,10,5,0,500,0.6,1000,0.2,1400,0.2,1
15,13,708,1,0,300,0.5,1700,0.5,1
15,14,351,0,0,300,0.5,1700,0.5,0
15,15,48,1,0,500,0.6,1000,0.2,1400,0.2,0
15,16,495,1,0,500,0.6,1000,0.2,1400,0.2,0
15,17,614,2,10,5,0,300,0.5,1700,0.5,0
15,18,189,1,0,300,0.5,1700,0.5,1
15,19,544,0,0,300,0.5,1700,0.5,1
16,0,446,1,0,300,0.5,1700,0.5,1
16,1,191,2,10,5,0,500,0.6,1000,0.2,1400,0.2,1
16,2,471,0,0,500,0.6,1000,0.2,1400,0.2,2
16,3,26,1,0,300,0.5,1700,0.5,0
16,4,957,2,10,5,0,300,0.5,1700,0.5,0
16,5,880,2,10,5,0,300,0.5,1700,0.5,2
16,6,487,0,0,300,0.5,1700,0.5,2
16,7,350,1,0,500,0.6,1000,0.2,1400,0.2,1
16,8,384,1,0,500,0.6,1000,0.2,1400,0.2,2
16,9,994,0,0,500,0.6,1000,0.2,1400,0.2,1
16,10,789,1,0,500,0.6,1000,0.2,1400,0.2,2
16,11,211,2,10,5,0,500,0.6,1000,0.2,1400,0.2,0
16,12,463,1,0,500,0.6,1000,0.2,1400,0.2,1
16,13,633,0,0,500,0.6,1000,0.2,1400,0.2,1
16,14,608,1,0,500,0.6,1000,0.2,1400,0.2,1
16,15,267,1,0,500,0.6,1000,0.2,1400,0.2,0
16,16,316,2,10,5,0,500,0.6,1000,0.2,1400,0.2,2
16,17,989,1,0,500,0.6,1000,0.2,1400,0.2,2
16,18,946,1,0,500,0.6,1000,0.2,1400,0.2,1
16,19,476,0,0,300,0.5,1700,0.5,0
17,0,471,2,10,5,0,500,0.6,1000,0.2,1400,0.2,2
17,1,46,1,0,500,0.6,1000,0.2,1400,0.2,1
17,2,298,2,10,5,0,300,0.5,1700,0.5,1
17,3,720,0,0,500,0.6,1000,0.2,1400,0.2,2
17,4,637,0,0,300,0.5,1700,0.5,1
17,5,945,2,10,5,0,500,0.6,1000,0.2,1400,0.2,0
17,6,385,2,10,5,0,500,0.6,1000,0.2,1400,0.2,2
17,7,742,0,0,300,0.5,1700,0.5,0
17,8,810,1,0,500,0.6,1000,0.2,1400,0.2,2
17,9,47,0,0,500,0.6,1000,0.2,1400,0.2,1
17,10,833,0,0,300,0.5,1700,0.5,2
17,11,237,2,10,5,0,300,0.5,1700,0.5,0
17,12,644,2,10,5,0,300,0.5,1700,0.5,2
17,13,460,1,0,300,0.5,1700,0.5,1
17,14,336,0,0,300,0.5,1700,0.5,2
17,15,724,0,0,300,0.5,1700,0.5,0
17,16,179,0,0,300,0.5,1700,0.5,0
17,17,460,2,10,5,0,500,0.6,1000,0.2,1400,0.2,0
17,18,69,2,10,5,0,300,0.5,1700,0.5,2
17,19,390,1,0,500,0.6,1000,0.2,1400,0.2,1
18,0,757,2,10,5,0,500,0.6,1000,0.2,1400,0.2,1
18,1,993,1,0,300,0.5,1700,0.5,1
18,2,684,2,10,5,0,500,0.6,1000,0.2,1400,0.2,1
18,3,152,0,0,500,0.6,1000,0.2,1400,0.2,0
18,4,718,1,0,300,0.5,1700,0.5,0
18,5,357,1,0,500,0.6,1000,0.2,1400,0.2,2
18,6,832,2,10,5,0,300,0.5,1700,0.5,2
18,7,164,0,0,300,0.5,1700,0.5,0
18,8,368,1,0,300,0.5,1700,0.5,1
18,9,751,1,0,500,0.6,1000,0.2,1400,0.2,1
18,10,410,1,0,300,0.5,1700,0.5,1
18,11,731,1,0,500,0.6,1000,0.2,1400,0.2,1
18,12,555,0,0,300,0.5,1700,0.5,0
18,13,393,1,0,300,0.5,1700,0.5,2
18,14,243,1,0,500,0.6,1000,0.2,1400,0.2,2
18,15,797,1,0,500,0.6,1000,0.2,1400,0.2,0
18,16,516,2,10,5,0,500,0.6,1000,0.2,1400,0.2,2
18,17,390,0,0,500,0.6,1000,0.2,1400,0.2,1
18,18,108,2,10,5,0,500,0.6,1000,0.2,1400,0.2,0
18,19,835,2,10,5,0,300,0.5,1700,0.5,0
19,0,946,2,10,5,0,500,0.6,1000,0.2,1400,0.2,0
19,1,874,1,0,500,0.6,1000,0.2,1400,0.2,1
19,2,102,1,0,300,0.5,1700,0.5,2
19,3,553,0,0,500,0.6,1000,0.2,1400,0.2,1
19,4,581,0,0,500,0.6,1000,0.2,1400,0.2,0
19,5,165,1,0,500,0.6,1000,0.2,1400,0.2,1
19,6,397,1,0,500,0.6,1000,0.2,1400,0.2,0
19,7,978,0,0,500,0.6,1000,0.2,1400,0.2,0
19,8,738,0,0,500,0.6,1000,0.2,1400,0.2,2
19,9,684,2,10,5,0,300,0.5,1700,0.5,2
19,10,107,2,10,5,0,300,0.5,1700,0.5,1
19,11,656,1,0,500,0.6,1000,0.2,1400,0.2,0
19,12,599,1,0,500,0.6,1000,0.2,1400,0.2,2
19,13,559,0,0,300,0.5,1700,0.5,2
19,14,785,1,0,300,0.5,1700,0.5,1
19,15,336,2,10,5,0,500,0.6,1000,0.2,1400,0.2,2
19,16,578,0,0,500,0.6,1000,0.2,1400,0.2,2
19,17,839,2,10,5,0,500,0.6,1000,0.2,1400,0.2,2
19,18,752,1,0,500,0.6,1000,0.2,1400,0.2,0
19,19,720,1,0,500,0.6,1000,0.2,1400,0.2,0
