0,0,591,2,10,5,0,300,0.5,1700,0.5,0
0,1,638,0,0,500,0.6,1000,0.2,1400,0.2,2
0,2,375,2,10,5,0,300,0.5,1700,0.5,2
0,3,803,0,0,500,0.6,1000,0.2,1400,0.2,1
0,4,620,0,0,300,0.5,1700,0.5,2
0,5,440,0,0,300,0.5,1700,0.5,0
0,6,953,2,10,5,0,300,0.5,1700,0.5,2
0,7,904,0,0,500,0.6,1000,0.2,1400,0.2,1
0,8,877,1,0,500,0.6,1000,0.2,1400,0.2,0
0,9,281,0,0,500,0.6,1000,0.2,1400,0.2,0
0,10,628,0,0,500,0.6,1000,0.2,1400,0.2,0
0,11,878,0,0,300,0.5,1700,0.5,1
0,12,795,2,10,5,0,300,0.5,1700,0.5,1
0,13,228,2,10,5,0,300,0.5,1700,0.5,0
0,14,431,0,0,500,0.6,1000,0.2,1400,0.2,1
0,15,647,1,0,500,0.6,1000,0.2,1400,0.2,2
0,16,923,2,10,5,0,500,0.6,1000,0.2,1400,0.2,1
0,17,95,1,0,300,0.5,1700,0.5,0
0,18,705,0,0,300,0.5,1700,0.5,1
0,19,838,2,10,5,0,300,0.5,1700,0.5,1
1,0,424,0,0,500,0.6,1000,0.2,1400,0.2,2
1,1,984,1,0,300,0.5,1700,0.5,0
1,2,309,1,0,500,0.6,1000,0.2,1400,0.2,0
1,3,374,1,0,500,0.6,1000,0.2,1400,0.2,0
1,4,139,1,0,500,0.6,1000,0.2,1400,0.2,0
1,5,476,2,10,5,0,500,0.6,1000,0.2,1400,0.2,1
1,6,825,2,10,5,0,300,0.5,1700,0.5,1
1,7,84,1,0,300,0.5,1700,0.5,0
1,8,804,0,0,300,0.5,1700,0.5,1
1,9,271,2,10,5,0,300,0.5,1700,0.5,0
1,10,602,1,0,500,0.6,1000,0.2,1400,0.2,2
1,11,957,1,0,300,0.5,1700,0.5,2
1,12,654,0,0,300,0.5,1700,0.5,1
1,13,827,0,0,300,0.5,1700,0.5,0
1,14,268,1,0,500,0.6,1000,0.2,1400,0.2,2
1,15,16,0,0,500,0.6,1000,0.2,1400,0.2,0
1,16,742,1,0,300,0.5,1700,0.5,1
1,17,251,1,0,300,0.5,1700,0.5,2
1,18,567,0,0,300,0.5,1700,0.5,1
1,19,78,1,0,300,0.5,1700,0.5,2
2,0,118,2,10,5,0,500,0.6,1000,0.2,1400,0.2,0
2,1,232,1,0,300,0.5,1700,0.5,1
2,2,257,1,0,500,0.6,1000,0.2,1400,0.2,2
2,3,73,0,0,500,0.6,1000,0.2,1400,0.2,1
2,4,736,1,0,300,0.5,1700,0.5,1
2,5,540,1,0,500,0.6,1000,0.2,1400,0.2,0
2,6,624,2,10,5,0,300,0.5,1700,0.5,2
2,7,255,2,10,5,0,500,0.6,1000,0.2,1400,0.2,0
2,8,324,1,0,300,0.5,1700,0.5,1
2,9,282,0,0,500,0.6,1000,0.2,1400,0.2,2
2,10,630,0,0,500,0.6,1000,0.2,1400,0.2,2
2,11,841,2,10,5,0,300,0.5,1700,0.5,2
2,12,985,2,10,5,0,500,0.6,1000,0.2,1400,0.2,1
2,13,304,1,0,500,0.6,1000,0.2,1400,0.2,0
2,14,638,0,0,300,0.5,1700,0.5,2
2,15,513,1,0,500,0.6,1000,0.2,1400,0.2,1
2,16,805,1,0,300,0.5,1700,0.5,1
2,17,573,0,0,300,0.5,1700,0.5,2
2,18,790,1,0,300,0.5,1700,0.5,0
2,19,502,0,0,300,0.5,1700,0.5,2
3,0,815,0,0,300,0.5,1700,0.5,2
3,1,143,0,0,500,0.6,1000,0.2,1400,0.2,1
3,2,657,0,0,500,0.6,1000,0.2,1400,0.2,2
3,3,236,2,10,5,0,500,0.6,1000,0.2,1400,0.2,0
3,4,494,0,0,500,0.6,1000,0.2,1400,0.2,1
3,5,169,1,0,300,0.5,1700,0.5,1
3,6,978,2,10,5,0,300,0.5,1700,0.5,0
3,7,708,0,0,300,0.5,1700,0.5,2
3,8,19,1,0,500,0.6,1000,0.2,1400,0.2,1
3,9,28,1,0,300,0.5,1700,0.5,1
3,10,224,0,0,500,0.6,1000,0.2,1400,0.2,2
3,11,102,1,0,500,0.6,1000,0.2,1400,0.2,2
3,12,787,2,10,5,0,500,0.6,1000,0.2,1400,0.2,1
3,13,307,1,0,300,0.5,1700,0.5,0
3,14,904,0,0,300,0.5,1700,0.5,1
3,15,213,0,0,500,0.6,1000,0.2,1400,0.2,2
3,16,710,1,0,300,0.5,1700,0.5,2
3,17,950,0,0,300,0.5,1700,0.5,1
3,18,633,1,0,500,0.6,1000,0.2,1400,0.2,0
3,19,353,2,10,5,0,500,0.6,1000,0.2,1400,0.2,2
4,0,380,2,10,5,0,300,0.5,1700,0.5,1
4,1,821,0,0,300,0.5,1700,0.5,2
4,2,657,2,10,5,0,500,0.6,1000,0.2,1400,0.2,2
4,3,252,0,0,300,0.5,1700,0.5,1
4,4,786,0,0,300,0.5,1700,0.5,2
4,5,934,2,10,5,0,300,0.5,1700,0.5,1
4,6,688,0,0,300,0.5,1700,0.5,2
4,7,340,0,0,300,0.5,1700,0.5,2
4,8,248,0,0,500,0.6,1000,0.2,1400,0.2,0
4,9,82,1,0,500,0.6,1000,0.2,1400,0.2,1
4,10,16,2,10,5,0,300,0.5,1700,0.5,2
4,11,852,1,0,300,0.5,1700,0.5,2
4,12,373,1,0,500,0.6,1000,0.2,1400,0.2,2
4,13,680,0,0,300,0.5,1700,0.5,2
4,14,389,2,10,5,0,500,0.6,1000,0.2,1400,0.2,1
4,15,441,2,10,5,0,300,0.5,1700,0.5,1
4,16,433,2,10,5,0,500,0.6,1000,0.2,1400,0.2,1
4,17,245,1,0,300,0.5,1700,0.5,1
4,18,85,2,10,5,0,500,0.6,1000,0.2,1400,0.2,2
4,19,885,1,0,500,0.6,1000,0.2,1400,0.2,2
5,0,250,2,10,5,0,300,0.5,1700,0.5,2
5,1,511,1,0,500,0.6,1000,0.2,1400,0.2,0
5,2,615,1,0,300,0.5,1700,0.5,0
5,3,183,1,0,300,0.5,1700,0.5,1
5,4,323,0,0,500,0.6,1000,0.2,1400,0.2,1
5,5,727,1,0,500,0.6,1000,0.2,1400,0.2,2
5,6,584,2,10,5,0,500,0.6,1000,0.2,1400,0.2,0
5,7,903,2,10,5,0,500,0.6,1000,0.2,1400,0.2,2
5,8,656,1,0,500,0.6,1000,0.2,1400,0.2,1
5,9,847,2,10,5,0,300,0.5,1700,0.5,1
5,10,427,0,0,300,0.5,1700,0.5,1
5,11,575,1,0,500,0.6,1000,0.2,1400,0.2,2
5,12,380,0,0,300,0.5,1700,0.5,1
5,13,747,0,0,500,0.6,1000,0.2,1400,0.2,2
5,14,523,1,0,300,0.5,1700,0.5,1
5,15,289,2,10,5,0,300,0.5,1700,0.5,2
5,16,954,0,0,500,0.6,1000,0.2,1400,0.2,2
5,17,67,2,10,5,0,500,0.6,1000,0.2,1400,0.2,1
5,18,383,1,0,500,0.6,1000,0.2,1400,0.2,2
5,19,364,2,10,5,0,500,0.6,1000,0.2,1400,0.2,0
6,0,60,2,10,5,0,500,0.6,1000,0.2,1400,0.2,1
6,1,518,2,10,5,0,500,0.6,1000,0.2,1400,0.2,0
6,2,80,1,0,300,0.5,1700,0.5,2
6,3,958,1,0,300,0.5,1700,0.5,0
6,4,177,0,0,500,0.6,1000,0.2,1400,0.2,0
6,5,668,0,0,300,0.5,1700,0.5,1
6,6,298,0,0,300,0.5,1700,0.5,0
6,7,641,1,0,500,0.6,1000,0.2,1400,0.2,0
6,8,359,1,0,500,0.6,1000,0.2,1400,0.2,2
6,9,705,2,10,5,0,300,0.5,1700,0.5,1
6,10,390,2,10,5,0,300,0.5,1700,0.5,0
6,11,106,0,0,300,0.5,1700,0.5,2
6,12,453,2,10,5,0,500,0.6,1000,0.2,1400,0.2,1
6,13,412,2,10,5,0,500,0.6,1000,0.2,1400,0.2,2
6,14,825,1,0,500,0.6,1000,0.2,1400,0.2,1
6,15,615,2,10,5,0,300,0.5,1700,0.5,1
6,16,715,1,0,500,0.6,1000,0.2,1400,0.2,2
6,17,491,2,10,5,0,300,0.5,1700,0.5,2
6,18,98,1,0,300,0.5,1700,0.5,1
6,19,739,0,0,300,0.5,1700,0.5,1
7,0,674,2,10,5,0,500,0.6,1000,0.2,1400,0.2,1
7,1,165,1,0,300,0.5,1700,0.5,2
7,2,558,1,0,300,0.5,1700,0.5,0
7,3,408,0,0,300,0.5,1700,0.5,2
7,4,278,0,0,500,0.6,1000,0.2,1400,0.2,2
7,5,689,1,0,300,0.5,1700,0.5,1
7,6,909,2,10,5,0,500,0.6,1000,0.2,1400,0.2,1
7,7,952,0,0,300,0.5,1700,0.5,1
7,8,450,2,10,5,0,500,0.6,1000,0.2,1400,0.2,2
7,9,638,1,0,300,0.5,1700,0.5,2
7,10,877,2,10,5,0,300,0.5,1700,0.5,2
7,11,850,1,0,300,0.5,1700,0.5,1
7,12,761,1,0,500,0.6,1000,0.2,1400,0.2,0
7,13,86,0,0,300,0.5,1700,0.5,1
7,14,192,2,10,5,0,500,0.6,1000,0.2,1400,0.2,2
7,15,822,1,0,500,0.6,1000,0.2,1400,0.2,1
7,16,409,1,0,500,0.6,1000,0.2,1400,0.2,2
7,17,527,0,0,500,0.6,1000,0.2,1400,0.2,1
7,18,817,2,10,5,0,500,0.6,1000,0.2,1400,0.2,0
7,19,143,1,0,500,0.6,1000,0.2,1400,0.2,2
8,0,106,1,0,500,0.6,1000,0.2,1400,0.2,1
8,1,59,1,0,500,0.6,1000,0.2,1400,0.2,2
8,2,257,2,10,5,0,500,0.6,1000,0.2,1400,0.2,0
8,3,984,2,10,5,0,300,0.5,1700,0.5,1
8,4,863,0,0,300,0.5,1700,0.5,1
8,5,599,2,10,5,0,300,0.5,1700,0.5,2
8,6,513,1,0,300,0.5,1700,0.5,0
8,7,256,1,0,300,0.5,1700,0.5,1
8,8,613,0,0,300,0.5,1700,0.5,1
8,9,528,2,10,5,0,500,0.6,1000,0.2,1400,0.2,2
8,10,922,2,10,5,0,300,0.5,1700,0.5,1
8,11,748,1,0,500,0.6,1000,0.2,1400,0.2,1
8,12,273,0,0,300,0.5,1700,0.5,0
8,13,221,0,0,500,0.6,1000,0.2,1400,0.2,1
8,14,249,2,10,5,0,300,0.5,1700,0.5,2
8,15,457,1,0,500,0.6,1000,0.2,1400,0.2,2
8,16,981,2,10,5,0,300,0.5,1700,0.5,2
8,17,323,2,10,5,0,500,0.6,1000,0.2,1400,0.2,2
8,18,603,1,0,500,0.6,1000,0.2,1400,0.2,0
8,19,64,0,0,300,0.5,1700,0.5,1
9,0,41,2,10,5,0,300,0.5,1700,0.5,2
9,1,381,0,0,300,0.5,1700,0.5,2
9,2,719,0,0,300,0.5,1700,0.5,1
9,3,131,1,0,500,0.6,1000,0.2,1400,0.2,2
9,4,599,0,0,500,0.6,1000,0.2,1400,0.2,2
9,5,145,1,0,300,0.5,1700,0.5,0
9,6,712,0,0,500,0.6,1000,0.2,1400,0.2,2
9,7,393,0,0,500,0.6,1000,0.2,1400,0.2,2
9,8,179,1,0,500,0.6,1000,0.2,1400,0.2,0
9,9,279,2,10,5,0,300,0.5,1700,0.5,2
9,10,804,2,10,5,0,500,0.6,1000,0.2,1400,0.2,1
9,11,153,2,10,5,0,500,0.6,1000,0.2,1400,0.2,1
9,12,678,1,0,500,0.6,1000,0.2,1400,0.2,2
9,13,697,1,0,500,0.6,1000,0.2,1400,0.2,2
9,14,173,1,0,500,0.6,1000,0.2,1400,0.2,2
9,15,550,0,0,500,0.6,1000,0.2,1400,0.2,0
9,16,437,1,0,500,0.6,1000,0.2,1400,0.2,0
9,17,416,2,10,5,0,300,0.5,1700,0.5,0
9,18,207,0,0,500,0.6,1000,0.2,1400,0.2,1
9,19,256,2,10,5,0,500,0.6,1000,0.2,1400,0.2,0
10,0,456,2,10,5,0,300,0.5,1700,0.5,2
10,1,765,2,10,5,0,300,0.5,1700,0.5,1
10,2,740,0,0,500,0.6,1000,0.2,1400,0.2,1
10,3,301,0,0,300,0.5,1700,0.5,2
10,4,286,1,0,500,0.6,1000,0.2,1400,0.2,1
10,5,190,1,0,300,0.5,1700,0.5,2
10,6,486,0,0,300,0.5,1700,0.5,1
10,7,568,1,0,500,0.6,1000,0.2,1400,0.2,0
10,8,572,2,10,5,0,500,0.6,1000,0.2,1400,0.2,0
10,9,291,0,0,500,0.6,1000,0.2,1400,0.2,1
10,10,129,2,10,5,0,500,0.6,1000,0.2,1400,0.2,2
10,11,101,2,10,5,0,300,0.5,1700,0.5,1
10,12,612,0,0,500,0.6,1000,0.2,1400,0.2,2
10,13,311,0,0,500,0.6,1000,0.2,1400,0.2,2
10,14,614,1,0,500,0.6,1000,0.2,1400,0.2,1
10,15,111,1,0,500,0.6,1000,0.2,1400,0.2,1
10,16,161,0,0,300,0.5,1700,0.5,2
10,17,705,1,0,500,0.6,1000,0.2,1400,0.2,1
10,18,940,2,10,5,0,500,0.6,1000,0.2,1400,0.2,0
10,19,144,1,0,300,0.5,1700,0.5,2
11,0,654,0,0,500,0.6,1000,0.2,1400,0.2,2
11,1,915,2,10,5,0,300,0.5,1700,0.5,0
11,2,956,2,10,5,0,500,0.6,1000,0.2,1400,0.2,1
11,3,420,1,0,500,0.6,1000,0.2,1400,0.2,0
11,4,824,2,10,5,0,300,0.5,1700,0.5,0
11,5,272,1,0,300,0.5,1700,0.5,2
11,6,935,1,0,500,0.6,1000,0.2,1400,0.2,0
11,7,504,1,0,300,0.5,1700,0.5,0
11,8,769,1,0,500,0.6,1000,0.2,1400,0.2,1
11,9,168,0,0,300,0.5,1700,0.5,0
11,10,877,0,0,300,0.5,1700,0.5,0
11,11,354,2,10,5,0,300,0.5,1700,0.5,2
11,12,964,0,0,500,0.6,1000,0.2,1400,0.2,1
11,13,539,2,10,5,0,500,0.6,1000,0.2,1400,0.2,0
11,14,347,1,0,500,0.6,1000,0.2,1400,0.2,2
11,15,185,2,10,5,0,500,0.6,1000,0.2,1400,0.2,0
11,16,39,2,10,5,0,500,0.6,1000,0.2,1400,0.2,0
11,17,646,1,0,300,0.5,1700,0.5,1
11,18,753,0,0,300,0.5,1700,0.5,0
11,19,414,2,10,5,0,300,0.5,1700,0.5,2
12,0,164,1,0,500,0.6,1000,0.2,1400,0.2,0
12,1,317,1,0,500,0.6,1000,0.2,1400,0.2,2
12,2,236,2,10,5,0,300,0.5,1700,0.5,0
12,3,149,0,0,300,0.5,1700,0.5,0
12,4,895,1,0,300,0.5,1700,0.5,2
12,5,414,1,0,300,0.5,1700,0.5,1
12,6,673,1,0,300,0.5,1700,0.5,0
12,7,310,1,0,500,0.6,1000,0.2,1400,0.2,1
12,8,452,1,0,300,0.5,1700,0.5,2
12,9,79,1,0,300,0.5,1700,0.5,1
12,10,286,2,10,5,0,500,0.6,1000,0.2,1400,0.2,1
12,11,688,2,10,5,0,500,0.6,1000,0.2,1400,0.2,0
12,12,446,1,0,300,0.5,1700,0.5,2
12,13,69,2,10,5,0,500,0.6,1000,0.2,1400,0.2,2
12,14,357,2,10,5,0,300,0.5,1700,0.5,0
12,15,224,2,10,5,0,300,0.5,1700,0.5,0
12,16,123,1,0,300,0.5,1700,0.5,0
12,17,729,1,0,300,0.5,1700,0.5,0
12,18,114,1,0,300,0.5,1700,0.5,0
12,19,238,2,10,5,0,300,0.5,1700,0.5,2
13,0,534,1,0,500,0.6,1000,0.2,1400,0.2,1
13,1,57,1,0,500,0.6,1000,0.2,1400,0.2,0
13,2,538,1,0,300,0.5,1700,0.5,2
13,3,616,2,10,5,0,300,0.5,1700,0.5,1
13,4,690,0,0,300,0.5,1700,0.5,0
13,5,366,2,10,5,0,300,0.5,1700,0.5,0
13,6,575,2,10,5,0,500,0.6,1000,0.2,1400,0.2,1
13,7,941,2,10,5,0,500,0.6,1000,0.2,1400,0.2,1
13,8,753,0,0,300,0.5,1700,0.5,0
13,9,184,2,10,5,0,500,0.6,1000,0.2,1400,0.2,2
13,10,649,1,0,300,0.5,1700,0.5,0
13,11,894,1,0,500,0.6,1000,0.2,1400,0.2,0
13,12,492,1,0,300,0.5,1700,0.5,1
13,13,118,0,0,500,0.6,1000,0.2,1400,0.2,0
13,14,890,2,10,5,0,300,0.5,1700,0.5,2
13,15,16,2,10,5,0,300,0.5,1700,0.5,2
13,16,397,1,0,500,0.6,1000,0.2,1400,0.2,2
13,17,701,1,0,300,0.5,1700,0.5,1
13,18,217,1,0,500,0.6,1000,0.2,1400,0.2,2
13,19,444,0,0,500,0.6,1000,0.2,1400,0.2,2
14,0,129,2,10,5,0,500,0.6,1000,0.2,1400,0.2,2
14,1,235,0,0,300,0.5,1700,0.5,2
14,2,912,0,0,500,0.6,1000,0.2,1400,0.2,1
14,3,353,2,10,5,0,500,0.6,1000,0.2,1400,0.2,1
14,4,333,1,0,500,0.6,1000,0.2,1400,0.2,1
14,5,832,2,10,5,0,300,0.5,1700,0.5,1
14,6,790,2,10,5,0,300,0.5,1700,0.5,1
14,7,469,1,0,500,0.6,1000,0.2,1400,0.2,2
14,8,740,0,0,500,0.6,1000,0.2,1400,0.2,0
14,9,160,0,0,500,0.6,1000,0.2,1400,0.2,1
14,10,56,0,0,300,0.5,1700,0.5,0
14,11,835,1,0,300,0.5,1700,0.5,1
14,12,252,1,0,500,0.6,1000,0.2,1400,0.2,2
14,13,346,1,0,300,0.5,1700,0.5,1
14,14,752,2,10,5,0,500,0.6,1000,0.2,1400,0.2,0
14,15,889,2,10,5,0,300,0.5,1700,0.5,1
14,16,838,1,0,500,0.6,1000,0.2,1400,0.2,0
14,17,372,2,10,5,0,500,0.6,1000,0.2,1400,0.2,0
14,18,442,1,0,300,0.5,1700,0.5,2
14,19,147,2,10,5,0,500,0.6,1000,0.2,1400,0.2,2
15,0,243,0,0,300,0.5,1700,0.5,2
15,1,973,2,10,5,0,500,0.6,1000,0.2,1400,0.2,2
15,2,249,1,0,300,0.5,1700,0.5,1
15,3,720,1,0,500,0.6,1000,0.2,1400,0.2,1
15,4,950,1,0,300,0.5,1700,0.5,2
15,5,125,2,10,5,0,500,0.6,1000,0.2,1400,0.2,1
15,6,464,2,10,5,0,300,0.5,1700,0.5,2
15,7,803,2,10,5,0,300,0.5,1700,0.5,2
15,8,31,2,10,5,0,300,0.5,1700,0.5,0
15,9,944,2,10,5,0,500,0.6,1000,0.2,1400,0.2,0
15,10,317,0,0,300,0.5,1700,0.5,0
15,11,957,0,0,300,0.5,1700,0.5,1
15,12,201,2,10,5,0,500,0.6,1000,0.2,1400,0.2,0
15,13,138,1,0,500,0.6,1000,0.2,1400,0.2,0
15,14,963,2,10,5,0,500,0.6,1000,0.2,1400,0.2,0
15,15,939,0,0,300,0.5,1700,0.5,0
15,16,471,1,0,500,0.6,1000,0.2,1400,0.2,0
15,17,626,1,0,300,0.5,1700,0.5,1
15,18,460,2,10,5,0,500,0.6,1000,0.2,1400,0.2,2
15,19,866,2,10,5,0,500,0.6,1000,0.2,1400,0.2,2
16,0,674,2,10,5,0,300,0.5,1700,0.5,2
16,1,344,2,10,5,0,500,0.6,1000,0.2,1400,0.2,1
16,2,540,2,10,5,0,300,0.5,1700,0.5,1
16,3,867,2,10,5,0,300,0.5,1700,0.5,2
16,4,980,1,0,300,0.5,1700,0.5,2
16,5,119,0,0,500,0.6,1000,0.2,1400,0.2,1
16,6,704,2,10,5,0,300,0.5,1700,0.5,0
16,7,476,0,0,300,0.5,1700,0.5,0
16,8,667,0,0,500,0.6,1000,0.2,1400,0.2,2
16,9,670,1,0,500,0.6,1000,0.2,1400,0.2,0
16,10,276,2,10,5,0,500,0.6,1000,0.2,1400,0.2,2
16,11,72,1,0,300,0.5,1700,0.5,2
16,12,501,1,0,300,0.5,1700,0.5,0
16,13,77,2,10,5,0,300,0.5,1700,0.5,0
16,14,743,1,0,500,0.6,1000,0.2,1400,0.2,1
16,15,719,2,10,5,0,500,0.6,1000,0.2,1400,0.2,0
16,16,226,1,0,500,0.6,1000,0.2,1400,0.2,1
16,17,757,0,0,500,0.6,1000,0.2,1400,0.2,1
16,18,896,0,0,500,0.6,1000,0.2,1400,0.2,1
16,19,698,1,0,500,0.6,1000,0.2,1400,0.2,2
17,0,554,2,10,5,0,300,0.5,1700,0.5,0
17,1,472,0,0,500,0.6,1000,0.2,1400,0.2,2
17,2,602,0,0,500,0.6,1000,0.2,1400,0.2,1
17,3,997,0,0,500,0.6,1000,0.2,1400,0.2,1
17,4,695,2,10,5,0,300,0.5,1700,0.5,1
17,5,748,1,0,500,0.6,1000,0.2,1400,0.2,2
17,6,726,2,10,5,0,300,0.5,1700,0.5,0
17,7,112,2,10,5,0,300,0.5,1700,0.5,1
17,8,679,0,0,300,0.5,1700,0.5,2
17,9,183,0,0,500,0.6,1000,0.2,1400,0.2,1
17,10,287,1,0,300,0.5,1700,0.5,1
17,11,320,2,10,5,0,500,0.6,1000,0.2,1400,0.2,2
17,12,924,1,0,300,0.5,1700,0.5,0
17,13,872,1,0,500,0.6,1000,0.2,1400,0.2,1
17,14,57,1,0,300,0.5,1700,0.5,2
17,15,637,1,0,300,0.5,1700,0.5,1
17,16,300,0,0,500,0.6,1000,0.2,1400,0.2,2
17,17,268,0,0,300,0.5,1700,0.5,2
17,18,303,1,0,300,0.5,1700,0.5,2
17,19,641,1,0,300,0.5,1700,0.5,0
18,0,516,0,0,500,0.6,1000,0.2,1400,0.2,2
18,1,489,0,0,300,0.5,1700,0.5,1
18,2,674,2,10,5,0,300,0.5,1700,0.5,2
18,3,606,1,0,500,0.6,1000,0.2,1400,0.2,1
18,4,576,0,0,500,0.6,1000,0.2,1400,0.2,2
18,5,879,2,10,5,0,300,0.5,1700,0.5,1
18,6,505,2,10,5,0,500,0.6,1000,0.2,1400,0.2,2
18,7,19,1,0,300,0.5,1700,0.5,2
18,8,90,0,0,300,0.5,1700,0.5,0
18,9,110,0,0,300,0.5,1700,0.5,2
18,10,790,2,10,5,0,300,0.5,1700,0.5,0
18,11,407,1,0,500,0.6,1000,0.2,1400,0.2,2
18,12,574,0,0,500,0.6,1000,0.2,1400,0.2,0
18,13,187,2,10,5,0,500,0.6,1000,0.2,1400,0.2,1
18,14,641,0,0,500,0.6,1000,0.2,1400,0.2,0
18,15,932,0,0,500,0.6,1000,0.2,1400,0.2,1
18,16,351,2,10,5,0,300,0.5,1700,0.5,0
18,17,535,2,10,5,0,500,0.6,1000,0.2,1400,0.2,1
18,18,328,2,10,5,0,500,0.6,1000,0.2,1400,0.2,0
18,19,296,2,10,5,0,300,0.5,1700,0.5,2
19,0,209,0,0,500,0.6,1000,0.2,1400,0.2,2
19,1,539,0,0,300,0.5,1700,0.5,2
19,2,289,2,10,5,0,300,0.5,1700,0.5,0
19,3,942,2,10,5,0,500,0.6,1000,0.2,1400,0.2,0
19,4,595,1,0,500,0.6,1000,0.2,1400,0.2,1
19,5,569,1,0,300,0.5,1700,0.5,2
19,6,815,2,10,5,0,500,0.6,1000,0.2,1400,0.2,0
19,7,456,2,10,5,0,300,0.5,1700,0.5,2
19,8,467,0,0,500,0.6,1000,0.2,1400,0.2,0
19,9,893,0,0,500,0.6,1000,0.2,1400,0.2,1
19,10,568,1,0,300,0.5,1700,0.5,0
19,11,932,0,0,300,0.5,1700,0.5,1
19,12,193,1,0,500,0.6,1000,0.2,1400,0.2,2
19,13,927,0,0,500,0.6,1000,0.2,1400,0.2,2
19,14,24,0,0,500,0.6,1000,0.2,1400,0.2,0
19,15,619,1,0,500,0.6,1000,0.2,1400,0.2,2
19,16,193,1,0,500,0.6,1000,0.2,1400,0.2,0
19,17,743,2,10,5,0,500,0.6,1000,0.2,1400,0.2,0
19,18,30,0,0,300,0.5,1700,0.5,2
19,19,253,2,10,5,0,300,0.5,1700,0.5,1
