0,0,492,0,0,300,0.5,1700,0.5,1
0,1,239,0,0,300,0.5,1700,0.5,1
0,2,44,0,0,300,0.5,1700,0.5,0
0,3,549,2,10,5,0,300,0.5,1700,0.5,1
0,4,650,0,0,300,0.5,1700,0.5,0
0,5,718,0,0,300,0.5,1700,0.5,0
0,6,116,0,0,300,0.5,1700,0.5,0
0,7,234,1,0,300,0.5,1700,0.5,0
0,8,596,0,0,300,0.5,1700,0.5,0
0,9,272,2,10,5,0,500,0.6,1000,0.2,1400,0.2,0
0,10,309,0,0,300,0.5,1700,0.5,0
0,11,433,1,0,500,0.6,1000,0.2,1400,0.2,0
0,12,997,0,0,500,0.6,1000,0.2,1400,0.2,2
0,13,859,1,0,300,0.5,1700,0.5,0
0,14,290,0,0,500,0.6,1000,0.2,1400,0.2,2
0,15,86,1,0,500,0.6,1000,0.2,1400,0.2,1
0,16,489,2,10,5,0,500,0.6,1000,0.2,1400,0.2,2
0,17,516,2,10,5,0,300,0.5,1700,0.5,1
0,18,88,1,0,300,0.5,1700,0.5,0
0,19,77,0,0,500,0.6,1000,0.2,1400,0.2,0
1,0,201,0,0,300,0.5,1700,0.5,0
1,1,639,2,10,5,0,500,0.6,1000,0.2,1400,0.2,0
1,2,782,2,10,5,0,500,0.6,1000,0.2,1400,0.2,0
1,3,938,1,0,500,0.6,1000,0.2,1400,0.2,0
1,4,395,2,10,5,0,500,0.6,1000,0.2,1400,0.2,0
1,5,158,2,10,5,0,500,0.6,1000,0.2,1400,0.2,2
1,6,467,1,0,300,0.5,1700,0.5,2
1,7,57,2,10,5,0,500,0.6,1000,0.2,1400,0.2,2
1,8,325,0,0,500,0.6,1000,0.2,1400,0.2,1
1,9,527,0,0,300,0.5,1700,0.5,1
1,10,164,2,10,5,0,500,0.6,1000,0.2,1400,0.2,2
1,11,564,2,10,5,0,300,0.5,1700,0.5,0
1,12,893,2,10,5,0,300,0.5,1700,0.5,0
1,13,359,2,10,5,0,500,0.6,1000,0.2,1400,0.2,2
1,14,673,1,0,300,0.5,1700,0.5,2
1,15,271,1,0,300,0.5,1700,0.5,2
1,16,61,1,0,500,0.6,1000,0.2,1400,0.2,0
1,17,879,1,0,500,0.6,1000,0.2,1400,0.2,2
1,18,562,2,10,5,0,300,0.5,1700,0.5,0
1,19,547,1,0,300,0.5,1700,0.5,1
2,0,332,0,0,300,0.5,1700,0.5,2
2,1,584,0,0,500,0.6,1000,0.2,1400,0.2,0
2,2,161,1,0,500,0.6,1000,0.2,1400,0.2,2
2,3,620,2,10,5,0,300,0.5,1700,0.5,0
2,4,346,2,10,5,0,500,0.6,1000,0.2,1400,0.2,0
2,5,445,1,0,300,0.5,1700,0.5,2
2,6,698,2,10,5,0,300,0.5,1700,0.5,2
2,7,178,1,0,300,0.5,1700,0.5,0
2,8,657,2,10,5,0,300,0.5,1700,0.5,1
2,9,822,2,10,5,0,500,0.6,1000,0.2,1400,0.2,2
2,10,617,0,0,300,0.5,1700,0.5,0
2,11,596,1,0,300,0.5,1700,0.5,0
2,12,878,1,0,500,0.6,1000,0.2,1400,0.2,0
2,13,88,1,0,300,0.5,1700,0.5,0
2,14,78,2,10,5,0,300,0.5,1700,0.5,1
2,15,561,1,0,300,0.5,1700,0.5,2
2,16,841,2,10,5,0,500,0.6,1000,0.2,1400,0.2,0
2,17,543,1,0,300,0.5,1700,0.5,0
2,18,849,0,0,500,0.6,1000,0.2,1400,0.2,2
2,19,794,2,10,5,0,500,0.6,1000,0.2,1400,0.2,0
3,0,876,2,10,5,0,500,0.6,1000,0.2,1400,0.2,2
3,1,551,1,0,500,0.6,1000,0.2,1400,0.2,1
3,2,588,1,0,500,0.6,1000,0.2,1400,0.2,0
3,3,66,2,10,5,0,300,0.5,1700,0.5,2
3,4,707,1,0,300,0.5,1700,0.5,1
3,5,290,0,0,300,0.5,1700,0.5,1
3,6,824,2,10,5,0,300,0.5,1700,0.5,0
3,7,709,0,0,500,0.6,1000,0.2,1400,0.2,2
3,8,634,1,0,500,0.6,1000,0.2,1400,0.2,0
3,9,468,2,10,5,0,500,0.6,1000,0.2,1400,0.2,1
3,10,198,0,0,300,0.5,1700,0.5,1
3,11,311,1,0,300,0.5,1700,0.5,0
3,12,115,0,0,500,0.6,1000,0.2,1400,0.2,2
3,13,21,2,10,5,0,300,0.5,1700,0.5,0
3,14,423,2,10,5,0,300,0.5,1700,0.5,0
3,15,510,1,0,500,0.6,1000,0.2,1400,0.2,2
3,16,183,1,0,500,0.6,1000,0.2,1400,0.2,2
3,17,301,1,0,300,0.5,1700,0.5,1
3,18,870,2,10,5,0,300,0.5,1700,0.5,0
3,19,171,0,0,500,0.6,1000,0.2,1400,0.2,1
4,0,877,0,0,300,0.5,1700,0.5,1
4,1,325,1,0,300,0.5,1700,0.5,0
4,2,692,2,10,5,0,300,0.5,1700,0.5,0
4,3,77,2,10,5,0,300,0.5,1700,0.5,2
4,4,266,1,0,500,0.6,1000,0.2,1400,0.2,2
4,5,476,2,10,5,0,500,0.6,1000,0.2,1400,0.2,1
4,6,918,2,10,5,0,500,0.6,1000,0.2,1400,0.2,0
4,7,960,0,0,300,0.5,1700,0.5,2
4,8,377,1,0,500,0.6,1000,0.2,1400,0.2,0
4,9,276,2,10,5,0,300,0.5,1700,0.5,2
4,10,49,0,0,500,0.6,1000,0.2,1400,0.2,2
4,11,208,1,0,500,0.6,1000,0.2,1400,0.2,1
4,12,188,1,0,500,0.6,1000,0.2,1400,0.2,0
4,13,901,2,10,5,0,500,0.6,1000,0.2,1400,0.2,1
4,14,869,1,0,300,0.5,1700,0.5,0
4,15,235,0,0,500,0.6,1000,0.2,1400,0.2,0
4,16,121,0,0,300,0.5,1700,0.5,0
4,17,855,2,10,5,0,300,0.5,1700,0.5,1
4,18,23,0,0,500,0.6,1000,0.2,1400,0.2,1
4,19,786,0,0,300,0.5,1700,0.5,0
5,0,652,2,10,5,0,500,0.6,1000,0.2,1400,0.2,2
5,1,497,0,0,500,0.6,1000,0.2,1400,0.2,2
5,2,675,0,0,300,0.5,1700,0.5,2
5,3,32,2,10,5,0,500,0.6,1000,0.2,1400,0.2,1
5,4,988,1,0,300,0.5,1700,0.5,2
5,5,402,0,0,500,0.6,1000,0.2,1400,0.2,1
5,6,115,2,10,5,0,500,0.6,1000,0.2,1400,0.2,2
5,7,253,0,0,500,0.6,1000,0.2,1400,0.2,2
5,8,330,0,0,300,0.5,1700,0.5,1
5,9,220,0,0,500,0.6,1000,0.2,1400,0.2,1
5,10,642,2,10,5,0,500,0.6,1000,0.2,1400,0.2,0
5,11,532,2,10,5,0,300,0.5,1700,0.5,2
5,12,693,1,0,300,0.5,1700,0.5,0
5,13,376,2,10,5,0,500,0.6,1000,0.2,1400,0.2,0
5,14,314,1,0,300,0.5,1700,0.5,0
5,15,95,2,10,5,0,500,0.6,1000,0.2,1400,0.2,2
5,16,453,2,10,5,0,300,0.5,1700,0.5,1
5,17,673,2,10,5,0,300,0.5,1700,0.5,1
5,18,788,1,0,300,0.5,1700,0.5,2
5,19,857,1,0,300,0.5,1700,0.5,1
6,0,47,1,0,500,0.6,1000,0.2,1400,0.2,0
6,1,206,1,0,500,0.6,1000,0.2,1400,0.2,0
6,2,548,2,10,5,0,300,0.5,1700,0.5,1
6,3,659,0,0,500,0.6,1000,0.2,1400,0.2,1
6,4,716,1,0,300,0.5,1700,0.5,0
6,5,693,1,0,300,0.5,1700,0.5,0
6,6,868,2,10,5,0,500,0.6,1000,0.2,1400,0.2,2
6,7,609,1,0,500,0.6,1000,0.2,1400,0.2,0
6,8,121,0,0,500,0.6,1000,0.2,1400,0.2,0
6,9,882,2,10,5,0,300,0.5,1700,0.5,1
6,10,79,1,0,300,0.5,1700,0.5,1
6,11,799,0,0,500,0.6,1000,0.2,1400,0.2,0
6,12,672,1,0,300,0.5,1700,0.5,1
6,13,97,0,0,500,0.6,1000,0.2,1400,0.2,1
6,14,891,1,0,300,0.5,1700,0.5,0
6,15,597,1,0,500,0.6,1000,0.2,1400,0.2,2
6,16,183,2,10,5,0,500,0.6,1000,0.2,1400,0.2,1
6,17,496,0,0,500,0.6,1000,0.2,1400,0.2,2
6,18,165,1,0,500,0.6,1000,0.2,1400,0.2,1
6,19,542,1,0,300,0.5,1700,0.5,1
7,0,413,2,10,5,0,500,0.6,1000,0.2,1400,0.2,0
7,1,219,1,0,500,0.6,1000,0.2,1400,0.2,1
7,2,360,2,10,5,0,300,0.5,1700,0.5,0
7,3,451,1,0,500,0.6,1000,0.2,1400,0.2,1
7,4,654,2,10,5,0,300,0.5,1700,0.5,0
7,5,914,0,0,300,0.5,1700,0.5,0
7,6,348,1,0,300,0.5,1700,0.5,1
7,7,818,2,10,5,0,500,0.6,1000,0.2,1400,0.2,2
7,8,579,2,10,5,0,500,0.6,1000,0.2,1400,0.2,2
7,9,319,2,10,5,0,500,0.6,1000,0.2,1400,0.2,1
7,10,149,2,10,5,0,500,0.6,1000,0.2,1400,0.2,2
7,11,275,2,10,5,0,300,0.5,1700,0.5,2
7,12,144,2,10,5,0,500,0.6,1000,0.2,1400,0.2,0
7,13,366,0,0,500,0.6,1000,0.2,1400,0.2,1
7,14,99,1,0,300,0.5,1700,0.5,2
7,15,605,0,0,500,0.6,1000,0.2,1400,0.2,2
7,16,461,0,0,300,0.5,1700,0.5,2
7,17,238,0,0,500,0.6,1000,0.2,1400,0.2,2
7,18,173,0,0,300,0.5,1700,0.5,0
7,19,262,1,0,500,0.6,1000,0.2,1400,0.2,0
8,0,545,2,10,5,0,500,0.6,1000,0.2,1400,0.2,0
8,1,442,1,0,500,0.6,1000,0.2,1400,0.2,0
8,2,403,0,0,300,0.5,1700,0.5,1
8,3,548,0,0,500,0.6,1000,0.2,1400,0.2,2
8,4,354,1,0,300,0.5,1700,0.5,1
8,5,94,1,0,500,0.6,1000,0.2,1400,0.2,2
8,6,361,0,0,300,0.5,1700,0.5,1
8,7,507,0,0,500,0.6,1000,0.2,1400,0.2,1
8,8,37,1,0,500,0.6,1000,0.2,1400,0.2,0
8,9,441,1,0,300,0.5,1700,0.5,1
8,10,102,2,10,5,0,500,0.6,1000,0.2,1400,0.2,1
8,11,12,1,0,500,0.6,1000,0.2,1400,0.2,2
8,12,839,2,10,5,0,500,0.6,1000,0.2,1400,0.2,0
8,13,200,1,0,300,0.5,1700,0.5,2
8,14,538,0,0,500,0.6,1000,0.2,1400,0.2,2
8,15,20,2,10,5,0,300,0.5,1700,0.5,1
8,16,197,1,0,300,0.5,1700,0.5,0
8,17,269,1,0,500,0.6,1000,0.2,1400,0.2,0
8,18,854,2,10,5,0,300,0.5,1700,0.5,0
8,19,215,1,0,300,0.5,1700,0.5,2
9,0,471,0,0,300,0.5,1700,0.5,1
9,1,321,2,10,5,0,300,0.5,1700,0.5,1
9,2,169,2,10,5,0,500,0.6,1000,0.2,1400,0.2,2
9,3,330,1,0,300,0.5,1700,0.5,1
9,4,347,2,10,5,0,300,0.5,1700,0.5,1
9,5,386,0,0,500,0.6,1000,0.2,1400,0.2,1
9,6,36,0,0,300,0.5,1700,0.5,1
9,7,447,2,10,5,0,300,0.5,1700,0.5,0
9,8,967,1,0,300,0.5,1700,0.5,1
9,9,933,2,10,5,0,300,0.5,1700,0.5,2
9,10,126,1,0,300,0.5,1700,0.5,2
9,11,749,1,0,500,0.6,1000,0.2,1400,0.2,1
9,12,783,1,0,300,0.5,1700,0.5,0
9,13,611,2,10,5,0,500,0.6,1000,0.2,1400,0.2,1
9,14,684,2,10,5,0,300,0.5,1700,0.5,2
9,15,418,1,0,500,0.6,1000,0.2,1400,0.2,2
9,16,218,2,10,5,0,500,0.6,1000,0.2,1400,0.2,2
9,17,977,1,0,300,0.5,1700,0.5,0
9,18,610,0,0,300,0.5,1700,0.5,1
9,19,188,2,10,5,0,300,0.5,1700,0.5,1
10,0,395,2,10,5,0,300,0.5,1700,0.5,2
10,1,335,1,0,500,0.6,1000,0.2,1400,0.2,2
10,2,11,2,10,5,0,500,0.6,1000,0.2,1400,0.2,1
10,3,801,0,0,300,0.5,1700,0.5,2
10,4,599,1,0,500,0.6,1000,0.2,1400,0.2,2
10,5,961,0,0,500,0.6,1000,0.2,1400,0.2,1
10,6,561,0,0,300,0.5,1700,0.5,2
10,7,178,2,10,5,0,500,0.6,1000,0.2,1400,0.2,1
10,8,167,2,10,5,0,500,0.6,1000,0.2,1400,0.2,1
10,9,842,0,0,300,0.5,1700,0.5,0
10,10,55,0,0,300,0.5,1700,0.5,1
10,11,710,0,0,300,0.5,1700,0.5,0
10,12,210,0,0,500,0.6,1000,0.2,1400,0.2,1
10,13,987,1,0,300,0.5,1700,0.5,0
10,14,432,2,10,5,0,500,0.6,1000,0.2,1400,0.2,2
10,15,72,0,0,300,0.5,1700,0.5,2
10,16,343,0,0,300,0.5,1700,0.5,1
10,17,92,1,0,300,0.5,1700,0.5,0
10,18,853,1,0,500,0.6,1000,0.2,1400,0.2,1
10,19,191,2,10,5,0,300,0.5,1700,0.5,0
11,0,442,0,0,500,0.6,1000,0.2,1400,0.2,1
11,1,608,1,0,300,0.5,1700,0.5,0
11,2,490,1,0,300,0.5,1700,0.5,2
11,3,509,0,0,500,0.6,1000,0.2,1400,0.2,0
11,4,905,1,0,300,0.5,1700,0.5,2
11,5,898,0,0,300,0.5,1700,0.5,1
11,6,770,0,0,500,0.6,1000,0.2,1400,0.2,0
11,7,637,1,0,300,0.5,1700,0.5,1
11,8,96,0,0,300,0.5,1700,0.5,1
11,9,96,0,0,500,0.6,1000,0.2,1400,0.2,0
11,10,127,2,10,5,0,500,0.6,1000,0.2,1400,0.2,0
11,11,377,1,0,500,0.6,1000,0.2,1400,0.2,0
11,12,768,1,0,500,0.6,1000,0.2,1400,0.2,2
11,13,457,2,10,5,0,300,0.5,1700,0.5,1
11,14,1000,1,0,500,0.6,1000,0.2,1400,0.2,2
11,15,301,2,10,5,0,500,0.6,1000,0.2,1400,0.2,1
11,16,210,2,10,5,0,500,0.6,1000,0.2,1400,0.2,1
11,17,166,0,0,300,0.5,1700,0.5,2
11,18,308,2,10,5,0,500,0.6,1000,0.2,1400,0.2,1
11,19,557,2,10,5,0,300,0.5,1700,0.5,2
12,0,833,0,0,500,0.6,1000,0.2,1400,0.2,0
12,1,563,2,10,5,0,500,0.6,1000,0.2,1400,0.2,0
12,2,287,2,10,5,0,300,0.5,1700,0.5,1
12,3,708,2,10,5,0,300,0.5,1700,0.5,0
12,4,341,2,10,5,0,300,0.5,1700,0.5,1
12,5,264,2,10,5,0,300,0.5,1700,0.5,2
12,6,466,1,0,300,0.5,1700,0.5,1
12,7,343,1,0,500,0.6,1000,0.2,1400,0.2,2
12,8,377,0,0,300,0.5,1700,0.5,1
12,9,490,0,0,500,0.6,1000,0.2,1400,0.2,1
12,10,558,2,10,5,0,300,0.5,1700,0.5,1
12,11,304,2,10,5,0,300,0.5,1700,0.5,2
12,12,867,1,0,300,0.5,1700,0.5,0
12,13,857,1,0,500,0.6,1000,0.2,1400,0.2,0
12,14,553,2,10,5,0,500,0.6,1000,0.2,1400,0.2,0
12,15,93,1,0,500,0.6,1000,0.2,1400,0.2,1
12,16,449,0,0,300,0.5,1700,0.5,2
12,17,894,0,0,500,0.6,1000,0.2,1400,0.2,0
12,18,990,0,0,500,0.6,1000,0.2,1400,0.2,2
12,19,570,0,0,500,0.6,1000,0.2,1400,0.2,0
13,0,349,1,0,300,0.5,1700,0.5,0
13,1,937,0,0,500,0.6,1000,0.2,1400,0.2,2
13,2,114,1,0,500,0.6,1000,0.2,1400,0.2,0
13,3,834,2,10,5,0,500,0.6,1000,0.2,1400,0.2,0
13,4,718,0,0,500,0.6,1000,0.2,1400,0.2,0
13,5,343,0,0,300,0.5,1700,0.5,2
13,6,272,1,0,500,0.6,1000,0.2,1400,0.2,0
13,7,436,0,0,300,0.5,1700,0.5,2
13,8,34,2,10,5,0,500,0.6,1000,0.2,1400,0.2,2
13,9,334,2,10,5,0,500,0.6,1000,0.2,1400,0.2,2
13,10,559,1,0,500,0.6,1000,0.2,1400,0.2,2
13,11,436,1,0,300,0.5,1700,0.5,1
13,12,960,2,10,5,0,300,0.5,1700,0.5,2
13,13,839,1,0,300,0.5,1700,0.5,2
13,14,236,0,0,500,0.6,1000,0.2,1400,0.2,1
13,15,903,2,10,5,0,300,0.5,1700,0.5,2
13,16,44,0,0,300,0.5,1700,0.5,2
13,17,375,0,0,300,0.5,1700,0.5,2
13,18,245,0,0,300,0.5,1700,0.5,0
13,19,475,1,0,300,0.5,1700,0.5,2
14,0,18,2,10,5,0,300,0.5,1700,0.5,1
14,1,549,0,0,500,0.6,1000,0.2,1400,0.2,2
14,2,452,0,0,500,0.6,1000,0.2,1400,0.2,2
14,3,339,2,10,5,0,500,0.6,1000,0.2,1400,0.2,1
14,4,444,2,10,5,0,500,0.6,1000,0.2,1400,0.2,1
14,5,182,2,10,5,0,500,0.6,1000,0.2,1400,0.2,0
14,6,780,0,0,500,0.6,1000,0.2,1400,0.2,2
14,7,983,1,0,500,0.6,1000,0.2,1400,0.2,1
14,8,44,1,0,300,0.5,1700,0.5,1
14,9,917,0,0,500,0.6,1000,0.2,1400,0.2,0
14,10,935,0,0,500,0.6,1000,0.2,1400,0.2,2
14,11,509,2,10,5,0,300,0.5,1700,0.5,1
14,12,511,2,10,5,0,300,0.5,1700,0.5,0
14,13,95,1,0,300,0.5,1700,0.5,2
14,14,577,0,0,500,0.6,1000,0.2,1400,0.2,0
14,15,577,0,0,300,0.5,1700,0.5,1
14,16,733,1,0,300,0.5,1700,0.5,1
14,17,778,1,0,500,0.6,1000,0.2,1400,0.2,2
14,18,444,0,0,300,0.5,1700,0.5,2
14,19,382,0,0,500,0.6,1000,0.2,1400,0.2,1
15,0,190,2,10,5,0,300,0.5,1700,0.5,0
15,1,349,1,0,500,0.6,1000,0.2,1400,0.2,0
15,2,655,2,10,5,0,500,0.6,1000,0.2,1400,0.2,0
15,3,873,2,10,5,0,500,0.6,1000,0.2,1400,0.2,2
15,4,566,0,0,500,0.6,1000,0.2,1400,0.2,2
15,5,32,2,10,5,0,500,0.6,1000,0.2,1400,0.2,1
15,6,363,2,10,5,0,300,0.5,1700,0.5,2
15,7,791,0,0,500,0.6,1000,0.2,1400,0.2,0
15,8,525,2,10,5,0,300,0.5,1700,0.5,0
15,9,865,2,10,5,0,300,0.5,1700,0.5,1
15,10,880,0,0,500,0.6,1000,0.2,1400,0.2,2
15,11,489,2,10,5,0,500,0.6,1000,0.2,1400,0.2,0
15,12,635,0,0,500,0.6,1000,0.2,1400,0.2,1
15,13,130,0,0,500,0.6,1000,0.2,1400,0.2,1
15,14,37,0,0,500,0.6,1000,0.2,1400,0.2,2
15,15,404,1,0,300,0.5,1700,0.5,1
15,16,57,0,0,500,0.6,1000,0.2,1400,0.2,2
15,17,380,1,0,300,0.5,1700,0.5,0
15,18,346,0,0,500,0.6,1000,0.2,1400,0.2,2
15,19,19,1,0,300,0.5,1700,0.5,1
16,0,572,1,0,500,0.6,1000,0.2,1400,0.2,0
16,1,245,1,0,300,0.5,1700,0.5,0
16,2,562,0,0,300,0.5,1700,0.5,1
16,3,18,2,10,5,0,500,0.6,1000,0.2,1400,0.2,2
16,4,782,1,0,500,0.6,1000,0.2,1400,0.2,1
16,5,882,0,0,500,0.6,1000,0.2,1400,0.2,2
16,6,570,2,10,5,0,300,0.5,1700,0.5,1
16,7,157,1,0,300,0.5,1700,0.5,2
16,8,452,2,10,5,0,500,0.6,1000,0.2,1400,0.2,0
16,9,108,2,10,5,0,300,0.5,1700,0.5,2
16,10,448,0,0,500,0.6,1000,0.2,1400,0.2,0
16,11,990,1,0,500,0.6,1000,0.2,1400,0.2,0
16,12,899,2,10,5,0,300,0.5,1700,0.5,0
16,13,880,2,10,5,0,300,0.5,1700,0.5,0
16,14,309,0,0,500,0.6,1000,0.2,1400,0.2,1
16,15,919,1,0,500,0.6,1000,0.2,1400,0.2,1
16,16,157,2,10,5,0,300,0.5,1700,0.5,1
16,17,524,2,10,5,0,500,0.6,1000,0.2,1400,0.2,1
16,18,587,0,0,500,0.6,1000,0.2,1400,0.2,1
16,19,803,1,0,500,0.6,1000,0.2,1400,0.2,2
17,0,817,0,0,300,0.5,1700,0.5,1
17,1,619,0,0,500,0.6,1000,0.2,1400,0.2,0
17,2,436,0,0,300,0.5,1700,0.5,1
17,3,442,0,0,300,0.5,1700,0.5,1
17,4,882,1,0,300,0.5,1700,0.5,0
17,5,322,1,0,300,0.5,1700,0.5,1
17,6,284,0,0,500,0.6,1000,0.2,1400,0.2,1
17,7,787,2,10,5,0,500,0.6,1000,0.2,1400,0.2,0
17,8,413,2,10,5,0,500,0.6,1000,0.2,1400,0.2,0
17,9,922,0,0,500,0.6,1000,0.2,1400,0.2,0
17,10,263,0,0,300,0.5,1700,0.5,1
17,11,428,1,0,500,0.6,1000,0.2,1400,0.2,2
17,12,866,0,0,300,0.5,1700,0.5,2
17,13,203,1,0,500,0.6,1000,0.2,1400,0.2,0
17,14,652,1,0,500,0.6,1000,0.2,1400,0.2,1
17,15,152,1,0,500,0.6,1000,0.2,1400,0.2,0
17,16,778,0,0,500,0.6,1000,0.2,1400,0.2,2
17,17,424,2,10,5,0,500,0.6,1000,0.2,1400,0.2,2
17,18,347,0,0,300,0.5,1700,0.5,2
17,19,822,1,0,500,0.6,1000,0.2,1400,0.2,0
18,0,475,2,10,5,0,500,0.6,1000,0.2,1400,0.2,1
18,1,280,0,0,300,0.5,1700,0.5,1
18,2,799,1,0,300,0.5,1700,0.5,1
18,3,56,2,10,5,0,500,0.6,1000,0.2,1400,0.2,1
18,4,934,1,0,500,0.6,1000,0.2,1400,0.2,1
18,5,846,2,10,5,0,500,0.6,1000,0.2,1400,0.2,1
18,6,230,2,10,5,0,300,0.5,1700,0.5,0
18,7,250,0,0,300,0.5,1700,0.5,2
18,8,96,2,10,5,0,300,0.5,1700,0.5,2
18,9,213,2,10,5,0,500,0.6,1000,0.2,1400,0.2,0
18,10,839,2,10,5,0,500,0.6,1000,0.2,1400,0.2,2
18,11,276,2,10,5,0,300,0.5,1700,0.5,0
18,12,76,0,0,500,0.6,1000,0.2,1400,0.2,2
18,13,672,0,0,500,0.6,1000,0.2,1400,0.2,2
18,14,696,0,0,500,0.6,1000,0.2,1400,0.2,0
18,15,249,2,10,5,0,300,0.5,1700,0.5,0
18,16,268,1,0,300,0.5,1700,0.5,2
18,17,300,0,0,300,0.5,1700,0.5,2
18,18,927,1,0,300,0.5,1700,0.5,0
18,19,717,2,10,5,0,500,0.6,1000,0.2,1400,0.2,1
19,0,119,1,0,300,0.5,1700,0.5,1
19,1,412,1,0,300,0.5,1700,0.5,2
19,2,219,0,0,500,0.6,1000,0.2,1400,0.2,0
19,3,974,0,0,300,0.5,1700,0.5,2
19,4,674,2,10,5,0,300,0.5,1700,0.5,2
19,5,267,0,0,300,0.5,1700,0.5,0
19,6,253,1,0,500,0.6,1000,0.2,1400,0.2,0
19,7,577,1,0,300,0.5,1700,0.5,2
19,8,349,2,10,5,0,300,0.5,1700,0.5,2
19,9,60,2,10,5,0,300,0.5,1700,0.5,0
19,10,936,0,0,300,0.5,1700,0.5,0
19,11,936,1,0,500,0.6,1000,0.2,1400,0.2,0
19,12,809,0,0,500,0.6,1000,0.2,1400,0.2,0
19,13,622,2,10,5,0,500,0.6,1000,0.2,1400,0.2,2
19,14,982,1,0,500,0.6,1000,0.2,1400,0.2,0
19,15,560,0,0,300,0.5,1700,0.5,1
19,16,412,2,10,5,0,500,0.6,1000,0.2,1400,0.2,0
19,17,782,0,0,300,0.5,1700,0.5,2
19,18,679,1,0,300,0.5,1700,0.5,1
19,19,325,1,0,500,0.6,1000,0.2,1400,0.2,1
