0,0,78,0,0,500,0.6,1000,0.2,1400,0.2,2
0,1,576,0,0,500,0.6,1000,0.2,1400,0.2,1
0,2,317,1,0,500,0.6,1000,0.2,1400,0.2,0
0,3,463,1,0,500,0.6,1000,0.2,1400,0.2,2
0,4,900,1,0,300,0.5,1700,0.5,2
0,5,100,0,0,500,0.6,1000,0.2,1400,0.2,2
0,6,538,1,0,300,0.5,1700,0.5,2
0,7,688,1,0,300,0.5,1700,0.5,2
0,8,642,1,0,300,0.5,1700,0.5,2
0,9,329,0,0,500,0.6,1000,0.2,1400,0.2,0
0,10,350,0,0,300,0.5,1700,0.5,1
0,11,447,2,10,5,0,500,0.6,1000,0.2,1400,0.2,1
0,12,719,2,10,5,0,300,0.5,1700,0.5,0
0,13,562,0,0,300,0.5,1700,0.5,0
0,14,99,2,10,5,0,500,0.6,1000,0.2,1400,0.2,1
0,15,258,1,0,500,0.6,1000,0.2,1400,0.2,2
0,16,380,2,10,5,0,500,0.6,1000,0.2,1400,0.2,0
0,17,468,1,0,300,0.5,1700,0.5,1
0,18,612,2,10,5,0,500,0.6,1000,0.2,1400,0.2,0
0,19,477,0,0,300,0.5,1700,0.5,2
1,0,374,0,0,300,0.5,1700,0.5,2
1,1,413,0,0,300,0.5,1700,0.5,0
1,2,208,2,10,5,0,500,0.6,1000,0.2,1400,0.2,1
1,3,167,2,10,5,0,500,0.6,1000,0.2,1400,0.2,0
1,4,329,1,0,500,0.6,1000,0.2,1400,0.2,1
1,5,138,1,0,500,0.6,1000,0.2,1400,0.2,2
1,6,142,1,0,500,0.6,1000,0.2,1400,0.2,2
1,7,886,1,0,300,0.5,1700,0.5,0
1,8,782,2,10,5,0,500,0.6,1000,0.2,1400,0.2,0
1,9,781,1,0,300,0.5,1700,0.5,2
1,10,1000,2,10,5,0,500,0.6,1000,0.2,1400,0.2,1
1,11,730,2,10,5,0,300,0.5,1700,0.5,0
1,12,96,1,0,300,0.5,1700,0.5,1
1,13,403,1,0,300,0.5,1700,0.5,0
1,14,557,0,0,300,0.5,1700,0.5,2
1,15,66,0,0,500,0.6,1000,0.2,1400,0.2,2
1,16,562,1,0,300,0.5,1700,0.5,0
1,17,521,2,10,5,0,300,0.5,1700,0.5,2
1,18,311,2,10,5,0,500,0.6,1000,0.2,1400,0.2,1
1,19,447,2,10,5,0,300,0.5,1700,0.5,0
2,0,822,1,0,300,0.5,1700,0.5,0
2,1,432,0,0,300,0.5,1700,0.5,1
2,2,659,2,10,5,0,300,0.5,1700,0.5,0
2,3,389,2,10,5,0,300,0.5,1700,0.5,1
2,4,61,2,10,5,0,300,0.5,1700,0.5,2
2,5,245,1,0,300,0.5,1700,0.5,1
2,6,778,2,10,5,0,300,0.5,1700,0.5,0
2,7,313,1,0,500,0.6,1000,0.2,1400,0.2,1
2,8,350,2,10,5,0,300,0.5,1700,0.5,1
2,9,960,1,0,500,0.6,1000,0.2,1400,0.2,2
2,10,601,1,0,500,0.6,1000,0.2,1400,0.2,2
2,11,959,1,0,300,0.5,1700,0.5,1
2,12,409,1,0,500,0.6,1000,0.2,1400,0.2,0
2,13,359,2,10,5,0,500,0.6,1000,0.2,1400,0.2,1
2,14,869,2,10,5,0,300,0.5,1700,0.5,0
2,15,11,0,0,300,0.5,1700,0.5,2
2,16,715,0,0,300,0.5,1700,0.5,2
2,17,984,1,0,300,0.5,1700,0.5,2
2,18,484,0,0,500,0.6,1000,0.2,1400,0.2,0
2,19,867,0,0,500,0.6,1000,0.2,1400,0.2,2
3,0,535,0,0,500,0.6,1000,0.2,1400,0.2,1
3,1,60,2,10,5,0,300,0.5,1700,0.5,2
3,2,601,0,0,300,0.5,1700,0.5,0
3,3,706,2,10,5,0,500,0.6,1000,0.2,1400,0.2,2
3,4,479,2,10,5,0,300,0.5,1700,0.5,1
3,5,889,2,10,5,0,500,0.6,1000,0.2,1400,0.2,0
3,6,995,1,0,300,0.5,1700,0.5,0
3,7,881,0,0,300,0.5,1700,0.5,0
3,8,333,1,0,500,0.6,1000,0.2,1400,0.2,1
3,9,303,1,0,300,0.5,1700,0.5,2
3,10,260,1,0,500,0.6,1000,0.2,1400,0.2,2
3,11,21,1,0,500,0.6,1000,0.2,1400,0.2,1
3,12,987,0,0,500,0.6,1000,0.2,1400,0.2,0
3,13,593,2,10,5,0,300,0.5,1700,0.5,0
3,14,894,2,10,5,0,300,0.5,1700,0.5,2
3,15,910,0,0,500,0.6,1000,0.2,1400,0.2,1
3,16,882,1,0,300,0.5,1700,0.5,0
3,17,236,1,0,500,0.6,1000,0.2,1400,0.2,2
3,18,889,0,0,500,0.6,1000,0.2,1400,0.2,0
3,19,887,1,0,500,0.6,1000,0.2,1400,0.2,2
4,0,580,1,0,500,0.6,1000,0.2,1400,0.2,2
4,1,589,1,0,500,0.6,1000,0.2,1400,0.2,0
4,2,357,1,0,300,0.5,1700,0.5,0
4,3,769,0,0,300,0.5,1700,0.5,1
4,4,360,1,0,500,0.6,1000,0.2,1400,0.2,2
4,5,926,0,0,300,0.5,1700,0.5,1
4,6,809,0,0,500,0.6,1000,0.2,1400,0.2,1
4,7,935,1,0,300,0.5,1700,0.5,0
4,8,635,0,0,300,0.5,1700,0.5,0
4,9,71,0,0,500,0.6,1000,0.2,1400,0.2,1
4,10,447,2,10,5,0,300,0.5,1700,0.5,2
4,11,208,1,0,500,0.6,1000,0.2,1400,0.2,2
4,12,969,0,0,500,0.6,1000,0.2,1400,0.2,1
4,13,103,1,0,300,0.5,1700,0.5,0
4,14,873,0,0,300,0.5,1700,0.5,0
4,15,977,2,10,5,0,500,0.6,1000,0.2,1400,0.2,1
4,16,226,1,0,500,0.6,1000,0.2,1400,0.2,2
4,17,850,0,0,500,0.6,1000,0.2,1400,0.2,1
4,18,497,2,10,5,0,300,0.5,1700,0.5,1
4,19,288,0,0,300,0.5,1700,0.5,0
5,0,548,1,0,300,0.5,1700,0.5,0
5,1,112,2,10,5,0,500,0.6,1000,0.2,1400,0.2,1
5,2,973,2,10,5,0,300,0.5,1700,0.5,2
5,3,861,1,0,300,0.5,1700,0.5,0
5,4,797,2,10,5,0,500,0.6,1000,0.2,1400,0.2,0
5,5,761,2,10,5,0,300,0.5,1700,0.5,0
5,6,128,1,0,300,0.5,1700,0.5,2
5,7,711,1,0,500,0.6,1000,0.2,1400,0.2,2
5,8,823,1,0,500,0.6,1000,0.2,1400,0.2,2
5,9,289,1,0,300,0.5,1700,0.5,2
5,10,599,2,10,5,0,500,0.6,1000,0.2,1400,0.2,2
5,11,840,2,10,5,0,300,0.5,1700,0.5,1
5,12,129,0,0,500,0.6,1000,0.2,1400,0.2,0
5,13,965,1,0,300,0.5,1700,0.5,0
5,14,767,1,0,500,0.6,1000,0.2,1400,0.2,0
5,15,799,1,0,500,0.6,1000,0.2,1400,0.2,2
5,16,558,0,0,300,0.5,1700,0.5,2
5,17,423,0,0,500,0.6,1000,0.2,1400,0.2,1
5,18,418,1,0,300,0.5,1700,0.5,1
5,19,212,2,10,5,0,300,0.5,1700,0.5,1
6,0,304,2,10,5,0,300,0.5,1700,0.5,0
6,1,358,1,0,500,0.6,1000,0.2,1400,0.2,0
6,2,266,1,0,500,0.6,1000,0.2,1400,0.2,2
6,3,308,0,0,300,0.5,1700,0.5,2
6,4,256,0,0,300,0.5,1700,0.5,2
6,5,342,2,10,5,0,500,0.6,1000,0.2,1400,0.2,2
6,6,418,2,10,5,0,300,0.5,1700,0.5,1
6,7,164,2,10,5,0,500,0.6,1000,0.2,1400,0.2,0
6,8,359,0,0,500,0.6,1000,0.2,1400,0.2,2
6,9,37,0,0,500,0.6,1000,0.2,1400,0.2,2
6,10,310,2,10,5,0,500,0.6,1000,0.2,1400,0.2,0
6,11,441,0,0,500,0.6,1000,0.2,1400,0.2,2
6,12,109,0,0,500,0.6,1000,0.2,1400,0.2,1
6,13,363,1,0,500,0.6,1000,0.2,1400,0.2,1
6,14,291,2,10,5,0,500,0.6,1000,0.2,1400,0.2,2
6,15,84,0,0,300,0.5,1700,0.5,1
6,16,192,1,0,500,0.6,1000,0.2,1400,0.2,1
6,17,719,2,10,5,0,300,0.5,1700,0.5,2
6,18,68,1,0,300,0.5,1700,0.5,2
6,19,111,1,0,500,0.6,1000,0.2,1400,0.2,2
7,0,479,2,10,5,0,500,0.6,1000,0.2,1400,0.2,0
7,1,867,1,0,300,0.5,1700,0.5,0
7,2,211,0,0,500,0.6,1000,0.2,1400,0.2,0
7,3,571,2,10,5,0,300,0.5,1700,0.5,1
7,4,907,2,10,5,0,500,0.6,1000,0.2,1400,0.2,1
7,5,189,1,0,500,0.6,1000,0.2,1400,0.2,2
7,6,260,1,0,500,0.6,1000,0.2,1400,0.2,2
7,7,912,2,10,5,0,500,0.6,1000,0.2,1400,0.2,1
7,8,787,1,0,500,0.6,1000,0.2,1400,0.2,2
7,9,782,0,0,300,0.5,1700,0.5,0
7,10,218,0,0,300,0.5,1700,0.5,0
7,11,97,2,10,5,0,300,0.5,1700,0.5,0
7,12,906,1,0,300,0.5,1700,0.5,0
7,13,853,2,10,5,0,500,0.6,1000,0.2,1400,0.2,2
7,14,432,1,0,300,0.5,1700,0.5,1
7,15,745,1,0,500,0.6,1000,0.2,1400,0.2,0
7,16,330,0,0,300,0.5,1700,0.5,0
7,17,688,2,10,5,0,500,0.6,1000,0.2,1400,0.2,1
7,18,487,2,10,5,0,500,0.6,1000,0.2,1400,0.2,0
7,19,597,0,0,300,0.5,1700,0.5,1
8,0,397,0,0,300,0.5,1700,0.5,1
8,1,993,0,0,300,0.5,1700,0.5,2
8,2,607,2,10,5,0,500,0.6,1000,0.2,1400,0.2,1
8,3,116,0,0,300,0.5,1700,0.5,1
8,4,407,1,0,300,0.5,1700,0.5,1
8,5,969,0,0,500,0.6,1000,0.2,1400,0.2,2
8,6,452,2,10,5,0,300,0.5,1700,0.5,1
8,7,687,1,0,500,0.6,1000,0.2,1400,0.2,2
8,8,410,1,0,300,0.5,1700,0.5,1
8,9,282,2,10,5,0,300,0.5,1700,0.5,0
8,10,755,0,0,500,0.6,1000,0.2,1400,0.2,1
8,11,197,0,0,300,0.5,1700,0.5,1
8,12,397,0,0,300,0.5,1700,0.5,1
8,13,51,0,0,300,0.5,1700,0.5,2
8,14,283,0,0,300,0.5,1700,0.5,1
8,15,449,2,10,5,0,300,0.5,1700,0.5,1
8,16,96,2,10,5,0,300,0.5,1700,0.5,1
8,17,283,1,0,300,0.5,1700,0.5,0
8,18,196,2,10,5,0,500,0.6,1000,0.2,1400,0.2,1
8,19,79,2,10,5,0,300,0.5,1700,0.5,1
9,0,349,0,0,500,0.6,1000,0.2,1400,0.2,2
9,1,327,0,0,300,0.5,1700,0.5,0
9,2,968,2,10,5,0,500,0.6,1000,0.2,1400,0.2,2
9,3,311,2,10,5,0,500,0.6,1000,0.2,1400,0.2,0
9,4,228,1,0,300,0.5,1700,0.5,0
9,5,422,1,0,300,0.5,1700,0.5,0
9,6,433,2,10,5,0,500,0.6,1000,0.2,1400,0.2,0
9,7,822,0,0,500,0.6,1000,0.2,1400,0.2,0
9,8,348,2,10,5,0,500,0.6,1000,0.2,1400,0.2,2
9,9,269,2,10,5,0,500,0.6,1000,0.2,1400,0.2,2
9,10,468,0,0,300,0.5,1700,0.5,1
9,11,937,2,10,5,0,500,0.6,1000,0.2,1400,0.2,2
9,12,553,1,0,300,0.5,1700,0.5,1
9,13,689,2,10,5,0,300,0.5,1700,0.5,1
9,14,144,0,0,500,0.6,1000,0.2,1400,0.2,0
9,15,619,0,0,300,0.5,1700,0.5,2
9,16,559,1,0,300,0.5,1700,0.5,0
9,17,926,1,0,300,0.5,1700,0.5,2
9,18,284,0,0,500,0.6,1000,0.2,1400,0.2,1
9,19,677,2,10,5,0,500,0.6,1000,0.2,1400,0.2,2
10,0,670,1,0,500,0.6,1000,0.2,1400,0.2,1
10,1,748,1,0,500,0.6,1000,0.2,1400,0.2,0
10,2,495,2,10,5,0,300,0.5,1700,0.5,0
10,3,263,0,0,500,0.6,1000,0.2,1400,0.2,2
10,4,1000,0,0,500,0.6,1000,0.2,1400,0.2,0
10,5,645,2,10,5,0,300,0.5,1700,0.5,1
10,6,62,0,0,300,0.5,1700,0.5,2
10,7,148,0,0,300,0.5,1700,0.5,1
10,8,732,0,0,300,0.5,1700,0.5,0
10,9,208,1,0,500,0.6,1000,0.2,1400,0.2,1
10,10,838,1,0,500,0.6,1000,0.2,1400,0.2,2
10,11,752,0,0,300,0.5,1700,0.5,0
10,12,554,2,10,5,0,500,0.6,1000,0.2,1400,0.2,2
10,13,340,0,0,300,0.5,1700,0.5,0
10,14,662,1,0,500,0.6,1000,0.2,1400,0.2,0
10,15,396,1,0,300,0.5,1700,0.5,0
10,16,939,2,10,5,0,300,0.5,1700,0.5,2
10,17,825,1,0,300,0.5,1700,0.5,2
10,18,738,2,10,5,0,500,0.6,1000,0.2,1400,0.2,0
10,19,776,1,0,500,0.6,1000,0.2,1400,0.2,1
11,0,305,0,0,500,0.6,1000,0.2,1400,0.2,1
11,1,646,2,10,5,0,500,0.6,1000,0.2,1400,0.2,2
11,2,153,2,10,5,0,500,0.6,1000,0.2,1400,0.2,1
11,3,262,0,0,300,0.5,1700,0.5,0
11,4,912,0,0,500,0.6,1000,0.2,1400,0.2,2
11,5,875,1,0,500,0.6,1000,0.2,1400,0.2,0
11,6,614,2,10,5,0,300,0.5,1700,0.5,2
11,7,361,0,0,500,0.6,1000,0.2,1400,0.2,0
11,8,757,1,0,500,0.6,1000,0.2,1400,0.2,0
11,9,525,1,0,500,0.6,1000,0.2,1400,0.2,0
11,10,531,0,0,500,0.6,1000,0.2,1400,0.2,2
11,11,162,0,0,300,0.5,1700,0.5,0
11,12,298,1,0,300,0.5,1700,0.5,1
11,13,981,0,0,300,0.5,1700,0.5,0
11,14,680,2,10,5,0,500,0.6,1000,0.2,1400,0.2,2
11,15,306,1,0,500,0.6,1000,0.2,1400,0.2,2
11,16,929,2,10,5,0,500,0.6,1000,0.2,1400,0.2,1
11,17,763,0,0,300,0.5,1700,0.5,2
11,18,24,0,0,300,0.5,1700,0.5,0
11,19,538,2,10,5,0,300,0.5,1700,0.5,0
12,0,476,0,0,500,0.6,1000,0.2,1400,0.2,0
12,1,244,1,0,300,0.5,1700,0.5,1
12,2,180,1,0,500,0.6,1000,0.2,1400,0.2,2
12,3,167,1,0,500,0.6,1000,0.2,1400,0.2,0
12,4,434,1,0,300,0.5,1700,0.5,1
12,5,372,2,10,5,0,500,0.6,1000,0.2,1400,0.2,2
12,6,422,1,0,500,0.6,1000,0.2,1400,0.2,0
12,7,753,2,10,5,0,300,0.5,1700,0.5,2
12,8,581,0,0,500,0.6,1000,0.2,1400,0.2,0
12,9,575,2,10,5,0,500,0.6,1000,0.2,1400,0.2,0
12,10,846,2,10,5,0,500,0.6,1000,0.2,1400,0.2,1
12,11,382,2,10,5,0,300,0.5,1700,0.5,0
12,12,616,0,0,300,0.5,1700,0.5,0
12,13,671,2,10,5,0,500,0.6,1000,0.2,1400,0.2,1
12,14,461,2,10,5,0,500,0.6,1000,0.2,1400,0.2,1
12,15,397,1,0,300,0.5,1700,0.5,0
12,16,920,0,0,300,0.5,1700,0.5,2
12,17,363,0,0,500,0.6,1000,0.2,1400,0.2,2
12,18,64,1,0,500,0.6,1000,0.2,1400,0.2,1
12,19,460,2,10,5,0,500,0.6,1000,0.2,1400,0.2,1
13,0,613,1,0,300,0.5,1700,0.5,1
13,1,722,0,0,500,0.6,1000,0.2,1400,0.2,2
13,2,398,0,0,300,0.5,1700,0.5,2
13,3,439,1,0,300,0.5,1700,0.5,2
13,4,428,1,0,500,0.6,1000,0.2,1400,0.2,0
13,5,970,0,0,300,0.5,1700,0.5,0
13,6,390,1,0,300,0.5,1700,0.5,1
13,7,568,1,0,500,0.6,1000,0.2,1400,0.2,1
13,8,587,0,0,300,0.5,1700,0.5,2
13,9,996,0,0,500,0.6,1000,0.2,1400,0.2,1
13,10,165,0,0,300,0.5,1700,0.5,1
13,11,688,1,0,500,0.6,1000,0.2,1400,0.2,2
13,12,439,1,0,300,0.5,1700,0.5,2
13,13,174,0,0,500,0.6,1000,0.2,1400,0.2,2
13,14,624,2,10,5,0,500,0.6,1000,0.2,1400,0.2,0
13,15,46,1,0,500,0.6,1000,0.2,1400,0.2,0
13,16,752,0,0,300,0.5,1700,0.5,1
13,17,300,1,0,300,0.5,1700,0.5,2
13,18,538,0,0,300,0.5,1700,0.5,0
13,19,568,0,0,300,0.5,1700,0.5,2
14,0,16,1,0,500,0.6,1000,0.2,1400,0.2,2
14,1,985,0,0,300,0.5,1700,0.5,1
14,2,149,1,0,300,0.5,1700,0.5,0
14,3,840,2,10,5,0,300,0.5,1700,0.5,2
14,4,448,1,0,300,0.5,1700,0.5,1
14,5,264,2,10,5,0,300,0.5,1700,0.5,0
14,6,836,0,0,300,0.5,1700,0.5,0
14,7,374,1,0,500,0.6,1000,0.2,1400,0.2,1
14,8,269,2,10,5,0,300,0.5,1700,0.5,2
14,9,713,1,0,500,0.6,1000,0.2,1400,0.2,1
14,10,549,2,10,5,0,500,0.6,1000,0.2,1400,0.2,1
14,11,93,0,0,500,0.6,1000,0.2,1400,0.2,0
14,12,258,1,0,500,0.6,1000,0.2,1400,0.2,2
14,13,719,0,0,500,0.6,1000,0.2,1400,0.2,0
14,14,858,1,0,300,0.5,1700,0.5,0
14,15,252,2,10,5,0,500,0.6,1000,0.2,1400,0.2,1
14,16,435,1,0,300,0.5,1700,0.5,0
14,17,454,0,0,500,0.6,1000,0.2,1400,0.2,0
14,18,221,1,0,300,0.5,1700,0.5,1
14,19,358,0,0,500,0.6,1000,0.2,1400,0.2,1
15,0,346,1,0,300,0.5,1700,0.5,0
15,1,902,0,0,300,0.5,1700,0.5,0
15,2,297,2,10,5,0,500,0.6,1000,0.2,1400,0.2,0
15,3,882,0,0,500,0.6,1000,0.2,1400,0.2,0
15,4,459,1,0,300,0.5,1700,0.5,0
15,5,70,1,0,300,0.5,1700,0.5,1
15,6,152,0,0,500,0.6,1000,0.2,1400,0.2,2
15,7,303,1,0,300,0.5,1700,0.5,1
15,8,523,2,10,5,0,300,0.5,1700,0.5,0
15,9,28,0,0,500,0.6,1000,0.2,1400,0.2,0
15,10,968,2,10,5,0,500,0.6,1000,0.2,1400,0.2,0
15,11,221,0,0,300,0.5,1700,0.5,1
15,12,943,0,0,500,0.6,1000,0.2,1400,0.2,2
15,13,717,0,0,300,0.5,1700,0.5,1
15,14,168,0,0,300,0.5,1700,0.5,2
15,15,72,1,0,300,0.5,1700,0.5,0
15,16,389,0,0,500,0.6,1000,0.2,1400,0.2,0
15,17,988,2,10,5,0,500,0.6,1000,0.2,1400,0.2,2
15,18,589,2,10,5,0,500,0.6,1000,0.2,1400,0.2,0
15,19,83,1,0,300,0.5,1700,0.5,2
16,0,210,2,10,5,0,300,0.5,1700,0.5,1
16,1,241,0,0,300,0.5,1700,0.5,0
16,2,72,1,0,300,0.5,1700,0.5,1
16,3,540,1,0,500,0.6,1000,0.2,1400,0.2,1
16,4,807,2,10,5,0,500,0.6,1000,0.2,1400,0.2,1
16,5,413,1,0,500,0.6,1000,0.2,1400,0.2,2
16,6,740,0,0,300,0.5,1700,0.5,1
16,7,734,0,0,300,0.5,1700,0.5,0
16,8,626,1,0,500,0.6,1000,0.2,1400,0.2,0
16,9,490,2,10,5,0,500,0.6,1000,0.2,1400,0.2,2
16,10,356,0,0,500,0.6,1000,0.2,1400,0.2,1
16,11,55,2,10,5,0,300,0.5,1700,0.5,0
16,12,176,0,0,300,0.5,1700,0.5,2
16,13,20,2,10,5,0,300,0.5,1700,0.5,1
16,14,482,2,10,5,0,300,0.5,1700,0.5,2
16,15,471,2,10,5,0,300,0.5,1700,0.5,0
16,16,929,1,0,300,0.5,1700,0.5,0
16,17,984,0,0,500,0.6,1000,0.2,1400,0.2,2
16,18,217,1,0,300,0.5,1700,0.5,0
16,19,137,0,0,500,0.6,1000,0.2,1400,0.2,0
17,0,889,2,10,5,0,300,0.5,1700,0.5,1
17,1,598,0,0,500,0.6,1000,0.2,1400,0.2,2
17,2,640,0,0,500,0.6,1000,0.2,1400,0.2,0
17,3,995,2,10,5,0,300,0.5,1700,0.5,1
17,4,135,0,0,300,0.5,1700,0.5,2
17,5,676,2,10,5,0,300,0.5,1700,0.5,0
17,6,144,0,0,500,0.6,1000,0.2,1400,0.2,1
17,7,50,1,0,500,0.6,1000,0.2,1400,0.2,1
17,8,515,2,10,5,0,500,0.6,1000,0.2,1400,0.2,0
17,9,340,0,0,300,0.5,1700,0.5,1
17,10,176,1,0,300,0.5,1700,0.5,1
17,11,124,0,0,300,0.5,1700,0.5,2
17,12,279,0,0,300,0.5,1700,0.5,1
17,13,913,0,0,300,0.5,1700,0.5,2
17,14,795,2,10,5,0,300,0.5,1700,0.5,1
17,15,250,2,10,5,0,300,0.5,1700,0.5,2
17,16,763,2,10,5,0,500,0.6,1000,0.2,1400,0.2,0
17,17,176,0,0,300,0.5,1700,0.5,0
17,18,114,1,0,300,0.5,1700,0.5,1
17,19,199,1,0,500,0.6,1000,0.2,1400,0.2,0
18,0,81,1,0,300,0.5,1700,0.5,1
18,1,681,2,10,5,0,300,0.5,1700,0.5,1
18,2,351,1,0,300,0.5,1700,0.5,2
18,3,597,0,0,300,0.5,1700,0.5,2
18,4,253,2,10,5,0,300,0.5,1700,0.5,2
18,5,987,1,0,300,0.5,1700,0.5,1
18,6,471,1,0,500,0.6,1000,0.2,1400,0.2,2
18,7,797,1,0,500,0.6,1000,0.2,1400,0.2,0
18,8,838,1,0,500,0.6,1000,0.2,1400,0.2,0
18,9,935,1,0,300,0.5,1700,0.5,2
18,10,933,0,0,300,0.5,1700,0.5,1
18,11,127,1,0,300,0.5,1700,0.5,1
18,12,470,1,0,500,0.6,1000,0.2,1400,0.2,0
18,13,946,2,10,5,0,500,0.6,1000,0.2,1400,0.2,1
18,14,660,0,0,300,0.5,1700,0.5,2
18,15,554,0,0,500,0.6,1000,0.2,1400,0.2,2
18,16,495,1,0,300,0.5,1700,0.5,2
18,17,207,2,10,5,0,500,0.6,1000,0.2,1400,0.2,0
18,18,704,1,0,300,0.5,1700,0.5,2
18,19,457,0,0,500,0.6,1000,0.2,1400,0.2,1
19,0,162,0,0,500,0.6,1000,0.2,1400,0.2,1
19,1,563,2,10,5,0,500,0.6,1000,0.2,1400,0.2,0
19,2,992,2,10,5,0,300,0.5,1700,0.5,0
19,3,209,2,10,5,0,300,0.5,1700,0.5,2
19,4,698,1,0,300,0.5,1700,0.5,1
19,5,115,1,0,500,0.6,1000,0.2,1400,0.2,1
19,6,81,2,10,5,0,500,0.6,1000,0.2,1400,0.2,0
19,7,724,1,0,500,0.6,1000,0.2,1400,0.2,0
19,8,401,1,0,300,0.5,1700,0.5,0
19,9,975,0,0,300,0.5,1700,0.5,0
19,10,342,2,10,5,0,500,0.6,1000,0.2,1400,0.2,0
19,11,350,1,0,500,0.6,1000,0.2,1400,0.2,2
19,12,256,1,0,300,0.5,1700,0.5,0
19,13,32,0,0,300,0.5,1700,0.5,1
19,14,224,0,0,500,0.6,1000,0.2,1400,0.2,0
19,15,945,0,0,500,0.6,1000,0.2,1400,0.2,2
19,16,797,0,0,300,0.5,1700,0.5,0
19,17,567,1,0,300,0.5,1700,0.5,2
19,18,37,2,10,5,0,300,0.5,1700,0.5,1
19,19,63,2,10,5,0,500,0.6,1000,0.2,1400,0.2,0
