0,0,610,2,10,5,0,500,0.6,1000,0.2,1400,0.2,1
0,1,557,0,0,500,0.6,1000,0.2,1400,0.2,1
0,2,385,1,0,500,0.6,1000,0.2,1400,0.2,2
0,3,802,0,0,300,0.5,1700,0.5,0
0,4,942,2,10,5,0,300,0.5,1700,0.5,0
0,5,490,0,0,500,0.6,1000,0.2,1400,0.2,2
0,6,914,1,0,300,0.5,1700,0.5,0
0,7,272,2,10,5,0,300,0.5,1700,0.5,1
0,8,712,2,10,5,0,500,0.6,1000,0.2,1400,0.2,2
0,9,849,2,10,5,0,500,0.6,1000,0.2,1400,0.2,1
0,10,514,0,0,500,0.6,1000,0.2,1400,0.2,0
0,11,471,1,0,500,0.6,1000,0.2,1400,0.2,1
0,12,414,2,10,5,0,300,0.5,1700,0.5,0
0,13,63,0,0,500,0.6,1000,0.2,1400,0.2,0
0,14,144,0,0,500,0.6,1000,0.2,1400,0.2,0
0,15,403,1,0,300,0.5,1700,0.5,2
0,16,284,2,10,5,0,500,0.6,1000,0.2,1400,0.2,2
0,17,775,0,0,500,0.6,1000,0.2,1400,0.2,0
0,18,915,1,0,300,0.5,1700,0.5,1
0,19,669,0,0,300,0.5,1700,0.5,2
1,0,330,1,0,500,0.6,1000,0.2,1400,0.2,2
1,1,299,2,10,5,0,300,0.5,1700,0.5,0
1,2,655,2,10,5,0,300,0.5,1700,0.5,1
1,3,304,0,0,500,0.6,1000,0.2,1400,0.2,0
1,4,346,1,0,500,0.6,1000,0.2,1400,0.2,2
1,5,93,2,10,5,0,500,0.6,1000,0.2,1400,0.2,1
1,6,598,2,10,5,0,300,0.5,1700,0.5,0
1,7,554,2,10,5,0,500,0.6,1000,0.2,1400,0.2,1
1,8,652,1,0,500,0.6,1000,0.2,1400,0.2,2
1,9,661,2,10,5,0,500,0.6,1000,0.2,1400,0.2,0
1,10,29,1,0,500,0.6,1000,0.2,1400,0.2,1
1,11,555,0,0,500,0.6,1000,0.2,1400,0.2,1
1,12,917,1,0,300,0.5,1700,0.5,0
1,13,382,1,0,500,0.6,1000,0.2,1400,0.2,1
1,14,847,1,0,300,0.5,1700,0.5,1
1,15,549,0,0,500,0.6,1000,0.2,1400,0.2,2
1,16,410,2,10,5,0,300,0.5,1700,0.5,0
1,17,679,2,10,5,0,500,0.6,1000,0.2,1400,0.2,1
1,18,418,1,0,300,0.5,1700,0.5,2
1,19,568,1,0,300,0.5,1700,0.5,2
2,0,603,2,10,5,0,500,0.6,1000,0.2,1400,0.2,2
2,1,446,0,0,500,0.6,1000,0.2,1400,0.2,2
2,2,44,2,10,5,0,300,0.5,1700,0.5,0
2,3,458,1,0,300,0.5,1700,0.5,0
2,4,606,2,10,5,0,300,0.5,1700,0.5,2
2,5,876,1,0,300,0.5,1700,0.5,2
2,6,856,1,0,500,0.6,1000,0.2,1400,0.2,2
2,7,944,2,10,5,0,300,0.5,1700,0.5,1
2,8,627,0,0,300,0.5,1700,0.5,2
2,9,508,0,0,300,0.5,1700,0.5,0
2,10,252,2,10,5,0,500,0.6,1000,0.2,1400,0.2,1
2,11,151,1,0,300,0.5,1700,0.5,1
2,12,310,2,10,5,0,300,0.5,1700,0.5,0
2,13,292,1,0,500,0.6,1000,0.2,1400,0.2,1
2,14,602,1,0,500,0.6,1000,0.2,1400,0.2,0
2,15,733,0,0,300,0.5,1700,0.5,1
2,16,189,1,0,300,0.5,1700,0.5,1
2,17,998,2,10,5,0,500,0.6,1000,0.2,1400,0.2,0
2,18,387,2,10,5,0,300,0.5,1700,0.5,2
2,19,577,1,0,300,0.5,1700,0.5,0
3,0,914,0,0,500,0.6,1000,0.2,1400,0.2,2
3,1,531,1,0,300,0.5,1700,0.5,0
3,2,34,2,10,5,0,300,0.5,1700,0.5,0
3,3,971,2,10,5,0,300,0.5,1700,0.5,2
3,4,844,1,0,300,0.5,1700,0.5,0
3,5,567,1,0,300,0.5,1700,0.5,1
3,6,885,0,0,500,0.6,1000,0.2,1400,0.2,1
3,7,972,1,0,500,0.6,1000,0.2,1400,0.2,0
3,8,183,2,10,5,0,300,0.5,1700,0.5,1
3,9,23,2,10,5,0,300,0.5,1700,0.5,0
3,10,249,0,0,500,0.6,1000,0.2,1400,0.2,1
3,11,233,2,10,5,0,500,0.6,1000,0.2,1400,0.2,0
3,12,601,0,0,500,0.6,1000,0.2,1400,0.2,0
3,13,601,0,0,300,0.5,1700,0.5,0
3,14,632,0,0,500,0.6,1000,0.2,1400,0.2,0
3,15,497,1,0,300,0.5,1700,0.5,2
3,16,935,0,0,500,0.6,1000,0.2,1400,0.2,1
3,17,68,1,0,300,0.5,1700,0.5,2
3,18,749,1,0,300,0.5,1700,0.5,0
3,19,636,1,0,300,0.5,1700,0.5,1
4,0,221,1,0,500,0.6,1000,0.2,1400,0.2,0
4,1,851,1,0,300,0.5,1700,0.5,1
4,2,575,0,0,300,0.5,1700,0.5,0
4,3,273,1,0,500,0.6,1000,0.2,1400,0.2,0
4,4,765,2,10,5,0,500,0.6,1000,0.2,1400,0.2,1
4,5,668,0,0,500,0.6,1000,0.2,1400,0.2,0
4,6,812,2,10,5,0,500,0.6,1000,0.2,1400,0.2,1
4,7,312,1,0,500,0.6,1000,0.2,1400,0.2,0
4,8,737,1,0,500,0.6,1000,0.2,1400,0.2,0
4,9,506,0,0,500,0.6,1000,0.2,1400,0.2,0
4,10,366,1,0,500,0.6,1000,0.2,1400,0.2,2
4,11,29,2,10,5,0,300,0.5,1700,0.5,2
4,12,172,1,0,500,0.6,1000,0.2,1400,0.2,2
4,13,505,2,10,5,0,500,0.6,1000,0.2,1400,0.2,0
4,14,316,1,0,500,0.6,1000,0.2,1400,0.2,2
4,15,974,2,10,5,0,500,0.6,1000,0.2,1400,0.2,1
4,16,568,1,0,300,0.5,1700,0.5,0
4,17,288,2,10,5,0,300,0.5,1700,0.5,0
4,18,742,1,0,500,0.6,1000,0.2,1400,0.2,0
4,19,390,0,0,300,0.5,1700,0.5,0
5,0,181,0,0,300,0.5,1700,0.5,2
5,1,986,1,0,500,0.6,1000,0.2,1400,0.2,0
5,2,834,0,0,500,0.6,1000,0.2,1400,0.2,2
5,3,744,0,0,300,0.5,1700,0.5,2
5,4,870,2,10,5,0,500,0.6,1000,0.2,1400,0.2,0
5,5,225,1,0,500,0.6,1000,0.2,1400,0.2,0
5,6,479,2,10,5,0,500,0.6,1000,0.2,1400,0.2,1
5,7,959,1,0,300,0.5,1700,0.5,2
5,8,466,2,10,5,0,300,0.5,1700,0.5,0
5,9,368,0,0,500,0.6,1000,0.2,1400,0.2,2
5,10,281,0,0,500,0.6,1000,0.2,1400,0.2,2
5,11,648,1,0,300,0.5,1700,0.5,0
5,12,721,1,0,300,0.5,1700,0.5,1
5,13,158,0,0,500,0.6,1000,0.2,1400,0.2,0
5,14,651,1,0,300,0.5,1700,0.5,2
5,15,103,1,0,300,0.5,1700,0.5,1
5,16,437,1,0,300,0.5,1700,0.5,2
5,17,991,2,10,5,0,300,0.5,1700,0.5,1
5,18,802,0,0,500,0.6,1000,0.2,1400,0.2,0
5,19,414,0,0,300,0.5,1700,0.5,1
6,0,142,2,10,5,0,300,0.5,1700,0.5,0
6,1,542,1,0,300,0.5,1700,0.5,0
6,2,761,0,0,300,0.5,1700,0.5,0
6,3,912,2,10,5,0,500,0.6,1000,0.2,1400,0.2,2
6,4,376,1,0,300,0.5,1700,0.5,0
6,5,400,1,0,500,0.6,1000,0.2,1400,0.2,2
6,6,434,0,0,300,0.5,1700,0.5,1
6,7,190,0,0,500,0.6,1000,0.2,1400,0.2,2
6,8,846,1,0,300,0.5,1700,0.5,1
6,9,128,0,0,500,0.6,1000,0.2,1400,0.2,0
6,10,420,1,0,500,0.6,1000,0.2,1400,0.2,2
6,11,394,2,10,5,0,500,0.6,1000,0.2,1400,0.2,0
6,12,949,0,0,300,0.5,1700,0.5,0
6,13,933,1,0,300,0.5,1700,0.5,2
6,14,272,2,10,5,0,300,0.5,1700,0.5,1
6,15,239,2,10,5,0,500,0.6,1000,0.2,1400,0.2,1
6,16,125,1,0,500,0.6,1000,0.2,1400,0.2,1
6,17,950,2,10,5,0,500,0.6,1000,0.2,1400,0.2,1
6,18,514,0,0,300,0.5,1700,0.5,2
6,19,426,0,0,300,0.5,1700,0.5,1
7,0,440,0,0,500,0.6,1000,0.2,1400,0.2,1
7,1,647,0,0,500,0.6,1000,0.2,1400,0.2,2
7,2,134,1,0,500,0.6,1000,0.2,1400,0.2,2
7,3,173,0,0,500,0.6,1000,0.2,1400,0.2,1
7,4,691,2,10,5,0,300,0.5,1700,0.5,0
7,5,131,1,0,500,0.6,1000,0.2,1400,0.2,0
7,6,28,2,10,5,0,500,0.6,1000,0.2,1400,0.2,2
7,7,83,1,0,500,0.6,1000,0.2,1400,0.2,0
7,8,229,1,0,500,0.6,1000,0.2,1400,0.2,0
7,9,788,0,0,500,0.6,1000,0.2,1400,0.2,1
7,10,651,2,10,5,0,300,0.5,1700,0.5,1
7,11,804,1,0,500,0.6,1000,0.2,1400,0.2,1
7,12,884,2,10,5,0,300,0.5,1700,0.5,1
7,13,832,2,10,5,0,500,0.6,1000,0.2,1400,0.2,1
7,14,212,1,0,300,0.5,1700,0.5,2
7,15,777,0,0,500,0.6,1000,0.2,1400,0.2,2
7,16,548,1,0,300,0.5,1700,0.5,0
7,17,301,2,10,5,0,300,0.5,1700,0.5,2
7,18,811,1,0,300,0.5,1700,0.5,2
7,19,905,2,10,5,0,300,0.5,1700,0.5,1
8,0,478,0,0,300,0.5,1700,0.5,0
8,1,128,1,0,300,0.5,1700,0.5,2
8,2,311,1,0,300,0.5,1700,0.5,2
8,3,638,1,0,300,0.5,1700,0.5,2
8,4,693,1,0,500,0.6,1000,0.2,1400,0.2,0
8,5,896,2,10,5,0,500,0.6,1000,0.2,1400,0.2,2
8,6,196,0,0,500,0.6,1000,0.2,1400,0.2,2
8,7,72,2,10,5,0,300,0.5,1700,0.5,2
8,8,435,2,10,5,0,500,0.6,1000,0.2,1400,0.2,2
8,9,655,2,10,5,0,500,0.6,1000,0.2,1400,0.2,1
8,10,683,1,0,300,0.5,1700,0.5,1
8,11,609,2,10,5,0,500,0.6,1000,0.2,1400,0.2,0
8,12,117,2,10,5,0,300,0.5,1700,0.5,0
8,13,73,2,10,5,0,300,0.5,1700,0.5,1
8,14,870,0,0,300,0.5,1700,0.5,2
8,15,98,2,10,5,0,500,0.6,1000,0.2,1400,0.2,0
8,16,266,0,0,500,0.6,1000,0.2,1400,0.2,0
8,17,723,2,10,5,0,500,0.6,1000,0.2,1400,0.2,1
8,18,507,0,0,300,0.5,1700,0.5,1
8,19,176,0,0,300,0.5,1700,0.5,1
9,0,545,0,0,500,0.6,1000,0.2,1400,0.2,1
9,1,146,1,0,300,0.5,1700,0.5,1
9,2,238,1,0,300,0.5,1700,0.5,0
9,3,122,0,0,500,0.6,1000,0.2,1400,0.2,1
9,4,664,0,0,300,0.5,1700,0.5,1
9,5,227,2,10,5,0,300,0.5,1700,0.5,1
9,6,921,2,10,5,0,300,0.5,1700,0.5,1
9,7,21,1,0,500,0.6,1000,0.2,1400,0.2,0
9,8,337,1,0,500,0.6,1000,0.2,1400,0.2,2
9,9,478,2,10,5,0,500,0.6,1000,0.2,1400,0.2,1
9,10,652,1,0,500,0.6,1000,0.2,1400,0.2,0
9,11,640,1,0,300,0.5,1700,0.5,0
9,12,475,2,10,5,0,300,0.5,1700,0.5,1
9,13,830,0,0,300,0.5,1700,0.5,2
9,14,456,0,0,300,0.5,1700,0.5,1
9,15,504,1,0,300,0.5,1700,0.5,2
9,16,357,1,0,500,0.6,1000,0.2,1400,0.2,2
9,17,18,1,0,300,0.5,1700,0.5,0
9,18,590,2,10,5,0,500,0.6,1000,0.2,1400,0.2,2
9,19,382,2,10,5,0,300,0.5,1700,0.5,1
10,0,912,0,0,500,0.6,1000,0.2,1400,0.2,0
10,1,279,1,0,300,0.5,1700,0.5,2
10,2,227,1,0,300,0.5,1700,0.5,1
10,3,984,1,0,500,0.6,1000,0.2,1400,0.2,0
10,4,191,0,0,500,0.6,1000,0.2,1400,0.2,1
10,5,834,2,10,5,0,300,0.5,1700,0.5,1
10,6,41,2,10,5,0,300,0.5,1700,0.5,1
10,7,648,2,10,5,0,300,0.5,1700,0.5,1
10,8,32,0,0,300,0.5,1700,0.5,1
10,9,916,1,0,300,0.5,1700,0.5,0
10,10,567,2,10,5,0,500,0.6,1000,0.2,1400,0.2,0
10,11,614,1,0,500,0.6,1000,0.2,1400,0.2,0
10,12,978,2,10,5,0,300,0.5,1700,0.5,0
10,13,904,1,0,500,0.6,1000,0.2,1400,0.2,2
10,14,446,1,0,500,0.6,1000,0.2,1400,0.2,0
10,15,47,0,0,300,0.5,1700,0.5,1
10,16,595,2,10,5,0,500,0.6,1000,0.2,1400,0.2,2
10,17,924,1,0,300,0.5,1700,0.5,0
10,18,765,0,0,500,0.6,1000,0.2,1400,0.2,2
10,19,864,1,0,300,0.5,1700,0.5,0
11,0,374,2,10,5,0,500,0.6,1000,0.2,1400,0.2,0
11,1,274,2,10,5,0,300,0.5,1700,0.5,2
11,2,372,1,0,500,0.6,1000,0.2,1400,0.2,1
11,3,665,2,10,5,0,300,0.5,1700,0.5,0
11,4,277,2,10,5,0,300,0.5,1700,0.5,1
11,5,579,1,0,500,0.6,1000,0.2,1400,0.2,0
11,6,614,1,0,300,0.5,1700,0.5,2
11,7,973,2,10,5,0,500,0.6,1000,0.2,1400,0.2,2
11,8,889,1,0,500,0.6,1000,0.2,1400,0.2,1
11,9,708,2,10,5,0,300,0.5,1700,0.5,1
11,10,551,2,10,5,0,500,0.6,1000,0.2,1400,0.2,0
11,11,492,1,0,300,0.5,1700,0.5,1
11,12,399,2,10,5,0,300,0.5,1700,0.5,0
11,13,60,0,0,300,0.5,1700,0.5,0
11,14,886,0,0,500,0.6,1000,0.2,1400,0.2,1
11,15,677,0,0,300,0.5,1700,0.5,0
11,16,534,0,0,300,0.5,1700,0.5,0
11,17,331,1,0,500,0.6,1000,0.2,1400,0.2,1
11,18,726,0,0,500,0.6,1000,0.2,1400,0.2,0
11,19,675,1,0,500,0.6,1000,0.2,1400,0.2,1
12,0,549,1,0,500,0.6,1000,0.2,1400,0.2,1
12,1,804,2,10,5,0,300,0.5,1700,0.5,1
12,2,631,0,0,300,0.5,1700,0.5,1
12,3,284,0,0,500,0.6,1000,0.2,1400,0.2,2
12,4,288,2,10,5,0,500,0.6,1000,0.2,1400,0.2,2
12,5,569,0,0,500,0.6,1000,0.2,1400,0.2,1
12,6,602,2,10,5,0,500,0.6,1000,0.2,1400,0.2,2
12,7,439,2,10,5,0,300,0.5,1700,0.5,2
12,8,910,2,10,5,0,300,0.5,1700,0.5,2
12,9,390,2,10,5,0,300,0.5,1700,0.5,0
12,10,426,1,0,300,0.5,1700,0.5,0
12,11,141,2,10,5,0,500,0.6,1000,0.2,1400,0.2,1
12,12,427,2,10,5,0,300,0.5,1700,0.5,2
12,13,285,2,10,5,0,500,0.6,1000,0.2,1400,0.2,2
12,14,488,2,10,5,0,300,0.5,1700,0.5,0
12,15,110,1,0,500,0.6,1000,0.2,1400,0.2,0
12,16,898,0,0,300,0.5,1700,0.5,1
12,17,77,0,0,300,0.5,1700,0.5,2
12,18,19,1,0,300,0.5,1700,0.5,1
12,19,857,1,0,300,0.5,1700,0.5,1
13,0,21,1,0,300,0.5,1700,0.5,0
13,1,486,1,0,500,0.6,1000,0.2,1400,0.2,1
13,2,983,0,0,300,0.5,1700,0.5,0
13,3,91,2,10,5,0,500,0.6,1000,0.2,1400,0.2,1
13,4,652,2,10,5,0,300,0.5,1700,0.5,1
13,5,849,1,0,300,0.5,1700,0.5,2
13,6,897,1,0,500,0.6,1000,0.2,1400,0.2,1
13,7,545,0,0,500,0.6,1000,0.2,1400,0.2,1
13,8,526,2,10,5,0,300,0.5,1700,0.5,2
13,9,823,0,0,300,0.5,1700,0.5,1
13,10,641,0,0,300,0.5,1700,0.5,0
13,11,651,2,10,5,0,300,0.5,1700,0.5,2
13,12,351,1,0,300,0.5,1700,0.5,0
13,13,662,2,10,5,0,300,0.5,1700,0.5,0
13,14,830,0,0,500,0.6,1000,0.2,1400,0.2,0
13,15,692,0,0,500,0.6,1000,0.2,1400,0.2,2
13,16,862,1,0,300,0.5,1700,0.5,0
13,17,783,0,0,300,0.5,1700,0.5,2
13,18,27,1,0,300,0.5,1700,0.5,1
13,19,497,1,0,500,0.6,1000,0.2,1400,0.2,1
14,0,785,1,0,500,0.6,1000,0.2,1400,0.2,2
14,1,259,0,0,500,0.6,1000,0.2,1400,0.2,0
14,2,421,2,10,5,0,500,0.6,1000,0.2,1400,0.2,2
14,3,582,0,0,500,0.6,1000,0.2,1400,0.2,0
14,4,349,1,0,300,0.5,1700,0.5,2
14,5,67,1,0,500,0.6,1000,0.2,1400,0.2,2
14,6,432,2,10,5,0,300,0.5,1700,0.5,1
14,7,272,1,0,300,0.5,1700,0.5,1
14,8,718,1,0,300,0.5,1700,0.5,0
14,9,199,2,10,5,0,300,0.5,1700,0.5,0
14,10,182,0,0,300,0.5,1700,0.5,0
14,11,299,1,0,500,0.6,1000,0.2,1400,0.2,2
14,12,871,0,0,300,0.5,1700,0.5,2
14,13,841,2,10,5,0,500,0.6,1000,0.2,1400,0.2,1
14,14,242,0,0,300,0.5,1700,0.5,0
14,15,58,1,0,300,0.5,1700,0.5,1
14,16,883,1,0,300,0.5,1700,0.5,1
14,17,112,2,10,5,0,300,0.5,1700,0.5,2
14,18,268,0,0,300,0.5,1700,0.5,2
14,19,430,2,10,5,0,300,0.5,1700,0.5,0
15,0,402,0,0,500,0.6,1000,0.2,1400,0.2,0
15,1,875,1,0,300,0.5,1700,0.5,0
15,2,169,1,0,300,0.5,1700,0.5,0
15,3,157,0,0,500,0.6,1000,0.2,1400,0.2,1
15,4,712,0,0,500,0.6,1000,0.2,1400,0.2,0
15,5,574,0,0,300,0.5,1700,0.5,2
15,6,69,1,0,300,0.5,1700,0.5,2
15,7,202,1,0,500,0.6,1000,0.2,1400,0.2,2
15,8,397,1,0,300,0.5,1700,0.5,1
15,9,895,1,0,300,0.5,1700,0.5,2
15,10,333,1,0,500,0.6,1000,0.2,1400,0.2,1
15,11,899,0,0,500,0.6,1000,0.2,1400,0.2,1
15,12,215,1,0,300,0.5,1700,0.5,2
15,13,86,2,10,5,0,300,0.5,1700,0.5,1
15,14,43,1,0,300,0.5,1700,0.5,1
15,15,675,1,0,500,0.6,1000,0.2,1400,0.2,2
15,16,65,1,0,300,0.5,1700,0.5,2
15,17,326,0,0,500,0.6,1000,0.2,1400,0.2,0
15,18,503,2,10,5,0,500,0.6,1000,0.2,1400,0.2,1
15,19,733,2,10,5,0,500,0.6,1000,0.2,1400,0.2,1
16,0,464,0,0,300,0.5,1700,0.5,2
16,1,433,0,0,300,0.5,1700,0.5,0
16,2,433,0,0,500,0.6,1000,0.2,1400,0.2,2
16,3,46,1,0,300,0.5,1700,0.5,2
16,4,749,1,0,500,0.6,1000,0.2,1400,0.2,1
16,5,376,0,0,500,0.6,1000,0.2,1400,0.2,0
16,6,107,0,0,500,0.6,1000,0.2,1400,0.2,1
16,7,437,0,0,300,0.5,1700,0.5,2
16,8,815,0,0,500,0.6,1000,0.2,1400,0.2,2
16,9,131,0,0,300,0.5,1700,0.5,1
16,10,59,2,10,5,0,500,0.6,1000,0.2,1400,0.2,2
16,11,308,1,0,300,0.5,1700,0.5,0
16,12,570,0,0,300,0.5,1700,0.5,2
16,13,498,1,0,300,0.5,1700,0.5,0
16,14,606,0,0,300,0.5,1700,0.5,1
16,15,131,2,10,5,0,500,0.6,1000,0.2,1400,0.2,2
16,16,154,2,10,5,0,500,0.6,1000,0.2,1400,0.2,1
16,17,362,2,10,5,0,500,0.6,1000,0.2,1400,0.2,2
16,18,989,2,10,5,0,500,0.6,1000,0.2,1400,0.2,0
16,19,73,0,0,300,0.5,1700,0.5,0
17,0,946,2,10,5,0,500,0.6,1000,0.2,1400,0.2,2
17,1,243,2,10,5,0,500,0.6,1000,0.2,1400,0.2,1
17,2,617,1,0,300,0.5,1700,0.5,1
17,3,746,0,0,300,0.5,1700,0.5,0
17,4,156,1,0,300,0.5,1700,0.5,0
17,5,469,1,0,500,0.6,1000,0.2,1400,0.2,2
17,6,815,1,0,300,0.5,1700,0.5,1
17,7,254,1,0,300,0.5,1700,0.5,1
17,8,99,0,0,300,0.5,1700,0.5,0
17,9,571,0,0,500,0.6,1000,0.2,1400,0.2,1
17,10,947,1,0,300,0.5,1700,0.5,2
17,11,593,2,10,5,0,500,0.6,1000,0.2,1400,0.2,0
17,12,754,1,0,300,0.5,1700,0.5,1
17,13,341,2,10,5,0,300,0.5,1700,0.5,1
17,14,774,1,0,300,0.5,1700,0.5,0
17,15,607,2,10,5,0,500,0.6,1000,0.2,1400,0.2,0
17,16,110,0,0,500,0.6,1000,0.2,1400,0.2,0
17,17,30,2,10,5,0,300,0.5,1700,0.5,1
17,18,955,2,10,5,0,500,0.6,1000,0.2,1400,0.2,0
17,19,747,2,10,5,0,300,0.5,1700,0.5,2
18,0,402,1,0,500,0.6,1000,0.2,1400,0.2,0
18,1,22,0,0,300,0.5,1700,0.5,0
18,2,321,2,10,5,0,500,0.6,1000,0.2,1400,0.2,1
18,3,812,1,0,300,0.5,1700,0.5,1
18,4,733,2,10,5,0,300,0.5,1700,0.5,0
18,5,457,0,0,500,0.6,1000,0.2,1400,0.2,1
18,6,762,1,0,500,0.6,1000,0.2,1400,0.2,1
18,7,981,0,0,500,0.6,1000,0.2,1400,0.2,2
18,8,885,1,0,300,0.5,1700,0.5,2
18,9,638,2,10,5,0,300,0.5,1700,0.5,0
18,10,289,1,0,300,0.5,1700,0.5,0
18,11,203,2,10,5,0,300,0.5,1700,0.5,2
18,12,189,2,10,5,0,300,0.5,1700,0.5,2
18,13,444,2,10,5,0,500,0.6,1000,0.2,1400,0.2,0
18,14,86,1,0,500,0.6,1000,0.2,1400,0.2,0
18,15,500,1,0,500,0.6,1000,0.2,1400,0.2,0
18,16,740,2,10,5,0,300,0.5,1700,0.5,1
18,17,308,1,0,500,0.6,1000,0.2,1400,0.2,1
18,18,736,1,0,500,0.6,1000,0.2,1400,0.2,2
18,19,132,0,0,500,0.6,1000,0.2,1400,0.2,0
19,0,304,0,0,300,0.5,1700,0.5,1
19,1,473,2,10,5,0,300,0.5,1700,0.5,0
19,2,981,0,0,500,0.6,1000,0.2,1400,0.2,0
19,3,311,1,0,500,0.6,1000,0.2,1400,0.2,1
19,4,291,0,0,500,0.6,1000,0.2,1400,0.2,2
19,5,180,2,10,5,0,300,0.5,1700,0.5,0
19,6,809,2,10,5,0,300,0.5,1700,0.5,0
19,7,281,2,10,5,0,300,0.5,1700,0.5,1
19,8,780,1,0,300,0.5,1700,0.5,2
19,9,856,2,10,5,0,500,0.6,1000,0.2,1400,0.2,0
19,10,629,0,0,500,0.6,1000,0.2,1400,0.2,1
19,11,890,2,10,5,0,500,0.6,1000,0.2,1400,0.2,0
19,12,718,0,0,300,0.5,1700,0.5,2
19,13,466,0,0,500,0.6,1000,0.2,1400,0.2,2
19,14,833,0,0,500,0.6,1000,0.2,1400,0.2,2
19,15,491,1,0,500,0.6,1000,0.2,1400,0.2,0
19,16,131,1,0,500,0.6,1000,0.2,1400,0.2,0
19,17,825,0,0,500,0.6,1000,0.2,1400,0.2,2
19,18,470,0,0,500,0.6,1000,0.2,1400,0.2,2
19,19,536,1,0,300,0.5,1700,0.5,0
