0,0,604,1,0,300,0.5,1700,0.5,1
0,1,894,0,0,500,0.6,1000,0.2,1400,0.2,2
0,2,686,1,0,500,0.6,1000,0.2,1400,0.2,0
0,3,313,0,0,500,0.6,1000,0.2,1400,0.2,1
0,4,693,1,0,500,0.6,1000,0.2,1400,0.2,1
0,5,182,2,10,5,0,500,0.6,1000,0.2,1400,0.2,1
0,6,884,0,0,300,0.5,1700,0.5,1
0,7,329,2,10,5,0,500,0.6,1000,0.2,1400,0.2,1
0,8,631,1,0,500,0.6,1000,0.2,1400,0.2,2
0,9,574,0,0,500,0.6,1000,0.2,1400,0.2,1
0,10,526,0,0,300,0.5,1700,0.5,2
0,11,634,0,0,500,0.6,1000,0.2,1400,0.2,1
0,12,712,1,0,300,0.5,1700,0.5,2
0,13,618,0,0,500,0.6,1000,0.2,1400,0.2,0
0,14,829,2,10,5,0,300,0.5,1700,0.5,0
0,15,893,2,10,5,0,300,0.5,1700,0.5,1
0,16,381,1,0,500,0.6,1000,0.2,1400,0.2,2
0,17,62,0,0,500,0.6,1000,0.2,1400,0.2,2
0,18,82,1,0,300,0.5,1700,0.5,2
0,19,343,2,10,5,0,300,0.5,1700,0.5,1
1,0,762,1,0,300,0.5,1700,0.5,1
1,1,215,2,10,5,0,300,0.5,1700,0.5,1
1,2,851,2,10,5,0,300,0.5,1700,0.5,0
1,3,347,0,0,300,0.5,1700,0.5,0
1,4,657,2,10,5,0,500,0.6,1000,0.2,1400,0.2,0
1,5,653,2,10,5,0,500,0.6,1000,0.2,1400,0.2,2
1,6,130,2,10,5,0,500,0.6,1000,0.2,1400,0.2,0
1,7,429,0,0,300,0.5,1700,0.5,0
1,8,145,2,10,5,0,300,0.5,1700,0.5,0
1,9,979,1,0,500,0.6,1000,0.2,1400,0.2,0
1,10,830,0,0,300,0.5,1700,0.5,1
1,11,597,0,0,300,0.5,1700,0.5,0
1,12,482,1,0,300,0.5,1700,0.5,1
1,13,792,1,0,500,0.6,1000,0.2,1400,0.2,2
1,14,949,0,0,500,0.6,1000,0.2,1400,0.2,0
1,15,983,2,10,5,0,300,0.5,1700,0.5,2
1,16,751,2,10,5,0,500,0.6,1000,0.2,1400,0.2,1
1,17,51,1,0,300,0.5,1700,0.5,0
1,18,826,2,10,5,0,300,0.5,1700,0.5,1
1,19,221,2,10,5,0,300,0.5,1700,0.5,1
2,0,138,1,0,300,0.5,1700,0.5,0
2,1,356,0,0,500,0.6,1000,0.2,1400,0.2,0
2,2,77,1,0,300,0.5,1700,0.5,1
2,3,656,0,0,300,0.5,1700,0.5,0
2,4,71,1,0,300,0.5,1700,0.5,2
2,5,128,1,0,500,0.6,1000,0.2,1400,0.2,1
2,6,30,2,10,5,0,500,0.6,1000,0.2,1400,0.2,0
2,7,415,1,0,300,0.5,1700,0.5,2
2,8,848,2,10,5,0,500,0.6,1000,0.2,1400,0.2,2
2,9,329,2,10,5,0,300,0.5,1700,0.5,0
2,10,212,2,10,5,0,300,0.5,1700,0.5,2
2,11,597,2,10,5,0,300,0.5,1700,0.5,2
2,12,993,2,10,5,0,300,0.5,1700,0.5,1
2,13,651,1,0,500,0.6,1000,0.2,1400,0.2,0
2,14,420,0,0,500,0.6,1000,0.2,1400,0.2,2
2,15,853,2,10,5,0,500,0.6,1000,0.2,1400,0.2,0
2,16,96,1,0,500,0.6,1000,0.2,1400,0.2,0
2,17,172,0,0,300,0.5,1700,0.5,1
2,18,732,2,10,5,0,500,0.6,1000,0.2,1400,0.2,2
2,19,76,0,0,300,0.5,1700,0.5,0
3,0,742,0,0,300,0.5,1700,0.5,2
3,1,872,1,0,500,0.6,1000,0.2,1400,0.2,2
3,2,497,1,0,500,0.6,1000,0.2,1400,0.2,1
3,3,568,0,0,300,0.5,1700,0.5,0
3,4,481,0,0,500,0.6,1000,0.2,1400,0.2,2
3,5,283,1,0,300,0.5,1700,0.5,2
3,6,260,2,10,5,0,300,0.5,1700,0.5,1
3,7,728,1,0,300,0.5,1700,0.5,1
3,8,490,2,10,5,0,300,0.5,1700,0.5,1
3,9,556,0,0,500,0.6,1000,0.2,1400,0.2,1
3,10,266,1,0,300,0.5,1700,0.5,0
3,11,491,2,10,5,0,300,0.5,1700,0.5,1
3,12,370,1,0,300,0.5,1700,0.5,0
3,13,226,0,0,500,0.6,1000,0.2,1400,0.2,1
3,14,677,1,0,500,0.6,1000,0.2,1400,0.2,1
3,15,593,2,10,5,0,500,0.6,1000,0.2,1400,0.2,1
3,16,478,0,0,300,0.5,1700,0.5,0
3,17,70,2,10,5,0,500,0.6,1000,0.2,1400,0.2,2
3,18,418,1,0,500,0.6,1000,0.2,1400,0.2,2
3,19,68,0,0,500,0.6,1000,0.2,1400,0.2,1
4,0,16,1,0,300,0.5,1700,0.5,0
4,1,957,1,0,500,0.6,1000,0.2,1400,0.2,1
4,2,422,1,0,500,0.6,1000,0.2,1400,0.2,0
4,3,20,1,0,300,0.5,1700,0.5,2
4,4,119,2,10,5,0,500,0.6,1000,0.2,1400,0.2,2
4,5,39,1,0,300,0.5,1700,0.5,0
4,6,644,0,0,500,0.6,1000,0.2,1400,0.2,1
4,7,989,1,0,300,0.5,1700,0.5,0
4,8,410,1,0,300,0.5,1700,0.5,2
4,9,555,1,0,300,0.5,1700,0.5,0
4,10,187,1,0,500,0.6,1000,0.2,1400,0.2,2
4,11,689,0,0,500,0.6,1000,0.2,1400,0.2,1
4,12,553,2,10,5,0,300,0.5,1700,0.5,2
4,13,721,0,0,300,0.5,1700,0.5,1
4,14,806,1,0,300,0.5,1700,0.5,1
4,15,580,1,0,300,0.5,1700,0.5,1
4,16,33,2,10,5,0,300,0.5,1700,0.5,1
4,17,910,1,0,300,0.5,1700,0.5,0
4,18,664,0,0,500,0.6,1000,0.2,1400,0.2,2
4,19,395,2,10,5,0,500,0.6,1000,0.2,1400,0.2,2
5,0,164,0,0,500,0.6,1000,0.2,1400,0.2,2
5,1,501,0,0,300,0.5,1700,0.5,2
5,2,289,2,10,5,0,500,0.6,1000,0.2,1400,0.2,2
5,3,942,0,0,300,0.5,1700,0.5,2
5,4,700,2,10,5,0,500,0.6,1000,0.2,1400,0.2,0
5,5,827,2,10,5,0,500,0.6,1000,0.2,1400,0.2,1
5,6,744,2,10,5,0,300,0.5,1700,0.5,2
5,7,812,2,10,5,0,500,0.6,1000,0.2,1400,0.2,1
5,8,571,1,0,300,0.5,1700,0.5,1
5,9,503,1,0,500,0.6,1000,0.2,1400,0.2,0
5,10,567,0,0,300,0.5,1700,0.5,2
5,11,434,2,10,5,0,300,0.5,1700,0.5,2
5,12,385,1,0,300,0.5,1700,0.5,0
5,13,208,1,0,500,0.6,1000,0.2,1400,0.2,0
5,14,824,1,0,300,0.5,1700,0.5,0
5,15,104,1,0,300,0.5,1700,0.5,0
5,16,973,0,0,500,0.6,1000,0.2,1400,0.2,0
5,17,610,1,0,500,0.6,1000,0.2,1400,0.2,2
5,18,927,1,0,300,0.5,1700,0.5,1
5,19,429,2,10,5,0,500,0.6,1000,0.2,1400,0.2,1
6,0,789,1,0,500,0.6,1000,0.2,1400,0.2,0
6,1,973,1,0,300,0.5,1700,0.5,0
6,2,199,1,0,500,0.6,1000,0.2,1400,0.2,2
6,3,130,1,0,300,0.5,1700,0.5,2
6,4,339,2,10,5,0,500,0.6,1000,0.2,1400,0.2,1
6,5,36,0,0,300,0.5,1700,0.5,2
6,6,215,2,10,5,0,500,0.6,1000,0.2,1400,0.2,1
6,7,403,1,0,500,0.6,1000,0.2,1400,0.2,0
6,8,519,0,0,300,0.5,1700,0.5,1
6,9,45,1,0,300,0.5,1700,0.5,0
6,10,115,1,0,500,0.6,1000,0.2,1400,0.2,1
6,11,278,2,10,5,0,300,0.5,1700,0.5,0
6,12,489,2,10,5,0,500,0.6,1000,0.2,1400,0.2,2
6,13,959,1,0,300,0.5,1700,0.5,0
6,14,157,0,0,500,0.6,1000,0.2,1400,0.2,0
6,15,130,0,0,500,0.6,1000,0.2,1400,0.2,1
6,16,267,0,0,500,0.6,1000,0.2,1400,0.2,2
6,17,751,2,10,5,0,300,0.5,1700,0.5,2
6,18,670,2,10,5,0,500,0.6,1000,0.2,1400,0.2,1
6,19,99,0,0,500,0.6,1000,0.2,1400,0.2,0
7,0,918,1,0,300,0.5,1700,0.5,2
7,1,444,2,10,5,0,300,0.5,1700,0.5,1
7,2,553,1,0,300,0.5,1700,0.5,2
7,3,933,2,10,5,0,300,0.5,1700,0.5,2
7,4,136,1,0,500,0.6,1000,0.2,1400,0.2,0
7,5,773,2,10,5,0,300,0.5,1700,0.5,2
7,6,918,2,10,5,0,500,0.6,1000,0.2,1400,0.2,1
7,7,200,2,10,5,0,500,0.6,1000,0.2,1400,0.2,2
7,8,577,0,0,500,0.6,1000,0.2,1400,0.2,1
7,9,34,2,10,5,0,500,0.6,1000,0.2,1400,0.2,1
7,10,143,0,0,300,0.5,1700,0.5,2
7,11,224,0,0,500,0.6,1000,0.2,1400,0.2,1
7,12,895,2,10,5,0,300,0.5,1700,0.5,1
7,13,71,0,0,500,0.6,1000,0.2,1400,0.2,2
7,14,193,0,0,300,0.5,1700,0.5,2
7,15,126,1,0,500,0.6,1000,0.2,1400,0.2,0
7,16,535,0,0,300,0.5,1700,0.5,1
7,17,24,0,0,500,0.6,1000,0.2,1400,0.2,0
7,18,463,2,10,5,0,500,0.6,1000,0.2,1400,0.2,1
7,19,66,2,10,5,0,500,0.6,1000,0.2,1400,0.2,1
8,0,42,1,0,300,0.5,1700,0.5,0
8,1,927,2,10,5,0,500,0.6,1000,0.2,1400,0.2,1
8,2,349,2,10,5,0,500,0.6,1000,0.2,1400,0.2,0
8,3,440,1,0,500,0.6,1000,0.2,1400,0.2,2
8,4,530,2,10,5,0,300,0.5,1700,0.5,1
8,5,696,0,0,500,0.6,1000,0.2,1400,0.2,2
8,6,846,1,0,500,0.6,1000,0.2,1400,0.2,2
8,7,959,2,10,5,0,500,0.6,1000,0.2,1400,0.2,0
8,8,233,1,0,300,0.5,1700,0.5,2
8,9,338,1,0,500,0.6,1000,0.2,1400,0.2,1
8,10,326,1,0,500,0.6,1000,0.2,1400,0.2,2
8,11,566,1,0,500,0.6,1000,0.2,1400,0.2,2
8,12,844,1,0,500,0.6,1000,0.2,1400,0.2,2
8,13,625,1,0,300,0.5,1700,0.5,0
8,14,198,0,0,500,0.6,1000,0.2,1400,0.2,1
8,15,64,2,10,5,0,300,0.5,1700,0.5,0
8,16,250,0,0,300,0.5,1700,0.5,1
8,17,382,2,10,5,0,300,0.5,1700,0.5,1
8,18,148,0,0,300,0.5,1700,0.5,1
8,19,508,1,0,500,0.6,1000,0.2,1400,0.2,0
9,0,939,1,0,500,0.6,1000,0.2,1400,0.2,2
9,1,881,0,0,300,0.5,1700,0.5,0
9,2,826,2,10,5,0,500,0.6,1000,0.2,1400,0.2,0
9,3,802,0,0,300,0.5,1700,0.5,1
9,4,708,2,10,5,0,300,0.5,1700,0.5,1
9,5,259,0,0,500,0.6,1000,0.2,1400,0.2,0
9,6,556,0,0,500,0.6,1000,0.2,1400,0.2,2
9,7,372,0,0,500,0.6,1000,0.2,1400,0.2,1
9,8,22,0,0,500,0.6,1000,0.2,1400,0.2,2
9,9,964,2,10,5,0,300,0.5,1700,0.5,0
9,10,528,0,0,300,0.5,1700,0.5,2
9,11,301,1,0,500,0.6,1000,0.2,1400,0.2,2
9,12,560,0,0,300,0.5,1700,0.5,0
9,13,893,0,0,500,0.6,1000,0.2,1400,0.2,0
9,14,316,2,10,5,0,300,0.5,1700,0.5,0
9,15,941,1,0,300,0.5,1700,0.5,0
9,16,910,2,10,5,0,500,0.6,1000,0.2,1400,0.2,0
9,17,471,2,10,5,0,300,0.5,1700,0.5,1
9,18,846,1,0,500,0.6,1000,0.2,1400,0.2,1
9,19,376,1,0,300,0.5,1700,0.5,0
10,0,843,2,10,5,0,300,0.5,1700,0.5,0
10,1,194,0,0,500,0.6,1000,0.2,1400,0.2,2
10,2,533,2,10,5,0,300,0.5,1700,0.5,1
10,3,173,0,0,300,0.5,1700,0.5,1
10,4,657,2,10,5,0,300,0.5,1700,0.5,1
10,5,245,2,10,5,0,300,0.5,1700,0.5,1
10,6,970,0,0,300,0.5,1700,0.5,0
10,7,73,1,0,300,0.5,1700,0.5,2
10,8,729,2,10,5,0,500,0.6,1000,0.2,1400,0.2,2
10,9,713,2,10,5,0,500,0.6,1000,0.2,1400,0.2,1
10,10,933,0,0,500,0.6,1000,0.2,1400,0.2,2
10,11,518,0,0,300,0.5,1700,0.5,0
10,12,544,1,0,300,0.5,1700,0.5,0
10,13,141,1,0,500,0.6,1000,0.2,1400,0.2,0
10,14,526,0,0,300,0.5,1700,0.5,0
10,15,316,1,0,300,0.5,1700,0.5,2
10,16,338,2,10,5,0,300,0.5,1700,0.5,2
10,17,29,1,0,500,0.6,1000,0.2,1400,0.2,1
10,18,47,0,0,300,0.5,1700,0.5,0
10,19,995,2,10,5,0,300,0.5,1700,0.5,2
11,0,743,1,0,300,0.5,1700,0.5,2
11,1,677,1,0,300,0.5,1700,0.5,2
11,2,450,2,10,5,0,300,0.5,1700,0.5,0
11,3,829,2,10,5,0,300,0.5,1700,0.5,0
11,4,902,0,0,500,0.6,1000,0.2,1400,0.2,0
11,5,421,1,0,300,0.5,1700,0.5,2
11,6,468,1,0,300,0.5,1700,0.5,0
11,7,717,2,10,5,0,300,0.5,1700,0.5,2
11,8,893,0,0,500,0.6,1000,0.2,1400,0.2,1
11,9,490,2,10,5,0,300,0.5,1700,0.5,0
11,10,316,2,10,5,0,300,0.5,1700,0.5,2
11,11,327,1,0,300,0.5,1700,0.5,0
11,12,622,1,0,300,0.5,1700,0.5,2
11,13,801,2,10,5,0,500,0.6,1000,0.2,1400,0.2,0
11,14,974,0,0,300,0.5,1700,0.5,1
11,15,487,1,0,300,0.5,1700,0.5,1
11,16,462,0,0,300,0.5,1700,0.5,2
11,17,886,2,10,5,0,500,0.6,1000,0.2,1400,0.2,1
11,18,474,2,10,5,0,300,0.5,1700,0.5,0
11,19,988,1,0,300,0.5,1700,0.5,1
12,0,569,2,10,5,0,300,0.5,1700,0.5,0
12,1,885,2,10,5,0,500,0.6,1000,0.2,1400,0.2,1
12,2,380,0,0,500,0.6,1000,0.2,1400,0.2,1
12,3,983,2,10,5,0,300,0.5,1700,0.5,2
12,4,481,0,0,500,0.6,1000,0.2,1400,0.2,1
12,5,426,2,10,5,0,500,0.6,1000,0.2,1400,0.2,0
12,6,750,0,0,300,0.5,1700,0.5,0
12,7,615,0,0,300,0.5,1700,0.5,0
12,8,86,0,0,300,0.5,1700,0.5,2
12,9,456,1,0,300,0.5,1700,0.5,0
12,10,385,1,0,500,0.6,1000,0.2,1400,0.2,0
12,11,239,1,0,500,0.6,1000,0.2,1400,0.2,0
12,12,530,1,0,500,0.6,1000,0.2,1400,0.2,1
12,13,769,0,0,500,0.6,1000,0.2,1400,0.2,0
12,14,669,0,0,500,0.6,1000,0.2,1400,0.2,1
12,15,247,1,0,500,0.6,1000,0.2,1400,0.2,0
12,16,795,0,0,500,0.6,1000,0.2,1400,0.2,1
12,17,210,2,10,5,0,500,0.6,1000,0.2,1400,0.2,0
12,18,470,0,0,300,0.5,1700,0.5,2
12,19,847,2,10,5,0,300,0.5,1700,0.5,2
13,0,798,2,10,5,0,300,0.5,1700,0.5,2
13,1,528,0,0,300,0.5,1700,0.5,2
13,2,953,1,0,500,0.6,1000,0.2,1400,0.2,2
13,3,736,1,0,500,0.6,1000,0.2,1400,0.2,0
13,4,642,0,0,500,0.6,1000,0.2,1400,0.2,2
13,5,534,2,10,5,0,300,0.5,1700,0.5,2
13,6,423,1,0,300,0.5,1700,0.5,0
13,7,731,1,0,500,0.6,1000,0.2,1400,0.2,1
13,8,130,1,0,500,0.6,1000,0.2,1400,0.2,2
13,9,304,1,0,500,0.6,1000,0.2,1400,0.2,1
13,10,923,1,0,300,0.5,1700,0.5,2
13,11,792,0,0,300,0.5,1700,0.5,1
13,12,767,0,0,500,0.6,1000,0.2,1400,0.2,1
13,13,192,2,10,5,0,300,0.5,1700,0.5,0
13,14,168,2,10,5,0,300,0.5,1700,0.5,0
13,15,454,1,0,500,0.6,1000,0.2,1400,0.2,2
13,16,704,2,10,5,0,300,0.5,1700,0.5,1
13,17,694,2,10,5,0,500,0.6,1000,0.2,1400,0.2,2
13,18,493,1,0,500,0.6,1000,0.2,1400,0.2,0
13,19,543,1,0,300,0.5,1700,0.5,0
14,0,596,1,0,300,0.5,1700,0.5,1
14,1,560,2,10,5,0,500,0.6,1000,0.2,1400,0.2,1
14,2,539,1,0,500,0.6,1000,0.2,1400,0.2,0
14,3,494,2,10,5,0,300,0.5,1700,0.5,0
14,4,451,2,10,5,0,300,0.5,1700,0.5,1
14,5,65,1,0,300,0.5,1700,0.5,0
14,6,921,0,0,500,0.6,1000,0.2,1400,0.2,1
14,7,432,1,0,500,0.6,1000,0.2,1400,0.2,2
14,8,615,1,0,500,0.6,1000,0.2,1400,0.2,0
14,9,875,0,0,500,0.6,1000,0.2,1400,0.2,1
14,10,739,0,0,500,0.6,1000,0.2,1400,0.2,0
14,11,135,2,10,5,0,500,0.6,1000,0.2,1400,0.2,2
14,12,242,2,10,5,0,500,0.6,1000,0.2,1400,0.2,0
14,13,723,1,0,300,0.5,1700,0.5,0
14,14,467,0,0,500,0.6,1000,0.2,1400,0.2,2
14,15,707,1,0,500,0.6,1000,0.2,1400,0.2,0
14,16,471,2,10,5,0,300,0.5,1700,0.5,0
14,17,806,0,0,500,0.6,1000,0.2,1400,0.2,1
14,18,702,1,0,500,0.6,1000,0.2,1400,0.2,2
14,19,397,0,0,300,0.5,1700,0.5,2
15,0,974,1,0,500,0.6,1000,0.2,1400,0.2,0
15,1,334,0,0,300,0.5,1700,0.5,0
15,2,882,2,10,5,0,300,0.5,1700,0.5,0
15,3,147,1,0,500,0.6,1000,0.2,1400,0.2,1
15,4,294,2,10,5,0,500,0.6,1000,0.2,1400,0.2,0
15,5,575,0,0,300,0.5,1700,0.5,2
15,6,215,1,0,500,0.6,1000,0.2,1400,0.2,1
15,7,261,1,0,300,0.5,1700,0.5,2
15,8,710,0,0,300,0.5,1700,0.5,0
15,9,997,0,0,300,0.5,1700,0.5,1
15,10,397,0,0,300,0.5,1700,0.5,1
15,11,992,1,0,500,0.6,1000,0.2,1400,0.2,0
15,12,216,0,0,500,0.6,1000,0.2,1400,0.2,1
15,13,154,1,0,300,0.5,1700,0.5,0
15,14,738,1,0,500,0.6,1000,0.2,1400,0.2,1
15,15,687,1,0,300,0.5,1700,0.5,0
15,16,779,2,10,5,0,300,0.5,1700,0.5,0
15,17,693,0,0,500,0.6,1000,0.2,1400,0.2,2
15,18,978,1,0,300,0.5,1700,0.5,1
15,19,164,1,0,300,0.5,1700,0.5,1
16,0,61,0,0,300,0.5,1700,0.5,1
16,1,88,1,0,500,0.6,1000,0.2,1400,0.2,0
16,2,19,0,0,500,0.6,1000,0.2,1400,0.2,1
16,3,999,2,10,5,0,500,0.6,1000,0.2,1400,0.2,1
16,4,42,0,0,500,0.6,1000,0.2,1400,0.2,1
16,5,350,1,0,300,0.5,1700,0.5,1
16,6,789,2,10,5,0,300,0.5,1700,0.5,0
16,7,177,2,10,5,0,300,0.5,1700,0.5,0
16,8,667,2,10,5,0,300,0.5,1700,0.5,1
16,9,868,0,0,500,0.6,1000,0.2,1400,0.2,1
16,10,432,2,10,5,0,500,0.6,1000,0.2,1400,0.2,0
16,11,535,1,0,300,0.5,1700,0.5,2
16,12,483,2,10,5,0,500,0.6,1000,0.2,1400,0.2,1
16,13,639,1,0,500,0.6,1000,0.2,1400,0.2,0
16,14,972,1,0,500,0.6,1000,0.2,1400,0.2,0
16,15,613,1,0,500,0.6,1000,0.2,1400,0.2,2
16,16,12,2,10,5,0,500,0.6,1000,0.2,1400,0.2,1
16,17,438,1,0,300,0.5,1700,0.5,0
16,18,822,0,0,500,0.6,1000,0.2,1400,0.2,1
16,19,608,1,0,500,0.6,1000,0.2,1400,0.2,2
17,0,790,0,0,500,0.6,1000,0.2,1400,0.2,0
17,1,123,1,0,300,0.5,1700,0.5,1
17,2,875,0,0,500,0.6,1000,0.2,1400,0.2,1
17,3,851,1,0,500,0.6,1000,0.2,1400,0.2,1
17,4,445,1,0,300,0.5,1700,0.5,0
17,5,90,0,0,300,0.5,1700,0.5,1
17,6,417,0,0,300,0.5,1700,0.5,0
17,7,532,1,0,500,0.6,1000,0.2,1400,0.2,1
17,8,545,1,0,300,0.5,1700,0.5,2
17,9,235,0,0,300,0.5,1700,0.5,1
17,10,460,0,0,300,0.5,1700,0.5,2
17,11,168,2,10,5,0,500,0.6,1000,0.2,1400,0.2,1
17,12,917,1,0,300,0.5,1700,0.5,2
17,13,548,2,10,5,0,300,0.5,1700,0.5,1
17,14,43,1,0,500,0.6,1000,0.2,1400,0.2,1
17,15,664,2,10,5,0,300,0.5,1700,0.5,2
17,16,80,0,0,300,0.5,1700,0.5,1
17,17,849,1,0,500,0.6,1000,0.2,1400,0.2,2
17,18,910,1,0,500,0.6,1000,0.2,1400,0.2,0
17,19,27,2,10,5,0,500,0.6,1000,0.2,1400,0.2,0
18,0,277,0,0,300,0.5,1700,0.5,1
18,1,282,1,0,300,0.5,1700,0.5,0
18,2,942,2,10,5,0,500,0.6,1000,0.2,1400,0.2,2
18,3,686,2,10,5,0,500,0.6,1000,0.2,1400,0.2,0
18,4,485,1,0,500,0.6,1000,0.2,1400,0.2,2
18,5,474,2,10,5,0,500,0.6,1000,0.2,1400,0.2,1
18,6,667,1,0,500,0.6,1000,0.2,1400,0.2,2
18,7,290,2,10,5,0,300,0.5,1700,0.5,0
18,8,579,0,0,300,0.5,1700,0.5,0
18,9,292,1,0,500,0.6,1000,0.2,1400,0.2,1
18,10,275,0,0,500,0.6,1000,0.2,1400,0.2,1
18,11,787,0,0,500,0.6,1000,0.2,1400,0.2,2
18,12,73,0,0,500,0.6,1000,0.2,1400,0.2,2
18,13,40,1,0,300,0.5,1700,0.5,1
18,14,886,0,0,500,0.6,1000,0.2,1400,0.2,1
18,15,873,1,0,500,0.6,1000,0.2,1400,0.2,2
18,16,196,0,0,300,0.5,1700,0.5,2
18,17,583,0,0,500,0.6,1000,0.2,1400,0.2,1
18,18,395,0,0,500,0.6,1000,0.2,1400,0.2,0
18,19,54,1,0,300,0.5,1700,0.5,2
19,0,282,0,0,500,0.6,1000,0.2,1400,0.2,2
19,1,144,2,10,5,0,500,0.6,1000,0.2,1400,0.2,0
19,2,923,0,0,500,0.6,1000,0.2,1400,0.2,1
19,3,532,1,0,300,0.5,1700,0.5,0
19,4,776,1,0,300,0.5,1700,0.5,2
19,5,905,0,0,300,0.5,1700,0.5,2
19,6,214,0,0,500,0.6,1000,0.2,1400,0.2,2
19,7,462,2,10,5,0,500,0.6,1000,0.2,1400,0.2,0
19,8,822,2,10,5,0,300,0.5,1700,0.5,2
19,9,993,2,10,5,0,300,0.5,1700,0.5,0
19,10,743,1,0,300,0.5,1700,0.5,2
19,11,292,2,10,5,0,300,0.5,1700,0.5,0
19,12,915,1,0,300,0.5,1700,0.5,0
19,13,848,2,10,5,0,300,0.5,1700,0.5,0
19,14,335,1,0,300,0.5,1700,0.5,2
19,15,37,0,0,500,0.6,1000,0.2,1400,0.2,2
19,16,80,2,10,5,0,300,0.5,1700,0.5,1
19,17,816,0,0,300,0.5,1700,0.5,1
19,18,463,2,10,5,0,300,0.5,1700,0.5,1
19,19,896,2,10,5,0,300,0.5,1700,0.5,2
