0,0,650,0,0,300,0.5,1700,0.5,2
0,1,717,1,0,500,0.6,1000,0.2,1400,0.2,0
0,2,585,0,0,500,0.6,1000,0.2,1400,0.2,0
0,3,213,0,0,500,0.6,1000,0.2,1400,0.2,0
0,4,50,2,10,5,0,500,0.6,1000,0.2,1400,0.2,0
0,5,595,1,0,300,0.5,1700,0.5,1
0,6,924,0,0,300,0.5,1700,0.5,2
0,7,845,0,0,300,0.5,1700,0.5,2
0,8,345,1,0,300,0.5,1700,0.5,0
0,9,573,2,10,5,0,300,0.5,1700,0.5,0
0,10,243,1,0,500,0.6,1000,0.2,1400,0.2,2
0,11,584,0,0,500,0.6,1000,0.2,1400,0.2,2
0,12,305,2,10,5,0,500,0.6,1000,0.2,1400,0.2,0
0,13,66,0,0,300,0.5,1700,0.5,1
0,14,391,2,10,5,0,500,0.6,1000,0.2,1400,0.2,2
0,15,512,0,0,300,0.5,1700,0.5,0
0,16,586,2,10,5,0,300,0.5,1700,0.5,0
0,17,190,1,0,300,0.5,1700,0.5,2
0,18,995,0,0,500,0.6,1000,0.2,1400,0.2,0
0,19,283,2,10,5,0,500,0.6,1000,0.2,1400,0.2,2
1,0,847,2,10,5,0,500,0.6,1000,0.2,1400,0.2,0
1,1,471,1,0,500,0.6,1000,0.2,1400,0.2,1
1,2,90,0,0,500,0.6,1000,0.2,1400,0.2,2
1,3,140,1,0,300,0.5,1700,0.5,1
1,4,791,0,0,300,0.5,1700,0.5,1
1,5,403,0,0,500,0.6,1000,0.2,1400,0.2,1
1,6,938,2,10,5,0,500,0.6,1000,0.2,1400,0.2,0
1,7,275,1,0,500,0.6,1000,0.2,1400,0.2,1
1,8,200,1,0,300,0.5,1700,0.5,1
1,9,418,0,0,300,0.5,1700,0.5,2
1,10,938,1,0,300,0.5,1700,0.5,1
1,11,607,1,0,300,0.5,1700,0.5,0
1,12,490,2,10,5,0,300,0.5,1700,0.5,0
1,13,276,0,0,300,0.5,1700,0.5,0
1,14,243,1,0,300,0.5,1700,0.5,2
1,15,262,0,0,500,0.6,1000,0.2,1400,0.2,2
1,16,13,0,0,300,0.5,1700,0.5,0
1,17,535,2,10,5,0,500,0.6,1000,0.2,1400,0.2,0
1,18,436,2,10,5,0,500,0.6,1000,0.2,1400,0.2,2
1,19,151,0,0,300,0.5,1700,0.5,2
2,0,230,1,0,500,0.6,1000,0.2,1400,0.2,0
2,1,196,2,10,5,0,300,0.5,1700,0.5,2
2,2,815,1,0,500,0.6,1000,0.2,1400,0.2,0
2,3,727,1,0,300,0.5,1700,0.5,1
2,4,530,0,0,500,0.6,1000,0.2,1400,0.2,0
2,5,137,0,0,500,0.6,1000,0.2,1400,0.2,2
2,6,332,1,0,500,0.6,1000,0.2,1400,0.2,0
2,7,717,2,10,5,0,300,0.5,1700,0.5,0
2,8,965,1,0,300,0.5,1700,0.5,2
2,9,807,0,0,500,0.6,1000,0.2,1400,0.2,2
2,10,928,2,10,5,0,500,0.6,1000,0.2,1400,0.2,0
2,11,517,1,0,300,0.5,1700,0.5,0
2,12,502,1,0,500,0.6,1000,0.2,1400,0.2,2
2,13,444,1,0,300,0.5,1700,0.5,0
2,14,393,0,0,500,0.6,1000,0.2,1400,0.2,2
2,15,607,2,10,5,0,300,0.5,1700,0.5,1
2,16,889,2,10,5,0,500,0.6,1000,0.2,1400,0.2,0
2,17,47,1,0,500,0.6,1000,0.2,1400,0.2,2
2,18,396,1,0,300,0.5,1700,0.5,2
2,19,31,0,0,500,0.6,1000,0.2,1400,0.2,0
3,0,207,1,0,300,0.5,1700,0.5,0
3,1,458,1,0,500,0.6,1000,0.2,1400,0.2,0
3,2,687,0,0,300,0.5,1700,0.5,2
3,3,972,2,10,5,0,500,0.6,1000,0.2,1400,0.2,0
3,4,300,1,0,300,0.5,1700,0.5,1
3,5,657,1,0,500,0.6,1000,0.2,1400,0.2,2
3,6,871,2,10,5,0,300,0.5,1700,0.5,2
3,7,173,1,0,500,0.6,1000,0.2,1400,0.2,1
3,8,438,2,10,5,0,300,0.5,1700,0.5,0
3,9,353,1,0,500,0.6,1000,0.2,1400,0.2,0
3,10,931,2,10,5,0,500,0.6,1000,0.2,1400,0.2,1
3,11,568,1,0,500,0.6,1000,0.2,1400,0.2,1
3,12,714,0,0,300,0.5,1700,0.5,2
3,13,108,1,0,500,0.6,1000,0.2,1400,0.2,1
3,14,224,0,0,300,0.5,1700,0.5,0
3,15,428,1,0,500,0.6,1000,0.2,1400,0.2,2
3,16,484,2,10,5,0,500,0.6,1000,0.2,1400,0.2,2
3,17,902,0,0,300,0.5,1700,0.5,0
3,18,144,0,0,300,0.5,1700,0.5,0
3,19,560,0,0,300,0.5,1700,0.5,0
4,0,300,0,0,300,0.5,1700,0.5,2
4,1,387,2,10,5,0,500,0.6,1000,0.2,1400,0.2,0
4,2,892,0,0,500,0.6,1000,0.2,1400,0.2,2
4,3,568,2,10,5,0,300,0.5,1700,0.5,1
4,4,311,1,0,500,0.6,1000,0.2,1400,0.2,0
4,5,129,0,0,300,0.5,1700,0.5,2
4,6,771,2,10,5,0,500,0.6,1000,0.2,1400,0.2,0
4,7,543,1,0,500,0.6,1000,0.2,1400,0.2,2
4,8,468,1,0,500,0.6,1000,0.2,1400,0.2,1
4,9,539,0,0,500,0.6,1000,0.2,1400,0.2,0
4,10,985,1,0,300,0.5,1700,0.5,0
4,11,592,1,0,300,0.5,1700,0.5,0
4,12,76,0,0,300,0.5,1700,0.5,2
4,13,758,2,10,5,0,500,0.6,1000,0.2,1400,0.2,1
4,14,76,2,10,5,0,500,0.6,1000,0.2,1400,0.2,2
4,15,817,0,0,300,0.5,1700,0.5,0
4,16,971,2,10,5,0,500,0.6,1000,0.2,1400,0.2,0
4,17,47,2,10,5,0,300,0.5,1700,0.5,1
4,18,644,2,10,5,0,300,0.5,1700,0.5,1
4,19,804,0,0,500,0.6,1000,0.2,1400,0.2,1
5,0,833,2,10,5,0,300,0.5,1700,0.5,1
5,1,92,0,0,300,0.5,1700,0.5,0
5,2,294,1,0,300,0.5,1700,0.5,0
5,3,197,1,0,500,0.6,1000,0.2,1400,0.2,0
5,4,770,1,0,500,0.6,1000,0.2,1400,0.2,2
5,5,578,2,10,5,0,500,0.6,1000,0.2,1400,0.2,0
5,6,211,1,0,500,0.6,1000,0.2,1400,0.2,2
5,7,751,1,0,500,0.6,1000,0.2,1400,0.2,0
5,8,795,1,0,500,0.6,1000,0.2,1400,0.2,0
5,9,170,0,0,300,0.5,1700,0.5,2
5,10,543,0,0,500,0.6,1000,0.2,1400,0.2,0
5,11,551,0,0,300,0.5,1700,0.5,2
5,12,700,2,10,5,0,300,0.5,1700,0.5,2
5,13,142,0,0,500,0.6,1000,0.2,1400,0.2,2
5,14,328,0,0,300,0.5,1700,0.5,0
5,15,101,1,0,500,0.6,1000,0.2,1400,0.2,2
5,16,973,0,0,300,0.5,1700,0.5,0
5,17,678,0,0,500,0.6,1000,0.2,1400,0.2,1
5,18,748,2,10,5,0,300,0.5,1700,0.5,1
5,19,14,2,10,5,0,300,0.5,1700,0.5,1
6,0,274,1,0,500,0.6,1000,0.2,1400,0.2,0
6,1,868,0,0,500,0.6,1000,0.2,1400,0.2,2
6,2,958,1,0,300,0.5,1700,0.5,2
6,3,298,1,0,300,0.5,1700,0.5,0
6,4,574,2,10,5,0,300,0.5,1700,0.5,2
6,5,168,1,0,500,0.6,1000,0.2,1400,0.2,1
6,6,281,2,10,5,0,300,0.5,1700,0.5,1
6,7,13,2,10,5,0,300,0.5,1700,0.5,1
6,8,253,2,10,5,0,300,0.5,1700,0.5,1
6,9,491,1,0,300,0.5,1700,0.5,0
6,10,74,1,0,500,0.6,1000,0.2,1400,0.2,0
6,11,913,0,0,500,0.6,1000,0.2,1400,0.2,0
6,12,460,0,0,300,0.5,1700,0.5,1
6,13,999,0,0,300,0.5,1700,0.5,1
6,14,572,2,10,5,0,500,0.6,1000,0.2,1400,0.2,0
6,15,928,1,0,500,0.6,1000,0.2,1400,0.2,1
6,16,650,2,10,5,0,500,0.6,1000,0.2,1400,0.2,1
6,17,248,1,0,500,0.6,1000,0.2,1400,0.2,0
6,18,30,2,10,5,0,300,0.5,1700,0.5,1
6,19,860,1,0,500,0.6,1000,0.2,1400,0.2,1
7,0,73,0,0,500,0.6,1000,0.2,1400,0.2,2
7,1,107,0,0,300,0.5,1700,0.5,1
7,2,389,2,10,5,0,500,0.6,1000,0.2,1400,0.2,0
7,3,487,2,10,5,0,300,0.5,1700,0.5,1
7,4,609,1,0,300,0.5,1700,0.5,0
7,5,280,2,10,5,0,300,0.5,1700,0.5,1
7,6,208,2,10,5,0,300,0.5,1700,0.5,1
7,7,104,0,0,500,0.6,1000,0.2,1400,0.2,1
7,8,289,0,0,500,0.6,1000,0.2,1400,0.2,2
7,9,553,0,0,500,0.6,1000,0.2,1400,0.2,2
7,10,406,0,0,300,0.5,1700,0.5,0
7,11,599,1,0,300,0.5,1700,0.5,2
7,12,578,1,0,500,0.6,1000,0.2,1400,0.2,2
7,13,640,2,10,5,0,500,0.6,1000,0.2,1400,0.2,2
7,14,560,2,10,5,0,300,0.5,1700,0.5,1
7,15,386,2,10,5,0,500,0.6,1000,0.2,1400,0.2,2
7,16,296,0,0,300,0.5,1700,0.5,0
7,17,183,2,10,5,0,500,0.6,1000,0.2,1400,0.2,1
7,18,580,1,0,500,0.6,1000,0.2,1400,0.2,0
7,19,113,1,0,300,0.5,1700,0.5,0
8,0,725,1,0,500,0.6,1000,0.2,1400,0.2,1
8,1,603,1,0,500,0.6,1000,0.2,1400,0.2,0
8,2,521,2,10,5,0,300,0.5,1700,0.5,0
8,3,95,0,0,300,0.5,1700,0.5,1
8,4,454,0,0,500,0.6,1000,0.2,1400,0.2,2
8,5,144,0,0,500,0.6,1000,0.2,1400,0.2,2
8,6,152,0,0,300,0.5,1700,0.5,1
8,7,415,0,0,500,0.6,1000,0.2,1400,0.2,1
8,8,960,2,10,5,0,500,0.6,1000,0.2,1400,0.2,1
8,9,45,1,0,500,0.6,1000,0.2,1400,0.2,2
8,10,908,2,10,5,0,500,0.6,1000,0.2,1400,0.2,0
8,11,732,1,0,500,0.6,1000,0.2,1400,0.2,1
8,12,63,2,10,5,0,300,0.5,1700,0.5,0
8,13,578,0,0,500,0.6,1000,0.2,1400,0.2,1
8,14,694,1,0,300,0.5,1700,0.5,1
8,15,996,0,0,300,0.5,1700,0.5,2
8,16,620,2,10,5,0,300,0.5,1700,0.5,0
8,17,593,0,0,300,0.5,1700,0.5,2
8,18,942,1,0,300,0.5,1700,0.5,1
8,19,858,0,0,300,0.5,1700,0.5,1
9,0,465,2,10,5,0,300,0.5,1700,0.5,2
9,1,489,0,0,300,0.5,1700,0.5,2
9,2,53,0,0,500,0.6,1000,0.2,1400,0.2,1
9,3,839,2,10,5,0,300,0.5,1700,0.5,1
9,4,224,2,10,5,0,300,0.5,1700,0.5,2
9,5,210,0,0,300,0.5,1700,0.5,0
9,6,142,1,0,300,0.5,1700,0.5,1
9,7,756,0,0,500,0.6,1000,0.2,1400,0.2,2
9,8,830,2,10,5,0,300,0.5,1700,0.5,2
9,9,458,1,0,500,0.6,1000,0.2,1400,0.2,2
9,10,138,1,0,500,0.6,1000,0.2,1400,0.2,1
9,11,859,0,0,300,0.5,1700,0.5,1
9,12,590,2,10,5,0,300,0.5,1700,0.5,0
9,13,725,2,10,5,0,300,0.5,1700,0.5,1
9,14,364,1,0,500,0.6,1000,0.2,1400,0.2,2
9,15,51,2,10,5,0,300,0.5,1700,0.5,0
9,16,159,0,0,300,0.5,1700,0.5,2
9,17,92,2,10,5,0,300,0.5,1700,0.5,1
9,18,971,2,10,5,0,500,0.6,1000,0.2,1400,0.2,2
9,19,651,0,0,500,0.6,1000,0.2,1400,0.2,2
10,0,164,2,10,5,0,300,0.5,1700,0.5,1
10,1,850,0,0,500,0.6,1000,0.2,1400,0.2,1
10,2,898,0,0,300,0.5,1700,0.5,1
10,3,242,0,0,500,0.6,1000,0.2,1400,0.2,1
10,4,905,2,10,5,0,300,0.5,1700,0.5,0
10,5,177,2,10,5,0,500,0.6,1000,0.2,1400,0.2,2
10,6,52,1,0,500,0.6,1000,0.2,1400,0.2,0
10,7,321,1,0,300,0.5,1700,0.5,0
10,8,853,1,0,300,0.5,1700,0.5,2
10,9,676,2,10,5,0,500,0.6,1000,0.2,1400,0.2,2
10,10,438,0,0,300,0.5,1700,0.5,1
10,11,611,2,10,5,0,300,0.5,1700,0.5,1
10,12,408,1,0,300,0.5,1700,0.5,1
10,13,556,1,0,500,0.6,1000,0.2,1400,0.2,0
10,14,296,2,10,5,0,500,0.6,1000,0.2,1400,0.2,0
10,15,250,2,10,5,0,500,0.6,1000,0.2,1400,0.2,1
10,16,519,2,10,5,0,500,0.6,1000,0.2,1400,0.2,1
10,17,981,1,0,500,0.6,1000,0.2,1400,0.2,0
10,18,424,2,10,5,0,300,0.5,1700,0.5,0
10,19,231,2,10,5,0,500,0.6,1000,0.2,1400,0.2,2
11,0,648,0,0,500,0.6,1000,0.2,1400,0.2,1
11,1,313,2,10,5,0,300,0.5,1700,0.5,2
11,2,793,2,10,5,0,500,0.6,1000,0.2,1400,0.2,2
11,3,762,0,0,500,0.6,1000,0.2,1400,0.2,2
11,4,458,2,10,5,0,500,0.6,1000,0.2,1400,0.2,0
11,5,287,1,0,300,0.5,1700,0.5,1
11,6,216,1,0,500,0.6,1000,0.2,1400,0.2,1
11,7,336,2,10,5,0,300,0.5,1700,0.5,1
11,8,277,1,0,300,0.5,1700,0.5,2
11,9,22,1,0,500,0.6,1000,0.2,1400,0.2,1
11,10,652,1,0,300,0.5,1700,0.5,0
11,11,700,2,10,5,0,500,0.6,1000,0.2,1400,0.2,0
11,12,207,0,0,300,0.5,1700,0.5,2
11,13,718,0,0,500,0.6,1000,0.2,1400,0.2,1
11,14,222,1,0,500,0.6,1000,0.2,1400,0.2,1
11,15,60,1,0,500,0.6,1000,0.2,1400,0.2,1
11,16,347,1,0,500,0.6,1000,0.2,1400,0.2,1
11,17,257,1,0,500,0.6,1000,0.2,1400,0.2,0
11,18,963,0,0,500,0.6,1000,0.2,1400,0.2,0
11,19,985,0,0,300,0.5,1700,0.5,2
12,0,857,2,10,5,0,500,0.6,1000,0.2,1400,0.2,0
12,1,465,2,10,5,0,300,0.5,1700,0.5,0
12,2,202,0,0,500,0.6,1000,0.2,1400,0.2,2
12,3,113,0,0,300,0.5,1700,0.5,0
12,4,493,1,0,500,0.6,1000,0.2,1400,0.2,0
12,5,696,2,10,5,0,300,0.5,1700,0.5,2
12,6,220,1,0,300,0.5,1700,0.5,1
12,7,162,1,0,500,0.6,1000,0.2,1400,0.2,1
12,8,728,1,0,300,0.5,1700,0.5,2
12,9,247,0,0,500,0.6,1000,0.2,1400,0.2,1
12,10,102,0,0,300,0.5,1700,0.5,1
12,11,650,2,10,5,0,500,0.6,1000,0.2,1400,0.2,0
12,12,807,2,10,5,0,500,0.6,1000,0.2,1400,0.2,1
12,13,836,2,10,5,0,500,0.6,1000,0.2,1400,0.2,0
12,14,510,2,10,5,0,300,0.5,1700,0.5,0
12,15,641,1,0,500,0.6,1000,0.2,1400,0.2,1
12,16,816,2,10,5,0,300,0.5,1700,0.5,1
12,17,647,0,0,300,0.5,1700,0.5,0
12,18,168,0,0,300,0.5,1700,0.5,0
12,19,301,2,10,5,0,500,0.6,1000,0.2,1400,0.2,2
13,0,110,1,0,500,0.6,1000,0.2,1400,0.2,1
13,1,744,1,0,300,0.5,1700,0.5,0
13,2,800,2,10,5,0,300,0.5,1700,0.5,1
13,3,439,2,10,5,0,300,0.5,1700,0.5,0
13,4,529,1,0,500,0.6,1000,0.2,1400,0.2,0
13,5,752,0,0,300,0.5,1700,0.5,1
13,6,851,0,0,500,0.6,1000,0.2,1400,0.2,2
13,7,723,0,0,500,0.6,1000,0.2,1400,0.2,2
13,8,249,2,10,5,0,500,0.6,1000,0.2,1400,0.2,0
13,9,940,2,10,5,0,500,0.6,1000,0.2,1400,0.2,0
13,10,595,1,0,300,0.5,1700,0.5,2
13,11,140,2,10,5,0,500,0.6,1000,0.2,1400,0.2,2
13,12,921,1,0,500,0.6,1000,0.2,1400,0.2,2
13,13,177,1,0,500,0.6,1000,0.2,1400,0.2,2
13,14,589,1,0,500,0.6,1000,0.2,1400,0.2,2
13,15,233,1,0,300,0.5,1700,0.5,0
13,16,878,0,0,500,0.6,1000,0.2,1400,0.2,0
13,17,629,2,10,5,0,500,0.6,1000,0.2,1400,0.2,2
13,18,311,2,10,5,0,300,0.5,1700,0.5,0
13,19,939,2,10,5,0,300,0.5,1700,0.5,0
14,0,640,1,0,300,0.5,1700,0.5,0
14,1,387,2,10,5,0,500,0.6,1000,0.2,1400,0.2,2
14,2,458,0,0,500,0.6,1000,0.2,1400,0.2,2
14,3,180,2,10,5,0,300,0.5,1700,0.5,1
14,4,682,1,0,300,0.5,1700,0.5,1
14,5,756,2,10,5,0,500,0.6,1000,0.2,1400,0.2,1
14,6,346,2,10,5,0,300,0.5,1700,0.5,0
14,7,984,0,0,300,0.5,1700,0.5,0
14,8,829,0,0,500,0.6,1000,0.2,1400,0.2,2
14,9,347,0,0,500,0.6,1000,0.2,1400,0.2,2
14,10,500,2,10,5,0,300,0.5,1700,0.5,0
14,11,367,1,0,300,0.5,1700,0.5,2
14,12,161,2,10,5,0,500,0.6,1000,0.2,1400,0.2,2
14,13,662,1,0,300,0.5,1700,0.5,0
14,14,138,1,0,500,0.6,1000,0.2,1400,0.2,0
14,15,578,0,0,300,0.5,1700,0.5,0
14,16,12,2,10,5,0,300,0.5,1700,0.5,1
14,17,132,1,0,500,0.6,1000,0.2,1400,0.2,1
14,18,569,2,10,5,0,300,0.5,1700,0.5,2
14,19,961,0,0,500,0.6,1000,0.2,1400,0.2,0
15,0,209,0,0,500,0.6,1000,0.2,1400,0.2,1
15,1,511,1,0,500,0.6,1000,0.2,1400,0.2,1
15,2,655,0,0,500,0.6,1000,0.2,1400,0.2,1
15,3,667,2,10,5,0,500,0.6,1000,0.2,1400,0.2,2
15,4,315,2,10,5,0,500,0.6,1000,0.2,1400,0.2,1
15,5,407,1,0,300,0.5,1700,0.5,1
15,6,224,2,10,5,0,500,0.6,1000,0.2,1400,0.2,1
15,7,32,1,0,500,0.6,1000,0.2,1400,0.2,2
15,8,60,0,0,300,0.5,1700,0.5,1
15,9,960,2,10,5,0,500,0.6,1000,0.2,1400,0.2,1
15,10,435,0,0,300,0.5,1700,0.5,1
15,11,303,0,0,300,0.5,1700,0.5,0
15,12,84,0,0,300,0.5,1700,0.5,2
15,13,869,2,10,5,0,300,0.5,1700,0.5,0
15,14,349,2,10,5,0,300,0.5,1700,0.5,0
15,15,861,1,0,300,0.5,1700,0.5,1
15,16,419,0,0,300,0.5,1700,0.5,0
15,17,735,0,0,300,0.5,1700,0.5,2
15,18,993,0,0,500,0.6,1000,0.2,1400,0.2,1
15,19,883,0,0,500,0.6,1000,0.2,1400,0.2,0
16,0,947,1,0,500,0.6,1000,0.2,1400,0.2,0
16,1,528,0,0,300,0.5,1700,0.5,2
16,2,803,1,0,500,0.6,1000,0.2,1400,0.2,0
16,3,336,0,0,300,0.5,1700,0.5,2
16,4,275,2,10,5,0,500,0.6,1000,0.2,1400,0.2,1
16,5,320,0,0,300,0.5,1700,0.5,2
16,6,360,1,0,300,0.5,1700,0.5,2
16,7,827,2,10,5,0,300,0.5,1700,0.5,1
16,8,374,2,10,5,0,500,0.6,1000,0.2,1400,0.2,0
16,9,873,0,0,300,0.5,1700,0.5,1
16,10,740,0,0,500,0.6,1000,0.2,1400,0.2,0
16,11,973,1,0,300,0.5,1700,0.5,1
16,12,483,2,10,5,0,500,0.6,1000,0.2,1400,0.2,0
16,13,653,1,0,300,0.5,1700,0.5,2
16,14,97,0,0,500,0.6,1000,0.2,1400,0.2,1
16,15,790,1,0,500,0.6,1000,0.2,1400,0.2,2
16,16,951,0,0,500,0.6,1000,0.2,1400,0.2,1
16,17,726,2,10,5,0,500,0.6,1000,0.2,1400,0.2,2
16,18,386,1,0,500,0.6,1000,0.2,1400,0.2,0
16,19,567,2,10,5,0,300,0.5,1700,0.5,2
17,0,824,1,0,500,0.6,1000,0.2,1400,0.2,1
17,1,948,1,0,500,0.6,1000,0.2,1400,0.2,0
17,2,713,0,0,300,0.5,1700,0.5,1
17,3,490,1,0,500,0.6,1000,0.2,1400,0.2,0
17,4,317,2,10,5,0,500,0.6,1000,0.2,1400,0.2,1
17,5,403,1,0,300,0.5,1700,0.5,1
17,6,532,1,0,300,0.5,1700,0.5,2
17,7,988,0,0,500,0.6,1000,0.2,1400,0.2,2
17,8,178,2,10,5,0,300,0.5,1700,0.5,2
17,9,487,2,10,5,0,500,0.6,1000,0.2,1400,0.2,2
17,10,304,0,0,500,0.6,1000,0.2,1400,0.2,0
17,11,683,2,10,5,0,300,0.5,1700,0.5,1
17,12,722,2,10,5,0,500,0.6,1000,0.2,1400,0.2,0
17,13,260,1,0,500,0.6,1000,0.2,1400,0.2,0
17,14,798,0,0,300,0.5,1700,0.5,0
17,15,33,2,10,5,0,300,0.5,1700,0.5,0
17,16,364,2,10,5,0,300,0.5,1700,0.5,0
17,17,78,0,0,300,0.5,1700,0.5,0
17,18,322,1,0,300,0.5,1700,0.5,1
17,19,148,1,0,300,0.5,1700,0.5,2
18,0,257,2,10,5,0,500,0.6,1000,0.2,1400,0.2,1
18,1,442,2,10,5,0,500,0.6,1000,0.2,1400,0.2,0
18,2,669,2,10,5,0,300,0.5,1700,0.5,2
18,3,394,0,0,500,0.6,1000,0.2,1400,0.2,2
18,4,266,1,0,500,0.6,1000,0.2,1400,0.2,2
18,5,986,2,10,5,0,500,0.6,1000,0.2,1400,0.2,0
18,6,778,1,0,300,0.5,1700,0.5,0
18,7,285,0,0,500,0.6,1000,0.2,1400,0.2,0
18,8,394,0,0,300,0.5,1700,0.5,1
18,9,740,0,0,500,0.6,1000,0.2,1400,0.2,2
18,10,80,2,10,5,0,300,0.5,1700,0.5,1
18,11,685,1,0,500,0.6,1000,0.2,1400,0.2,0
18,12,523,0,0,300,0.5,1700,0.5,1
18,13,769,0,0,500,0.6,1000,0.2,1400,0.2,0
18,14,303,0,0,500,0.6,1000,0.2,1400,0.2,1
18,15,471,1,0,300,0.5,1700,0.5,1
18,16,788,2,10,5,0,300,0.5,1700,0.5,2
18,17,969,2,10,5,0,300,0.5,1700,0.5,1
18,18,438,2,10,5,0,500,0.6,1000,0.2,1400,0.2,1
18,19,950,1,0,500,0.6,1000,0.2,1400,0.2,2
19,0,671,0,0,500,0.6,1000,0.2,1400,0.2,1
19,1,683,1,0,500,0.6,1000,0.2,1400,0.2,0
19,2,178,2,10,5,0,300,0.5,1700,0.5,0
19,3,829,0,0,500,0.6,1000,0.2,1400,0.2,1
19,4,735,0,0,300,0.5,1700,0.5,2
19,5,186,0,0,300,0.5,1700,0.5,0
19,6,76,0,0,500,0.6,1000,0.2,1400,0.2,2
19,7,858,0,0,300,0.5,1700,0.5,1
19,8,104,1,0,500,0.6,1000,0.2,1400,0.2,1
19,9,294,0,0,300,0.5,1700,0.5,2
19,10,254,2,10,5,0,500,0.6,1000,0.2,1400,0.2,1
19,11,122,1,0,300,0.5,1700,0.5,1
19,12,737,0,0,300,0.5,1700,0.5,1
19,13,290,2,10,5,0,300,0.5,1700,0.5,0
19,14,444,2,10,5,0,300,0.5,1700,0.5,0
19,15,752,1,0,300,0.5,1700,0.5,2
19,16,627,1,0,300,0.5,1700,0.5,1
19,17,649,1,0,500,0.6,1000,0.2,1400,0.2,0
19,18,845,0,0,300,0.5,1700,0.5,2
19,19,589,1,0,300,0.5,1700,0.5,2
