0,0,681,2,10,5,0,300,0.5,1700,0.5,1
0,1,929,2,10,5,0,500,0.6,1000,0.2,1400,0.2,2
0,2,745,2,10,5,0,500,0.6,1000,0.2,1400,0.2,2
0,3,670,0,0,500,0.6,1000,0.2,1400,0.2,0
0,4,822,2,10,5,0,300,0.5,1700,0.5,0
0,5,169,2,10,5,0,300,0.5,1700,0.5,2
0,6,436,0,0,300,0.5,1700,0.5,2
0,7,344,1,0,500,0.6,1000,0.2,1400,0.2,2
0,8,787,2,10,5,0,500,0.6,1000,0.2,1400,0.2,1
0,9,787,0,0,300,0.5,1700,0.5,0
0,10,427,1,0,500,0.6,1000,0.2,1400,0.2,2
0,11,49,0,0,300,0.5,1700,0.5,0
0,12,460,2,10,5,0,500,0.6,1000,0.2,1400,0.2,2
0,13,732,0,0,300,0.5,1700,0.5,2
0,14,105,0,0,300,0.5,1700,0.5,2
0,15,170,2,10,5,0,300,0.5,1700,0.5,2
0,16,820,2,10,5,0,300,0.5,1700,0.5,2
0,17,586,2,10,5,0,500,0.6,1000,0.2,1400,0.2,2
0,18,422,1,0,500,0.6,1000,0.2,1400,0.2,0
0,19,356,0,0,300,0.5,1700,0.5,2
1,0,777,0,0,500,0.6,1000,0.2,1400,0.2,1
1,1,455,0,0,300,0.5,1700,0.5,0
1,2,96,0,0,300,0.5,1700,0.5,1
1,3,146,2,10,5,0,500,0.6,1000,0.2,1400,0.2,0
1,4,312,2,10,5,0,300,0.5,1700,0.5,0
1,5,826,1,0,500,0.6,1000,0.2,1400,0.2,1
1,6,234,2,10,5,0,500,0.6,1000,0.2,1400,0.2,2
1,7,972,2,10,5,0,500,0.6,1000,0.2,1400,0.2,0
1,8,612,2,10,5,0,300,0.5,1700,0.5,2
1,9,775,1,0,500,0.6,1000,0.2,1400,0.2,0
1,10,16,1,0,500,0.6,1000,0.2,1400,0.2,0
1,11,684,2,10,5,0,500,0.6,1000,0.2,1400,0.2,0
1,12,459,0,0,500,0.6,1000,0.2,1400,0.2,0
1,13,72,0,0,500,0.6,1000,0.2,1400,0.2,1
1,14,896,2,10,5,0,500,0.6,1000,0.2,1400,0.2,2
1,15,222,0,0,300,0.5,1700,0.5,2
1,16,692,1,0,300,0.5,1700,0.5,2
1,17,881,2,10,5,0,300,0.5,1700,0.5,1
1,18,280,0,0,500,0.6,1000,0.2,1400,0.2,1
1,19,506,0,0,500,0.6,1000,0.2,1400,0.2,0
2,0,228,0,0,300,0.5,1700,0.5,1
2,1,626,1,0,500,0.6,1000,0.2,1400,0.2,1
2,2,307,1,0,300,0.5,1700,0.5,0
2,3,319,0,0,300,0.5,1700,0.5,0
2,4,56,1,0,300,0.5,1700,0.5,0
2,5,75,2,10,5,0,300,0.5,1700,0.5,0
2,6,409,1,0,300,0.5,1700,0.5,2
2,7,491,0,0,300,0.5,1700,0.5,2
2,8,464,0,0,300,0.5,1700,0.5,0
2,9,625,1,0,500,0.6,1000,0.2,1400,0.2,1
2,10,481,0,0,300,0.5,1700,0.5,1
2,11,875,2,10,5,0,500,0.6,1000,0.2,1400,0.2,1
2,12,19,0,0,500,0.6,1000,0.2,1400,0.2,1
2,13,906,1,0,300,0.5,1700,0.5,1
2,14,165,0,0,500,0.6,1000,0.2,1400,0.2,0
2,15,111,1,0,300,0.5,1700,0.5,0
2,16,893,0,0,300,0.5,1700,0.5,0
2,17,181,0,0,300,0.5,1700,0.5,0
2,18,452,0,0,300,0.5,1700,0.5,1
2,19,72,0,0,300,0.5,1700,0.5,2
3,0,346,0,0,300,0.5,1700,0.5,0
3,1,432,0,0,500,0.6,1000,0.2,1400,0.2,0
3,2,964,2,10,5,0,500,0.6,1000,0.2,1400,0.2,1
3,3,218,1,0,300,0.5,1700,0.5,2
3,4,493,1,0,500,0.6,1000,0.2,1400,0.2,0
3,5,650,2,10,5,0,500,0.6,1000,0.2,1400,0.2,1
3,6,652,2,10,5,0,500,0.6,1000,0.2,1400,0.2,0
3,7,678,1,0,300,0.5,1700,0.5,2
3,8,43,0,0,500,0.6,1000,0.2,1400,0.2,1
3,9,790,0,0,300,0.5,1700,0.5,1
3,10,569,0,0,500,0.6,1000,0.2,1400,0.2,2
3,11,89,2,10,5,0,300,0.5,1700,0.5,1
3,12,414,0,0,500,0.6,1000,0.2,1400,0.2,1
3,13,997,0,0,300,0.5,1700,0.5,2
3,14,460,0,0,300,0.5,1700,0.5,1
3,15,968,1,0,300,0.5,1700,0.5,2
3,16,247,1,0,300,0.5,1700,0.5,0
3,17,848,1,0,500,0.6,1000,0.2,1400,0.2,1
3,18,470,1,0,300,0.5,1700,0.5,2
3,19,335,2,10,5,0,300,0.5,1700,0.5,1
4,0,197,2,10,5,0,500,0.6,1000,0.2,1400,0.2,2
4,1,734,2,10,5,0,300,0.5,1700,0.5,1
4,2,990,1,0,500,0.6,1000,0.2,1400,0.2,0
4,3,170,0,0,500,0.6,1000,0.2,1400,0.2,1
4,4,71,2,10,5,0,300,0.5,1700,0.5,0
4,5,991,2,10,5,0,300,0.5,1700,0.5,2
4,6,430,0,0,500,0.6,1000,0.2,1400,0.2,2
4,7,118,1,0,500,0.6,1000,0.2,1400,0.2,1
4,8,205,2,10,5,0,500,0.6,1000,0.2,1400,0.2,0
4,9,270,2,10,5,0,500,0.6,1000,0.2,1400,0.2,2
4,10,345,2,10,5,0,300,0.5,1700,0.5,1
4,11,625,1,0,500,0.6,1000,0.2,1400,0.2,1
4,12,220,2,10,5,0,300,0.5,1700,0.5,0
4,13,199,0,0,500,0.6,1000,0.2,1400,0.2,0
4,14,835,1,0,300,0.5,1700,0.5,1
4,15,61,1,0,500,0.6,1000,0.2,1400,0.2,0
4,16,513,0,0,500,0.6,1000,0.2,1400,0.2,1
4,17,667,0,0,500,0.6,1000,0.2,1400,0.2,2
4,18,836,2,10,5,0,300,0.5,1700,0.5,1
4,19,774,2,10,5,0,300,0.5,1700,0.5,2
5,0,887,2,10,5,0,500,0.6,1000,0.2,1400,0.2,2
5,1,614,2,10,5,0,300,0.5,1700,0.5,1
5,2,324,0,0,500,0.6,1000,0.2,1400,0.2,1
5,3,499,1,0,300,0.5,1700,0.5,2
5,4,86,2,10,5,0,300,0.5,1700,0.5,2
5,5,427,0,0,500,0.6,1000,0.2,1400,0.2,2
5,6,324,2,10,5,0,500,0.6,1000,0.2,1400,0.2,2
5,7,397,1,0,500,0.6,1000,0.2,1400,0.2,2
5,8,392,0,0,500,0.6,1000,0.2,1400,0.2,2
5,9,822,0,0,300,0.5,1700,0.5,1
5,10,829,0,0,300,0.5,1700,0.5,0
5,11,842,1,0,300,0.5,1700,0.5,2
5,12,563,1,0,300,0.5,1700,0.5,0
5,13,931,1,0,300,0.5,1700,0.5,0
5,14,708,2,10,5,0,300,0.5,1700,0.5,1
5,15,839,1,0,500,0.6,1000,0.2,1400,0.2,2
5,16,204,2,10,5,0,500,0.6,1000,0.2,1400,0.2,2
5,17,849,1,0,300,0.5,1700,0.5,1
5,18,745,2,10,5,0,300,0.5,1700,0.5,1
5,19,431,0,0,500,0.6,1000,0.2,1400,0.2,2
6,0,835,2,10,5,0,500,0.6,1000,0.2,1400,0.2,2
6,1,122,1,0,300,0.5,1700,0.5,0
6,2,651,2,10,5,0,300,0.5,1700,0.5,1
6,3,234,0,0,500,0.6,1000,0.2,1400,0.2,2
6,4,417,2,10,5,0,300,0.5,1700,0.5,0
6,5,685,0,0,500,0.6,1000,0.2,1400,0.2,1
6,6,870,1,0,500,0.6,1000,0.2,1400,0.2,2
6,7,891,2,10,5,0,500,0.6,1000,0.2,1400,0.2,2
6,8,562,1,0,300,0.5,1700,0.5,0
6,9,772,2,10,5,0,500,0.6,1000,0.2,1400,0.2,0
6,10,259,1,0,300,0.5,1700,0.5,0
6,11,652,1,0,300,0.5,1700,0.5,1
6,12,864,1,0,300,0.5,1700,0.5,2
6,13,747,1,0,500,0.6,1000,0.2,1400,0.2,0
6,14,811,2,10,5,0,500,0.6,1000,0.2,1400,0.2,2
6,15,767,2,10,5,0,500,0.6,1000,0.2,1400,0.2,2
6,16,264,2,10,5,0,500,0.6,1000,0.2,1400,0.2,2
6,17,848,2,10,5,0,300,0.5,1700,0.5,2
6,18,513,1,0,500,0.6,1000,0.2,1400,0.2,1
6,19,996,0,0,500,0.6,1000,0.2,1400,0.2,0
7,0,244,2,10,5,0,500,0.6,1000,0.2,1400,0.2,1
7,1,136,1,0,300,0.5,1700,0.5,0
7,2,991,0,0,300,0.5,1700,0.5,2
7,3,682,1,0,500,0.6,1000,0.2,1400,0.2,1
7,4,973,0,0,300,0.5,1700,0.5,1
7,5,791,1,0,300,0.5,1700,0.5,2
7,6,967,1,0,500,0.6,1000,0.2,1400,0.2,1
7,7,304,2,10,5,0,500,0.6,1000,0.2,1400,0.2,2
7,8,244,2,10,5,0,300,0.5,1700,0.5,0
7,9,69,2,10,5,0,500,0.6,1000,0.2,1400,0.2,2
7,10,335,2,10,5,0,300,0.5,1700,0.5,0
7,11,589,0,0,500,0.6,1000,0.2,1400,0.2,0
7,12,316,1,0,500,0.6,1000,0.2,1400,0.2,0
7,13,594,1,0,500,0.6,1000,0.2,1400,0.2,0
7,14,487,0,0,500,0.6,1000,0.2,1400,0.2,1
7,15,382,1,0,500,0.6,1000,0.2,1400,0.2,2
7,16,888,1,0,500,0.6,1000,0.2,1400,0.2,1
7,17,244,0,0,300,0.5,1700,0.5,0
7,18,393,2,10,5,0,300,0.5,1700,0.5,1
7,19,531,0,0,300,0.5,1700,0.5,2
8,0,382,0,0,500,0.6,1000,0.2,1400,0.2,2
8,1,611,2,10,5,0,300,0.5,1700,0.5,1
8,2,479,1,0,500,0.6,1000,0.2,1400,0.2,1
8,3,972,0,0,500,0.6,1000,0.2,1400,0.2,0
8,4,129,0,0,300,0.5,1700,0.5,1
8,5,386,2,10,5,0,500,0.6,1000,0.2,1400,0.2,0
8,6,125,2,10,5,0,500,0.6,1000,0.2,1400,0.2,0
8,7,84,1,0,500,0.6,1000,0.2,1400,0.2,0
8,8,718,1,0,300,0.5,1700,0.5,1
8,9,125,1,0,500,0.6,1000,0.2,1400,0.2,2
8,10,649,2,10,5,0,500,0.6,1000,0.2,1400,0.2,1
8,11,737,0,0,300,0.5,1700,0.5,0
8,12,523,0,0,300,0.5,1700,0.5,1
8,13,697,1,0,300,0.5,1700,0.5,0
8,14,234,1,0,500,0.6,1000,0.2,1400,0.2,2
8,15,244,0,0,300,0.5,1700,0.5,0
8,16,273,0,0,300,0.5,1700,0.5,1
8,17,414,2,10,5,0,500,0.6,1000,0.2,1400,0.2,2
8,18,254,0,0,300,0.5,1700,0.5,1
8,19,499,0,0,300,0.5,1700,0.5,2
9,0,626,0,0,300,0.5,1700,0.5,0
9,1,563,2,10,5,0,500,0.6,1000,0.2,1400,0.2,1
9,2,523,0,0,500,0.6,1000,0.2,1400,0.2,2
9,3,23,0,0,500,0.6,1000,0.2,1400,0.2,2
9,4,652,2,10,5,0,500,0.6,1000,0.2,1400,0.2,2
9,5,483,0,0,500,0.6,1000,0.2,1400,0.2,2
9,6,994,1,0,500,0.6,1000,0.2,1400,0.2,0
9,7,233,2,10,5,0,300,0.5,1700,0.5,1
9,8,467,2,10,5,0,500,0.6,1000,0.2,1400,0.2,2
9,9,538,2,10,5,0,500,0.6,1000,0.2,1400,0.2,0
9,10,562,0,0,300,0.5,1700,0.5,2
9,11,910,1,0,500,0.6,1000,0.2,1400,0.2,1
9,12,42,2,10,5,0,300,0.5,1700,0.5,0
9,13,481,2,10,5,0,500,0.6,1000,0.2,1400,0.2,1
9,14,675,1,0,500,0.6,1000,0.2,1400,0.2,0
9,15,727,2,10,5,0,300,0.5,1700,0.5,0
9,16,754,0,0,300,0.5,1700,0.5,2
9,17,385,0,0,500,0.6,1000,0.2,1400,0.2,0
9,18,595,2,10,5,0,300,0.5,1700,0.5,0
9,19,273,2,10,5,0,300,0.5,1700,0.5,1
10,0,803,0,0,500,0.6,1000,0.2,1400,0.2,0
10,1,382,1,0,300,0.5,1700,0.5,2
10,2,552,1,0,300,0.5,1700,0.5,2
10,3,414,2,10,5,0,500,0.6,1000,0.2,1400,0.2,2
10,4,476,2,10,5,0,500,0.6,1000,0.2,1400,0.2,1
10,5,997,1,0,300,0.5,1700,0.5,0
10,6,382,1,0,500,0.6,1000,0.2,1400,0.2,2
10,7,643,0,0,300,0.5,1700,0.5,2
10,8,12,0,0,500,0.6,1000,0.2,1400,0.2,1
10,9,88,2,10,5,0,500,0.6,1000,0.2,1400,0.2,2
10,10,30,1,0,500,0.6,1000,0.2,1400,0.2,1
10,11,683,2,10,5,0,500,0.6,1000,0.2,1400,0.2,2
10,12,804,0,0,300,0.5,1700,0.5,1
10,13,892,2,10,5,0,300,0.5,1700,0.5,0
10,14,644,1,0,500,0.6,1000,0.2,1400,0.2,2
10,15,121,2,10,5,0,500,0.6,1000,0.2,1400,0.2,0
10,16,92,0,0,500,0.6,1000,0.2,1400,0.2,2
10,17,468,2,10,5,0,300,0.5,1700,0.5,2
10,18,328,0,0,300,0.5,1700,0.5,1
10,19,609,0,0,500,0.6,1000,0.2,1400,0.2,1
11,0,611,2,10,5,0,500,0.6,1000,0.2,1400,0.2,2
11,1,487,1,0,500,0.6,1000,0.2,1400,0.2,2
11,2,533,1,0,300,0.5,1700,0.5,1
11,3,27,0,0,300,0.5,1700,0.5,2
11,4,857,2,10,5,0,300,0.5,1700,0.5,0
11,5,62,0,0,500,0.6,1000,0.2,1400,0.2,2
11,6,92,2,10,5,0,300,0.5,1700,0.5,1
11,7,106,2,10,5,0,300,0.5,1700,0.5,0
11,8,814,2,10,5,0,500,0.6,1000,0.2,1400,0.2,1
11,9,540,1,0,500,0.6,1000,0.2,1400,0.2,2
11,10,332,0,0,500,0.6,1000,0.2,1400,0.2,0
11,11,241,2,10,5,0,300,0.5,1700,0.5,1
11,12,610,0,0,500,0.6,1000,0.2,1400,0.2,0
11,13,689,1,0,300,0.5,1700,0.5,1
11,14,644,1,0,500,0.6,1000,0.2,1400,0.2,2
11,15,620,2,10,5,0,300,0.5,1700,0.5,1
11,16,208,2,10,5,0,500,0.6,1000,0.2,1400,0.2,0
11,17,464,1,0,500,0.6,1000,0.2,1400,0.2,1
11,18,208,2,10,5,0,500,0.6,1000,0.2,1400,0.2,1
11,19,700,2,10,5,0,500,0.6,1000,0.2,1400,0.2,1
12,0,620,0,0,300,0.5,1700,0.5,1
12,1,301,2,10,5,0,500,0.6,1000,0.2,1400,0.2,1
12,2,219,2,10,5,0,500,0.6,1000,0.2,1400,0.2,2
12,3,940,0,0,300,0.5,1700,0.5,1
12,4,980,2,10,5,0,500,0.6,1000,0.2,1400,0.2,1
12,5,236,2,10,5,0,300,0.5,1700,0.5,0
12,6,297,2,10,5,0,500,0.6,1000,0.2,1400,0.2,1
12,7,549,0,0,500,0.6,1000,0.2,1400,0.2,2
12,8,837,2,10,5,0,300,0.5,1700,0.5,0
12,9,217,2,10,5,0,300,0.5,1700,0.5,1
12,10,668,0,0,300,0.5,1700,0.5,2
12,11,995,0,0,300,0.5,1700,0.5,1
12,12,791,2,10,5,0,300,0.5,1700,0.5,0
12,13,96,0,0,500,0.6,1000,0.2,1400,0.2,2
12,14,922,1,0,500,0.6,1000,0.2,1400,0.2,1
12,15,570,1,0,300,0.5,1700,0.5,2
12,16,953,1,0,500,0.6,1000,0.2,1400,0.2,2
12,17,177,0,0,300,0.5,1700,0.5,2
12,18,836,2,10,5,0,300,0.5,1700,0.5,0
12,19,222,1,0,300,0.5,1700,0.5,1
13,0,392,0,0,300,0.5,1700,0.5,2
13,1,909,2,10,5,0,300,0.5,1700,0.5,1
13,2,669,1,0,500,0.6,1000,0.2,1400,0.2,0
13,3,721,1,0,300,0.5,1700,0.5,0
13,4,596,2,10,5,0,300,0.5,1700,0.5,1
13,5,125,2,10,5,0,300,0.5,1700,0.5,0
13,6,685,2,10,5,0,500,0.6,1000,0.2,1400,0.2,2
13,7,863,1,0,300,0.5,1700,0.5,1
13,8,124,0,0,500,0.6,1000,0.2,1400,0.2,1
13,9,293,0,0,500,0.6,1000,0.2,1400,0.2,1
13,10,603,1,0,300,0.5,1700,0.5,0
13,11,135,1,0,300,0.5,1700,0.5,0
13,12,809,2,10,5,0,300,0.5,1700,0.5,0
13,13,203,0,0,500,0.6,1000,0.2,1400,0.2,2
13,14,393,2,10,5,0,500,0.6,1000,0.2,1400,0.2,0
13,15,83,2,10,5,0,300,0.5,1700,0.5,0
13,16,80,0,0,300,0.5,1700,0.5,2
13,17,830,2,10,5,0,500,0.6,1000,0.2,1400,0.2,2
13,18,464,1,0,300,0.5,1700,0.5,0
13,19,339,0,0,500,0.6,1000,0.2,1400,0.2,2
14,0,845,0,0,300,0.5,1700,0.5,1
14,1,984,1,0,300,0.5,1700,0.5,0
14,2,957,1,0,500,0.6,1000,0.2,1400,0.2,2
14,3,196,2,10,5,0,500,0.6,1000,0.2,1400,0.2,1
14,4,418,2,10,5,0,300,0.5,1700,0.5,1
14,5,131,1,0,300,0.5,1700,0.5,2
14,6,822,0,0,300,0.5,1700,0.5,1
14,7,98,1,0,300,0.5,1700,0.5,1
14,8,232,0,0,300,0.5,1700,0.5,2
14,9,372,2,10,5,0,500,0.6,1000,0.2,1400,0.2,1
14,10,113,1,0,300,0.5,1700,0.5,1
14,11,881,2,10,5,0,300,0.5,1700,0.5,1
14,12,149,2,10,5,0,300,0.5,1700,0.5,1
14,13,114,1,0,500,0.6,1000,0.2,1400,0.2,2
14,14,387,0,0,500,0.6,1000,0.2,1400,0.2,1
14,15,882,0,0,500,0.6,1000,0.2,1400,0.2,1
14,16,87,1,0,300,0.5,1700,0.5,1
14,17,45,1,0,500,0.6,1000,0.2,1400,0.2,0
14,18,468,0,0,300,0.5,1700,0.5,0
14,19,254,1,0,500,0.6,1000,0.2,1400,0.2,1
15,0,514,0,0,500,0.6,1000,0.2,1400,0.2,2
15,1,888,1,0,300,0.5,1700,0.5,1
15,2,294,0,0,500,0.6,1000,0.2,1400,0.2,2
15,3,163,0,0,300,0.5,1700,0.5,0
15,4,679,0,0,500,0.6,1000,0.2,1400,0.2,1
15,5,521,0,0,300,0.5,1700,0.5,1
15,6,231,1,0,300,0.5,1700,0.5,0
15,7,727,1,0,300,0.5,1700,0.5,2
15,8,661,1,0,500,0.6,1000,0.2,1400,0.2,2
15,9,116,1,0,300,0.5,1700,0.5,2
15,10,31,0,0,500,0.6,1000,0.2,1400,0.2,2
15,11,140,0,0,500,0.6,1000,0.2,1400,0.2,1
15,12,132,1,0,300,0.5,1700,0.5,1
15,13,138,1,0,500,0.6,1000,0.2,1400,0.2,2
15,14,596,1,0,500,0.6,1000,0.2,1400,0.2,1
15,15,102,2,10,5,0,300,0.5,1700,0.5,0
15,16,410,2,10,5,0,300,0.5,1700,0.5,2
15,17,602,0,0,300,0.5,1700,0.5,0
15,18,302,0,0,300,0.5,1700,0.5,2
15,19,273,1,0,500,0.6,1000,0.2,1400,0.2,0
16,0,358,1,0,500,0.6,1000,0.2,1400,0.2,2
16,1,989,2,10,5,0,500,0.6,1000,0.2,1400,0.2,1
16,2,846,0,0,500,0.6,1000,0.2,1400,0.2,0
16,3,731,2,10,5,0,500,0.6,1000,0.2,1400,0.2,2
16,4,291,0,0,300,0.5,1700,0.5,2
16,5,693,2,10,5,0,300,0.5,1700,0.5,1
16,6,67,2,10,5,0,300,0.5,1700,0.5,0
16,7,199,2,10,5,0,500,0.6,1000,0.2,1400,0.2,0
16,8,778,1,0,300,0.5,1700,0.5,0
16,9,935,2,10,5,0,300,0.5,1700,0.5,2
16,10,951,0,0,500,0.6,1000,0.2,1400,0.2,2
16,11,21,0,0,300,0.5,1700,0.5,1
16,12,784,1,0,300,0.5,1700,0.5,0
16,13,449,0,0,500,0.6,1000,0.2,1400,0.2,1
16,14,99,1,0,500,0.6,1000,0.2,1400,0.2,1
16,15,490,0,0,500,0.6,1000,0.2,1400,0.2,1
16,16,390,1,0,500,0.6,1000,0.2,1400,0.2,0
16,17,632,2,10,5,0,500,0.6,1000,0.2,1400,0.2,1
16,18,351,1,0,500,0.6,1000,0.2,1400,0.2,1
16,19,818,0,0,300,0.5,1700,0.5,2
17,0,357,1,0,500,0.6,1000,0.2,1400,0.2,0
17,1,73,2,10,5,0,500,0.6,1000,0.2,1400,0.2,0
17,2,107,2,10,5,0,500,0.6,1000,0.2,1400,0.2,0
17,3,853,0,0,300,0.5,1700,0.5,0
17,4,75,2,10,5,0,500,0.6,1000,0.2,1400,0.2,1
17,5,205,1,0,300,0.5,1700,0.5,2
17,6,611,2,10,5,0,500,0.6,1000,0.2,1400,0.2,2
17,7,844,1,0,500,0.6,1000,0.2,1400,0.2,2
17,8,684,2,10,5,0,500,0.6,1000,0.2,1400,0.2,2
17,9,145,1,0,300,0.5,1700,0.5,1
17,10,881,1,0,500,0.6,1000,0.2,1400,0.2,1
17,11,191,1,0,300,0.5,1700,0.5,2
17,12,696,1,0,500,0.6,1000,0.2,1400,0.2,0
17,13,659,0,0,300,0.5,1700,0.5,0
17,14,285,0,0,300,0.5,1700,0.5,1
17,15,174,0,0,300,0.5,1700,0.5,1
17,16,601,2,10,5,0,500,0.6,1000,0.2,1400,0.2,1
17,17,353,0,0,500,0.6,1000,0.2,1400,0.2,0
17,18,796,0,0,500,0.6,1000,0.2,1400,0.2,2
17,19,974,0,0,300,0.5,1700,0.5,2
18,0,990,1,0,500,0.6,1000,0.2,1400,0.2,2
18,1,570,1,0,500,0.6,1000,0.2,1400,0.2,1
18,2,701,0,0,500,0.6,1000,0.2,1400,0.2,0
18,3,813,0,0,300,0.5,1700,0.5,2
18,4,721,1,0,300,0.5,1700,0.5,1
18,5,110,2,10,5,0,300,0.5,1700,0.5,2
18,6,466,2,10,5,0,500,0.6,1000,0.2,1400,0.2,0
18,7,916,1,0,500,0.6,1000,0.2,1400,0.2,0
18,8,475,1,0,300,0.5,1700,0.5,0
18,9,230,1,0,500,0.6,1000,0.2,1400,0.2,2
18,10,651,2,10,5,0,300,0.5,1700,0.5,0
18,11,198,2,10,5,0,300,0.5,1700,0.5,1
18,12,952,0,0,300,0.5,1700,0.5,1
18,13,198,0,0,500,0.6,1000,0.2,1400,0.2,2
18,14,177,0,0,500,0.6,1000,0.2,1400,0.2,0
18,15,811,1,0,300,0.5,1700,0.5,1
18,16,277,0,0,300,0.5,1700,0.5,2
18,17,292,2,10,5,0,300,0.5,1700,0.5,0
18,18,869,0,0,300,0.5,1700,0.5,0
18,19,653,1,0,300,0.5,1700,0.5,2
19,0,443,1,0,300,0.5,1700,0.5,0
19,1,367,1,0,500,0.6,1000,0.2,1400,0.2,1
19,2,985,1,0,300,0.5,1700,0.5,1
19,3,740,2,10,5,0,300,0.5,1700,0.5,1
19,4,227,0,0,300,0.5,1700,0.5,0
19,5,940,0,0,500,0.6,1000,0.2,1400,0.2,2
19,6,726,1,0,300,0.5,1700,0.5,1
19,7,756,0,0,300,0.5,1700,0.5,1
19,8,29,2,10,5,0,300,0.5,1700,0.5,1
19,9,732,2,10,5,0,300,0.5,1700,0.5,2
19,10,815,0,0,300,0.5,1700,0.5,2
19,11,178,2,10,5,0,500,0.6,1000,0.2,1400,0.2,2
19,12,78,0,0,300,0.5,1700,0.5,2
19,13,20,1,0,300,0.5,1700,0.5,1
19,14,115,1,0,500,0.6,1000,0.2,1400,0.2,1
19,15,330,0,0,500,0.6,1000,0.2,1400,0.2,1
19,16,139,1,0,300,0.5,1700,0.5,1
19,17,929,0,0,500,0.6,1000,0.2,1400,0.2,0
19,18,986,2,10,5,0,500,0.6,1000,0.2,1400,0.2,2
19,19,463,1,0,500,0.6,1000,0.2,1400,0.2,0
