0,0,703,0,0,300,0.5,1700,0.5,2
0,1,774,2,10,5,0,300,0.5,1700,0.5,0
0,2,218,0,0,300,0.5,1700,0.5,0
0,3,475,2,10,5,0,300,0.5,1700,0.5,2
0,4,888,1,0,500,0.6,1000,0.2,1400,0.2,2
0,5,843,2,10,5,0,500,0.6,1000,0.2,1400,0.2,2
0,6,625,1,0,300,0.5,1700,0.5,1
0,7,448,1,0,500,0.6,1000,0.2,1400,0.2,0
0,8,841,2,10,5,0,500,0.6,1000,0.2,1400,0.2,1
0,9,971,1,0,500,0.6,1000,0.2,1400,0.2,0
0,10,563,2,10,5,0,300,0.5,1700,0.5,2
0,11,595,2,10,5,0,500,0.6,1000,0.2,1400,0.2,1
0,12,14,0,0,500,0.6,1000,0.2,1400,0.2,0
0,13,639,1,0,300,0.5,1700,0.5,2
0,14,928,0,0,300,0.5,1700,0.5,2
0,15,96,0,0,300,0.5,1700,0.5,1
0,16,657,0,0,500,0.6,1000,0.2,1400,0.2,2
0,17,388,0,0,300,0.5,1700,0.5,2
0,18,68,2,10,5,0,300,0.5,1700,0.5,0
0,19,996,1,0,300,0.5,1700,0.5,1
1,0,255,2,10,5,0,500,0.6,1000,0.2,1400,0.2,1
1,1,209,2,10,5,0,300,0.5,1700,0.5,2
1,2,241,1,0,500,0.6,1000,0.2,1400,0.2,1
1,3,117,0,0,500,0.6,1000,0.2,1400,0.2,2
1,4,146,2,10,5,0,500,0.6,1000,0.2,1400,0.2,1
1,5,720,0,0,300,0.5,1700,0.5,0
1,6,96,1,0,300,0.5,1700,0.5,1
1,7,302,1,0,300,0.5,1700,0.5,1
1,8,649,1,0,500,0.6,1000,0.2,1400,0.2,1
1,9,623,2,10,5,0,500,0.6,1000,0.2,1400,0.2,1
1,10,666,2,10,5,0,300,0.5,1700,0.5,1
1,11,647,2,10,5,0,300,0.5,1700,0.5,2
1,12,277,2,10,5,0,500,0.6,1000,0.2,1400,0.2,2
1,13,219,0,0,500,0.6,1000,0.2,1400,0.2,2
1,14,237,2,10,5,0,300,0.5,1700,0.5,1
1,15,13,0,0,300,0.5,1700,0.5,1
1,16,158,2,10,5,0,300,0.5,1700,0.5,2
1,17,818,1,0,300,0.5,1700,0.5,1
1,18,774,1,0,500,0.6,1000,0.2,1400,0.2,1
1,19,924,2,10,5,0,500,0.6,1000,0.2,1400,0.2,0
2,0,595,1,0,300,0.5,1700,0.5,1
2,1,158,0,0,300,0.5,1700,0.5,2
2,2,363,0,0,300,0.5,1700,0.5,0
2,3,384,0,0,500,0.6,1000,0.2,1400,0.2,0
2,4,692,1,0,300,0.5,1700,0.5,0
2,5,122,2,10,5,0,500,0.6,1000,0.2,1400,0.2,0
2,6,434,2,10,5,0,300,0.5,1700,0.5,0
2,7,273,0,0,300,0.5,1700,0.5,1
2,8,513,1,0,500,0.6,1000,0.2,1400,0.2,0
2,9,125,0,0,300,0.5,1700,0.5,2
2,10,439,1,0,300,0.5,1700,0.5,0
2,11,400,2,10,5,0,500,0.6,1000,0.2,1400,0.2,1
2,12,920,0,0,500,0.6,1000,0.2,1400,0.2,1
2,13,827,2,10,5,0,300,0.5,1700,0.5,0
2,14,372,1,0,300,0.5,1700,0.5,0
2,15,889,0,0,300,0.5,1700,0.5,1
2,16,199,0,0,500,0.6,1000,0.2,1400,0.2,0
2,17,404,1,0,300,0.5,1700,0.5,0
2,18,847,1,0,300,0.5,1700,0.5,1
2,19,611,2,10,5,0,300,0.5,1700,0.5,0
3,0,846,2,10,5,0,500,0.6,1000,0.2,1400,0.2,0
3,1,843,2,10,5,0,500,0.6,1000,0.2,1400,0.2,1
3,2,304,1,0,500,0.6,1000,0.2,1400,0.2,1
3,3,142,1,0,500,0.6,1000,0.2,1400,0.2,1
3,4,364,1,0,500,0.6,1000,0.2,1400,0.2,2
3,5,261,0,0,300,0.5,1700,0.5,2
3,6,720,0,0,500,0.6,1000,0.2,1400,0.2,1
3,7,225,0,0,500,0.6,1000,0.2,1400,0.2,0
3,8,922,0,0,300,0.5,1700,0.5,2
3,9,96,1,0,500,0.6,1000,0.2,1400,0.2,0
3,10,429,2,10,5,0,300,0.5,1700,0.5,1
3,11,507,0,0,500,0.6,1000,0.2,1400,0.2,0
3,12,524,2,10,5,0,500,0.6,1000,0.2,1400,0.2,1
3,13,525,2,10,5,0,500,0.6,1000,0.2,1400,0.2,1
3,14,153,1,0,500,0.6,1000,0.2,1400,0.2,2
3,15,779,0,0,500,0.6,1000,0.2,1400,0.2,2
3,16,872,1,0,500,0.6,1000,0.2,1400,0.2,2
3,17,223,2,10,5,0,500,0.6,1000,0.2,1400,0.2,0
3,18,888,1,0,300,0.5,1700,0.5,0
3,19,254,0,0,500,0.6,1000,0.2,1400,0.2,2
4,0,550,2,10,5,0,300,0.5,1700,0.5,1
4,1,83,2,10,5,0,300,0.5,1700,0.5,0
4,2,550,2,10,5,0,500,0.6,1000,0.2,1400,0.2,1
4,3,331,1,0,300,0.5,1700,0.5,1
4,4,896,1,0,300,0.5,1700,0.5,1
4,5,625,0,0,300,0.5,1700,0.5,0
4,6,576,2,10,5,0,500,0.6,1000,0.2,1400,0.2,0
4,7,410,2,10,5,0,300,0.5,1700,0.5,1
4,8,721,0,0,500,0.6,1000,0.2,1400,0.2,1
4,9,26,1,0,500,0.6,1000,0.2,1400,0.2,0
4,10,777,0,0,500,0.6,1000,0.2,1400,0.2,0
4,11,97,2,10,5,0,500,0.6,1000,0.2,1400,0.2,2
4,12,725,1,0,300,0.5,1700,0.5,1
4,13,885,1,0,300,0.5,1700,0.5,0
4,14,870,0,0,300,0.5,1700,0.5,2
4,15,202,0,0,300,0.5,1700,0.5,2
4,16,729,1,0,300,0.5,1700,0.5,0
4,17,487,2,10,5,0,500,0.6,1000,0.2,1400,0.2,0
4,18,127,0,0,500,0.6,1000,0.2,1400,0.2,2
4,19,539,1,0,500,0.6,1000,0.2,1400,0.2,2
5,0,674,2,10,5,0,500,0.6,1000,0.2,1400,0.2,2
5,1,612,1,0,300,0.5,1700,0.5,2
5,2,601,2,10,5,0,300,0.5,1700,0.5,0
5,3,75,1,0,300,0.5,1700,0.5,0
5,4,759,2,10,5,0,300,0.5,1700,0.5,1
5,5,802,2,10,5,0,500,0.6,1000,0.2,1400,0.2,1
5,6,58,0,0,500,0.6,1000,0.2,1400,0.2,1
5,7,136,2,10,5,0,300,0.5,1700,0.5,2
5,8,949,2,10,5,0,500,0.6,1000,0.2,1400,0.2,0
5,9,443,0,0,500,0.6,1000,0.2,1400,0.2,2
5,10,544,0,0,300,0.5,1700,0.5,2
5,11,855,2,10,5,0,300,0.5,1700,0.5,0
5,12,772,0,0,500,0.6,1000,0.2,1400,0.2,2
5,13,662,0,0,300,0.5,1700,0.5,1
5,14,680,1,0,500,0.6,1000,0.2,1400,0.2,0
5,15,184,2,10,5,0,300,0.5,1700,0.5,0
5,16,591,0,0,300,0.5,1700,0.5,2
5,17,405,0,0,300,0.5,1700,0.5,2
5,18,845,2,10,5,0,500,0.6,1000,0.2,1400,0.2,0
5,19,701,2,10,5,0,300,0.5,1700,0.5,0
6,0,682,1,0,500,0.6,1000,0.2,1400,0.2,2
6,1,900,0,0,500,0.6,1000,0.2,1400,0.2,0
6,2,198,2,10,5,0,300,0.5,1700,0.5,2
6,3,467,2,10,5,0,500,0.6,1000,0.2,1400,0.2,2
6,4,136,0,0,500,0.6,1000,0.2,1400,0.2,2
6,5,368,2,10,5,0,500,0.6,1000,0.2,1400,0.2,2
6,6,298,0,0,500,0.6,1000,0.2,1400,0.2,0
6,7,299,1,0,500,0.6,1000,0.2,1400,0.2,0
6,8,247,2,10,5,0,300,0.5,1700,0.5,2
6,9,576,1,0,500,0.6,1000,0.2,1400,0.2,1
6,10,15,1,0,300,0.5,1700,0.5,0
6,11,311,0,0,300,0.5,1700,0.5,1
6,12,103,2,10,5,0,300,0.5,1700,0.5,2
6,13,604,2,10,5,0,300,0.5,1700,0.5,0
6,14,221,1,0,500,0.6,1000,0.2,1400,0.2,2
6,15,949,1,0,500,0.6,1000,0.2,1400,0.2,0
6,16,367,1,0,500,0.6,1000,0.2,1400,0.2,1
6,17,537,2,10,5,0,300,0.5,1700,0.5,1
6,18,76,1,0,500,0.6,1000,0.2,1400,0.2,2
6,19,553,2,10,5,0,300,0.5,1700,0.5,2
7,0,857,1,0,300,0.5,1700,0.5,1
7,1,508,0,0,500,0.6,1000,0.2,1400,0.2,0
7,2,502,0,0,300,0.5,1700,0.5,0
7,3,353,0,0,500,0.6,1000,0.2,1400,0.2,1
7,4,488,2,10,5,0,300,0.5,1700,0.5,2
7,5,621,2,10,5,0,300,0.5,1700,0.5,1
7,6,667,2,10,5,0,300,0.5,1700,0.5,1
7,7,733,1,0,300,0.5,1700,0.5,0
7,8,541,1,0,300,0.5,1700,0.5,0
7,9,416,0,0,500,0.6,1000,0.2,1400,0.2,2
7,10,911,0,0,300,0.5,1700,0.5,1
7,11,314,2,10,5,0,500,0.6,1000,0.2,1400,0.2,1
7,12,770,1,0,300,0.5,1700,0.5,1
7,13,670,1,0,500,0.6,1000,0.2,1400,0.2,2
7,14,841,0,0,500,0.6,1000,0.2,1400,0.2,0
7,15,146,1,0,300,0.5,1700,0.5,2
7,16,274,1,0,300,0.5,1700,0.5,1
7,17,405,2,10,5,0,300,0.5,1700,0.5,0
7,18,241,0,0,500,0.6,1000,0.2,1400,0.2,0
7,19,482,1,0,300,0.5,1700,0.5,1
8,0,941,0,0,500,0.6,1000,0.2,1400,0.2,2
8,1,605,1,0,500,0.6,1000,0.2,1400,0.2,0
8,2,449,2,10,5,0,500,0.6,1000,0.2,1400,0.2,1
8,3,273,2,10,5,0,500,0.6,1000,0.2,1400,0.2,1
8,4,448,2,10,5,0,500,0.6,1000,0.2,1400,0.2,1
8,5,572,2,10,5,0,500,0.6,1000,0.2,1400,0.2,0
8,6,962,1,0,300,0.5,1700,0.5,0
8,7,578,1,0,500,0.6,1000,0.2,1400,0.2,2
8,8,83,0,0,300,0.5,1700,0.5,0
8,9,549,1,0,300,0.5,1700,0.5,0
8,10,44,1,0,500,0.6,1000,0.2,1400,0.2,0
8,11,986,1,0,500,0.6,1000,0.2,1400,0.2,2
8,12,881,1,0,500,0.6,1000,0.2,1400,0.2,1
8,13,185,1,0,500,0.6,1000,0.2,1400,0.2,1
8,14,279,0,0,300,0.5,1700,0.5,2
8,15,325,2,10,5,0,300,0.5,1700,0.5,1
8,16,763,2,10,5,0,300,0.5,1700,0.5,0
8,17,998,2,10,5,0,500,0.6,1000,0.2,1400,0.2,0
8,18,941,1,0,300,0.5,1700,0.5,2
8,19,909,0,0,300,0.5,1700,0.5,0
9,0,393,0,0,500,0.6,1000,0.2,1400,0.2,1
9,1,203,1,0,300,0.5,1700,0.5,1
9,2,895,0,0,300,0.5,1700,0.5,1
9,3,613,1,0,500,0.6,1000,0.2,1400,0.2,2
9,4,498,0,0,300,0.5,1700,0.5,2
9,5,924,0,0,300,0.5,1700,0.5,2
9,6,615,1,0,300,0.5,1700,0.5,2
9,7,947,0,0,500,0.6,1000,0.2,1400,0.2,0
9,8,669,1,0,300,0.5,1700,0.5,0
9,9,367,1,0,300,0.5,1700,0.5,2
9,10,41,1,0,500,0.6,1000,0.2,1400,0.2,0
9,11,552,0,0,500,0.6,1000,0.2,1400,0.2,1
9,12,782,2,10,5,0,500,0.6,1000,0.2,1400,0.2,0
9,13,35,2,10,5,0,500,0.6,1000,0.2,1400,0.2,0
9,14,33,2,10,5,0,300,0.5,1700,0.5,1
9,15,495,2,10,5,0,500,0.6,1000,0.2,1400,0.2,2
9,16,462,1,0,300,0.5,1700,0.5,1
9,17,988,2,10,5,0,300,0.5,1700,0.5,1
9,18,121,2,10,5,0,500,0.6,1000,0.2,1400,0.2,1
9,19,185,1,0,300,0.5,1700,0.5,2
10,0,168,0,0,500,0.6,1000,0.2,1400,0.2,0
10,1,377,0,0,300,0.5,1700,0.5,2
10,2,49,1,0,500,0.6,1000,0.2,1400,0.2,2
10,3,818,0,0,300,0.5,1700,0.5,1
10,4,504,2,10,5,0,500,0.6,1000,0.2,1400,0.2,2
10,5,893,1,0,300,0.5,1700,0.5,1
10,6,236,1,0,300,0.5,1700,0.5,0
10,7,821,2,10,5,0,300,0.5,1700,0.5,0
10,8,611,1,0,500,0.6,1000,0.2,1400,0.2,2
10,9,549,1,0,500,0.6,1000,0.2,1400,0.2,2
10,10,609,1,0,500,0.6,1000,0.2,1400,0.2,2
10,11,280,0,0,300,0.5,1700,0.5,1
10,12,224,2,10,5,0,500,0.6,1000,0.2,1400,0.2,0
10,13,81,2,10,5,0,500,0.6,1000,0.2,1400,0.2,0
10,14,723,1,0,300,0.5,1700,0.5,2
10,15,865,2,10,5,0,500,0.6,1000,0.2,1400,0.2,1
10,16,332,1,0,500,0.6,1000,0.2,1400,0.2,2
10,17,296,0,0,300,0.5,1700,0.5,2
10,18,680,2,10,5,0,300,0.5,1700,0.5,2
10,19,368,2,10,5,0,500,0.6,1000,0.2,1400,0.2,1
11,0,250,2,10,5,0,500,0.6,1000,0.2,1400,0.2,0
11,1,643,1,0,500,0.6,1000,0.2,1400,0.2,0
11,2,560,2,10,5,0,300,0.5,1700,0.5,2
11,3,500,1,0,300,0.5,1700,0.5,2
11,4,80,0,0,500,0.6,1000,0.2,1400,0.2,2
11,5,134,2,10,5,0,300,0.5,1700,0.5,0
11,6,969,0,0,300,0.5,1700,0.5,1
11,7,352,1,0,500,0.6,1000,0.2,1400,0.2,0
11,8,210,0,0,300,0.5,1700,0.5,2
11,9,155,2,10,5,0,300,0.5,1700,0.5,2
11,10,277,1,0,500,0.6,1000,0.2,1400,0.2,2
11,11,835,0,0,300,0.5,1700,0.5,0
11,12,536,2,10,5,0,500,0.6,1000,0.2,1400,0.2,0
11,13,879,0,0,500,0.6,1000,0.2,1400,0.2,0
11,14,511,1,0,300,0.5,1700,0.5,2
11,15,167,1,0,500,0.6,1000,0.2,1400,0.2,2
11,16,71,0,0,500,0.6,1000,0.2,1400,0.2,1
11,17,44,1,0,300,0.5,1700,0.5,2
11,18,20,2,10,5,0,500,0.6,1000,0.2,1400,0.2,0
11,19,65,2,10,5,0,500,0.6,1000,0.2,1400,0.2,1
12,0,787,2,10,5,0,500,0.6,1000,0.2,1400,0.2,1
12,1,705,2,10,5,0,300,0.5,1700,0.5,1
12,2,217,1,0,500,0.6,1000,0.2,1400,0.2,2
12,3,214,1,0,500,0.6,1000,0.2,1400,0.2,1
12,4,111,2,10,5,0,300,0.5,1700,0.5,1
12,5,374,1,0,300,0.5,1700,0.5,2
12,6,382,0,0,500,0.6,1000,0.2,1400,0.2,2
12,7,793,2,10,5,0,300,0.5,1700,0.5,0
12,8,16,2,10,5,0,500,0.6,1000,0.2,1400,0.2,2
12,9,145,0,0,500,0.6,1000,0.2,1400,0.2,1
12,10,248,0,0,500,0.6,1000,0.2,1400,0.2,2
12,11,201,2,10,5,0,500,0.6,1000,0.2,1400,0.2,0
12,12,196,2,10,5,0,500,0.6,1000,0.2,1400,0.2,2
12,13,406,0,0,300,0.5,1700,0.5,0
12,14,682,0,0,300,0.5,1700,0.5,0
12,15,324,2,10,5,0,300,0.5,1700,0.5,2
12,16,95,2,10,5,0,500,0.6,1000,0.2,1400,0.2,0
12,17,621,0,0,500,0.6,1000,0.2,1400,0.2,1
12,18,506,2,10,5,0,300,0.5,1700,0.5,2
12,19,779,2,10,5,0,500,0.6,1000,0.2,1400,0.2,0
13,0,972,0,0,500,0.6,1000,0.2,1400,0.2,1
13,1,140,0,0,300,0.5,1700,0.5,1
13,2,99,0,0,500,0.6,1000,0.2,1400,0.2,2
13,3,502,1,0,300,0.5,1700,0.5,1
13,4,830,2,10,5,0,300,0.5,1700,0.5,0
13,5,582,0,0,500,0.6,1000,0.2,1400,0.2,0
13,6,362,2,10,5,0,500,0.6,1000,0.2,1400,0.2,1
13,7,507,2,10,5,0,300,0.5,1700,0.5,0
13,8,148,2,10,5,0,300,0.5,1700,0.5,2
13,9,397,0,0,500,0.6,1000,0.2,1400,0.2,2
13,10,690,1,0,300,0.5,1700,0.5,2
13,11,698,2,10,5,0,300,0.5,1700,0.5,2
13,12,257,2,10,5,0,500,0.6,1000,0.2,1400,0.2,1
13,13,273,2,10,5,0,300,0.5,1700,0.5,2
13,14,144,0,0,500,0.6,1000,0.2,1400,0.2,2
13,15,740,0,0,300,0.5,1700,0.5,0
13,16,184,2,10,5,0,300,0.5,1700,0.5,0
13,17,141,2,10,5,0,500,0.6,1000,0.2,1400,0.2,1
13,18,665,0,0,300,0.5,1700,0.5,0
13,19,189,1,0,300,0.5,1700,0.5,0
14,0,145,2,10,5,0,500,0.6,1000,0.2,1400,0.2,2
14,1,129,2,10,5,0,500,0.6,1000,0.2,1400,0.2,1
14,2,669,1,0,300,0.5,1700,0.5,2
14,3,353,1,0,300,0.5,1700,0.5,1
14,4,270,1,0,300,0.5,1700,0.5,0
14,5,625,1,0,500,0.6,1000,0.2,1400,0.2,2
14,6,614,1,0,300,0.5,1700,0.5,1
14,7,812,0,0,500,0.6,1000,0.2,1400,0.2,2
14,8,563,1,0,500,0.6,1000,0.2,1400,0.2,0
14,9,252,2,10,5,0,300,0.5,1700,0.5,0
14,10,985,2,10,5,0,500,0.6,1000,0.2,1400,0.2,0
14,11,724,0,0,300,0.5,1700,0.5,2
14,12,784,0,0,500,0.6,1000,0.2,1400,0.2,0
14,13,254,2,10,5,0,300,0.5,1700,0.5,2
14,14,636,1,0,300,0.5,1700,0.5,2
14,15,663,1,0,500,0.6,1000,0.2,1400,0.2,2
14,16,927,2,10,5,0,300,0.5,1700,0.5,1
14,17,155,1,0,300,0.5,1700,0.5,1
14,18,100,2,10,5,0,500,0.6,1000,0.2,1400,0.2,2
14,19,358,1,0,300,0.5,1700,0.5,1
15,0,58,1,0,500,0.6,1000,0.2,1400,0.2,1
15,1,206,0,0,300,0.5,1700,0.5,2
15,2,261,1,0,500,0.6,1000,0.2,1400,0.2,1
15,3,965,1,0,300,0.5,1700,0.5,0
15,4,418,1,0,300,0.5,1700,0.5,2
15,5,756,0,0,300,0.5,1700,0.5,0
15,6,937,2,10,5,0,500,0.6,1000,0.2,1400,0.2,0
15,7,649,0,0,500,0.6,1000,0.2,1400,0.2,0
15,8,917,2,10,5,0,500,0.6,1000,0.2,1400,0.2,0
15,9,962,1,0,500,0.6,1000,0.2,1400,0.2,0
15,10,679,0,0,500,0.6,1000,0.2,1400,0.2,1
15,11,167,0,0,300,0.5,1700,0.5,1
15,12,596,2,10,5,0,500,0.6,1000,0.2,1400,0.2,0
15,13,529,0,0,300,0.5,1700,0.5,0
15,14,623,0,0,300,0.5,1700,0.5,1
15,15,804,2,10,5,0,300,0.5,1700,0.5,0
15,16,92,2,10,5,0,500,0.6,1000,0.2,1400,0.2,0
15,17,596,0,0,300,0.5,1700,0.5,0
15,18,207,2,10,5,0,500,0.6,1000,0.2,1400,0.2,1
15,19,16,0,0,500,0.6,1000,0.2,1400,0.2,1
16,0,410,2,10,5,0,500,0.6,1000,0.2,1400,0.2,0
16,1,850,2,10,5,0,300,0.5,1700,0.5,1
16,2,873,2,10,5,0,300,0.5,1700,0.5,1
16,3,258,0,0,500,0.6,1000,0.2,1400,0.2,1
16,4,970,1,0,500,0.6,1000,0.2,1400,0.2,1
16,5,361,1,0,300,0.5,1700,0.5,0
16,6,824,1,0,500,0.6,1000,0.2,1400,0.2,2
16,7,457,1,0,500,0.6,1000,0.2,1400,0.2,1
16,8,352,1,0,300,0.5,1700,0.5,1
16,9,366,2,10,5,0,300,0.5,1700,0.5,1
16,10,742,0,0,300,0.5,1700,0.5,1
16,11,373,2,10,5,0,500,0.6,1000,0.2,1400,0.2,0
16,12,174,1,0,300,0.5,1700,0.5,2
16,13,852,2,10,5,0,500,0.6,1000,0.2,1400,0.2,2
16,14,222,0,0,500,0.6,1000,0.2,1400,0.2,1
16,15,955,1,0,500,0.6,1000,0.2,1400,0.2,1
16,16,230,0,0,500,0.6,1000,0.2,1400,0.2,0
16,17,550,1,0,300,0.5,1700,0.5,2
16,18,943,1,0,300,0.5,1700,0.5,1
16,19,705,2,10,5,0,500,0.6,1000,0.2,1400,0.2,0
17,0,110,1,0,500,0.6,1000,0.2,1400,0.2,2
17,1,378,2,10,5,0,500,0.6,1000,0.2,1400,0.2,1
17,2,43,1,0,300,0.5,1700,0.5,0
17,3,420,1,0,500,0.6,1000,0.2,1400,0.2,2
17,4,651,1,0,500,0.6,1000,0.2,1400,0.2,1
17,5,537,0,0,300,0.5,1700,0.5,0
17,6,352,1,0,500,0.6,1000,0.2,1400,0.2,1
17,7,372,0,0,300,0.5,1700,0.5,0
17,8,241,1,0,500,0.6,1000,0.2,1400,0.2,2
17,9,574,0,0,300,0.5,1700,0.5,2
17,10,709,2,10,5,0,300,0.5,1700,0.5,2
17,11,173,1,0,300,0.5,1700,0.5,2
17,12,721,1,0,300,0.5,1700,0.5,1
17,13,94,0,0,300,0.5,1700,0.5,0
17,14,914,2,10,5,0,300,0.5,1700,0.5,0
17,15,376,1,0,300,0.5,1700,0.5,0
17,16,912,2,10,5,0,500,0.6,1000,0.2,1400,0.2,0
17,17,885,1,0,500,0.6,1000,0.2,1400,0.2,1
17,18,697,1,0,500,0.6,1000,0.2,1400,0.2,0
17,19,209,0,0,300,0.5,1700,0.5,1
18,0,681,0,0,300,0.5,1700,0.5,2
18,1,133,1,0,500,0.6,1000,0.2,1400,0.2,1
18,2,318,2,10,5,0,300,0.5,1700,0.5,1
18,3,237,0,0,500,0.6,1000,0.2,1400,0.2,2
18,4,434,1,0,300,0.5,1700,0.5,1
18,5,126,2,10,5,0,300,0.5,1700,0.5,0
18,6,503,0,0,300,0.5,1700,0.5,1
18,7,848,2,10,5,0,500,0.6,1000,0.2,1400,0.2,0
18,8,870,2,10,5,0,300,0.5,1700,0.5,0
18,9,748,2,10,5,0,300,0.5,1700,0.5,0
18,10,36,0,0,500,0.6,1000,0.2,1400,0.2,0
18,11,328,1,0,300,0.5,1700,0.5,2
18,12,234,1,0,500,0.6,1000,0.2,1400,0.2,0
18,13,310,1,0,500,0.6,1000,0.2,1400,0.2,1
18,14,109,1,0,300,0.5,1700,0.5,2
18,15,746,2,10,5,0,500,0.6,1000,0.2,1400,0.2,0
18,16,494,2,10,5,0,300,0.5,1700,0.5,2
18,17,878,2,10,5,0,500,0.6,1000,0.2,1400,0.2,1
18,18,432,1,0,300,0.5,1700,0.5,2
18,19,405,1,0,300,0.5,1700,0.5,0
19,0,933,0,0,500,0.6,1000,0.2,1400,0.2,2
19,1,521,1,0,300,0.5,1700,0.5,1
19,2,151,2,10,5,0,300,0.5,1700,0.5,0
19,3,55,1,0,500,0.6,1000,0.2,1400,0.2,1
19,4,719,1,0,300,0.5,1700,0.5,1
19,5,750,1,0,300,0.5,1700,0.5,0
19,6,357,2,10,5,0,300,0.5,1700,0.5,2
19,7,680,2,10,5,0,300,0.5,1700,0.5,0
19,8,882,0,0,300,0.5,1700,0.5,0
19,9,871,0,0,500,0.6,1000,0.2,1400,0.2,2
19,10,547,1,0,300,0.5,1700,0.5,0
19,11,570,2,10,5,0,300,0.5,1700,0.5,1
19,12,779,1,0,500,0.6,1000,0.2,1400,0.2,2
19,13,506,0,0,300,0.5,1700,0.5,1
19,14,40,2,10,5,0,500,0.6,1000,0.2,1400,0.2,2
19,15,811,2,10,5,0,500,0.6,1000,0.2,1400,0.2,0
19,16,213,2,10,5,0,500,0.6,1000,0.2,1400,0.2,0
19,17,302,0,0,300,0.5,1700,0.5,2
19,18,513,2,10,5,0,500,0.6,1000,0.2,1400,0.2,0
19,19,730,1,0,300,0.5,1700,0.5,0
