0,0,618,1,0,500,0.6,1000,0.2,1400,0.2,0
0,1,914,0,0,500,0.6,1000,0.2,1400,0.2,0
0,2,924,1,0,500,0.6,1000,0.2,1400,0.2,2
0,3,831,0,0,500,0.6,1000,0.2,1400,0.2,2
0,4,279,2,10,5,0,500,0.6,1000,0.2,1400,0.2,1
0,5,910,2,10,5,0,500,0.6,1000,0.2,1400,0.2,0
0,6,243,1,0,500,0.6,1000,0.2,1400,0.2,1
0,7,944,2,10,5,0,500,0.6,1000,0.2,1400,0.2,2
0,8,216,2,10,5,0,300,0.5,1700,0.5,2
0,9,999,1,0,500,0.6,1000,0.2,1400,0.2,0
0,10,382,0,0,500,0.6,1000,0.2,1400,0.2,1
0,11,655,2,10,5,0,300,0.5,1700,0.5,0
0,12,886,2,10,5,0,500,0.6,1000,0.2,1400,0.2,2
0,13,323,2,10,5,0,300,0.5,1700,0.5,1
0,14,244,2,10,5,0,300,0.5,1700,0.5,1
0,15,736,2,10,5,0,300,0.5,1700,0.5,2
0,16,466,1,0,300,0.5,1700,0.5,0
0,17,884,1,0,300,0.5,1700,0.5,1
0,18,258,2,10,5,0,300,0.5,1700,0.5,2
0,19,887,1,0,500,0.6,1000,0.2,1400,0.2,1
1,0,78,1,0,500,0.6,1000,0.2,1400,0.2,0
1,1,610,1,0,300,0.5,1700,0.5,2
1,2,407,0,0,500,0.6,1000,0.2,1400,0.2,2
1,3,543,0,0,300,0.5,1700,0.5,2
1,4,430,2,10,5,0,500,0.6,1000,0.2,1400,0.2,1
1,5,568,1,0,500,0.6,1000,0.2,1400,0.2,1
1,6,382,2,10,5,0,300,0.5,1700,0.5,2
1,7,21,0,0,300,0.5,1700,0.5,2
1,8,230,2,10,5,0,500,0.6,1000,0.2,1400,0.2,1
1,9,86,0,0,300,0.5,1700,0.5,2
1,10,611,0,0,500,0.6,1000,0.2,1400,0.2,1
1,11,668,1,0,300,0.5,1700,0.5,0
1,12,747,0,0,500,0.6,1000,0.2,1400,0.2,2
1,13,504,1,0,500,0.6,1000,0.2,1400,0.2,0
1,14,946,2,10,5,0,300,0.5,1700,0.5,0
1,15,507,2,10,5,0,300,0.5,1700,0.5,1
1,16,682,2,10,5,0,500,0.6,1000,0.2,1400,0.2,2
1,17,974,2,10,5,0,500,0.6,1000,0.2,1400,0.2,1
1,18,824,2,10,5,0,500,0.6,1000,0.2,1400,0.2,1
1,19,319,0,0,500,0.6,1000,0.2,1400,0.2,1
2,0,34,0,0,300,0.5,1700,0.5,1
2,1,515,2,10,5,0,300,0.5,1700,0.5,1
2,2,985,2,10,5,0,500,0.6,1000,0.2,1400,0.2,1
2,3,972,0,0,300,0.5,1700,0.5,0
2,4,48,0,0,300,0.5,1700,0.5,2
2,5,917,2,10,5,0,300,0.5,1700,0.5,1
2,6,112,1,0,300,0.5,1700,0.5,0
2,7,723,1,0,300,0.5,1700,0.5,0
2,8,283,2,10,5,0,500,0.6,1000,0.2,1400,0.2,1
2,9,56,2,10,5,0,500,0.6,1000,0.2,1400,0.2,1
2,10,204,1,0,300,0.5,1700,0.5,0
2,11,854,0,0,500,0.6,1000,0.2,1400,0.2,0
2,12,91,2,10,5,0,300,0.5,1700,0.5,0
2,13,857,0,0,500,0.6,1000,0.2,1400,0.2,1
2,14,287,1,0,300,0.5,1700,0.5,0
2,15,905,1,0,500,0.6,1000,0.2,1400,0.2,0
2,16,263,0,0,500,0.6,1000,0.2,1400,0.2,2
2,17,409,1,0,500,0.6,1000,0.2,1400,0.2,1
2,18,959,0,0,300,0.5,1700,0.5,2
2,19,909,0,0,300,0.5,1700,0.5,2
3,0,426,0,0,500,0.6,1000,0.2,1400,0.2,0
3,1,399,0,0,300,0.5,1700,0.5,1
3,2,685,1,0,500,0.6,1000,0.2,1400,0.2,2
3,3,336,2,10,5,0,300,0.5,1700,0.5,1
3,4,176,2,10,5,0,500,0.6,1000,0.2,1400,0.2,0
3,5,74,2,10,5,0,500,0.6,1000,0.2,1400,0.2,0
3,6,353,0,0,300,0.5,1700,0.5,2
3,7,242,0,0,500,0.6,1000,0.2,1400,0.2,1
3,8,947,2,10,5,0,500,0.6,1000,0.2,1400,0.2,0
3,9,628,2,10,5,0,500,0.6,1000,0.2,1400,0.2,0
3,10,44,0,0,300,0.5,1700,0.5,1
3,11,761,0,0,300,0.5,1700,0.5,1
3,12,790,0,0,300,0.5,1700,0.5,2
3,13,218,0,0,300,0.5,1700,0.5,0
3,14,834,1,0,500,0.6,1000,0.2,1400,0.2,0
3,15,666,2,10,5,0,500,0.6,1000,0.2,1400,0.2,1
3,16,587,0,0,300,0.5,1700,0.5,1
3,17,953,0,0,500,0.6,1000,0.2,1400,0.2,2
3,18,873,2,10,5,0,500,0.6,1000,0.2,1400,0.2,1
3,19,978,2,10,5,0,500,0.6,1000,0.2,1400,0.2,2
4,0,482,1,0,300,0.5,1700,0.5,1
4,1,566,0,0,300,0.5,1700,0.5,1
4,2,240,0,0,300,0.5,1700,0.5,2
4,3,69,2,10,5,0,300,0.5,1700,0.5,1
4,4,95,1,0,500,0.6,1000,0.2,1400,0.2,1
4,5,991,1,0,300,0.5,1700,0.5,2
4,6,765,0,0,500,0.6,1000,0.2,1400,0.2,1
4,7,700,0,0,500,0.6,1000,0.2,1400,0.2,2
4,8,588,0,0,300,0.5,1700,0.5,2
4,9,206,0,0,300,0.5,1700,0.5,0
4,10,125,2,10,5,0,300,0.5,1700,0.5,2
4,11,973,1,0,500,0.6,1000,0.2,1400,0.2,2
4,12,289,2,10,5,0,300,0.5,1700,0.5,1
4,13,803,1,0,500,0.6,1000,0.2,1400,0.2,1
4,14,50,1,0,300,0.5,1700,0.5,0
4,15,75,2,10,5,0,500,0.6,1000,0.2,1400,0.2,0
4,16,864,2,10,5,0,300,0.5,1700,0.5,2
4,17,799,0,0,500,0.6,1000,0.2,1400,0.2,0
4,18,767,2,10,5,0,500,0.6,1000,0.2,1400,0.2,1
4,19,775,0,0,300,0.5,1700,0.5,1
5,0,142,2,10,5,0,300,0.5,1700,0.5,0
5,1,526,1,0,300,0.5,1700,0.5,2
5,2,827,2,10,5,0,300,0.5,1700,0.5,2
5,3,217,2,10,5,0,500,0.6,1000,0.2,1400,0.2,0
5,4,628,0,0,500,0.6,1000,0.2,1400,0.2,1
5,5,127,1,0,300,0.5,1700,0.5,0
5,6,950,2,10,5,0,500,0.6,1000,0.2,1400,0.2,0
5,7,423,1,0,300,0.5,1700,0.5,1
5,8,724,0,0,500,0.6,1000,0.2,1400,0.2,2
5,9,592,1,0,300,0.5,1700,0.5,1
5,10,694,1,0,500,0.6,1000,0.2,1400,0.2,0
5,11,593,0,0,500,0.6,1000,0.2,1400,0.2,1
5,12,257,2,10,5,0,500,0.6,1000,0.2,1400,0.2,0
5,13,947,2,10,5,0,500,0.6,1000,0.2,1400,0.2,0
5,14,725,1,0,500,0.6,1000,0.2,1400,0.2,2
5,15,544,0,0,300,0.5,1700,0.5,0
5,16,761,1,0,500,0.6,1000,0.2,1400,0.2,2
5,17,529,2,10,5,0,500,0.6,1000,0.2,1400,0.2,0
5,18,515,1,0,500,0.6,1000,0.2,1400,0.2,0
5,19,347,2,10,5,0,500,0.6,1000,0.2,1400,0.2,0
6,0,845,0,0,300,0.5,1700,0.5,0
6,1,912,2,10,5,0,500,0.6,1000,0.2,1400,0.2,2
6,2,989,0,0,300,0.5,1700,0.5,0
6,3,63,1,0,500,0.6,1000,0.2,1400,0.2,1
6,4,697,0,0,300,0.5,1700,0.5,1
6,5,408,2,10,5,0,500,0.6,1000,0.2,1400,0.2,0
6,6,278,1,0,300,0.5,1700,0.5,0
6,7,833,2,10,5,0,500,0.6,1000,0.2,1400,0.2,2
6,8,847,0,0,500,0.6,1000,0.2,1400,0.2,1
6,9,208,0,0,300,0.5,1700,0.5,2
6,10,427,1,0,500,0.6,1000,0.2,1400,0.2,0
6,11,502,1,0,500,0.6,1000,0.2,1400,0.2,1
6,12,137,1,0,300,0.5,1700,0.5,1
6,13,369,0,0,300,0.5,1700,0.5,1
6,14,525,1,0,300,0.5,1700,0.5,2
6,15,443,2,10,5,0,300,0.5,1700,0.5,2
6,16,139,0,0,300,0.5,1700,0.5,2
6,17,226,0,0,500,0.6,1000,0.2,1400,0.2,1
6,18,416,0,0,500,0.6,1000,0.2,1400,0.2,2
6,19,571,1,0,300,0.5,1700,0.5,1
7,0,134,0,0,500,0.6,1000,0.2,1400,0.2,0
7,1,453,0,0,500,0.6,1000,0.2,1400,0.2,0
7,2,762,0,0,500,0.6,1000,0.2,1400,0.2,2
7,3,812,1,0,500,0.6,1000,0.2,1400,0.2,1
7,4,946,2,10,5,0,300,0.5,1700,0.5,0
7,5,912,1,0,300,0.5,1700,0.5,2
7,6,806,0,0,500,0.6,1000,0.2,1400,0.2,0
7,7,887,1,0,300,0.5,1700,0.5,2
7,8,721,2,10,5,0,500,0.6,1000,0.2,1400,0.2,1
7,9,593,0,0,500,0.6,1000,0.2,1400,0.2,0
7,10,319,2,10,5,0,300,0.5,1700,0.5,2
7,11,144,1,0,300,0.5,1700,0.5,2
7,12,763,0,0,500,0.6,1000,0.2,1400,0.2,2
7,13,260,1,0,300,0.5,1700,0.5,0
7,14,136,2,10,5,0,300,0.5,1700,0.5,2
7,15,594,1,0,300,0.5,1700,0.5,0
7,16,634,2,10,5,0,300,0.5,1700,0.5,1
7,17,787,0,0,500,0.6,1000,0.2,1400,0.2,1
7,18,761,2,10,5,0,500,0.6,1000,0.2,1400,0.2,0
7,19,590,1,0,500,0.6,1000,0.2,1400,0.2,0
8,0,395,0,0,500,0.6,1000,0.2,1400,0.2,2
8,1,20,0,0,300,0.5,1700,0.5,2
8,2,988,1,0,300,0.5,1700,0.5,0
8,3,297,1,0,500,0.6,1000,0.2,1400,0.2,2
8,4,297,2,10,5,0,500,0.6,1000,0.2,1400,0.2,0
8,5,301,1,0,300,0.5,1700,0.5,1
8,6,723,1,0,300,0.5,1700,0.5,1
8,7,718,1,0,300,0.5,1700,0.5,2
8,8,462,0,0,500,0.6,1000,0.2,1400,0.2,2
8,9,443,2,10,5,0,300,0.5,1700,0.5,2
8,10,233,2,10,5,0,300,0.5,1700,0.5,2
8,11,618,0,0,500,0.6,1000,0.2,1400,0.2,2
8,12,147,1,0,500,0.6,1000,0.2,1400,0.2,2
8,13,618,2,10,5,0,500,0.6,1000,0.2,1400,0.2,1
8,14,687,2,10,5,0,300,0.5,1700,0.5,1
8,15,927,0,0,300,0.5,1700,0.5,0
8,16,77,0,0,500,0.6,1000,0.2,1400,0.2,1
8,17,238,1,0,300,0.5,1700,0.5,2
8,18,889,2,10,5,0,500,0.6,1000,0.2,1400,0.2,1
8,19,446,1,0,300,0.5,1700,0.5,0
9,0,108,1,0,500,0.6,1000,0.2,1400,0.2,0
9,1,121,1,0,500,0.6,1000,0.2,1400,0.2,2
9,2,202,2,10,5,0,500,0.6,1000,0.2,1400,0.2,1
9,3,578,1,0,300,0.5,1700,0.5,1
9,4,687,1,0,500,0.6,1000,0.2,1400,0.2,1
9,5,221,0,0,300,0.5,1700,0.5,2
9,6,666,0,0,500,0.6,1000,0.2,1400,0.2,2
9,7,311,0,0,500,0.6,1000,0.2,1400,0.2,0
9,8,538,1,0,300,0.5,1700,0.5,1
9,9,30,2,10,5,0,500,0.6,1000,0.2,1400,0.2,2
9,10,981,0,0,500,0.6,1000,0.2,1400,0.2,0
9,11,821,1,0,300,0.5,1700,0.5,0
9,12,980,2,10,5,0,500,0.6,1000,0.2,1400,0.2,1
9,13,948,0,0,300,0.5,1700,0.5,0
9,14,866,0,0,300,0.5,1700,0.5,2
9,15,580,2,10,5,0,300,0.5,1700,0.5,1
9,16,749,1,0,500,0.6,1000,0.2,1400,0.2,1
9,17,534,0,0,300,0.5,1700,0.5,1
9,18,356,1,0,300,0.5,1700,0.5,0
9,19,67,2,10,5,0,300,0.5,1700,0.5,1
10,0,353,2,10,5,0,300,0.5,1700,0.5,1
10,1,659,2,10,5,0,300,0.5,1700,0.5,0
10,2,727,2,10,5,0,300,0.5,1700,0.5,0
10,3,401,0,0,500,0.6,1000,0.2,1400,0.2,2
10,4,418,0,0,300,0.5,1700,0.5,0
10,5,25,2,10,5,0,300,0.5,1700,0.5,2
10,6,926,2,10,5,0,300,0.5,1700,0.5,1
10,7,271,1,0,500,0.6,1000,0.2,1400,0.2,0
10,8,289,2,10,5,0,300,0.5,1700,0.5,1
10,9,440,1,0,500,0.6,1000,0.2,1400,0.2,0
10,10,889,2,10,5,0,500,0.6,1000,0.2,1400,0.2,1
10,11,447,0,0,300,0.5,1700,0.5,0
10,12,457,2,10,5,0,300,0.5,1700,0.5,2
10,13,414,2,10,5,0,500,0.6,1000,0.2,1400,0.2,0
10,14,448,2,10,5,0,500,0.6,1000,0.2,1400,0.2,2
10,15,334,0,0,500,0.6,1000,0.2,1400,0.2,2
10,16,23,0,0,500,0.6,1000,0.2,1400,0.2,2
10,17,588,1,0,300,0.5,1700,0.5,2
10,18,687,1,0,500,0.6,1000,0.2,1400,0.2,0
10,19,933,0,0,500,0.6,1000,0.2,1400,0.2,0
11,0,36,2,10,5,0,300,0.5,1700,0.5,0
11,1,172,1,0,300,0.5,1700,0.5,2
11,2,274,2,10,5,0,300,0.5,1700,0.5,2
11,3,844,1,0,500,0.6,1000,0.2,1400,0.2,0
11,4,771,2,10,5,0,300,0.5,1700,0.5,0
11,5,302,1,0,500,0.6,1000,0.2,1400,0.2,0
11,6,758,0,0,300,0.5,1700,0.5,1
11,7,135,2,10,5,0,500,0.6,1000,0.2,1400,0.2,0
11,8,302,2,10,5,0,500,0.6,1000,0.2,1400,0.2,2
11,9,68,1,0,300,0.5,1700,0.5,1
11,10,285,2,10,5,0,500,0.6,1000,0.2,1400,0.2,2
11,11,916,0,0,500,0.6,1000,0.2,1400,0.2,1
11,12,878,1,0,300,0.5,1700,0.5,2
11,13,947,0,0,500,0.6,1000,0.2,1400,0.2,1
11,14,723,1,0,500,0.6,1000,0.2,1400,0.2,1
11,15,836,2,10,5,0,500,0.6,1000,0.2,1400,0.2,2
11,16,596,1,0,500,0.6,1000,0.2,1400,0.2,1
11,17,269,2,10,5,0,300,0.5,1700,0.5,2
11,18,391,2,10,5,0,500,0.6,1000,0.2,1400,0.2,1
11,19,94,0,0,300,0.5,1700,0.5,0
12,0,941,2,10,5,0,500,0.6,1000,0.2,1400,0.2,2
12,1,753,1,0,500,0.6,1000,0.2,1400,0.2,2
12,2,67,0,0,500,0.6,1000,0.2,1400,0.2,1
12,3,481,0,0,300,0.5,1700,0.5,1
12,4,764,1,0,300,0.5,1700,0.5,1
12,5,480,1,0,500,0.6,1000,0.2,1400,0.2,2
12,6,376,0,0,500,0.6,1000,0.2,1400,0.2,1
12,7,569,0,0,300,0.5,1700,0.5,1
12,8,661,0,0,500,0.6,1000,0.2,1400,0.2,2
12,9,60,0,0,500,0.6,1000,0.2,1400,0.2,0
12,10,445,1,0,500,0.6,1000,0.2,1400,0.2,1
12,11,758,1,0,300,0.5,1700,0.5,2
12,12,658,2,10,5,0,500,0.6,1000,0.2,1400,0.2,0
12,13,581,1,0,300,0.5,1700,0.5,1
12,14,88,2,10,5,0,300,0.5,1700,0.5,2
12,15,302,1,0,300,0.5,1700,0.5,2
12,16,276,2,10,5,0,300,0.5,1700,0.5,0
12,17,132,0,0,300,0.5,1700,0.5,0
12,18,414,2,10,5,0,500,0.6,1000,0.2,1400,0.2,2
12,19,162,0,0,300,0.5,1700,0.5,2
13,0,602,0,0,300,0.5,1700,0.5,2
13,1,431,0,0,300,0.5,1700,0.5,0
13,2,141,0,0,300,0.5,1700,0.5,0
13,3,792,0,0,300,0.5,1700,0.5,1
13,4,297,0,0,500,0.6,1000,0.2,1400,0.2,1
13,5,503,2,10,5,0,500,0.6,1000,0.2,1400,0.2,0
13,6,511,0,0,500,0.6,1000,0.2,1400,0.2,0
13,7,859,1,0,500,0.6,1000,0.2,1400,0.2,2
13,8,56,2,10,5,0,500,0.6,1000,0.2,1400,0.2,0
13,9,671,0,0,500,0.6,1000,0.2,1400,0.2,2
13,10,214,2,10,5,0,500,0.6,1000,0.2,1400,0.2,0
13,11,970,1,0,500,0.6,1000,0.2,1400,0.2,0
13,12,751,1,0,500,0.6,1000,0.2,1400,0.2,2
13,13,55,0,0,500,0.6,1000,0.2,1400,0.2,1
13,14,774,0,0,500,0.6,1000,0.2,1400,0.2,0
13,15,838,2,10,5,0,500,0.6,1000,0.2,1400,0.2,0
13,16,166,1,0,500,0.6,1000,0.2,1400,0.2,0
13,17,697,1,0,500,0.6,1000,0.2,1400,0.2,1
13,18,313,2,10,5,0,500,0.6,1000,0.2,1400,0.2,0
13,19,393,0,0,500,0.6,1000,0.2,1400,0.2,0
14,0,264,0,0,500,0.6,1000,0.2,1400,0.2,0
14,1,732,0,0,500,0.6,1000,0.2,1400,0.2,2
14,2,98,2,10,5,0,500,0.6,1000,0.2,1400,0.2,1
14,3,696,1,0,300,0.5,1700,0.5,2
14,4,993,1,0,500,0.6,1000,0.2,1400,0.2,2
14,5,345,1,0,500,0.6,1000,0.2,1400,0.2,1
14,6,871,2,10,5,0,500,0.6,1000,0.2,1400,0.2,0
14,7,630,1,0,300,0.5,1700,0.5,1
14,8,545,0,0,300,0.5,1700,0.5,1
14,9,467,1,0,300,0.5,1700,0.5,0
14,10,14,0,0,300,0.5,1700,0.5,2
14,11,107,1,0,300,0.5,1700,0.5,1
14,12,120,2,10,5,0,500,0.6,1000,0.2,1400,0.2,1
14,13,181,1,0,500,0.6,1000,0.2,1400,0.2,1
14,14,197,1,0,300,0.5,1700,0.5,1
14,15,267,0,0,500,0.6,1000,0.2,1400,0.2,1
14,16,488,2,10,5,0,500,0.6,1000,0.2,1400,0.2,1
14,17,68,2,10,5,0,500,0.6,1000,0.2,1400,0.2,1
14,18,481,2,10,5,0,300,0.5,1700,0.5,2
14,19,830,2,10,5,0,500,0.6,1000,0.2,1400,0.2,1
15,0,705,1,0,300,0.5,1700,0.5,0
15,1,563,2,10,5,0,300,0.5,1700,0.5,1
15,2,476,0,0,500,0.6,1000,0.2,1400,0.2,0
15,3,383,1,0,300,0.5,1700,0.5,2
15,4,240,2,10,5,0,300,0.5,1700,0.5,1
15,5,910,1,0,500,0.6,1000,0.2,1400,0.2,0
15,6,189,1,0,500,0.6,1000,0.2,1400,0.2,1
15,7,102,2,10,5,0,300,0.5,1700,0.5,1
15,8,45,0,0,300,0.5,1700,0.5,0
15,9,134,0,0,500,0.6,1000,0.2,1400,0.2,0
15,10,999,0,0,300,0.5,1700,0.5,2
15,11,854,1,0,500,0.6,1000,0.2,1400,0.2,2
15,12,653,2,10,5,0,300,0.5,1700,0.5,1
15,13,939,2,10,5,0,500,0.6,1000,0.2,1400,0.2,1
15,14,12,2,10,5,0,500,0.6,1000,0.2,1400,0.2,0
15,15,282,1,0,300,0.5,1700,0.5,1
15,16,171,1,0,300,0.5,1700,0.5,1
15,17,881,2,10,5,0,300,0.5,1700,0.5,0
15,18,294,0,0,300,0.5,1700,0.5,1
15,19,946,2,10,5,0,300,0.5,1700,0.5,2
16,0,793,0,0,500,0.6,1000,0.2,1400,0.2,2
16,1,932,1,0,500,0.6,1000,0.2,1400,0.2,0
16,2,724,1,0,300,0.5,1700,0.5,1
16,3,461,2,10,5,0,500,0.6,1000,0.2,1400,0.2,2
16,4,31,2,10,5,0,500,0.6,1000,0.2,1400,0.2,2
16,5,681,2,10,5,0,500,0.6,1000,0.2,1400,0.2,0
16,6,532,0,0,300,0.5,1700,0.5,2
16,7,742,1,0,300,0.5,1700,0.5,0
16,8,167,2,10,5,0,300,0.5,1700,0.5,1
16,9,327,1,0,500,0.6,1000,0.2,1400,0.2,0
16,10,274,0,0,300,0.5,1700,0.5,0
16,11,197,2,10,5,0,300,0.5,1700,0.5,0
16,12,84,2,10,5,0,500,0.6,1000,0.2,1400,0.2,1
16,13,386,2,10,5,0,300,0.5,1700,0.5,0
16,14,769,2,10,5,0,500,0.6,1000,0.2,1400,0.2,2
16,15,546,2,10,5,0,300,0.5,1700,0.5,2
16,16,962,0,0,300,0.5,1700,0.5,0
16,17,83,1,0,300,0.5,1700,0.5,2
16,18,260,2,10,5,0,300,0.5,1700,0.5,0
16,19,920,2,10,5,0,500,0.6,1000,0.2,1400,0.2,1
17,0,453,1,0,500,0.6,1000,0.2,1400,0.2,1
17,1,538,0,0,300,0.5,1700,0.5,0
17,2,797,0,0,300,0.5,1700,0.5,2
17,3,785,0,0,300,0.5,1700,0.5,1
17,4,167,2,10,5,0,300,0.5,1700,0.5,0
17,5,364,0,0,500,0.6,1000,0.2,1400,0.2,1
17,6,955,1,0,500,0.6,1000,0.2,1400,0.2,0
17,7,454,2,10,5,0,300,0.5,1700,0.5,1
17,8,986,0,0,300,0.5,1700,0.5,1
17,9,71,2,10,5,0,300,0.5,1700,0.5,2
17,10,867,2,10,5,0,500,0.6,1000,0.2,1400,0.2,2
17,11,565,2,10,5,0,300,0.5,1700,0.5,2
17,12,94,1,0,300,0.5,1700,0.5,1
17,13,561,2,10,5,0,500,0.6,1000,0.2,1400,0.2,2
17,14,473,1,0,500,0.6,1000,0.2,1400,0.2,1
17,15,639,2,10,5,0,500,0.6,1000,0.2,1400,0.2,0
17,16,455,2,10,5,0,500,0.6,1000,0.2,1400,0.2,0
17,17,448,1,0,500,0.6,1000,0.2,1400,0.2,0
17,18,163,2,10,5,0,500,0.6,1000,0.2,1400,0.2,0
17,19,903,1,0,500,0.6,1000,0.2,1400,0.2,1
18,0,360,2,10,5,0,500,0.6,1000,0.2,1400,0.2,0
18,1,803,0,0,300,0.5,1700,0.5,2
18,2,735,1,0,500,0.6,1000,0.2,1400,0.2,0
18,3,867,0,0,500,0.6,1000,0.2,1400,0.2,2
18,4,633,0,0,300,0.5,1700,0.5,2
18,5,266,1,0,500,0.6,1000,0.2,1400,0.2,0
18,6,653,1,0,500,0.6,1000,0.2,1400,0.2,0
18,7,791,2,10,5,0,500,0.6,1000,0.2,1400,0.2,0
18,8,903,2,10,5,0,500,0.6,1000,0.2,1400,0.2,0
18,9,278,0,0,300,0.5,1700,0.5,1
18,10,348,1,0,500,0.6,1000,0.2,1400,0.2,2
18,11,643,2,10,5,0,300,0.5,1700,0.5,2
18,12,939,0,0,500,0.6,1000,0.2,1400,0.2,2
18,13,329,1,0,300,0.5,1700,0.5,2
18,14,814,2,10,5,0,500,0.6,1000,0.2,1400,0.2,0
18,15,812,1,0,300,0.5,1700,0.5,1
18,16,804,2,10,5,0,300,0.5,1700,0.5,0
18,17,428,1,0,500,0.6,1000,0.2,1400,0.2,1
18,18,350,1,0,500,0.6,1000,0.2,1400,0.2,2
18,19,730,1,0,500,0.6,1000,0.2,1400,0.2,1
19,0,575,0,0,300,0.5,1700,0.5,0
19,1,462,0,0,500,0.6,1000,0.2,1400,0.2,1
19,2,539,2,10,5,0,500,0.6,1000,0.2,1400,0.2,1
19,3,678,1,0,300,0.5,1700,0.5,0
19,4,693,0,0,300,0.5,1700,0.5,0
19,5,57,0,0,500,0.6,1000,0.2,1400,0.2,2
19,6,577,1,0,300,0.5,1700,0.5,1
19,7,415,1,0,300,0.5,1700,0.5,0
19,8,46,0,0,500,0.6,1000,0.2,1400,0.2,0
19,9,863,1,0,500,0.6,1000,0.2,1400,0.2,2
19,10,269,1,0,500,0.6,1000,0.2,1400,0.2,1
19,11,337,0,0,500,0.6,1000,0.2,1400,0.2,0
19,12,566,1,0,500,0.6,1000,0.2,1400,0.2,2
19,13,169,0,0,300,0.5,1700,0.5,0
19,14,262,0,0,500,0.6,1000,0.2,1400,0.2,1
19,15,779,2,10,5,0,300,0.5,1700,0.5,0
19,16,567,2,10,5,0,300,0.5,1700,0.5,1
19,17,347,0,0,500,0.6,1000,0.2,1400,0.2,0
19,18,158,1,0,500,0.6,1000,0.2,1400,0.2,0
19,19,262,2,10,5,0,300,0.5,1700,0.5,0
