0,0,986,1,0,300,0.5,1700,0.5,0
0,1,86,2,10,5,0,300,0.5,1700,0.5,0
0,2,150,2,10,5,0,500,0.6,1000,0.2,1400,0.2,1
0,3,58,0,0,500,0.6,1000,0.2,1400,0.2,0
0,4,712,1,0,500,0.6,1000,0.2,1400,0.2,2
0,5,643,0,0,300,0.5,1700,0.5,1
0,6,368,2,10,5,0,500,0.6,1000,0.2,1400,0.2,1
0,7,675,2,10,5,0,300,0.5,1700,0.5,2
0,8,305,1,0,300,0.5,1700,0.5,0
0,9,995,2,10,5,0,300,0.5,1700,0.5,1
0,10,778,2,10,5,0,300,0.5,1700,0.5,0
0,11,833,0,0,500,0.6,1000,0.2,1400,0.2,1
0,12,440,0,0,300,0.5,1700,0.5,0
0,13,120,1,0,500,0.6,1000,0.2,1400,0.2,2
0,14,10,0,0,500,0.6,1000,0.2,1400,0.2,1
0,15,382,1,0,500,0.6,1000,0.2,1400,0.2,0
0,16,710,1,0,300,0.5,1700,0.5,1
0,17,523,2,10,5,0,300,0.5,1700,0.5,2
0,18,502,0,0,300,0.5,1700,0.5,0
0,19,999,0,0,500,0.6,1000,0.2,1400,0.2,2
1,0,444,1,0,500,0.6,1000,0.2,1400,0.2,2
1,1,489,1,0,300,0.5,1700,0.5,2
1,2,974,1,0,500,0.6,1000,0.2,1400,0.2,1
1,3,451,1,0,300,0.5,1700,0.5,1
1,4,979,0,0,300,0.5,1700,0.5,0
1,5,434,0,0,300,0.5,1700,0.5,0
1,6,158,0,0,500,0.6,1000,0.2,1400,0.2,1
1,7,80,0,0,300,0.5,1700,0.5,1
1,8,449,0,0,500,0.6,1000,0.2,1400,0.2,2
1,9,639,0,0,500,0.6,1000,0.2,1400,0.2,0
1,10,460,0,0,500,0.6,1000,0.2,1400,0.2,2
1,11,677,0,0,500,0.6,1000,0.2,1400,0.2,1
1,12,539,2,10,5,0,500,0.6,1000,0.2,1400,0.2,1
1,13,887,2,10,5,0,500,0.6,1000,0.2,1400,0.2,0
1,14,613,0,0,300,0.5,1700,0.5,0
1,15,283,2,10,5,0,300,0.5,1700,0.5,2
1,16,114,2,10,5,0,300,0.5,1700,0.5,1
1,17,484,1,0,300,0.5,1700,0.5,2
1,18,132,1,0,500,0.6,1000,0.2,1400,0.2,0
1,19,500,1,0,500,0.6,1000,0.2,1400,0.2,0
2,0,475,0,0,300,0.5,1700,0.5,0
2,1,514,0,0,300,0.5,1700,0.5,0
2,2,918,2,10,5,0,300,0.5,1700,0.5,1
2,3,997,1,0,300,0.5,1700,0.5,1
2,4,104,2,10,5,0,300,0.5,1700,0.5,1
2,5,912,0,0,500,0.6,1000,0.2,1400,0.2,0
2,6,93,1,0,500,0.6,1000,0.2,1400,0.2,1
2,7,720,2,10,5,0,300,0.5,1700,0.5,0
2,8,615,0,0,300,0.5,1700,0.5,2
2,9,55,2,10,5,0,300,0.5,1700,0.5,2
2,10,388,2,10,5,0,300,0.5,1700,0.5,0
2,11,125,0,0,500,0.6,1000,0.2,1400,0.2,1
2,12,440,2,10,5,0,300,0.5,1700,0.5,1
2,13,153,1,0,300,0.5,1700,0.5,1
2,14,814,1,0,300,0.5,1700,0.5,0
2,15,89,2,10,5,0,500,0.6,1000,0.2,1400,0.2,1
2,16,160,2,10,5,0,500,0.6,1000,0.2,1400,0.2,1
2,17,958,2,10,5,0,500,0.6,1000,0.2,1400,0.2,2
2,18,130,2,10,5,0,300,0.5,1700,0.5,2
2,19,95,2,10,5,0,500,0.6,1000,0.2,1400,0.2,2
3,0,577,2,10,5,0,300,0.5,1700,0.5,1
3,1,616,1,0,300,0.5,1700,0.5,1
3,2,836,1,0,500,0.6,1000,0.2,1400,0.2,0
3,3,818,1,0,500,0.6,1000,0.2,1400,0.2,1
3,4,924,0,0,300,0.5,1700,0.5,1
3,5,797,2,10,5,0,500,0.6,1000,0.2,1400,0.2,2
3,6,591,2,10,5,0,300,0.5,1700,0.5,2
3,7,803,2,10,5,0,300,0.5,1700,0.5,0
3,8,174,0,0,500,0.6,1000,0.2,1400,0.2,2
3,9,11,0,0,500,0.6,1000,0.2,1400,0.2,0
3,10,100,1,0,300,0.5,1700,0.5,2
3,11,429,1,0,500,0.6,1000,0.2,1400,0.2,1
3,12,67,2,10,5,0,500,0.6,1000,0.2,1400,0.2,2
3,13,962,1,0,500,0.6,1000,0.2,1400,0.2,1
3,14,141,2,10,5,0,500,0.6,1000,0.2,1400,0.2,2
3,15,463,0,0,300,0.5,1700,0.5,1
3,16,467,1,0,300,0.5,1700,0.5,0
3,17,579,2,10,5,0,300,0.5,1700,0.5,1
3,18,997,1,0,300,0.5,1700,0.5,1
3,19,154,2,10,5,0,300,0.5,1700,0.5,0
4,0,622,1,0,300,0.5,1700,0.5,2
4,1,10,1,0,500,0.6,1000,0.2,1400,0.2,2
4,2,862,2,10,5,0,500,0.6,1000,0.2,1400,0.2,2
4,3,174,0,0,500,0.6,1000,0.2,1400,0.2,0
4,4,60,2,10,5,0,500,0.6,1000,0.2,1400,0.2,0
4,5,871,2,10,5,0,300,0.5,1700,0.5,0
4,6,913,2,10,5,0,300,0.5,1700,0.5,1
4,7,583,2,10,5,0,500,0.6,1000,0.2,1400,0.2,1
4,8,512,0,0,500,0.6,1000,0.2,1400,0.2,1
4,9,486,0,0,300,0.5,1700,0.5,1
4,10,565,1,0,300,0.5,1700,0.5,0
4,11,164,1,0,500,0.6,1000,0.2,1400,0.2,2
4,12,428,2,10,5,0,300,0.5,1700,0.5,0
4,13,647,1,0,300,0.5,1700,0.5,1
4,14,176,2,10,5,0,300,0.5,1700,0.5,0
4,15,597,2,10,5,0,300,0.5,1700,0.5,0
4,16,669,0,0,300,0.5,1700,0.5,2
4,17,702,1,0,500,0.6,1000,0.2,1400,0.2,2
4,18,57,1,0,300,0.5,1700,0.5,1
4,19,329,1,0,500,0.6,1000,0.2,1400,0.2,0
5,0,726,2,10,5,0,500,0.6,1000,0.2,1400,0.2,1
5,1,71,2,10,5,0,500,0.6,1000,0.2,1400,0.2,1
5,2,692,2,10,5,0,300,0.5,1700,0.5,1
5,3,778,0,0,500,0.6,1000,0.2,1400,0.2,0
5,4,215,2,10,5,0,300,0.5,1700,0.5,0
5,5,331,2,10,5,0,500,0.6,1000,0.2,1400,0.2,2
5,6,807,1,0,500,0.6,1000,0.2,1400,0.2,1
5,7,209,0,0,500,0.6,1000,0.2,1400,0.2,1
5,8,563,0,0,300,0.5,1700,0.5,1
5,9,986,1,0,500,0.6,1000,0.2,1400,0.2,2
5,10,99,0,0,300,0.5,1700,0.5,2
5,11,921,2,10,5,0,500,0.6,1000,0.2,1400,0.2,0
5,12,687,2,10,5,0,500,0.6,1000,0.2,1400,0.2,1
5,13,194,2,10,5,0,300,0.5,1700,0.5,2
5,14,608,0,0,300,0.5,1700,0.5,2
5,15,581,1,0,300,0.5,1700,0.5,0
5,16,223,1,0,300,0.5,1700,0.5,0
5,17,540,0,0,300,0.5,1700,0.5,1
5,18,940,1,0,500,0.6,1000,0.2,1400,0.2,0
5,19,845,1,0,300,0.5,1700,0.5,2
6,0,97,1,0,500,0.6,1000,0.2,1400,0.2,1
6,1,797,2,10,5,0,300,0.5,1700,0.5,2
6,2,145,0,0,300,0.5,1700,0.5,2
6,3,857,2,10,5,0,500,0.6,1000,0.2,1400,0.2,1
6,4,817,0,0,300,0.5,1700,0.5,2
6,5,691,2,10,5,0,500,0.6,1000,0.2,1400,0.2,1
6,6,95,1,0,300,0.5,1700,0.5,0
6,7,771,1,0,500,0.6,1000,0.2,1400,0.2,2
6,8,452,2,10,5,0,500,0.6,1000,0.2,1400,0.2,2
6,9,464,1,0,300,0.5,1700,0.5,0
6,10,389,1,0,300,0.5,1700,0.5,1
6,11,969,1,0,500,0.6,1000,0.2,1400,0.2,0
6,12,56,0,0,500,0.6,1000,0.2,1400,0.2,2
6,13,851,1,0,300,0.5,1700,0.5,1
6,14,812,0,0,300,0.5,1700,0.5,0
6,15,189,1,0,300,0.5,1700,0.5,0
6,16,386,2,10,5,0,300,0.5,1700,0.5,0
6,17,330,1,0,300,0.5,1700,0.5,1
6,18,641,1,0,500,0.6,1000,0.2,1400,0.2,2
6,19,175,2,10,5,0,300,0.5,1700,0.5,1
7,0,72,1,0,500,0.6,1000,0.2,1400,0.2,1
7,1,773,2,10,5,0,500,0.6,1000,0.2,1400,0.2,2
7,2,453,1,0,500,0.6,1000,0.2,1400,0.2,1
7,3,132,0,0,300,0.5,1700,0.5,2
7,4,529,0,0,500,0.6,1000,0.2,1400,0.2,0
7,5,705,2,10,5,0,500,0.6,1000,0.2,1400,0.2,0
7,6,758,1,0,500,0.6,1000,0.2,1400,0.2,0
7,7,782,2,10,5,0,500,0.6,1000,0.2,1400,0.2,2
7,8,83,0,0,300,0.5,1700,0.5,1
7,9,132,0,0,500,0.6,1000,0.2,1400,0.2,0
7,10,419,0,0,300,0.5,1700,0.5,1
7,11,931,1,0,300,0.5,1700,0.5,0
7,12,479,1,0,300,0.5,1700,0.5,0
7,13,574,0,0,500,0.6,1000,0.2,1400,0.2,1
7,14,630,0,0,300,0.5,1700,0.5,2
7,15,242,2,10,5,0,500,0.6,1000,0.2,1400,0.2,1
7,16,430,1,0,300,0.5,1700,0.5,0
7,17,989,0,0,300,0.5,1700,0.5,0
7,18,534,2,10,5,0,300,0.5,1700,0.5,1
7,19,357,0,0,300,0.5,1700,0.5,2
8,0,900,2,10,5,0,500,0.6,1000,0.2,1400,0.2,0
8,1,295,2,10,5,0,500,0.6,1000,0.2,1400,0.2,0
8,2,599,1,0,500,0.6,1000,0.2,1400,0.2,2
8,3,571,2,10,5,0,500,0.6,1000,0.2,1400,0.2,0
8,4,757,0,0,300,0.5,1700,0.5,0
8,5,832,2,10,5,0,500,0.6,1000,0.2,1400,0.2,0
8,6,991,1,0,500,0.6,1000,0.2,1400,0.2,1
8,7,537,1,0,500,0.6,1000,0.2,1400,0.2,1
8,8,143,1,0,500,0.6,1000,0.2,1400,0.2,2
8,9,622,0,0,500,0.6,1000,0.2,1400,0.2,2
8,10,476,1,0,300,0.5,1700,0.5,1
8,11,665,2,10,5,0,300,0.5,1700,0.5,0
8,12,143,1,0,500,0.6,1000,0.2,1400,0.2,1
8,13,244,2,10,5,0,500,0.6,1000,0.2,1400,0.2,0
8,14,324,0,0,300,0.5,1700,0.5,0
8,15,304,1,0,500,0.6,1000,0.2,1400,0.2,0
8,16,116,0,0,500,0.6,1000,0.2,1400,0.2,2
8,17,909,2,10,5,0,300,0.5,1700,0.5,0
8,18,220,1,0,300,0.5,1700,0.5,0
8,19,845,0,0,500,0.6,1000,0.2,1400,0.2,1
9,0,822,0,0,500,0.6,1000,0.2,1400,0.2,1
9,1,691,0,0,300,0.5,1700,0.5,1
9,2,365,2,10,5,0,500,0.6,1000,0.2,1400,0.2,2
9,3,434,2,10,5,0,500,0.6,1000,0.2,1400,0.2,2
9,4,828,0,0,300,0.5,1700,0.5,2
9,5,190,1,0,500,0.6,1000,0.2,1400,0.2,0
9,6,927,2,10,5,0,500,0.6,1000,0.2,1400,0.2,2
9,7,666,1,0,500,0.6,1000,0.2,1400,0.2,1
9,8,802,1,0,500,0.6,1000,0.2,1400,0.2,1
9,9,609,0,0,500,0.6,1000,0.2,1400,0.2,1
9,10,594,1,0,500,0.6,1000,0.2,1400,0.2,1
9,11,69,1,0,500,0.6,1000,0.2,1400,0.2,2
9,12,919,2,10,5,0,500,0.6,1000,0.2,1400,0.2,2
9,13,801,0,0,500,0.6,1000,0.2,1400,0.2,0
9,14,846,2,10,5,0,500,0.6,1000,0.2,1400,0.2,0
9,15,682,0,0,500,0.6,1000,0.2,1400,0.2,2
9,16,985,2,10,5,0,500,0.6,1000,0.2,1400,0.2,1
9,17,680,1,0,500,0.6,1000,0.2,1400,0.2,0
9,18,37,0,0,500,0.6,1000,0.2,1400,0.2,2
9,19,923,1,0,500,0.6,1000,0.2,1400,0.2,0
10,0,999,1,0,500,0.6,1000,0.2,1400,0.2,2
10,1,266,2,10,5,0,300,0.5,1700,0.5,1
10,2,317,1,0,500,0.6,1000,0.2,1400,0.2,1
10,3,747,1,0,500,0.6,1000,0.2,1400,0.2,0
10,4,844,1,0,500,0.6,1000,0.2,1400,0.2,2
10,5,248,1,0,300,0.5,1700,0.5,2
10,6,894,2,10,5,0,300,0.5,1700,0.5,0
10,7,72,1,0,500,0.6,1000,0.2,1400,0.2,0
10,8,634,1,0,300,0.5,1700,0.5,1
10,9,774,0,0,300,0.5,1700,0.5,2
10,10,521,0,0,500,0.6,1000,0.2,1400,0.2,2
10,11,354,2,10,5,0,500,0.6,1000,0.2,1400,0.2,0
10,12,851,0,0,500,0.6,1000,0.2,1400,0.2,2
10,13,674,0,0,300,0.5,1700,0.5,2
10,14,890,0,0,300,0.5,1700,0.5,1
10,15,599,0,0,300,0.5,1700,0.5,2
10,16,491,0,0,500,0.6,1000,0.2,1400,0.2,2
10,17,235,0,0,300,0.5,1700,0.5,1
10,18,665,2,10,5,0,300,0.5,1700,0.5,1
10,19,462,1,0,500,0.6,1000,0.2,1400,0.2,2
11,0,252,0,0,300,0.5,1700,0.5,2
11,1,564,2,10,5,0,500,0.6,1000,0.2,1400,0.2,2
11,2,292,2,10,5,0,500,0.6,1000,0.2,1400,0.2,0
11,3,646,1,0,500,0.6,1000,0.2,1400,0.2,0
11,4,312,2,10,5,0,500,0.6,1000,0.2,1400,0.2,2
11,5,689,1,0,300,0.5,1700,0.5,2
11,6,326,2,10,5,0,300,0.5,1700,0.5,0
11,7,40,0,0,500,0.6,1000,0.2,1400,0.2,2
11,8,454,1,0,500,0.6,1000,0.2,1400,0.2,1
11,9,667,0,0,300,0.5,1700,0.5,2
11,10,930,1,0,500,0.6,1000,0.2,1400,0.2,2
11,11,201,2,10,5,0,500,0.6,1000,0.2,1400,0.2,0
11,12,517,2,10,5,0,300,0.5,1700,0.5,1
11,13,373,1,0,500,0.6,1000,0.2,1400,0.2,2
11,14,846,2,10,5,0,500,0.6,1000,0.2,1400,0.2,2
11,15,45,0,0,500,0.6,1000,0.2,1400,0.2,1
11,16,719,0,0,500,0.6,1000,0.2,1400,0.2,1
11,17,152,2,10,5,0,500,0.6,1000,0.2,1400,0.2,1
11,18,270,0,0,300,0.5,1700,0.5,0
11,19,987,2,10,5,0,500,0.6,1000,0.2,1400,0.2,1
12,0,14,2,10,5,0,500,0.6,1000,0.2,1400,0.2,1
12,1,663,0,0,300,0.5,1700,0.5,0
12,2,212,0,0,500,0.6,1000,0.2,1400,0.2,0
12,3,575,2,10,5,0,300,0.5,1700,0.5,0
12,4,541,2,10,5,0,500,0.6,1000,0.2,1400,0.2,0
12,5,956,2,10,5,0,500,0.6,1000,0.2,1400,0.2,0
12,6,75,2,10,5,0,300,0.5,1700,0.5,2
12,7,609,0,0,300,0.5,1700,0.5,0
12,8,255,2,10,5,0,500,0.6,1000,0.2,1400,0.2,1
12,9,756,2,10,5,0,500,0.6,1000,0.2,1400,0.2,1
12,10,514,2,10,5,0,300,0.5,1700,0.5,2
12,11,347,2,10,5,0,300,0.5,1700,0.5,1
12,12,187,2,10,5,0,500,0.6,1000,0.2,1400,0.2,0
12,13,786,2,10,5,0,300,0.5,1700,0.5,1
12,14,799,0,0,500,0.6,1000,0.2,1400,0.2,2
12,15,113,0,0,300,0.5,1700,0.5,2
12,16,157,0,0,300,0.5,1700,0.5,0
12,17,536,0,0,300,0.5,1700,0.5,2
12,18,663,2,10,5,0,300,0.5,1700,0.5,0
12,19,699,2,10,5,0,300,0.5,1700,0.5,2
13,0,866,0,0,500,0.6,1000,0.2,1400,0.2,2
13,1,592,1,0,500,0.6,1000,0.2,1400,0.2,2
13,2,772,0,0,500,0.6,1000,0.2,1400,0.2,1
13,3,869,0,0,300,0.5,1700,0.5,0
13,4,374,2,10,5,0,500,0.6,1000,0.2,1400,0.2,1
13,5,866,0,0,500,0.6,1000,0.2,1400,0.2,0
13,6,353,0,0,300,0.5,1700,0.5,2
13,7,989,0,0,500,0.6,1000,0.2,1400,0.2,0
13,8,646,0,0,500,0.6,1000,0.2,1400,0.2,1
13,9,69,2,10,5,0,300,0.5,1700,0.5,1
13,10,312,0,0,500,0.6,1000,0.2,1400,0.2,1
13,11,650,1,0,500,0.6,1000,0.2,1400,0.2,2
13,12,879,1,0,300,0.5,1700,0.5,1
13,13,218,1,0,500,0.6,1000,0.2,1400,0.2,1
13,14,701,2,10,5,0,300,0.5,1700,0.5,2
13,15,405,1,0,500,0.6,1000,0.2,1400,0.2,0
13,16,771,0,0,500,0.6,1000,0.2,1400,0.2,0
13,17,817,1,0,300,0.5,1700,0.5,2
13,18,752,0,0,300,0.5,1700,0.5,1
13,19,359,0,0,300,0.5,1700,0.5,1
14,0,877,0,0,300,0.5,1700,0.5,2
14,1,343,1,0,500,0.6,1000,0.2,1400,0.2,2
14,2,363,1,0,300,0.5,1700,0.5,1
14,3,472,0,0,300,0.5,1700,0.5,0
14,4,935,1,0,500,0.6,1000,0.2,1400,0.2,2
14,5,633,2,10,5,0,300,0.5,1700,0.5,2
14,6,804,1,0,300,0.5,1700,0.5,1
14,7,673,0,0,500,0.6,1000,0.2,1400,0.2,2
14,8,932,1,0,500,0.6,1000,0.2,1400,0.2,0
14,9,254,0,0,500,0.6,1000,0.2,1400,0.2,2
14,10,23,1,0,300,0.5,1700,0.5,0
14,11,930,1,0,500,0.6,1000,0.2,1400,0.2,2
14,12,508,2,10,5,0,500,0.6,1000,0.2,1400,0.2,2
14,13,371,0,0,500,0.6,1000,0.2,1400,0.2,1
14,14,506,0,0,300,0.5,1700,0.5,2
14,15,834,1,0,500,0.6,1000,0.2,1400,0.2,1
14,16,859,0,0,300,0.5,1700,0.5,2
14,17,282,1,0,300,0.5,1700,0.5,2
14,18,449,2,10,5,0,500,0.6,1000,0.2,1400,0.2,0
14,19,746,2,10,5,0,300,0.5,1700,0.5,2
15,0,393,0,0,300,0.5,1700,0.5,1
15,1,760,1,0,300,0.5,1700,0.5,2
15,2,250,2,10,5,0,300,0.5,1700,0.5,1
15,3,113,0,0,500,0.6,1000,0.2,1400,0.2,0
15,4,622,1,0,500,0.6,1000,0.2,1400,0.2,0
15,5,364,0,0,500,0.6,1000,0.2,1400,0.2,1
15,6,516,0,0,300,0.5,1700,0.5,1
15,7,504,2,10,5,0,500,0.6,1000,0.2,1400,0.2,1
15,8,857,2,10,5,0,300,0.5,1700,0.5,2
15,9,411,1,0,500,0.6,1000,0.2,1400,0.2,1
15,10,869,2,10,5,0,300,0.5,1700,0.5,2
15,11,479,2,10,5,0,500,0.6,1000,0.2,1400,0.2,0
15,12,843,1,0,500,0.6,1000,0.2,1400,0.2,0
15,13,105,0,0,500,0.6,1000,0.2,1400,0.2,1
15,14,350,1,0,300,0.5,1700,0.5,0
15,15,131,0,0,300,0.5,1700,0.5,1
15,16,430,1,0,300,0.5,1700,0.5,1
15,17,781,0,0,500,0.6,1000,0.2,1400,0.2,2
15,18,342,2,10,5,0,500,0.6,1000,0.2,1400,0.2,2
15,19,647,2,10,5,0,300,0.5,1700,0.5,0
16,0,370,0,0,300,0.5,1700,0.5,0
16,1,553,1,0,500,0.6,1000,0.2,1400,0.2,2
16,2,130,1,0,300,0.5,1700,0.5,1
16,3,362,1,0,500,0.6,1000,0.2,1400,0.2,1
16,4,69,1,0,300,0.5,1700,0.5,1
16,5,118,1,0,500,0.6,1000,0.2,1400,0.2,1
16,6,652,2,10,5,0,300,0.5,1700,0.5,1
16,7,197,1,0,500,0.6,1000,0.2,1400,0.2,0
16,8,201,0,0,500,0.6,1000,0.2,1400,0.2,1
16,9,726,2,10,5,0,300,0.5,1700,0.5,1
16,10,170,0,0,500,0.6,1000,0.2,1400,0.2,1
16,11,375,0,0,300,0.5,1700,0.5,0
16,12,873,1,0,500,0.6,1000,0.2,1400,0.2,0
16,13,683,2,10,5,0,300,0.5,1700,0.5,2
16,14,631,0,0,500,0.6,1000,0.2,1400,0.2,0
16,15,27,1,0,300,0.5,1700,0.5,2
16,16,892,2,10,5,0,300,0.5,1700,0.5,2
16,17,217,0,0,500,0.6,1000,0.2,1400,0.2,1
16,18,503,2,10,5,0,500,0.6,1000,0.2,1400,0.2,2
16,19,876,1,0,300,0.5,1700,0.5,0
17,0,802,2,10,5,0,300,0.5,1700,0.5,1
17,1,366,1,0,500,0.6,1000,0.2,1400,0.2,0
17,2,938,0,0,500,0.6,1000,0.2,1400,0.2,0
17,3,928,1,0,300,0.5,1700,0.5,2
17,4,628,1,0,500,0.6,1000,0.2,1400,0.2,1
17,5,431,1,0,300,0.5,1700,0.5,2
17,6,113,2,10,5,0,500,0.6,1000,0.2,1400,0.2,2
17,7,88,0,0,300,0.5,1700,0.5,0
17,8,755,1,0,500,0.6,1000,0.2,1400,0.2,1
17,9,925,2,10,5,0,500,0.6,1000,0.2,1400,0.2,1
17,10,527,2,10,5,0,500,0.6,1000,0.2,1400,0.2,0
17,11,799,2,10,5,0,300,0.5,1700,0.5,1
17,12,398,1,0,500,0.6,1000,0.2,1400,0.2,1
17,13,44,2,10,5,0,500,0.6,1000,0.2,1400,0.2,1
17,14,623,0,0,300,0.5,1700,0.5,0
17,15,801,0,0,300,0.5,1700,0.5,1
17,16,474,1,0,500,0.6,1000,0.2,1400,0.2,1
17,17,334,2,10,5,0,300,0.5,1700,0.5,2
17,18,939,1,0,500,0.6,1000,0.2,1400,0.2,2
17,19,67,0,0,300,0.5,1700,0.5,2
18,0,870,1,0,500,0.6,1000,0.2,1400,0.2,2
18,1,915,2,10,5,0,300,0.5,1700,0.5,0
18,2,941,2,10,5,0,300,0.5,1700,0.5,2
18,3,207,2,10,5,0,300,0.5,1700,0.5,0
18,4,591,1,0,300,0.5,1700,0.5,0
18,5,436,2,10,5,0,300,0.5,1700,0.5,2
18,6,668,2,10,5,0,500,0.6,1000,0.2,1400,0.2,0
18,7,817,0,0,500,0.6,1000,0.2,1400,0.2,0
18,8,264,1,0,300,0.5,1700,0.5,1
18,9,477,1,0,500,0.6,1000,0.2,1400,0.2,2
18,10,730,0,0,300,0.5,1700,0.5,2
18,11,820,0,0,500,0.6,1000,0.2,1400,0.2,1
18,12,660,1,0,300,0.5,1700,0.5,1
18,13,346,2,10,5,0,300,0.5,1700,0.5,1
18,14,778,1,0,500,0.6,1000,0.2,1400,0.2,1
18,15,820,1,0,300,0.5,1700,0.5,1
18,16,770,1,0,500,0.6,1000,0.2,1400,0.2,2
18,17,533,0,0,500,0.6,1000,0.2,1400,0.2,0
18,18,308,2,10,5,0,500,0.6,1000,0.2,1400,0.2,1
18,19,910,2,10,5,0,300,0.5,1700,0.5,0
19,0,431,2,10,5,0,300,0.5,1700,0.5,0
19,1,392,2,10,5,0,500,0.6,1000,0.2,1400,0.2,2
19,2,193,2,10,5,0,500,0.6,1000,0.2,1400,0.2,2
19,3,273,1,0,500,0.6,1000,0.2,1400,0.2,2
19,4,260,0,0,500,0.6,1000,0.2,1400,0.2,1
19,5,81,1,0,500,0.6,1000,0.2,1400,0.2,0
19,6,671,2,10,5,0,500,0.6,1000,0.2,1400,0.2,2
19,7,928,1,0,300,0.5,1700,0.5,2
19,8,545,0,0,500,0.6,1000,0.2,1400,0.2,1
19,9,310,2,10,5,0,300,0.5,1700,0.5,0
19,10,164,2,10,5,0,300,0.5,1700,0.5,2
19,11,260,0,0,500,0.6,1000,0.2,1400,0.2,2
19,12,114,0,0,300,0.5,1700,0.5,2
19,13,79,2,10,5,0,300,0.5,1700,0.5,0
19,14,949,2,10,5,0,500,0.6,1000,0.2,1400,0.2,2
19,15,310,2,10,5,0,500,0.6,1000,0.2,1400,0.2,1
19,16,157,1,0,300,0.5,1700,0.5,1
19,17,975,0,0,300,0.5,1700,0.5,2
19,18,103,0,0,500,0.6,1000,0.2,1400,0.2,0
19,19,94,1,0,500,0.6,1000,0.2,1400,0.2,1
