0,0,940,2,10,5,0,300,0.5,1700,0.5,0
0,1,512,0,0,500,0.6,1000,0.2,1400,0.2,1
0,2,719,0,0,300,0.5,1700,0.5,1
0,3,938,0,0,300,0.5,1700,0.5,2
0,4,438,2,10,5,0,500,0.6,1000,0.2,1400,0.2,1
0,5,412,2,10,5,0,500,0.6,1000,0.2,1400,0.2,1
0,6,349,1,0,500,0.6,1000,0.2,1400,0.2,1
0,7,136,0,0,300,0.5,1700,0.5,0
0,8,165,0,0,300,0.5,1700,0.5,1
0,9,167,1,0,500,0.6,1000,0.2,1400,0.2,2
0,10,223,2,10,5,0,500,0.6,1000,0.2,1400,0.2,2
0,11,199,0,0,500,0.6,1000,0.2,1400,0.2,2
0,12,38,0,0,500,0.6,1000,0.2,1400,0.2,1
0,13,138,0,0,500,0.6,1000,0.2,1400,0.2,0
0,14,844,0,0,300,0.5,1700,0.5,1
0,15,508,0,0,300,0.5,1700,0.5,1
0,16,394,0,0,300,0.5,1700,0.5,1
0,17,113,2,10,5,0,300,0.5,1700,0.5,0
0,18,828,1,0,300,0.5,1700,0.5,1
0,19,926,1,0,500,0.6,1000,0.2,1400,0.2,0
1,0,768,0,0,500,0.6,1000,0.2,1400,0.2,0
1,1,646,0,0,300,0.5,1700,0.5,0
1,2,24,0,0,500,0.6,1000,0.2,1400,0.2,1
1,3,907,1,0,300,0.5,1700,0.5,0
1,4,670,0,0,300,0.5,1700,0.5,2
1,5,733,2,10,5,0,300,0.5,1700,0.5,2
1,6,338,2,10,5,0,300,0.5,1700,0.5,0
1,7,676,2,10,5,0,500,0.6,1000,0.2,1400,0.2,1
1,8,291,2,10,5,0,300,0.5,1700,0.5,1
1,9,591,2,10,5,0,500,0.6,1000,0.2,1400,0.2,1
1,10,545,1,0,500,0.6,1000,0.2,1400,0.2,0
1,11,141,1,0,500,0.6,1000,0.2,1400,0.2,1
1,12,130,2,10,5,0,300,0.5,1700,0.5,0
1,13,840,0,0,300,0.5,1700,0.5,0
1,14,228,2,10,5,0,500,0.6,1000,0.2,1400,0.2,0
1,15,297,0,0,500,0.6,1000,0.2,1400,0.2,1
1,16,396,2,10,5,0,500,0.6,1000,0.2,1400,0.2,2
1,17,46,0,0,500,0.6,1000,0.2,1400,0.2,2
1,18,95,0,0,300,0.5,1700,0.5,2
1,19,373,0,0,300,0.5,1700,0.5,2
2,0,824,0,0,500,0.6,1000,0.2,1400,0.2,2
2,1,522,2,10,5,0,300,0.5,1700,0.5,1
2,2,982,1,0,500,0.6,1000,0.2,1400,0.2,2
2,3,824,1,0,300,0.5,1700,0.5,1
2,4,616,1,0,300,0.5,1700,0.5,0
2,5,211,2,10,5,0,300,0.5,1700,0.5,2
2,6,469,1,0,300,0.5,1700,0.5,2
2,7,577,0,0,300,0.5,1700,0.5,2
2,8,178,1,0,500,0.6,1000,0.2,1400,0.2,2
2,9,160,2,10,5,0,500,0.6,1000,0.2,1400,0.2,1
2,10,81,0,0,500,0.6,1000,0.2,1400,0.2,2
2,11,360,2,10,5,0,300,0.5,1700,0.5,0
2,12,114,0,0,500,0.6,1000,0.2,1400,0.2,0
2,13,749,0,0,300,0.5,1700,0.5,2
2,14,962,2,10,5,0,300,0.5,1700,0.5,1
2,15,546,1,0,500,0.6,1000,0.2,1400,0.2,2
2,16,18,1,0,500,0.6,1000,0.2,1400,0.2,2
2,17,55,0,0,300,0.5,1700,0.5,1
2,18,57,2,10,5,0,300,0.5,1700,0.5,0
2,19,85,2,10,5,0,300,0.5,1700,0.5,0
3,0,122,1,0,300,0.5,1700,0.5,1
3,1,176,1,0,300,0.5,1700,0.5,1
3,2,682,2,10,5,0,300,0.5,1700,0.5,2
3,3,90,2,10,5,0,300,0.5,1700,0.5,2
3,4,845,1,0,300,0.5,1700,0.5,0
3,5,319,1,0,300,0.5,1700,0.5,2
3,6,415,0,0,300,0.5,1700,0.5,2
3,7,262,0,0,300,0.5,1700,0.5,1
3,8,474,0,0,300,0.5,1700,0.5,1
3,9,996,2,10,5,0,300,0.5,1700,0.5,0
3,10,90,0,0,500,0.6,1000,0.2,1400,0.2,0
3,11,808,2,10,5,0,500,0.6,1000,0.2,1400,0.2,0
3,12,839,1,0,300,0.5,1700,0.5,0
3,13,195,2,10,5,0,300,0.5,1700,0.5,2
3,14,651,2,10,5,0,500,0.6,1000,0.2,1400,0.2,0
3,15,894,2,10,5,0,500,0.6,1000,0.2,1400,0.2,1
3,16,314,2,10,5,0,500,0.6,1000,0.2,1400,0.2,2
3,17,97,0,0,500,0.6,1000,0.2,1400,0.2,1
3,18,523,1,0,300,0.5,1700,0.5,2
3,19,407,2,10,5,0,500,0.6,1000,0.2,1400,0.2,2
4,0,798,0,0,300,0.5,1700,0.5,1
4,1,336,2,10,5,0,500,0.6,1000,0.2,1400,0.2,2
4,2,660,0,0,300,0.5,1700,0.5,2
4,3,285,0,0,300,0.5,1700,0.5,1
4,4,56,1,0,500,0.6,1000,0.2,1400,0.2,2
4,5,929,0,0,500,0.6,1000,0.2,1400,0.2,1
4,6,926,1,0,500,0.6,1000,0.2,1400,0.2,0
4,7,814,1,0,300,0.5,1700,0.5,2
4,8,806,1,0,300,0.5,1700,0.5,0
4,9,345,2,10,5,0,300,0.5,1700,0.5,1
4,10,352,1,0,500,0.6,1000,0.2,1400,0.2,0
4,11,153,1,0,500,0.6,1000,0.2,1400,0.2,0
4,12,786,2,10,5,0,500,0.6,1000,0.2,1400,0.2,1
4,13,985,0,0,500,0.6,1000,0.2,1400,0.2,0
4,14,486,0,0,500,0.6,1000,0.2,1400,0.2,1
4,15,933,2,10,5,0,300,0.5,1700,0.5,0
4,16,367,0,0,500,0.6,1000,0.2,1400,0.2,1
4,17,64,2,10,5,0,500,0.6,1000,0.2,1400,0.2,0
4,18,967,2,10,5,0,300,0.5,1700,0.5,1
4,19,133,0,0,300,0.5,1700,0.5,2
5,0,733,0,0,500,0.6,1000,0.2,1400,0.2,2
5,1,528,1,0,500,0.6,1000,0.2,1400,0.2,1
5,2,131,1,0,500,0.6,1000,0.2,1400,0.2,2
5,3,551,1,0,300,0.5,1700,0.5,0
5,4,379,2,10,5,0,500,0.6,1000,0.2,1400,0.2,0
5,5,682,0,0,500,0.6,1000,0.2,1400,0.2,1
5,6,387,1,0,500,0.6,1000,0.2,1400,0.2,2
5,7,788,2,10,5,0,300,0.5,1700,0.5,0
5,8,567,1,0,500,0.6,1000,0.2,1400,0.2,1
5,9,123,2,10,5,0,300,0.5,1700,0.5,2
5,10,557,0,0,300,0.5,1700,0.5,2
5,11,532,2,10,5,0,300,0.5,1700,0.5,1
5,12,369,1,0,500,0.6,1000,0.2,1400,0.2,0
5,13,793,2,10,5,0,500,0.6,1000,0.2,1400,0.2,0
5,14,642,2,10,5,0,500,0.6,1000,0.2,1400,0.2,1
5,15,660,2,10,5,0,500,0.6,1000,0.2,1400,0.2,1
5,16,83,2,10,5,0,300,0.5,1700,0.5,2
5,17,529,0,0,500,0.6,1000,0.2,1400,0.2,0
5,18,955,0,0,500,0.6,1000,0.2,1400,0.2,0
5,19,646,1,0,300,0.5,1700,0.5,2
6,0,422,1,0,500,0.6,1000,0.2,1400,0.2,1
6,1,688,1,0,300,0.5,1700,0.5,2
6,2,84,0,0,300,0.5,1700,0.5,1
6,3,667,2,10,5,0,300,0.5,1700,0.5,1
6,4,746,2,10,5,0,300,0.5,1700,0.5,0
6,5,582,2,10,5,0,500,0.6,1000,0.2,1400,0.2,0
6,6,801,1,0,300,0.5,1700,0.5,2
6,7,640,1,0,500,0.6,1000,0.2,1400,0.2,2
6,8,532,2,10,5,0,500,0.6,1000,0.2,1400,0.2,1
6,9,927,2,10,5,0,300,0.5,1700,0.5,0
6,10,786,1,0,500,0.6,1000,0.2,1400,0.2,1
6,11,539,0,0,500,0.6,1000,0.2,1400,0.2,1
6,12,415,1,0,300,0.5,1700,0.5,2
6,13,656,1,0,300,0.5,1700,0.5,1
6,14,824,1,0,500,0.6,1000,0.2,1400,0.2,0
6,15,106,2,10,5,0,500,0.6,1000,0.2,1400,0.2,2
6,16,600,2,10,5,0,300,0.5,1700,0.5,0
6,17,667,2,10,5,0,300,0.5,1700,0.5,1
6,18,36,2,10,5,0,300,0.5,1700,0.5,1
6,19,581,0,0,500,0.6,1000,0.2,1400,0.2,0
7,0,618,0,0,500,0.6,1000,0.2,1400,0.2,0
7,1,743,1,0,300,0.5,1700,0.5,1
7,2,17,0,0,500,0.6,1000,0.2,1400,0.2,1
7,3,18,1,0,500,0.6,1000,0.2,1400,0.2,1
7,4,504,1,0,500,0.6,1000,0.2,1400,0.2,0
7,5,739,1,0,300,0.5,1700,0.5,0
7,6,240,0,0,500,0.6,1000,0.2,1400,0.2,2
7,7,560,1,0,500,0.6,1000,0.2,1400,0.2,1
7,8,251,2,10,5,0,500,0.6,1000,0.2,1400,0.2,2
7,9,420,1,0,500,0.6,1000,0.2,1400,0.2,2
7,10,344,1,0,300,0.5,1700,0.5,0
7,11,160,2,10,5,0,300,0.5,1700,0.5,1
7,12,308,2,10,5,0,300,0.5,1700,0.5,2
7,13,156,2,10,5,0,500,0.6,1000,0.2,1400,0.2,0
7,14,30,1,0,500,0.6,1000,0.2,1400,0.2,1
7,15,505,2,10,5,0,500,0.6,1000,0.2,1400,0.2,1
7,16,150,0,0,300,0.5,1700,0.5,2
7,17,616,0,0,300,0.5,1700,0.5,1
7,18,106,2,10,5,0,300,0.5,1700,0.5,0
7,19,71,2,10,5,0,300,0.5,1700,0.5,0
8,0,177,0,0,500,0.6,1000,0.2,1400,0.2,2
8,1,817,0,0,500,0.6,1000,0.2,1400,0.2,2
8,2,886,2,10,5,0,300,0.5,1700,0.5,2
8,3,222,2,10,5,0,500,0.6,1000,0.2,1400,0.2,0
8,4,549,1,0,300,0.5,1700,0.5,0
8,5,863,2,10,5,0,500,0.6,1000,0.2,1400,0.2,0
8,6,323,2,10,5,0,300,0.5,1700,0.5,2
8,7,488,1,0,500,0.6,1000,0.2,1400,0.2,0
8,8,210,0,0,500,0.6,1000,0.2,1400,0.2,2
8,9,981,0,0,500,0.6,1000,0.2,1400,0.2,1
8,10,680,0,0,500,0.6,1000,0.2,1400,0.2,2
8,11,40,1,0,300,0.5,1700,0.5,0
8,12,76,1,0,300,0.5,1700,0.5,2
8,13,257,0,0,500,0.6,1000,0.2,1400,0.2,0
8,14,739,1,0,300,0.5,1700,0.5,0
8,15,580,2,10,5,0,300,0.5,1700,0.5,1
8,16,565,2,10,5,0,300,0.5,1700,0.5,0
8,17,424,0,0,500,0.6,1000,0.2,1400,0.2,1
8,18,127,2,10,5,0,300,0.5,1700,0.5,0
8,19,878,2,10,5,0,500,0.6,1000,0.2,1400,0.2,2
9,0,341,1,0,300,0.5,1700,0.5,2
9,1,211,2,10,5,0,500,0.6,1000,0.2,1400,0.2,2
9,2,386,2,10,5,0,500,0.6,1000,0.2,1400,0.2,2
9,3,170,2,10,5,0,300,0.5,1700,0.5,0
9,4,209,0,0,300,0.5,1700,0.5,1
9,5,744,2,10,5,0,300,0.5,1700,0.5,2
9,6,321,2,10,5,0,500,0.6,1000,0.2,1400,0.2,2
9,7,994,1,0,500,0.6,1000,0.2,1400,0.2,0
9,8,368,0,0,500,0.6,1000,0.2,1400,0.2,1
9,9,745,2,10,5,0,500,0.6,1000,0.2,1400,0.2,0
9,10,108,0,0,500,0.6,1000,0.2,1400,0.2,0
9,11,270,1,0,500,0.6,1000,0.2,1400,0.2,2
9,12,218,1,0,500,0.6,1000,0.2,1400,0.2,0
9,13,876,2,10,5,0,500,0.6,1000,0.2,1400,0.2,0
9,14,721,2,10,5,0,500,0.6,1000,0.2,1400,0.2,2
9,15,914,0,0,500,0.6,1000,0.2,1400,0.2,0
9,16,439,1,0,300,0.5,1700,0.5,1
9,17,69,0,0,500,0.6,1000,0.2,1400,0.2,2
9,18,727,0,0,300,0.5,1700,0.5,2
9,19,893,0,0,300,0.5,1700,0.5,2
10,0,363,0,0,500,0.6,1000,0.2,1400,0.2,1
10,1,747,0,0,300,0.5,1700,0.5,2
10,2,338,0,0,300,0.5,1700,0.5,2
10,3,21,2,10,5,0,300,0.5,1700,0.5,0
10,4,711,0,0,500,0.6,1000,0.2,1400,0.2,0
10,5,112,2,10,5,0,500,0.6,1000,0.2,1400,0.2,2
10,6,779,1,0,300,0.5,1700,0.5,0
10,7,963,2,10,5,0,500,0.6,1000,0.2,1400,0.2,0
10,8,372,1,0,300,0.5,1700,0.5,2
10,9,664,1,0,500,0.6,1000,0.2,1400,0.2,1
10,10,15,1,0,500,0.6,1000,0.2,1400,0.2,1
10,11,965,2,10,5,0,500,0.6,1000,0.2,1400,0.2,0
10,12,921,0,0,300,0.5,1700,0.5,2
10,13,25,2,10,5,0,300,0.5,1700,0.5,2
10,14,649,2,10,5,0,300,0.5,1700,0.5,1
10,15,244,0,0,500,0.6,1000,0.2,1400,0.2,0
10,16,955,0,0,300,0.5,1700,0.5,2
10,17,926,0,0,500,0.6,1000,0.2,1400,0.2,1
10,18,281,0,0,300,0.5,1700,0.5,1
10,19,659,0,0,300,0.5,1700,0.5,1
11,0,194,0,0,300,0.5,1700,0.5,2
11,1,249,2,10,5,0,500,0.6,1000,0.2,1400,0.2,1
11,2,465,1,0,300,0.5,1700,0.5,0
11,3,616,0,0,500,0.6,1000,0.2,1400,0.2,2
11,4,494,2,10,5,0,500,0.6,1000,0.2,1400,0.2,0
11,5,490,1,0,500,0.6,1000,0.2,1400,0.2,0
11,6,221,1,0,500,0.6,1000,0.2,1400,0.2,1
11,7,145,2,10,5,0,300,0.5,1700,0.5,2
11,8,22,1,0,300,0.5,1700,0.5,1
11,9,579,1,0,500,0.6,1000,0.2,1400,0.2,0
11,10,305,0,0,500,0.6,1000,0.2,1400,0.2,1
11,11,23,2,10,5,0,500,0.6,1000,0.2,1400,0.2,1
11,12,487,0,0,500,0.6,1000,0.2,1400,0.2,0
11,13,29,0,0,500,0.6,1000,0.2,1400,0.2,2
11,14,398,0,0,300,0.5,1700,0.5,2
11,15,194,1,0,500,0.6,1000,0.2,1400,0.2,1
11,16,855,2,10,5,0,500,0.6,1000,0.2,1400,0.2,1
11,17,720,1,0,300,0.5,1700,0.5,2
11,18,283,2,10,5,0,300,0.5,1700,0.5,2
11,19,221,1,0,300,0.5,1700,0.5,1
12,0,534,0,0,300,0.5,1700,0.5,2
12,1,707,2,10,5,0,500,0.6,1000,0.2,1400,0.2,1
12,2,572,1,0,300,0.5,1700,0.5,2
12,3,280,0,0,300,0.5,1700,0.5,2
12,4,779,0,0,500,0.6,1000,0.2,1400,0.2,1
12,5,964,2,10,5,0,300,0.5,1700,0.5,0
12,6,969,2,10,5,0,300,0.5,1700,0.5,2
12,7,990,0,0,300,0.5,1700,0.5,1
12,8,361,0,0,500,0.6,1000,0.2,1400,0.2,2
12,9,387,1,0,300,0.5,1700,0.5,1
12,10,317,1,0,300,0.5,1700,0.5,0
12,11,546,0,0,300,0.5,1700,0.5,1
12,12,693,1,0,300,0.5,1700,0.5,1
12,13,472,1,0,300,0.5,1700,0.5,1
12,14,501,2,10,5,0,500,0.6,1000,0.2,1400,0.2,2
12,15,154,2,10,5,0,300,0.5,1700,0.5,1
12,16,814,0,0,300,0.5,1700,0.5,2
12,17,470,0,0,300,0.5,1700,0.5,0
12,18,250,1,0,300,0.5,1700,0.5,0
12,19,181,2,10,5,0,300,0.5,1700,0.5,2
13,0,12,0,0,300,0.5,1700,0.5,0
13,1,107,1,0,300,0.5,1700,0.5,2
13,2,200,0,0,500,0.6,1000,0.2,1400,0.2,2
13,3,194,1,0,500,0.6,1000,0.2,1400,0.2,2
13,4,448,0,0,300,0.5,1700,0.5,2
13,5,240,1,0,500,0.6,1000,0.2,1400,0.2,0
13,6,384,1,0,500,0.6,1000,0.2,1400,0.2,2
13,7,321,2,10,5,0,300,0.5,1700,0.5,2
13,8,426,1,0,500,0.6,1000,0.2,1400,0.2,1
13,9,341,0,0,300,0.5,1700,0.5,2
13,10,774,0,0,500,0.6,1000,0.2,1400,0.2,2
13,11,715,1,0,500,0.6,1000,0.2,1400,0.2,2
13,12,690,1,0,300,0.5,1700,0.5,0
13,13,320,0,0,300,0.5,1700,0.5,1
13,14,37,2,10,5,0,300,0.5,1700,0.5,0
13,15,765,2,10,5,0,500,0.6,1000,0.2,1400,0.2,2
13,16,332,0,0,300,0.5,1700,0.5,1
13,17,627,1,0,300,0.5,1700,0.5,0
13,18,792,2,10,5,0,500,0.6,1000,0.2,1400,0.2,2
13,19,829,1,0,300,0.5,1700,0.5,0
14,0,797,0,0,300,0.5,1700,0.5,0
14,1,307,1,0,300,0.5,1700,0.5,1
14,2,358,0,0,500,0.6,1000,0.2,1400,0.2,2
14,3,934,0,0,500,0.6,1000,0.2,1400,0.2,1
14,4,476,0,0,500,0.6,1000,0.2,1400,0.2,1
14,5,142,0,0,500,0.6,1000,0.2,1400,0.2,0
14,6,408,1,0,500,0.6,1000,0.2,1400,0.2,0
14,7,968,2,10,5,0,500,0.6,1000,0.2,1400,0.2,0
14,8,917,1,0,500,0.6,1000,0.2,1400,0.2,1
14,9,576,2,10,5,0,500,0.6,1000,0.2,1400,0.2,1
14,10,519,1,0,500,0.6,1000,0.2,1400,0.2,2
14,11,733,0,0,500,0.6,1000,0.2,1400,0.2,0
14,12,442,1,0,500,0.6,1000,0.2,1400,0.2,2
14,13,119,2,10,5,0,300,0.5,1700,0.5,1
14,14,815,2,10,5,0,300,0.5,1700,0.5,0
14,15,786,0,0,300,0.5,1700,0.5,0
14,16,122,0,0,500,0.6,1000,0.2,1400,0.2,1
14,17,76,1,0,500,0.6,1000,0.2,1400,0.2,2
14,18,327,0,0,300,0.5,1700,0.5,2
14,19,675,0,0,500,0.6,1000,0.2,1400,0.2,0
15,0,912,0,0,500,0.6,1000,0.2,1400,0.2,2
15,1,797,0,0,500,0.6,1000,0.2,1400,0.2,0
15,2,925,0,0,500,0.6,1000,0.2,1400,0.2,2
15,3,145,2,10,5,0,300,0.5,1700,0.5,1
15,4,758,1,0,300,0.5,1700,0.5,0
15,5,672,1,0,500,0.6,1000,0.2,1400,0.2,2
15,6,420,0,0,500,0.6,1000,0.2,1400,0.2,0
15,7,124,1,0,300,0.5,1700,0.5,1
15,8,683,0,0,300,0.5,1700,0.5,2
15,9,405,0,0,500,0.6,1000,0.2,1400,0.2,1
15,10,912,1,0,500,0.6,1000,0.2,1400,0.2,1
15,11,742,0,0,500,0.6,1000,0.2,1400,0.2,2
15,12,92,2,10,5,0,300,0.5,1700,0.5,1
15,13,239,1,0,500,0.6,1000,0.2,1400,0.2,0
15,14,837,2,10,5,0,300,0.5,1700,0.5,2
15,15,399,0,0,300,0.5,1700,0.5,2
15,16,979,0,0,500,0.6,1000,0.2,1400,0.2,0
15,17,361,2,10,5,0,500,0.6,1000,0.2,1400,0.2,2
15,18,337,2,10,5,0,500,0.6,1000,0.2,1400,0.2,1
15,19,444,1,0,500,0.6,1000,0.2,1400,0.2,2
16,0,304,1,0,300,0.5,1700,0.5,2
16,1,138,2,10,5,0,500,0.6,1000,0.2,1400,0.2,1
16,2,452,2,10,5,0,500,0.6,1000,0.2,1400,0.2,0
16,3,931,1,0,500,0.6,1000,0.2,1400,0.2,0
16,4,563,0,0,500,0.6,1000,0.2,1400,0.2,1
16,5,466,0,0,300,0.5,1700,0.5,2
16,6,20,2,10,5,0,300,0.5,1700,0.5,0
16,7,335,0,0,300,0.5,1700,0.5,0
16,8,638,0,0,500,0.6,1000,0.2,1400,0.2,1
16,9,763,1,0,500,0.6,1000,0.2,1400,0.2,0
16,10,454,0,0,500,0.6,1000,0.2,1400,0.2,0
16,11,234,0,0,300,0.5,1700,0.5,2
16,12,21,2,10,5,0,300,0.5,1700,0.5,2
16,13,980,1,0,500,0.6,1000,0.2,1400,0.2,2
16,14,56,0,0,500,0.6,1000,0.2,1400,0.2,1
16,15,765,1,0,500,0.6,1000,0.2,1400,0.2,0
16,16,571,2,10,5,0,300,0.5,1700,0.5,1
16,17,22,1,0,300,0.5,1700,0.5,2
16,18,861,0,0,500,0.6,1000,0.2,1400,0.2,1
16,19,659,0,0,300,0.5,1700,0.5,2
17,0,164,0,0,300,0.5,1700,0.5,2
17,1,950,1,0,500,0.6,1000,0.2,1400,0.2,0
17,2,642,1,0,300,0.5,1700,0.5,2
17,3,73,0,0,300,0.5,1700,0.5,0
17,4,518,0,0,300,0.5,1700,0.5,1
17,5,149,1,0,300,0.5,1700,0.5,2
17,6,97,1,0,300,0.5,1700,0.5,1
17,7,131,1,0,500,0.6,1000,0.2,1400,0.2,0
17,8,594,1,0,300,0.5,1700,0.5,1
17,9,57,1,0,300,0.5,1700,0.5,0
17,10,974,0,0,500,0.6,1000,0.2,1400,0.2,0
17,11,582,1,0,500,0.6,1000,0.2,1400,0.2,2
17,12,625,1,0,500,0.6,1000,0.2,1400,0.2,1
17,13,290,2,10,5,0,300,0.5,1700,0.5,0
17,14,709,2,10,5,0,300,0.5,1700,0.5,1
17,15,447,1,0,500,0.6,1000,0.2,1400,0.2,2
17,16,163,2,10,5,0,500,0.6,1000,0.2,1400,0.2,1
17,17,512,2,10,5,0,300,0.5,1700,0.5,0
17,18,753,2,10,5,0,300,0.5,1700,0.5,0
17,19,355,0,0,500,0.6,1000,0.2,1400,0.2,0
18,0,144,0,0,500,0.6,1000,0.2,1400,0.2,1
18,1,509,2,10,5,0,300,0.5,1700,0.5,2
18,2,444,1,0,500,0.6,1000,0.2,1400,0.2,2
18,3,148,2,10,5,0,500,0.6,1000,0.2,1400,0.2,1
18,4,909,0,0,300,0.5,1700,0.5,1
18,5,734,2,10,5,0,300,0.5,1700,0.5,2
18,6,111,0,0,300,0.5,1700,0.5,1
18,7,521,0,0,300,0.5,1700,0.5,1
18,8,397,0,0,500,0.6,1000,0.2,1400,0.2,2
18,9,513,1,0,500,0.6,1000,0.2,1400,0.2,1
18,10,617,2,10,5,0,500,0.6,1000,0.2,1400,0.2,1
18,11,483,1,0,300,0.5,1700,0.5,0
18,12,666,0,0,500,0.6,1000,0.2,1400,0.2,0
18,13,659,0,0,300,0.5,1700,0.5,1
18,14,131,2,10,5,0,500,0.6,1000,0.2,1400,0.2,2
18,15,275,2,10,5,0,300,0.5,1700,0.5,2
18,16,58,2,10,5,0,500,0.6,1000,0.2,1400,0.2,0
18,17,21,1,0,300,0.5,1700,0.5,2
18,18,335,1,0,300,0.5,1700,0.5,2
18,19,846,0,0,300,0.5,1700,0.5,0
19,0,457,1,0,500,0.6,1000,0.2,1400,0.2,2
19,1,848,1,0,500,0.6,1000,0.2,1400,0.2,0
19,2,597,0,0,300,0.5,1700,0.5,2
19,3,296,1,0,300,0.5,1700,0.5,0
19,4,382,1,0,500,0.6,1000,0.2,1400,0.2,0
19,5,887,0,0,500,0.6,1000,0.2,1400,0.2,2
19,6,711,2,10,5,0,500,0.6,1000,0.2,1400,0.2,1
19,7,718,1,0,500,0.6,1000,0.2,1400,0.2,1
19,8,500,2,10,5,0,500,0.6,1000,0.2,1400,0.2,1
19,9,176,1,0,500,0.6,1000,0.2,1400,0.2,1
19,10,398,0,0,500,0.6,1000,0.2,1400,0.2,2
19,11,508,1,0,500,0.6,1000,0.2,1400,0.2,1
19,12,547,2,10,5,0,300,0.5,1700,0.5,1
19,13,865,2,10,5,0,300,0.5,1700,0.5,2
19,14,413,2,10,5,0,500,0.6,1000,0.2,1400,0.2,2
19,15,709,1,0,500,0.6,1000,0.2,1400,0.2,1
19,16,18,1,0,300,0.5,1700,0.5,2
19,17,479,0,0,300,0.5,1700,0.5,2
19,18,487,1,0,500,0.6,1000,0.2,1400,0.2,2
19,19,949,2,10,5,0,500,0.6,1000,0.2,1400,0.2,1
