0,0,215,2,10,5,0,300,0.5,1700,0.5,2
0,1,283,2,10,5,0,500,0.6,1000,0.2,1400,0.2,2
0,2,693,0,0,500,0.6,1000,0.2,1400,0.2,2
0,3,935,1,0,500,0.6,1000,0.2,1400,0.2,2
0,4,220,0,0,500,0.6,1000,0.2,1400,0.2,1
0,5,359,1,0,500,0.6,1000,0.2,1400,0.2,1
0,6,633,2,10,5,0,300,0.5,1700,0.5,2
0,7,879,0,0,500,0.6,1000,0.2,1400,0.2,2
0,8,793,0,0,300,0.5,1700,0.5,1
0,9,233,2,10,5,0,500,0.6,1000,0.2,1400,0.2,0
0,10,375,2,10,5,0,300,0.5,1700,0.5,2
0,11,968,2,10,5,0,500,0.6,1000,0.2,1400,0.2,0
0,12,979,0,0,300,0.5,1700,0.5,1
0,13,234,1,0,300,0.5,1700,0.5,1
0,14,167,1,0,500,0.6,1000,0.2,1400,0.2,0
0,15,364,1,0,300,0.5,1700,0.5,2
0,16,82,2,10,5,0,300,0.5,1700,0.5,0
0,17,711,1,0,300,0.5,1700,0.5,0
0,18,317,1,0,300,0.5,1700,0.5,2
0,19,351,0,0,300,0.5,1700,0.5,0
1,0,358,0,0,500,0.6,1000,0.2,1400,0.2,1
1,1,276,2,10,5,0,500,0.6,1000,0.2,1400,0.2,1
1,2,714,2,10,5,0,500,0.6,1000,0.2,1400,0.2,2
1,3,659,2,10,5,0,500,0.6,1000,0.2,1400,0.2,1
1,4,707,1,0,500,0.6,1000,0.2,1400,0.2,0
1,5,813,0,0,500,0.6,1000,0.2,1400,0.2,2
1,6,434,0,0,300,0.5,1700,0.5,0
1,7,678,2,10,5,0,300,0.5,1700,0.5,1
1,8,649,1,0,300,0.5,1700,0.5,0
1,9,57,1,0,300,0.5,1700,0.5,1
1,10,626,2,10,5,0,500,0.6,1000,0.2,1400,0.2,1
1,11,861,0,0,500,0.6,1000,0.2,1400,0.2,0
1,12,825,0,0,300,0.5,1700,0.5,2
1,13,494,2,10,5,0,300,0.5,1700,0.5,0
1,14,241,0,0,500,0.6,1000,0.2,1400,0.2,0
1,15,875,2,10,5,0,300,0.5,1700,0.5,1
1,16,46,1,0,500,0.6,1000,0.2,1400,0.2,0
1,17,340,1,0,300,0.5,1700,0.5,1
1,18,108,1,0,500,0.6,1000,0.2,1400,0.2,0
1,19,421,1,0,500,0.6,1000,0.2,1400,0.2,1
2,0,230,2,10,5,0,500,0.6,1000,0.2,1400,0.2,2
2,1,439,0,0,500,0.6,1000,0.2,1400,0.2,1
2,2,582,1,0,300,0.5,1700,0.5,0
2,3,381,1,0,300,0.5,1700,0.5,1
2,4,936,2,10,5,0,500,0.6,1000,0.2,1400,0.2,1
2,5,220,0,0,500,0.6,1000,0.2,1400,0.2,2
2,6,683,1,0,300,0.5,1700,0.5,0
2,7,990,1,0,500,0.6,1000,0.2,1400,0.2,0
2,8,772,1,0,500,0.6,1000,0.2,1400,0.2,1
2,9,11,1,0,500,0.6,1000,0.2,1400,0.2,2
2,10,418,0,0,500,0.6,1000,0.2,1400,0.2,0
2,11,253,2,10,5,0,500,0.6,1000,0.2,1400,0.2,2
2,12,627,2,10,5,0,500,0.6,1000,0.2,1400,0.2,1
2,13,509,0,0,300,0.5,1700,0.5,2
2,14,170,0,0,300,0.5,1700,0.5,0
2,15,251,0,0,500,0.6,1000,0.2,1400,0.2,0
2,16,223,0,0,500,0.6,1000,0.2,1400,0.2,1
2,17,808,1,0,500,0.6,1000,0.2,1400,0.2,0
2,18,494,1,0,500,0.6,1000,0.2,1400,0.2,1
2,19,931,0,0,300,0.5,1700,0.5,1
3,0,714,2,10,5,0,500,0.6,1000,0.2,1400,0.2,0
3,1,931,2,10,5,0,500,0.6,1000,0.2,1400,0.2,1
3,2,640,1,0,500,0.6,1000,0.2,1400,0.2,0
3,3,205,2,10,5,0,300,0.5,1700,0.5,2
3,4,802,1,0,300,0.5,1700,0.5,2
3,5,220,2,10,5,0,300,0.5,1700,0.5,0
3,6,426,2,10,5,0,300,0.5,1700,0.5,1
3,7,882,1,0,300,0.5,1700,0.5,2
3,8,891,0,0,500,0.6,1000,0.2,1400,0.2,0
3,9,472,1,0,500,0.6,1000,0.2,1400,0.2,2
3,10,267,1,0,500,0.6,1000,0.2,1400,0.2,1
3,11,431,1,0,300,0.5,1700,0.5,0
3,12,531,2,10,5,0,500,0.6,1000,0.2,1400,0.2,2
3,13,105,2,10,5,0,300,0.5,1700,0.5,2
3,14,188,0,0,500,0.6,1000,0.2,1400,0.2,0
3,15,679,0,0,300,0.5,1700,0.5,1
3,16,181,0,0,300,0.5,1700,0.5,2
3,17,798,1,0,300,0.5,1700,0.5,2
3,18,113,0,0,300,0.5,1700,0.5,1
3,19,684,0,0,300,0.5,1700,0.5,2
4,0,61,1,0,300,0.5,1700,0.5,0
4,1,636,2,10,5,0,300,0.5,1700,0.5,1
4,2,407,2,10,5,0,300,0.5,1700,0.5,2
4,3,802,0,0,300,0.5,1700,0.5,1
4,4,157,1,0,300,0.5,1700,0.5,1
4,5,295,2,10,5,0,300,0.5,1700,0.5,1
4,6,587,1,0,300,0.5,1700,0.5,1
4,7,466,1,0,300,0.5,1700,0.5,1
4,8,654,1,0,500,0.6,1000,0.2,1400,0.2,2
4,9,533,0,0,500,0.6,1000,0.2,1400,0.2,0
4,10,133,2,10,5,0,300,0.5,1700,0.5,1
4,11,189,0,0,300,0.5,1700,0.5,1
4,12,925,1,0,500,0.6,1000,0.2,1400,0.2,2
4,13,327,0,0,500,0.6,1000,0.2,1400,0.2,1
4,14,91,0,0,300,0.5,1700,0.5,0
4,15,397,2,10,5,0,500,0.6,1000,0.2,1400,0.2,1
4,16,735,0,0,300,0.5,1700,0.5,1
4,17,242,0,0,300,0.5,1700,0.5,0
4,18,545,0,0,500,0.6,1000,0.2,1400,0.2,0
4,19,876,2,10,5,0,300,0.5,1700,0.5,0
5,0,415,1,0,300,0.5,1700,0.5,1
5,1,303,0,0,500,0.6,1000,0.2,1400,0.2,0
5,2,462,2,10,5,0,500,0.6,1000,0.2,1400,0.2,2
5,3,633,0,0,300,0.5,1700,0.5,1
5,4,529,2,10,5,0,300,0.5,1700,0.5,1
5,5,631,2,10,5,0,300,0.5,1700,0.5,2
5,6,454,0,0,300,0.5,1700,0.5,1
5,7,153,1,0,300,0.5,1700,0.5,1
5,8,186,0,0,300,0.5,1700,0.5,1
5,9,582,0,0,500,0.6,1000,0.2,1400,0.2,0
5,10,777,2,10,5,0,500,0.6,1000,0.2,1400,0.2,1
5,11,268,1,0,500,0.6,1000,0.2,1400,0.2,2
5,12,74,0,0,300,0.5,1700,0.5,1
5,13,184,2,10,5,0,500,0.6,1000,0.2,1400,0.2,0
5,14,244,2,10,5,0,500,0.6,1000,0.2,1400,0.2,1
5,15,327,1,0,500,0.6,1000,0.2,1400,0.2,2
5,16,548,1,0,300,0.5,1700,0.5,1
5,17,137,1,0,300,0.5,1700,0.5,1
5,18,922,0,0,300,0.5,1700,0.5,2
5,19,36,2,10,5,0,300,0.5,1700,0.5,1
6,0,713,2,10,5,0,500,0.6,1000,0.2,1400,0.2,0
6,1,19,2,10,5,0,300,0.5,1700,0.5,1
6,2,45,1,0,500,0.6,1000,0.2,1400,0.2,2
6,3,296,2,10,5,0,500,0.6,1000,0.2,1400,0.2,1
6,4,540,0,0,300,0.5,1700,0.5,1
6,5,589,2,10,5,0,300,0.5,1700,0.5,2
6,6,301,0,0,500,0.6,1000,0.2,1400,0.2,1
6,7,972,2,10,5,0,500,0.6,1000,0.2,1400,0.2,0
6,8,229,1,0,500,0.6,1000,0.2,1400,0.2,0
6,9,79,0,0,500,0.6,1000,0.2,1400,0.2,1
6,10,359,1,0,300,0.5,1700,0.5,2
6,11,973,0,0,300,0.5,1700,0.5,2
6,12,511,1,0,300,0.5,1700,0.5,0
6,13,605,2,10,5,0,300,0.5,1700,0.5,1
6,14,379,0,0,500,0.6,1000,0.2,1400,0.2,0
6,15,502,1,0,500,0.6,1000,0.2,1400,0.2,2
6,16,13,0,0,300,0.5,1700,0.5,0
6,17,628,2,10,5,0,500,0.6,1000,0.2,1400,0.2,2
6,18,944,2,10,5,0,300,0.5,1700,0.5,2
6,19,631,0,0,500,0.6,1000,0.2,1400,0.2,0
7,0,288,0,0,300,0.5,1700,0.5,0
7,1,234,2,10,5,0,300,0.5,1700,0.5,1
7,2,83,0,0,500,0.6,1000,0.2,1400,0.2,1
7,3,256,2,10,5,0,500,0.6,1000,0.2,1400,0.2,1
7,4,763,2,10,5,0,500,0.6,1000,0.2,1400,0.2,1
7,5,356,0,0,500,0.6,1000,0.2,1400,0.2,0
7,6,279,1,0,500,0.6,1000,0.2,1400,0.2,2
7,7,316,1,0,300,0.5,1700,0.5,0
7,8,502,0,0,500,0.6,1000,0.2,1400,0.2,2
7,9,802,1,0,300,0.5,1700,0.5,1
7,10,930,0,0,300,0.5,1700,0.5,1
7,11,29,1,0,300,0.5,1700,0.5,1
7,12,83,0,0,500,0.6,1000,0.2,1400,0.2,2
7,13,840,1,0,300,0.5,1700,0.5,0
7,14,861,2,10,5,0,500,0.6,1000,0.2,1400,0.2,0
7,15,607,2,10,5,0,300,0.5,1700,0.5,2
7,16,282,1,0,500,0.6,1000,0.2,1400,0.2,1
7,17,657,0,0,300,0.5,1700,0.5,0
7,18,367,2,10,5,0,300,0.5,1700,0.5,2
7,19,235,2,10,5,0,500,0.6,1000,0.2,1400,0.2,1
8,0,38,2,10,5,0,500,0.6,1000,0.2,1400,0.2,2
8,1,446,0,0,500,0.6,1000,0.2,1400,0.2,1
8,2,325,2,10,5,0,500,0.6,1000,0.2,1400,0.2,1
8,3,650,1,0,300,0.5,1700,0.5,2
8,4,677,0,0,300,0.5,1700,0.5,2
8,5,648,2,10,5,0,500,0.6,1000,0.2,1400,0.2,1
8,6,10,1,0,500,0.6,1000,0.2,1400,0.2,2
8,7,37,1,0,300,0.5,1700,0.5,1
8,8,204,2,10,5,0,500,0.6,1000,0.2,1400,0.2,2
8,9,876,0,0,500,0.6,1000,0.2,1400,0.2,1
8,10,140,1,0,300,0.5,1700,0.5,1
8,11,790,1,0,500,0.6,1000,0.2,1400,0.2,0
8,12,611,2,10,5,0,300,0.5,1700,0.5,1
8,13,966,2,10,5,0,500,0.6,1000,0.2,1400,0.2,1
8,14,605,1,0,300,0.5,1700,0.5,2
8,15,117,0,0,500,0.6,1000,0.2,1400,0.2,2
8,16,372,1,0,500,0.6,1000,0.2,1400,0.2,2
8,17,312,1,0,500,0.6,1000,0.2,1400,0.2,1
8,18,708,2,10,5,0,300,0.5,1700,0.5,0
8,19,703,1,0,300,0.5,1700,0.5,1
9,0,247,1,0,500,0.6,1000,0.2,1400,0.2,2
9,1,396,1,0,300,0.5,1700,0.5,1
9,2,468,2,10,5,0,300,0.5,1700,0.5,1
9,3,687,1,0,300,0.5,1700,0.5,0
9,4,668,2,10,5,0,500,0.6,1000,0.2,1400,0.2,2
9,5,596,0,0,300,0.5,1700,0.5,1
9,6,901,2,10,5,0,500,0.6,1000,0.2,1400,0.2,2
9,7,253,0,0,500,0.6,1000,0.2,1400,0.2,0
9,8,694,1,0,500,0.6,1000,0.2,1400,0.2,2
9,9,937,1,0,300,0.5,1700,0.5,0
9,10,249,1,0,500,0.6,1000,0.2,1400,0.2,1
9,11,742,0,0,300,0.5,1700,0.5,2
9,12,922,2,10,5,0,500,0.6,1000,0.2,1400,0.2,0
9,13,519,2,10,5,0,500,0.6,1000,0.2,1400,0.2,1
9,14,984,2,10,5,0,500,0.6,1000,0.2,1400,0.2,1
9,15,563,1,0,500,0.6,1000,0.2,1400,0.2,2
9,16,978,1,0,500,0.6,1000,0.2,1400,0.2,2
9,17,478,0,0,300,0.5,1700,0.5,2
9,18,86,1,0,300,0.5,1700,0.5,1
9,19,128,2,10,5,0,500,0.6,1000,0.2,1400,0.2,1
10,0,156,0,0,300,0.5,1700,0.5,0
10,1,944,2,10,5,0,300,0.5,1700,0.5,0
10,2,635,0,0,300,0.5,1700,0.5,2
10,3,193,1,0,300,0.5,1700,0.5,2
10,4,166,0,0,500,0.6,1000,0.2,1400,0.2,2
10,5,898,1,0,300,0.5,1700,0.5,2
10,6,748,2,10,5,0,300,0.5,1700,0.5,1
10,7,341,2,10,5,0,300,0.5,1700,0.5,2
10,8,965,0,0,300,0.5,1700,0.5,2
10,9,179,2,10,5,0,300,0.5,1700,0.5,0
10,10,928,0,0,500,0.6,1000,0.2,1400,0.2,0
10,11,877,1,0,300,0.5,1700,0.5,0
10,12,94,0,0,500,0.6,1000,0.2,1400,0.2,2
10,13,477,2,10,5,0,500,0.6,1000,0.2,1400,0.2,1
10,14,326,2,10,5,0,500,0.6,1000,0.2,1400,0.2,1
10,15,49,0,0,300,0.5,1700,0.5,2
10,16,989,1,0,300,0.5,1700,0.5,1
10,17,1000,2,10,5,0,500,0.6,1000,0.2,1400,0.2,2
10,18,845,1,0,500,0.6,1000,0.2,1400,0.2,1
10,19,914,2,10,5,0,300,0.5,1700,0.5,0
11,0,47,2,10,5,0,300,0.5,1700,0.5,0
11,1,535,2,10,5,0,500,0.6,1000,0.2,1400,0.2,2
11,2,636,2,10,5,0,300,0.5,1700,0.5,0
11,3,905,0,0,300,0.5,1700,0.5,2
11,4,955,2,10,5,0,500,0.6,1000,0.2,1400,0.2,1
11,5,90,1,0,500,0.6,1000,0.2,1400,0.2,0
11,6,119,1,0,500,0.6,1000,0.2,1400,0.2,0
11,7,291,0,0,300,0.5,1700,0.5,0
11,8,603,0,0,300,0.5,1700,0.5,0
11,9,332,2,10,5,0,300,0.5,1700,0.5,0
11,10,931,1,0,300,0.5,1700,0.5,0
11,11,833,1,0,500,0.6,1000,0.2,1400,0.2,2
11,12,163,1,0,300,0.5,1700,0.5,1
11,13,153,0,0,300,0.5,1700,0.5,1
11,14,93,2,10,5,0,500,0.6,1000,0.2,1400,0.2,0
11,15,855,2,10,5,0,300,0.5,1700,0.5,1
11,16,210,0,0,500,0.6,1000,0.2,1400,0.2,1
11,17,776,2,10,5,0,300,0.5,1700,0.5,1
11,18,684,1,0,300,0.5,1700,0.5,2
11,19,842,1,0,500,0.6,1000,0.2,1400,0.2,0
12,0,250,1,0,500,0.6,1000,0.2,1400,0.2,2
12,1,903,0,0,300,0.5,1700,0.5,2
12,2,394,2,10,5,0,500,0.6,1000,0.2,1400,0.2,0
12,3,270,1,0,300,0.5,1700,0.5,0
12,4,109,1,0,500,0.6,1000,0.2,1400,0.2,0
12,5,78,0,0,500,0.6,1000,0.2,1400,0.2,0
12,6,143,0,0,300,0.5,1700,0.5,2
12,7,766,0,0,300,0.5,1700,0.5,1
12,8,660,1,0,500,0.6,1000,0.2,1400,0.2,2
12,9,841,1,0,300,0.5,1700,0.5,0
12,10,365,2,10,5,0,500,0.6,1000,0.2,1400,0.2,2
12,11,650,1,0,300,0.5,1700,0.5,0
12,12,673,1,0,300,0.5,1700,0.5,2
12,13,361,1,0,500,0.6,1000,0.2,1400,0.2,1
12,14,156,0,0,500,0.6,1000,0.2,1400,0.2,0
12,15,468,1,0,300,0.5,1700,0.5,2
12,16,102,1,0,500,0.6,1000,0.2,1400,0.2,1
12,17,705,0,0,300,0.5,1700,0.5,1
12,18,332,0,0,300,0.5,1700,0.5,1
12,19,459,0,0,300,0.5,1700,0.5,1
13,0,633,0,0,500,0.6,1000,0.2,1400,0.2,2
13,1,886,0,0,500,0.6,1000,0.2,1400,0.2,2
13,2,807,0,0,500,0.6,1000,0.2,1400,0.2,0
13,3,213,1,0,500,0.6,1000,0.2,1400,0.2,0
13,4,162,2,10,5,0,500,0.6,1000,0.2,1400,0.2,2
13,5,261,2,10,5,0,300,0.5,1700,0.5,0
13,6,61,1,0,300,0.5,1700,0.5,0
13,7,552,2,10,5,0,300,0.5,1700,0.5,2
13,8,835,1,0,300,0.5,1700,0.5,2
13,9,266,1,0,300,0.5,1700,0.5,2
13,10,616,0,0,500,0.6,1000,0.2,1400,0.2,0
13,11,937,0,0,500,0.6,1000,0.2,1400,0.2,2
13,12,413,1,0,500,0.6,1000,0.2,1400,0.2,2
13,13,882,2,10,5,0,500,0.6,1000,0.2,1400,0.2,0
13,14,805,2,10,5,0,500,0.6,1000,0.2,1400,0.2,2
13,15,681,0,0,300,0.5,1700,0.5,2
13,16,897,2,10,5,0,300,0.5,1700,0.5,2
13,17,802,1,0,300,0.5,1700,0.5,0
13,18,928,1,0,500,0.6,1000,0.2,1400,0.2,0
13,19,871,1,0,500,0.6,1000,0.2,1400,0.2,1
14,0,226,2,10,5,0,300,0.5,1700,0.5,0
14,1,521,0,0,300,0.5,1700,0.5,0
14,2,638,0,0,300,0.5,1700,0.5,2
14,3,253,2,10,5,0,500,0.6,1000,0.2,1400,0.2,2
14,4,403,1,0,500,0.6,1000,0.2,1400,0.2,1
14,5,726,2,10,5,0,500,0.6,1000,0.2,1400,0.2,0
14,6,193,2,10,5,0,500,0.6,1000,0.2,1400,0.2,0
14,7,193,2,10,5,0,500,0.6,1000,0.2,1400,0.2,0
14,8,579,2,10,5,0,300,0.5,1700,0.5,0
14,9,662,2,10,5,0,500,0.6,1000,0.2,1400,0.2,1
14,10,369,0,0,300,0.5,1700,0.5,0
14,11,359,0,0,300,0.5,1700,0.5,1
14,12,738,0,0,300,0.5,1700,0.5,2
14,13,61,0,0,500,0.6,1000,0.2,1400,0.2,0
14,14,690,2,10,5,0,500,0.6,1000,0.2,1400,0.2,1
14,15,235,0,0,300,0.5,1700,0.5,2
14,16,76,0,0,300,0.5,1700,0.5,1
14,17,469,2,10,5,0,500,0.6,1000,0.2,1400,0.2,2
14,18,542,0,0,300,0.5,1700,0.5,1
14,19,788,2,10,5,0,300,0.5,1700,0.5,0
15,0,971,1,0,300,0.5,1700,0.5,0
15,1,219,0,0,500,0.6,1000,0.2,1400,0.2,2
15,2,58,0,0,300,0.5,1700,0.5,0
15,3,54,0,0,500,0.6,1000,0.2,1400,0.2,2
15,4,42,1,0,300,0.5,1700,0.5,1
15,5,611,2,10,5,0,500,0.6,1000,0.2,1400,0.2,1
15,6,453,2,10,5,0,500,0.6,1000,0.2,1400,0.2,2
15,7,706,1,0,300,0.5,1700,0.5,2
15,8,481,2,10,5,0,500,0.6,1000,0.2,1400,0.2,2
15,9,961,1,0,300,0.5,1700,0.5,1
15,10,707,0,0,500,0.6,1000,0.2,1400,0.2,0
15,11,664,2,10,5,0,300,0.5,1700,0.5,2
15,12,121,1,0,500,0.6,1000,0.2,1400,0.2,1
15,13,847,1,0,500,0.6,1000,0.2,1400,0.2,0
15,14,86,1,0,500,0.6,1000,0.2,1400,0.2,1
15,15,308,0,0,300,0.5,1700,0.5,0
15,16,208,2,10,5,0,500,0.6,1000,0.2,1400,0.2,2
15,17,568,2,10,5,0,300,0.5,1700,0.5,2
15,18,728,2,10,5,0,500,0.6,1000,0.2,1400,0.2,0
15,19,903,1,0,500,0.6,1000,0.2,1400,0.2,1
16,0,176,2,10,5,0,500,0.6,1000,0.2,1400,0.2,2
16,1,626,1,0,500,0.6,1000,0.2,1400,0.2,2
16,2,557,2,10,5,0,500,0.6,1000,0.2,1400,0.2,1
16,3,343,0,0,500,0.6,1000,0.2,1400,0.2,2
16,4,38,1,0,500,0.6,1000,0.2,1400,0.2,1
16,5,48,1,0,500,0.6,1000,0.2,1400,0.2,0
16,6,777,1,0,300,0.5,1700,0.5,2
16,7,112,1,0,300,0.5,1700,0.5,0
16,8,709,0,0,300,0.5,1700,0.5,2
16,9,63,2,10,5,0,300,0.5,1700,0.5,1
16,10,513,2,10,5,0,300,0.5,1700,0.5,2
16,11,192,2,10,5,0,500,0.6,1000,0.2,1400,0.2,1
16,12,86,0,0,500,0.6,1000,0.2,1400,0.2,1
16,13,52,0,0,300,0.5,1700,0.5,1
16,14,204,1,0,300,0.5,1700,0.5,0
16,15,933,2,10,5,0,500,0.6,1000,0.2,1400,0.2,1
16,16,732,2,10,5,0,300,0.5,1700,0.5,1
16,17,377,0,0,500,0.6,1000,0.2,1400,0.2,0
16,18,456,1,0,500,0.6,1000,0.2,1400,0.2,0
16,19,709,1,0,500,0.6,1000,0.2,1400,0.2,0
17,0,461,1,0,300,0.5,1700,0.5,2
17,1,197,1,0,300,0.5,1700,0.5,0
17,2,976,0,0,500,0.6,1000,0.2,1400,0.2,2
17,3,156,0,0,500,0.6,1000,0.2,1400,0.2,2
17,4,860,2,10,5,0,500,0.6,1000,0.2,1400,0.2,0
17,5,438,0,0,500,0.6,1000,0.2,1400,0.2,1
17,6,378,0,0,300,0.5,1700,0.5,1
17,7,918,2,10,5,0,500,0.6,1000,0.2,1400,0.2,1
17,8,920,1,0,500,0.6,1000,0.2,1400,0.2,2
17,9,857,1,0,500,0.6,1000,0.2,1400,0.2,0
17,10,934,2,10,5,0,300,0.5,1700,0.5,1
17,11,653,2,10,5,0,300,0.5,1700,0.5,2
17,12,612,1,0,500,0.6,1000,0.2,1400,0.2,0
17,13,144,0,0,300,0.5,1700,0.5,2
17,14,536,2,10,5,0,500,0.6,1000,0.2,1400,0.2,2
17,15,26,2,10,5,0,500,0.6,1000,0.2,1400,0.2,2
17,16,491,1,0,500,0.6,1000,0.2,1400,0.2,1
17,17,329,2,10,5,0,300,0.5,1700,0.5,2
17,18,932,2,10,5,0,500,0.6,1000,0.2,1400,0.2,0
17,19,193,0,0,500,0.6,1000,0.2,1400,0.2,1
18,0,506,2,10,5,0,300,0.5,1700,0.5,2
18,1,528,0,0,300,0.5,1700,0.5,1
18,2,558,0,0,300,0.5,1700,0.5,0
18,3,316,2,10,5,0,300,0.5,1700,0.5,1
18,4,338,0,0,300,0.5,1700,0.5,1
18,5,390,1,0,300,0.5,1700,0.5,0
18,6,595,0,0,500,0.6,1000,0.2,1400,0.2,0
18,7,599,0,0,300,0.5,1700,0.5,1
18,8,46,0,0,500,0.6,1000,0.2,1400,0.2,2
18,9,668,1,0,300,0.5,1700,0.5,1
18,10,594,2,10,5,0,300,0.5,1700,0.5,0
18,11,663,2,10,5,0,500,0.6,1000,0.2,1400,0.2,0
18,12,63,2,10,5,0,300,0.5,1700,0.5,0
18,13,678,2,10,5,0,500,0.6,1000,0.2,1400,0.2,2
18,14,404,1,0,300,0.5,1700,0.5,2
18,15,67,2,10,5,0,300,0.5,1700,0.5,2
18,16,526,1,0,500,0.6,1000,0.2,1400,0.2,2
18,17,778,2,10,5,0,300,0.5,1700,0.5,1
18,18,280,2,10,5,0,500,0.6,1000,0.2,1400,0.2,2
18,19,910,1,0,300,0.5,1700,0.5,1
19,0,516,2,10,5,0,500,0.6,1000,0.2,1400,0.2,1
19,1,117,1,0,500,0.6,1000,0.2,1400,0.2,0
19,2,885,1,0,300,0.5,1700,0.5,2
19,3,378,1,0,300,0.5,1700,0.5,1
19,4,425,0,0,300,0.5,1700,0.5,2
19,5,463,1,0,300,0.5,1700,0.5,1
19,6,887,1,0,500,0.6,1000,0.2,1400,0.2,1
19,7,701,1,0,300,0.5,1700,0.5,2
19,8,783,0,0,500,0.6,1000,0.2,1400,0.2,0
19,9,354,0,0,500,0.6,1000,0.2,1400,0.2,0
19,10,478,1,0,300,0.5,1700,0.5,1
19,11,762,2,10,5,0,500,0.6,1000,0.2,1400,0.2,1
19,12,401,0,0,500,0.6,1000,0.2,1400,0.2,2
19,13,988,0,0,300,0.5,1700,0.5,2
19,14,400,0,0,500,0.6,1000,0.2,1400,0.2,2
19,15,26,0,0,500,0.6,1000,0.2,1400,0.2,1
19,16,525,2,10,5,0,300,0.5,1700,0.5,2
19,17,38,2,10,5,0,500,0.6,1000,0.2,1400,0.2,1
19,18,39,1,0,300,0.5,1700,0.5,1
19,19,879,0,0,500,0.6,1000,0.2,1400,0.2,2
