0,0,553,2,10,5,0,300,0.5,1700,0.5,2
0,1,705,2,10,5,0,300,0.5,1700,0.5,1
0,2,807,1,0,300,0.5,1700,0.5,0
0,3,26,0,0,500,0.6,1000,0.2,1400,0.2,2
0,4,296,0,0,500,0.6,1000,0.2,1400,0.2,1
0,5,374,1,0,300,0.5,1700,0.5,2
0,6,146,0,0,300,0.5,1700,0.5,0
0,7,837,1,0,500,0.6,1000,0.2,1400,0.2,2
0,8,86,1,0,500,0.6,1000,0.2,1400,0.2,2
0,9,519,0,0,300,0.5,1700,0.5,1
0,10,749,2,10,5,0,500,0.6,1000,0.2,1400,0.2,1
0,11,235,0,0,500,0.6,1000,0.2,1400,0.2,0
0,12,817,2,10,5,0,300,0.5,1700,0.5,0
0,13,262,2,10,5,0,500,0.6,1000,0.2,1400,0.2,2
0,14,477,0,0,300,0.5,1700,0.5,1
0,15,11,2,10,5,0,300,0.5,1700,0.5,1
0,16,606,2,10,5,0,500,0.6,1000,0.2,1400,0.2,1
0,17,88,1,0,300,0.5,1700,0.5,2
0,18,36,1,0,500,0.6,1000,0.2,1400,0.2,0
0,19,141,2,10,5,0,500,0.6,1000,0.2,1400,0.2,0
1,0,118,0,0,300,0.5,1700,0.5,1
1,1,833,1,0,500,0.6,1000,0.2,1400,0.2,0
1,2,468,0,0,500,0.6,1000,0.2,1400,0.2,0
1,3,739,0,0,500,0.6,1000,0.2,1400,0.2,0
1,4,613,2,10,5,0,300,0.5,1700,0.5,0
1,5,523,2,10,5,0,300,0.5,1700,0.5,2
1,6,188,1,0,300,0.5,1700,0.5,1
1,7,403,0,0,300,0.5,1700,0.5,1
1,8,471,1,0,300,0.5,1700,0.5,2
1,9,186,1,0,500,0.6,1000,0.2,1400,0.2,2
1,10,854,1,0,300,0.5,1700,0.5,0
1,11,721,2,10,5,0,300,0.5,1700,0.5,1
1,12,221,0,0,500,0.6,1000,0.2,1400,0.2,1
1,13,925,1,0,300,0.5,1700,0.5,2
1,14,785,1,0,500,0.6,1000,0.2,1400,0.2,0
1,15,474,2,10,5,0,500,0.6,1000,0.2,1400,0.2,0
1,16,453,0,0,500,0.6,1000,0.2,1400,0.2,0
1,17,348,1,0,300,0.5,1700,0.5,0
1,18,419,1,0,500,0.6,1000,0.2,1400,0.2,0
1,19,495,2,10,5,0,300,0.5,1700,0.5,2
2,0,121,1,0,300,0.5,1700,0.5,0
2,1,583,0,0,300,0.5,1700,0.5,1
2,2,581,0,0,500,0.6,1000,0.2,1400,0.2,2
2,3,241,2,10,5,0,500,0.6,1000,0.2,1400,0.2,0
2,4,206,2,10,5,0,300,0.5,1700,0.5,2
2,5,461,0,0,500,0.6,1000,0.2,1400,0.2,0
2,6,391,0,0,500,0.6,1000,0.2,1400,0.2,1
2,7,820,0,0,500,0.6,1000,0.2,1400,0.2,0
2,8,548,2,10,5,0,300,0.5,1700,0.5,1
2,9,881,1,0,300,0.5,1700,0.5,0
2,10,532,0,0,500,0.6,1000,0.2,1400,0.2,2
2,11,247,2,10,5,0,300,0.5,1700,0.5,2
2,12,437,2,10,5,0,500,0.6,1000,0.2,1400,0.2,2
2,13,440,2,10,5,0,500,0.6,1000,0.2,1400,0.2,1
2,14,520,1,0,500,0.6,1000,0.2,1400,0.2,2
2,15,448,0,0,500,0.6,1000,0.2,1400,0.2,1
2,16,17,2,10,5,0,500,0.6,1000,0.2,1400,0.2,2
2,17,443,2,10,5,0,500,0.6,1000,0.2,1400,0.2,1
2,18,346,0,0,500,0.6,1000,0.2,1400,0.2,1
2,19,34,2,10,5,0,500,0.6,1000,0.2,1400,0.2,1
3,0,583,0,0,300,0.5,1700,0.5,2
3,1,677,2,10,5,0,300,0.5,1700,0.5,1
3,2,590,2,10,5,0,500,0.6,1000,0.2,1400,0.2,1
3,3,301,2,10,5,0,500,0.6,1000,0.2,1400,0.2,2
3,4,445,1,0,300,0.5,1700,0.5,1
3,5,333,1,0,300,0.5,1700,0.5,1
3,6,245,1,0,500,0.6,1000,0.2,1400,0.2,1
3,7,733,2,10,5,0,300,0.5,1700,0.5,2
3,8,961,2,10,5,0,300,0.5,1700,0.5,0
3,9,397,0,0,300,0.5,1700,0.5,2
3,10,507,0,0,300,0.5,1700,0.5,1
3,11,799,2,10,5,0,300,0.5,1700,0.5,0
3,12,213,0,0,300,0.5,1700,0.5,0
3,13,738,2,10,5,0,500,0.6,1000,0.2,1400,0.2,0
3,14,869,0,0,300,0.5,1700,0.5,1
3,15,653,2,10,5,0,500,0.6,1000,0.2,1400,0.2,2
3,16,37,1,0,500,0.6,1000,0.2,1400,0.2,2
3,17,792,0,0,300,0.5,1700,0.5,2
3,18,588,0,0,500,0.6,1000,0.2,1400,0.2,1
3,19,783,0,0,500,0.6,1000,0.2,1400,0.2,2
4,0,949,2,10,5,0,300,0.5,1700,0.5,2
4,1,402,0,0,300,0.5,1700,0.5,0
4,2,800,2,10,5,0,500,0.6,1000,0.2,1400,0.2,1
4,3,233,2,10,5,0,300,0.5,1700,0.5,2
4,4,780,2,10,5,0,500,0.6,1000,0.2,1400,0.2,0
4,5,85,0,0,500,0.6,1000,0.2,1400,0.2,1
4,6,70,0,0,300,0.5,1700,0.5,1
4,7,811,0,0,500,0.6,1000,0.2,1400,0.2,0
4,8,232,2,10,5,0,300,0.5,1700,0.5,0
4,9,706,2,10,5,0,300,0.5,1700,0.5,0
4,10,651,1,0,300,0.5,1700,0.5,0
4,11,398,0,0,300,0.5,1700,0.5,2
4,12,31,1,0,500,0.6,1000,0.2,1400,0.2,2
4,13,956,2,10,5,0,300,0.5,1700,0.5,1
4,14,136,1,0,300,0.5,1700,0.5,2
4,15,829,0,0,500,0.6,1000,0.2,1400,0.2,1
4,16,378,1,0,500,0.6,1000,0.2,1400,0.2,2
4,17,326,0,0,300,0.5,1700,0.5,0
4,18,339,0,0,300,0.5,1700,0.5,1
4,19,324,1,0,500,0.6,1000,0.2,1400,0.2,2
5,0,868,2,10,5,0,300,0.5,1700,0.5,1
5,1,265,2,10,5,0,300,0.5,1700,0.5,2
5,2,154,1,0,300,0.5,1700,0.5,1
5,3,821,2,10,5,0,300,0.5,1700,0.5,1
5,4,476,2,10,5,0,300,0.5,1700,0.5,1
5,5,234,2,10,5,0,300,0.5,1700,0.5,1
5,6,291,2,10,5,0,300,0.5,1700,0.5,1
5,7,105,1,0,300,0.5,1700,0.5,1
5,8,771,1,0,500,0.6,1000,0.2,1400,0.2,0
5,9,824,1,0,500,0.6,1000,0.2,1400,0.2,1
5,10,245,2,10,5,0,300,0.5,1700,0.5,1
5,11,15,1,0,300,0.5,1700,0.5,2
5,12,967,1,0,500,0.6,1000,0.2,1400,0.2,0
5,13,921,1,0,300,0.5,1700,0.5,1
5,14,745,0,0,300,0.5,1700,0.5,0
5,15,748,1,0,500,0.6,1000,0.2,1400,0.2,2
5,16,775,0,0,500,0.6,1000,0.2,1400,0.2,1
5,17,650,0,0,500,0.6,1000,0.2,1400,0.2,2
5,18,259,0,0,500,0.6,1000,0.2,1400,0.2,2
5,19,625,2,10,5,0,500,0.6,1000,0.2,1400,0.2,1
6,0,821,1,0,500,0.6,1000,0.2,1400,0.2,0
6,1,626,2,10,5,0,300,0.5,1700,0.5,1
6,2,475,1,0,500,0.6,1000,0.2,1400,0.2,2
6,3,229,1,0,300,0.5,1700,0.5,0
6,4,857,0,0,500,0.6,1000,0.2,1400,0.2,2
6,5,383,0,0,300,0.5,1700,0.5,0
6,6,651,1,0,500,0.6,1000,0.2,1400,0.2,1
6,7,177,1,0,500,0.6,1000,0.2,1400,0.2,1
6,8,957,2,10,5,0,300,0.5,1700,0.5,0
6,9,729,1,0,300,0.5,1700,0.5,1
6,10,712,0,0,300,0.5,1700,0.5,0
6,11,408,1,0,300,0.5,1700,0.5,1
6,12,360,2,10,5,0,300,0.5,1700,0.5,2
6,13,904,1,0,500,0.6,1000,0.2,1400,0.2,1
6,14,157,2,10,5,0,300,0.5,1700,0.5,0
6,15,915,1,0,500,0.6,1000,0.2,1400,0.2,1
6,16,647,1,0,500,0.6,1000,0.2,1400,0.2,0
6,17,281,1,0,300,0.5,1700,0.5,2
6,18,290,2,10,5,0,500,0.6,1000,0.2,1400,0.2,1
6,19,235,1,0,300,0.5,1700,0.5,0
7,0,400,1,0,500,0.6,1000,0.2,1400,0.2,1
7,1,860,0,0,500,0.6,1000,0.2,1400,0.2,0
7,2,140,2,10,5,0,500,0.6,1000,0.2,1400,0.2,2
7,3,321,0,0,300,0.5,1700,0.5,0
7,4,772,2,10,5,0,500,0.6,1000,0.2,1400,0.2,0
7,5,749,1,0,300,0.5,1700,0.5,2
7,6,130,2,10,5,0,300,0.5,1700,0.5,1
7,7,722,2,10,5,0,500,0.6,1000,0.2,1400,0.2,0
7,8,43,1,0,500,0.6,1000,0.2,1400,0.2,2
7,9,929,2,10,5,0,300,0.5,1700,0.5,2
7,10,785,1,0,300,0.5,1700,0.5,2
7,11,354,2,10,5,0,500,0.6,1000,0.2,1400,0.2,2
7,12,146,1,0,300,0.5,1700,0.5,0
7,13,364,2,10,5,0,300,0.5,1700,0.5,1
7,14,760,0,0,300,0.5,1700,0.5,2
7,15,264,1,0,500,0.6,1000,0.2,1400,0.2,2
7,16,423,1,0,500,0.6,1000,0.2,1400,0.2,2
7,17,484,0,0,300,0.5,1700,0.5,0
7,18,776,1,0,300,0.5,1700,0.5,0
7,19,845,0,0,500,0.6,1000,0.2,1400,0.2,1
8,0,330,1,0,500,0.6,1000,0.2,1400,0.2,1
8,1,449,2,10,5,0,500,0.6,1000,0.2,1400,0.2,2
8,2,877,0,0,500,0.6,1000,0.2,1400,0.2,0
8,3,560,0,0,300,0.5,1700,0.5,1
8,4,333,2,10,5,0,300,0.5,1700,0.5,1
8,5,502,2,10,5,0,500,0.6,1000,0.2,1400,0.2,1
8,6,366,1,0,500,0.6,1000,0.2,1400,0.2,1
8,7,335,2,10,5,0,500,0.6,1000,0.2,1400,0.2,1
8,8,39,2,10,5,0,500,0.6,1000,0.2,1400,0.2,1
8,9,309,0,0,300,0.5,1700,0.5,0
8,10,987,0,0,500,0.6,1000,0.2,1400,0.2,0
8,11,563,0,0,300,0.5,1700,0.5,0
8,12,254,2,10,5,0,500,0.6,1000,0.2,1400,0.2,0
8,13,770,0,0,500,0.6,1000,0.2,1400,0.2,0
8,14,44,2,10,5,0,500,0.6,1000,0.2,1400,0.2,2
8,15,833,0,0,500,0.6,1000,0.2,1400,0.2,1
8,16,340,0,0,500,0.6,1000,0.2,1400,0.2,1
8,17,401,0,0,300,0.5,1700,0.5,2
8,18,704,2,10,5,0,300,0.5,1700,0.5,2
8,19,592,1,0,500,0.6,1000,0.2,1400,0.2,1
9,0,358,1,0,500,0.6,1000,0.2,1400,0.2,1
9,1,171,2,10,5,0,500,0.6,1000,0.2,1400,0.2,1
9,2,570,1,0,500,0.6,1000,0.2,1400,0.2,0
9,3,922,1,0,300,0.5,1700,0.5,0
9,4,295,1,0,500,0.6,1000,0.2,1400,0.2,0
9,5,53,1,0,300,0.5,1700,0.5,2
9,6,455,0,0,500,0.6,1000,0.2,1400,0.2,1
9,7,691,1,0,300,0.5,1700,0.5,0
9,8,366,1,0,500,0.6,1000,0.2,1400,0.2,0
9,9,998,1,0,500,0.6,1000,0.2,1400,0.2,2
9,10,334,2,10,5,0,300,0.5,1700,0.5,2
9,11,25,2,10,5,0,500,0.6,1000,0.2,1400,0.2,2
9,12,286,0,0,500,0.6,1000,0.2,1400,0.2,1
9,13,136,2,10,5,0,500,0.6,1000,0.2,1400,0.2,2
9,14,365,0,0,300,0.5,1700,0.5,2
9,15,910,0,0,500,0.6,1000,0.2,1400,0.2,1
9,16,564,1,0,300,0.5,1700,0.5,2
9,17,251,0,0,500,0.6,1000,0.2,1400,0.2,1
9,18,673,0,0,500,0.6,1000,0.2,1400,0.2,2
9,19,915,2,10,5,0,300,0.5,1700,0.5,2
10,0,965,2,10,5,0,500,0.6,1000,0.2,1400,0.2,0
10,1,551,2,10,5,0,500,0.6,1000,0.2,1400,0.2,1
10,2,755,2,10,5,0,300,0.5,1700,0.5,1
10,3,370,2,10,5,0,500,0.6,1000,0.2,1400,0.2,2
10,4,372,2,10,5,0,300,0.5,1700,0.5,2
10,5,568,0,0,300,0.5,1700,0.5,2
10,6,143,0,0,300,0.5,1700,0.5,0
10,7,734,0,0,500,0.6,1000,0.2,1400,0.2,0
10,8,489,2,10,5,0,300,0.5,1700,0.5,2
10,9,193,2,10,5,0,500,0.6,1000,0.2,1400,0.2,1
10,10,890,0,0,300,0.5,1700,0.5,1
10,11,781,2,10,5,0,500,0.6,1000,0.2,1400,0.2,2
10,12,143,1,0,500,0.6,1000,0.2,1400,0.2,1
10,13,361,2,10,5,0,300,0.5,1700,0.5,2
10,14,863,1,0,300,0.5,1700,0.5,2
10,15,899,1,0,500,0.6,1000,0.2,1400,0.2,1
10,16,483,0,0,300,0.5,1700,0.5,1
10,17,42,2,10,5,0,300,0.5,1700,0.5,1
10,18,316,1,0,500,0.6,1000,0.2,1400,0.2,2
10,19,139,1,0,300,0.5,1700,0.5,1
11,0,485,1,0,500,0.6,1000,0.2,1400,0.2,0
11,1,736,2,10,5,0,500,0.6,1000,0.2,1400,0.2,1
11,2,608,0,0,300,0.5,1700,0.5,0
11,3,172,2,10,5,0,300,0.5,1700,0.5,1
11,4,87,0,0,500,0.6,1000,0.2,1400,0.2,2
11,5,338,0,0,300,0.5,1700,0.5,1
11,6,693,0,0,300,0.5,1700,0.5,1
11,7,168,1,0,300,0.5,1700,0.5,1
11,8,218,0,0,300,0.5,1700,0.5,2
11,9,122,1,0,500,0.6,1000,0.2,1400,0.2,1
11,10,375,1,0,500,0.6,1000,0.2,1400,0.2,1
11,11,103,2,10,5,0,500,0.6,1000,0.2,1400,0.2,2
11,12,690,0,0,300,0.5,1700,0.5,2
11,13,714,0,0,500,0.6,1000,0.2,1400,0.2,2
11,14,207,1,0,300,0.5,1700,0.5,2
11,15,633,0,0,500,0.6,1000,0.2,1400,0.2,0
11,16,496,2,10,5,0,300,0.5,1700,0.5,2
11,17,284,2,10,5,0,500,0.6,1000,0.2,1400,0.2,0
11,18,671,1,0,300,0.5,1700,0.5,1
11,19,577,0,0,500,0.6,1000,0.2,1400,0.2,0
12,0,974,1,0,500,0.6,1000,0.2,1400,0.2,2
12,1,786,2,10,5,0,500,0.6,1000,0.2,1400,0.2,2
12,2,602,0,0,300,0.5,1700,0.5,2
12,3,266,2,10,5,0,500,0.6,1000,0.2,1400,0.2,1
12,4,202,0,0,300,0.5,1700,0.5,1
12,5,433,2,10,5,0,500,0.6,1000,0.2,1400,0.2,1
12,6,980,1,0,500,0.6,1000,0.2,1400,0.2,0
12,7,159,1,0,500,0.6,1000,0.2,1400,0.2,1
12,8,903,0,0,500,0.6,1000,0.2,1400,0.2,2
12,9,742,0,0,500,0.6,1000,0.2,1400,0.2,1
12,10,349,2,10,5,0,300,0.5,1700,0.5,2
12,11,189,2,10,5,0,500,0.6,1000,0.2,1400,0.2,1
12,12,204,1,0,500,0.6,1000,0.2,1400,0.2,0
12,13,527,1,0,500,0.6,1000,0.2,1400,0.2,2
12,14,790,0,0,500,0.6,1000,0.2,1400,0.2,1
12,15,240,1,0,500,0.6,1000,0.2,1400,0.2,2
12,16,75,1,0,300,0.5,1700,0.5,0
12,17,276,0,0,500,0.6,1000,0.2,1400,0.2,2
12,18,172,2,10,5,0,300,0.5,1700,0.5,2
12,19,290,2,10,5,0,300,0.5,1700,0.5,2
13,0,864,0,0,300,0.5,1700,0.5,1
13,1,546,1,0,300,0.5,1700,0.5,1
13,2,42,2,10,5,0,500,0.6,1000,0.2,1400,0.2,0
13,3,941,2,10,5,0,300,0.5,1700,0.5,0
13,4,676,2,10,5,0,500,0.6,1000,0.2,1400,0.2,0
13,5,663,2,10,5,0,500,0.6,1000,0.2,1400,0.2,2
13,6,552,2,10,5,0,300,0.5,1700,0.5,0
13,7,317,1,0,500,0.6,1000,0.2,1400,0.2,2
13,8,213,2,10,5,0,300,0.5,1700,0.5,1
13,9,703,1,0,300,0.5,1700,0.5,1
13,10,589,0,0,300,0.5,1700,0.5,1
13,11,555,2,10,5,0,300,0.5,1700,0.5,1
13,12,997,0,0,300,0.5,1700,0.5,2
13,13,695,0,0,300,0.5,1700,0.5,1
13,14,358,0,0,500,0.6,1000,0.2,1400,0.2,2
13,15,924,0,0,300,0.5,1700,0.5,2
13,16,758,1,0,300,0.5,1700,0.5,1
13,17,391,1,0,300,0.5,1700,0.5,1
13,18,268,2,10,5,0,300,0.5,1700,0.5,0
13,19,376,0,0,500,0.6,1000,0.2,1400,0.2,2
14,0,906,0,0,300,0.5,1700,0.5,0
14,1,539,0,0,500,0.6,1000,0.2,1400,0.2,0
14,2,381,0,0,500,0.6,1000,0.2,1400,0.2,2
14,3,715,1,0,300,0.5,1700,0.5,0
14,4,224,0,0,300,0.5,1700,0.5,2
14,5,666,0,0,300,0.5,1700,0.5,2
14,6,994,1,0,500,0.6,1000,0.2,1400,0.2,0
14,7,905,1,0,300,0.5,1700,0.5,0
14,8,577,0,0,300,0.5,1700,0.5,0
14,9,845,1,0,500,0.6,1000,0.2,1400,0.2,0
14,10,539,0,0,300,0.5,1700,0.5,2
14,11,497,2,10,5,0,300,0.5,1700,0.5,1
14,12,270,2,10,5,0,300,0.5,1700,0.5,2
14,13,430,0,0,300,0.5,1700,0.5,1
14,14,756,0,0,500,0.6,1000,0.2,1400,0.2,0
14,15,35,0,0,300,0.5,1700,0.5,0
14,16,310,2,10,5,0,300,0.5,1700,0.5,1
14,17,718,2,10,5,0,300,0.5,1700,0.5,1
14,18,755,1,0,300,0.5,1700,0.5,0
14,19,341,0,0,300,0.5,1700,0.5,2
15,0,381,1,0,300,0.5,1700,0.5,2
15,1,754,0,0,500,0.6,1000,0.2,1400,0.2,1
15,2,861,2,10,5,0,500,0.6,1000,0.2,1400,0.2,2
15,3,123,2,10,5,0,300,0.5,1700,0.5,2
15,4,781,0,0,500,0.6,1000,0.2,1400,0.2,0
15,5,119,0,0,500,0.6,1000,0.2,1400,0.2,1
15,6,132,1,0,500,0.6,1000,0.2,1400,0.2,2
15,7,695,1,0,500,0.6,1000,0.2,1400,0.2,2
15,8,277,1,0,300,0.5,1700,0.5,1
15,9,412,1,0,300,0.5,1700,0.5,0
15,10,84,1,0,500,0.6,1000,0.2,1400,0.2,1
15,11,473,0,0,300,0.5,1700,0.5,0
15,12,706,1,0,300,0.5,1700,0.5,1
15,13,863,0,0,300,0.5,1700,0.5,2
15,14,395,1,0,300,0.5,1700,0.5,1
15,15,252,1,0,500,0.6,1000,0.2,1400,0.2,0
15,16,51,0,0,500,0.6,1000,0.2,1400,0.2,1
15,17,499,0,0,300,0.5,1700,0.5,2
15,18,132,0,0,500,0.6,1000,0.2,1400,0.2,0
15,19,475,1,0,300,0.5,1700,0.5,0
16,0,494,1,0,500,0.6,1000,0.2,1400,0.2,2
16,1,655,1,0,300,0.5,1700,0.5,2
16,2,727,1,0,300,0.5,1700,0.5,1
16,3,87,1,0,300,0.5,1700,0.5,1
16,4,96,2,10,5,0,500,0.6,1000,0.2,1400,0.2,2
16,5,141,0,0,300,0.5,1700,0.5,1
16,6,892,1,0,300,0.5,1700,0.5,0
16,7,746,0,0,500,0.6,1000,0.2,1400,0.2,0
16,8,486,2,10,5,0,500,0.6,1000,0.2,1400,0.2,0
16,9,395,0,0,300,0.5,1700,0.5,2
16,10,383,2,10,5,0,300,0.5,1700,0.5,2
16,11,542,0,0,500,0.6,1000,0.2,1400,0.2,2
16,12,479,0,0,500,0.6,1000,0.2,1400,0.2,2
16,13,635,1,0,500,0.6,1000,0.2,1400,0.2,1
16,14,295,2,10,5,0,500,0.6,1000,0.2,1400,0.2,2
16,15,986,0,0,500,0.6,1000,0.2,1400,0.2,1
16,16,624,2,10,5,0,300,0.5,1700,0.5,0
16,17,11,2,10,5,0,300,0.5,1700,0.5,1
16,18,720,1,0,500,0.6,1000,0.2,1400,0.2,1
16,19,246,0,0,300,0.5,1700,0.5,1
17,0,439,0,0,300,0.5,1700,0.5,2
17,1,775,1,0,300,0.5,1700,0.5,2
17,2,651,1,0,300,0.5,1700,0.5,2
17,3,801,1,0,500,0.6,1000,0.2,1400,0.2,0
17,4,456,0,0,500,0.6,1000,0.2,1400,0.2,1
17,5,614,1,0,500,0.6,1000,0.2,1400,0.2,1
17,6,473,2,10,5,0,500,0.6,1000,0.2,1400,0.2,2
17,7,432,2,10,5,0,500,0.6,1000,0.2,1400,0.2,0
17,8,158,0,0,500,0.6,1000,0.2,1400,0.2,0
17,9,470,0,0,300,0.5,1700,0.5,1
17,10,715,1,0,500,0.6,1000,0.2,1400,0.2,0
17,11,622,2,10,5,0,300,0.5,1700,0.5,2
17,12,485,1,0,500,0.6,1000,0.2,1400,0.2,0
17,13,775,1,0,300,0.5,1700,0.5,1
17,14,71,1,0,500,0.6,1000,0.2,1400,0.2,2
17,15,134,2,10,5,0,300,0.5,1700,0.5,1
17,16,816,1,0,500,0.6,1000,0.2,1400,0.2,2
17,17,831,0,0,300,0.5,1700,0.5,1
17,18,515,1,0,300,0.5,1700,0.5,2
17,19,596,1,0,500,0.6,1000,0.2,1400,0.2,1
18,0,187,2,10,5,0,300,0.5,1700,0.5,2
18,1,701,2,10,5,0,500,0.6,1000,0.2,1400,0.2,1
18,2,300,2,10,5,0,500,0.6,1000,0.2,1400,0.2,1
18,3,161,1,0,300,0.5,1700,0.5,2
18,4,82,1,0,300,0.5,1700,0.5,0
18,5,448,1,0,500,0.6,1000,0.2,1400,0.2,2
18,6,643,1,0,300,0.5,1700,0.5,2
18,7,287,1,0,500,0.6,1000,0.2,1400,0.2,2
18,8,718,1,0,300,0.5,1700,0.5,1
18,9,826,1,0,500,0.6,1000,0.2,1400,0.2,2
18,10,885,1,0,300,0.5,1700,0.5,2
18,11,934,1,0,500,0.6,1000,0.2,1400,0.2,1
18,12,684,2,10,5,0,300,0.5,1700,0.5,2
18,13,682,2,10,5,0,500,0.6,1000,0.2,1400,0.2,0
18,14,374,2,10,5,0,300,0.5,1700,0.5,1
18,15,851,1,0,300,0.5,1700,0.5,1
18,16,857,0,0,300,0.5,1700,0.5,0
18,17,273,2,10,5,0,300,0.5,1700,0.5,0
18,18,43,2,10,5,0,500,0.6,1000,0.2,1400,0.2,2
18,19,912,1,0,300,0.5,1700,0.5,2
19,0,272,2,10,5,0,500,0.6,1000,0.2,1400,0.2,1
19,1,412,1,0,300,0.5,1700,0.5,2
19,2,825,2,10,5,0,300,0.5,1700,0.5,0
19,3,181,2,10,5,0,500,0.6,1000,0.2,1400,0.2,1
19,4,38,1,0,300,0.5,1700,0.5,2
19,5,944,0,0,300,0.5,1700,0.5,1
19,6,542,0,0,300,0.5,1700,0.5,0
19,7,179,2,10,5,0,300,0.5,1700,0.5,2
19,8,714,1,0,300,0.5,1700,0.5,1
19,9,333,0,0,300,0.5,1700,0.5,1
19,10,630,0,0,500,0.6,1000,0.2,1400,0.2,0
19,11,802,2,10,5,0,500,0.6,1000,0.2,1400,0.2,0
19,12,108,2,10,5,0,300,0.5,1700,0.5,1
19,13,28,1,0,500,0.6,1000,0.2,1400,0.2,0
19,14,466,2,10,5,0,300,0.5,1700,0.5,2
19,15,308,2,10,5,0,300,0.5,1700,0.5,0
19,16,902,0,0,500,0.6,1000,0.2,1400,0.2,2
19,17,373,2,10,5,0,500,0.6,1000,0.2,1400,0.2,0
19,18,187,0,0,500,0.6,1000,0.2,1400,0.2,2
19,19,632,1,0,500,0.6,1000,0.2,1400,0.2,1
