0,0,733,0,0,500,0.6,1000,0.2,1400,0.2,1
0,1,961,2,10,5,0,300,0.5,1700,0.5,0
0,2,477,0,0,500,0.6,1000,0.2,1400,0.2,2
0,3,85,0,0,300,0.5,1700,0.5,1
0,4,494,2,10,5,0,300,0.5,1700,0.5,2
0,5,572,1,0,300,0.5,1700,0.5,2
0,6,449,2,10,5,0,500,0.6,1000,0.2,1400,0.2,2
0,7,559,1,0,500,0.6,1000,0.2,1400,0.2,2
0,8,469,0,0,500,0.6,1000,0.2,1400,0.2,1
0,9,614,2,10,5,0,300,0.5,1700,0.5,0
0,10,557,0,0,300,0.5,1700,0.5,2
0,11,732,1,0,300,0.5,1700,0.5,1
0,12,732,0,0,300,0.5,1700,0.5,0
0,13,469,1,0,500,0.6,1000,0.2,1400,0.2,2
0,14,469,1,0,300,0.5,1700,0.5,0
0,15,337,2,10,5,0,500,0.6,1000,0.2,1400,0.2,2
0,16,468,2,10,5,0,500,0.6,1000,0.2,1400,0.2,1
0,17,108,1,0,300,0.5,1700,0.5,0
0,18,439,1,0,300,0.5,1700,0.5,1
0,19,769,1,0,500,0.6,1000,0.2,1400,0.2,2
1,0,239,1,0,500,0.6,1000,0.2,1400,0.2,2
1,1,437,0,0,500,0.6,1000,0.2,1400,0.2,2
1,2,204,2,10,5,0,500,0.6,1000,0.2,1400,0.2,2
1,3,876,0,0,500,0.6,1000,0.2,1400,0.2,0
1,4,112,2,10,5,0,500,0.6,1000,0.2,1400,0.2,0
1,5,35,0,0,300,0.5,1700,0.5,0
1,6,442,1,0,300,0.5,1700,0.5,2
1,7,293,2,10,5,0,500,0.6,1000,0.2,1400,0.2,2
1,8,950,1,0,500,0.6,1000,0.2,1400,0.2,2
1,9,508,2,10,5,0,300,0.5,1700,0.5,1
1,10,103,1,0,500,0.6,1000,0.2,1400,0.2,1
1,11,468,2,10,5,0,300,0.5,1700,0.5,1
1,12,139,2,10,5,0,500,0.6,1000,0.2,1400,0.2,2
1,13,740,0,0,300,0.5,1700,0.5,1
1,14,109,1,0,300,0.5,1700,0.5,1
1,15,691,2,10,5,0,500,0.6,1000,0.2,1400,0.2,2
1,16,972,0,0,300,0.5,1700,0.5,2
1,17,453,2,10,5,0,300,0.5,1700,0.5,1
1,18,23,2,10,5,0,500,0.6,1000,0.2,1400,0.2,2
1,19,943,0,0,300,0.5,1700,0.5,2
2,0,898,0,0,300,0.5,1700,0.5,2
2,1,372,0,0,500,0.6,1000,0.2,1400,0.2,0
2,2,59,1,0,300,0.5,1700,0.5,2
2,3,76,2,10,5,0,500,0.6,1000,0.2,1400,0.2,1
2,4,957,2,10,5,0,500,0.6,1000,0.2,1400,0.2,0
2,5,128,2,10,5,0,500,0.6,1000,0.2,1400,0.2,1
2,6,431,0,0,300,0.5,1700,0.5,0
2,7,878,2,10,5,0,500,0.6,1000,0.2,1400,0.2,2
2,8,398,1,0,500,0.6,1000,0.2,1400,0.2,0
2,9,687,2,10,5,0,500,0.6,1000,0.2,1400,0.2,0
2,10,101,1,0,300,0.5,1700,0.5,1
2,11,105,1,0,300,0.5,1700,0.5,1
2,12,144,1,0,500,0.6,1000,0.2,1400,0.2,2
2,13,811,2,10,5,0,500,0.6,1000,0.2,1400,0.2,2
2,14,715,1,0,500,0.6,1000,0.2,1400,0.2,2
2,15,802,1,0,500,0.6,1000,0.2,1400,0.2,1
2,16,881,2,10,5,0,500,0.6,1000,0.2,1400,0.2,0
2,17,664,1,0,500,0.6,1000,0.2,1400,0.2,2
2,18,484,0,0,500,0.6,1000,0.2,1400,0.2,2
2,19,98,0,0,500,0.6,1000,0.2,1400,0.2,1
3,0,954,2,10,5,0,300,0.5,1700,0.5,0
3,1,349,2,10,5,0,500,0.6,1000,0.2,1400,0.2,1
3,2,498,0,0,300,0.5,1700,0.5,1
3,3,259,1,0,300,0.5,1700,0.5,2
3,4,470,0,0,300,0.5,1700,0.5,2
3,5,703,1,0,500,0.6,1000,0.2,1400,0.2,1
3,6,364,0,0,500,0.6,1000,0.2,1400,0.2,1
3,7,987,0,0,300,0.5,1700,0.5,1
3,8,353,2,10,5,0,300,0.5,1700,0.5,1
3,9,440,1,0,500,0.6,1000,0.2,1400,0.2,2
3,10,823,2,10,5,0,300,0.5,1700,0.5,2
3,11,166,2,10,5,0,500,0.6,1000,0.2,1400,0.2,1
3,12,690,1,0,300,0.5,1700,0.5,0
3,13,870,0,0,300,0.5,1700,0.5,2
3,14,445,0,0,500,0.6,1000,0.2,1400,0.2,0
3,15,426,1,0,300,0.5,1700,0.5,1
3,16,866,0,0,300,0.5,1700,0.5,2
3,17,227,2,10,5,0,300,0.5,1700,0.5,1
3,18,853,2,10,5,0,300,0.5,1700,0.5,0
3,19,500,0,0,300,0.5,1700,0.5,1
4,0,801,2,10,5,0,500,0.6,1000,0.2,1400,0.2,2
4,1,66,2,10,5,0,500,0.6,1000,0.2,1400,0.2,1
4,2,996,2,10,5,0,300,0.5,1700,0.5,2
4,3,571,2,10,5,0,300,0.5,1700,0.5,1
4,4,379,0,0,300,0.5,1700,0.5,2
4,5,353,0,0,500,0.6,1000,0.2,1400,0.2,0
4,6,486,0,0,300,0.5,1700,0.5,1
4,7,628,0,0,300,0.5,1700,0.5,0
4,8,531,2,10,5,0,500,0.6,1000,0.2,1400,0.2,0
4,9,221,0,0,500,0.6,1000,0.2,1400,0.2,1
4,10,592,0,0,500,0.6,1000,0.2,1400,0.2,2
4,11,729,1,0,500,0.6,1000,0.2,1400,0.2,0
4,12,125,1,0,300,0.5,1700,0.5,0
4,13,548,0,0,300,0.5,1700,0.5,0
4,14,903,0,0,300,0.5,1700,0.5,1
4,15,989,1,0,300,0.5,1700,0.5,2
4,16,941,0,0,300,0.5,1700,0.5,1
4,17,881,1,0,300,0.5,1700,0.5,1
4,18,167,1,0,300,0.5,1700,0.5,0
4,19,306,1,0,300,0.5,1700,0.5,0
5,0,693,1,0,500,0.6,1000,0.2,1400,0.2,1
5,1,958,2,10,5,0,500,0.6,1000,0.2,1400,0.2,0
5,2,768,2,10,5,0,500,0.6,1000,0.2,1400,0.2,1
5,3,317,1,0,300,0.5,1700,0.5,2
5,4,824,2,10,5,0,300,0.5,1700,0.5,0
5,5,628,2,10,5,0,500,0.6,1000,0.2,1400,0.2,2
5,6,676,2,10,5,0,500,0.6,1000,0.2,1400,0.2,2
5,7,111,1,0,300,0.5,1700,0.5,2
5,8,46,0,0,500,0.6,1000,0.2,1400,0.2,0
5,9,602,0,0,300,0.5,1700,0.5,1
5,10,386,1,0,500,0.6,1000,0.2,1400,0.2,2
5,11,300,2,10,5,0,300,0.5,1700,0.5,2
5,12,633,1,0,300,0.5,1700,0.5,2
5,13,381,0,0,300,0.5,1700,0.5,1
5,14,111,0,0,500,0.6,1000,0.2,1400,0.2,1
5,15,122,0,0,300,0.5,1700,0.5,0
5,16,598,2,10,5,0,300,0.5,1700,0.5,0
5,17,777,2,10,5,0,300,0.5,1700,0.5,2
5,18,161,1,0,300,0.5,1700,0.5,1
5,19,567,1,0,500,0.6,1000,0.2,1400,0.2,1
6,0,304,2,10,5,0,500,0.6,1000,0.2,1400,0.2,0
6,1,30,2,10,5,0,300,0.5,1700,0.5,2
6,2,952,1,0,500,0.6,1000,0.2,1400,0.2,1
6,3,874,1,0,300,0.5,1700,0.5,1
6,4,423,2,10,5,0,300,0.5,1700,0.5,1
6,5,839,0,0,500,0.6,1000,0.2,1400,0.2,0
6,6,184,1,0,300,0.5,1700,0.5,1
6,7,258,2,10,5,0,300,0.5,1700,0.5,2
6,8,423,1,0,300,0.5,1700,0.5,1
6,9,29,0,0,500,0.6,1000,0.2,1400,0.2,1
6,10,406,0,0,300,0.5,1700,0.5,1
6,11,400,1,0,300,0.5,1700,0.5,2
6,12,543,0,0,500,0.6,1000,0.2,1400,0.2,0
6,13,910,2,10,5,0,500,0.6,1000,0.2,1400,0.2,2
6,14,501,2,10,5,0,500,0.6,1000,0.2,1400,0.2,2
6,15,728,2,10,5,0,500,0.6,1000,0.2,1400,0.2,1
6,16,750,2,10,5,0,300,0.5,1700,0.5,2
6,17,742,0,0,300,0.5,1700,0.5,1
6,18,525,0,0,500,0.6,1000,0.2,1400,0.2,0
6,19,396,0,0,500,0.6,1000,0.2,1400,0.2,1
7,0,137,1,0,500,0.6,1000,0.2,1400,0.2,2
7,1,141,0,0,300,0.5,1700,0.5,0
7,2,980,2,10,5,0,300,0.5,1700,0.5,2
7,3,693,0,0,300,0.5,1700,0.5,1
7,4,323,2,10,5,0,500,0.6,1000,0.2,1400,0.2,1
7,5,645,2,10,5,0,300,0.5,1700,0.5,2
7,6,628,2,10,5,0,300,0.5,1700,0.5,2
7,7,498,0,0,300,0.5,1700,0.5,1
7,8,320,1,0,500,0.6,1000,0.2,1400,0.2,2
7,9,67,1,0,500,0.6,1000,0.2,1400,0.2,1
7,10,391,2,10,5,0,500,0.6,1000,0.2,1400,0.2,1
7,11,223,0,0,300,0.5,1700,0.5,1
7,12,223,0,0,500,0.6,1000,0.2,1400,0.2,0
7,13,117,0,0,300,0.5,1700,0.5,1
7,14,885,0,0,300,0.5,1700,0.5,0
7,15,55,2,10,5,0,300,0.5,1700,0.5,2
7,16,661,1,0,300,0.5,1700,0.5,1
7,17,464,1,0,500,0.6,1000,0.2,1400,0.2,1
7,18,929,0,0,300,0.5,1700,0.5,1
7,19,858,0,0,300,0.5,1700,0.5,2
8,0,495,0,0,300,0.5,1700,0.5,0
8,1,103,0,0,300,0.5,1700,0.5,1
8,2,315,1,0,300,0.5,1700,0.5,2
8,3,58,0,0,300,0.5,1700,0.5,2
8,4,146,2,10,5,0,500,0.6,1000,0.2,1400,0.2,2
8,5,796,1,0,300,0.5,1700,0.5,1
8,6,326,1,0,300,0.5,1700,0.5,0
8,7,628,2,10,5,0,500,0.6,1000,0.2,1400,0.2,2
8,8,175,1,0,300,0.5,1700,0.5,1
8,9,203,1,0,500,0.6,1000,0.2,1400,0.2,2
8,10,734,1,0,300,0.5,1700,0.5,1
8,11,51,1,0,500,0.6,1000,0.2,1400,0.2,0
8,12,149,2,10,5,0,500,0.6,1000,0.2,1400,0.2,1
8,13,10,0,0,500,0.6,1000,0.2,1400,0.2,1
8,14,372,2,10,5,0,500,0.6,1000,0.2,1400,0.2,2
8,15,67,1,0,500,0.6,1000,0.2,1400,0.2,2
8,16,359,2,10,5,0,500,0.6,1000,0.2,1400,0.2,1
8,17,683,0,0,300,0.5,1700,0.5,2
8,18,969,0,0,300,0.5,1700,0.5,1
8,19,945,2,10,5,0,300,0.5,1700,0.5,2
9,0,427,1,0,300,0.5,1700,0.5,0
9,1,328,2,10,5,0,500,0.6,1000,0.2,1400,0.2,2
9,2,293,0,0,500,0.6,1000,0.2,1400,0.2,0
9,3,900,2,10,5,0,500,0.6,1000,0.2,1400,0.2,2
9,4,210,2,10,5,0,500,0.6,1000,0.2,1400,0.2,2
9,5,561,1,0,300,0.5,1700,0.5,0
9,6,766,2,10,5,0,500,0.6,1000,0.2,1400,0.2,1
9,7,670,1,0,300,0.5,1700,0.5,0
9,8,212,2,10,5,0,300,0.5,1700,0.5,0
9,9,92,1,0,300,0.5,1700,0.5,1
9,10,113,0,0,300,0.5,1700,0.5,1
9,11,420,2,10,5,0,300,0.5,1700,0.5,0
9,12,178,1,0,300,0.5,1700,0.5,1
9,13,439,2,10,5,0,300,0.5,1700,0.5,2
9,14,116,1,0,300,0.5,1700,0.5,2
9,15,557,2,10,5,0,500,0.6,1000,0.2,1400,0.2,0
9,16,447,2,10,5,0,300,0.5,1700,0.5,2
9,17,126,0,0,500,0.6,1000,0.2,1400,0.2,1
9,18,906,2,10,5,0,300,0.5,1700,0.5,1
9,19,540,1,0,300,0.5,1700,0.5,2
10,0,743,1,0,500,0.6,1000,0.2,1400,0.2,2
10,1,262,1,0,300,0.5,1700,0.5,0
10,2,531,0,0,300,0.5,1700,0.5,2
10,3,769,0,0,500,0.6,1000,0.2,1400,0.2,2
10,4,117,2,10,5,0,500,0.6,1000,0.2,1400,0.2,1
10,5,642,2,10,5,0,300,0.5,1700,0.5,1
10,6,877,1,0,300,0.5,1700,0.5,1
10,7,309,1,0,500,0.6,1000,0.2,1400,0.2,2
10,8,855,0,0,300,0.5,1700,0.5,1
10,9,511,1,0,500,0.6,1000,0.2,1400,0.2,0
10,10,611,2,10,5,0,300,0.5,1700,0.5,1
10,11,699,0,0,300,0.5,1700,0.5,1
10,12,42,2,10,5,0,300,0.5,1700,0.5,2
10,13,727,0,0,500,0.6,1000,0.2,1400,0.2,1
10,14,545,1,0,300,0.5,1700,0.5,1
10,15,518,1,0,500,0.6,1000,0.2,1400,0.2,1
10,16,766,0,0,500,0.6,1000,0.2,1400,0.2,1
10,17,507,2,10,5,0,500,0.6,1000,0.2,1400,0.2,2
10,18,247,2,10,5,0,300,0.5,1700,0.5,0
10,19,586,1,0,500,0.6,1000,0.2,1400,0.2,2
11,0,258,1,0,300,0.5,1700,0.5,0
11,1,447,2,10,5,0,300,0.5,1700,0.5,2
11,2,991,0,0,300,0.5,1700,0.5,1
11,3,827,1,0,300,0.5,1700,0.5,2
11,4,115,0,0,300,0.5,1700,0.5,2
11,5,174,2,10,5,0,500,0.6,1000,0.2,1400,0.2,0
11,6,809,2,10,5,0,300,0.5,1700,0.5,1
11,7,462,0,0,300,0.5,1700,0.5,0
11,8,313,2,10,5,0,500,0.6,1000,0.2,1400,0.2,0
11,9,860,0,0,500,0.6,1000,0.2,1400,0.2,1
11,10,986,2,10,5,0,300,0.5,1700,0.5,2
11,11,663,2,10,5,0,500,0.6,1000,0.2,1400,0.2,0
11,12,642,2,10,5,0,300,0.5,1700,0.5,0
11,13,524,1,0,500,0.6,1000,0.2,1400,0.2,2
11,14,117,2,10,5,0,300,0.5,1700,0.5,1
11,15,104,2,10,5,0,500,0.6,1000,0.2,1400,0.2,2
11,16,54,0,0,300,0.5,1700,0.5,0
11,17,665,1,0,300,0.5,1700,0.5,1
11,18,132,2,10,5,0,500,0.6,1000,0.2,1400,0.2,0
11,19,82,0,0,500,0.6,1000,0.2,1400,0.2,0
12,0,257,1,0,300,0.5,1700,0.5,0
12,1,591,2,10,5,0,300,0.5,1700,0.5,2
12,2,954,2,10,5,0,500,0.6,1000,0.2,1400,0.2,0
12,3,951,2,10,5,0,500,0.6,1000,0.2,1400,0.2,2
12,4,372,1,0,300,0.5,1700,0.5,2
12,5,261,1,0,500,0.6,1000,0.2,1400,0.2,1
12,6,471,2,10,5,0,300,0.5,1700,0.5,2
12,7,14,2,10,5,0,300,0.5,1700,0.5,1
12,8,495,2,10,5,0,300,0.5,1700,0.5,1
12,9,875,2,10,5,0,300,0.5,1700,0.5,2
12,10,577,0,0,300,0.5,1700,0.5,1
12,11,785,2,10,5,0,300,0.5,1700,0.5,1
12,12,196,1,0,500,0.6,1000,0.2,1400,0.2,2
12,13,240,0,0,300,0.5,1700,0.5,2
12,14,432,0,0,300,0.5,1700,0.5,1
12,15,17,1,0,300,0.5,1700,0.5,1
12,16,171,2,10,5,0,300,0.5,1700,0.5,0
12,17,952,2,10,5,0,300,0.5,1700,0.5,1
12,18,862,1,0,500,0.6,1000,0.2,1400,0.2,1
12,19,796,0,0,300,0.5,1700,0.5,2
13,0,728,1,0,500,0.6,1000,0.2,1400,0.2,0
13,1,931,2,10,5,0,500,0.6,1000,0.2,1400,0.2,1
13,2,984,0,0,300,0.5,1700,0.5,2
13,3,57,2,10,5,0,300,0.5,1700,0.5,1
13,4,234,1,0,500,0.6,1000,0.2,1400,0.2,0
13,5,478,1,0,300,0.5,1700,0.5,0
13,6,394,2,10,5,0,300,0.5,1700,0.5,1
13,7,281,2,10,5,0,300,0.5,1700,0.5,2
13,8,206,0,0,300,0.5,1700,0.5,1
13,9,869,0,0,500,0.6,1000,0.2,1400,0.2,2
13,10,177,0,0,500,0.6,1000,0.2,1400,0.2,1
13,11,555,0,0,300,0.5,1700,0.5,2
13,12,402,2,10,5,0,300,0.5,1700,0.5,1
13,13,289,1,0,500,0.6,1000,0.2,1400,0.2,1
13,14,788,0,0,300,0.5,1700,0.5,0
13,15,140,2,10,5,0,300,0.5,1700,0.5,2
13,16,598,2,10,5,0,500,0.6,1000,0.2,1400,0.2,2
13,17,681,0,0,500,0.6,1000,0.2,1400,0.2,0
13,18,225,0,0,500,0.6,1000,0.2,1400,0.2,0
13,19,341,1,0,300,0.5,1700,0.5,2
14,0,884,2,10,5,0,500,0.6,1000,0.2,1400,0.2,1
14,1,892,1,0,300,0.5,1700,0.5,2
14,2,471,0,0,500,0.6,1000,0.2,1400,0.2,1
14,3,140,1,0,500,0.6,1000,0.2,1400,0.2,1
14,4,242,2,10,5,0,300,0.5,1700,0.5,2
14,5,420,2,10,5,0,500,0.6,1000,0.2,1400,0.2,1
14,6,226,2,10,5,0,300,0.5,1700,0.5,2
14,7,99,0,0,500,0.6,1000,0.2,1400,0.2,0
14,8,120,2,10,5,0,300,0.5,1700,0.5,1
14,9,479,1,0,500,0.6,1000,0.2,1400,0.2,2
14,10,146,2,10,5,0,300,0.5,1700,0.5,0
14,11,504,1,0,500,0.6,1000,0.2,1400,0.2,2
14,12,48,2,10,5,0,300,0.5,1700,0.5,1
14,13,819,2,10,5,0,300,0.5,1700,0.5,0
14,14,733,2,10,5,0,500,0.6,1000,0.2,1400,0.2,0
14,15,233,1,0,500,0.6,1000,0.2,1400,0.2,0
14,16,16,2,10,5,0,300,0.5,1700,0.5,0
14,17,849,0,0,500,0.6,1000,0.2,1400,0.2,0
14,18,640,2,10,5,0,300,0.5,1700,0.5,1
14,19,899,2,10,5,0,500,0.6,1000,0.2,1400,0.2,1
15,0,114,0,0,500,0.6,1000,0.2,1400,0.2,0
15,1,1000,2,10,5,0,500,0.6,1000,0.2,1400,0.2,1
15,2,365,2,10,5,0,300,0.5,1700,0.5,1
15,3,286,2,10,5,0,300,0.5,1700,0.5,1
15,4,927,0,0,500,0.6,1000,0.2,1400,0.2,0
15,5,524,1,0,500,0.6,1000,0.2,1400,0.2,0
15,6,841,0,0,500,0.6,1000,0.2,1400,0.2,1
15,7,736,1,0,300,0.5,1700,0.5,2
15,8,927,2,10,5,0,300,0.5,1700,0.5,2
15,9,810,0,0,300,0.5,1700,0.5,2
15,10,779,0,0,500,0.6,1000,0.2,1400,0.2,1
15,11,345,2,10,5,0,300,0.5,1700,0.5,2
15,12,998,0,0,300,0.5,1700,0.5,2
15,13,105,0,0,500,0.6,1000,0.2,1400,0.2,2
15,14,36,2,10,5,0,300,0.5,1700,0.5,1
15,15,130,2,10,5,0,300,0.5,1700,0.5,1
15,16,823,1,0,500,0.6,1000,0.2,1400,0.2,0
15,17,133,2,10,5,0,500,0.6,1000,0.2,1400,0.2,0
15,18,811,0,0,300,0.5,1700,0.5,2
15,19,316,2,10,5,0,500,0.6,1000,0.2,1400,0.2,2
16,0,239,0,0,300,0.5,1700,0.5,1
16,1,903,0,0,500,0.6,1000,0.2,1400,0.2,1
16,2,263,0,0,500,0.6,1000,0.2,1400,0.2,0
16,3,808,0,0,500,0.6,1000,0.2,1400,0.2,0
16,4,781,0,0,500,0.6,1000,0.2,1400,0.2,0
16,5,390,2,10,5,0,300,0.5,1700,0.5,2
16,6,764,2,10,5,0,500,0.6,1000,0.2,1400,0.2,1
16,7,402,1,0,500,0.6,1000,0.2,1400,0.2,2
16,8,763,0,0,300,0.5,1700,0.5,1
16,9,295,2,10,5,0,300,0.5,1700,0.5,1
16,10,451,0,0,500,0.6,1000,0.2,1400,0.2,0
16,11,735,0,0,300,0.5,1700,0.5,2
16,12,33,1,0,300,0.5,1700,0.5,1
16,13,852,1,0,500,0.6,1000,0.2,1400,0.2,0
16,14,992,1,0,300,0.5,1700,0.5,0
16,15,768,0,0,500,0.6,1000,0.2,1400,0.2,2
16,16,79,1,0,300,0.5,1700,0.5,0
16,17,265,0,0,300,0.5,1700,0.5,0
16,18,757,0,0,300,0.5,1700,0.5,0
16,19,129,0,0,500,0.6,1000,0.2,1400,0.2,1
17,0,806,0,0,300,0.5,1700,0.5,1
17,1,790,0,0,500,0.6,1000,0.2,1400,0.2,1
17,2,953,0,0,500,0.6,1000,0.2,1400,0.2,0
17,3,821,1,0,500,0.6,1000,0.2,1400,0.2,0
17,4,82,1,0,500,0.6,1000,0.2,1400,0.2,0
17,5,658,2,10,5,0,300,0.5,1700,0.5,0
17,6,936,2,10,5,0,500,0.6,1000,0.2,1400,0.2,0
17,7,404,2,10,5,0,300,0.5,1700,0.5,2
17,8,925,1,0,300,0.5,1700,0.5,0
17,9,568,1,0,300,0.5,1700,0.5,0
17,10,721,0,0,500,0.6,1000,0.2,1400,0.2,1
17,11,86,2,10,5,0,500,0.6,1000,0.2,1400,0.2,2
17,12,323,0,0,500,0.6,1000,0.2,1400,0.2,1
17,13,709,0,0,500,0.6,1000,0.2,1400,0.2,0
17,14,497,1,0,500,0.6,1000,0.2,1400,0.2,0
17,15,130,1,0,500,0.6,1000,0.2,1400,0.2,2
17,16,843,1,0,300,0.5,1700,0.5,0
17,17,387,2,10,5,0,300,0.5,1700,0.5,2
17,18,952,2,10,5,0,300,0.5,1700,0.5,0
17,19,608,1,0,500,0.6,1000,0.2,1400,0.2,1
18,0,56,0,0,300,0.5,1700,0.5,0
18,1,823,0,0,300,0.5,1700,0.5,2
18,2,678,2,10,5,0,500,0.6,1000,0.2,1400,0.2,0
18,3,355,2,10,5,0,500,0.6,1000,0.2,1400,0.2,2
18,4,154,2,10,5,0,300,0.5,1700,0.5,1
18,5,935,0,0,300,0.5,1700,0.5,2
18,6,268,2,10,5,0,500,0.6,1000,0.2,1400,0.2,1
18,7,225,0,0,300,0.5,1700,0.5,1
18,8,933,1,0,300,0.5,1700,0.5,0
18,9,989,0,0,300,0.5,1700,0.5,1
18,10,880,0,0,300,0.5,1700,0.5,1
18,11,994,2,10,5,0,300,0.5,1700,0.5,0
18,12,916,1,0,500,0.6,1000,0.2,1400,0.2,0
18,13,524,2,10,5,0,300,0.5,1700,0.5,0
18,14,503,2,10,5,0,300,0.5,1700,0.5,1
18,15,27,1,0,300,0.5,1700,0.5,2
18,16,618,0,0,300,0.5,1700,0.5,1
18,17,442,0,0,300,0.5,1700,0.5,0
18,18,478,0,0,500,0.6,1000,0.2,1400,0.2,2
18,19,492,2,10,5,0,300,0.5,1700,0.5,2
19,0,217,2,10,5,0,500,0.6,1000,0.2,1400,0.2,0
19,1,463,0,0,300,0.5,1700,0.5,1
19,2,735,2,10,5,0,300,0.5,1700,0.5,0
19,3,573,1,0,300,0.5,1700,0.5,2
19,4,650,2,10,5,0,300,0.5,1700,0.5,0
19,5,382,1,0,500,0.6,1000,0.2,1400,0.2,2
19,6,133,1,0,500,0.6,1000,0.2,1400,0.2,2
19,7,840,1,0,300,0.5,1700,0.5,0
19,8,723,0,0,300,0.5,1700,0.5,2
19,9,524,1,0,500,0.6,1000,0.2,1400,0.2,0
19,10,153,0,0,300,0.5,1700,0.5,2
19,11,51,2,10,5,0,300,0.5,1700,0.5,0
19,12,993,1,0,300,0.5,1700,0.5,1
19,13,456,0,0,500,0.6,1000,0.2,1400,0.2,2
19,14,340,2,10,5,0,300,0.5,1700,0.5,2
19,15,616,2,10,5,0,300,0.5,1700,0.5,0
19,16,38,2,10,5,0,300,0.5,1700,0.5,1
19,17,622,1,0,300,0.5,1700,0.5,0
19,18,393,0,0,500,0.6,1000,0.2,1400,0.2,0
19,19,613,0,0,500,0.6,1000,0.2,1400,0.2,1
