0,0,683,0,0,500,0.6,1000,0.2,1400,0.2,2
0,1,26,0,0,300,0.5,1700,0.5,0
0,2,911,2,10,5,0,500,0.6,1000,0.2,1400,0.2,0
0,3,745,2,10,5,0,500,0.6,1000,0.2,1400,0.2,1
0,4,956,2,10,5,0,300,0.5,1700,0.5,1
0,5,792,1,0,500,0.6,1000,0.2,1400,0.2,1
0,6,125,0,0,500,0.6,1000,0.2,1400,0.2,1
0,7,808,0,0,300,0.5,1700,0.5,1
0,8,194,2,10,5,0,300,0.5,1700,0.5,1
0,9,261,1,0,500,0.6,1000,0.2,1400,0.2,2
0,10,804,2,10,5,0,500,0.6,1000,0.2,1400,0.2,0
0,11,548,2,10,5,0,300,0.5,1700,0.5,2
0,12,252,1,0,500,0.6,1000,0.2,1400,0.2,1
0,13,88,0,0,300,0.5,1700,0.5,0
0,14,219,1,0,300,0.5,1700,0.5,1
0,15,390,0,0,300,0.5,1700,0.5,0
0,16,758,0,0,500,0.6,1000,0.2,1400,0.2,2
0,17,973,2,10,5,0,300,0.5,1700,0.5,2
0,18,864,2,10,5,0,500,0.6,1000,0.2,1400,0.2,1
0,19,877,2,10,5,0,500,0.6,1000,0.2,1400,0.2,1
1,0,519,2,10,5,0,500,0.6,1000,0.2,1400,0.2,0
1,1,576,2,10,5,0,300,0.5,1700,0.5,1
1,2,828,0,0,500,0.6,1000,0.2,1400,0.2,1
1,3,908,0,0,500,0.6,1000,0.2,1400,0.2,1
1,4,765,0,0,300,0.5,1700,0.5,2
1,5,478,1,0,300,0.5,1700,0.5,0
1,6,757,1,0,500,0.6,1000,0.2,1400,0.2,2
1,7,550,2,10,5,0,500,0.6,1000,0.2,1400,0.2,1
1,8,499,2,10,5,0,500,0.6,1000,0.2,1400,0.2,2
1,9,396,0,0,300,0.5,1700,0.5,1
1,10,719,1,0,300,0.5,1700,0.5,2
1,11,581,2,10,5,0,300,0.5,1700,0.5,1
1,12,959,0,0,500,0.6,1000,0.2,1400,0.2,1
1,13,28,1,0,500,0.6,1000,0.2,1400,0.2,1
1,14,357,1,0,300,0.5,1700,0.5,2
1,15,108,2,10,5,0,500,0.6,1000,0.2,1400,0.2,0
1,16,849,1,0,500,0.6,1000,0.2,1400,0.2,0
1,17,186,2,10,5,0,500,0.6,1000,0.2,1400,0.2,1
1,18,317,2,10,5,0,500,0.6,1000,0.2,1400,0.2,0
1,19,32,0,0,500,0.6,1000,0.2,1400,0.2,1
2,0,350,0,0,300,0.5,1700,0.5,1
2,1,567,0,0,500,0.6,1000,0.2,1400,0.2,1
2,2,131,0,0,500,0.6,1000,0.2,1400,0.2,1
2,3,206,1,0,300,0.5,1700,0.5,2
2,4,950,0,0,300,0.5,1700,0.5,2
2,5,562,2,10,5,0,500,0.6,1000,0.2,1400,0.2,2
2,6,641,2,10,5,0,500,0.6,1000,0.2,1400,0.2,1
2,7,131,0,0,300,0.5,1700,0.5,1
2,8,726,2,10,5,0,500,0.6,1000,0.2,1400,0.2,0
2,9,272,1,0,500,0.6,1000,0.2,1400,0.2,0
2,10,919,0,0,300,0.5,1700,0.5,2
2,11,685,1,0,500,0.6,1000,0.2,1400,0.2,2
2,12,912,1,0,500,0.6,1000,0.2,1400,0.2,1
2,13,773,0,0,500,0.6,1000,0.2,1400,0.2,0
2,14,899,1,0,500,0.6,1000,0.2,1400,0.2,0
2,15,501,1,0,500,0.6,1000,0.2,1400,0.2,1
2,16,434,1,0,500,0.6,1000,0.2,1400,0.2,2
2,17,154,1,0,300,0.5,1700,0.5,1
2,18,783,2,10,5,0,500,0.6,1000,0.2,1400,0.2,1
2,19,622,0,0,300,0.5,1700,0.5,0
3,0,948,1,0,300,0.5,1700,0.5,1
3,1,558,0,0,300,0.5,1700,0.5,1
3,2,448,0,0,300,0.5,1700,0.5,0
3,3,800,1,0,500,0.6,1000,0.2,1400,0.2,1
3,4,742,2,10,5,0,500,0.6,1000,0.2,1400,0.2,0
3,5,774,0,0,300,0.5,1700,0.5,2
3,6,886,0,0,500,0.6,1000,0.2,1400,0.2,2
3,7,516,0,0,300,0.5,1700,0.5,1
3,8,48,2,10,5,0,500,0.6,1000,0.2,1400,0.2,0
3,9,180,1,0,500,0.6,1000,0.2,1400,0.2,1
3,10,516,2,10,5,0,300,0.5,1700,0.5,2
3,11,468,1,0,500,0.6,1000,0.2,1400,0.2,1
3,12,785,0,0,500,0.6,1000,0.2,1400,0.2,1
3,13,693,2,10,5,0,500,0.6,1000,0.2,1400,0.2,1
3,14,605,1,0,300,0.5,1700,0.5,1
3,15,961,2,10,5,0,500,0.6,1000,0.2,1400,0.2,2
3,16,494,1,0,300,0.5,1700,0.5,1
3,17,383,0,0,500,0.6,1000,0.2,1400,0.2,0
3,18,21,2,10,5,0,500,0.6,1000,0.2,1400,0.2,0
3,19,80,0,0,500,0.6,1000,0.2,1400,0.2,1
4,0,261,2,10,5,0,300,0.5,1700,0.5,0
4,1,531,2,10,5,0,500,0.6,1000,0.2,1400,0.2,1
4,2,565,0,0,300,0.5,1700,0.5,2
4,3,57,0,0,500,0.6,1000,0.2,1400,0.2,0
4,4,470,2,10,5,0,500,0.6,1000,0.2,1400,0.2,0
4,5,123,1,0,300,0.5,1700,0.5,2
4,6,756,2,10,5,0,300,0.5,1700,0.5,1
4,7,473,2,10,5,0,500,0.6,1000,0.2,1400,0.2,0
4,8,75,0,0,500,0.6,1000,0.2,1400,0.2,2
4,9,247,0,0,300,0.5,1700,0.5,0
4,10,820,0,0,500,0.6,1000,0.2,1400,0.2,1
4,11,204,0,0,500,0.6,1000,0.2,1400,0.2,2
4,12,640,2,10,5,0,300,0.5,1700,0.5,2
4,13,64,0,0,300,0.5,1700,0.5,2
4,14,793,2,10,5,0,300,0.5,1700,0.5,1
4,15,124,0,0,500,0.6,1000,0.2,1400,0.2,1
4,16,60,2,10,5,0,300,0.5,1700,0.5,1
4,17,295,1,0,300,0.5,1700,0.5,0
4,18,132,1,0,500,0.6,1000,0.2,1400,0.2,0
4,19,49,0,0,500,0.6,1000,0.2,1400,0.2,2
5,0,854,2,10,5,0,500,0.6,1000,0.2,1400,0.2,2
5,1,738,2,10,5,0,300,0.5,1700,0.5,2
5,2,352,2,10,5,0,300,0.5,1700,0.5,1
5,3,722,2,10,5,0,500,0.6,1000,0.2,1400,0.2,2
5,4,705,1,0,500,0.6,1000,0.2,1400,0.2,1
5,5,254,1,0,500,0.6,1000,0.2,1400,0.2,2
5,6,688,1,0,500,0.6,1000,0.2,1400,0.2,2
5,7,898,2,10,5,0,300,0.5,1700,0.5,1
5,8,296,0,0,300,0.5,1700,0.5,2
5,9,109,2,10,5,0,300,0.5,1700,0.5,0
5,10,884,2,10,5,0,500,0.6,1000,0.2,1400,0.2,1
5,11,326,0,0,500,0.6,1000,0.2,1400,0.2,2
5,12,939,2,10,5,0,500,0.6,1000,0.2,1400,0.2,2
5,13,603,1,0,300,0.5,1700,0.5,0
5,14,863,0,0,500,0.6,1000,0.2,1400,0.2,1
5,15,360,1,0,500,0.6,1000,0.2,1400,0.2,0
5,16,169,1,0,500,0.6,1000,0.2,1400,0.2,2
5,17,648,2,10,5,0,500,0.6,1000,0.2,1400,0.2,2
5,18,469,0,0,300,0.5,1700,0.5,2
5,19,998,2,10,5,0,500,0.6,1000,0.2,1400,0.2,0
6,0,548,0,0,500,0.6,1000,0.2,1400,0.2,0
6,1,856,0,0,500,0.6,1000,0.2,1400,0.2,1
6,2,487,0,0,500,0.6,1000,0.2,1400,0.2,2
6,3,148,0,0,500,0.6,1000,0.2,1400,0.2,2
6,4,512,0,0,300,0.5,1700,0.5,1
6,5,999,1,0,300,0.5,1700,0.5,0
6,6,747,2,10,5,0,300,0.5,1700,0.5,1
6,7,111,1,0,500,0.6,1000,0.2,1400,0.2,2
6,8,486,1,0,300,0.5,1700,0.5,0
6,9,568,1,0,500,0.6,1000,0.2,1400,0.2,0
6,10,175,0,0,300,0.5,1700,0.5,1
6,11,799,1,0,300,0.5,1700,0.5,1
6,12,191,1,0,500,0.6,1000,0.2,1400,0.2,0
6,13,377,1,0,500,0.6,1000,0.2,1400,0.2,2
6,14,882,1,0,300,0.5,1700,0.5,1
6,15,185,0,0,300,0.5,1700,0.5,0
6,16,959,1,0,500,0.6,1000,0.2,1400,0.2,0
6,17,357,1,0,300,0.5,1700,0.5,1
6,18,604,1,0,500,0.6,1000,0.2,1400,0.2,1
6,19,682,2,10,5,0,500,0.6,1000,0.2,1400,0.2,0
7,0,907,2,10,5,0,500,0.6,1000,0.2,1400,0.2,1
7,1,528,2,10,5,0,300,0.5,1700,0.5,1
7,2,535,2,10,5,0,500,0.6,1000,0.2,1400,0.2,0
7,3,664,0,0,500,0.6,1000,0.2,1400,0.2,1
7,4,431,1,0,300,0.5,1700,0.5,1
7,5,217,1,0,500,0.6,1000,0.2,1400,0.2,1
7,6,806,1,0,500,0.6,1000,0.2,1400,0.2,1
7,7,161,0,0,300,0.5,1700,0.5,1
7,8,266,0,0,300,0.5,1700,0.5,2
7,9,423,1,0,300,0.5,1700,0.5,0
7,10,334,0,0,300,0.5,1700,0.5,2
7,11,421,1,0,500,0.6,1000,0.2,1400,0.2,0
7,12,728,0,0,300,0.5,1700,0.5,0
7,13,315,0,0,500,0.6,1000,0.2,1400,0.2,1
7,14,42,0,0,500,0.6,1000,0.2,1400,0.2,1
7,15,740,0,0,300,0.5,1700,0.5,0
7,16,813,0,0,500,0.6,1000,0.2,1400,0.2,2
7,17,972,2,10,5,0,300,0.5,1700,0.5,1
7,18,887,1,0,300,0.5,1700,0.5,0
7,19,458,2,10,5,0,300,0.5,1700,0.5,1
8,0,526,1,0,300,0.5,1700,0.5,0
8,1,255,1,0,500,0.6,1000,0.2,1400,0.2,1
8,2,750,1,0,500,0.6,1000,0.2,1400,0.2,0
8,3,610,1,0,500,0.6,1000,0.2,1400,0.2,0
8,4,580,2,10,5,0,300,0.5,1700,0.5,0
8,5,619,2,10,5,0,300,0.5,1700,0.5,1
8,6,535,0,0,500,0.6,1000,0.2,1400,0.2,1
8,7,435,2,10,5,0,300,0.5,1700,0.5,2
8,8,91,1,0,500,0.6,1000,0.2,1400,0.2,2
8,9,430,0,0,300,0.5,1700,0.5,1
8,10,728,1,0,500,0.6,1000,0.2,1400,0.2,1
8,11,257,1,0,500,0.6,1000,0.2,1400,0.2,2
8,12,968,2,10,5,0,300,0.5,1700,0.5,2
8,13,535,0,0,500,0.6,1000,0.2,1400,0.2,0
8,14,375,0,0,500,0.6,1000,0.2,1400,0.2,0
8,15,318,1,0,500,0.6,1000,0.2,1400,0.2,2
8,16,73,2,10,5,0,500,0.6,1000,0.2,1400,0.2,2
8,17,948,1,0,500,0.6,1000,0.2,1400,0.2,1
8,18,759,2,10,5,0,300,0.5,1700,0.5,1
8,19,128,2,10,5,0,300,0.5,1700,0.5,0
9,0,941,1,0,500,0.6,1000,0.2,1400,0.2,1
9,1,885,0,0,500,0.6,1000,0.2,1400,0.2,1
9,2,130,2,10,5,0,300,0.5,1700,0.5,1
9,3,417,0,0,300,0.5,1700,0.5,0
9,4,628,2,10,5,0,300,0.5,1700,0.5,2
9,5,91,1,0,500,0.6,1000,0.2,1400,0.2,2
9,6,566,2,10,5,0,500,0.6,1000,0.2,1400,0.2,2
9,7,730,1,0,300,0.5,1700,0.5,1
9,8,880,2,10,5,0,300,0.5,1700,0.5,1
9,9,675,0,0,500,0.6,1000,0.2,1400,0.2,1
9,10,434,2,10,5,0,300,0.5,1700,0.5,0
9,11,605,1,0,300,0.5,1700,0.5,1
9,12,95,0,0,500,0.6,1000,0.2,1400,0.2,0
9,13,146,0,0,300,0.5,1700,0.5,0
9,14,119,1,0,500,0.6,1000,0.2,1400,0.2,1
9,15,271,2,10,5,0,300,0.5,1700,0.5,2
9,16,962,2,10,5,0,500,0.6,1000,0.2,1400,0.2,1
9,17,833,2,10,5,0,300,0.5,1700,0.5,0
9,18,384,1,0,300,0.5,1700,0.5,2
9,19,466,0,0,500,0.6,1000,0.2,1400,0.2,0
10,0,102,2,10,5,0,500,0.6,1000,0.2,1400,0.2,0
10,1,62,1,0,300,0.5,1700,0.5,0
10,2,17,2,10,5,0,500,0.6,1000,0.2,1400,0.2,0
10,3,752,0,0,300,0.5,1700,0.5,1
10,4,583,2,10,5,0,500,0.6,1000,0.2,1400,0.2,2
10,5,377,1,0,500,0.6,1000,0.2,1400,0.2,1
10,6,141,2,10,5,0,500,0.6,1000,0.2,1400,0.2,0
10,7,579,2,10,5,0,300,0.5,1700,0.5,2
10,8,325,1,0,500,0.6,1000,0.2,1400,0.2,1
10,9,551,0,0,300,0.5,1700,0.5,1
10,10,966,2,10,5,0,500,0.6,1000,0.2,1400,0.2,2
10,11,903,1,0,500,0.6,1000,0.2,1400,0.2,1
10,12,853,2,10,5,0,500,0.6,1000,0.2,1400,0.2,1
10,13,457,2,10,5,0,500,0.6,1000,0.2,1400,0.2,2
10,14,494,2,10,5,0,500,0.6,1000,0.2,1400,0.2,2
10,15,692,1,0,500,0.6,1000,0.2,1400,0.2,2
10,16,887,1,0,300,0.5,1700,0.5,2
10,17,202,0,0,500,0.6,1000,0.2,1400,0.2,2
10,18,53,0,0,500,0.6,1000,0.2,1400,0.2,0
10,19,468,1,0,500,0.6,1000,0.2,1400,0.2,0
11,0,860,1,0,500,0.6,1000,0.2,1400,0.2,2
11,1,125,1,0,500,0.6,1000,0.2,1400,0.2,1
11,2,81,0,0,300,0.5,1700,0.5,1
11,3,705,2,10,5,0,500,0.6,1000,0.2,1400,0.2,2
11,4,831,2,10,5,0,500,0.6,1000,0.2,1400,0.2,2
11,5,355,1,0,300,0.5,1700,0.5,2
11,6,432,1,0,500,0.6,1000,0.2,1400,0.2,2
11,7,707,0,0,500,0.6,1000,0.2,1400,0.2,2
11,8,518,2,10,5,0,500,0.6,1000,0.2,1400,0.2,1
11,9,158,2,10,5,0,500,0.6,1000,0.2,1400,0.2,0
11,10,685,2,10,5,0,300,0.5,1700,0.5,0
11,11,501,0,0,300,0.5,1700,0.5,2
11,12,674,0,0,500,0.6,1000,0.2,1400,0.2,0
11,13,853,2,10,5,0,500,0.6,1000,0.2,1400,0.2,2
11,14,710,1,0,300,0.5,1700,0.5,2
11,15,534,0,0,300,0.5,1700,0.5,2
11,16,993,0,0,300,0.5,1700,0.5,0
11,17,281,2,10,5,0,500,0.6,1000,0.2,1400,0.2,2
11,18,949,2,10,5,0,500,0.6,1000,0.2,1400,0.2,0
11,19,630,2,10,5,0,500,0.6,1000,0.2,1400,0.2,1
12,0,43,0,0,500,0.6,1000,0.2,1400,0.2,2
12,1,640,0,0,500,0.6,1000,0.2,1400,0.2,1
12,2,225,0,0,300,0.5,1700,0.5,2
12,3,81,1,0,500,0.6,1000,0.2,1400,0.2,1
12,4,338,0,0,300,0.5,1700,0.5,2
12,5,209,1,0,300,0.5,1700,0.5,2
12,6,244,2,10,5,0,300,0.5,1700,0.5,0
12,7,723,0,0,300,0.5,1700,0.5,2
12,8,294,1,0,500,0.6,1000,0.2,1400,0.2,2
12,9,468,2,10,5,0,300,0.5,1700,0.5,0
12,10,285,0,0,300,0.5,1700,0.5,0
12,11,594,0,0,300,0.5,1700,0.5,2
12,12,204,0,0,300,0.5,1700,0.5,2
12,13,653,2,10,5,0,300,0.5,1700,0.5,0
12,14,745,1,0,500,0.6,1000,0.2,1400,0.2,2
12,15,654,2,10,5,0,500,0.6,1000,0.2,1400,0.2,0
12,16,647,0,0,500,0.6,1000,0.2,1400,0.2,1
12,17,327,1,0,300,0.5,1700,0.5,0
12,18,401,1,0,500,0.6,1000,0.2,1400,0.2,0
12,19,504,2,10,5,0,500,0.6,1000,0.2,1400,0.2,1
13,0,449,0,0,500,0.6,1000,0.2,1400,0.2,2
13,1,473,0,0,500,0.6,1000,0.2,1400,0.2,1
13,2,996,1,0,300,0.5,1700,0.5,0
13,3,152,1,0,300,0.5,1700,0.5,2
13,4,521,2,10,5,0,500,0.6,1000,0.2,1400,0.2,1
13,5,618,0,0,500,0.6,1000,0.2,1400,0.2,2
13,6,896,0,0,300,0.5,1700,0.5,1
13,7,456,2,10,5,0,500,0.6,1000,0.2,1400,0.2,0
13,8,324,0,0,500,0.6,1000,0.2,1400,0.2,1
13,9,392,2,10,5,0,300,0.5,1700,0.5,0
13,10,928,0,0,500,0.6,1000,0.2,1400,0.2,0
13,11,899,0,0,500,0.6,1000,0.2,1400,0.2,0
13,12,690,2,10,5,0,300,0.5,1700,0.5,2
13,13,462,0,0,300,0.5,1700,0.5,1
13,14,235,0,0,500,0.6,1000,0.2,1400,0.2,0
13,15,156,1,0,500,0.6,1000,0.2,1400,0.2,2
13,16,150,2,10,5,0,300,0.5,1700,0.5,2
13,17,151,0,0,300,0.5,1700,0.5,0
13,18,517,1,0,500,0.6,1000,0.2,1400,0.2,2
13,19,951,2,10,5,0,300,0.5,1700,0.5,1
14,0,665,2,10,5,0,300,0.5,1700,0.5,2
14,1,855,2,10,5,0,500,0.6,1000,0.2,1400,0.2,2
14,2,704,2,10,5,0,300,0.5,1700,0.5,1
14,3,11,1,0,500,0.6,1000,0.2,1400,0.2,0
14,4,283,2,10,5,0,300,0.5,1700,0.5,1
14,5,135,1,0,500,0.6,1000,0.2,1400,0.2,1
14,6,132,1,0,300,0.5,1700,0.5,1
14,7,745,2,10,5,0,300,0.5,1700,0.5,0
14,8,662,0,0,300,0.5,1700,0.5,0
14,9,934,0,0,500,0.6,1000,0.2,1400,0.2,2
14,10,523,1,0,500,0.6,1000,0.2,1400,0.2,2
14,11,699,0,0,500,0.6,1000,0.2,1400,0.2,0
14,12,127,1,0,500,0.6,1000,0.2,1400,0.2,0
14,13,862,0,0,300,0.5,1700,0.5,0
14,14,993,2,10,5,0,300,0.5,1700,0.5,0
14,15,616,0,0,300,0.5,1700,0.5,0
14,16,484,0,0,300,0.5,1700,0.5,1
14,17,105,2,10,5,0,500,0.6,1000,0.2,1400,0.2,2
14,18,221,2,10,5,0,500,0.6,1000,0.2,1400,0.2,1
14,19,310,0,0,500,0.6,1000,0.2,1400,0.2,1
15,0,44,2,10,5,0,300,0.5,1700,0.5,2
15,1,686,0,0,500,0.6,1000,0.2,1400,0.2,0
15,2,989,0,0,500,0.6,1000,0.2,1400,0.2,0
15,3,118,0,0,300,0.5,1700,0.5,1
15,4,555,2,10,5,0,300,0.5,1700,0.5,2
15,5,582,2,10,5,0,300,0.5,1700,0.5,2
15,6,32,0,0,300,0.5,1700,0.5,0
15,7,552,0,0,500,0.6,1000,0.2,1400,0.2,2
15,8,49,2,10,5,0,500,0.6,1000,0.2,1400,0.2,2
15,9,209,0,0,500,0.6,1000,0.2,1400,0.2,0
15,10,195,1,0,300,0.5,1700,0.5,0
15,11,775,0,0,300,0.5,1700,0.5,0
15,12,472,0,0,300,0.5,1700,0.5,2
15,13,641,2,10,5,0,300,0.5,1700,0.5,1
15,14,639,0,0,500,0.6,1000,0.2,1400,0.2,2
15,15,706,1,0,500,0.6,1000,0.2,1400,0.2,2
15,16,147,1,0,300,0.5,1700,0.5,0
15,17,297,0,0,500,0.6,1000,0.2,1400,0.2,2
15,18,649,1,0,500,0.6,1000,0.2,1400,0.2,1
15,19,372,2,10,5,0,300,0.5,1700,0.5,2
16,0,868,1,0,500,0.6,1000,0.2,1400,0.2,1
16,1,84,2,10,5,0,500,0.6,1000,0.2,1400,0.2,2
16,2,366,0,0,500,0.6,1000,0.2,1400,0.2,2
16,3,841,2,10,5,0,300,0.5,1700,0.5,1
16,4,451,2,10,5,0,300,0.5,1700,0.5,2
16,5,605,2,10,5,0,300,0.5,1700,0.5,1
16,6,386,0,0,300,0.5,1700,0.5,1
16,7,375,1,0,300,0.5,1700,0.5,1
16,8,553,0,0,500,0.6,1000,0.2,1400,0.2,0
16,9,939,0,0,300,0.5,1700,0.5,0
16,10,395,0,0,300,0.5,1700,0.5,0
16,11,21,0,0,300,0.5,1700,0.5,2
16,12,184,2,10,5,0,500,0.6,1000,0.2,1400,0.2,0
16,13,522,2,10,5,0,300,0.5,1700,0.5,2
16,14,754,1,0,500,0.6,1000,0.2,1400,0.2,1
16,15,933,1,0,300,0.5,1700,0.5,2
16,16,503,2,10,5,0,500,0.6,1000,0.2,1400,0.2,0
16,17,213,2,10,5,0,300,0.5,1700,0.5,1
16,18,974,0,0,300,0.5,1700,0.5,2
16,19,303,2,10,5,0,500,0.6,1000,0.2,1400,0.2,2
17,0,927,2,10,5,0,300,0.5,1700,0.5,2
17,1,757,1,0,500,0.6,1000,0.2,1400,0.2,2
17,2,76,0,0,500,0.6,1000,0.2,1400,0.2,2
17,3,964,0,0,300,0.5,1700,0.5,1
17,4,915,2,10,5,0,300,0.5,1700,0.5,2
17,5,647,1,0,500,0.6,1000,0.2,1400,0.2,1
17,6,61,1,0,300,0.5,1700,0.5,1
17,7,272,0,0,500,0.6,1000,0.2,1400,0.2,2
17,8,606,2,10,5,0,300,0.5,1700,0.5,2
17,9,820,0,0,500,0.6,1000,0.2,1400,0.2,1
17,10,797,2,10,5,0,300,0.5,1700,0.5,0
17,11,360,2,10,5,0,300,0.5,1700,0.5,2
17,12,654,0,0,300,0.5,1700,0.5,0
17,13,653,2,10,5,0,300,0.5,1700,0.5,2
17,14,734,0,0,500,0.6,1000,0.2,1400,0.2,1
17,15,350,2,10,5,0,500,0.6,1000,0.2,1400,0.2,1
17,16,517,0,0,300,0.5,1700,0.5,2
17,17,892,1,0,300,0.5,1700,0.5,0
17,18,344,2,10,5,0,300,0.5,1700,0.5,2
17,19,767,0,0,500,0.6,1000,0.2,1400,0.2,0
18,0,146,0,0,300,0.5,1700,0.5,2
18,1,440,2,10,5,0,300,0.5,1700,0.5,0
18,2,829,0,0,300,0.5,1700,0.5,0
18,3,394,1,0,500,0.6,1000,0.2,1400,0.2,2
18,4,535,1,0,500,0.6,1000,0.2,1400,0.2,0
18,5,413,2,10,5,0,500,0.6,1000,0.2,1400,0.2,1
18,6,827,0,0,300,0.5,1700,0.5,2
18,7,815,1,0,300,0.5,1700,0.5,2
18,8,860,2,10,5,0,300,0.5,1700,0.5,1
18,9,497,1,0,500,0.6,1000,0.2,1400,0.2,0
18,10,899,2,10,5,0,500,0.6,1000,0.2,1400,0.2,0
18,11,555,0,0,500,0.6,1000,0.2,1400,0.2,2
18,12,874,1,0,500,0.6,1000,0.2,1400,0.2,1
18,13,321,2,10,5,0,300,0.5,1700,0.5,1
18,14,400,1,0,500,0.6,1000,0.2,1400,0.2,2
18,15,669,1,0,500,0.6,1000,0.2,1400,0.2,2
18,16,918,1,0,500,0.6,1000,0.2,1400,0.2,2
18,17,26,0,0,300,0.5,1700,0.5,2
18,18,935,1,0,300,0.5,1700,0.5,2
18,19,72,1,0,300,0.5,1700,0.5,2
19,0,802,1,0,300,0.5,1700,0.5,0
19,1,635,2,10,5,0,500,0.6,1000,0.2,1400,0.2,1
19,2,526,2,10,5,0,500,0.6,1000,0.2,1400,0.2,0
19,3,42,1,0,300,0.5,1700,0.5,2
19,4,769,1,0,300,0.5,1700,0.5,0
19,5,393,1,0,500,0.6,1000,0.2,1400,0.2,1
19,6,465,2,10,5,0,300,0.5,1700,0.5,1
19,7,536,0,0,300,0.5,1700,0.5,0
19,8,878,1,0,500,0.6,1000,0.2,1400,0.2,2
19,9,648,0,0,300,0.5,1700,0.5,2
19,10,473,1,0,500,0.6,1000,0.2,1400,0.2,2
19,11,156,2,10,5,0,500,0.6,1000,0.2,1400,0.2,1
19,12,575,1,0,500,0.6,1000,0.2,1400,0.2,1
19,13,322,0,0,500,0.6,1000,0.2,1400,0.2,1
19,14,298,0,0,500,0.6,1000,0.2,1400,0.2,2
19,15,184,1,0,500,0.6,1000,0.2,1400,0.2,0
19,16,874,1,0,500,0.6,1000,0.2,1400,0.2,2
19,17,418,1,0,500,0.6,1000,0.2,1400,0.2,0
19,18,872,2,10,5,0,500,0.6,1000,0.2,1400,0.2,0
19,19,517,2,10,5,0,300,0.5,1700,0.5,0
