0,0,96,0,0,500,0.6,1000,0.2,1400,0.2,1
0,1,960,1,0,500,0.6,1000,0.2,1400,0.2,0
0,2,561,2,10,5,0,500,0.6,1000,0.2,1400,0.2,2
0,3,891,1,0,300,0.5,1700,0.5,1
0,4,942,0,0,300,0.5,1700,0.5,0
0,5,421,0,0,500,0.6,1000,0.2,1400,0.2,0
0,6,278,2,10,5,0,300,0.5,1700,0.5,1
0,7,65,1,0,500,0.6,1000,0.2,1400,0.2,1
0,8,568,0,0,300,0.5,1700,0.5,0
0,9,366,2,10,5,0,300,0.5,1700,0.5,2
0,10,561,2,10,5,0,300,0.5,1700,0.5,1
0,11,572,1,0,300,0.5,1700,0.5,0
0,12,43,2,10,5,0,300,0.5,1700,0.5,2
0,13,986,0,0,300,0.5,1700,0.5,1
0,14,924,1,0,300,0.5,1700,0.5,2
0,15,471,0,0,500,0.6,1000,0.2,1400,0.2,2
0,16,817,1,0,300,0.5,1700,0.5,1
0,17,798,2,10,5,0,500,0.6,1000,0.2,1400,0.2,0
0,18,37,1,0,300,0.5,1700,0.5,1
0,19,348,2,10,5,0,500,0.6,1000,0.2,1400,0.2,0
1,0,222,0,0,500,0.6,1000,0.2,1400,0.2,2
1,1,823,0,0,500,0.6,1000,0.2,1400,0.2,0
1,2,470,1,0,300,0.5,1700,0.5,2
1,3,695,0,0,300,0.5,1700,0.5,2
1,4,285,2,10,5,0,300,0.5,1700,0.5,2
1,5,962,0,0,500,0.6,1000,0.2,1400,0.2,0
1,6,105,1,0,500,0.6,1000,0.2,1400,0.2,2
1,7,780,0,0,300,0.5,1700,0.5,2
1,8,89,2,10,5,0,300,0.5,1700,0.5,0
1,9,809,0,0,500,0.6,1000,0.2,1400,0.2,2
1,10,560,0,0,500,0.6,1000,0.2,1400,0.2,1
1,11,341,2,10,5,0,300,0.5,1700,0.5,2
1,12,302,0,0,500,0.6,1000,0.2,1400,0.2,0
1,13,542,2,10,5,0,300,0.5,1700,0.5,2
1,14,232,1,0,500,0.6,1000,0.2,1400,0.2,2
1,15,851,2,10,5,0,300,0.5,1700,0.5,2
1,16,491,2,10,5,0,300,0.5,1700,0.5,2
1,17,482,0,0,500,0.6,1000,0.2,1400,0.2,0
1,18,549,1,0,300,0.5,1700,0.5,1
1,19,170,2,10,5,0,300,0.5,1700,0.5,2
2,0,985,0,0,500,0.6,1000,0.2,1400,0.2,0
2,1,598,2,10,5,0,300,0.5,1700,0.5,2
2,2,238,2,10,5,0,300,0.5,1700,0.5,2
2,3,84,1,0,300,0.5,1700,0.5,2
2,4,14,0,0,300,0.5,1700,0.5,2
2,5,882,1,0,300,0.5,1700,0.5,2
2,6,166,2,10,5,0,500,0.6,1000,0.2,1400,0.2,0
2,7,507,2,10,5,0,500,0.6,1000,0.2,1400,0.2,0
2,8,51,1,0,500,0.6,1000,0.2,1400,0.2,2
2,9,556,0,0,300,0.5,1700,0.5,1
2,10,289,0,0,300,0.5,1700,0.5,2
2,11,705,1,0,500,0.6,1000,0.2,1400,0.2,0
2,12,508,2,10,5,0,300,0.5,1700,0.5,2
2,13,279,1,0,500,0.6,1000,0.2,1400,0.2,2
2,14,568,2,10,5,0,500,0.6,1000,0.2,1400,0.2,0
2,15,790,1,0,300,0.5,1700,0.5,2
2,16,388,2,10,5,0,300,0.5,1700,0.5,1
2,17,13,1,0,300,0.5,1700,0.5,1
2,18,94,2,10,5,0,300,0.5,1700,0.5,0
2,19,300,0,0,300,0.5,1700,0.5,0
3,0,851,1,0,300,0.5,1700,0.5,2
3,1,675,2,10,5,0,300,0.5,1700,0.5,1
3,2,957,0,0,500,0.6,1000,0.2,1400,0.2,0
3,3,587,1,0,500,0.6,1000,0.2,1400,0.2,0
3,4,395,0,0,500,0.6,1000,0.2,1400,0.2,2
3,5,525,2,10,5,0,300,0.5,1700,0.5,0
3,6,720,2,10,5,0,500,0.6,1000,0.2,1400,0.2,1
3,7,287,2,10,5,0,300,0.5,1700,0.5,2
3,8,611,2,10,5,0,500,0.6,1000,0.2,1400,0.2,1
3,9,714,1,0,500,0.6,1000,0.2,1400,0.2,0
3,10,696,1,0,300,0.5,1700,0.5,1
3,11,423,0,0,500,0.6,1000,0.2,1400,0.2,2
3,12,31,0,0,300,0.5,1700,0.5,2
3,13,404,1,0,300,0.5,1700,0.5,2
3,14,583,1,0,300,0.5,1700,0.5,0
3,15,861,2,10,5,0,300,0.5,1700,0.5,1
3,16,403,2,10,5,0,300,0.5,1700,0.5,0
3,17,552,2,10,5,0,300,0.5,1700,0.5,0
3,18,493,1,0,500,0.6,1000,0.2,1400,0.2,2
3,19,618,1,0,300,0.5,1700,0.5,1
4,0,740,1,0,500,0.6,1000,0.2,1400,0.2,0
4,1,720,2,10,5,0,500,0.6,1000,0.2,1400,0.2,1
4,2,619,0,0,300,0.5,1700,0.5,1
4,3,883,2,10,5,0,300,0.5,1700,0.5,2
4,4,961,1,0,300,0.5,1700,0.5,2
4,5,730,1,0,500,0.6,1000,0.2,1400,0.2,2
4,6,918,1,0,500,0.6,1000,0.2,1400,0.2,1
4,7,948,1,0,300,0.5,1700,0.5,1
4,8,229,1,0,500,0.6,1000,0.2,1400,0.2,0
4,9,398,2,10,5,0,300,0.5,1700,0.5,0
4,10,422,2,10,5,0,300,0.5,1700,0.5,1
4,11,99,0,0,500,0.6,1000,0.2,1400,0.2,2
4,12,295,2,10,5,0,300,0.5,1700,0.5,1
4,13,58,2,10,5,0,300,0.5,1700,0.5,2
4,14,984,2,10,5,0,300,0.5,1700,0.5,0
4,15,934,2,10,5,0,300,0.5,1700,0.5,0
4,16,739,1,0,500,0.6,1000,0.2,1400,0.2,0
4,17,138,0,0,300,0.5,1700,0.5,2
4,18,649,1,0,500,0.6,1000,0.2,1400,0.2,2
4,19,698,1,0,500,0.6,1000,0.2,1400,0.2,0
5,0,722,1,0,300,0.5,1700,0.5,0
5,1,638,0,0,500,0.6,1000,0.2,1400,0.2,1
5,2,119,1,0,500,0.6,1000,0.2,1400,0.2,2
5,3,146,1,0,500,0.6,1000,0.2,1400,0.2,1
5,4,79,2,10,5,0,500,0.6,1000,0.2,1400,0.2,2
5,5,493,2,10,5,0,300,0.5,1700,0.5,2
5,6,38,0,0,300,0.5,1700,0.5,2
5,7,846,1,0,500,0.6,1000,0.2,1400,0.2,0
5,8,194,0,0,300,0.5,1700,0.5,1
5,9,253,2,10,5,0,500,0.6,1000,0.2,1400,0.2,1
5,10,254,0,0,500,0.6,1000,0.2,1400,0.2,0
5,11,861,1,0,300,0.5,1700,0.5,2
5,12,698,1,0,500,0.6,1000,0.2,1400,0.2,0
5,13,813,0,0,500,0.6,1000,0.2,1400,0.2,2
5,14,429,0,0,300,0.5,1700,0.5,2
5,15,583,2,10,5,0,300,0.5,1700,0.5,1
5,16,257,0,0,300,0.5,1700,0.5,0
5,17,978,0,0,300,0.5,1700,0.5,2
5,18,837,0,0,500,0.6,1000,0.2,1400,0.2,1
5,19,893,1,0,300,0.5,1700,0.5,2
6,0,497,0,0,500,0.6,1000,0.2,1400,0.2,2
6,1,316,1,0,300,0.5,1700,0.5,1
6,2,266,0,0,300,0.5,1700,0.5,2
6,3,867,0,0,300,0.5,1700,0.5,2
6,4,409,0,0,500,0.6,1000,0.2,1400,0.2,2
6,5,988,2,10,5,0,300,0.5,1700,0.5,0
6,6,793,1,0,300,0.5,1700,0.5,2
6,7,904,1,0,500,0.6,1000,0.2,1400,0.2,1
6,8,675,0,0,500,0.6,1000,0.2,1400,0.2,1
6,9,709,2,10,5,0,500,0.6,1000,0.2,1400,0.2,2
6,10,126,0,0,300,0.5,1700,0.5,0
6,11,954,1,0,500,0.6,1000,0.2,1400,0.2,0
6,12,533,1,0,500,0.6,1000,0.2,1400,0.2,0
6,13,914,1,0,300,0.5,1700,0.5,0
6,14,568,2,10,5,0,500,0.6,1000,0.2,1400,0.2,2
6,15,605,2,10,5,0,300,0.5,1700,0.5,2
6,16,675,0,0,300,0.5,1700,0.5,2
6,17,620,0,0,300,0.5,1700,0.5,0
6,18,918,2,10,5,0,500,0.6,1000,0.2,1400,0.2,2
6,19,754,0,0,500,0.6,1000,0.2,1400,0.2,2
7,0,776,0,0,500,0.6,1000,0.2,1400,0.2,1
7,1,335,1,0,300,0.5,1700,0.5,2
7,2,862,0,0,500,0.6,1000,0.2,1400,0.2,1
7,3,784,0,0,500,0.6,1000,0.2,1400,0.2,2
7,4,802,1,0,300,0.5,1700,0.5,0
7,5,943,1,0,500,0.6,1000,0.2,1400,0.2,2
7,6,953,2,10,5,0,300,0.5,1700,0.5,0
7,7,914,0,0,500,0.6,1000,0.2,1400,0.2,1
7,8,439,0,0,500,0.6,1000,0.2,1400,0.2,1
7,9,703,1,0,500,0.6,1000,0.2,1400,0.2,0
7,10,241,2,10,5,0,300,0.5,1700,0.5,2
7,11,299,1,0,500,0.6,1000,0.2,1400,0.2,0
7,12,937,1,0,500,0.6,1000,0.2,1400,0.2,1
7,13,353,1,0,500,0.6,1000,0.2,1400,0.2,1
7,14,37,2,10,5,0,500,0.6,1000,0.2,1400,0.2,0
7,15,647,0,0,500,0.6,1000,0.2,1400,0.2,1
7,16,442,0,0,500,0.6,1000,0.2,1400,0.2,0
7,17,25,2,10,5,0,500,0.6,1000,0.2,1400,0.2,2
7,18,832,2,10,5,0,500,0.6,1000,0.2,1400,0.2,1
7,19,655,0,0,300,0.5,1700,0.5,1
8,0,61,2,10,5,0,300,0.5,1700,0.5,2
8,1,77,2,10,5,0,300,0.5,1700,0.5,0
8,2,616,2,10,5,0,500,0.6,1000,0.2,1400,0.2,2
8,3,270,1,0,300,0.5,1700,0.5,1
8,4,443,1,0,500,0.6,1000,0.2,1400,0.2,2
8,5,927,0,0,300,0.5,1700,0.5,1
8,6,320,2,10,5,0,500,0.6,1000,0.2,1400,0.2,1
8,7,260,0,0,300,0.5,1700,0.5,2
8,8,16,2,10,5,0,300,0.5,1700,0.5,1
8,9,608,0,0,500,0.6,1000,0.2,1400,0.2,0
8,10,998,2,10,5,0,300,0.5,1700,0.5,2
8,11,703,0,0,500,0.6,1000,0.2,1400,0.2,1
8,12,67,0,0,300,0.5,1700,0.5,0
8,13,634,1,0,300,0.5,1700,0.5,0
8,14,306,1,0,500,0.6,1000,0.2,1400,0.2,1
8,15,405,2,10,5,0,500,0.6,1000,0.2,1400,0.2,2
8,16,464,2,10,5,0,500,0.6,1000,0.2,1400,0.2,1
8,17,111,2,10,5,0,500,0.6,1000,0.2,1400,0.2,0
8,18,126,0,0,300,0.5,1700,0.5,1
8,19,317,2,10,5,0,300,0.5,1700,0.5,0
9,0,952,1,0,300,0.5,1700,0.5,2
9,1,538,1,0,300,0.5,1700,0.5,2
9,2,905,1,0,500,0.6,1000,0.2,1400,0.2,0
9,3,90,0,0,500,0.6,1000,0.2,1400,0.2,0
9,4,710,2,10,5,0,500,0.6,1000,0.2,1400,0.2,2
9,5,130,2,10,5,0,500,0.6,1000,0.2,1400,0.2,0
9,6,577,1,0,300,0.5,1700,0.5,2
9,7,548,0,0,500,0.6,1000,0.2,1400,0.2,0
9,8,282,1,0,500,0.6,1000,0.2,1400,0.2,0
9,9,523,0,0,300,0.5,1700,0.5,1
9,10,941,2,10,5,0,300,0.5,1700,0.5,2
9,11,44,2,10,5,0,300,0.5,1700,0.5,1
9,12,678,2,10,5,0,500,0.6,1000,0.2,1400,0.2,0
9,13,270,1,0,500,0.6,1000,0.2,1400,0.2,0
9,14,803,2,10,5,0,500,0.6,1000,0.2,1400,0.2,0
9,15,677,1,0,300,0.5,1700,0.5,0
9,16,386,0,0,500,0.6,1000,0.2,1400,0.2,1
9,17,384,2,10,5,0,500,0.6,1000,0.2,1400,0.2,1
9,18,922,2,10,5,0,500,0.6,1000,0.2,1400,0.2,0
9,19,131,0,0,300,0.5,1700,0.5,0
10,0,860,0,0,500,0.6,1000,0.2,1400,0.2,0
10,1,803,1,0,500,0.6,1000,0.2,1400,0.2,0
10,2,579,2,10,5,0,300,0.5,1700,0.5,2
10,3,149,1,0,300,0.5,1700,0.5,1
10,4,110,2,10,5,0,300,0.5,1700,0.5,2
10,5,517,0,0,300,0.5,1700,0.5,2
10,6,770,1,0,500,0.6,1000,0.2,1400,0.2,2
10,7,638,2,10,5,0,500,0.6,1000,0.2,1400,0.2,1
10,8,166,0,0,300,0.5,1700,0.5,0
10,9,944,0,0,500,0.6,1000,0.2,1400,0.2,0
10,10,374,2,10,5,0,300,0.5,1700,0.5,1
10,11,977,2,10,5,0,500,0.6,1000,0.2,1400,0.2,2
10,12,914,0,0,500,0.6,1000,0.2,1400,0.2,2
10,13,865,0,0,300,0.5,1700,0.5,0
10,14,440,0,0,300,0.5,1700,0.5,0
10,15,706,1,0,300,0.5,1700,0.5,2
10,16,67,0,0,500,0.6,1000,0.2,1400,0.2,1
10,17,539,2,10,5,0,500,0.6,1000,0.2,1400,0.2,0
10,18,327,2,10,5,0,500,0.6,1000,0.2,1400,0.2,0
10,19,745,2,10,5,0,500,0.6,1000,0.2,1400,0.2,1
11,0,497,2,10,5,0,300,0.5,1700,0.5,2
11,1,507,1,0,300,0.5,1700,0.5,0
11,2,98,2,10,5,0,300,0.5,1700,0.5,2
11,3,610,2,10,5,0,300,0.5,1700,0.5,1
11,4,113,1,0,500,0.6,1000,0.2,1400,0.2,2
11,5,492,2,10,5,0,300,0.5,1700,0.5,1
11,6,129,1,0,300,0.5,1700,0.5,2
11,7,318,0,0,500,0.6,1000,0.2,1400,0.2,0
11,8,671,2,10,5,0,500,0.6,1000,0.2,1400,0.2,2
11,9,406,2,10,5,0,500,0.6,1000,0.2,1400,0.2,0
11,10,509,1,0,500,0.6,1000,0.2,1400,0.2,1
11,11,24,1,0,300,0.5,1700,0.5,2
11,12,96,1,0,500,0.6,1000,0.2,1400,0.2,1
11,13,197,2,10,5,0,500,0.6,1000,0.2,1400,0.2,0
11,14,125,2,10,5,0,500,0.6,1000,0.2,1400,0.2,2
11,15,162,0,0,500,0.6,1000,0.2,1400,0.2,2
11,16,379,2,10,5,0,300,0.5,1700,0.5,2
11,17,923,2,10,5,0,300,0.5,1700,0.5,2
11,18,378,2,10,5,0,300,0.5,1700,0.5,2
11,19,33,2,10,5,0,300,0.5,1700,0.5,2
12,0,641,0,0,500,0.6,1000,0.2,1400,0.2,0
12,1,467,0,0,300,0.5,1700,0.5,0
12,2,231,2,10,5,0,500,0.6,1000,0.2,1400,0.2,0
12,3,814,2,10,5,0,300,0.5,1700,0.5,1
12,4,885,2,10,5,0,300,0.5,1700,0.5,2
12,5,184,2,10,5,0,500,0.6,1000,0.2,1400,0.2,0
12,6,623,2,10,5,0,500,0.6,1000,0.2,1400,0.2,2
12,7,232,0,0,500,0.6,1000,0.2,1400,0.2,2
12,8,110,2,10,5,0,300,0.5,1700,0.5,0
12,9,769,2,10,5,0,500,0.6,1000,0.2,1400,0.2,1
12,10,449,1,0,500,0.6,1000,0.2,1400,0.2,0
12,11,126,1,0,500,0.6,1000,0.2,1400,0.2,1
12,12,760,0,0,500,0.6,1000,0.2,1400,0.2,0
12,13,450,0,0,500,0.6,1000,0.2,1400,0.2,2
12,14,20,0,0,300,0.5,1700,0.5,0
12,15,371,1,0,300,0.5,1700,0.5,1
12,16,626,2,10,5,0,500,0.6,1000,0.2,1400,0.2,1
12,17,987,1,0,300,0.5,1700,0.5,0
12,18,548,2,10,5,0,500,0.6,1000,0.2,1400,0.2,0
12,19,82,0,0,500,0.6,1000,0.2,1400,0.2,0
13,0,272,1,0,300,0.5,1700,0.5,2
13,1,291,0,0,300,0.5,1700,0.5,2
13,2,462,2,10,5,0,500,0.6,1000,0.2,1400,0.2,2
13,3,232,0,0,500,0.6,1000,0.2,1400,0.2,0
13,4,48,1,0,300,0.5,1700,0.5,0
13,5,21,0,0,500,0.6,1000,0.2,1400,0.2,2
13,6,152,1,0,500,0.6,1000,0.2,1400,0.2,1
13,7,667,0,0,500,0.6,1000,0.2,1400,0.2,0
13,8,345,0,0,500,0.6,1000,0.2,1400,0.2,1
13,9,665,1,0,300,0.5,1700,0.5,1
13,10,938,0,0,500,0.6,1000,0.2,1400,0.2,2
13,11,119,0,0,500,0.6,1000,0.2,1400,0.2,0
13,12,166,1,0,300,0.5,1700,0.5,2
13,13,80,0,0,500,0.6,1000,0.2,1400,0.2,0
13,14,492,0,0,300,0.5,1700,0.5,2
13,15,716,1,0,300,0.5,1700,0.5,1
13,16,97,1,0,500,0.6,1000,0.2,1400,0.2,1
13,17,950,2,10,5,0,300,0.5,1700,0.5,1
13,18,309,2,10,5,0,300,0.5,1700,0.5,2
13,19,430,0,0,300,0.5,1700,0.5,2
14,0,410,2,10,5,0,500,0.6,1000,0.2,1400,0.2,1
14,1,500,0,0,300,0.5,1700,0.5,1
14,2,974,2,10,5,0,500,0.6,1000,0.2,1400,0.2,0
14,3,173,1,0,300,0.5,1700,0.5,0
14,4,766,2,10,5,0,500,0.6,1000,0.2,1400,0.2,1
14,5,685,1,0,300,0.5,1700,0.5,0
14,6,210,2,10,5,0,300,0.5,1700,0.5,2
14,7,979,1,0,300,0.5,1700,0.5,0
14,8,44,2,10,5,0,500,0.6,1000,0.2,1400,0.2,1
14,9,509,1,0,300,0.5,1700,0.5,2
14,10,675,2,10,5,0,300,0.5,1700,0.5,2
14,11,986,1,0,300,0.5,1700,0.5,1
14,12,805,1,0,300,0.5,1700,0.5,2
14,13,869,1,0,300,0.5,1700,0.5,2
14,14,301,2,10,5,0,500,0.6,1000,0.2,1400,0.2,2
14,15,917,2,10,5,0,500,0.6,1000,0.2,1400,0.2,1
14,16,61,1,0,300,0.5,1700,0.5,1
14,17,950,1,0,500,0.6,1000,0.2,1400,0.2,2
14,18,153,1,0,500,0.6,1000,0.2,1400,0.2,1
14,19,753,0,0,500,0.6,1000,0.2,1400,0.2,0
15,0,849,2,10,5,0,300,0.5,1700,0.5,1
15,1,437,2,10,5,0,300,0.5,1700,0.5,2
15,2,515,2,10,5,0,300,0.5,1700,0.5,0
15,3,690,2,10,5,0,300,0.5,1700,0.5,2
15,4,529,0,0,300,0.5,1700,0.5,2
15,5,106,2,10,5,0,300,0.5,1700,0.5,0
15,6,812,2,10,5,0,500,0.6,1000,0.2,1400,0.2,2
15,7,371,1,0,300,0.5,1700,0.5,2
15,8,482,2,10,5,0,500,0.6,1000,0.2,1400,0.2,0
15,9,152,1,0,500,0.6,1000,0.2,1400,0.2,1
15,10,810,1,0,500,0.6,1000,0.2,1400,0.2,1
15,11,344,2,10,5,0,300,0.5,1700,0.5,0
15,12,715,2,10,5,0,300,0.5,1700,0.5,0
15,13,367,2,10,5,0,300,0.5,1700,0.5,0
15,14,616,1,0,500,0.6,1000,0.2,1400,0.2,0
15,15,576,2,10,5,0,500,0.6,1000,0.2,1400,0.2,1
15,16,145,0,0,500,0.6,1000,0.2,1400,0.2,1
15,17,17,2,10,5,0,300,0.5,1700,0.5,1
15,18,984,2,10,5,0,300,0.5,1700,0.5,0
15,19,836,1,0,500,0.6,1000,0.2,1400,0.2,1
16,0,177,1,0,300,0.5,1700,0.5,2
16,1,790,2,10,5,0,500,0.6,1000,0.2,1400,0.2,1
16,2,59,0,0,300,0.5,1700,0.5,2
16,3,990,0,0,500,0.6,1000,0.2,1400,0.2,1
16,4,229,0,0,500,0.6,1000,0.2,1400,0.2,0
16,5,436,0,0,500,0.6,1000,0.2,1400,0.2,1
16,6,686,2,10,5,0,500,0.6,1000,0.2,1400,0.2,1
16,7,475,2,10,5,0,500,0.6,1000,0.2,1400,0.2,2
16,8,118,2,10,5,0,500,0.6,1000,0.2,1400,0.2,0
16,9,450,1,0,500,0.6,1000,0.2,1400,0.2,0
16,10,177,2,10,5,0,300,0.5,1700,0.5,0
16,11,969,2,10,5,0,300,0.5,1700,0.5,1
16,12,923,0,0,500,0.6,1000,0.2,1400,0.2,0
16,13,585,2,10,5,0,500,0.6,1000,0.2,1400,0.2,1
16,14,855,2,10,5,0,500,0.6,1000,0.2,1400,0.2,0
16,15,618,1,0,500,0.6,1000,0.2,1400,0.2,1
16,16,278,2,10,5,0,500,0.6,1000,0.2,1400,0.2,1
16,17,556,2,10,5,0,500,0.6,1000,0.2,1400,0.2,0
16,18,619,0,0,500,0.6,1000,0.2,1400,0.2,0
16,19,782,0,0,300,0.5,1700,0.5,1
17,0,40,1,0,500,0.6,1000,0.2,1400,0.2,2
17,1,299,2,10,5,0,500,0.6,1000,0.2,1400,0.2,1
17,2,294,1,0,500,0.6,1000,0.2,1400,0.2,1
17,3,183,2,10,5,0,500,0.6,1000,0.2,1400,0.2,1
17,4,75,0,0,500,0.6,1000,0.2,1400,0.2,1
17,5,753,1,0,500,0.6,1000,0.2,1400,0.2,0
17,6,898,1,0,300,0.5,1700,0.5,2
17,7,376,0,0,300,0.5,1700,0.5,0
17,8,571,2,10,5,0,300,0.5,1700,0.5,2
17,9,146,1,0,300,0.5,1700,0.5,1
17,10,589,0,0,300,0.5,1700,0.5,1
17,11,319,2,10,5,0,300,0.5,1700,0.5,2
17,12,140,2,10,5,0,500,0.6,1000,0.2,1400,0.2,0
17,13,941,0,0,300,0.5,1700,0.5,1
17,14,16,2,10,5,0,500,0.6,1000,0.2,1400,0.2,0
17,15,659,0,0,300,0.5,1700,0.5,1
17,16,356,2,10,5,0,300,0.5,1700,0.5,0
17,17,478,2,10,5,0,300,0.5,1700,0.5,1
17,18,63,2,10,5,0,500,0.6,1000,0.2,1400,0.2,2
17,19,150,1,0,500,0.6,1000,0.2,1400,0.2,1
18,0,945,0,0,300,0.5,1700,0.5,1
18,1,593,0,0,500,0.6,1000,0.2,1400,0.2,0
18,2,466,2,10,5,0,300,0.5,1700,0.5,1
18,3,235,1,0,500,0.6,1000,0.2,1400,0.2,0
18,4,406,0,0,500,0.6,1000,0.2,1400,0.2,2
18,5,736,0,0,300,0.5,1700,0.5,2
18,6,783,1,0,500,0.6,1000,0.2,1400,0.2,2
18,7,17,0,0,300,0.5,1700,0.5,1
18,8,511,0,0,300,0.5,1700,0.5,0
18,9,84,0,0,300,0.5,1700,0.5,1
18,10,27,1,0,500,0.6,1000,0.2,1400,0.2,1
18,11,396,1,0,300,0.5,1700,0.5,0
18,12,376,0,0,300,0.5,1700,0.5,1
18,13,849,0,0,500,0.6,1000,0.2,1400,0.2,2
18,14,836,0,0,300,0.5,1700,0.5,1
18,15,417,0,0,500,0.6,1000,0.2,1400,0.2,1
18,16,124,2,10,5,0,500,0.6,1000,0.2,1400,0.2,2
18,17,754,2,10,5,0,500,0.6,1000,0.2,1400,0.2,0
18,18,158,0,0,500,0.6,1000,0.2,1400,0.2,1
18,19,755,2,10,5,0,500,0.6,1000,0.2,1400,0.2,2
19,0,91,2,10,5,0,500,0.6,1000,0.2,1400,0.2,2
19,1,271,0,0,500,0.6,1000,0.2,1400,0.2,2
19,2,87,1,0,300,0.5,1700,0.5,1
19,3,548,0,0,500,0.6,1000,0.2,1400,0.2,0
19,4,618,2,10,5,0,300,0.5,1700,0.5,0
19,5,632,2,10,5,0,500,0.6,1000,0.2,1400,0.2,0
19,6,371,1,0,300,0.5,1700,0.5,0
19,7,34,1,0,500,0.6,1000,0.2,1400,0.2,2
19,8,147,1,0,300,0.5,1700,0.5,1
19,9,398,0,0,300,0.5,1700,0.5,1
19,10,303,2,10,5,0,500,0.6,1000,0.2,1400,0.2,0
19,11,647,0,0,300,0.5,1700,0.5,1
19,12,292,1,0,300,0.5,1700,0.5,2
19,13,228,0,0,500,0.6,1000,0.2,1400,0.2,1
19,14,732,0,0,500,0.6,1000,0.2,1400,0.2,0
19,15,989,1,0,500,0.6,1000,0.2,1400,0.2,2
19,16,178,1,0,500,0.6,1000,0.2,1400,0.2,1
19,17,761,1,0,300,0.5,1700,0.5,1
19,18,48,0,0,500,0.6,1000,0.2,1400,0.2,2
19,19,984,2,10,5,0,500,0.6,1000,0.2,1400,0.2,1
