0,0,751,1,0,500,0.6,1000,0.2,1400,0.2,2
0,1,290,0,0,500,0.6,1000,0.2,1400,0.2,2
0,2,536,2,10,5,0,300,0.5,1700,0.5,0
0,3,764,2,10,5,0,500,0.6,1000,0.2,1400,0.2,1
0,4,238,1,0,300,0.5,1700,0.5,1
0,5,845,0,0,300,0.5,1700,0.5,2
0,6,68,2,10,5,0,500,0.6,1000,0.2,1400,0.2,0
0,7,761,2,10,5,0,500,0.6,1000,0.2,1400,0.2,1
0,8,102,0,0,500,0.6,1000,0.2,1400,0.2,1
0,9,874,2,10,5,0,500,0.6,1000,0.2,1400,0.2,1
0,10,974,2,10,5,0,300,0.5,1700,0.5,1
0,11,605,1,0,500,0.6,1000,0.2,1400,0.2,0
0,12,978,0,0,500,0.6,1000,0.2,1400,0.2,1
0,13,243,2,10,5,0,500,0.6,1000,0.2,1400,0.2,2
0,14,892,2,10,5,0,500,0.6,1000,0.2,1400,0.2,1
0,15,410,2,10,5,0,300,0.5,1700,0.5,0
0,16,744,0,0,500,0.6,1000,0.2,1400,0.2,1
0,17,59,1,0,500,0.6,1000,0.2,1400,0.2,1
0,18,306,2,10,5,0,300,0.5,1700,0.5,1
0,19,179,0,0,300,0.5,1700,0.5,2
1,0,97,1,0,300,0.5,1700,0.5,0
1,1,704,1,0,500,0.6,1000,0.2,1400,0.2,0
1,2,983,2,10,5,0,500,0.6,1000,0.2,1400,0.2,1
1,3,269,0,0,300,0.5,1700,0.5,0
1,4,202,0,0,300,0.5,1700,0.5,2
1,5,509,1,0,300,0.5,1700,0.5,0
1,6,817,2,10,5,0,300,0.5,1700,0.5,2
1,7,89,2,10,5,0,300,0.5,1700,0.5,1
1,8,712,2,10,5,0,500,0.6,1000,0.2,1400,0.2,2
1,9,547,2,10,5,0,300,0.5,1700,0.5,2
1,10,86,1,0,300,0.5,1700,0.5,1
1,11,675,0,0,300,0.5,1700,0.5,2
1,12,155,0,0,500,0.6,1000,0.2,1400,0.2,1
1,13,333,2,10,5,0,300,0.5,1700,0.5,1
1,14,506,0,0,500,0.6,1000,0.2,1400,0.2,2
1,15,765,1,0,500,0.6,1000,0.2,1400,0.2,0
1,16,516,0,0,500,0.6,1000,0.2,1400,0.2,1
1,17,886,2,10,5,0,300,0.5,1700,0.5,1
1,18,682,1,0,300,0.5,1700,0.5,1
1,19,592,2,10,5,0,500,0.6,1000,0.2,1400,0.2,2
2,0,263,0,0,300,0.5,1700,0.5,0
2,1,53,1,0,300,0.5,1700,0.5,2
2,2,135,2,10,5,0,300,0.5,1700,0.5,1
2,3,222,0,0,500,0.6,1000,0.2,1400,0.2,1
2,4,693,2,10,5,0,500,0.6,1000,0.2,1400,0.2,1
2,5,456,1,0,500,0.6,1000,0.2,1400,0.2,0
2,6,693,1,0,500,0.6,1000,0.2,1400,0.2,1
2,7,262,0,0,300,0.5,1700,0.5,2
2,8,249,1,0,300,0.5,1700,0.5,1
2,9,199,0,0,300,0.5,1700,0.5,1
2,10,77,0,0,300,0.5,1700,0.5,1
2,11,412,0,0,500,0.6,1000,0.2,1400,0.2,0
2,12,132,2,10,5,0,500,0.6,1000,0.2,1400,0.2,2
2,13,65,1,0,500,0.6,1000,0.2,1400,0.2,2
2,14,203,0,0,300,0.5,1700,0.5,0
2,15,487,2,10,5,0,500,0.6,1000,0.2,1400,0.2,1
2,16,322,0,0,500,0.6,1000,0.2,1400,0.2,0
2,17,745,0,0,500,0.6,1000,0.2,1400,0.2,1
2,18,508,1,0,500,0.6,1000,0.2,1400,0.2,2
2,19,153,2,10,5,0,300,0.5,1700,0.5,2
3,0,980,1,0,500,0.6,1000,0.2,1400,0.2,1
3,1,897,1,0,500,0.6,1000,0.2,1400,0.2,1
3,2,531,2,10,5,0,500,0.6,1000,0.2,1400,0.2,2
3,3,105,0,0,300,0.5,1700,0.5,2
3,4,163,2,10,5,0,500,0.6,1000,0.2,1400,0.2,1
3,5,114,0,0,500,0.6,1000,0.2,1400,0.2,1
3,6,355,1,0,500,0.6,1000,0.2,1400,0.2,2
3,7,378,2,10,5,0,300,0.5,1700,0.5,1
3,8,546,1,0,500,0.6,1000,0.2,1400,0.2,1
3,9,211,0,0,300,0.5,1700,0.5,1
3,10,136,0,0,300,0.5,1700,0.5,2
3,11,607,0,0,300,0.5,1700,0.5,0
3,12,176,2,10,5,0,500,0.6,1000,0.2,1400,0.2,1
3,13,532,2,10,5,0,500,0.6,1000,0.2,1400,0.2,0
3,14,716,0,0,500,0.6,1000,0.2,1400,0.2,0
3,15,24,1,0,500,0.6,1000,0.2,1400,0.2,1
3,16,655,2,10,5,0,300,0.5,1700,0.5,0
3,17,254,2,10,5,0,500,0.6,1000,0.2,1400,0.2,1
3,18,786,0,0,300,0.5,1700,0.5,0
3,19,416,1,0,500,0.6,1000,0.2,1400,0.2,2
4,0,303,2,10,5,0,300,0.5,1700,0.5,1
4,1,404,2,10,5,0,500,0.6,1000,0.2,1400,0.2,1
4,2,749,1,0,300,0.5,1700,0.5,1
4,3,97,1,0,300,0.5,1700,0.5,2
4,4,212,2,10,5,0,500,0.6,1000,0.2,1400,0.2,0
4,5,348,1,0,300,0.5,1700,0.5,1
4,6,584,0,0,500,0.6,1000,0.2,1400,0.2,2
4,7,101,2,10,5,0,500,0.6,1000,0.2,1400,0.2,1
4,8,987,0,0,500,0.6,1000,0.2,1400,0.2,0
4,9,673,0,0,500,0.6,1000,0.2,1400,0.2,2
4,10,505,2,10,5,0,500,0.6,1000,0.2,1400,0.2,1
4,11,266,2,10,5,0,500,0.6,1000,0.2,1400,0.2,2
4,12,153,2,10,5,0,500,0.6,1000,0.2,1400,0.2,2
4,13,682,2,10,5,0,300,0.5,1700,0.5,0
4,14,92,0,0,500,0.6,1000,0.2,1400,0.2,1
4,15,905,2,10,5,0,300,0.5,1700,0.5,1
4,16,576,2,10,5,0,300,0.5,1700,0.5,2
4,17,959,2,10,5,0,300,0.5,1700,0.5,1
4,18,405,0,0,500,0.6,1000,0.2,1400,0.2,2
4,19,64,0,0,300,0.5,1700,0.5,0
5,0,112,1,0,500,0.6,1000,0.2,1400,0.2,2
5,1,614,0,0,300,0.5,1700,0.5,1
5,2,388,0,0,500,0.6,1000,0.2,1400,0.2,0
5,3,733,1,0,300,0.5,1700,0.5,2
5,4,625,1,0,500,0.6,1000,0.2,1400,0.2,2
5,5,491,2,10,5,0,500,0.6,1000,0.2,1400,0.2,1
5,6,252,2,10,5,0,500,0.6,1000,0.2,1400,0.2,2
5,7,668,2,10,5,0,500,0.6,1000,0.2,1400,0.2,0
5,8,701,0,0,500,0.6,1000,0.2,1400,0.2,0
5,9,654,0,0,500,0.6,1000,0.2,1400,0.2,0
5,10,306,2,10,5,0,300,0.5,1700,0.5,2
5,11,823,0,0,300,0.5,1700,0.5,0
5,12,485,1,0,300,0.5,1700,0.5,0
5,13,367,0,0,500,0.6,1000,0.2,1400,0.2,2
5,14,447,0,0,300,0.5,1700,0.5,1
5,15,570,2,10,5,0,300,0.5,1700,0.5,0
5,16,643,1,0,300,0.5,1700,0.5,1
5,17,687,1,0,500,0.6,1000,0.2,1400,0.2,1
5,18,69,1,0,500,0.6,1000,0.2,1400,0.2,2
5,19,256,2,10,5,0,300,0.5,1700,0.5,1
6,0,183,2,10,5,0,300,0.5,1700,0.5,1
6,1,322,2,10,5,0,300,0.5,1700,0.5,0
6,2,346,2,10,5,0,500,0.6,1000,0.2,1400,0.2,1
6,3,804,0,0,500,0.6,1000,0.2,1400,0.2,0
6,4,41,1,0,500,0.6,1000,0.2,1400,0.2,1
6,5,464,0,0,500,0.6,1000,0.2,1400,0.2,1
6,6,882,2,10,5,0,500,0.6,1000,0.2,1400,0.2,0
6,7,704,0,0,500,0.6,1000,0.2,1400,0.2,0
6,8,720,2,10,5,0,500,0.6,1000,0.2,1400,0.2,2
6,9,545,2,10,5,0,500,0.6,1000,0.2,1400,0.2,0
6,10,373,2,10,5,0,300,0.5,1700,0.5,2
6,11,435,0,0,300,0.5,1700,0.5,0
6,12,989,2,10,5,0,300,0.5,1700,0.5,2
6,13,360,1,0,300,0.5,1700,0.5,2
6,14,303,2,10,5,0,300,0.5,1700,0.5,1
6,15,518,2,10,5,0,500,0.6,1000,0.2,1400,0.2,1
6,16,949,1,0,300,0.5,1700,0.5,1
6,17,894,0,0,300,0.5,1700,0.5,1
6,18,233,0,0,500,0.6,1000,0.2,1400,0.2,0
6,19,212,0,0,500,0.6,1000,0.2,1400,0.2,0
7,0,219,0,0,500,0.6,1000,0.2,1400,0.2,1
7,1,939,2,10,5,0,300,0.5,1700,0.5,0
7,2,525,1,0,500,0.6,1000,0.2,1400,0.2,0
7,3,898,0,0,500,0.6,1000,0.2,1400,0.2,0
7,4,315,1,0,500,0.6,1000,0.2,1400,0.2,1
7,5,294,0,0,500,0.6,1000,0.2,1400,0.2,0
7,6,864,0,0,500,0.6,1000,0.2,1400,0.2,2
7,7,38,2,10,5,0,300,0.5,1700,0.5,2
7,8,390,0,0,500,0.6,1000,0.2,1400,0.2,0
7,9,312,1,0,300,0.5,1700,0.5,0
7,10,666,2,10,5,0,500,0.6,1000,0.2,1400,0.2,0
7,11,429,2,10,5,0,300,0.5,1700,0.5,1
7,12,678,1,0,500,0.6,1000,0.2,1400,0.2,1
7,13,324,2,10,5,0,300,0.5,1700,0.5,1
7,14,632,0,0,500,0.6,1000,0.2,1400,0.2,1
7,15,43,2,10,5,0,300,0.5,1700,0.5,2
7,16,137,0,0,500,0.6,1000,0.2,1400,0.2,0
7,17,563,1,0,500,0.6,1000,0.2,1400,0.2,2
7,18,47,0,0,500,0.6,1000,0.2,1400,0.2,1
7,19,800,2,10,5,0,300,0.5,1700,0.5,1
8,0,364,0,0,500,0.6,1000,0.2,1400,0.2,1
8,1,119,1,0,500,0.6,1000,0.2,1400,0.2,2
8,2,12,2,10,5,0,500,0.6,1000,0.2,1400,0.2,2
8,3,422,0,0,300,0.5,1700,0.5,1
8,4,49,0,0,300,0.5,1700,0.5,1
8,5,937,0,0,500,0.6,1000,0.2,1400,0.2,0
8,6,750,2,10,5,0,500,0.6,1000,0.2,1400,0.2,1
8,7,481,1,0,500,0.6,1000,0.2,1400,0.2,1
8,8,675,2,10,5,0,500,0.6,1000,0.2,1400,0.2,0
8,9,276,2,10,5,0,300,0.5,1700,0.5,1
8,10,919,0,0,300,0.5,1700,0.5,2
8,11,915,1,0,300,0.5,1700,0.5,1
8,12,773,0,0,500,0.6,1000,0.2,1400,0.2,1
8,13,906,0,0,300,0.5,1700,0.5,2
8,14,565,1,0,500,0.6,1000,0.2,1400,0.2,2
8,15,558,0,0,300,0.5,1700,0.5,0
8,16,752,2,10,5,0,300,0.5,1700,0.5,1
8,17,350,0,0,500,0.6,1000,0.2,1400,0.2,1
8,18,795,2,10,5,0,500,0.6,1000,0.2,1400,0.2,2
8,19,354,0,0,500,0.6,1000,0.2,1400,0.2,1
9,0,926,0,0,500,0.6,1000,0.2,1400,0.2,2
9,1,263,0,0,300,0.5,1700,0.5,1
9,2,598,1,0,500,0.6,1000,0.2,1400,0.2,1
9,3,708,2,10,5,0,300,0.5,1700,0.5,2
9,4,638,1,0,500,0.6,1000,0.2,1400,0.2,0
9,5,473,0,0,500,0.6,1000,0.2,1400,0.2,0
9,6,275,2,10,5,0,500,0.6,1000,0.2,1400,0.2,0
9,7,632,2,10,5,0,300,0.5,1700,0.5,2
9,8,314,0,0,300,0.5,1700,0.5,1
9,9,382,2,10,5,0,300,0.5,1700,0.5,0
9,10,160,1,0,500,0.6,1000,0.2,1400,0.2,2
9,11,261,1,0,300,0.5,1700,0.5,1
9,12,705,1,0,300,0.5,1700,0.5,2
9,13,850,1,0,300,0.5,1700,0.5,2
9,14,106,2,10,5,0,500,0.6,1000,0.2,1400,0.2,1
9,15,293,2,10,5,0,500,0.6,1000,0.2,1400,0.2,0
9,16,804,2,10,5,0,500,0.6,1000,0.2,1400,0.2,1
9,17,149,2,10,5,0,500,0.6,1000,0.2,1400,0.2,2
9,18,417,1,0,300,0.5,1700,0.5,1
9,19,293,0,0,300,0.5,1700,0.5,2
10,0,490,2,10,5,0,300,0.5,1700,0.5,2
10,1,787,0,0,300,0.5,1700,0.5,2
10,2,462,0,0,300,0.5,1700,0.5,2
10,3,915,2,10,5,0,300,0.5,1700,0.5,2
10,4,388,2,10,5,0,300,0.5,1700,0.5,0
10,5,51,0,0,300,0.5,1700,0.5,1
10,6,307,2,10,5,0,500,0.6,1000,0.2,1400,0.2,2
10,7,868,2,10,5,0,300,0.5,1700,0.5,1
10,8,965,0,0,300,0.5,1700,0.5,1
10,9,129,1,0,300,0.5,1700,0.5,0
10,10,644,2,10,5,0,300,0.5,1700,0.5,1
10,11,625,0,0,300,0.5,1700,0.5,1
10,12,984,1,0,500,0.6,1000,0.2,1400,0.2,1
10,13,991,2,10,5,0,300,0.5,1700,0.5,0
10,14,613,1,0,300,0.5,1700,0.5,0
10,15,739,1,0,300,0.5,1700,0.5,2
10,16,299,1,0,300,0.5,1700,0.5,1
10,17,263,2,10,5,0,300,0.5,1700,0.5,1
10,18,331,0,0,500,0.6,1000,0.2,1400,0.2,1
10,19,20,2,10,5,0,300,0.5,1700,0.5,1
11,0,338,1,0,500,0.6,1000,0.2,1400,0.2,2
11,1,96,1,0,500,0.6,1000,0.2,1400,0.2,0
11,2,950,1,0,300,0.5,1700,0.5,2
11,3,526,2,10,5,0,500,0.6,1000,0.2,1400,0.2,2
11,4,864,1,0,300,0.5,1700,0.5,0
11,5,907,2,10,5,0,500,0.6,1000,0.2,1400,0.2,1
11,6,895,2,10,5,0,300,0.5,1700,0.5,0
11,7,429,0,0,300,0.5,1700,0.5,0
11,8,933,0,0,300,0.5,1700,0.5,2
11,9,160,0,0,500,0.6,1000,0.2,1400,0.2,2
11,10,736,2,10,5,0,500,0.6,1000,0.2,1400,0.2,2
11,11,377,1,0,300,0.5,1700,0.5,2
11,12,429,1,0,300,0.5,1700,0.5,0
11,13,126,0,0,300,0.5,1700,0.5,0
11,14,651,0,0,500,0.6,1000,0.2,1400,0.2,2
11,15,362,0,0,300,0.5,1700,0.5,2
11,16,450,0,0,300,0.5,1700,0.5,0
11,17,267,1,0,500,0.6,1000,0.2,1400,0.2,1
11,18,71,1,0,500,0.6,1000,0.2,1400,0.2,1
11,19,416,1,0,300,0.5,1700,0.5,1
12,0,698,0,0,500,0.6,1000,0.2,1400,0.2,2
12,1,936,0,0,500,0.6,1000,0.2,1400,0.2,0
12,2,366,0,0,300,0.5,1700,0.5,0
12,3,847,2,10,5,0,300,0.5,1700,0.5,0
12,4,117,1,0,500,0.6,1000,0.2,1400,0.2,1
12,5,576,2,10,5,0,500,0.6,1000,0.2,1400,0.2,2
12,6,860,2,10,5,0,300,0.5,1700,0.5,0
12,7,244,2,10,5,0,300,0.5,1700,0.5,0
12,8,786,2,10,5,0,500,0.6,1000,0.2,1400,0.2,1
12,9,158,0,0,500,0.6,1000,0.2,1400,0.2,1
12,10,40,1,0,500,0.6,1000,0.2,1400,0.2,1
12,11,45,0,0,500,0.6,1000,0.2,1400,0.2,0
12,12,262,1,0,500,0.6,1000,0.2,1400,0.2,0
12,13,605,2,10,5,0,500,0.6,1000,0.2,1400,0.2,1
12,14,283,1,0,300,0.5,1700,0.5,1
12,15,359,2,10,5,0,500,0.6,1000,0.2,1400,0.2,1
12,16,719,0,0,500,0.6,1000,0.2,1400,0.2,1
12,17,447,2,10,5,0,300,0.5,1700,0.5,0
12,18,572,0,0,300,0.5,1700,0.5,2
12,19,419,2,10,5,0,500,0.6,1000,0.2,1400,0.2,1
13,0,600,2,10,5,0,300,0.5,1700,0.5,1
13,1,516,2,10,5,0,300,0.5,1700,0.5,1
13,2,665,0,0,300,0.5,1700,0.5,0
13,3,936,0,0,500,0.6,1000,0.2,1400,0.2,1
13,4,935,2,10,5,0,500,0.6,1000,0.2,1400,0.2,2
13,5,582,1,0,300,0.5,1700,0.5,1
13,6,484,1,0,500,0.6,1000,0.2,1400,0.2,1
13,7,294,1,0,500,0.6,1000,0.2,1400,0.2,0
13,8,235,1,0,300,0.5,1700,0.5,0
13,9,932,1,0,500,0.6,1000,0.2,1400,0.2,2
13,10,162,2,10,5,0,300,0.5,1700,0.5,2
13,11,177,1,0,300,0.5,1700,0.5,1
13,12,820,2,10,5,0,300,0.5,1700,0.5,2
13,13,975,2,10,5,0,500,0.6,1000,0.2,1400,0.2,0
13,14,21,2,10,5,0,300,0.5,1700,0.5,0
13,15,393,1,0,500,0.6,1000,0.2,1400,0.2,2
13,16,532,0,0,500,0.6,1000,0.2,1400,0.2,0
13,17,900,2,10,5,0,500,0.6,1000,0.2,1400,0.2,0
13,18,797,1,0,500,0.6,1000,0.2,1400,0.2,1
13,19,377,0,0,300,0.5,1700,0.5,1
14,0,211,1,0,300,0.5,1700,0.5,2
14,1,580,2,10,5,0,300,0.5,1700,0.5,1
14,2,943,0,0,500,0.6,1000,0.2,1400,0.2,2
14,3,122,2,10,5,0,500,0.6,1000,0.2,1400,0.2,2
14,4,756,1,0,500,0.6,1000,0.2,1400,0.2,0
14,5,649,0,0,500,0.6,1000,0.2,1400,0.2,2
14,6,380,1,0,500,0.6,1000,0.2,1400,0.2,1
14,7,320,2,10,5,0,300,0.5,1700,0.5,1
14,8,523,1,0,300,0.5,1700,0.5,2
14,9,122,0,0,300,0.5,1700,0.5,1
14,10,697,1,0,300,0.5,1700,0.5,2
14,11,103,0,0,300,0.5,1700,0.5,0
14,12,273,1,0,500,0.6,1000,0.2,1400,0.2,1
14,13,299,1,0,500,0.6,1000,0.2,1400,0.2,2
14,14,813,2,10,5,0,500,0.6,1000,0.2,1400,0.2,0
14,15,244,2,10,5,0,500,0.6,1000,0.2,1400,0.2,1
14,16,788,1,0,300,0.5,1700,0.5,1
14,17,968,0,0,500,0.6,1000,0.2,1400,0.2,1
14,18,52,2,10,5,0,300,0.5,1700,0.5,2
14,19,685,0,0,300,0.5,1700,0.5,0
15,0,130,1,0,300,0.5,1700,0.5,1
15,1,38,0,0,300,0.5,1700,0.5,1
15,2,710,2,10,5,0,500,0.6,1000,0.2,1400,0.2,0
15,3,102,2,10,5,0,500,0.6,1000,0.2,1400,0.2,2
15,4,859,0,0,300,0.5,1700,0.5,0
15,5,498,1,0,300,0.5,1700,0.5,2
15,6,688,2,10,5,0,500,0.6,1000,0.2,1400,0.2,2
15,7,396,1,0,300,0.5,1700,0.5,2
15,8,539,0,0,500,0.6,1000,0.2,1400,0.2,0
15,9,34,1,0,300,0.5,1700,0.5,0
15,10,218,2,10,5,0,500,0.6,1000,0.2,1400,0.2,1
15,11,774,1,0,500,0.6,1000,0.2,1400,0.2,1
15,12,250,0,0,300,0.5,1700,0.5,1
15,13,191,2,10,5,0,500,0.6,1000,0.2,1400,0.2,0
15,14,699,2,10,5,0,500,0.6,1000,0.2,1400,0.2,1
15,15,111,2,10,5,0,300,0.5,1700,0.5,2
15,16,685,1,0,500,0.6,1000,0.2,1400,0.2,1
15,17,623,1,0,500,0.6,1000,0.2,1400,0.2,1
15,18,365,1,0,500,0.6,1000,0.2,1400,0.2,1
15,19,406,1,0,500,0.6,1000,0.2,1400,0.2,1
16,0,113,0,0,300,0.5,1700,0.5,2
16,1,856,2,10,5,0,300,0.5,1700,0.5,0
16,2,106,2,10,5,0,300,0.5,1700,0.5,0
16,3,968,0,0,300,0.5,1700,0.5,0
16,4,839,2,10,5,0,500,0.6,1000,0.2,1400,0.2,2
16,5,749,2,10,5,0,500,0.6,1000,0.2,1400,0.2,2
16,6,495,1,0,500,0.6,1000,0.2,1400,0.2,0
16,7,648,1,0,500,0.6,1000,0.2,1400,0.2,0
16,8,896,0,0,300,0.5,1700,0.5,1
16,9,357,1,0,300,0.5,1700,0.5,2
16,10,411,2,10,5,0,500,0.6,1000,0.2,1400,0.2,0
16,11,804,1,0,300,0.5,1700,0.5,1
16,12,78,0,0,500,0.6,1000,0.2,1400,0.2,1
16,13,890,0,0,300,0.5,1700,0.5,0
16,14,492,2,10,5,0,500,0.6,1000,0.2,1400,0.2,1
16,15,421,1,0,500,0.6,1000,0.2,1400,0.2,2
16,16,467,2,10,5,0,500,0.6,1000,0.2,1400,0.2,0
16,17,19,0,0,500,0.6,1000,0.2,1400,0.2,0
16,18,928,0,0,500,0.6,1000,0.2,1400,0.2,2
16,19,766,2,10,5,0,300,0.5,1700,0.5,1
17,0,778,2,10,5,0,300,0.5,1700,0.5,2
17,1,81,0,0,500,0.6,1000,0.2,1400,0.2,0
17,2,556,0,0,300,0.5,1700,0.5,0
17,3,438,0,0,500,0.6,1000,0.2,1400,0.2,2
17,4,542,1,0,500,0.6,1000,0.2,1400,0.2,1
17,5,405,1,0,300,0.5,1700,0.5,1
17,6,212,2,10,5,0,500,0.6,1000,0.2,1400,0.2,2
17,7,968,2,10,5,0,500,0.6,1000,0.2,1400,0.2,2
17,8,907,2,10,5,0,300,0.5,1700,0.5,0
17,9,107,2,10,5,0,500,0.6,1000,0.2,1400,0.2,1
17,10,170,1,0,500,0.6,1000,0.2,1400,0.2,1
17,11,110,2,10,5,0,500,0.6,1000,0.2,1400,0.2,1
17,12,127,1,0,500,0.6,1000,0.2,1400,0.2,0
17,13,356,0,0,300,0.5,1700,0.5,0
17,14,932,1,0,300,0.5,1700,0.5,0
17,15,568,2,10,5,0,500,0.6,1000,0.2,1400,0.2,0
17,16,249,2,10,5,0,300,0.5,1700,0.5,1
17,17,512,1,0,300,0.5,1700,0.5,1
17,18,339,2,10,5,0,500,0.6,1000,0.2,1400,0.2,2
17,19,415,0,0,300,0.5,1700,0.5,0
18,0,650,0,0,300,0.5,1700,0.5,1
18,1,470,2,10,5,0,500,0.6,1000,0.2,1400,0.2,1
18,2,283,2,10,5,0,300,0.5,1700,0.5,2
18,3,205,0,0,500,0.6,1000,0.2,1400,0.2,2
18,4,762,2,10,5,0,300,0.5,1700,0.5,2
18,5,216,2,10,5,0,300,0.5,1700,0.5,2
18,6,226,2,10,5,0,300,0.5,1700,0.5,1
18,7,498,0,0,300,0.5,1700,0.5,2
18,8,614,2,10,5,0,300,0.5,1700,0.5,2
18,9,276,1,0,300,0.5,1700,0.5,1
18,10,268,2,10,5,0,500,0.6,1000,0.2,1400,0.2,0
18,11,10,2,10,5,0,500,0.6,1000,0.2,1400,0.2,0
18,12,902,1,0,300,0.5,1700,0.5,0
18,13,376,1,0,500,0.6,1000,0.2,1400,0.2,2
18,14,797,0,0,300,0.5,1700,0.5,1
18,15,355,1,0,300,0.5,1700,0.5,1
18,16,900,2,10,5,0,300,0.5,1700,0.5,2
18,17,333,1,0,500,0.6,1000,0.2,1400,0.2,1
18,18,422,0,0,300,0.5,1700,0.5,1
18,19,548,1,0,300,0.5,1700,0.5,1
19,0,734,1,0,500,0.6,1000,0.2,1400,0.2,0
19,1,779,0,0,300,0.5,1700,0.5,0
19,2,656,0,0,300,0.5,1700,0.5,2
19,3,413,0,0,300,0.5,1700,0.5,1
19,4,883,2,10,5,0,300,0.5,1700,0.5,2
19,5,903,1,0,500,0.6,1000,0.2,1400,0.2,0
19,6,264,0,0,300,0.5,1700,0.5,1
19,7,376,0,0,500,0.6,1000,0.2,1400,0.2,1
19,8,862,2,10,5,0,300,0.5,1700,0.5,1
19,9,917,2,10,5,0,300,0.5,1700,0.5,2
19,10,383,2,10,5,0,300,0.5,1700,0.5,2
19,11,63,1,0,300,0.5,1700,0.5,0
19,12,249,0,0,300,0.5,1700,0.5,2
19,13,892,1,0,300,0.5,1700,0.5,0
19,14,768,0,0,300,0.5,1700,0.5,1
19,15,703,0,0,500,0.6,1000,0.2,1400,0.2,0
19,16,650,1,0,500,0.6,1000,0.2,1400,0.2,1
19,17,853,0,0,300,0.5,1700,0.5,0
19,18,47,0,0,300,0.5,1700,0.5,2
19,19,717,2,10,5,0,500,0.6,1000,0.2,1400,0.2,2
