0,0,127,1,0,500,0.6,1000,0.2,1400,0.2,0
0,1,551,2,10,5,0,300,0.5,1700,0.5,1
0,2,586,2,10,5,0,500,0.6,1000,0.2,1400,0.2,0
0,3,194,1,0,300,0.5,1700,0.5,2
0,4,728,2,10,5,0,300,0.5,1700,0.5,2
0,5,425,1,0,300,0.5,1700,0.5,0
0,6,800,0,0,300,0.5,1700,0.5,0
0,7,294,2,10,5,0,300,0.5,1700,0.5,0
0,8,86,0,0,500,0.6,1000,0.2,1400,0.2,0
0,9,699,2,10,5,0,500,0.6,1000,0.2,1400,0.2,1
0,10,546,0,0,500,0.6,1000,0.2,1400,0.2,1
0,11,807,2,10,5,0,500,0.6,1000,0.2,1400,0.2,2
0,12,840,2,10,5,0,500,0.6,1000,0.2,1400,0.2,1
0,13,240,2,10,5,0,300,0.5,1700,0.5,0
0,14,593,2,10,5,0,500,0.6,1000,0.2,1400,0.2,0
0,15,709,2,10,5,0,300,0.5,1700,0.5,2
0,16,477,0,0,300,0.5,1700,0.5,2
0,17,86,1,0,300,0.5,1700,0.5,2
0,18,427,1,0,300,0.5,1700,0.5,0
0,19,952,1,0,500,0.6,1000,0.2,1400,0.2,2
1,0,151,1,0,500,0.6,1000,0.2,1400,0.2,2
1,1,168,2,10,5,0,500,0.6,1000,0.2,1400,0.2,1
1,2,579,2,10,5,0,300,0.5,1700,0.5,1
1,3,537,0,0,300,0.5,1700,0.5,1
1,4,971,0,0,300,0.5,1700,0.5,0
1,5,308,1,0,300,0.5,1700,0.5,0
1,6,657,1,0,500,0.6,1000,0.2,1400,0.2,1
1,7,417,1,0,300,0.5,1700,0.5,0
1,8,492,1,0,300,0.5,1700,0.5,1
1,9,693,2,10,5,0,500,0.6,1000,0.2,1400,0.2,0
1,10,566,0,0,500,0.6,1000,0.2,1400,0.2,0
1,11,78,0,0,300,0.5,1700,0.5,0
1,12,75,0,0,300,0.5,1700,0.5,0
1,13,400,1,0,300,0.5,1700,0.5,2
1,14,151,2,10,5,0,300,0.5,1700,0.5,0
1,15,544,0,0,300,0.5,1700,0.5,1
1,16,296,1,0,300,0.5,1700,0.5,0
1,17,659,0,0,500,0.6,1000,0.2,1400,0.2,2
1,18,972,0,0,300,0.5,1700,0.5,1
1,19,432,2,10,5,0,500,0.6,1000,0.2,1400,0.2,1
2,0,111,0,0,300,0.5,1700,0.5,1
2,1,594,0,0,500,0.6,1000,0.2,1400,0.2,0
2,2,19,0,0,300,0.5,1700,0.5,0
2,3,123,2,10,5,0,500,0.6,1000,0.2,1400,0.2,1
2,4,705,2,10,5,0,500,0.6,1000,0.2,1400,0.2,1
2,5,20,2,10,5,0,300,0.5,1700,0.5,2
2,6,622,1,0,500,0.6,1000,0.2,1400,0.2,2
2,7,542,0,0,500,0.6,1000,0.2,1400,0.2,2
2,8,625,2,10,5,0,300,0.5,1700,0.5,0
2,9,83,0,0,500,0.6,1000,0.2,1400,0.2,2
2,10,638,0,0,500,0.6,1000,0.2,1400,0.2,2
2,11,910,1,0,500,0.6,1000,0.2,1400,0.2,2
2,12,509,0,0,500,0.6,1000,0.2,1400,0.2,2
2,13,807,1,0,300,0.5,1700,0.5,2
2,14,647,2,10,5,0,500,0.6,1000,0.2,1400,0.2,0
2,15,900,0,0,300,0.5,1700,0.5,0
2,16,594,2,10,5,0,500,0.6,1000,0.2,1400,0.2,2
2,17,538,2,10,5,0,500,0.6,1000,0.2,1400,0.2,0
2,18,821,2,10,5,0,500,0.6,1000,0.2,1400,0.2,1
2,19,442,1,0,500,0.6,1000,0.2,1400,0.2,1
3,0,343,1,0,500,0.6,1000,0.2,1400,0.2,2
3,1,138,2,10,5,0,500,0.6,1000,0.2,1400,0.2,0
3,2,244,2,10,5,0,500,0.6,1000,0.2,1400,0.2,1
3,3,142,1,0,500,0.6,1000,0.2,1400,0.2,2
3,4,700,0,0,500,0.6,1000,0.2,1400,0.2,2
3,5,669,1,0,500,0.6,1000,0.2,1400,0.2,1
3,6,769,0,0,500,0.6,1000,0.2,1400,0.2,1
3,7,210,2,10,5,0,300,0.5,1700,0.5,2
3,8,655,1,0,300,0.5,1700,0.5,2
3,9,25,1,0,500,0.6,1000,0.2,1400,0.2,2
3,10,122,1,0,300,0.5,1700,0.5,0
3,11,635,2,10,5,0,500,0.6,1000,0.2,1400,0.2,1
3,12,599,1,0,500,0.6,1000,0.2,1400,0.2,1
3,13,823,0,0,500,0.6,1000,0.2,1400,0.2,2
3,14,989,1,0,500,0.6,1000,0.2,1400,0.2,2
3,15,769,1,0,500,0.6,1000,0.2,1400,0.2,0
3,16,622,0,0,500,0.6,1000,0.2,1400,0.2,1
3,17,789,1,0,300,0.5,1700,0.5,0
3,18,647,2,10,5,0,300,0.5,1700,0.5,1
3,19,987,2,10,5,0,300,0.5,1700,0.5,1
4,0,696,2,10,5,0,500,0.6,1000,0.2,1400,0.2,1
4,1,618,1,0,300,0.5,1700,0.5,0
4,2,300,2,10,5,0,500,0.6,1000,0.2,1400,0.2,0
4,3,23,0,0,500,0.6,1000,0.2,1400,0.2,0
4,4,439,0,0,300,0.5,1700,0.5,0
4,5,336,2,10,5,0,500,0.6,1000,0.2,1400,0.2,2
4,6,855,0,0,300,0.5,1700,0.5,0
4,7,536,0,0,300,0.5,1700,0.5,1
4,8,417,0,0,500,0.6,1000,0.2,1400,0.2,0
4,9,612,0,0,500,0.6,1000,0.2,1400,0.2,1
4,10,237,0,0,500,0.6,1000,0.2,1400,0.2,1
4,11,613,0,0,300,0.5,1700,0.5,1
4,12,698,0,0,300,0.5,1700,0.5,1
4,13,572,1,0,500,0.6,1000,0.2,1400,0.2,1
4,14,889,1,0,300,0.5,1700,0.5,1
4,15,319,2,10,5,0,300,0.5,1700,0.5,0
4,16,456,1,0,300,0.5,1700,0.5,1
4,17,857,2,10,5,0,300,0.5,1700,0.5,2
4,18,388,1,0,500,0.6,1000,0.2,1400,0.2,0
4,19,977,2,10,5,0,500,0.6,1000,0.2,1400,0.2,2
5,0,102,2,10,5,0,500,0.6,1000,0.2,1400,0.2,1
5,1,390,2,10,5,0,300,0.5,1700,0.5,2
5,2,605,2,10,5,0,500,0.6,1000,0.2,1400,0.2,2
5,3,189,0,0,300,0.5,1700,0.5,1
5,4,519,2,10,5,0,300,0.5,1700,0.5,2
5,5,351,2,10,5,0,300,0.5,1700,0.5,0
5,6,431,0,0,300,0.5,1700,0.5,2
5,7,66,1,0,300,0.5,1700,0.5,1
5,8,529,0,0,300,0.5,1700,0.5,1
5,9,844,0,0,300,0.5,1700,0.5,2
5,10,661,1,0,300,0.5,1700,0.5,0
5,11,424,0,0,500,0.6,1000,0.2,1400,0.2,1
5,12,601,2,10,5,0,300,0.5,1700,0.5,2
5,13,993,0,0,300,0.5,1700,0.5,2
5,14,933,0,0,500,0.6,1000,0.2,1400,0.2,1
5,15,218,1,0,300,0.5,1700,0.5,1
5,16,845,0,0,500,0.6,1000,0.2,1400,0.2,0
5,17,279,0,0,500,0.6,1000,0.2,1400,0.2,2
5,18,273,1,0,500,0.6,1000,0.2,1400,0.2,0
5,19,204,0,0,500,0.6,1000,0.2,1400,0.2,2
6,0,718,2,10,5,0,500,0.6,1000,0.2,1400,0.2,1
6,1,831,2,10,5,0,500,0.6,1000,0.2,1400,0.2,0
6,2,768,0,0,300,0.5,1700,0.5,1
6,3,555,0,0,500,0.6,1000,0.2,1400,0.2,1
6,4,381,2,10,5,0,300,0.5,1700,0.5,2
6,5,284,2,10,5,0,300,0.5,1700,0.5,1
6,6,187,1,0,500,0.6,1000,0.2,1400,0.2,0
6,7,855,0,0,500,0.6,1000,0.2,1400,0.2,0
6,8,964,0,0,300,0.5,1700,0.5,0
6,9,64,1,0,500,0.6,1000,0.2,1400,0.2,0
6,10,250,0,0,300,0.5,1700,0.5,2
6,11,668,1,0,500,0.6,1000,0.2,1400,0.2,2
6,12,864,1,0,500,0.6,1000,0.2,1400,0.2,0
6,13,366,1,0,300,0.5,1700,0.5,2
6,14,680,2,10,5,0,300,0.5,1700,0.5,1
6,15,324,2,10,5,0,500,0.6,1000,0.2,1400,0.2,0
6,16,543,1,0,500,0.6,1000,0.2,1400,0.2,1
6,17,708,1,0,300,0.5,1700,0.5,2
6,18,712,2,10,5,0,300,0.5,1700,0.5,2
6,19,350,1,0,500,0.6,1000,0.2,1400,0.2,2
7,0,660,2,10,5,0,500,0.6,1000,0.2,1400,0.2,0
7,1,54,2,10,5,0,300,0.5,1700,0.5,1
7,2,65,2,10,5,0,500,0.6,1000,0.2,1400,0.2,1
7,3,396,1,0,300,0.5,1700,0.5,0
7,4,138,0,0,500,0.6,1000,0.2,1400,0.2,1
7,5,926,0,0,300,0.5,1700,0.5,0
7,6,837,0,0,300,0.5,1700,0.5,2
7,7,213,0,0,300,0.5,1700,0.5,2
7,8,533,1,0,300,0.5,1700,0.5,1
7,9,350,0,0,500,0.6,1000,0.2,1400,0.2,1
7,10,261,2,10,5,0,500,0.6,1000,0.2,1400,0.2,2
7,11,66,2,10,5,0,300,0.5,1700,0.5,2
7,12,942,1,0,300,0.5,1700,0.5,0
7,13,318,2,10,5,0,500,0.6,1000,0.2,1400,0.2,1
7,14,843,1,0,500,0.6,1000,0.2,1400,0.2,0
7,15,925,1,0,500,0.6,1000,0.2,1400,0.2,2
7,16,988,1,0,300,0.5,1700,0.5,2
7,17,772,2,10,5,0,500,0.6,1000,0.2,1400,0.2,1
7,18,11,0,0,300,0.5,1700,0.5,1
7,19,485,2,10,5,0,300,0.5,1700,0.5,2
8,0,940,1,0,300,0.5,1700,0.5,0
8,1,81,1,0,500,0.6,1000,0.2,1400,0.2,2
8,2,135,0,0,300,0.5,1700,0.5,1
8,3,435,2,10,5,0,300,0.5,1700,0.5,1
8,4,545,1,0,300,0.5,1700,0.5,2
8,5,248,0,0,300,0.5,1700,0.5,1
8,6,859,0,0,500,0.6,1000,0.2,1400,0.2,1
8,7,469,0,0,500,0.6,1000,0.2,1400,0.2,0
8,8,509,1,0,300,0.5,1700,0.5,2
8,9,296,0,0,500,0.6,1000,0.2,1400,0.2,0
8,10,714,1,0,300,0.5,1700,0.5,0
8,11,451,0,0,500,0.6,1000,0.2,1400,0.2,0
8,12,318,1,0,300,0.5,1700,0.5,1
8,13,150,1,0,500,0.6,1000,0.2,1400,0.2,0
8,14,600,2,10,5,0,300,0.5,1700,0.5,0
8,15,328,1,0,300,0.5,1700,0.5,0
8,16,534,0,0,500,0.6,1000,0.2,1400,0.2,2
8,17,346,2,10,5,0,300,0.5,1700,0.5,2
8,18,762,1,0,500,0.6,1000,0.2,1400,0.2,2
8,19,651,2,10,5,0,300,0.5,1700,0.5,2
9,0,837,1,0,500,0.6,1000,0.2,1400,0.2,1
9,1,668,1,0,300,0.5,1700,0.5,2
9,2,129,0,0,500,0.6,1000,0.2,1400,0.2,0
9,3,950,1,0,500,0.6,1000,0.2,1400,0.2,1
9,4,667,1,0,300,0.5,1700,0.5,0
9,5,498,2,10,5,0,300,0.5,1700,0.5,2
9,6,987,2,10,5,0,500,0.6,1000,0.2,1400,0.2,1
9,7,954,0,0,300,0.5,1700,0.5,2
9,8,440,1,0,300,0.5,1700,0.5,2
9,9,907,2,10,5,0,500,0.6,1000,0.2,1400,0.2,2
9,10,719,2,10,5,0,300,0.5,1700,0.5,2
9,11,931,1,0,300,0.5,1700,0.5,2
9,12,843,0,0,300,0.5,1700,0.5,0
9,13,783,2,10,5,0,500,0.6,1000,0.2,1400,0.2,0
9,14,173,0,0,500,0.6,1000,0.2,1400,0.2,0
9,15,817,1,0,500,0.6,1000,0.2,1400,0.2,0
9,16,15,2,10,5,0,500,0.6,1000,0.2,1400,0.2,0
9,17,953,1,0,300,0.5,1700,0.5,0
9,18,849,0,0,500,0.6,1000,0.2,1400,0.2,0
9,19,298,0,0,500,0.6,1000,0.2,1400,0.2,1
10,0,370,2,10,5,0,300,0.5,1700,0.5,1
10,1,120,2,10,5,0,500,0.6,1000,0.2,1400,0.2,2
10,2,145,2,10,5,0,300,0.5,1700,0.5,1
10,3,575,2,10,5,0,500,0.6,1000,0.2,1400,0.2,1
10,4,275,1,0,300,0.5,1700,0.5,2
10,5,564,2,10,5,0,500,0.6,1000,0.2,1400,0.2,1
10,6,61,1,0,500,0.6,1000,0.2,1400,0.2,0
10,7,893,1,0,300,0.5,1700,0.5,1
10,8,158,0,0,300,0.5,1700,0.5,1
10,9,365,0,0,300,0.5,1700,0.5,0
10,10,765,0,0,500,0.6,1000,0.2,1400,0.2,2
10,11,241,1,0,500,0.6,1000,0.2,1400,0.2,2
10,12,715,1,0,500,0.6,1000,0.2,1400,0.2,0
10,13,782,0,0,300,0.5,1700,0.5,2
10,14,488,0,0,300,0.5,1700,0.5,1
10,15,511,0,0,300,0.5,1700,0.5,1
10,16,630,0,0,500,0.6,1000,0.2,1400,0.2,0
10,17,880,1,0,500,0.6,1000,0.2,1400,0.2,2
10,18,469,1,0,500,0.6,1000,0.2,1400,0.2,2
10,19,734,2,10,5,0,300,0.5,1700,0.5,1
11,0,328,2,10,5,0,500,0.6,1000,0.2,1400,0.2,1
11,1,711,2,10,5,0,500,0.6,1000,0.2,1400,0.2,0
11,2,295,0,0,300,0.5,1700,0.5,0
11,3,608,1,0,500,0.6,1000,0.2,1400,0.2,0
11,4,655,1,0,300,0.5,1700,0.5,1
11,5,153,0,0,300,0.5,1700,0.5,2
11,6,812,1,0,300,0.5,1700,0.5,1
11,7,509,2,10,5,0,500,0.6,1000,0.2,1400,0.2,2
11,8,968,0,0,300,0.5,1700,0.5,1
11,9,678,2,10,5,0,500,0.6,1000,0.2,1400,0.2,2
11,10,687,1,0,500,0.6,1000,0.2,1400,0.2,0
11,11,574,2,10,5,0,300,0.5,1700,0.5,1
11,12,781,0,0,500,0.6,1000,0.2,1400,0.2,2
11,13,951,1,0,300,0.5,1700,0.5,1
11,14,326,2,10,5,0,500,0.6,1000,0.2,1400,0.2,0
11,15,509,2,10,5,0,500,0.6,1000,0.2,1400,0.2,2
11,16,990,0,0,300,0.5,1700,0.5,1
11,17,142,2,10,5,0,500,0.6,1000,0.2,1400,0.2,2
11,18,585,2,10,5,0,300,0.5,1700,0.5,2
11,19,42,1,0,500,0.6,1000,0.2,1400,0.2,2
12,0,91,2,10,5,0,300,0.5,1700,0.5,1
12,1,645,1,0,500,0.6,1000,0.2,1400,0.2,1
12,2,248,1,0,500,0.6,1000,0.2,1400,0.2,0
12,3,104,2,10,5,0,500,0.6,1000,0.2,1400,0.2,1
12,4,574,0,0,300,0.5,1700,0.5,1
12,5,206,0,0,500,0.6,1000,0.2,1400,0.2,1
12,6,118,2,10,5,0,500,0.6,1000,0.2,1400,0.2,1
12,7,377,0,0,500,0.6,1000,0.2,1400,0.2,1
12,8,684,1,0,300,0.5,1700,0.5,0
12,9,576,1,0,300,0.5,1700,0.5,0
12,10,277,2,10,5,0,500,0.6,1000,0.2,1400,0.2,2
12,11,626,2,10,5,0,500,0.6,1000,0.2,1400,0.2,0
12,12,984,1,0,300,0.5,1700,0.5,1
12,13,396,0,0,300,0.5,1700,0.5,1
12,14,607,0,0,500,0.6,1000,0.2,1400,0.2,1
12,15,226,0,0,500,0.6,1000,0.2,1400,0.2,1
12,16,744,2,10,5,0,300,0.5,1700,0.5,1
12,17,687,1,0,500,0.6,1000,0.2,1400,0.2,1
12,18,898,0,0,300,0.5,1700,0.5,1
12,19,130,1,0,300,0.5,1700,0.5,1
13,0,319,0,0,500,0.6,1000,0.2,1400,0.2,2
13,1,857,2,10,5,0,300,0.5,1700,0.5,2
13,2,337,0,0,300,0.5,1700,0.5,0
13,3,872,1,0,500,0.6,1000,0.2,1400,0.2,0
13,4,858,1,0,300,0.5,1700,0.5,2
13,5,724,2,10,5,0,500,0.6,1000,0.2,1400,0.2,2
13,6,790,0,0,300,0.5,1700,0.5,2
13,7,384,1,0,300,0.5,1700,0.5,2
13,8,414,2,10,5,0,500,0.6,1000,0.2,1400,0.2,1
13,9,172,1,0,500,0.6,1000,0.2,1400,0.2,2
13,10,614,2,10,5,0,500,0.6,1000,0.2,1400,0.2,0
13,11,470,1,0,500,0.6,1000,0.2,1400,0.2,2
13,12,578,0,0,300,0.5,1700,0.5,2
13,13,697,0,0,500,0.6,1000,0.2,1400,0.2,0
13,14,104,0,0,500,0.6,1000,0.2,1400,0.2,0
13,15,919,0,0,500,0.6,1000,0.2,1400,0.2,1
13,16,912,1,0,300,0.5,1700,0.5,2
13,17,340,2,10,5,0,300,0.5,1700,0.5,2
13,18,947,0,0,500,0.6,1000,0.2,1400,0.2,2
13,19,859,2,10,5,0,300,0.5,1700,0.5,0
14,0,676,0,0,500,0.6,1000,0.2,1400,0.2,2
14,1,442,1,0,500,0.6,1000,0.2,1400,0.2,2
14,2,51,0,0,500,0.6,1000,0.2,1400,0.2,0
14,3,343,1,0,500,0.6,1000,0.2,1400,0.2,2
14,4,729,0,0,500,0.6,1000,0.2,1400,0.2,1
14,5,296,1,0,300,0.5,1700,0.5,0
14,6,64,1,0,500,0.6,1000,0.2,1400,0.2,2
14,7,158,2,10,5,0,300,0.5,1700,0.5,2
14,8,190,2,10,5,0,300,0.5,1700,0.5,2
14,9,87,1,0,500,0.6,1000,0.2,1400,0.2,2
14,10,739,1,0,300,0.5,1700,0.5,2
14,11,868,0,0,300,0.5,1700,0.5,2
14,12,129,2,10,5,0,500,0.6,1000,0.2,1400,0.2,2
14,13,834,2,10,5,0,500,0.6,1000,0.2,1400,0.2,2
14,14,981,2,10,5,0,300,0.5,1700,0.5,0
14,15,807,1,0,500,0.6,1000,0.2,1400,0.2,1
14,16,469,1,0,300,0.5,1700,0.5,2
14,17,202,0,0,500,0.6,1000,0.2,1400,0.2,0
14,18,376,2,10,5,0,500,0.6,1000,0.2,1400,0.2,2
14,19,165,1,0,500,0.6,1000,0.2,1400,0.2,0
15,0,385,2,10,5,0,300,0.5,1700,0.5,2
15,1,871,0,0,500,0.6,1000,0.2,1400,0.2,0
15,2,585,1,0,500,0.6,1000,0.2,1400,0.2,0
15,3,207,1,0,300,0.5,1700,0.5,1
15,4,362,2,10,5,0,300,0.5,1700,0.5,1
15,5,219,2,10,5,0,500,0.6,1000,0.2,1400,0.2,2
15,6,536,0,0,500,0.6,1000,0.2,1400,0.2,2
15,7,701,2,10,5,0,300,0.5,1700,0.5,1
15,8,931,1,0,500,0.6,1000,0.2,1400,0.2,1
15,9,317,0,0,500,0.6,1000,0.2,1400,0.2,0
15,10,104,2,10,5,0,500,0.6,1000,0.2,1400,0.2,1
15,11,592,0,0,500,0.6,1000,0.2,1400,0.2,2
15,12,837,1,0,500,0.6,1000,0.2,1400,0.2,0
15,13,223,0,0,300,0.5,1700,0.5,0
15,14,650,2,10,5,0,300,0.5,1700,0.5,1
15,15,439,0,0,500,0.6,1000,0.2,1400,0.2,1
15,16,253,2,10,5,0,500,0.6,1000,0.2,1400,0.2,2
15,17,131,2,10,5,0,300,0.5,1700,0.5,1
15,18,901,0,0,500,0.6,1000,0.2,1400,0.2,1
15,19,299,1,0,500,0.6,1000,0.2,1400,0.2,0
16,0,904,2,10,5,0,500,0.6,1000,0.2,1400,0.2,0
16,1,729,1,0,300,0.5,1700,0.5,2
16,2,724,1,0,300,0.5,1700,0.5,1
16,3,279,1,0,500,0.6,1000,0.2,1400,0.2,1
16,4,306,2,10,5,0,500,0.6,1000,0.2,1400,0.2,2
16,5,979,1,0,500,0.6,1000,0.2,1400,0.2,1
16,6,399,2,10,5,0,300,0.5,1700,0.5,1
16,7,563,0,0,500,0.6,1000,0.2,1400,0.2,2
16,8,654,0,0,300,0.5,1700,0.5,2
16,9,232,1,0,500,0.6,1000,0.2,1400,0.2,1
16,10,195,1,0,500,0.6,1000,0.2,1400,0.2,1
16,11,257,2,10,5,0,300,0.5,1700,0.5,0
16,12,461,1,0,500,0.6,1000,0.2,1400,0.2,0
16,13,457,2,10,5,0,500,0.6,1000,0.2,1400,0.2,0
16,14,763,2,10,5,0,300,0.5,1700,0.5,2
16,15,691,1,0,300,0.5,1700,0.5,2
16,16,558,2,10,5,0,500,0.6,1000,0.2,1400,0.2,2
16,17,119,2,10,5,0,300,0.5,1700,0.5,0
16,18,162,0,0,300,0.5,1700,0.5,1
16,19,858,2,10,5,0,300,0.5,1700,0.5,1
17,0,779,2,10,5,0,300,0.5,1700,0.5,1
17,1,32,1,0,300,0.5,1700,0.5,1
17,2,692,0,0,300,0.5,1700,0.5,0
17,3,754,1,0,300,0.5,1700,0.5,1
17,4,792,2,10,5,0,500,0.6,1000,0.2,1400,0.2,0
17,5,463,0,0,300,0.5,1700,0.5,2
17,6,775,0,0,500,0.6,1000,0.2,1400,0.2,0
17,7,853,0,0,500,0.6,1000,0.2,1400,0.2,2
17,8,528,2,10,5,0,500,0.6,1000,0.2,1400,0.2,2
17,9,725,2,10,5,0,500,0.6,1000,0.2,1400,0.2,2
17,10,803,0,0,500,0.6,1000,0.2,1400,0.2,0
17,11,684,1,0,500,0.6,1000,0.2,1400,0.2,2
17,12,459,2,10,5,0,500,0.6,1000,0.2,1400,0.2,2
17,13,569,1,0,500,0.6,1000,0.2,1400,0.2,1
17,14,86,2,10,5,0,300,0.5,1700,0.5,1
17,15,39,0,0,500,0.6,1000,0.2,1400,0.2,2
17,16,286,0,0,300,0.5,1700,0.5,1
17,17,509,2,10,5,0,500,0.6,1000,0.2,1400,0.2,1
17,18,27,1,0,300,0.5,1700,0.5,0
17,19,660,2,10,5,0,300,0.5,1700,0.5,1
18,0,86,2,10,5,0,300,0.5,1700,0.5,2
18,1,149,2,10,5,0,300,0.5,1700,0.5,0
18,2,852,1,0,300,0.5,1700,0.5,2
18,3,569,0,0,500,0.6,1000,0.2,1400,0.2,0
18,4,282,0,0,500,0.6,1000,0.2,1400,0.2,0
18,5,49,0,0,300,0.5,1700,0.5,1
18,6,755,1,0,300,0.5,1700,0.5,1
18,7,626,0,0,500,0.6,1000,0.2,1400,0.2,0
18,8,32,0,0,500,0.6,1000,0.2,1400,0.2,0
18,9,448,0,0,500,0.6,1000,0.2,1400,0.2,1
18,10,396,0,0,500,0.6,1000,0.2,1400,0.2,0
18,11,962,2,10,5,0,500,0.6,1000,0.2,1400,0.2,1
18,12,516,0,0,500,0.6,1000,0.2,1400,0.2,1
18,13,447,0,0,300,0.5,1700,0.5,2
18,14,78,1,0,500,0.6,1000,0.2,1400,0.2,0
18,15,923,2,10,5,0,300,0.5,1700,0.5,1
18,16,917,0,0,300,0.5,1700,0.5,2
18,17,667,1,0,300,0.5,1700,0.5,0
18,18,225,2,10,5,0,500,0.6,1000,0.2,1400,0.2,0
18,19,1000,0,0,500,0.6,1000,0.2,1400,0.2,2
19,0,989,2,10,5,0,300,0.5,1700,0.5,1
19,1,146,0,0,300,0.5,1700,0.5,2
19,2,495,2,10,5,0,300,0.5,1700,0.5,1
19,3,910,2,10,5,0,500,0.6,1000,0.2,1400,0.2,2
19,4,961,0,0,500,0.6,1000,0.2,1400,0.2,1
19,5,89,2,10,5,0,300,0.5,1700,0.5,2
19,6,309,0,0,300,0.5,1700,0.5,2
19,7,854,1,0,300,0.5,1700,0.5,0
19,8,430,2,10,5,0,300,0.5,1700,0.5,0
19,9,999,1,0,500,0.6,1000,0.2,1400,0.2,1
19,10,495,1,0,300,0.5,1700,0.5,2
19,11,203,1,0,300,0.5,1700,0.5,1
19,12,29,2,10,5,0,500,0.6,1000,0.2,1400,0.2,2
19,13,189,0,0,500,0.6,1000,0.2,1400,0.2,0
19,14,474,1,0,300,0.5,1700,0.5,0
19,15,299,2,10,5,0,500,0.6,1000,0.2,1400,0.2,2
19,16,953,0,0,300,0.5,1700,0.5,1
19,17,78,1,0,500,0.6,1000,0.2,1400,0.2,1
19,18,285,1,0,500,0.6,1000,0.2,1400,0.2,0
19,19,834,1,0,300,0.5,1700,0.5,1
