0,0,38,0,0,300,0.5,1700,0.5,2
0,1,667,2,10,5,0,500,0.6,1000,0.2,1400,0.2,1
0,2,794,0,0,300,0.5,1700,0.5,2
0,3,409,1,0,500,0.6,1000,0.2,1400,0.2,0
0,4,398,2,10,5,0,300,0.5,1700,0.5,0
0,5,489,1,0,300,0.5,1700,0.5,1
0,6,226,1,0,300,0.5,1700,0.5,2
0,7,370,1,0,300,0.5,1700,0.5,1
0,8,656,2,10,5,0,500,0.6,1000,0.2,1400,0.2,2
0,9,927,1,0,300,0.5,1700,0.5,1
0,10,386,1,0,300,0.5,1700,0.5,1
0,11,183,0,0,500,0.6,1000,0.2,1400,0.2,2
0,12,832,2,10,5,0,300,0.5,1700,0.5,0
0,13,652,0,0,500,0.6,1000,0.2,1400,0.2,0
0,14,260,0,0,300,0.5,1700,0.5,0
0,15,677,0,0,300,0.5,1700,0.5,2
0,16,398,2,10,5,0,500,0.6,1000,0.2,1400,0.2,2
0,17,143,1,0,500,0.6,1000,0.2,1400,0.2,1
0,18,614,0,0,300,0.5,1700,0.5,0
0,19,276,1,0,500,0.6,1000,0.2,1400,0.2,2
1,0,479,1,0,500,0.6,1000,0.2,1400,0.2,2
1,1,596,2,10,5,0,300,0.5,1700,0.5,1
1,2,386,2,10,5,0,300,0.5,1700,0.5,1
1,3,311,2,10,5,0,500,0.6,1000,0.2,1400,0.2,0
1,4,806,1,0,300,0.5,1700,0.5,0
1,5,60,0,0,300,0.5,1700,0.5,2
1,6,541,0,0,300,0.5,1700,0.5,2
1,7,938,2,10,5,0,500,0.6,1000,0.2,1400,0.2,0
1,8,81,2,10,5,0,500,0.6,1000,0.2,1400,0.2,1
1,9,209,0,0,500,0.6,1000,0.2,1400,0.2,0
1,10,927,1,0,300,0.5,1700,0.5,1
1,11,304,1,0,500,0.6,1000,0.2,1400,0.2,2
1,12,744,0,0,300,0.5,1700,0.5,0
1,13,86,2,10,5,0,300,0.5,1700,0.5,2
1,14,681,2,10,5,0,300,0.5,1700,0.5,0
1,15,121,0,0,500,0.6,1000,0.2,1400,0.2,0
1,16,194,0,0,500,0.6,1000,0.2,1400,0.2,0
1,17,571,2,10,5,0,500,0.6,1000,0.2,1400,0.2,2
1,18,182,2,10,5,0,300,0.5,1700,0.5,1
1,19,10,1,0,300,0.5,1700,0.5,0
2,0,714,1,0,500,0.6,1000,0.2,1400,0.2,2
2,1,955,2,10,5,0,300,0.5,1700,0.5,0
2,2,836,1,0,500,0.6,1000,0.2,1400,0.2,2
2,3,29,1,0,500,0.6,1000,0.2,1400,0.2,0
2,4,250,0,0,500,0.6,1000,0.2,1400,0.2,1
2,5,865,0,0,500,0.6,1000,0.2,1400,0.2,2
2,6,228,2,10,5,0,500,0.6,1000,0.2,1400,0.2,1
2,7,749,0,0,300,0.5,1700,0.5,2
2,8,721,2,10,5,0,500,0.6,1000,0.2,1400,0.2,1
2,9,192,1,0,300,0.5,1700,0.5,2
2,10,542,1,0,300,0.5,1700,0.5,0
2,11,149,1,0,300,0.5,1700,0.5,0
2,12,169,1,0,500,0.6,1000,0.2,1400,0.2,0
2,13,507,0,0,500,0.6,1000,0.2,1400,0.2,1
2,14,410,0,0,300,0.5,1700,0.5,0
2,15,357,0,0,500,0.6,1000,0.2,1400,0.2,2
2,16,414,0,0,500,0.6,1000,0.2,1400,0.2,0
2,17,951,0,0,500,0.6,1000,0.2,1400,0.2,2
2,18,244,0,0,300,0.5,1700,0.5,1
2,19,998,2,10,5,0,300,0.5,1700,0.5,1
3,0,901,2,10,5,0,500,0.6,1000,0.2,1400,0.2,1
3,1,690,1,0,500,0.6,1000,0.2,1400,0.2,1
3,2,233,0,0,500,0.6,1000,0.2,1400,0.2,1
3,3,829,0,0,300,0.5,1700,0.5,0
3,4,34,2,10,5,0,500,0.6,1000,0.2,1400,0.2,1
3,5,808,2,10,5,0,300,0.5,1700,0.5,0
3,6,691,2,10,5,0,300,0.5,1700,0.5,1
3,7,254,1,0,500,0.6,1000,0.2,1400,0.2,1
3,8,726,2,10,5,0,300,0.5,1700,0.5,2
3,9,993,2,10,5,0,500,0.6,1000,0.2,1400,0.2,1
3,10,76,2,10,5,0,500,0.6,1000,0.2,1400,0.2,2
3,11,171,1,0,500,0.6,1000,0.2,1400,0.2,2
3,12,159,1,0,500,0.6,1000,0.2,1400,0.2,0
3,13,565,1,0,500,0.6,1000,0.2,1400,0.2,1
3,14,133,1,0,500,0.6,1000,0.2,1400,0.2,1
3,15,511,0,0,500,0.6,1000,0.2,1400,0.2,2
3,16,218,0,0,300,0.5,1700,0.5,0
3,17,469,1,0,300,0.5,1700,0.5,1
3,18,413,0,0,500,0.6,1000,0.2,1400,0.2,1
3,19,838,1,0,300,0.5,1700,0.5,2
4,0,133,1,0,500,0.6,1000,0.2,1400,0.2,0
4,1,545,0,0,300,0.5,1700,0.5,1
4,2,286,2,10,5,0,500,0.6,1000,0.2,1400,0.2,2
4,3,472,2,10,5,0,500,0.6,1000,0.2,1400,0.2,0
4,4,989,2,10,5,0,500,0.6,1000,0.2,1400,0.2,2
4,5,612,2,10,5,0,300,0.5,1700,0.5,0
4,6,916,1,0,300,0.5,1700,0.5,0
4,7,350,0,0,300,0.5,1700,0.5,1
4,8,351,1,0,300,0.5,1700,0.5,1
4,9,922,0,0,500,0.6,1000,0.2,1400,0.2,0
4,10,997,1,0,300,0.5,1700,0.5,1
4,11,241,0,0,500,0.6,1000,0.2,1400,0.2,2
4,12,339,1,0,300,0.5,1700,0.5,1
4,13,430,0,0,500,0.6,1000,0.2,1400,0.2,2
4,14,729,1,0,500,0.6,1000,0.2,1400,0.2,1
4,15,112,2,10,5,0,500,0.6,1000,0.2,1400,0.2,1
4,16,107,0,0,500,0.6,1000,0.2,1400,0.2,0
4,17,61,2,10,5,0,300,0.5,1700,0.5,2
4,18,944,1,0,500,0.6,1000,0.2,1400,0.2,0
4,19,935,2,10,5,0,300,0.5,1700,0.5,2
5,0,620,2,10,5,0,300,0.5,1700,0.5,0
5,1,332,2,10,5,0,300,0.5,1700,0.5,1
5,2,755,2,10,5,0,300,0.5,1700,0.5,1
5,3,374,2,10,5,0,300,0.5,1700,0.5,1
5,4,364,2,10,5,0,300,0.5,1700,0.5,1
5,5,56,0,0,500,0.6,1000,0.2,1400,0.2,1
5,6,218,1,0,300,0.5,1700,0.5,0
5,7,625,2,10,5,0,500,0.6,1000,0.2,1400,0.2,2
5,8,370,2,10,5,0,300,0.5,1700,0.5,2
5,9,819,2,10,5,0,500,0.6,1000,0.2,1400,0.2,1
5,10,520,0,0,500,0.6,1000,0.2,1400,0.2,2
5,11,553,0,0,500,0.6,1000,0.2,1400,0.2,1
5,12,763,1,0,500,0.6,1000,0.2,1400,0.2,2
5,13,416,1,0,300,0.5,1700,0.5,2
5,14,266,2,10,5,0,500,0.6,1000,0.2,1400,0.2,0
5,15,158,0,0,300,0.5,1700,0.5,1
5,16,957,2,10,5,0,500,0.6,1000,0.2,1400,0.2,2
5,17,755,1,0,300,0.5,1700,0.5,2
5,18,629,1,0,500,0.6,1000,0.2,1400,0.2,1
5,19,122,0,0,500,0.6,1000,0.2,1400,0.2,2
6,0,680,2,10,5,0,300,0.5,1700,0.5,2
6,1,701,2,10,5,0,500,0.6,1000,0.2,1400,0.2,2
6,2,157,0,0,500,0.6,1000,0.2,1400,0.2,1
6,3,797,2,10,5,0,500,0.6,1000,0.2,1400,0.2,0
6,4,895,1,0,500,0.6,1000,0.2,1400,0.2,0
6,5,917,2,10,5,0,300,0.5,1700,0.5,1
6,6,865,1,0,300,0.5,1700,0.5,1
6,7,822,2,10,5,0,300,0.5,1700,0.5,1
6,8,153,1,0,500,0.6,1000,0.2,1400,0.2,2
6,9,100,1,0,500,0.6,1000,0.2,1400,0.2,1
6,10,927,0,0,500,0.6,1000,0.2,1400,0.2,0
6,11,491,2,10,5,0,300,0.5,1700,0.5,1
6,12,378,1,0,500,0.6,1000,0.2,1400,0.2,2
6,13,408,0,0,500,0.6,1000,0.2,1400,0.2,2
6,14,775,1,0,500,0.6,1000,0.2,1400,0.2,0
6,15,828,1,0,300,0.5,1700,0.5,2
6,16,66,0,0,500,0.6,1000,0.2,1400,0.2,1
6,17,488,0,0,500,0.6,1000,0.2,1400,0.2,1
6,18,267,0,0,300,0.5,1700,0.5,1
6,19,457,2,10,5,0,500,0.6,1000,0.2,1400,0.2,0
7,0,220,2,10,5,0,300,0.5,1700,0.5,0
7,1,663,0,0,300,0.5,1700,0.5,1
7,2,788,0,0,300,0.5,1700,0.5,1
7,3,983,1,0,300,0.5,1700,0.5,2
7,4,677,1,0,500,0.6,1000,0.2,1400,0.2,2
7,5,330,1,0,300,0.5,1700,0.5,2
7,6,392,0,0,500,0.6,1000,0.2,1400,0.2,1
7,7,140,2,10,5,0,300,0.5,1700,0.5,2
7,8,815,1,0,300,0.5,1700,0.5,2
7,9,602,2,10,5,0,500,0.6,1000,0.2,1400,0.2,0
7,10,932,1,0,500,0.6,1000,0.2,1400,0.2,2
7,11,136,1,0,500,0.6,1000,0.2,1400,0.2,0
7,12,365,1,0,500,0.6,1000,0.2,1400,0.2,1
7,13,743,1,0,500,0.6,1000,0.2,1400,0.2,0
7,14,337,1,0,500,0.6,1000,0.2,1400,0.2,1
7,15,602,1,0,500,0.6,1000,0.2,1400,0.2,1
7,16,647,2,10,5,0,300,0.5,1700,0.5,1
7,17,413,0,0,500,0.6,1000,0.2,1400,0.2,1
7,18,497,0,0,500,0.6,1000,0.2,1400,0.2,2
7,19,165,1,0,300,0.5,1700,0.5,1
8,0,175,1,0,500,0.6,1000,0.2,1400,0.2,1
8,1,749,2,10,5,0,300,0.5,1700,0.5,2
8,2,472,1,0,300,0.5,1700,0.5,1
8,3,254,1,0,300,0.5,1700,0.5,2
8,4,216,1,0,300,0.5,1700,0.5,0
8,5,489,0,0,300,0.5,1700,0.5,2
8,6,708,0,0,500,0.6,1000,0.2,1400,0.2,2
8,7,881,2,10,5,0,300,0.5,1700,0.5,1
8,8,549,2,10,5,0,300,0.5,1700,0.5,1
8,9,116,1,0,500,0.6,1000,0.2,1400,0.2,2
8,10,764,0,0,300,0.5,1700,0.5,1
8,11,785,1,0,300,0.5,1700,0.5,0
8,12,336,1,0,500,0.6,1000,0.2,1400,0.2,1
8,13,739,1,0,500,0.6,1000,0.2,1400,0.2,1
8,14,76,1,0,300,0.5,1700,0.5,0
8,15,643,2,10,5,0,500,0.6,1000,0.2,1400,0.2,0
8,16,274,1,0,300,0.5,1700,0.5,2
8,17,982,2,10,5,0,300,0.5,1700,0.5,0
8,18,361,0,0,300,0.5,1700,0.5,2
8,19,411,2,10,5,0,500,0.6,1000,0.2,1400,0.2,0
9,0,509,1,0,300,0.5,1700,0.5,2
9,1,846,2,10,5,0,500,0.6,1000,0.2,1400,0.2,1
9,2,891,0,0,300,0.5,1700,0.5,1
9,3,208,1,0,500,0.6,1000,0.2,1400,0.2,1
9,4,816,1,0,300,0.5,1700,0.5,0
9,5,341,2,10,5,0,500,0.6,1000,0.2,1400,0.2,2
9,6,844,0,0,300,0.5,1700,0.5,1
9,7,861,2,10,5,0,500,0.6,1000,0.2,1400,0.2,2
9,8,909,2,10,5,0,300,0.5,1700,0.5,1
9,9,804,0,0,300,0.5,1700,0.5,0
9,10,522,2,10,5,0,300,0.5,1700,0.5,2
9,11,76,0,0,500,0.6,1000,0.2,1400,0.2,0
9,12,773,1,0,500,0.6,1000,0.2,1400,0.2,2
9,13,297,1,0,500,0.6,1000,0.2,1400,0.2,0
9,14,732,1,0,300,0.5,1700,0.5,1
9,15,483,2,10,5,0,300,0.5,1700,0.5,0
9,16,465,2,10,5,0,500,0.6,1000,0.2,1400,0.2,0
9,17,932,0,0,500,0.6,1000,0.2,1400,0.2,1
9,18,827,1,0,300,0.5,1700,0.5,1
9,19,93,2,10,5,0,500,0.6,1000,0.2,1400,0.2,1
10,0,493,2,10,5,0,300,0.5,1700,0.5,2
10,1,884,0,0,500,0.6,1000,0.2,1400,0.2,0
10,2,941,0,0,300,0.5,1700,0.5,2
10,3,125,2,10,5,0,500,0.6,1000,0.2,1400,0.2,0
10,4,25,1,0,300,0.5,1700,0.5,2
10,5,669,0,0,300,0.5,1700,0.5,2
10,6,103,1,0,300,0.5,1700,0.5,2
10,7,289,1,0,500,0.6,1000,0.2,1400,0.2,0
10,8,546,0,0,500,0.6,1000,0.2,1400,0.2,0
10,9,618,2,10,5,0,300,0.5,1700,0.5,2
10,10,862,2,10,5,0,500,0.6,1000,0.2,1400,0.2,1
10,11,349,2,10,5,0,300,0.5,1700,0.5,1
10,12,834,0,0,300,0.5,1700,0.5,0
10,13,218,0,0,500,0.6,1000,0.2,1400,0.2,0
10,14,603,2,10,5,0,500,0.6,1000,0.2,1400,0.2,1
10,15,13,1,0,500,0.6,1000,0.2,1400,0.2,2
10,16,530,1,0,300,0.5,1700,0.5,1
10,17,560,1,0,500,0.6,1000,0.2,1400,0.2,2
10,18,760,2,10,5,0,500,0.6,1000,0.2,1400,0.2,0
10,19,759,0,0,300,0.5,1700,0.5,1
11,0,597,2,10,5,0,300,0.5,1700,0.5,2
11,1,35,2,10,5,0,300,0.5,1700,0.5,1
11,2,579,1,0,300,0.5,1700,0.5,1
11,3,430,1,0,500,0.6,1000,0.2,1400,0.2,0
11,4,212,0,0,300,0.5,1700,0.5,0
11,5,540,0,0,500,0.6,1000,0.2,1400,0.2,2
11,6,627,1,0,300,0.5,1700,0.5,0
11,7,485,1,0,300,0.5,1700,0.5,1
11,8,821,1,0,500,0.6,1000,0.2,1400,0.2,0
11,9,220,2,10,5,0,300,0.5,1700,0.5,0
11,10,159,2,10,5,0,500,0.6,1000,0.2,1400,0.2,0
11,11,768,0,0,300,0.5,1700,0.5,2
11,12,474,2,10,5,0,500,0.6,1000,0.2,1400,0.2,1
11,13,919,1,0,300,0.5,1700,0.5,2
11,14,858,0,0,500,0.6,1000,0.2,1400,0.2,1
11,15,86,0,0,500,0.6,1000,0.2,1400,0.2,1
11,16,966,0,0,300,0.5,1700,0.5,1
11,17,927,1,0,300,0.5,1700,0.5,1
11,18,213,0,0,500,0.6,1000,0.2,1400,0.2,2
11,19,887,1,0,500,0.6,1000,0.2,1400,0.2,0
12,0,462,1,0,500,0.6,1000,0.2,1400,0.2,0
12,1,583,2,10,5,0,500,0.6,1000,0.2,1400,0.2,2
12,2,754,1,0,500,0.6,1000,0.2,1400,0.2,2
12,3,752,1,0,500,0.6,1000,0.2,1400,0.2,1
12,4,77,1,0,500,0.6,1000,0.2,1400,0.2,2
12,5,495,2,10,5,0,500,0.6,1000,0.2,1400,0.2,1
12,6,391,0,0,300,0.5,1700,0.5,2
12,7,387,0,0,300,0.5,1700,0.5,1
12,8,569,0,0,500,0.6,1000,0.2,1400,0.2,2
12,9,108,0,0,300,0.5,1700,0.5,0
12,10,353,2,10,5,0,500,0.6,1000,0.2,1400,0.2,2
12,11,330,1,0,500,0.6,1000,0.2,1400,0.2,1
12,12,37,2,10,5,0,300,0.5,1700,0.5,1
12,13,131,0,0,300,0.5,1700,0.5,0
12,14,257,1,0,300,0.5,1700,0.5,0
12,15,428,0,0,300,0.5,1700,0.5,0
12,16,804,2,10,5,0,300,0.5,1700,0.5,2
12,17,224,0,0,300,0.5,1700,0.5,0
12,18,743,1,0,500,0.6,1000,0.2,1400,0.2,0
12,19,693,1,0,500,0.6,1000,0.2,1400,0.2,0
13,0,636,0,0,500,0.6,1000,0.2,1400,0.2,2
13,1,353,2,10,5,0,500,0.6,1000,0.2,1400,0.2,1
13,2,671,0,0,500,0.6,1000,0.2,1400,0.2,2
13,3,658,1,0,300,0.5,1700,0.5,1
13,4,524,1,0,300,0.5,1700,0.5,2
13,5,170,0,0,300,0.5,1700,0.5,0
13,6,30,2,10,5,0,300,0.5,1700,0.5,0
13,7,400,2,10,5,0,300,0.5,1700,0.5,0
13,8,596,2,10,5,0,300,0.5,1700,0.5,1
13,9,560,0,0,500,0.6,1000,0.2,1400,0.2,0
13,10,724,0,0,500,0.6,1000,0.2,1400,0.2,1
13,11,482,1,0,500,0.6,1000,0.2,1400,0.2,0
13,12,865,0,0,300,0.5,1700,0.5,1
13,13,322,2,10,5,0,500,0.6,1000,0.2,1400,0.2,0
13,14,198,1,0,500,0.6,1000,0.2,1400,0.2,0
13,15,504,1,0,500,0.6,1000,0.2,1400,0.2,0
13,16,523,0,0,500,0.6,1000,0.2,1400,0.2,2
13,17,657,0,0,300,0.5,1700,0.5,0
13,18,199,0,0,500,0.6,1000,0.2,1400,0.2,1
13,19,470,1,0,300,0.5,1700,0.5,0
14,0,793,2,10,5,0,500,0.6,1000,0.2,1400,0.2,2
14,1,666,1,0,300,0.5,1700,0.5,2
14,2,251,1,0,300,0.5,1700,0.5,1
14,3,103,1,0,500,0.6,1000,0.2,1400,0.2,1
14,4,798,1,0,500,0.6,1000,0.2,1400,0.2,2
14,5,320,1,0,500,0.6,1000,0.2,1400,0.2,2
14,6,823,2,10,5,0,500,0.6,1000,0.2,1400,0.2,0
14,7,845,1,0,300,0.5,1700,0.5,0
14,8,857,0,0,300,0.5,1700,0.5,1
14,9,76,0,0,500,0.6,1000,0.2,1400,0.2,1
14,10,854,2,10,5,0,300,0.5,1700,0.5,2
14,11,941,2,10,5,0,500,0.6,1000,0.2,1400,0.2,1
14,12,422,1,0,500,0.6,1000,0.2,1400,0.2,1
14,13,892,0,0,300,0.5,1700,0.5,2
14,14,624,1,0,300,0.5,1700,0.5,2
14,15,207,1,0,500,0.6,1000,0.2,1400,0.2,2
14,16,273,2,10,5,0,300,0.5,1700,0.5,1
14,17,399,2,10,5,0,300,0.5,1700,0.5,1
14,18,785,0,0,500,0.6,1000,0.2,1400,0.2,1
14,19,225,1,0,300,0.5,1700,0.5,1
15,0,908,2,10,5,0,300,0.5,1700,0.5,1
15,1,411,0,0,500,0.6,1000,0.2,1400,0.2,2
15,2,856,2,10,5,0,500,0.6,1000,0.2,1400,0.2,1
15,3,259,1,0,500,0.6,1000,0.2,1400,0.2,1
15,4,710,2,10,5,0,300,0.5,1700,0.5,1
15,5,521,2,10,5,0,300,0.5,1700,0.5,0
15,6,545,1,0,300,0.5,1700,0.5,1
15,7,990,1,0,300,0.5,1700,0.5,0
15,8,608,0,0,300,0.5,1700,0.5,1
15,9,747,1,0,300,0.5,1700,0.5,2
15,10,575,0,0,300,0.5,1700,0.5,2
15,11,655,0,0,500,0.6,1000,0.2,1400,0.2,1
15,12,325,2,10,5,0,500,0.6,1000,0.2,1400,0.2,0
15,13,602,2,10,5,0,500,0.6,1000,0.2,1400,0.2,1
15,14,200,0,0,300,0.5,1700,0.5,0
15,15,790,0,0,500,0.6,1000,0.2,1400,0.2,0
15,16,770,0,0,300,0.5,1700,0.5,0
15,17,754,1,0,500,0.6,1000,0.2,1400,0.2,1
15,18,884,2,10,5,0,500,0.6,1000,0.2,1400,0.2,0
15,19,428,1,0,500,0.6,1000,0.2,1400,0.2,1
16,0,666,2,10,5,0,300,0.5,1700,0.5,2
16,1,80,2,10,5,0,300,0.5,1700,0.5,0
16,2,637,1,0,300,0.5,1700,0.5,1
16,3,181,2,10,5,0,300,0.5,1700,0.5,2
16,4,322,2,10,5,0,300,0.5,1700,0.5,0
16,5,958,2,10,5,0,500,0.6,1000,0.2,1400,0.2,2
16,6,196,1,0,300,0.5,1700,0.5,1
16,7,367,1,0,500,0.6,1000,0.2,1400,0.2,1
16,8,993,2,10,5,0,300,0.5,1700,0.5,0
16,9,449,0,0,300,0.5,1700,0.5,1
16,10,991,1,0,300,0.5,1700,0.5,2
16,11,340,2,10,5,0,500,0.6,1000,0.2,1400,0.2,1
16,12,879,1,0,500,0.6,1000,0.2,1400,0.2,0
16,13,120,1,0,300,0.5,1700,0.5,0
16,14,578,1,0,300,0.5,1700,0.5,1
16,15,771,0,0,500,0.6,1000,0.2,1400,0.2,2
16,16,903,2,10,5,0,500,0.6,1000,0.2,1400,0.2,0
16,17,662,0,0,300,0.5,1700,0.5,0
16,18,788,2,10,5,0,300,0.5,1700,0.5,2
16,19,492,0,0,500,0.6,1000,0.2,1400,0.2,0
17,0,698,1,0,300,0.5,1700,0.5,0
17,1,579,0,0,500,0.6,1000,0.2,1400,0.2,1
17,2,891,1,0,500,0.6,1000,0.2,1400,0.2,0
17,3,624,1,0,300,0.5,1700,0.5,0
17,4,413,1,0,300,0.5,1700,0.5,2
17,5,487,0,0,500,0.6,1000,0.2,1400,0.2,2
17,6,31,1,0,500,0.6,1000,0.2,1400,0.2,2
17,7,447,1,0,300,0.5,1700,0.5,2
17,8,365,2,10,5,0,300,0.5,1700,0.5,2
17,9,654,2,10,5,0,500,0.6,1000,0.2,1400,0.2,2
17,10,855,1,0,500,0.6,1000,0.2,1400,0.2,2
17,11,25,2,10,5,0,500,0.6,1000,0.2,1400,0.2,2
17,12,130,0,0,500,0.6,1000,0.2,1400,0.2,1
17,13,669,0,0,300,0.5,1700,0.5,0
17,14,287,2,10,5,0,500,0.6,1000,0.2,1400,0.2,0
17,15,466,0,0,300,0.5,1700,0.5,0
17,16,285,1,0,500,0.6,1000,0.2,1400,0.2,2
17,17,781,1,0,500,0.6,1000,0.2,1400,0.2,0
17,18,22,2,10,5,0,500,0.6,1000,0.2,1400,0.2,0
17,19,774,2,10,5,0,500,0.6,1000,0.2,1400,0.2,2
18,0,199,2,10,5,0,500,0.6,1000,0.2,1400,0.2,0
18,1,470,2,10,5,0,300,0.5,1700,0.5,1
18,2,557,0,0,500,0.6,1000,0.2,1400,0.2,0
18,3,884,1,0,500,0.6,1000,0.2,1400,0.2,0
18,4,291,1,0,500,0.6,1000,0.2,1400,0.2,1
18,5,402,1,0,300,0.5,1700,0.5,1
18,6,94,2,10,5,0,500,0.6,1000,0.2,1400,0.2,0
18,7,144,0,0,500,0.6,1000,0.2,1400,0.2,0
18,8,918,2,10,5,0,300,0.5,1700,0.5,0
18,9,196,0,0,300,0.5,1700,0.5,2
18,10,459,1,0,500,0.6,1000,0.2,1400,0.2,1
18,11,330,0,0,300,0.5,1700,0.5,0
18,12,229,1,0,300,0.5,1700,0.5,1
18,13,312,2,10,5,0,500,0.6,1000,0.2,1400,0.2,1
18,14,788,2,10,5,0,300,0.5,1700,0.5,2
18,15,239,0,0,500,0.6,1000,0.2,1400,0.2,0
18,16,539,2,10,5,0,300,0.5,1700,0.5,2
18,17,506,0,0,300,0.5,1700,0.5,0
18,18,334,1,0,300,0.5,1700,0.5,2
18,19,142,2,10,5,0,500,0.6,1000,0.2,1400,0.2,1
19,0,976,0,0,300,0.5,1700,0.5,1
19,1,40,1,0,500,0.6,1000,0.2,1400,0.2,2
19,2,455,2,10,5,0,300,0.5,1700,0.5,0
19,3,743,2,10,5,0,300,0.5,1700,0.5,1
19,4,539,1,0,500,0.6,1000,0.2,1400,0.2,0
19,5,267,0,0,500,0.6,1000,0.2,1400,0.2,2
19,6,801,1,0,300,0.5,1700,0.5,1
19,7,679,1,0,300,0.5,1700,0.5,1
19,8,101,2,10,5,0,300,0.5,1700,0.5,1
19,9,251,1,0,300,0.5,1700,0.5,2
19,10,121,1,0,500,0.6,1000,0.2,1400,0.2,1
19,11,184,0,0,300,0.5,1700,0.5,2
19,12,905,0,0,500,0.6,1000,0.2,1400,0.2,1
19,13,216,0,0,500,0.6,1000,0.2,1400,0.2,0
19,14,228,0,0,300,0.5,1700,0.5,2
19,15,455,1,0,500,0.6,1000,0.2,1400,0.2,1
19,16,208,2,10,5,0,300,0.5,1700,0.5,2
19,17,457,0,0,300,0.5,1700,0.5,2
19,18,791,2,10,5,0,500,0.6,1000,0.2,1400,0.2,2
19,19,499,1,0,500,0.6,1000,0.2,1400,0.2,0
