0,0,597,0,0,300,0.5,1700,0.5,0
0,1,133,1,0,300,0.5,1700,0.5,0
0,2,552,1,0,300,0.5,1700,0.5,0
0,3,926,1,0,500,0.6,1000,0.2,1400,0.2,2
0,4,602,1,0,500,0.6,1000,0.2,1400,0.2,0
0,5,993,1,0,300,0.5,1700,0.5,0
0,6,632,2,10,5,0,500,0.6,1000,0.2,1400,0.2,1
0,7,415,0,0,300,0.5,1700,0.5,2
0,8,307,1,0,500,0.6,1000,0.2,1400,0.2,2
0,9,482,0,0,300,0.5,1700,0.5,2
0,10,665,2,10,5,0,300,0.5,1700,0.5,0
0,11,332,2,10,5,0,300,0.5,1700,0.5,2
0,12,540,2,10,5,0,300,0.5,1700,0.5,1
0,13,736,1,0,300,0.5,1700,0.5,1
0,14,424,2,10,5,0,500,0.6,1000,0.2,1400,0.2,2
0,15,888,1,0,300,0.5,1700,0.5,0
0,16,34,2,10,5,0,300,0.5,1700,0.5,0
0,17,176,2,10,5,0,500,0.6,1000,0.2,1400,0.2,0
0,18,583,2,10,5,0,300,0.5,1700,0.5,2
0,19,741,2,10,5,0,500,0.6,1000,0.2,1400,0.2,0
1,0,71,0,0,500,0.6,1000,0.2,1400,0.2,0
1,1,995,2,10,5,0,300,0.5,1700,0.5,2
1,2,624,0,0,300,0.5,1700,0.5,1
1,3,92,1,0,300,0.5,1700,0.5,1
1,4,842,2,10,5,0,500,0.6,1000,0.2,1400,0.2,1
1,5,489,0,0,500,0.6,1000,0.2,1400,0.2,1
1,6,477,0,0,500,0.6,1000,0.2,1400,0.2,0
1,7,264,2,10,5,0,500,0.6,1000,0.2,1400,0.2,1
1,8,195,1,0,500,0.6,1000,0.2,1400,0.2,0
1,9,391,1,0,500,0.6,1000,0.2,1400,0.2,1
1,10,464,0,0,300,0.5,1700,0.5,2
1,11,687,2,10,5,0,500,0.6,1000,0.2,1400,0.2,0
1,12,577,1,0,300,0.5,1700,0.5,0
1,13,973,2,10,5,0,300,0.5,1700,0.5,0
1,14,848,2,10,5,0,500,0.6,1000,0.2,1400,0.2,0
1,15,15,1,0,300,0.5,1700,0.5,0
1,16,689,0,0,500,0.6,1000,0.2,1400,0.2,0
1,17,208,1,0,500,0.6,1000,0.2,1400,0.2,2
1,18,197,0,0,300,0.5,1700,0.5,2
1,19,818,2,10,5,0,300,0.5,1700,0.5,1
2,0,40,2,10,5,0,300,0.5,1700,0.5,2
2,1,550,2,10,5,0,500,0.6,1000,0.2,1400,0.2,2
2,2,546,2,10,5,0,300,0.5,1700,0.5,0
2,3,392,1,0,300,0.5,1700,0.5,2
2,4,924,0,0,500,0.6,1000,0.2,1400,0.2,2
2,5,245,1,0,300,0.5,1700,0.5,0
2,6,89,1,0,500,0.6,1000,0.2,1400,0.2,1
2,7,406,2,10,5,0,300,0.5,1700,0.5,1
2,8,758,0,0,300,0.5,1700,0.5,1
2,9,798,2,10,5,0,500,0.6,1000,0.2,1400,0.2,0
2,10,694,0,0,300,0.5,1700,0.5,0
2,11,892,0,0,300,0.5,1700,0.5,1
2,12,675,1,0,500,0.6,1000,0.2,1400,0.2,2
2,13,417,0,0,500,0.6,1000,0.2,1400,0.2,0
2,14,543,1,0,500,0.6,1000,0.2,1400,0.2,1
2,15,893,1,0,300,0.5,1700,0.5,1
2,16,718,2,10,5,0,500,0.6,1000,0.2,1400,0.2,2
2,17,134,1,0,300,0.5,1700,0.5,1
2,18,707,2,10,5,0,300,0.5,1700,0.5,2
2,19,743,1,0,300,0.5,1700,0.5,1
3,0,454,1,0,300,0.5,1700,0.5,1
3,1,275,0,0,300,0.5,1700,0.5,2
3,2,484,1,0,500,0.6,1000,0.2,1400,0.2,1
3,3,739,2,10,5,0,500,0.6,1000,0.2,1400,0.2,1
3,4,294,1,0,500,0.6,1000,0.2,1400,0.2,2
3,5,676,0,0,300,0.5,1700,0.5,1
3,6,250,2,10,5,0,500,0.6,1000,0.2,1400,0.2,0
3,7,701,0,0,300,0.5,1700,0.5,2
3,8,767,1,0,300,0.5,1700,0.5,1
3,9,418,1,0,500,0.6,1000,0.2,1400,0.2,2
3,10,45,0,0,500,0.6,1000,0.2,1400,0.2,2
3,11,435,2,10,5,0,500,0.6,1000,0.2,1400,0.2,0
3,12,339,0,0,300,0.5,1700,0.5,0
3,13,136,1,0,500,0.6,1000,0.2,1400,0.2,2
3,14,572,0,0,300,0.5,1700,0.5,1
3,15,307,2,10,5,0,300,0.5,1700,0.5,1
3,16,206,0,0,300,0.5,1700,0.5,2
3,17,34,0,0,300,0.5,1700,0.5,2
3,18,680,2,10,5,0,500,0.6,1000,0.2,1400,0.2,1
3,19,831,1,0,500,0.6,1000,0.2,1400,0.2,2
4,0,802,1,0,500,0.6,1000,0.2,1400,0.2,2
4,1,237,2,10,5,0,500,0.6,1000,0.2,1400,0.2,2
4,2,945,0,0,300,0.5,1700,0.5,2
4,3,538,2,10,5,0,300,0.5,1700,0.5,2
4,4,666,0,0,500,0.6,1000,0.2,1400,0.2,0
4,5,85,1,0,500,0.6,1000,0.2,1400,0.2,0
4,6,975,1,0,500,0.6,1000,0.2,1400,0.2,1
4,7,617,2,10,5,0,500,0.6,1000,0.2,1400,0.2,0
4,8,12,1,0,500,0.6,1000,0.2,1400,0.2,0
4,9,550,0,0,500,0.6,1000,0.2,1400,0.2,0
4,10,510,1,0,500,0.6,1000,0.2,1400,0.2,1
4,11,315,2,10,5,0,500,0.6,1000,0.2,1400,0.2,1
4,12,703,1,0,500,0.6,1000,0.2,1400,0.2,2
4,13,833,2,10,5,0,300,0.5,1700,0.5,2
4,14,879,0,0,300,0.5,1700,0.5,2
4,15,376,1,0,300,0.5,1700,0.5,1
4,16,670,2,10,5,0,500,0.6,1000,0.2,1400,0.2,0
4,17,237,0,0,300,0.5,1700,0.5,2
4,18,864,0,0,300,0.5,1700,0.5,0
4,19,351,2,10,5,0,300,0.5,1700,0.5,2
5,0,164,1,0,500,0.6,1000,0.2,1400,0.2,0
5,1,648,1,0,500,0.6,1000,0.2,1400,0.2,2
5,2,246,2,10,5,0,300,0.5,1700,0.5,2
5,3,780,2,10,5,0,300,0.5,1700,0.5,1
5,4,705,1,0,300,0.5,1700,0.5,1
5,5,995,1,0,300,0.5,1700,0.5,1
5,6,541,0,0,500,0.6,1000,0.2,1400,0.2,2
5,7,313,1,0,500,0.6,1000,0.2,1400,0.2,0
5,8,191,2,10,5,0,500,0.6,1000,0.2,1400,0.2,2
5,9,433,2,10,5,0,500,0.6,1000,0.2,1400,0.2,0
5,10,707,1,0,500,0.6,1000,0.2,1400,0.2,0
5,11,224,2,10,5,0,300,0.5,1700,0.5,2
5,12,507,1,0,500,0.6,1000,0.2,1400,0.2,2
5,13,37,0,0,300,0.5,1700,0.5,1
5,14,774,2,10,5,0,300,0.5,1700,0.5,2
5,15,287,1,0,300,0.5,1700,0.5,2
5,16,51,0,0,300,0.5,1700,0.5,1
5,17,336,0,0,500,0.6,1000,0.2,1400,0.2,2
5,18,449,0,0,300,0.5,1700,0.5,1
5,19,98,0,0,300,0.5,1700,0.5,0
6,0,89,0,0,500,0.6,1000,0.2,1400,0.2,0
6,1,881,0,0,300,0.5,1700,0.5,1
6,2,227,0,0,500,0.6,1000,0.2,1400,0.2,1
6,3,938,1,0,500,0.6,1000,0.2,1400,0.2,0
6,4,459,0,0,500,0.6,1000,0.2,1400,0.2,1
6,5,633,0,0,300,0.5,1700,0.5,1
6,6,393,2,10,5,0,500,0.6,1000,0.2,1400,0.2,0
6,7,865,2,10,5,0,500,0.6,1000,0.2,1400,0.2,2
6,8,825,1,0,500,0.6,1000,0.2,1400,0.2,2
6,9,388,1,0,500,0.6,1000,0.2,1400,0.2,1
6,10,905,0,0,500,0.6,1000,0.2,1400,0.2,1
6,11,875,2,10,5,0,500,0.6,1000,0.2,1400,0.2,1
6,12,895,1,0,500,0.6,1000,0.2,1400,0.2,1
6,13,496,2,10,5,0,500,0.6,1000,0.2,1400,0.2,2
6,14,613,0,0,500,0.6,1000,0.2,1400,0.2,0
6,15,142,0,0,300,0.5,1700,0.5,2
6,16,745,0,0,300,0.5,1700,0.5,2
6,17,227,1,0,500,0.6,1000,0.2,1400,0.2,0
6,18,457,2,10,5,0,300,0.5,1700,0.5,1
6,19,413,1,0,500,0.6,1000,0.2,1400,0.2,1
7,0,470,0,0,500,0.6,1000,0.2,1400,0.2,2
7,1,893,1,0,300,0.5,1700,0.5,1
7,2,508,2,10,5,0,500,0.6,1000,0.2,1400,0.2,1
7,3,283,1,0,500,0.6,1000,0.2,1400,0.2,1
7,4,914,1,0,500,0.6,1000,0.2,1400,0.2,0
7,5,372,0,0,500,0.6,1000,0.2,1400,0.2,0
7,6,159,2,10,5,0,300,0.5,1700,0.5,0
7,7,258,1,0,300,0.5,1700,0.5,0
7,8,835,0,0,300,0.5,1700,0.5,2
7,9,999,1,0,300,0.5,1700,0.5,2
7,10,390,0,0,500,0.6,1000,0.2,1400,0.2,1
7,11,687,0,0,500,0.6,1000,0.2,1400,0.2,1
7,12,371,2,10,5,0,500,0.6,1000,0.2,1400,0.2,0
7,13,121,2,10,5,0,500,0.6,1000,0.2,1400,0.2,0
7,14,928,1,0,500,0.6,1000,0.2,1400,0.2,1
7,15,820,2,10,5,0,500,0.6,1000,0.2,1400,0.2,1
7,16,372,1,0,500,0.6,1000,0.2,1400,0.2,1
7,17,372,0,0,300,0.5,1700,0.5,0
7,18,930,0,0,500,0.6,1000,0.2,1400,0.2,0
7,19,934,2,10,5,0,300,0.5,1700,0.5,0
8,0,178,2,10,5,0,300,0.5,1700,0.5,1
8,1,568,2,10,5,0,500,0.6,1000,0.2,1400,0.2,1
8,2,307,0,0,300,0.5,1700,0.5,2
8,3,769,1,0,500,0.6,1000,0.2,1400,0.2,0
8,4,853,2,10,5,0,300,0.5,1700,0.5,1
8,5,621,1,0,500,0.6,1000,0.2,1400,0.2,0
8,6,132,0,0,300,0.5,1700,0.5,0
8,7,178,0,0,500,0.6,1000,0.2,1400,0.2,0
8,8,731,1,0,300,0.5,1700,0.5,1
8,9,615,1,0,300,0.5,1700,0.5,2
8,10,166,1,0,300,0.5,1700,0.5,2
8,11,545,0,0,300,0.5,1700,0.5,0
8,12,438,2,10,5,0,500,0.6,1000,0.2,1400,0.2,0
8,13,346,0,0,300,0.5,1700,0.5,0
8,14,572,0,0,500,0.6,1000,0.2,1400,0.2,0
8,15,18,0,0,500,0.6,1000,0.2,1400,0.2,0
8,16,117,1,0,500,0.6,1000,0.2,1400,0.2,2
8,17,881,0,0,500,0.6,1000,0.2,1400,0.2,0
8,18,203,1,0,300,0.5,1700,0.5,2
8,19,431,0,0,300,0.5,1700,0.5,2
9,0,37,1,0,300,0.5,1700,0.5,0
9,1,63,0,0,300,0.5,1700,0.5,1
9,2,798,1,0,300,0.5,1700,0.5,2
9,3,499,2,10,5,0,300,0.5,1700,0.5,0
9,4,795,2,10,5,0,300,0.5,1700,0.5,2
9,5,215,0,0,500,0.6,1000,0.2,1400,0.2,2
9,6,823,1,0,500,0.6,1000,0.2,1400,0.2,0
9,7,49,1,0,300,0.5,1700,0.5,0
9,8,330,2,10,5,0,300,0.5,1700,0.5,1
9,9,156,0,0,500,0.6,1000,0.2,1400,0.2,2
9,10,624,0,0,300,0.5,1700,0.5,0
9,11,69,0,0,500,0.6,1000,0.2,1400,0.2,2
9,12,460,1,0,500,0.6,1000,0.2,1400,0.2,1
9,13,503,1,0,500,0.6,1000,0.2,1400,0.2,1
9,14,946,0,0,300,0.5,1700,0.5,0
9,15,189,1,0,500,0.6,1000,0.2,1400,0.2,0
9,16,712,1,0,300,0.5,1700,0.5,2
9,17,967,1,0,300,0.5,1700,0.5,0
9,18,801,1,0,300,0.5,1700,0.5,1
9,19,443,0,0,500,0.6,1000,0.2,1400,0.2,1
10,0,473,0,0,500,0.6,1000,0.2,1400,0.2,0
10,1,295,2,10,5,0,500,0.6,1000,0.2,1400,0.2,2
10,2,68,2,10,5,0,300,0.5,1700,0.5,1
10,3,509,2,10,5,0,300,0.5,1700,0.5,0
10,4,672,0,0,300,0.5,1700,0.5,2
10,5,757,1,0,500,0.6,1000,0.2,1400,0.2,0
10,6,455,1,0,500,0.6,1000,0.2,1400,0.2,2
10,7,377,1,0,500,0.6,1000,0.2,1400,0.2,0
10,8,263,1,0,300,0.5,1700,0.5,1
10,9,114,1,0,300,0.5,1700,0.5,0
10,10,44,2,10,5,0,500,0.6,1000,0.2,1400,0.2,2
10,11,939,0,0,500,0.6,1000,0.2,1400,0.2,1
10,12,299,0,0,300,0.5,1700,0.5,1
10,13,610,2,10,5,0,300,0.5,1700,0.5,0
10,14,646,1,0,500,0.6,1000,0.2,1400,0.2,0
10,15,898,0,0,300,0.5,1700,0.5,0
10,16,560,2,10,5,0,500,0.6,1000,0.2,1400,0.2,1
10,17,308,2,10,5,0,500,0.6,1000,0.2,1400,0.2,1
10,18,402,1,0,300,0.5,1700,0.5,0
10,19,646,0,0,500,0.6,1000,0.2,1400,0.2,0
11,0,718,1,0,500,0.6,1000,0.2,1400,0.2,2
11,1,746,0,0,300,0.5,1700,0.5,2
11,2,224,1,0,500,0.6,1000,0.2,1400,0.2,1
11,3,134,0,0,500,0.6,1000,0.2,1400,0.2,0
11,4,779,2,10,5,0,300,0.5,1700,0.5,0
11,5,354,1,0,300,0.5,1700,0.5,0
11,6,451,1,0,500,0.6,1000,0.2,1400,0.2,0
11,7,169,2,10,5,0,300,0.5,1700,0.5,1
11,8,136,0,0,300,0.5,1700,0.5,1
11,9,497,2,10,5,0,500,0.6,1000,0.2,1400,0.2,1
11,10,430,2,10,5,0,300,0.5,1700,0.5,2
11,11,725,2,10,5,0,500,0.6,1000,0.2,1400,0.2,2
11,12,676,1,0,500,0.6,1000,0.2,1400,0.2,1
11,13,961,1,0,500,0.6,1000,0.2,1400,0.2,1
11,14,717,2,10,5,0,300,0.5,1700,0.5,1
11,15,656,1,0,300,0.5,1700,0.5,0
11,16,642,1,0,300,0.5,1700,0.5,2
11,17,732,2,10,5,0,300,0.5,1700,0.5,0
11,18,300,0,0,300,0.5,1700,0.5,0
11,19,139,2,10,5,0,300,0.5,1700,0.5,2
12,0,558,0,0,500,0.6,1000,0.2,1400,0.2,0
12,1,773,1,0,300,0.5,1700,0.5,1
12,2,855,2,10,5,0,500,0.6,1000,0.2,1400,0.2,2
12,3,593,1,0,300,0.5,1700,0.5,1
12,4,491,1,0,500,0.6,1000,0.2,1400,0.2,1
12,5,916,1,0,300,0.5,1700,0.5,0
12,6,274,1,0,300,0.5,1700,0.5,0
12,7,853,1,0,300,0.5,1700,0.5,1
12,8,202,0,0,300,0.5,1700,0.5,2
12,9,917,0,0,500,0.6,1000,0.2,1400,0.2,0
12,10,853,0,0,500,0.6,1000,0.2,1400,0.2,2
12,11,58,0,0,500,0.6,1000,0.2,1400,0.2,0
12,12,838,2,10,5,0,500,0.6,1000,0.2,1400,0.2,0
12,13,30,2,10,5,0,500,0.6,1000,0.2,1400,0.2,1
12,14,457,1,0,300,0.5,1700,0.5,0
12,15,1000,0,0,300,0.5,1700,0.5,2
12,16,96,1,0,500,0.6,1000,0.2,1400,0.2,1
12,17,518,2,10,5,0,500,0.6,1000,0.2,1400,0.2,0
12,18,753,1,0,500,0.6,1000,0.2,1400,0.2,2
12,19,915,2,10,5,0,500,0.6,1000,0.2,1400,0.2,1
13,0,959,2,10,5,0,300,0.5,1700,0.5,1
13,1,872,2,10,5,0,500,0.6,1000,0.2,1400,0.2,1
13,2,782,2,10,5,0,300,0.5,1700,0.5,2
13,3,377,1,0,500,0.6,1000,0.2,1400,0.2,0
13,4,727,2,10,5,0,500,0.6,1000,0.2,1400,0.2,2
13,5,253,2,10,5,0,300,0.5,1700,0.5,2
13,6,326,1,0,500,0.6,1000,0.2,1400,0.2,0
13,7,147,1,0,500,0.6,1000,0.2,1400,0.2,2
13,8,964,2,10,5,0,300,0.5,1700,0.5,0
13,9,993,1,0,500,0.6,1000,0.2,1400,0.2,1
13,10,578,2,10,5,0,300,0.5,1700,0.5,1
13,11,113,2,10,5,0,500,0.6,1000,0.2,1400,0.2,1
13,12,523,1,0,500,0.6,1000,0.2,1400,0.2,1
13,13,46,1,0,300,0.5,1700,0.5,0
13,14,762,2,10,5,0,300,0.5,1700,0.5,0
13,15,440,1,0,500,0.6,1000,0.2,1400,0.2,0
13,16,637,1,0,500,0.6,1000,0.2,1400,0.2,0
13,17,84,2,10,5,0,300,0.5,1700,0.5,2
13,18,299,0,0,300,0.5,1700,0.5,0
13,19,171,1,0,300,0.5,1700,0.5,1
14,0,479,2,10,5,0,500,0.6,1000,0.2,1400,0.2,2
14,1,188,1,0,300,0.5,1700,0.5,0
14,2,608,2,10,5,0,500,0.6,1000,0.2,1400,0.2,1
14,3,671,0,0,500,0.6,1000,0.2,1400,0.2,2
14,4,38,1,0,500,0.6,1000,0.2,1400,0.2,0
14,5,991,2,10,5,0,500,0.6,1000,0.2,1400,0.2,0
14,6,319,2,10,5,0,300,0.5,1700,0.5,0
14,7,925,2,10,5,0,300,0.5,1700,0.5,1
14,8,771,0,0,500,0.6,1000,0.2,1400,0.2,2
14,9,453,1,0,500,0.6,1000,0.2,1400,0.2,1
14,10,801,2,10,5,0,500,0.6,1000,0.2,1400,0.2,1
14,11,105,1,0,500,0.6,1000,0.2,1400,0.2,1
14,12,411,0,0,300,0.5,1700,0.5,1
14,13,446,0,0,300,0.5,1700,0.5,2
14,14,734,2,10,5,0,300,0.5,1700,0.5,0
14,15,623,1,0,300,0.5,1700,0.5,2
14,16,716,1,0,300,0.5,1700,0.5,0
14,17,99,0,0,300,0.5,1700,0.5,1
14,18,108,1,0,500,0.6,1000,0.2,1400,0.2,1
14,19,207,0,0,500,0.6,1000,0.2,1400,0.2,1
15,0,926,1,0,300,0.5,1700,0.5,0
15,1,103,2,10,5,0,500,0.6,1000,0.2,1400,0.2,0
15,2,768,2,10,5,0,300,0.5,1700,0.5,0
15,3,566,2,10,5,0,300,0.5,1700,0.5,0
15,4,416,1,0,500,0.6,1000,0.2,1400,0.2,2
15,5,801,0,0,300,0.5,1700,0.5,1
15,6,438,1,0,500,0.6,1000,0.2,1400,0.2,1
15,7,272,2,10,5,0,500,0.6,1000,0.2,1400,0.2,1
15,8,972,1,0,500,0.6,1000,0.2,1400,0.2,1
15,9,814,1,0,500,0.6,1000,0.2,1400,0.2,1
15,10,761,0,0,500,0.6,1000,0.2,1400,0.2,1
15,11,327,1,0,500,0.6,1000,0.2,1400,0.2,0
15,12,576,2,10,5,0,300,0.5,1700,0.5,1
15,13,861,2,10,5,0,300,0.5,1700,0.5,1
15,14,629,2,10,5,0,300,0.5,1700,0.5,0
15,15,108,0,0,300,0.5,1700,0.5,2
15,16,457,0,0,500,0.6,1000,0.2,1400,0.2,2
15,17,654,1,0,500,0.6,1000,0.2,1400,0.2,1
15,18,216,2,10,5,0,300,0.5,1700,0.5,1
15,19,515,1,0,300,0.5,1700,0.5,2
16,0,666,0,0,300,0.5,1700,0.5,2
16,1,921,0,0,300,0.5,1700,0.5,2
16,2,445,2,10,5,0,300,0.5,1700,0.5,2
16,3,976,1,0,500,0.6,1000,0.2,1400,0.2,1
16,4,883,2,10,5,0,300,0.5,1700,0.5,0
16,5,942,0,0,300,0.5,1700,0.5,1
16,6,229,2,10,5,0,500,0.6,1000,0.2,1400,0.2,1
16,7,531,0,0,300,0.5,1700,0.5,1
16,8,706,2,10,5,0,300,0.5,1700,0.5,2
16,9,806,1,0,500,0.6,1000,0.2,1400,0.2,1
16,10,38,0,0,300,0.5,1700,0.5,0
16,11,690,1,0,300,0.5,1700,0.5,1
16,12,32,0,0,300,0.5,1700,0.5,1
16,13,602,1,0,500,0.6,1000,0.2,1400,0.2,2
16,14,640,0,0,300,0.5,1700,0.5,1
16,15,398,1,0,500,0.6,1000,0.2,1400,0.2,2
16,16,649,0,0,300,0.5,1700,0.5,2
16,17,710,2,10,5,0,300,0.5,1700,0.5,0
16,18,402,0,0,500,0.6,1000,0.2,1400,0.2,0
16,19,408,1,0,300,0.5,1700,0.5,2
17,0,866,2,10,5,0,300,0.5,1700,0.5,0
17,1,83,2,10,5,0,300,0.5,1700,0.5,2
17,2,653,2,10,5,0,500,0.6,1000,0.2,1400,0.2,1
17,3,555,1,0,500,0.6,1000,0.2,1400,0.2,1
17,4,944,2,10,5,0,300,0.5,1700,0.5,1
17,5,577,1,0,500,0.6,1000,0.2,1400,0.2,2
17,6,901,1,0,300,0.5,1700,0.5,1
17,7,695,2,10,5,0,300,0.5,1700,0.5,2
17,8,957,0,0,300,0.5,1700,0.5,1
17,9,103,0,0,300,0.5,1700,0.5,2
17,10,188,1,0,500,0.6,1000,0.2,1400,0.2,2
17,11,341,2,10,5,0,500,0.6,1000,0.2,1400,0.2,0
17,12,412,1,0,300,0.5,1700,0.5,1
17,13,389,0,0,500,0.6,1000,0.2,1400,0.2,2
17,14,960,1,0,300,0.5,1700,0.5,0
17,15,471,2,10,5,0,500,0.6,1000,0.2,1400,0.2,1
17,16,858,1,0,500,0.6,1000,0.2,1400,0.2,2
17,17,422,2,10,5,0,500,0.6,1000,0.2,1400,0.2,0
17,18,427,1,0,300,0.5,1700,0.5,1
17,19,101,1,0,300,0.5,1700,0.5,2
18,0,862,1,0,300,0.5,1700,0.5,2
18,1,275,2,10,5,0,300,0.5,1700,0.5,2
18,2,25,0,0,300,0.5,1700,0.5,0
18,3,87,2,10,5,0,300,0.5,1700,0.5,0
18,4,307,1,0,500,0.6,1000,0.2,1400,0.2,1
18,5,772,0,0,500,0.6,1000,0.2,1400,0.2,0
18,6,283,0,0,500,0.6,1000,0.2,1400,0.2,0
18,7,314,1,0,300,0.5,1700,0.5,0
18,8,126,1,0,300,0.5,1700,0.5,0
18,9,904,0,0,300,0.5,1700,0.5,2
18,10,32,0,0,500,0.6,1000,0.2,1400,0.2,0
18,11,483,2,10,5,0,500,0.6,1000,0.2,1400,0.2,1
18,12,98,0,0,500,0.6,1000,0.2,1400,0.2,1
18,13,319,2,10,5,0,500,0.6,1000,0.2,1400,0.2,2
18,14,834,2,10,5,0,300,0.5,1700,0.5,0
18,15,771,1,0,300,0.5,1700,0.5,2
18,16,612,2,10,5,0,500,0.6,1000,0.2,1400,0.2,0
18,17,552,1,0,500,0.6,1000,0.2,1400,0.2,0
18,18,342,0,0,500,0.6,1000,0.2,1400,0.2,0
18,19,352,0,0,500,0.6,1000,0.2,1400,0.2,1
19,0,404,0,0,300,0.5,1700,0.5,1
19,1,777,2,10,5,0,500,0.6,1000,0.2,1400,0.2,1
19,2,856,1,0,300,0.5,1700,0.5,1
19,3,970,1,0,500,0.6,1000,0.2,1400,0.2,0
19,4,334,2,10,5,0,300,0.5,1700,0.5,1
19,5,386,2,10,5,0,300,0.5,1700,0.5,1
19,6,200,0,0,300,0.5,1700,0.5,1
19,7,708,0,0,500,0.6,1000,0.2,1400,0.2,0
19,8,259,0,0,500,0.6,1000,0.2,1400,0.2,2
19,9,522,2,10,5,0,300,0.5,1700,0.5,2
19,10,609,2,10,5,0,500,0.6,1000,0.2,1400,0.2,1
19,11,674,2,10,5,0,500,0.6,1000,0.2,1400,0.2,0
19,12,810,0,0,500,0.6,1000,0.2,1400,0.2,1
19,13,299,1,0,300,0.5,1700,0.5,1
19,14,752,0,0,300,0.5,1700,0.5,2
19,15,471,1,0,300,0.5,1700,0.5,0
19,16,714,1,0,300,0.5,1700,0.5,1
19,17,197,1,0,500,0.6,1000,0.2,1400,0.2,0
19,18,783,1,0,300,0.5,1700,0.5,1
19,19,122,0,0,300,0.5,1700,0.5,2
