0,0,954,0,0,300,0.5,1700,0.5,0
0,1,440,0,0,500,0.6,1000,0.2,1400,0.2,2
0,2,995,0,0,300,0.5,1700,0.5,1
0,3,506,0,0,300,0.5,1700,0.5,0
0,4,112,0,0,300,0.5,1700,0.5,1
0,5,733,0,0,300,0.5,1700,0.5,0
0,6,874,1,0,500,0.6,1000,0.2,1400,0.2,0
0,7,542,1,0,500,0.6,1000,0.2,1400,0.2,2
0,8,10,0,0,300,0.5,1700,0.5,0
0,9,578,0,0,300,0.5,1700,0.5,1
0,10,507,1,0,300,0.5,1700,0.5,1
0,11,128,1,0,300,0.5,1700,0.5,2
0,12,22,0,0,300,0.5,1700,0.5,0
0,13,102,2,10,5,0,300,0.5,1700,0.5,0
0,14,816,1,0,300,0.5,1700,0.5,0
0,15,534,0,0,300,0.5,1700,0.5,2
0,16,232,0,0,500,0.6,1000,0.2,1400,0.2,1
0,17,725,2,10,5,0,300,0.5,1700,0.5,0
0,18,250,0,0,300,0.5,1700,0.5,1
0,19,537,2,10,5,0,300,0.5,1700,0.5,0
1,0,636,1,0,500,0.6,1000,0.2,1400,0.2,1
1,1,758,2,10,5,0,500,0.6,1000,0.2,1400,0.2,0
1,2,210,0,0,500,0.6,1000,0.2,1400,0.2,0
1,3,597,2,10,5,0,500,0.6,1000,0.2,1400,0.2,1
1,4,543,1,0,500,0.6,1000,0.2,1400,0.2,2
1,5,717,1,0,300,0.5,1700,0.5,0
1,6,920,1,0,300,0.5,1700,0.5,2
1,7,553,2,10,5,0,300,0.5,1700,0.5,1
1,8,975,1,0,500,0.6,1000,0.2,1400,0.2,0
1,9,569,2,10,5,0,500,0.6,1000,0.2,1400,0.2,1
1,10,179,1,0,500,0.6,1000,0.2,1400,0.2,1
1,11,352,1,0,500,0.6,1000,0.2,1400,0.2,1
1,12,725,1,0,500,0.6,1000,0.2,1400,0.2,2
1,13,447,2,10,5,0,300,0.5,1700,0.5,1
1,14,350,1,0,500,0.6,1000,0.2,1400,0.2,2
1,15,754,0,0,500,0.6,1000,0.2,1400,0.2,0
1,16,345,0,0,500,0.6,1000,0.2,1400,0.2,1
1,17,240,2,10,5,0,500,0.6,1000,0.2,1400,0.2,1
1,18,788,2,10,5,0,300,0.5,1700,0.5,2
1,19,760,1,0,500,0.6,1000,0.2,1400,0.2,0
2,0,476,1,0,500,0.6,1000,0.2,1400,0.2,1
2,1,402,2,10,5,0,500,0.6,1000,0.2,1400,0.2,0
2,2,909,0,0,300,0.5,1700,0.5,0
2,3,813,2,10,5,0,500,0.6,1000,0.2,1400,0.2,2
2,4,915,1,0,300,0.5,1700,0.5,2
2,5,756,0,0,500,0.6,1000,0.2,1400,0.2,1
2,6,778,0,0,500,0.6,1000,0.2,1400,0.2,1
2,7,198,0,0,500,0.6,1000,0.2,1400,0.2,0
2,8,110,2,10,5,0,500,0.6,1000,0.2,1400,0.2,2
2,9,916,0,0,500,0.6,1000,0.2,1400,0.2,0
2,10,636,1,0,500,0.6,1000,0.2,1400,0.2,0
2,11,835,1,0,300,0.5,1700,0.5,0
2,12,614,0,0,500,0.6,1000,0.2,1400,0.2,1
2,13,776,2,10,5,0,500,0.6,1000,0.2,1400,0.2,1
2,14,38,1,0,300,0.5,1700,0.5,1
2,15,145,0,0,500,0.6,1000,0.2,1400,0.2,2
2,16,156,2,10,5,0,300,0.5,1700,0.5,2
2,17,438,0,0,500,0.6,1000,0.2,1400,0.2,1
2,18,34,2,10,5,0,500,0.6,1000,0.2,1400,0.2,1
2,19,888,0,0,300,0.5,1700,0.5,1
3,0,860,0,0,500,0.6,1000,0.2,1400,0.2,1
3,1,814,0,0,500,0.6,1000,0.2,1400,0.2,1
3,2,50,1,0,300,0.5,1700,0.5,1
3,3,605,1,0,300,0.5,1700,0.5,1
3,4,692,1,0,500,0.6,1000,0.2,1400,0.2,2
3,5,879,1,0,300,0.5,1700,0.5,0
3,6,321,2,10,5,0,300,0.5,1700,0.5,2
3,7,250,1,0,300,0.5,1700,0.5,2
3,8,711,1,0,500,0.6,1000,0.2,1400,0.2,1
3,9,766,1,0,300,0.5,1700,0.5,1
3,10,696,1,0,300,0.5,1700,0.5,2
3,11,103,1,0,300,0.5,1700,0.5,2
3,12,742,0,0,500,0.6,1000,0.2,1400,0.2,1
3,13,394,1,0,300,0.5,1700,0.5,1
3,14,896,0,0,500,0.6,1000,0.2,1400,0.2,0
3,15,414,1,0,500,0.6,1000,0.2,1400,0.2,1
3,16,346,0,0,500,0.6,1000,0.2,1400,0.2,1
3,17,861,0,0,300,0.5,1700,0.5,1
3,18,413,2,10,5,0,300,0.5,1700,0.5,1
3,19,626,1,0,300,0.5,1700,0.5,1
4,0,981,2,10,5,0,300,0.5,1700,0.5,1
4,1,325,1,0,300,0.5,1700,0.5,2
4,2,332,2,10,5,0,500,0.6,1000,0.2,1400,0.2,2
4,3,811,2,10,5,0,300,0.5,1700,0.5,1
4,4,207,1,0,300,0.5,1700,0.5,1
4,5,232,2,10,5,0,300,0.5,1700,0.5,2
4,6,942,1,0,500,0.6,1000,0.2,1400,0.2,1
4,7,505,0,0,300,0.5,1700,0.5,0
4,8,694,0,0,300,0.5,1700,0.5,0
4,9,358,1,0,500,0.6,1000,0.2,1400,0.2,0
4,10,733,0,0,500,0.6,1000,0.2,1400,0.2,0
4,11,610,0,0,500,0.6,1000,0.2,1400,0.2,2
4,12,600,1,0,500,0.6,1000,0.2,1400,0.2,0
4,13,172,0,0,500,0.6,1000,0.2,1400,0.2,1
4,14,703,2,10,5,0,300,0.5,1700,0.5,1
4,15,718,0,0,500,0.6,1000,0.2,1400,0.2,2
4,16,460,0,0,300,0.5,1700,0.5,1
4,17,888,0,0,500,0.6,1000,0.2,1400,0.2,2
4,18,381,2,10,5,0,300,0.5,1700,0.5,0
4,19,613,2,10,5,0,500,0.6,1000,0.2,1400,0.2,2
5,0,32,1,0,300,0.5,1700,0.5,1
5,1,856,1,0,300,0.5,1700,0.5,2
5,2,799,0,0,500,0.6,1000,0.2,1400,0.2,2
5,3,263,0,0,300,0.5,1700,0.5,0
5,4,769,1,0,300,0.5,1700,0.5,0
5,5,727,2,10,5,0,300,0.5,1700,0.5,0
5,6,876,0,0,500,0.6,1000,0.2,1400,0.2,0
5,7,707,0,0,500,0.6,1000,0.2,1400,0.2,0
5,8,40,2,10,5,0,300,0.5,1700,0.5,1
5,9,448,0,0,500,0.6,1000,0.2,1400,0.2,0
5,10,930,1,0,300,0.5,1700,0.5,1
5,11,136,1,0,500,0.6,1000,0.2,1400,0.2,2
5,12,680,0,0,500,0.6,1000,0.2,1400,0.2,0
5,13,304,2,10,5,0,300,0.5,1700,0.5,0
5,14,144,1,0,300,0.5,1700,0.5,0
5,15,737,0,0,300,0.5,1700,0.5,1
5,16,497,2,10,5,0,300,0.5,1700,0.5,2
5,17,863,0,0,500,0.6,1000,0.2,1400,0.2,0
5,18,100,2,10,5,0,500,0.6,1000,0.2,1400,0.2,0
5,19,275,1,0,500,0.6,1000,0.2,1400,0.2,2
6,0,21,0,0,500,0.6,1000,0.2,1400,0.2,0
6,1,893,1,0,500,0.6,1000,0.2,1400,0.2,0
6,2,708,2,10,5,0,300,0.5,1700,0.5,2
6,3,183,0,0,300,0.5,1700,0.5,0
6,4,872,2,10,5,0,500,0.6,1000,0.2,1400,0.2,2
6,5,382,1,0,300,0.5,1700,0.5,2
6,6,201,0,0,300,0.5,1700,0.5,0
6,7,456,2,10,5,0,300,0.5,1700,0.5,1
6,8,39,1,0,500,0.6,1000,0.2,1400,0.2,1
6,9,356,1,0,300,0.5,1700,0.5,1
6,10,54,0,0,500,0.6,1000,0.2,1400,0.2,1
6,11,321,2,10,5,0,500,0.6,1000,0.2,1400,0.2,1
6,12,677,0,0,500,0.6,1000,0.2,1400,0.2,0
6,13,878,2,10,5,0,500,0.6,1000,0.2,1400,0.2,1
6,14,136,1,0,500,0.6,1000,0.2,1400,0.2,1
6,15,638,2,10,5,0,500,0.6,1000,0.2,1400,0.2,2
6,16,74,0,0,300,0.5,1700,0.5,2
6,17,280,0,0,300,0.5,1700,0.5,2
6,18,503,1,0,500,0.6,1000,0.2,1400,0.2,1
6,19,70,1,0,500,0.6,1000,0.2,1400,0.2,0
7,0,877,2,10,5,0,500,0.6,1000,0.2,1400,0.2,1
7,1,96,0,0,500,0.6,1000,0.2,1400,0.2,0
7,2,158,2,10,5,0,500,0.6,1000,0.2,1400,0.2,2
7,3,571,2,10,5,0,500,0.6,1000,0.2,1400,0.2,0
7,4,71,1,0,300,0.5,1700,0.5,2
7,5,424,2,10,5,0,300,0.5,1700,0.5,2
7,6,297,0,0,300,0.5,1700,0.5,1
7,7,375,2,10,5,0,500,0.6,1000,0.2,1400,0.2,2
7,8,855,2,10,5,0,500,0.6,1000,0.2,1400,0.2,1
7,9,521,0,0,500,0.6,1000,0.2,1400,0.2,1
7,10,603,2,10,5,0,300,0.5,1700,0.5,0
7,11,867,0,0,500,0.6,1000,0.2,1400,0.2,0
7,12,751,2,10,5,0,500,0.6,1000,0.2,1400,0.2,2
7,13,372,1,0,500,0.6,1000,0.2,1400,0.2,1
7,14,619,2,10,5,0,300,0.5,1700,0.5,2
7,15,894,2,10,5,0,300,0.5,1700,0.5,0
7,16,702,1,0,300,0.5,1700,0.5,0
7,17,610,1,0,300,0.5,1700,0.5,2
7,18,269,0,0,500,0.6,1000,0.2,1400,0.2,0
7,19,908,0,0,500,0.6,1000,0.2,1400,0.2,0
8,0,675,1,0,300,0.5,1700,0.5,1
8,1,904,1,0,500,0.6,1000,0.2,1400,0.2,0
8,2,456,1,0,500,0.6,1000,0.2,1400,0.2,2
8,3,97,1,0,300,0.5,1700,0.5,2
8,4,618,2,10,5,0,300,0.5,1700,0.5,1
8,5,390,1,0,500,0.6,1000,0.2,1400,0.2,0
8,6,142,2,10,5,0,300,0.5,1700,0.5,2
8,7,481,2,10,5,0,300,0.5,1700,0.5,1
8,8,793,1,0,300,0.5,1700,0.5,0
8,9,222,2,10,5,0,300,0.5,1700,0.5,1
8,10,623,0,0,300,0.5,1700,0.5,0
8,11,519,1,0,300,0.5,1700,0.5,1
8,12,292,1,0,300,0.5,1700,0.5,0
8,13,661,0,0,300,0.5,1700,0.5,2
8,14,526,1,0,300,0.5,1700,0.5,0
8,15,550,0,0,500,0.6,1000,0.2,1400,0.2,0
8,16,626,1,0,500,0.6,1000,0.2,1400,0.2,2
8,17,875,0,0,500,0.6,1000,0.2,1400,0.2,0
8,18,294,0,0,500,0.6,1000,0.2,1400,0.2,0
8,19,776,0,0,300,0.5,1700,0.5,0
9,0,651,0,0,500,0.6,1000,0.2,1400,0.2,0
9,1,102,1,0,500,0.6,1000,0.2,1400,0.2,2
9,2,934,1,0,300,0.5,1700,0.5,1
9,3,365,1,0,300,0.5,1700,0.5,2
9,4,588,2,10,5,0,300,0.5,1700,0.5,2
9,5,833,1,0,300,0.5,1700,0.5,0
9,6,784,1,0,300,0.5,1700,0.5,2
9,7,173,1,0,500,0.6,1000,0.2,1400,0.2,1
9,8,73,0,0,300,0.5,1700,0.5,0
9,9,790,0,0,300,0.5,1700,0.5,1
9,10,399,1,0,500,0.6,1000,0.2,1400,0.2,2
9,11,767,1,0,300,0.5,1700,0.5,0
9,12,919,0,0,300,0.5,1700,0.5,0
9,13,249,0,0,300,0.5,1700,0.5,1
9,14,62,2,10,5,0,500,0.6,1000,0.2,1400,0.2,1
9,15,30,2,10,5,0,500,0.6,1000,0.2,1400,0.2,0
9,16,574,0,0,500,0.6,1000,0.2,1400,0.2,1
9,17,919,0,0,500,0.6,1000,0.2,1400,0.2,2
9,18,730,0,0,500,0.6,1000,0.2,1400,0.2,1
9,19,274,2,10,5,0,300,0.5,1700,0.5,1
10,0,158,2,10,5,0,300,0.5,1700,0.5,2
10,1,956,1,0,300,0.5,1700,0.5,1
10,2,193,2,10,5,0,300,0.5,1700,0.5,1
10,3,844,0,0,300,0.5,1700,0.5,1
10,4,972,2,10,5,0,500,0.6,1000,0.2,1400,0.2,0
10,5,36,1,0,300,0.5,1700,0.5,2
10,6,151,1,0,300,0.5,1700,0.5,0
10,7,639,2,10,5,0,500,0.6,1000,0.2,1400,0.2,2
10,8,714,0,0,500,0.6,1000,0.2,1400,0.2,2
10,9,638,2,10,5,0,300,0.5,1700,0.5,1
10,10,858,2,10,5,0,300,0.5,1700,0.5,0
10,11,127,2,10,5,0,500,0.6,1000,0.2,1400,0.2,2
10,12,587,1,0,500,0.6,1000,0.2,1400,0.2,0
10,13,936,2,10,5,0,300,0.5,1700,0.5,2
10,14,863,0,0,300,0.5,1700,0.5,0
10,15,656,0,0,500,0.6,1000,0.2,1400,0.2,0
10,16,511,0,0,300,0.5,1700,0.5,0
10,17,879,1,0,500,0.6,1000,0.2,1400,0.2,0
10,18,562,2,10,5,0,300,0.5,1700,0.5,0
10,19,715,2,10,5,0,500,0.6,1000,0.2,1400,0.2,1
11,0,443,0,0,500,0.6,1000,0.2,1400,0.2,0
11,1,749,0,0,300,0.5,1700,0.5,0
11,2,446,2,10,5,0,300,0.5,1700,0.5,2
11,3,21,2,10,5,0,300,0.5,1700,0.5,1
11,4,480,2,10,5,0,300,0.5,1700,0.5,0
11,5,737,0,0,500,0.6,1000,0.2,1400,0.2,0
11,6,333,2,10,5,0,500,0.6,1000,0.2,1400,0.2,1
11,7,543,2,10,5,0,300,0.5,1700,0.5,0
11,8,953,0,0,300,0.5,1700,0.5,1
11,9,548,0,0,300,0.5,1700,0.5,1
11,10,397,2,10,5,0,500,0.6,1000,0.2,1400,0.2,2
11,11,738,1,0,300,0.5,1700,0.5,0
11,12,615,2,10,5,0,300,0.5,1700,0.5,1
11,13,723,0,0,300,0.5,1700,0.5,2
11,14,171,0,0,500,0.6,1000,0.2,1400,0.2,1
11,15,469,1,0,500,0.6,1000,0.2,1400,0.2,0
11,16,549,1,0,300,0.5,1700,0.5,1
11,17,222,1,0,500,0.6,1000,0.2,1400,0.2,2
11,18,709,1,0,500,0.6,1000,0.2,1400,0.2,2
11,19,190,1,0,500,0.6,1000,0.2,1400,0.2,2
12,0,559,0,0,300,0.5,1700,0.5,1
12,1,665,2,10,5,0,300,0.5,1700,0.5,0
12,2,866,2,10,5,0,300,0.5,1700,0.5,1
12,3,445,1,0,500,0.6,1000,0.2,1400,0.2,2
12,4,139,0,0,500,0.6,1000,0.2,1400,0.2,1
12,5,59,1,0,300,0.5,1700,0.5,0
12,6,702,0,0,500,0.6,1000,0.2,1400,0.2,1
12,7,769,2,10,5,0,300,0.5,1700,0.5,1
12,8,883,1,0,500,0.6,1000,0.2,1400,0.2,2
12,9,856,1,0,300,0.5,1700,0.5,1
12,10,311,0,0,300,0.5,1700,0.5,0
12,11,784,0,0,500,0.6,1000,0.2,1400,0.2,2
12,12,931,2,10,5,0,300,0.5,1700,0.5,0
12,13,730,0,0,300,0.5,1700,0.5,0
12,14,360,2,10,5,0,300,0.5,1700,0.5,1
12,15,813,2,10,5,0,500,0.6,1000,0.2,1400,0.2,1
12,16,763,2,10,5,0,500,0.6,1000,0.2,1400,0.2,2
12,17,10,1,0,300,0.5,1700,0.5,2
12,18,27,2,10,5,0,500,0.6,1000,0.2,1400,0.2,0
12,19,928,2,10,5,0,500,0.6,1000,0.2,1400,0.2,1
13,0,440,1,0,500,0.6,1000,0.2,1400,0.2,2
13,1,184,0,0,300,0.5,1700,0.5,2
13,2,753,2,10,5,0,300,0.5,1700,0.5,1
13,3,168,1,0,300,0.5,1700,0.5,2
13,4,705,2,10,5,0,500,0.6,1000,0.2,1400,0.2,0
13,5,236,1,0,500,0.6,1000,0.2,1400,0.2,1
13,6,435,0,0,500,0.6,1000,0.2,1400,0.2,0
13,7,902,1,0,300,0.5,1700,0.5,1
13,8,431,0,0,300,0.5,1700,0.5,2
13,9,47,0,0,300,0.5,1700,0.5,1
13,10,435,2,10,5,0,500,0.6,1000,0.2,1400,0.2,1
13,11,687,1,0,500,0.6,1000,0.2,1400,0.2,0
13,12,963,0,0,500,0.6,1000,0.2,1400,0.2,2
13,13,929,0,0,500,0.6,1000,0.2,1400,0.2,2
13,14,92,2,10,5,0,500,0.6,1000,0.2,1400,0.2,1
13,15,595,1,0,300,0.5,1700,0.5,0
13,16,452,2,10,5,0,500,0.6,1000,0.2,1400,0.2,1
13,17,740,0,0,500,0.6,1000,0.2,1400,0.2,0
13,18,535,0,0,300,0.5,1700,0.5,0
13,19,434,2,10,5,0,500,0.6,1000,0.2,1400,0.2,2
14,0,682,1,0,300,0.5,1700,0.5,1
14,1,699,1,0,300,0.5,1700,0.5,0
14,2,53,2,10,5,0,500,0.6,1000,0.2,1400,0.2,2
14,3,576,1,0,300,0.5,1700,0.5,2
14,4,47,1,0,500,0.6,1000,0.2,1400,0.2,2
14,5,31,1,0,300,0.5,1700,0.5,1
14,6,685,2,10,5,0,500,0.6,1000,0.2,1400,0.2,0
14,7,670,1,0,500,0.6,1000,0.2,1400,0.2,0
14,8,890,1,0,300,0.5,1700,0.5,0
14,9,521,2,10,5,0,300,0.5,1700,0.5,0
14,10,515,2,10,5,0,300,0.5,1700,0.5,2
14,11,57,1,0,500,0.6,1000,0.2,1400,0.2,1
14,12,178,0,0,500,0.6,1000,0.2,1400,0.2,1
14,13,994,0,0,300,0.5,1700,0.5,1
14,14,216,0,0,500,0.6,1000,0.2,1400,0.2,2
14,15,528,2,10,5,0,500,0.6,1000,0.2,1400,0.2,1
14,16,846,2,10,5,0,300,0.5,1700,0.5,0
14,17,643,1,0,300,0.5,1700,0.5,1
14,18,983,1,0,300,0.5,1700,0.5,0
14,19,227,0,0,500,0.6,1000,0.2,1400,0.2,1
15,0,564,1,0,500,0.6,1000,0.2,1400,0.2,2
15,1,454,1,0,300,0.5,1700,0.5,1
15,2,27,2,10,5,0,500,0.6,1000,0.2,1400,0.2,0
15,3,107,2,10,5,0,300,0.5,1700,0.5,1
15,4,382,0,0,300,0.5,1700,0.5,0
15,5,774,1,0,300,0.5,1700,0.5,1
15,6,659,2,10,5,0,300,0.5,1700,0.5,2
15,7,75,1,0,500,0.6,1000,0.2,1400,0.2,1
15,8,135,2,10,5,0,300,0.5,1700,0.5,0
15,9,296,1,0,300,0.5,1700,0.5,1
15,10,440,0,0,300,0.5,1700,0.5,1
15,11,890,0,0,300,0.5,1700,0.5,0
15,12,37,0,0,300,0.5,1700,0.5,0
15,13,134,1,0,500,0.6,1000,0.2,1400,0.2,2
15,14,859,0,0,500,0.6,1000,0.2,1400,0.2,0
15,15,474,0,0,300,0.5,1700,0.5,2
15,16,984,2,10,5,0,500,0.6,1000,0.2,1400,0.2,2
15,17,516,0,0,300,0.5,1700,0.5,2
15,18,518,0,0,500,0.6,1000,0.2,1400,0.2,2
15,19,333,0,0,300,0.5,1700,0.5,0
16,0,281,2,10,5,0,500,0.6,1000,0.2,1400,0.2,2
16,1,390,0,0,300,0.5,1700,0.5,2
16,2,257,2,10,5,0,300,0.5,1700,0.5,2
16,3,513,1,0,300,0.5,1700,0.5,0
16,4,972,0,0,300,0.5,1700,0.5,2
16,5,760,0,0,500,0.6,1000,0.2,1400,0.2,2
16,6,472,0,0,300,0.5,1700,0.5,0
16,7,671,1,0,300,0.5,1700,0.5,2
16,8,668,1,0,300,0.5,1700,0.5,1
16,9,924,0,0,300,0.5,1700,0.5,1
16,10,614,1,0,500,0.6,1000,0.2,1400,0.2,1
16,11,135,0,0,500,0.6,1000,0.2,1400,0.2,0
16,12,242,0,0,300,0.5,1700,0.5,0
16,13,450,2,10,5,0,300,0.5,1700,0.5,0
16,14,975,0,0,500,0.6,1000,0.2,1400,0.2,1
16,15,812,2,10,5,0,500,0.6,1000,0.2,1400,0.2,0
16,16,284,2,10,5,0,300,0.5,1700,0.5,0
16,17,734,0,0,300,0.5,1700,0.5,2
16,18,905,2,10,5,0,500,0.6,1000,0.2,1400,0.2,0
16,19,725,1,0,300,0.5,1700,0.5,0
17,0,900,2,10,5,0,500,0.6,1000,0.2,1400,0.2,2
17,1,709,2,10,5,0,300,0.5,1700,0.5,0
17,2,480,0,0,300,0.5,1700,0.5,0
17,3,929,1,0,300,0.5,1700,0.5,0
17,4,171,0,0,300,0.5,1700,0.5,2
17,5,340,1,0,500,0.6,1000,0.2,1400,0.2,1
17,6,675,0,0,300,0.5,1700,0.5,1
17,7,311,1,0,300,0.5,1700,0.5,0
17,8,671,0,0,300,0.5,1700,0.5,1
17,9,602,2,10,5,0,300,0.5,1700,0.5,0
17,10,353,0,0,300,0.5,1700,0.5,2
17,11,580,0,0,500,0.6,1000,0.2,1400,0.2,0
17,12,890,1,0,500,0.6,1000,0.2,1400,0.2,0
17,13,502,2,10,5,0,500,0.6,1000,0.2,1400,0.2,0
17,14,916,1,0,500,0.6,1000,0.2,1400,0.2,1
17,15,49,1,0,500,0.6,1000,0.2,1400,0.2,0
17,16,481,2,10,5,0,300,0.5,1700,0.5,0
17,17,28,1,0,500,0.6,1000,0.2,1400,0.2,2
17,18,370,0,0,300,0.5,1700,0.5,0
17,19,714,1,0,300,0.5,1700,0.5,2
18,0,190,0,0,500,0.6,1000,0.2,1400,0.2,2
18,1,672,0,0,500,0.6,1000,0.2,1400,0.2,2
18,2,981,0,0,300,0.5,1700,0.5,0
18,3,13,0,0,500,0.6,1000,0.2,1400,0.2,0
18,4,660,0,0,500,0.6,1000,0.2,1400,0.2,2
18,5,657,1,0,300,0.5,1700,0.5,2
18,6,741,1,0,500,0.6,1000,0.2,1400,0.2,2
18,7,920,1,0,300,0.5,1700,0.5,1
18,8,603,0,0,300,0.5,1700,0.5,0
18,9,619,0,0,500,0.6,1000,0.2,1400,0.2,0
18,10,219,1,0,300,0.5,1700,0.5,1
18,11,217,1,0,300,0.5,1700,0.5,1
18,12,262,1,0,300,0.5,1700,0.5,0
18,13,614,2,10,5,0,300,0.5,1700,0.5,0
18,14,874,0,0,300,0.5,1700,0.5,1
18,15,534,1,0,300,0.5,1700,0.5,2
18,16,38,2,10,5,0,300,0.5,1700,0.5,1
18,17,128,1,0,300,0.5,1700,0.5,2
18,18,111,1,0,500,0.6,1000,0.2,1400,0.2,2
18,19,29,0,0,500,0.6,1000,0.2,1400,0.2,2
19,0,11,1,0,500,0.6,1000,0.2,1400,0.2,0
19,1,397,2,10,5,0,500,0.6,1000,0.2,1400,0.2,2
19,2,235,0,0,500,0.6,1000,0.2,1400,0.2,1
19,3,885,2,10,5,0,500,0.6,1000,0.2,1400,0.2,2
19,4,194,0,0,500,0.6,1000,0.2,1400,0.2,0
19,5,858,2,10,5,0,500,0.6,1000,0.2,1400,0.2,1
19,6,992,0,0,300,0.5,1700,0.5,2
19,7,831,2,10,5,0,500,0.6,1000,0.2,1400,0.2,1
19,8,982,1,0,300,0.5,1700,0.5,2
19,9,308,0,0,300,0.5,1700,0.5,2
19,10,167,0,0,300,0.5,1700,0.5,0
19,11,411,2,10,5,0,500,0.6,1000,0.2,1400,0.2,2
19,12,109,2,10,5,0,300,0.5,1700,0.5,2
19,13,271,2,10,5,0,300,0.5,1700,0.5,2
19,14,887,1,0,300,0.5,1700,0.5,0
19,15,495,0,0,500,0.6,1000,0.2,1400,0.2,0
19,16,607,0,0,300,0.5,1700,0.5,1
19,17,467,1,0,300,0.5,1700,0.5,2
19,18,405,1,0,500,0.6,1000,0.2,1400,0.2,1
19,19,145,1,0,300,0.5,1700,0.5,2
