0,0,741,2,10,5,0,500,0.6,1000,0.2,1400,0.2,2
0,1,808,1,0,500,0.6,1000,0.2,1400,0.2,2
0,2,414,0,0,300,0.5,1700,0.5,2
0,3,96,1,0,300,0.5,1700,0.5,2
0,4,277,2,10,5,0,500,0.6,1000,0.2,1400,0.2,0
0,5,673,2,10,5,0,300,0.5,1700,0.5,0
0,6,690,1,0,300,0.5,1700,0.5,2
0,7,408,1,0,300,0.5,1700,0.5,0
0,8,31,2,10,5,0,300,0.5,1700,0.5,2
0,9,989,1,0,500,0.6,1000,0.2,1400,0.2,2
0,10,139,1,0,500,0.6,1000,0.2,1400,0.2,1
0,11,407,1,0,300,0.5,1700,0.5,1
0,12,355,0,0,500,0.6,1000,0.2,1400,0.2,2
0,13,203,1,0,500,0.6,1000,0.2,1400,0.2,1
0,14,32,0,0,300,0.5,1700,0.5,2
0,15,65,2,10,5,0,300,0.5,1700,0.5,0
0,16,713,2,10,5,0,500,0.6,1000,0.2,1400,0.2,2
0,17,404,1,0,500,0.6,1000,0.2,1400,0.2,0
0,18,612,2,10,5,0,300,0.5,1700,0.5,0
0,19,302,1,0,500,0.6,1000,0.2,1400,0.2,0
1,0,793,2,10,5,0,300,0.5,1700,0.5,1
1,1,123,0,0,500,0.6,1000,0.2,1400,0.2,2
1,2,724,2,10,5,0,300,0.5,1700,0.5,1
1,3,481,0,0,500,0.6,1000,0.2,1400,0.2,1
1,4,862,1,0,500,0.6,1000,0.2,1400,0.2,0
1,5,584,2,10,5,0,500,0.6,1000,0.2,1400,0.2,0
1,6,470,2,10,5,0,500,0.6,1000,0.2,1400,0.2,2
1,7,608,1,0,500,0.6,1000,0.2,1400,0.2,1
1,8,938,0,0,300,0.5,1700,0.5,0
1,9,42,2,10,5,0,500,0.6,1000,0.2,1400,0.2,2
1,10,703,0,0,500,0.6,1000,0.2,1400,0.2,1
1,11,487,1,0,500,0.6,1000,0.2,1400,0.2,2
1,12,279,1,0,500,0.6,1000,0.2,1400,0.2,2
1,13,347,1,0,500,0.6,1000,0.2,1400,0.2,1
1,14,306,1,0,300,0.5,1700,0.5,2
1,15,694,2,10,5,0,500,0.6,1000,0.2,1400,0.2,1
1,16,126,0,0,300,0.5,1700,0.5,1
1,17,423,1,0,500,0.6,1000,0.2,1400,0.2,1
1,18,318,1,0,500,0.6,1000,0.2,1400,0.2,1
1,19,727,0,0,500,0.6,1000,0.2,1400,0.2,0
2,0,290,1,0,300,0.5,1700,0.5,2
2,1,821,2,10,5,0,300,0.5,1700,0.5,0
2,2,194,2,10,5,0,300,0.5,1700,0.5,0
2,3,356,0,0,300,0.5,1700,0.5,0
2,4,369,0,0,300,0.5,1700,0.5,2
2,5,106,2,10,5,0,500,0.6,1000,0.2,1400,0.2,0
2,6,461,0,0,500,0.6,1000,0.2,1400,0.2,2
2,7,152,1,0,500,0.6,1000,0.2,1400,0.2,0
2,8,610,1,0,500,0.6,1000,0.2,1400,0.2,0
2,9,17,1,0,300,0.5,1700,0.5,2
2,10,551,1,0,300,0.5,1700,0.5,0
2,11,980,0,0,300,0.5,1700,0.5,2
2,12,428,0,0,300,0.5,1700,0.5,0
2,13,550,0,0,300,0.5,1700,0.5,2
2,14,964,0,0,300,0.5,1700,0.5,2
2,15,783,2,10,5,0,500,0.6,1000,0.2,1400,0.2,1
2,16,398,0,0,500,0.6,1000,0.2,1400,0.2,0
2,17,568,2,10,5,0,500,0.6,1000,0.2,1400,0.2,1
2,18,340,0,0,500,0.6,1000,0.2,1400,0.2,0
2,19,137,2,10,5,0,500,0.6,1000,0.2,1400,0.2,2
3,0,646,1,0,500,0.6,1000,0.2,1400,0.2,0
3,1,607,2,10,5,0,300,0.5,1700,0.5,2
3,2,397,0,0,300,0.5,1700,0.5,0
3,3,432,2,10,5,0,500,0.6,1000,0.2,1400,0.2,0
3,4,67,0,0,500,0.6,1000,0.2,1400,0.2,0
3,5,310,0,0,300,0.5,1700,0.5,0
3,6,421,1,0,300,0.5,1700,0.5,1
3,7,924,0,0,500,0.6,1000,0.2,1400,0.2,0
3,8,59,1,0,300,0.5,1700,0.5,0
3,9,626,2,10,5,0,500,0.6,1000,0.2,1400,0.2,1
3,10,274,1,0,300,0.5,1700,0.5,0
3,11,494,1,0,300,0.5,1700,0.5,1
3,12,956,1,0,500,0.6,1000,0.2,1400,0.2,2
3,13,423,0,0,500,0.6,1000,0.2,1400,0.2,0
3,14,329,1,0,300,0.5,1700,0.5,2
3,15,673,0,0,300,0.5,1700,0.5,0
3,16,340,0,0,300,0.5,1700,0.5,1
3,17,867,0,0,500,0.6,1000,0.2,1400,0.2,2
3,18,51,1,0,500,0.6,1000,0.2,1400,0.2,0
3,19,487,1,0,500,0.6,1000,0.2,1400,0.2,1
4,0,332,1,0,300,0.5,1700,0.5,0
4,1,34,1,0,300,0.5,1700,0.5,0
4,2,99,2,10,5,0,300,0.5,1700,0.5,1
4,3,476,2,10,5,0,500,0.6,1000,0.2,1400,0.2,2
4,4,428,0,0,500,0.6,1000,0.2,1400,0.2,0
4,5,836,2,10,5,0,300,0.5,1700,0.5,2
4,6,875,2,10,5,0,500,0.6,1000,0.2,1400,0.2,2
4,7,569,0,0,500,0.6,1000,0.2,1400,0.2,1
4,8,829,2,10,5,0,300,0.5,1700,0.5,1
4,9,937,2,10,5,0,500,0.6,1000,0.2,1400,0.2,2
4,10,591,2,10,5,0,500,0.6,1000,0.2,1400,0.2,1
4,11,963,2,10,5,0,500,0.6,1000,0.2,1400,0.2,2
4,12,717,0,0,300,0.5,1700,0.5,2
4,13,801,0,0,500,0.6,1000,0.2,1400,0.2,1
4,14,573,2,10,5,0,500,0.6,1000,0.2,1400,0.2,1
4,15,277,2,10,5,0,500,0.6,1000,0.2,1400,0.2,1
4,16,364,0,0,300,0.5,1700,0.5,1
4,17,354,2,10,5,0,500,0.6,1000,0.2,1400,0.2,2
4,18,310,1,0,300,0.5,1700,0.5,1
4,19,145,2,10,5,0,500,0.6,1000,0.2,1400,0.2,0
5,0,778,0,0,300,0.5,1700,0.5,2
5,1,685,2,10,5,0,500,0.6,1000,0.2,1400,0.2,2
5,2,623,1,0,500,0.6,1000,0.2,1400,0.2,1
5,3,26,1,0,500,0.6,1000,0.2,1400,0.2,1
5,4,148,1,0,500,0.6,1000,0.2,1400,0.2,1
5,5,208,1,0,500,0.6,1000,0.2,1400,0.2,2
5,6,898,0,0,300,0.5,1700,0.5,1
5,7,337,2,10,5,0,300,0.5,1700,0.5,1
5,8,403,1,0,500,0.6,1000,0.2,1400,0.2,1
5,9,890,0,0,500,0.6,1000,0.2,1400,0.2,2
5,10,898,0,0,300,0.5,1700,0.5,2
5,11,853,0,0,300,0.5,1700,0.5,2
5,12,138,2,10,5,0,300,0.5,1700,0.5,2
5,13,548,0,0,300,0.5,1700,0.5,0
5,14,959,0,0,500,0.6,1000,0.2,1400,0.2,0
5,15,553,2,10,5,0,300,0.5,1700,0.5,1
5,16,951,2,10,5,0,300,0.5,1700,0.5,2
5,17,186,2,10,5,0,500,0.6,1000,0.2,1400,0.2,0
5,18,402,2,10,5,0,300,0.5,1700,0.5,1
5,19,501,1,0,500,0.6,1000,0.2,1400,0.2,2
6,0,525,1,0,300,0.5,1700,0.5,2
6,1,277,2,10,5,0,500,0.6,1000,0.2,1400,0.2,2
6,2,790,2,10,5,0,500,0.6,1000,0.2,1400,0.2,2
6,3,978,0,0,500,0.6,1000,0.2,1400,0.2,1
6,4,484,2,10,5,0,500,0.6,1000,0.2,1400,0.2,0
6,5,647,0,0,300,0.5,1700,0.5,1
6,6,524,2,10,5,0,500,0.6,1000,0.2,1400,0.2,2
6,7,495,2,10,5,0,300,0.5,1700,0.5,1
6,8,118,1,0,500,0.6,1000,0.2,1400,0.2,0
6,9,846,1,0,500,0.6,1000,0.2,1400,0.2,0
6,10,90,2,10,5,0,500,0.6,1000,0.2,1400,0.2,1
6,11,395,0,0,500,0.6,1000,0.2,1400,0.2,1
6,12,172,1,0,500,0.6,1000,0.2,1400,0.2,1
6,13,391,1,0,300,0.5,1700,0.5,2
6,14,990,0,0,500,0.6,1000,0.2,1400,0.2,2
6,15,162,1,0,500,0.6,1000,0.2,1400,0.2,1
6,16,679,1,0,300,0.5,1700,0.5,0
6,17,88,2,10,5,0,500,0.6,1000,0.2,1400,0.2,1
6,18,821,2,10,5,0,300,0.5,1700,0.5,1
6,19,62,0,0,300,0.5,1700,0.5,2
7,0,509,1,0,500,0.6,1000,0.2,1400,0.2,0
7,1,153,2,10,5,0,300,0.5,1700,0.5,2
7,2,363,1,0,500,0.6,1000,0.2,1400,0.2,1
7,3,153,1,0,500,0.6,1000,0.2,1400,0.2,1
7,4,710,0,0,300,0.5,1700,0.5,2
7,5,636,0,0,300,0.5,1700,0.5,1
7,6,93,0,0,500,0.6,1000,0.2,1400,0.2,2
7,7,29,1,0,500,0.6,1000,0.2,1400,0.2,0
7,8,445,0,0,500,0.6,1000,0.2,1400,0.2,1
7,9,126,0,0,500,0.6,1000,0.2,1400,0.2,2
7,10,176,2,10,5,0,300,0.5,1700,0.5,0
7,11,400,0,0,300,0.5,1700,0.5,1
7,12,283,1,0,500,0.6,1000,0.2,1400,0.2,0
7,13,526,2,10,5,0,500,0.6,1000,0.2,1400,0.2,2
7,14,343,1,0,500,0.6,1000,0.2,1400,0.2,2
7,15,349,1,0,300,0.5,1700,0.5,2
7,16,98,0,0,500,0.6,1000,0.2,1400,0.2,0
7,17,534,2,10,5,0,500,0.6,1000,0.2,1400,0.2,1
7,18,345,0,0,500,0.6,1000,0.2,1400,0.2,1
7,19,47,1,0,300,0.5,1700,0.5,1
8,0,601,0,0,300,0.5,1700,0.5,2
8,1,438,0,0,500,0.6,1000,0.2,1400,0.2,2
8,2,399,0,0,300,0.5,1700,0.5,2
8,3,71,2,10,5,0,300,0.5,1700,0.5,1
8,4,892,1,0,300,0.5,1700,0.5,2
8,5,968,2,10,5,0,300,0.5,1700,0.5,2
8,6,540,0,0,300,0.5,1700,0.5,1
8,7,784,0,0,500,0.6,1000,0.2,1400,0.2,2
8,8,735,0,0,500,0.6,1000,0.2,1400,0.2,1
8,9,491,0,0,500,0.6,1000,0.2,1400,0.2,1
8,10,206,0,0,500,0.6,1000,0.2,1400,0.2,1
8,11,856,1,0,300,0.5,1700,0.5,0
8,12,391,0,0,500,0.6,1000,0.2,1400,0.2,0
8,13,98,2,10,5,0,500,0.6,1000,0.2,1400,0.2,2
8,14,96,0,0,500,0.6,1000,0.2,1400,0.2,2
8,15,470,2,10,5,0,300,0.5,1700,0.5,0
8,16,593,0,0,300,0.5,1700,0.5,0
8,17,951,0,0,500,0.6,1000,0.2,1400,0.2,0
8,18,653,2,10,5,0,500,0.6,1000,0.2,1400,0.2,0
8,19,183,2,10,5,0,500,0.6,1000,0.2,1400,0.2,1
9,0,755,1,0,300,0.5,1700,0.5,0
9,1,665,2,10,5,0,500,0.6,1000,0.2,1400,0.2,2
9,2,489,2,10,5,0,500,0.6,1000,0.2,1400,0.2,2
9,3,793,2,10,5,0,500,0.6,1000,0.2,1400,0.2,0
9,4,756,0,0,300,0.5,1700,0.5,0
9,5,59,1,0,300,0.5,1700,0.5,0
9,6,818,0,0,500,0.6,1000,0.2,1400,0.2,2
9,7,534,2,10,5,0,300,0.5,1700,0.5,0
9,8,467,0,0,500,0.6,1000,0.2,1400,0.2,0
9,9,332,1,0,300,0.5,1700,0.5,0
9,10,86,2,10,5,0,300,0.5,1700,0.5,2
9,11,32,1,0,300,0.5,1700,0.5,2
9,12,527,0,0,500,0.6,1000,0.2,1400,0.2,0
9,13,190,2,10,5,0,300,0.5,1700,0.5,0
9,14,740,1,0,500,0.6,1000,0.2,1400,0.2,2
9,15,784,0,0,500,0.6,1000,0.2,1400,0.2,2
9,16,445,1,0,500,0.6,1000,0.2,1400,0.2,1
9,17,283,1,0,500,0.6,1000,0.2,1400,0.2,1
9,18,722,1,0,500,0.6,1000,0.2,1400,0.2,0
9,19,819,2,10,5,0,300,0.5,1700,0.5,0
10,0,78,2,10,5,0,500,0.6,1000,0.2,1400,0.2,2
10,1,404,1,0,300,0.5,1700,0.5,0
10,2,705,0,0,500,0.6,1000,0.2,1400,0.2,1
10,3,246,2,10,5,0,300,0.5,1700,0.5,2
10,4,47,0,0,300,0.5,1700,0.5,2
10,5,254,1,0,500,0.6,1000,0.2,1400,0.2,0
10,6,169,0,0,300,0.5,1700,0.5,0
10,7,474,0,0,500,0.6,1000,0.2,1400,0.2,0
10,8,721,2,10,5,0,500,0.6,1000,0.2,1400,0.2,2
10,9,57,1,0,500,0.6,1000,0.2,1400,0.2,0
10,10,108,0,0,300,0.5,1700,0.5,0
10,11,762,1,0,300,0.5,1700,0.5,2
10,12,222,2,10,5,0,300,0.5,1700,0.5,2
10,13,843,2,10,5,0,300,0.5,1700,0.5,1
10,14,715,2,10,5,0,500,0.6,1000,0.2,1400,0.2,1
10,15,392,2,10,5,0,300,0.5,1700,0.5,2
10,16,601,2,10,5,0,500,0.6,1000,0.2,1400,0.2,1
10,17,25,1,0,300,0.5,1700,0.5,0
10,18,116,1,0,500,0.6,1000,0.2,1400,0.2,2
10,19,573,0,0,500,0.6,1000,0.2,1400,0.2,1
11,0,959,1,0,300,0.5,1700,0.5,1
11,1,989,1,0,500,0.6,1000,0.2,1400,0.2,2
11,2,638,0,0,300,0.5,1700,0.5,2
11,3,59,0,0,500,0.6,1000,0.2,1400,0.2,2
11,4,929,0,0,500,0.6,1000,0.2,1400,0.2,1
11,5,979,0,0,500,0.6,1000,0.2,1400,0.2,1
11,6,238,1,0,300,0.5,1700,0.5,2
11,7,213,2,10,5,0,300,0.5,1700,0.5,1
11,8,570,2,10,5,0,300,0.5,1700,0.5,2
11,9,765,2,10,5,0,300,0.5,1700,0.5,1
11,10,959,2,10,5,0,500,0.6,1000,0.2,1400,0.2,0
11,11,224,2,10,5,0,300,0.5,1700,0.5,2
11,12,947,0,0,300,0.5,1700,0.5,2
11,13,185,2,10,5,0,300,0.5,1700,0.5,2
11,14,472,0,0,500,0.6,1000,0.2,1400,0.2,0
11,15,524,2,10,5,0,300,0.5,1700,0.5,2
11,16,910,0,0,300,0.5,1700,0.5,1
11,17,778,0,0,300,0.5,1700,0.5,0
11,18,786,2,10,5,0,300,0.5,1700,0.5,2
11,19,27,2,10,5,0,500,0.6,1000,0.2,1400,0.2,0
12,0,766,2,10,5,0,500,0.6,1000,0.2,1400,0.2,1
12,1,21,1,0,500,0.6,1000,0.2,1400,0.2,0
12,2,119,0,0,300,0.5,1700,0.5,1
12,3,451,0,0,300,0.5,1700,0.5,0
12,4,401,1,0,300,0.5,1700,0.5,1
12,5,658,0,0,300,0.5,1700,0.5,2
12,6,676,2,10,5,0,300,0.5,1700,0.5,1
12,7,814,1,0,300,0.5,1700,0.5,0
12,8,114,2,10,5,0,500,0.6,1000,0.2,1400,0.2,0
12,9,948,1,0,300,0.5,1700,0.5,0
12,10,448,2,10,5,0,500,0.6,1000,0.2,1400,0.2,1
12,11,166,1,0,500,0.6,1000,0.2,1400,0.2,1
12,12,461,0,0,500,0.6,1000,0.2,1400,0.2,2
12,13,13,2,10,5,0,500,0.6,1000,0.2,1400,0.2,1
12,14,703,1,0,500,0.6,1000,0.2,1400,0.2,1
12,15,349,0,0,500,0.6,1000,0.2,1400,0.2,0
12,16,273,0,0,300,0.5,1700,0.5,0
12,17,319,0,0,500,0.6,1000,0.2,1400,0.2,1
12,18,594,2,10,5,0,300,0.5,1700,0.5,2
12,19,496,2,10,5,0,300,0.5,1700,0.5,0
13,0,725,1,0,300,0.5,1700,0.5,2
13,1,264,1,0,300,0.5,1700,0.5,1
13,2,193,0,0,500,0.6,1000,0.2,1400,0.2,1
13,3,936,2,10,5,0,500,0.6,1000,0.2,1400,0.2,1
13,4,75,0,0,500,0.6,1000,0.2,1400,0.2,1
13,5,920,2,10,5,0,500,0.6,1000,0.2,1400,0.2,2
13,6,788,0,0,500,0.6,1000,0.2,1400,0.2,1
13,7,215,0,0,500,0.6,1000,0.2,1400,0.2,0
13,8,787,0,0,500,0.6,1000,0.2,1400,0.2,0
13,9,448,1,0,300,0.5,1700,0.5,2
13,10,724,0,0,300,0.5,1700,0.5,0
13,11,834,2,10,5,0,300,0.5,1700,0.5,1
13,12,522,2,10,5,0,300,0.5,1700,0.5,2
13,13,890,2,10,5,0,500,0.6,1000,0.2,1400,0.2,0
13,14,92,1,0,500,0.6,1000,0.2,1400,0.2,2
13,15,916,0,0,500,0.6,1000,0.2,1400,0.2,0
13,16,806,2,10,5,0,300,0.5,1700,0.5,0
13,17,114,2,10,5,0,500,0.6,1000,0.2,1400,0.2,1
13,18,952,2,10,5,0,300,0.5,1700,0.5,2
13,19,95,2,10,5,0,500,0.6,1000,0.2,1400,0.2,0
14,0,712,1,0,500,0.6,1000,0.2,1400,0.2,0
14,1,296,0,0,500,0.6,1000,0.2,1400,0.2,2
14,2,589,0,0,300,0.5,1700,0.5,2
14,3,104,1,0,300,0.5,1700,0.5,1
14,4,751,2,10,5,0,300,0.5,1700,0.5,2
14,5,590,2,10,5,0,300,0.5,1700,0.5,1
14,6,506,2,10,5,0,300,0.5,1700,0.5,2
14,7,522,2,10,5,0,300,0.5,1700,0.5,2
14,8,648,2,10,5,0,500,0.6,1000,0.2,1400,0.2,2
14,9,90,2,10,5,0,300,0.5,1700,0.5,2
14,10,435,2,10,5,0,500,0.6,1000,0.2,1400,0.2,2
14,11,300,1,0,300,0.5,1700,0.5,2
14,12,144,0,0,500,0.6,1000,0.2,1400,0.2,2
14,13,527,0,0,500,0.6,1000,0.2,1400,0.2,0
14,14,966,1,0,500,0.6,1000,0.2,1400,0.2,0
14,15,302,1,0,300,0.5,1700,0.5,1
14,16,949,0,0,500,0.6,1000,0.2,1400,0.2,2
14,17,705,2,10,5,0,300,0.5,1700,0.5,2
14,18,855,2,10,5,0,500,0.6,1000,0.2,1400,0.2,1
14,19,499,1,0,300,0.5,1700,0.5,1
15,0,417,2,10,5,0,500,0.6,1000,0.2,1400,0.2,2
15,1,218,2,10,5,0,500,0.6,1000,0.2,1400,0.2,0
15,2,213,0,0,300,0.5,1700,0.5,2
15,3,821,1,0,500,0.6,1000,0.2,1400,0.2,2
15,4,525,0,0,500,0.6,1000,0.2,1400,0.2,2
15,5,698,0,0,500,0.6,1000,0.2,1400,0.2,2
15,6,367,1,0,300,0.5,1700,0.5,1
15,7,891,2,10,5,0,500,0.6,1000,0.2,1400,0.2,0
15,8,411,1,0,500,0.6,1000,0.2,1400,0.2,1
15,9,494,2,10,5,0,300,0.5,1700,0.5,0
15,10,742,2,10,5,0,500,0.6,1000,0.2,1400,0.2,1
15,11,870,2,10,5,0,300,0.5,1700,0.5,1
15,12,341,2,10,5,0,500,0.6,1000,0.2,1400,0.2,1
15,13,414,0,0,500,0.6,1000,0.2,1400,0.2,0
15,14,473,2,10,5,0,300,0.5,1700,0.5,0
15,15,223,2,10,5,0,500,0.6,1000,0.2,1400,0.2,0
15,16,653,1,0,300,0.5,1700,0.5,0
15,17,294,1,0,500,0.6,1000,0.2,1400,0.2,2
15,18,942,1,0,300,0.5,1700,0.5,2
15,19,932,0,0,300,0.5,1700,0.5,1
16,0,930,1,0,500,0.6,1000,0.2,1400,0.2,0
16,1,507,2,10,5,0,500,0.6,1000,0.2,1400,0.2,1
16,2,160,1,0,300,0.5,1700,0.5,0
16,3,512,0,0,300,0.5,1700,0.5,1
16,4,731,1,0,500,0.6,1000,0.2,1400,0.2,1
16,5,860,2,10,5,0,500,0.6,1000,0.2,1400,0.2,2
16,6,340,0,0,500,0.6,1000,0.2,1400,0.2,0
16,7,882,1,0,500,0.6,1000,0.2,1400,0.2,0
16,8,658,1,0,300,0.5,1700,0.5,0
16,9,236,1,0,300,0.5,1700,0.5,1
16,10,459,2,10,5,0,500,0.6,1000,0.2,1400,0.2,1
16,11,901,2,10,5,0,500,0.6,1000,0.2,1400,0.2,0
16,12,978,2,10,5,0,300,0.5,1700,0.5,1
16,13,419,1,0,300,0.5,1700,0.5,2
16,14,621,2,10,5,0,500,0.6,1000,0.2,1400,0.2,2
16,15,491,2,10,5,0,300,0.5,1700,0.5,2
16,16,695,1,0,300,0.5,1700,0.5,2
16,17,46,1,0,500,0.6,1000,0.2,1400,0.2,2
16,18,250,0,0,300,0.5,1700,0.5,1
16,19,531,1,0,500,0.6,1000,0.2,1400,0.2,1
17,0,962,1,0,300,0.5,1700,0.5,0
17,1,981,0,0,500,0.6,1000,0.2,1400,0.2,1
17,2,298,0,0,500,0.6,1000,0.2,1400,0.2,0
17,3,945,0,0,500,0.6,1000,0.2,1400,0.2,2
17,4,565,2,10,5,0,300,0.5,1700,0.5,0
17,5,606,1,0,300,0.5,1700,0.5,0
17,6,161,1,0,500,0.6,1000,0.2,1400,0.2,1
17,7,365,0,0,300,0.5,1700,0.5,0
17,8,380,0,0,300,0.5,1700,0.5,0
17,9,898,1,0,500,0.6,1000,0.2,1400,0.2,1
17,10,123,2,10,5,0,500,0.6,1000,0.2,1400,0.2,2
17,11,761,2,10,5,0,500,0.6,1000,0.2,1400,0.2,2
17,12,120,0,0,500,0.6,1000,0.2,1400,0.2,0
17,13,123,2,10,5,0,500,0.6,1000,0.2,1400,0.2,2
17,14,286,2,10,5,0,300,0.5,1700,0.5,0
17,15,291,0,0,300,0.5,1700,0.5,1
17,16,763,0,0,500,0.6,1000,0.2,1400,0.2,1
17,17,96,0,0,300,0.5,1700,0.5,0
17,18,969,2,10,5,0,500,0.6,1000,0.2,1400,0.2,1
17,19,304,2,10,5,0,500,0.6,1000,0.2,1400,0.2,0
18,0,633,0,0,500,0.6,1000,0.2,1400,0.2,1
18,1,50,2,10,5,0,500,0.6,1000,0.2,1400,0.2,2
18,2,692,2,10,5,0,500,0.6,1000,0.2,1400,0.2,0
18,3,464,2,10,5,0,500,0.6,1000,0.2,1400,0.2,1
18,4,562,1,0,300,0.5,1700,0.5,2
18,5,75,1,0,300,0.5,1700,0.5,2
18,6,291,2,10,5,0,300,0.5,1700,0.5,1
18,7,169,0,0,500,0.6,1000,0.2,1400,0.2,0
18,8,745,2,10,5,0,500,0.6,1000,0.2,1400,0.2,2
18,9,268,1,0,300,0.5,1700,0.5,1
18,10,235,1,0,500,0.6,1000,0.2,1400,0.2,1
18,11,645,1,0,300,0.5,1700,0.5,1
18,12,429,0,0,300,0.5,1700,0.5,2
18,13,340,0,0,500,0.6,1000,0.2,1400,0.2,2
18,14,132,2,10,5,0,500,0.6,1000,0.2,1400,0.2,1
18,15,100,0,0,500,0.6,1000,0.2,1400,0.2,2
18,16,490,0,0,500,0.6,1000,0.2,1400,0.2,1
18,17,857,2,10,5,0,500,0.6,1000,0.2,1400,0.2,0
18,18,681,2,10,5,0,300,0.5,1700,0.5,1
18,19,814,1,0,500,0.6,1000,0.2,1400,0.2,0
19,0,908,1,0,500,0.6,1000,0.2,1400,0.2,2
19,1,998,0,0,300,0.5,1700,0.5,0
19,2,658,2,10,5,0,500,0.6,1000,0.2,1400,0.2,1
19,3,524,1,0,300,0.5,1700,0.5,1
19,4,573,2,10,5,0,300,0.5,1700,0.5,0
19,5,101,2,10,5,0,300,0.5,1700,0.5,0
19,6,173,1,0,300,0.5,1700,0.5,0
19,7,99,0,0,500,0.6,1000,0.2,1400,0.2,0
19,8,483,0,0,500,0.6,1000,0.2,1400,0.2,0
19,9,651,2,10,5,0,300,0.5,1700,0.5,2
19,10,335,1,0,300,0.5,1700,0.5,0
19,11,650,2,10,5,0,500,0.6,1000,0.2,1400,0.2,2
19,12,591,2,10,5,0,300,0.5,1700,0.5,0
19,13,173,0,0,300,0.5,1700,0.5,1
19,14,225,1,0,300,0.5,1700,0.5,0
19,15,154,0,0,300,0.5,1700,0.5,1
19,16,921,1,0,300,0.5,1700,0.5,0
19,17,255,1,0,300,0.5,1700,0.5,0
19,18,708,2,10,5,0,300,0.5,1700,0.5,2
19,19,188,1,0,300,0.5,1700,0.5,2
