0,0,621,1,0,500,0.6,1000,0.2,1400,0.2,2
0,1,145,0,0,300,0.5,1700,0.5,0
0,2,94,0,0,300,0.5,1700,0.5,1
0,3,663,1,0,500,0.6,1000,0.2,1400,0.2,0
0,4,825,2,10,5,0,300,0.5,1700,0.5,0
0,5,457,0,0,500,0.6,1000,0.2,1400,0.2,1
0,6,156,2,10,5,0,500,0.6,1000,0.2,1400,0.2,2
0,7,398,1,0,300,0.5,1700,0.5,1
0,8,757,1,0,500,0.6,1000,0.2,1400,0.2,1
0,9,781,2,10,5,0,300,0.5,1700,0.5,2
0,10,219,0,0,300,0.5,1700,0.5,2
0,11,757,0,0,500,0.6,1000,0.2,1400,0.2,2
0,12,945,2,10,5,0,500,0.6,1000,0.2,1400,0.2,1
0,13,17,1,0,500,0.6,1000,0.2,1400,0.2,1
0,14,54,0,0,500,0.6,1000,0.2,1400,0.2,1
0,15,513,1,0,500,0.6,1000,0.2,1400,0.2,0
0,16,788,0,0,500,0.6,1000,0.2,1400,0.2,0
0,17,509,0,0,300,0.5,1700,0.5,2
0,18,708,1,0,300,0.5,1700,0.5,2
0,19,402,2,10,5,0,300,0.5,1700,0.5,1
1,0,273,2,10,5,0,300,0.5,1700,0.5,2
1,1,438,0,0,300,0.5,1700,0.5,1
1,2,627,0,0,300,0.5,1700,0.5,1
1,3,193,1,0,300,0.5,1700,0.5,1
1,4,114,0,0,500,0.6,1000,0.2,1400,0.2,2
1,5,168,1,0,300,0.5,1700,0.5,0
1,6,748,2,10,5,0,500,0.6,1000,0.2,1400,0.2,0
1,7,100,1,0,300,0.5,1700,0.5,2
1,8,750,0,0,300,0.5,1700,0.5,0
1,9,869,2,10,5,0,300,0.5,1700,0.5,1
1,10,410,2,10,5,0,500,0.6,1000,0.2,1400,0.2,0
1,11,534,0,0,500,0.6,1000,0.2,1400,0.2,1
1,12,276,0,0,500,0.6,1000,0.2,1400,0.2,0
1,13,446,0,0,300,0.5,1700,0.5,1
1,14,875,2,10,5,0,500,0.6,1000,0.2,1400,0.2,2
1,15,587,0,0,500,0.6,1000,0.2,1400,0.2,1
1,16,889,2,10,5,0,300,0.5,1700,0.5,2
1,17,551,2,10,5,0,500,0.6,1000,0.2,1400,0.2,2
1,18,201,1,0,300,0.5,1700,0.5,2
1,19,175,1,0,500,0.6,1000,0.2,1400,0.2,2
2,0,310,1,0,500,0.6,1000,0.2,1400,0.2,0
2,1,910,0,0,500,0.6,1000,0.2,1400,0.2,0
2,2,370,0,0,300,0.5,1700,0.5,0
2,3,538,1,0,500,0.6,1000,0.2,1400,0.2,0
2,4,351,2,10,5,0,300,0.5,1700,0.5,0
2,5,976,2,10,5,0,500,0.6,1000,0.2,1400,0.2,0
2,6,622,2,10,5,0,300,0.5,1700,0.5,1
2,7,368,2,10,5,0,300,0.5,1700,0.5,2
2,8,453,2,10,5,0,500,0.6,1000,0.2,1400,0.2,2
2,9,573,1,0,300,0.5,1700,0.5,2
2,10,579,0,0,300,0.5,1700,0.5,0
2,11,56,1,0,500,0.6,1000,0.2,1400,0.2,1
2,12,183,0,0,500,0.6,1000,0.2,1400,0.2,0
2,13,614,1,0,300,0.5,1700,0.5,2
2,14,312,0,0,500,0.6,1000,0.2,1400,0.2,2
2,15,392,1,0,500,0.6,1000,0.2,1400,0.2,0
2,16,977,1,0,500,0.6,1000,0.2,1400,0.2,0
2,17,370,2,10,5,0,500,0.6,1000,0.2,1400,0.2,1
2,18,976,1,0,300,0.5,1700,0.5,0
2,19,129,2,10,5,0,500,0.6,1000,0.2,1400,0.2,2
3,0,826,0,0,300,0.5,1700,0.5,1
3,1,891,2,10,5,0,300,0.5,1700,0.5,1
3,2,596,1,0,300,0.5,1700,0.5,1
3,3,804,0,0,300,0.5,1700,0.5,1
3,4,299,0,0,500,0.6,1000,0.2,1400,0.2,1
3,5,502,1,0,300,0.5,1700,0.5,2
3,6,844,1,0,300,0.5,1700,0.5,1
3,7,233,0,0,500,0.6,1000,0.2,1400,0.2,0
3,8,645,2,10,5,0,500,0.6,1000,0.2,1400,0.2,2
3,9,22,1,0,300,0.5,1700,0.5,0
3,10,604,0,0,500,0.6,1000,0.2,1400,0.2,1
3,11,305,2,10,5,0,300,0.5,1700,0.5,0
3,12,241,0,0,500,0.6,1000,0.2,1400,0.2,1
3,13,513,0,0,500,0.6,1000,0.2,1400,0.2,2
3,14,814,0,0,300,0.5,1700,0.5,0
3,15,803,2,10,5,0,500,0.6,1000,0.2,1400,0.2,1
3,16,420,0,0,300,0.5,1700,0.5,0
3,17,855,1,0,300,0.5,1700,0.5,2
3,18,166,2,10,5,0,300,0.5,1700,0.5,1
3,19,661,2,10,5,0,300,0.5,1700,0.5,0
4,0,658,1,0,300,0.5,1700,0.5,1
4,1,227,1,0,500,0.6,1000,0.2,1400,0.2,2
4,2,87,0,0,300,0.5,1700,0.5,0
4,3,409,0,0,500,0.6,1000,0.2,1400,0.2,2
4,4,405,2,10,5,0,500,0.6,1000,0.2,1400,0.2,0
4,5,434,0,0,500,0.6,1000,0.2,1400,0.2,1
4,6,187,2,10,5,0,500,0.6,1000,0.2,1400,0.2,2
4,7,731,1,0,300,0.5,1700,0.5,2
4,8,168,1,0,500,0.6,1000,0.2,1400,0.2,0
4,9,267,2,10,5,0,500,0.6,1000,0.2,1400,0.2,0
4,10,310,1,0,500,0.6,1000,0.2,1400,0.2,2
4,11,535,2,10,5,0,500,0.6,1000,0.2,1400,0.2,0
4,12,651,0,0,300,0.5,1700,0.5,2
4,13,634,0,0,300,0.5,1700,0.5,2
4,14,686,1,0,300,0.5,1700,0.5,1
4,15,716,2,10,5,0,500,0.6,1000,0.2,1400,0.2,2
4,16,246,1,0,300,0.5,1700,0.5,0
4,17,582,2,10,5,0,300,0.5,1700,0.5,1
4,18,742,0,0,500,0.6,1000,0.2,1400,0.2,1
4,19,201,1,0,500,0.6,1000,0.2,1400,0.2,0
5,0,34,0,0,300,0.5,1700,0.5,0
5,1,883,0,0,500,0.6,1000,0.2,1400,0.2,1
5,2,953,2,10,5,0,300,0.5,1700,0.5,1
5,3,674,0,0,300,0.5,1700,0.5,1
5,4,366,2,10,5,0,300,0.5,1700,0.5,0
5,5,502,1,0,500,0.6,1000,0.2,1400,0.2,2
5,6,488,1,0,300,0.5,1700,0.5,1
5,7,536,2,10,5,0,300,0.5,1700,0.5,1
5,8,838,0,0,300,0.5,1700,0.5,2
5,9,674,2,10,5,0,300,0.5,1700,0.5,2
5,10,511,0,0,500,0.6,1000,0.2,1400,0.2,1
5,11,100,0,0,300,0.5,1700,0.5,0
5,12,469,1,0,500,0.6,1000,0.2,1400,0.2,1
5,13,817,0,0,300,0.5,1700,0.5,2
5,14,514,1,0,500,0.6,1000,0.2,1400,0.2,0
5,15,167,0,0,300,0.5,1700,0.5,1
5,16,558,0,0,500,0.6,1000,0.2,1400,0.2,0
5,17,948,0,0,500,0.6,1000,0.2,1400,0.2,2
5,18,832,2,10,5,0,300,0.5,1700,0.5,2
5,19,889,2,10,5,0,300,0.5,1700,0.5,0
6,0,681,2,10,5,0,500,0.6,1000,0.2,1400,0.2,0
6,1,123,0,0,300,0.5,1700,0.5,2
6,2,790,0,0,300,0.5,1700,0.5,0
6,3,655,2,10,5,0,300,0.5,1700,0.5,2
6,4,600,1,0,300,0.5,1700,0.5,2
6,5,659,0,0,300,0.5,1700,0.5,0
6,6,690,0,0,300,0.5,1700,0.5,0
6,7,619,2,10,5,0,500,0.6,1000,0.2,1400,0.2,0
6,8,65,1,0,500,0.6,1000,0.2,1400,0.2,1
6,9,396,1,0,300,0.5,1700,0.5,0
6,10,807,0,0,500,0.6,1000,0.2,1400,0.2,2
6,11,890,2,10,5,0,500,0.6,1000,0.2,1400,0.2,0
6,12,758,1,0,500,0.6,1000,0.2,1400,0.2,0
6,13,250,1,0,500,0.6,1000,0.2,1400,0.2,2
6,14,870,0,0,500,0.6,1000,0.2,1400,0.2,2
6,15,429,0,0,300,0.5,1700,0.5,1
6,16,510,2,10,5,0,500,0.6,1000,0.2,1400,0.2,2
6,17,634,0,0,500,0.6,1000,0.2,1400,0.2,1
6,18,300,0,0,500,0.6,1000,0.2,1400,0.2,2
6,19,758,0,0,300,0.5,1700,0.5,0
7,0,503,1,0,300,0.5,1700,0.5,2
7,1,340,0,0,500,0.6,1000,0.2,1400,0.2,1
7,2,168,0,0,500,0.6,1000,0.2,1400,0.2,0
7,3,138,2,10,5,0,500,0.6,1000,0.2,1400,0.2,1
7,4,304,1,0,500,0.6,1000,0.2,1400,0.2,2
7,5,638,2,10,5,0,500,0.6,1000,0.2,1400,0.2,2
7,6,817,0,0,500,0.6,1000,0.2,1400,0.2,1
7,7,215,0,0,500,0.6,1000,0.2,1400,0.2,0
7,8,726,0,0,500,0.6,1000,0.2,1400,0.2,0
7,9,845,1,0,500,0.6,1000,0.2,1400,0.2,2
7,10,594,0,0,300,0.5,1700,0.5,0
7,11,567,2,10,5,0,300,0.5,1700,0.5,2
7,12,19,0,0,300,0.5,1700,0.5,1
7,13,750,1,0,300,0.5,1700,0.5,2
7,14,793,1,0,500,0.6,1000,0.2,1400,0.2,0
7,15,725,0,0,300,0.5,1700,0.5,0
7,16,108,2,10,5,0,300,0.5,1700,0.5,2
7,17,190,0,0,300,0.5,1700,0.5,2
7,18,412,1,0,500,0.6,1000,0.2,1400,0.2,0
7,19,374,1,0,500,0.6,1000,0.2,1400,0.2,2
8,0,102,1,0,500,0.6,1000,0.2,1400,0.2,1
8,1,453,2,10,5,0,500,0.6,1000,0.2,1400,0.2,1
8,2,317,1,0,500,0.6,1000,0.2,1400,0.2,2
8,3,95,1,0,300,0.5,1700,0.5,1
8,4,518,2,10,5,0,500,0.6,1000,0.2,1400,0.2,2
8,5,948,1,0,300,0.5,1700,0.5,1
8,6,992,1,0,500,0.6,1000,0.2,1400,0.2,2
8,7,808,1,0,300,0.5,1700,0.5,0
8,8,645,2,10,5,0,500,0.6,1000,0.2,1400,0.2,0
8,9,666,0,0,500,0.6,1000,0.2,1400,0.2,1
8,10,260,1,0,300,0.5,1700,0.5,0
8,11,709,2,10,5,0,500,0.6,1000,0.2,1400,0.2,0
8,12,290,1,0,300,0.5,1700,0.5,2
8,13,506,1,0,500,0.6,1000,0.2,1400,0.2,1
8,14,947,2,10,5,0,300,0.5,1700,0.5,2
8,15,508,1,0,300,0.5,1700,0.5,1
8,16,955,0,0,300,0.5,1700,0.5,2
8,17,351,1,0,300,0.5,1700,0.5,0
8,18,93,2,10,5,0,300,0.5,1700,0.5,0
8,19,231,0,0,300,0.5,1700,0.5,0
9,0,927,2,10,5,0,300,0.5,1700,0.5,0
9,1,335,0,0,500,0.6,1000,0.2,1400,0.2,2
9,2,19,0,0,500,0.6,1000,0.2,1400,0.2,1
9,3,491,0,0,500,0.6,1000,0.2,1400,0.2,1
9,4,196,0,0,300,0.5,1700,0.5,0
9,5,727,1,0,300,0.5,1700,0.5,1
9,6,994,1,0,300,0.5,1700,0.5,1
9,7,422,1,0,500,0.6,1000,0.2,1400,0.2,0
9,8,985,1,0,500,0.6,1000,0.2,1400,0.2,2
9,9,30,2,10,5,0,300,0.5,1700,0.5,1
9,10,573,1,0,500,0.6,1000,0.2,1400,0.2,1
9,11,989,2,10,5,0,500,0.6,1000,0.2,1400,0.2,0
9,12,233,1,0,300,0.5,1700,0.5,0
9,13,246,1,0,300,0.5,1700,0.5,0
9,14,581,1,0,300,0.5,1700,0.5,0
9,15,170,2,10,5,0,300,0.5,1700,0.5,0
9,16,617,0,0,500,0.6,1000,0.2,1400,0.2,2
9,17,642,0,0,300,0.5,1700,0.5,1
9,18,69,1,0,500,0.6,1000,0.2,1400,0.2,1
9,19,959,2,10,5,0,300,0.5,1700,0.5,1
10,0,633,1,0,300,0.5,1700,0.5,0
10,1,405,2,10,5,0,500,0.6,1000,0.2,1400,0.2,1
10,2,569,2,10,5,0,500,0.6,1000,0.2,1400,0.2,2
10,3,768,0,0,300,0.5,1700,0.5,1
10,4,126,1,0,500,0.6,1000,0.2,1400,0.2,0
10,5,711,2,10,5,0,500,0.6,1000,0.2,1400,0.2,1
10,6,898,1,0,300,0.5,1700,0.5,0
10,7,14,2,10,5,0,500,0.6,1000,0.2,1400,0.2,0
10,8,985,0,0,500,0.6,1000,0.2,1400,0.2,1
10,9,740,1,0,500,0.6,1000,0.2,1400,0.2,1
10,10,670,2,10,5,0,500,0.6,1000,0.2,1400,0.2,1
10,11,875,0,0,300,0.5,1700,0.5,0
10,12,174,0,0,500,0.6,1000,0.2,1400,0.2,1
10,13,260,0,0,500,0.6,1000,0.2,1400,0.2,2
10,14,397,2,10,5,0,300,0.5,1700,0.5,2
10,15,422,0,0,300,0.5,1700,0.5,0
10,16,903,2,10,5,0,300,0.5,1700,0.5,1
10,17,76,0,0,300,0.5,1700,0.5,0
10,18,457,0,0,500,0.6,1000,0.2,1400,0.2,2
10,19,239,0,0,500,0.6,1000,0.2,1400,0.2,0
11,0,314,1,0,500,0.6,1000,0.2,1400,0.2,1
11,1,340,2,10,5,0,500,0.6,1000,0.2,1400,0.2,1
11,2,467,0,0,300,0.5,1700,0.5,0
11,3,953,2,10,5,0,500,0.6,1000,0.2,1400,0.2,1
11,4,281,2,10,5,0,500,0.6,1000,0.2,1400,0.2,1
11,5,837,2,10,5,0,500,0.6,1000,0.2,1400,0.2,0
11,6,265,2,10,5,0,500,0.6,1000,0.2,1400,0.2,2
11,7,980,2,10,5,0,500,0.6,1000,0.2,1400,0.2,2
11,8,84,1,0,300,0.5,1700,0.5,0
11,9,754,1,0,500,0.6,1000,0.2,1400,0.2,2
11,10,332,2,10,5,0,500,0.6,1000,0.2,1400,0.2,2
11,11,964,0,0,300,0.5,1700,0.5,1
11,12,507,2,10,5,0,300,0.5,1700,0.5,2
11,13,185,0,0,500,0.6,1000,0.2,1400,0.2,2
11,14,888,0,0,500,0.6,1000,0.2,1400,0.2,2
11,15,963,0,0,500,0.6,1000,0.2,1400,0.2,1
11,16,181,2,10,5,0,500,0.6,1000,0.2,1400,0.2,0
11,17,597,2,10,5,0,300,0.5,1700,0.5,1
11,18,163,1,0,500,0.6,1000,0.2,1400,0.2,1
11,19,945,1,0,300,0.5,1700,0.5,2
12,0,552,0,0,500,0.6,1000,0.2,1400,0.2,1
12,1,937,2,10,5,0,300,0.5,1700,0.5,0
12,2,171,1,0,500,0.6,1000,0.2,1400,0.2,2
12,3,60,0,0,500,0.6,1000,0.2,1400,0.2,1
12,4,579,1,0,300,0.5,1700,0.5,1
12,5,323,2,10,5,0,300,0.5,1700,0.5,1
12,6,674,2,10,5,0,500,0.6,1000,0.2,1400,0.2,1
12,7,865,2,10,5,0,300,0.5,1700,0.5,0
12,8,433,1,0,300,0.5,1700,0.5,1
12,9,99,2,10,5,0,300,0.5,1700,0.5,2
12,10,919,0,0,500,0.6,1000,0.2,1400,0.2,1
12,11,280,1,0,500,0.6,1000,0.2,1400,0.2,0
12,12,586,0,0,500,0.6,1000,0.2,1400,0.2,0
12,13,505,1,0,500,0.6,1000,0.2,1400,0.2,1
12,14,573,0,0,300,0.5,1700,0.5,1
12,15,834,2,10,5,0,500,0.6,1000,0.2,1400,0.2,0
12,16,992,1,0,500,0.6,1000,0.2,1400,0.2,0
12,17,440,0,0,300,0.5,1700,0.5,0
12,18,783,2,10,5,0,500,0.6,1000,0.2,1400,0.2,1
12,19,966,0,0,300,0.5,1700,0.5,2
13,0,738,1,0,500,0.6,1000,0.2,1400,0.2,1
13,1,525,1,0,500,0.6,1000,0.2,1400,0.2,1
13,2,537,0,0,500,0.6,1000,0.2,1400,0.2,0
13,3,122,2,10,5,0,500,0.6,1000,0.2,1400,0.2,1
13,4,678,2,10,5,0,500,0.6,1000,0.2,1400,0.2,0
13,5,450,0,0,300,0.5,1700,0.5,0
13,6,765,2,10,5,0,300,0.5,1700,0.5,1
13,7,17,1,0,300,0.5,1700,0.5,2
13,8,89,1,0,300,0.5,1700,0.5,2
13,9,859,1,0,500,0.6,1000,0.2,1400,0.2,0
13,10,416,2,10,5,0,500,0.6,1000,0.2,1400,0.2,2
13,11,766,2,10,5,0,300,0.5,1700,0.5,2
13,12,925,1,0,500,0.6,1000,0.2,1400,0.2,0
13,13,92,2,10,5,0,500,0.6,1000,0.2,1400,0.2,1
13,14,830,0,0,500,0.6,1000,0.2,1400,0.2,2
13,15,910,2,10,5,0,500,0.6,1000,0.2,1400,0.2,0
13,16,44,1,0,500,0.6,1000,0.2,1400,0.2,0
13,17,500,0,0,300,0.5,1700,0.5,1
13,18,810,1,0,500,0.6,1000,0.2,1400,0.2,0
13,19,155,1,0,300,0.5,1700,0.5,2
14,0,118,1,0,500,0.6,1000,0.2,1400,0.2,1
14,1,598,2,10,5,0,300,0.5,1700,0.5,2
14,2,876,1,0,300,0.5,1700,0.5,2
14,3,578,0,0,500,0.6,1000,0.2,1400,0.2,1
14,4,929,1,0,500,0.6,1000,0.2,1400,0.2,1
14,5,369,1,0,500,0.6,1000,0.2,1400,0.2,1
14,6,592,2,10,5,0,500,0.6,1000,0.2,1400,0.2,2
14,7,496,2,10,5,0,300,0.5,1700,0.5,2
14,8,922,2,10,5,0,500,0.6,1000,0.2,1400,0.2,2
14,9,910,1,0,500,0.6,1000,0.2,1400,0.2,2
14,10,334,0,0,300,0.5,1700,0.5,1
14,11,348,0,0,500,0.6,1000,0.2,1400,0.2,2
14,12,268,1,0,500,0.6,1000,0.2,1400,0.2,0
14,13,499,1,0,300,0.5,1700,0.5,1
14,14,470,0,0,300,0.5,1700,0.5,0
14,15,506,1,0,500,0.6,1000,0.2,1400,0.2,1
14,16,466,0,0,300,0.5,1700,0.5,2
14,17,948,0,0,500,0.6,1000,0.2,1400,0.2,2
14,18,518,1,0,500,0.6,1000,0.2,1400,0.2,1
14,19,923,0,0,300,0.5,1700,0.5,2
15,0,246,0,0,500,0.6,1000,0.2,1400,0.2,2
15,1,49,0,0,500,0.6,1000,0.2,1400,0.2,1
15,2,626,1,0,500,0.6,1000,0.2,1400,0.2,2
15,3,609,1,0,300,0.5,1700,0.5,1
15,4,60,1,0,300,0.5,1700,0.5,0
15,5,294,0,0,500,0.6,1000,0.2,1400,0.2,1
15,6,359,0,0,500,0.6,1000,0.2,1400,0.2,0
15,7,466,1,0,300,0.5,1700,0.5,2
15,8,890,2,10,5,0,300,0.5,1700,0.5,2
15,9,82,1,0,500,0.6,1000,0.2,1400,0.2,1
15,10,488,0,0,300,0.5,1700,0.5,2
15,11,179,0,0,300,0.5,1700,0.5,0
15,12,191,1,0,500,0.6,1000,0.2,1400,0.2,2
15,13,31,0,0,500,0.6,1000,0.2,1400,0.2,1
15,14,342,0,0,300,0.5,1700,0.5,1
15,15,794,2,10,5,0,300,0.5,1700,0.5,1
15,16,906,2,10,5,0,300,0.5,1700,0.5,1
15,17,468,0,0,300,0.5,1700,0.5,2
15,18,178,2,10,5,0,500,0.6,1000,0.2,1400,0.2,1
15,19,909,0,0,300,0.5,1700,0.5,1
16,0,360,2,10,5,0,500,0.6,1000,0.2,1400,0.2,0
16,1,469,1,0,500,0.6,1000,0.2,1400,0.2,1
16,2,405,2,10,5,0,500,0.6,1000,0.2,1400,0.2,2
16,3,882,1,0,500,0.6,1000,0.2,1400,0.2,1
16,4,553,1,0,300,0.5,1700,0.5,2
16,5,795,2,10,5,0,300,0.5,1700,0.5,2
16,6,525,1,0,500,0.6,1000,0.2,1400,0.2,2
16,7,589,2,10,5,0,500,0.6,1000,0.2,1400,0.2,2
16,8,325,0,0,500,0.6,1000,0.2,1400,0.2,1
16,9,447,1,0,300,0.5,1700,0.5,2
16,10,124,1,0,500,0.6,1000,0.2,1400,0.2,1
16,11,736,2,10,5,0,300,0.5,1700,0.5,0
16,12,51,2,10,5,0,300,0.5,1700,0.5,2
16,13,865,2,10,5,0,300,0.5,1700,0.5,0
16,14,244,0,0,300,0.5,1700,0.5,1
16,15,426,1,0,300,0.5,1700,0.5,2
16,16,991,2,10,5,0,500,0.6,1000,0.2,1400,0.2,0
16,17,63,0,0,300,0.5,1700,0.5,2
16,18,886,0,0,300,0.5,1700,0.5,0
16,19,646,0,0,300,0.5,1700,0.5,1
17,0,447,0,0,300,0.5,1700,0.5,1
17,1,158,2,10,5,0,500,0.6,1000,0.2,1400,0.2,1
17,2,586,1,0,300,0.5,1700,0.5,0
17,3,708,0,0,300,0.5,1700,0.5,2
17,4,730,0,0,300,0.5,1700,0.5,0
17,5,425,0,0,500,0.6,1000,0.2,1400,0.2,2
17,6,148,0,0,500,0.6,1000,0.2,1400,0.2,2
17,7,777,2,10,5,0,500,0.6,1000,0.2,1400,0.2,1
17,8,360,1,0,500,0.6,1000,0.2,1400,0.2,1
17,9,978,2,10,5,0,500,0.6,1000,0.2,1400,0.2,0
17,10,134,2,10,5,0,500,0.6,1000,0.2,1400,0.2,0
17,11,131,2,10,5,0,500,0.6,1000,0.2,1400,0.2,0
17,12,984,0,0,500,0.6,1000,0.2,1400,0.2,1
17,13,156,1,0,500,0.6,1000,0.2,1400,0.2,1
17,14,976,2,10,5,0,500,0.6,1000,0.2,1400,0.2,0
17,15,113,0,0,500,0.6,1000,0.2,1400,0.2,1
17,16,678,0,0,300,0.5,1700,0.5,0
17,17,159,1,0,300,0.5,1700,0.5,2
17,18,963,1,0,300,0.5,1700,0.5,1
17,19,910,2,10,5,0,300,0.5,1700,0.5,1
18,0,821,1,0,300,0.5,1700,0.5,0
18,1,205,0,0,500,0.6,1000,0.2,1400,0.2,1
18,2,590,0,0,500,0.6,1000,0.2,1400,0.2,0
18,3,205,1,0,300,0.5,1700,0.5,0
18,4,372,1,0,500,0.6,1000,0.2,1400,0.2,1
18,5,678,2,10,5,0,500,0.6,1000,0.2,1400,0.2,1
18,6,389,2,10,5,0,300,0.5,1700,0.5,1
18,7,146,1,0,500,0.6,1000,0.2,1400,0.2,2
18,8,924,0,0,300,0.5,1700,0.5,1
18,9,213,0,0,300,0.5,1700,0.5,0
18,10,965,0,0,500,0.6,1000,0.2,1400,0.2,1
18,11,803,2,10,5,0,300,0.5,1700,0.5,2
18,12,476,0,0,500,0.6,1000,0.2,1400,0.2,1
18,13,500,2,10,5,0,500,0.6,1000,0.2,1400,0.2,2
18,14,855,2,10,5,0,300,0.5,1700,0.5,1
18,15,292,1,0,500,0.6,1000,0.2,1400,0.2,1
18,16,935,2,10,5,0,500,0.6,1000,0.2,1400,0.2,0
18,17,71,2,10,5,0,300,0.5,1700,0.5,2
18,18,47,0,0,500,0.6,1000,0.2,1400,0.2,1
18,19,96,2,10,5,0,300,0.5,1700,0.5,0
19,0,122,0,0,300,0.5,1700,0.5,0
19,1,37,1,0,300,0.5,1700,0.5,0
19,2,441,1,0,500,0.6,1000,0.2,1400,0.2,1
19,3,501,0,0,300,0.5,1700,0.5,1
19,4,35,0,0,300,0.5,1700,0.5,2
19,5,72,0,0,500,0.6,1000,0.2,1400,0.2,2
19,6,159,2,10,5,0,300,0.5,1700,0.5,2
19,7,637,0,0,300,0.5,1700,0.5,0
19,8,90,1,0,500,0.6,1000,0.2,1400,0.2,2
19,9,558,1,0,500,0.6,1000,0.2,1400,0.2,1
19,10,329,0,0,500,0.6,1000,0.2,1400,0.2,2
19,11,663,0,0,300,0.5,1700,0.5,0
19,12,349,0,0,500,0.6,1000,0.2,1400,0.2,1
19,13,630,2,10,5,0,500,0.6,1000,0.2,1400,0.2,0
19,14,721,0,0,300,0.5,1700,0.5,0
19,15,147,1,0,300,0.5,1700,0.5,1
19,16,110,1,0,300,0.5,1700,0.5,1
19,17,707,1,0,300,0.5,1700,0.5,1
19,18,666,1,0,500,0.6,1000,0.2,1400,0.2,2
19,19,634,1,0,500,0.6,1000,0.2,1400,0.2,1
