0,0,835,0,0,300,0.5,1700,0.5,2
0,1,255,1,0,500,0.6,1000,0.2,1400,0.2,0
0,2,270,2,10,5,0,500,0.6,1000,0.2,1400,0.2,0
0,3,324,0,0,300,0.5,1700,0.5,0
0,4,830,0,0,300,0.5,1700,0.5,2
0,5,234,2,10,5,0,300,0.5,1700,0.5,1
0,6,508,2,10,5,0,500,0.6,1000,0.2,1400,0.2,1
0,7,282,0,0,300,0.5,1700,0.5,0
0,8,767,0,0,300,0.5,1700,0.5,2
0,9,940,1,0,500,0.6,1000,0.2,1400,0.2,0
0,10,772,1,0,500,0.6,1000,0.2,1400,0.2,1
0,11,713,0,0,300,0.5,1700,0.5,1
0,12,320,0,0,500,0.6,1000,0.2,1400,0.2,0
0,13,375,1,0,500,0.6,1000,0.2,1400,0.2,1
0,14,615,1,0,300,0.5,1700,0.5,1
0,15,175,2,10,5,0,500,0.6,1000,0.2,1400,0.2,2
0,16,433,1,0,300,0.5,1700,0.5,0
0,17,396,0,0,300,0.5,1700,0.5,0
0,18,437,1,0,300,0.5,1700,0.5,2
0,19,833,2,10,5,0,500,0.6,1000,0.2,1400,0.2,0
1,0,961,1,0,300,0.5,1700,0.5,0
1,1,917,0,0,500,0.6,1000,0.2,1400,0.2,1
1,2,419,2,10,5,0,300,0.5,1700,0.5,1
1,3,130,0,0,500,0.6,1000,0.2,1400,0.2,0
1,4,265,1,0,500,0.6,1000,0.2,1400,0.2,1
1,5,776,0,0,500,0.6,1000,0.2,1400,0.2,1
1,6,444,2,10,5,0,300,0.5,1700,0.5,1
1,7,375,1,0,500,0.6,1000,0.2,1400,0.2,0
1,8,19,2,10,5,0,500,0.6,1000,0.2,1400,0.2,2
1,9,325,1,0,300,0.5,1700,0.5,0
1,10,597,0,0,500,0.6,1000,0.2,1400,0.2,2
1,11,467,2,10,5,0,300,0.5,1700,0.5,1
1,12,643,1,0,500,0.6,1000,0.2,1400,0.2,1
1,13,930,2,10,5,0,300,0.5,1700,0.5,1
1,14,195,2,10,5,0,500,0.6,1000,0.2,1400,0.2,2
1,15,400,1,0,300,0.5,1700,0.5,2
1,16,738,0,0,300,0.5,1700,0.5,2
1,17,310,0,0,500,0.6,1000,0.2,1400,0.2,1
1,18,872,2,10,5,0,500,0.6,1000,0.2,1400,0.2,0
1,19,687,2,10,5,0,500,0.6,1000,0.2,1400,0.2,0
2,0,70,1,0,500,0.6,1000,0.2,1400,0.2,0
2,1,635,1,0,300,0.5,1700,0.5,2
2,2,582,2,10,5,0,300,0.5,1700,0.5,2
2,3,169,1,0,300,0.5,1700,0.5,0
2,4,453,2,10,5,0,500,0.6,1000,0.2,1400,0.2,2
2,5,542,1,0,300,0.5,1700,0.5,1
2,6,741,2,10,5,0,300,0.5,1700,0.5,1
2,7,491,2,10,5,0,300,0.5,1700,0.5,2
2,8,19,0,0,300,0.5,1700,0.5,1
2,9,620,0,0,300,0.5,1700,0.5,2
2,10,277,2,10,5,0,500,0.6,1000,0.2,1400,0.2,1
2,11,522,0,0,500,0.6,1000,0.2,1400,0.2,2
2,12,509,2,10,5,0,300,0.5,1700,0.5,0
2,13,623,0,0,500,0.6,1000,0.2,1400,0.2,1
2,14,588,1,0,300,0.5,1700,0.5,2
2,15,829,2,10,5,0,300,0.5,1700,0.5,0
2,16,868,1,0,300,0.5,1700,0.5,0
2,17,348,1,0,500,0.6,1000,0.2,1400,0.2,2
2,18,922,2,10,5,0,300,0.5,1700,0.5,0
2,19,109,1,0,500,0.6,1000,0.2,1400,0.2,2
3,0,722,1,0,500,0.6,1000,0.2,1400,0.2,0
3,1,821,2,10,5,0,500,0.6,1000,0.2,1400,0.2,2
3,2,646,2,10,5,0,300,0.5,1700,0.5,2
3,3,250,1,0,500,0.6,1000,0.2,1400,0.2,0
3,4,886,1,0,500,0.6,1000,0.2,1400,0.2,1
3,5,823,1,0,500,0.6,1000,0.2,1400,0.2,2
3,6,770,1,0,500,0.6,1000,0.2,1400,0.2,2
3,7,202,0,0,500,0.6,1000,0.2,1400,0.2,0
3,8,968,1,0,300,0.5,1700,0.5,2
3,9,190,1,0,500,0.6,1000,0.2,1400,0.2,2
3,10,792,2,10,5,0,500,0.6,1000,0.2,1400,0.2,1
3,11,259,2,10,5,0,500,0.6,1000,0.2,1400,0.2,1
3,12,403,0,0,500,0.6,1000,0.2,1400,0.2,0
3,13,568,2,10,5,0,500,0.6,1000,0.2,1400,0.2,1
3,14,539,2,10,5,0,300,0.5,1700,0.5,1
3,15,62,1,0,500,0.6,1000,0.2,1400,0.2,2
3,16,980,1,0,300,0.5,1700,0.5,0
3,17,128,1,0,500,0.6,1000,0.2,1400,0.2,1
3,18,117,2,10,5,0,500,0.6,1000,0.2,1400,0.2,0
3,19,568,0,0,300,0.5,1700,0.5,0
4,0,334,2,10,5,0,500,0.6,1000,0.2,1400,0.2,2
4,1,514,1,0,500,0.6,1000,0.2,1400,0.2,0
4,2,229,1,0,300,0.5,1700,0.5,1
4,3,451,1,0,500,0.6,1000,0.2,1400,0.2,2
4,4,325,1,0,300,0.5,1700,0.5,1
4,5,439,1,0,500,0.6,1000,0.2,1400,0.2,1
4,6,720,1,0,500,0.6,1000,0.2,1400,0.2,0
4,7,987,1,0,300,0.5,1700,0.5,2
4,8,903,0,0,500,0.6,1000,0.2,1400,0.2,2
4,9,492,1,0,300,0.5,1700,0.5,2
4,10,471,2,10,5,0,500,0.6,1000,0.2,1400,0.2,2
4,11,757,0,0,500,0.6,1000,0.2,1400,0.2,2
4,12,421,1,0,500,0.6,1000,0.2,1400,0.2,1
4,13,33,1,0,300,0.5,1700,0.5,0
4,14,350,0,0,300,0.5,1700,0.5,1
4,15,766,1,0,500,0.6,1000,0.2,1400,0.2,1
4,16,221,2,10,5,0,500,0.6,1000,0.2,1400,0.2,1
4,17,940,0,0,300,0.5,1700,0.5,0
4,18,749,1,0,500,0.6,1000,0.2,1400,0.2,0
4,19,870,2,10,5,0,300,0.5,1700,0.5,2
5,0,166,1,0,500,0.6,1000,0.2,1400,0.2,0
5,1,782,0,0,500,0.6,1000,0.2,1400,0.2,2
5,2,235,1,0,500,0.6,1000,0.2,1400,0.2,2
5,3,27,2,10,5,0,500,0.6,1000,0.2,1400,0.2,2
5,4,457,2,10,5,0,500,0.6,1000,0.2,1400,0.2,0
5,5,547,1,0,300,0.5,1700,0.5,2
5,6,206,0,0,500,0.6,1000,0.2,1400,0.2,2
5,7,907,0,0,300,0.5,1700,0.5,0
5,8,609,0,0,500,0.6,1000,0.2,1400,0.2,1
5,9,264,1,0,500,0.6,1000,0.2,1400,0.2,1
5,10,293,2,10,5,0,500,0.6,1000,0.2,1400,0.2,2
5,11,876,2,10,5,0,500,0.6,1000,0.2,1400,0.2,1
5,12,234,2,10,5,0,300,0.5,1700,0.5,2
5,13,111,2,10,5,0,500,0.6,1000,0.2,1400,0.2,2
5,14,47,2,10,5,0,500,0.6,1000,0.2,1400,0.2,1
5,15,820,1,0,300,0.5,1700,0.5,2
5,16,975,0,0,300,0.5,1700,0.5,0
5,17,309,1,0,300,0.5,1700,0.5,1
5,18,757,0,0,500,0.6,1000,0.2,1400,0.2,0
5,19,125,1,0,300,0.5,1700,0.5,1
6,0,135,0,0,500,0.6,1000,0.2,1400,0.2,0
6,1,47,2,10,5,0,300,0.5,1700,0.5,0
6,2,741,0,0,500,0.6,1000,0.2,1400,0.2,1
6,3,95,1,0,300,0.5,1700,0.5,1
6,4,670,0,0,500,0.6,1000,0.2,1400,0.2,0
6,5,550,1,0,500,0.6,1000,0.2,1400,0.2,0
6,6,48,2,10,5,0,500,0.6,1000,0.2,1400,0.2,1
6,7,681,0,0,300,0.5,1700,0.5,1
6,8,589,2,10,5,0,500,0.6,1000,0.2,1400,0.2,1
6,9,177,1,0,300,0.5,1700,0.5,0
6,10,730,0,0,300,0.5,1700,0.5,0
6,11,569,2,10,5,0,500,0.6,1000,0.2,1400,0.2,0
6,12,767,1,0,300,0.5,1700,0.5,1
6,13,957,1,0,300,0.5,1700,0.5,2
6,14,270,2,10,5,0,300,0.5,1700,0.5,2
6,15,902,1,0,500,0.6,1000,0.2,1400,0.2,1
6,16,251,2,10,5,0,300,0.5,1700,0.5,2
6,17,808,2,10,5,0,300,0.5,1700,0.5,0
6,18,662,0,0,300,0.5,1700,0.5,0
6,19,565,1,0,300,0.5,1700,0.5,1
7,0,427,0,0,300,0.5,1700,0.5,1
7,1,267,1,0,500,0.6,1000,0.2,1400,0.2,1
7,2,758,1,0,300,0.5,1700,0.5,0
7,3,522,0,0,500,0.6,1000,0.2,1400,0.2,0
7,4,274,0,0,500,0.6,1000,0.2,1400,0.2,2
7,5,461,2,10,5,0,500,0.6,1000,0.2,1400,0.2,0
7,6,505,1,0,500,0.6,1000,0.2,1400,0.2,1
7,7,409,2,10,5,0,500,0.6,1000,0.2,1400,0.2,0
7,8,104,2,10,5,0,300,0.5,1700,0.5,1
7,9,375,1,0,500,0.6,1000,0.2,1400,0.2,1
7,10,134,2,10,5,0,500,0.6,1000,0.2,1400,0.2,0
7,11,875,0,0,300,0.5,1700,0.5,0
7,12,435,0,0,300,0.5,1700,0.5,2
7,13,953,2,10,5,0,500,0.6,1000,0.2,1400,0.2,0
7,14,82,1,0,500,0.6,1000,0.2,1400,0.2,1
7,15,122,1,0,300,0.5,1700,0.5,0
7,16,647,1,0,300,0.5,1700,0.5,2
7,17,87,2,10,5,0,300,0.5,1700,0.5,0
7,18,28,2,10,5,0,300,0.5,1700,0.5,0
7,19,374,2,10,5,0,300,0.5,1700,0.5,0
8,0,46,1,0,500,0.6,1000,0.2,1400,0.2,2
8,1,465,0,0,300,0.5,1700,0.5,0
8,2,395,1,0,500,0.6,1000,0.2,1400,0.2,1
8,3,128,0,0,500,0.6,1000,0.2,1400,0.2,1
8,4,185,1,0,500,0.6,1000,0.2,1400,0.2,0
8,5,440,2,10,5,0,500,0.6,1000,0.2,1400,0.2,1
8,6,511,1,0,500,0.6,1000,0.2,1400,0.2,0
8,7,113,2,10,5,0,300,0.5,1700,0.5,1
8,8,198,1,0,300,0.5,1700,0.5,2
8,9,844,2,10,5,0,300,0.5,1700,0.5,0
8,10,895,0,0,300,0.5,1700,0.5,2
8,11,908,0,0,300,0.5,1700,0.5,2
8,12,521,0,0,500,0.6,1000,0.2,1400,0.2,2
8,13,923,2,10,5,0,300,0.5,1700,0.5,1
8,14,906,1,0,300,0.5,1700,0.5,0
8,15,499,0,0,500,0.6,1000,0.2,1400,0.2,1
8,16,402,2,10,5,0,300,0.5,1700,0.5,0
8,17,586,2,10,5,0,300,0.5,1700,0.5,0
8,18,245,0,0,500,0.6,1000,0.2,1400,0.2,1
8,19,873,0,0,300,0.5,1700,0.5,1
9,0,912,2,10,5,0,500,0.6,1000,0.2,1400,0.2,0
9,1,863,0,0,300,0.5,1700,0.5,0
9,2,884,0,0,500,0.6,1000,0.2,1400,0.2,2
9,3,205,1,0,500,0.6,1000,0.2,1400,0.2,0
9,4,467,0,0,300,0.5,1700,0.5,1
9,5,80,0,0,300,0.5,1700,0.5,2
9,6,84,2,10,5,0,300,0.5,1700,0.5,2
9,7,334,0,0,300,0.5,1700,0.5,1
9,8,123,1,0,300,0.5,1700,0.5,2
9,9,622,0,0,300,0.5,1700,0.5,2
9,10,710,2,10,5,0,300,0.5,1700,0.5,2
9,11,396,2,10,5,0,500,0.6,1000,0.2,1400,0.2,1
9,12,433,2,10,5,0,300,0.5,1700,0.5,1
9,13,932,0,0,300,0.5,1700,0.5,1
9,14,174,1,0,500,0.6,1000,0.2,1400,0.2,0
9,15,81,0,0,300,0.5,1700,0.5,2
9,16,407,1,0,300,0.5,1700,0.5,1
9,17,802,1,0,300,0.5,1700,0.5,1
9,18,968,0,0,300,0.5,1700,0.5,0
9,19,592,0,0,500,0.6,1000,0.2,1400,0.2,2
10,0,403,2,10,5,0,300,0.5,1700,0.5,2
10,1,158,1,0,500,0.6,1000,0.2,1400,0.2,2
10,2,959,2,10,5,0,500,0.6,1000,0.2,1400,0.2,2
10,3,24,0,0,500,0.6,1000,0.2,1400,0.2,1
10,4,21,2,10,5,0,500,0.6,1000,0.2,1400,0.2,1
10,5,946,2,10,5,0,300,0.5,1700,0.5,0
10,6,332,2,10,5,0,300,0.5,1700,0.5,0
10,7,328,2,10,5,0,500,0.6,1000,0.2,1400,0.2,2
10,8,616,1,0,500,0.6,1000,0.2,1400,0.2,0
10,9,994,2,10,5,0,500,0.6,1000,0.2,1400,0.2,2
10,10,835,0,0,300,0.5,1700,0.5,1
10,11,540,0,0,500,0.6,1000,0.2,1400,0.2,2
10,12,695,0,0,500,0.6,1000,0.2,1400,0.2,2
10,13,200,0,0,500,0.6,1000,0.2,1400,0.2,2
10,14,777,1,0,500,0.6,1000,0.2,1400,0.2,1
10,15,636,0,0,500,0.6,1000,0.2,1400,0.2,1
10,16,512,0,0,300,0.5,1700,0.5,1
10,17,729,2,10,5,0,300,0.5,1700,0.5,1
10,18,354,1,0,300,0.5,1700,0.5,0
10,19,578,0,0,300,0.5,1700,0.5,2
11,0,667,0,0,300,0.5,1700,0.5,2
11,1,403,1,0,500,0.6,1000,0.2,1400,0.2,1
11,2,462,1,0,500,0.6,1000,0.2,1400,0.2,0
11,3,17,0,0,500,0.6,1000,0.2,1400,0.2,1
11,4,260,0,0,300,0.5,1700,0.5,2
11,5,562,0,0,500,0.6,1000,0.2,1400,0.2,2
11,6,599,0,0,300,0.5,1700,0.5,1
11,7,377,0,0,500,0.6,1000,0.2,1400,0.2,0
11,8,345,0,0,500,0.6,1000,0.2,1400,0.2,0
11,9,620,1,0,500,0.6,1000,0.2,1400,0.2,0
11,10,969,2,10,5,0,300,0.5,1700,0.5,0
11,11,737,2,10,5,0,300,0.5,1700,0.5,1
11,12,403,0,0,300,0.5,1700,0.5,2
11,13,466,0,0,500,0.6,1000,0.2,1400,0.2,2
11,14,348,1,0,300,0.5,1700,0.5,2
11,15,884,2,10,5,0,300,0.5,1700,0.5,1
11,16,476,2,10,5,0,300,0.5,1700,0.5,0
11,17,919,1,0,500,0.6,1000,0.2,1400,0.2,0
11,18,716,0,0,300,0.5,1700,0.5,0
11,19,351,0,0,500,0.6,1000,0.2,1400,0.2,1
12,0,13,2,10,5,0,500,0.6,1000,0.2,1400,0.2,0
12,1,383,0,0,500,0.6,1000,0.2,1400,0.2,2
12,2,664,2,10,5,0,500,0.6,1000,0.2,1400,0.2,2
12,3,470,0,0,300,0.5,1700,0.5,2
12,4,243,2,10,5,0,300,0.5,1700,0.5,2
12,5,767,1,0,300,0.5,1700,0.5,2
12,6,479,0,0,500,0.6,1000,0.2,1400,0.2,0
12,7,684,1,0,500,0.6,1000,0.2,1400,0.2,1
12,8,466,2,10,5,0,500,0.6,1000,0.2,1400,0.2,2
12,9,943,2,10,5,0,500,0.6,1000,0.2,1400,0.2,0
12,10,665,0,0,500,0.6,1000,0.2,1400,0.2,1
12,11,240,1,0,500,0.6,1000,0.2,1400,0.2,0
12,12,468,0,0,500,0.6,1000,0.2,1400,0.2,2
12,13,768,2,10,5,0,500,0.6,1000,0.2,1400,0.2,1
12,14,751,0,0,500,0.6,1000,0.2,1400,0.2,0
12,15,719,2,10,5,0,300,0.5,1700,0.5,2
12,16,658,1,0,300,0.5,1700,0.5,1
12,17,968,2,10,5,0,300,0.5,1700,0.5,2
12,18,823,0,0,300,0.5,1700,0.5,1
12,19,465,1,0,300,0.5,1700,0.5,2
13,0,108,1,0,500,0.6,1000,0.2,1400,0.2,1
13,1,521,0,0,300,0.5,1700,0.5,1
13,2,19,2,10,5,0,300,0.5,1700,0.5,0
13,3,484,0,0,300,0.5,1700,0.5,0
13,4,36,0,0,500,0.6,1000,0.2,1400,0.2,2
13,5,596,2,10,5,0,300,0.5,1700,0.5,2
13,6,325,2,10,5,0,300,0.5,1700,0.5,2
13,7,292,0,0,500,0.6,1000,0.2,1400,0.2,0
13,8,324,0,0,300,0.5,1700,0.5,2
13,9,580,2,10,5,0,300,0.5,1700,0.5,1
13,10,778,0,0,300,0.5,1700,0.5,1
13,11,261,0,0,300,0.5,1700,0.5,1
13,12,137,0,0,300,0.5,1700,0.5,1
13,13,210,0,0,300,0.5,1700,0.5,2
13,14,351,2,10,5,0,500,0.6,1000,0.2,1400,0.2,1
13,15,475,2,10,5,0,300,0.5,1700,0.5,1
13,16,991,1,0,300,0.5,1700,0.5,0
13,17,306,2,10,5,0,500,0.6,1000,0.2,1400,0.2,2
13,18,408,1,0,300,0.5,1700,0.5,2
13,19,475,1,0,500,0.6,1000,0.2,1400,0.2,1
14,0,321,0,0,300,0.5,1700,0.5,0
14,1,452,2,10,5,0,500,0.6,1000,0.2,1400,0.2,1
14,2,580,2,10,5,0,300,0.5,1700,0.5,1
14,3,920,1,0,500,0.6,1000,0.2,1400,0.2,0
14,4,775,0,0,500,0.6,1000,0.2,1400,0.2,1
14,5,566,0,0,300,0.5,1700,0.5,2
14,6,397,1,0,300,0.5,1700,0.5,2
14,7,216,2,10,5,0,500,0.6,1000,0.2,1400,0.2,0
14,8,266,2,10,5,0,500,0.6,1000,0.2,1400,0.2,2
14,9,870,0,0,500,0.6,1000,0.2,1400,0.2,1
14,10,562,2,10,5,0,500,0.6,1000,0.2,1400,0.2,0
14,11,228,2,10,5,0,300,0.5,1700,0.5,0
14,12,917,0,0,500,0.6,1000,0.2,1400,0.2,0
14,13,514,2,10,5,0,300,0.5,1700,0.5,0
14,14,526,0,0,500,0.6,1000,0.2,1400,0.2,0
14,15,469,2,10,5,0,300,0.5,1700,0.5,1
14,16,839,2,10,5,0,500,0.6,1000,0.2,1400,0.2,1
14,17,195,2,10,5,0,300,0.5,1700,0.5,0
14,18,466,1,0,300,0.5,1700,0.5,2
14,19,598,2,10,5,0,500,0.6,1000,0.2,1400,0.2,0
15,0,759,2,10,5,0,300,0.5,1700,0.5,1
15,1,537,1,0,300,0.5,1700,0.5,2
15,2,567,1,0,300,0.5,1700,0.5,2
15,3,601,2,10,5,0,500,0.6,1000,0.2,1400,0.2,1
15,4,280,0,0,500,0.6,1000,0.2,1400,0.2,2
15,5,327,0,0,500,0.6,1000,0.2,1400,0.2,0
15,6,955,0,0,500,0.6,1000,0.2,1400,0.2,2
15,7,526,1,0,300,0.5,1700,0.5,1
15,8,368,2,10,5,0,500,0.6,1000,0.2,1400,0.2,1
15,9,400,0,0,300,0.5,1700,0.5,0
15,10,624,0,0,300,0.5,1700,0.5,2
15,11,384,0,0,300,0.5,1700,0.5,2
15,12,386,0,0,500,0.6,1000,0.2,1400,0.2,2
15,13,571,1,0,300,0.5,1700,0.5,0
15,14,426,1,0,300,0.5,1700,0.5,1
15,15,492,1,0,300,0.5,1700,0.5,0
15,16,275,0,0,500,0.6,1000,0.2,1400,0.2,0
15,17,909,0,0,300,0.5,1700,0.5,1
15,18,518,0,0,500,0.6,1000,0.2,1400,0.2,2
15,19,946,2,10,5,0,500,0.6,1000,0.2,1400,0.2,2
16,0,479,0,0,300,0.5,1700,0.5,1
16,1,900,2,10,5,0,500,0.6,1000,0.2,1400,0.2,1
16,2,957,0,0,500,0.6,1000,0.2,1400,0.2,2
16,3,718,0,0,300,0.5,1700,0.5,2
16,4,461,1,0,300,0.5,1700,0.5,1
16,5,910,1,0,500,0.6,1000,0.2,1400,0.2,0
16,6,849,0,0,500,0.6,1000,0.2,1400,0.2,1
16,7,401,2,10,5,0,300,0.5,1700,0.5,1
16,8,956,0,0,500,0.6,1000,0.2,1400,0.2,2
16,9,688,1,0,500,0.6,1000,0.2,1400,0.2,2
16,10,18,1,0,300,0.5,1700,0.5,0
16,11,346,0,0,300,0.5,1700,0.5,1
16,12,321,1,0,500,0.6,1000,0.2,1400,0.2,1
16,13,55,0,0,500,0.6,1000,0.2,1400,0.2,2
16,14,770,1,0,500,0.6,1000,0.2,1400,0.2,1
16,15,994,0,0,300,0.5,1700,0.5,1
16,16,853,0,0,500,0.6,1000,0.2,1400,0.2,2
16,17,379,1,0,500,0.6,1000,0.2,1400,0.2,2
16,18,586,2,10,5,0,500,0.6,1000,0.2,1400,0.2,0
16,19,133,0,0,300,0.5,1700,0.5,2
17,0,702,1,0,500,0.6,1000,0.2,1400,0.2,2
17,1,899,0,0,300,0.5,1700,0.5,1
17,2,507,0,0,500,0.6,1000,0.2,1400,0.2,0
17,3,143,1,0,300,0.5,1700,0.5,1
17,4,988,2,10,5,0,300,0.5,1700,0.5,1
17,5,118,1,0,300,0.5,1700,0.5,2
17,6,984,2,10,5,0,300,0.5,1700,0.5,2
17,7,266,0,0,500,0.6,1000,0.2,1400,0.2,2
17,8,525,1,0,300,0.5,1700,0.5,0
17,9,832,1,0,500,0.6,1000,0.2,1400,0.2,1
17,10,375,2,10,5,0,300,0.5,1700,0.5,1
17,11,115,2,10,5,0,500,0.6,1000,0.2,1400,0.2,2
17,12,491,1,0,500,0.6,1000,0.2,1400,0.2,0
17,13,197,1,0,300,0.5,1700,0.5,0
17,14,245,0,0,300,0.5,1700,0.5,0
17,15,667,0,0,300,0.5,1700,0.5,2
17,16,422,2,10,5,0,500,0.6,1000,0.2,1400,0.2,1
17,17,310,2,10,5,0,500,0.6,1000,0.2,1400,0.2,0
17,18,96,1,0,500,0.6,1000,0.2,1400,0.2,0
17,19,720,2,10,5,0,500,0.6,1000,0.2,1400,0.2,0
18,0,388,2,10,5,0,500,0.6,1000,0.2,1400,0.2,2
18,1,28,1,0,500,0.6,1000,0.2,1400,0.2,0
18,2,161,2,10,5,0,500,0.6,1000,0.2,1400,0.2,2
18,3,140,0,0,500,0.6,1000,0.2,1400,0.2,1
18,4,896,0,0,500,0.6,1000,0.2,1400,0.2,0
18,5,368,2,10,5,0,300,0.5,1700,0.5,0
18,6,594,0,0,300,0.5,1700,0.5,2
18,7,797,2,10,5,0,500,0.6,1000,0.2,1400,0.2,0
18,8,875,1,0,500,0.6,1000,0.2,1400,0.2,1
18,9,178,0,0,300,0.5,1700,0.5,0
18,10,350,2,10,5,0,300,0.5,1700,0.5,2
18,11,775,1,0,500,0.6,1000,0.2,1400,0.2,2
18,12,806,2,10,5,0,500,0.6,1000,0.2,1400,0.2,1
18,13,103,1,0,500,0.6,1000,0.2,1400,0.2,0
18,14,229,0,0,300,0.5,1700,0.5,2
18,15,454,2,10,5,0,500,0.6,1000,0.2,1400,0.2,2
18,16,787,1,0,300,0.5,1700,0.5,0
18,17,983,2,10,5,0,300,0.5,1700,0.5,1
18,18,591,2,10,5,0,300,0.5,1700,0.5,2
18,19,218,0,0,500,0.6,1000,0.2,1400,0.2,0
19,0,39,0,0,500,0.6,1000,0.2,1400,0.2,0
19,1,104,1,0,500,0.6,1000,0.2,1400,0.2,2
19,2,772,1,0,300,0.5,1700,0.5,1
19,3,20,1,0,300,0.5,1700,0.5,0
19,4,212,0,0,500,0.6,1000,0.2,1400,0.2,0
19,5,415,1,0,300,0.5,1700,0.5,1
19,6,622,1,0,300,0.5,1700,0.5,2
19,7,171,0,0,500,0.6,1000,0.2,1400,0.2,0
19,8,221,1,0,500,0.6,1000,0.2,1400,0.2,2
19,9,594,2,10,5,0,300,0.5,1700,0.5,2
19,10,730,0,0,300,0.5,1700,0.5,0
19,11,631,0,0,300,0.5,1700,0.5,0
19,12,987,0,0,300,0.5,1700,0.5,1
19,13,554,1,0,300,0.5,1700,0.5,2
19,14,848,1,0,500,0.6,1000,0.2,1400,0.2,2
19,15,477,2,10,5,0,500,0.6,1000,0.2,1400,0.2,0
19,16,483,1,0,300,0.5,1700,0.5,2
19,17,162,0,0,500,0.6,1000,0.2,1400,0.2,2
19,18,242,1,0,500,0.6,1000,0.2,1400,0.2,0
19,19,519,2,10,5,0,500,0.6,1000,0.2,1400,0.2,2
