0,0,315,0,0,300,0.5,1700,0.5,2
0,1,797,0,0,500,0.6,1000,0.2,1400,0.2,0
0,2,643,1,0,500,0.6,1000,0.2,1400,0.2,1
0,3,58,1,0,500,0.6,1000,0.2,1400,0.2,2
0,4,538,1,0,500,0.6,1000,0.2,1400,0.2,2
0,5,367,0,0,500,0.6,1000,0.2,1400,0.2,1
0,6,729,0,0,300,0.5,1700,0.5,2
0,7,108,0,0,300,0.5,1700,0.5,2
0,8,383,2,10,5,0,500,0.6,1000,0.2,1400,0.2,0
0,9,876,2,10,5,0,500,0.6,1000,0.2,1400,0.2,1
0,10,535,0,0,300,0.5,1700,0.5,2
0,11,424,2,10,5,0,500,0.6,1000,0.2,1400,0.2,1
0,12,83,2,10,5,0,500,0.6,1000,0.2,1400,0.2,2
0,13,16,1,0,300,0.5,1700,0.5,1
0,14,717,1,0,500,0.6,1000,0.2,1400,0.2,1
0,15,298,1,0,500,0.6,1000,0.2,1400,0.2,0
0,16,970,0,0,300,0.5,1700,0.5,0
0,17,986,2,10,5,0,300,0.5,1700,0.5,0
0,18,294,0,0,500,0.6,1000,0.2,1400,0.2,2
0,19,940,2,10,5,0,500,0.6,1000,0.2,1400,0.2,1
1,0,720,1,0,500,0.6,1000,0.2,1400,0.2,2
1,1,765,0,0,300,0.5,1700,0.5,0
1,2,653,0,0,300,0.5,1700,0.5,2
1,3,789,1,0,500,0.6,1000,0.2,1400,0.2,0
1,4,831,2,10,5,0,500,0.6,1000,0.2,1400,0.2,2
1,5,578,1,0,500,0.6,1000,0.2,1400,0.2,1
1,6,373,0,0,300,0.5,1700,0.5,2
1,7,57,0,0,300,0.5,1700,0.5,1
1,8,505,1,0,300,0.5,1700,0.5,1
1,9,464,1,0,500,0.6,1000,0.2,1400,0.2,2
1,10,928,2,10,5,0,500,0.6,1000,0.2,1400,0.2,0
1,11,505,0,0,500,0.6,1000,0.2,1400,0.2,2
1,12,882,1,0,300,0.5,1700,0.5,1
1,13,309,1,0,500,0.6,1000,0.2,1400,0.2,1
1,14,689,1,0,300,0.5,1700,0.5,1
1,15,227,1,0,500,0.6,1000,0.2,1400,0.2,1
1,16,237,0,0,300,0.5,1700,0.5,2
1,17,604,1,0,300,0.5,1700,0.5,0
1,18,983,2,10,5,0,500,0.6,1000,0.2,1400,0.2,2
1,19,813,2,10,5,0,500,0.6,1000,0.2,1400,0.2,1
2,0,826,2,10,5,0,300,0.5,1700,0.5,2
2,1,324,0,0,300,0.5,1700,0.5,1
2,2,298,0,0,300,0.5,1700,0.5,2
2,3,365,2,10,5,0,300,0.5,1700,0.5,2
2,4,340,2,10,5,0,500,0.6,1000,0.2,1400,0.2,2
2,5,458,1,0,300,0.5,1700,0.5,0
2,6,645,2,10,5,0,300,0.5,1700,0.5,1
2,7,976,0,0,500,0.6,1000,0.2,1400,0.2,0
2,8,909,2,10,5,0,500,0.6,1000,0.2,1400,0.2,0
2,9,256,1,0,300,0.5,1700,0.5,0
2,10,720,2,10,5,0,300,0.5,1700,0.5,1
2,11,118,1,0,300,0.5,1700,0.5,0
2,12,433,1,0,300,0.5,1700,0.5,0
2,13,81,1,0,300,0.5,1700,0.5,2
2,14,838,0,0,300,0.5,1700,0.5,0
2,15,323,0,0,500,0.6,1000,0.2,1400,0.2,1
2,16,223,0,0,300,0.5,1700,0.5,2
2,17,657,2,10,5,0,300,0.5,1700,0.5,1
2,18,914,0,0,500,0.6,1000,0.2,1400,0.2,1
2,19,203,2,10,5,0,500,0.6,1000,0.2,1400,0.2,0
3,0,998,1,0,300,0.5,1700,0.5,2
3,1,719,1,0,500,0.6,1000,0.2,1400,0.2,1
3,2,985,2,10,5,0,500,0.6,1000,0.2,1400,0.2,2
3,3,242,1,0,300,0.5,1700,0.5,0
3,4,224,0,0,500,0.6,1000,0.2,1400,0.2,2
3,5,11,0,0,300,0.5,1700,0.5,2
3,6,885,1,0,300,0.5,1700,0.5,0
3,7,915,2,10,5,0,500,0.6,1000,0.2,1400,0.2,1
3,8,807,1,0,500,0.6,1000,0.2,1400,0.2,0
3,9,775,1,0,300,0.5,1700,0.5,0
3,10,133,0,0,500,0.6,1000,0.2,1400,0.2,1
3,11,450,2,10,5,0,300,0.5,1700,0.5,1
3,12,430,1,0,500,0.6,1000,0.2,1400,0.2,0
3,13,203,1,0,500,0.6,1000,0.2,1400,0.2,0
3,14,99,1,0,500,0.6,1000,0.2,1400,0.2,0
3,15,838,2,10,5,0,300,0.5,1700,0.5,0
3,16,67,1,0,300,0.5,1700,0.5,0
3,17,474,2,10,5,0,500,0.6,1000,0.2,1400,0.2,0
3,18,707,1,0,300,0.5,1700,0.5,1
3,19,769,1,0,500,0.6,1000,0.2,1400,0.2,1
4,0,989,1,0,300,0.5,1700,0.5,0
4,1,16,2,10,5,0,300,0.5,1700,0.5,0
4,2,155,2,10,5,0,300,0.5,1700,0.5,0
4,3,992,0,0,300,0.5,1700,0.5,1
4,4,815,2,10,5,0,500,0.6,1000,0.2,1400,0.2,0
4,5,22,0,0,300,0.5,1700,0.5,0
4,6,822,2,10,5,0,300,0.5,1700,0.5,1
4,7,966,1,0,300,0.5,1700,0.5,2
4,8,720,1,0,500,0.6,1000,0.2,1400,0.2,0
4,9,514,1,0,500,0.6,1000,0.2,1400,0.2,0
4,10,583,1,0,300,0.5,1700,0.5,0
4,11,679,1,0,300,0.5,1700,0.5,2
4,12,815,0,0,500,0.6,1000,0.2,1400,0.2,0
4,13,430,2,10,5,0,500,0.6,1000,0.2,1400,0.2,0
4,14,51,2,10,5,0,500,0.6,1000,0.2,1400,0.2,1
4,15,756,1,0,300,0.5,1700,0.5,1
4,16,130,0,0,500,0.6,1000,0.2,1400,0.2,0
4,17,469,2,10,5,0,300,0.5,1700,0.5,2
4,18,580,0,0,300,0.5,1700,0.5,2
4,19,688,2,10,5,0,500,0.6,1000,0.2,1400,0.2,1
5,0,832,0,0,300,0.5,1700,0.5,1
5,1,191,0,0,300,0.5,1700,0.5,1
5,2,483,2,10,5,0,500,0.6,1000,0.2,1400,0.2,1
5,3,11,2,10,5,0,300,0.5,1700,0.5,0
5,4,270,1,0,500,0.6,1000,0.2,1400,0.2,2
5,5,780,0,0,300,0.5,1700,0.5,0
5,6,251,1,0,500,0.6,1000,0.2,1400,0.2,1
5,7,695,0,0,300,0.5,1700,0.5,0
5,8,735,1,0,500,0.6,1000,0.2,1400,0.2,1
5,9,495,0,0,300,0.5,1700,0.5,0
5,10,328,0,0,300,0.5,1700,0.5,1
5,11,49,0,0,500,0.6,1000,0.2,1400,0.2,1
5,12,979,1,0,500,0.6,1000,0.2,1400,0.2,2
5,13,85,1,0,300,0.5,1700,0.5,2
5,14,843,1,0,300,0.5,1700,0.5,0
5,15,591,2,10,5,0,500,0.6,1000,0.2,1400,0.2,0
5,16,304,1,0,300,0.5,1700,0.5,0
5,17,679,0,0,300,0.5,1700,0.5,1
5,18,246,0,0,500,0.6,1000,0.2,1400,0.2,1
5,19,853,1,0,500,0.6,1000,0.2,1400,0.2,1
6,0,483,2,10,5,0,500,0.6,1000,0.2,1400,0.2,0
6,1,882,2,10,5,0,500,0.6,1000,0.2,1400,0.2,0
6,2,419,1,0,500,0.6,1000,0.2,1400,0.2,2
6,3,628,0,0,300,0.5,1700,0.5,2
6,4,274,2,10,5,0,300,0.5,1700,0.5,0
6,5,331,0,0,300,0.5,1700,0.5,1
6,6,455,2,10,5,0,500,0.6,1000,0.2,1400,0.2,2
6,7,394,1,0,300,0.5,1700,0.5,1
6,8,135,2,10,5,0,300,0.5,1700,0.5,1
6,9,625,1,0,300,0.5,1700,0.5,0
6,10,170,0,0,500,0.6,1000,0.2,1400,0.2,0
6,11,688,2,10,5,0,500,0.6,1000,0.2,1400,0.2,2
6,12,737,2,10,5,0,300,0.5,1700,0.5,0
6,13,646,1,0,500,0.6,1000,0.2,1400,0.2,0
6,14,150,2,10,5,0,300,0.5,1700,0.5,1
6,15,314,0,0,300,0.5,1700,0.5,0
6,16,262,1,0,500,0.6,1000,0.2,1400,0.2,1
6,17,32,2,10,5,0,300,0.5,1700,0.5,1
6,18,883,2,10,5,0,300,0.5,1700,0.5,2
6,19,923,1,0,300,0.5,1700,0.5,2
7,0,15,0,0,300,0.5,1700,0.5,0
7,1,874,2,10,5,0,300,0.5,1700,0.5,0
7,2,729,2,10,5,0,300,0.5,1700,0.5,1
7,3,163,0,0,500,0.6,1000,0.2,1400,0.2,0
7,4,192,2,10,5,0,500,0.6,1000,0.2,1400,0.2,0
7,5,56,0,0,300,0.5,1700,0.5,2
7,6,686,2,10,5,0,500,0.6,1000,0.2,1400,0.2,0
7,7,267,1,0,500,0.6,1000,0.2,1400,0.2,2
7,8,685,2,10,5,0,500,0.6,1000,0.2,1400,0.2,0
7,9,94,0,0,500,0.6,1000,0.2,1400,0.2,1
7,10,317,1,0,500,0.6,1000,0.2,1400,0.2,0
7,11,561,2,10,5,0,500,0.6,1000,0.2,1400,0.2,1
7,12,341,2,10,5,0,500,0.6,1000,0.2,1400,0.2,1
7,13,333,2,10,5,0,300,0.5,1700,0.5,1
7,14,630,2,10,5,0,500,0.6,1000,0.2,1400,0.2,2
7,15,553,2,10,5,0,500,0.6,1000,0.2,1400,0.2,1
7,16,335,0,0,300,0.5,1700,0.5,0
7,17,734,0,0,300,0.5,1700,0.5,1
7,18,621,1,0,500,0.6,1000,0.2,1400,0.2,1
7,19,512,2,10,5,0,500,0.6,1000,0.2,1400,0.2,0
8,0,567,0,0,500,0.6,1000,0.2,1400,0.2,0
8,1,667,2,10,5,0,500,0.6,1000,0.2,1400,0.2,2
8,2,539,2,10,5,0,500,0.6,1000,0.2,1400,0.2,0
8,3,380,0,0,300,0.5,1700,0.5,0
8,4,655,0,0,500,0.6,1000,0.2,1400,0.2,1
8,5,714,2,10,5,0,500,0.6,1000,0.2,1400,0.2,2
8,6,47,2,10,5,0,500,0.6,1000,0.2,1400,0.2,2
8,7,572,1,0,500,0.6,1000,0.2,1400,0.2,0
8,8,381,1,0,500,0.6,1000,0.2,1400,0.2,0
8,9,662,2,10,5,0,500,0.6,1000,0.2,1400,0.2,1
8,10,423,0,0,500,0.6,1000,0.2,1400,0.2,0
8,11,115,0,0,300,0.5,1700,0.5,2
8,12,123,1,0,500,0.6,1000,0.2,1400,0.2,2
8,13,24,1,0,300,0.5,1700,0.5,0
8,14,638,1,0,500,0.6,1000,0.2,1400,0.2,0
8,15,426,1,0,500,0.6,1000,0.2,1400,0.2,1
8,16,383,0,0,500,0.6,1000,0.2,1400,0.2,2
8,17,158,2,10,5,0,500,0.6,1000,0.2,1400,0.2,1
8,18,534,2,10,5,0,500,0.6,1000,0.2,1400,0.2,1
8,19,102,1,0,300,0.5,1700,0.5,0
9,0,257,0,0,500,0.6,1000,0.2,1400,0.2,1
9,1,706,2,10,5,0,300,0.5,1700,0.5,2
9,2,830,1,0,500,0.6,1000,0.2,1400,0.2,1
9,3,856,0,0,300,0.5,1700,0.5,0
9,4,187,0,0,500,0.6,1000,0.2,1400,0.2,2
9,5,592,2,10,5,0,500,0.6,1000,0.2,1400,0.2,0
9,6,203,2,10,5,0,300,0.5,1700,0.5,2
9,7,390,1,0,500,0.6,1000,0.2,1400,0.2,1
9,8,980,0,0,500,0.6,1000,0.2,1400,0.2,2
9,9,81,1,0,300,0.5,1700,0.5,1
9,10,909,0,0,300,0.5,1700,0.5,2
9,11,83,1,0,500,0.6,1000,0.2,1400,0.2,0
9,12,784,0,0,500,0.6,1000,0.2,1400,0.2,1
9,13,287,1,0,300,0.5,1700,0.5,2
9,14,803,1,0,500,0.6,1000,0.2,1400,0.2,1
9,15,281,1,0,500,0.6,1000,0.2,1400,0.2,2
9,16,863,0,0,500,0.6,1000,0.2,1400,0.2,1
9,17,262,0,0,300,0.5,1700,0.5,1
9,18,14,0,0,500,0.6,1000,0.2,1400,0.2,2
9,19,954,2,10,5,0,300,0.5,1700,0.5,2
10,0,453,1,0,300,0.5,1700,0.5,2
10,1,685,0,0,300,0.5,1700,0.5,2
10,2,687,0,0,500,0.6,1000,0.2,1400,0.2,0
10,3,288,2,10,5,0,500,0.6,1000,0.2,1400,0.2,0
10,4,583,0,0,300,0.5,1700,0.5,2
10,5,549,1,0,500,0.6,1000,0.2,1400,0.2,1
10,6,900,1,0,300,0.5,1700,0.5,0
10,7,633,1,0,300,0.5,1700,0.5,1
10,8,351,2,10,5,0,300,0.5,1700,0.5,0
10,9,407,0,0,300,0.5,1700,0.5,0
10,10,965,1,0,300,0.5,1700,0.5,1
10,11,350,1,0,300,0.5,1700,0.5,0
10,12,985,1,0,500,0.6,1000,0.2,1400,0.2,0
10,13,853,2,10,5,0,500,0.6,1000,0.2,1400,0.2,0
10,14,738,0,0,500,0.6,1000,0.2,1400,0.2,2
10,15,587,2,10,5,0,300,0.5,1700,0.5,1
10,16,365,0,0,300,0.5,1700,0.5,1
10,17,653,1,0,500,0.6,1000,0.2,1400,0.2,1
10,18,721,1,0,500,0.6,1000,0.2,1400,0.2,0
10,19,359,0,0,500,0.6,1000,0.2,1400,0.2,2
11,0,521,1,0,500,0.6,1000,0.2,1400,0.2,1
11,1,812,2,10,5,0,300,0.5,1700,0.5,1
11,2,537,1,0,500,0.6,1000,0.2,1400,0.2,2
11,3,190,0,0,300,0.5,1700,0.5,1
11,4,324,2,10,5,0,300,0.5,1700,0.5,1
11,5,243,0,0,500,0.6,1000,0.2,1400,0.2,0
11,6,85,0,0,300,0.5,1700,0.5,1
11,7,521,2,10,5,0,500,0.6,1000,0.2,1400,0.2,0
11,8,836,0,0,500,0.6,1000,0.2,1400,0.2,0
11,9,850,1,0,500,0.6,1000,0.2,1400,0.2,1
11,10,859,2,10,5,0,300,0.5,1700,0.5,1
11,11,844,1,0,500,0.6,1000,0.2,1400,0.2,2
11,12,736,2,10,5,0,500,0.6,1000,0.2,1400,0.2,0
11,13,305,2,10,5,0,500,0.6,1000,0.2,1400,0.2,0
11,14,385,2,10,5,0,500,0.6,1000,0.2,1400,0.2,1
11,15,814,1,0,500,0.6,1000,0.2,1400,0.2,2
11,16,790,1,0,300,0.5,1700,0.5,1
11,17,405,0,0,500,0.6,1000,0.2,1400,0.2,1
11,18,514,0,0,300,0.5,1700,0.5,0
11,19,709,0,0,300,0.5,1700,0.5,1
12,0,254,2,10,5,0,300,0.5,1700,0.5,0
12,1,336,0,0,500,0.6,1000,0.2,1400,0.2,1
12,2,257,0,0,300,0.5,1700,0.5,1
12,3,630,1,0,300,0.5,1700,0.5,1
12,4,341,1,0,300,0.5,1700,0.5,1
12,5,867,2,10,5,0,500,0.6,1000,0.2,1400,0.2,1
12,6,880,2,10,5,0,500,0.6,1000,0.2,1400,0.2,2
12,7,346,2,10,5,0,500,0.6,1000,0.2,1400,0.2,0
12,8,119,0,0,300,0.5,1700,0.5,0
12,9,221,1,0,500,0.6,1000,0.2,1400,0.2,1
12,10,912,2,10,5,0,500,0.6,1000,0.2,1400,0.2,0
12,11,158,0,0,300,0.5,1700,0.5,0
12,12,710,0,0,300,0.5,1700,0.5,1
12,13,543,0,0,500,0.6,1000,0.2,1400,0.2,2
12,14,841,1,0,300,0.5,1700,0.5,2
12,15,811,2,10,5,0,300,0.5,1700,0.5,2
12,16,170,0,0,500,0.6,1000,0.2,1400,0.2,1
12,17,576,1,0,300,0.5,1700,0.5,2
12,18,153,1,0,300,0.5,1700,0.5,2
12,19,710,0,0,500,0.6,1000,0.2,1400,0.2,2
13,0,318,2,10,5,0,500,0.6,1000,0.2,1400,0.2,0
13,1,100,0,0,300,0.5,1700,0.5,1
13,2,702,0,0,500,0.6,1000,0.2,1400,0.2,0
13,3,984,1,0,500,0.6,1000,0.2,1400,0.2,0
13,4,808,1,0,500,0.6,1000,0.2,1400,0.2,1
13,5,990,2,10,5,0,300,0.5,1700,0.5,0
13,6,580,2,10,5,0,500,0.6,1000,0.2,1400,0.2,1
13,7,473,2,10,5,0,500,0.6,1000,0.2,1400,0.2,1
13,8,299,2,10,5,0,300,0.5,1700,0.5,1
13,9,806,1,0,500,0.6,1000,0.2,1400,0.2,0
13,10,546,0,0,500,0.6,1000,0.2,1400,0.2,1
13,11,395,1,0,500,0.6,1000,0.2,1400,0.2,1
13,12,788,2,10,5,0,500,0.6,1000,0.2,1400,0.2,0
13,13,821,1,0,500,0.6,1000,0.2,1400,0.2,2
13,14,532,2,10,5,0,300,0.5,1700,0.5,2
13,15,295,2,10,5,0,500,0.6,1000,0.2,1400,0.2,2
13,16,28,0,0,500,0.6,1000,0.2,1400,0.2,1
13,17,777,1,0,300,0.5,1700,0.5,1
13,18,383,0,0,300,0.5,1700,0.5,0
13,19,202,0,0,300,0.5,1700,0.5,1
14,0,889,2,10,5,0,300,0.5,1700,0.5,1
14,1,779,2,10,5,0,500,0.6,1000,0.2,1400,0.2,1
14,2,830,1,0,500,0.6,1000,0.2,1400,0.2,0
14,3,575,2,10,5,0,300,0.5,1700,0.5,2
14,4,39,1,0,300,0.5,1700,0.5,1
14,5,164,0,0,300,0.5,1700,0.5,0
14,6,829,1,0,500,0.6,1000,0.2,1400,0.2,0
14,7,29,0,0,500,0.6,1000,0.2,1400,0.2,2
14,8,566,1,0,300,0.5,1700,0.5,2
14,9,98,2,10,5,0,500,0.6,1000,0.2,1400,0.2,1
14,10,216,1,0,500,0.6,1000,0.2,1400,0.2,1
14,11,474,0,0,300,0.5,1700,0.5,1
14,12,483,2,10,5,0,500,0.6,1000,0.2,1400,0.2,2
14,13,687,0,0,300,0.5,1700,0.5,1
14,14,895,2,10,5,0,300,0.5,1700,0.5,1
14,15,715,0,0,300,0.5,1700,0.5,1
14,16,401,1,0,500,0.6,1000,0.2,1400,0.2,0
14,17,64,0,0,300,0.5,1700,0.5,2
14,18,550,1,0,300,0.5,1700,0.5,0
14,19,636,0,0,500,0.6,1000,0.2,1400,0.2,2
15,0,10,1,0,500,0.6,1000,0.2,1400,0.2,0
15,1,731,2,10,5,0,300,0.5,1700,0.5,2
15,2,159,2,10,5,0,500,0.6,1000,0.2,1400,0.2,1
15,3,463,1,0,500,0.6,1000,0.2,1400,0.2,1
15,4,348,0,0,300,0.5,1700,0.5,0
15,5,61,0,0,300,0.5,1700,0.5,0
15,6,168,0,0,300,0.5,1700,0.5,2
15,7,485,1,0,500,0.6,1000,0.2,1400,0.2,0
15,8,812,2,10,5,0,500,0.6,1000,0.2,1400,0.2,1
15,9,697,2,10,5,0,300,0.5,1700,0.5,2
15,10,709,1,0,500,0.6,1000,0.2,1400,0.2,0
15,11,610,1,0,300,0.5,1700,0.5,1
15,12,516,0,0,500,0.6,1000,0.2,1400,0.2,2
15,13,887,2,10,5,0,300,0.5,1700,0.5,0
15,14,34,2,10,5,0,500,0.6,1000,0.2,1400,0.2,0
15,15,40,0,0,500,0.6,1000,0.2,1400,0.2,2
15,16,572,0,0,500,0.6,1000,0.2,1400,0.2,2
15,17,66,1,0,300,0.5,1700,0.5,2
15,18,143,1,0,300,0.5,1700,0.5,2
15,19,575,1,0,300,0.5,1700,0.5,2
16,0,717,0,0,500,0.6,1000,0.2,1400,0.2,2
16,1,417,1,0,500,0.6,1000,0.2,1400,0.2,1
16,2,395,2,10,5,0,500,0.6,1000,0.2,1400,0.2,0
16,3,685,0,0,500,0.6,1000,0.2,1400,0.2,1
16,4,468,0,0,500,0.6,1000,0.2,1400,0.2,2
16,5,738,2,10,5,0,500,0.6,1000,0.2,1400,0.2,2
16,6,822,1,0,300,0.5,1700,0.5,2
16,7,990,1,0,500,0.6,1000,0.2,1400,0.2,1
16,8,133,0,0,300,0.5,1700,0.5,1
16,9,199,0,0,500,0.6,1000,0.2,1400,0.2,2
16,10,564,2,10,5,0,500,0.6,1000,0.2,1400,0.2,1
16,11,613,2,10,5,0,300,0.5,1700,0.5,2
16,12,38,0,0,300,0.5,1700,0.5,1
16,13,580,2,10,5,0,300,0.5,1700,0.5,1
16,14,223,2,10,5,0,500,0.6,1000,0.2,1400,0.2,0
16,15,51,0,0,500,0.6,1000,0.2,1400,0.2,2
16,16,850,0,0,500,0.6,1000,0.2,1400,0.2,0
16,17,478,1,0,500,0.6,1000,0.2,1400,0.2,1
16,18,977,0,0,500,0.6,1000,0.2,1400,0.2,2
16,19,867,2,10,5,0,300,0.5,1700,0.5,0
17,0,507,2,10,5,0,500,0.6,1000,0.2,1400,0.2,2
17,1,78,2,10,5,0,500,0.6,1000,0.2,1400,0.2,0
17,2,641,0,0,500,0.6,1000,0.2,1400,0.2,0
17,3,215,1,0,300,0.5,1700,0.5,2
17,4,306,1,0,300,0.5,1700,0.5,2
17,5,451,1,0,500,0.6,1000,0.2,1400,0.2,1
17,6,752,2,10,5,0,300,0.5,1700,0.5,2
17,7,369,1,0,500,0.6,1000,0.2,1400,0.2,0
17,8,142,1,0,500,0.6,1000,0.2,1400,0.2,2
17,9,587,1,0,300,0.5,1700,0.5,1
17,10,396,2,10,5,0,300,0.5,1700,0.5,2
17,11,744,2,10,5,0,500,0.6,1000,0.2,1400,0.2,2
17,12,889,1,0,500,0.6,1000,0.2,1400,0.2,0
17,13,656,2,10,5,0,500,0.6,1000,0.2,1400,0.2,1
17,14,148,2,10,5,0,300,0.5,1700,0.5,1
17,15,728,0,0,500,0.6,1000,0.2,1400,0.2,2
17,16,462,0,0,500,0.6,1000,0.2,1400,0.2,2
17,17,734,1,0,500,0.6,1000,0.2,1400,0.2,0
17,18,701,0,0,500,0.6,1000,0.2,1400,0.2,1
17,19,323,2,10,5,0,500,0.6,1000,0.2,1400,0.2,0
18,0,586,0,0,500,0.6,1000,0.2,1400,0.2,0
18,1,382,0,0,500,0.6,1000,0.2,1400,0.2,2
18,2,516,2,10,5,0,500,0.6,1000,0.2,1400,0.2,0
18,3,373,0,0,300,0.5,1700,0.5,2
18,4,635,0,0,300,0.5,1700,0.5,2
18,5,171,1,0,500,0.6,1000,0.2,1400,0.2,0
18,6,565,1,0,300,0.5,1700,0.5,2
18,7,999,0,0,500,0.6,1000,0.2,1400,0.2,1
18,8,529,0,0,500,0.6,1000,0.2,1400,0.2,0
18,9,162,1,0,300,0.5,1700,0.5,0
18,10,911,1,0,300,0.5,1700,0.5,2
18,11,284,0,0,300,0.5,1700,0.5,0
18,12,409,0,0,300,0.5,1700,0.5,2
18,13,798,1,0,500,0.6,1000,0.2,1400,0.2,0
18,14,635,0,0,300,0.5,1700,0.5,0
18,15,466,1,0,300,0.5,1700,0.5,2
18,16,200,1,0,500,0.6,1000,0.2,1400,0.2,1
18,17,546,0,0,500,0.6,1000,0.2,1400,0.2,2
18,18,622,2,10,5,0,500,0.6,1000,0.2,1400,0.2,1
18,19,320,1,0,500,0.6,1000,0.2,1400,0.2,0
19,0,901,1,0,500,0.6,1000,0.2,1400,0.2,1
19,1,913,0,0,500,0.6,1000,0.2,1400,0.2,0
19,2,636,0,0,300,0.5,1700,0.5,2
19,3,896,0,0,500,0.6,1000,0.2,1400,0.2,1
19,4,813,2,10,5,0,500,0.6,1000,0.2,1400,0.2,1
19,5,27,1,0,500,0.6,1000,0.2,1400,0.2,1
19,6,34,0,0,500,0.6,1000,0.2,1400,0.2,0
19,7,363,1,0,500,0.6,1000,0.2,1400,0.2,0
19,8,487,2,10,5,0,300,0.5,1700,0.5,1
19,9,744,2,10,5,0,300,0.5,1700,0.5,0
19,10,623,2,10,5,0,300,0.5,1700,0.5,1
19,11,460,2,10,5,0,300,0.5,1700,0.5,1
19,12,114,1,0,500,0.6,1000,0.2,1400,0.2,0
19,13,592,2,10,5,0,500,0.6,1000,0.2,1400,0.2,2
19,14,830,0,0,300,0.5,1700,0.5,2
19,15,735,2,10,5,0,300,0.5,1700,0.5,1
19,16,501,2,10,5,0,300,0.5,1700,0.5,2
19,17,640,1,0,500,0.6,1000,0.2,1400,0.2,2
19,18,161,1,0,500,0.6,1000,0.2,1400,0.2,1
19,19,703,0,0,500,0.6,1000,0.2,1400,0.2,1
