0,0,79,2,10,5,0,500,0.6,1000,0.2,1400,0.2,2
0,1,48,1,0,300,0.5,1700,0.5,2
0,2,698,1,0,500,0.6,1000,0.2,1400,0.2,2
0,3,180,1,0,500,0.6,1000,0.2,1400,0.2,0
0,4,980,2,10,5,0,300,0.5,1700,0.5,1
0,5,223,2,10,5,0,300,0.5,1700,0.5,2
0,6,694,0,0,300,0.5,1700,0.5,1
0,7,91,2,10,5,0,300,0.5,1700,0.5,1
0,8,988,2,10,5,0,300,0.5,1700,0.5,0
0,9,340,1,0,500,0.6,1000,0.2,1400,0.2,0
0,10,579,2,10,5,0,500,0.6,1000,0.2,1400,0.2,1
0,11,494,1,0,500,0.6,1000,0.2,1400,0.2,1
0,12,822,2,10,5,0,500,0.6,1000,0.2,1400,0.2,2
0,13,182,1,0,500,0.6,1000,0.2,1400,0.2,1
0,14,272,0,0,500,0.6,1000,0.2,1400,0.2,0
0,15,701,2,10,5,0,300,0.5,1700,0.5,2
0,16,565,1,0,300,0.5,1700,0.5,0
0,17,962,0,0,500,0.6,1000,0.2,1400,0.2,2
0,18,717,0,0,300,0.5,1700,0.5,0
0,19,657,2,10,5,0,300,0.5,1700,0.5,1
1,0,864,0,0,300,0.5,1700,0.5,0
1,1,579,1,0,300,0.5,1700,0.5,2
1,2,498,0,0,500,0.6,1000,0.2,1400,0.2,2
1,3,672,1,0,300,0.5,1700,0.5,1
1,4,429,1,0,500,0.6,1000,0.2,1400,0.2,2
1,5,425,0,0,300,0.5,1700,0.5,0
1,6,400,2,10,5,0,300,0.5,1700,0.5,1
1,7,861,0,0,300,0.5,1700,0.5,0
1,8,147,2,10,5,0,300,0.5,1700,0.5,0
1,9,360,0,0,500,0.6,1000,0.2,1400,0.2,1
1,10,939,0,0,500,0.6,1000,0.2,1400,0.2,1
1,11,497,0,0,500,0.6,1000,0.2,1400,0.2,1
1,12,204,0,0,500,0.6,1000,0.2,1400,0.2,2
1,13,281,0,0,300,0.5,1700,0.5,0
1,14,266,1,0,500,0.6,1000,0.2,1400,0.2,2
1,15,388,1,0,500,0.6,1000,0.2,1400,0.2,0
1,16,970,1,0,500,0.6,1000,0.2,1400,0.2,0
1,17,130,1,0,500,0.6,1000,0.2,1400,0.2,0
1,18,660,0,0,500,0.6,1000,0.2,1400,0.2,1
1,19,113,2,10,5,0,300,0.5,1700,0.5,2
2,0,186,1,0,500,0.6,1000,0.2,1400,0.2,2
2,1,281,0,0,300,0.5,1700,0.5,0
2,2,680,2,10,5,0,300,0.5,1700,0.5,0
2,3,379,2,10,5,0,300,0.5,1700,0.5,1
2,4,580,1,0,500,0.6,1000,0.2,1400,0.2,1
2,5,601,1,0,500,0.6,1000,0.2,1400,0.2,1
2,6,587,0,0,500,0.6,1000,0.2,1400,0.2,0
2,7,152,1,0,500,0.6,1000,0.2,1400,0.2,1
2,8,381,1,0,300,0.5,1700,0.5,1
2,9,645,0,0,500,0.6,1000,0.2,1400,0.2,0
2,10,678,2,10,5,0,300,0.5,1700,0.5,2
2,11,565,2,10,5,0,300,0.5,1700,0.5,1
2,12,250,1,0,500,0.6,1000,0.2,1400,0.2,2
2,13,149,0,0,500,0.6,1000,0.2,1400,0.2,0
2,14,983,0,0,500,0.6,1000,0.2,1400,0.2,2
2,15,107,2,10,5,0,500,0.6,1000,0.2,1400,0.2,2
2,16,46,0,0,300,0.5,1700,0.5,0
2,17,742,0,0,300,0.5,1700,0.5,1
2,18,663,0,0,500,0.6,1000,0.2,1400,0.2,2
2,19,542,2,10,5,0,500,0.6,1000,0.2,1400,0.2,1
3,0,558,0,0,500,0.6,1000,0.2,1400,0.2,2
3,1,605,1,0,300,0.5,1700,0.5,0
3,2,283,2,10,5,0,500,0.6,1000,0.2,1400,0.2,0
3,3,781,2,10,5,0,500,0.6,1000,0.2,1400,0.2,2
3,4,877,1,0,500,0.6,1000,0.2,1400,0.2,2
3,5,451,1,0,300,0.5,1700,0.5,2
3,6,511,1,0,300,0.5,1700,0.5,1
3,7,589,2,10,5,0,300,0.5,1700,0.5,0
3,8,939,1,0,500,0.6,1000,0.2,1400,0.2,0
3,9,229,1,0,300,0.5,1700,0.5,2
3,10,689,2,10,5,0,300,0.5,1700,0.5,2
3,11,198,0,0,500,0.6,1000,0.2,1400,0.2,2
3,12,681,1,0,500,0.6,1000,0.2,1400,0.2,2
3,13,960,0,0,300,0.5,1700,0.5,2
3,14,325,1,0,500,0.6,1000,0.2,1400,0.2,0
3,15,283,0,0,500,0.6,1000,0.2,1400,0.2,2
3,16,794,2,10,5,0,500,0.6,1000,0.2,1400,0.2,1
3,17,403,1,0,500,0.6,1000,0.2,1400,0.2,1
3,18,39,1,0,300,0.5,1700,0.5,1
3,19,379,2,10,5,0,500,0.6,1000,0.2,1400,0.2,0
4,0,706,0,0,300,0.5,1700,0.5,0
4,1,445,2,10,5,0,300,0.5,1700,0.5,1
4,2,311,2,10,5,0,300,0.5,1700,0.5,1
4,3,772,0,0,500,0.6,1000,0.2,1400,0.2,1
4,4,276,0,0,300,0.5,1700,0.5,1
4,5,830,2,10,5,0,500,0.6,1000,0.2,1400,0.2,0
4,6,511,2,10,5,0,500,0.6,1000,0.2,1400,0.2,0
4,7,284,2,10,5,0,300,0.5,1700,0.5,1
4,8,434,0,0,300,0.5,1700,0.5,0
4,9,236,0,0,300,0.5,1700,0.5,0
4,10,967,1,0,500,0.6,1000,0.2,1400,0.2,1
4,11,515,1,0,300,0.5,1700,0.5,1
4,12,325,2,10,5,0,500,0.6,1000,0.2,1400,0.2,1
4,13,842,1,0,500,0.6,1000,0.2,1400,0.2,0
4,14,535,1,0,300,0.5,1700,0.5,1
4,15,925,2,10,5,0,300,0.5,1700,0.5,1
4,16,440,2,10,5,0,500,0.6,1000,0.2,1400,0.2,1
4,17,512,1,0,300,0.5,1700,0.5,1
4,18,635,2,10,5,0,500,0.6,1000,0.2,1400,0.2,2
4,19,282,1,0,500,0.6,1000,0.2,1400,0.2,0
5,0,510,2,10,5,0,300,0.5,1700,0.5,2
5,1,909,0,0,500,0.6,1000,0.2,1400,0.2,0
5,2,630,2,10,5,0,300,0.5,1700,0.5,1
5,3,418,0,0,300,0.5,1700,0.5,0
5,4,580,1,0,500,0.6,1000,0.2,1400,0.2,0
5,5,969,2,10,5,0,300,0.5,1700,0.5,0
5,6,356,0,0,500,0.6,1000,0.2,1400,0.2,0
5,7,950,1,0,300,0.5,1700,0.5,1
5,8,723,1,0,500,0.6,1000,0.2,1400,0.2,0
5,9,756,0,0,500,0.6,1000,0.2,1400,0.2,0
5,10,709,1,0,500,0.6,1000,0.2,1400,0.2,0
5,11,660,2,10,5,0,500,0.6,1000,0.2,1400,0.2,2
5,12,554,1,0,500,0.6,1000,0.2,1400,0.2,1
5,13,792,2,10,5,0,300,0.5,1700,0.5,1
5,14,295,2,10,5,0,300,0.5,1700,0.5,2
5,15,121,0,0,500,0.6,1000,0.2,1400,0.2,1
5,16,571,2,10,5,0,300,0.5,1700,0.5,2
5,17,53,1,0,300,0.5,1700,0.5,2
5,18,130,0,0,500,0.6,1000,0.2,1400,0.2,0
5,19,898,0,0,500,0.6,1000,0.2,1400,0.2,0
6,0,475,1,0,500,0.6,1000,0.2,1400,0.2,2
6,1,444,1,0,500,0.6,1000,0.2,1400,0.2,0
6,2,72,2,10,5,0,300,0.5,1700,0.5,0
6,3,592,2,10,5,0,500,0.6,1000,0.2,1400,0.2,1
6,4,405,1,0,300,0.5,1700,0.5,1
6,5,166,0,0,500,0.6,1000,0.2,1400,0.2,2
6,6,73,1,0,300,0.5,1700,0.5,1
6,7,776,2,10,5,0,300,0.5,1700,0.5,0
6,8,249,2,10,5,0,300,0.5,1700,0.5,0
6,9,692,1,0,500,0.6,1000,0.2,1400,0.2,0
6,10,632,0,0,500,0.6,1000,0.2,1400,0.2,2
6,11,488,2,10,5,0,300,0.5,1700,0.5,0
6,12,539,0,0,500,0.6,1000,0.2,1400,0.2,2
6,13,733,0,0,500,0.6,1000,0.2,1400,0.2,0
6,14,410,0,0,300,0.5,1700,0.5,0
6,15,454,2,10,5,0,500,0.6,1000,0.2,1400,0.2,0
6,16,414,1,0,300,0.5,1700,0.5,0
6,17,991,0,0,500,0.6,1000,0.2,1400,0.2,1
6,18,871,0,0,500,0.6,1000,0.2,1400,0.2,1
6,19,726,2,10,5,0,500,0.6,1000,0.2,1400,0.2,0
7,0,416,1,0,300,0.5,1700,0.5,2
7,1,634,2,10,5,0,300,0.5,1700,0.5,0
7,2,98,0,0,500,0.6,1000,0.2,1400,0.2,0
7,3,248,0,0,500,0.6,1000,0.2,1400,0.2,1
7,4,439,1,0,300,0.5,1700,0.5,1
7,5,518,2,10,5,0,500,0.6,1000,0.2,1400,0.2,1
7,6,986,2,10,5,0,500,0.6,1000,0.2,1400,0.2,0
7,7,678,1,0,300,0.5,1700,0.5,1
7,8,400,1,0,300,0.5,1700,0.5,2
7,9,483,1,0,300,0.5,1700,0.5,0
7,10,984,2,10,5,0,500,0.6,1000,0.2,1400,0.2,0
7,11,99,0,0,500,0.6,1000,0.2,1400,0.2,2
7,12,337,0,0,500,0.6,1000,0.2,1400,0.2,2
7,13,138,1,0,300,0.5,1700,0.5,2
7,14,71,1,0,500,0.6,1000,0.2,1400,0.2,0
7,15,980,0,0,300,0.5,1700,0.5,1
7,16,736,0,0,300,0.5,1700,0.5,0
7,17,356,2,10,5,0,500,0.6,1000,0.2,1400,0.2,2
7,18,322,0,0,500,0.6,1000,0.2,1400,0.2,2
7,19,270,2,10,5,0,500,0.6,1000,0.2,1400,0.2,1
8,0,749,0,0,500,0.6,1000,0.2,1400,0.2,2
8,1,150,1,0,500,0.6,1000,0.2,1400,0.2,1
8,2,796,2,10,5,0,300,0.5,1700,0.5,0
8,3,342,0,0,500,0.6,1000,0.2,1400,0.2,2
8,4,310,1,0,300,0.5,1700,0.5,1
8,5,753,0,0,500,0.6,1000,0.2,1400,0.2,1
8,6,941,2,10,5,0,300,0.5,1700,0.5,1
8,7,140,1,0,500,0.6,1000,0.2,1400,0.2,2
8,8,770,0,0,500,0.6,1000,0.2,1400,0.2,0
8,9,802,1,0,500,0.6,1000,0.2,1400,0.2,1
8,10,271,1,0,300,0.5,1700,0.5,1
8,11,137,0,0,500,0.6,1000,0.2,1400,0.2,1
8,12,98,1,0,500,0.6,1000,0.2,1400,0.2,2
8,13,856,0,0,500,0.6,1000,0.2,1400,0.2,0
8,14,395,1,0,300,0.5,1700,0.5,0
8,15,933,1,0,300,0.5,1700,0.5,1
8,16,186,2,10,5,0,500,0.6,1000,0.2,1400,0.2,0
8,17,896,2,10,5,0,500,0.6,1000,0.2,1400,0.2,2
8,18,748,0,0,300,0.5,1700,0.5,1
8,19,18,2,10,5,0,300,0.5,1700,0.5,1
9,0,847,2,10,5,0,500,0.6,1000,0.2,1400,0.2,2
9,1,832,1,0,300,0.5,1700,0.5,0
9,2,476,1,0,500,0.6,1000,0.2,1400,0.2,1
9,3,731,0,0,500,0.6,1000,0.2,1400,0.2,2
9,4,434,1,0,500,0.6,1000,0.2,1400,0.2,2
9,5,575,2,10,5,0,500,0.6,1000,0.2,1400,0.2,2
9,6,624,0,0,300,0.5,1700,0.5,2
9,7,247,1,0,500,0.6,1000,0.2,1400,0.2,2
9,8,429,0,0,500,0.6,1000,0.2,1400,0.2,0
9,9,339,0,0,500,0.6,1000,0.2,1400,0.2,0
9,10,226,1,0,300,0.5,1700,0.5,2
9,11,962,0,0,300,0.5,1700,0.5,0
9,12,24,0,0,500,0.6,1000,0.2,1400,0.2,1
9,13,358,2,10,5,0,300,0.5,1700,0.5,2
9,14,73,0,0,300,0.5,1700,0.5,2
9,15,272,2,10,5,0,300,0.5,1700,0.5,2
9,16,737,0,0,500,0.6,1000,0.2,1400,0.2,1
9,17,676,2,10,5,0,500,0.6,1000,0.2,1400,0.2,2
9,18,952,1,0,500,0.6,1000,0.2,1400,0.2,2
9,19,298,1,0,300,0.5,1700,0.5,0
10,0,595,2,10,5,0,500,0.6,1000,0.2,1400,0.2,1
10,1,404,2,10,5,0,300,0.5,1700,0.5,0
10,2,222,2,10,5,0,300,0.5,1700,0.5,1
10,3,452,2,10,5,0,500,0.6,1000,0.2,1400,0.2,2
10,4,689,2,10,5,0,300,0.5,1700,0.5,1
10,5,445,2,10,5,0,500,0.6,1000,0.2,1400,0.2,1
10,6,746,2,10,5,0,500,0.6,1000,0.2,1400,0.2,1
10,7,777,2,10,5,0,300,0.5,1700,0.5,0
10,8,372,2,10,5,0,300,0.5,1700,0.5,2
10,9,77,1,0,500,0.6,1000,0.2,1400,0.2,1
10,10,538,0,0,300,0.5,1700,0.5,0
10,11,574,1,0,500,0.6,1000,0.2,1400,0.2,2
10,12,603,2,10,5,0,300,0.5,1700,0.5,0
10,13,109,2,10,5,0,500,0.6,1000,0.2,1400,0.2,0
10,14,481,2,10,5,0,300,0.5,1700,0.5,0
10,15,858,2,10,5,0,500,0.6,1000,0.2,1400,0.2,2
10,16,737,0,0,300,0.5,1700,0.5,2
10,17,601,2,10,5,0,300,0.5,1700,0.5,2
10,18,963,2,10,5,0,500,0.6,1000,0.2,1400,0.2,2
10,19,313,0,0,500,0.6,1000,0.2,1400,0.2,0
11,0,346,2,10,5,0,500,0.6,1000,0.2,1400,0.2,0
11,1,353,2,10,5,0,500,0.6,1000,0.2,1400,0.2,2
11,2,816,0,0,500,0.6,1000,0.2,1400,0.2,0
11,3,864,2,10,5,0,500,0.6,1000,0.2,1400,0.2,0
11,4,338,2,10,5,0,300,0.5,1700,0.5,0
11,5,881,2,10,5,0,300,0.5,1700,0.5,2
11,6,124,1,0,500,0.6,1000,0.2,1400,0.2,0
11,7,925,1,0,300,0.5,1700,0.5,2
11,8,382,1,0,300,0.5,1700,0.5,1
11,9,94,0,0,500,0.6,1000,0.2,1400,0.2,2
11,10,76,2,10,5,0,300,0.5,1700,0.5,0
11,11,114,0,0,300,0.5,1700,0.5,0
11,12,681,2,10,5,0,500,0.6,1000,0.2,1400,0.2,1
11,13,125,2,10,5,0,500,0.6,1000,0.2,1400,0.2,2
11,14,240,0,0,500,0.6,1000,0.2,1400,0.2,2
11,15,441,0,0,500,0.6,1000,0.2,1400,0.2,1
11,16,969,2,10,5,0,500,0.6,1000,0.2,1400,0.2,0
11,17,93,1,0,500,0.6,1000,0.2,1400,0.2,2
11,18,728,1,0,300,0.5,1700,0.5,1
11,19,199,1,0,300,0.5,1700,0.5,2
12,0,234,1,0,500,0.6,1000,0.2,1400,0.2,0
12,1,55,1,0,500,0.6,1000,0.2,1400,0.2,0
12,2,263,2,10,5,0,300,0.5,1700,0.5,1
12,3,384,1,0,300,0.5,1700,0.5,0
12,4,745,2,10,5,0,500,0.6,1000,0.2,1400,0.2,0
12,5,180,2,10,5,0,500,0.6,1000,0.2,1400,0.2,2
12,6,624,2,10,5,0,300,0.5,1700,0.5,1
12,7,105,1,0,500,0.6,1000,0.2,1400,0.2,0
12,8,815,2,10,5,0,300,0.5,1700,0.5,0
12,9,200,1,0,300,0.5,1700,0.5,2
12,10,185,2,10,5,0,300,0.5,1700,0.5,1
12,11,904,0,0,300,0.5,1700,0.5,0
12,12,608,2,10,5,0,300,0.5,1700,0.5,2
12,13,266,2,10,5,0,500,0.6,1000,0.2,1400,0.2,2
12,14,124,2,10,5,0,500,0.6,1000,0.2,1400,0.2,1
12,15,606,2,10,5,0,300,0.5,1700,0.5,2
12,16,834,0,0,300,0.5,1700,0.5,1
12,17,675,2,10,5,0,300,0.5,1700,0.5,2
12,18,77,2,10,5,0,500,0.6,1000,0.2,1400,0.2,1
12,19,564,0,0,500,0.6,1000,0.2,1400,0.2,0
13,0,930,2,10,5,0,300,0.5,1700,0.5,1
13,1,981,2,10,5,0,300,0.5,1700,0.5,1
13,2,932,0,0,300,0.5,1700,0.5,2
13,3,811,0,0,300,0.5,1700,0.5,1
13,4,337,1,0,500,0.6,1000,0.2,1400,0.2,0
13,5,994,2,10,5,0,300,0.5,1700,0.5,2
13,6,737,2,10,5,0,500,0.6,1000,0.2,1400,0.2,0
13,7,541,1,0,300,0.5,1700,0.5,1
13,8,184,0,0,300,0.5,1700,0.5,0
13,9,530,0,0,500,0.6,1000,0.2,1400,0.2,0
13,10,45,0,0,300,0.5,1700,0.5,2
13,11,527,2,10,5,0,300,0.5,1700,0.5,1
13,12,438,1,0,300,0.5,1700,0.5,0
13,13,619,1,0,300,0.5,1700,0.5,0
13,14,893,0,0,300,0.5,1700,0.5,2
13,15,243,2,10,5,0,300,0.5,1700,0.5,1
13,16,376,1,0,500,0.6,1000,0.2,1400,0.2,1
13,17,993,0,0,500,0.6,1000,0.2,1400,0.2,1
13,18,307,1,0,500,0.6,1000,0.2,1400,0.2,2
13,19,158,2,10,5,0,300,0.5,1700,0.5,0
14,0,90,0,0,300,0.5,1700,0.5,0
14,1,894,2,10,5,0,500,0.6,1000,0.2,1400,0.2,0
14,2,787,1,0,300,0.5,1700,0.5,0
14,3,598,1,0,300,0.5,1700,0.5,1
14,4,172,1,0,500,0.6,1000,0.2,1400,0.2,2
14,5,921,2,10,5,0,500,0.6,1000,0.2,1400,0.2,2
14,6,198,1,0,300,0.5,1700,0.5,1
14,7,208,0,0,300,0.5,1700,0.5,0
14,8,316,1,0,300,0.5,1700,0.5,1
14,9,588,2,10,5,0,300,0.5,1700,0.5,1
14,10,575,2,10,5,0,300,0.5,1700,0.5,2
14,11,953,0,0,500,0.6,1000,0.2,1400,0.2,2
14,12,950,1,0,500,0.6,1000,0.2,1400,0.2,2
14,13,620,1,0,300,0.5,1700,0.5,0
14,14,837,0,0,300,0.5,1700,0.5,0
14,15,22,0,0,300,0.5,1700,0.5,2
14,16,183,2,10,5,0,300,0.5,1700,0.5,2
14,17,529,2,10,5,0,300,0.5,1700,0.5,1
14,18,614,2,10,5,0,500,0.6,1000,0.2,1400,0.2,2
14,19,965,1,0,300,0.5,1700,0.5,2
15,0,463,0,0,500,0.6,1000,0.2,1400,0.2,2
15,1,506,2,10,5,0,300,0.5,1700,0.5,2
15,2,671,0,0,500,0.6,1000,0.2,1400,0.2,1
15,3,435,0,0,300,0.5,1700,0.5,2
15,4,161,1,0,500,0.6,1000,0.2,1400,0.2,1
15,5,230,2,10,5,0,300,0.5,1700,0.5,2
15,6,877,2,10,5,0,300,0.5,1700,0.5,2
15,7,643,2,10,5,0,300,0.5,1700,0.5,2
15,8,873,0,0,300,0.5,1700,0.5,0
15,9,518,2,10,5,0,300,0.5,1700,0.5,0
15,10,242,1,0,300,0.5,1700,0.5,1
15,11,463,2,10,5,0,500,0.6,1000,0.2,1400,0.2,1
15,12,743,1,0,500,0.6,1000,0.2,1400,0.2,0
15,13,180,1,0,500,0.6,1000,0.2,1400,0.2,1
15,14,431,1,0,300,0.5,1700,0.5,2
15,15,196,2,10,5,0,300,0.5,1700,0.5,1
15,16,884,1,0,500,0.6,1000,0.2,1400,0.2,0
15,17,766,1,0,300,0.5,1700,0.5,2
15,18,985,0,0,500,0.6,1000,0.2,1400,0.2,0
15,19,69,2,10,5,0,500,0.6,1000,0.2,1400,0.2,2
16,0,964,2,10,5,0,500,0.6,1000,0.2,1400,0.2,1
16,1,35,0,0,500,0.6,1000,0.2,1400,0.2,1
16,2,64,1,0,300,0.5,1700,0.5,1
16,3,457,2,10,5,0,500,0.6,1000,0.2,1400,0.2,0
16,4,501,0,0,500,0.6,1000,0.2,1400,0.2,0
16,5,160,1,0,500,0.6,1000,0.2,1400,0.2,0
16,6,216,2,10,5,0,300,0.5,1700,0.5,0
16,7,915,1,0,500,0.6,1000,0.2,1400,0.2,1
16,8,525,1,0,300,0.5,1700,0.5,2
16,9,817,0,0,300,0.5,1700,0.5,2
16,10,419,1,0,300,0.5,1700,0.5,0
16,11,452,1,0,300,0.5,1700,0.5,0
16,12,212,0,0,500,0.6,1000,0.2,1400,0.2,2
16,13,626,0,0,300,0.5,1700,0.5,2
16,14,696,2,10,5,0,300,0.5,1700,0.5,0
16,15,685,1,0,300,0.5,1700,0.5,2
16,16,633,1,0,300,0.5,1700,0.5,0
16,17,23,1,0,500,0.6,1000,0.2,1400,0.2,1
16,18,341,1,0,300,0.5,1700,0.5,0
16,19,945,0,0,300,0.5,1700,0.5,0
17,0,872,2,10,5,0,500,0.6,1000,0.2,1400,0.2,1
17,1,981,1,0,500,0.6,1000,0.2,1400,0.2,0
17,2,294,2,10,5,0,300,0.5,1700,0.5,2
17,3,401,1,0,500,0.6,1000,0.2,1400,0.2,1
17,4,423,2,10,5,0,500,0.6,1000,0.2,1400,0.2,1
17,5,809,0,0,300,0.5,1700,0.5,2
17,6,47,2,10,5,0,300,0.5,1700,0.5,0
17,7,316,1,0,300,0.5,1700,0.5,0
17,8,436,1,0,500,0.6,1000,0.2,1400,0.2,2
17,9,55,2,10,5,0,500,0.6,1000,0.2,1400,0.2,2
17,10,11,1,0,500,0.6,1000,0.2,1400,0.2,2
17,11,915,2,10,5,0,300,0.5,1700,0.5,0
17,12,277,2,10,5,0,500,0.6,1000,0.2,1400,0.2,0
17,13,191,2,10,5,0,500,0.6,1000,0.2,1400,0.2,0
17,14,962,0,0,500,0.6,1000,0.2,1400,0.2,1
17,15,173,1,0,300,0.5,1700,0.5,2
17,16,421,0,0,500,0.6,1000,0.2,1400,0.2,0
17,17,41,0,0,500,0.6,1000,0.2,1400,0.2,2
17,18,701,1,0,300,0.5,1700,0.5,0
17,19,422,2,10,5,0,500,0.6,1000,0.2,1400,0.2,0
18,0,21,1,0,500,0.6,1000,0.2,1400,0.2,0
18,1,374,0,0,300,0.5,1700,0.5,2
18,2,506,1,0,300,0.5,1700,0.5,0
18,3,161,2,10,5,0,300,0.5,1700,0.5,0
18,4,770,1,0,300,0.5,1700,0.5,2
18,5,997,2,10,5,0,300,0.5,1700,0.5,1
18,6,779,0,0,300,0.5,1700,0.5,0
18,7,194,0,0,300,0.5,1700,0.5,1
18,8,828,2,10,5,0,300,0.5,1700,0.5,1
18,9,268,1,0,300,0.5,1700,0.5,1
18,10,496,2,10,5,0,500,0.6,1000,0.2,1400,0.2,1
18,11,769,1,0,300,0.5,1700,0.5,2
18,12,389,0,0,300,0.5,1700,0.5,2
18,13,238,0,0,500,0.6,1000,0.2,1400,0.2,0
18,14,499,2,10,5,0,300,0.5,1700,0.5,0
18,15,575,2,10,5,0,500,0.6,1000,0.2,1400,0.2,0
18,16,104,1,0,500,0.6,1000,0.2,1400,0.2,0
18,17,270,0,0,500,0.6,1000,0.2,1400,0.2,0
18,18,682,2,10,5,0,500,0.6,1000,0.2,1400,0.2,1
18,19,794,0,0,300,0.5,1700,0.5,1
19,0,940,0,0,500,0.6,1000,0.2,1400,0.2,1
19,1,400,0,0,300,0.5,1700,0.5,1
19,2,842,2,10,5,0,500,0.6,1000,0.2,1400,0.2,1
19,3,167,1,0,300,0.5,1700,0.5,2
19,4,939,2,10,5,0,300,0.5,1700,0.5,0
19,5,723,1,0,300,0.5,1700,0.5,2
19,6,792,0,0,500,0.6,1000,0.2,1400,0.2,0
19,7,92,2,10,5,0,300,0.5,1700,0.5,1
19,8,940,0,0,300,0.5,1700,0.5,2
19,9,165,0,0,300,0.5,1700,0.5,1
19,10,668,0,0,500,0.6,1000,0.2,1400,0.2,1
19,11,930,2,10,5,0,500,0.6,1000,0.2,1400,0.2,0
19,12,194,1,0,500,0.6,1000,0.2,1400,0.2,2
19,13,169,1,0,300,0.5,1700,0.5,0
19,14,930,2,10,5,0,500,0.6,1000,0.2,1400,0.2,0
19,15,721,0,0,500,0.6,1000,0.2,1400,0.2,1
19,16,168,1,0,500,0.6,1000,0.2,1400,0.2,2
19,17,716,2,10,5,0,300,0.5,1700,0.5,1
19,18,394,0,0,500,0.6,1000,0.2,1400,0.2,0
19,19,537,0,0,300,0.5,1700,0.5,2
