0,0,904,2,10,5,0,300,0.5,1700,0.5,1
0,1,380,2,10,5,0,500,0.6,1000,0.2,1400,0.2,2
0,2,856,0,0,500,0.6,1000,0.2,1400,0.2,1
0,3,518,1,0,500,0.6,1000,0.2,1400,0.2,1
0,4,106,1,0,500,0.6,1000,0.2,1400,0.2,0
0,5,409,1,0,500,0.6,1000,0.2,1400,0.2,0
0,6,772,1,0,300,0.5,1700,0.5,1
0,7,464,0,0,300,0.5,1700,0.5,0
0,8,649,0,0,500,0.6,1000,0.2,1400,0.2,0
0,9,844,0,0,500,0.6,1000,0.2,1400,0.2,2
0,10,610,1,0,500,0.6,1000,0.2,1400,0.2,1
0,11,209,1,0,500,0.6,1000,0.2,1400,0.2,0
0,12,50,0,0,300,0.5,1700,0.5,0
0,13,398,0,0,500,0.6,1000,0.2,1400,0.2,1
0,14,700,0,0,300,0.5,1700,0.5,0
0,15,541,2,10,5,0,500,0.6,1000,0.2,1400,0.2,2
0,16,115,0,0,500,0.6,1000,0.2,1400,0.2,2
0,17,959,2,10,5,0,500,0.6,1000,0.2,1400,0.2,1
0,18,185,1,0,300,0.5,1700,0.5,0
0,19,665,1,0,300,0.5,1700,0.5,1
1,0,913,2,10,5,0,500,0.6,1000,0.2,1400,0.2,0
1,1,955,0,0,300,0.5,1700,0.5,0
1,2,167,1,0,300,0.5,1700,0.5,2
1,3,173,2,10,5,0,300,0.5,1700,0.5,0
1,4,935,0,0,300,0.5,1700,0.5,2
1,5,772,2,10,5,0,500,0.6,1000,0.2,1400,0.2,0
1,6,147,0,0,300,0.5,1700,0.5,2
1,7,79,2,10,5,0,500,0.6,1000,0.2,1400,0.2,0
1,8,699,1,0,500,0.6,1000,0.2,1400,0.2,0
1,9,997,2,10,5,0,300,0.5,1700,0.5,2
1,10,362,0,0,500,0.6,1000,0.2,1400,0.2,1
1,11,293,0,0,300,0.5,1700,0.5,1
1,12,298,1,0,300,0.5,1700,0.5,2
1,13,259,2,10,5,0,300,0.5,1700,0.5,1
1,14,15,0,0,500,0.6,1000,0.2,1400,0.2,1
1,15,154,0,0,500,0.6,1000,0.2,1400,0.2,0
1,16,440,1,0,300,0.5,1700,0.5,2
1,17,520,1,0,500,0.6,1000,0.2,1400,0.2,2
1,18,608,2,10,5,0,500,0.6,1000,0.2,1400,0.2,2
1,19,362,2,10,5,0,500,0.6,1000,0.2,1400,0.2,2
2,0,100,2,10,5,0,300,0.5,1700,0.5,2
2,1,179,2,10,5,0,300,0.5,1700,0.5,0
2,2,200,0,0,300,0.5,1700,0.5,2
2,3,150,2,10,5,0,300,0.5,1700,0.5,2
2,4,162,0,0,500,0.6,1000,0.2,1400,0.2,1
2,5,910,1,0,500,0.6,1000,0.2,1400,0.2,2
2,6,896,1,0,500,0.6,1000,0.2,1400,0.2,0
2,7,574,2,10,5,0,500,0.6,1000,0.2,1400,0.2,0
2,8,870,1,0,300,0.5,1700,0.5,1
2,9,699,1,0,300,0.5,1700,0.5,1
2,10,644,2,10,5,0,500,0.6,1000,0.2,1400,0.2,2
2,11,637,2,10,5,0,300,0.5,1700,0.5,0
2,12,410,1,0,500,0.6,1000,0.2,1400,0.2,1
2,13,569,2,10,5,0,300,0.5,1700,0.5,1
2,14,910,0,0,500,0.6,1000,0.2,1400,0.2,0
2,15,670,0,0,300,0.5,1700,0.5,1
2,16,573,0,0,500,0.6,1000,0.2,1400,0.2,2
2,17,391,1,0,300,0.5,1700,0.5,1
2,18,284,0,0,300,0.5,1700,0.5,0
2,19,926,2,10,5,0,500,0.6,1000,0.2,1400,0.2,0
3,0,312,1,0,300,0.5,1700,0.5,2
3,1,664,2,10,5,0,300,0.5,1700,0.5,0
3,2,825,0,0,300,0.5,1700,0.5,2
3,3,29,2,10,5,0,500,0.6,1000,0.2,1400,0.2,1
3,4,69,2,10,5,0,500,0.6,1000,0.2,1400,0.2,0
3,5,720,2,10,5,0,300,0.5,1700,0.5,1
3,6,635,1,0,300,0.5,1700,0.5,2
3,7,988,2,10,5,0,500,0.6,1000,0.2,1400,0.2,1
3,8,101,0,0,300,0.5,1700,0.5,1
3,9,270,0,0,500,0.6,1000,0.2,1400,0.2,2
3,10,833,2,10,5,0,300,0.5,1700,0.5,1
3,11,553,2,10,5,0,500,0.6,1000,0.2,1400,0.2,1
3,12,232,0,0,500,0.6,1000,0.2,1400,0.2,0
3,13,232,1,0,500,0.6,1000,0.2,1400,0.2,0
3,14,407,2,10,5,0,500,0.6,1000,0.2,1400,0.2,0
3,15,672,2,10,5,0,500,0.6,1000,0.2,1400,0.2,2
3,16,147,1,0,500,0.6,1000,0.2,1400,0.2,0
3,17,153,1,0,300,0.5,1700,0.5,0
3,18,366,2,10,5,0,500,0.6,1000,0.2,1400,0.2,1
3,19,948,2,10,5,0,500,0.6,1000,0.2,1400,0.2,0
4,0,465,1,0,500,0.6,1000,0.2,1400,0.2,2
4,1,351,1,0,500,0.6,1000,0.2,1400,0.2,0
4,2,820,2,10,5,0,500,0.6,1000,0.2,1400,0.2,1
4,3,734,2,10,5,0,500,0.6,1000,0.2,1400,0.2,0
4,4,579,2,10,5,0,300,0.5,1700,0.5,0
4,5,491,0,0,300,0.5,1700,0.5,1
4,6,422,0,0,300,0.5,1700,0.5,1
4,7,578,1,0,300,0.5,1700,0.5,1
4,8,425,0,0,500,0.6,1000,0.2,1400,0.2,2
4,9,873,0,0,500,0.6,1000,0.2,1400,0.2,2
4,10,141,2,10,5,0,500,0.6,1000,0.2,1400,0.2,1
4,11,67,2,10,5,0,500,0.6,1000,0.2,1400,0.2,0
4,12,373,0,0,500,0.6,1000,0.2,1400,0.2,2
4,13,59,1,0,500,0.6,1000,0.2,1400,0.2,1
4,14,389,2,10,5,0,500,0.6,1000,0.2,1400,0.2,0
4,15,843,2,10,5,0,500,0.6,1000,0.2,1400,0.2,2
4,16,577,0,0,300,0.5,1700,0.5,2
4,17,753,1,0,500,0.6,1000,0.2,1400,0.2,0
4,18,286,0,0,300,0.5,1700,0.5,1
4,19,24,1,0,500,0.6,1000,0.2,1400,0.2,2
5,0,799,2,10,5,0,500,0.6,1000,0.2,1400,0.2,2
5,1,800,1,0,500,0.6,1000,0.2,1400,0.2,1
5,2,536,2,10,5,0,300,0.5,1700,0.5,2
5,3,185,0,0,300,0.5,1700,0.5,2
5,4,394,2,10,5,0,300,0.5,1700,0.5,0
5,5,879,2,10,5,0,300,0.5,1700,0.5,0
5,6,10,2,10,5,0,500,0.6,1000,0.2,1400,0.2,2
5,7,92,1,0,300,0.5,1700,0.5,1
5,8,358,2,10,5,0,300,0.5,1700,0.5,2
5,9,457,1,0,500,0.6,1000,0.2,1400,0.2,0
5,10,416,0,0,500,0.6,1000,0.2,1400,0.2,0
5,11,58,0,0,500,0.6,1000,0.2,1400,0.2,1
5,12,103,0,0,500,0.6,1000,0.2,1400,0.2,2
5,13,30,1,0,500,0.6,1000,0.2,1400,0.2,0
5,14,163,0,0,300,0.5,1700,0.5,1
5,15,736,1,0,300,0.5,1700,0.5,2
5,16,327,0,0,300,0.5,1700,0.5,0
5,17,978,1,0,500,0.6,1000,0.2,1400,0.2,2
5,18,133,1,0,500,0.6,1000,0.2,1400,0.2,1
5,19,923,2,10,5,0,500,0.6,1000,0.2,1400,0.2,2
6,0,233,0,0,300,0.5,1700,0.5,0
6,1,298,1,0,500,0.6,1000,0.2,1400,0.2,1
6,2,638,2,10,5,0,500,0.6,1000,0.2,1400,0.2,1
6,3,918,1,0,500,0.6,1000,0.2,1400,0.2,2
6,4,87,0,0,300,0.5,1700,0.5,0
6,5,746,0,0,500,0.6,1000,0.2,1400,0.2,1
6,6,181,0,0,300,0.5,1700,0.5,2
6,7,934,2,10,5,0,300,0.5,1700,0.5,0
6,8,324,0,0,500,0.6,1000,0.2,1400,0.2,0
6,9,326,0,0,500,0.6,1000,0.2,1400,0.2,1
6,10,341,2,10,5,0,500,0.6,1000,0.2,1400,0.2,1
6,11,412,1,0,300,0.5,1700,0.5,1
6,12,800,1,0,300,0.5,1700,0.5,2
6,13,417,2,10,5,0,500,0.6,1000,0.2,1400,0.2,0
6,14,786,1,0,500,0.6,1000,0.2,1400,0.2,1
6,15,697,2,10,5,0,300,0.5,1700,0.5,2
6,16,877,1,0,500,0.6,1000,0.2,1400,0.2,0
6,17,509,0,0,300,0.5,1700,0.5,1
6,18,955,2,10,5,0,500,0.6,1000,0.2,1400,0.2,1
6,19,462,2,10,5,0,300,0.5,1700,0.5,0
7,0,45,1,0,500,0.6,1000,0.2,1400,0.2,2
7,1,685,2,10,5,0,500,0.6,1000,0.2,1400,0.2,2
7,2,440,1,0,300,0.5,1700,0.5,1
7,3,433,0,0,300,0.5,1700,0.5,2
7,4,394,0,0,300,0.5,1700,0.5,1
7,5,876,2,10,5,0,300,0.5,1700,0.5,1
7,6,677,2,10,5,0,500,0.6,1000,0.2,1400,0.2,1
7,7,95,0,0,500,0.6,1000,0.2,1400,0.2,0
7,8,814,0,0,500,0.6,1000,0.2,1400,0.2,0
7,9,140,0,0,300,0.5,1700,0.5,2
7,10,300,1,0,500,0.6,1000,0.2,1400,0.2,1
7,11,257,0,0,300,0.5,1700,0.5,1
7,12,744,1,0,300,0.5,1700,0.5,2
7,13,65,2,10,5,0,300,0.5,1700,0.5,0
7,14,34,1,0,500,0.6,1000,0.2,1400,0.2,2
7,15,446,2,10,5,0,300,0.5,1700,0.5,2
7,16,101,0,0,500,0.6,1000,0.2,1400,0.2,0
7,17,640,1,0,500,0.6,1000,0.2,1400,0.2,1
7,18,495,2,10,5,0,300,0.5,1700,0.5,0
7,19,518,1,0,500,0.6,1000,0.2,1400,0.2,1
8,0,734,1,0,300,0.5,1700,0.5,1
8,1,108,2,10,5,0,300,0.5,1700,0.5,1
8,2,578,1,0,300,0.5,1700,0.5,0
8,3,569,2,10,5,0,500,0.6,1000,0.2,1400,0.2,1
8,4,958,0,0,500,0.6,1000,0.2,1400,0.2,1
8,5,485,0,0,300,0.5,1700,0.5,2
8,6,222,2,10,5,0,300,0.5,1700,0.5,1
8,7,523,0,0,500,0.6,1000,0.2,1400,0.2,1
8,8,493,1,0,500,0.6,1000,0.2,1400,0.2,1
8,9,491,0,0,500,0.6,1000,0.2,1400,0.2,2
8,10,440,2,10,5,0,300,0.5,1700,0.5,0
8,11,396,0,0,500,0.6,1000,0.2,1400,0.2,1
8,12,83,1,0,500,0.6,1000,0.2,1400,0.2,2
8,13,313,0,0,300,0.5,1700,0.5,1
8,14,970,0,0,500,0.6,1000,0.2,1400,0.2,0
8,15,37,1,0,300,0.5,1700,0.5,0
8,16,399,0,0,500,0.6,1000,0.2,1400,0.2,2
8,17,305,1,0,300,0.5,1700,0.5,2
8,18,724,0,0,300,0.5,1700,0.5,2
8,19,120,0,0,500,0.6,1000,0.2,1400,0.2,0
9,0,575,2,10,5,0,500,0.6,1000,0.2,1400,0.2,1
9,1,943,0,0,500,0.6,1000,0.2,1400,0.2,2
9,2,420,1,0,300,0.5,1700,0.5,2
9,3,55,2,10,5,0,300,0.5,1700,0.5,0
9,4,440,1,0,300,0.5,1700,0.5,1
9,5,60,1,0,500,0.6,1000,0.2,1400,0.2,1
9,6,62,2,10,5,0,300,0.5,1700,0.5,0
9,7,905,0,0,500,0.6,1000,0.2,1400,0.2,0
9,8,783,2,10,5,0,500,0.6,1000,0.2,1400,0.2,2
9,9,850,2,10,5,0,300,0.5,1700,0.5,2
9,10,699,2,10,5,0,300,0.5,1700,0.5,1
9,11,354,0,0,500,0.6,1000,0.2,1400,0.2,1
9,12,382,1,0,500,0.6,1000,0.2,1400,0.2,2
9,13,847,0,0,500,0.6,1000,0.2,1400,0.2,2
9,14,739,0,0,300,0.5,1700,0.5,2
9,15,985,1,0,500,0.6,1000,0.2,1400,0.2,1
9,16,65,1,0,500,0.6,1000,0.2,1400,0.2,0
9,17,559,2,10,5,0,300,0.5,1700,0.5,0
9,18,43,2,10,5,0,500,0.6,1000,0.2,1400,0.2,0
9,19,973,0,0,500,0.6,1000,0.2,1400,0.2,0
10,0,204,2,10,5,0,300,0.5,1700,0.5,0
10,1,755,1,0,300,0.5,1700,0.5,2
10,2,528,0,0,300,0.5,1700,0.5,2
10,3,553,0,0,300,0.5,1700,0.5,2
10,4,137,2,10,5,0,500,0.6,1000,0.2,1400,0.2,2
10,5,722,1,0,300,0.5,1700,0.5,2
10,6,704,2,10,5,0,300,0.5,1700,0.5,0
10,7,30,2,10,5,0,500,0.6,1000,0.2,1400,0.2,1
10,8,276,2,10,5,0,300,0.5,1700,0.5,1
10,9,429,2,10,5,0,500,0.6,1000,0.2,1400,0.2,2
10,10,273,1,0,500,0.6,1000,0.2,1400,0.2,1
10,11,78,2,10,5,0,500,0.6,1000,0.2,1400,0.2,1
10,12,820,1,0,500,0.6,1000,0.2,1400,0.2,0
10,13,353,1,0,300,0.5,1700,0.5,1
10,14,136,2,10,5,0,500,0.6,1000,0.2,1400,0.2,0
10,15,555,2,10,5,0,500,0.6,1000,0.2,1400,0.2,2
10,16,104,0,0,500,0.6,1000,0.2,1400,0.2,0
10,17,1000,1,0,300,0.5,1700,0.5,0
10,18,826,1,0,500,0.6,1000,0.2,1400,0.2,0
10,19,941,2,10,5,0,500,0.6,1000,0.2,1400,0.2,0
11,0,525,1,0,500,0.6,1000,0.2,1400,0.2,1
11,1,395,2,10,5,0,500,0.6,1000,0.2,1400,0.2,0
11,2,683,1,0,300,0.5,1700,0.5,0
11,3,591,2,10,5,0,300,0.5,1700,0.5,2
11,4,71,1,0,500,0.6,1000,0.2,1400,0.2,1
11,5,265,1,0,500,0.6,1000,0.2,1400,0.2,1
11,6,933,0,0,300,0.5,1700,0.5,2
11,7,818,2,10,5,0,500,0.6,1000,0.2,1400,0.2,1
11,8,761,0,0,300,0.5,1700,0.5,1
11,9,172,0,0,300,0.5,1700,0.5,0
11,10,238,2,10,5,0,300,0.5,1700,0.5,0
11,11,944,2,10,5,0,300,0.5,1700,0.5,0
11,12,97,1,0,300,0.5,1700,0.5,1
11,13,38,0,0,300,0.5,1700,0.5,1
11,14,254,1,0,500,0.6,1000,0.2,1400,0.2,0
11,15,430,2,10,5,0,300,0.5,1700,0.5,2
11,16,630,1,0,500,0.6,1000,0.2,1400,0.2,0
11,17,486,2,10,5,0,500,0.6,1000,0.2,1400,0.2,1
11,18,805,0,0,500,0.6,1000,0.2,1400,0.2,2
11,19,661,1,0,300,0.5,1700,0.5,0
12,0,541,2,10,5,0,300,0.5,1700,0.5,0
12,1,769,2,10,5,0,500,0.6,1000,0.2,1400,0.2,2
12,2,975,1,0,500,0.6,1000,0.2,1400,0.2,0
12,3,610,1,0,300,0.5,1700,0.5,1
12,4,218,0,0,500,0.6,1000,0.2,1400,0.2,2
12,5,10,0,0,500,0.6,1000,0.2,1400,0.2,1
12,6,781,2,10,5,0,300,0.5,1700,0.5,0
12,7,984,0,0,500,0.6,1000,0.2,1400,0.2,2
12,8,590,0,0,300,0.5,1700,0.5,1
12,9,20,0,0,300,0.5,1700,0.5,1
12,10,453,0,0,300,0.5,1700,0.5,2
12,11,331,2,10,5,0,500,0.6,1000,0.2,1400,0.2,1
12,12,775,1,0,300,0.5,1700,0.5,2
12,13,886,0,0,300,0.5,1700,0.5,0
12,14,489,1,0,300,0.5,1700,0.5,0
12,15,809,1,0,500,0.6,1000,0.2,1400,0.2,2
12,16,775,2,10,5,0,500,0.6,1000,0.2,1400,0.2,1
12,17,621,2,10,5,0,300,0.5,1700,0.5,1
12,18,437,1,0,300,0.5,1700,0.5,2
12,19,702,1,0,500,0.6,1000,0.2,1400,0.2,2
13,0,884,2,10,5,0,500,0.6,1000,0.2,1400,0.2,1
13,1,746,2,10,5,0,500,0.6,1000,0.2,1400,0.2,1
13,2,735,2,10,5,0,500,0.6,1000,0.2,1400,0.2,0
13,3,908,1,0,500,0.6,1000,0.2,1400,0.2,2
13,4,617,2,10,5,0,300,0.5,1700,0.5,1
13,5,784,0,0,300,0.5,1700,0.5,0
13,6,328,0,0,300,0.5,1700,0.5,1
13,7,633,2,10,5,0,500,0.6,1000,0.2,1400,0.2,1
13,8,423,0,0,300,0.5,1700,0.5,0
13,9,248,2,10,5,0,500,0.6,1000,0.2,1400,0.2,2
13,10,570,1,0,300,0.5,1700,0.5,2
13,11,998,2,10,5,0,300,0.5,1700,0.5,2
13,12,857,0,0,500,0.6,1000,0.2,1400,0.2,1
13,13,779,0,0,300,0.5,1700,0.5,0
13,14,621,0,0,500,0.6,1000,0.2,1400,0.2,1
13,15,499,2,10,5,0,300,0.5,1700,0.5,0
13,16,876,1,0,500,0.6,1000,0.2,1400,0.2,2
13,17,697,0,0,500,0.6,1000,0.2,1400,0.2,0
13,18,75,2,10,5,0,500,0.6,1000,0.2,1400,0.2,0
13,19,659,0,0,500,0.6,1000,0.2,1400,0.2,0
14,0,658,1,0,500,0.6,1000,0.2,1400,0.2,1
14,1,374,1,0,500,0.6,1000,0.2,1400,0.2,2
14,2,834,1,0,500,0.6,1000,0.2,1400,0.2,0
14,3,285,2,10,5,0,500,0.6,1000,0.2,1400,0.2,2
14,4,750,1,0,500,0.6,1000,0.2,1400,0.2,1
14,5,438,1,0,300,0.5,1700,0.5,0
14,6,161,1,0,300,0.5,1700,0.5,0
14,7,321,1,0,300,0.5,1700,0.5,1
14,8,176,0,0,300,0.5,1700,0.5,2
14,9,243,2,10,5,0,300,0.5,1700,0.5,1
14,10,828,1,0,500,0.6,1000,0.2,1400,0.2,1
14,11,380,0,0,300,0.5,1700,0.5,0
14,12,368,2,10,5,0,500,0.6,1000,0.2,1400,0.2,2
14,13,626,2,10,5,0,500,0.6,1000,0.2,1400,0.2,0
14,14,225,2,10,5,0,500,0.6,1000,0.2,1400,0.2,2
14,15,638,1,0,300,0.5,1700,0.5,2
14,16,116,2,10,5,0,500,0.6,1000,0.2,1400,0.2,0
14,17,392,2,10,5,0,500,0.6,1000,0.2,1400,0.2,1
14,18,976,2,10,5,0,500,0.6,1000,0.2,1400,0.2,1
14,19,922,1,0,300,0.5,1700,0.5,1
15,0,883,0,0,300,0.5,1700,0.5,2
15,1,978,0,0,300,0.5,1700,0.5,0
15,2,751,1,0,300,0.5,1700,0.5,0
15,3,242,1,0,300,0.5,1700,0.5,2
15,4,697,0,0,500,0.6,1000,0.2,1400,0.2,1
15,5,135,1,0,300,0.5,1700,0.5,1
15,6,438,1,0,300,0.5,1700,0.5,2
15,7,723,0,0,300,0.5,1700,0.5,2
15,8,380,1,0,500,0.6,1000,0.2,1400,0.2,0
15,9,232,2,10,5,0,300,0.5,1700,0.5,2
15,10,868,0,0,500,0.6,1000,0.2,1400,0.2,0
15,11,64,1,0,500,0.6,1000,0.2,1400,0.2,1
15,12,329,0,0,300,0.5,1700,0.5,1
15,13,217,1,0,300,0.5,1700,0.5,2
15,14,502,2,10,5,0,300,0.5,1700,0.5,1
15,15,995,1,0,300,0.5,1700,0.5,0
15,16,153,1,0,300,0.5,1700,0.5,0
15,17,705,1,0,500,0.6,1000,0.2,1400,0.2,2
15,18,967,1,0,300,0.5,1700,0.5,2
15,19,789,0,0,500,0.6,1000,0.2,1400,0.2,2
16,0,618,2,10,5,0,300,0.5,1700,0.5,2
16,1,645,2,10,5,0,300,0.5,1700,0.5,0
16,2,24,1,0,300,0.5,1700,0.5,1
16,3,120,0,0,500,0.6,1000,0.2,1400,0.2,0
16,4,752,2,10,5,0,500,0.6,1000,0.2,1400,0.2,1
16,5,791,2,10,5,0,500,0.6,1000,0.2,1400,0.2,1
16,6,413,0,0,500,0.6,1000,0.2,1400,0.2,1
16,7,26,1,0,300,0.5,1700,0.5,2
16,8,717,2,10,5,0,300,0.5,1700,0.5,0
16,9,730,0,0,500,0.6,1000,0.2,1400,0.2,2
16,10,533,0,0,500,0.6,1000,0.2,1400,0.2,1
16,11,473,1,0,300,0.5,1700,0.5,2
16,12,206,1,0,300,0.5,1700,0.5,1
16,13,331,2,10,5,0,500,0.6,1000,0.2,1400,0.2,2
16,14,681,0,0,500,0.6,1000,0.2,1400,0.2,0
16,15,243,1,0,300,0.5,1700,0.5,1
16,16,621,1,0,500,0.6,1000,0.2,1400,0.2,0
16,17,769,0,0,300,0.5,1700,0.5,1
16,18,822,2,10,5,0,300,0.5,1700,0.5,2
16,19,663,1,0,500,0.6,1000,0.2,1400,0.2,2
17,0,999,1,0,500,0.6,1000,0.2,1400,0.2,0
17,1,565,0,0,500,0.6,1000,0.2,1400,0.2,2
17,2,893,1,0,500,0.6,1000,0.2,1400,0.2,0
17,3,187,2,10,5,0,500,0.6,1000,0.2,1400,0.2,0
17,4,292,2,10,5,0,300,0.5,1700,0.5,1
17,5,264,0,0,500,0.6,1000,0.2,1400,0.2,2
17,6,202,0,0,500,0.6,1000,0.2,1400,0.2,2
17,7,512,2,10,5,0,300,0.5,1700,0.5,2
17,8,911,0,0,300,0.5,1700,0.5,1
17,9,64,0,0,500,0.6,1000,0.2,1400,0.2,0
17,10,781,1,0,300,0.5,1700,0.5,2
17,11,918,1,0,500,0.6,1000,0.2,1400,0.2,1
17,12,905,0,0,500,0.6,1000,0.2,1400,0.2,2
17,13,89,2,10,5,0,300,0.5,1700,0.5,1
17,14,143,0,0,300,0.5,1700,0.5,0
17,15,482,2,10,5,0,300,0.5,1700,0.5,0
17,16,658,1,0,300,0.5,1700,0.5,0
17,17,999,1,0,300,0.5,1700,0.5,2
17,18,348,0,0,300,0.5,1700,0.5,1
17,19,650,2,10,5,0,300,0.5,1700,0.5,2
18,0,604,1,0,300,0.5,1700,0.5,0
18,1,827,2,10,5,0,300,0.5,1700,0.5,2
18,2,759,0,0,300,0.5,1700,0.5,0
18,3,482,1,0,500,0.6,1000,0.2,1400,0.2,0
18,4,248,1,0,500,0.6,1000,0.2,1400,0.2,1
18,5,888,2,10,5,0,500,0.6,1000,0.2,1400,0.2,1
18,6,691,0,0,500,0.6,1000,0.2,1400,0.2,2
18,7,244,1,0,300,0.5,1700,0.5,0
18,8,561,1,0,500,0.6,1000,0.2,1400,0.2,2
18,9,623,1,0,500,0.6,1000,0.2,1400,0.2,0
18,10,893,1,0,300,0.5,1700,0.5,1
18,11,880,1,0,300,0.5,1700,0.5,1
18,12,321,0,0,300,0.5,1700,0.5,2
18,13,722,2,10,5,0,500,0.6,1000,0.2,1400,0.2,0
18,14,526,2,10,5,0,300,0.5,1700,0.5,0
18,15,22,2,10,5,0,500,0.6,1000,0.2,1400,0.2,1
18,16,591,1,0,300,0.5,1700,0.5,1
18,17,797,0,0,500,0.6,1000,0.2,1400,0.2,2
18,18,661,1,0,500,0.6,1000,0.2,1400,0.2,2
18,19,999,2,10,5,0,500,0.6,1000,0.2,1400,0.2,1
19,0,398,2,10,5,0,500,0.6,1000,0.2,1400,0.2,2
19,1,634,1,0,300,0.5,1700,0.5,1
19,2,511,1,0,500,0.6,1000,0.2,1400,0.2,2
19,3,821,1,0,300,0.5,1700,0.5,2
19,4,900,0,0,500,0.6,1000,0.2,1400,0.2,2
19,5,797,1,0,300,0.5,1700,0.5,1
19,6,803,0,0,500,0.6,1000,0.2,1400,0.2,0
19,7,313,1,0,500,0.6,1000,0.2,1400,0.2,2
19,8,132,2,10,5,0,300,0.5,1700,0.5,2
19,9,502,1,0,500,0.6,1000,0.2,1400,0.2,2
19,10,145,2,10,5,0,500,0.6,1000,0.2,1400,0.2,0
19,11,611,2,10,5,0,500,0.6,1000,0.2,1400,0.2,1
19,12,175,1,0,300,0.5,1700,0.5,0
19,13,610,1,0,300,0.5,1700,0.5,2
19,14,225,1,0,300,0.5,1700,0.5,0
19,15,45,1,0,500,0.6,1000,0.2,1400,0.2,0
19,16,376,2,10,5,0,500,0.6,1000,0.2,1400,0.2,0
19,17,48,1,0,500,0.6,1000,0.2,1400,0.2,1
19,18,327,0,0,300,0.5,1700,0.5,2
19,19,165,0,0,500,0.6,1000,0.2,1400,0.2,0
