0,0,690,2,10,5,0,500,0.6,1000,0.2,1400,0.2,2
0,1,448,0,0,300,0.5,1700,0.5,0
0,2,234,0,0,300,0.5,1700,0.5,2
0,3,124,1,0,300,0.5,1700,0.5,0
0,4,831,1,0,300,0.5,1700,0.5,1
0,5,52,0,0,500,0.6,1000,0.2,1400,0.2,0
0,6,953,1,0,300,0.5,1700,0.5,1
0,7,110,2,10,5,0,500,0.6,1000,0.2,1400,0.2,0
0,8,518,2,10,5,0,500,0.6,1000,0.2,1400,0.2,2
0,9,326,2,10,5,0,300,0.5,1700,0.5,0
0,10,911,2,10,5,0,500,0.6,1000,0.2,1400,0.2,2
0,11,677,0,0,300,0.5,1700,0.5,0
0,12,546,2,10,5,0,300,0.5,1700,0.5,2
0,13,728,2,10,5,0,300,0.5,1700,0.5,2
0,14,981,0,0,300,0.5,1700,0.5,2
0,15,852,1,0,300,0.5,1700,0.5,1
0,16,922,1,0,300,0.5,1700,0.5,2
0,17,730,0,0,500,0.6,1000,0.2,1400,0.2,0
0,18,482,2,10,5,0,300,0.5,1700,0.5,1
0,19,599,1,0,300,0.5,1700,0.5,1
1,0,14,1,0,500,0.6,1000,0.2,1400,0.2,0
1,1,892,0,0,300,0.5,1700,0.5,2
1,2,379,1,0,300,0.5,1700,0.5,2
1,3,517,2,10,5,0,300,0.5,1700,0.5,2
1,4,445,2,10,5,0,500,0.6,1000,0.2,1400,0.2,0
1,5,906,0,0,300,0.5,1700,0.5,1
1,6,285,1,0,500,0.6,1000,0.2,1400,0.2,0
1,7,844,1,0,300,0.5,1700,0.5,1
1,8,183,2,10,5,0,300,0.5,1700,0.5,0
1,9,474,1,0,300,0.5,1700,0.5,2
1,10,278,0,0,300,0.5,1700,0.5,1
1,11,381,1,0,500,0.6,1000,0.2,1400,0.2,2
1,12,110,0,0,500,0.6,1000,0.2,1400,0.2,0
1,13,473,0,0,300,0.5,1700,0.5,0
1,14,704,0,0,300,0.5,1700,0.5,2
1,15,434,0,0,300,0.5,1700,0.5,1
1,16,575,0,0,500,0.6,1000,0.2,1400,0.2,0
1,17,439,0,0,300,0.5,1700,0.5,2
1,18,488,0,0,300,0.5,1700,0.5,0
1,19,508,0,0,300,0.5,1700,0.5,1
2,0,581,2,10,5,0,500,0.6,1000,0.2,1400,0.2,1
2,1,879,2,10,5,0,300,0.5,1700,0.5,2
2,2,436,1,0,300,0.5,1700,0.5,1
2,3,616,0,0,500,0.6,1000,0.2,1400,0.2,1
2,4,808,0,0,300,0.5,1700,0.5,0
2,5,353,1,0,500,0.6,1000,0.2,1400,0.2,0
2,6,614,1,0,300,0.5,1700,0.5,0
2,7,631,1,0,300,0.5,1700,0.5,0
2,8,297,0,0,500,0.6,1000,0.2,1400,0.2,2
2,9,207,0,0,500,0.6,1000,0.2,1400,0.2,0
2,10,1000,0,0,300,0.5,1700,0.5,2
2,11,213,2,10,5,0,500,0.6,1000,0.2,1400,0.2,2
2,12,585,0,0,500,0.6,1000,0.2,1400,0.2,0
2,13,175,2,10,5,0,300,0.5,1700,0.5,2
2,14,348,0,0,500,0.6,1000,0.2,1400,0.2,0
2,15,317,2,10,5,0,300,0.5,1700,0.5,2
2,16,324,2,10,5,0,500,0.6,1000,0.2,1400,0.2,2
2,17,281,1,0,500,0.6,1000,0.2,1400,0.2,0
2,18,535,0,0,300,0.5,1700,0.5,1
2,19,634,0,0,500,0.6,1000,0.2,1400,0.2,0
3,0,787,1,0,300,0.5,1700,0.5,0
3,1,435,0,0,300,0.5,1700,0.5,2
3,2,691,2,10,5,0,500,0.6,1000,0.2,1400,0.2,0
3,3,396,1,0,300,0.5,1700,0.5,1
3,4,649,2,10,5,0,500,0.6,1000,0.2,1400,0.2,1
3,5,117,1,0,500,0.6,1000,0.2,1400,0.2,2
3,6,431,0,0,500,0.6,1000,0.2,1400,0.2,0
3,7,422,0,0,300,0.5,1700,0.5,1
3,8,342,0,0,300,0.5,1700,0.5,1
3,9,973,0,0,500,0.6,1000,0.2,1400,0.2,2
3,10,326,0,0,500,0.6,1000,0.2,1400,0.2,1
3,11,618,0,0,300,0.5,1700,0.5,0
3,12,974,0,0,500,0.6,1000,0.2,1400,0.2,1
3,13,727,1,0,300,0.5,1700,0.5,0
3,14,557,2,10,5,0,500,0.6,1000,0.2,1400,0.2,2
3,15,798,2,10,5,0,500,0.6,1000,0.2,1400,0.2,1
3,16,172,2,10,5,0,300,0.5,1700,0.5,2
3,17,906,1,0,500,0.6,1000,0.2,1400,0.2,2
3,18,240,2,10,5,0,300,0.5,1700,0.5,1
3,19,20,2,10,5,0,500,0.6,1000,0.2,1400,0.2,0
4,0,710,2,10,5,0,500,0.6,1000,0.2,1400,0.2,0
4,1,306,1,0,500,0.6,1000,0.2,1400,0.2,2
4,2,55,2,10,5,0,300,0.5,1700,0.5,0
4,3,138,1,0,300,0.5,1700,0.5,1
4,4,523,0,0,300,0.5,1700,0.5,0
4,5,91,1,0,300,0.5,1700,0.5,1
4,6,972,2,10,5,0,300,0.5,1700,0.5,1
4,7,159,2,10,5,0,500,0.6,1000,0.2,1400,0.2,2
4,8,808,0,0,500,0.6,1000,0.2,1400,0.2,2
4,9,541,1,0,300,0.5,1700,0.5,0
4,10,597,0,0,300,0.5,1700,0.5,2
4,11,987,0,0,300,0.5,1700,0.5,0
4,12,400,0,0,500,0.6,1000,0.2,1400,0.2,0
4,13,971,2,10,5,0,500,0.6,1000,0.2,1400,0.2,0
4,14,72,1,0,500,0.6,1000,0.2,1400,0.2,1
4,15,76,1,0,500,0.6,1000,0.2,1400,0.2,1
4,16,209,2,10,5,0,300,0.5,1700,0.5,1
4,17,914,0,0,500,0.6,1000,0.2,1400,0.2,0
4,18,554,1,0,300,0.5,1700,0.5,0
4,19,383,0,0,300,0.5,1700,0.5,1
5,0,765,0,0,500,0.6,1000,0.2,1400,0.2,2
5,1,340,1,0,300,0.5,1700,0.5,2
5,2,251,2,10,5,0,500,0.6,1000,0.2,1400,0.2,0
5,3,973,0,0,300,0.5,1700,0.5,0
5,4,702,0,0,300,0.5,1700,0.5,1
5,5,326,0,0,300,0.5,1700,0.5,1
5,6,700,2,10,5,0,300,0.5,1700,0.5,1
5,7,814,1,0,500,0.6,1000,0.2,1400,0.2,1
5,8,21,2,10,5,0,500,0.6,1000,0.2,1400,0.2,2
5,9,578,0,0,300,0.5,1700,0.5,0
5,10,232,0,0,300,0.5,1700,0.5,0
5,11,120,2,10,5,0,500,0.6,1000,0.2,1400,0.2,0
5,12,368,2,10,5,0,300,0.5,1700,0.5,1
5,13,519,1,0,300,0.5,1700,0.5,1
5,14,360,1,0,300,0.5,1700,0.5,2
5,15,531,0,0,500,0.6,1000,0.2,1400,0.2,0
5,16,955,0,0,500,0.6,1000,0.2,1400,0.2,2
5,17,534,2,10,5,0,500,0.6,1000,0.2,1400,0.2,2
5,18,722,1,0,300,0.5,1700,0.5,1
5,19,437,0,0,300,0.5,1700,0.5,1
6,0,560,2,10,5,0,300,0.5,1700,0.5,1
6,1,269,1,0,500,0.6,1000,0.2,1400,0.2,0
6,2,564,0,0,500,0.6,1000,0.2,1400,0.2,0
6,3,722,2,10,5,0,300,0.5,1700,0.5,1
6,4,467,0,0,500,0.6,1000,0.2,1400,0.2,2
6,5,654,2,10,5,0,300,0.5,1700,0.5,1
6,6,417,0,0,500,0.6,1000,0.2,1400,0.2,2
6,7,494,0,0,500,0.6,1000,0.2,1400,0.2,2
6,8,104,2,10,5,0,500,0.6,1000,0.2,1400,0.2,0
6,9,278,1,0,500,0.6,1000,0.2,1400,0.2,0
6,10,976,2,10,5,0,500,0.6,1000,0.2,1400,0.2,1
6,11,993,2,10,5,0,500,0.6,1000,0.2,1400,0.2,2
6,12,661,0,0,500,0.6,1000,0.2,1400,0.2,2
6,13,606,0,0,300,0.5,1700,0.5,0
6,14,693,2,10,5,0,300,0.5,1700,0.5,0
6,15,949,0,0,500,0.6,1000,0.2,1400,0.2,0
6,16,811,0,0,300,0.5,1700,0.5,2
6,17,87,1,0,500,0.6,1000,0.2,1400,0.2,1
6,18,754,2,10,5,0,500,0.6,1000,0.2,1400,0.2,2
6,19,473,1,0,500,0.6,1000,0.2,1400,0.2,2
7,0,659,0,0,500,0.6,1000,0.2,1400,0.2,0
7,1,269,1,0,500,0.6,1000,0.2,1400,0.2,2
7,2,360,0,0,500,0.6,1000,0.2,1400,0.2,0
7,3,986,1,0,300,0.5,1700,0.5,0
7,4,191,2,10,5,0,300,0.5,1700,0.5,2
7,5,973,1,0,500,0.6,1000,0.2,1400,0.2,1
7,6,592,0,0,500,0.6,1000,0.2,1400,0.2,1
7,7,44,2,10,5,0,500,0.6,1000,0.2,1400,0.2,1
7,8,839,2,10,5,0,300,0.5,1700,0.5,1
7,9,930,1,0,500,0.6,1000,0.2,1400,0.2,2
7,10,232,1,0,300,0.5,1700,0.5,2
7,11,647,1,0,300,0.5,1700,0.5,0
7,12,189,0,0,300,0.5,1700,0.5,0
7,13,258,2,10,5,0,500,0.6,1000,0.2,1400,0.2,2
7,14,695,0,0,500,0.6,1000,0.2,1400,0.2,0
7,15,976,2,10,5,0,300,0.5,1700,0.5,2
7,16,886,2,10,5,0,500,0.6,1000,0.2,1400,0.2,0
7,17,207,0,0,500,0.6,1000,0.2,1400,0.2,0
7,18,271,0,0,500,0.6,1000,0.2,1400,0.2,2
7,19,614,0,0,300,0.5,1700,0.5,0
8,0,416,1,0,500,0.6,1000,0.2,1400,0.2,0
8,1,915,2,10,5,0,300,0.5,1700,0.5,1
8,2,866,2,10,5,0,500,0.6,1000,0.2,1400,0.2,2
8,3,639,1,0,500,0.6,1000,0.2,1400,0.2,1
8,4,511,2,10,5,0,300,0.5,1700,0.5,0
8,5,184,2,10,5,0,500,0.6,1000,0.2,1400,0.2,1
8,6,178,0,0,300,0.5,1700,0.5,0
8,7,558,0,0,500,0.6,1000,0.2,1400,0.2,0
8,8,262,1,0,500,0.6,1000,0.2,1400,0.2,0
8,9,598,1,0,500,0.6,1000,0.2,1400,0.2,0
8,10,316,0,0,300,0.5,1700,0.5,1
8,11,589,2,10,5,0,500,0.6,1000,0.2,1400,0.2,0
8,12,262,0,0,500,0.6,1000,0.2,1400,0.2,2
8,13,411,0,0,500,0.6,1000,0.2,1400,0.2,0
8,14,13,0,0,500,0.6,1000,0.2,1400,0.2,1
8,15,747,0,0,300,0.5,1700,0.5,1
8,16,457,1,0,300,0.5,1700,0.5,1
8,17,756,1,0,300,0.5,1700,0.5,2
8,18,268,2,10,5,0,300,0.5,1700,0.5,1
8,19,588,1,0,500,0.6,1000,0.2,1400,0.2,2
9,0,773,1,0,500,0.6,1000,0.2,1400,0.2,0
9,1,212,0,0,500,0.6,1000,0.2,1400,0.2,1
9,2,253,2,10,5,0,500,0.6,1000,0.2,1400,0.2,0
9,3,680,2,10,5,0,500,0.6,1000,0.2,1400,0.2,1
9,4,614,1,0,300,0.5,1700,0.5,1
9,5,120,1,0,300,0.5,1700,0.5,0
9,6,621,1,0,500,0.6,1000,0.2,1400,0.2,2
9,7,341,0,0,300,0.5,1700,0.5,0
9,8,634,2,10,5,0,300,0.5,1700,0.5,2
9,9,173,2,10,5,0,500,0.6,1000,0.2,1400,0.2,2
9,10,91,2,10,5,0,500,0.6,1000,0.2,1400,0.2,1
9,11,190,2,10,5,0,300,0.5,1700,0.5,0
9,12,302,2,10,5,0,500,0.6,1000,0.2,1400,0.2,2
9,13,891,2,10,5,0,300,0.5,1700,0.5,1
9,14,119,0,0,500,0.6,1000,0.2,1400,0.2,0
9,15,95,2,10,5,0,500,0.6,1000,0.2,1400,0.2,2
9,16,175,2,10,5,0,500,0.6,1000,0.2,1400,0.2,1
9,17,679,0,0,300,0.5,1700,0.5,2
9,18,156,1,0,500,0.6,1000,0.2,1400,0.2,2
9,19,784,0,0,500,0.6,1000,0.2,1400,0.2,2
10,0,27,0,0,500,0.6,1000,0.2,1400,0.2,1
10,1,289,1,0,300,0.5,1700,0.5,1
10,2,185,0,0,500,0.6,1000,0.2,1400,0.2,0
10,3,669,2,10,5,0,500,0.6,1000,0.2,1400,0.2,2
10,4,644,2,10,5,0,300,0.5,1700,0.5,1
10,5,616,2,10,5,0,300,0.5,1700,0.5,2
10,6,782,2,10,5,0,500,0.6,1000,0.2,1400,0.2,1
10,7,976,0,0,500,0.6,1000,0.2,1400,0.2,2
10,8,260,1,0,500,0.6,1000,0.2,1400,0.2,0
10,9,852,0,0,500,0.6,1000,0.2,1400,0.2,1
10,10,570,1,0,300,0.5,1700,0.5,1
10,11,814,2,10,5,0,300,0.5,1700,0.5,1
10,12,443,0,0,300,0.5,1700,0.5,0
10,13,435,0,0,300,0.5,1700,0.5,0
10,14,88,1,0,300,0.5,1700,0.5,1
10,15,396,2,10,5,0,500,0.6,1000,0.2,1400,0.2,0
10,16,73,0,0,300,0.5,1700,0.5,1
10,17,975,0,0,500,0.6,1000,0.2,1400,0.2,1
10,18,134,1,0,300,0.5,1700,0.5,2
10,19,858,1,0,300,0.5,1700,0.5,0
11,0,658,1,0,500,0.6,1000,0.2,1400,0.2,2
11,1,151,0,0,500,0.6,1000,0.2,1400,0.2,1
11,2,258,1,0,300,0.5,1700,0.5,1
11,3,530,1,0,500,0.6,1000,0.2,1400,0.2,2
11,4,140,1,0,500,0.6,1000,0.2,1400,0.2,1
11,5,92,0,0,300,0.5,1700,0.5,1
11,6,677,2,10,5,0,300,0.5,1700,0.5,0
11,7,593,2,10,5,0,300,0.5,1700,0.5,1
11,8,44,2,10,5,0,300,0.5,1700,0.5,2
11,9,840,0,0,300,0.5,1700,0.5,1
11,10,127,2,10,5,0,500,0.6,1000,0.2,1400,0.2,2
11,11,10,0,0,500,0.6,1000,0.2,1400,0.2,2
11,12,458,1,0,500,0.6,1000,0.2,1400,0.2,0
11,13,795,1,0,500,0.6,1000,0.2,1400,0.2,1
11,14,660,2,10,5,0,300,0.5,1700,0.5,2
11,15,115,0,0,300,0.5,1700,0.5,0
11,16,816,1,0,500,0.6,1000,0.2,1400,0.2,1
11,17,530,1,0,500,0.6,1000,0.2,1400,0.2,0
11,18,156,2,10,5,0,500,0.6,1000,0.2,1400,0.2,2
11,19,486,1,0,300,0.5,1700,0.5,0
12,0,144,0,0,500,0.6,1000,0.2,1400,0.2,1
12,1,363,2,10,5,0,300,0.5,1700,0.5,1
12,2,608,2,10,5,0,300,0.5,1700,0.5,0
12,3,272,1,0,300,0.5,1700,0.5,1
12,4,226,1,0,300,0.5,1700,0.5,0
12,5,20,2,10,5,0,300,0.5,1700,0.5,1
12,6,791,1,0,300,0.5,1700,0.5,0
12,7,688,1,0,300,0.5,1700,0.5,0
12,8,816,1,0,500,0.6,1000,0.2,1400,0.2,1
12,9,770,0,0,300,0.5,1700,0.5,2
12,10,448,0,0,300,0.5,1700,0.5,2
12,11,999,1,0,300,0.5,1700,0.5,2
12,12,946,0,0,300,0.5,1700,0.5,1
12,13,734,2,10,5,0,500,0.6,1000,0.2,1400,0.2,1
12,14,897,0,0,500,0.6,1000,0.2,1400,0.2,1
12,15,974,0,0,300,0.5,1700,0.5,1
12,16,773,1,0,300,0.5,1700,0.5,0
12,17,375,1,0,300,0.5,1700,0.5,2
12,18,582,0,0,500,0.6,1000,0.2,1400,0.2,1
12,19,341,2,10,5,0,500,0.6,1000,0.2,1400,0.2,1
13,0,217,2,10,5,0,300,0.5,1700,0.5,2
13,1,966,0,0,300,0.5,1700,0.5,0
13,2,751,1,0,500,0.6,1000,0.2,1400,0.2,1
13,3,532,0,0,500,0.6,1000,0.2,1400,0.2,2
13,4,837,0,0,500,0.6,1000,0.2,1400,0.2,0
13,5,621,2,10,5,0,500,0.6,1000,0.2,1400,0.2,0
13,6,702,0,0,500,0.6,1000,0.2,1400,0.2,0
13,7,14,1,0,300,0.5,1700,0.5,1
13,8,880,1,0,300,0.5,1700,0.5,2
13,9,33,2,10,5,0,500,0.6,1000,0.2,1400,0.2,0
13,10,663,1,0,500,0.6,1000,0.2,1400,0.2,1
13,11,87,0,0,300,0.5,1700,0.5,2
13,12,61,2,10,5,0,500,0.6,1000,0.2,1400,0.2,2
13,13,719,1,0,500,0.6,1000,0.2,1400,0.2,1
13,14,660,1,0,300,0.5,1700,0.5,2
13,15,789,2,10,5,0,500,0.6,1000,0.2,1400,0.2,2
13,16,18,1,0,500,0.6,1000,0.2,1400,0.2,2
13,17,330,0,0,300,0.5,1700,0.5,0
13,18,360,0,0,300,0.5,1700,0.5,2
13,19,775,0,0,500,0.6,1000,0.2,1400,0.2,0
14,0,242,0,0,300,0.5,1700,0.5,1
14,1,586,1,0,300,0.5,1700,0.5,0
14,2,903,0,0,300,0.5,1700,0.5,0
14,3,147,2,10,5,0,500,0.6,1000,0.2,1400,0.2,0
14,4,686,0,0,300,0.5,1700,0.5,0
14,5,829,0,0,500,0.6,1000,0.2,1400,0.2,1
14,6,858,0,0,300,0.5,1700,0.5,1
14,7,85,0,0,300,0.5,1700,0.5,0
14,8,588,1,0,500,0.6,1000,0.2,1400,0.2,2
14,9,833,2,10,5,0,300,0.5,1700,0.5,2
14,10,659,1,0,300,0.5,1700,0.5,2
14,11,893,1,0,300,0.5,1700,0.5,1
14,12,899,0,0,500,0.6,1000,0.2,1400,0.2,0
14,13,34,1,0,500,0.6,1000,0.2,1400,0.2,1
14,14,342,2,10,5,0,300,0.5,1700,0.5,2
14,15,602,0,0,300,0.5,1700,0.5,1
14,16,876,0,0,500,0.6,1000,0.2,1400,0.2,1
14,17,65,2,10,5,0,300,0.5,1700,0.5,1
14,18,488,2,10,5,0,300,0.5,1700,0.5,1
14,19,842,2,10,5,0,500,0.6,1000,0.2,1400,0.2,1
15,0,647,1,0,500,0.6,1000,0.2,1400,0.2,0
15,1,233,2,10,5,0,500,0.6,1000,0.2,1400,0.2,1
15,2,759,0,0,500,0.6,1000,0.2,1400,0.2,2
15,3,389,0,0,300,0.5,1700,0.5,1
15,4,766,1,0,500,0.6,1000,0.2,1400,0.2,2
15,5,470,0,0,500,0.6,1000,0.2,1400,0.2,0
15,6,498,2,10,5,0,300,0.5,1700,0.5,0
15,7,259,0,0,500,0.6,1000,0.2,1400,0.2,2
15,8,499,0,0,500,0.6,1000,0.2,1400,0.2,2
15,9,743,1,0,300,0.5,1700,0.5,2
15,10,114,1,0,500,0.6,1000,0.2,1400,0.2,2
15,11,215,1,0,300,0.5,1700,0.5,1
15,12,201,0,0,300,0.5,1700,0.5,0
15,13,247,0,0,500,0.6,1000,0.2,1400,0.2,0
15,14,984,2,10,5,0,300,0.5,1700,0.5,0
15,15,63,2,10,5,0,300,0.5,1700,0.5,0
15,16,257,1,0,300,0.5,1700,0.5,0
15,17,938,0,0,500,0.6,1000,0.2,1400,0.2,2
15,18,754,0,0,500,0.6,1000,0.2,1400,0.2,0
15,19,843,1,0,500,0.6,1000,0.2,1400,0.2,2
16,0,724,0,0,500,0.6,1000,0.2,1400,0.2,1
16,1,725,0,0,300,0.5,1700,0.5,1
16,2,284,2,10,5,0,500,0.6,1000,0.2,1400,0.2,1
16,3,807,2,10,5,0,300,0.5,1700,0.5,2
16,4,137,0,0,300,0.5,1700,0.5,0
16,5,611,1,0,300,0.5,1700,0.5,2
16,6,524,0,0,500,0.6,1000,0.2,1400,0.2,0
16,7,85,0,0,300,0.5,1700,0.5,0
16,8,967,1,0,300,0.5,1700,0.5,1
16,9,237,1,0,500,0.6,1000,0.2,1400,0.2,0
16,10,497,2,10,5,0,300,0.5,1700,0.5,1
16,11,365,1,0,300,0.5,1700,0.5,2
16,12,246,2,10,5,0,500,0.6,1000,0.2,1400,0.2,1
16,13,207,0,0,500,0.6,1000,0.2,1400,0.2,2
16,14,877,0,0,300,0.5,1700,0.5,1
16,15,342,1,0,300,0.5,1700,0.5,2
16,16,15,0,0,500,0.6,1000,0.2,1400,0.2,1
16,17,518,0,0,300,0.5,1700,0.5,0
16,18,778,0,0,500,0.6,1000,0.2,1400,0.2,1
16,19,275,0,0,300,0.5,1700,0.5,1
17,0,1000,1,0,500,0.6,1000,0.2,1400,0.2,1
17,1,765,1,0,500,0.6,1000,0.2,1400,0.2,1
17,2,751,2,10,5,0,300,0.5,1700,0.5,1
17,3,760,1,0,500,0.6,1000,0.2,1400,0.2,0
17,4,262,2,10,5,0,500,0.6,1000,0.2,1400,0.2,1
17,5,648,0,0,300,0.5,1700,0.5,0
17,6,632,0,0,500,0.6,1000,0.2,1400,0.2,2
17,7,979,0,0,300,0.5,1700,0.5,2
17,8,430,2,10,5,0,500,0.6,1000,0.2,1400,0.2,2
17,9,330,1,0,300,0.5,1700,0.5,1
17,10,967,1,0,300,0.5,1700,0.5,0
17,11,119,1,0,300,0.5,1700,0.5,1
17,12,650,1,0,300,0.5,1700,0.5,0
17,13,209,2,10,5,0,500,0.6,1000,0.2,1400,0.2,1
17,14,938,0,0,500,0.6,1000,0.2,1400,0.2,2
17,15,169,2,10,5,0,500,0.6,1000,0.2,1400,0.2,0
17,16,301,0,0,500,0.6,1000,0.2,1400,0.2,0
17,17,739,2,10,5,0,300,0.5,1700,0.5,1
17,18,801,1,0,300,0.5,1700,0.5,2
17,19,301,2,10,5,0,300,0.5,1700,0.5,0
18,0,50,1,0,300,0.5,1700,0.5,2
18,1,787,2,10,5,0,300,0.5,1700,0.5,2
18,2,634,0,0,500,0.6,1000,0.2,1400,0.2,0
18,3,123,2,10,5,0,500,0.6,1000,0.2,1400,0.2,1
18,4,152,2,10,5,0,300,0.5,1700,0.5,2
18,5,203,0,0,300,0.5,1700,0.5,0
18,6,982,0,0,300,0.5,1700,0.5,2
18,7,611,0,0,300,0.5,1700,0.5,0
18,8,306,2,10,5,0,300,0.5,1700,0.5,0
18,9,389,1,0,500,0.6,1000,0.2,1400,0.2,1
18,10,856,1,0,500,0.6,1000,0.2,1400,0.2,0
18,11,155,1,0,300,0.5,1700,0.5,2
18,12,241,1,0,300,0.5,1700,0.5,1
18,13,674,2,10,5,0,300,0.5,1700,0.5,2
18,14,670,2,10,5,0,500,0.6,1000,0.2,1400,0.2,1
18,15,993,2,10,5,0,500,0.6,1000,0.2,1400,0.2,2
18,16,552,1,0,300,0.5,1700,0.5,1
18,17,833,1,0,500,0.6,1000,0.2,1400,0.2,2
18,18,543,2,10,5,0,300,0.5,1700,0.5,2
18,19,973,1,0,500,0.6,1000,0.2,1400,0.2,1
19,0,547,2,10,5,0,300,0.5,1700,0.5,1
19,1,574,2,10,5,0,500,0.6,1000,0.2,1400,0.2,0
19,2,929,1,0,300,0.5,1700,0.5,0
19,3,184,1,0,300,0.5,1700,0.5,2
19,4,10,0,0,300,0.5,1700,0.5,1
19,5,959,0,0,300,0.5,1700,0.5,0
19,6,66,2,10,5,0,500,0.6,1000,0.2,1400,0.2,2
19,7,291,0,0,300,0.5,1700,0.5,2
19,8,713,1,0,500,0.6,1000,0.2,1400,0.2,1
19,9,665,0,0,500,0.6,1000,0.2,1400,0.2,2
19,10,970,0,0,500,0.6,1000,0.2,1400,0.2,1
19,11,628,1,0,300,0.5,1700,0.5,0
19,12,184,0,0,500,0.6,1000,0.2,1400,0.2,2
19,13,197,0,0,300,0.5,1700,0.5,1
19,14,37,1,0,300,0.5,1700,0.5,2
19,15,121,0,0,300,0.5,1700,0.5,0
19,16,131,0,0,500,0.6,1000,0.2,1400,0.2,1
19,17,496,0,0,300,0.5,1700,0.5,0
19,18,692,1,0,300,0.5,1700,0.5,0
19,19,963,0,0,500,0.6,1000,0.2,1400,0.2,2
