0,0,962,1,0,300,0.5,1700,0.5,2
0,1,981,2,10,5,0,300,0.5,1700,0.5,1
0,2,789,0,0,500,0.6,1000,0.2,1400,0.2,1
0,3,324,2,10,5,0,300,0.5,1700,0.5,2
0,4,197,0,0,500,0.6,1000,0.2,1400,0.2,1
0,5,787,0,0,300,0.5,1700,0.5,1
0,6,662,0,0,500,0.6,1000,0.2,1400,0.2,2
0,7,729,1,0,500,0.6,1000,0.2,1400,0.2,1
0,8,81,1,0,500,0.6,1000,0.2,1400,0.2,2
0,9,919,2,10,5,0,500,0.6,1000,0.2,1400,0.2,0
0,10,931,1,0,500,0.6,1000,0.2,1400,0.2,1
0,11,18,1,0,500,0.6,1000,0.2,1400,0.2,0
0,12,338,2,10,5,0,300,0.5,1700,0.5,2
0,13,927,2,10,5,0,300,0.5,1700,0.5,2
0,14,696,2,10,5,0,300,0.5,1700,0.5,2
0,15,609,2,10,5,0,300,0.5,1700,0.5,1
0,16,944,0,0,500,0.6,1000,0.2,1400,0.2,1
0,17,663,1,0,500,0.6,1000,0.2,1400,0.2,2
0,18,349,1,0,500,0.6,1000,0.2,1400,0.2,2
0,19,138,0,0,500,0.6,1000,0.2,1400,0.2,2
1,0,910,0,0,300,0.5,1700,0.5,1
1,1,532,1,0,500,0.6,1000,0.2,1400,0.2,0
1,2,486,2,10,5,0,500,0.6,1000,0.2,1400,0.2,1
1,3,469,2,10,5,0,500,0.6,1000,0.2,1400,0.2,2
1,4,533,0,0,500,0.6,1000,0.2,1400,0.2,2
1,5,886,1,0,500,0.6,1000,0.2,1400,0.2,2
1,6,405,1,0,300,0.5,1700,0.5,2
1,7,661,1,0,300,0.5,1700,0.5,1
1,8,991,0,0,500,0.6,1000,0.2,1400,0.2,0
1,9,265,2,10,5,0,300,0.5,1700,0.5,2
1,10,229,2,10,5,0,500,0.6,1000,0.2,1400,0.2,0
1,11,636,0,0,500,0.6,1000,0.2,1400,0.2,1
1,12,453,2,10,5,0,300,0.5,1700,0.5,0
1,13,593,1,0,300,0.5,1700,0.5,1
1,14,534,1,0,300,0.5,1700,0.5,0
1,15,694,1,0,500,0.6,1000,0.2,1400,0.2,0
1,16,787,2,10,5,0,500,0.6,1000,0.2,1400,0.2,1
1,17,200,2,10,5,0,300,0.5,1700,0.5,2
1,18,766,0,0,300,0.5,1700,0.5,2
1,19,427,1,0,500,0.6,1000,0.2,1400,0.2,1
2,0,20,1,0,300,0.5,1700,0.5,2
2,1,135,1,0,500,0.6,1000,0.2,1400,0.2,2
2,2,475,0,0,300,0.5,1700,0.5,0
2,3,414,2,10,5,0,500,0.6,1000,0.2,1400,0.2,0
2,4,708,1,0,300,0.5,1700,0.5,2
2,5,242,0,0,500,0.6,1000,0.2,1400,0.2,2
2,6,704,1,0,300,0.5,1700,0.5,1
2,7,257,1,0,500,0.6,1000,0.2,1400,0.2,0
2,8,413,0,0,300,0.5,1700,0.5,2
2,9,318,2,10,5,0,500,0.6,1000,0.2,1400,0.2,0
2,10,381,2,10,5,0,500,0.6,1000,0.2,1400,0.2,1
2,11,235,0,0,300,0.5,1700,0.5,1
2,12,534,2,10,5,0,300,0.5,1700,0.5,1
2,13,67,1,0,300,0.5,1700,0.5,1
2,14,538,0,0,300,0.5,1700,0.5,2
2,15,771,2,10,5,0,300,0.5,1700,0.5,2
2,16,231,1,0,300,0.5,1700,0.5,1
2,17,132,0,0,500,0.6,1000,0.2,1400,0.2,1
2,18,227,1,0,300,0.5,1700,0.5,2
2,19,881,0,0,300,0.5,1700,0.5,2
3,0,1000,1,0,300,0.5,1700,0.5,2
3,1,233,0,0,500,0.6,1000,0.2,1400,0.2,0
3,2,634,2,10,5,0,300,0.5,1700,0.5,1
3,3,305,2,10,5,0,300,0.5,1700,0.5,1
3,4,294,2,10,5,0,300,0.5,1700,0.5,0
3,5,87,2,10,5,0,300,0.5,1700,0.5,0
3,6,249,0,0,300,0.5,1700,0.5,1
3,7,289,0,0,300,0.5,1700,0.5,2
3,8,770,0,0,500,0.6,1000,0.2,1400,0.2,2
3,9,118,2,10,5,0,500,0.6,1000,0.2,1400,0.2,2
3,10,487,1,0,300,0.5,1700,0.5,2
3,11,743,2,10,5,0,500,0.6,1000,0.2,1400,0.2,2
3,12,624,0,0,500,0.6,1000,0.2,1400,0.2,1
3,13,887,1,0,300,0.5,1700,0.5,0
3,14,104,1,0,500,0.6,1000,0.2,1400,0.2,1
3,15,455,2,10,5,0,500,0.6,1000,0.2,1400,0.2,1
3,16,157,1,0,500,0.6,1000,0.2,1400,0.2,2
3,17,814,0,0,500,0.6,1000,0.2,1400,0.2,2
3,18,633,1,0,500,0.6,1000,0.2,1400,0.2,1
3,19,162,0,0,500,0.6,1000,0.2,1400,0.2,0
4,0,665,0,0,500,0.6,1000,0.2,1400,0.2,0
4,1,274,0,0,300,0.5,1700,0.5,0
4,2,185,1,0,300,0.5,1700,0.5,1
4,3,935,1,0,500,0.6,1000,0.2,1400,0.2,2
4,4,98,2,10,5,0,300,0.5,1700,0.5,1
4,5,173,2,10,5,0,500,0.6,1000,0.2,1400,0.2,2
4,6,229,0,0,500,0.6,1000,0.2,1400,0.2,0
4,7,167,2,10,5,0,500,0.6,1000,0.2,1400,0.2,2
4,8,383,0,0,300,0.5,1700,0.5,2
4,9,607,1,0,500,0.6,1000,0.2,1400,0.2,2
4,10,392,0,0,500,0.6,1000,0.2,1400,0.2,2
4,11,721,2,10,5,0,500,0.6,1000,0.2,1400,0.2,2
4,12,93,2,10,5,0,500,0.6,1000,0.2,1400,0.2,0
4,13,445,0,0,300,0.5,1700,0.5,0
4,14,369,1,0,300,0.5,1700,0.5,0
4,15,423,1,0,500,0.6,1000,0.2,1400,0.2,0
4,16,287,0,0,500,0.6,1000,0.2,1400,0.2,1
4,17,721,1,0,500,0.6,1000,0.2,1400,0.2,0
4,18,807,1,0,500,0.6,1000,0.2,1400,0.2,1
4,19,710,2,10,5,0,500,0.6,1000,0.2,1400,0.2,0
5,0,551,1,0,300,0.5,1700,0.5,2
5,1,362,2,10,5,0,300,0.5,1700,0.5,1
5,2,24,0,0,300,0.5,1700,0.5,0
5,3,531,1,0,500,0.6,1000,0.2,1400,0.2,2
5,4,798,2,10,5,0,500,0.6,1000,0.2,1400,0.2,0
5,5,705,1,0,300,0.5,1700,0.5,0
5,6,375,0,0,300,0.5,1700,0.5,2
5,7,197,0,0,500,0.6,1000,0.2,1400,0.2,1
5,8,185,2,10,5,0,300,0.5,1700,0.5,1
5,9,290,2,10,5,0,300,0.5,1700,0.5,2
5,10,923,2,10,5,0,300,0.5,1700,0.5,1
5,11,755,0,0,300,0.5,1700,0.5,0
5,12,901,0,0,300,0.5,1700,0.5,1
5,13,13,0,0,300,0.5,1700,0.5,0
5,14,656,1,0,300,0.5,1700,0.5,1
5,15,727,2,10,5,0,300,0.5,1700,0.5,1
5,16,394,2,10,5,0,300,0.5,1700,0.5,0
5,17,639,1,0,300,0.5,1700,0.5,2
5,18,929,2,10,5,0,300,0.5,1700,0.5,2
5,19,682,0,0,300,0.5,1700,0.5,1
6,0,316,2,10,5,0,300,0.5,1700,0.5,2
6,1,335,1,0,500,0.6,1000,0.2,1400,0.2,0
6,2,609,1,0,500,0.6,1000,0.2,1400,0.2,1
6,3,864,1,0,300,0.5,1700,0.5,1
6,4,38,2,10,5,0,500,0.6,1000,0.2,1400,0.2,1
6,5,274,2,10,5,0,300,0.5,1700,0.5,0
6,6,130,1,0,500,0.6,1000,0.2,1400,0.2,1
6,7,98,0,0,500,0.6,1000,0.2,1400,0.2,0
6,8,315,2,10,5,0,500,0.6,1000,0.2,1400,0.2,0
6,9,987,2,10,5,0,300,0.5,1700,0.5,2
6,10,79,2,10,5,0,500,0.6,1000,0.2,1400,0.2,1
6,11,577,0,0,300,0.5,1700,0.5,2
6,12,428,2,10,5,0,300,0.5,1700,0.5,0
6,13,384,1,0,300,0.5,1700,0.5,0
6,14,239,1,0,300,0.5,1700,0.5,0
6,15,551,2,10,5,0,300,0.5,1700,0.5,0
6,16,718,1,0,300,0.5,1700,0.5,2
6,17,29,0,0,500,0.6,1000,0.2,1400,0.2,1
6,18,867,0,0,300,0.5,1700,0.5,2
6,19,118,1,0,300,0.5,1700,0.5,0
7,0,758,2,10,5,0,500,0.6,1000,0.2,1400,0.2,2
7,1,719,0,0,500,0.6,1000,0.2,1400,0.2,2
7,2,882,0,0,300,0.5,1700,0.5,2
7,3,1000,0,0,500,0.6,1000,0.2,1400,0.2,2
7,4,720,2,10,5,0,500,0.6,1000,0.2,1400,0.2,0
7,5,592,1,0,300,0.5,1700,0.5,0
7,6,192,2,10,5,0,300,0.5,1700,0.5,2
7,7,916,2,10,5,0,500,0.6,1000,0.2,1400,0.2,1
7,8,261,2,10,5,0,300,0.5,1700,0.5,1
7,9,772,2,10,5,0,500,0.6,1000,0.2,1400,0.2,1
7,10,304,1,0,300,0.5,1700,0.5,2
7,11,614,2,10,5,0,500,0.6,1000,0.2,1400,0.2,1
7,12,370,2,10,5,0,300,0.5,1700,0.5,1
7,13,526,1,0,300,0.5,1700,0.5,2
7,14,930,2,10,5,0,500,0.6,1000,0.2,1400,0.2,2
7,15,226,0,0,500,0.6,1000,0.2,1400,0.2,2
7,16,894,1,0,500,0.6,1000,0.2,1400,0.2,0
7,17,789,0,0,500,0.6,1000,0.2,1400,0.2,2
7,18,52,2,10,5,0,300,0.5,1700,0.5,0
7,19,862,1,0,500,0.6,1000,0.2,1400,0.2,0
8,0,396,1,0,500,0.6,1000,0.2,1400,0.2,2
8,1,776,0,0,300,0.5,1700,0.5,2
8,2,360,0,0,300,0.5,1700,0.5,1
8,3,767,1,0,500,0.6,1000,0.2,1400,0.2,0
8,4,70,1,0,300,0.5,1700,0.5,1
8,5,104,1,0,300,0.5,1700,0.5,1
8,6,273,2,10,5,0,300,0.5,1700,0.5,1
8,7,537,0,0,500,0.6,1000,0.2,1400,0.2,1
8,8,233,2,10,5,0,500,0.6,1000,0.2,1400,0.2,2
8,9,389,0,0,500,0.6,1000,0.2,1400,0.2,0
8,10,850,0,0,500,0.6,1000,0.2,1400,0.2,2
8,11,909,1,0,500,0.6,1000,0.2,1400,0.2,1
8,12,287,0,0,300,0.5,1700,0.5,1
8,13,440,1,0,300,0.5,1700,0.5,2
8,14,448,2,10,5,0,500,0.6,1000,0.2,1400,0.2,0
8,15,345,1,0,500,0.6,1000,0.2,1400,0.2,1
8,16,417,2,10,5,0,300,0.5,1700,0.5,0
8,17,650,2,10,5,0,500,0.6,1000,0.2,1400,0.2,1
8,18,378,2,10,5,0,500,0.6,1000,0.2,1400,0.2,0
8,19,393,0,0,300,0.5,1700,0.5,1
9,0,190,1,0,300,0.5,1700,0.5,1
9,1,91,0,0,300,0.5,1700,0.5,0
9,2,275,0,0,300,0.5,1700,0.5,2
9,3,108,0,0,300,0.5,1700,0.5,1
9,4,521,2,10,5,0,500,0.6,1000,0.2,1400,0.2,2
9,5,60,2,10,5,0,500,0.6,1000,0.2,1400,0.2,0
9,6,577,1,0,300,0.5,1700,0.5,2
9,7,845,0,0,300,0.5,1700,0.5,2
9,8,820,2,10,5,0,300,0.5,1700,0.5,1
9,9,956,0,0,300,0.5,1700,0.5,1
9,10,217,2,10,5,0,300,0.5,1700,0.5,2
9,11,236,1,0,500,0.6,1000,0.2,1400,0.2,1
9,12,361,2,10,5,0,500,0.6,1000,0.2,1400,0.2,1
9,13,212,2,10,5,0,500,0.6,1000,0.2,1400,0.2,2
9,14,424,2,10,5,0,500,0.6,1000,0.2,1400,0.2,1
9,15,378,2,10,5,0,300,0.5,1700,0.5,0
9,16,556,2,10,5,0,500,0.6,1000,0.2,1400,0.2,1
9,17,384,0,0,500,0.6,1000,0.2,1400,0.2,0
9,18,664,2,10,5,0,300,0.5,1700,0.5,1
9,19,520,0,0,300,0.5,1700,0.5,2
10,0,470,1,0,500,0.6,1000,0.2,1400,0.2,0
10,1,534,0,0,500,0.6,1000,0.2,1400,0.2,2
10,2,379,0,0,300,0.5,1700,0.5,1
10,3,754,0,0,500,0.6,1000,0.2,1400,0.2,1
10,4,345,0,0,300,0.5,1700,0.5,0
10,5,695,0,0,300,0.5,1700,0.5,1
10,6,591,2,10,5,0,500,0.6,1000,0.2,1400,0.2,2
10,7,107,2,10,5,0,500,0.6,1000,0.2,1400,0.2,1
10,8,608,2,10,5,0,500,0.6,1000,0.2,1400,0.2,2
10,9,547,0,0,300,0.5,1700,0.5,1
10,10,730,1,0,500,0.6,1000,0.2,1400,0.2,0
10,11,574,0,0,500,0.6,1000,0.2,1400,0.2,0
10,12,367,1,0,500,0.6,1000,0.2,1400,0.2,0
10,13,948,1,0,500,0.6,1000,0.2,1400,0.2,1
10,14,914,2,10,5,0,300,0.5,1700,0.5,2
10,15,166,0,0,500,0.6,1000,0.2,1400,0.2,0
10,16,978,2,10,5,0,300,0.5,1700,0.5,1
10,17,144,0,0,300,0.5,1700,0.5,2
10,18,674,1,0,300,0.5,1700,0.5,0
10,19,634,2,10,5,0,300,0.5,1700,0.5,0
11,0,793,1,0,300,0.5,1700,0.5,2
11,1,30,1,0,300,0.5,1700,0.5,0
11,2,323,0,0,500,0.6,1000,0.2,1400,0.2,0
11,3,892,2,10,5,0,500,0.6,1000,0.2,1400,0.2,2
11,4,269,0,0,500,0.6,1000,0.2,1400,0.2,1
11,5,771,0,0,300,0.5,1700,0.5,1
11,6,337,0,0,500,0.6,1000,0.2,1400,0.2,2
11,7,44,0,0,300,0.5,1700,0.5,0
11,8,971,1,0,300,0.5,1700,0.5,0
11,9,642,0,0,300,0.5,1700,0.5,1
11,10,316,1,0,500,0.6,1000,0.2,1400,0.2,0
11,11,934,0,0,300,0.5,1700,0.5,1
11,12,909,0,0,500,0.6,1000,0.2,1400,0.2,0
11,13,979,0,0,300,0.5,1700,0.5,2
11,14,849,0,0,500,0.6,1000,0.2,1400,0.2,0
11,15,14,2,10,5,0,300,0.5,1700,0.5,0
11,16,788,0,0,300,0.5,1700,0.5,0
11,17,715,0,0,500,0.6,1000,0.2,1400,0.2,1
11,18,53,0,0,300,0.5,1700,0.5,1
11,19,614,0,0,500,0.6,1000,0.2,1400,0.2,1
12,0,757,2,10,5,0,500,0.6,1000,0.2,1400,0.2,2
12,1,270,2,10,5,0,500,0.6,1000,0.2,1400,0.2,0
12,2,617,2,10,5,0,500,0.6,1000,0.2,1400,0.2,0
12,3,245,0,0,500,0.6,1000,0.2,1400,0.2,2
12,4,764,2,10,5,0,500,0.6,1000,0.2,1400,0.2,0
12,5,126,2,10,5,0,500,0.6,1000,0.2,1400,0.2,1
12,6,586,0,0,300,0.5,1700,0.5,0
12,7,339,0,0,300,0.5,1700,0.5,0
12,8,963,1,0,500,0.6,1000,0.2,1400,0.2,0
12,9,88,0,0,300,0.5,1700,0.5,0
12,10,433,2,10,5,0,300,0.5,1700,0.5,0
12,11,192,1,0,500,0.6,1000,0.2,1400,0.2,1
12,12,810,1,0,500,0.6,1000,0.2,1400,0.2,1
12,13,463,2,10,5,0,500,0.6,1000,0.2,1400,0.2,0
12,14,947,2,10,5,0,500,0.6,1000,0.2,1400,0.2,1
12,15,427,1,0,500,0.6,1000,0.2,1400,0.2,2
12,16,353,2,10,5,0,300,0.5,1700,0.5,2
12,17,985,0,0,500,0.6,1000,0.2,1400,0.2,0
12,18,646,0,0,300,0.5,1700,0.5,2
12,19,299,0,0,500,0.6,1000,0.2,1400,0.2,0
13,0,27,0,0,500,0.6,1000,0.2,1400,0.2,0
13,1,897,2,10,5,0,300,0.5,1700,0.5,1
13,2,534,2,10,5,0,300,0.5,1700,0.5,1
13,3,324,1,0,500,0.6,1000,0.2,1400,0.2,2
13,4,281,1,0,300,0.5,1700,0.5,1
13,5,799,2,10,5,0,500,0.6,1000,0.2,1400,0.2,2
13,6,111,2,10,5,0,300,0.5,1700,0.5,0
13,7,410,0,0,300,0.5,1700,0.5,1
13,8,961,1,0,300,0.5,1700,0.5,0
13,9,134,1,0,300,0.5,1700,0.5,1
13,10,184,1,0,500,0.6,1000,0.2,1400,0.2,0
13,11,561,1,0,500,0.6,1000,0.2,1400,0.2,0
13,12,245,1,0,500,0.6,1000,0.2,1400,0.2,0
13,13,123,1,0,500,0.6,1000,0.2,1400,0.2,0
13,14,863,1,0,300,0.5,1700,0.5,0
13,15,114,0,0,500,0.6,1000,0.2,1400,0.2,2
13,16,546,1,0,300,0.5,1700,0.5,1
13,17,942,0,0,300,0.5,1700,0.5,1
13,18,745,0,0,300,0.5,1700,0.5,2
13,19,842,2,10,5,0,300,0.5,1700,0.5,2
14,0,940,1,0,300,0.5,1700,0.5,0
14,1,813,0,0,500,0.6,1000,0.2,1400,0.2,1
14,2,16,1,0,500,0.6,1000,0.2,1400,0.2,2
14,3,864,1,0,500,0.6,1000,0.2,1400,0.2,1
14,4,285,2,10,5,0,500,0.6,1000,0.2,1400,0.2,1
14,5,861,1,0,500,0.6,1000,0.2,1400,0.2,0
14,6,573,2,10,5,0,300,0.5,1700,0.5,2
14,7,93,2,10,5,0,500,0.6,1000,0.2,1400,0.2,2
14,8,815,2,10,5,0,300,0.5,1700,0.5,2
14,9,181,0,0,500,0.6,1000,0.2,1400,0.2,1
14,10,86,1,0,500,0.6,1000,0.2,1400,0.2,0
14,11,518,0,0,300,0.5,1700,0.5,2
14,12,748,2,10,5,0,500,0.6,1000,0.2,1400,0.2,1
14,13,632,1,0,300,0.5,1700,0.5,2
14,14,204,2,10,5,0,500,0.6,1000,0.2,1400,0.2,2
14,15,111,1,0,500,0.6,1000,0.2,1400,0.2,1
14,16,575,2,10,5,0,300,0.5,1700,0.5,2
14,17,683,0,0,500,0.6,1000,0.2,1400,0.2,0
14,18,502,1,0,300,0.5,1700,0.5,0
14,19,219,0,0,500,0.6,1000,0.2,1400,0.2,1
15,0,199,2,10,5,0,300,0.5,1700,0.5,2
15,1,718,0,0,300,0.5,1700,0.5,2
15,2,633,1,0,500,0.6,1000,0.2,1400,0.2,2
15,3,628,0,0,500,0.6,1000,0.2,1400,0.2,1
15,4,92,0,0,300,0.5,1700,0.5,1
15,5,81,0,0,500,0.6,1000,0.2,1400,0.2,2
15,6,662,1,0,500,0.6,1000,0.2,1400,0.2,0
15,7,930,2,10,5,0,300,0.5,1700,0.5,1
15,8,628,0,0,300,0.5,1700,0.5,0
15,9,636,2,10,5,0,500,0.6,1000,0.2,1400,0.2,1
15,10,932,2,10,5,0,500,0.6,1000,0.2,1400,0.2,0
15,11,450,0,0,500,0.6,1000,0.2,1400,0.2,0
15,12,732,1,0,500,0.6,1000,0.2,1400,0.2,1
15,13,812,1,0,300,0.5,1700,0.5,0
15,14,246,0,0,300,0.5,1700,0.5,0
15,15,398,2,10,5,0,300,0.5,1700,0.5,1
15,16,130,0,0,500,0.6,1000,0.2,1400,0.2,2
15,17,756,2,10,5,0,500,0.6,1000,0.2,1400,0.2,0
15,18,411,0,0,500,0.6,1000,0.2,1400,0.2,0
15,19,428,0,0,300,0.5,1700,0.5,1
16,0,140,0,0,300,0.5,1700,0.5,0
16,1,842,2,10,5,0,300,0.5,1700,0.5,2
16,2,25,2,10,5,0,300,0.5,1700,0.5,0
16,3,778,1,0,300,0.5,1700,0.5,1
16,4,472,2,10,5,0,500,0.6,1000,0.2,1400,0.2,0
16,5,362,1,0,300,0.5,1700,0.5,1
16,6,586,2,10,5,0,300,0.5,1700,0.5,1
16,7,679,1,0,500,0.6,1000,0.2,1400,0.2,0
16,8,232,0,0,300,0.5,1700,0.5,1
16,9,743,1,0,500,0.6,1000,0.2,1400,0.2,0
16,10,443,0,0,300,0.5,1700,0.5,0
16,11,264,1,0,500,0.6,1000,0.2,1400,0.2,0
16,12,443,1,0,500,0.6,1000,0.2,1400,0.2,2
16,13,745,0,0,500,0.6,1000,0.2,1400,0.2,0
16,14,321,2,10,5,0,500,0.6,1000,0.2,1400,0.2,0
16,15,209,0,0,500,0.6,1000,0.2,1400,0.2,2
16,16,120,0,0,500,0.6,1000,0.2,1400,0.2,1
16,17,794,0,0,300,0.5,1700,0.5,2
16,18,530,1,0,300,0.5,1700,0.5,1
16,19,113,1,0,500,0.6,1000,0.2,1400,0.2,2
17,0,504,0,0,300,0.5,1700,0.5,0
17,1,599,2,10,5,0,300,0.5,1700,0.5,1
17,2,619,0,0,500,0.6,1000,0.2,1400,0.2,0
17,3,755,2,10,5,0,300,0.5,1700,0.5,0
17,4,316,2,10,5,0,500,0.6,1000,0.2,1400,0.2,1
17,5,348,0,0,300,0.5,1700,0.5,0
17,6,558,0,0,300,0.5,1700,0.5,1
17,7,427,1,0,300,0.5,1700,0.5,0
17,8,380,2,10,5,0,500,0.6,1000,0.2,1400,0.2,0
17,9,261,0,0,300,0.5,1700,0.5,0
17,10,356,1,0,500,0.6,1000,0.2,1400,0.2,0
17,11,307,0,0,300,0.5,1700,0.5,1
17,12,277,1,0,500,0.6,1000,0.2,1400,0.2,0
17,13,305,2,10,5,0,300,0.5,1700,0.5,2
17,14,419,1,0,500,0.6,1000,0.2,1400,0.2,0
17,15,364,1,0,500,0.6,1000,0.2,1400,0.2,0
17,16,239,0,0,500,0.6,1000,0.2,1400,0.2,0
17,17,917,1,0,500,0.6,1000,0.2,1400,0.2,0
17,18,114,0,0,500,0.6,1000,0.2,1400,0.2,2
17,19,463,2,10,5,0,500,0.6,1000,0.2,1400,0.2,0
18,0,913,0,0,300,0.5,1700,0.5,1
18,1,832,1,0,500,0.6,1000,0.2,1400,0.2,2
18,2,814,2,10,5,0,500,0.6,1000,0.2,1400,0.2,2
18,3,558,2,10,5,0,500,0.6,1000,0.2,1400,0.2,2
18,4,135,0,0,500,0.6,1000,0.2,1400,0.2,1
18,5,115,1,0,500,0.6,1000,0.2,1400,0.2,1
18,6,823,2,10,5,0,500,0.6,1000,0.2,1400,0.2,2
18,7,729,1,0,300,0.5,1700,0.5,1
18,8,946,1,0,500,0.6,1000,0.2,1400,0.2,0
18,9,564,2,10,5,0,300,0.5,1700,0.5,1
18,10,146,2,10,5,0,300,0.5,1700,0.5,1
18,11,875,0,0,500,0.6,1000,0.2,1400,0.2,2
18,12,247,0,0,500,0.6,1000,0.2,1400,0.2,2
18,13,257,1,0,300,0.5,1700,0.5,0
18,14,825,1,0,500,0.6,1000,0.2,1400,0.2,1
18,15,903,1,0,300,0.5,1700,0.5,0
18,16,727,1,0,300,0.5,1700,0.5,0
18,17,502,1,0,500,0.6,1000,0.2,1400,0.2,2
18,18,671,2,10,5,0,500,0.6,1000,0.2,1400,0.2,2
18,19,719,0,0,300,0.5,1700,0.5,1
19,0,828,1,0,500,0.6,1000,0.2,1400,0.2,2
19,1,867,2,10,5,0,500,0.6,1000,0.2,1400,0.2,2
19,2,21,1,0,300,0.5,1700,0.5,1
19,3,559,1,0,300,0.5,1700,0.5,2
19,4,704,1,0,300,0.5,1700,0.5,1
19,5,917,0,0,300,0.5,1700,0.5,2
19,6,33,2,10,5,0,500,0.6,1000,0.2,1400,0.2,2
19,7,747,2,10,5,0,300,0.5,1700,0.5,0
19,8,95,1,0,500,0.6,1000,0.2,1400,0.2,0
19,9,533,1,0,300,0.5,1700,0.5,0
19,10,920,1,0,500,0.6,1000,0.2,1400,0.2,0
19,11,390,1,0,300,0.5,1700,0.5,2
19,12,445,0,0,500,0.6,1000,0.2,1400,0.2,2
19,13,283,0,0,500,0.6,1000,0.2,1400,0.2,1
19,14,616,1,0,500,0.6,1000,0.2,1400,0.2,1
19,15,923,2,10,5,0,300,0.5,1700,0.5,0
19,16,112,2,10,5,0,500,0.6,1000,0.2,1400,0.2,0
19,17,792,2,10,5,0,300,0.5,1700,0.5,2
19,18,584,1,0,300,0.5,1700,0.5,0
19,19,890,1,0,500,0.6,1000,0.2,1400,0.2,0
