0,0,486,0,0,300,0.5,1700,0.5,1
0,1,581,2,10,5,0,500,0.6,1000,0.2,1400,0.2,1
0,2,934,2,10,5,0,500,0.6,1000,0.2,1400,0.2,2
0,3,436,0,0,300,0.5,1700,0.5,1
0,4,60,0,0,300,0.5,1700,0.5,2
0,5,448,0,0,300,0.5,1700,0.5,2
0,6,651,2,10,5,0,500,0.6,1000,0.2,1400,0.2,1
0,7,824,1,0,500,0.6,1000,0.2,1400,0.2,1
0,8,306,1,0,300,0.5,1700,0.5,0
0,9,523,2,10,5,0,300,0.5,1700,0.5,1
0,10,190,2,10,5,0,300,0.5,1700,0.5,2
0,11,292,2,10,5,0,300,0.5,1700,0.5,2
0,12,148,1,0,500,0.6,1000,0.2,1400,0.2,1
0,13,357,1,0,300,0.5,1700,0.5,2
0,14,57,1,0,500,0.6,1000,0.2,1400,0.2,1
0,15,746,2,10,5,0,500,0.6,1000,0.2,1400,0.2,0
0,16,859,0,0,300,0.5,1700,0.5,2
0,17,215,0,0,300,0.5,1700,0.5,0
0,18,969,0,0,500,0.6,1000,0.2,1400,0.2,2
0,19,175,1,0,300,0.5,1700,0.5,2
1,0,136,0,0,500,0.6,1000,0.2,1400,0.2,1
1,1,479,2,10,5,0,300,0.5,1700,0.5,1
1,2,15,2,10,5,0,300,0.5,1700,0.5,0
1,3,755,0,0,500,0.6,1000,0.2,1400,0.2,2
1,4,451,0,0,500,0.6,1000,0.2,1400,0.2,1
1,5,455,2,10,5,0,300,0.5,1700,0.5,0
1,6,480,0,0,300,0.5,1700,0.5,2
1,7,224,0,0,500,0.6,1000,0.2,1400,0.2,2
1,8,82,2,10,5,0,500,0.6,1000,0.2,1400,0.2,1
1,9,370,0,0,500,0.6,1000,0.2,1400,0.2,0
1,10,60,2,10,5,0,300,0.5,1700,0.5,1
1,11,510,2,10,5,0,500,0.6,1000,0.2,1400,0.2,0
1,12,508,0,0,500,0.6,1000,0.2,1400,0.2,0
1,13,39,0,0,500,0.6,1000,0.2,1400,0.2,0
1,14,54,0,0,500,0.6,1000,0.2,1400,0.2,1
1,15,33,1,0,500,0.6,1000,0.2,1400,0.2,2
1,16,576,2,10,5,0,300,0.5,1700,0.5,2
1,17,252,1,0,300,0.5,1700,0.5,1
1,18,803,1,0,500,0.6,1000,0.2,1400,0.2,0
1,19,123,1,0,500,0.6,1000,0.2,1400,0.2,1
2,0,258,0,0,300,0.5,1700,0.5,1
2,1,808,2,10,5,0,300,0.5,1700,0.5,1
2,2,109,1,0,500,0.6,1000,0.2,1400,0.2,2
2,3,231,2,10,5,0,500,0.6,1000,0.2,1400,0.2,1
2,4,596,1,0,500,0.6,1000,0.2,1400,0.2,1
2,5,763,1,0,500,0.6,1000,0.2,1400,0.2,1
2,6,779,0,0,500,0.6,1000,0.2,1400,0.2,1
2,7,986,0,0,500,0.6,1000,0.2,1400,0.2,0
2,8,676,1,0,300,0.5,1700,0.5,1
2,9,979,2,10,5,0,300,0.5,1700,0.5,2
2,10,770,0,0,500,0.6,1000,0.2,1400,0.2,1
2,11,210,2,10,5,0,500,0.6,1000,0.2,1400,0.2,0
2,12,390,2,10,5,0,500,0.6,1000,0.2,1400,0.2,2
2,13,425,2,10,5,0,500,0.6,1000,0.2,1400,0.2,0
2,14,756,1,0,500,0.6,1000,0.2,1400,0.2,1
2,15,15,1,0,300,0.5,1700,0.5,1
2,16,644,2,10,5,0,500,0.6,1000,0.2,1400,0.2,2
2,17,415,0,0,300,0.5,1700,0.5,2
2,18,153,1,0,300,0.5,1700,0.5,2
2,19,913,1,0,300,0.5,1700,0.5,2
3,0,519,0,0,300,0.5,1700,0.5,1
3,1,44,1,0,300,0.5,1700,0.5,1
3,2,987,0,0,300,0.5,1700,0.5,0
3,3,12,2,10,5,0,300,0.5,1700,0.5,0
3,4,749,0,0,500,0.6,1000,0.2,1400,0.2,1
3,5,675,2,10,5,0,500,0.6,1000,0.2,1400,0.2,1
3,6,815,0,0,500,0.6,1000,0.2,1400,0.2,2
3,7,545,2,10,5,0,300,0.5,1700,0.5,2
3,8,434,0,0,500,0.6,1000,0.2,1400,0.2,0
3,9,828,0,0,300,0.5,1700,0.5,1
3,10,749,2,10,5,0,300,0.5,1700,0.5,1
3,11,684,2,10,5,0,300,0.5,1700,0.5,2
3,12,424,1,0,300,0.5,1700,0.5,1
3,13,84,2,10,5,0,500,0.6,1000,0.2,1400,0.2,1
3,14,912,1,0,300,0.5,1700,0.5,2
3,15,433,0,0,500,0.6,1000,0.2,1400,0.2,0
3,16,485,0,0,300,0.5,1700,0.5,0
3,17,614,1,0,500,0.6,1000,0.2,1400,0.2,1
3,18,127,1,0,500,0.6,1000,0.2,1400,0.2,2
3,19,307,0,0,300,0.5,1700,0.5,0
4,0,410,0,0,500,0.6,1000,0.2,1400,0.2,0
4,1,207,2,10,5,0,300,0.5,1700,0.5,0
4,2,886,0,0,300,0.5,1700,0.5,1
4,3,857,0,0,500,0.6,1000,0.2,1400,0.2,2
4,4,523,2,10,5,0,500,0.6,1000,0.2,1400,0.2,2
4,5,214,0,0,300,0.5,1700,0.5,0
4,6,777,2,10,5,0,300,0.5,1700,0.5,0
4,7,446,2,10,5,0,500,0.6,1000,0.2,1400,0.2,0
4,8,704,2,10,5,0,500,0.6,1000,0.2,1400,0.2,2
4,9,696,1,0,500,0.6,1000,0.2,1400,0.2,1
4,10,313,1,0,500,0.6,1000,0.2,1400,0.2,0
4,11,49,1,0,300,0.5,1700,0.5,1
4,12,425,0,0,300,0.5,1700,0.5,0
4,13,439,2,10,5,0,300,0.5,1700,0.5,1
4,14,825,0,0,500,0.6,1000,0.2,1400,0.2,2
4,15,856,0,0,300,0.5,1700,0.5,1
4,16,622,0,0,500,0.6,1000,0.2,1400,0.2,0
4,17,69,0,0,300,0.5,1700,0.5,2
4,18,176,2,10,5,0,300,0.5,1700,0.5,2
4,19,800,2,10,5,0,500,0.6,1000,0.2,1400,0.2,2
5,0,409,0,0,300,0.5,1700,0.5,0
5,1,638,1,0,300,0.5,1700,0.5,1
5,2,484,2,10,5,0,500,0.6,1000,0.2,1400,0.2,0
5,3,976,0,0,300,0.5,1700,0.5,2
5,4,263,0,0,500,0.6,1000,0.2,1400,0.2,1
5,5,939,2,10,5,0,300,0.5,1700,0.5,2
5,6,575,1,0,500,0.6,1000,0.2,1400,0.2,2
5,7,221,2,10,5,0,500,0.6,1000,0.2,1400,0.2,1
5,8,240,1,0,300,0.5,1700,0.5,2
5,9,500,1,0,500,0.6,1000,0.2,1400,0.2,2
5,10,438,0,0,300,0.5,1700,0.5,1
5,11,684,2,10,5,0,500,0.6,1000,0.2,1400,0.2,2
5,12,888,0,0,300,0.5,1700,0.5,0
5,13,773,2,10,5,0,300,0.5,1700,0.5,0
5,14,826,0,0,500,0.6,1000,0.2,1400,0.2,0
5,15,801,1,0,300,0.5,1700,0.5,2
5,16,653,2,10,5,0,300,0.5,1700,0.5,1
5,17,214,0,0,500,0.6,1000,0.2,1400,0.2,0
5,18,121,1,0,500,0.6,1000,0.2,1400,0.2,2
5,19,477,0,0,500,0.6,1000,0.2,1400,0.2,1
6,0,744,1,0,500,0.6,1000,0.2,1400,0.2,1
6,1,845,1,0,300,0.5,1700,0.5,0
6,2,520,0,0,500,0.6,1000,0.2,1400,0.2,0
6,3,26,2,10,5,0,300,0.5,1700,0.5,1
6,4,62,1,0,500,0.6,1000,0.2,1400,0.2,2
6,5,599,0,0,500,0.6,1000,0.2,1400,0.2,0
6,6,899,1,0,300,0.5,1700,0.5,1
6,7,161,0,0,300,0.5,1700,0.5,1
6,8,961,1,0,500,0.6,1000,0.2,1400,0.2,1
6,9,197,0,0,300,0.5,1700,0.5,2
6,10,18,2,10,5,0,500,0.6,1000,0.2,1400,0.2,2
6,11,253,0,0,500,0.6,1000,0.2,1400,0.2,2
6,12,16,2,10,5,0,300,0.5,1700,0.5,1
6,13,883,1,0,500,0.6,1000,0.2,1400,0.2,1
6,14,558,0,0,300,0.5,1700,0.5,1
6,15,205,0,0,500,0.6,1000,0.2,1400,0.2,2
6,16,735,0,0,500,0.6,1000,0.2,1400,0.2,1
6,17,292,2,10,5,0,300,0.5,1700,0.5,1
6,18,42,2,10,5,0,500,0.6,1000,0.2,1400,0.2,0
6,19,473,2,10,5,0,500,0.6,1000,0.2,1400,0.2,1
7,0,908,0,0,500,0.6,1000,0.2,1400,0.2,2
7,1,373,1,0,300,0.5,1700,0.5,1
7,2,86,1,0,500,0.6,1000,0.2,1400,0.2,2
7,3,897,0,0,300,0.5,1700,0.5,0
7,4,44,1,0,500,0.6,1000,0.2,1400,0.2,1
7,5,151,0,0,300,0.5,1700,0.5,0
7,6,18,0,0,300,0.5,1700,0.5,0
7,7,425,1,0,300,0.5,1700,0.5,2
7,8,171,0,0,500,0.6,1000,0.2,1400,0.2,0
7,9,451,0,0,500,0.6,1000,0.2,1400,0.2,2
7,10,438,0,0,500,0.6,1000,0.2,1400,0.2,1
7,11,817,0,0,300,0.5,1700,0.5,1
7,12,666,2,10,5,0,500,0.6,1000,0.2,1400,0.2,0
7,13,407,2,10,5,0,300,0.5,1700,0.5,0
7,14,979,2,10,5,0,300,0.5,1700,0.5,2
7,15,94,0,0,300,0.5,1700,0.5,1
7,16,413,0,0,300,0.5,1700,0.5,2
7,17,63,0,0,300,0.5,1700,0.5,2
7,18,774,2,10,5,0,500,0.6,1000,0.2,1400,0.2,2
7,19,568,2,10,5,0,500,0.6,1000,0.2,1400,0.2,2
8,0,362,0,0,500,0.6,1000,0.2,1400,0.2,0
8,1,323,0,0,300,0.5,1700,0.5,0
8,2,210,2,10,5,0,300,0.5,1700,0.5,0
8,3,324,2,10,5,0,500,0.6,1000,0.2,1400,0.2,2
8,4,397,1,0,500,0.6,1000,0.2,1400,0.2,0
8,5,902,0,0,300,0.5,1700,0.5,0
8,6,805,1,0,500,0.6,1000,0.2,1400,0.2,2
8,7,328,1,0,300,0.5,1700,0.5,1
8,8,499,1,0,500,0.6,1000,0.2,1400,0.2,1
8,9,592,0,0,300,0.5,1700,0.5,1
8,10,771,2,10,5,0,500,0.6,1000,0.2,1400,0.2,1
8,11,274,2,10,5,0,300,0.5,1700,0.5,1
8,12,469,0,0,500,0.6,1000,0.2,1400,0.2,2
8,13,978,1,0,500,0.6,1000,0.2,1400,0.2,2
8,14,451,2,10,5,0,500,0.6,1000,0.2,1400,0.2,2
8,15,54,0,0,500,0.6,1000,0.2,1400,0.2,1
8,16,469,0,0,300,0.5,1700,0.5,0
8,17,846,0,0,300,0.5,1700,0.5,2
8,18,431,2,10,5,0,500,0.6,1000,0.2,1400,0.2,0
8,19,70,1,0,300,0.5,1700,0.5,0
9,0,916,2,10,5,0,300,0.5,1700,0.5,2
9,1,137,1,0,300,0.5,1700,0.5,2
9,2,60,2,10,5,0,500,0.6,1000,0.2,1400,0.2,0
9,3,259,1,0,500,0.6,1000,0.2,1400,0.2,1
9,4,100,1,0,300,0.5,1700,0.5,2
9,5,921,2,10,5,0,300,0.5,1700,0.5,0
9,6,323,0,0,300,0.5,1700,0.5,1
9,7,433,2,10,5,0,300,0.5,1700,0.5,0
9,8,328,0,0,300,0.5,1700,0.5,0
9,9,146,0,0,300,0.5,1700,0.5,1
9,10,629,0,0,500,0.6,1000,0.2,1400,0.2,2
9,11,187,1,0,500,0.6,1000,0.2,1400,0.2,1
9,12,697,0,0,300,0.5,1700,0.5,0
9,13,962,1,0,300,0.5,1700,0.5,2
9,14,273,2,10,5,0,500,0.6,1000,0.2,1400,0.2,1
9,15,987,2,10,5,0,500,0.6,1000,0.2,1400,0.2,0
9,16,785,2,10,5,0,300,0.5,1700,0.5,0
9,17,182,0,0,300,0.5,1700,0.5,2
9,18,399,1,0,500,0.6,1000,0.2,1400,0.2,2
9,19,801,1,0,500,0.6,1000,0.2,1400,0.2,2
10,0,498,1,0,500,0.6,1000,0.2,1400,0.2,0
10,1,860,0,0,300,0.5,1700,0.5,1
10,2,136,0,0,500,0.6,1000,0.2,1400,0.2,0
10,3,295,2,10,5,0,300,0.5,1700,0.5,1
10,4,246,0,0,500,0.6,1000,0.2,1400,0.2,1
10,5,728,0,0,500,0.6,1000,0.2,1400,0.2,1
10,6,54,2,10,5,0,300,0.5,1700,0.5,2
10,7,22,2,10,5,0,500,0.6,1000,0.2,1400,0.2,0
10,8,692,2,10,5,0,500,0.6,1000,0.2,1400,0.2,0
10,9,307,1,0,500,0.6,1000,0.2,1400,0.2,0
10,10,489,1,0,300,0.5,1700,0.5,0
10,11,801,1,0,500,0.6,1000,0.2,1400,0.2,2
10,12,614,0,0,500,0.6,1000,0.2,1400,0.2,1
10,13,206,0,0,300,0.5,1700,0.5,2
10,14,311,0,0,500,0.6,1000,0.2,1400,0.2,2
10,15,25,1,0,500,0.6,1000,0.2,1400,0.2,1
10,16,987,0,0,500,0.6,1000,0.2,1400,0.2,0
10,17,946,0,0,300,0.5,1700,0.5,0
10,18,143,0,0,500,0.6,1000,0.2,1400,0.2,1
10,19,948,1,0,300,0.5,1700,0.5,1
11,0,437,2,10,5,0,500,0.6,1000,0.2,1400,0.2,0
11,1,612,1,0,300,0.5,1700,0.5,0
11,2,278,2,10,5,0,500,0.6,1000,0.2,1400,0.2,0
11,3,68,2,10,5,0,500,0.6,1000,0.2,1400,0.2,0
11,4,766,0,0,300,0.5,1700,0.5,0
11,5,351,1,0,500,0.6,1000,0.2,1400,0.2,2
11,6,370,0,0,300,0.5,1700,0.5,0
11,7,207,0,0,300,0.5,1700,0.5,0
11,8,693,0,0,300,0.5,1700,0.5,1
11,9,489,2,10,5,0,500,0.6,1000,0.2,1400,0.2,1
11,10,21,1,0,500,0.6,1000,0.2,1400,0.2,2
11,11,496,0,0,300,0.5,1700,0.5,2
11,12,99,1,0,300,0.5,1700,0.5,2
11,13,297,1,0,500,0.6,1000,0.2,1400,0.2,2
11,14,16,0,0,500,0.6,1000,0.2,1400,0.2,1
11,15,800,1,0,300,0.5,1700,0.5,2
11,16,113,2,10,5,0,500,0.6,1000,0.2,1400,0.2,1
11,17,168,0,0,300,0.5,1700,0.5,0
11,18,713,1,0,500,0.6,1000,0.2,1400,0.2,2
11,19,587,0,0,300,0.5,1700,0.5,2
12,0,342,0,0,500,0.6,1000,0.2,1400,0.2,2
12,1,57,0,0,300,0.5,1700,0.5,0
12,2,226,0,0,300,0.5,1700,0.5,2
12,3,206,1,0,500,0.6,1000,0.2,1400,0.2,2
12,4,830,2,10,5,0,300,0.5,1700,0.5,2
12,5,873,1,0,300,0.5,1700,0.5,1
12,6,289,2,10,5,0,300,0.5,1700,0.5,2
12,7,443,2,10,5,0,300,0.5,1700,0.5,0
12,8,87,0,0,300,0.5,1700,0.5,2
12,9,891,1,0,500,0.6,1000,0.2,1400,0.2,0
12,10,545,0,0,500,0.6,1000,0.2,1400,0.2,1
12,11,704,0,0,500,0.6,1000,0.2,1400,0.2,2
12,12,945,0,0,500,0.6,1000,0.2,1400,0.2,1
12,13,44,0,0,300,0.5,1700,0.5,1
12,14,872,0,0,300,0.5,1700,0.5,1
12,15,11,1,0,500,0.6,1000,0.2,1400,0.2,1
12,16,403,1,0,500,0.6,1000,0.2,1400,0.2,2
12,17,182,1,0,300,0.5,1700,0.5,0
12,18,719,1,0,300,0.5,1700,0.5,0
12,19,234,2,10,5,0,500,0.6,1000,0.2,1400,0.2,0
13,0,960,1,0,500,0.6,1000,0.2,1400,0.2,1
13,1,420,0,0,500,0.6,1000,0.2,1400,0.2,0
13,2,618,2,10,5,0,300,0.5,1700,0.5,2
13,3,713,0,0,500,0.6,1000,0.2,1400,0.2,1
13,4,763,2,10,5,0,300,0.5,1700,0.5,2
13,5,612,1,0,300,0.5,1700,0.5,2
13,6,824,2,10,5,0,300,0.5,1700,0.5,1
13,7,249,1,0,300,0.5,1700,0.5,1
13,8,170,1,0,500,0.6,1000,0.2,1400,0.2,1
13,9,961,0,0,500,0.6,1000,0.2,1400,0.2,0
13,10,565,0,0,300,0.5,1700,0.5,0
13,11,96,2,10,5,0,500,0.6,1000,0.2,1400,0.2,2
13,12,54,1,0,300,0.5,1700,0.5,0
13,13,256,1,0,300,0.5,1700,0.5,1
13,14,748,1,0,500,0.6,1000,0.2,1400,0.2,0
13,15,740,1,0,500,0.6,1000,0.2,1400,0.2,2
13,16,562,2,10,5,0,500,0.6,1000,0.2,1400,0.2,2
13,17,888,1,0,300,0.5,1700,0.5,2
13,18,357,1,0,500,0.6,1000,0.2,1400,0.2,1
13,19,273,2,10,5,0,500,0.6,1000,0.2,1400,0.2,0
14,0,369,0,0,500,0.6,1000,0.2,1400,0.2,1
14,1,584,2,10,5,0,300,0.5,1700,0.5,0
14,2,863,2,10,5,0,300,0.5,1700,0.5,1
14,3,407,2,10,5,0,500,0.6,1000,0.2,1400,0.2,2
14,4,382,0,0,500,0.6,1000,0.2,1400,0.2,0
14,5,767,0,0,300,0.5,1700,0.5,1
14,6,211,1,0,300,0.5,1700,0.5,0
14,7,874,2,10,5,0,300,0.5,1700,0.5,1
14,8,976,2,10,5,0,500,0.6,1000,0.2,1400,0.2,2
14,9,694,1,0,300,0.5,1700,0.5,0
14,10,632,1,0,300,0.5,1700,0.5,2
14,11,32,1,0,300,0.5,1700,0.5,2
14,12,650,1,0,500,0.6,1000,0.2,1400,0.2,2
14,13,252,2,10,5,0,500,0.6,1000,0.2,1400,0.2,1
14,14,553,0,0,300,0.5,1700,0.5,0
14,15,737,0,0,500,0.6,1000,0.2,1400,0.2,0
14,16,557,1,0,300,0.5,1700,0.5,0
14,17,922,1,0,500,0.6,1000,0.2,1400,0.2,2
14,18,728,2,10,5,0,500,0.6,1000,0.2,1400,0.2,1
14,19,793,1,0,500,0.6,1000,0.2,1400,0.2,0
15,0,272,1,0,300,0.5,1700,0.5,1
15,1,931,0,0,500,0.6,1000,0.2,1400,0.2,2
15,2,862,2,10,5,0,300,0.5,1700,0.5,1
15,3,439,0,0,500,0.6,1000,0.2,1400,0.2,0
15,4,333,1,0,500,0.6,1000,0.2,1400,0.2,1
15,5,98,1,0,300,0.5,1700,0.5,0
15,6,728,0,0,300,0.5,1700,0.5,2
15,7,244,2,10,5,0,500,0.6,1000,0.2,1400,0.2,0
15,8,154,2,10,5,0,500,0.6,1000,0.2,1400,0.2,2
15,9,662,2,10,5,0,300,0.5,1700,0.5,1
15,10,332,2,10,5,0,300,0.5,1700,0.5,0
15,11,23,1,0,300,0.5,1700,0.5,1
15,12,58,0,0,500,0.6,1000,0.2,1400,0.2,0
15,13,454,1,0,300,0.5,1700,0.5,0
15,14,955,0,0,500,0.6,1000,0.2,1400,0.2,1
15,15,95,0,0,500,0.6,1000,0.2,1400,0.2,2
15,16,968,2,10,5,0,500,0.6,1000,0.2,1400,0.2,1
15,17,535,0,0,300,0.5,1700,0.5,1
15,18,496,0,0,500,0.6,1000,0.2,1400,0.2,0
15,19,214,2,10,5,0,300,0.5,1700,0.5,0
16,0,683,0,0,500,0.6,1000,0.2,1400,0.2,0
16,1,258,1,0,300,0.5,1700,0.5,0
16,2,373,2,10,5,0,300,0.5,1700,0.5,1
16,3,284,2,10,5,0,500,0.6,1000,0.2,1400,0.2,0
16,4,266,0,0,500,0.6,1000,0.2,1400,0.2,1
16,5,491,1,0,300,0.5,1700,0.5,2
16,6,321,2,10,5,0,500,0.6,1000,0.2,1400,0.2,2
16,7,234,0,0,500,0.6,1000,0.2,1400,0.2,2
16,8,380,0,0,300,0.5,1700,0.5,0
16,9,93,2,10,5,0,500,0.6,1000,0.2,1400,0.2,1
16,10,727,2,10,5,0,500,0.6,1000,0.2,1400,0.2,2
16,11,798,0,0,500,0.6,1000,0.2,1400,0.2,2
16,12,929,1,0,500,0.6,1000,0.2,1400,0.2,2
16,13,790,1,0,300,0.5,1700,0.5,0
16,14,112,1,0,300,0.5,1700,0.5,0
16,15,333,1,0,500,0.6,1000,0.2,1400,0.2,0
16,16,620,1,0,500,0.6,1000,0.2,1400,0.2,1
16,17,241,0,0,500,0.6,1000,0.2,1400,0.2,2
16,18,992,1,0,300,0.5,1700,0.5,2
16,19,279,0,0,500,0.6,1000,0.2,1400,0.2,0
17,0,229,1,0,500,0.6,1000,0.2,1400,0.2,1
17,1,382,0,0,500,0.6,1000,0.2,1400,0.2,0
17,2,802,0,0,300,0.5,1700,0.5,2
17,3,649,1,0,500,0.6,1000,0.2,1400,0.2,0
17,4,862,1,0,300,0.5,1700,0.5,1
17,5,757,1,0,300,0.5,1700,0.5,2
17,6,275,0,0,300,0.5,1700,0.5,2
17,7,61,1,0,300,0.5,1700,0.5,2
17,8,290,1,0,500,0.6,1000,0.2,1400,0.2,0
17,9,708,0,0,500,0.6,1000,0.2,1400,0.2,2
17,10,256,2,10,5,0,300,0.5,1700,0.5,2
17,11,519,2,10,5,0,500,0.6,1000,0.2,1400,0.2,2
17,12,594,1,0,300,0.5,1700,0.5,2
17,13,995,2,10,5,0,300,0.5,1700,0.5,1
17,14,473,2,10,5,0,500,0.6,1000,0.2,1400,0.2,0
17,15,474,1,0,500,0.6,1000,0.2,1400,0.2,0
17,16,675,1,0,300,0.5,1700,0.5,2
17,17,185,2,10,5,0,500,0.6,1000,0.2,1400,0.2,0
17,18,464,2,10,5,0,500,0.6,1000,0.2,1400,0.2,0
17,19,823,1,0,300,0.5,1700,0.5,2
18,0,457,2,10,5,0,300,0.5,1700,0.5,0
18,1,328,2,10,5,0,300,0.5,1700,0.5,2
18,2,139,0,0,300,0.5,1700,0.5,2
18,3,703,1,0,500,0.6,1000,0.2,1400,0.2,0
18,4,733,2,10,5,0,300,0.5,1700,0.5,0
18,5,94,1,0,300,0.5,1700,0.5,1
18,6,542,0,0,300,0.5,1700,0.5,1
18,7,251,0,0,500,0.6,1000,0.2,1400,0.2,0
18,8,736,0,0,500,0.6,1000,0.2,1400,0.2,0
18,9,934,2,10,5,0,500,0.6,1000,0.2,1400,0.2,2
18,10,481,0,0,300,0.5,1700,0.5,0
18,11,165,2,10,5,0,500,0.6,1000,0.2,1400,0.2,0
18,12,188,2,10,5,0,300,0.5,1700,0.5,2
18,13,533,2,10,5,0,500,0.6,1000,0.2,1400,0.2,2
18,14,539,1,0,300,0.5,1700,0.5,2
18,15,627,2,10,5,0,500,0.6,1000,0.2,1400,0.2,1
18,16,824,2,10,5,0,300,0.5,1700,0.5,0
18,17,717,2,10,5,0,500,0.6,1000,0.2,1400,0.2,0
18,18,23,1,0,500,0.6,1000,0.2,1400,0.2,0
18,19,231,0,0,500,0.6,1000,0.2,1400,0.2,0
19,0,234,1,0,300,0.5,1700,0.5,1
19,1,620,1,0,500,0.6,1000,0.2,1400,0.2,2
19,2,695,1,0,500,0.6,1000,0.2,1400,0.2,1
19,3,306,1,0,300,0.5,1700,0.5,2
19,4,826,1,0,500,0.6,1000,0.2,1400,0.2,1
19,5,886,0,0,500,0.6,1000,0.2,1400,0.2,0
19,6,118,2,10,5,0,300,0.5,1700,0.5,1
19,7,260,2,10,5,0,500,0.6,1000,0.2,1400,0.2,1
19,8,619,1,0,300,0.5,1700,0.5,1
19,9,441,0,0,500,0.6,1000,0.2,1400,0.2,1
19,10,384,2,10,5,0,500,0.6,1000,0.2,1400,0.2,2
19,11,24,1,0,300,0.5,1700,0.5,2
19,12,170,0,0,300,0.5,1700,0.5,0
19,13,206,2,10,5,0,500,0.6,1000,0.2,1400,0.2,0
19,14,300,2,10,5,0,500,0.6,1000,0.2,1400,0.2,2
19,15,80,1,0,300,0.5,1700,0.5,1
19,16,921,2,10,5,0,300,0.5,1700,0.5,2
19,17,790,1,0,500,0.6,1000,0.2,1400,0.2,1
19,18,854,1,0,500,0.6,1000,0.2,1400,0.2,0
19,19,216,2,10,5,0,300,0.5,1700,0.5,2
