0,0,94,0,0,300,0.5,1700,0.5,1
0,1,416,2,10,5,0,300,0.5,1700,0.5,2
0,2,684,2,10,5,0,500,0.6,1000,0.2,1400,0.2,1
0,3,343,0,0,300,0.5,1700,0.5,0
0,4,292,2,10,5,0,300,0.5,1700,0.5,2
0,5,290,2,10,5,0,300,0.5,1700,0.5,0
0,6,268,1,0,300,0.5,1700,0.5,0
0,7,605,0,0,300,0.5,1700,0.5,2
0,8,642,0,0,300,0.5,1700,0.5,1
0,9,637,0,0,300,0.5,1700,0.5,2
0,10,501,0,0,500,0.6,1000,0.2,1400,0.2,0
0,11,543,2,10,5,0,300,0.5,1700,0.5,1
0,12,725,1,0,300,0.5,1700,0.5,2
0,13,358,0,0,500,0.6,1000,0.2,1400,0.2,0
0,14,632,2,10,5,0,500,0.6,1000,0.2,1400,0.2,0
0,15,791,0,0,500,0.6,1000,0.2,1400,0.2,1
0,16,139,0,0,500,0.6,1000,0.2,1400,0.2,2
0,17,583,1,0,500,0.6,1000,0.2,1400,0.2,0
0,18,402,2,10,5,0,500,0.6,1000,0.2,1400,0.2,0
0,19,328,1,0,300,0.5,1700,0.5,2
1,0,796,1,0,500,0.6,1000,0.2,1400,0.2,1
1,1,282,1,0,300,0.5,1700,0.5,1
1,2,919,2,10,5,0,300,0.5,1700,0.5,0
1,3,573,2,10,5,0,300,0.5,1700,0.5,2
1,4,68,1,0,300,0.5,1700,0.5,0
1,5,242,0,0,500,0.6,1000,0.2,1400,0.2,0
1,6,995,0,0,500,0.6,1000,0.2,1400,0.2,2
1,7,251,0,0,300,0.5,1700,0.5,2
1,8,695,2,10,5,0,300,0.5,1700,0.5,0
1,9,829,0,0,500,0.6,1000,0.2,1400,0.2,1
1,10,876,2,10,5,0,300,0.5,1700,0.5,1
1,11,68,1,0,300,0.5,1700,0.5,0
1,12,57,1,0,300,0.5,1700,0.5,1
1,13,276,0,0,500,0.6,1000,0.2,1400,0.2,2
1,14,839,1,0,300,0.5,1700,0.5,2
1,15,304,2,10,5,0,500,0.6,1000,0.2,1400,0.2,2
1,16,508,0,0,300,0.5,1700,0.5,2
1,17,910,1,0,300,0.5,1700,0.5,0
1,18,655,1,0,500,0.6,1000,0.2,1400,0.2,0
1,19,288,2,10,5,0,500,0.6,1000,0.2,1400,0.2,2
2,0,190,1,0,500,0.6,1000,0.2,1400,0.2,0
2,1,382,0,0,300,0.5,1700,0.5,1
2,2,896,1,0,300,0.5,1700,0.5,1
2,3,675,2,10,5,0,500,0.6,1000,0.2,1400,0.2,2
2,4,74,1,0,500,0.6,1000,0.2,1400,0.2,2
2,5,58,2,10,5,0,500,0.6,1000,0.2,1400,0.2,0
2,6,325,0,0,500,0.6,1000,0.2,1400,0.2,1
2,7,340,2,10,5,0,500,0.6,1000,0.2,1400,0.2,2
2,8,437,1,0,500,0.6,1000,0.2,1400,0.2,1
2,9,54,2,10,5,0,300,0.5,1700,0.5,2
2,10,296,1,0,300,0.5,1700,0.5,2
2,11,642,1,0,300,0.5,1700,0.5,2
2,12,767,0,0,500,0.6,1000,0.2,1400,0.2,1
2,13,544,1,0,500,0.6,1000,0.2,1400,0.2,2
2,14,11,1,0,300,0.5,1700,0.5,2
2,15,467,1,0,500,0.6,1000,0.2,1400,0.2,0
2,16,254,0,0,300,0.5,1700,0.5,0
2,17,957,2,10,5,0,500,0.6,1000,0.2,1400,0.2,0
2,18,775,2,10,5,0,500,0.6,1000,0.2,1400,0.2,2
2,19,436,2,10,5,0,300,0.5,1700,0.5,1
3,0,452,2,10,5,0,300,0.5,1700,0.5,0
3,1,477,2,10,5,0,500,0.6,1000,0.2,1400,0.2,0
3,2,814,2,10,5,0,500,0.6,1000,0.2,1400,0.2,2
3,3,554,1,0,500,0.6,1000,0.2,1400,0.2,1
3,4,486,0,0,500,0.6,1000,0.2,1400,0.2,2
3,5,170,1,0,500,0.6,1000,0.2,1400,0.2,0
3,6,292,1,0,500,0.6,1000,0.2,1400,0.2,2
3,7,187,0,0,500,0.6,1000,0.2,1400,0.2,0
3,8,54,2,10,5,0,500,0.6,1000,0.2,1400,0.2,2
3,9,641,1,0,500,0.6,1000,0.2,1400,0.2,1
3,10,331,1,0,500,0.6,1000,0.2,1400,0.2,1
3,11,350,2,10,5,0,500,0.6,1000,0.2,1400,0.2,1
3,12,490,1,0,500,0.6,1000,0.2,1400,0.2,2
3,13,50,0,0,300,0.5,1700,0.5,2
3,14,753,0,0,500,0.6,1000,0.2,1400,0.2,1
3,15,553,2,10,5,0,300,0.5,1700,0.5,2
3,16,522,0,0,500,0.6,1000,0.2,1400,0.2,0
3,17,162,0,0,300,0.5,1700,0.5,1
3,18,507,1,0,300,0.5,1700,0.5,0
3,19,414,2,10,5,0,300,0.5,1700,0.5,2
4,0,446,2,10,5,0,500,0.6,1000,0.2,1400,0.2,2
4,1,863,0,0,500,0.6,1000,0.2,1400,0.2,2
4,2,764,2,10,5,0,300,0.5,1700,0.5,2
4,3,30,2,10,5,0,500,0.6,1000,0.2,1400,0.2,2
4,4,295,1,0,300,0.5,1700,0.5,2
4,5,969,1,0,300,0.5,1700,0.5,2
4,6,897,0,0,300,0.5,1700,0.5,2
4,7,859,0,0,500,0.6,1000,0.2,1400,0.2,2
4,8,473,1,0,300,0.5,1700,0.5,0
4,9,566,2,10,5,0,500,0.6,1000,0.2,1400,0.2,0
4,10,263,2,10,5,0,500,0.6,1000,0.2,1400,0.2,0
4,11,546,1,0,300,0.5,1700,0.5,1
4,12,662,0,0,500,0.6,1000,0.2,1400,0.2,0
4,13,50,0,0,500,0.6,1000,0.2,1400,0.2,1
4,14,484,2,10,5,0,500,0.6,1000,0.2,1400,0.2,2
4,15,653,1,0,300,0.5,1700,0.5,2
4,16,296,1,0,300,0.5,1700,0.5,0
4,17,970,1,0,500,0.6,1000,0.2,1400,0.2,1
4,18,554,0,0,300,0.5,1700,0.5,1
4,19,603,1,0,300,0.5,1700,0.5,1
5,0,597,2,10,5,0,300,0.5,1700,0.5,1
5,1,216,1,0,500,0.6,1000,0.2,1400,0.2,2
5,2,661,0,0,500,0.6,1000,0.2,1400,0.2,2
5,3,586,1,0,500,0.6,1000,0.2,1400,0.2,1
5,4,189,1,0,500,0.6,1000,0.2,1400,0.2,1
5,5,152,0,0,500,0.6,1000,0.2,1400,0.2,1
5,6,579,2,10,5,0,300,0.5,1700,0.5,0
5,7,606,2,10,5,0,500,0.6,1000,0.2,1400,0.2,0
5,8,900,1,0,300,0.5,1700,0.5,2
5,9,423,2,10,5,0,300,0.5,1700,0.5,0
5,10,761,2,10,5,0,300,0.5,1700,0.5,2
5,11,484,1,0,300,0.5,1700,0.5,2
5,12,697,1,0,500,0.6,1000,0.2,1400,0.2,0
5,13,750,0,0,500,0.6,1000,0.2,1400,0.2,2
5,14,736,2,10,5,0,500,0.6,1000,0.2,1400,0.2,0
5,15,986,0,0,300,0.5,1700,0.5,2
5,16,670,1,0,300,0.5,1700,0.5,0
5,17,882,2,10,5,0,300,0.5,1700,0.5,2
5,18,258,0,0,500,0.6,1000,0.2,1400,0.2,0
5,19,489,2,10,5,0,500,0.6,1000,0.2,1400,0.2,1
6,0,864,1,0,500,0.6,1000,0.2,1400,0.2,0
6,1,189,1,0,500,0.6,1000,0.2,1400,0.2,1
6,2,82,0,0,500,0.6,1000,0.2,1400,0.2,1
6,3,856,0,0,500,0.6,1000,0.2,1400,0.2,0
6,4,521,0,0,300,0.5,1700,0.5,2
6,5,822,2,10,5,0,300,0.5,1700,0.5,0
6,6,357,2,10,5,0,500,0.6,1000,0.2,1400,0.2,0
6,7,101,2,10,5,0,300,0.5,1700,0.5,0
6,8,893,0,0,300,0.5,1700,0.5,1
6,9,251,1,0,500,0.6,1000,0.2,1400,0.2,2
6,10,477,2,10,5,0,500,0.6,1000,0.2,1400,0.2,2
6,11,328,2,10,5,0,300,0.5,1700,0.5,2
6,12,730,2,10,5,0,500,0.6,1000,0.2,1400,0.2,2
6,13,630,0,0,500,0.6,1000,0.2,1400,0.2,1
6,14,759,1,0,300,0.5,1700,0.5,1
6,15,867,0,0,500,0.6,1000,0.2,1400,0.2,2
6,16,845,1,0,500,0.6,1000,0.2,1400,0.2,1
6,17,499,0,0,500,0.6,1000,0.2,1400,0.2,2
6,18,356,2,10,5,0,500,0.6,1000,0.2,1400,0.2,0
6,19,267,1,0,300,0.5,1700,0.5,1
7,0,397,0,0,500,0.6,1000,0.2,1400,0.2,0
7,1,524,0,0,300,0.5,1700,0.5,0
7,2,457,1,0,300,0.5,1700,0.5,2
7,3,28,2,10,5,0,300,0.5,1700,0.5,0
7,4,83,1,0,300,0.5,1700,0.5,0
7,5,280,2,10,5,0,500,0.6,1000,0.2,1400,0.2,0
7,6,499,0,0,300,0.5,1700,0.5,0
7,7,771,2,10,5,0,300,0.5,1700,0.5,0
7,8,301,1,0,300,0.5,1700,0.5,1
7,9,355,2,10,5,0,500,0.6,1000,0.2,1400,0.2,1
7,10,825,2,10,5,0,500,0.6,1000,0.2,1400,0.2,1
7,11,852,2,10,5,0,300,0.5,1700,0.5,2
7,12,308,2,10,5,0,300,0.5,1700,0.5,0
7,13,695,1,0,500,0.6,1000,0.2,1400,0.2,0
7,14,865,2,10,5,0,300,0.5,1700,0.5,1
7,15,933,2,10,5,0,500,0.6,1000,0.2,1400,0.2,1
7,16,442,0,0,500,0.6,1000,0.2,1400,0.2,1
7,17,612,0,0,300,0.5,1700,0.5,0
7,18,401,0,0,500,0.6,1000,0.2,1400,0.2,0
7,19,669,2,10,5,0,500,0.6,1000,0.2,1400,0.2,0
8,0,275,1,0,300,0.5,1700,0.5,1
8,1,145,2,10,5,0,300,0.5,1700,0.5,0
8,2,191,0,0,500,0.6,1000,0.2,1400,0.2,0
8,3,137,0,0,300,0.5,1700,0.5,0
8,4,512,2,10,5,0,300,0.5,1700,0.5,0
8,5,891,0,0,300,0.5,1700,0.5,0
8,6,84,1,0,500,0.6,1000,0.2,1400,0.2,1
8,7,652,1,0,300,0.5,1700,0.5,1
8,8,591,2,10,5,0,500,0.6,1000,0.2,1400,0.2,0
8,9,447,2,10,5,0,500,0.6,1000,0.2,1400,0.2,0
8,10,842,0,0,300,0.5,1700,0.5,1
8,11,551,2,10,5,0,300,0.5,1700,0.5,0
8,12,798,1,0,300,0.5,1700,0.5,2
8,13,798,0,0,300,0.5,1700,0.5,2
8,14,416,0,0,300,0.5,1700,0.5,1
8,15,187,1,0,300,0.5,1700,0.5,0
8,16,122,1,0,500,0.6,1000,0.2,1400,0.2,1
8,17,917,2,10,5,0,300,0.5,1700,0.5,2
8,18,81,2,10,5,0,300,0.5,1700,0.5,0
8,19,434,2,10,5,0,500,0.6,1000,0.2,1400,0.2,2
9,0,595,2,10,5,0,300,0.5,1700,0.5,2
9,1,908,2,10,5,0,500,0.6,1000,0.2,1400,0.2,0
9,2,990,2,10,5,0,300,0.5,1700,0.5,0
9,3,141,0,0,500,0.6,1000,0.2,1400,0.2,0
9,4,428,2,10,5,0,300,0.5,1700,0.5,2
9,5,705,0,0,500,0.6,1000,0.2,1400,0.2,1
9,6,808,2,10,5,0,500,0.6,1000,0.2,1400,0.2,1
9,7,911,2,10,5,0,300,0.5,1700,0.5,1
9,8,183,2,10,5,0,500,0.6,1000,0.2,1400,0.2,0
9,9,827,1,0,300,0.5,1700,0.5,0
9,10,423,1,0,500,0.6,1000,0.2,1400,0.2,0
9,11,952,1,0,500,0.6,1000,0.2,1400,0.2,2
9,12,103,0,0,300,0.5,1700,0.5,1
9,13,117,1,0,300,0.5,1700,0.5,2
9,14,27,1,0,500,0.6,1000,0.2,1400,0.2,1
9,15,83,2,10,5,0,300,0.5,1700,0.5,1
9,16,775,0,0,500,0.6,1000,0.2,1400,0.2,0
9,17,556,2,10,5,0,300,0.5,1700,0.5,2
9,18,53,1,0,500,0.6,1000,0.2,1400,0.2,0
9,19,763,1,0,500,0.6,1000,0.2,1400,0.2,2
10,0,411,1,0,500,0.6,1000,0.2,1400,0.2,1
10,1,205,0,0,300,0.5,1700,0.5,2
10,2,221,2,10,5,0,500,0.6,1000,0.2,1400,0.2,2
10,3,92,2,10,5,0,500,0.6,1000,0.2,1400,0.2,2
10,4,559,0,0,500,0.6,1000,0.2,1400,0.2,1
10,5,804,1,0,300,0.5,1700,0.5,1
10,6,459,1,0,300,0.5,1700,0.5,2
10,7,544,1,0,500,0.6,1000,0.2,1400,0.2,2
10,8,975,2,10,5,0,500,0.6,1000,0.2,1400,0.2,1
10,9,488,1,0,300,0.5,1700,0.5,0
10,10,709,2,10,5,0,300,0.5,1700,0.5,2
10,11,415,2,10,5,0,500,0.6,1000,0.2,1400,0.2,2
10,12,625,2,10,5,0,300,0.5,1700,0.5,0
10,13,285,2,10,5,0,500,0.6,1000,0.2,1400,0.2,0
10,14,999,0,0,300,0.5,1700,0.5,0
10,15,158,2,10,5,0,500,0.6,1000,0.2,1400,0.2,1
10,16,704,0,0,300,0.5,1700,0.5,1
10,17,391,2,10,5,0,300,0.5,1700,0.5,2
10,18,428,2,10,5,0,500,0.6,1000,0.2,1400,0.2,2
10,19,758,0,0,300,0.5,1700,0.5,0
11,0,273,0,0,300,0.5,1700,0.5,0
11,1,241,2,10,5,0,500,0.6,1000,0.2,1400,0.2,0
11,2,741,1,0,500,0.6,1000,0.2,1400,0.2,1
11,3,519,1,0,300,0.5,1700,0.5,1
11,4,752,2,10,5,0,300,0.5,1700,0.5,0
11,5,597,0,0,300,0.5,1700,0.5,2
11,6,745,1,0,300,0.5,1700,0.5,0
11,7,641,1,0,500,0.6,1000,0.2,1400,0.2,2
11,8,761,1,0,500,0.6,1000,0.2,1400,0.2,0
11,9,53,0,0,300,0.5,1700,0.5,0
11,10,72,1,0,300,0.5,1700,0.5,2
11,11,121,1,0,500,0.6,1000,0.2,1400,0.2,1
11,12,388,0,0,500,0.6,1000,0.2,1400,0.2,1
11,13,917,2,10,5,0,500,0.6,1000,0.2,1400,0.2,2
11,14,985,0,0,300,0.5,1700,0.5,1
11,15,652,0,0,300,0.5,1700,0.5,0
11,16,217,0,0,500,0.6,1000,0.2,1400,0.2,2
11,17,558,1,0,500,0.6,1000,0.2,1400,0.2,2
11,18,722,1,0,500,0.6,1000,0.2,1400,0.2,1
11,19,862,0,0,300,0.5,1700,0.5,1
12,0,95,1,0,300,0.5,1700,0.5,2
12,1,627,0,0,300,0.5,1700,0.5,2
12,2,439,1,0,300,0.5,1700,0.5,0
12,3,422,1,0,500,0.6,1000,0.2,1400,0.2,0
12,4,939,2,10,5,0,300,0.5,1700,0.5,0
12,5,239,0,0,300,0.5,1700,0.5,2
12,6,33,1,0,300,0.5,1700,0.5,1
12,7,540,0,0,500,0.6,1000,0.2,1400,0.2,2
12,8,734,2,10,5,0,300,0.5,1700,0.5,2
12,9,859,0,0,300,0.5,1700,0.5,1
12,10,978,2,10,5,0,500,0.6,1000,0.2,1400,0.2,1
12,11,757,0,0,500,0.6,1000,0.2,1400,0.2,0
12,12,395,1,0,300,0.5,1700,0.5,0
12,13,961,2,10,5,0,500,0.6,1000,0.2,1400,0.2,0
12,14,390,0,0,300,0.5,1700,0.5,2
12,15,134,0,0,500,0.6,1000,0.2,1400,0.2,1
12,16,985,1,0,300,0.5,1700,0.5,2
12,17,657,2,10,5,0,500,0.6,1000,0.2,1400,0.2,2
12,18,345,2,10,5,0,500,0.6,1000,0.2,1400,0.2,1
12,19,69,1,0,500,0.6,1000,0.2,1400,0.2,0
13,0,521,2,10,5,0,500,0.6,1000,0.2,1400,0.2,2
13,1,334,2,10,5,0,500,0.6,1000,0.2,1400,0.2,1
13,2,168,0,0,300,0.5,1700,0.5,0
13,3,407,0,0,500,0.6,1000,0.2,1400,0.2,2
13,4,254,0,0,500,0.6,1000,0.2,1400,0.2,1
13,5,139,1,0,500,0.6,1000,0.2,1400,0.2,0
13,6,924,2,10,5,0,300,0.5,1700,0.5,2
13,7,847,1,0,500,0.6,1000,0.2,1400,0.2,2
13,8,845,0,0,300,0.5,1700,0.5,2
13,9,393,0,0,300,0.5,1700,0.5,2
13,10,38,1,0,300,0.5,1700,0.5,1
13,11,620,0,0,500,0.6,1000,0.2,1400,0.2,1
13,12,229,2,10,5,0,500,0.6,1000,0.2,1400,0.2,0
13,13,898,2,10,5,0,300,0.5,1700,0.5,2
13,14,679,2,10,5,0,500,0.6,1000,0.2,1400,0.2,0
13,15,15,2,10,5,0,300,0.5,1700,0.5,1
13,16,195,0,0,500,0.6,1000,0.2,1400,0.2,0
13,17,968,2,10,5,0,300,0.5,1700,0.5,2
13,18,833,1,0,300,0.5,1700,0.5,1
13,19,309,2,10,5,0,500,0.6,1000,0.2,1400,0.2,0
14,0,651,1,0,500,0.6,1000,0.2,1400,0.2,2
14,1,106,0,0,500,0.6,1000,0.2,1400,0.2,0
14,2,140,1,0,300,0.5,1700,0.5,1
14,3,64,2,10,5,0,500,0.6,1000,0.2,1400,0.2,2
14,4,746,2,10,5,0,300,0.5,1700,0.5,0
14,5,485,0,0,500,0.6,1000,0.2,1400,0.2,1
14,6,46,1,0,300,0.5,1700,0.5,2
14,7,339,1,0,500,0.6,1000,0.2,1400,0.2,2
14,8,135,1,0,300,0.5,1700,0.5,2
14,9,399,0,0,300,0.5,1700,0.5,1
14,10,749,2,10,5,0,500,0.6,1000,0.2,1400,0.2,2
14,11,54,0,0,300,0.5,1700,0.5,0
14,12,167,1,0,300,0.5,1700,0.5,1
14,13,618,1,0,300,0.5,1700,0.5,0
14,14,83,0,0,500,0.6,1000,0.2,1400,0.2,2
14,15,152,0,0,500,0.6,1000,0.2,1400,0.2,0
14,16,64,1,0,300,0.5,1700,0.5,1
14,17,623,2,10,5,0,300,0.5,1700,0.5,2
14,18,241,0,0,300,0.5,1700,0.5,2
14,19,932,0,0,500,0.6,1000,0.2,1400,0.2,0
15,0,335,2,10,5,0,300,0.5,1700,0.5,0
15,1,393,0,0,500,0.6,1000,0.2,1400,0.2,2
15,2,844,0,0,300,0.5,1700,0.5,1
15,3,52,0,0,300,0.5,1700,0.5,2
15,4,715,2,10,5,0,300,0.5,1700,0.5,0
15,5,370,0,0,500,0.6,1000,0.2,1400,0.2,2
15,6,673,0,0,500,0.6,1000,0.2,1400,0.2,2
15,7,441,2,10,5,0,300,0.5,1700,0.5,2
15,8,149,1,0,500,0.6,1000,0.2,1400,0.2,1
15,9,889,1,0,300,0.5,1700,0.5,1
15,10,650,1,0,300,0.5,1700,0.5,0
15,11,217,2,10,5,0,300,0.5,1700,0.5,0
15,12,181,1,0,500,0.6,1000,0.2,1400,0.2,0
15,13,718,0,0,300,0.5,1700,0.5,2
15,14,647,2,10,5,0,300,0.5,1700,0.5,2
15,15,804,0,0,500,0.6,1000,0.2,1400,0.2,1
15,16,734,2,10,5,0,300,0.5,1700,0.5,2
15,17,791,1,0,300,0.5,1700,0.5,0
15,18,427,2,10,5,0,300,0.5,1700,0.5,0
15,19,801,1,0,500,0.6,1000,0.2,1400,0.2,0
16,0,889,1,0,300,0.5,1700,0.5,0
16,1,224,1,0,500,0.6,1000,0.2,1400,0.2,2
16,2,234,2,10,5,0,500,0.6,1000,0.2,1400,0.2,2
16,3,895,2,10,5,0,500,0.6,1000,0.2,1400,0.2,2
16,4,58,0,0,500,0.6,1000,0.2,1400,0.2,2
16,5,803,1,0,300,0.5,1700,0.5,1
16,6,759,0,0,500,0.6,1000,0.2,1400,0.2,2
16,7,373,2,10,5,0,500,0.6,1000,0.2,1400,0.2,1
16,8,11,1,0,500,0.6,1000,0.2,1400,0.2,1
16,9,649,2,10,5,0,500,0.6,1000,0.2,1400,0.2,0
16,10,734,2,10,5,0,300,0.5,1700,0.5,0
16,11,408,1,0,300,0.5,1700,0.5,1
16,12,151,1,0,500,0.6,1000,0.2,1400,0.2,2
16,13,462,2,10,5,0,300,0.5,1700,0.5,2
16,14,293,0,0,500,0.6,1000,0.2,1400,0.2,0
16,15,452,1,0,500,0.6,1000,0.2,1400,0.2,0
16,16,707,0,0,500,0.6,1000,0.2,1400,0.2,1
16,17,635,2,10,5,0,500,0.6,1000,0.2,1400,0.2,1
16,18,415,1,0,300,0.5,1700,0.5,1
16,19,27,2,10,5,0,300,0.5,1700,0.5,0
17,0,690,0,0,500,0.6,1000,0.2,1400,0.2,1
17,1,51,2,10,5,0,300,0.5,1700,0.5,2
17,2,961,1,0,500,0.6,1000,0.2,1400,0.2,2
17,3,585,2,10,5,0,300,0.5,1700,0.5,2
17,4,507,0,0,300,0.5,1700,0.5,1
17,5,705,0,0,500,0.6,1000,0.2,1400,0.2,2
17,6,189,2,10,5,0,500,0.6,1000,0.2,1400,0.2,0
17,7,872,2,10,5,0,500,0.6,1000,0.2,1400,0.2,2
17,8,162,2,10,5,0,500,0.6,1000,0.2,1400,0.2,1
17,9,447,0,0,500,0.6,1000,0.2,1400,0.2,1
17,10,447,0,0,300,0.5,1700,0.5,2
17,11,128,0,0,500,0.6,1000,0.2,1400,0.2,0
17,12,519,2,10,5,0,300,0.5,1700,0.5,0
17,13,148,0,0,500,0.6,1000,0.2,1400,0.2,1
17,14,101,1,0,500,0.6,1000,0.2,1400,0.2,0
17,15,163,0,0,300,0.5,1700,0.5,0
17,16,211,0,0,500,0.6,1000,0.2,1400,0.2,0
17,17,555,0,0,500,0.6,1000,0.2,1400,0.2,1
17,18,440,1,0,300,0.5,1700,0.5,1
17,19,429,1,0,500,0.6,1000,0.2,1400,0.2,2
18,0,707,0,0,300,0.5,1700,0.5,2
18,1,951,0,0,500,0.6,1000,0.2,1400,0.2,0
18,2,548,1,0,300,0.5,1700,0.5,0
18,3,779,2,10,5,0,300,0.5,1700,0.5,0
18,4,486,2,10,5,0,300,0.5,1700,0.5,0
18,5,208,0,0,500,0.6,1000,0.2,1400,0.2,2
18,6,704,0,0,300,0.5,1700,0.5,0
18,7,244,1,0,300,0.5,1700,0.5,1
18,8,383,2,10,5,0,300,0.5,1700,0.5,2
18,9,800,0,0,500,0.6,1000,0.2,1400,0.2,0
18,10,626,0,0,300,0.5,1700,0.5,1
18,11,595,2,10,5,0,500,0.6,1000,0.2,1400,0.2,0
18,12,145,1,0,300,0.5,1700,0.5,1
18,13,319,2,10,5,0,300,0.5,1700,0.5,0
18,14,320,1,0,300,0.5,1700,0.5,2
18,15,325,1,0,500,0.6,1000,0.2,1400,0.2,1
18,16,343,1,0,300,0.5,1700,0.5,1
18,17,312,2,10,5,0,500,0.6,1000,0.2,1400,0.2,1
18,18,213,2,10,5,0,500,0.6,1000,0.2,1400,0.2,2
18,19,897,1,0,500,0.6,1000,0.2,1400,0.2,2
19,0,693,0,0,500,0.6,1000,0.2,1400,0.2,0
19,1,364,0,0,500,0.6,1000,0.2,1400,0.2,2
19,2,763,2,10,5,0,500,0.6,1000,0.2,1400,0.2,2
19,3,123,0,0,300,0.5,1700,0.5,1
19,4,367,2,10,5,0,500,0.6,1000,0.2,1400,0.2,2
19,5,147,0,0,300,0.5,1700,0.5,1
19,6,281,1,0,300,0.5,1700,0.5,0
19,7,949,2,10,5,0,500,0.6,1000,0.2,1400,0.2,2
19,8,762,2,10,5,0,300,0.5,1700,0.5,1
19,9,107,0,0,500,0.6,1000,0.2,1400,0.2,0
19,10,994,2,10,5,0,300,0.5,1700,0.5,1
19,11,121,0,0,500,0.6,1000,0.2,1400,0.2,0
19,12,418,1,0,500,0.6,1000,0.2,1400,0.2,0
19,13,144,0,0,300,0.5,1700,0.5,0
19,14,504,1,0,300,0.5,1700,0.5,1
19,15,201,1,0,300,0.5,1700,0.5,2
19,16,230,0,0,300,0.5,1700,0.5,1
19,17,615,0,0,500,0.6,1000,0.2,1400,0.2,0
19,18,175,0,0,300,0.5,1700,0.5,0
19,19,317,1,0,300,0.5,1700,0.5,1
