0,0,306,1,0,300,0.5,1700,0.5,2
0,1,584,1,0,300,0.5,1700,0.5,0
0,2,944,2,10,5,0,500,0.6,1000,0.2,1400,0.2,1
0,3,136,0,0,500,0.6,1000,0.2,1400,0.2,1
0,4,870,2,10,5,0,500,0.6,1000,0.2,1400,0.2,1
0,5,854,1,0,300,0.5,1700,0.5,1
0,6,987,2,10,5,0,300,0.5,1700,0.5,1
0,7,673,0,0,500,0.6,1000,0.2,1400,0.2,2
0,8,505,0,0,300,0.5,1700,0.5,1
0,9,382,2,10,5,0,500,0.6,1000,0.2,1400,0.2,0
0,10,219,0,0,300,0.5,1700,0.5,2
0,11,914,2,10,5,0,300,0.5,1700,0.5,1
0,12,589,1,0,300,0.5,1700,0.5,2
0,13,88,2,10,5,0,300,0.5,1700,0.5,1
0,14,874,2,10,5,0,500,0.6,1000,0.2,1400,0.2,2
0,15,307,1,0,300,0.5,1700,0.5,1
0,16,255,1,0,500,0.6,1000,0.2,1400,0.2,0
0,17,256,1,0,500,0.6,1000,0.2,1400,0.2,1
0,18,945,1,0,500,0.6,1000,0.2,1400,0.2,2
0,19,613,2,10,5,0,500,0.6,1000,0.2,1400,0.2,2
1,0,843,0,0,300,0.5,1700,0.5,1
1,1,459,1,0,500,0.6,1000,0.2,1400,0.2,2
1,2,285,0,0,300,0.5,1700,0.5,1
1,3,556,1,0,500,0.6,1000,0.2,1400,0.2,1
1,4,995,1,0,300,0.5,1700,0.5,1
1,5,246,0,0,300,0.5,1700,0.5,2
1,6,429,1,0,500,0.6,1000,0.2,1400,0.2,0
1,7,966,2,10,5,0,300,0.5,1700,0.5,0
1,8,932,1,0,300,0.5,1700,0.5,0
1,9,576,0,0,300,0.5,1700,0.5,1
1,10,20,1,0,500,0.6,1000,0.2,1400,0.2,2
1,11,718,2,10,5,0,500,0.6,1000,0.2,1400,0.2,2
1,12,352,2,10,5,0,300,0.5,1700,0.5,2
1,13,305,2,10,5,0,500,0.6,1000,0.2,1400,0.2,0
1,14,957,1,0,500,0.6,1000,0.2,1400,0.2,1
1,15,547,1,0,300,0.5,1700,0.5,1
1,16,543,1,0,300,0.5,1700,0.5,1
1,17,954,0,0,300,0.5,1700,0.5,2
1,18,958,1,0,500,0.6,1000,0.2,1400,0.2,2
1,19,449,2,10,5,0,500,0.6,1000,0.2,1400,0.2,0
2,0,98,0,0,300,0.5,1700,0.5,0
2,1,795,1,0,300,0.5,1700,0.5,0
2,2,151,0,0,500,0.6,1000,0.2,1400,0.2,1
2,3,46,2,10,5,0,300,0.5,1700,0.5,0
2,4,606,0,0,300,0.5,1700,0.5,0
2,5,483,1,0,500,0.6,1000,0.2,1400,0.2,1
2,6,828,0,0,300,0.5,1700,0.5,0
2,7,868,1,0,300,0.5,1700,0.5,2
2,8,99,1,0,500,0.6,1000,0.2,1400,0.2,2
2,9,114,0,0,500,0.6,1000,0.2,1400,0.2,0
2,10,64,1,0,500,0.6,1000,0.2,1400,0.2,2
2,11,472,2,10,5,0,300,0.5,1700,0.5,2
2,12,237,0,0,300,0.5,1700,0.5,1
2,13,144,2,10,5,0,500,0.6,1000,0.2,1400,0.2,1
2,14,235,1,0,300,0.5,1700,0.5,0
2,15,996,1,0,300,0.5,1700,0.5,0
2,16,284,1,0,300,0.5,1700,0.5,2
2,17,128,1,0,500,0.6,1000,0.2,1400,0.2,1
2,18,512,0,0,500,0.6,1000,0.2,1400,0.2,0
2,19,807,0,0,500,0.6,1000,0.2,1400,0.2,1
3,0,31,2,10,5,0,500,0.6,1000,0.2,1400,0.2,1
3,1,113,0,0,500,0.6,1000,0.2,1400,0.2,1
3,2,863,0,0,300,0.5,1700,0.5,1
3,3,691,2,10,5,0,500,0.6,1000,0.2,1400,0.2,1
3,4,320,0,0,500,0.6,1000,0.2,1400,0.2,1
3,5,833,0,0,300,0.5,1700,0.5,0
3,6,837,2,10,5,0,300,0.5,1700,0.5,2
3,7,893,0,0,500,0.6,1000,0.2,1400,0.2,0
3,8,398,2,10,5,0,500,0.6,1000,0.2,1400,0.2,1
3,9,33,0,0,500,0.6,1000,0.2,1400,0.2,2
3,10,945,2,10,5,0,300,0.5,1700,0.5,0
3,11,530,2,10,5,0,300,0.5,1700,0.5,0
3,12,421,0,0,300,0.5,1700,0.5,0
3,13,627,0,0,300,0.5,1700,0.5,0
3,14,612,0,0,500,0.6,1000,0.2,1400,0.2,1
3,15,138,1,0,500,0.6,1000,0.2,1400,0.2,0
3,16,438,2,10,5,0,500,0.6,1000,0.2,1400,0.2,1
3,17,173,2,10,5,0,300,0.5,1700,0.5,0
3,18,49,2,10,5,0,300,0.5,1700,0.5,2
3,19,357,0,0,300,0.5,1700,0.5,2
4,0,146,1,0,500,0.6,1000,0.2,1400,0.2,1
4,1,251,2,10,5,0,300,0.5,1700,0.5,0
4,2,158,0,0,500,0.6,1000,0.2,1400,0.2,2
4,3,402,1,0,300,0.5,1700,0.5,2
4,4,464,0,0,500,0.6,1000,0.2,1400,0.2,1
4,5,585,0,0,500,0.6,1000,0.2,1400,0.2,1
4,6,920,2,10,5,0,500,0.6,1000,0.2,1400,0.2,0
4,7,360,0,0,500,0.6,1000,0.2,1400,0.2,1
4,8,848,0,0,300,0.5,1700,0.5,1
4,9,229,2,10,5,0,300,0.5,1700,0.5,0
4,10,400,0,0,500,0.6,1000,0.2,1400,0.2,2
4,11,783,2,10,5,0,500,0.6,1000,0.2,1400,0.2,1
4,12,795,1,0,500,0.6,1000,0.2,1400,0.2,2
4,13,138,2,10,5,0,300,0.5,1700,0.5,0
4,14,964,1,0,500,0.6,1000,0.2,1400,0.2,0
4,15,404,0,0,300,0.5,1700,0.5,2
4,16,663,1,0,500,0.6,1000,0.2,1400,0.2,0
4,17,50,2,10,5,0,500,0.6,1000,0.2,1400,0.2,1
4,18,296,1,0,300,0.5,1700,0.5,0
4,19,461,0,0,300,0.5,1700,0.5,1
5,0,40,1,0,500,0.6,1000,0.2,1400,0.2,2
5,1,245,1,0,300,0.5,1700,0.5,1
5,2,473,2,10,5,0,500,0.6,1000,0.2,1400,0.2,2
5,3,698,0,0,500,0.6,1000,0.2,1400,0.2,1
5,4,83,0,0,300,0.5,1700,0.5,2
5,5,969,2,10,5,0,300,0.5,1700,0.5,1
5,6,660,1,0,300,0.5,1700,0.5,0
5,7,868,1,0,500,0.6,1000,0.2,1400,0.2,1
5,8,648,2,10,5,0,300,0.5,1700,0.5,1
5,9,231,0,0,300,0.5,1700,0.5,2
5,10,425,0,0,500,0.6,1000,0.2,1400,0.2,1
5,11,919,1,0,500,0.6,1000,0.2,1400,0.2,0
5,12,122,2,10,5,0,500,0.6,1000,0.2,1400,0.2,1
5,13,678,0,0,300,0.5,1700,0.5,0
5,14,189,1,0,500,0.6,1000,0.2,1400,0.2,1
5,15,614,0,0,500,0.6,1000,0.2,1400,0.2,2
5,16,24,1,0,500,0.6,1000,0.2,1400,0.2,1
5,17,441,0,0,500,0.6,1000,0.2,1400,0.2,0
5,18,246,1,0,300,0.5,1700,0.5,1
5,19,413,0,0,500,0.6,1000,0.2,1400,0.2,0
6,0,580,1,0,500,0.6,1000,0.2,1400,0.2,1
6,1,573,0,0,300,0.5,1700,0.5,2
6,2,124,2,10,5,0,300,0.5,1700,0.5,1
6,3,931,2,10,5,0,300,0.5,1700,0.5,2
6,4,502,0,0,300,0.5,1700,0.5,2
6,5,46,0,0,500,0.6,1000,0.2,1400,0.2,2
6,6,973,1,0,500,0.6,1000,0.2,1400,0.2,2
6,7,506,0,0,300,0.5,1700,0.5,2
6,8,593,2,10,5,0,300,0.5,1700,0.5,1
6,9,171,1,0,500,0.6,1000,0.2,1400,0.2,0
6,10,537,1,0,500,0.6,1000,0.2,1400,0.2,0
6,11,484,2,10,5,0,300,0.5,1700,0.5,1
6,12,762,1,0,300,0.5,1700,0.5,1
6,13,917,2,10,5,0,300,0.5,1700,0.5,2
6,14,336,0,0,300,0.5,1700,0.5,1
6,15,848,2,10,5,0,300,0.5,1700,0.5,2
6,16,770,0,0,500,0.6,1000,0.2,1400,0.2,0
6,17,135,1,0,500,0.6,1000,0.2,1400,0.2,0
6,18,569,2,10,5,0,500,0.6,1000,0.2,1400,0.2,0
6,19,231,0,0,300,0.5,1700,0.5,2
7,0,89,0,0,300,0.5,1700,0.5,0
7,1,530,0,0,300,0.5,1700,0.5,0
7,2,819,1,0,300,0.5,1700,0.5,2
7,3,511,1,0,500,0.6,1000,0.2,1400,0.2,1
7,4,423,2,10,5,0,300,0.5,1700,0.5,1
7,5,296,1,0,300,0.5,1700,0.5,0
7,6,920,2,10,5,0,500,0.6,1000,0.2,1400,0.2,1
7,7,976,2,10,5,0,300,0.5,1700,0.5,0
7,8,15,0,0,300,0.5,1700,0.5,1
7,9,199,0,0,300,0.5,1700,0.5,2
7,10,876,2,10,5,0,300,0.5,1700,0.5,2
7,11,708,1,0,500,0.6,1000,0.2,1400,0.2,1
7,12,297,0,0,300,0.5,1700,0.5,2
7,13,700,2,10,5,0,500,0.6,1000,0.2,1400,0.2,0
7,14,975,0,0,300,0.5,1700,0.5,0
7,15,562,2,10,5,0,500,0.6,1000,0.2,1400,0.2,2
7,16,86,2,10,5,0,300,0.5,1700,0.5,1
7,17,549,0,0,500,0.6,1000,0.2,1400,0.2,2
7,18,337,0,0,500,0.6,1000,0.2,1400,0.2,0
7,19,822,0,0,300,0.5,1700,0.5,0
8,0,437,0,0,500,0.6,1000,0.2,1400,0.2,0
8,1,411,1,0,500,0.6,1000,0.2,1400,0.2,0
8,2,891,0,0,300,0.5,1700,0.5,1
8,3,893,1,0,300,0.5,1700,0.5,2
8,4,926,2,10,5,0,500,0.6,1000,0.2,1400,0.2,1
8,5,364,0,0,500,0.6,1000,0.2,1400,0.2,1
8,6,890,0,0,300,0.5,1700,0.5,2
8,7,459,2,10,5,0,300,0.5,1700,0.5,0
8,8,232,2,10,5,0,300,0.5,1700,0.5,0
8,9,733,0,0,500,0.6,1000,0.2,1400,0.2,0
8,10,152,1,0,500,0.6,1000,0.2,1400,0.2,0
8,11,857,1,0,300,0.5,1700,0.5,0
8,12,733,0,0,300,0.5,1700,0.5,0
8,13,313,2,10,5,0,300,0.5,1700,0.5,2
8,14,546,1,0,500,0.6,1000,0.2,1400,0.2,0
8,15,111,0,0,300,0.5,1700,0.5,1
8,16,16,1,0,300,0.5,1700,0.5,1
8,17,769,2,10,5,0,300,0.5,1700,0.5,2
8,18,343,2,10,5,0,500,0.6,1000,0.2,1400,0.2,0
8,19,935,0,0,300,0.5,1700,0.5,0
9,0,746,1,0,300,0.5,1700,0.5,0
9,1,968,1,0,500,0.6,1000,0.2,1400,0.2,0
9,2,285,2,10,5,0,300,0.5,1700,0.5,0
9,3,739,2,10,5,0,300,0.5,1700,0.5,0
9,4,855,1,0,500,0.6,1000,0.2,1400,0.2,0
9,5,414,1,0,300,0.5,1700,0.5,0
9,6,105,0,0,500,0.6,1000,0.2,1400,0.2,2
9,7,242,2,10,5,0,500,0.6,1000,0.2,1400,0.2,1
9,8,469,0,0,500,0.6,1000,0.2,1400,0.2,0
9,9,288,0,0,500,0.6,1000,0.2,1400,0.2,2
9,10,350,0,0,300,0.5,1700,0.5,0
9,11,711,1,0,300,0.5,1700,0.5,2
9,12,237,1,0,500,0.6,1000,0.2,1400,0.2,0
9,13,514,1,0,300,0.5,1700,0.5,1
9,14,58,2,10,5,0,300,0.5,1700,0.5,1
9,15,610,1,0,500,0.6,1000,0.2,1400,0.2,1
9,16,420,2,10,5,0,300,0.5,1700,0.5,0
9,17,70,0,0,500,0.6,1000,0.2,1400,0.2,1
9,18,655,0,0,500,0.6,1000,0.2,1400,0.2,1
9,19,803,1,0,500,0.6,1000,0.2,1400,0.2,1
10,0,669,0,0,300,0.5,1700,0.5,0
10,1,472,0,0,500,0.6,1000,0.2,1400,0.2,1
10,2,774,1,0,300,0.5,1700,0.5,0
10,3,362,1,0,300,0.5,1700,0.5,1
10,4,144,0,0,500,0.6,1000,0.2,1400,0.2,1
10,5,158,0,0,500,0.6,1000,0.2,1400,0.2,0
10,6,488,0,0,500,0.6,1000,0.2,1400,0.2,0
10,7,834,0,0,300,0.5,1700,0.5,0
10,8,768,0,0,300,0.5,1700,0.5,0
10,9,434,0,0,500,0.6,1000,0.2,1400,0.2,0
10,10,331,2,10,5,0,500,0.6,1000,0.2,1400,0.2,1
10,11,846,2,10,5,0,300,0.5,1700,0.5,2
10,12,251,1,0,300,0.5,1700,0.5,0
10,13,538,0,0,300,0.5,1700,0.5,0
10,14,614,2,10,5,0,300,0.5,1700,0.5,2
10,15,728,0,0,500,0.6,1000,0.2,1400,0.2,1
10,16,153,2,10,5,0,300,0.5,1700,0.5,2
10,17,757,1,0,300,0.5,1700,0.5,1
10,18,174,2,10,5,0,500,0.6,1000,0.2,1400,0.2,2
10,19,87,0,0,500,0.6,1000,0.2,1400,0.2,2
11,0,115,2,10,5,0,500,0.6,1000,0.2,1400,0.2,1
11,1,890,1,0,300,0.5,1700,0.5,2
11,2,742,2,10,5,0,300,0.5,1700,0.5,2
11,3,327,2,10,5,0,300,0.5,1700,0.5,1
11,4,659,2,10,5,0,500,0.6,1000,0.2,1400,0.2,0
11,5,662,2,10,5,0,500,0.6,1000,0.2,1400,0.2,1
11,6,750,2,10,5,0,500,0.6,1000,0.2,1400,0.2,0
11,7,721,1,0,500,0.6,1000,0.2,1400,0.2,0
11,8,148,2,10,5,0,500,0.6,1000,0.2,1400,0.2,0
11,9,871,0,0,500,0.6,1000,0.2,1400,0.2,0
11,10,891,0,0,300,0.5,1700,0.5,1
11,11,714,0,0,300,0.5,1700,0.5,0
11,12,374,1,0,500,0.6,1000,0.2,1400,0.2,1
11,13,843,0,0,300,0.5,1700,0.5,1
11,14,415,1,0,500,0.6,1000,0.2,1400,0.2,2
11,15,210,0,0,500,0.6,1000,0.2,1400,0.2,1
11,16,197,2,10,5,0,500,0.6,1000,0.2,1400,0.2,2
11,17,216,0,0,500,0.6,1000,0.2,1400,0.2,1
11,18,160,1,0,500,0.6,1000,0.2,1400,0.2,2
11,19,911,2,10,5,0,300,0.5,1700,0.5,0
12,0,684,1,0,300,0.5,1700,0.5,1
12,1,417,2,10,5,0,500,0.6,1000,0.2,1400,0.2,2
12,2,366,1,0,300,0.5,1700,0.5,2
12,3,297,2,10,5,0,500,0.6,1000,0.2,1400,0.2,1
12,4,792,0,0,500,0.6,1000,0.2,1400,0.2,1
12,5,839,0,0,500,0.6,1000,0.2,1400,0.2,1
12,6,96,1,0,500,0.6,1000,0.2,1400,0.2,2
12,7,513,0,0,500,0.6,1000,0.2,1400,0.2,1
12,8,586,0,0,500,0.6,1000,0.2,1400,0.2,2
12,9,25,0,0,300,0.5,1700,0.5,2
12,10,857,2,10,5,0,500,0.6,1000,0.2,1400,0.2,0
12,11,202,2,10,5,0,300,0.5,1700,0.5,2
12,12,165,1,0,300,0.5,1700,0.5,0
12,13,853,1,0,300,0.5,1700,0.5,1
12,14,995,2,10,5,0,300,0.5,1700,0.5,0
12,15,945,0,0,300,0.5,1700,0.5,1
12,16,698,0,0,500,0.6,1000,0.2,1400,0.2,1
12,17,914,2,10,5,0,500,0.6,1000,0.2,1400,0.2,2
12,18,329,2,10,5,0,500,0.6,1000,0.2,1400,0.2,1
12,19,657,1,0,300,0.5,1700,0.5,0
13,0,548,2,10,5,0,300,0.5,1700,0.5,2
13,1,664,1,0,500,0.6,1000,0.2,1400,0.2,0
13,2,927,1,0,500,0.6,1000,0.2,1400,0.2,0
13,3,374,0,0,500,0.6,1000,0.2,1400,0.2,1
13,4,669,0,0,500,0.6,1000,0.2,1400,0.2,1
13,5,209,0,0,300,0.5,1700,0.5,2
13,6,478,2,10,5,0,500,0.6,1000,0.2,1400,0.2,1
13,7,904,0,0,500,0.6,1000,0.2,1400,0.2,2
13,8,669,1,0,500,0.6,1000,0.2,1400,0.2,0
13,9,628,2,10,5,0,500,0.6,1000,0.2,1400,0.2,2
13,10,179,2,10,5,0,300,0.5,1700,0.5,0
13,11,470,0,0,500,0.6,1000,0.2,1400,0.2,0
13,12,667,1,0,300,0.5,1700,0.5,2
13,13,333,0,0,500,0.6,1000,0.2,1400,0.2,0
13,14,51,2,10,5,0,500,0.6,1000,0.2,1400,0.2,1
13,15,891,2,10,5,0,300,0.5,1700,0.5,0
13,16,674,1,0,300,0.5,1700,0.5,0
13,17,675,0,0,500,0.6,1000,0.2,1400,0.2,2
13,18,326,0,0,300,0.5,1700,0.5,1
13,19,260,2,10,5,0,500,0.6,1000,0.2,1400,0.2,1
14,0,348,0,0,300,0.5,1700,0.5,1
14,1,700,0,0,300,0.5,1700,0.5,0
14,2,153,0,0,500,0.6,1000,0.2,1400,0.2,2
14,3,261,1,0,300,0.5,1700,0.5,0
14,4,477,2,10,5,0,300,0.5,1700,0.5,2
14,5,670,1,0,500,0.6,1000,0.2,1400,0.2,0
14,6,814,2,10,5,0,300,0.5,1700,0.5,1
14,7,401,0,0,500,0.6,1000,0.2,1400,0.2,2
14,8,939,0,0,300,0.5,1700,0.5,1
14,9,888,1,0,500,0.6,1000,0.2,1400,0.2,2
14,10,24,2,10,5,0,500,0.6,1000,0.2,1400,0.2,0
14,11,160,1,0,300,0.5,1700,0.5,1
14,12,317,2,10,5,0,300,0.5,1700,0.5,0
14,13,724,2,10,5,0,300,0.5,1700,0.5,1
14,14,168,1,0,300,0.5,1700,0.5,0
14,15,17,0,0,300,0.5,1700,0.5,2
14,16,406,1,0,500,0.6,1000,0.2,1400,0.2,1
14,17,353,0,0,500,0.6,1000,0.2,1400,0.2,2
14,18,409,1,0,500,0.6,1000,0.2,1400,0.2,0
14,19,658,0,0,500,0.6,1000,0.2,1400,0.2,0
15,0,770,0,0,300,0.5,1700,0.5,0
15,1,586,2,10,5,0,500,0.6,1000,0.2,1400,0.2,1
15,2,833,0,0,500,0.6,1000,0.2,1400,0.2,1
15,3,675,1,0,300,0.5,1700,0.5,2
15,4,484,1,0,300,0.5,1700,0.5,1
15,5,981,2,10,5,0,500,0.6,1000,0.2,1400,0.2,2
15,6,959,2,10,5,0,500,0.6,1000,0.2,1400,0.2,0
15,7,511,0,0,500,0.6,1000,0.2,1400,0.2,2
15,8,627,0,0,500,0.6,1000,0.2,1400,0.2,0
15,9,22,1,0,300,0.5,1700,0.5,1
15,10,70,1,0,500,0.6,1000,0.2,1400,0.2,1
15,11,513,1,0,300,0.5,1700,0.5,2
15,12,983,2,10,5,0,300,0.5,1700,0.5,2
15,13,62,1,0,300,0.5,1700,0.5,0
15,14,344,2,10,5,0,500,0.6,1000,0.2,1400,0.2,2
15,15,132,0,0,500,0.6,1000,0.2,1400,0.2,2
15,16,959,2,10,5,0,300,0.5,1700,0.5,2
15,17,858,2,10,5,0,500,0.6,1000,0.2,1400,0.2,1
15,18,608,1,0,300,0.5,1700,0.5,1
15,19,949,1,0,500,0.6,1000,0.2,1400,0.2,1
16,0,610,0,0,500,0.6,1000,0.2,1400,0.2,1
16,1,371,1,0,500,0.6,1000,0.2,1400,0.2,0
16,2,710,2,10,5,0,300,0.5,1700,0.5,2
16,3,253,1,0,300,0.5,1700,0.5,2
16,4,451,1,0,500,0.6,1000,0.2,1400,0.2,1
16,5,659,0,0,500,0.6,1000,0.2,1400,0.2,0
16,6,924,2,10,5,0,500,0.6,1000,0.2,1400,0.2,2
16,7,365,1,0,300,0.5,1700,0.5,1
16,8,231,2,10,5,0,300,0.5,1700,0.5,2
16,9,893,0,0,300,0.5,1700,0.5,1
16,10,403,0,0,500,0.6,1000,0.2,1400,0.2,0
16,11,527,2,10,5,0,500,0.6,1000,0.2,1400,0.2,2
16,12,165,1,0,300,0.5,1700,0.5,0
16,13,50,0,0,300,0.5,1700,0.5,0
16,14,864,2,10,5,0,300,0.5,1700,0.5,1
16,15,866,1,0,300,0.5,1700,0.5,0
16,16,101,1,0,300,0.5,1700,0.5,2
16,17,161,0,0,300,0.5,1700,0.5,2
16,18,233,2,10,5,0,300,0.5,1700,0.5,1
16,19,644,1,0,500,0.6,1000,0.2,1400,0.2,1
17,0,217,0,0,300,0.5,1700,0.5,1
17,1,126,2,10,5,0,500,0.6,1000,0.2,1400,0.2,1
17,2,61,0,0,500,0.6,1000,0.2,1400,0.2,2
17,3,28,0,0,500,0.6,1000,0.2,1400,0.2,2
17,4,368,0,0,500,0.6,1000,0.2,1400,0.2,1
17,5,800,2,10,5,0,500,0.6,1000,0.2,1400,0.2,0
17,6,994,2,10,5,0,500,0.6,1000,0.2,1400,0.2,1
17,7,783,2,10,5,0,300,0.5,1700,0.5,2
17,8,803,2,10,5,0,500,0.6,1000,0.2,1400,0.2,1
17,9,544,1,0,500,0.6,1000,0.2,1400,0.2,0
17,10,838,1,0,300,0.5,1700,0.5,2
17,11,83,2,10,5,0,500,0.6,1000,0.2,1400,0.2,1
17,12,758,0,0,300,0.5,1700,0.5,2
17,13,104,0,0,500,0.6,1000,0.2,1400,0.2,2
17,14,777,1,0,300,0.5,1700,0.5,1
17,15,959,2,10,5,0,500,0.6,1000,0.2,1400,0.2,0
17,16,598,1,0,500,0.6,1000,0.2,1400,0.2,2
17,17,968,0,0,500,0.6,1000,0.2,1400,0.2,2
17,18,372,2,10,5,0,500,0.6,1000,0.2,1400,0.2,0
17,19,893,2,10,5,0,500,0.6,1000,0.2,1400,0.2,2
18,0,119,2,10,5,0,300,0.5,1700,0.5,1
18,1,379,2,10,5,0,500,0.6,1000,0.2,1400,0.2,0
18,2,264,2,10,5,0,500,0.6,1000,0.2,1400,0.2,0
18,3,904,0,0,500,0.6,1000,0.2,1400,0.2,2
18,4,937,2,10,5,0,300,0.5,1700,0.5,0
18,5,723,0,0,300,0.5,1700,0.5,2
18,6,853,1,0,300,0.5,1700,0.5,0
18,7,113,1,0,300,0.5,1700,0.5,1
18,8,57,0,0,300,0.5,1700,0.5,0
18,9,817,0,0,300,0.5,1700,0.5,0
18,10,66,0,0,300,0.5,1700,0.5,1
18,11,601,2,10,5,0,500,0.6,1000,0.2,1400,0.2,2
18,12,209,2,10,5,0,300,0.5,1700,0.5,0
18,13,856,2,10,5,0,500,0.6,1000,0.2,1400,0.2,1
18,14,774,2,10,5,0,300,0.5,1700,0.5,0
18,15,309,2,10,5,0,300,0.5,1700,0.5,1
18,16,307,1,0,500,0.6,1000,0.2,1400,0.2,0
18,17,623,0,0,500,0.6,1000,0.2,1400,0.2,2
18,18,410,2,10,5,0,500,0.6,1000,0.2,1400,0.2,2
18,19,56,2,10,5,0,500,0.6,1000,0.2,1400,0.2,0
19,0,830,1,0,500,0.6,1000,0.2,1400,0.2,2
19,1,257,2,10,5,0,300,0.5,1700,0.5,1
19,2,801,2,10,5,0,500,0.6,1000,0.2,1400,0.2,1
19,3,957,1,0,500,0.6,1000,0.2,1400,0.2,2
19,4,774,1,0,500,0.6,1000,0.2,1400,0.2,1
19,5,458,2,10,5,0,300,0.5,1700,0.5,0
19,6,213,0,0,500,0.6,1000,0.2,1400,0.2,2
19,7,389,1,0,500,0.6,1000,0.2,1400,0.2,2
19,8,946,2,10,5,0,300,0.5,1700,0.5,1
19,9,486,2,10,5,0,500,0.6,1000,0.2,1400,0.2,2
19,10,868,2,10,5,0,500,0.6,1000,0.2,1400,0.2,2
19,11,133,1,0,500,0.6,1000,0.2,1400,0.2,1
19,12,545,2,10,5,0,300,0.5,1700,0.5,0
19,13,964,0,0,300,0.5,1700,0.5,0
19,14,796,2,10,5,0,500,0.6,1000,0.2,1400,0.2,1
19,15,716,1,0,300,0.5,1700,0.5,0
19,16,854,2,10,5,0,300,0.5,1700,0.5,0
19,17,807,0,0,500,0.6,1000,0.2,1400,0.2,0
19,18,636,0,0,300,0.5,1700,0.5,0
19,19,706,0,0,300,0.5,1700,0.5,1
