0,0,32,0,0,300,0.5,1700,0.5,0
0,1,769,2,10,5,0,500,0.6,1000,0.2,1400,0.2,0
0,2,291,0,0,500,0.6,1000,0.2,1400,0.2,1
0,3,923,1,0,300,0.5,1700,0.5,2
0,4,492,2,10,5,0,500,0.6,1000,0.2,1400,0.2,1
0,5,11,1,0,500,0.6,1000,0.2,1400,0.2,1
0,6,234,2,10,5,0,300,0.5,1700,0.5,1
0,7,35,1,0,500,0.6,1000,0.2,1400,0.2,2
0,8,699,0,0,300,0.5,1700,0.5,1
0,9,903,0,0,300,0.5,1700,0.5,1
0,10,962,0,0,500,0.6,1000,0.2,1400,0.2,0
0,11,994,2,10,5,0,500,0.6,1000,0.2,1400,0.2,1
0,12,117,0,0,500,0.6,1000,0.2,1400,0.2,1
0,13,906,1,0,300,0.5,1700,0.5,2
0,14,304,0,0,500,0.6,1000,0.2,1400,0.2,0
0,15,325,2,10,5,0,300,0.5,1700,0.5,0
0,16,508,2,10,5,0,300,0.5,1700,0.5,1
0,17,374,2,10,5,0,500,0.6,1000,0.2,1400,0.2,2
0,18,829,1,0,500,0.6,1000,0.2,1400,0.2,0
0,19,601,2,10,5,0,500,0.6,1000,0.2,1400,0.2,0
1,0,861,2,10,5,0,500,0.6,1000,0.2,1400,0.2,0
1,1,876,0,0,500,0.6,1000,0.2,1400,0.2,0
1,2,467,0,0,300,0.5,1700,0.5,1
1,3,885,1,0,500,0.6,1000,0.2,1400,0.2,0
1,4,622,0,0,500,0.6,1000,0.2,1400,0.2,0
1,5,367,2,10,5,0,500,0.6,1000,0.2,1400,0.2,1
1,6,511,2,10,5,0,500,0.6,1000,0.2,1400,0.2,2
1,7,745,2,10,5,0,300,0.5,1700,0.5,2
1,8,728,0,0,500,0.6,1000,0.2,1400,0.2,2
1,9,917,0,0,300,0.5,1700,0.5,1
1,10,378,2,10,5,0,500,0.6,1000,0.2,1400,0.2,1
1,11,265,2,10,5,0,300,0.5,1700,0.5,0
1,12,656,0,0,500,0.6,1000,0.2,1400,0.2,0
1,13,230,0,0,300,0.5,1700,0.5,2
1,14,434,1,0,500,0.6,1000,0.2,1400,0.2,1
1,15,133,2,10,5,0,300,0.5,1700,0.5,2
1,16,175,2,10,5,0,500,0.6,1000,0.2,1400,0.2,1
1,17,876,0,0,300,0.5,1700,0.5,2
1,18,311,0,0,500,0.6,1000,0.2,1400,0.2,2
1,19,857,1,0,300,0.5,1700,0.5,2
2,0,871,0,0,300,0.5,1700,0.5,2
2,1,854,0,0,300,0.5,1700,0.5,2
2,2,526,1,0,500,0.6,1000,0.2,1400,0.2,0
2,3,686,0,0,300,0.5,1700,0.5,0
2,4,438,1,0,300,0.5,1700,0.5,0
2,5,44,1,0,500,0.6,1000,0.2,1400,0.2,1
2,6,329,0,0,500,0.6,1000,0.2,1400,0.2,0
2,7,214,2,10,5,0,500,0.6,1000,0.2,1400,0.2,2
2,8,514,2,10,5,0,500,0.6,1000,0.2,1400,0.2,1
2,9,205,0,0,500,0.6,1000,0.2,1400,0.2,1
2,10,850,0,0,500,0.6,1000,0.2,1400,0.2,0
2,11,469,1,0,500,0.6,1000,0.2,1400,0.2,1
2,12,723,1,0,300,0.5,1700,0.5,0
2,13,36,2,10,5,0,500,0.6,1000,0.2,1400,0.2,2
2,14,449,0,0,500,0.6,1000,0.2,1400,0.2,0
2,15,39,0,0,300,0.5,1700,0.5,1
2,16,405,0,0,500,0.6,1000,0.2,1400,0.2,2
2,17,106,0,0,500,0.6,1000,0.2,1400,0.2,1
2,18,574,0,0,300,0.5,1700,0.5,0
2,19,306,0,0,500,0.6,1000,0.2,1400,0.2,2
3,0,895,2,10,5,0,500,0.6,1000,0.2,1400,0.2,1
3,1,319,0,0,300,0.5,1700,0.5,2
3,2,409,1,0,300,0.5,1700,0.5,2
3,3,303,0,0,300,0.5,1700,0.5,2
3,4,842,2,10,5,0,300,0.5,1700,0.5,0
3,5,448,2,10,5,0,500,0.6,1000,0.2,1400,0.2,2
3,6,21,0,0,500,0.6,1000,0.2,1400,0.2,0
3,7,355,0,0,300,0.5,1700,0.5,0
3,8,980,1,0,300,0.5,1700,0.5,1
3,9,877,1,0,300,0.5,1700,0.5,1
3,10,481,0,0,500,0.6,1000,0.2,1400,0.2,2
3,11,833,1,0,300,0.5,1700,0.5,2
3,12,159,0,0,300,0.5,1700,0.5,1
3,13,965,2,10,5,0,500,0.6,1000,0.2,1400,0.2,0
3,14,947,1,0,500,0.6,1000,0.2,1400,0.2,0
3,15,862,0,0,300,0.5,1700,0.5,2
3,16,362,0,0,500,0.6,1000,0.2,1400,0.2,0
3,17,538,0,0,500,0.6,1000,0.2,1400,0.2,0
3,18,267,1,0,300,0.5,1700,0.5,2
3,19,612,1,0,500,0.6,1000,0.2,1400,0.2,0
4,0,633,1,0,500,0.6,1000,0.2,1400,0.2,2
4,1,864,1,0,500,0.6,1000,0.2,1400,0.2,0
4,2,907,0,0,300,0.5,1700,0.5,1
4,3,633,1,0,500,0.6,1000,0.2,1400,0.2,1
4,4,95,0,0,500,0.6,1000,0.2,1400,0.2,0
4,5,774,0,0,300,0.5,1700,0.5,2
4,6,831,0,0,300,0.5,1700,0.5,1
4,7,917,0,0,300,0.5,1700,0.5,0
4,8,277,2,10,5,0,500,0.6,1000,0.2,1400,0.2,0
4,9,157,0,0,500,0.6,1000,0.2,1400,0.2,2
4,10,969,0,0,500,0.6,1000,0.2,1400,0.2,1
4,11,551,0,0,500,0.6,1000,0.2,1400,0.2,1
4,12,729,1,0,300,0.5,1700,0.5,1
4,13,555,1,0,300,0.5,1700,0.5,1
4,14,410,1,0,300,0.5,1700,0.5,0
4,15,750,0,0,300,0.5,1700,0.5,0
4,16,241,1,0,300,0.5,1700,0.5,0
4,17,206,1,0,500,0.6,1000,0.2,1400,0.2,0
4,18,485,0,0,500,0.6,1000,0.2,1400,0.2,1
4,19,634,1,0,300,0.5,1700,0.5,1
5,0,211,0,0,300,0.5,1700,0.5,0
5,1,571,2,10,5,0,500,0.6,1000,0.2,1400,0.2,2
5,2,987,0,0,300,0.5,1700,0.5,0
5,3,770,1,0,300,0.5,1700,0.5,1
5,4,315,0,0,500,0.6,1000,0.2,1400,0.2,1
5,5,629,1,0,300,0.5,1700,0.5,0
5,6,432,0,0,500,0.6,1000,0.2,1400,0.2,2
5,7,540,1,0,300,0.5,1700,0.5,0
5,8,216,0,0,500,0.6,1000,0.2,1400,0.2,2
5,9,54,2,10,5,0,500,0.6,1000,0.2,1400,0.2,2
5,10,171,2,10,5,0,500,0.6,1000,0.2,1400,0.2,1
5,11,842,2,10,5,0,500,0.6,1000,0.2,1400,0.2,2
5,12,32,2,10,5,0,500,0.6,1000,0.2,1400,0.2,0
5,13,520,0,0,500,0.6,1000,0.2,1400,0.2,0
5,14,985,0,0,300,0.5,1700,0.5,0
5,15,421,1,0,300,0.5,1700,0.5,1
5,16,724,0,0,500,0.6,1000,0.2,1400,0.2,0
5,17,650,0,0,500,0.6,1000,0.2,1400,0.2,2
5,18,759,1,0,500,0.6,1000,0.2,1400,0.2,1
5,19,888,2,10,5,0,300,0.5,1700,0.5,1
6,0,678,1,0,500,0.6,1000,0.2,1400,0.2,1
6,1,144,0,0,300,0.5,1700,0.5,1
6,2,649,2,10,5,0,300,0.5,1700,0.5,2
6,3,12,2,10,5,0,300,0.5,1700,0.5,0
6,4,67,1,0,300,0.5,1700,0.5,2
6,5,794,1,0,500,0.6,1000,0.2,1400,0.2,1
6,6,926,1,0,500,0.6,1000,0.2,1400,0.2,1
6,7,284,1,0,300,0.5,1700,0.5,1
6,8,356,0,0,300,0.5,1700,0.5,2
6,9,69,0,0,500,0.6,1000,0.2,1400,0.2,2
6,10,225,1,0,500,0.6,1000,0.2,1400,0.2,1
6,11,859,0,0,500,0.6,1000,0.2,1400,0.2,1
6,12,537,0,0,500,0.6,1000,0.2,1400,0.2,2
6,13,241,1,0,300,0.5,1700,0.5,1
6,14,645,2,10,5,0,500,0.6,1000,0.2,1400,0.2,2
6,15,458,2,10,5,0,300,0.5,1700,0.5,1
6,16,997,1,0,300,0.5,1700,0.5,0
6,17,745,0,0,300,0.5,1700,0.5,0
6,18,65,1,0,300,0.5,1700,0.5,2
6,19,761,0,0,500,0.6,1000,0.2,1400,0.2,0
7,0,403,2,10,5,0,500,0.6,1000,0.2,1400,0.2,0
7,1,338,1,0,300,0.5,1700,0.5,2
7,2,271,2,10,5,0,300,0.5,1700,0.5,1
7,3,435,1,0,300,0.5,1700,0.5,2
7,4,40,1,0,300,0.5,1700,0.5,1
7,5,426,0,0,500,0.6,1000,0.2,1400,0.2,1
7,6,533,1,0,500,0.6,1000,0.2,1400,0.2,1
7,7,890,1,0,500,0.6,1000,0.2,1400,0.2,2
7,8,932,1,0,300,0.5,1700,0.5,0
7,9,157,2,10,5,0,500,0.6,1000,0.2,1400,0.2,2
7,10,520,1,0,300,0.5,1700,0.5,0
7,11,452,1,0,300,0.5,1700,0.5,1
7,12,518,0,0,500,0.6,1000,0.2,1400,0.2,1
7,13,892,1,0,300,0.5,1700,0.5,2
7,14,340,2,10,5,0,500,0.6,1000,0.2,1400,0.2,1
7,15,706,1,0,300,0.5,1700,0.5,2
7,16,572,1,0,300,0.5,1700,0.5,1
7,17,47,0,0,300,0.5,1700,0.5,1
7,18,653,2,10,5,0,300,0.5,1700,0.5,2
7,19,557,2,10,5,0,500,0.6,1000,0.2,1400,0.2,0
8,0,552,2,10,5,0,300,0.5,1700,0.5,1
8,1,330,0,0,500,0.6,1000,0.2,1400,0.2,0
8,2,581,0,0,300,0.5,1700,0.5,0
8,3,753,0,0,500,0.6,1000,0.2,1400,0.2,0
8,4,801,1,0,500,0.6,1000,0.2,1400,0.2,2
8,5,769,0,0,500,0.6,1000,0.2,1400,0.2,0
8,6,947,2,10,5,0,500,0.6,1000,0.2,1400,0.2,0
8,7,736,1,0,500,0.6,1000,0.2,1400,0.2,0
8,8,862,0,0,300,0.5,1700,0.5,0
8,9,520,1,0,300,0.5,1700,0.5,0
8,10,600,2,10,5,0,300,0.5,1700,0.5,2
8,11,151,2,10,5,0,300,0.5,1700,0.5,2
8,12,215,2,10,5,0,300,0.5,1700,0.5,2
8,13,790,2,10,5,0,300,0.5,1700,0.5,0
8,14,222,0,0,300,0.5,1700,0.5,1
8,15,271,1,0,300,0.5,1700,0.5,2
8,16,476,0,0,500,0.6,1000,0.2,1400,0.2,2
8,17,272,0,0,300,0.5,1700,0.5,1
8,18,132,0,0,500,0.6,1000,0.2,1400,0.2,2
8,19,203,1,0,500,0.6,1000,0.2,1400,0.2,0
9,0,222,2,10,5,0,500,0.6,1000,0.2,1400,0.2,0
9,1,335,2,10,5,0,300,0.5,1700,0.5,2
9,2,45,1,0,500,0.6,1000,0.2,1400,0.2,0
9,3,687,2,10,5,0,500,0.6,1000,0.2,1400,0.2,1
9,4,746,1,0,300,0.5,1700,0.5,2
9,5,329,1,0,500,0.6,1000,0.2,1400,0.2,0
9,6,984,1,0,300,0.5,1700,0.5,1
9,7,84,1,0,500,0.6,1000,0.2,1400,0.2,0
9,8,794,2,10,5,0,500,0.6,1000,0.2,1400,0.2,0
9,9,256,1,0,300,0.5,1700,0.5,1
9,10,71,2,10,5,0,300,0.5,1700,0.5,1
9,11,548,2,10,5,0,500,0.6,1000,0.2,1400,0.2,2
9,12,961,1,0,500,0.6,1000,0.2,1400,0.2,2
9,13,466,1,0,500,0.6,1000,0.2,1400,0.2,0
9,14,470,1,0,500,0.6,1000,0.2,1400,0.2,0
9,15,157,1,0,300,0.5,1700,0.5,1
9,16,258,1,0,300,0.5,1700,0.5,2
9,17,73,2,10,5,0,300,0.5,1700,0.5,1
9,18,620,1,0,300,0.5,1700,0.5,1
9,19,420,1,0,500,0.6,1000,0.2,1400,0.2,1
10,0,949,2,10,5,0,300,0.5,1700,0.5,2
10,1,67,2,10,5,0,300,0.5,1700,0.5,1
10,2,279,2,10,5,0,500,0.6,1000,0.2,1400,0.2,2
10,3,877,1,0,500,0.6,1000,0.2,1400,0.2,2
10,4,522,0,0,300,0.5,1700,0.5,1
10,5,535,2,10,5,0,500,0.6,1000,0.2,1400,0.2,1
10,6,490,0,0,300,0.5,1700,0.5,1
10,7,997,2,10,5,0,500,0.6,1000,0.2,1400,0.2,2
10,8,277,0,0,500,0.6,1000,0.2,1400,0.2,0
10,9,502,2,10,5,0,500,0.6,1000,0.2,1400,0.2,2
10,10,158,2,10,5,0,500,0.6,1000,0.2,1400,0.2,1
10,11,832,0,0,500,0.6,1000,0.2,1400,0.2,0
10,12,741,0,0,300,0.5,1700,0.5,2
10,13,684,2,10,5,0,300,0.5,1700,0.5,1
10,14,126,1,0,500,0.6,1000,0.2,1400,0.2,1
10,15,636,0,0,300,0.5,1700,0.5,0
10,16,150,0,0,500,0.6,1000,0.2,1400,0.2,1
10,17,35,1,0,300,0.5,1700,0.5,0
10,18,538,2,10,5,0,500,0.6,1000,0.2,1400,0.2,0
10,19,863,1,0,300,0.5,1700,0.5,0
11,0,322,1,0,500,0.6,1000,0.2,1400,0.2,0
11,1,825,2,10,5,0,300,0.5,1700,0.5,0
11,2,396,0,0,500,0.6,1000,0.2,1400,0.2,0
11,3,664,2,10,5,0,500,0.6,1000,0.2,1400,0.2,0
11,4,690,2,10,5,0,500,0.6,1000,0.2,1400,0.2,0
11,5,341,2,10,5,0,300,0.5,1700,0.5,2
11,6,115,2,10,5,0,300,0.5,1700,0.5,2
11,7,68,1,0,300,0.5,1700,0.5,0
11,8,187,1,0,500,0.6,1000,0.2,1400,0.2,1
11,9,572,1,0,300,0.5,1700,0.5,0
11,10,754,1,0,500,0.6,1000,0.2,1400,0.2,2
11,11,702,2,10,5,0,500,0.6,1000,0.2,1400,0.2,0
11,12,166,0,0,500,0.6,1000,0.2,1400,0.2,0
11,13,482,1,0,500,0.6,1000,0.2,1400,0.2,0
11,14,761,0,0,500,0.6,1000,0.2,1400,0.2,1
11,15,935,0,0,500,0.6,1000,0.2,1400,0.2,1
11,16,48,0,0,500,0.6,1000,0.2,1400,0.2,0
11,17,784,2,10,5,0,300,0.5,1700,0.5,2
11,18,141,2,10,5,0,500,0.6,1000,0.2,1400,0.2,2
11,19,781,2,10,5,0,500,0.6,1000,0.2,1400,0.2,1
12,0,724,1,0,500,0.6,1000,0.2,1400,0.2,1
12,1,631,2,10,5,0,500,0.6,1000,0.2,1400,0.2,0
12,2,268,1,0,300,0.5,1700,0.5,0
12,3,996,0,0,500,0.6,1000,0.2,1400,0.2,0
12,4,667,2,10,5,0,300,0.5,1700,0.5,0
12,5,655,2,10,5,0,300,0.5,1700,0.5,1
12,6,205,0,0,500,0.6,1000,0.2,1400,0.2,1
12,7,685,2,10,5,0,300,0.5,1700,0.5,0
12,8,448,0,0,300,0.5,1700,0.5,0
12,9,749,1,0,300,0.5,1700,0.5,0
12,10,206,0,0,500,0.6,1000,0.2,1400,0.2,2
12,11,491,1,0,300,0.5,1700,0.5,2
12,12,825,1,0,500,0.6,1000,0.2,1400,0.2,1
12,13,553,0,0,500,0.6,1000,0.2,1400,0.2,0
12,14,960,2,10,5,0,500,0.6,1000,0.2,1400,0.2,2
12,15,597,0,0,300,0.5,1700,0.5,1
12,16,97,0,0,300,0.5,1700,0.5,0
12,17,422,0,0,500,0.6,1000,0.2,1400,0.2,2
12,18,359,2,10,5,0,500,0.6,1000,0.2,1400,0.2,2
12,19,600,0,0,500,0.6,1000,0.2,1400,0.2,0
13,0,268,0,0,500,0.6,1000,0.2,1400,0.2,0
13,1,276,2,10,5,0,500,0.6,1000,0.2,1400,0.2,1
13,2,570,1,0,300,0.5,1700,0.5,2
13,3,598,1,0,300,0.5,1700,0.5,0
13,4,891,2,10,5,0,300,0.5,1700,0.5,2
13,5,887,1,0,300,0.5,1700,0.5,0
13,6,35,2,10,5,0,300,0.5,1700,0.5,1
13,7,282,0,0,500,0.6,1000,0.2,1400,0.2,2
13,8,67,2,10,5,0,500,0.6,1000,0.2,1400,0.2,2
13,9,276,0,0,500,0.6,1000,0.2,1400,0.2,1
13,10,275,2,10,5,0,500,0.6,1000,0.2,1400,0.2,1
13,11,363,1,0,300,0.5,1700,0.5,1
13,12,270,1,0,300,0.5,1700,0.5,0
13,13,923,1,0,500,0.6,1000,0.2,1400,0.2,0
13,14,933,0,0,300,0.5,1700,0.5,1
13,15,672,1,0,500,0.6,1000,0.2,1400,0.2,0
13,16,52,2,10,5,0,500,0.6,1000,0.2,1400,0.2,2
13,17,105,0,0,300,0.5,1700,0.5,1
13,18,651,2,10,5,0,500,0.6,1000,0.2,1400,0.2,0
13,19,233,1,0,500,0.6,1000,0.2,1400,0.2,2
14,0,864,1,0,300,0.5,1700,0.5,1
14,1,135,1,0,300,0.5,1700,0.5,0
14,2,108,1,0,500,0.6,1000,0.2,1400,0.2,0
14,3,688,2,10,5,0,300,0.5,1700,0.5,1
14,4,112,0,0,500,0.6,1000,0.2,1400,0.2,2
14,5,243,2,10,5,0,500,0.6,1000,0.2,1400,0.2,1
14,6,45,0,0,300,0.5,1700,0.5,2
14,7,244,0,0,300,0.5,1700,0.5,2
14,8,611,2,10,5,0,500,0.6,1000,0.2,1400,0.2,1
14,9,210,0,0,300,0.5,1700,0.5,2
14,10,985,0,0,300,0.5,1700,0.5,2
14,11,284,0,0,500,0.6,1000,0.2,1400,0.2,1
14,12,762,2,10,5,0,300,0.5,1700,0.5,0
14,13,291,0,0,500,0.6,1000,0.2,1400,0.2,1
14,14,337,0,0,300,0.5,1700,0.5,2
14,15,906,0,0,500,0.6,1000,0.2,1400,0.2,2
14,16,111,2,10,5,0,300,0.5,1700,0.5,2
14,17,465,1,0,300,0.5,1700,0.5,0
14,18,321,1,0,300,0.5,1700,0.5,1
14,19,798,1,0,500,0.6,1000,0.2,1400,0.2,0
15,0,409,1,0,300,0.5,1700,0.5,2
15,1,55,0,0,500,0.6,1000,0.2,1400,0.2,0
15,2,718,0,0,300,0.5,1700,0.5,0
15,3,858,2,10,5,0,500,0.6,1000,0.2,1400,0.2,0
15,4,423,2,10,5,0,500,0.6,1000,0.2,1400,0.2,2
15,5,465,1,0,500,0.6,1000,0.2,1400,0.2,0
15,6,739,1,0,500,0.6,1000,0.2,1400,0.2,0
15,7,79,2,10,5,0,500,0.6,1000,0.2,1400,0.2,0
15,8,868,2,10,5,0,500,0.6,1000,0.2,1400,0.2,2
15,9,128,2,10,5,0,300,0.5,1700,0.5,1
15,10,403,2,10,5,0,500,0.6,1000,0.2,1400,0.2,0
15,11,215,1,0,300,0.5,1700,0.5,0
15,12,591,2,10,5,0,300,0.5,1700,0.5,2
15,13,50,0,0,300,0.5,1700,0.5,2
15,14,839,0,0,300,0.5,1700,0.5,1
15,15,948,2,10,5,0,300,0.5,1700,0.5,0
15,16,488,1,0,500,0.6,1000,0.2,1400,0.2,1
15,17,414,2,10,5,0,300,0.5,1700,0.5,0
15,18,788,1,0,300,0.5,1700,0.5,1
15,19,837,2,10,5,0,300,0.5,1700,0.5,1
16,0,213,0,0,500,0.6,1000,0.2,1400,0.2,1
16,1,44,0,0,300,0.5,1700,0.5,1
16,2,119,1,0,300,0.5,1700,0.5,0
16,3,356,2,10,5,0,500,0.6,1000,0.2,1400,0.2,2
16,4,224,2,10,5,0,300,0.5,1700,0.5,1
16,5,19,2,10,5,0,500,0.6,1000,0.2,1400,0.2,0
16,6,65,2,10,5,0,500,0.6,1000,0.2,1400,0.2,1
16,7,46,1,0,300,0.5,1700,0.5,2
16,8,948,0,0,500,0.6,1000,0.2,1400,0.2,0
16,9,78,0,0,300,0.5,1700,0.5,2
16,10,361,0,0,500,0.6,1000,0.2,1400,0.2,1
16,11,18,1,0,300,0.5,1700,0.5,1
16,12,450,0,0,300,0.5,1700,0.5,0
16,13,260,2,10,5,0,500,0.6,1000,0.2,1400,0.2,2
16,14,623,2,10,5,0,300,0.5,1700,0.5,2
16,15,555,1,0,300,0.5,1700,0.5,2
16,16,368,0,0,300,0.5,1700,0.5,2
16,17,764,0,0,500,0.6,1000,0.2,1400,0.2,1
16,18,854,2,10,5,0,300,0.5,1700,0.5,2
16,19,872,2,10,5,0,500,0.6,1000,0.2,1400,0.2,2
17,0,994,2,10,5,0,300,0.5,1700,0.5,1
17,1,352,1,0,300,0.5,1700,0.5,0
17,2,571,1,0,500,0.6,1000,0.2,1400,0.2,1
17,3,576,0,0,500,0.6,1000,0.2,1400,0.2,2
17,4,100,1,0,500,0.6,1000,0.2,1400,0.2,1
17,5,402,1,0,300,0.5,1700,0.5,2
17,6,942,1,0,300,0.5,1700,0.5,1
17,7,374,0,0,500,0.6,1000,0.2,1400,0.2,2
17,8,560,2,10,5,0,300,0.5,1700,0.5,2
17,9,345,1,0,300,0.5,1700,0.5,1
17,10,572,0,0,500,0.6,1000,0.2,1400,0.2,2
17,11,412,1,0,300,0.5,1700,0.5,0
17,12,747,2,10,5,0,300,0.5,1700,0.5,1
17,13,883,0,0,300,0.5,1700,0.5,1
17,14,852,2,10,5,0,500,0.6,1000,0.2,1400,0.2,1
17,15,352,1,0,300,0.5,1700,0.5,1
17,16,332,2,10,5,0,300,0.5,1700,0.5,0
17,17,484,1,0,500,0.6,1000,0.2,1400,0.2,0
17,18,556,1,0,300,0.5,1700,0.5,1
17,19,460,0,0,300,0.5,1700,0.5,1
18,0,813,0,0,500,0.6,1000,0.2,1400,0.2,2
18,1,13,1,0,500,0.6,1000,0.2,1400,0.2,2
18,2,881,2,10,5,0,300,0.5,1700,0.5,2
18,3,278,1,0,300,0.5,1700,0.5,2
18,4,973,1,0,500,0.6,1000,0.2,1400,0.2,0
18,5,715,0,0,500,0.6,1000,0.2,1400,0.2,1
18,6,761,1,0,500,0.6,1000,0.2,1400,0.2,2
18,7,409,1,0,500,0.6,1000,0.2,1400,0.2,1
18,8,127,0,0,300,0.5,1700,0.5,0
18,9,708,2,10,5,0,300,0.5,1700,0.5,1
18,10,707,2,10,5,0,300,0.5,1700,0.5,1
18,11,992,1,0,500,0.6,1000,0.2,1400,0.2,2
18,12,208,0,0,500,0.6,1000,0.2,1400,0.2,2
18,13,335,2,10,5,0,500,0.6,1000,0.2,1400,0.2,1
18,14,723,0,0,500,0.6,1000,0.2,1400,0.2,1
18,15,206,0,0,300,0.5,1700,0.5,2
18,16,248,0,0,500,0.6,1000,0.2,1400,0.2,1
18,17,800,0,0,300,0.5,1700,0.5,2
18,18,878,1,0,300,0.5,1700,0.5,2
18,19,426,0,0,500,0.6,1000,0.2,1400,0.2,2
19,0,600,1,0,300,0.5,1700,0.5,0
19,1,518,1,0,300,0.5,1700,0.5,0
19,2,466,2,10,5,0,500,0.6,1000,0.2,1400,0.2,2
19,3,768,2,10,5,0,500,0.6,1000,0.2,1400,0.2,1
19,4,412,0,0,500,0.6,1000,0.2,1400,0.2,0
19,5,572,0,0,300,0.5,1700,0.5,1
19,6,385,0,0,300,0.5,1700,0.5,0
19,7,479,0,0,500,0.6,1000,0.2,1400,0.2,1
19,8,91,1,0,300,0.5,1700,0.5,0
19,9,94,0,0,500,0.6,1000,0.2,1400,0.2,0
19,10,79,1,0,500,0.6,1000,0.2,1400,0.2,0
19,11,661,2,10,5,0,300,0.5,1700,0.5,1
19,12,838,0,0,300,0.5,1700,0.5,1
19,13,618,0,0,300,0.5,1700,0.5,1
19,14,296,0,0,300,0.5,1700,0.5,1
19,15,730,1,0,300,0.5,1700,0.5,2
19,16,283,1,0,500,0.6,1000,0.2,1400,0.2,2
19,17,328,1,0,500,0.6,1000,0.2,1400,0.2,2
19,18,359,0,0,300,0.5,1700,0.5,0
19,19,390,2,10,5,0,500,0.6,1000,0.2,1400,0.2,1
