0,0,645,2,10,5,0,500,0.6,1000,0.2,1400,0.2,1
0,1,827,2,10,5,0,300,0.5,1700,0.5,0
0,2,887,0,0,500,0.6,1000,0.2,1400,0.2,0
0,3,941,2,10,5,0,500,0.6,1000,0.2,1400,0.2,2
0,4,974,1,0,300,0.5,1700,0.5,2
0,5,499,0,0,300,0.5,1700,0.5,0
0,6,903,2,10,5,0,500,0.6,1000,0.2,1400,0.2,1
0,7,568,0,0,500,0.6,1000,0.2,1400,0.2,1
0,8,962,2,10,5,0,500,0.6,1000,0.2,1400,0.2,0
0,9,589,2,10,5,0,500,0.6,1000,0.2,1400,0.2,2
0,10,524,0,0,500,0.6,1000,0.2,1400,0.2,2
0,11,994,1,0,500,0.6,1000,0.2,1400,0.2,0
0,12,683,0,0,500,0.6,1000,0.2,1400,0.2,0
0,13,447,0,0,300,0.5,1700,0.5,0
0,14,812,1,0,500,0.6,1000,0.2,1400,0.2,0
0,15,668,1,0,500,0.6,1000,0.2,1400,0.2,1
0,16,924,1,0,500,0.6,1000,0.2,1400,0.2,0
0,17,892,2,10,5,0,500,0.6,1000,0.2,1400,0.2,2
0,18,533,0,0,300,0.5,1700,0.5,2
0,19,143,1,0,300,0.5,1700,0.5,0
1,0,828,1,0,300,0.5,1700,0.5,0
1,1,918,2,10,5,0,500,0.6,1000,0.2,1400,0.2,2
1,2,992,0,0,500,0.6,1000,0.2,1400,0.2,1
1,3,903,0,0,300,0.5,1700,0.5,0
1,4,14,1,0,500,0.6,1000,0.2,1400,0.2,1
1,5,227,1,0,500,0.6,1000,0.2,1400,0.2,1
1,6,456,2,10,5,0,300,0.5,1700,0.5,1
1,7,845,0,0,500,0.6,1000,0.2,1400,0.2,0
1,8,496,1,0,300,0.5,1700,0.5,2
1,9,572,0,0,300,0.5,1700,0.5,1
1,10,896,1,0,500,0.6,1000,0.2,1400,0.2,0
1,11,613,0,0,300,0.5,1700,0.5,1
1,12,108,2,10,5,0,300,0.5,1700,0.5,2
1,13,440,0,0,300,0.5,1700,0.5,0
1,14,696,1,0,500,0.6,1000,0.2,1400,0.2,1
1,15,601,0,0,300,0.5,1700,0.5,1
1,16,434,2,10,5,0,500,0.6,1000,0.2,1400,0.2,1
1,17,302,2,10,5,0,500,0.6,1000,0.2,1400,0.2,2
1,18,794,0,0,300,0.5,1700,0.5,2
1,19,957,1,0,300,0.5,1700,0.5,1
2,0,920,1,0,300,0.5,1700,0.5,1
2,1,226,0,0,500,0.6,1000,0.2,1400,0.2,1
2,2,397,1,0,300,0.5,1700,0.5,0
2,3,642,0,0,500,0.6,1000,0.2,1400,0.2,2
2,4,610,2,10,5,0,300,0.5,1700,0.5,0
2,5,227,0,0,500,0.6,1000,0.2,1400,0.2,1
2,6,310,1,0,300,0.5,1700,0.5,0
2,7,78,2,10,5,0,500,0.6,1000,0.2,1400,0.2,2
2,8,985,1,0,500,0.6,1000,0.2,1400,0.2,2
2,9,295,0,0,500,0.6,1000,0.2,1400,0.2,0
2,10,445,2,10,5,0,500,0.6,1000,0.2,1400,0.2,1
2,11,934,2,10,5,0,300,0.5,1700,0.5,1
2,12,387,2,10,5,0,500,0.6,1000,0.2,1400,0.2,1
2,13,92,1,0,500,0.6,1000,0.2,1400,0.2,1
2,14,102,0,0,300,0.5,1700,0.5,2
2,15,657,0,0,500,0.6,1000,0.2,1400,0.2,0
2,16,614,0,0,500,0.6,1000,0.2,1400,0.2,1
2,17,803,2,10,5,0,300,0.5,1700,0.5,1
2,18,817,0,0,500,0.6,1000,0.2,1400,0.2,1
2,19,727,1,0,500,0.6,1000,0.2,1400,0.2,0
3,0,307,0,0,300,0.5,1700,0.5,2
3,1,750,1,0,300,0.5,1700,0.5,0
3,2,236,0,0,300,0.5,1700,0.5,1
3,3,440,2,10,5,0,500,0.6,1000,0.2,1400,0.2,2
3,4,787,0,0,500,0.6,1000,0.2,1400,0.2,1
3,5,654,2,10,5,0,300,0.5,1700,0.5,1
3,6,629,1,0,300,0.5,1700,0.5,1
3,7,701,0,0,500,0.6,1000,0.2,1400,0.2,0
3,8,693,2,10,5,0,500,0.6,1000,0.2,1400,0.2,0
3,9,698,1,0,500,0.6,1000,0.2,1400,0.2,2
3,10,966,2,10,5,0,300,0.5,1700,0.5,0
3,11,24,0,0,500,0.6,1000,0.2,1400,0.2,1
3,12,448,2,10,5,0,300,0.5,1700,0.5,0
3,13,467,0,0,300,0.5,1700,0.5,2
3,14,974,0,0,300,0.5,1700,0.5,1
3,15,682,1,0,300,0.5,1700,0.5,2
3,16,409,0,0,300,0.5,1700,0.5,0
3,17,916,2,10,5,0,300,0.5,1700,0.5,2
3,18,728,1,0,500,0.6,1000,0.2,1400,0.2,1
3,19,134,2,10,5,0,300,0.5,1700,0.5,0
4,0,680,0,0,300,0.5,1700,0.5,1
4,1,882,0,0,300,0.5,1700,0.5,1
4,2,13,2,10,5,0,500,0.6,1000,0.2,1400,0.2,1
4,3,476,0,0,300,0.5,1700,0.5,2
4,4,742,0,0,300,0.5,1700,0.5,1
4,5,37,1,0,300,0.5,1700,0.5,2
4,6,812,2,10,5,0,300,0.5,1700,0.5,2
4,7,476,2,10,5,0,300,0.5,1700,0.5,0
4,8,137,1,0,500,0.6,1000,0.2,1400,0.2,0
4,9,110,2,10,5,0,500,0.6,1000,0.2,1400,0.2,2
4,10,715,0,0,500,0.6,1000,0.2,1400,0.2,1
4,11,228,1,0,300,0.5,1700,0.5,1
4,12,366,0,0,300,0.5,1700,0.5,0
4,13,691,0,0,500,0.6,1000,0.2,1400,0.2,0
4,14,989,0,0,300,0.5,1700,0.5,2
4,15,985,1,0,500,0.6,1000,0.2,1400,0.2,2
4,16,420,0,0,500,0.6,1000,0.2,1400,0.2,1
4,17,635,2,10,5,0,300,0.5,1700,0.5,2
4,18,623,1,0,500,0.6,1000,0.2,1400,0.2,0
4,19,44,0,0,300,0.5,1700,0.5,2
5,0,25,1,0,500,0.6,1000,0.2,1400,0.2,2
5,1,627,2,10,5,0,500,0.6,1000,0.2,1400,0.2,2
5,2,215,1,0,300,0.5,1700,0.5,1
5,3,265,2,10,5,0,300,0.5,1700,0.5,2
5,4,768,2,10,5,0,500,0.6,1000,0.2,1400,0.2,0
5,5,583,1,0,500,0.6,1000,0.2,1400,0.2,0
5,6,32,2,10,5,0,500,0.6,1000,0.2,1400,0.2,0
5,7,792,0,0,300,0.5,1700,0.5,2
5,8,776,2,10,5,0,500,0.6,1000,0.2,1400,0.2,2
5,9,899,2,10,5,0,500,0.6,1000,0.2,1400,0.2,1
5,10,987,0,0,300,0.5,1700,0.5,1
5,11,596,1,0,500,0.6,1000,0.2,1400,0.2,2
5,12,566,2,10,5,0,500,0.6,1000,0.2,1400,0.2,1
5,13,241,2,10,5,0,300,0.5,1700,0.5,2
5,14,378,2,10,5,0,300,0.5,1700,0.5,1
5,15,49,0,0,300,0.5,1700,0.5,0
5,16,472,2,10,5,0,300,0.5,1700,0.5,2
5,17,589,2,10,5,0,300,0.5,1700,0.5,1
5,18,451,2,10,5,0,300,0.5,1700,0.5,1
5,19,996,1,0,500,0.6,1000,0.2,1400,0.2,1
6,0,29,0,0,500,0.6,1000,0.2,1400,0.2,1
6,1,544,2,10,5,0,300,0.5,1700,0.5,1
6,2,911,0,0,500,0.6,1000,0.2,1400,0.2,1
6,3,950,1,0,500,0.6,1000,0.2,1400,0.2,0
6,4,578,1,0,500,0.6,1000,0.2,1400,0.2,2
6,5,136,0,0,300,0.5,1700,0.5,2
6,6,727,0,0,300,0.5,1700,0.5,1
6,7,692,1,0,500,0.6,1000,0.2,1400,0.2,2
6,8,110,2,10,5,0,300,0.5,1700,0.5,0
6,9,772,1,0,500,0.6,1000,0.2,1400,0.2,2
6,10,874,2,10,5,0,500,0.6,1000,0.2,1400,0.2,1
6,11,695,0,0,300,0.5,1700,0.5,1
6,12,223,1,0,300,0.5,1700,0.5,0
6,13,815,0,0,500,0.6,1000,0.2,1400,0.2,0
6,14,29,0,0,300,0.5,1700,0.5,1
6,15,532,2,10,5,0,300,0.5,1700,0.5,0
6,16,907,1,0,500,0.6,1000,0.2,1400,0.2,0
6,17,646,1,0,300,0.5,1700,0.5,1
6,18,217,1,0,500,0.6,1000,0.2,1400,0.2,1
6,19,563,1,0,300,0.5,1700,0.5,1
7,0,258,2,10,5,0,500,0.6,1000,0.2,1400,0.2,1
7,1,224,0,0,300,0.5,1700,0.5,1
7,2,768,2,10,5,0,300,0.5,1700,0.5,2
7,3,747,2,10,5,0,500,0.6,1000,0.2,1400,0.2,0
7,4,492,1,0,300,0.5,1700,0.5,1
7,5,446,1,0,300,0.5,1700,0.5,2
7,6,675,0,0,500,0.6,1000,0.2,1400,0.2,0
7,7,240,2,10,5,0,300,0.5,1700,0.5,1
7,8,212,2,10,5,0,300,0.5,1700,0.5,2
7,9,776,1,0,300,0.5,1700,0.5,0
7,10,495,1,0,500,0.6,1000,0.2,1400,0.2,1
7,11,976,2,10,5,0,500,0.6,1000,0.2,1400,0.2,0
7,12,624,2,10,5,0,500,0.6,1000,0.2,1400,0.2,0
7,13,26,1,0,500,0.6,1000,0.2,1400,0.2,2
7,14,937,0,0,500,0.6,1000,0.2,1400,0.2,1
7,15,293,1,0,300,0.5,1700,0.5,1
7,16,823,0,0,300,0.5,1700,0.5,2
7,17,382,2,10,5,0,500,0.6,1000,0.2,1400,0.2,0
7,18,936,2,10,5,0,500,0.6,1000,0.2,1400,0.2,0
7,19,766,1,0,300,0.5,1700,0.5,1
8,0,749,2,10,5,0,300,0.5,1700,0.5,1
8,1,471,1,0,300,0.5,1700,0.5,2
8,2,654,0,0,300,0.5,1700,0.5,0
8,3,429,1,0,500,0.6,1000,0.2,1400,0.2,0
8,4,506,2,10,5,0,500,0.6,1000,0.2,1400,0.2,1
8,5,893,0,0,500,0.6,1000,0.2,1400,0.2,1
8,6,758,0,0,500,0.6,1000,0.2,1400,0.2,0
8,7,143,2,10,5,0,300,0.5,1700,0.5,2
8,8,390,1,0,500,0.6,1000,0.2,1400,0.2,0
8,9,189,1,0,500,0.6,1000,0.2,1400,0.2,0
8,10,253,0,0,500,0.6,1000,0.2,1400,0.2,2
8,11,22,2,10,5,0,500,0.6,1000,0.2,1400,0.2,2
8,12,460,1,0,300,0.5,1700,0.5,2
8,13,510,1,0,300,0.5,1700,0.5,1
8,14,798,1,0,500,0.6,1000,0.2,1400,0.2,0
8,15,295,0,0,300,0.5,1700,0.5,1
8,16,67,0,0,300,0.5,1700,0.5,1
8,17,447,0,0,300,0.5,1700,0.5,2
8,18,245,0,0,300,0.5,1700,0.5,0
8,19,675,1,0,500,0.6,1000,0.2,1400,0.2,0
9,0,449,2,10,5,0,500,0.6,1000,0.2,1400,0.2,1
9,1,761,2,10,5,0,300,0.5,1700,0.5,0
9,2,174,2,10,5,0,500,0.6,1000,0.2,1400,0.2,0
9,3,632,2,10,5,0,300,0.5,1700,0.5,1
9,4,754,0,0,300,0.5,1700,0.5,1
9,5,586,0,0,500,0.6,1000,0.2,1400,0.2,2
9,6,394,0,0,300,0.5,1700,0.5,0
9,7,717,1,0,300,0.5,1700,0.5,0
9,8,722,2,10,5,0,300,0.5,1700,0.5,0
9,9,249,0,0,500,0.6,1000,0.2,1400,0.2,0
9,10,576,0,0,500,0.6,1000,0.2,1400,0.2,0
9,11,146,1,0,300,0.5,1700,0.5,0
9,12,416,0,0,300,0.5,1700,0.5,2
9,13,459,0,0,500,0.6,1000,0.2,1400,0.2,0
9,14,167,2,10,5,0,500,0.6,1000,0.2,1400,0.2,2
9,15,623,1,0,500,0.6,1000,0.2,1400,0.2,1
9,16,477,0,0,500,0.6,1000,0.2,1400,0.2,2
9,17,321,0,0,500,0.6,1000,0.2,1400,0.2,1
9,18,466,2,10,5,0,500,0.6,1000,0.2,1400,0.2,0
9,19,189,1,0,300,0.5,1700,0.5,2
10,0,362,1,0,500,0.6,1000,0.2,1400,0.2,2
10,1,612,2,10,5,0,500,0.6,1000,0.2,1400,0.2,1
10,2,941,1,0,500,0.6,1000,0.2,1400,0.2,0
10,3,333,2,10,5,0,300,0.5,1700,0.5,0
10,4,148,2,10,5,0,500,0.6,1000,0.2,1400,0.2,1
10,5,902,1,0,300,0.5,1700,0.5,2
10,6,774,2,10,5,0,500,0.6,1000,0.2,1400,0.2,1
10,7,462,0,0,500,0.6,1000,0.2,1400,0.2,1
10,8,447,2,10,5,0,300,0.5,1700,0.5,2
10,9,837,2,10,5,0,500,0.6,1000,0.2,1400,0.2,2
10,10,454,2,10,5,0,500,0.6,1000,0.2,1400,0.2,2
10,11,229,2,10,5,0,300,0.5,1700,0.5,2
10,12,942,0,0,300,0.5,1700,0.5,1
10,13,42,2,10,5,0,500,0.6,1000,0.2,1400,0.2,1
10,14,990,1,0,500,0.6,1000,0.2,1400,0.2,2
10,15,869,2,10,5,0,300,0.5,1700,0.5,0
10,16,817,1,0,500,0.6,1000,0.2,1400,0.2,0
10,17,971,1,0,500,0.6,1000,0.2,1400,0.2,0
10,18,715,2,10,5,0,300,0.5,1700,0.5,2
10,19,262,0,0,300,0.5,1700,0.5,0
11,0,133,0,0,300,0.5,1700,0.5,1
11,1,53,1,0,300,0.5,1700,0.5,0
11,2,942,0,0,300,0.5,1700,0.5,0
11,3,994,2,10,5,0,300,0.5,1700,0.5,1
11,4,985,2,10,5,0,500,0.6,1000,0.2,1400,0.2,2
11,5,909,0,0,300,0.5,1700,0.5,2
11,6,474,2,10,5,0,300,0.5,1700,0.5,0
11,7,105,1,0,500,0.6,1000,0.2,1400,0.2,2
11,8,297,0,0,500,0.6,1000,0.2,1400,0.2,2
11,9,236,0,0,500,0.6,1000,0.2,1400,0.2,1
11,10,17,2,10,5,0,300,0.5,1700,0.5,1
11,11,660,2,10,5,0,300,0.5,1700,0.5,2
11,12,618,0,0,300,0.5,1700,0.5,1
11,13,135,1,0,300,0.5,1700,0.5,0
11,14,461,0,0,500,0.6,1000,0.2,1400,0.2,1
11,15,754,2,10,5,0,300,0.5,1700,0.5,1
11,16,257,1,0,500,0.6,1000,0.2,1400,0.2,2
11,17,637,1,0,500,0.6,1000,0.2,1400,0.2,1
11,18,681,1,0,500,0.6,1000,0.2,1400,0.2,2
11,19,94,0,0,500,0.6,1000,0.2,1400,0.2,1
12,0,644,1,0,500,0.6,1000,0.2,1400,0.2,0
12,1,68,2,10,5,0,300,0.5,1700,0.5,0
12,2,536,0,0,500,0.6,1000,0.2,1400,0.2,0
12,3,935,2,10,5,0,300,0.5,1700,0.5,2
12,4,326,0,0,300,0.5,1700,0.5,0
12,5,341,0,0,300,0.5,1700,0.5,1
12,6,737,1,0,300,0.5,1700,0.5,0
12,7,725,1,0,500,0.6,1000,0.2,1400,0.2,0
12,8,31,1,0,500,0.6,1000,0.2,1400,0.2,0
12,9,356,0,0,300,0.5,1700,0.5,0
12,10,718,0,0,500,0.6,1000,0.2,1400,0.2,0
12,11,261,1,0,500,0.6,1000,0.2,1400,0.2,2
12,12,108,2,10,5,0,300,0.5,1700,0.5,0
12,13,974,2,10,5,0,500,0.6,1000,0.2,1400,0.2,2
12,14,509,1,0,500,0.6,1000,0.2,1400,0.2,2
12,15,727,1,0,300,0.5,1700,0.5,1
12,16,590,1,0,500,0.6,1000,0.2,1400,0.2,1
12,17,264,2,10,5,0,300,0.5,1700,0.5,0
12,18,769,2,10,5,0,500,0.6,1000,0.2,1400,0.2,2
12,19,883,2,10,5,0,300,0.5,1700,0.5,0
13,0,936,1,0,300,0.5,1700,0.5,2
13,1,842,2,10,5,0,300,0.5,1700,0.5,2
13,2,516,1,0,500,0.6,1000,0.2,1400,0.2,2
13,3,920,2,10,5,0,300,0.5,1700,0.5,0
13,4,488,0,0,500,0.6,1000,0.2,1400,0.2,0
13,5,122,2,10,5,0,500,0.6,1000,0.2,1400,0.2,2
13,6,720,0,0,500,0.6,1000,0.2,1400,0.2,1
13,7,107,1,0,500,0.6,1000,0.2,1400,0.2,1
13,8,856,1,0,300,0.5,1700,0.5,2
13,9,611,1,0,300,0.5,1700,0.5,1
13,10,177,1,0,300,0.5,1700,0.5,2
13,11,35,0,0,300,0.5,1700,0.5,1
13,12,138,1,0,300,0.5,1700,0.5,0
13,13,990,2,10,5,0,500,0.6,1000,0.2,1400,0.2,2
13,14,727,0,0,300,0.5,1700,0.5,2
13,15,572,0,0,500,0.6,1000,0.2,1400,0.2,2
13,16,702,2,10,5,0,500,0.6,1000,0.2,1400,0.2,0
13,17,938,2,10,5,0,500,0.6,1000,0.2,1400,0.2,0
13,18,98,0,0,300,0.5,1700,0.5,1
13,19,695,0,0,500,0.6,1000,0.2,1400,0.2,1
14,0,340,2,10,5,0,300,0.5,1700,0.5,1
14,1,307,1,0,300,0.5,1700,0.5,1
14,2,669,2,10,5,0,300,0.5,1700,0.5,0
14,3,983,2,10,5,0,500,0.6,1000,0.2,1400,0.2,0
14,4,637,0,0,300,0.5,1700,0.5,0
14,5,700,0,0,500,0.6,1000,0.2,1400,0.2,2
14,6,219,0,0,500,0.6,1000,0.2,1400,0.2,2
14,7,968,1,0,300,0.5,1700,0.5,2
14,8,248,2,10,5,0,500,0.6,1000,0.2,1400,0.2,1
14,9,909,1,0,300,0.5,1700,0.5,1
14,10,115,1,0,300,0.5,1700,0.5,1
14,11,795,2,10,5,0,500,0.6,1000,0.2,1400,0.2,2
14,12,120,1,0,500,0.6,1000,0.2,1400,0.2,0
14,13,18,2,10,5,0,500,0.6,1000,0.2,1400,0.2,1
14,14,61,1,0,300,0.5,1700,0.5,0
14,15,109,1,0,500,0.6,1000,0.2,1400,0.2,0
14,16,31,1,0,300,0.5,1700,0.5,0
14,17,470,1,0,300,0.5,1700,0.5,1
14,18,390,0,0,500,0.6,1000,0.2,1400,0.2,0
14,19,933,0,0,500,0.6,1000,0.2,1400,0.2,1
15,0,993,2,10,5,0,500,0.6,1000,0.2,1400,0.2,1
15,1,918,2,10,5,0,500,0.6,1000,0.2,1400,0.2,2
15,2,131,1,0,300,0.5,1700,0.5,0
15,3,543,2,10,5,0,500,0.6,1000,0.2,1400,0.2,2
15,4,911,0,0,300,0.5,1700,0.5,1
15,5,407,1,0,300,0.5,1700,0.5,0
15,6,17,1,0,300,0.5,1700,0.5,0
15,7,230,0,0,500,0.6,1000,0.2,1400,0.2,1
15,8,414,1,0,500,0.6,1000,0.2,1400,0.2,1
15,9,50,0,0,500,0.6,1000,0.2,1400,0.2,1
15,10,30,1,0,500,0.6,1000,0.2,1400,0.2,2
15,11,395,0,0,300,0.5,1700,0.5,1
15,12,138,1,0,300,0.5,1700,0.5,0
15,13,663,1,0,500,0.6,1000,0.2,1400,0.2,2
15,14,278,1,0,300,0.5,1700,0.5,0
15,15,108,1,0,300,0.5,1700,0.5,0
15,16,850,0,0,300,0.5,1700,0.5,0
15,17,570,1,0,500,0.6,1000,0.2,1400,0.2,1
15,18,616,0,0,500,0.6,1000,0.2,1400,0.2,2
15,19,653,1,0,300,0.5,1700,0.5,1
16,0,815,0,0,300,0.5,1700,0.5,0
16,1,886,0,0,500,0.6,1000,0.2,1400,0.2,1
16,2,590,0,0,300,0.5,1700,0.5,0
16,3,206,1,0,300,0.5,1700,0.5,0
16,4,763,1,0,500,0.6,1000,0.2,1400,0.2,1
16,5,132,0,0,300,0.5,1700,0.5,2
16,6,906,1,0,500,0.6,1000,0.2,1400,0.2,2
16,7,624,0,0,500,0.6,1000,0.2,1400,0.2,2
16,8,934,2,10,5,0,300,0.5,1700,0.5,2
16,9,400,0,0,500,0.6,1000,0.2,1400,0.2,1
16,10,563,0,0,300,0.5,1700,0.5,2
16,11,749,1,0,300,0.5,1700,0.5,0
16,12,68,2,10,5,0,500,0.6,1000,0.2,1400,0.2,0
16,13,762,1,0,500,0.6,1000,0.2,1400,0.2,0
16,14,807,2,10,5,0,300,0.5,1700,0.5,0
16,15,648,0,0,500,0.6,1000,0.2,1400,0.2,1
16,16,799,0,0,300,0.5,1700,0.5,1
16,17,707,2,10,5,0,500,0.6,1000,0.2,1400,0.2,2
16,18,81,2,10,5,0,500,0.6,1000,0.2,1400,0.2,0
16,19,751,0,0,500,0.6,1000,0.2,1400,0.2,1
17,0,323,1,0,300,0.5,1700,0.5,1
17,1,982,2,10,5,0,500,0.6,1000,0.2,1400,0.2,1
17,2,200,0,0,300,0.5,1700,0.5,2
17,3,103,2,10,5,0,500,0.6,1000,0.2,1400,0.2,2
17,4,472,0,0,500,0.6,1000,0.2,1400,0.2,0
17,5,118,1,0,300,0.5,1700,0.5,2
17,6,403,1,0,500,0.6,1000,0.2,1400,0.2,1
17,7,635,2,10,5,0,500,0.6,1000,0.2,1400,0.2,0
17,8,720,2,10,5,0,300,0.5,1700,0.5,0
17,9,715,0,0,300,0.5,1700,0.5,1
17,10,564,2,10,5,0,500,0.6,1000,0.2,1400,0.2,2
17,11,535,1,0,500,0.6,1000,0.2,1400,0.2,1
17,12,317,2,10,5,0,300,0.5,1700,0.5,2
17,13,434,2,10,5,0,300,0.5,1700,0.5,0
17,14,673,1,0,500,0.6,1000,0.2,1400,0.2,1
17,15,687,0,0,500,0.6,1000,0.2,1400,0.2,2
17,16,955,0,0,300,0.5,1700,0.5,1
17,17,736,1,0,300,0.5,1700,0.5,2
17,18,535,0,0,300,0.5,1700,0.5,1
17,19,294,1,0,300,0.5,1700,0.5,0
18,0,961,1,0,500,0.6,1000,0.2,1400,0.2,2
18,1,766,0,0,300,0.5,1700,0.5,2
18,2,427,1,0,300,0.5,1700,0.5,0
18,3,570,2,10,5,0,500,0.6,1000,0.2,1400,0.2,0
18,4,485,1,0,500,0.6,1000,0.2,1400,0.2,2
18,5,861,1,0,300,0.5,1700,0.5,1
18,6,703,1,0,300,0.5,1700,0.5,1
18,7,234,2,10,5,0,300,0.5,1700,0.5,2
18,8,386,2,10,5,0,300,0.5,1700,0.5,1
18,9,472,1,0,500,0.6,1000,0.2,1400,0.2,1
18,10,508,1,0,500,0.6,1000,0.2,1400,0.2,0
18,11,703,0,0,500,0.6,1000,0.2,1400,0.2,2
18,12,653,2,10,5,0,500,0.6,1000,0.2,1400,0.2,0
18,13,147,2,10,5,0,300,0.5,1700,0.5,1
18,14,1000,2,10,5,0,500,0.6,1000,0.2,1400,0.2,2
18,15,847,2,10,5,0,300,0.5,1700,0.5,0
18,16,881,2,10,5,0,500,0.6,1000,0.2,1400,0.2,2
18,17,846,2,10,5,0,300,0.5,1700,0.5,1
18,18,146,2,10,5,0,500,0.6,1000,0.2,1400,0.2,0
18,19,209,1,0,300,0.5,1700,0.5,0
19,0,605,1,0,300,0.5,1700,0.5,0
19,1,772,1,0,500,0.6,1000,0.2,1400,0.2,2
19,2,70,2,10,5,0,500,0.6,1000,0.2,1400,0.2,2
19,3,655,2,10,5,0,500,0.6,1000,0.2,1400,0.2,1
19,4,986,0,0,500,0.6,1000,0.2,1400,0.2,1
19,5,439,2,10,5,0,500,0.6,1000,0.2,1400,0.2,2
19,6,444,0,0,500,0.6,1000,0.2,1400,0.2,1
19,7,833,2,10,5,0,300,0.5,1700,0.5,2
19,8,748,1,0,500,0.6,1000,0.2,1400,0.2,2
19,9,945,1,0,300,0.5,1700,0.5,2
19,10,910,1,0,500,0.6,1000,0.2,1400,0.2,0
19,11,522,2,10,5,0,300,0.5,1700,0.5,1
19,12,957,2,10,5,0,300,0.5,1700,0.5,1
19,13,652,1,0,500,0.6,1000,0.2,1400,0.2,2
19,14,138,2,10,5,0,300,0.5,1700,0.5,1
19,15,446,2,10,5,0,300,0.5,1700,0.5,1
19,16,102,1,0,300,0.5,1700,0.5,2
19,17,442,2,10,5,0,500,0.6,1000,0.2,1400,0.2,2
19,18,332,0,0,300,0.5,1700,0.5,1
19,19,472,0,0,500,0.6,1000,0.2,1400,0.2,1
