0,0,947,1,0,300,0.5,1700,0.5,2
0,1,524,2,10,5,0,300,0.5,1700,0.5,0
0,2,943,1,0,500,0.6,1000,0.2,1400,0.2,0
0,3,513,2,10,5,0,500,0.6,1000,0.2,1400,0.2,1
0,4,41,1,0,300,0.5,1700,0.5,1
0,5,409,0,0,300,0.5,1700,0.5,2
0,6,28,0,0,300,0.5,1700,0.5,2
0,7,712,2,10,5,0,300,0.5,1700,0.5,1
0,8,756,2,10,5,0,300,0.5,1700,0.5,1
0,9,435,2,10,5,0,500,0.6,1000,0.2,1400,0.2,0
0,10,946,2,10,5,0,500,0.6,1000,0.2,1400,0.2,2
0,11,914,1,0,300,0.5,1700,0.5,1
0,12,371,0,0,300,0.5,1700,0.5,1
0,13,77,2,10,5,0,500,0.6,1000,0.2,1400,0.2,0
0,14,395,0,0,500,0.6,1000,0.2,1400,0.2,2
0,15,812,2,10,5,0,500,0.6,1000,0.2,1400,0.2,1
0,16,829,1,0,500,0.6,1000,0.2,1400,0.2,0
0,17,646,2,10,5,0,300,0.5,1700,0.5,0
0,18,679,0,0,300,0.5,1700,0.5,0
0,19,242,1,0,500,0.6,1000,0.2,1400,0.2,1
1,0,592,0,0,500,0.6,1000,0.2,1400,0.2,2
1,1,980,2,10,5,0,500,0.6,1000,0.2,1400,0.2,1
1,2,802,0,0,500,0.6,1000,0.2,1400,0.2,1
1,3,680,0,0,300,0.5,1700,0.5,1
1,4,76,1,0,500,0.6,1000,0.2,1400,0.2,0
1,5,195,0,0,300,0.5,1700,0.5,1
1,6,553,1,0,300,0.5,1700,0.5,0
1,7,606,1,0,300,0.5,1700,0.5,0
1,8,340,1,0,300,0.5,1700,0.5,0
1,9,703,2,10,5,0,300,0.5,1700,0.5,1
1,10,692,0,0,500,0.6,1000,0.2,1400,0.2,1
1,11,728,1,0,500,0.6,1000,0.2,1400,0.2,2
1,12,700,1,0,500,0.6,1000,0.2,1400,0.2,0
1,13,804,0,0,500,0.6,1000,0.2,1400,0.2,1
1,14,370,1,0,300,0.5,1700,0.5,0
1,15,414,0,0,300,0.5,1700,0.5,2
1,16,202,2,10,5,0,500,0.6,1000,0.2,1400,0.2,1
1,17,685,0,0,500,0.6,1000,0.2,1400,0.2,1
1,18,292,2,10,5,0,500,0.6,1000,0.2,1400,0.2,1
1,19,400,0,0,300,0.5,1700,0.5,0
2,0,988,0,0,300,0.5,1700,0.5,1
2,1,530,0,0,500,0.6,1000,0.2,1400,0.2,1
2,2,983,1,0,500,0.6,1000,0.2,1400,0.2,2
2,3,43,0,0,300,0.5,1700,0.5,2
2,4,746,1,0,500,0.6,1000,0.2,1400,0.2,0
2,5,554,0,0,300,0.5,1700,0.5,2
2,6,516,0,0,300,0.5,1700,0.5,0
2,7,875,2,10,5,0,500,0.6,1000,0.2,1400,0.2,1
2,8,437,1,0,500,0.6,1000,0.2,1400,0.2,0
2,9,455,2,10,5,0,300,0.5,1700,0.5,0
2,10,524,1,0,300,0.5,1700,0.5,1
2,11,59,0,0,500,0.6,1000,0.2,1400,0.2,1
2,12,463,0,0,500,0.6,1000,0.2,1400,0.2,1
2,13,823,1,0,500,0.6,1000,0.2,1400,0.2,0
2,14,577,0,0,300,0.5,1700,0.5,0
2,15,548,1,0,300,0.5,1700,0.5,2
2,16,307,1,0,300,0.5,1700,0.5,2
2,17,417,2,10,5,0,300,0.5,1700,0.5,0
2,18,853,0,0,300,0.5,1700,0.5,2
2,19,508,0,0,300,0.5,1700,0.5,2
3,0,167,0,0,300,0.5,1700,0.5,0
3,1,350,2,10,5,0,300,0.5,1700,0.5,1
3,2,827,2,10,5,0,500,0.6,1000,0.2,1400,0.2,0
3,3,709,0,0,300,0.5,1700,0.5,1
3,4,316,1,0,300,0.5,1700,0.5,2
3,5,44,1,0,500,0.6,1000,0.2,1400,0.2,2
3,6,252,0,0,300,0.5,1700,0.5,0
3,7,788,2,10,5,0,500,0.6,1000,0.2,1400,0.2,2
3,8,866,1,0,500,0.6,1000,0.2,1400,0.2,2
3,9,550,1,0,300,0.5,1700,0.5,1
3,10,440,0,0,300,0.5,1700,0.5,0
3,11,318,1,0,300,0.5,1700,0.5,0
3,12,557,0,0,500,0.6,1000,0.2,1400,0.2,2
3,13,353,0,0,300,0.5,1700,0.5,1
3,14,263,1,0,300,0.5,1700,0.5,0
3,15,83,2,10,5,0,500,0.6,1000,0.2,1400,0.2,2
3,16,30,0,0,300,0.5,1700,0.5,0
3,17,454,1,0,300,0.5,1700,0.5,2
3,18,491,1,0,300,0.5,1700,0.5,0
3,19,209,0,0,500,0.6,1000,0.2,1400,0.2,0
4,0,956,2,10,5,0,500,0.6,1000,0.2,1400,0.2,2
4,1,634,2,10,5,0,300,0.5,1700,0.5,2
4,2,782,1,0,500,0.6,1000,0.2,1400,0.2,2
4,3,886,1,0,500,0.6,1000,0.2,1400,0.2,0
4,4,983,2,10,5,0,500,0.6,1000,0.2,1400,0.2,0
4,5,548,1,0,500,0.6,1000,0.2,1400,0.2,1
4,6,788,2,10,5,0,500,0.6,1000,0.2,1400,0.2,1
4,7,208,0,0,300,0.5,1700,0.5,2
4,8,81,0,0,500,0.6,1000,0.2,1400,0.2,1
4,9,88,1,0,500,0.6,1000,0.2,1400,0.2,2
4,10,32,2,10,5,0,300,0.5,1700,0.5,2
4,11,754,0,0,300,0.5,1700,0.5,1
4,12,917,1,0,300,0.5,1700,0.5,0
4,13,804,2,10,5,0,500,0.6,1000,0.2,1400,0.2,1
4,14,700,1,0,500,0.6,1000,0.2,1400,0.2,2
4,15,973,2,10,5,0,300,0.5,1700,0.5,2
4,16,719,0,0,500,0.6,1000,0.2,1400,0.2,1
4,17,599,1,0,300,0.5,1700,0.5,0
4,18,300,1,0,300,0.5,1700,0.5,1
4,19,387,0,0,300,0.5,1700,0.5,2
5,0,581,0,0,500,0.6,1000,0.2,1400,0.2,0
5,1,947,0,0,500,0.6,1000,0.2,1400,0.2,2
5,2,860,1,0,300,0.5,1700,0.5,2
5,3,68,2,10,5,0,500,0.6,1000,0.2,1400,0.2,0
5,4,603,1,0,500,0.6,1000,0.2,1400,0.2,2
5,5,759,1,0,500,0.6,1000,0.2,1400,0.2,0
5,6,449,1,0,300,0.5,1700,0.5,1
5,7,705,0,0,300,0.5,1700,0.5,0
5,8,862,1,0,300,0.5,1700,0.5,1
5,9,79,0,0,300,0.5,1700,0.5,2
5,10,296,2,10,5,0,300,0.5,1700,0.5,1
5,11,453,0,0,300,0.5,1700,0.5,1
5,12,166,1,0,300,0.5,1700,0.5,0
5,13,222,2,10,5,0,500,0.6,1000,0.2,1400,0.2,2
5,14,550,2,10,5,0,300,0.5,1700,0.5,2
5,15,111,0,0,300,0.5,1700,0.5,2
5,16,930,2,10,5,0,300,0.5,1700,0.5,0
5,17,364,1,0,500,0.6,1000,0.2,1400,0.2,1
5,18,830,1,0,500,0.6,1000,0.2,1400,0.2,0
5,19,206,2,10,5,0,500,0.6,1000,0.2,1400,0.2,1
6,0,439,0,0,500,0.6,1000,0.2,1400,0.2,2
6,1,401,2,10,5,0,300,0.5,1700,0.5,1
6,2,920,1,0,500,0.6,1000,0.2,1400,0.2,2
6,3,78,1,0,500,0.6,1000,0.2,1400,0.2,2
6,4,891,2,10,5,0,500,0.6,1000,0.2,1400,0.2,1
6,5,449,0,0,300,0.5,1700,0.5,1
6,6,879,2,10,5,0,500,0.6,1000,0.2,1400,0.2,1
6,7,260,0,0,500,0.6,1000,0.2,1400,0.2,1
6,8,292,1,0,300,0.5,1700,0.5,1
6,9,374,1,0,300,0.5,1700,0.5,2
6,10,717,0,0,300,0.5,1700,0.5,2
6,11,910,2,10,5,0,300,0.5,1700,0.5,0
6,12,535,2,10,5,0,500,0.6,1000,0.2,1400,0.2,0
6,13,199,0,0,500,0.6,1000,0.2,1400,0.2,1
6,14,24,2,10,5,0,300,0.5,1700,0.5,0
6,15,782,0,0,500,0.6,1000,0.2,1400,0.2,1
6,16,590,0,0,500,0.6,1000,0.2,1400,0.2,2
6,17,203,1,0,500,0.6,1000,0.2,1400,0.2,0
6,18,691,1,0,500,0.6,1000,0.2,1400,0.2,1
6,19,393,0,0,500,0.6,1000,0.2,1400,0.2,1
7,0,784,1,0,500,0.6,1000,0.2,1400,0.2,0
7,1,627,1,0,300,0.5,1700,0.5,0
7,2,327,0,0,500,0.6,1000,0.2,1400,0.2,0
7,3,147,1,0,500,0.6,1000,0.2,1400,0.2,0
7,4,489,2,10,5,0,500,0.6,1000,0.2,1400,0.2,0
7,5,589,2,10,5,0,500,0.6,1000,0.2,1400,0.2,0
7,6,739,0,0,300,0.5,1700,0.5,2
7,7,488,2,10,5,0,500,0.6,1000,0.2,1400,0.2,0
7,8,641,0,0,300,0.5,1700,0.5,2
7,9,230,0,0,500,0.6,1000,0.2,1400,0.2,1
7,10,393,2,10,5,0,500,0.6,1000,0.2,1400,0.2,2
7,11,695,2,10,5,0,500,0.6,1000,0.2,1400,0.2,2
7,12,69,1,0,500,0.6,1000,0.2,1400,0.2,1
7,13,214,2,10,5,0,300,0.5,1700,0.5,1
7,14,553,2,10,5,0,300,0.5,1700,0.5,1
7,15,497,0,0,300,0.5,1700,0.5,0
7,16,648,0,0,300,0.5,1700,0.5,1
7,17,380,0,0,500,0.6,1000,0.2,1400,0.2,1
7,18,453,2,10,5,0,300,0.5,1700,0.5,2
7,19,499,0,0,300,0.5,1700,0.5,2
8,0,397,0,0,300,0.5,1700,0.5,1
8,1,546,0,0,300,0.5,1700,0.5,1
8,2,795,2,10,5,0,300,0.5,1700,0.5,0
8,3,525,1,0,300,0.5,1700,0.5,2
8,4,66,1,0,300,0.5,1700,0.5,1
8,5,687,0,0,500,0.6,1000,0.2,1400,0.2,2
8,6,251,2,10,5,0,300,0.5,1700,0.5,1
8,7,187,0,0,500,0.6,1000,0.2,1400,0.2,0
8,8,457,0,0,300,0.5,1700,0.5,0
8,9,46,2,10,5,0,500,0.6,1000,0.2,1400,0.2,0
8,10,737,1,0,500,0.6,1000,0.2,1400,0.2,1
8,11,80,1,0,300,0.5,1700,0.5,2
8,12,613,1,0,300,0.5,1700,0.5,1
8,13,70,2,10,5,0,300,0.5,1700,0.5,2
8,14,710,1,0,500,0.6,1000,0.2,1400,0.2,2
8,15,434,2,10,5,0,500,0.6,1000,0.2,1400,0.2,2
8,16,998,0,0,500,0.6,1000,0.2,1400,0.2,1
8,17,473,0,0,300,0.5,1700,0.5,0
8,18,618,2,10,5,0,500,0.6,1000,0.2,1400,0.2,2
8,19,679,1,0,500,0.6,1000,0.2,1400,0.2,2
9,0,146,2,10,5,0,300,0.5,1700,0.5,2
9,1,700,0,0,500,0.6,1000,0.2,1400,0.2,2
9,2,24,2,10,5,0,300,0.5,1700,0.5,2
9,3,140,1,0,500,0.6,1000,0.2,1400,0.2,0
9,4,864,0,0,500,0.6,1000,0.2,1400,0.2,1
9,5,214,2,10,5,0,500,0.6,1000,0.2,1400,0.2,2
9,6,402,1,0,300,0.5,1700,0.5,1
9,7,930,0,0,300,0.5,1700,0.5,2
9,8,190,2,10,5,0,500,0.6,1000,0.2,1400,0.2,1
9,9,971,1,0,500,0.6,1000,0.2,1400,0.2,1
9,10,586,1,0,300,0.5,1700,0.5,2
9,11,233,1,0,500,0.6,1000,0.2,1400,0.2,1
9,12,842,2,10,5,0,300,0.5,1700,0.5,0
9,13,627,1,0,300,0.5,1700,0.5,1
9,14,838,1,0,300,0.5,1700,0.5,1
9,15,534,0,0,500,0.6,1000,0.2,1400,0.2,2
9,16,126,1,0,500,0.6,1000,0.2,1400,0.2,0
9,17,876,0,0,500,0.6,1000,0.2,1400,0.2,0
9,18,150,1,0,300,0.5,1700,0.5,1
9,19,491,2,10,5,0,500,0.6,1000,0.2,1400,0.2,1
10,0,405,0,0,500,0.6,1000,0.2,1400,0.2,0
10,1,610,1,0,500,0.6,1000,0.2,1400,0.2,0
10,2,222,1,0,300,0.5,1700,0.5,2
10,3,684,1,0,500,0.6,1000,0.2,1400,0.2,0
10,4,350,0,0,300,0.5,1700,0.5,0
10,5,840,0,0,500,0.6,1000,0.2,1400,0.2,2
10,6,621,2,10,5,0,500,0.6,1000,0.2,1400,0.2,1
10,7,834,1,0,500,0.6,1000,0.2,1400,0.2,2
10,8,745,2,10,5,0,500,0.6,1000,0.2,1400,0.2,1
10,9,18,2,10,5,0,500,0.6,1000,0.2,1400,0.2,2
10,10,658,1,0,500,0.6,1000,0.2,1400,0.2,0
10,11,83,2,10,5,0,500,0.6,1000,0.2,1400,0.2,1
10,12,286,0,0,500,0.6,1000,0.2,1400,0.2,2
10,13,281,1,0,300,0.5,1700,0.5,1
10,14,550,2,10,5,0,300,0.5,1700,0.5,0
10,15,794,2,10,5,0,300,0.5,1700,0.5,1
10,16,289,0,0,500,0.6,1000,0.2,1400,0.2,1
10,17,502,0,0,500,0.6,1000,0.2,1400,0.2,2
10,18,521,2,10,5,0,500,0.6,1000,0.2,1400,0.2,0
10,19,894,0,0,300,0.5,1700,0.5,2
11,0,71,1,0,300,0.5,1700,0.5,1
11,1,905,2,10,5,0,500,0.6,1000,0.2,1400,0.2,0
11,2,965,0,0,500,0.6,1000,0.2,1400,0.2,0
11,3,909,1,0,500,0.6,1000,0.2,1400,0.2,2
11,4,148,2,10,5,0,300,0.5,1700,0.5,2
11,5,177,1,0,300,0.5,1700,0.5,2
11,6,464,1,0,500,0.6,1000,0.2,1400,0.2,0
11,7,33,2,10,5,0,300,0.5,1700,0.5,1
11,8,496,0,0,500,0.6,1000,0.2,1400,0.2,0
11,9,68,2,10,5,0,300,0.5,1700,0.5,1
11,10,346,2,10,5,0,500,0.6,1000,0.2,1400,0.2,1
11,11,199,1,0,300,0.5,1700,0.5,2
11,12,828,0,0,500,0.6,1000,0.2,1400,0.2,1
11,13,927,0,0,300,0.5,1700,0.5,0
11,14,125,0,0,500,0.6,1000,0.2,1400,0.2,0
11,15,906,0,0,300,0.5,1700,0.5,1
11,16,900,2,10,5,0,300,0.5,1700,0.5,0
11,17,192,1,0,500,0.6,1000,0.2,1400,0.2,0
11,18,414,2,10,5,0,300,0.5,1700,0.5,0
11,19,537,0,0,500,0.6,1000,0.2,1400,0.2,1
12,0,260,0,0,500,0.6,1000,0.2,1400,0.2,2
12,1,228,0,0,300,0.5,1700,0.5,1
12,2,459,1,0,500,0.6,1000,0.2,1400,0.2,1
12,3,881,2,10,5,0,300,0.5,1700,0.5,1
12,4,203,2,10,5,0,500,0.6,1000,0.2,1400,0.2,2
12,5,310,0,0,500,0.6,1000,0.2,1400,0.2,2
12,6,359,2,10,5,0,500,0.6,1000,0.2,1400,0.2,1
12,7,266,2,10,5,0,500,0.6,1000,0.2,1400,0.2,1
12,8,953,1,0,300,0.5,1700,0.5,0
12,9,728,0,0,500,0.6,1000,0.2,1400,0.2,2
12,10,299,2,10,5,0,500,0.6,1000,0.2,1400,0.2,0
12,11,45,0,0,500,0.6,1000,0.2,1400,0.2,2
12,12,415,0,0,500,0.6,1000,0.2,1400,0.2,2
12,13,411,2,10,5,0,300,0.5,1700,0.5,0
12,14,641,2,10,5,0,300,0.5,1700,0.5,0
12,15,457,1,0,500,0.6,1000,0.2,1400,0.2,1
12,16,355,0,0,500,0.6,1000,0.2,1400,0.2,0
12,17,943,1,0,500,0.6,1000,0.2,1400,0.2,2
12,18,583,0,0,500,0.6,1000,0.2,1400,0.2,2
12,19,334,2,10,5,0,500,0.6,1000,0.2,1400,0.2,0
13,0,184,2,10,5,0,500,0.6,1000,0.2,1400,0.2,1
13,1,714,2,10,5,0,500,0.6,1000,0.2,1400,0.2,0
13,2,312,2,10,5,0,500,0.6,1000,0.2,1400,0.2,2
13,3,921,1,0,300,0.5,1700,0.5,1
13,4,524,0,0,300,0.5,1700,0.5,0
13,5,124,1,0,300,0.5,1700,0.5,1
13,6,669,2,10,5,0,300,0.5,1700,0.5,2
13,7,48,2,10,5,0,300,0.5,1700,0.5,1
13,8,613,0,0,500,0.6,1000,0.2,1400,0.2,1
13,9,676,1,0,300,0.5,1700,0.5,0
13,10,301,0,0,500,0.6,1000,0.2,1400,0.2,1
13,11,344,2,10,5,0,500,0.6,1000,0.2,1400,0.2,2
13,12,815,0,0,300,0.5,1700,0.5,1
13,13,926,0,0,500,0.6,1000,0.2,1400,0.2,2
13,14,472,1,0,500,0.6,1000,0.2,1400,0.2,2
13,15,67,1,0,500,0.6,1000,0.2,1400,0.2,1
13,16,557,1,0,500,0.6,1000,0.2,1400,0.2,0
13,17,709,0,0,500,0.6,1000,0.2,1400,0.2,0
13,18,198,1,0,300,0.5,1700,0.5,2
13,19,771,0,0,300,0.5,1700,0.5,1
14,0,126,2,10,5,0,500,0.6,1000,0.2,1400,0.2,1
14,1,389,0,0,500,0.6,1000,0.2,1400,0.2,0
14,2,496,0,0,500,0.6,1000,0.2,1400,0.2,2
14,3,814,2,10,5,0,500,0.6,1000,0.2,1400,0.2,2
14,4,439,1,0,300,0.5,1700,0.5,0
14,5,97,1,0,500,0.6,1000,0.2,1400,0.2,2
14,6,340,0,0,300,0.5,1700,0.5,1
14,7,965,1,0,300,0.5,1700,0.5,0
14,8,555,1,0,500,0.6,1000,0.2,1400,0.2,1
14,9,515,0,0,300,0.5,1700,0.5,2
14,10,462,1,0,300,0.5,1700,0.5,2
14,11,250,2,10,5,0,300,0.5,1700,0.5,0
14,12,650,0,0,500,0.6,1000,0.2,1400,0.2,0
14,13,313,1,0,300,0.5,1700,0.5,2
14,14,880,0,0,300,0.5,1700,0.5,1
14,15,231,0,0,500,0.6,1000,0.2,1400,0.2,2
14,16,902,1,0,300,0.5,1700,0.5,1
14,17,809,0,0,500,0.6,1000,0.2,1400,0.2,1
14,18,666,1,0,500,0.6,1000,0.2,1400,0.2,2
14,19,677,0,0,500,0.6,1000,0.2,1400,0.2,2
15,0,560,0,0,500,0.6,1000,0.2,1400,0.2,0
15,1,418,2,10,5,0,500,0.6,1000,0.2,1400,0.2,0
15,2,647,2,10,5,0,300,0.5,1700,0.5,2
15,3,332,2,10,5,0,500,0.6,1000,0.2,1400,0.2,1
15,4,351,1,0,500,0.6,1000,0.2,1400,0.2,2
15,5,613,0,0,500,0.6,1000,0.2,1400,0.2,0
15,6,578,0,0,300,0.5,1700,0.5,0
15,7,160,1,0,500,0.6,1000,0.2,1400,0.2,2
15,8,17,0,0,500,0.6,1000,0.2,1400,0.2,1
15,9,808,2,10,5,0,500,0.6,1000,0.2,1400,0.2,1
15,10,103,0,0,500,0.6,1000,0.2,1400,0.2,2
15,11,990,2,10,5,0,300,0.5,1700,0.5,1
15,12,822,1,0,300,0.5,1700,0.5,1
15,13,460,1,0,500,0.6,1000,0.2,1400,0.2,1
15,14,446,2,10,5,0,500,0.6,1000,0.2,1400,0.2,1
15,15,517,1,0,500,0.6,1000,0.2,1400,0.2,1
15,16,463,2,10,5,0,500,0.6,1000,0.2,1400,0.2,1
15,17,582,1,0,500,0.6,1000,0.2,1400,0.2,0
15,18,148,0,0,300,0.5,1700,0.5,0
15,19,170,0,0,300,0.5,1700,0.5,0
16,0,80,2,10,5,0,300,0.5,1700,0.5,1
16,1,568,1,0,300,0.5,1700,0.5,0
16,2,938,2,10,5,0,500,0.6,1000,0.2,1400,0.2,2
16,3,907,2,10,5,0,300,0.5,1700,0.5,1
16,4,400,2,10,5,0,300,0.5,1700,0.5,0
16,5,56,0,0,500,0.6,1000,0.2,1400,0.2,0
16,6,188,2,10,5,0,500,0.6,1000,0.2,1400,0.2,2
16,7,563,1,0,500,0.6,1000,0.2,1400,0.2,2
16,8,737,2,10,5,0,300,0.5,1700,0.5,1
16,9,591,2,10,5,0,500,0.6,1000,0.2,1400,0.2,2
16,10,591,2,10,5,0,300,0.5,1700,0.5,2
16,11,113,1,0,300,0.5,1700,0.5,2
16,12,494,0,0,300,0.5,1700,0.5,1
16,13,885,2,10,5,0,300,0.5,1700,0.5,0
16,14,289,1,0,300,0.5,1700,0.5,1
16,15,434,2,10,5,0,500,0.6,1000,0.2,1400,0.2,2
16,16,23,2,10,5,0,500,0.6,1000,0.2,1400,0.2,0
16,17,664,0,0,500,0.6,1000,0.2,1400,0.2,2
16,18,598,1,0,500,0.6,1000,0.2,1400,0.2,1
16,19,936,2,10,5,0,300,0.5,1700,0.5,2
17,0,159,2,10,5,0,300,0.5,1700,0.5,1
17,1,333,0,0,500,0.6,1000,0.2,1400,0.2,0
17,2,185,2,10,5,0,500,0.6,1000,0.2,1400,0.2,2
17,3,527,1,0,300,0.5,1700,0.5,0
17,4,102,2,10,5,0,500,0.6,1000,0.2,1400,0.2,2
17,5,509,0,0,300,0.5,1700,0.5,2
17,6,779,1,0,300,0.5,1700,0.5,1
17,7,674,0,0,300,0.5,1700,0.5,2
17,8,970,1,0,300,0.5,1700,0.5,0
17,9,363,1,0,500,0.6,1000,0.2,1400,0.2,2
17,10,900,0,0,300,0.5,1700,0.5,2
17,11,599,2,10,5,0,500,0.6,1000,0.2,1400,0.2,2
17,12,299,0,0,500,0.6,1000,0.2,1400,0.2,1
17,13,778,2,10,5,0,500,0.6,1000,0.2,1400,0.2,1
17,14,618,2,10,5,0,300,0.5,1700,0.5,0
17,15,796,1,0,500,0.6,1000,0.2,1400,0.2,1
17,16,158,1,0,500,0.6,1000,0.2,1400,0.2,0
17,17,734,0,0,300,0.5,1700,0.5,1
17,18,113,0,0,300,0.5,1700,0.5,1
17,19,221,0,0,500,0.6,1000,0.2,1400,0.2,2
18,0,70,0,0,500,0.6,1000,0.2,1400,0.2,0
18,1,419,2,10,5,0,300,0.5,1700,0.5,0
18,2,589,0,0,500,0.6,1000,0.2,1400,0.2,0
18,3,972,2,10,5,0,500,0.6,1000,0.2,1400,0.2,1
18,4,785,0,0,500,0.6,1000,0.2,1400,0.2,0
18,5,40,1,0,300,0.5,1700,0.5,0
18,6,829,1,0,300,0.5,1700,0.5,2
18,7,330,1,0,300,0.5,1700,0.5,1
18,8,724,1,0,500,0.6,1000,0.2,1400,0.2,2
18,9,934,0,0,500,0.6,1000,0.2,1400,0.2,1
18,10,124,2,10,5,0,500,0.6,1000,0.2,1400,0.2,2
18,11,485,1,0,500,0.6,1000,0.2,1400,0.2,2
18,12,56,2,10,5,0,300,0.5,1700,0.5,2
18,13,981,0,0,300,0.5,1700,0.5,2
18,14,837,2,10,5,0,300,0.5,1700,0.5,1
18,15,637,2,10,5,0,300,0.5,1700,0.5,0
18,16,146,1,0,300,0.5,1700,0.5,2
18,17,825,2,10,5,0,500,0.6,1000,0.2,1400,0.2,1
18,18,934,0,0,500,0.6,1000,0.2,1400,0.2,2
18,19,52,0,0,500,0.6,1000,0.2,1400,0.2,2
19,0,72,2,10,5,0,500,0.6,1000,0.2,1400,0.2,0
19,1,815,2,10,5,0,300,0.5,1700,0.5,2
19,2,758,0,0,500,0.6,1000,0.2,1400,0.2,0
19,3,935,2,10,5,0,300,0.5,1700,0.5,1
19,4,213,0,0,500,0.6,1000,0.2,1400,0.2,0
19,5,76,1,0,300,0.5,1700,0.5,0
19,6,533,1,0,500,0.6,1000,0.2,1400,0.2,2
19,7,140,0,0,300,0.5,1700,0.5,2
19,8,54,2,10,5,0,500,0.6,1000,0.2,1400,0.2,1
19,9,504,2,10,5,0,300,0.5,1700,0.5,1
19,10,643,0,0,500,0.6,1000,0.2,1400,0.2,1
19,11,642,1,0,300,0.5,1700,0.5,1
19,12,606,1,0,300,0.5,1700,0.5,0
19,13,90,1,0,500,0.6,1000,0.2,1400,0.2,0
19,14,277,2,10,5,0,500,0.6,1000,0.2,1400,0.2,0
19,15,10,1,0,300,0.5,1700,0.5,2
19,16,57,0,0,500,0.6,1000,0.2,1400,0.2,2
19,17,960,0,0,500,0.6,1000,0.2,1400,0.2,2
19,18,125,0,0,300,0.5,1700,0.5,1
19,19,717,1,0,500,0.6,1000,0.2,1400,0.2,0
