0,0,334,2,10,5,0,300,0.5,1700,0.5,1
0,1,925,0,0,300,0.5,1700,0.5,1
0,2,686,0,0,500,0.6,1000,0.2,1400,0.2,0
0,3,390,1,0,500,0.6,1000,0.2,1400,0.2,1
0,4,120,0,0,300,0.5,1700,0.5,1
0,5,829,1,0,500,0.6,1000,0.2,1400,0.2,0
0,6,25,0,0,500,0.6,1000,0.2,1400,0.2,1
0,7,182,1,0,300,0.5,1700,0.5,2
0,8,353,0,0,300,0.5,1700,0.5,2
0,9,464,0,0,500,0.6,1000,0.2,1400,0.2,2
0,10,746,0,0,300,0.5,1700,0.5,1
0,11,871,2,10,5,0,300,0.5,1700,0.5,1
0,12,351,2,10,5,0,300,0.5,1700,0.5,0
0,13,607,2,10,5,0,300,0.5,1700,0.5,2
0,14,413,1,0,500,0.6,1000,0.2,1400,0.2,0
0,15,984,1,0,300,0.5,1700,0.5,0
0,16,188,1,0,300,0.5,1700,0.5,2
0,17,90,2,10,5,0,500,0.6,1000,0.2,1400,0.2,0
0,18,737,0,0,500,0.6,1000,0.2,1400,0.2,2
0,19,142,1,0,500,0.6,1000,0.2,1400,0.2,1
1,0,545,1,0,300,0.5,1700,0.5,2
1,1,664,0,0,300,0.5,1700,0.5,0
1,2,55,0,0,500,0.6,1000,0.2,1400,0.2,2
1,3,161,2,10,5,0,500,0.6,1000,0.2,1400,0.2,0
1,4,372,0,0,500,0.6,1000,0.2,1400,0.2,1
1,5,285,1,0,300,0.5,1700,0.5,2
1,6,990,2,10,5,0,500,0.6,1000,0.2,1400,0.2,0
1,7,807,1,0,500,0.6,1000,0.2,1400,0.2,1
1,8,644,1,0,300,0.5,1700,0.5,2
1,9,170,2,10,5,0,500,0.6,1000,0.2,1400,0.2,0
1,10,570,2,10,5,0,500,0.6,1000,0.2,1400,0.2,1
1,11,83,0,0,500,0.6,1000,0.2,1400,0.2,0
1,12,615,2,10,5,0,300,0.5,1700,0.5,0
1,13,860,2,10,5,0,300,0.5,1700,0.5,2
1,14,850,1,0,300,0.5,1700,0.5,1
1,15,63,2,10,5,0,500,0.6,1000,0.2,1400,0.2,2
1,16,875,0,0,500,0.6,1000,0.2,1400,0.2,1
1,17,667,2,10,5,0,500,0.6,1000,0.2,1400,0.2,2
1,18,981,0,0,500,0.6,1000,0.2,1400,0.2,2
1,19,978,2,10,5,0,300,0.5,1700,0.5,0
2,0,895,0,0,500,0.6,1000,0.2,1400,0.2,2
2,1,686,0,0,300,0.5,1700,0.5,0
2,2,121,2,10,5,0,300,0.5,1700,0.5,1
2,3,254,2,10,5,0,300,0.5,1700,0.5,1
2,4,529,1,0,300,0.5,1700,0.5,2
2,5,74,0,0,300,0.5,1700,0.5,2
2,6,124,1,0,300,0.5,1700,0.5,2
2,7,252,2,10,5,0,500,0.6,1000,0.2,1400,0.2,0
2,8,116,1,0,500,0.6,1000,0.2,1400,0.2,0
2,9,47,0,0,300,0.5,1700,0.5,0
2,10,657,2,10,5,0,500,0.6,1000,0.2,1400,0.2,1
2,11,914,1,0,500,0.6,1000,0.2,1400,0.2,1
2,12,529,1,0,300,0.5,1700,0.5,1
2,13,415,0,0,500,0.6,1000,0.2,1400,0.2,1
2,14,374,2,10,5,0,300,0.5,1700,0.5,0
2,15,251,0,0,500,0.6,1000,0.2,1400,0.2,0
2,16,290,1,0,500,0.6,1000,0.2,1400,0.2,0
2,17,322,0,0,500,0.6,1000,0.2,1400,0.2,2
2,18,119,1,0,300,0.5,1700,0.5,2
2,19,243,1,0,500,0.6,1000,0.2,1400,0.2,0
3,0,837,1,0,500,0.6,1000,0.2,1400,0.2,2
3,1,183,0,0,500,0.6,1000,0.2,1400,0.2,1
3,2,745,2,10,5,0,300,0.5,1700,0.5,1
3,3,36,0,0,500,0.6,1000,0.2,1400,0.2,1
3,4,186,2,10,5,0,500,0.6,1000,0.2,1400,0.2,2
3,5,19,2,10,5,0,300,0.5,1700,0.5,2
3,6,807,1,0,300,0.5,1700,0.5,0
3,7,651,2,10,5,0,500,0.6,1000,0.2,1400,0.2,2
3,8,833,2,10,5,0,500,0.6,1000,0.2,1400,0.2,0
3,9,251,1,0,300,0.5,1700,0.5,2
3,10,31,2,10,5,0,500,0.6,1000,0.2,1400,0.2,2
3,11,520,1,0,500,0.6,1000,0.2,1400,0.2,2
3,12,156,2,10,5,0,500,0.6,1000,0.2,1400,0.2,1
3,13,452,2,10,5,0,500,0.6,1000,0.2,1400,0.2,0
3,14,159,2,10,5,0,300,0.5,1700,0.5,0
3,15,662,2,10,5,0,300,0.5,1700,0.5,1
3,16,272,1,0,300,0.5,1700,0.5,0
3,17,47,0,0,500,0.6,1000,0.2,1400,0.2,2
3,18,725,2,10,5,0,300,0.5,1700,0.5,1
3,19,373,2,10,5,0,500,0.6,1000,0.2,1400,0.2,1
4,0,990,1,0,500,0.6,1000,0.2,1400,0.2,0
4,1,692,2,10,5,0,500,0.6,1000,0.2,1400,0.2,2
4,2,418,1,0,300,0.5,1700,0.5,0
4,3,445,2,10,5,0,300,0.5,1700,0.5,1
4,4,973,0,0,500,0.6,1000,0.2,1400,0.2,2
4,5,395,0,0,300,0.5,1700,0.5,0
4,6,632,2,10,5,0,500,0.6,1000,0.2,1400,0.2,0
4,7,610,2,10,5,0,500,0.6,1000,0.2,1400,0.2,0
4,8,756,2,10,5,0,300,0.5,1700,0.5,0
4,9,49,2,10,5,0,300,0.5,1700,0.5,0
4,10,924,0,0,500,0.6,1000,0.2,1400,0.2,0
4,11,999,0,0,500,0.6,1000,0.2,1400,0.2,1
4,12,161,0,0,500,0.6,1000,0.2,1400,0.2,1
4,13,992,2,10,5,0,300,0.5,1700,0.5,2
4,14,806,1,0,500,0.6,1000,0.2,1400,0.2,1
4,15,391,1,0,500,0.6,1000,0.2,1400,0.2,2
4,16,141,2,10,5,0,500,0.6,1000,0.2,1400,0.2,0
4,17,264,2,10,5,0,300,0.5,1700,0.5,2
4,18,592,2,10,5,0,300,0.5,1700,0.5,1
4,19,189,1,0,500,0.6,1000,0.2,1400,0.2,0
5,0,29,0,0,300,0.5,1700,0.5,1
5,1,782,0,0,300,0.5,1700,0.5,0
5,2,567,0,0,300,0.5,1700,0.5,1
5,3,973,1,0,300,0.5,1700,0.5,0
5,4,213,1,0,500,0.6,1000,0.2,1400,0.2,0
5,5,90,0,0,500,0.6,1000,0.2,1400,0.2,1
5,6,671,1,0,500,0.6,1000,0.2,1400,0.2,2
5,7,73,1,0,300,0.5,1700,0.5,0
5,8,860,2,10,5,0,300,0.5,1700,0.5,2
5,9,730,2,10,5,0,300,0.5,1700,0.5,2
5,10,298,2,10,5,0,300,0.5,1700,0.5,2
5,11,832,0,0,300,0.5,1700,0.5,0
5,12,219,1,0,500,0.6,1000,0.2,1400,0.2,0
5,13,31,0,0,300,0.5,1700,0.5,2
5,14,897,2,10,5,0,500,0.6,1000,0.2,1400,0.2,1
5,15,856,0,0,300,0.5,1700,0.5,2
5,16,169,0,0,500,0.6,1000,0.2,1400,0.2,2
5,17,129,0,0,300,0.5,1700,0.5,0
5,18,493,1,0,500,0.6,1000,0.2,1400,0.2,0
5,19,344,0,0,500,0.6,1000,0.2,1400,0.2,1
6,0,799,2,10,5,0,500,0.6,1000,0.2,1400,0.2,2
6,1,713,2,10,5,0,500,0.6,1000,0.2,1400,0.2,1
6,2,69,0,0,300,0.5,1700,0.5,1
6,3,963,0,0,300,0.5,1700,0.5,1
6,4,394,0,0,500,0.6,1000,0.2,1400,0.2,0
6,5,404,2,10,5,0,300,0.5,1700,0.5,2
6,6,868,1,0,300,0.5,1700,0.5,0
6,7,318,1,0,500,0.6,1000,0.2,1400,0.2,0
6,8,185,2,10,5,0,300,0.5,1700,0.5,1
6,9,657,0,0,300,0.5,1700,0.5,1
6,10,833,1,0,300,0.5,1700,0.5,2
6,11,914,0,0,500,0.6,1000,0.2,1400,0.2,0
6,12,895,0,0,300,0.5,1700,0.5,2
6,13,954,1,0,300,0.5,1700,0.5,2
6,14,230,0,0,300,0.5,1700,0.5,2
6,15,431,2,10,5,0,500,0.6,1000,0.2,1400,0.2,2
6,16,34,2,10,5,0,300,0.5,1700,0.5,1
6,17,985,0,0,300,0.5,1700,0.5,2
6,18,43,1,0,500,0.6,1000,0.2,1400,0.2,2
6,19,141,1,0,500,0.6,1000,0.2,1400,0.2,2
7,0,685,2,10,5,0,500,0.6,1000,0.2,1400,0.2,0
7,1,204,0,0,500,0.6,1000,0.2,1400,0.2,0
7,2,519,0,0,500,0.6,1000,0.2,1400,0.2,1
7,3,931,2,10,5,0,300,0.5,1700,0.5,2
7,4,690,0,0,300,0.5,1700,0.5,2
7,5,200,2,10,5,0,300,0.5,1700,0.5,1
7,6,91,1,0,300,0.5,1700,0.5,1
7,7,719,1,0,500,0.6,1000,0.2,1400,0.2,2
7,8,440,1,0,500,0.6,1000,0.2,1400,0.2,1
7,9,464,0,0,300,0.5,1700,0.5,2
7,10,954,2,10,5,0,500,0.6,1000,0.2,1400,0.2,1
7,11,857,1,0,300,0.5,1700,0.5,0
7,12,347,1,0,300,0.5,1700,0.5,0
7,13,830,2,10,5,0,500,0.6,1000,0.2,1400,0.2,0
7,14,395,1,0,300,0.5,1700,0.5,0
7,15,338,2,10,5,0,500,0.6,1000,0.2,1400,0.2,0
7,16,602,1,0,500,0.6,1000,0.2,1400,0.2,2
7,17,430,1,0,500,0.6,1000,0.2,1400,0.2,2
7,18,423,0,0,500,0.6,1000,0.2,1400,0.2,2
7,19,292,2,10,5,0,500,0.6,1000,0.2,1400,0.2,2
8,0,743,2,10,5,0,500,0.6,1000,0.2,1400,0.2,1
8,1,901,2,10,5,0,300,0.5,1700,0.5,2
8,2,564,2,10,5,0,500,0.6,1000,0.2,1400,0.2,1
8,3,376,0,0,500,0.6,1000,0.2,1400,0.2,2
8,4,488,2,10,5,0,500,0.6,1000,0.2,1400,0.2,1
8,5,800,0,0,500,0.6,1000,0.2,1400,0.2,2
8,6,508,1,0,500,0.6,1000,0.2,1400,0.2,0
8,7,384,0,0,500,0.6,1000,0.2,1400,0.2,1
8,8,894,2,10,5,0,300,0.5,1700,0.5,2
8,9,317,2,10,5,0,300,0.5,1700,0.5,2
8,10,835,0,0,500,0.6,1000,0.2,1400,0.2,2
8,11,983,1,0,300,0.5,1700,0.5,0
8,12,595,1,0,500,0.6,1000,0.2,1400,0.2,1
8,13,221,2,10,5,0,300,0.5,1700,0.5,1
8,14,634,0,0,300,0.5,1700,0.5,0
8,15,894,2,10,5,0,500,0.6,1000,0.2,1400,0.2,0
8,16,703,1,0,500,0.6,1000,0.2,1400,0.2,0
8,17,689,2,10,5,0,300,0.5,1700,0.5,2
8,18,10,1,0,300,0.5,1700,0.5,1
8,19,301,0,0,300,0.5,1700,0.5,1
9,0,500,0,0,300,0.5,1700,0.5,0
9,1,988,2,10,5,0,500,0.6,1000,0.2,1400,0.2,0
9,2,537,1,0,300,0.5,1700,0.5,1
9,3,987,2,10,5,0,300,0.5,1700,0.5,1
9,4,211,1,0,300,0.5,1700,0.5,2
9,5,43,1,0,300,0.5,1700,0.5,2
9,6,537,2,10,5,0,300,0.5,1700,0.5,1
9,7,158,1,0,500,0.6,1000,0.2,1400,0.2,1
9,8,167,1,0,500,0.6,1000,0.2,1400,0.2,1
9,9,310,2,10,5,0,500,0.6,1000,0.2,1400,0.2,2
9,10,559,2,10,5,0,300,0.5,1700,0.5,2
9,11,725,1,0,500,0.6,1000,0.2,1400,0.2,1
9,12,85,0,0,300,0.5,1700,0.5,1
9,13,452,2,10,5,0,500,0.6,1000,0.2,1400,0.2,0
9,14,981,1,0,500,0.6,1000,0.2,1400,0.2,1
9,15,22,2,10,5,0,500,0.6,1000,0.2,1400,0.2,2
9,16,452,2,10,5,0,300,0.5,1700,0.5,0
9,17,265,0,0,300,0.5,1700,0.5,1
9,18,884,1,0,300,0.5,1700,0.5,2
9,19,295,1,0,300,0.5,1700,0.5,2
10,0,623,1,0,300,0.5,1700,0.5,1
10,1,370,1,0,300,0.5,1700,0.5,0
10,2,87,2,10,5,0,300,0.5,1700,0.5,0
10,3,985,1,0,300,0.5,1700,0.5,1
10,4,207,1,0,300,0.5,1700,0.5,2
10,5,546,2,10,5,0,300,0.5,1700,0.5,0
10,6,520,1,0,300,0.5,1700,0.5,0
10,7,686,0,0,500,0.6,1000,0.2,1400,0.2,1
10,8,109,2,10,5,0,300,0.5,1700,0.5,0
10,9,423,2,10,5,0,500,0.6,1000,0.2,1400,0.2,2
10,10,347,1,0,300,0.5,1700,0.5,1
10,11,603,0,0,300,0.5,1700,0.5,2
10,12,203,2,10,5,0,300,0.5,1700,0.5,1
10,13,383,0,0,500,0.6,1000,0.2,1400,0.2,2
10,14,722,1,0,500,0.6,1000,0.2,1400,0.2,1
10,15,693,2,10,5,0,300,0.5,1700,0.5,0
10,16,924,1,0,500,0.6,1000,0.2,1400,0.2,2
10,17,21,2,10,5,0,500,0.6,1000,0.2,1400,0.2,0
10,18,230,0,0,300,0.5,1700,0.5,2
10,19,222,2,10,5,0,300,0.5,1700,0.5,2
11,0,420,1,0,500,0.6,1000,0.2,1400,0.2,1
11,1,675,2,10,5,0,300,0.5,1700,0.5,0
11,2,639,0,0,300,0.5,1700,0.5,0
11,3,208,1,0,300,0.5,1700,0.5,1
11,4,148,0,0,300,0.5,1700,0.5,2
11,5,628,0,0,500,0.6,1000,0.2,1400,0.2,1
11,6,956,1,0,500,0.6,1000,0.2,1400,0.2,0
11,7,731,2,10,5,0,300,0.5,1700,0.5,0
11,8,387,2,10,5,0,300,0.5,1700,0.5,1
11,9,857,2,10,5,0,300,0.5,1700,0.5,2
11,10,429,0,0,500,0.6,1000,0.2,1400,0.2,2
11,11,788,0,0,300,0.5,1700,0.5,2
11,12,602,0,0,500,0.6,1000,0.2,1400,0.2,0
11,13,63,2,10,5,0,500,0.6,1000,0.2,1400,0.2,0
11,14,935,2,10,5,0,300,0.5,1700,0.5,0
11,15,278,1,0,300,0.5,1700,0.5,2
11,16,442,0,0,500,0.6,1000,0.2,1400,0.2,2
11,17,643,0,0,300,0.5,1700,0.5,0
11,18,946,1,0,500,0.6,1000,0.2,1400,0.2,0
11,19,817,2,10,5,0,500,0.6,1000,0.2,1400,0.2,1
12,0,942,2,10,5,0,500,0.6,1000,0.2,1400,0.2,2
12,1,68,1,0,300,0.5,1700,0.5,2
12,2,846,0,0,300,0.5,1700,0.5,1
12,3,41,2,10,5,0,300,0.5,1700,0.5,0
12,4,689,1,0,300,0.5,1700,0.5,0
12,5,302,2,10,5,0,300,0.5,1700,0.5,0
12,6,664,0,0,300,0.5,1700,0.5,2
12,7,65,2,10,5,0,300,0.5,1700,0.5,0
12,8,694,2,10,5,0,500,0.6,1000,0.2,1400,0.2,2
12,9,838,2,10,5,0,500,0.6,1000,0.2,1400,0.2,0
12,10,333,0,0,300,0.5,1700,0.5,2
12,11,146,1,0,500,0.6,1000,0.2,1400,0.2,2
12,12,972,2,10,5,0,300,0.5,1700,0.5,2
12,13,129,1,0,300,0.5,1700,0.5,1
12,14,216,2,10,5,0,300,0.5,1700,0.5,1
12,15,713,0,0,500,0.6,1000,0.2,1400,0.2,1
12,16,538,2,10,5,0,300,0.5,1700,0.5,0
12,17,999,2,10,5,0,500,0.6,1000,0.2,1400,0.2,1
12,18,147,1,0,300,0.5,1700,0.5,0
12,19,605,1,0,500,0.6,1000,0.2,1400,0.2,0
13,0,688,2,10,5,0,300,0.5,1700,0.5,2
13,1,444,0,0,500,0.6,1000,0.2,1400,0.2,2
13,2,762,1,0,300,0.5,1700,0.5,2
13,3,721,0,0,300,0.5,1700,0.5,1
13,4,452,1,0,500,0.6,1000,0.2,1400,0.2,2
13,5,183,1,0,300,0.5,1700,0.5,2
13,6,135,1,0,500,0.6,1000,0.2,1400,0.2,2
13,7,22,1,0,500,0.6,1000,0.2,1400,0.2,0
13,8,432,1,0,500,0.6,1000,0.2,1400,0.2,2
13,9,682,0,0,300,0.5,1700,0.5,2
13,10,824,2,10,5,0,500,0.6,1000,0.2,1400,0.2,1
13,11,659,2,10,5,0,300,0.5,1700,0.5,1
13,12,636,2,10,5,0,500,0.6,1000,0.2,1400,0.2,2
13,13,668,2,10,5,0,500,0.6,1000,0.2,1400,0.2,0
13,14,694,0,0,500,0.6,1000,0.2,1400,0.2,0
13,15,924,0,0,300,0.5,1700,0.5,0
13,16,290,2,10,5,0,500,0.6,1000,0.2,1400,0.2,1
13,17,74,0,0,500,0.6,1000,0.2,1400,0.2,2
13,18,496,1,0,500,0.6,1000,0.2,1400,0.2,2
13,19,305,1,0,500,0.6,1000,0.2,1400,0.2,2
14,0,990,1,0,500,0.6,1000,0.2,1400,0.2,1
14,1,271,0,0,300,0.5,1700,0.5,2
14,2,594,1,0,300,0.5,1700,0.5,1
14,3,647,0,0,300,0.5,1700,0.5,0
14,4,668,0,0,500,0.6,1000,0.2,1400,0.2,2
14,5,293,1,0,300,0.5,1700,0.5,0
14,6,995,2,10,5,0,500,0.6,1000,0.2,1400,0.2,2
14,7,807,2,10,5,0,300,0.5,1700,0.5,2
14,8,997,2,10,5,0,500,0.6,1000,0.2,1400,0.2,0
14,9,67,1,0,500,0.6,1000,0.2,1400,0.2,0
14,10,965,2,10,5,0,300,0.5,1700,0.5,2
14,11,941,2,10,5,0,500,0.6,1000,0.2,1400,0.2,2
14,12,456,1,0,500,0.6,1000,0.2,1400,0.2,0
14,13,313,2,10,5,0,300,0.5,1700,0.5,2
14,14,197,0,0,300,0.5,1700,0.5,1
14,15,576,0,0,300,0.5,1700,0.5,2
14,16,819,2,10,5,0,300,0.5,1700,0.5,2
14,17,767,0,0,500,0.6,1000,0.2,1400,0.2,1
14,18,730,2,10,5,0,500,0.6,1000,0.2,1400,0.2,2
14,19,712,0,0,300,0.5,1700,0.5,1
15,0,36,0,0,500,0.6,1000,0.2,1400,0.2,1
15,1,28,0,0,300,0.5,1700,0.5,2
15,2,556,2,10,5,0,500,0.6,1000,0.2,1400,0.2,2
15,3,371,2,10,5,0,300,0.5,1700,0.5,2
15,4,877,0,0,500,0.6,1000,0.2,1400,0.2,1
15,5,208,2,10,5,0,300,0.5,1700,0.5,0
15,6,736,2,10,5,0,500,0.6,1000,0.2,1400,0.2,2
15,7,897,0,0,300,0.5,1700,0.5,0
15,8,160,1,0,500,0.6,1000,0.2,1400,0.2,1
15,9,410,2,10,5,0,300,0.5,1700,0.5,1
15,10,852,1,0,300,0.5,1700,0.5,0
15,11,254,2,10,5,0,300,0.5,1700,0.5,1
15,12,982,1,0,500,0.6,1000,0.2,1400,0.2,2
15,13,72,1,0,300,0.5,1700,0.5,1
15,14,522,1,0,500,0.6,1000,0.2,1400,0.2,2
15,15,907,0,0,300,0.5,1700,0.5,2
15,16,719,1,0,300,0.5,1700,0.5,2
15,17,38,0,0,300,0.5,1700,0.5,0
15,18,688,0,0,300,0.5,1700,0.5,2
15,19,172,0,0,500,0.6,1000,0.2,1400,0.2,0
16,0,480,2,10,5,0,500,0.6,1000,0.2,1400,0.2,2
16,1,355,2,10,5,0,300,0.5,1700,0.5,2
16,2,461,1,0,500,0.6,1000,0.2,1400,0.2,2
16,3,611,0,0,300,0.5,1700,0.5,1
16,4,521,2,10,5,0,300,0.5,1700,0.5,0
16,5,165,2,10,5,0,300,0.5,1700,0.5,1
16,6,80,0,0,500,0.6,1000,0.2,1400,0.2,1
16,7,933,2,10,5,0,300,0.5,1700,0.5,0
16,8,474,2,10,5,0,300,0.5,1700,0.5,0
16,9,881,2,10,5,0,500,0.6,1000,0.2,1400,0.2,1
16,10,464,2,10,5,0,500,0.6,1000,0.2,1400,0.2,1
16,11,336,1,0,300,0.5,1700,0.5,2
16,12,164,1,0,300,0.5,1700,0.5,1
16,13,598,0,0,300,0.5,1700,0.5,1
16,14,544,1,0,300,0.5,1700,0.5,1
16,15,271,1,0,300,0.5,1700,0.5,2
16,16,912,2,10,5,0,300,0.5,1700,0.5,2
16,17,925,0,0,500,0.6,1000,0.2,1400,0.2,1
16,18,629,0,0,300,0.5,1700,0.5,1
16,19,797,2,10,5,0,500,0.6,1000,0.2,1400,0.2,1
17,0,559,0,0,500,0.6,1000,0.2,1400,0.2,0
17,1,744,2,10,5,0,300,0.5,1700,0.5,2
17,2,230,1,0,500,0.6,1000,0.2,1400,0.2,1
17,3,602,2,10,5,0,500,0.6,1000,0.2,1400,0.2,2
17,4,840,1,0,500,0.6,1000,0.2,1400,0.2,2
17,5,657,1,0,500,0.6,1000,0.2,1400,0.2,1
17,6,290,2,10,5,0,300,0.5,1700,0.5,0
17,7,918,1,0,500,0.6,1000,0.2,1400,0.2,1
17,8,220,2,10,5,0,300,0.5,1700,0.5,2
17,9,150,2,10,5,0,500,0.6,1000,0.2,1400,0.2,1
17,10,83,2,10,5,0,500,0.6,1000,0.2,1400,0.2,0
17,11,687,0,0,300,0.5,1700,0.5,0
17,12,489,0,0,500,0.6,1000,0.2,1400,0.2,0
17,13,83,1,0,300,0.5,1700,0.5,0
17,14,645,1,0,300,0.5,1700,0.5,1
17,15,758,2,10,5,0,300,0.5,1700,0.5,1
17,16,212,2,10,5,0,300,0.5,1700,0.5,2
17,17,577,2,10,5,0,500,0.6,1000,0.2,1400,0.2,1
17,18,43,1,0,500,0.6,1000,0.2,1400,0.2,0
17,19,469,2,10,5,0,300,0.5,1700,0.5,1
18,0,248,2,10,5,0,500,0.6,1000,0.2,1400,0.2,2
18,1,610,2,10,5,0,300,0.5,1700,0.5,1
18,2,958,0,0,300,0.5,1700,0.5,2
18,3,101,1,0,500,0.6,1000,0.2,1400,0.2,1
18,4,98,2,10,5,0,500,0.6,1000,0.2,1400,0.2,0
18,5,793,2,10,5,0,500,0.6,1000,0.2,1400,0.2,0
18,6,24,0,0,500,0.6,1000,0.2,1400,0.2,1
18,7,781,0,0,300,0.5,1700,0.5,1
18,8,20,0,0,500,0.6,1000,0.2,1400,0.2,2
18,9,106,0,0,500,0.6,1000,0.2,1400,0.2,2
18,10,928,2,10,5,0,500,0.6,1000,0.2,1400,0.2,1
18,11,835,2,10,5,0,500,0.6,1000,0.2,1400,0.2,2
18,12,380,1,0,500,0.6,1000,0.2,1400,0.2,1
18,13,30,0,0,500,0.6,1000,0.2,1400,0.2,0
18,14,956,0,0,300,0.5,1700,0.5,0
18,15,324,2,10,5,0,500,0.6,1000,0.2,1400,0.2,0
18,16,900,2,10,5,0,500,0.6,1000,0.2,1400,0.2,1
18,17,954,2,10,5,0,300,0.5,1700,0.5,2
18,18,950,1,0,500,0.6,1000,0.2,1400,0.2,1
18,19,255,1,0,500,0.6,1000,0.2,1400,0.2,0
19,0,618,1,0,300,0.5,1700,0.5,0
19,1,775,0,0,300,0.5,1700,0.5,2
19,2,817,2,10,5,0,500,0.6,1000,0.2,1400,0.2,1
19,3,40,0,0,300,0.5,1700,0.5,0
19,4,437,1,0,500,0.6,1000,0.2,1400,0.2,0
19,5,444,2,10,5,0,300,0.5,1700,0.5,0
19,6,800,0,0,500,0.6,1000,0.2,1400,0.2,2
19,7,648,1,0,500,0.6,1000,0.2,1400,0.2,1
19,8,651,1,0,300,0.5,1700,0.5,1
19,9,974,2,10,5,0,500,0.6,1000,0.2,1400,0.2,1
19,10,234,1,0,300,0.5,1700,0.5,1
19,11,339,0,0,500,0.6,1000,0.2,1400,0.2,0
19,12,230,2,10,5,0,500,0.6,1000,0.2,1400,0.2,2
19,13,193,0,0,300,0.5,1700,0.5,1
19,14,663,0,0,500,0.6,1000,0.2,1400,0.2,2
19,15,321,1,0,300,0.5,1700,0.5,1
19,16,18,1,0,300,0.5,1700,0.5,0
19,17,747,1,0,500,0.6,1000,0.2,1400,0.2,1
19,18,305,2,10,5,0,300,0.5,1700,0.5,0
19,19,233,0,0,500,0.6,1000,0.2,1400,0.2,1
