0,0,852,2,10,5,0,300,0.5,1700,0.5,2
0,1,329,0,0,300,0.5,1700,0.5,2
0,2,750,2,10,5,0,500,0.6,1000,0.2,1400,0.2,1
0,3,186,1,0,300,0.5,1700,0.5,2
0,4,296,2,10,5,0,300,0.5,1700,0.5,1
0,5,150,1,0,500,0.6,1000,0.2,1400,0.2,0
0,6,169,0,0,300,0.5,1700,0.5,2
0,7,136,0,0,300,0.5,1700,0.5,2
0,8,341,1,0,300,0.5,1700,0.5,0
0,9,219,2,10,5,0,300,0.5,1700,0.5,1
0,10,761,0,0,300,0.5,1700,0.5,1
0,11,825,1,0,500,0.6,1000,0.2,1400,0.2,1
0,12,673,0,0,500,0.6,1000,0.2,1400,0.2,1
0,13,409,2,10,5,0,500,0.6,1000,0.2,1400,0.2,2
0,14,781,2,10,5,0,300,0.5,1700,0.5,1
0,15,765,0,0,300,0.5,1700,0.5,2
0,16,370,0,0,500,0.6,1000,0.2,1400,0.2,1
0,17,981,1,0,500,0.6,1000,0.2,1400,0.2,1
0,18,175,0,0,500,0.6,1000,0.2,1400,0.2,2
0,19,690,1,0,300,0.5,1700,0.5,0
1,0,519,2,10,5,0,500,0.6,1000,0.2,1400,0.2,1
1,1,407,2,10,5,0,500,0.6,1000,0.2,1400,0.2,0
1,2,188,2,10,5,0,300,0.5,1700,0.5,0
1,3,226,0,0,500,0.6,1000,0.2,1400,0.2,2
1,4,654,0,0,300,0.5,1700,0.5,2
1,5,152,2,10,5,0,300,0.5,1700,0.5,1
1,6,406,2,10,5,0,300,0.5,1700,0.5,1
1,7,809,1,0,500,0.6,1000,0.2,1400,0.2,0
1,8,552,1,0,300,0.5,1700,0.5,2
1,9,306,1,0,300,0.5,1700,0.5,0
1,10,188,2,10,5,0,300,0.5,1700,0.5,2
1,11,286,1,0,300,0.5,1700,0.5,0
1,12,207,0,0,500,0.6,1000,0.2,1400,0.2,1
1,13,467,2,10,5,0,500,0.6,1000,0.2,1400,0.2,0
1,14,167,2,10,5,0,300,0.5,1700,0.5,2
1,15,756,1,0,300,0.5,1700,0.5,2
1,16,259,2,10,5,0,300,0.5,1700,0.5,0
1,17,504,2,10,5,0,500,0.6,1000,0.2,1400,0.2,2
1,18,541,1,0,300,0.5,1700,0.5,0
1,19,234,1,0,500,0.6,1000,0.2,1400,0.2,0
2,0,406,2,10,5,0,300,0.5,1700,0.5,2
2,1,551,1,0,500,0.6,1000,0.2,1400,0.2,1
2,2,182,2,10,5,0,500,0.6,1000,0.2,1400,0.2,2
2,3,922,1,0,500,0.6,1000,0.2,1400,0.2,2
2,4,32,1,0,500,0.6,1000,0.2,1400,0.2,0
2,5,192,1,0,500,0.6,1000,0.2,1400,0.2,1
2,6,367,2,10,5,0,500,0.6,1000,0.2,1400,0.2,1
2,7,525,0,0,500,0.6,1000,0.2,1400,0.2,1
2,8,303,2,10,5,0,500,0.6,1000,0.2,1400,0.2,2
2,9,232,2,10,5,0,500,0.6,1000,0.2,1400,0.2,2
2,10,944,0,0,500,0.6,1000,0.2,1400,0.2,2
2,11,903,1,0,500,0.6,1000,0.2,1400,0.2,1
2,12,106,2,10,5,0,500,0.6,1000,0.2,1400,0.2,1
2,13,693,0,0,500,0.6,1000,0.2,1400,0.2,1
2,14,948,0,0,500,0.6,1000,0.2,1400,0.2,1
2,15,790,0,0,300,0.5,1700,0.5,1
2,16,439,0,0,300,0.5,1700,0.5,2
2,17,395,0,0,500,0.6,1000,0.2,1400,0.2,1
2,18,941,1,0,500,0.6,1000,0.2,1400,0.2,1
2,19,130,0,0,300,0.5,1700,0.5,0
3,0,555,0,0,300,0.5,1700,0.5,2
3,1,522,0,0,300,0.5,1700,0.5,2
3,2,238,2,10,5,0,500,0.6,1000,0.2,1400,0.2,2
3,3,347,0,0,300,0.5,1700,0.5,1
3,4,201,1,0,300,0.5,1700,0.5,1
3,5,891,2,10,5,0,300,0.5,1700,0.5,0
3,6,658,0,0,500,0.6,1000,0.2,1400,0.2,2
3,7,377,0,0,500,0.6,1000,0.2,1400,0.2,2
3,8,907,1,0,500,0.6,1000,0.2,1400,0.2,0
3,9,550,2,10,5,0,300,0.5,1700,0.5,0
3,10,101,0,0,300,0.5,1700,0.5,1
3,11,263,0,0,500,0.6,1000,0.2,1400,0.2,1
3,12,554,2,10,5,0,300,0.5,1700,0.5,0
3,13,617,1,0,300,0.5,1700,0.5,0
3,14,679,2,10,5,0,300,0.5,1700,0.5,2
3,15,435,2,10,5,0,500,0.6,1000,0.2,1400,0.2,2
3,16,405,1,0,300,0.5,1700,0.5,2
3,17,14,0,0,300,0.5,1700,0.5,1
3,18,804,2,10,5,0,300,0.5,1700,0.5,1
3,19,388,2,10,5,0,300,0.5,1700,0.5,0
4,0,801,0,0,300,0.5,1700,0.5,1
4,1,285,0,0,500,0.6,1000,0.2,1400,0.2,0
4,2,533,2,10,5,0,500,0.6,1000,0.2,1400,0.2,0
4,3,283,1,0,300,0.5,1700,0.5,2
4,4,391,0,0,300,0.5,1700,0.5,1
4,5,359,0,0,500,0.6,1000,0.2,1400,0.2,0
4,6,16,0,0,300,0.5,1700,0.5,1
4,7,143,2,10,5,0,300,0.5,1700,0.5,2
4,8,290,0,0,500,0.6,1000,0.2,1400,0.2,2
4,9,658,2,10,5,0,500,0.6,1000,0.2,1400,0.2,2
4,10,429,0,0,300,0.5,1700,0.5,2
4,11,726,2,10,5,0,500,0.6,1000,0.2,1400,0.2,1
4,12,781,1,0,300,0.5,1700,0.5,1
4,13,812,2,10,5,0,300,0.5,1700,0.5,1
4,14,224,0,0,500,0.6,1000,0.2,1400,0.2,0
4,15,579,2,10,5,0,500,0.6,1000,0.2,1400,0.2,0
4,16,652,2,10,5,0,500,0.6,1000,0.2,1400,0.2,1
4,17,187,1,0,500,0.6,1000,0.2,1400,0.2,1
4,18,587,0,0,300,0.5,1700,0.5,0
4,19,439,2,10,5,0,500,0.6,1000,0.2,1400,0.2,2
5,0,254,2,10,5,0,300,0.5,1700,0.5,0
5,1,591,1,0,300,0.5,1700,0.5,1
5,2,713,1,0,300,0.5,1700,0.5,2
5,3,863,1,0,500,0.6,1000,0.2,1400,0.2,1
5,4,729,2,10,5,0,500,0.6,1000,0.2,1400,0.2,1
5,5,822,2,10,5,0,500,0.6,1000,0.2,1400,0.2,0
5,6,771,2,10,5,0,500,0.6,1000,0.2,1400,0.2,1
5,7,497,2,10,5,0,300,0.5,1700,0.5,0
5,8,160,1,0,300,0.5,1700,0.5,2
5,9,549,1,0,500,0.6,1000,0.2,1400,0.2,0
5,10,346,0,0,500,0.6,1000,0.2,1400,0.2,2
5,11,668,0,0,300,0.5,1700,0.5,1
5,12,763,0,0,500,0.6,1000,0.2,1400,0.2,0
5,13,1000,2,10,5,0,500,0.6,1000,0.2,1400,0.2,0
5,14,208,1,0,500,0.6,1000,0.2,1400,0.2,0
5,15,882,1,0,500,0.6,1000,0.2,1400,0.2,2
5,16,316,2,10,5,0,300,0.5,1700,0.5,1
5,17,783,2,10,5,0,300,0.5,1700,0.5,2
5,18,235,1,0,500,0.6,1000,0.2,1400,0.2,0
5,19,648,2,10,5,0,500,0.6,1000,0.2,1400,0.2,0
6,0,144,0,0,300,0.5,1700,0.5,0
6,1,936,2,10,5,0,500,0.6,1000,0.2,1400,0.2,1
6,2,419,0,0,300,0.5,1700,0.5,2
6,3,673,0,0,500,0.6,1000,0.2,1400,0.2,2
6,4,815,2,10,5,0,500,0.6,1000,0.2,1400,0.2,2
6,5,529,2,10,5,0,500,0.6,1000,0.2,1400,0.2,2
6,6,584,1,0,300,0.5,1700,0.5,1
6,7,535,2,10,5,0,500,0.6,1000,0.2,1400,0.2,0
6,8,87,1,0,500,0.6,1000,0.2,1400,0.2,2
6,9,342,2,10,5,0,500,0.6,1000,0.2,1400,0.2,2
6,10,783,1,0,500,0.6,1000,0.2,1400,0.2,1
6,11,304,0,0,500,0.6,1000,0.2,1400,0.2,1
6,12,730,2,10,5,0,300,0.5,1700,0.5,1
6,13,655,2,10,5,0,300,0.5,1700,0.5,1
6,14,593,2,10,5,0,300,0.5,1700,0.5,1
6,15,464,1,0,300,0.5,1700,0.5,0
6,16,433,0,0,500,0.6,1000,0.2,1400,0.2,1
6,17,809,2,10,5,0,300,0.5,1700,0.5,2
6,18,927,1,0,300,0.5,1700,0.5,1
6,19,808,2,10,5,0,300,0.5,1700,0.5,2
7,0,379,1,0,500,0.6,1000,0.2,1400,0.2,0
7,1,501,1,0,300,0.5,1700,0.5,1
7,2,459,0,0,300,0.5,1700,0.5,0
7,3,148,1,0,500,0.6,1000,0.2,1400,0.2,1
7,4,410,2,10,5,0,500,0.6,1000,0.2,1400,0.2,1
7,5,98,1,0,500,0.6,1000,0.2,1400,0.2,1
7,6,789,0,0,300,0.5,1700,0.5,1
7,7,527,0,0,300,0.5,1700,0.5,2
7,8,770,2,10,5,0,300,0.5,1700,0.5,0
7,9,323,2,10,5,0,300,0.5,1700,0.5,2
7,10,930,2,10,5,0,500,0.6,1000,0.2,1400,0.2,0
7,11,728,2,10,5,0,500,0.6,1000,0.2,1400,0.2,0
7,12,940,0,0,300,0.5,1700,0.5,1
7,13,887,0,0,500,0.6,1000,0.2,1400,0.2,2
7,14,229,0,0,300,0.5,1700,0.5,0
7,15,416,0,0,500,0.6,1000,0.2,1400,0.2,0
7,16,991,2,10,5,0,300,0.5,1700,0.5,2
7,17,829,0,0,300,0.5,1700,0.5,2
7,18,47,2,10,5,0,300,0.5,1700,0.5,0
7,19,965,2,10,5,0,300,0.5,1700,0.5,1
8,0,486,2,10,5,0,500,0.6,1000,0.2,1400,0.2,0
8,1,82,1,0,300,0.5,1700,0.5,1
8,2,331,2,10,5,0,300,0.5,1700,0.5,1
8,3,161,0,0,300,0.5,1700,0.5,1
8,4,688,2,10,5,0,500,0.6,1000,0.2,1400,0.2,1
8,5,946,1,0,500,0.6,1000,0.2,1400,0.2,0
8,6,927,1,0,300,0.5,1700,0.5,0
8,7,759,0,0,300,0.5,1700,0.5,2
8,8,692,1,0,300,0.5,1700,0.5,0
8,9,207,1,0,500,0.6,1000,0.2,1400,0.2,0
8,10,206,1,0,500,0.6,1000,0.2,1400,0.2,0
8,11,743,1,0,300,0.5,1700,0.5,1
8,12,346,1,0,300,0.5,1700,0.5,1
8,13,582,2,10,5,0,300,0.5,1700,0.5,0
8,14,883,2,10,5,0,300,0.5,1700,0.5,1
8,15,41,2,10,5,0,300,0.5,1700,0.5,0
8,16,335,0,0,500,0.6,1000,0.2,1400,0.2,0
8,17,217,2,10,5,0,500,0.6,1000,0.2,1400,0.2,2
8,18,797,0,0,500,0.6,1000,0.2,1400,0.2,1
8,19,223,0,0,500,0.6,1000,0.2,1400,0.2,1
9,0,228,2,10,5,0,300,0.5,1700,0.5,1
9,1,52,0,0,500,0.6,1000,0.2,1400,0.2,0
9,2,716,2,10,5,0,300,0.5,1700,0.5,1
9,3,763,0,0,500,0.6,1000,0.2,1400,0.2,1
9,4,109,1,0,300,0.5,1700,0.5,0
9,5,665,0,0,500,0.6,1000,0.2,1400,0.2,2
9,6,287,1,0,300,0.5,1700,0.5,2
9,7,396,0,0,500,0.6,1000,0.2,1400,0.2,0
9,8,376,2,10,5,0,500,0.6,1000,0.2,1400,0.2,2
9,9,258,0,0,300,0.5,1700,0.5,2
9,10,646,2,10,5,0,300,0.5,1700,0.5,0
9,11,959,0,0,500,0.6,1000,0.2,1400,0.2,0
9,12,589,0,0,300,0.5,1700,0.5,2
9,13,969,2,10,5,0,500,0.6,1000,0.2,1400,0.2,2
9,14,568,0,0,300,0.5,1700,0.5,0
9,15,245,1,0,300,0.5,1700,0.5,0
9,16,773,1,0,500,0.6,1000,0.2,1400,0.2,1
9,17,843,0,0,300,0.5,1700,0.5,2
9,18,232,1,0,300,0.5,1700,0.5,1
9,19,696,0,0,300,0.5,1700,0.5,0
10,0,262,2,10,5,0,500,0.6,1000,0.2,1400,0.2,2
10,1,651,1,0,300,0.5,1700,0.5,0
10,2,830,1,0,300,0.5,1700,0.5,1
10,3,556,2,10,5,0,300,0.5,1700,0.5,1
10,4,299,2,10,5,0,300,0.5,1700,0.5,2
10,5,936,0,0,300,0.5,1700,0.5,0
10,6,259,1,0,500,0.6,1000,0.2,1400,0.2,2
10,7,708,0,0,500,0.6,1000,0.2,1400,0.2,0
10,8,830,1,0,300,0.5,1700,0.5,0
10,9,235,1,0,300,0.5,1700,0.5,0
10,10,459,2,10,5,0,300,0.5,1700,0.5,1
10,11,74,2,10,5,0,300,0.5,1700,0.5,2
10,12,347,1,0,300,0.5,1700,0.5,0
10,13,468,2,10,5,0,500,0.6,1000,0.2,1400,0.2,0
10,14,796,1,0,500,0.6,1000,0.2,1400,0.2,2
10,15,432,1,0,300,0.5,1700,0.5,2
10,16,333,2,10,5,0,300,0.5,1700,0.5,0
10,17,631,2,10,5,0,500,0.6,1000,0.2,1400,0.2,0
10,18,37,1,0,500,0.6,1000,0.2,1400,0.2,2
10,19,243,2,10,5,0,500,0.6,1000,0.2,1400,0.2,2
11,0,400,1,0,300,0.5,1700,0.5,1
11,1,284,1,0,300,0.5,1700,0.5,0
11,2,539,2,10,5,0,500,0.6,1000,0.2,1400,0.2,1
11,3,428,2,10,5,0,300,0.5,1700,0.5,1
11,4,846,0,0,300,0.5,1700,0.5,0
11,5,313,2,10,5,0,500,0.6,1000,0.2,1400,0.2,2
11,6,821,1,0,300,0.5,1700,0.5,1
11,7,517,0,0,300,0.5,1700,0.5,0
11,8,218,0,0,300,0.5,1700,0.5,2
11,9,121,0,0,300,0.5,1700,0.5,0
11,10,297,2,10,5,0,300,0.5,1700,0.5,0
11,11,170,0,0,500,0.6,1000,0.2,1400,0.2,2
11,12,186,0,0,300,0.5,1700,0.5,2
11,13,813,1,0,300,0.5,1700,0.5,1
11,14,696,0,0,300,0.5,1700,0.5,1
11,15,907,1,0,300,0.5,1700,0.5,1
11,16,421,1,0,300,0.5,1700,0.5,2
11,17,619,1,0,500,0.6,1000,0.2,1400,0.2,0
11,18,521,1,0,500,0.6,1000,0.2,1400,0.2,0
11,19,449,0,0,300,0.5,1700,0.5,0
12,0,937,0,0,300,0.5,1700,0.5,0
12,1,271,2,10,5,0,500,0.6,1000,0.2,1400,0.2,1
12,2,524,0,0,500,0.6,1000,0.2,1400,0.2,0
12,3,534,0,0,500,0.6,1000,0.2,1400,0.2,0
12,4,617,1,0,300,0.5,1700,0.5,0
12,5,362,2,10,5,0,300,0.5,1700,0.5,0
12,6,221,0,0,500,0.6,1000,0.2,1400,0.2,1
12,7,622,1,0,500,0.6,1000,0.2,1400,0.2,2
12,8,830,0,0,300,0.5,1700,0.5,0
12,9,583,0,0,500,0.6,1000,0.2,1400,0.2,1
12,10,715,2,10,5,0,500,0.6,1000,0.2,1400,0.2,0
12,11,156,1,0,500,0.6,1000,0.2,1400,0.2,0
12,12,589,1,0,500,0.6,1000,0.2,1400,0.2,1
12,13,466,0,0,500,0.6,1000,0.2,1400,0.2,1
12,14,897,2,10,5,0,500,0.6,1000,0.2,1400,0.2,2
12,15,627,0,0,300,0.5,1700,0.5,1
12,16,53,0,0,300,0.5,1700,0.5,0
12,17,483,2,10,5,0,300,0.5,1700,0.5,1
12,18,609,0,0,300,0.5,1700,0.5,2
12,19,944,0,0,500,0.6,1000,0.2,1400,0.2,0
13,0,103,1,0,300,0.5,1700,0.5,1
13,1,562,1,0,300,0.5,1700,0.5,0
13,2,320,0,0,500,0.6,1000,0.2,1400,0.2,0
13,3,730,1,0,300,0.5,1700,0.5,2
13,4,512,2,10,5,0,300,0.5,1700,0.5,0
13,5,906,0,0,300,0.5,1700,0.5,2
13,6,608,1,0,300,0.5,1700,0.5,0
13,7,723,1,0,300,0.5,1700,0.5,1
13,8,411,0,0,500,0.6,1000,0.2,1400,0.2,0
13,9,825,0,0,500,0.6,1000,0.2,1400,0.2,1
13,10,430,2,10,5,0,300,0.5,1700,0.5,0
13,11,361,1,0,500,0.6,1000,0.2,1400,0.2,2
13,12,251,2,10,5,0,300,0.5,1700,0.5,0
13,13,836,0,0,500,0.6,1000,0.2,1400,0.2,2
13,14,100,2,10,5,0,300,0.5,1700,0.5,2
13,15,246,2,10,5,0,300,0.5,1700,0.5,2
13,16,676,0,0,500,0.6,1000,0.2,1400,0.2,0
13,17,290,0,0,500,0.6,1000,0.2,1400,0.2,0
13,18,99,2,10,5,0,500,0.6,1000,0.2,1400,0.2,1
13,19,353,0,0,300,0.5,1700,0.5,1
14,0,117,0,0,300,0.5,1700,0.5,0
14,1,262,1,0,500,0.6,1000,0.2,1400,0.2,2
14,2,991,1,0,500,0.6,1000,0.2,1400,0.2,2
14,3,659,0,0,300,0.5,1700,0.5,0
14,4,492,1,0,300,0.5,1700,0.5,1
14,5,962,2,10,5,0,300,0.5,1700,0.5,1
14,6,583,0,0,500,0.6,1000,0.2,1400,0.2,2
14,7,509,1,0,500,0.6,1000,0.2,1400,0.2,2
14,8,341,0,0,500,0.6,1000,0.2,1400,0.2,2
14,9,870,0,0,300,0.5,1700,0.5,1
14,10,569,0,0,300,0.5,1700,0.5,0
14,11,25,1,0,500,0.6,1000,0.2,1400,0.2,1
14,12,578,0,0,500,0.6,1000,0.2,1400,0.2,2
14,13,99,1,0,300,0.5,1700,0.5,2
14,14,789,0,0,500,0.6,1000,0.2,1400,0.2,1
14,15,433,1,0,500,0.6,1000,0.2,1400,0.2,0
14,16,492,0,0,500,0.6,1000,0.2,1400,0.2,2
14,17,685,0,0,500,0.6,1000,0.2,1400,0.2,0
14,18,406,0,0,300,0.5,1700,0.5,0
14,19,786,2,10,5,0,500,0.6,1000,0.2,1400,0.2,1
15,0,398,2,10,5,0,300,0.5,1700,0.5,0
15,1,530,0,0,500,0.6,1000,0.2,1400,0.2,2
15,2,839,2,10,5,0,500,0.6,1000,0.2,1400,0.2,2
15,3,10,0,0,300,0.5,1700,0.5,2
15,4,737,0,0,300,0.5,1700,0.5,2
15,5,186,2,10,5,0,500,0.6,1000,0.2,1400,0.2,2
15,6,189,2,10,5,0,500,0.6,1000,0.2,1400,0.2,2
15,7,262,0,0,300,0.5,1700,0.5,0
15,8,172,2,10,5,0,300,0.5,1700,0.5,1
15,9,173,0,0,500,0.6,1000,0.2,1400,0.2,1
15,10,426,0,0,500,0.6,1000,0.2,1400,0.2,2
15,11,356,2,10,5,0,500,0.6,1000,0.2,1400,0.2,2
15,12,599,2,10,5,0,300,0.5,1700,0.5,0
15,13,649,2,10,5,0,300,0.5,1700,0.5,0
15,14,224,0,0,500,0.6,1000,0.2,1400,0.2,2
15,15,693,0,0,500,0.6,1000,0.2,1400,0.2,2
15,16,172,2,10,5,0,300,0.5,1700,0.5,0
15,17,998,0,0,500,0.6,1000,0.2,1400,0.2,1
15,18,435,2,10,5,0,300,0.5,1700,0.5,0
15,19,718,2,10,5,0,500,0.6,1000,0.2,1400,0.2,0
16,0,44,0,0,300,0.5,1700,0.5,2
16,1,117,2,10,5,0,500,0.6,1000,0.2,1400,0.2,1
16,2,675,2,10,5,0,300,0.5,1700,0.5,1
16,3,923,1,0,300,0.5,1700,0.5,0
16,4,914,0,0,500,0.6,1000,0.2,1400,0.2,2
16,5,944,0,0,500,0.6,1000,0.2,1400,0.2,0
16,6,541,1,0,300,0.5,1700,0.5,0
16,7,972,1,0,300,0.5,1700,0.5,1
16,8,280,0,0,300,0.5,1700,0.5,1
16,9,514,0,0,300,0.5,1700,0.5,2
16,10,624,1,0,300,0.5,1700,0.5,0
16,11,144,2,10,5,0,300,0.5,1700,0.5,2
16,12,645,0,0,500,0.6,1000,0.2,1400,0.2,0
16,13,206,1,0,500,0.6,1000,0.2,1400,0.2,0
16,14,255,2,10,5,0,500,0.6,1000,0.2,1400,0.2,0
16,15,808,0,0,500,0.6,1000,0.2,1400,0.2,0
16,16,157,0,0,300,0.5,1700,0.5,2
16,17,354,2,10,5,0,500,0.6,1000,0.2,1400,0.2,1
16,18,557,2,10,5,0,300,0.5,1700,0.5,2
16,19,488,1,0,300,0.5,1700,0.5,2
17,0,265,1,0,300,0.5,1700,0.5,0
17,1,351,2,10,5,0,300,0.5,1700,0.5,1
17,2,664,0,0,500,0.6,1000,0.2,1400,0.2,2
17,3,43,2,10,5,0,500,0.6,1000,0.2,1400,0.2,0
17,4,166,1,0,500,0.6,1000,0.2,1400,0.2,2
17,5,707,2,10,5,0,500,0.6,1000,0.2,1400,0.2,1
17,6,547,1,0,500,0.6,1000,0.2,1400,0.2,0
17,7,833,1,0,500,0.6,1000,0.2,1400,0.2,2
17,8,28,0,0,300,0.5,1700,0.5,0
17,9,763,0,0,500,0.6,1000,0.2,1400,0.2,1
17,10,866,2,10,5,0,300,0.5,1700,0.5,2
17,11,783,0,0,500,0.6,1000,0.2,1400,0.2,2
17,12,400,0,0,300,0.5,1700,0.5,2
17,13,383,0,0,300,0.5,1700,0.5,2
17,14,705,2,10,5,0,500,0.6,1000,0.2,1400,0.2,0
17,15,51,0,0,500,0.6,1000,0.2,1400,0.2,0
17,16,236,1,0,300,0.5,1700,0.5,1
17,17,89,1,0,500,0.6,1000,0.2,1400,0.2,1
17,18,141,2,10,5,0,500,0.6,1000,0.2,1400,0.2,2
17,19,946,0,0,300,0.5,1700,0.5,1
18,0,140,0,0,500,0.6,1000,0.2,1400,0.2,0
18,1,697,1,0,300,0.5,1700,0.5,2
18,2,341,0,0,300,0.5,1700,0.5,2
18,3,40,1,0,500,0.6,1000,0.2,1400,0.2,0
18,4,547,0,0,500,0.6,1000,0.2,1400,0.2,1
18,5,714,0,0,300,0.5,1700,0.5,0
18,6,591,2,10,5,0,500,0.6,1000,0.2,1400,0.2,2
18,7,273,2,10,5,0,500,0.6,1000,0.2,1400,0.2,0
18,8,224,0,0,300,0.5,1700,0.5,0
18,9,711,0,0,300,0.5,1700,0.5,1
18,10,353,2,10,5,0,300,0.5,1700,0.5,0
18,11,237,0,0,500,0.6,1000,0.2,1400,0.2,1
18,12,273,0,0,300,0.5,1700,0.5,1
18,13,563,2,10,5,0,300,0.5,1700,0.5,2
18,14,641,1,0,500,0.6,1000,0.2,1400,0.2,2
18,15,693,1,0,500,0.6,1000,0.2,1400,0.2,0
18,16,248,1,0,300,0.5,1700,0.5,2
18,17,757,2,10,5,0,500,0.6,1000,0.2,1400,0.2,1
18,18,296,2,10,5,0,500,0.6,1000,0.2,1400,0.2,0
18,19,917,0,0,500,0.6,1000,0.2,1400,0.2,2
19,0,958,0,0,300,0.5,1700,0.5,1
19,1,257,2,10,5,0,500,0.6,1000,0.2,1400,0.2,1
19,2,184,1,0,300,0.5,1700,0.5,1
19,3,71,2,10,5,0,500,0.6,1000,0.2,1400,0.2,1
19,4,393,2,10,5,0,500,0.6,1000,0.2,1400,0.2,2
19,5,865,1,0,300,0.5,1700,0.5,1
19,6,380,0,0,300,0.5,1700,0.5,2
19,7,148,0,0,300,0.5,1700,0.5,2
19,8,939,1,0,300,0.5,1700,0.5,2
19,9,812,0,0,300,0.5,1700,0.5,1
19,10,25,1,0,300,0.5,1700,0.5,0
19,11,316,0,0,500,0.6,1000,0.2,1400,0.2,0
19,12,729,2,10,5,0,300,0.5,1700,0.5,1
19,13,177,2,10,5,0,300,0.5,1700,0.5,2
19,14,592,0,0,500,0.6,1000,0.2,1400,0.2,1
19,15,800,0,0,300,0.5,1700,0.5,1
19,16,938,2,10,5,0,500,0.6,1000,0.2,1400,0.2,2
19,17,516,1,0,500,0.6,1000,0.2,1400,0.2,1
19,18,700,0,0,500,0.6,1000,0.2,1400,0.2,0
19,19,305,0,0,500,0.6,1000,0.2,1400,0.2,0
