0,0,279,0,0,300,0.5,1700,0.5,2
0,1,502,0,0,500,0.6,1000,0.2,1400,0.2,0
0,2,898,2,10,5,0,300,0.5,1700,0.5,0
0,3,503,1,0,300,0.5,1700,0.5,1
0,4,361,2,10,5,0,500,0.6,1000,0.2,1400,0.2,2
0,5,148,0,0,300,0.5,1700,0.5,2
0,6,944,1,0,300,0.5,1700,0.5,2
0,7,623,0,0,500,0.6,1000,0.2,1400,0.2,1
0,8,453,0,0,300,0.5,1700,0.5,2
0,9,687,2,10,5,0,500,0.6,1000,0.2,1400,0.2,0
0,10,982,1,0,500,0.6,1000,0.2,1400,0.2,1
0,11,336,0,0,500,0.6,1000,0.2,1400,0.2,1
0,12,561,0,0,500,0.6,1000,0.2,1400,0.2,0
0,13,690,2,10,5,0,300,0.5,1700,0.5,0
0,14,392,2,10,5,0,500,0.6,1000,0.2,1400,0.2,1
0,15,298,0,0,500,0.6,1000,0.2,1400,0.2,1
0,16,848,1,0,500,0.6,1000,0.2,1400,0.2,2
0,17,102,2,10,5,0,300,0.5,1700,0.5,2
0,18,275,1,0,300,0.5,1700,0.5,2
0,19,208,1,0,300,0.5,1700,0.5,1
1,0,145,0,0,300,0.5,1700,0.5,1
1,1,217,1,0,300,0.5,1700,0.5,1
1,2,477,2,10,5,0,300,0.5,1700,0.5,2
1,3,687,0,0,500,0.6,1000,0.2,1400,0.2,1
1,4,173,1,0,500,0.6,1000,0.2,1400,0.2,2
1,5,601,0,0,300,0.5,1700,0.5,2
1,6,96,0,0,500,0.6,1000,0.2,1400,0.2,2
1,7,663,0,0,300,0.5,1700,0.5,2
1,8,433,0,0,500,0.6,1000,0.2,1400,0.2,0
1,9,562,0,0,300,0.5,1700,0.5,1
1,10,202,2,10,5,0,300,0.5,1700,0.5,2
1,11,324,1,0,300,0.5,1700,0.5,1
1,12,635,1,0,300,0.5,1700,0.5,1
1,13,125,1,0,500,0.6,1000,0.2,1400,0.2,1
1,14,480,1,0,500,0.6,1000,0.2,1400,0.2,2
1,15,903,2,10,5,0,300,0.5,1700,0.5,0
1,16,847,0,0,300,0.5,1700,0.5,0
1,17,832,0,0,500,0.6,1000,0.2,1400,0.2,1
1,18,828,2,10,5,0,500,0.6,1000,0.2,1400,0.2,1
1,19,353,1,0,500,0.6,1000,0.2,1400,0.2,2
2,0,401,2,10,5,0,300,0.5,1700,0.5,2
2,1,575,1,0,300,0.5,1700,0.5,2
2,2,793,1,0,500,0.6,1000,0.2,1400,0.2,2
2,3,413,2,10,5,0,500,0.6,1000,0.2,1400,0.2,2
2,4,240,0,0,500,0.6,1000,0.2,1400,0.2,2
2,5,328,1,0,300,0.5,1700,0.5,0
2,6,941,0,0,500,0.6,1000,0.2,1400,0.2,2
2,7,737,0,0,300,0.5,1700,0.5,2
2,8,530,1,0,300,0.5,1700,0.5,2
2,9,686,0,0,300,0.5,1700,0.5,2
2,10,280,2,10,5,0,500,0.6,1000,0.2,1400,0.2,0
2,11,322,0,0,300,0.5,1700,0.5,1
2,12,356,1,0,300,0.5,1700,0.5,0
2,13,43,1,0,500,0.6,1000,0.2,1400,0.2,0
2,14,357,2,10,5,0,500,0.6,1000,0.2,1400,0.2,0
2,15,461,0,0,300,0.5,1700,0.5,2
2,16,533,1,0,300,0.5,1700,0.5,2
2,17,360,2,10,5,0,300,0.5,1700,0.5,0
2,18,924,0,0,500,0.6,1000,0.2,1400,0.2,0
2,19,477,2,10,5,0,300,0.5,1700,0.5,1
3,0,783,1,0,500,0.6,1000,0.2,1400,0.2,1
3,1,432,2,10,5,0,300,0.5,1700,0.5,0
3,2,703,1,0,300,0.5,1700,0.5,1
3,3,164,0,0,300,0.5,1700,0.5,0
3,4,331,1,0,500,0.6,1000,0.2,1400,0.2,1
3,5,170,0,0,500,0.6,1000,0.2,1400,0.2,2
3,6,996,1,0,300,0.5,1700,0.5,0
3,7,61,2,10,5,0,300,0.5,1700,0.5,1
3,8,406,1,0,300,0.5,1700,0.5,2
3,9,392,2,10,5,0,300,0.5,1700,0.5,0
3,10,216,1,0,300,0.5,1700,0.5,2
3,11,255,1,0,500,0.6,1000,0.2,1400,0.2,2
3,12,344,1,0,300,0.5,1700,0.5,2
3,13,126,1,0,500,0.6,1000,0.2,1400,0.2,1
3,14,485,0,0,300,0.5,1700,0.5,0
3,15,143,0,0,500,0.6,1000,0.2,1400,0.2,2
3,16,260,1,0,300,0.5,1700,0.5,1
3,17,202,0,0,500,0.6,1000,0.2,1400,0.2,2
3,18,865,0,0,500,0.6,1000,0.2,1400,0.2,0
3,19,698,1,0,300,0.5,1700,0.5,0
4,0,944,2,10,5,0,500,0.6,1000,0.2,1400,0.2,2
4,1,534,1,0,300,0.5,1700,0.5,0
4,2,817,2,10,5,0,300,0.5,1700,0.5,1
4,3,489,2,10,5,0,500,0.6,1000,0.2,1400,0.2,1
4,4,86,1,0,300,0.5,1700,0.5,1
4,5,43,1,0,300,0.5,1700,0.5,0
4,6,921,1,0,300,0.5,1700,0.5,2
4,7,252,2,10,5,0,500,0.6,1000,0.2,1400,0.2,0
4,8,492,0,0,300,0.5,1700,0.5,1
4,9,848,2,10,5,0,500,0.6,1000,0.2,1400,0.2,2
4,10,368,2,10,5,0,500,0.6,1000,0.2,1400,0.2,2
4,11,940,0,0,500,0.6,1000,0.2,1400,0.2,1
4,12,499,2,10,5,0,300,0.5,1700,0.5,2
4,13,726,1,0,300,0.5,1700,0.5,2
4,14,935,2,10,5,0,500,0.6,1000,0.2,1400,0.2,1
4,15,728,0,0,500,0.6,1000,0.2,1400,0.2,1
4,16,578,2,10,5,0,300,0.5,1700,0.5,2
4,17,963,1,0,300,0.5,1700,0.5,0
4,18,818,0,0,500,0.6,1000,0.2,1400,0.2,1
4,19,374,2,10,5,0,500,0.6,1000,0.2,1400,0.2,2
5,0,943,0,0,300,0.5,1700,0.5,2
5,1,632,1,0,300,0.5,1700,0.5,2
5,2,985,1,0,500,0.6,1000,0.2,1400,0.2,1
5,3,934,2,10,5,0,500,0.6,1000,0.2,1400,0.2,1
5,4,13,0,0,300,0.5,1700,0.5,0
5,5,813,0,0,300,0.5,1700,0.5,2
5,6,158,1,0,500,0.6,1000,0.2,1400,0.2,1
5,7,1000,2,10,5,0,500,0.6,1000,0.2,1400,0.2,2
5,8,705,0,0,500,0.6,1000,0.2,1400,0.2,2
5,9,972,1,0,500,0.6,1000,0.2,1400,0.2,1
5,10,343,2,10,5,0,300,0.5,1700,0.5,0
5,11,696,2,10,5,0,300,0.5,1700,0.5,0
5,12,301,0,0,300,0.5,1700,0.5,0
5,13,696,1,0,500,0.6,1000,0.2,1400,0.2,2
5,14,728,2,10,5,0,300,0.5,1700,0.5,0
5,15,137,0,0,500,0.6,1000,0.2,1400,0.2,2
5,16,716,0,0,500,0.6,1000,0.2,1400,0.2,0
5,17,279,2,10,5,0,500,0.6,1000,0.2,1400,0.2,2
5,18,50,2,10,5,0,300,0.5,1700,0.5,1
5,19,419,0,0,500,0.6,1000,0.2,1400,0.2,2
6,0,745,1,0,500,0.6,1000,0.2,1400,0.2,1
6,1,864,0,0,300,0.5,1700,0.5,0
6,2,926,1,0,500,0.6,1000,0.2,1400,0.2,1
6,3,57,2,10,5,0,500,0.6,1000,0.2,1400,0.2,1
6,4,46,1,0,500,0.6,1000,0.2,1400,0.2,0
6,5,579,2,10,5,0,500,0.6,1000,0.2,1400,0.2,2
6,6,138,0,0,300,0.5,1700,0.5,2
6,7,337,2,10,5,0,300,0.5,1700,0.5,0
6,8,398,0,0,500,0.6,1000,0.2,1400,0.2,1
6,9,603,1,0,500,0.6,1000,0.2,1400,0.2,1
6,10,589,0,0,500,0.6,1000,0.2,1400,0.2,0
6,11,155,1,0,500,0.6,1000,0.2,1400,0.2,1
6,12,66,0,0,300,0.5,1700,0.5,1
6,13,645,0,0,500,0.6,1000,0.2,1400,0.2,2
6,14,970,2,10,5,0,500,0.6,1000,0.2,1400,0.2,2
6,15,608,2,10,5,0,300,0.5,1700,0.5,0
6,16,234,2,10,5,0,500,0.6,1000,0.2,1400,0.2,0
6,17,902,2,10,5,0,500,0.6,1000,0.2,1400,0.2,1
6,18,258,1,0,300,0.5,1700,0.5,0
6,19,310,1,0,500,0.6,1000,0.2,1400,0.2,0
7,0,29,0,0,500,0.6,1000,0.2,1400,0.2,1
7,1,463,0,0,300,0.5,1700,0.5,2
7,2,750,2,10,5,0,300,0.5,1700,0.5,1
7,3,322,1,0,500,0.6,1000,0.2,1400,0.2,1
7,4,237,0,0,300,0.5,1700,0.5,2
7,5,465,2,10,5,0,500,0.6,1000,0.2,1400,0.2,2
7,6,330,0,0,300,0.5,1700,0.5,0
7,7,661,1,0,500,0.6,1000,0.2,1400,0.2,2
7,8,719,0,0,500,0.6,1000,0.2,1400,0.2,0
7,9,850,2,10,5,0,300,0.5,1700,0.5,0
7,10,655,0,0,500,0.6,1000,0.2,1400,0.2,1
7,11,790,0,0,500,0.6,1000,0.2,1400,0.2,1
7,12,138,1,0,500,0.6,1000,0.2,1400,0.2,2
7,13,45,0,0,500,0.6,1000,0.2,1400,0.2,0
7,14,532,1,0,300,0.5,1700,0.5,1
7,15,566,2,10,5,0,300,0.5,1700,0.5,0
7,16,129,0,0,500,0.6,1000,0.2,1400,0.2,0
7,17,761,1,0,300,0.5,1700,0.5,0
7,18,133,0,0,500,0.6,1000,0.2,1400,0.2,2
7,19,218,2,10,5,0,300,0.5,1700,0.5,0
8,0,320,0,0,500,0.6,1000,0.2,1400,0.2,0
8,1,496,0,0,500,0.6,1000,0.2,1400,0.2,2
8,2,16,0,0,500,0.6,1000,0.2,1400,0.2,2
8,3,725,1,0,300,0.5,1700,0.5,2
8,4,148,2,10,5,0,300,0.5,1700,0.5,1
8,5,283,0,0,500,0.6,1000,0.2,1400,0.2,2
8,6,759,2,10,5,0,300,0.5,1700,0.5,0
8,7,710,1,0,300,0.5,1700,0.5,0
8,8,120,2,10,5,0,300,0.5,1700,0.5,1
8,9,691,1,0,500,0.6,1000,0.2,1400,0.2,1
8,10,987,1,0,500,0.6,1000,0.2,1400,0.2,0
8,11,254,1,0,300,0.5,1700,0.5,0
8,12,784,0,0,300,0.5,1700,0.5,1
8,13,278,0,0,300,0.5,1700,0.5,0
8,14,789,2,10,5,0,300,0.5,1700,0.5,2
8,15,69,1,0,500,0.6,1000,0.2,1400,0.2,0
8,16,723,1,0,300,0.5,1700,0.5,0
8,17,433,2,10,5,0,500,0.6,1000,0.2,1400,0.2,0
8,18,376,2,10,5,0,300,0.5,1700,0.5,2
8,19,838,1,0,500,0.6,1000,0.2,1400,0.2,1
9,0,750,1,0,500,0.6,1000,0.2,1400,0.2,1
9,1,501,1,0,300,0.5,1700,0.5,2
9,2,794,2,10,5,0,300,0.5,1700,0.5,1
9,3,63,0,0,300,0.5,1700,0.5,0
9,4,39,0,0,500,0.6,1000,0.2,1400,0.2,1
9,5,843,0,0,500,0.6,1000,0.2,1400,0.2,2
9,6,737,0,0,500,0.6,1000,0.2,1400,0.2,1
9,7,516,0,0,500,0.6,1000,0.2,1400,0.2,2
9,8,802,2,10,5,0,300,0.5,1700,0.5,1
9,9,950,0,0,500,0.6,1000,0.2,1400,0.2,0
9,10,499,2,10,5,0,300,0.5,1700,0.5,1
9,11,253,1,0,500,0.6,1000,0.2,1400,0.2,2
9,12,466,0,0,500,0.6,1000,0.2,1400,0.2,2
9,13,230,1,0,500,0.6,1000,0.2,1400,0.2,1
9,14,376,2,10,5,0,300,0.5,1700,0.5,2
9,15,931,1,0,300,0.5,1700,0.5,2
9,16,266,0,0,500,0.6,1000,0.2,1400,0.2,0
9,17,862,2,10,5,0,300,0.5,1700,0.5,0
9,18,1000,2,10,5,0,300,0.5,1700,0.5,2
9,19,548,2,10,5,0,500,0.6,1000,0.2,1400,0.2,0
10,0,950,2,10,5,0,500,0.6,1000,0.2,1400,0.2,1
10,1,40,0,0,500,0.6,1000,0.2,1400,0.2,0
10,2,402,0,0,500,0.6,1000,0.2,1400,0.2,0
10,3,33,1,0,300,0.5,1700,0.5,0
10,4,957,0,0,300,0.5,1700,0.5,1
10,5,828,1,0,300,0.5,1700,0.5,1
10,6,236,1,0,300,0.5,1700,0.5,2
10,7,357,0,0,300,0.5,1700,0.5,2
10,8,998,0,0,300,0.5,1700,0.5,2
10,9,28,0,0,500,0.6,1000,0.2,1400,0.2,2
10,10,897,2,10,5,0,500,0.6,1000,0.2,1400,0.2,2
10,11,335,1,0,500,0.6,1000,0.2,1400,0.2,0
10,12,658,0,0,500,0.6,1000,0.2,1400,0.2,2
10,13,143,2,10,5,0,300,0.5,1700,0.5,2
10,14,407,1,0,300,0.5,1700,0.5,1
10,15,439,2,10,5,0,500,0.6,1000,0.2,1400,0.2,1
10,16,942,0,0,300,0.5,1700,0.5,1
10,17,30,1,0,500,0.6,1000,0.2,1400,0.2,1
10,18,543,2,10,5,0,500,0.6,1000,0.2,1400,0.2,2
10,19,289,0,0,300,0.5,1700,0.5,2
11,0,405,2,10,5,0,300,0.5,1700,0.5,2
11,1,591,1,0,300,0.5,1700,0.5,0
11,2,877,2,10,5,0,500,0.6,1000,0.2,1400,0.2,2
11,3,87,0,0,300,0.5,1700,0.5,2
11,4,577,2,10,5,0,500,0.6,1000,0.2,1400,0.2,2
11,5,557,1,0,300,0.5,1700,0.5,2
11,6,36,0,0,500,0.6,1000,0.2,1400,0.2,2
11,7,777,2,10,5,0,500,0.6,1000,0.2,1400,0.2,1
11,8,816,0,0,500,0.6,1000,0.2,1400,0.2,0
11,9,578,1,0,500,0.6,1000,0.2,1400,0.2,2
11,10,828,0,0,300,0.5,1700,0.5,2
11,11,179,1,0,300,0.5,1700,0.5,0
11,12,155,0,0,500,0.6,1000,0.2,1400,0.2,0
11,13,619,1,0,500,0.6,1000,0.2,1400,0.2,2
11,14,502,1,0,300,0.5,1700,0.5,1
11,15,922,0,0,500,0.6,1000,0.2,1400,0.2,1
11,16,706,0,0,300,0.5,1700,0.5,0
11,17,579,2,10,5,0,300,0.5,1700,0.5,1
11,18,970,0,0,500,0.6,1000,0.2,1400,0.2,0
11,19,868,0,0,300,0.5,1700,0.5,2
12,0,375,1,0,500,0.6,1000,0.2,1400,0.2,0
12,1,449,1,0,500,0.6,1000,0.2,1400,0.2,2
12,2,397,1,0,500,0.6,1000,0.2,1400,0.2,1
12,3,327,2,10,5,0,300,0.5,1700,0.5,0
12,4,345,0,0,500,0.6,1000,0.2,1400,0.2,1
12,5,20,1,0,500,0.6,1000,0.2,1400,0.2,1
12,6,635,0,0,300,0.5,1700,0.5,0
12,7,854,0,0,300,0.5,1700,0.5,1
12,8,99,2,10,5,0,300,0.5,1700,0.5,1
12,9,530,1,0,300,0.5,1700,0.5,2
12,10,404,1,0,300,0.5,1700,0.5,0
12,11,116,2,10,5,0,500,0.6,1000,0.2,1400,0.2,0
12,12,782,0,0,300,0.5,1700,0.5,1
12,13,15,1,0,300,0.5,1700,0.5,1
12,14,798,1,0,500,0.6,1000,0.2,1400,0.2,2
12,15,98,1,0,500,0.6,1000,0.2,1400,0.2,1
12,16,722,0,0,500,0.6,1000,0.2,1400,0.2,0
12,17,472,2,10,5,0,500,0.6,1000,0.2,1400,0.2,1
12,18,138,2,10,5,0,300,0.5,1700,0.5,1
12,19,726,1,0,500,0.6,1000,0.2,1400,0.2,1
13,0,839,2,10,5,0,300,0.5,1700,0.5,2
13,1,824,0,0,500,0.6,1000,0.2,1400,0.2,0
13,2,58,0,0,500,0.6,1000,0.2,1400,0.2,1
13,3,941,2,10,5,0,500,0.6,1000,0.2,1400,0.2,1
13,4,245,1,0,300,0.5,1700,0.5,2
13,5,526,1,0,300,0.5,1700,0.5,0
13,6,110,1,0,300,0.5,1700,0.5,2
13,7,274,2,10,5,0,300,0.5,1700,0.5,1
13,8,863,0,0,300,0.5,1700,0.5,0
13,9,425,2,10,5,0,500,0.6,1000,0.2,1400,0.2,2
13,10,654,1,0,500,0.6,1000,0.2,1400,0.2,1
13,11,472,2,10,5,0,500,0.6,1000,0.2,1400,0.2,2
13,12,209,1,0,300,0.5,1700,0.5,1
13,13,478,2,10,5,0,500,0.6,1000,0.2,1400,0.2,0
13,14,632,2,10,5,0,500,0.6,1000,0.2,1400,0.2,1
13,15,682,2,10,5,0,500,0.6,1000,0.2,1400,0.2,2
13,16,637,2,10,5,0,300,0.5,1700,0.5,0
13,17,894,1,0,500,0.6,1000,0.2,1400,0.2,2
13,18,129,2,10,5,0,300,0.5,1700,0.5,2
13,19,649,0,0,300,0.5,1700,0.5,0
14,0,88,1,0,300,0.5,1700,0.5,1
14,1,112,1,0,500,0.6,1000,0.2,1400,0.2,1
14,2,491,1,0,500,0.6,1000,0.2,1400,0.2,0
14,3,331,1,0,500,0.6,1000,0.2,1400,0.2,0
14,4,258,0,0,300,0.5,1700,0.5,1
14,5,614,2,10,5,0,300,0.5,1700,0.5,2
14,6,889,0,0,300,0.5,1700,0.5,0
14,7,802,1,0,300,0.5,1700,0.5,1
14,8,611,1,0,300,0.5,1700,0.5,1
14,9,358,2,10,5,0,300,0.5,1700,0.5,1
14,10,901,1,0,300,0.5,1700,0.5,0
14,11,342,0,0,300,0.5,1700,0.5,2
14,12,333,2,10,5,0,500,0.6,1000,0.2,1400,0.2,0
14,13,830,2,10,5,0,300,0.5,1700,0.5,1
14,14,327,1,0,500,0.6,1000,0.2,1400,0.2,1
14,15,687,1,0,300,0.5,1700,0.5,0
14,16,435,1,0,500,0.6,1000,0.2,1400,0.2,1
14,17,329,2,10,5,0,500,0.6,1000,0.2,1400,0.2,1
14,18,843,0,0,500,0.6,1000,0.2,1400,0.2,2
14,19,460,1,0,300,0.5,1700,0.5,2
15,0,20,2,10,5,0,500,0.6,1000,0.2,1400,0.2,1
15,1,762,0,0,300,0.5,1700,0.5,2
15,2,618,0,0,300,0.5,1700,0.5,1
15,3,530,1,0,500,0.6,1000,0.2,1400,0.2,2
15,4,442,0,0,300,0.5,1700,0.5,0
15,5,768,0,0,500,0.6,1000,0.2,1400,0.2,1
15,6,30,2,10,5,0,500,0.6,1000,0.2,1400,0.2,2
15,7,839,2,10,5,0,300,0.5,1700,0.5,2
15,8,916,2,10,5,0,500,0.6,1000,0.2,1400,0.2,0
15,9,182,0,0,500,0.6,1000,0.2,1400,0.2,2
15,10,836,0,0,500,0.6,1000,0.2,1400,0.2,1
15,11,258,2,10,5,0,500,0.6,1000,0.2,1400,0.2,1
15,12,803,0,0,300,0.5,1700,0.5,2
15,13,141,1,0,300,0.5,1700,0.5,1
15,14,35,1,0,300,0.5,1700,0.5,2
15,15,363,0,0,300,0.5,1700,0.5,1
15,16,898,0,0,500,0.6,1000,0.2,1400,0.2,0
15,17,420,0,0,300,0.5,1700,0.5,1
15,18,268,0,0,300,0.5,1700,0.5,0
15,19,313,1,0,500,0.6,1000,0.2,1400,0.2,2
16,0,432,2,10,5,0,500,0.6,1000,0.2,1400,0.2,2
16,1,259,2,10,5,0,500,0.6,1000,0.2,1400,0.2,2
16,2,930,1,0,300,0.5,1700,0.5,1
16,3,746,1,0,500,0.6,1000,0.2,1400,0.2,1
16,4,797,2,10,5,0,500,0.6,1000,0.2,1400,0.2,2
16,5,865,2,10,5,0,500,0.6,1000,0.2,1400,0.2,0
16,6,650,0,0,300,0.5,1700,0.5,2
16,7,542,2,10,5,0,300,0.5,1700,0.5,2
16,8,17,2,10,5,0,300,0.5,1700,0.5,2
16,9,127,0,0,300,0.5,1700,0.5,1
16,10,46,0,0,500,0.6,1000,0.2,1400,0.2,0
16,11,132,0,0,500,0.6,1000,0.2,1400,0.2,0
16,12,459,1,0,300,0.5,1700,0.5,2
16,13,255,1,0,500,0.6,1000,0.2,1400,0.2,1
16,14,176,1,0,500,0.6,1000,0.2,1400,0.2,0
16,15,814,0,0,300,0.5,1700,0.5,0
16,16,932,2,10,5,0,300,0.5,1700,0.5,1
16,17,869,0,0,500,0.6,1000,0.2,1400,0.2,1
16,18,361,2,10,5,0,500,0.6,1000,0.2,1400,0.2,1
16,19,818,0,0,500,0.6,1000,0.2,1400,0.2,2
17,0,622,2,10,5,0,300,0.5,1700,0.5,0
17,1,168,0,0,300,0.5,1700,0.5,2
17,2,383,2,10,5,0,500,0.6,1000,0.2,1400,0.2,0
17,3,724,2,10,5,0,300,0.5,1700,0.5,2
17,4,133,1,0,500,0.6,1000,0.2,1400,0.2,1
17,5,517,1,0,500,0.6,1000,0.2,1400,0.2,2
17,6,676,1,0,500,0.6,1000,0.2,1400,0.2,1
17,7,48,0,0,300,0.5,1700,0.5,1
17,8,508,0,0,500,0.6,1000,0.2,1400,0.2,2
17,9,789,2,10,5,0,300,0.5,1700,0.5,0
17,10,286,1,0,500,0.6,1000,0.2,1400,0.2,1
17,11,537,1,0,300,0.5,1700,0.5,2
17,12,630,1,0,500,0.6,1000,0.2,1400,0.2,0
17,13,611,1,0,300,0.5,1700,0.5,0
17,14,330,2,10,5,0,500,0.6,1000,0.2,1400,0.2,0
17,15,585,2,10,5,0,500,0.6,1000,0.2,1400,0.2,2
17,16,82,1,0,300,0.5,1700,0.5,2
17,17,609,0,0,500,0.6,1000,0.2,1400,0.2,0
17,18,402,2,10,5,0,300,0.5,1700,0.5,2
17,19,859,1,0,300,0.5,1700,0.5,1
18,0,509,1,0,300,0.5,1700,0.5,0
18,1,227,0,0,500,0.6,1000,0.2,1400,0.2,0
18,2,842,1,0,500,0.6,1000,0.2,1400,0.2,1
18,3,579,1,0,500,0.6,1000,0.2,1400,0.2,1
18,4,460,0,0,500,0.6,1000,0.2,1400,0.2,2
18,5,313,0,0,300,0.5,1700,0.5,2
18,6,19,1,0,500,0.6,1000,0.2,1400,0.2,1
18,7,607,0,0,300,0.5,1700,0.5,0
18,8,823,1,0,500,0.6,1000,0.2,1400,0.2,1
18,9,932,1,0,300,0.5,1700,0.5,0
18,10,205,0,0,500,0.6,1000,0.2,1400,0.2,2
18,11,982,1,0,500,0.6,1000,0.2,1400,0.2,2
18,12,326,0,0,500,0.6,1000,0.2,1400,0.2,2
18,13,485,0,0,300,0.5,1700,0.5,1
18,14,427,0,0,300,0.5,1700,0.5,0
18,15,512,0,0,500,0.6,1000,0.2,1400,0.2,2
18,16,308,0,0,500,0.6,1000,0.2,1400,0.2,2
18,17,679,2,10,5,0,300,0.5,1700,0.5,2
18,18,27,1,0,500,0.6,1000,0.2,1400,0.2,0
18,19,213,1,0,500,0.6,1000,0.2,1400,0.2,0
19,0,388,1,0,500,0.6,1000,0.2,1400,0.2,2
19,1,443,2,10,5,0,500,0.6,1000,0.2,1400,0.2,2
19,2,35,1,0,500,0.6,1000,0.2,1400,0.2,0
19,3,882,0,0,500,0.6,1000,0.2,1400,0.2,2
19,4,437,0,0,300,0.5,1700,0.5,2
19,5,821,1,0,500,0.6,1000,0.2,1400,0.2,0
19,6,274,2,10,5,0,300,0.5,1700,0.5,1
19,7,39,2,10,5,0,300,0.5,1700,0.5,2
19,8,503,0,0,500,0.6,1000,0.2,1400,0.2,0
19,9,549,0,0,500,0.6,1000,0.2,1400,0.2,2
19,10,457,1,0,500,0.6,1000,0.2,1400,0.2,1
19,11,217,2,10,5,0,500,0.6,1000,0.2,1400,0.2,1
19,12,956,1,0,500,0.6,1000,0.2,1400,0.2,2
19,13,607,0,0,500,0.6,1000,0.2,1400,0.2,0
19,14,265,1,0,300,0.5,1700,0.5,1
19,15,978,2,10,5,0,500,0.6,1000,0.2,1400,0.2,0
19,16,790,0,0,500,0.6,1000,0.2,1400,0.2,2
19,17,431,2,10,5,0,500,0.6,1000,0.2,1400,0.2,1
19,18,632,1,0,300,0.5,1700,0.5,1
19,19,858,1,0,500,0.6,1000,0.2,1400,0.2,0
