0,0,969,1,0,300,0.5,1700,0.5,0
0,1,39,1,0,500,0.6,1000,0.2,1400,0.2,1
0,2,470,0,0,300,0.5,1700,0.5,2
0,3,950,2,10,5,0,500,0.6,1000,0.2,1400,0.2,2
0,4,520,1,0,500,0.6,1000,0.2,1400,0.2,1
1,0,605,1,0,300,0.5,1700,0.5,2
1,1,20,2,10,5,0,500,0.6,1000,0.2,1400,0.2,0
1,2,598,2,10,5,0,500,0.6,1000,0.2,1400,0.2,2
1,3,491,1,0,500,0.6,1000,0.2,1400,0.2,0
1,4,156,1,0,300,0.5,1700,0.5,0
2,0,96,0,0,500,0.6,1000,0.2,1400,0.2,0
2,1,609,1,0,300,0.5,1700,0.5,0
2,2,394,2,10,5,0,300,0.5,1700,0.5,0
2,3,177,0,0,500,0.6,1000,0.2,1400,0.2,0
2,4,604,1,0,300,0.5,1700,0.5,2
3,0,675,2,10,5,0,500,0.6,1000,0.2,1400,0.2,0
3,1,45,0,0,500,0.6,1000,0.2,1400,0.2,1
3,2,280,1,0,300,0.5,1700,0.5,1
3,3,10,0,0,300,0.5,1700,0.5,1
3,4,717,1,0,300,0.5,1700,0.5,2
4,0,401,2,10,5,0,300,0.5,1700,0.5,0
4,1,101,1,0,300,0.5,1700,0.5,0
4,2,517,0,0,500,0.6,1000,0.2,1400,0.2,1
4,3,142,0,0,500,0.6,1000,0.2,1400,0.2,2
4,4,856,2,10,5,0,300,0.5,1700,0.5,2
