0,0,162,0,0,300,0.5,1700,0.5,0
0,1,906,2,10,5,0,500,0.6,1000,0.2,1400,0.2,1
0,2,402,0,0,500,0.6,1000,0.2,1400,0.2,1
0,3,442,2,10,5,0,300,0.5,1700,0.5,0
0,4,723,1,0,300,0.5,1700,0.5,0
1,0,30,1,0,300,0.5,1700,0.5,0
1,1,285,1,0,300,0.5,1700,0.5,1
1,2,814,2,10,5,0,300,0.5,1700,0.5,0
1,3,161,2,10,5,0,500,0.6,1000,0.2,1400,0.2,0
1,4,37,1,0,500,0.6,1000,0.2,1400,0.2,1
2,0,568,2,10,5,0,300,0.5,1700,0.5,0
2,1,791,0,0,500,0.6,1000,0.2,1400,0.2,0
2,2,484,0,0,500,0.6,1000,0.2,1400,0.2,2
2,3,760,0,0,300,0.5,1700,0.5,0
2,4,459,2,10,5,0,500,0.6,1000,0.2,1400,0.2,0
3,0,597,2,10,5,0,300,0.5,1700,0.5,1
3,1,527,2,10,5,0,500,0.6,1000,0.2,1400,0.2,0
3,2,609,2,10,5,0,300,0.5,1700,0.5,1
3,3,137,0,0,500,0.6,1000,0.2,1400,0.2,1
3,4,290,1,0,500,0.6,1000,0.2,1400,0.2,1
4,0,995,0,0,300,0.5,1700,0.5,1
4,1,172,0,0,300,0.5,1700,0.5,0
4,2,437,0,0,300,0.5,1700,0.5,2
4,3,946,0,0,500,0.6,1000,0.2,1400,0.2,0
4,4,32,0,0,300,0.5,1700,0.5,2
