0,0,409,0,0,500,0.6,1000,0.2,1400,0.2,0
0,1,655,1,0,300,0.5,1700,0.5,1
0,2,518,1,0,300,0.5,1700,0.5,1
0,3,152,2,10,5,0,300,0.5,1700,0.5,2
0,4,784,1,0,300,0.5,1700,0.5,0
0,5,548,1,0,300,0.5,1700,0.5,1
0,6,542,2,10,5,0,300,0.5,1700,0.5,2
0,7,188,1,0,300,0.5,1700,0.5,2
0,8,973,1,0,300,0.5,1700,0.5,1
0,9,878,2,10,5,0,300,0.5,1700,0.5,1
0,10,151,1,0,500,0.6,1000,0.2,1400,0.2,1
0,11,785,2,10,5,0,500,0.6,1000,0.2,1400,0.2,2
0,12,574,0,0,500,0.6,1000,0.2,1400,0.2,2
0,13,980,2,10,5,0,300,0.5,1700,0.5,2
0,14,683,2,10,5,0,500,0.6,1000,0.2,1400,0.2,2
1,0,176,0,0,500,0.6,1000,0.2,1400,0.2,1
1,1,621,1,0,500,0.6,1000,0.2,1400,0.2,0
1,2,767,0,0,300,0.5,1700,0.5,0
1,3,786,2,10,5,0,300,0.5,1700,0.5,2
1,4,955,1,0,500,0.6,1000,0.2,1400,0.2,2
1,5,805,0,0,500,0.6,1000,0.2,1400,0.2,0
1,6,515,1,0,300,0.5,1700,0.5,2
1,7,90,0,0,500,0.6,1000,0.2,1400,0.2,1
1,8,849,0,0,300,0.5,1700,0.5,0
1,9,336,0,0,300,0.5,1700,0.5,1
1,10,159,1,0,300,0.5,1700,0.5,2
1,11,260,2,10,5,0,300,0.5,1700,0.5,1
1,12,23,2,10,5,0,300,0.5,1700,0.5,0
1,13,985,2,10,5,0,500,0.6,1000,0.2,1400,0.2,2
1,14,588,0,0,300,0.5,1700,0.5,1
2,0,408,1,0,500,0.6,1000,0.2,1400,0.2,0
2,1,965,0,0,500,0.6,1000,0.2,1400,0.2,0
2,2,486,0,0,300,0.5,1700,0.5,1
2,3,179,2,10,5,0,500,0.6,1000,0.2,1400,0.2,1
2,4,612,1,0,300,0.5,1700,0.5,0
2,5,295,1,0,300,0.5,1700,0.5,1
2,6,892,2,10,5,0,300,0.5,1700,0.5,1
2,7,238,1,0,300,0.5,1700,0.5,1
2,8,391,2,10,5,0,500,0.6,1000,0.2,1400,0.2,2
2,9,208,2,10,5,0,300,0.5,1700,0.5,0
2,10,355,2,10,5,0,300,0.5,1700,0.5,0
2,11,796,0,0,500,0.6,1000,0.2,1400,0.2,0
2,12,922,1,0,500,0.6,1000,0.2,1400,0.2,0
2,13,621,1,0,500,0.6,1000,0.2,1400,0.2,2
2,14,274,0,0,500,0.6,1000,0.2,1400,0.2,0
3,0,268,0,0,300,0.5,1700,0.5,2
3,1,23,2,10,5,0,300,0.5,1700,0.5,2
3,2,699,1,0,300,0.5,1700,0.5,1
3,3,505,2,10,5,0,300,0.5,1700,0.5,2
3,4,127,2,10,5,0,500,0.6,1000,0.2,1400,0.2,2
3,5,407,1,0,300,0.5,1700,0.5,0
3,6,84,0,0,300,0.5,1700,0.5,0
3,7,42,2,10,5,0,300,0.5,1700,0.5,0
3,8,915,1,0,500,0.6,1000,0.2,1400,0.2,1
3,9,552,2,10,5,0,300,0.5,1700,0.5,1
3,10,59,0,0,300,0.5,1700,0.5,2
3,11,167,1,0,500,0.6,1000,0.2,1400,0.2,1
3,12,534,2,10,5,0,500,0.6,1000,0.2,1400,0.2,2
3,13,467,0,0,500,0.6,1000,0.2,1400,0.2,2
3,14,486,1,0,300,0.5,1700,0.5,2
4,0,100,2,10,5,0,500,0.6,1000,0.2,1400,0.2,2
4,1,505,0,0,500,0.6,1000,0.2,1400,0.2,0
4,2,576,2,10,5,0,500,0.6,1000,0.2,1400,0.2,2
4,3,512,1,0,300,0.5,1700,0.5,0
4,4,329,0,0,300,0.5,1700,0.5,0
4,5,110,1,0,500,0.6,1000,0.2,1400,0.2,2
4,6,754,0,0,500,0.6,1000,0.2,1400,0.2,1
4,7,557,2,10,5,0,500,0.6,1000,0.2,1400,0.2,1
4,8,540,0,0,300,0.5,1700,0.5,2
4,9,382,0,0,300,0.5,1700,0.5,2
4,10,299,1,0,500,0.6,1000,0.2,1400,0.2,2
4,11,721,1,0,500,0.6,1000,0.2,1400,0.2,2
4,12,381,2,10,5,0,500,0.6,1000,0.2,1400,0.2,2
4,13,720,0,0,300,0.5,1700,0.5,2
4,14,742,2,10,5,0,500,0.6,1000,0.2,1400,0.2,0
5,0,287,1,0,300,0.5,1700,0.5,2
5,1,426,2,10,5,0,500,0.6,1000,0.2,1400,0.2,2
5,2,663,2,10,5,0,500,0.6,1000,0.2,1400,0.2,1
5,3,554,1,0,500,0.6,1000,0.2,1400,0.2,2
5,4,934,2,10,5,0,500,0.6,1000,0.2,1400,0.2,0
5,5,14,1,0,300,0.5,1700,0.5,0
5,6,968,1,0,500,0.6,1000,0.2,1400,0.2,1
5,7,879,1,0,500,0.6,1000,0.2,1400,0.2,0
5,8,376,0,0,300,0.5,1700,0.5,0
5,9,805,0,0,500,0.6,1000,0.2,1400,0.2,0
5,10,616,1,0,300,0.5,1700,0.5,0
5,11,641,0,0,300,0.5,1700,0.5,2
5,12,876,1,0,300,0.5,1700,0.5,2
5,13,619,2,10,5,0,500,0.6,1000,0.2,1400,0.2,1
5,14,233,1,0,500,0.6,1000,0.2,1400,0.2,0
6,0,317,1,0,300,0.5,1700,0.5,0
6,1,826,2,10,5,0,300,0.5,1700,0.5,2
6,2,613,2,10,5,0,300,0.5,1700,0.5,0
6,3,587,1,0,500,0.6,1000,0.2,1400,0.2,2
6,4,990,2,10,5,0,500,0.6,1000,0.2,1400,0.2,0
6,5,645,2,10,5,0,300,0.5,1700,0.5,0
6,6,229,0,0,300,0.5,1700,0.5,1
6,7,730,2,10,5,0,500,0.6,1000,0.2,1400,0.2,1
6,8,793,2,10,5,0,500,0.6,1000,0.2,1400,0.2,1
6,9,521,0,0,500,0.6,1000,0.2,1400,0.2,2
6,10,193,0,0,500,0.6,1000,0.2,1400,0.2,0
6,11,251,0,0,300,0.5,1700,0.5,2
6,12,571,1,0,300,0.5,1700,0.5,2
6,13,957,1,0,300,0.5,1700,0.5,1
6,14,317,2,10,5,0,500,0.6,1000,0.2,1400,0.2,1
7,0,395,2,10,5,0,300,0.5,1700,0.5,2
7,1,432,2,10,5,0,300,0.5,1700,0.5,2
7,2,192,1,0,500,0.6,1000,0.2,1400,0.2,0
7,3,345,0,0,300,0.5,1700,0.5,1
7,4,804,1,0,500,0.6,1000,0.2,1400,0.2,0
7,5,379,1,0,500,0.6,1000,0.2,1400,0.2,2
7,6,920,1,0,500,0.6,1000,0.2,1400,0.2,0
7,7,55,1,0,300,0.5,1700,0.5,0
7,8,505,0,0,300,0.5,1700,0.5,0
7,9,225,0,0,500,0.6,1000,0.2,1400,0.2,0
7,10,379,2,10,5,0,300,0.5,1700,0.5,1
7,11,135,1,0,500,0.6,1000,0.2,1400,0.2,2
7,12,554,0,0,300,0.5,1700,0.5,1
7,13,196,0,0,500,0.6,1000,0.2,1400,0.2,0
7,14,378,1,0,300,0.5,1700,0.5,0
8,0,680,1,0,500,0.6,1000,0.2,1400,0.2,0
8,1,767,0,0,500,0.6,1000,0.2,1400,0.2,1
8,2,589,2,10,5,0,500,0.6,1000,0.2,1400,0.2,0
8,3,144,2,10,5,0,500,0.6,1000,0.2,1400,0.2,2
8,4,627,1,0,500,0.6,1000,0.2,1400,0.2,2
8,5,356,0,0,500,0.6,1000,0.2,1400,0.2,0
8,6,32,2,10,5,0,500,0.6,1000,0.2,1400,0.2,0
8,7,18,0,0,500,0.6,1000,0.2,1400,0.2,0
8,8,493,2,10,5,0,300,0.5,1700,0.5,1
8,9,680,1,0,300,0.5,1700,0.5,0
8,10,112,1,0,300,0.5,1700,0.5,0
8,11,247,0,0,300,0.5,1700,0.5,1
8,12,755,2,10,5,0,300,0.5,1700,0.5,0
8,13,185,0,0,300,0.5,1700,0.5,1
8,14,267,1,0,300,0.5,1700,0.5,0
9,0,610,0,0,500,0.6,1000,0.2,1400,0.2,2
9,1,186,2,10,5,0,300,0.5,1700,0.5,2
9,2,974,1,0,500,0.6,1000,0.2,1400,0.2,0
9,3,515,0,0,300,0.5,1700,0.5,2
9,4,757,0,0,300,0.5,1700,0.5,1
9,5,904,1,0,300,0.5,1700,0.5,2
9,6,288,2,10,5,0,500,0.6,1000,0.2,1400,0.2,2
9,7,896,1,0,300,0.5,1700,0.5,2
9,8,47,0,0,500,0.6,1000,0.2,1400,0.2,2
9,9,683,0,0,300,0.5,1700,0.5,0
9,10,124,0,0,500,0.6,1000,0.2,1400,0.2,1
9,11,361,2,10,5,0,300,0.5,1700,0.5,0
9,12,790,0,0,500,0.6,1000,0.2,1400,0.2,1
9,13,585,0,0,300,0.5,1700,0.5,0
9,14,113,0,0,500,0.6,1000,0.2,1400,0.2,2
10,0,697,1,0,300,0.5,1700,0.5,1
10,1,753,2,10,5,0,300,0.5,1700,0.5,1
10,2,724,1,0,500,0.6,1000,0.2,1400,0.2,2
10,3,481,0,0,500,0.6,1000,0.2,1400,0.2,1
10,4,699,0,0,300,0.5,1700,0.5,0
10,5,851,1,0,300,0.5,1700,0.5,2
10,6,101,0,0,300,0.5,1700,0.5,0
10,7,274,0,0,500,0.6,1000,0.2,1400,0.2,0
10,8,608,0,0,300,0.5,1700,0.5,2
10,9,418,1,0,300,0.5,1700,0.5,2
10,10,731,0,0,500,0.6,1000,0.2,1400,0.2,2
10,11,759,1,0,300,0.5,1700,0.5,2
10,12,929,1,0,500,0.6,1000,0.2,1400,0.2,1
10,13,248,0,0,500,0.6,1000,0.2,1400,0.2,0
10,14,157,0,0,300,0.5,1700,0.5,0
11,0,989,2,10,5,0,300,0.5,1700,0.5,0
11,1,391,0,0,500,0.6,1000,0.2,1400,0.2,1
11,2,117,0,0,300,0.5,1700,0.5,2
11,3,56,0,0,300,0.5,1700,0.5,1
11,4,862,2,10,5,0,500,0.6,1000,0.2,1400,0.2,0
11,5,187,0,0,300,0.5,1700,0.5,0
11,6,806,2,10,5,0,500,0.6,1000,0.2,1400,0.2,0
11,7,561,2,10,5,0,300,0.5,1700,0.5,1
11,8,73,0,0,500,0.6,1000,0.2,1400,0.2,1
11,9,289,0,0,300,0.5,1700,0.5,0
11,10,300,0,0,500,0.6,1000,0.2,1400,0.2,2
11,11,417,2,10,5,0,500,0.6,1000,0.2,1400,0.2,0
11,12,388,0,0,500,0.6,1000,0.2,1400,0.2,1
11,13,231,0,0,300,0.5,1700,0.5,0
11,14,561,2,10,5,0,500,0.6,1000,0.2,1400,0.2,2
12,0,693,0,0,500,0.6,1000,0.2,1400,0.2,0
12,1,809,1,0,500,0.6,1000,0.2,1400,0.2,0
12,2,77,0,0,500,0.6,1000,0.2,1400,0.2,2
12,3,822,1,0,500,0.6,1000,0.2,1400,0.2,1
12,4,817,1,0,500,0.6,1000,0.2,1400,0.2,1
12,5,246,2,10,5,0,300,0.5,1700,0.5,2
12,6,420,2,10,5,0,300,0.5,1700,0.5,2
12,7,857,0,0,300,0.5,1700,0.5,1
12,8,444,0,0,500,0.6,1000,0.2,1400,0.2,0
12,9,613,1,0,500,0.6,1000,0.2,1400,0.2,1
12,10,558,2,10,5,0,300,0.5,1700,0.5,1
12,11,667,1,0,300,0.5,1700,0.5,0
12,12,948,2,10,5,0,300,0.5,1700,0.5,0
12,13,926,0,0,500,0.6,1000,0.2,1400,0.2,0
12,14,363,0,0,300,0.5,1700,0.5,1
13,0,816,2,10,5,0,300,0.5,1700,0.5,0
13,1,543,0,0,500,0.6,1000,0.2,1400,0.2,1
13,2,742,1,0,500,0.6,1000,0.2,1400,0.2,2
13,3,470,1,0,500,0.6,1000,0.2,1400,0.2,1
13,4,629,0,0,300,0.5,1700,0.5,0
13,5,504,0,0,500,0.6,1000,0.2,1400,0.2,0
13,6,759,0,0,500,0.6,1000,0.2,1400,0.2,0
13,7,134,0,0,500,0.6,1000,0.2,1400,0.2,0
13,8,579,2,10,5,0,300,0.5,1700,0.5,1
13,9,941,2,10,5,0,500,0.6,1000,0.2,1400,0.2,1
13,10,176,0,0,300,0.5,1700,0.5,1
13,11,183,0,0,300,0.5,1700,0.5,1
13,12,711,0,0,500,0.6,1000,0.2,1400,0.2,2
13,13,465,2,10,5,0,500,0.6,1000,0.2,1400,0.2,0
13,14,714,1,0,500,0.6,1000,0.2,1400,0.2,0
14,0,419,1,0,300,0.5,1700,0.5,0
14,1,239,0,0,500,0.6,1000,0.2,1400,0.2,1
14,2,439,2,10,5,0,500,0.6,1000,0.2,1400,0.2,2
14,3,703,2,10,5,0,300,0.5,1700,0.5,0
14,4,703,1,0,500,0.6,1000,0.2,1400,0.2,0
14,5,281,1,0,300,0.5,1700,0.5,2
14,6,242,0,0,300,0.5,1700,0.5,0
14,7,220,1,0,500,0.6,1000,0.2,1400,0.2,2
14,8,930,0,0,500,0.6,1000,0.2,1400,0.2,1
14,9,282,1,0,300,0.5,1700,0.5,2
14,10,239,0,0,500,0.6,1000,0.2,1400,0.2,0
14,11,785,2,10,5,0,300,0.5,1700,0.5,1
14,12,478,0,0,300,0.5,1700,0.5,0
14,13,978,2,10,5,0,500,0.6,1000,0.2,1400,0.2,0
14,14,758,2,10,5,0,300,0.5,1700,0.5,0
