0,0,368,0,0,300,0.5,1700,0.5,0
0,1,758,1,0,500,0.6,1000,0.2,1400,0.2,1
0,2,777,0,0,300,0.5,1700,0.5,1
0,3,65,0,0,500,0.6,1000,0.2,1400,0.2,0
0,4,736,1,0,500,0.6,1000,0.2,1400,0.2,1
0,5,121,1,0,500,0.6,1000,0.2,1400,0.2,2
0,6,528,0,0,500,0.6,1000,0.2,1400,0.2,2
0,7,469,0,0,300,0.5,1700,0.5,1
0,8,725,0,0,300,0.5,1700,0.5,0
0,9,546,2,10,5,0,300,0.5,1700,0.5,0
0,10,811,1,0,500,0.6,1000,0.2,1400,0.2,0
0,11,454,1,0,500,0.6,1000,0.2,1400,0.2,2
0,12,538,0,0,500,0.6,1000,0.2,1400,0.2,0
0,13,39,0,0,500,0.6,1000,0.2,1400,0.2,2
0,14,709,2,10,5,0,300,0.5,1700,0.5,0
1,0,324,2,10,5,0,300,0.5,1700,0.5,2
1,1,134,2,10,5,0,500,0.6,1000,0.2,1400,0.2,0
1,2,392,0,0,500,0.6,1000,0.2,1400,0.2,1
1,3,446,2,10,5,0,500,0.6,1000,0.2,1400,0.2,1
1,4,453,0,0,500,0.6,1000,0.2,1400,0.2,1
1,5,18,0,0,500,0.6,1000,0.2,1400,0.2,1
1,6,455,1,0,300,0.5,1700,0.5,1
1,7,162,2,10,5,0,500,0.6,1000,0.2,1400,0.2,0
1,8,82,0,0,300,0.5,1700,0.5,0
1,9,548,0,0,500,0.6,1000,0.2,1400,0.2,1
1,10,142,1,0,300,0.5,1700,0.5,2
1,11,36,2,10,5,0,300,0.5,1700,0.5,0
1,12,165,1,0,500,0.6,1000,0.2,1400,0.2,2
1,13,669,0,0,500,0.6,1000,0.2,1400,0.2,1
1,14,396,2,10,5,0,300,0.5,1700,0.5,1
2,0,969,2,10,5,0,500,0.6,1000,0.2,1400,0.2,1
2,1,447,1,0,300,0.5,1700,0.5,2
2,2,19,1,0,300,0.5,1700,0.5,1
2,3,430,2,10,5,0,500,0.6,1000,0.2,1400,0.2,1
2,4,626,2,10,5,0,300,0.5,1700,0.5,2
2,5,946,0,0,500,0.6,1000,0.2,1400,0.2,1
2,6,733,2,10,5,0,500,0.6,1000,0.2,1400,0.2,1
2,7,696,2,10,5,0,500,0.6,1000,0.2,1400,0.2,2
2,8,14,2,10,5,0,500,0.6,1000,0.2,1400,0.2,0
2,9,965,2,10,5,0,300,0.5,1700,0.5,2
2,10,789,1,0,500,0.6,1000,0.2,1400,0.2,2
2,11,96,0,0,300,0.5,1700,0.5,2
2,12,926,1,0,300,0.5,1700,0.5,0
2,13,359,1,0,300,0.5,1700,0.5,0
2,14,183,1,0,300,0.5,1700,0.5,0
3,0,459,2,10,5,0,300,0.5,1700,0.5,0
3,1,524,2,10,5,0,500,0.6,1000,0.2,1400,0.2,2
3,2,946,1,0,500,0.6,1000,0.2,1400,0.2,1
3,3,459,1,0,300,0.5,1700,0.5,1
3,4,535,0,0,500,0.6,1000,0.2,1400,0.2,2
3,5,986,2,10,5,0,500,0.6,1000,0.2,1400,0.2,2
3,6,466,0,0,500,0.6,1000,0.2,1400,0.2,2
3,7,37,2,10,5,0,500,0.6,1000,0.2,1400,0.2,1
3,8,996,0,0,300,0.5,1700,0.5,0
3,9,197,0,0,300,0.5,1700,0.5,2
3,10,303,2,10,5,0,300,0.5,1700,0.5,1
3,11,328,1,0,300,0.5,1700,0.5,0
3,12,142,2,10,5,0,500,0.6,1000,0.2,1400,0.2,1
3,13,378,2,10,5,0,300,0.5,1700,0.5,2
3,14,452,0,0,300,0.5,1700,0.5,2
4,0,946,1,0,500,0.6,1000,0.2,1400,0.2,0
4,1,779,1,0,300,0.5,1700,0.5,1
4,2,387,2,10,5,0,500,0.6,1000,0.2,1400,0.2,2
4,3,848,1,0,500,0.6,1000,0.2,1400,0.2,0
4,4,549,2,10,5,0,300,0.5,1700,0.5,0
4,5,826,2,10,5,0,500,0.6,1000,0.2,1400,0.2,0
4,6,384,1,0,500,0.6,1000,0.2,1400,0.2,0
4,7,568,1,0,500,0.6,1000,0.2,1400,0.2,0
4,8,86,0,0,300,0.5,1700,0.5,0
4,9,446,2,10,5,0,500,0.6,1000,0.2,1400,0.2,2
4,10,643,2,10,5,0,300,0.5,1700,0.5,2
4,11,503,1,0,300,0.5,1700,0.5,1
4,12,855,2,10,5,0,300,0.5,1700,0.5,1
4,13,295,2,10,5,0,300,0.5,1700,0.5,2
4,14,641,1,0,500,0.6,1000,0.2,1400,0.2,2
5,0,300,1,0,300,0.5,1700,0.5,0
5,1,566,2,10,5,0,300,0.5,1700,0.5,0
5,2,645,0,0,300,0.5,1700,0.5,0
5,3,620,1,0,500,0.6,1000,0.2,1400,0.2,1
5,4,72,1,0,500,0.6,1000,0.2,1400,0.2,2
5,5,433,0,0,500,0.6,1000,0.2,1400,0.2,0
5,6,31,1,0,300,0.5,1700,0.5,1
5,7,922,2,10,5,0,300,0.5,1700,0.5,1
5,8,825,0,0,500,0.6,1000,0.2,1400,0.2,1
5,9,498,2,10,5,0,300,0.5,1700,0.5,0
5,10,470,1,0,500,0.6,1000,0.2,1400,0.2,2
5,11,507,1,0,300,0.5,1700,0.5,2
5,12,857,0,0,300,0.5,1700,0.5,1
5,13,504,1,0,500,0.6,1000,0.2,1400,0.2,2
5,14,511,1,0,300,0.5,1700,0.5,2
6,0,889,1,0,300,0.5,1700,0.5,0
6,1,570,0,0,500,0.6,1000,0.2,1400,0.2,1
6,2,66,0,0,300,0.5,1700,0.5,1
6,3,849,2,10,5,0,300,0.5,1700,0.5,1
6,4,680,0,0,500,0.6,1000,0.2,1400,0.2,0
6,5,164,0,0,500,0.6,1000,0.2,1400,0.2,0
6,6,472,1,0,500,0.6,1000,0.2,1400,0.2,0
6,7,570,1,0,500,0.6,1000,0.2,1400,0.2,0
6,8,578,2,10,5,0,300,0.5,1700,0.5,1
6,9,656,2,10,5,0,300,0.5,1700,0.5,2
6,10,767,1,0,300,0.5,1700,0.5,2
6,11,832,0,0,500,0.6,1000,0.2,1400,0.2,1
6,12,512,0,0,500,0.6,1000,0.2,1400,0.2,1
6,13,358,1,0,300,0.5,1700,0.5,0
6,14,730,2,10,5,0,300,0.5,1700,0.5,1
7,0,988,1,0,300,0.5,1700,0.5,0
7,1,115,1,0,300,0.5,1700,0.5,0
7,2,646,1,0,500,0.6,1000,0.2,1400,0.2,2
7,3,159,2,10,5,0,300,0.5,1700,0.5,1
7,4,326,0,0,500,0.6,1000,0.2,1400,0.2,0
7,5,613,0,0,500,0.6,1000,0.2,1400,0.2,0
7,6,515,0,0,300,0.5,1700,0.5,0
7,7,934,1,0,300,0.5,1700,0.5,2
7,8,404,2,10,5,0,500,0.6,1000,0.2,1400,0.2,1
7,9,359,0,0,300,0.5,1700,0.5,1
7,10,932,0,0,500,0.6,1000,0.2,1400,0.2,1
7,11,869,0,0,300,0.5,1700,0.5,0
7,12,149,0,0,500,0.6,1000,0.2,1400,0.2,1
7,13,760,1,0,300,0.5,1700,0.5,1
7,14,878,2,10,5,0,300,0.5,1700,0.5,1
8,0,38,1,0,500,0.6,1000,0.2,1400,0.2,1
8,1,871,0,0,300,0.5,1700,0.5,1
8,2,439,0,0,500,0.6,1000,0.2,1400,0.2,1
8,3,22,2,10,5,0,500,0.6,1000,0.2,1400,0.2,0
8,4,362,1,0,500,0.6,1000,0.2,1400,0.2,0
8,5,216,1,0,500,0.6,1000,0.2,1400,0.2,2
8,6,21,0,0,500,0.6,1000,0.2,1400,0.2,1
8,7,255,1,0,300,0.5,1700,0.5,1
8,8,526,1,0,500,0.6,1000,0.2,1400,0.2,2
8,9,413,1,0,500,0.6,1000,0.2,1400,0.2,0
8,10,292,0,0,300,0.5,1700,0.5,0
8,11,402,2,10,5,0,300,0.5,1700,0.5,1
8,12,896,0,0,300,0.5,1700,0.5,2
8,13,295,2,10,5,0,500,0.6,1000,0.2,1400,0.2,0
8,14,482,0,0,500,0.6,1000,0.2,1400,0.2,2
9,0,923,2,10,5,0,500,0.6,1000,0.2,1400,0.2,0
9,1,255,2,10,5,0,500,0.6,1000,0.2,1400,0.2,1
9,2,914,1,0,300,0.5,1700,0.5,1
9,3,990,1,0,500,0.6,1000,0.2,1400,0.2,0
9,4,46,1,0,300,0.5,1700,0.5,1
9,5,529,1,0,500,0.6,1000,0.2,1400,0.2,1
9,6,615,2,10,5,0,500,0.6,1000,0.2,1400,0.2,1
9,7,583,1,0,500,0.6,1000,0.2,1400,0.2,1
9,8,419,1,0,300,0.5,1700,0.5,2
9,9,100,1,0,500,0.6,1000,0.2,1400,0.2,0
9,10,731,0,0,300,0.5,1700,0.5,0
9,11,119,0,0,300,0.5,1700,0.5,1
9,12,725,1,0,500,0.6,1000,0.2,1400,0.2,2
9,13,252,1,0,300,0.5,1700,0.5,0
9,14,876,2,10,5,0,300,0.5,1700,0.5,0
10,0,506,0,0,300,0.5,1700,0.5,0
10,1,280,2,10,5,0,500,0.6,1000,0.2,1400,0.2,0
10,2,989,2,10,5,0,300,0.5,1700,0.5,0
10,3,235,2,10,5,0,500,0.6,1000,0.2,1400,0.2,0
10,4,754,1,0,300,0.5,1700,0.5,0
10,5,141,2,10,5,0,500,0.6,1000,0.2,1400,0.2,1
10,6,570,2,10,5,0,500,0.6,1000,0.2,1400,0.2,2
10,7,774,1,0,500,0.6,1000,0.2,1400,0.2,1
10,8,467,0,0,300,0.5,1700,0.5,2
10,9,82,2,10,5,0,300,0.5,1700,0.5,0
10,10,335,2,10,5,0,300,0.5,1700,0.5,0
10,11,237,2,10,5,0,300,0.5,1700,0.5,0
10,12,731,1,0,300,0.5,1700,0.5,0
10,13,868,0,0,500,0.6,1000,0.2,1400,0.2,0
10,14,516,2,10,5,0,300,0.5,1700,0.5,0
11,0,543,2,10,5,0,500,0.6,1000,0.2,1400,0.2,2
11,1,690,1,0,500,0.6,1000,0.2,1400,0.2,0
11,2,804,1,0,300,0.5,1700,0.5,2
11,3,222,2,10,5,0,500,0.6,1000,0.2,1400,0.2,1
11,4,1000,0,0,300,0.5,1700,0.5,0
11,5,658,0,0,300,0.5,1700,0.5,1
11,6,476,2,10,5,0,300,0.5,1700,0.5,1
11,7,893,2,10,5,0,300,0.5,1700,0.5,0
11,8,697,1,0,300,0.5,1700,0.5,1
11,9,743,0,0,500,0.6,1000,0.2,1400,0.2,0
11,10,726,0,0,300,0.5,1700,0.5,2
11,11,694,0,0,300,0.5,1700,0.5,0
11,12,371,0,0,300,0.5,1700,0.5,0
11,13,915,2,10,5,0,500,0.6,1000,0.2,1400,0.2,2
11,14,296,2,10,5,0,500,0.6,1000,0.2,1400,0.2,1
12,0,753,2,10,5,0,500,0.6,1000,0.2,1400,0.2,1
12,1,211,1,0,300,0.5,1700,0.5,0
12,2,119,1,0,300,0.5,1700,0.5,2
12,3,483,2,10,5,0,300,0.5,1700,0.5,0
12,4,702,0,0,500,0.6,1000,0.2,1400,0.2,0
12,5,450,0,0,500,0.6,1000,0.2,1400,0.2,2
12,6,728,1,0,500,0.6,1000,0.2,1400,0.2,2
12,7,817,2,10,5,0,300,0.5,1700,0.5,0
12,8,746,0,0,500,0.6,1000,0.2,1400,0.2,0
12,9,560,0,0,500,0.6,1000,0.2,1400,0.2,0
12,10,428,0,0,500,0.6,1000,0.2,1400,0.2,0
12,11,30,2,10,5,0,300,0.5,1700,0.5,1
12,12,616,2,10,5,0,500,0.6,1000,0.2,1400,0.2,0
12,13,816,0,0,500,0.6,1000,0.2,1400,0.2,1
12,14,878,1,0,300,0.5,1700,0.5,0
13,0,26,0,0,500,0.6,1000,0.2,1400,0.2,2
13,1,399,2,10,5,0,300,0.5,1700,0.5,1
13,2,592,0,0,300,0.5,1700,0.5,2
13,3,973,2,10,5,0,300,0.5,1700,0.5,1
13,4,178,1,0,500,0.6,1000,0.2,1400,0.2,1
13,5,515,0,0,500,0.6,1000,0.2,1400,0.2,2
13,6,844,1,0,500,0.6,1000,0.2,1400,0.2,1
13,7,443,1,0,300,0.5,1700,0.5,1
13,8,264,1,0,500,0.6,1000,0.2,1400,0.2,2
13,9,433,1,0,300,0.5,1700,0.5,0
13,10,48,1,0,500,0.6,1000,0.2,1400,0.2,1
13,11,73,1,0,500,0.6,1000,0.2,1400,0.2,1
13,12,92,2,10,5,0,500,0.6,1000,0.2,1400,0.2,2
13,13,89,1,0,300,0.5,1700,0.5,0
13,14,215,0,0,500,0.6,1000,0.2,1400,0.2,1
14,0,912,0,0,500,0.6,1000,0.2,1400,0.2,2
14,1,683,2,10,5,0,300,0.5,1700,0.5,2
14,2,359,1,0,300,0.5,1700,0.5,0
14,3,292,2,10,5,0,500,0.6,1000,0.2,1400,0.2,1
14,4,306,0,0,300,0.5,1700,0.5,0
14,5,410,0,0,300,0.5,1700,0.5,1
14,6,217,2,10,5,0,300,0.5,1700,0.5,2
14,7,892,0,0,500,0.6,1000,0.2,1400,0.2,0
14,8,944,1,0,500,0.6,1000,0.2,1400,0.2,1
14,9,988,2,10,5,0,300,0.5,1700,0.5,2
14,10,849,0,0,500,0.6,1000,0.2,1400,0.2,2
14,11,652,0,0,500,0.6,1000,0.2,1400,0.2,1
14,12,825,1,0,500,0.6,1000,0.2,1400,0.2,2
14,13,654,2,10,5,0,500,0.6,1000,0.2,1400,0.2,2
14,14,438,0,0,500,0.6,1000,0.2,1400,0.2,2
