0,0,69,1,0,300,0.5,1700,0.5,0
0,1,501,2,10,5,0,500,0.6,1000,0.2,1400,0.2,2
0,2,165,2,10,5,0,500,0.6,1000,0.2,1400,0.2,2
0,3,603,0,0,300,0.5,1700,0.5,1
0,4,232,0,0,300,0.5,1700,0.5,1
0,5,295,2,10,5,0,300,0.5,1700,0.5,0
0,6,934,1,0,500,0.6,1000,0.2,1400,0.2,2
0,7,437,1,0,500,0.6,1000,0.2,1400,0.2,1
0,8,581,1,0,500,0.6,1000,0.2,1400,0.2,0
0,9,455,2,10,5,0,300,0.5,1700,0.5,2
0,10,482,1,0,300,0.5,1700,0.5,2
0,11,620,2,10,5,0,300,0.5,1700,0.5,0
0,12,208,0,0,500,0.6,1000,0.2,1400,0.2,1
0,13,551,2,10,5,0,500,0.6,1000,0.2,1400,0.2,1
0,14,341,2,10,5,0,300,0.5,1700,0.5,0
1,0,253,0,0,500,0.6,1000,0.2,1400,0.2,2
1,1,344,0,0,300,0.5,1700,0.5,1
1,2,917,2,10,5,0,300,0.5,1700,0.5,0
1,3,824,0,0,300,0.5,1700,0.5,1
1,4,801,2,10,5,0,300,0.5,1700,0.5,2
1,5,137,1,0,500,0.6,1000,0.2,1400,0.2,0
1,6,797,1,0,500,0.6,1000,0.2,1400,0.2,0
1,7,477,2,10,5,0,300,0.5,1700,0.5,0
1,8,335,2,10,5,0,500,0.6,1000,0.2,1400,0.2,2
1,9,540,2,10,5,0,500,0.6,1000,0.2,1400,0.2,2
1,10,678,0,0,500,0.6,1000,0.2,1400,0.2,0
1,11,621,2,10,5,0,500,0.6,1000,0.2,1400,0.2,0
1,12,531,2,10,5,0,300,0.5,1700,0.5,2
1,13,34,1,0,500,0.6,1000,0.2,1400,0.2,1
1,14,72,0,0,300,0.5,1700,0.5,1
2,0,692,0,0,500,0.6,1000,0.2,1400,0.2,1
2,1,144,1,0,300,0.5,1700,0.5,1
2,2,998,2,10,5,0,300,0.5,1700,0.5,2
2,3,14,1,0,500,0.6,1000,0.2,1400,0.2,2
2,4,287,1,0,500,0.6,1000,0.2,1400,0.2,0
2,5,838,1,0,300,0.5,1700,0.5,1
2,6,118,2,10,5,0,300,0.5,1700,0.5,2
2,7,428,2,10,5,0,500,0.6,1000,0.2,1400,0.2,0
2,8,450,1,0,500,0.6,1000,0.2,1400,0.2,0
2,9,850,1,0,500,0.6,1000,0.2,1400,0.2,1
2,10,131,2,10,5,0,500,0.6,1000,0.2,1400,0.2,1
2,11,272,0,0,300,0.5,1700,0.5,1
2,12,494,0,0,500,0.6,1000,0.2,1400,0.2,0
2,13,262,0,0,500,0.6,1000,0.2,1400,0.2,2
2,14,325,1,0,300,0.5,1700,0.5,0
3,0,695,2,10,5,0,300,0.5,1700,0.5,2
3,1,81,1,0,500,0.6,1000,0.2,1400,0.2,2
3,2,637,0,0,300,0.5,1700,0.5,0
3,3,881,1,0,300,0.5,1700,0.5,0
3,4,416,1,0,500,0.6,1000,0.2,1400,0.2,0
3,5,955,0,0,300,0.5,1700,0.5,2
3,6,352,0,0,500,0.6,1000,0.2,1400,0.2,1
3,7,707,1,0,300,0.5,1700,0.5,1
3,8,932,1,0,300,0.5,1700,0.5,0
3,9,160,1,0,500,0.6,1000,0.2,1400,0.2,0
3,10,794,0,0,300,0.5,1700,0.5,1
3,11,990,0,0,300,0.5,1700,0.5,2
3,12,166,1,0,500,0.6,1000,0.2,1400,0.2,2
3,13,910,1,0,500,0.6,1000,0.2,1400,0.2,2
3,14,171,2,10,5,0,500,0.6,1000,0.2,1400,0.2,1
4,0,846,0,0,500,0.6,1000,0.2,1400,0.2,2
4,1,51,1,0,500,0.6,1000,0.2,1400,0.2,2
4,2,217,0,0,300,0.5,1700,0.5,0
4,3,159,2,10,5,0,500,0.6,1000,0.2,1400,0.2,0
4,4,484,0,0,300,0.5,1700,0.5,2
4,5,31,1,0,300,0.5,1700,0.5,2
4,6,191,2,10,5,0,300,0.5,1700,0.5,0
4,7,837,1,0,500,0.6,1000,0.2,1400,0.2,2
4,8,448,1,0,500,0.6,1000,0.2,1400,0.2,1
4,9,186,1,0,300,0.5,1700,0.5,1
4,10,654,0,0,500,0.6,1000,0.2,1400,0.2,1
4,11,905,2,10,5,0,500,0.6,1000,0.2,1400,0.2,0
4,12,372,0,0,300,0.5,1700,0.5,1
4,13,864,0,0,300,0.5,1700,0.5,0
4,14,940,0,0,300,0.5,1700,0.5,1
5,0,372,1,0,500,0.6,1000,0.2,1400,0.2,0
5,1,163,2,10,5,0,500,0.6,1000,0.2,1400,0.2,1
5,2,712,2,10,5,0,300,0.5,1700,0.5,1
5,3,151,1,0,500,0.6,1000,0.2,1400,0.2,2
5,4,725,0,0,300,0.5,1700,0.5,0
5,5,811,0,0,300,0.5,1700,0.5,2
5,6,355,0,0,500,0.6,1000,0.2,1400,0.2,2
5,7,297,2,10,5,0,500,0.6,1000,0.2,1400,0.2,2
5,8,976,0,0,500,0.6,1000,0.2,1400,0.2,0
5,9,644,1,0,500,0.6,1000,0.2,1400,0.2,2
5,10,828,0,0,300,0.5,1700,0.5,0
5,11,793,2,10,5,0,300,0.5,1700,0.5,0
5,12,334,1,0,300,0.5,1700,0.5,0
5,13,383,0,0,500,0.6,1000,0.2,1400,0.2,1
5,14,580,2,10,5,0,300,0.5,1700,0.5,2
6,0,360,0,0,500,0.6,1000,0.2,1400,0.2,2
6,1,75,1,0,500,0.6,1000,0.2,1400,0.2,1
6,2,415,0,0,300,0.5,1700,0.5,0
6,3,380,1,0,300,0.5,1700,0.5,2
6,4,541,2,10,5,0,500,0.6,1000,0.2,1400,0.2,0
6,5,797,0,0,500,0.6,1000,0.2,1400,0.2,0
6,6,389,2,10,5,0,300,0.5,1700,0.5,2
6,7,847,1,0,500,0.6,1000,0.2,1400,0.2,1
6,8,226,1,0,300,0.5,1700,0.5,0
6,9,35,0,0,300,0.5,1700,0.5,2
6,10,802,2,10,5,0,300,0.5,1700,0.5,2
6,11,891,2,10,5,0,300,0.5,1700,0.5,0
6,12,507,1,0,500,0.6,1000,0.2,1400,0.2,2
6,13,387,2,10,5,0,300,0.5,1700,0.5,2
6,14,191,0,0,300,0.5,1700,0.5,0
7,0,256,1,0,300,0.5,1700,0.5,0
7,1,430,2,10,5,0,500,0.6,1000,0.2,1400,0.2,2
7,2,308,0,0,300,0.5,1700,0.5,1
7,3,989,1,0,300,0.5,1700,0.5,0
7,4,152,1,0,300,0.5,1700,0.5,1
7,5,812,2,10,5,0,500,0.6,1000,0.2,1400,0.2,1
7,6,284,2,10,5,0,300,0.5,1700,0.5,2
7,7,399,2,10,5,0,300,0.5,1700,0.5,2
7,8,898,2,10,5,0,500,0.6,1000,0.2,1400,0.2,1
7,9,719,2,10,5,0,500,0.6,1000,0.2,1400,0.2,1
7,10,824,1,0,500,0.6,1000,0.2,1400,0.2,0
7,11,233,0,0,300,0.5,1700,0.5,2
7,12,144,2,10,5,0,500,0.6,1000,0.2,1400,0.2,2
7,13,828,1,0,300,0.5,1700,0.5,2
7,14,359,1,0,300,0.5,1700,0.5,1
8,0,792,1,0,300,0.5,1700,0.5,0
8,1,806,2,10,5,0,300,0.5,1700,0.5,2
8,2,764,0,0,500,0.6,1000,0.2,1400,0.2,0
8,3,695,1,0,300,0.5,1700,0.5,0
8,4,156,2,10,5,0,500,0.6,1000,0.2,1400,0.2,2
8,5,972,1,0,300,0.5,1700,0.5,2
8,6,59,2,10,5,0,500,0.6,1000,0.2,1400,0.2,0
8,7,129,2,10,5,0,500,0.6,1000,0.2,1400,0.2,2
8,8,208,2,10,5,0,500,0.6,1000,0.2,1400,0.2,1
8,9,373,1,0,300,0.5,1700,0.5,1
8,10,540,2,10,5,0,300,0.5,1700,0.5,0
8,11,842,0,0,300,0.5,1700,0.5,0
8,12,617,0,0,300,0.5,1700,0.5,0
8,13,874,2,10,5,0,300,0.5,1700,0.5,1
8,14,888,1,0,300,0.5,1700,0.5,1
9,0,975,1,0,300,0.5,1700,0.5,0
9,1,620,0,0,300,0.5,1700,0.5,0
9,2,787,0,0,300,0.5,1700,0.5,1
9,3,532,1,0,500,0.6,1000,0.2,1400,0.2,1
9,4,782,1,0,300,0.5,1700,0.5,1
9,5,807,0,0,500,0.6,1000,0.2,1400,0.2,2
9,6,42,2,10,5,0,500,0.6,1000,0.2,1400,0.2,1
9,7,49,1,0,500,0.6,1000,0.2,1400,0.2,1
9,8,959,1,0,300,0.5,1700,0.5,0
9,9,896,1,0,500,0.6,1000,0.2,1400,0.2,2
9,10,929,1,0,300,0.5,1700,0.5,0
9,11,948,1,0,500,0.6,1000,0.2,1400,0.2,0
9,12,836,0,0,500,0.6,1000,0.2,1400,0.2,1
9,13,64,2,10,5,0,500,0.6,1000,0.2,1400,0.2,1
9,14,716,0,0,500,0.6,1000,0.2,1400,0.2,1
10,0,281,1,0,500,0.6,1000,0.2,1400,0.2,0
10,1,263,0,0,500,0.6,1000,0.2,1400,0.2,0
10,2,779,1,0,300,0.5,1700,0.5,0
10,3,330,1,0,500,0.6,1000,0.2,1400,0.2,1
10,4,765,1,0,300,0.5,1700,0.5,0
10,5,661,2,10,5,0,500,0.6,1000,0.2,1400,0.2,0
10,6,478,1,0,500,0.6,1000,0.2,1400,0.2,1
10,7,202,2,10,5,0,500,0.6,1000,0.2,1400,0.2,0
10,8,738,2,10,5,0,500,0.6,1000,0.2,1400,0.2,2
10,9,537,2,10,5,0,300,0.5,1700,0.5,2
10,10,955,0,0,300,0.5,1700,0.5,0
10,11,569,1,0,300,0.5,1700,0.5,2
10,12,184,0,0,300,0.5,1700,0.5,0
10,13,753,1,0,300,0.5,1700,0.5,0
10,14,455,0,0,300,0.5,1700,0.5,1
11,0,227,2,10,5,0,300,0.5,1700,0.5,0
11,1,397,0,0,500,0.6,1000,0.2,1400,0.2,2
11,2,28,0,0,300,0.5,1700,0.5,0
11,3,512,0,0,300,0.5,1700,0.5,0
11,4,51,1,0,500,0.6,1000,0.2,1400,0.2,2
11,5,269,2,10,5,0,300,0.5,1700,0.5,0
11,6,762,2,10,5,0,300,0.5,1700,0.5,0
11,7,894,2,10,5,0,500,0.6,1000,0.2,1400,0.2,0
11,8,589,0,0,500,0.6,1000,0.2,1400,0.2,1
11,9,24,2,10,5,0,300,0.5,1700,0.5,2
11,10,291,2,10,5,0,500,0.6,1000,0.2,1400,0.2,1
11,11,755,0,0,500,0.6,1000,0.2,1400,0.2,2
11,12,427,2,10,5,0,500,0.6,1000,0.2,1400,0.2,1
11,13,148,1,0,500,0.6,1000,0.2,1400,0.2,0
11,14,586,1,0,300,0.5,1700,0.5,1
12,0,499,1,0,300,0.5,1700,0.5,1
12,1,30,1,0,500,0.6,1000,0.2,1400,0.2,0
12,2,424,0,0,500,0.6,1000,0.2,1400,0.2,1
12,3,605,0,0,300,0.5,1700,0.5,0
12,4,144,0,0,500,0.6,1000,0.2,1400,0.2,0
12,5,597,0,0,500,0.6,1000,0.2,1400,0.2,2
12,6,275,1,0,500,0.6,1000,0.2,1400,0.2,0
12,7,44,2,10,5,0,500,0.6,1000,0.2,1400,0.2,0
12,8,543,1,0,300,0.5,1700,0.5,0
12,9,343,1,0,300,0.5,1700,0.5,0
12,10,709,1,0,500,0.6,1000,0.2,1400,0.2,2
12,11,151,1,0,500,0.6,1000,0.2,1400,0.2,1
12,12,269,0,0,300,0.5,1700,0.5,2
12,13,647,1,0,300,0.5,1700,0.5,2
12,14,478,0,0,500,0.6,1000,0.2,1400,0.2,1
13,0,987,1,0,300,0.5,1700,0.5,1
13,1,84,1,0,300,0.5,1700,0.5,0
13,2,746,2,10,5,0,300,0.5,1700,0.5,1
13,3,439,2,10,5,0,500,0.6,1000,0.2,1400,0.2,1
13,4,867,0,0,500,0.6,1000,0.2,1400,0.2,1
13,5,549,1,0,500,0.6,1000,0.2,1400,0.2,2
13,6,435,2,10,5,0,500,0.6,1000,0.2,1400,0.2,1
13,7,570,1,0,500,0.6,1000,0.2,1400,0.2,2
13,8,815,1,0,300,0.5,1700,0.5,2
13,9,532,1,0,500,0.6,1000,0.2,1400,0.2,2
13,10,626,2,10,5,0,300,0.5,1700,0.5,2
13,11,173,1,0,500,0.6,1000,0.2,1400,0.2,2
13,12,175,1,0,300,0.5,1700,0.5,1
13,13,519,1,0,300,0.5,1700,0.5,2
13,14,639,1,0,300,0.5,1700,0.5,0
14,0,429,0,0,300,0.5,1700,0.5,2
14,1,861,0,0,500,0.6,1000,0.2,1400,0.2,1
14,2,209,1,0,500,0.6,1000,0.2,1400,0.2,2
14,3,639,0,0,500,0.6,1000,0.2,1400,0.2,0
14,4,108,1,0,300,0.5,1700,0.5,1
14,5,140,1,0,300,0.5,1700,0.5,0
14,6,971,2,10,5,0,300,0.5,1700,0.5,2
14,7,592,0,0,300,0.5,1700,0.5,0
14,8,865,0,0,500,0.6,1000,0.2,1400,0.2,1
14,9,294,1,0,500,0.6,1000,0.2,1400,0.2,1
14,10,630,1,0,300,0.5,1700,0.5,2
14,11,489,0,0,500,0.6,1000,0.2,1400,0.2,2
14,12,666,1,0,300,0.5,1700,0.5,0
14,13,886,1,0,300,0.5,1700,0.5,1
14,14,483,0,0,300,0.5,1700,0.5,0
