0,0,765,0,0,300,0.5,1700,0.5,2
0,1,630,2,10,5,0,300,0.5,1700,0.5,1
0,2,259,2,10,5,0,300,0.5,1700,0.5,0
0,3,210,0,0,500,0.6,1000,0.2,1400,0.2,2
0,4,289,2,10,5,0,300,0.5,1700,0.5,1
0,5,944,0,0,500,0.6,1000,0.2,1400,0.2,0
0,6,20,0,0,500,0.6,1000,0.2,1400,0.2,2
0,7,168,0,0,500,0.6,1000,0.2,1400,0.2,1
0,8,996,0,0,500,0.6,1000,0.2,1400,0.2,0
0,9,54,0,0,300,0.5,1700,0.5,1
0,10,949,1,0,300,0.5,1700,0.5,2
0,11,320,1,0,500,0.6,1000,0.2,1400,0.2,2
0,12,51,0,0,300,0.5,1700,0.5,0
0,13,662,2,10,5,0,500,0.6,1000,0.2,1400,0.2,1
0,14,151,1,0,500,0.6,1000,0.2,1400,0.2,0
1,0,252,2,10,5,0,300,0.5,1700,0.5,1
1,1,827,1,0,500,0.6,1000,0.2,1400,0.2,0
1,2,382,0,0,300,0.5,1700,0.5,0
1,3,434,2,10,5,0,500,0.6,1000,0.2,1400,0.2,2
1,4,866,0,0,500,0.6,1000,0.2,1400,0.2,0
1,5,423,1,0,500,0.6,1000,0.2,1400,0.2,2
1,6,492,2,10,5,0,300,0.5,1700,0.5,2
1,7,988,0,0,300,0.5,1700,0.5,1
1,8,75,0,0,500,0.6,1000,0.2,1400,0.2,2
1,9,164,0,0,300,0.5,1700,0.5,2
1,10,884,1,0,500,0.6,1000,0.2,1400,0.2,1
1,11,165,1,0,500,0.6,1000,0.2,1400,0.2,1
1,12,59,2,10,5,0,500,0.6,1000,0.2,1400,0.2,2
1,13,780,1,0,300,0.5,1700,0.5,1
1,14,238,1,0,500,0.6,1000,0.2,1400,0.2,0
2,0,563,2,10,5,0,500,0.6,1000,0.2,1400,0.2,1
2,1,248,2,10,5,0,500,0.6,1000,0.2,1400,0.2,1
2,2,861,2,10,5,0,500,0.6,1000,0.2,1400,0.2,1
2,3,131,1,0,500,0.6,1000,0.2,1400,0.2,2
2,4,462,1,0,500,0.6,1000,0.2,1400,0.2,0
2,5,506,0,0,500,0.6,1000,0.2,1400,0.2,1
2,6,516,1,0,300,0.5,1700,0.5,0
2,7,114,1,0,300,0.5,1700,0.5,1
2,8,439,1,0,300,0.5,1700,0.5,1
2,9,869,0,0,500,0.6,1000,0.2,1400,0.2,1
2,10,603,0,0,300,0.5,1700,0.5,0
2,11,834,1,0,500,0.6,1000,0.2,1400,0.2,0
2,12,841,1,0,500,0.6,1000,0.2,1400,0.2,2
2,13,905,2,10,5,0,500,0.6,1000,0.2,1400,0.2,2
2,14,931,0,0,300,0.5,1700,0.5,0
3,0,975,0,0,300,0.5,1700,0.5,1
3,1,133,2,10,5,0,300,0.5,1700,0.5,0
3,2,86,0,0,500,0.6,1000,0.2,1400,0.2,2
3,3,27,0,0,500,0.6,1000,0.2,1400,0.2,1
3,4,729,1,0,300,0.5,1700,0.5,0
3,5,925,0,0,300,0.5,1700,0.5,2
3,6,605,2,10,5,0,500,0.6,1000,0.2,1400,0.2,2
3,7,121,2,10,5,0,300,0.5,1700,0.5,2
3,8,731,1,0,500,0.6,1000,0.2,1400,0.2,2
3,9,926,2,10,5,0,300,0.5,1700,0.5,1
3,10,763,0,0,500,0.6,1000,0.2,1400,0.2,1
3,11,287,2,10,5,0,300,0.5,1700,0.5,2
3,12,323,1,0,500,0.6,1000,0.2,1400,0.2,2
3,13,398,1,0,500,0.6,1000,0.2,1400,0.2,0
3,14,779,1,0,500,0.6,1000,0.2,1400,0.2,0
4,0,172,2,10,5,0,500,0.6,1000,0.2,1400,0.2,1
4,1,573,1,0,300,0.5,1700,0.5,1
4,2,826,2,10,5,0,500,0.6,1000,0.2,1400,0.2,1
4,3,345,0,0,300,0.5,1700,0.5,1
4,4,405,1,0,300,0.5,1700,0.5,2
4,5,936,0,0,500,0.6,1000,0.2,1400,0.2,1
4,6,887,2,10,5,0,300,0.5,1700,0.5,2
4,7,508,1,0,500,0.6,1000,0.2,1400,0.2,1
4,8,184,2,10,5,0,500,0.6,1000,0.2,1400,0.2,1
4,9,955,0,0,500,0.6,1000,0.2,1400,0.2,0
4,10,875,2,10,5,0,300,0.5,1700,0.5,1
4,11,350,1,0,300,0.5,1700,0.5,0
4,12,850,2,10,5,0,300,0.5,1700,0.5,1
4,13,680,1,0,300,0.5,1700,0.5,2
4,14,906,1,0,500,0.6,1000,0.2,1400,0.2,2
5,0,988,0,0,500,0.6,1000,0.2,1400,0.2,1
5,1,374,2,10,5,0,500,0.6,1000,0.2,1400,0.2,1
5,2,152,1,0,500,0.6,1000,0.2,1400,0.2,0
5,3,544,0,0,500,0.6,1000,0.2,1400,0.2,0
5,4,602,1,0,300,0.5,1700,0.5,0
5,5,510,1,0,500,0.6,1000,0.2,1400,0.2,2
5,6,223,0,0,500,0.6,1000,0.2,1400,0.2,0
5,7,455,1,0,300,0.5,1700,0.5,1
5,8,525,0,0,300,0.5,1700,0.5,0
5,9,363,0,0,300,0.5,1700,0.5,0
5,10,82,1,0,500,0.6,1000,0.2,1400,0.2,2
5,11,67,1,0,300,0.5,1700,0.5,1
5,12,104,0,0,300,0.5,1700,0.5,1
5,13,556,2,10,5,0,300,0.5,1700,0.5,0
5,14,270,0,0,300,0.5,1700,0.5,2
6,0,143,1,0,300,0.5,1700,0.5,1
6,1,649,2,10,5,0,500,0.6,1000,0.2,1400,0.2,1
6,2,397,0,0,500,0.6,1000,0.2,1400,0.2,1
6,3,39,0,0,500,0.6,1000,0.2,1400,0.2,0
6,4,446,1,0,300,0.5,1700,0.5,0
6,5,355,2,10,5,0,300,0.5,1700,0.5,0
6,6,318,2,10,5,0,500,0.6,1000,0.2,1400,0.2,1
6,7,857,1,0,500,0.6,1000,0.2,1400,0.2,1
6,8,202,0,0,500,0.6,1000,0.2,1400,0.2,1
6,9,658,0,0,300,0.5,1700,0.5,2
6,10,919,0,0,500,0.6,1000,0.2,1400,0.2,1
6,11,486,2,10,5,0,500,0.6,1000,0.2,1400,0.2,0
6,12,393,2,10,5,0,500,0.6,1000,0.2,1400,0.2,1
6,13,187,1,0,300,0.5,1700,0.5,1
6,14,41,2,10,5,0,500,0.6,1000,0.2,1400,0.2,1
7,0,384,2,10,5,0,500,0.6,1000,0.2,1400,0.2,2
7,1,558,2,10,5,0,500,0.6,1000,0.2,1400,0.2,2
7,2,327,0,0,500,0.6,1000,0.2,1400,0.2,0
7,3,274,2,10,5,0,300,0.5,1700,0.5,0
7,4,907,2,10,5,0,500,0.6,1000,0.2,1400,0.2,2
7,5,479,1,0,300,0.5,1700,0.5,1
7,6,667,1,0,500,0.6,1000,0.2,1400,0.2,2
7,7,555,0,0,300,0.5,1700,0.5,0
7,8,434,1,0,300,0.5,1700,0.5,2
7,9,283,2,10,5,0,500,0.6,1000,0.2,1400,0.2,1
7,10,541,0,0,300,0.5,1700,0.5,2
7,11,661,1,0,300,0.5,1700,0.5,0
7,12,107,0,0,500,0.6,1000,0.2,1400,0.2,0
7,13,365,0,0,300,0.5,1700,0.5,2
7,14,24,2,10,5,0,300,0.5,1700,0.5,2
8,0,834,0,0,500,0.6,1000,0.2,1400,0.2,0
8,1,490,2,10,5,0,300,0.5,1700,0.5,0
8,2,390,1,0,300,0.5,1700,0.5,0
8,3,722,0,0,500,0.6,1000,0.2,1400,0.2,0
8,4,965,0,0,300,0.5,1700,0.5,2
8,5,527,2,10,5,0,500,0.6,1000,0.2,1400,0.2,0
8,6,45,2,10,5,0,500,0.6,1000,0.2,1400,0.2,2
8,7,129,2,10,5,0,500,0.6,1000,0.2,1400,0.2,0
8,8,217,0,0,300,0.5,1700,0.5,0
8,9,672,2,10,5,0,300,0.5,1700,0.5,0
8,10,291,2,10,5,0,500,0.6,1000,0.2,1400,0.2,2
8,11,318,0,0,500,0.6,1000,0.2,1400,0.2,2
8,12,56,1,0,300,0.5,1700,0.5,1
8,13,139,0,0,300,0.5,1700,0.5,1
8,14,546,1,0,300,0.5,1700,0.5,0
9,0,987,0,0,300,0.5,1700,0.5,2
9,1,991,2,10,5,0,500,0.6,1000,0.2,1400,0.2,1
9,2,219,0,0,300,0.5,1700,0.5,1
9,3,373,0,0,300,0.5,1700,0.5,1
9,4,788,2,10,5,0,500,0.6,1000,0.2,1400,0.2,2
9,5,62,1,0,500,0.6,1000,0.2,1400,0.2,1
9,6,726,2,10,5,0,500,0.6,1000,0.2,1400,0.2,2
9,7,433,0,0,500,0.6,1000,0.2,1400,0.2,0
9,8,964,1,0,500,0.6,1000,0.2,1400,0.2,2
9,9,20,0,0,500,0.6,1000,0.2,1400,0.2,1
9,10,476,1,0,500,0.6,1000,0.2,1400,0.2,1
9,11,181,0,0,300,0.5,1700,0.5,0
9,12,524,1,0,500,0.6,1000,0.2,1400,0.2,2
9,13,634,0,0,300,0.5,1700,0.5,2
9,14,74,2,10,5,0,300,0.5,1700,0.5,1
10,0,722,2,10,5,0,300,0.5,1700,0.5,0
10,1,325,1,0,300,0.5,1700,0.5,0
10,2,279,0,0,300,0.5,1700,0.5,2
10,3,387,0,0,500,0.6,1000,0.2,1400,0.2,1
10,4,212,0,0,500,0.6,1000,0.2,1400,0.2,0
10,5,544,0,0,500,0.6,1000,0.2,1400,0.2,2
10,6,373,0,0,300,0.5,1700,0.5,0
10,7,839,2,10,5,0,500,0.6,1000,0.2,1400,0.2,2
10,8,996,2,10,5,0,300,0.5,1700,0.5,0
10,9,690,2,10,5,0,500,0.6,1000,0.2,1400,0.2,2
10,10,647,0,0,500,0.6,1000,0.2,1400,0.2,2
10,11,800,1,0,500,0.6,1000,0.2,1400,0.2,1
10,12,728,1,0,300,0.5,1700,0.5,2
10,13,738,1,0,300,0.5,1700,0.5,1
10,14,1000,0,0,300,0.5,1700,0.5,1
11,0,439,1,0,300,0.5,1700,0.5,2
11,1,460,0,0,300,0.5,1700,0.5,2
11,2,663,1,0,500,0.6,1000,0.2,1400,0.2,0
11,3,239,0,0,300,0.5,1700,0.5,0
11,4,726,2,10,5,0,300,0.5,1700,0.5,0
11,5,36,1,0,500,0.6,1000,0.2,1400,0.2,0
11,6,591,2,10,5,0,500,0.6,1000,0.2,1400,0.2,0
11,7,476,1,0,300,0.5,1700,0.5,0
11,8,817,2,10,5,0,300,0.5,1700,0.5,1
11,9,798,0,0,500,0.6,1000,0.2,1400,0.2,0
11,10,244,1,0,500,0.6,1000,0.2,1400,0.2,1
11,11,734,1,0,500,0.6,1000,0.2,1400,0.2,2
11,12,591,0,0,500,0.6,1000,0.2,1400,0.2,1
11,13,148,2,10,5,0,500,0.6,1000,0.2,1400,0.2,2
11,14,813,2,10,5,0,300,0.5,1700,0.5,0
12,0,425,2,10,5,0,300,0.5,1700,0.5,1
12,1,331,1,0,300,0.5,1700,0.5,1
12,2,896,1,0,500,0.6,1000,0.2,1400,0.2,2
12,3,617,1,0,500,0.6,1000,0.2,1400,0.2,1
12,4,645,2,10,5,0,500,0.6,1000,0.2,1400,0.2,2
12,5,334,1,0,500,0.6,1000,0.2,1400,0.2,0
12,6,818,1,0,300,0.5,1700,0.5,2
12,7,539,1,0,500,0.6,1000,0.2,1400,0.2,2
12,8,154,1,0,300,0.5,1700,0.5,1
12,9,724,2,10,5,0,300,0.5,1700,0.5,1
12,10,279,2,10,5,0,300,0.5,1700,0.5,2
12,11,364,2,10,5,0,500,0.6,1000,0.2,1400,0.2,0
12,12,199,2,10,5,0,500,0.6,1000,0.2,1400,0.2,2
12,13,834,0,0,300,0.5,1700,0.5,1
12,14,362,2,10,5,0,500,0.6,1000,0.2,1400,0.2,0
13,0,693,0,0,500,0.6,1000,0.2,1400,0.2,0
13,1,35,2,10,5,0,300,0.5,1700,0.5,2
13,2,778,1,0,300,0.5,1700,0.5,2
13,3,839,0,0,300,0.5,1700,0.5,0
13,4,209,1,0,300,0.5,1700,0.5,2
13,5,250,2,10,5,0,500,0.6,1000,0.2,1400,0.2,0
13,6,988,0,0,300,0.5,1700,0.5,1
13,7,113,2,10,5,0,300,0.5,1700,0.5,1
13,8,266,2,10,5,0,500,0.6,1000,0.2,1400,0.2,1
13,9,868,1,0,300,0.5,1700,0.5,1
13,10,382,0,0,500,0.6,1000,0.2,1400,0.2,0
13,11,54,0,0,300,0.5,1700,0.5,0
13,12,580,1,0,300,0.5,1700,0.5,2
13,13,799,1,0,500,0.6,1000,0.2,1400,0.2,2
13,14,448,0,0,500,0.6,1000,0.2,1400,0.2,2
14,0,752,0,0,500,0.6,1000,0.2,1400,0.2,0
14,1,391,2,10,5,0,300,0.5,1700,0.5,2
14,2,446,1,0,300,0.5,1700,0.5,1
14,3,708,2,10,5,0,500,0.6,1000,0.2,1400,0.2,1
14,4,286,1,0,500,0.6,1000,0.2,1400,0.2,0
14,5,29,0,0,300,0.5,1700,0.5,0
14,6,442,1,0,300,0.5,1700,0.5,1
14,7,390,1,0,500,0.6,1000,0.2,1400,0.2,1
14,8,490,0,0,500,0.6,1000,0.2,1400,0.2,2
14,9,616,2,10,5,0,500,0.6,1000,0.2,1400,0.2,2
14,10,437,2,10,5,0,500,0.6,1000,0.2,1400,0.2,1
14,11,309,0,0,300,0.5,1700,0.5,2
14,12,534,1,0,300,0.5,1700,0.5,2
14,13,954,1,0,500,0.6,1000,0.2,1400,0.2,2
14,14,574,2,10,5,0,300,0.5,1700,0.5,1
