0,0,607,1,0,300,0.5,1700,0.5,1
0,1,953,0,0,500,0.6,1000,0.2,1400,0.2,0
0,2,687,0,0,500,0.6,1000,0.2,1400,0.2,2
0,3,189,0,0,300,0.5,1700,0.5,0
0,4,217,1,0,500,0.6,1000,0.2,1400,0.2,1
0,5,875,2,10,5,0,500,0.6,1000,0.2,1400,0.2,1
0,6,110,2,10,5,0,500,0.6,1000,0.2,1400,0.2,1
0,7,623,2,10,5,0,500,0.6,1000,0.2,1400,0.2,2
0,8,887,0,0,300,0.5,1700,0.5,2
0,9,167,2,10,5,0,500,0.6,1000,0.2,1400,0.2,1
0,10,208,1,0,500,0.6,1000,0.2,1400,0.2,1
0,11,232,0,0,500,0.6,1000,0.2,1400,0.2,1
0,12,260,2,10,5,0,500,0.6,1000,0.2,1400,0.2,0
0,13,261,2,10,5,0,500,0.6,1000,0.2,1400,0.2,2
0,14,346,0,0,500,0.6,1000,0.2,1400,0.2,2
1,0,252,1,0,300,0.5,1700,0.5,2
1,1,138,0,0,500,0.6,1000,0.2,1400,0.2,0
1,2,708,2,10,5,0,300,0.5,1700,0.5,0
1,3,111,2,10,5,0,500,0.6,1000,0.2,1400,0.2,2
1,4,386,0,0,500,0.6,1000,0.2,1400,0.2,1
1,5,622,1,0,500,0.6,1000,0.2,1400,0.2,2
1,6,201,1,0,500,0.6,1000,0.2,1400,0.2,0
1,7,467,0,0,300,0.5,1700,0.5,2
1,8,118,2,10,5,0,300,0.5,1700,0.5,0
1,9,200,0,0,500,0.6,1000,0.2,1400,0.2,2
1,10,437,1,0,300,0.5,1700,0.5,1
1,11,340,0,0,500,0.6,1000,0.2,1400,0.2,1
1,12,701,2,10,5,0,500,0.6,1000,0.2,1400,0.2,0
1,13,309,0,0,300,0.5,1700,0.5,1
1,14,749,1,0,500,0.6,1000,0.2,1400,0.2,1
2,0,178,1,0,300,0.5,1700,0.5,2
2,1,81,0,0,500,0.6,1000,0.2,1400,0.2,1
2,2,771,0,0,500,0.6,1000,0.2,1400,0.2,0
2,3,500,0,0,500,0.6,1000,0.2,1400,0.2,0
2,4,827,2,10,5,0,300,0.5,1700,0.5,2
2,5,980,0,0,300,0.5,1700,0.5,2
2,6,906,2,10,5,0,300,0.5,1700,0.5,1
2,7,190,0,0,300,0.5,1700,0.5,0
2,8,118,0,0,500,0.6,1000,0.2,1400,0.2,0
2,9,295,1,0,500,0.6,1000,0.2,1400,0.2,2
2,10,198,0,0,300,0.5,1700,0.5,0
2,11,328,2,10,5,0,500,0.6,1000,0.2,1400,0.2,1
2,12,612,2,10,5,0,500,0.6,1000,0.2,1400,0.2,1
2,13,297,0,0,300,0.5,1700,0.5,0
2,14,135,0,0,300,0.5,1700,0.5,2
3,0,224,2,10,5,0,300,0.5,1700,0.5,2
3,1,634,1,0,300,0.5,1700,0.5,0
3,2,472,1,0,300,0.5,1700,0.5,1
3,3,438,2,10,5,0,300,0.5,1700,0.5,1
3,4,475,1,0,500,0.6,1000,0.2,1400,0.2,1
3,5,97,2,10,5,0,300,0.5,1700,0.5,0
3,6,835,2,10,5,0,500,0.6,1000,0.2,1400,0.2,0
3,7,81,1,0,300,0.5,1700,0.5,1
3,8,644,0,0,500,0.6,1000,0.2,1400,0.2,2
3,9,365,0,0,300,0.5,1700,0.5,1
3,10,621,1,0,300,0.5,1700,0.5,1
3,11,329,2,10,5,0,500,0.6,1000,0.2,1400,0.2,2
3,12,55,2,10,5,0,300,0.5,1700,0.5,0
3,13,374,2,10,5,0,300,0.5,1700,0.5,0
3,14,122,1,0,500,0.6,1000,0.2,1400,0.2,2
4,0,397,0,0,500,0.6,1000,0.2,1400,0.2,0
4,1,690,1,0,500,0.6,1000,0.2,1400,0.2,2
4,2,660,1,0,300,0.5,1700,0.5,1
4,3,332,1,0,300,0.5,1700,0.5,2
4,4,466,1,0,300,0.5,1700,0.5,1
4,5,489,0,0,300,0.5,1700,0.5,1
4,6,867,1,0,300,0.5,1700,0.5,1
4,7,316,1,0,500,0.6,1000,0.2,1400,0.2,1
4,8,301,0,0,500,0.6,1000,0.2,1400,0.2,2
4,9,516,1,0,500,0.6,1000,0.2,1400,0.2,0
4,10,943,1,0,300,0.5,1700,0.5,0
4,11,906,1,0,500,0.6,1000,0.2,1400,0.2,1
4,12,463,2,10,5,0,500,0.6,1000,0.2,1400,0.2,1
4,13,428,0,0,300,0.5,1700,0.5,1
4,14,146,2,10,5,0,500,0.6,1000,0.2,1400,0.2,2
5,0,667,0,0,500,0.6,1000,0.2,1400,0.2,1
5,1,542,1,0,500,0.6,1000,0.2,1400,0.2,0
5,2,414,2,10,5,0,500,0.6,1000,0.2,1400,0.2,0
5,3,300,2,10,5,0,300,0.5,1700,0.5,2
5,4,782,2,10,5,0,300,0.5,1700,0.5,2
5,5,250,2,10,5,0,500,0.6,1000,0.2,1400,0.2,0
5,6,561,2,10,5,0,300,0.5,1700,0.5,2
5,7,609,1,0,500,0.6,1000,0.2,1400,0.2,2
5,8,740,0,0,500,0.6,1000,0.2,1400,0.2,0
5,9,256,2,10,5,0,300,0.5,1700,0.5,0
5,10,801,2,10,5,0,300,0.5,1700,0.5,2
5,11,580,0,0,300,0.5,1700,0.5,2
5,12,701,0,0,300,0.5,1700,0.5,2
5,13,485,0,0,500,0.6,1000,0.2,1400,0.2,0
5,14,472,1,0,500,0.6,1000,0.2,1400,0.2,1
6,0,343,2,10,5,0,500,0.6,1000,0.2,1400,0.2,1
6,1,218,0,0,500,0.6,1000,0.2,1400,0.2,2
6,2,663,1,0,300,0.5,1700,0.5,0
6,3,226,1,0,500,0.6,1000,0.2,1400,0.2,1
6,4,215,2,10,5,0,500,0.6,1000,0.2,1400,0.2,2
6,5,70,0,0,300,0.5,1700,0.5,0
6,6,153,0,0,500,0.6,1000,0.2,1400,0.2,1
6,7,535,0,0,500,0.6,1000,0.2,1400,0.2,1
6,8,876,1,0,300,0.5,1700,0.5,2
6,9,729,1,0,300,0.5,1700,0.5,0
6,10,174,2,10,5,0,500,0.6,1000,0.2,1400,0.2,2
6,11,369,2,10,5,0,500,0.6,1000,0.2,1400,0.2,2
6,12,869,0,0,500,0.6,1000,0.2,1400,0.2,2
6,13,324,0,0,500,0.6,1000,0.2,1400,0.2,2
6,14,446,1,0,300,0.5,1700,0.5,0
7,0,174,2,10,5,0,300,0.5,1700,0.5,0
7,1,914,1,0,500,0.6,1000,0.2,1400,0.2,2
7,2,434,1,0,500,0.6,1000,0.2,1400,0.2,0
7,3,626,2,10,5,0,500,0.6,1000,0.2,1400,0.2,2
7,4,352,0,0,500,0.6,1000,0.2,1400,0.2,0
7,5,638,0,0,500,0.6,1000,0.2,1400,0.2,0
7,6,348,1,0,300,0.5,1700,0.5,2
7,7,63,1,0,300,0.5,1700,0.5,2
7,8,516,1,0,500,0.6,1000,0.2,1400,0.2,0
7,9,146,0,0,500,0.6,1000,0.2,1400,0.2,1
7,10,715,2,10,5,0,300,0.5,1700,0.5,0
7,11,790,2,10,5,0,500,0.6,1000,0.2,1400,0.2,1
7,12,278,1,0,300,0.5,1700,0.5,0
7,13,44,0,0,500,0.6,1000,0.2,1400,0.2,2
7,14,173,0,0,500,0.6,1000,0.2,1400,0.2,2
8,0,857,2,10,5,0,500,0.6,1000,0.2,1400,0.2,2
8,1,443,2,10,5,0,300,0.5,1700,0.5,0
8,2,554,1,0,500,0.6,1000,0.2,1400,0.2,0
8,3,773,1,0,300,0.5,1700,0.5,1
8,4,745,1,0,300,0.5,1700,0.5,1
8,5,427,2,10,5,0,500,0.6,1000,0.2,1400,0.2,0
8,6,172,2,10,5,0,500,0.6,1000,0.2,1400,0.2,1
8,7,504,2,10,5,0,500,0.6,1000,0.2,1400,0.2,2
8,8,868,2,10,5,0,500,0.6,1000,0.2,1400,0.2,0
8,9,975,1,0,500,0.6,1000,0.2,1400,0.2,2
8,10,732,0,0,500,0.6,1000,0.2,1400,0.2,2
8,11,464,2,10,5,0,300,0.5,1700,0.5,1
8,12,511,0,0,500,0.6,1000,0.2,1400,0.2,1
8,13,375,0,0,500,0.6,1000,0.2,1400,0.2,2
8,14,529,0,0,500,0.6,1000,0.2,1400,0.2,0
9,0,884,0,0,500,0.6,1000,0.2,1400,0.2,0
9,1,799,2,10,5,0,300,0.5,1700,0.5,1
9,2,535,2,10,5,0,300,0.5,1700,0.5,0
9,3,140,0,0,300,0.5,1700,0.5,0
9,4,645,2,10,5,0,300,0.5,1700,0.5,2
9,5,754,0,0,500,0.6,1000,0.2,1400,0.2,1
9,6,510,0,0,300,0.5,1700,0.5,0
9,7,404,0,0,500,0.6,1000,0.2,1400,0.2,1
9,8,575,2,10,5,0,500,0.6,1000,0.2,1400,0.2,2
9,9,698,1,0,500,0.6,1000,0.2,1400,0.2,1
9,10,224,2,10,5,0,300,0.5,1700,0.5,1
9,11,265,0,0,300,0.5,1700,0.5,2
9,12,305,0,0,300,0.5,1700,0.5,1
9,13,845,1,0,500,0.6,1000,0.2,1400,0.2,1
9,14,305,0,0,300,0.5,1700,0.5,0
10,0,755,0,0,500,0.6,1000,0.2,1400,0.2,1
10,1,584,1,0,300,0.5,1700,0.5,1
10,2,245,2,10,5,0,500,0.6,1000,0.2,1400,0.2,1
10,3,618,1,0,300,0.5,1700,0.5,2
10,4,278,1,0,500,0.6,1000,0.2,1400,0.2,2
10,5,29,2,10,5,0,500,0.6,1000,0.2,1400,0.2,1
10,6,807,2,10,5,0,300,0.5,1700,0.5,1
10,7,26,2,10,5,0,500,0.6,1000,0.2,1400,0.2,2
10,8,208,2,10,5,0,300,0.5,1700,0.5,1
10,9,188,2,10,5,0,300,0.5,1700,0.5,2
10,10,51,2,10,5,0,500,0.6,1000,0.2,1400,0.2,0
10,11,66,2,10,5,0,300,0.5,1700,0.5,1
10,12,591,2,10,5,0,500,0.6,1000,0.2,1400,0.2,0
10,13,115,1,0,300,0.5,1700,0.5,2
10,14,152,0,0,300,0.5,1700,0.5,1
11,0,508,0,0,300,0.5,1700,0.5,1
11,1,166,2,10,5,0,500,0.6,1000,0.2,1400,0.2,1
11,2,477,0,0,300,0.5,1700,0.5,2
11,3,947,2,10,5,0,300,0.5,1700,0.5,1
11,4,966,0,0,500,0.6,1000,0.2,1400,0.2,1
11,5,571,1,0,500,0.6,1000,0.2,1400,0.2,2
11,6,905,0,0,300,0.5,1700,0.5,2
11,7,736,1,0,300,0.5,1700,0.5,2
11,8,270,0,0,500,0.6,1000,0.2,1400,0.2,2
11,9,776,1,0,500,0.6,1000,0.2,1400,0.2,2
11,10,434,2,10,5,0,300,0.5,1700,0.5,0
11,11,930,0,0,500,0.6,1000,0.2,1400,0.2,0
11,12,199,2,10,5,0,300,0.5,1700,0.5,0
11,13,436,1,0,500,0.6,1000,0.2,1400,0.2,2
11,14,221,0,0,300,0.5,1700,0.5,2
12,0,230,2,10,5,0,500,0.6,1000,0.2,1400,0.2,2
12,1,256,0,0,300,0.5,1700,0.5,2
12,2,869,1,0,500,0.6,1000,0.2,1400,0.2,0
12,3,29,0,0,500,0.6,1000,0.2,1400,0.2,0
12,4,154,0,0,300,0.5,1700,0.5,0
12,5,947,2,10,5,0,300,0.5,1700,0.5,2
12,6,967,2,10,5,0,300,0.5,1700,0.5,1
12,7,297,0,0,500,0.6,1000,0.2,1400,0.2,0
12,8,408,2,10,5,0,500,0.6,1000,0.2,1400,0.2,1
12,9,856,0,0,500,0.6,1000,0.2,1400,0.2,0
12,10,744,2,10,5,0,300,0.5,1700,0.5,1
12,11,236,2,10,5,0,500,0.6,1000,0.2,1400,0.2,0
12,12,756,0,0,300,0.5,1700,0.5,0
12,13,63,1,0,300,0.5,1700,0.5,1
12,14,855,0,0,500,0.6,1000,0.2,1400,0.2,0
13,0,511,1,0,500,0.6,1000,0.2,1400,0.2,0
13,1,707,1,0,500,0.6,1000,0.2,1400,0.2,2
13,2,941,1,0,500,0.6,1000,0.2,1400,0.2,1
13,3,612,1,0,300,0.5,1700,0.5,2
13,4,780,1,0,500,0.6,1000,0.2,1400,0.2,2
13,5,746,2,10,5,0,500,0.6,1000,0.2,1400,0.2,0
13,6,576,2,10,5,0,300,0.5,1700,0.5,1
13,7,227,0,0,300,0.5,1700,0.5,1
13,8,481,0,0,500,0.6,1000,0.2,1400,0.2,0
13,9,269,2,10,5,0,500,0.6,1000,0.2,1400,0.2,1
13,10,16,0,0,500,0.6,1000,0.2,1400,0.2,0
13,11,512,2,10,5,0,500,0.6,1000,0.2,1400,0.2,1
13,12,41,2,10,5,0,300,0.5,1700,0.5,2
13,13,836,0,0,300,0.5,1700,0.5,0
13,14,145,1,0,300,0.5,1700,0.5,1
14,0,63,0,0,300,0.5,1700,0.5,2
14,1,683,1,0,500,0.6,1000,0.2,1400,0.2,1
14,2,284,0,0,300,0.5,1700,0.5,1
14,3,247,0,0,300,0.5,1700,0.5,0
14,4,121,1,0,300,0.5,1700,0.5,1
14,5,754,2,10,5,0,500,0.6,1000,0.2,1400,0.2,0
14,6,612,0,0,500,0.6,1000,0.2,1400,0.2,0
14,7,984,1,0,300,0.5,1700,0.5,2
14,8,219,1,0,500,0.6,1000,0.2,1400,0.2,0
14,9,116,1,0,300,0.5,1700,0.5,0
14,10,305,0,0,300,0.5,1700,0.5,0
14,11,541,0,0,300,0.5,1700,0.5,0
14,12,847,2,10,5,0,500,0.6,1000,0.2,1400,0.2,2
14,13,611,1,0,500,0.6,1000,0.2,1400,0.2,0
14,14,872,2,10,5,0,500,0.6,1000,0.2,1400,0.2,0
