0,0,705,2,10,5,0,500,0.6,1000,0.2,1400,0.2,2
0,1,625,2,10,5,0,500,0.6,1000,0.2,1400,0.2,2
0,2,261,2,10,5,0,500,0.6,1000,0.2,1400,0.2,1
0,3,847,0,0,500,0.6,1000,0.2,1400,0.2,0
0,4,473,1,0,500,0.6,1000,0.2,1400,0.2,1
0,5,362,2,10,5,0,500,0.6,1000,0.2,1400,0.2,2
0,6,262,2,10,5,0,500,0.6,1000,0.2,1400,0.2,0
0,7,848,0,0,300,0.5,1700,0.5,0
0,8,973,2,10,5,0,500,0.6,1000,0.2,1400,0.2,1
0,9,633,1,0,300,0.5,1700,0.5,2
0,10,493,1,0,500,0.6,1000,0.2,1400,0.2,1
0,11,628,1,0,300,0.5,1700,0.5,0
0,12,616,0,0,500,0.6,1000,0.2,1400,0.2,1
0,13,299,2,10,5,0,300,0.5,1700,0.5,1
0,14,800,1,0,300,0.5,1700,0.5,1
1,0,130,2,10,5,0,300,0.5,1700,0.5,2
1,1,640,2,10,5,0,500,0.6,1000,0.2,1400,0.2,2
1,2,333,0,0,300,0.5,1700,0.5,2
1,3,378,2,10,5,0,300,0.5,1700,0.5,1
1,4,941,0,0,500,0.6,1000,0.2,1400,0.2,1
1,5,314,2,10,5,0,300,0.5,1700,0.5,1
1,6,115,0,0,500,0.6,1000,0.2,1400,0.2,2
1,7,826,1,0,300,0.5,1700,0.5,2
1,8,487,0,0,300,0.5,1700,0.5,0
1,9,188,0,0,300,0.5,1700,0.5,2
1,10,136,2,10,5,0,300,0.5,1700,0.5,0
1,11,13,0,0,500,0.6,1000,0.2,1400,0.2,0
1,12,151,1,0,300,0.5,1700,0.5,1
1,13,260,0,0,500,0.6,1000,0.2,1400,0.2,1
1,14,944,1,0,500,0.6,1000,0.2,1400,0.2,1
2,0,954,2,10,5,0,500,0.6,1000,0.2,1400,0.2,1
2,1,37,1,0,500,0.6,1000,0.2,1400,0.2,1
2,2,96,2,10,5,0,500,0.6,1000,0.2,1400,0.2,1
2,3,166,0,0,500,0.6,1000,0.2,1400,0.2,0
2,4,466,2,10,5,0,500,0.6,1000,0.2,1400,0.2,0
2,5,514,1,0,300,0.5,1700,0.5,2
2,6,141,1,0,300,0.5,1700,0.5,1
2,7,145,2,10,5,0,300,0.5,1700,0.5,0
2,8,198,1,0,500,0.6,1000,0.2,1400,0.2,0
2,9,853,2,10,5,0,300,0.5,1700,0.5,1
2,10,941,1,0,500,0.6,1000,0.2,1400,0.2,0
2,11,388,0,0,500,0.6,1000,0.2,1400,0.2,1
2,12,200,0,0,300,0.5,1700,0.5,2
2,13,46,0,0,500,0.6,1000,0.2,1400,0.2,0
2,14,330,1,0,300,0.5,1700,0.5,0
3,0,296,2,10,5,0,500,0.6,1000,0.2,1400,0.2,2
3,1,285,2,10,5,0,500,0.6,1000,0.2,1400,0.2,2
3,2,523,0,0,300,0.5,1700,0.5,2
3,3,135,0,0,500,0.6,1000,0.2,1400,0.2,2
3,4,827,0,0,300,0.5,1700,0.5,1
3,5,121,0,0,500,0.6,1000,0.2,1400,0.2,2
3,6,724,0,0,500,0.6,1000,0.2,1400,0.2,1
3,7,170,2,10,5,0,500,0.6,1000,0.2,1400,0.2,0
3,8,863,1,0,300,0.5,1700,0.5,2
3,9,985,2,10,5,0,500,0.6,1000,0.2,1400,0.2,1
3,10,675,2,10,5,0,500,0.6,1000,0.2,1400,0.2,1
3,11,380,0,0,300,0.5,1700,0.5,1
3,12,624,1,0,300,0.5,1700,0.5,0
3,13,736,0,0,500,0.6,1000,0.2,1400,0.2,1
3,14,318,1,0,300,0.5,1700,0.5,2
4,0,940,0,0,500,0.6,1000,0.2,1400,0.2,1
4,1,682,2,10,5,0,300,0.5,1700,0.5,2
4,2,170,1,0,500,0.6,1000,0.2,1400,0.2,2
4,3,352,1,0,500,0.6,1000,0.2,1400,0.2,0
4,4,66,1,0,300,0.5,1700,0.5,2
4,5,801,0,0,500,0.6,1000,0.2,1400,0.2,0
4,6,280,0,0,300,0.5,1700,0.5,0
4,7,767,0,0,500,0.6,1000,0.2,1400,0.2,1
4,8,629,0,0,300,0.5,1700,0.5,0
4,9,964,1,0,500,0.6,1000,0.2,1400,0.2,0
4,10,34,0,0,300,0.5,1700,0.5,0
4,11,276,2,10,5,0,300,0.5,1700,0.5,2
4,12,226,1,0,500,0.6,1000,0.2,1400,0.2,2
4,13,916,1,0,300,0.5,1700,0.5,1
4,14,388,2,10,5,0,500,0.6,1000,0.2,1400,0.2,0
5,0,386,1,0,300,0.5,1700,0.5,2
5,1,242,0,0,500,0.6,1000,0.2,1400,0.2,2
5,2,589,0,0,500,0.6,1000,0.2,1400,0.2,1
5,3,292,1,0,500,0.6,1000,0.2,1400,0.2,1
5,4,719,2,10,5,0,500,0.6,1000,0.2,1400,0.2,1
5,5,92,1,0,300,0.5,1700,0.5,2
5,6,351,1,0,300,0.5,1700,0.5,1
5,7,947,1,0,300,0.5,1700,0.5,2
5,8,410,1,0,300,0.5,1700,0.5,1
5,9,357,0,0,300,0.5,1700,0.5,1
5,10,48,2,10,5,0,300,0.5,1700,0.5,0
5,11,667,0,0,300,0.5,1700,0.5,2
5,12,236,2,10,5,0,500,0.6,1000,0.2,1400,0.2,1
5,13,566,0,0,500,0.6,1000,0.2,1400,0.2,1
5,14,531,0,0,300,0.5,1700,0.5,2
6,0,612,1,0,500,0.6,1000,0.2,1400,0.2,0
6,1,965,0,0,300,0.5,1700,0.5,0
6,2,258,0,0,500,0.6,1000,0.2,1400,0.2,2
6,3,761,2,10,5,0,500,0.6,1000,0.2,1400,0.2,2
6,4,769,1,0,300,0.5,1700,0.5,2
6,5,809,2,10,5,0,300,0.5,1700,0.5,1
6,6,838,1,0,500,0.6,1000,0.2,1400,0.2,2
6,7,287,2,10,5,0,300,0.5,1700,0.5,2
6,8,321,0,0,300,0.5,1700,0.5,1
6,9,841,0,0,300,0.5,1700,0.5,0
6,10,492,1,0,300,0.5,1700,0.5,2
6,11,587,2,10,5,0,300,0.5,1700,0.5,1
6,12,29,0,0,300,0.5,1700,0.5,1
6,13,769,2,10,5,0,500,0.6,1000,0.2,1400,0.2,0
6,14,783,2,10,5,0,300,0.5,1700,0.5,1
7,0,270,1,0,500,0.6,1000,0.2,1400,0.2,1
7,1,668,0,0,500,0.6,1000,0.2,1400,0.2,1
7,2,592,0,0,500,0.6,1000,0.2,1400,0.2,0
7,3,909,0,0,300,0.5,1700,0.5,2
7,4,94,2,10,5,0,300,0.5,1700,0.5,1
7,5,64,1,0,500,0.6,1000,0.2,1400,0.2,0
7,6,709,2,10,5,0,300,0.5,1700,0.5,0
7,7,304,0,0,500,0.6,1000,0.2,1400,0.2,2
7,8,879,1,0,500,0.6,1000,0.2,1400,0.2,1
7,9,456,0,0,500,0.6,1000,0.2,1400,0.2,1
7,10,358,1,0,500,0.6,1000,0.2,1400,0.2,2
7,11,566,1,0,300,0.5,1700,0.5,0
7,12,118,2,10,5,0,500,0.6,1000,0.2,1400,0.2,0
7,13,509,2,10,5,0,300,0.5,1700,0.5,1
7,14,599,1,0,300,0.5,1700,0.5,1
8,0,136,1,0,300,0.5,1700,0.5,0
8,1,852,2,10,5,0,500,0.6,1000,0.2,1400,0.2,0
8,2,58,0,0,300,0.5,1700,0.5,0
8,3,87,2,10,5,0,500,0.6,1000,0.2,1400,0.2,2
8,4,666,2,10,5,0,300,0.5,1700,0.5,1
8,5,237,1,0,300,0.5,1700,0.5,0
8,6,547,2,10,5,0,300,0.5,1700,0.5,0
8,7,770,0,0,300,0.5,1700,0.5,1
8,8,474,2,10,5,0,300,0.5,1700,0.5,0
8,9,264,2,10,5,0,500,0.6,1000,0.2,1400,0.2,1
8,10,675,2,10,5,0,300,0.5,1700,0.5,0
8,11,451,1,0,300,0.5,1700,0.5,1
8,12,396,0,0,500,0.6,1000,0.2,1400,0.2,1
8,13,572,2,10,5,0,300,0.5,1700,0.5,2
8,14,185,2,10,5,0,300,0.5,1700,0.5,1
9,0,816,1,0,300,0.5,1700,0.5,1
9,1,151,0,0,500,0.6,1000,0.2,1400,0.2,1
9,2,500,2,10,5,0,500,0.6,1000,0.2,1400,0.2,0
9,3,973,2,10,5,0,500,0.6,1000,0.2,1400,0.2,1
9,4,62,1,0,300,0.5,1700,0.5,0
9,5,483,2,10,5,0,300,0.5,1700,0.5,0
9,6,901,2,10,5,0,300,0.5,1700,0.5,1
9,7,955,2,10,5,0,500,0.6,1000,0.2,1400,0.2,1
9,8,525,0,0,500,0.6,1000,0.2,1400,0.2,2
9,9,264,0,0,300,0.5,1700,0.5,0
9,10,183,1,0,300,0.5,1700,0.5,0
9,11,319,1,0,500,0.6,1000,0.2,1400,0.2,1
9,12,321,2,10,5,0,500,0.6,1000,0.2,1400,0.2,0
9,13,595,1,0,300,0.5,1700,0.5,0
9,14,33,0,0,300,0.5,1700,0.5,2
10,0,190,0,0,300,0.5,1700,0.5,1
10,1,947,1,0,300,0.5,1700,0.5,2
10,2,707,1,0,500,0.6,1000,0.2,1400,0.2,2
10,3,752,0,0,300,0.5,1700,0.5,0
10,4,760,1,0,300,0.5,1700,0.5,1
10,5,669,0,0,500,0.6,1000,0.2,1400,0.2,2
10,6,219,0,0,500,0.6,1000,0.2,1400,0.2,1
10,7,499,1,0,300,0.5,1700,0.5,2
10,8,415,2,10,5,0,500,0.6,1000,0.2,1400,0.2,0
10,9,551,1,0,500,0.6,1000,0.2,1400,0.2,0
10,10,151,1,0,500,0.6,1000,0.2,1400,0.2,0
10,11,331,0,0,300,0.5,1700,0.5,2
10,12,821,1,0,500,0.6,1000,0.2,1400,0.2,1
10,13,909,0,0,300,0.5,1700,0.5,1
10,14,497,0,0,500,0.6,1000,0.2,1400,0.2,2
11,0,426,0,0,300,0.5,1700,0.5,0
11,1,827,0,0,500,0.6,1000,0.2,1400,0.2,2
11,2,929,0,0,500,0.6,1000,0.2,1400,0.2,1
11,3,814,2,10,5,0,500,0.6,1000,0.2,1400,0.2,0
11,4,797,1,0,300,0.5,1700,0.5,1
11,5,457,2,10,5,0,500,0.6,1000,0.2,1400,0.2,0
11,6,129,0,0,300,0.5,1700,0.5,1
11,7,476,1,0,300,0.5,1700,0.5,1
11,8,627,0,0,300,0.5,1700,0.5,1
11,9,369,0,0,300,0.5,1700,0.5,1
11,10,945,0,0,300,0.5,1700,0.5,2
11,11,959,1,0,500,0.6,1000,0.2,1400,0.2,0
11,12,123,2,10,5,0,500,0.6,1000,0.2,1400,0.2,0
11,13,884,2,10,5,0,300,0.5,1700,0.5,2
11,14,187,1,0,300,0.5,1700,0.5,2
12,0,640,2,10,5,0,300,0.5,1700,0.5,2
12,1,448,0,0,300,0.5,1700,0.5,2
12,2,885,2,10,5,0,300,0.5,1700,0.5,2
12,3,56,1,0,300,0.5,1700,0.5,2
12,4,835,0,0,300,0.5,1700,0.5,2
12,5,891,0,0,300,0.5,1700,0.5,2
12,6,561,1,0,300,0.5,1700,0.5,0
12,7,233,0,0,500,0.6,1000,0.2,1400,0.2,1
12,8,390,2,10,5,0,300,0.5,1700,0.5,0
12,9,160,2,10,5,0,500,0.6,1000,0.2,1400,0.2,1
12,10,439,2,10,5,0,300,0.5,1700,0.5,2
12,11,927,2,10,5,0,300,0.5,1700,0.5,2
12,12,202,0,0,300,0.5,1700,0.5,0
12,13,804,2,10,5,0,300,0.5,1700,0.5,0
12,14,911,2,10,5,0,300,0.5,1700,0.5,2
13,0,544,1,0,500,0.6,1000,0.2,1400,0.2,1
13,1,748,1,0,300,0.5,1700,0.5,2
13,2,881,2,10,5,0,300,0.5,1700,0.5,0
13,3,906,1,0,300,0.5,1700,0.5,2
13,4,543,1,0,500,0.6,1000,0.2,1400,0.2,1
13,5,544,0,0,300,0.5,1700,0.5,2
13,6,945,0,0,500,0.6,1000,0.2,1400,0.2,1
13,7,995,2,10,5,0,500,0.6,1000,0.2,1400,0.2,0
13,8,344,0,0,500,0.6,1000,0.2,1400,0.2,2
13,9,858,0,0,500,0.6,1000,0.2,1400,0.2,0
13,10,544,2,10,5,0,300,0.5,1700,0.5,0
13,11,916,2,10,5,0,500,0.6,1000,0.2,1400,0.2,0
13,12,619,1,0,500,0.6,1000,0.2,1400,0.2,0
13,13,626,2,10,5,0,300,0.5,1700,0.5,0
13,14,659,0,0,500,0.6,1000,0.2,1400,0.2,2
14,0,221,2,10,5,0,500,0.6,1000,0.2,1400,0.2,1
14,1,155,0,0,300,0.5,1700,0.5,2
14,2,900,1,0,300,0.5,1700,0.5,2
14,3,678,2,10,5,0,500,0.6,1000,0.2,1400,0.2,2
14,4,154,2,10,5,0,500,0.6,1000,0.2,1400,0.2,1
14,5,973,0,0,300,0.5,1700,0.5,1
14,6,889,2,10,5,0,300,0.5,1700,0.5,1
14,7,449,1,0,300,0.5,1700,0.5,1
14,8,365,0,0,300,0.5,1700,0.5,2
14,9,55,2,10,5,0,300,0.5,1700,0.5,2
14,10,382,2,10,5,0,500,0.6,1000,0.2,1400,0.2,2
14,11,258,0,0,500,0.6,1000,0.2,1400,0.2,2
14,12,597,1,0,500,0.6,1000,0.2,1400,0.2,2
14,13,683,1,0,300,0.5,1700,0.5,2
14,14,267,0,0,500,0.6,1000,0.2,1400,0.2,2
