0,0,848,0,0,500,0.6,1000,0.2,1400,0.2,2
0,1,931,2,10,5,0,300,0.5,1700,0.5,2
0,2,309,1,0,500,0.6,1000,0.2,1400,0.2,2
0,3,221,0,0,300,0.5,1700,0.5,0
0,4,333,2,10,5,0,500,0.6,1000,0.2,1400,0.2,1
0,5,568,1,0,500,0.6,1000,0.2,1400,0.2,2
0,6,572,1,0,300,0.5,1700,0.5,1
0,7,27,0,0,300,0.5,1700,0.5,1
0,8,789,0,0,300,0.5,1700,0.5,0
0,9,644,0,0,500,0.6,1000,0.2,1400,0.2,0
0,10,821,1,0,500,0.6,1000,0.2,1400,0.2,2
0,11,575,0,0,500,0.6,1000,0.2,1400,0.2,2
0,12,893,2,10,5,0,300,0.5,1700,0.5,2
0,13,161,0,0,300,0.5,1700,0.5,1
0,14,79,0,0,300,0.5,1700,0.5,0
1,0,386,2,10,5,0,500,0.6,1000,0.2,1400,0.2,1
1,1,157,0,0,500,0.6,1000,0.2,1400,0.2,2
1,2,665,2,10,5,0,300,0.5,1700,0.5,2
1,3,436,0,0,500,0.6,1000,0.2,1400,0.2,1
1,4,351,1,0,500,0.6,1000,0.2,1400,0.2,0
1,5,258,1,0,300,0.5,1700,0.5,1
1,6,658,0,0,300,0.5,1700,0.5,1
1,7,806,2,10,5,0,300,0.5,1700,0.5,1
1,8,293,2,10,5,0,300,0.5,1700,0.5,0
1,9,233,1,0,300,0.5,1700,0.5,2
1,10,770,0,0,300,0.5,1700,0.5,1
1,11,617,0,0,500,0.6,1000,0.2,1400,0.2,0
1,12,167,0,0,300,0.5,1700,0.5,1
1,13,571,1,0,500,0.6,1000,0.2,1400,0.2,1
1,14,593,1,0,300,0.5,1700,0.5,1
2,0,676,2,10,5,0,500,0.6,1000,0.2,1400,0.2,0
2,1,531,1,0,300,0.5,1700,0.5,0
2,2,995,1,0,500,0.6,1000,0.2,1400,0.2,0
2,3,797,1,0,500,0.6,1000,0.2,1400,0.2,2
2,4,481,1,0,500,0.6,1000,0.2,1400,0.2,0
2,5,621,0,0,500,0.6,1000,0.2,1400,0.2,2
2,6,86,0,0,300,0.5,1700,0.5,2
2,7,87,1,0,300,0.5,1700,0.5,1
2,8,272,2,10,5,0,300,0.5,1700,0.5,0
2,9,932,1,0,500,0.6,1000,0.2,1400,0.2,0
2,10,556,1,0,500,0.6,1000,0.2,1400,0.2,1
2,11,966,2,10,5,0,300,0.5,1700,0.5,2
2,12,492,0,0,300,0.5,1700,0.5,2
2,13,742,2,10,5,0,300,0.5,1700,0.5,2
2,14,587,0,0,500,0.6,1000,0.2,1400,0.2,2
3,0,305,2,10,5,0,300,0.5,1700,0.5,2
3,1,176,1,0,500,0.6,1000,0.2,1400,0.2,0
3,2,828,0,0,300,0.5,1700,0.5,1
3,3,916,0,0,300,0.5,1700,0.5,0
3,4,272,0,0,500,0.6,1000,0.2,1400,0.2,2
3,5,192,2,10,5,0,300,0.5,1700,0.5,0
3,6,566,1,0,300,0.5,1700,0.5,0
3,7,828,2,10,5,0,300,0.5,1700,0.5,1
3,8,569,2,10,5,0,300,0.5,1700,0.5,0
3,9,38,2,10,5,0,300,0.5,1700,0.5,1
3,10,578,2,10,5,0,300,0.5,1700,0.5,2
3,11,655,0,0,500,0.6,1000,0.2,1400,0.2,0
3,12,986,2,10,5,0,500,0.6,1000,0.2,1400,0.2,2
3,13,484,0,0,500,0.6,1000,0.2,1400,0.2,2
3,14,74,1,0,500,0.6,1000,0.2,1400,0.2,1
4,0,852,1,0,300,0.5,1700,0.5,1
4,1,253,0,0,500,0.6,1000,0.2,1400,0.2,2
4,2,208,1,0,300,0.5,1700,0.5,2
4,3,312,2,10,5,0,300,0.5,1700,0.5,2
4,4,42,1,0,300,0.5,1700,0.5,1
4,5,665,0,0,300,0.5,1700,0.5,1
4,6,256,0,0,500,0.6,1000,0.2,1400,0.2,0
4,7,19,2,10,5,0,300,0.5,1700,0.5,0
4,8,827,2,10,5,0,500,0.6,1000,0.2,1400,0.2,1
4,9,535,0,0,500,0.6,1000,0.2,1400,0.2,1
4,10,717,1,0,300,0.5,1700,0.5,2
4,11,468,2,10,5,0,500,0.6,1000,0.2,1400,0.2,0
4,12,893,2,10,5,0,500,0.6,1000,0.2,1400,0.2,0
4,13,181,0,0,300,0.5,1700,0.5,1
4,14,820,1,0,500,0.6,1000,0.2,1400,0.2,1
5,0,331,2,10,5,0,300,0.5,1700,0.5,1
5,1,68,2,10,5,0,300,0.5,1700,0.5,0
5,2,525,1,0,300,0.5,1700,0.5,0
5,3,40,2,10,5,0,300,0.5,1700,0.5,1
5,4,84,1,0,500,0.6,1000,0.2,1400,0.2,2
5,5,509,0,0,300,0.5,1700,0.5,2
5,6,12,0,0,500,0.6,1000,0.2,1400,0.2,2
5,7,206,1,0,300,0.5,1700,0.5,2
5,8,170,0,0,300,0.5,1700,0.5,1
5,9,322,2,10,5,0,500,0.6,1000,0.2,1400,0.2,0
5,10,28,0,0,500,0.6,1000,0.2,1400,0.2,1
5,11,991,1,0,500,0.6,1000,0.2,1400,0.2,2
5,12,535,1,0,500,0.6,1000,0.2,1400,0.2,1
5,13,253,0,0,500,0.6,1000,0.2,1400,0.2,1
5,14,468,0,0,500,0.6,1000,0.2,1400,0.2,2
6,0,60,0,0,300,0.5,1700,0.5,1
6,1,888,2,10,5,0,300,0.5,1700,0.5,2
6,2,453,1,0,300,0.5,1700,0.5,1
6,3,161,0,0,300,0.5,1700,0.5,2
6,4,941,0,0,300,0.5,1700,0.5,2
6,5,551,0,0,500,0.6,1000,0.2,1400,0.2,0
6,6,853,0,0,500,0.6,1000,0.2,1400,0.2,1
6,7,251,2,10,5,0,500,0.6,1000,0.2,1400,0.2,0
6,8,157,1,0,500,0.6,1000,0.2,1400,0.2,0
6,9,91,1,0,300,0.5,1700,0.5,0
6,10,71,1,0,300,0.5,1700,0.5,2
6,11,982,0,0,300,0.5,1700,0.5,0
6,12,282,2,10,5,0,300,0.5,1700,0.5,1
6,13,131,2,10,5,0,500,0.6,1000,0.2,1400,0.2,2
6,14,408,2,10,5,0,300,0.5,1700,0.5,1
7,0,840,0,0,300,0.5,1700,0.5,1
7,1,317,2,10,5,0,500,0.6,1000,0.2,1400,0.2,1
7,2,714,1,0,300,0.5,1700,0.5,2
7,3,222,2,10,5,0,300,0.5,1700,0.5,0
7,4,527,1,0,500,0.6,1000,0.2,1400,0.2,0
7,5,264,1,0,500,0.6,1000,0.2,1400,0.2,1
7,6,908,0,0,300,0.5,1700,0.5,1
7,7,777,2,10,5,0,300,0.5,1700,0.5,0
7,8,763,1,0,500,0.6,1000,0.2,1400,0.2,2
7,9,606,0,0,500,0.6,1000,0.2,1400,0.2,2
7,10,395,1,0,500,0.6,1000,0.2,1400,0.2,1
7,11,928,0,0,300,0.5,1700,0.5,2
7,12,495,1,0,300,0.5,1700,0.5,0
7,13,34,0,0,300,0.5,1700,0.5,2
7,14,877,2,10,5,0,300,0.5,1700,0.5,2
8,0,726,0,0,500,0.6,1000,0.2,1400,0.2,2
8,1,120,0,0,300,0.5,1700,0.5,2
8,2,324,2,10,5,0,500,0.6,1000,0.2,1400,0.2,2
8,3,932,0,0,500,0.6,1000,0.2,1400,0.2,0
8,4,940,1,0,300,0.5,1700,0.5,2
8,5,192,2,10,5,0,300,0.5,1700,0.5,2
8,6,497,2,10,5,0,500,0.6,1000,0.2,1400,0.2,2
8,7,394,0,0,500,0.6,1000,0.2,1400,0.2,0
8,8,217,1,0,300,0.5,1700,0.5,2
8,9,353,0,0,500,0.6,1000,0.2,1400,0.2,0
8,10,316,2,10,5,0,500,0.6,1000,0.2,1400,0.2,0
8,11,260,0,0,300,0.5,1700,0.5,1
8,12,804,2,10,5,0,500,0.6,1000,0.2,1400,0.2,1
8,13,267,2,10,5,0,300,0.5,1700,0.5,2
8,14,662,0,0,500,0.6,1000,0.2,1400,0.2,1
9,0,945,1,0,300,0.5,1700,0.5,2
9,1,356,2,10,5,0,300,0.5,1700,0.5,0
9,2,497,0,0,300,0.5,1700,0.5,2
9,3,447,0,0,500,0.6,1000,0.2,1400,0.2,0
9,4,335,0,0,300,0.5,1700,0.5,0
9,5,976,1,0,500,0.6,1000,0.2,1400,0.2,1
9,6,88,2,10,5,0,500,0.6,1000,0.2,1400,0.2,1
9,7,378,2,10,5,0,500,0.6,1000,0.2,1400,0.2,2
9,8,646,1,0,300,0.5,1700,0.5,1
9,9,606,0,0,300,0.5,1700,0.5,2
9,10,354,2,10,5,0,500,0.6,1000,0.2,1400,0.2,2
9,11,198,0,0,300,0.5,1700,0.5,1
9,12,465,0,0,300,0.5,1700,0.5,0
9,13,372,0,0,300,0.5,1700,0.5,1
9,14,207,0,0,500,0.6,1000,0.2,1400,0.2,1
10,0,849,2,10,5,0,300,0.5,1700,0.5,0
10,1,830,0,0,500,0.6,1000,0.2,1400,0.2,0
10,2,899,2,10,5,0,300,0.5,1700,0.5,1
10,3,244,0,0,300,0.5,1700,0.5,0
10,4,580,0,0,300,0.5,1700,0.5,1
10,5,482,0,0,300,0.5,1700,0.5,2
10,6,296,2,10,5,0,500,0.6,1000,0.2,1400,0.2,0
10,7,939,1,0,300,0.5,1700,0.5,1
10,8,777,0,0,500,0.6,1000,0.2,1400,0.2,0
10,9,920,0,0,500,0.6,1000,0.2,1400,0.2,0
10,10,753,0,0,300,0.5,1700,0.5,0
10,11,403,0,0,500,0.6,1000,0.2,1400,0.2,0
10,12,582,1,0,500,0.6,1000,0.2,1400,0.2,1
10,13,859,2,10,5,0,500,0.6,1000,0.2,1400,0.2,1
10,14,600,1,0,300,0.5,1700,0.5,1
11,0,120,2,10,5,0,500,0.6,1000,0.2,1400,0.2,2
11,1,858,1,0,500,0.6,1000,0.2,1400,0.2,1
11,2,648,0,0,500,0.6,1000,0.2,1400,0.2,2
11,3,447,2,10,5,0,300,0.5,1700,0.5,1
11,4,788,1,0,500,0.6,1000,0.2,1400,0.2,0
11,5,234,0,0,300,0.5,1700,0.5,1
11,6,832,0,0,500,0.6,1000,0.2,1400,0.2,0
11,7,735,0,0,500,0.6,1000,0.2,1400,0.2,2
11,8,977,2,10,5,0,500,0.6,1000,0.2,1400,0.2,0
11,9,824,2,10,5,0,300,0.5,1700,0.5,2
11,10,264,0,0,300,0.5,1700,0.5,0
11,11,64,0,0,500,0.6,1000,0.2,1400,0.2,1
11,12,216,0,0,300,0.5,1700,0.5,1
11,13,762,1,0,500,0.6,1000,0.2,1400,0.2,1
11,14,78,2,10,5,0,300,0.5,1700,0.5,0
12,0,130,0,0,500,0.6,1000,0.2,1400,0.2,1
12,1,492,2,10,5,0,300,0.5,1700,0.5,1
12,2,738,0,0,300,0.5,1700,0.5,0
12,3,981,0,0,500,0.6,1000,0.2,1400,0.2,0
12,4,709,1,0,500,0.6,1000,0.2,1400,0.2,2
12,5,636,1,0,500,0.6,1000,0.2,1400,0.2,1
12,6,186,2,10,5,0,500,0.6,1000,0.2,1400,0.2,1
12,7,903,2,10,5,0,300,0.5,1700,0.5,0
12,8,150,0,0,500,0.6,1000,0.2,1400,0.2,0
12,9,565,1,0,500,0.6,1000,0.2,1400,0.2,1
12,10,431,2,10,5,0,500,0.6,1000,0.2,1400,0.2,1
12,11,498,0,0,500,0.6,1000,0.2,1400,0.2,2
12,12,389,0,0,300,0.5,1700,0.5,0
12,13,622,0,0,300,0.5,1700,0.5,0
12,14,775,1,0,500,0.6,1000,0.2,1400,0.2,1
13,0,797,2,10,5,0,500,0.6,1000,0.2,1400,0.2,0
13,1,215,2,10,5,0,300,0.5,1700,0.5,1
13,2,266,0,0,300,0.5,1700,0.5,0
13,3,945,2,10,5,0,300,0.5,1700,0.5,2
13,4,79,1,0,500,0.6,1000,0.2,1400,0.2,2
13,5,908,0,0,500,0.6,1000,0.2,1400,0.2,2
13,6,830,1,0,500,0.6,1000,0.2,1400,0.2,1
13,7,916,2,10,5,0,500,0.6,1000,0.2,1400,0.2,2
13,8,223,2,10,5,0,300,0.5,1700,0.5,1
13,9,605,0,0,500,0.6,1000,0.2,1400,0.2,1
13,10,201,2,10,5,0,500,0.6,1000,0.2,1400,0.2,1
13,11,18,2,10,5,0,500,0.6,1000,0.2,1400,0.2,0
13,12,257,2,10,5,0,500,0.6,1000,0.2,1400,0.2,1
13,13,758,1,0,500,0.6,1000,0.2,1400,0.2,1
13,14,797,2,10,5,0,300,0.5,1700,0.5,0
14,0,887,0,0,500,0.6,1000,0.2,1400,0.2,2
14,1,942,2,10,5,0,500,0.6,1000,0.2,1400,0.2,1
14,2,267,2,10,5,0,300,0.5,1700,0.5,2
14,3,137,0,0,500,0.6,1000,0.2,1400,0.2,1
14,4,885,0,0,500,0.6,1000,0.2,1400,0.2,1
14,5,87,0,0,300,0.5,1700,0.5,1
14,6,901,0,0,500,0.6,1000,0.2,1400,0.2,0
14,7,584,1,0,300,0.5,1700,0.5,1
14,8,760,0,0,500,0.6,1000,0.2,1400,0.2,0
14,9,849,2,10,5,0,300,0.5,1700,0.5,2
14,10,122,2,10,5,0,500,0.6,1000,0.2,1400,0.2,1
14,11,910,2,10,5,0,500,0.6,1000,0.2,1400,0.2,2
14,12,230,0,0,500,0.6,1000,0.2,1400,0.2,0
14,13,358,2,10,5,0,500,0.6,1000,0.2,1400,0.2,2
14,14,142,0,0,500,0.6,1000,0.2,1400,0.2,0
