0,0,389,0,0,300,0.5,1700,0.5,1
0,1,140,2,10,5,0,500,0.6,1000,0.2,1400,0.2,2
0,2,33,1,0,300,0.5,1700,0.5,1
0,3,930,2,10,5,0,500,0.6,1000,0.2,1400,0.2,0
0,4,996,0,0,300,0.5,1700,0.5,2
0,5,832,0,0,300,0.5,1700,0.5,2
0,6,629,2,10,5,0,300,0.5,1700,0.5,1
0,7,856,1,0,500,0.6,1000,0.2,1400,0.2,2
0,8,120,2,10,5,0,500,0.6,1000,0.2,1400,0.2,2
0,9,1000,2,10,5,0,500,0.6,1000,0.2,1400,0.2,0
0,10,947,0,0,300,0.5,1700,0.5,0
0,11,201,2,10,5,0,500,0.6,1000,0.2,1400,0.2,2
0,12,166,1,0,300,0.5,1700,0.5,0
0,13,913,2,10,5,0,500,0.6,1000,0.2,1400,0.2,2
0,14,362,2,10,5,0,300,0.5,1700,0.5,0
1,0,515,2,10,5,0,300,0.5,1700,0.5,1
1,1,702,0,0,500,0.6,1000,0.2,1400,0.2,2
1,2,398,1,0,500,0.6,1000,0.2,1400,0.2,1
1,3,91,0,0,500,0.6,1000,0.2,1400,0.2,0
1,4,70,0,0,300,0.5,1700,0.5,1
1,5,361,2,10,5,0,500,0.6,1000,0.2,1400,0.2,1
1,6,578,0,0,300,0.5,1700,0.5,1
1,7,363,2,10,5,0,500,0.6,1000,0.2,1400,0.2,0
1,8,829,0,0,300,0.5,1700,0.5,0
1,9,284,1,0,300,0.5,1700,0.5,0
1,10,505,0,0,500,0.6,1000,0.2,1400,0.2,2
1,11,266,2,10,5,0,300,0.5,1700,0.5,2
1,12,403,0,0,300,0.5,1700,0.5,2
1,13,813,2,10,5,0,500,0.6,1000,0.2,1400,0.2,2
1,14,804,1,0,500,0.6,1000,0.2,1400,0.2,1
2,0,633,2,10,5,0,500,0.6,1000,0.2,1400,0.2,0
2,1,59,0,0,500,0.6,1000,0.2,1400,0.2,0
2,2,908,2,10,5,0,500,0.6,1000,0.2,1400,0.2,1
2,3,110,2,10,5,0,500,0.6,1000,0.2,1400,0.2,1
2,4,669,2,10,5,0,300,0.5,1700,0.5,1
2,5,415,1,0,300,0.5,1700,0.5,1
2,6,59,0,0,300,0.5,1700,0.5,1
2,7,357,2,10,5,0,500,0.6,1000,0.2,1400,0.2,0
2,8,443,1,0,500,0.6,1000,0.2,1400,0.2,1
2,9,786,1,0,500,0.6,1000,0.2,1400,0.2,1
2,10,878,2,10,5,0,300,0.5,1700,0.5,0
2,11,511,1,0,300,0.5,1700,0.5,0
2,12,598,0,0,500,0.6,1000,0.2,1400,0.2,2
2,13,112,0,0,300,0.5,1700,0.5,2
2,14,837,0,0,300,0.5,1700,0.5,1
3,0,136,2,10,5,0,300,0.5,1700,0.5,2
3,1,369,1,0,300,0.5,1700,0.5,0
3,2,105,2,10,5,0,500,0.6,1000,0.2,1400,0.2,2
3,3,17,0,0,500,0.6,1000,0.2,1400,0.2,2
3,4,911,0,0,500,0.6,1000,0.2,1400,0.2,2
3,5,853,1,0,500,0.6,1000,0.2,1400,0.2,2
3,6,469,0,0,500,0.6,1000,0.2,1400,0.2,0
3,7,515,0,0,300,0.5,1700,0.5,0
3,8,520,1,0,300,0.5,1700,0.5,2
3,9,105,0,0,300,0.5,1700,0.5,1
3,10,249,2,10,5,0,500,0.6,1000,0.2,1400,0.2,1
3,11,520,1,0,500,0.6,1000,0.2,1400,0.2,2
3,12,179,2,10,5,0,500,0.6,1000,0.2,1400,0.2,0
3,13,115,0,0,500,0.6,1000,0.2,1400,0.2,1
3,14,838,1,0,300,0.5,1700,0.5,1
4,0,259,2,10,5,0,300,0.5,1700,0.5,1
4,1,131,0,0,500,0.6,1000,0.2,1400,0.2,1
4,2,786,1,0,300,0.5,1700,0.5,0
4,3,34,0,0,500,0.6,1000,0.2,1400,0.2,0
4,4,860,0,0,300,0.5,1700,0.5,0
4,5,457,1,0,500,0.6,1000,0.2,1400,0.2,2
4,6,610,1,0,500,0.6,1000,0.2,1400,0.2,2
4,7,168,0,0,500,0.6,1000,0.2,1400,0.2,2
4,8,492,2,10,5,0,500,0.6,1000,0.2,1400,0.2,1
4,9,501,0,0,300,0.5,1700,0.5,1
4,10,596,1,0,500,0.6,1000,0.2,1400,0.2,2
4,11,303,2,10,5,0,300,0.5,1700,0.5,1
4,12,749,0,0,300,0.5,1700,0.5,1
4,13,986,2,10,5,0,300,0.5,1700,0.5,2
4,14,219,2,10,5,0,500,0.6,1000,0.2,1400,0.2,1
5,0,877,2,10,5,0,300,0.5,1700,0.5,1
5,1,862,1,0,500,0.6,1000,0.2,1400,0.2,1
5,2,330,0,0,500,0.6,1000,0.2,1400,0.2,1
5,3,123,0,0,300,0.5,1700,0.5,1
5,4,205,2,10,5,0,300,0.5,1700,0.5,2
5,5,695,2,10,5,0,500,0.6,1000,0.2,1400,0.2,0
5,6,606,0,0,500,0.6,1000,0.2,1400,0.2,2
5,7,644,2,10,5,0,300,0.5,1700,0.5,0
5,8,885,1,0,300,0.5,1700,0.5,1
5,9,207,2,10,5,0,500,0.6,1000,0.2,1400,0.2,2
5,10,279,1,0,500,0.6,1000,0.2,1400,0.2,0
5,11,995,1,0,500,0.6,1000,0.2,1400,0.2,0
5,12,124,1,0,300,0.5,1700,0.5,0
5,13,17,1,0,300,0.5,1700,0.5,2
5,14,195,2,10,5,0,300,0.5,1700,0.5,1
6,0,726,2,10,5,0,500,0.6,1000,0.2,1400,0.2,2
6,1,624,1,0,300,0.5,1700,0.5,2
6,2,888,2,10,5,0,300,0.5,1700,0.5,0
6,3,857,1,0,500,0.6,1000,0.2,1400,0.2,0
6,4,186,0,0,300,0.5,1700,0.5,2
6,5,557,0,0,500,0.6,1000,0.2,1400,0.2,1
6,6,104,2,10,5,0,500,0.6,1000,0.2,1400,0.2,1
6,7,59,1,0,300,0.5,1700,0.5,1
6,8,630,2,10,5,0,300,0.5,1700,0.5,1
6,9,158,1,0,300,0.5,1700,0.5,0
6,10,376,0,0,300,0.5,1700,0.5,1
6,11,212,1,0,500,0.6,1000,0.2,1400,0.2,0
6,12,547,1,0,300,0.5,1700,0.5,0
6,13,67,1,0,300,0.5,1700,0.5,1
6,14,135,0,0,300,0.5,1700,0.5,0
7,0,929,1,0,500,0.6,1000,0.2,1400,0.2,1
7,1,440,0,0,300,0.5,1700,0.5,0
7,2,733,2,10,5,0,300,0.5,1700,0.5,1
7,3,420,2,10,5,0,300,0.5,1700,0.5,2
7,4,809,1,0,500,0.6,1000,0.2,1400,0.2,0
7,5,478,1,0,300,0.5,1700,0.5,0
7,6,628,2,10,5,0,300,0.5,1700,0.5,0
7,7,339,1,0,300,0.5,1700,0.5,1
7,8,390,1,0,500,0.6,1000,0.2,1400,0.2,1
7,9,386,0,0,300,0.5,1700,0.5,0
7,10,379,1,0,500,0.6,1000,0.2,1400,0.2,2
7,11,186,1,0,500,0.6,1000,0.2,1400,0.2,0
7,12,706,0,0,500,0.6,1000,0.2,1400,0.2,0
7,13,860,2,10,5,0,500,0.6,1000,0.2,1400,0.2,0
7,14,909,0,0,500,0.6,1000,0.2,1400,0.2,1
8,0,279,0,0,500,0.6,1000,0.2,1400,0.2,1
8,1,445,1,0,300,0.5,1700,0.5,1
8,2,660,2,10,5,0,500,0.6,1000,0.2,1400,0.2,1
8,3,956,0,0,500,0.6,1000,0.2,1400,0.2,2
8,4,680,1,0,500,0.6,1000,0.2,1400,0.2,1
8,5,15,0,0,500,0.6,1000,0.2,1400,0.2,1
8,6,867,1,0,300,0.5,1700,0.5,2
8,7,696,0,0,500,0.6,1000,0.2,1400,0.2,0
8,8,488,0,0,300,0.5,1700,0.5,0
8,9,921,1,0,300,0.5,1700,0.5,2
8,10,257,1,0,500,0.6,1000,0.2,1400,0.2,0
8,11,765,1,0,500,0.6,1000,0.2,1400,0.2,0
8,12,882,1,0,300,0.5,1700,0.5,1
8,13,231,1,0,300,0.5,1700,0.5,1
8,14,692,1,0,300,0.5,1700,0.5,2
9,0,562,1,0,300,0.5,1700,0.5,0
9,1,974,2,10,5,0,300,0.5,1700,0.5,0
9,2,390,1,0,500,0.6,1000,0.2,1400,0.2,1
9,3,540,2,10,5,0,500,0.6,1000,0.2,1400,0.2,2
9,4,894,2,10,5,0,500,0.6,1000,0.2,1400,0.2,1
9,5,374,2,10,5,0,300,0.5,1700,0.5,0
9,6,320,0,0,300,0.5,1700,0.5,1
9,7,969,0,0,500,0.6,1000,0.2,1400,0.2,1
9,8,108,1,0,300,0.5,1700,0.5,1
9,9,604,0,0,500,0.6,1000,0.2,1400,0.2,0
9,10,496,1,0,300,0.5,1700,0.5,2
9,11,109,1,0,300,0.5,1700,0.5,2
9,12,749,1,0,300,0.5,1700,0.5,2
9,13,313,2,10,5,0,500,0.6,1000,0.2,1400,0.2,1
9,14,313,2,10,5,0,500,0.6,1000,0.2,1400,0.2,0
10,0,369,1,0,300,0.5,1700,0.5,0
10,1,412,0,0,500,0.6,1000,0.2,1400,0.2,0
10,2,154,0,0,300,0.5,1700,0.5,0
10,3,294,0,0,300,0.5,1700,0.5,1
10,4,147,1,0,500,0.6,1000,0.2,1400,0.2,2
10,5,367,0,0,500,0.6,1000,0.2,1400,0.2,2
10,6,635,1,0,500,0.6,1000,0.2,1400,0.2,2
10,7,522,2,10,5,0,500,0.6,1000,0.2,1400,0.2,2
10,8,966,0,0,300,0.5,1700,0.5,2
10,9,651,2,10,5,0,500,0.6,1000,0.2,1400,0.2,0
10,10,127,1,0,300,0.5,1700,0.5,2
10,11,678,0,0,500,0.6,1000,0.2,1400,0.2,0
10,12,793,1,0,500,0.6,1000,0.2,1400,0.2,0
10,13,803,1,0,500,0.6,1000,0.2,1400,0.2,2
10,14,848,1,0,300,0.5,1700,0.5,2
11,0,701,0,0,500,0.6,1000,0.2,1400,0.2,1
11,1,14,1,0,500,0.6,1000,0.2,1400,0.2,2
11,2,434,0,0,300,0.5,1700,0.5,1
11,3,521,2,10,5,0,500,0.6,1000,0.2,1400,0.2,0
11,4,474,0,0,500,0.6,1000,0.2,1400,0.2,0
11,5,811,1,0,300,0.5,1700,0.5,2
11,6,526,2,10,5,0,500,0.6,1000,0.2,1400,0.2,2
11,7,841,2,10,5,0,300,0.5,1700,0.5,0
11,8,687,0,0,300,0.5,1700,0.5,0
11,9,649,1,0,300,0.5,1700,0.5,2
11,10,789,2,10,5,0,500,0.6,1000,0.2,1400,0.2,1
11,11,520,1,0,500,0.6,1000,0.2,1400,0.2,0
11,12,169,0,0,500,0.6,1000,0.2,1400,0.2,1
11,13,361,1,0,500,0.6,1000,0.2,1400,0.2,0
11,14,533,1,0,500,0.6,1000,0.2,1400,0.2,1
12,0,331,1,0,300,0.5,1700,0.5,2
12,1,855,1,0,500,0.6,1000,0.2,1400,0.2,1
12,2,764,2,10,5,0,500,0.6,1000,0.2,1400,0.2,0
12,3,623,0,0,300,0.5,1700,0.5,0
12,4,862,0,0,300,0.5,1700,0.5,0
12,5,387,1,0,300,0.5,1700,0.5,2
12,6,274,2,10,5,0,300,0.5,1700,0.5,0
12,7,366,2,10,5,0,300,0.5,1700,0.5,2
12,8,174,1,0,300,0.5,1700,0.5,1
12,9,381,1,0,300,0.5,1700,0.5,1
12,10,196,2,10,5,0,500,0.6,1000,0.2,1400,0.2,2
12,11,613,1,0,500,0.6,1000,0.2,1400,0.2,0
12,12,178,2,10,5,0,300,0.5,1700,0.5,2
12,13,101,1,0,300,0.5,1700,0.5,2
12,14,125,2,10,5,0,300,0.5,1700,0.5,0
13,0,54,0,0,500,0.6,1000,0.2,1400,0.2,2
13,1,487,0,0,500,0.6,1000,0.2,1400,0.2,2
13,2,531,2,10,5,0,500,0.6,1000,0.2,1400,0.2,1
13,3,754,1,0,300,0.5,1700,0.5,1
13,4,548,0,0,500,0.6,1000,0.2,1400,0.2,1
13,5,35,2,10,5,0,300,0.5,1700,0.5,1
13,6,636,1,0,300,0.5,1700,0.5,2
13,7,882,1,0,500,0.6,1000,0.2,1400,0.2,2
13,8,261,2,10,5,0,500,0.6,1000,0.2,1400,0.2,1
13,9,963,1,0,500,0.6,1000,0.2,1400,0.2,1
13,10,393,2,10,5,0,500,0.6,1000,0.2,1400,0.2,0
13,11,586,2,10,5,0,500,0.6,1000,0.2,1400,0.2,2
13,12,563,1,0,300,0.5,1700,0.5,0
13,13,488,1,0,300,0.5,1700,0.5,2
13,14,978,1,0,300,0.5,1700,0.5,2
14,0,570,1,0,300,0.5,1700,0.5,0
14,1,182,1,0,500,0.6,1000,0.2,1400,0.2,2
14,2,91,2,10,5,0,500,0.6,1000,0.2,1400,0.2,1
14,3,406,2,10,5,0,300,0.5,1700,0.5,0
14,4,402,1,0,500,0.6,1000,0.2,1400,0.2,2
14,5,142,1,0,500,0.6,1000,0.2,1400,0.2,0
14,6,847,2,10,5,0,300,0.5,1700,0.5,2
14,7,116,0,0,300,0.5,1700,0.5,1
14,8,456,2,10,5,0,500,0.6,1000,0.2,1400,0.2,1
14,9,769,1,0,500,0.6,1000,0.2,1400,0.2,1
14,10,895,0,0,300,0.5,1700,0.5,0
14,11,809,2,10,5,0,500,0.6,1000,0.2,1400,0.2,2
14,12,116,1,0,300,0.5,1700,0.5,2
14,13,316,0,0,300,0.5,1700,0.5,1
14,14,641,2,10,5,0,300,0.5,1700,0.5,1
