0,0,407,0,0,300,0.5,1700,0.5,2
0,1,271,2,10,5,0,500,0.6,1000,0.2,1400,0.2,2
0,2,230,0,0,500,0.6,1000,0.2,1400,0.2,2
0,3,815,2,10,5,0,500,0.6,1000,0.2,1400,0.2,1
0,4,948,0,0,500,0.6,1000,0.2,1400,0.2,2
0,5,330,0,0,300,0.5,1700,0.5,2
0,6,321,2,10,5,0,500,0.6,1000,0.2,1400,0.2,0
0,7,517,0,0,300,0.5,1700,0.5,2
0,8,634,1,0,500,0.6,1000,0.2,1400,0.2,1
0,9,680,2,10,5,0,300,0.5,1700,0.5,2
0,10,160,0,0,300,0.5,1700,0.5,2
0,11,227,0,0,500,0.6,1000,0.2,1400,0.2,1
0,12,799,2,10,5,0,500,0.6,1000,0.2,1400,0.2,1
0,13,552,0,0,500,0.6,1000,0.2,1400,0.2,0
0,14,165,2,10,5,0,300,0.5,1700,0.5,1
1,0,620,2,10,5,0,500,0.6,1000,0.2,1400,0.2,2
1,1,410,0,0,500,0.6,1000,0.2,1400,0.2,1
1,2,709,0,0,300,0.5,1700,0.5,1
1,3,767,2,10,5,0,500,0.6,1000,0.2,1400,0.2,1
1,4,834,0,0,500,0.6,1000,0.2,1400,0.2,1
1,5,474,0,0,300,0.5,1700,0.5,0
1,6,340,2,10,5,0,500,0.6,1000,0.2,1400,0.2,1
1,7,802,1,0,500,0.6,1000,0.2,1400,0.2,2
1,8,676,0,0,300,0.5,1700,0.5,0
1,9,651,2,10,5,0,300,0.5,1700,0.5,0
1,10,929,2,10,5,0,500,0.6,1000,0.2,1400,0.2,0
1,11,427,1,0,500,0.6,1000,0.2,1400,0.2,1
1,12,129,1,0,300,0.5,1700,0.5,1
1,13,657,0,0,500,0.6,1000,0.2,1400,0.2,1
1,14,716,0,0,500,0.6,1000,0.2,1400,0.2,2
2,0,647,2,10,5,0,500,0.6,1000,0.2,1400,0.2,2
2,1,71,1,0,500,0.6,1000,0.2,1400,0.2,1
2,2,979,0,0,300,0.5,1700,0.5,1
2,3,682,0,0,500,0.6,1000,0.2,1400,0.2,1
2,4,773,2,10,5,0,300,0.5,1700,0.5,0
2,5,432,0,0,300,0.5,1700,0.5,0
2,6,808,2,10,5,0,300,0.5,1700,0.5,1
2,7,850,2,10,5,0,500,0.6,1000,0.2,1400,0.2,2
2,8,629,0,0,500,0.6,1000,0.2,1400,0.2,0
2,9,828,0,0,500,0.6,1000,0.2,1400,0.2,0
2,10,985,0,0,300,0.5,1700,0.5,2
2,11,444,2,10,5,0,300,0.5,1700,0.5,0
2,12,366,2,10,5,0,300,0.5,1700,0.5,2
2,13,823,1,0,300,0.5,1700,0.5,0
2,14,397,0,0,300,0.5,1700,0.5,2
3,0,44,1,0,300,0.5,1700,0.5,0
3,1,485,0,0,500,0.6,1000,0.2,1400,0.2,1
3,2,225,1,0,500,0.6,1000,0.2,1400,0.2,1
3,3,516,0,0,500,0.6,1000,0.2,1400,0.2,1
3,4,819,1,0,500,0.6,1000,0.2,1400,0.2,2
3,5,724,2,10,5,0,300,0.5,1700,0.5,1
3,6,47,1,0,500,0.6,1000,0.2,1400,0.2,1
3,7,10,1,0,500,0.6,1000,0.2,1400,0.2,0
3,8,752,2,10,5,0,300,0.5,1700,0.5,1
3,9,645,2,10,5,0,300,0.5,1700,0.5,1
3,10,248,2,10,5,0,500,0.6,1000,0.2,1400,0.2,0
3,11,349,0,0,500,0.6,1000,0.2,1400,0.2,0
3,12,844,2,10,5,0,300,0.5,1700,0.5,1
3,13,349,2,10,5,0,500,0.6,1000,0.2,1400,0.2,0
3,14,575,0,0,500,0.6,1000,0.2,1400,0.2,2
4,0,580,2,10,5,0,300,0.5,1700,0.5,0
4,1,442,0,0,300,0.5,1700,0.5,0
4,2,223,1,0,500,0.6,1000,0.2,1400,0.2,2
4,3,956,0,0,300,0.5,1700,0.5,1
4,4,285,2,10,5,0,500,0.6,1000,0.2,1400,0.2,2
4,5,776,2,10,5,0,300,0.5,1700,0.5,2
4,6,853,0,0,500,0.6,1000,0.2,1400,0.2,1
4,7,951,2,10,5,0,500,0.6,1000,0.2,1400,0.2,0
4,8,910,0,0,500,0.6,1000,0.2,1400,0.2,1
4,9,542,2,10,5,0,500,0.6,1000,0.2,1400,0.2,2
4,10,555,0,0,500,0.6,1000,0.2,1400,0.2,0
4,11,895,0,0,300,0.5,1700,0.5,1
4,12,181,1,0,500,0.6,1000,0.2,1400,0.2,0
4,13,822,0,0,300,0.5,1700,0.5,1
4,14,411,0,0,300,0.5,1700,0.5,0
5,0,759,1,0,500,0.6,1000,0.2,1400,0.2,1
5,1,712,1,0,500,0.6,1000,0.2,1400,0.2,1
5,2,879,0,0,300,0.5,1700,0.5,1
5,3,916,1,0,500,0.6,1000,0.2,1400,0.2,0
5,4,549,2,10,5,0,300,0.5,1700,0.5,0
5,5,922,0,0,500,0.6,1000,0.2,1400,0.2,0
5,6,716,0,0,300,0.5,1700,0.5,1
5,7,25,1,0,300,0.5,1700,0.5,1
5,8,322,1,0,500,0.6,1000,0.2,1400,0.2,1
5,9,584,0,0,500,0.6,1000,0.2,1400,0.2,0
5,10,892,0,0,500,0.6,1000,0.2,1400,0.2,0
5,11,422,1,0,500,0.6,1000,0.2,1400,0.2,1
5,12,581,2,10,5,0,300,0.5,1700,0.5,1
5,13,895,1,0,300,0.5,1700,0.5,2
5,14,617,2,10,5,0,500,0.6,1000,0.2,1400,0.2,1
6,0,116,2,10,5,0,300,0.5,1700,0.5,2
6,1,255,2,10,5,0,300,0.5,1700,0.5,0
6,2,622,0,0,300,0.5,1700,0.5,0
6,3,602,1,0,500,0.6,1000,0.2,1400,0.2,1
6,4,888,1,0,500,0.6,1000,0.2,1400,0.2,1
6,5,342,2,10,5,0,500,0.6,1000,0.2,1400,0.2,0
6,6,356,2,10,5,0,500,0.6,1000,0.2,1400,0.2,0
6,7,309,2,10,5,0,300,0.5,1700,0.5,0
6,8,545,0,0,300,0.5,1700,0.5,1
6,9,13,1,0,500,0.6,1000,0.2,1400,0.2,0
6,10,253,1,0,300,0.5,1700,0.5,1
6,11,370,0,0,500,0.6,1000,0.2,1400,0.2,1
6,12,249,1,0,300,0.5,1700,0.5,1
6,13,939,0,0,300,0.5,1700,0.5,2
6,14,284,2,10,5,0,300,0.5,1700,0.5,2
7,0,211,2,10,5,0,500,0.6,1000,0.2,1400,0.2,2
7,1,216,0,0,300,0.5,1700,0.5,1
7,2,249,1,0,500,0.6,1000,0.2,1400,0.2,2
7,3,459,0,0,300,0.5,1700,0.5,1
7,4,476,2,10,5,0,300,0.5,1700,0.5,0
7,5,980,0,0,300,0.5,1700,0.5,2
7,6,619,0,0,500,0.6,1000,0.2,1400,0.2,1
7,7,82,0,0,500,0.6,1000,0.2,1400,0.2,1
7,8,51,0,0,500,0.6,1000,0.2,1400,0.2,2
7,9,109,2,10,5,0,300,0.5,1700,0.5,2
7,10,132,0,0,500,0.6,1000,0.2,1400,0.2,1
7,11,795,2,10,5,0,300,0.5,1700,0.5,0
7,12,11,1,0,500,0.6,1000,0.2,1400,0.2,0
7,13,128,2,10,5,0,300,0.5,1700,0.5,2
7,14,290,0,0,300,0.5,1700,0.5,2
8,0,287,0,0,300,0.5,1700,0.5,0
8,1,85,1,0,300,0.5,1700,0.5,0
8,2,485,2,10,5,0,300,0.5,1700,0.5,1
8,3,964,0,0,300,0.5,1700,0.5,0
8,4,116,2,10,5,0,500,0.6,1000,0.2,1400,0.2,2
8,5,367,1,0,500,0.6,1000,0.2,1400,0.2,2
8,6,645,2,10,5,0,500,0.6,1000,0.2,1400,0.2,1
8,7,496,2,10,5,0,300,0.5,1700,0.5,2
8,8,675,1,0,500,0.6,1000,0.2,1400,0.2,0
8,9,822,0,0,300,0.5,1700,0.5,1
8,10,164,2,10,5,0,500,0.6,1000,0.2,1400,0.2,2
8,11,756,1,0,500,0.6,1000,0.2,1400,0.2,2
8,12,333,2,10,5,0,500,0.6,1000,0.2,1400,0.2,1
8,13,959,2,10,5,0,500,0.6,1000,0.2,1400,0.2,2
8,14,926,2,10,5,0,300,0.5,1700,0.5,2
9,0,581,2,10,5,0,500,0.6,1000,0.2,1400,0.2,2
9,1,831,0,0,300,0.5,1700,0.5,0
9,2,701,0,0,300,0.5,1700,0.5,2
9,3,967,0,0,300,0.5,1700,0.5,2
9,4,236,2,10,5,0,500,0.6,1000,0.2,1400,0.2,0
9,5,42,2,10,5,0,500,0.6,1000,0.2,1400,0.2,1
9,6,227,1,0,300,0.5,1700,0.5,2
9,7,476,2,10,5,0,500,0.6,1000,0.2,1400,0.2,2
9,8,884,2,10,5,0,500,0.6,1000,0.2,1400,0.2,1
9,9,241,0,0,300,0.5,1700,0.5,1
9,10,586,2,10,5,0,500,0.6,1000,0.2,1400,0.2,1
9,11,200,2,10,5,0,300,0.5,1700,0.5,2
9,12,845,2,10,5,0,300,0.5,1700,0.5,2
9,13,311,0,0,500,0.6,1000,0.2,1400,0.2,1
9,14,683,0,0,500,0.6,1000,0.2,1400,0.2,2
10,0,60,1,0,500,0.6,1000,0.2,1400,0.2,0
10,1,490,1,0,300,0.5,1700,0.5,0
10,2,900,0,0,500,0.6,1000,0.2,1400,0.2,0
10,3,794,1,0,300,0.5,1700,0.5,2
10,4,864,2,10,5,0,500,0.6,1000,0.2,1400,0.2,2
10,5,444,1,0,500,0.6,1000,0.2,1400,0.2,2
10,6,434,2,10,5,0,300,0.5,1700,0.5,1
10,7,790,0,0,300,0.5,1700,0.5,2
10,8,633,1,0,300,0.5,1700,0.5,2
10,9,69,0,0,300,0.5,1700,0.5,1
10,10,320,2,10,5,0,300,0.5,1700,0.5,1
10,11,159,1,0,300,0.5,1700,0.5,0
10,12,597,1,0,300,0.5,1700,0.5,0
10,13,501,0,0,300,0.5,1700,0.5,2
10,14,278,1,0,300,0.5,1700,0.5,2
11,0,365,1,0,500,0.6,1000,0.2,1400,0.2,0
11,1,440,0,0,500,0.6,1000,0.2,1400,0.2,1
11,2,377,2,10,5,0,300,0.5,1700,0.5,1
11,3,533,2,10,5,0,300,0.5,1700,0.5,0
11,4,934,0,0,500,0.6,1000,0.2,1400,0.2,1
11,5,273,1,0,500,0.6,1000,0.2,1400,0.2,1
11,6,635,0,0,500,0.6,1000,0.2,1400,0.2,0
11,7,20,2,10,5,0,500,0.6,1000,0.2,1400,0.2,1
11,8,788,1,0,300,0.5,1700,0.5,2
11,9,715,0,0,300,0.5,1700,0.5,0
11,10,78,1,0,300,0.5,1700,0.5,2
11,11,44,1,0,300,0.5,1700,0.5,2
11,12,794,2,10,5,0,300,0.5,1700,0.5,1
11,13,925,2,10,5,0,500,0.6,1000,0.2,1400,0.2,0
11,14,353,2,10,5,0,500,0.6,1000,0.2,1400,0.2,2
12,0,153,2,10,5,0,300,0.5,1700,0.5,2
12,1,269,2,10,5,0,300,0.5,1700,0.5,0
12,2,251,2,10,5,0,500,0.6,1000,0.2,1400,0.2,0
12,3,413,1,0,300,0.5,1700,0.5,0
12,4,229,1,0,500,0.6,1000,0.2,1400,0.2,1
12,5,693,0,0,300,0.5,1700,0.5,1
12,6,429,0,0,300,0.5,1700,0.5,1
12,7,81,0,0,500,0.6,1000,0.2,1400,0.2,1
12,8,853,2,10,5,0,300,0.5,1700,0.5,2
12,9,928,1,0,300,0.5,1700,0.5,1
12,10,884,0,0,300,0.5,1700,0.5,2
12,11,944,1,0,500,0.6,1000,0.2,1400,0.2,2
12,12,234,1,0,500,0.6,1000,0.2,1400,0.2,0
12,13,283,2,10,5,0,500,0.6,1000,0.2,1400,0.2,1
12,14,183,1,0,300,0.5,1700,0.5,0
13,0,187,1,0,500,0.6,1000,0.2,1400,0.2,1
13,1,348,2,10,5,0,500,0.6,1000,0.2,1400,0.2,0
13,2,580,1,0,300,0.5,1700,0.5,0
13,3,455,1,0,500,0.6,1000,0.2,1400,0.2,0
13,4,519,0,0,500,0.6,1000,0.2,1400,0.2,1
13,5,946,0,0,300,0.5,1700,0.5,1
13,6,608,2,10,5,0,500,0.6,1000,0.2,1400,0.2,1
13,7,833,2,10,5,0,300,0.5,1700,0.5,1
13,8,950,1,0,500,0.6,1000,0.2,1400,0.2,2
13,9,258,2,10,5,0,300,0.5,1700,0.5,2
13,10,282,2,10,5,0,500,0.6,1000,0.2,1400,0.2,1
13,11,814,2,10,5,0,300,0.5,1700,0.5,1
13,12,88,2,10,5,0,500,0.6,1000,0.2,1400,0.2,1
13,13,779,0,0,500,0.6,1000,0.2,1400,0.2,0
13,14,279,2,10,5,0,300,0.5,1700,0.5,0
14,0,390,2,10,5,0,500,0.6,1000,0.2,1400,0.2,1
14,1,42,0,0,500,0.6,1000,0.2,1400,0.2,0
14,2,583,0,0,500,0.6,1000,0.2,1400,0.2,2
14,3,617,0,0,300,0.5,1700,0.5,2
14,4,997,0,0,500,0.6,1000,0.2,1400,0.2,2
14,5,100,0,0,300,0.5,1700,0.5,1
14,6,126,2,10,5,0,500,0.6,1000,0.2,1400,0.2,2
14,7,475,1,0,500,0.6,1000,0.2,1400,0.2,0
14,8,109,1,0,500,0.6,1000,0.2,1400,0.2,0
14,9,994,2,10,5,0,300,0.5,1700,0.5,1
14,10,164,2,10,5,0,300,0.5,1700,0.5,0
14,11,951,2,10,5,0,500,0.6,1000,0.2,1400,0.2,1
14,12,261,1,0,300,0.5,1700,0.5,2
14,13,130,1,0,300,0.5,1700,0.5,2
14,14,567,2,10,5,0,300,0.5,1700,0.5,1
