0,0,99,2,10,5,0,500,0.6,1000,0.2,1400,0.2,1
0,1,49,1,0,300,0.5,1700,0.5,0
0,2,462,0,0,500,0.6,1000,0.2,1400,0.2,0
0,3,586,0,0,300,0.5,1700,0.5,1
0,4,430,1,0,300,0.5,1700,0.5,2
0,5,98,2,10,5,0,500,0.6,1000,0.2,1400,0.2,2
0,6,580,1,0,500,0.6,1000,0.2,1400,0.2,1
0,7,739,2,10,5,0,300,0.5,1700,0.5,1
0,8,26,0,0,500,0.6,1000,0.2,1400,0.2,2
0,9,675,2,10,5,0,500,0.6,1000,0.2,1400,0.2,1
0,10,411,0,0,500,0.6,1000,0.2,1400,0.2,0
0,11,145,1,0,300,0.5,1700,0.5,0
0,12,831,1,0,300,0.5,1700,0.5,1
0,13,600,2,10,5,0,500,0.6,1000,0.2,1400,0.2,1
0,14,377,0,0,500,0.6,1000,0.2,1400,0.2,1
1,0,741,1,0,500,0.6,1000,0.2,1400,0.2,2
1,1,636,2,10,5,0,500,0.6,1000,0.2,1400,0.2,2
1,2,143,1,0,300,0.5,1700,0.5,1
1,3,107,0,0,500,0.6,1000,0.2,1400,0.2,2
1,4,291,0,0,500,0.6,1000,0.2,1400,0.2,1
1,5,113,1,0,300,0.5,1700,0.5,2
1,6,642,0,0,500,0.6,1000,0.2,1400,0.2,2
1,7,955,0,0,500,0.6,1000,0.2,1400,0.2,1
1,8,847,2,10,5,0,300,0.5,1700,0.5,2
1,9,453,2,10,5,0,300,0.5,1700,0.5,1
1,10,824,0,0,300,0.5,1700,0.5,0
1,11,528,1,0,500,0.6,1000,0.2,1400,0.2,2
1,12,895,0,0,500,0.6,1000,0.2,1400,0.2,1
1,13,363,2,10,5,0,300,0.5,1700,0.5,2
1,14,603,2,10,5,0,500,0.6,1000,0.2,1400,0.2,1
2,0,550,1,0,300,0.5,1700,0.5,2
2,1,543,2,10,5,0,300,0.5,1700,0.5,1
2,2,40,1,0,300,0.5,1700,0.5,2
2,3,785,0,0,300,0.5,1700,0.5,2
2,4,713,0,0,300,0.5,1700,0.5,0
2,5,24,2,10,5,0,300,0.5,1700,0.5,1
2,6,516,0,0,300,0.5,1700,0.5,1
2,7,977,2,10,5,0,500,0.6,1000,0.2,1400,0.2,2
2,8,195,0,0,500,0.6,1000,0.2,1400,0.2,0
2,9,392,0,0,300,0.5,1700,0.5,2
2,10,123,2,10,5,0,500,0.6,1000,0.2,1400,0.2,0
2,11,331,1,0,500,0.6,1000,0.2,1400,0.2,2
2,12,937,0,0,500,0.6,1000,0.2,1400,0.2,0
2,13,682,1,0,500,0.6,1000,0.2,1400,0.2,2
2,14,671,0,0,500,0.6,1000,0.2,1400,0.2,0
3,0,822,1,0,500,0.6,1000,0.2,1400,0.2,2
3,1,377,1,0,300,0.5,1700,0.5,0
3,2,86,0,0,500,0.6,1000,0.2,1400,0.2,2
3,3,80,0,0,300,0.5,1700,0.5,1
3,4,943,1,0,300,0.5,1700,0.5,2
3,5,499,2,10,5,0,500,0.6,1000,0.2,1400,0.2,0
3,6,295,2,10,5,0,300,0.5,1700,0.5,1
3,7,541,2,10,5,0,500,0.6,1000,0.2,1400,0.2,2
3,8,528,0,0,300,0.5,1700,0.5,2
3,9,671,2,10,5,0,500,0.6,1000,0.2,1400,0.2,2
3,10,464,2,10,5,0,500,0.6,1000,0.2,1400,0.2,1
3,11,342,2,10,5,0,500,0.6,1000,0.2,1400,0.2,2
3,12,938,1,0,500,0.6,1000,0.2,1400,0.2,0
3,13,951,0,0,300,0.5,1700,0.5,1
3,14,147,1,0,500,0.6,1000,0.2,1400,0.2,1
4,0,361,0,0,500,0.6,1000,0.2,1400,0.2,0
4,1,823,1,0,500,0.6,1000,0.2,1400,0.2,2
4,2,405,1,0,300,0.5,1700,0.5,2
4,3,460,2,10,5,0,300,0.5,1700,0.5,0
4,4,635,1,0,500,0.6,1000,0.2,1400,0.2,0
4,5,982,0,0,500,0.6,1000,0.2,1400,0.2,0
4,6,480,1,0,500,0.6,1000,0.2,1400,0.2,2
4,7,893,1,0,300,0.5,1700,0.5,0
4,8,558,2,10,5,0,300,0.5,1700,0.5,2
4,9,289,0,0,300,0.5,1700,0.5,2
4,10,825,2,10,5,0,300,0.5,1700,0.5,1
4,11,321,1,0,300,0.5,1700,0.5,2
4,12,168,2,10,5,0,300,0.5,1700,0.5,0
4,13,682,1,0,300,0.5,1700,0.5,0
4,14,600,2,10,5,0,300,0.5,1700,0.5,2
5,0,707,2,10,5,0,500,0.6,1000,0.2,1400,0.2,1
5,1,673,1,0,300,0.5,1700,0.5,1
5,2,999,1,0,500,0.6,1000,0.2,1400,0.2,1
5,3,271,1,0,500,0.6,1000,0.2,1400,0.2,0
5,4,307,1,0,500,0.6,1000,0.2,1400,0.2,2
5,5,986,1,0,500,0.6,1000,0.2,1400,0.2,1
5,6,915,0,0,500,0.6,1000,0.2,1400,0.2,1
5,7,578,2,10,5,0,500,0.6,1000,0.2,1400,0.2,0
5,8,143,2,10,5,0,300,0.5,1700,0.5,1
5,9,949,0,0,500,0.6,1000,0.2,1400,0.2,2
5,10,247,1,0,500,0.6,1000,0.2,1400,0.2,1
5,11,271,2,10,5,0,300,0.5,1700,0.5,2
5,12,386,2,10,5,0,300,0.5,1700,0.5,2
5,13,688,2,10,5,0,300,0.5,1700,0.5,1
5,14,837,2,10,5,0,300,0.5,1700,0.5,2
6,0,637,0,0,500,0.6,1000,0.2,1400,0.2,2
6,1,723,1,0,300,0.5,1700,0.5,1
6,2,875,0,0,300,0.5,1700,0.5,2
6,3,227,2,10,5,0,300,0.5,1700,0.5,0
6,4,189,1,0,500,0.6,1000,0.2,1400,0.2,2
6,5,153,1,0,500,0.6,1000,0.2,1400,0.2,0
6,6,819,2,10,5,0,500,0.6,1000,0.2,1400,0.2,0
6,7,484,2,10,5,0,500,0.6,1000,0.2,1400,0.2,1
6,8,300,1,0,300,0.5,1700,0.5,1
6,9,972,1,0,300,0.5,1700,0.5,1
6,10,515,0,0,500,0.6,1000,0.2,1400,0.2,2
6,11,910,1,0,500,0.6,1000,0.2,1400,0.2,0
6,12,545,1,0,300,0.5,1700,0.5,1
6,13,774,0,0,500,0.6,1000,0.2,1400,0.2,2
6,14,844,2,10,5,0,300,0.5,1700,0.5,2
7,0,44,2,10,5,0,500,0.6,1000,0.2,1400,0.2,1
7,1,310,0,0,500,0.6,1000,0.2,1400,0.2,2
7,2,185,1,0,500,0.6,1000,0.2,1400,0.2,0
7,3,406,1,0,300,0.5,1700,0.5,1
7,4,287,1,0,500,0.6,1000,0.2,1400,0.2,0
7,5,449,2,10,5,0,300,0.5,1700,0.5,0
7,6,881,2,10,5,0,300,0.5,1700,0.5,0
7,7,705,2,10,5,0,300,0.5,1700,0.5,2
7,8,673,0,0,300,0.5,1700,0.5,1
7,9,400,2,10,5,0,300,0.5,1700,0.5,1
7,10,468,2,10,5,0,300,0.5,1700,0.5,2
7,11,840,0,0,500,0.6,1000,0.2,1400,0.2,1
7,12,713,1,0,300,0.5,1700,0.5,0
7,13,324,2,10,5,0,500,0.6,1000,0.2,1400,0.2,2
7,14,71,0,0,300,0.5,1700,0.5,2
8,0,923,1,0,300,0.5,1700,0.5,0
8,1,144,0,0,300,0.5,1700,0.5,2
8,2,674,1,0,300,0.5,1700,0.5,0
8,3,676,1,0,500,0.6,1000,0.2,1400,0.2,1
8,4,237,0,0,500,0.6,1000,0.2,1400,0.2,0
8,5,208,2,10,5,0,500,0.6,1000,0.2,1400,0.2,1
8,6,457,2,10,5,0,500,0.6,1000,0.2,1400,0.2,1
8,7,838,0,0,500,0.6,1000,0.2,1400,0.2,1
8,8,223,0,0,500,0.6,1000,0.2,1400,0.2,0
8,9,364,2,10,5,0,300,0.5,1700,0.5,1
8,10,564,1,0,500,0.6,1000,0.2,1400,0.2,1
8,11,440,0,0,500,0.6,1000,0.2,1400,0.2,0
8,12,387,2,10,5,0,300,0.5,1700,0.5,2
8,13,200,0,0,500,0.6,1000,0.2,1400,0.2,2
8,14,838,0,0,300,0.5,1700,0.5,0
9,0,147,1,0,500,0.6,1000,0.2,1400,0.2,0
9,1,213,2,10,5,0,500,0.6,1000,0.2,1400,0.2,1
9,2,107,1,0,300,0.5,1700,0.5,2
9,3,79,1,0,500,0.6,1000,0.2,1400,0.2,0
9,4,307,2,10,5,0,300,0.5,1700,0.5,2
9,5,302,0,0,500,0.6,1000,0.2,1400,0.2,2
9,6,901,2,10,5,0,300,0.5,1700,0.5,2
9,7,927,1,0,500,0.6,1000,0.2,1400,0.2,0
9,8,898,0,0,300,0.5,1700,0.5,0
9,9,705,2,10,5,0,300,0.5,1700,0.5,2
9,10,344,1,0,500,0.6,1000,0.2,1400,0.2,0
9,11,944,1,0,300,0.5,1700,0.5,2
9,12,803,2,10,5,0,300,0.5,1700,0.5,1
9,13,844,0,0,300,0.5,1700,0.5,2
9,14,337,1,0,500,0.6,1000,0.2,1400,0.2,2
10,0,435,0,0,500,0.6,1000,0.2,1400,0.2,1
10,1,622,0,0,300,0.5,1700,0.5,0
10,2,178,2,10,5,0,300,0.5,1700,0.5,0
10,3,69,0,0,500,0.6,1000,0.2,1400,0.2,1
10,4,111,1,0,500,0.6,1000,0.2,1400,0.2,1
10,5,77,1,0,300,0.5,1700,0.5,0
10,6,502,1,0,300,0.5,1700,0.5,1
10,7,367,2,10,5,0,500,0.6,1000,0.2,1400,0.2,1
10,8,363,0,0,500,0.6,1000,0.2,1400,0.2,1
10,9,20,1,0,300,0.5,1700,0.5,0
10,10,918,2,10,5,0,300,0.5,1700,0.5,1
10,11,109,2,10,5,0,500,0.6,1000,0.2,1400,0.2,1
10,12,417,1,0,300,0.5,1700,0.5,0
10,13,152,2,10,5,0,300,0.5,1700,0.5,2
10,14,723,2,10,5,0,500,0.6,1000,0.2,1400,0.2,1
11,0,668,1,0,500,0.6,1000,0.2,1400,0.2,1
11,1,312,1,0,300,0.5,1700,0.5,0
11,2,407,2,10,5,0,300,0.5,1700,0.5,2
11,3,83,0,0,300,0.5,1700,0.5,0
11,4,498,1,0,300,0.5,1700,0.5,0
11,5,529,0,0,500,0.6,1000,0.2,1400,0.2,2
11,6,365,0,0,300,0.5,1700,0.5,1
11,7,682,1,0,300,0.5,1700,0.5,0
11,8,973,0,0,300,0.5,1700,0.5,2
11,9,80,1,0,300,0.5,1700,0.5,0
11,10,693,1,0,300,0.5,1700,0.5,1
11,11,628,1,0,500,0.6,1000,0.2,1400,0.2,2
11,12,581,0,0,500,0.6,1000,0.2,1400,0.2,0
11,13,50,1,0,500,0.6,1000,0.2,1400,0.2,1
11,14,212,0,0,500,0.6,1000,0.2,1400,0.2,0
12,0,835,1,0,500,0.6,1000,0.2,1400,0.2,2
12,1,894,2,10,5,0,500,0.6,1000,0.2,1400,0.2,2
12,2,493,1,0,500,0.6,1000,0.2,1400,0.2,1
12,3,175,2,10,5,0,300,0.5,1700,0.5,1
12,4,220,1,0,300,0.5,1700,0.5,2
12,5,295,1,0,300,0.5,1700,0.5,1
12,6,13,1,0,300,0.5,1700,0.5,1
12,7,238,2,10,5,0,300,0.5,1700,0.5,2
12,8,272,2,10,5,0,500,0.6,1000,0.2,1400,0.2,0
12,9,731,0,0,300,0.5,1700,0.5,1
12,10,639,1,0,500,0.6,1000,0.2,1400,0.2,1
12,11,465,0,0,500,0.6,1000,0.2,1400,0.2,2
12,12,199,1,0,500,0.6,1000,0.2,1400,0.2,0
12,13,755,1,0,300,0.5,1700,0.5,2
12,14,949,0,0,500,0.6,1000,0.2,1400,0.2,2
13,0,587,0,0,500,0.6,1000,0.2,1400,0.2,0
13,1,510,0,0,300,0.5,1700,0.5,0
13,2,849,2,10,5,0,300,0.5,1700,0.5,0
13,3,981,0,0,500,0.6,1000,0.2,1400,0.2,0
13,4,96,1,0,500,0.6,1000,0.2,1400,0.2,1
13,5,980,0,0,300,0.5,1700,0.5,1
13,6,26,0,0,300,0.5,1700,0.5,1
13,7,221,1,0,300,0.5,1700,0.5,0
13,8,157,1,0,300,0.5,1700,0.5,1
13,9,888,1,0,500,0.6,1000,0.2,1400,0.2,2
13,10,653,1,0,300,0.5,1700,0.5,2
13,11,924,0,0,300,0.5,1700,0.5,0
13,12,177,0,0,300,0.5,1700,0.5,0
13,13,622,2,10,5,0,500,0.6,1000,0.2,1400,0.2,2
13,14,166,1,0,500,0.6,1000,0.2,1400,0.2,1
14,0,786,2,10,5,0,500,0.6,1000,0.2,1400,0.2,0
14,1,600,0,0,500,0.6,1000,0.2,1400,0.2,0
14,2,643,0,0,300,0.5,1700,0.5,2
14,3,78,0,0,500,0.6,1000,0.2,1400,0.2,1
14,4,492,1,0,500,0.6,1000,0.2,1400,0.2,0
14,5,554,0,0,500,0.6,1000,0.2,1400,0.2,2
14,6,997,1,0,500,0.6,1000,0.2,1400,0.2,1
14,7,30,1,0,300,0.5,1700,0.5,0
14,8,436,0,0,300,0.5,1700,0.5,0
14,9,819,2,10,5,0,500,0.6,1000,0.2,1400,0.2,0
14,10,403,2,10,5,0,300,0.5,1700,0.5,1
14,11,162,1,0,500,0.6,1000,0.2,1400,0.2,2
14,12,946,0,0,500,0.6,1000,0.2,1400,0.2,2
14,13,13,0,0,300,0.5,1700,0.5,2
14,14,479,2,10,5,0,300,0.5,1700,0.5,0
