0,0,275,1,0,500,0.6,1000,0.2,1400,0.2,2
0,1,698,0,0,500,0.6,1000,0.2,1400,0.2,0
0,2,37,0,0,300,0.5,1700,0.5,1
0,3,671,2,10,5,0,500,0.6,1000,0.2,1400,0.2,1
0,4,620,1,0,300,0.5,1700,0.5,2
0,5,43,2,10,5,0,300,0.5,1700,0.5,1
0,6,777,2,10,5,0,500,0.6,1000,0.2,1400,0.2,0
0,7,822,0,0,500,0.6,1000,0.2,1400,0.2,1
0,8,551,2,10,5,0,300,0.5,1700,0.5,0
0,9,617,1,0,300,0.5,1700,0.5,1
0,10,608,1,0,500,0.6,1000,0.2,1400,0.2,2
0,11,929,0,0,500,0.6,1000,0.2,1400,0.2,0
0,12,180,2,10,5,0,500,0.6,1000,0.2,1400,0.2,1
0,13,429,2,10,5,0,500,0.6,1000,0.2,1400,0.2,0
0,14,797,2,10,5,0,500,0.6,1000,0.2,1400,0.2,1
1,0,309,2,10,5,0,500,0.6,1000,0.2,1400,0.2,0
1,1,782,1,0,500,0.6,1000,0.2,1400,0.2,2
1,2,80,0,0,300,0.5,1700,0.5,2
1,3,661,0,0,500,0.6,1000,0.2,1400,0.2,0
1,4,464,2,10,5,0,300,0.5,1700,0.5,2
1,5,966,2,10,5,0,500,0.6,1000,0.2,1400,0.2,1
1,6,383,1,0,500,0.6,1000,0.2,1400,0.2,0
1,7,427,0,0,500,0.6,1000,0.2,1400,0.2,0
1,8,441,0,0,500,0.6,1000,0.2,1400,0.2,2
1,9,798,0,0,300,0.5,1700,0.5,2
1,10,322,2,10,5,0,500,0.6,1000,0.2,1400,0.2,2
1,11,230,0,0,300,0.5,1700,0.5,1
1,12,58,1,0,500,0.6,1000,0.2,1400,0.2,0
1,13,896,0,0,300,0.5,1700,0.5,2
1,14,577,0,0,300,0.5,1700,0.5,2
2,0,647,1,0,500,0.6,1000,0.2,1400,0.2,0
2,1,234,2,10,5,0,300,0.5,1700,0.5,0
2,2,529,1,0,500,0.6,1000,0.2,1400,0.2,0
2,3,705,1,0,500,0.6,1000,0.2,1400,0.2,2
2,4,739,0,0,300,0.5,1700,0.5,2
2,5,733,1,0,500,0.6,1000,0.2,1400,0.2,2
2,6,180,0,0,500,0.6,1000,0.2,1400,0.2,0
2,7,732,0,0,500,0.6,1000,0.2,1400,0.2,2
2,8,900,1,0,500,0.6,1000,0.2,1400,0.2,2
2,9,815,1,0,500,0.6,1000,0.2,1400,0.2,0
2,10,509,1,0,300,0.5,1700,0.5,2
2,11,371,2,10,5,0,300,0.5,1700,0.5,1
2,12,543,2,10,5,0,500,0.6,1000,0.2,1400,0.2,2
2,13,678,2,10,5,0,300,0.5,1700,0.5,2
2,14,194,1,0,500,0.6,1000,0.2,1400,0.2,0
3,0,376,2,10,5,0,500,0.6,1000,0.2,1400,0.2,2
3,1,874,1,0,500,0.6,1000,0.2,1400,0.2,1
3,2,680,0,0,300,0.5,1700,0.5,1
3,3,926,2,10,5,0,500,0.6,1000,0.2,1400,0.2,0
3,4,901,0,0,300,0.5,1700,0.5,1
3,5,940,0,0,500,0.6,1000,0.2,1400,0.2,2
3,6,791,1,0,500,0.6,1000,0.2,1400,0.2,1
3,7,145,0,0,500,0.6,1000,0.2,1400,0.2,1
3,8,855,1,0,300,0.5,1700,0.5,0
3,9,528,0,0,500,0.6,1000,0.2,1400,0.2,2
3,10,432,1,0,300,0.5,1700,0.5,2
3,11,232,2,10,5,0,500,0.6,1000,0.2,1400,0.2,1
3,12,355,1,0,500,0.6,1000,0.2,1400,0.2,2
3,13,376,0,0,500,0.6,1000,0.2,1400,0.2,1
3,14,519,0,0,300,0.5,1700,0.5,2
4,0,631,1,0,300,0.5,1700,0.5,0
4,1,514,2,10,5,0,300,0.5,1700,0.5,1
4,2,617,1,0,500,0.6,1000,0.2,1400,0.2,2
4,3,775,0,0,300,0.5,1700,0.5,2
4,4,891,1,0,300,0.5,1700,0.5,0
4,5,633,2,10,5,0,300,0.5,1700,0.5,2
4,6,109,1,0,300,0.5,1700,0.5,2
4,7,71,1,0,500,0.6,1000,0.2,1400,0.2,0
4,8,331,1,0,300,0.5,1700,0.5,1
4,9,729,1,0,300,0.5,1700,0.5,0
4,10,609,2,10,5,0,500,0.6,1000,0.2,1400,0.2,0
4,11,924,0,0,300,0.5,1700,0.5,0
4,12,942,0,0,300,0.5,1700,0.5,2
4,13,168,2,10,5,0,500,0.6,1000,0.2,1400,0.2,0
4,14,803,1,0,300,0.5,1700,0.5,0
5,0,446,1,0,300,0.5,1700,0.5,1
5,1,386,0,0,300,0.5,1700,0.5,0
5,2,135,0,0,500,0.6,1000,0.2,1400,0.2,0
5,3,935,1,0,300,0.5,1700,0.5,2
5,4,308,1,0,300,0.5,1700,0.5,2
5,5,847,1,0,500,0.6,1000,0.2,1400,0.2,2
5,6,663,0,0,500,0.6,1000,0.2,1400,0.2,0
5,7,756,2,10,5,0,300,0.5,1700,0.5,0
5,8,61,2,10,5,0,500,0.6,1000,0.2,1400,0.2,2
5,9,541,1,0,500,0.6,1000,0.2,1400,0.2,0
5,10,691,1,0,300,0.5,1700,0.5,1
5,11,895,2,10,5,0,500,0.6,1000,0.2,1400,0.2,1
5,12,402,2,10,5,0,500,0.6,1000,0.2,1400,0.2,2
5,13,568,1,0,300,0.5,1700,0.5,0
5,14,543,2,10,5,0,300,0.5,1700,0.5,0
6,0,388,1,0,300,0.5,1700,0.5,2
6,1,912,2,10,5,0,300,0.5,1700,0.5,2
6,2,323,1,0,500,0.6,1000,0.2,1400,0.2,1
6,3,164,1,0,500,0.6,1000,0.2,1400,0.2,0
6,4,483,0,0,300,0.5,1700,0.5,1
6,5,542,1,0,500,0.6,1000,0.2,1400,0.2,1
6,6,308,0,0,500,0.6,1000,0.2,1400,0.2,2
6,7,825,1,0,500,0.6,1000,0.2,1400,0.2,2
6,8,129,0,0,300,0.5,1700,0.5,0
6,9,160,0,0,300,0.5,1700,0.5,0
6,10,45,2,10,5,0,300,0.5,1700,0.5,0
6,11,83,0,0,300,0.5,1700,0.5,0
6,12,527,0,0,300,0.5,1700,0.5,1
6,13,468,0,0,500,0.6,1000,0.2,1400,0.2,1
6,14,370,1,0,500,0.6,1000,0.2,1400,0.2,1
7,0,756,2,10,5,0,500,0.6,1000,0.2,1400,0.2,0
7,1,366,2,10,5,0,500,0.6,1000,0.2,1400,0.2,2
7,2,197,1,0,500,0.6,1000,0.2,1400,0.2,2
7,3,976,1,0,500,0.6,1000,0.2,1400,0.2,2
7,4,750,2,10,5,0,300,0.5,1700,0.5,2
7,5,497,2,10,5,0,500,0.6,1000,0.2,1400,0.2,1
7,6,561,2,10,5,0,300,0.5,1700,0.5,1
7,7,192,1,0,300,0.5,1700,0.5,2
7,8,768,1,0,500,0.6,1000,0.2,1400,0.2,2
7,9,498,1,0,300,0.5,1700,0.5,0
7,10,161,1,0,500,0.6,1000,0.2,1400,0.2,0
7,11,557,0,0,500,0.6,1000,0.2,1400,0.2,1
7,12,47,0,0,500,0.6,1000,0.2,1400,0.2,0
7,13,626,2,10,5,0,300,0.5,1700,0.5,2
7,14,107,0,0,300,0.5,1700,0.5,1
8,0,842,0,0,500,0.6,1000,0.2,1400,0.2,2
8,1,772,0,0,500,0.6,1000,0.2,1400,0.2,2
8,2,56,0,0,500,0.6,1000,0.2,1400,0.2,2
8,3,602,2,10,5,0,300,0.5,1700,0.5,1
8,4,645,0,0,300,0.5,1700,0.5,0
8,5,13,2,10,5,0,500,0.6,1000,0.2,1400,0.2,1
8,6,809,2,10,5,0,300,0.5,1700,0.5,1
8,7,474,1,0,500,0.6,1000,0.2,1400,0.2,0
8,8,650,1,0,300,0.5,1700,0.5,0
8,9,645,1,0,500,0.6,1000,0.2,1400,0.2,2
8,10,426,2,10,5,0,500,0.6,1000,0.2,1400,0.2,2
8,11,539,1,0,300,0.5,1700,0.5,0
8,12,31,2,10,5,0,300,0.5,1700,0.5,0
8,13,866,0,0,300,0.5,1700,0.5,2
8,14,285,2,10,5,0,500,0.6,1000,0.2,1400,0.2,2
9,0,560,0,0,500,0.6,1000,0.2,1400,0.2,0
9,1,230,2,10,5,0,300,0.5,1700,0.5,1
9,2,97,0,0,500,0.6,1000,0.2,1400,0.2,0
9,3,611,2,10,5,0,500,0.6,1000,0.2,1400,0.2,1
9,4,148,0,0,500,0.6,1000,0.2,1400,0.2,0
9,5,525,1,0,300,0.5,1700,0.5,1
9,6,51,1,0,300,0.5,1700,0.5,2
9,7,731,0,0,500,0.6,1000,0.2,1400,0.2,2
9,8,622,0,0,300,0.5,1700,0.5,2
9,9,812,0,0,300,0.5,1700,0.5,1
9,10,572,2,10,5,0,500,0.6,1000,0.2,1400,0.2,2
9,11,80,1,0,300,0.5,1700,0.5,0
9,12,545,0,0,500,0.6,1000,0.2,1400,0.2,1
9,13,769,0,0,300,0.5,1700,0.5,1
9,14,681,0,0,300,0.5,1700,0.5,1
10,0,538,1,0,300,0.5,1700,0.5,1
10,1,952,0,0,300,0.5,1700,0.5,1
10,2,885,0,0,500,0.6,1000,0.2,1400,0.2,1
10,3,127,0,0,300,0.5,1700,0.5,2
10,4,11,1,0,500,0.6,1000,0.2,1400,0.2,0
10,5,247,1,0,500,0.6,1000,0.2,1400,0.2,1
10,6,138,2,10,5,0,500,0.6,1000,0.2,1400,0.2,1
10,7,48,1,0,300,0.5,1700,0.5,2
10,8,297,0,0,300,0.5,1700,0.5,0
10,9,637,2,10,5,0,500,0.6,1000,0.2,1400,0.2,1
10,10,918,1,0,500,0.6,1000,0.2,1400,0.2,0
10,11,940,0,0,300,0.5,1700,0.5,0
10,12,36,1,0,500,0.6,1000,0.2,1400,0.2,1
10,13,844,1,0,300,0.5,1700,0.5,1
10,14,65,0,0,300,0.5,1700,0.5,0
11,0,90,1,0,500,0.6,1000,0.2,1400,0.2,2
11,1,239,2,10,5,0,500,0.6,1000,0.2,1400,0.2,1
11,2,16,0,0,300,0.5,1700,0.5,1
11,3,253,2,10,5,0,500,0.6,1000,0.2,1400,0.2,2
11,4,158,2,10,5,0,500,0.6,1000,0.2,1400,0.2,1
11,5,809,2,10,5,0,300,0.5,1700,0.5,2
11,6,460,1,0,500,0.6,1000,0.2,1400,0.2,2
11,7,341,0,0,300,0.5,1700,0.5,2
11,8,726,0,0,300,0.5,1700,0.5,2
11,9,43,1,0,300,0.5,1700,0.5,1
11,10,601,1,0,500,0.6,1000,0.2,1400,0.2,0
11,11,945,1,0,300,0.5,1700,0.5,2
11,12,590,0,0,300,0.5,1700,0.5,1
11,13,910,2,10,5,0,300,0.5,1700,0.5,1
11,14,483,0,0,300,0.5,1700,0.5,2
12,0,998,0,0,500,0.6,1000,0.2,1400,0.2,0
12,1,699,2,10,5,0,300,0.5,1700,0.5,0
12,2,147,2,10,5,0,300,0.5,1700,0.5,0
12,3,283,2,10,5,0,500,0.6,1000,0.2,1400,0.2,1
12,4,633,1,0,300,0.5,1700,0.5,0
12,5,775,0,0,500,0.6,1000,0.2,1400,0.2,1
12,6,741,0,0,500,0.6,1000,0.2,1400,0.2,0
12,7,308,0,0,500,0.6,1000,0.2,1400,0.2,2
12,8,344,2,10,5,0,300,0.5,1700,0.5,0
12,9,820,1,0,500,0.6,1000,0.2,1400,0.2,1
12,10,437,1,0,300,0.5,1700,0.5,1
12,11,15,2,10,5,0,300,0.5,1700,0.5,0
12,12,619,0,0,300,0.5,1700,0.5,2
12,13,193,2,10,5,0,500,0.6,1000,0.2,1400,0.2,0
12,14,828,2,10,5,0,300,0.5,1700,0.5,0
13,0,302,1,0,300,0.5,1700,0.5,2
13,1,416,2,10,5,0,500,0.6,1000,0.2,1400,0.2,0
13,2,679,0,0,500,0.6,1000,0.2,1400,0.2,2
13,3,644,1,0,300,0.5,1700,0.5,1
13,4,157,1,0,300,0.5,1700,0.5,2
13,5,374,2,10,5,0,300,0.5,1700,0.5,1
13,6,172,1,0,500,0.6,1000,0.2,1400,0.2,0
13,7,185,2,10,5,0,500,0.6,1000,0.2,1400,0.2,2
13,8,761,2,10,5,0,300,0.5,1700,0.5,0
13,9,647,0,0,500,0.6,1000,0.2,1400,0.2,2
13,10,705,0,0,500,0.6,1000,0.2,1400,0.2,0
13,11,538,0,0,300,0.5,1700,0.5,2
13,12,416,0,0,500,0.6,1000,0.2,1400,0.2,0
13,13,562,1,0,300,0.5,1700,0.5,1
13,14,166,1,0,500,0.6,1000,0.2,1400,0.2,1
14,0,127,1,0,300,0.5,1700,0.5,1
14,1,871,1,0,300,0.5,1700,0.5,1
14,2,100,0,0,300,0.5,1700,0.5,0
14,3,38,0,0,500,0.6,1000,0.2,1400,0.2,0
14,4,36,1,0,500,0.6,1000,0.2,1400,0.2,1
14,5,103,0,0,500,0.6,1000,0.2,1400,0.2,1
14,6,635,0,0,500,0.6,1000,0.2,1400,0.2,0
14,7,785,0,0,300,0.5,1700,0.5,0
14,8,722,0,0,300,0.5,1700,0.5,2
14,9,205,0,0,300,0.5,1700,0.5,0
14,10,87,1,0,300,0.5,1700,0.5,1
14,11,176,1,0,500,0.6,1000,0.2,1400,0.2,2
14,12,817,1,0,500,0.6,1000,0.2,1400,0.2,0
14,13,301,2,10,5,0,300,0.5,1700,0.5,0
14,14,183,2,10,5,0,500,0.6,1000,0.2,1400,0.2,1
