0,0,41,0,0,500,0.6,1000,0.2,1400,0.2,2
0,1,488,2,10,5,0,500,0.6,1000,0.2,1400,0.2,1
0,2,241,1,0,500,0.6,1000,0.2,1400,0.2,1
0,3,239,0,0,500,0.6,1000,0.2,1400,0.2,0
0,4,105,0,0,500,0.6,1000,0.2,1400,0.2,0
0,5,462,2,10,5,0,500,0.6,1000,0.2,1400,0.2,1
0,6,143,1,0,300,0.5,1700,0.5,2
0,7,822,1,0,300,0.5,1700,0.5,2
0,8,506,1,0,500,0.6,1000,0.2,1400,0.2,2
0,9,81,2,10,5,0,300,0.5,1700,0.5,2
0,10,273,0,0,500,0.6,1000,0.2,1400,0.2,0
0,11,690,1,0,500,0.6,1000,0.2,1400,0.2,0
0,12,165,1,0,300,0.5,1700,0.5,2
0,13,137,1,0,300,0.5,1700,0.5,2
0,14,784,0,0,500,0.6,1000,0.2,1400,0.2,0
1,0,943,2,10,5,0,300,0.5,1700,0.5,0
1,1,895,1,0,300,0.5,1700,0.5,2
1,2,847,1,0,300,0.5,1700,0.5,1
1,3,697,2,10,5,0,500,0.6,1000,0.2,1400,0.2,0
1,4,516,2,10,5,0,300,0.5,1700,0.5,0
1,5,203,2,10,5,0,500,0.6,1000,0.2,1400,0.2,0
1,6,339,1,0,500,0.6,1000,0.2,1400,0.2,2
1,7,638,1,0,500,0.6,1000,0.2,1400,0.2,1
1,8,836,0,0,500,0.6,1000,0.2,1400,0.2,2
1,9,585,2,10,5,0,500,0.6,1000,0.2,1400,0.2,0
1,10,173,0,0,300,0.5,1700,0.5,1
1,11,247,2,10,5,0,300,0.5,1700,0.5,2
1,12,161,1,0,500,0.6,1000,0.2,1400,0.2,2
1,13,77,2,10,5,0,300,0.5,1700,0.5,1
1,14,958,1,0,500,0.6,1000,0.2,1400,0.2,0
2,0,456,1,0,500,0.6,1000,0.2,1400,0.2,0
2,1,898,2,10,5,0,300,0.5,1700,0.5,2
2,2,80,0,0,300,0.5,1700,0.5,1
2,3,574,2,10,5,0,500,0.6,1000,0.2,1400,0.2,2
2,4,886,2,10,5,0,300,0.5,1700,0.5,2
2,5,682,1,0,300,0.5,1700,0.5,1
2,6,413,0,0,500,0.6,1000,0.2,1400,0.2,0
2,7,470,2,10,5,0,300,0.5,1700,0.5,0
2,8,125,1,0,500,0.6,1000,0.2,1400,0.2,2
2,9,310,1,0,500,0.6,1000,0.2,1400,0.2,2
2,10,56,1,0,500,0.6,1000,0.2,1400,0.2,0
2,11,885,0,0,500,0.6,1000,0.2,1400,0.2,0
2,12,139,0,0,300,0.5,1700,0.5,1
2,13,247,0,0,300,0.5,1700,0.5,0
2,14,817,2,10,5,0,500,0.6,1000,0.2,1400,0.2,0
3,0,455,1,0,500,0.6,1000,0.2,1400,0.2,2
3,1,791,1,0,500,0.6,1000,0.2,1400,0.2,0
3,2,701,1,0,300,0.5,1700,0.5,0
3,3,893,1,0,500,0.6,1000,0.2,1400,0.2,1
3,4,744,1,0,500,0.6,1000,0.2,1400,0.2,2
3,5,525,1,0,500,0.6,1000,0.2,1400,0.2,0
3,6,575,2,10,5,0,300,0.5,1700,0.5,1
3,7,350,0,0,300,0.5,1700,0.5,0
3,8,161,0,0,300,0.5,1700,0.5,2
3,9,628,0,0,500,0.6,1000,0.2,1400,0.2,0
3,10,699,0,0,500,0.6,1000,0.2,1400,0.2,2
3,11,850,2,10,5,0,300,0.5,1700,0.5,0
3,12,540,1,0,300,0.5,1700,0.5,0
3,13,926,2,10,5,0,500,0.6,1000,0.2,1400,0.2,0
3,14,930,1,0,300,0.5,1700,0.5,1
4,0,409,1,0,300,0.5,1700,0.5,2
4,1,425,1,0,300,0.5,1700,0.5,0
4,2,516,2,10,5,0,300,0.5,1700,0.5,1
4,3,784,1,0,300,0.5,1700,0.5,2
4,4,892,1,0,300,0.5,1700,0.5,1
4,5,959,2,10,5,0,500,0.6,1000,0.2,1400,0.2,2
4,6,182,1,0,500,0.6,1000,0.2,1400,0.2,2
4,7,494,0,0,300,0.5,1700,0.5,1
4,8,248,0,0,500,0.6,1000,0.2,1400,0.2,1
4,9,880,2,10,5,0,300,0.5,1700,0.5,2
4,10,848,0,0,500,0.6,1000,0.2,1400,0.2,0
4,11,45,0,0,500,0.6,1000,0.2,1400,0.2,0
4,12,232,1,0,300,0.5,1700,0.5,1
4,13,588,2,10,5,0,300,0.5,1700,0.5,1
4,14,232,2,10,5,0,500,0.6,1000,0.2,1400,0.2,2
5,0,420,2,10,5,0,500,0.6,1000,0.2,1400,0.2,0
5,1,102,1,0,500,0.6,1000,0.2,1400,0.2,0
5,2,653,2,10,5,0,300,0.5,1700,0.5,2
5,3,152,2,10,5,0,300,0.5,1700,0.5,2
5,4,73,0,0,300,0.5,1700,0.5,1
5,5,478,0,0,300,0.5,1700,0.5,1
5,6,42,1,0,500,0.6,1000,0.2,1400,0.2,2
5,7,896,2,10,5,0,300,0.5,1700,0.5,2
5,8,731,2,10,5,0,500,0.6,1000,0.2,1400,0.2,2
5,9,135,2,10,5,0,300,0.5,1700,0.5,2
5,10,435,1,0,500,0.6,1000,0.2,1400,0.2,0
5,11,611,1,0,500,0.6,1000,0.2,1400,0.2,0
5,12,547,2,10,5,0,300,0.5,1700,0.5,2
5,13,515,2,10,5,0,500,0.6,1000,0.2,1400,0.2,0
5,14,807,0,0,500,0.6,1000,0.2,1400,0.2,0
6,0,824,1,0,500,0.6,1000,0.2,1400,0.2,1
6,1,149,1,0,300,0.5,1700,0.5,1
6,2,613,0,0,500,0.6,1000,0.2,1400,0.2,0
6,3,384,1,0,300,0.5,1700,0.5,0
6,4,363,2,10,5,0,500,0.6,1000,0.2,1400,0.2,1
6,5,842,0,0,500,0.6,1000,0.2,1400,0.2,1
6,6,738,0,0,500,0.6,1000,0.2,1400,0.2,0
6,7,787,2,10,5,0,300,0.5,1700,0.5,2
6,8,388,0,0,300,0.5,1700,0.5,0
6,9,390,2,10,5,0,500,0.6,1000,0.2,1400,0.2,2
6,10,947,1,0,300,0.5,1700,0.5,1
6,11,894,0,0,500,0.6,1000,0.2,1400,0.2,1
6,12,790,0,0,300,0.5,1700,0.5,1
6,13,716,1,0,300,0.5,1700,0.5,1
6,14,159,1,0,300,0.5,1700,0.5,1
7,0,992,1,0,500,0.6,1000,0.2,1400,0.2,2
7,1,910,1,0,300,0.5,1700,0.5,0
7,2,864,0,0,500,0.6,1000,0.2,1400,0.2,2
7,3,520,1,0,300,0.5,1700,0.5,1
7,4,152,0,0,300,0.5,1700,0.5,2
7,5,648,1,0,500,0.6,1000,0.2,1400,0.2,2
7,6,369,1,0,500,0.6,1000,0.2,1400,0.2,1
7,7,258,0,0,500,0.6,1000,0.2,1400,0.2,1
7,8,382,2,10,5,0,500,0.6,1000,0.2,1400,0.2,2
7,9,580,1,0,500,0.6,1000,0.2,1400,0.2,0
7,10,53,2,10,5,0,500,0.6,1000,0.2,1400,0.2,2
7,11,815,2,10,5,0,300,0.5,1700,0.5,2
7,12,336,0,0,300,0.5,1700,0.5,0
7,13,90,0,0,300,0.5,1700,0.5,1
7,14,171,0,0,300,0.5,1700,0.5,2
8,0,570,0,0,500,0.6,1000,0.2,1400,0.2,0
8,1,972,2,10,5,0,300,0.5,1700,0.5,0
8,2,395,2,10,5,0,300,0.5,1700,0.5,1
8,3,455,1,0,500,0.6,1000,0.2,1400,0.2,1
8,4,364,1,0,300,0.5,1700,0.5,1
8,5,614,2,10,5,0,300,0.5,1700,0.5,2
8,6,288,0,0,300,0.5,1700,0.5,0
8,7,41,1,0,300,0.5,1700,0.5,0
8,8,18,0,0,300,0.5,1700,0.5,0
8,9,232,0,0,300,0.5,1700,0.5,1
8,10,865,2,10,5,0,300,0.5,1700,0.5,1
8,11,636,2,10,5,0,300,0.5,1700,0.5,0
8,12,561,2,10,5,0,500,0.6,1000,0.2,1400,0.2,0
8,13,556,2,10,5,0,500,0.6,1000,0.2,1400,0.2,2
8,14,640,0,0,300,0.5,1700,0.5,2
9,0,808,0,0,300,0.5,1700,0.5,2
9,1,593,1,0,500,0.6,1000,0.2,1400,0.2,0
9,2,727,2,10,5,0,300,0.5,1700,0.5,1
9,3,930,2,10,5,0,500,0.6,1000,0.2,1400,0.2,1
9,4,926,0,0,300,0.5,1700,0.5,0
9,5,99,1,0,500,0.6,1000,0.2,1400,0.2,0
9,6,243,1,0,300,0.5,1700,0.5,1
9,7,480,0,0,500,0.6,1000,0.2,1400,0.2,1
9,8,92,2,10,5,0,500,0.6,1000,0.2,1400,0.2,1
9,9,870,1,0,500,0.6,1000,0.2,1400,0.2,1
9,10,550,0,0,300,0.5,1700,0.5,0
9,11,724,0,0,300,0.5,1700,0.5,2
9,12,760,0,0,500,0.6,1000,0.2,1400,0.2,1
9,13,782,2,10,5,0,500,0.6,1000,0.2,1400,0.2,2
9,14,640,1,0,500,0.6,1000,0.2,1400,0.2,2
10,0,298,1,0,300,0.5,1700,0.5,0
10,1,286,0,0,500,0.6,1000,0.2,1400,0.2,2
10,2,363,1,0,300,0.5,1700,0.5,1
10,3,17,2,10,5,0,500,0.6,1000,0.2,1400,0.2,1
10,4,130,1,0,300,0.5,1700,0.5,0
10,5,478,0,0,300,0.5,1700,0.5,0
10,6,747,0,0,300,0.5,1700,0.5,0
10,7,897,0,0,300,0.5,1700,0.5,2
10,8,460,1,0,300,0.5,1700,0.5,2
10,9,158,0,0,500,0.6,1000,0.2,1400,0.2,0
10,10,650,1,0,500,0.6,1000,0.2,1400,0.2,2
10,11,802,2,10,5,0,500,0.6,1000,0.2,1400,0.2,2
10,12,228,0,0,300,0.5,1700,0.5,0
10,13,48,2,10,5,0,500,0.6,1000,0.2,1400,0.2,2
10,14,109,2,10,5,0,500,0.6,1000,0.2,1400,0.2,2
11,0,423,0,0,300,0.5,1700,0.5,2
11,1,754,0,0,500,0.6,1000,0.2,1400,0.2,0
11,2,514,2,10,5,0,500,0.6,1000,0.2,1400,0.2,1
11,3,269,2,10,5,0,500,0.6,1000,0.2,1400,0.2,2
11,4,542,2,10,5,0,300,0.5,1700,0.5,0
11,5,810,2,10,5,0,500,0.6,1000,0.2,1400,0.2,0
11,6,636,1,0,300,0.5,1700,0.5,1
11,7,34,0,0,300,0.5,1700,0.5,1
11,8,936,0,0,500,0.6,1000,0.2,1400,0.2,1
11,9,914,2,10,5,0,300,0.5,1700,0.5,1
11,10,400,0,0,500,0.6,1000,0.2,1400,0.2,2
11,11,319,0,0,500,0.6,1000,0.2,1400,0.2,1
11,12,870,0,0,300,0.5,1700,0.5,2
11,13,899,2,10,5,0,300,0.5,1700,0.5,1
11,14,357,1,0,300,0.5,1700,0.5,0
12,0,265,2,10,5,0,500,0.6,1000,0.2,1400,0.2,1
12,1,16,2,10,5,0,300,0.5,1700,0.5,0
12,2,858,2,10,5,0,500,0.6,1000,0.2,1400,0.2,0
12,3,181,2,10,5,0,500,0.6,1000,0.2,1400,0.2,0
12,4,696,0,0,300,0.5,1700,0.5,1
12,5,967,1,0,500,0.6,1000,0.2,1400,0.2,1
12,6,863,2,10,5,0,300,0.5,1700,0.5,2
12,7,71,1,0,500,0.6,1000,0.2,1400,0.2,0
12,8,694,2,10,5,0,500,0.6,1000,0.2,1400,0.2,0
12,9,817,2,10,5,0,500,0.6,1000,0.2,1400,0.2,1
12,10,924,0,0,500,0.6,1000,0.2,1400,0.2,1
12,11,871,0,0,300,0.5,1700,0.5,2
12,12,78,1,0,500,0.6,1000,0.2,1400,0.2,2
12,13,266,0,0,300,0.5,1700,0.5,0
12,14,184,0,0,500,0.6,1000,0.2,1400,0.2,2
13,0,223,2,10,5,0,500,0.6,1000,0.2,1400,0.2,0
13,1,253,2,10,5,0,300,0.5,1700,0.5,2
13,2,871,1,0,500,0.6,1000,0.2,1400,0.2,1
13,3,821,1,0,500,0.6,1000,0.2,1400,0.2,0
13,4,144,1,0,500,0.6,1000,0.2,1400,0.2,1
13,5,138,0,0,500,0.6,1000,0.2,1400,0.2,1
13,6,194,0,0,300,0.5,1700,0.5,1
13,7,292,0,0,500,0.6,1000,0.2,1400,0.2,0
13,8,79,0,0,300,0.5,1700,0.5,0
13,9,938,0,0,300,0.5,1700,0.5,1
13,10,453,0,0,300,0.5,1700,0.5,1
13,11,238,1,0,500,0.6,1000,0.2,1400,0.2,2
13,12,215,1,0,300,0.5,1700,0.5,2
13,13,646,0,0,500,0.6,1000,0.2,1400,0.2,2
13,14,60,2,10,5,0,300,0.5,1700,0.5,0
14,0,582,2,10,5,0,500,0.6,1000,0.2,1400,0.2,1
14,1,674,0,0,500,0.6,1000,0.2,1400,0.2,2
14,2,232,1,0,500,0.6,1000,0.2,1400,0.2,1
14,3,494,0,0,300,0.5,1700,0.5,1
14,4,937,1,0,500,0.6,1000,0.2,1400,0.2,0
14,5,480,1,0,500,0.6,1000,0.2,1400,0.2,1
14,6,409,1,0,300,0.5,1700,0.5,0
14,7,342,1,0,300,0.5,1700,0.5,0
14,8,381,1,0,500,0.6,1000,0.2,1400,0.2,2
14,9,496,1,0,500,0.6,1000,0.2,1400,0.2,2
14,10,993,0,0,500,0.6,1000,0.2,1400,0.2,0
14,11,607,2,10,5,0,300,0.5,1700,0.5,2
14,12,285,1,0,500,0.6,1000,0.2,1400,0.2,2
14,13,683,1,0,300,0.5,1700,0.5,2
14,14,859,2,10,5,0,300,0.5,1700,0.5,2
