0,0,583,2,10,5,0,500,0.6,1000,0.2,1400,0.2,0
0,1,604,0,0,300,0.5,1700,0.5,2
0,2,744,0,0,500,0.6,1000,0.2,1400,0.2,2
0,3,809,2,10,5,0,500,0.6,1000,0.2,1400,0.2,2
0,4,101,0,0,300,0.5,1700,0.5,0
0,5,970,1,0,500,0.6,1000,0.2,1400,0.2,2
0,6,768,2,10,5,0,500,0.6,1000,0.2,1400,0.2,2
0,7,503,2,10,5,0,500,0.6,1000,0.2,1400,0.2,0
0,8,823,2,10,5,0,300,0.5,1700,0.5,1
0,9,787,2,10,5,0,500,0.6,1000,0.2,1400,0.2,2
0,10,61,2,10,5,0,300,0.5,1700,0.5,0
0,11,922,0,0,500,0.6,1000,0.2,1400,0.2,0
0,12,314,2,10,5,0,500,0.6,1000,0.2,1400,0.2,1
0,13,216,1,0,300,0.5,1700,0.5,1
0,14,473,2,10,5,0,300,0.5,1700,0.5,0
1,0,493,0,0,300,0.5,1700,0.5,1
1,1,128,2,10,5,0,300,0.5,1700,0.5,2
1,2,118,1,0,300,0.5,1700,0.5,1
1,3,752,0,0,500,0.6,1000,0.2,1400,0.2,1
1,4,22,2,10,5,0,500,0.6,1000,0.2,1400,0.2,0
1,5,428,2,10,5,0,500,0.6,1000,0.2,1400,0.2,2
1,6,976,1,0,300,0.5,1700,0.5,2
1,7,115,2,10,5,0,500,0.6,1000,0.2,1400,0.2,2
1,8,482,0,0,300,0.5,1700,0.5,2
1,9,267,2,10,5,0,500,0.6,1000,0.2,1400,0.2,0
1,10,906,0,0,300,0.5,1700,0.5,1
1,11,742,1,0,300,0.5,1700,0.5,1
1,12,588,1,0,500,0.6,1000,0.2,1400,0.2,0
1,13,509,2,10,5,0,300,0.5,1700,0.5,2
1,14,505,1,0,300,0.5,1700,0.5,2
2,0,654,1,0,300,0.5,1700,0.5,1
2,1,60,1,0,500,0.6,1000,0.2,1400,0.2,1
2,2,10,2,10,5,0,500,0.6,1000,0.2,1400,0.2,2
2,3,184,1,0,500,0.6,1000,0.2,1400,0.2,0
2,4,976,2,10,5,0,300,0.5,1700,0.5,1
2,5,841,1,0,300,0.5,1700,0.5,2
2,6,444,0,0,500,0.6,1000,0.2,1400,0.2,2
2,7,794,1,0,500,0.6,1000,0.2,1400,0.2,1
2,8,610,0,0,300,0.5,1700,0.5,2
2,9,839,1,0,300,0.5,1700,0.5,0
2,10,236,2,10,5,0,300,0.5,1700,0.5,2
2,11,585,0,0,300,0.5,1700,0.5,2
2,12,877,0,0,300,0.5,1700,0.5,0
2,13,685,2,10,5,0,300,0.5,1700,0.5,2
2,14,817,0,0,300,0.5,1700,0.5,2
3,0,517,2,10,5,0,300,0.5,1700,0.5,1
3,1,79,0,0,300,0.5,1700,0.5,1
3,2,310,1,0,500,0.6,1000,0.2,1400,0.2,1
3,3,592,2,10,5,0,500,0.6,1000,0.2,1400,0.2,1
3,4,35,1,0,500,0.6,1000,0.2,1400,0.2,0
3,5,360,1,0,300,0.5,1700,0.5,2
3,6,354,0,0,500,0.6,1000,0.2,1400,0.2,1
3,7,840,1,0,300,0.5,1700,0.5,0
3,8,158,0,0,300,0.5,1700,0.5,0
3,9,879,1,0,300,0.5,1700,0.5,2
3,10,182,2,10,5,0,500,0.6,1000,0.2,1400,0.2,2
3,11,831,1,0,500,0.6,1000,0.2,1400,0.2,2
3,12,117,1,0,300,0.5,1700,0.5,2
3,13,517,1,0,500,0.6,1000,0.2,1400,0.2,0
3,14,643,2,10,5,0,500,0.6,1000,0.2,1400,0.2,2
4,0,906,0,0,300,0.5,1700,0.5,1
4,1,980,1,0,300,0.5,1700,0.5,0
4,2,674,2,10,5,0,500,0.6,1000,0.2,1400,0.2,0
4,3,220,2,10,5,0,500,0.6,1000,0.2,1400,0.2,1
4,4,72,0,0,500,0.6,1000,0.2,1400,0.2,1
4,5,856,2,10,5,0,300,0.5,1700,0.5,2
4,6,151,0,0,300,0.5,1700,0.5,0
4,7,31,0,0,500,0.6,1000,0.2,1400,0.2,0
4,8,869,1,0,300,0.5,1700,0.5,1
4,9,515,0,0,300,0.5,1700,0.5,0
4,10,674,2,10,5,0,500,0.6,1000,0.2,1400,0.2,1
4,11,854,1,0,300,0.5,1700,0.5,2
4,12,874,1,0,300,0.5,1700,0.5,1
4,13,711,0,0,300,0.5,1700,0.5,2
4,14,485,2,10,5,0,500,0.6,1000,0.2,1400,0.2,2
5,0,878,2,10,5,0,500,0.6,1000,0.2,1400,0.2,0
5,1,640,0,0,500,0.6,1000,0.2,1400,0.2,2
5,2,130,1,0,500,0.6,1000,0.2,1400,0.2,0
5,3,176,1,0,500,0.6,1000,0.2,1400,0.2,0
5,4,895,2,10,5,0,300,0.5,1700,0.5,1
5,5,958,2,10,5,0,500,0.6,1000,0.2,1400,0.2,0
5,6,409,2,10,5,0,300,0.5,1700,0.5,1
5,7,393,1,0,500,0.6,1000,0.2,1400,0.2,1
5,8,24,0,0,300,0.5,1700,0.5,1
5,9,87,2,10,5,0,500,0.6,1000,0.2,1400,0.2,1
5,10,732,0,0,300,0.5,1700,0.5,0
5,11,373,2,10,5,0,500,0.6,1000,0.2,1400,0.2,2
5,12,290,2,10,5,0,300,0.5,1700,0.5,2
5,13,32,1,0,500,0.6,1000,0.2,1400,0.2,1
5,14,378,1,0,300,0.5,1700,0.5,0
6,0,571,1,0,300,0.5,1700,0.5,0
6,1,211,1,0,500,0.6,1000,0.2,1400,0.2,1
6,2,402,0,0,300,0.5,1700,0.5,1
6,3,387,2,10,5,0,500,0.6,1000,0.2,1400,0.2,1
6,4,193,0,0,300,0.5,1700,0.5,0
6,5,598,2,10,5,0,300,0.5,1700,0.5,1
6,6,549,2,10,5,0,500,0.6,1000,0.2,1400,0.2,0
6,7,494,0,0,300,0.5,1700,0.5,0
6,8,23,2,10,5,0,500,0.6,1000,0.2,1400,0.2,1
6,9,52,1,0,300,0.5,1700,0.5,2
6,10,371,2,10,5,0,500,0.6,1000,0.2,1400,0.2,0
6,11,767,0,0,300,0.5,1700,0.5,1
6,12,402,1,0,500,0.6,1000,0.2,1400,0.2,2
6,13,53,1,0,300,0.5,1700,0.5,0
6,14,356,2,10,5,0,300,0.5,1700,0.5,1
7,0,87,2,10,5,0,300,0.5,1700,0.5,0
7,1,161,0,0,300,0.5,1700,0.5,0
7,2,880,2,10,5,0,500,0.6,1000,0.2,1400,0.2,2
7,3,356,1,0,500,0.6,1000,0.2,1400,0.2,1
7,4,605,0,0,500,0.6,1000,0.2,1400,0.2,0
7,5,288,2,10,5,0,500,0.6,1000,0.2,1400,0.2,0
7,6,740,1,0,500,0.6,1000,0.2,1400,0.2,2
7,7,641,0,0,300,0.5,1700,0.5,0
7,8,305,1,0,300,0.5,1700,0.5,0
7,9,399,2,10,5,0,300,0.5,1700,0.5,1
7,10,924,2,10,5,0,300,0.5,1700,0.5,2
7,11,199,0,0,300,0.5,1700,0.5,1
7,12,179,1,0,300,0.5,1700,0.5,0
7,13,317,2,10,5,0,300,0.5,1700,0.5,0
7,14,136,0,0,500,0.6,1000,0.2,1400,0.2,0
8,0,867,2,10,5,0,500,0.6,1000,0.2,1400,0.2,1
8,1,857,1,0,500,0.6,1000,0.2,1400,0.2,2
8,2,639,0,0,500,0.6,1000,0.2,1400,0.2,2
8,3,391,1,0,500,0.6,1000,0.2,1400,0.2,2
8,4,849,2,10,5,0,500,0.6,1000,0.2,1400,0.2,1
8,5,604,0,0,500,0.6,1000,0.2,1400,0.2,0
8,6,819,0,0,300,0.5,1700,0.5,2
8,7,779,1,0,300,0.5,1700,0.5,2
8,8,427,0,0,300,0.5,1700,0.5,0
8,9,702,2,10,5,0,300,0.5,1700,0.5,0
8,10,250,1,0,300,0.5,1700,0.5,2
8,11,322,1,0,500,0.6,1000,0.2,1400,0.2,1
8,12,600,1,0,300,0.5,1700,0.5,0
8,13,852,1,0,500,0.6,1000,0.2,1400,0.2,1
8,14,472,0,0,300,0.5,1700,0.5,0
9,0,686,1,0,300,0.5,1700,0.5,0
9,1,924,0,0,300,0.5,1700,0.5,1
9,2,830,0,0,300,0.5,1700,0.5,1
9,3,265,1,0,500,0.6,1000,0.2,1400,0.2,0
9,4,467,0,0,300,0.5,1700,0.5,0
9,5,312,2,10,5,0,300,0.5,1700,0.5,2
9,6,117,1,0,300,0.5,1700,0.5,2
9,7,931,2,10,5,0,500,0.6,1000,0.2,1400,0.2,0
9,8,420,1,0,500,0.6,1000,0.2,1400,0.2,1
9,9,272,2,10,5,0,500,0.6,1000,0.2,1400,0.2,1
9,10,262,0,0,500,0.6,1000,0.2,1400,0.2,1
9,11,329,2,10,5,0,500,0.6,1000,0.2,1400,0.2,2
9,12,907,1,0,300,0.5,1700,0.5,2
9,13,320,2,10,5,0,500,0.6,1000,0.2,1400,0.2,1
9,14,734,0,0,500,0.6,1000,0.2,1400,0.2,1
10,0,888,1,0,300,0.5,1700,0.5,2
10,1,501,1,0,500,0.6,1000,0.2,1400,0.2,1
10,2,492,0,0,500,0.6,1000,0.2,1400,0.2,0
10,3,859,2,10,5,0,300,0.5,1700,0.5,2
10,4,597,0,0,500,0.6,1000,0.2,1400,0.2,2
10,5,966,2,10,5,0,500,0.6,1000,0.2,1400,0.2,0
10,6,635,0,0,500,0.6,1000,0.2,1400,0.2,1
10,7,643,0,0,300,0.5,1700,0.5,0
10,8,508,1,0,500,0.6,1000,0.2,1400,0.2,2
10,9,134,0,0,500,0.6,1000,0.2,1400,0.2,1
10,10,828,2,10,5,0,500,0.6,1000,0.2,1400,0.2,2
10,11,370,1,0,300,0.5,1700,0.5,1
10,12,639,1,0,500,0.6,1000,0.2,1400,0.2,0
10,13,360,0,0,300,0.5,1700,0.5,0
10,14,627,0,0,300,0.5,1700,0.5,2
11,0,651,2,10,5,0,500,0.6,1000,0.2,1400,0.2,0
11,1,828,1,0,500,0.6,1000,0.2,1400,0.2,1
11,2,218,2,10,5,0,300,0.5,1700,0.5,0
11,3,408,2,10,5,0,300,0.5,1700,0.5,2
11,4,650,1,0,500,0.6,1000,0.2,1400,0.2,2
11,5,689,1,0,500,0.6,1000,0.2,1400,0.2,1
11,6,831,2,10,5,0,500,0.6,1000,0.2,1400,0.2,2
11,7,433,1,0,500,0.6,1000,0.2,1400,0.2,1
11,8,556,1,0,300,0.5,1700,0.5,1
11,9,278,2,10,5,0,500,0.6,1000,0.2,1400,0.2,1
11,10,995,0,0,300,0.5,1700,0.5,1
11,11,825,0,0,500,0.6,1000,0.2,1400,0.2,1
11,12,593,1,0,500,0.6,1000,0.2,1400,0.2,0
11,13,397,1,0,300,0.5,1700,0.5,1
11,14,325,2,10,5,0,300,0.5,1700,0.5,0
12,0,350,0,0,300,0.5,1700,0.5,1
12,1,718,1,0,300,0.5,1700,0.5,0
12,2,869,2,10,5,0,300,0.5,1700,0.5,1
12,3,616,1,0,500,0.6,1000,0.2,1400,0.2,1
12,4,936,2,10,5,0,500,0.6,1000,0.2,1400,0.2,0
12,5,775,0,0,500,0.6,1000,0.2,1400,0.2,1
12,6,161,0,0,500,0.6,1000,0.2,1400,0.2,2
12,7,857,2,10,5,0,300,0.5,1700,0.5,2
12,8,878,1,0,300,0.5,1700,0.5,2
12,9,169,0,0,300,0.5,1700,0.5,1
12,10,457,2,10,5,0,500,0.6,1000,0.2,1400,0.2,2
12,11,412,2,10,5,0,300,0.5,1700,0.5,0
12,12,984,1,0,300,0.5,1700,0.5,1
12,13,253,0,0,500,0.6,1000,0.2,1400,0.2,1
12,14,763,2,10,5,0,500,0.6,1000,0.2,1400,0.2,2
13,0,861,1,0,500,0.6,1000,0.2,1400,0.2,1
13,1,963,0,0,500,0.6,1000,0.2,1400,0.2,0
13,2,648,1,0,500,0.6,1000,0.2,1400,0.2,0
13,3,54,2,10,5,0,500,0.6,1000,0.2,1400,0.2,1
13,4,824,2,10,5,0,300,0.5,1700,0.5,2
13,5,938,1,0,500,0.6,1000,0.2,1400,0.2,0
13,6,755,0,0,500,0.6,1000,0.2,1400,0.2,0
13,7,597,0,0,300,0.5,1700,0.5,2
13,8,326,2,10,5,0,300,0.5,1700,0.5,2
13,9,594,2,10,5,0,300,0.5,1700,0.5,1
13,10,456,1,0,300,0.5,1700,0.5,2
13,11,52,0,0,500,0.6,1000,0.2,1400,0.2,2
13,12,559,2,10,5,0,500,0.6,1000,0.2,1400,0.2,1
13,13,268,2,10,5,0,300,0.5,1700,0.5,1
13,14,776,2,10,5,0,300,0.5,1700,0.5,0
14,0,723,2,10,5,0,500,0.6,1000,0.2,1400,0.2,2
14,1,529,2,10,5,0,500,0.6,1000,0.2,1400,0.2,1
14,2,293,0,0,500,0.6,1000,0.2,1400,0.2,0
14,3,22,1,0,300,0.5,1700,0.5,0
14,4,24,2,10,5,0,300,0.5,1700,0.5,1
14,5,927,0,0,300,0.5,1700,0.5,0
14,6,758,0,0,500,0.6,1000,0.2,1400,0.2,1
14,7,483,0,0,300,0.5,1700,0.5,0
14,8,316,1,0,300,0.5,1700,0.5,1
14,9,640,1,0,300,0.5,1700,0.5,0
14,10,996,1,0,300,0.5,1700,0.5,1
14,11,261,0,0,500,0.6,1000,0.2,1400,0.2,0
14,12,999,1,0,500,0.6,1000,0.2,1400,0.2,2
14,13,495,2,10,5,0,500,0.6,1000,0.2,1400,0.2,0
14,14,81,2,10,5,0,500,0.6,1000,0.2,1400,0.2,1
