0,0,552,0,0,500,0.6,1000,0.2,1400,0.2,1
0,1,807,2,10,5,0,300,0.5,1700,0.5,1
0,2,890,1,0,300,0.5,1700,0.5,2
0,3,935,1,0,300,0.5,1700,0.5,2
0,4,224,1,0,500,0.6,1000,0.2,1400,0.2,1
0,5,946,0,0,500,0.6,1000,0.2,1400,0.2,1
0,6,446,1,0,300,0.5,1700,0.5,1
0,7,135,1,0,300,0.5,1700,0.5,2
0,8,460,0,0,300,0.5,1700,0.5,2
0,9,919,1,0,500,0.6,1000,0.2,1400,0.2,0
0,10,680,1,0,500,0.6,1000,0.2,1400,0.2,1
0,11,759,1,0,500,0.6,1000,0.2,1400,0.2,1
0,12,482,1,0,300,0.5,1700,0.5,1
0,13,981,1,0,300,0.5,1700,0.5,0
0,14,166,1,0,500,0.6,1000,0.2,1400,0.2,0
1,0,12,0,0,500,0.6,1000,0.2,1400,0.2,0
1,1,71,1,0,300,0.5,1700,0.5,0
1,2,799,2,10,5,0,500,0.6,1000,0.2,1400,0.2,0
1,3,294,2,10,5,0,500,0.6,1000,0.2,1400,0.2,2
1,4,784,1,0,300,0.5,1700,0.5,1
1,5,961,0,0,500,0.6,1000,0.2,1400,0.2,0
1,6,69,2,10,5,0,300,0.5,1700,0.5,0
1,7,539,1,0,500,0.6,1000,0.2,1400,0.2,1
1,8,476,0,0,300,0.5,1700,0.5,2
1,9,954,0,0,500,0.6,1000,0.2,1400,0.2,1
1,10,204,0,0,500,0.6,1000,0.2,1400,0.2,1
1,11,663,1,0,500,0.6,1000,0.2,1400,0.2,0
1,12,915,0,0,300,0.5,1700,0.5,2
1,13,280,1,0,500,0.6,1000,0.2,1400,0.2,1
1,14,470,0,0,500,0.6,1000,0.2,1400,0.2,0
2,0,848,2,10,5,0,500,0.6,1000,0.2,1400,0.2,2
2,1,166,2,10,5,0,500,0.6,1000,0.2,1400,0.2,1
2,2,236,1,0,300,0.5,1700,0.5,0
2,3,239,2,10,5,0,300,0.5,1700,0.5,2
2,4,26,2,10,5,0,300,0.5,1700,0.5,1
2,5,939,2,10,5,0,500,0.6,1000,0.2,1400,0.2,0
2,6,107,2,10,5,0,300,0.5,1700,0.5,1
2,7,772,2,10,5,0,300,0.5,1700,0.5,1
2,8,529,0,0,300,0.5,1700,0.5,0
2,9,675,1,0,500,0.6,1000,0.2,1400,0.2,0
2,10,25,2,10,5,0,300,0.5,1700,0.5,1
2,11,744,2,10,5,0,300,0.5,1700,0.5,1
2,12,341,0,0,300,0.5,1700,0.5,1
2,13,80,2,10,5,0,500,0.6,1000,0.2,1400,0.2,2
2,14,856,1,0,500,0.6,1000,0.2,1400,0.2,0
3,0,245,1,0,300,0.5,1700,0.5,2
3,1,693,0,0,500,0.6,1000,0.2,1400,0.2,0
3,2,371,1,0,300,0.5,1700,0.5,0
3,3,129,2,10,5,0,300,0.5,1700,0.5,2
3,4,348,0,0,300,0.5,1700,0.5,2
3,5,104,2,10,5,0,500,0.6,1000,0.2,1400,0.2,1
3,6,476,1,0,500,0.6,1000,0.2,1400,0.2,0
3,7,988,0,0,500,0.6,1000,0.2,1400,0.2,1
3,8,441,1,0,300,0.5,1700,0.5,0
3,9,773,2,10,5,0,300,0.5,1700,0.5,2
3,10,878,1,0,300,0.5,1700,0.5,2
3,11,96,0,0,500,0.6,1000,0.2,1400,0.2,0
3,12,938,1,0,300,0.5,1700,0.5,0
3,13,707,0,0,300,0.5,1700,0.5,0
3,14,264,0,0,500,0.6,1000,0.2,1400,0.2,2
4,0,288,0,0,300,0.5,1700,0.5,1
4,1,205,1,0,300,0.5,1700,0.5,2
4,2,764,2,10,5,0,300,0.5,1700,0.5,0
4,3,136,0,0,300,0.5,1700,0.5,2
4,4,368,2,10,5,0,300,0.5,1700,0.5,2
4,5,766,1,0,300,0.5,1700,0.5,2
4,6,84,0,0,300,0.5,1700,0.5,0
4,7,554,2,10,5,0,500,0.6,1000,0.2,1400,0.2,1
4,8,435,2,10,5,0,500,0.6,1000,0.2,1400,0.2,1
4,9,439,1,0,300,0.5,1700,0.5,2
4,10,662,1,0,500,0.6,1000,0.2,1400,0.2,2
4,11,257,1,0,500,0.6,1000,0.2,1400,0.2,0
4,12,38,0,0,300,0.5,1700,0.5,0
4,13,164,2,10,5,0,300,0.5,1700,0.5,2
4,14,327,1,0,500,0.6,1000,0.2,1400,0.2,0
5,0,48,1,0,500,0.6,1000,0.2,1400,0.2,1
5,1,906,0,0,300,0.5,1700,0.5,0
5,2,387,0,0,500,0.6,1000,0.2,1400,0.2,0
5,3,314,0,0,300,0.5,1700,0.5,2
5,4,297,2,10,5,0,500,0.6,1000,0.2,1400,0.2,0
5,5,894,2,10,5,0,500,0.6,1000,0.2,1400,0.2,2
5,6,906,0,0,500,0.6,1000,0.2,1400,0.2,0
5,7,984,2,10,5,0,500,0.6,1000,0.2,1400,0.2,1
5,8,996,1,0,300,0.5,1700,0.5,1
5,9,415,2,10,5,0,500,0.6,1000,0.2,1400,0.2,0
5,10,193,0,0,300,0.5,1700,0.5,1
5,11,165,1,0,300,0.5,1700,0.5,2
5,12,916,1,0,500,0.6,1000,0.2,1400,0.2,0
5,13,799,2,10,5,0,300,0.5,1700,0.5,0
5,14,871,1,0,500,0.6,1000,0.2,1400,0.2,2
6,0,416,1,0,500,0.6,1000,0.2,1400,0.2,2
6,1,923,2,10,5,0,300,0.5,1700,0.5,2
6,2,377,2,10,5,0,500,0.6,1000,0.2,1400,0.2,1
6,3,488,0,0,300,0.5,1700,0.5,0
6,4,448,1,0,300,0.5,1700,0.5,2
6,5,722,0,0,500,0.6,1000,0.2,1400,0.2,1
6,6,91,0,0,300,0.5,1700,0.5,1
6,7,660,2,10,5,0,500,0.6,1000,0.2,1400,0.2,1
6,8,467,0,0,500,0.6,1000,0.2,1400,0.2,1
6,9,122,0,0,300,0.5,1700,0.5,0
6,10,114,0,0,300,0.5,1700,0.5,2
6,11,62,1,0,300,0.5,1700,0.5,2
6,12,166,1,0,500,0.6,1000,0.2,1400,0.2,1
6,13,624,2,10,5,0,500,0.6,1000,0.2,1400,0.2,1
6,14,507,2,10,5,0,500,0.6,1000,0.2,1400,0.2,0
7,0,296,2,10,5,0,300,0.5,1700,0.5,1
7,1,977,1,0,500,0.6,1000,0.2,1400,0.2,0
7,2,758,2,10,5,0,300,0.5,1700,0.5,2
7,3,109,2,10,5,0,300,0.5,1700,0.5,1
7,4,336,1,0,300,0.5,1700,0.5,1
7,5,660,1,0,300,0.5,1700,0.5,2
7,6,36,2,10,5,0,300,0.5,1700,0.5,1
7,7,609,1,0,300,0.5,1700,0.5,1
7,8,286,1,0,300,0.5,1700,0.5,1
7,9,855,0,0,500,0.6,1000,0.2,1400,0.2,0
7,10,514,1,0,300,0.5,1700,0.5,0
7,11,845,2,10,5,0,300,0.5,1700,0.5,1
7,12,884,1,0,500,0.6,1000,0.2,1400,0.2,1
7,13,152,1,0,500,0.6,1000,0.2,1400,0.2,0
7,14,273,0,0,300,0.5,1700,0.5,2
8,0,265,1,0,500,0.6,1000,0.2,1400,0.2,2
8,1,902,0,0,300,0.5,1700,0.5,1
8,2,416,0,0,300,0.5,1700,0.5,1
8,3,419,0,0,500,0.6,1000,0.2,1400,0.2,1
8,4,510,1,0,300,0.5,1700,0.5,1
8,5,663,0,0,300,0.5,1700,0.5,2
8,6,896,0,0,300,0.5,1700,0.5,1
8,7,411,0,0,300,0.5,1700,0.5,0
8,8,285,2,10,5,0,500,0.6,1000,0.2,1400,0.2,2
8,9,77,2,10,5,0,300,0.5,1700,0.5,0
8,10,334,0,0,300,0.5,1700,0.5,2
8,11,293,2,10,5,0,300,0.5,1700,0.5,0
8,12,525,2,10,5,0,500,0.6,1000,0.2,1400,0.2,0
8,13,454,2,10,5,0,300,0.5,1700,0.5,2
8,14,535,1,0,300,0.5,1700,0.5,0
9,0,756,0,0,500,0.6,1000,0.2,1400,0.2,2
9,1,790,0,0,300,0.5,1700,0.5,0
9,2,363,1,0,300,0.5,1700,0.5,2
9,3,126,2,10,5,0,500,0.6,1000,0.2,1400,0.2,0
9,4,170,2,10,5,0,300,0.5,1700,0.5,1
9,5,153,1,0,300,0.5,1700,0.5,2
9,6,996,1,0,300,0.5,1700,0.5,2
9,7,912,2,10,5,0,300,0.5,1700,0.5,2
9,8,478,1,0,500,0.6,1000,0.2,1400,0.2,0
9,9,595,2,10,5,0,300,0.5,1700,0.5,1
9,10,228,0,0,300,0.5,1700,0.5,0
9,11,658,2,10,5,0,300,0.5,1700,0.5,0
9,12,947,1,0,300,0.5,1700,0.5,0
9,13,493,2,10,5,0,300,0.5,1700,0.5,0
9,14,903,2,10,5,0,300,0.5,1700,0.5,0
10,0,364,0,0,300,0.5,1700,0.5,1
10,1,758,0,0,300,0.5,1700,0.5,0
10,2,302,1,0,500,0.6,1000,0.2,1400,0.2,0
10,3,480,0,0,500,0.6,1000,0.2,1400,0.2,2
10,4,547,2,10,5,0,300,0.5,1700,0.5,0
10,5,909,0,0,500,0.6,1000,0.2,1400,0.2,0
10,6,310,2,10,5,0,500,0.6,1000,0.2,1400,0.2,2
10,7,974,1,0,300,0.5,1700,0.5,0
10,8,949,0,0,500,0.6,1000,0.2,1400,0.2,0
10,9,619,0,0,500,0.6,1000,0.2,1400,0.2,1
10,10,778,2,10,5,0,300,0.5,1700,0.5,0
10,11,874,1,0,500,0.6,1000,0.2,1400,0.2,2
10,12,73,1,0,500,0.6,1000,0.2,1400,0.2,2
10,13,588,1,0,500,0.6,1000,0.2,1400,0.2,0
10,14,515,0,0,300,0.5,1700,0.5,2
11,0,430,0,0,300,0.5,1700,0.5,0
11,1,47,0,0,500,0.6,1000,0.2,1400,0.2,1
11,2,444,0,0,500,0.6,1000,0.2,1400,0.2,1
11,3,28,0,0,300,0.5,1700,0.5,2
11,4,403,1,0,300,0.5,1700,0.5,1
11,5,131,0,0,500,0.6,1000,0.2,1400,0.2,0
11,6,326,1,0,500,0.6,1000,0.2,1400,0.2,1
11,7,870,0,0,300,0.5,1700,0.5,2
11,8,451,2,10,5,0,300,0.5,1700,0.5,0
11,9,577,2,10,5,0,500,0.6,1000,0.2,1400,0.2,0
11,10,64,2,10,5,0,300,0.5,1700,0.5,2
11,11,394,2,10,5,0,500,0.6,1000,0.2,1400,0.2,2
11,12,935,2,10,5,0,300,0.5,1700,0.5,0
11,13,569,1,0,300,0.5,1700,0.5,1
11,14,879,1,0,500,0.6,1000,0.2,1400,0.2,2
12,0,252,0,0,500,0.6,1000,0.2,1400,0.2,1
12,1,599,2,10,5,0,500,0.6,1000,0.2,1400,0.2,1
12,2,621,0,0,300,0.5,1700,0.5,1
12,3,785,1,0,500,0.6,1000,0.2,1400,0.2,0
12,4,613,2,10,5,0,500,0.6,1000,0.2,1400,0.2,0
12,5,289,2,10,5,0,300,0.5,1700,0.5,0
12,6,78,0,0,300,0.5,1700,0.5,2
12,7,519,0,0,300,0.5,1700,0.5,2
12,8,569,1,0,300,0.5,1700,0.5,0
12,9,829,2,10,5,0,300,0.5,1700,0.5,2
12,10,629,0,0,300,0.5,1700,0.5,0
12,11,203,1,0,300,0.5,1700,0.5,0
12,12,666,1,0,500,0.6,1000,0.2,1400,0.2,1
12,13,937,2,10,5,0,500,0.6,1000,0.2,1400,0.2,1
12,14,276,1,0,300,0.5,1700,0.5,0
13,0,66,0,0,500,0.6,1000,0.2,1400,0.2,0
13,1,617,0,0,500,0.6,1000,0.2,1400,0.2,2
13,2,384,2,10,5,0,500,0.6,1000,0.2,1400,0.2,1
13,3,938,0,0,300,0.5,1700,0.5,1
13,4,180,0,0,300,0.5,1700,0.5,0
13,5,460,1,0,300,0.5,1700,0.5,2
13,6,462,0,0,500,0.6,1000,0.2,1400,0.2,2
13,7,535,2,10,5,0,300,0.5,1700,0.5,1
13,8,918,2,10,5,0,500,0.6,1000,0.2,1400,0.2,2
13,9,906,0,0,500,0.6,1000,0.2,1400,0.2,0
13,10,378,2,10,5,0,500,0.6,1000,0.2,1400,0.2,0
13,11,473,1,0,300,0.5,1700,0.5,1
13,12,711,1,0,500,0.6,1000,0.2,1400,0.2,2
13,13,364,1,0,300,0.5,1700,0.5,1
13,14,247,0,0,500,0.6,1000,0.2,1400,0.2,0
14,0,345,0,0,300,0.5,1700,0.5,0
14,1,623,2,10,5,0,300,0.5,1700,0.5,1
14,2,276,0,0,300,0.5,1700,0.5,2
14,3,385,1,0,500,0.6,1000,0.2,1400,0.2,0
14,4,975,1,0,500,0.6,1000,0.2,1400,0.2,2
14,5,387,0,0,300,0.5,1700,0.5,2
14,6,730,2,10,5,0,300,0.5,1700,0.5,0
14,7,950,2,10,5,0,500,0.6,1000,0.2,1400,0.2,2
14,8,409,0,0,500,0.6,1000,0.2,1400,0.2,0
14,9,429,0,0,500,0.6,1000,0.2,1400,0.2,0
14,10,951,0,0,300,0.5,1700,0.5,2
14,11,550,2,10,5,0,300,0.5,1700,0.5,2
14,12,516,2,10,5,0,300,0.5,1700,0.5,0
14,13,870,2,10,5,0,500,0.6,1000,0.2,1400,0.2,2
14,14,511,1,0,300,0.5,1700,0.5,2
