0,0,795,2,10,5,0,300,0.5,1700,0.5,1
0,1,779,0,0,500,0.6,1000,0.2,1400,0.2,1
0,2,221,0,0,300,0.5,1700,0.5,0
0,3,46,0,0,300,0.5,1700,0.5,2
0,4,294,2,10,5,0,500,0.6,1000,0.2,1400,0.2,0
0,5,398,0,0,300,0.5,1700,0.5,2
0,6,210,2,10,5,0,500,0.6,1000,0.2,1400,0.2,0
0,7,67,0,0,500,0.6,1000,0.2,1400,0.2,0
0,8,885,2,10,5,0,500,0.6,1000,0.2,1400,0.2,0
0,9,605,2,10,5,0,300,0.5,1700,0.5,2
0,10,337,2,10,5,0,300,0.5,1700,0.5,1
0,11,687,2,10,5,0,500,0.6,1000,0.2,1400,0.2,0
0,12,160,0,0,500,0.6,1000,0.2,1400,0.2,1
0,13,774,0,0,500,0.6,1000,0.2,1400,0.2,0
0,14,557,2,10,5,0,500,0.6,1000,0.2,1400,0.2,2
1,0,352,1,0,300,0.5,1700,0.5,2
1,1,177,1,0,500,0.6,1000,0.2,1400,0.2,1
1,2,363,0,0,500,0.6,1000,0.2,1400,0.2,0
1,3,248,0,0,300,0.5,1700,0.5,0
1,4,53,0,0,500,0.6,1000,0.2,1400,0.2,2
1,5,870,1,0,500,0.6,1000,0.2,1400,0.2,1
1,6,456,1,0,500,0.6,1000,0.2,1400,0.2,1
1,7,979,0,0,500,0.6,1000,0.2,1400,0.2,0
1,8,464,1,0,500,0.6,1000,0.2,1400,0.2,1
1,9,854,0,0,300,0.5,1700,0.5,2
1,10,860,1,0,500,0.6,1000,0.2,1400,0.2,0
1,11,713,2,10,5,0,500,0.6,1000,0.2,1400,0.2,0
1,12,189,2,10,5,0,300,0.5,1700,0.5,2
1,13,369,0,0,300,0.5,1700,0.5,0
1,14,820,0,0,300,0.5,1700,0.5,0
2,0,992,2,10,5,0,500,0.6,1000,0.2,1400,0.2,1
2,1,835,2,10,5,0,500,0.6,1000,0.2,1400,0.2,0
2,2,148,0,0,300,0.5,1700,0.5,0
2,3,975,0,0,500,0.6,1000,0.2,1400,0.2,0
2,4,675,0,0,300,0.5,1700,0.5,2
2,5,213,2,10,5,0,300,0.5,1700,0.5,0
2,6,434,1,0,500,0.6,1000,0.2,1400,0.2,2
2,7,991,1,0,500,0.6,1000,0.2,1400,0.2,0
2,8,53,2,10,5,0,500,0.6,1000,0.2,1400,0.2,2
2,9,878,1,0,300,0.5,1700,0.5,0
2,10,957,1,0,300,0.5,1700,0.5,0
2,11,476,1,0,300,0.5,1700,0.5,0
2,12,856,0,0,500,0.6,1000,0.2,1400,0.2,0
2,13,737,0,0,500,0.6,1000,0.2,1400,0.2,1
2,14,822,0,0,500,0.6,1000,0.2,1400,0.2,0
3,0,154,1,0,300,0.5,1700,0.5,1
3,1,921,0,0,300,0.5,1700,0.5,2
3,2,575,1,0,500,0.6,1000,0.2,1400,0.2,2
3,3,337,0,0,300,0.5,1700,0.5,1
3,4,560,0,0,500,0.6,1000,0.2,1400,0.2,1
3,5,472,0,0,300,0.5,1700,0.5,0
3,6,633,2,10,5,0,300,0.5,1700,0.5,2
3,7,844,2,10,5,0,300,0.5,1700,0.5,1
3,8,579,1,0,300,0.5,1700,0.5,1
3,9,906,0,0,500,0.6,1000,0.2,1400,0.2,0
3,10,447,0,0,300,0.5,1700,0.5,1
3,11,75,2,10,5,0,500,0.6,1000,0.2,1400,0.2,1
3,12,796,1,0,300,0.5,1700,0.5,2
3,13,557,2,10,5,0,300,0.5,1700,0.5,0
3,14,52,0,0,500,0.6,1000,0.2,1400,0.2,2
4,0,663,2,10,5,0,300,0.5,1700,0.5,1
4,1,910,0,0,500,0.6,1000,0.2,1400,0.2,0
4,2,959,0,0,500,0.6,1000,0.2,1400,0.2,0
4,3,317,0,0,300,0.5,1700,0.5,2
4,4,755,1,0,500,0.6,1000,0.2,1400,0.2,2
4,5,584,0,0,500,0.6,1000,0.2,1400,0.2,1
4,6,453,2,10,5,0,500,0.6,1000,0.2,1400,0.2,2
4,7,684,1,0,300,0.5,1700,0.5,0
4,8,686,1,0,500,0.6,1000,0.2,1400,0.2,0
4,9,908,1,0,300,0.5,1700,0.5,0
4,10,535,2,10,5,0,300,0.5,1700,0.5,2
4,11,851,0,0,300,0.5,1700,0.5,2
4,12,583,1,0,500,0.6,1000,0.2,1400,0.2,1
4,13,431,0,0,300,0.5,1700,0.5,1
4,14,666,1,0,500,0.6,1000,0.2,1400,0.2,2
5,0,996,2,10,5,0,300,0.5,1700,0.5,2
5,1,569,1,0,300,0.5,1700,0.5,2
5,2,968,1,0,300,0.5,1700,0.5,0
5,3,703,2,10,5,0,300,0.5,1700,0.5,1
5,4,258,2,10,5,0,300,0.5,1700,0.5,1
5,5,529,0,0,300,0.5,1700,0.5,2
5,6,278,1,0,300,0.5,1700,0.5,1
5,7,631,2,10,5,0,500,0.6,1000,0.2,1400,0.2,0
5,8,889,1,0,500,0.6,1000,0.2,1400,0.2,2
5,9,268,2,10,5,0,500,0.6,1000,0.2,1400,0.2,1
5,10,661,0,0,500,0.6,1000,0.2,1400,0.2,0
5,11,993,1,0,300,0.5,1700,0.5,1
5,12,874,0,0,500,0.6,1000,0.2,1400,0.2,2
5,13,763,1,0,500,0.6,1000,0.2,1400,0.2,2
5,14,52,1,0,300,0.5,1700,0.5,2
6,0,980,1,0,500,0.6,1000,0.2,1400,0.2,2
6,1,277,1,0,500,0.6,1000,0.2,1400,0.2,0
6,2,98,0,0,500,0.6,1000,0.2,1400,0.2,2
6,3,636,2,10,5,0,500,0.6,1000,0.2,1400,0.2,2
6,4,897,1,0,300,0.5,1700,0.5,0
6,5,823,2,10,5,0,500,0.6,1000,0.2,1400,0.2,0
6,6,503,0,0,300,0.5,1700,0.5,1
6,7,298,2,10,5,0,500,0.6,1000,0.2,1400,0.2,0
6,8,533,2,10,5,0,500,0.6,1000,0.2,1400,0.2,1
6,9,229,0,0,300,0.5,1700,0.5,0
6,10,943,2,10,5,0,300,0.5,1700,0.5,1
6,11,917,2,10,5,0,500,0.6,1000,0.2,1400,0.2,0
6,12,36,1,0,500,0.6,1000,0.2,1400,0.2,0
6,13,315,0,0,500,0.6,1000,0.2,1400,0.2,0
6,14,863,2,10,5,0,500,0.6,1000,0.2,1400,0.2,2
7,0,794,2,10,5,0,300,0.5,1700,0.5,0
7,1,47,1,0,500,0.6,1000,0.2,1400,0.2,1
7,2,745,0,0,500,0.6,1000,0.2,1400,0.2,2
7,3,209,2,10,5,0,500,0.6,1000,0.2,1400,0.2,2
7,4,254,2,10,5,0,500,0.6,1000,0.2,1400,0.2,2
7,5,763,1,0,300,0.5,1700,0.5,0
7,6,823,0,0,300,0.5,1700,0.5,2
7,7,163,2,10,5,0,500,0.6,1000,0.2,1400,0.2,0
7,8,399,2,10,5,0,500,0.6,1000,0.2,1400,0.2,1
7,9,547,2,10,5,0,300,0.5,1700,0.5,0
7,10,727,1,0,300,0.5,1700,0.5,0
7,11,638,1,0,300,0.5,1700,0.5,1
7,12,679,1,0,500,0.6,1000,0.2,1400,0.2,2
7,13,457,1,0,500,0.6,1000,0.2,1400,0.2,1
7,14,207,1,0,500,0.6,1000,0.2,1400,0.2,1
8,0,806,0,0,300,0.5,1700,0.5,1
8,1,773,2,10,5,0,500,0.6,1000,0.2,1400,0.2,0
8,2,362,1,0,500,0.6,1000,0.2,1400,0.2,1
8,3,287,2,10,5,0,500,0.6,1000,0.2,1400,0.2,1
8,4,675,2,10,5,0,500,0.6,1000,0.2,1400,0.2,0
8,5,462,0,0,500,0.6,1000,0.2,1400,0.2,0
8,6,212,2,10,5,0,300,0.5,1700,0.5,0
8,7,184,0,0,300,0.5,1700,0.5,2
8,8,892,0,0,300,0.5,1700,0.5,0
8,9,487,1,0,300,0.5,1700,0.5,2
8,10,460,0,0,500,0.6,1000,0.2,1400,0.2,1
8,11,203,2,10,5,0,300,0.5,1700,0.5,1
8,12,108,1,0,300,0.5,1700,0.5,2
8,13,310,0,0,500,0.6,1000,0.2,1400,0.2,1
8,14,250,1,0,500,0.6,1000,0.2,1400,0.2,2
9,0,353,1,0,300,0.5,1700,0.5,1
9,1,698,1,0,500,0.6,1000,0.2,1400,0.2,0
9,2,803,0,0,300,0.5,1700,0.5,1
9,3,515,1,0,300,0.5,1700,0.5,2
9,4,926,1,0,300,0.5,1700,0.5,0
9,5,136,1,0,500,0.6,1000,0.2,1400,0.2,1
9,6,370,2,10,5,0,300,0.5,1700,0.5,0
9,7,874,1,0,300,0.5,1700,0.5,1
9,8,108,1,0,500,0.6,1000,0.2,1400,0.2,0
9,9,217,1,0,500,0.6,1000,0.2,1400,0.2,0
9,10,621,0,0,500,0.6,1000,0.2,1400,0.2,1
9,11,55,2,10,5,0,300,0.5,1700,0.5,2
9,12,310,2,10,5,0,500,0.6,1000,0.2,1400,0.2,1
9,13,378,0,0,500,0.6,1000,0.2,1400,0.2,2
9,14,769,2,10,5,0,300,0.5,1700,0.5,2
10,0,230,1,0,300,0.5,1700,0.5,1
10,1,939,1,0,300,0.5,1700,0.5,0
10,2,654,0,0,500,0.6,1000,0.2,1400,0.2,1
10,3,831,2,10,5,0,500,0.6,1000,0.2,1400,0.2,2
10,4,265,2,10,5,0,500,0.6,1000,0.2,1400,0.2,0
10,5,348,0,0,300,0.5,1700,0.5,1
10,6,604,1,0,300,0.5,1700,0.5,0
10,7,360,0,0,300,0.5,1700,0.5,1
10,8,320,2,10,5,0,500,0.6,1000,0.2,1400,0.2,1
10,9,203,1,0,500,0.6,1000,0.2,1400,0.2,2
10,10,405,0,0,300,0.5,1700,0.5,2
10,11,62,1,0,300,0.5,1700,0.5,2
10,12,803,0,0,500,0.6,1000,0.2,1400,0.2,0
10,13,101,2,10,5,0,300,0.5,1700,0.5,1
10,14,690,2,10,5,0,300,0.5,1700,0.5,2
11,0,16,2,10,5,0,300,0.5,1700,0.5,1
11,1,673,0,0,500,0.6,1000,0.2,1400,0.2,1
11,2,513,2,10,5,0,300,0.5,1700,0.5,1
11,3,500,0,0,500,0.6,1000,0.2,1400,0.2,1
11,4,203,2,10,5,0,300,0.5,1700,0.5,0
11,5,824,1,0,500,0.6,1000,0.2,1400,0.2,0
11,6,375,1,0,500,0.6,1000,0.2,1400,0.2,0
11,7,44,0,0,500,0.6,1000,0.2,1400,0.2,2
11,8,907,0,0,500,0.6,1000,0.2,1400,0.2,2
11,9,280,2,10,5,0,300,0.5,1700,0.5,0
11,10,692,2,10,5,0,500,0.6,1000,0.2,1400,0.2,1
11,11,51,0,0,500,0.6,1000,0.2,1400,0.2,2
11,12,777,1,0,500,0.6,1000,0.2,1400,0.2,0
11,13,663,1,0,300,0.5,1700,0.5,0
11,14,941,1,0,300,0.5,1700,0.5,1
12,0,658,0,0,300,0.5,1700,0.5,1
12,1,898,2,10,5,0,300,0.5,1700,0.5,0
12,2,95,2,10,5,0,500,0.6,1000,0.2,1400,0.2,0
12,3,23,1,0,500,0.6,1000,0.2,1400,0.2,1
12,4,190,0,0,300,0.5,1700,0.5,0
12,5,326,2,10,5,0,300,0.5,1700,0.5,0
12,6,19,1,0,500,0.6,1000,0.2,1400,0.2,2
12,7,788,0,0,300,0.5,1700,0.5,1
12,8,932,0,0,500,0.6,1000,0.2,1400,0.2,2
12,9,970,2,10,5,0,500,0.6,1000,0.2,1400,0.2,2
12,10,940,0,0,500,0.6,1000,0.2,1400,0.2,2
12,11,548,1,0,300,0.5,1700,0.5,2
12,12,144,2,10,5,0,500,0.6,1000,0.2,1400,0.2,2
12,13,401,0,0,500,0.6,1000,0.2,1400,0.2,0
12,14,544,2,10,5,0,500,0.6,1000,0.2,1400,0.2,1
13,0,31,1,0,500,0.6,1000,0.2,1400,0.2,2
13,1,145,2,10,5,0,300,0.5,1700,0.5,1
13,2,552,0,0,300,0.5,1700,0.5,1
13,3,524,1,0,300,0.5,1700,0.5,0
13,4,822,1,0,300,0.5,1700,0.5,0
13,5,956,2,10,5,0,500,0.6,1000,0.2,1400,0.2,1
13,6,37,1,0,500,0.6,1000,0.2,1400,0.2,1
13,7,909,0,0,300,0.5,1700,0.5,0
13,8,748,0,0,300,0.5,1700,0.5,0
13,9,457,0,0,300,0.5,1700,0.5,2
13,10,189,2,10,5,0,500,0.6,1000,0.2,1400,0.2,2
13,11,632,2,10,5,0,300,0.5,1700,0.5,2
13,12,287,1,0,500,0.6,1000,0.2,1400,0.2,0
13,13,609,1,0,300,0.5,1700,0.5,2
13,14,858,1,0,300,0.5,1700,0.5,1
14,0,84,0,0,500,0.6,1000,0.2,1400,0.2,1
14,1,22,0,0,300,0.5,1700,0.5,0
14,2,329,0,0,500,0.6,1000,0.2,1400,0.2,1
14,3,954,0,0,300,0.5,1700,0.5,1
14,4,627,1,0,500,0.6,1000,0.2,1400,0.2,2
14,5,228,1,0,500,0.6,1000,0.2,1400,0.2,2
14,6,213,0,0,300,0.5,1700,0.5,2
14,7,723,1,0,300,0.5,1700,0.5,1
14,8,805,2,10,5,0,500,0.6,1000,0.2,1400,0.2,1
14,9,35,2,10,5,0,500,0.6,1000,0.2,1400,0.2,1
14,10,739,1,0,500,0.6,1000,0.2,1400,0.2,1
14,11,217,2,10,5,0,500,0.6,1000,0.2,1400,0.2,0
14,12,160,1,0,500,0.6,1000,0.2,1400,0.2,1
14,13,343,2,10,5,0,500,0.6,1000,0.2,1400,0.2,2
14,14,679,2,10,5,0,300,0.5,1700,0.5,1
