0,0,260,2,10,5,0,300,0.5,1700,0.5,2
0,1,218,1,0,500,0.6,1000,0.2,1400,0.2,2
0,2,846,0,0,500,0.6,1000,0.2,1400,0.2,0
0,3,312,1,0,500,0.6,1000,0.2,1400,0.2,2
0,4,187,1,0,300,0.5,1700,0.5,0
0,5,23,1,0,300,0.5,1700,0.5,2
0,6,289,0,0,500,0.6,1000,0.2,1400,0.2,2
0,7,159,1,0,500,0.6,1000,0.2,1400,0.2,2
0,8,798,0,0,300,0.5,1700,0.5,2
0,9,738,2,10,5,0,300,0.5,1700,0.5,2
0,10,653,2,10,5,0,500,0.6,1000,0.2,1400,0.2,1
0,11,873,1,0,500,0.6,1000,0.2,1400,0.2,1
0,12,984,2,10,5,0,300,0.5,1700,0.5,2
0,13,789,2,10,5,0,300,0.5,1700,0.5,2
0,14,651,1,0,500,0.6,1000,0.2,1400,0.2,1
1,0,12,1,0,300,0.5,1700,0.5,0
1,1,30,1,0,500,0.6,1000,0.2,1400,0.2,0
1,2,531,2,10,5,0,300,0.5,1700,0.5,1
1,3,327,0,0,300,0.5,1700,0.5,0
1,4,835,1,0,500,0.6,1000,0.2,1400,0.2,0
1,5,923,1,0,500,0.6,1000,0.2,1400,0.2,2
1,6,748,2,10,5,0,500,0.6,1000,0.2,1400,0.2,2
1,7,998,1,0,300,0.5,1700,0.5,1
1,8,836,0,0,500,0.6,1000,0.2,1400,0.2,2
1,9,345,1,0,300,0.5,1700,0.5,0
1,10,655,2,10,5,0,500,0.6,1000,0.2,1400,0.2,1
1,11,313,1,0,500,0.6,1000,0.2,1400,0.2,0
1,12,822,2,10,5,0,300,0.5,1700,0.5,2
1,13,482,1,0,300,0.5,1700,0.5,0
1,14,349,0,0,300,0.5,1700,0.5,1
2,0,29,1,0,500,0.6,1000,0.2,1400,0.2,0
2,1,863,0,0,300,0.5,1700,0.5,2
2,2,211,1,0,500,0.6,1000,0.2,1400,0.2,1
2,3,473,1,0,300,0.5,1700,0.5,0
2,4,692,2,10,5,0,300,0.5,1700,0.5,2
2,5,777,1,0,300,0.5,1700,0.5,1
2,6,431,1,0,300,0.5,1700,0.5,0
2,7,138,0,0,500,0.6,1000,0.2,1400,0.2,2
2,8,296,0,0,500,0.6,1000,0.2,1400,0.2,1
2,9,410,2,10,5,0,500,0.6,1000,0.2,1400,0.2,2
2,10,760,1,0,300,0.5,1700,0.5,1
2,11,642,0,0,300,0.5,1700,0.5,1
2,12,716,0,0,500,0.6,1000,0.2,1400,0.2,2
2,13,848,2,10,5,0,300,0.5,1700,0.5,1
2,14,823,1,0,300,0.5,1700,0.5,1
3,0,123,0,0,300,0.5,1700,0.5,0
3,1,434,1,0,300,0.5,1700,0.5,1
3,2,97,2,10,5,0,300,0.5,1700,0.5,1
3,3,707,1,0,300,0.5,1700,0.5,0
3,4,705,0,0,300,0.5,1700,0.5,1
3,5,276,2,10,5,0,300,0.5,1700,0.5,0
3,6,318,2,10,5,0,500,0.6,1000,0.2,1400,0.2,2
3,7,300,1,0,500,0.6,1000,0.2,1400,0.2,2
3,8,282,2,10,5,0,500,0.6,1000,0.2,1400,0.2,1
3,9,390,0,0,500,0.6,1000,0.2,1400,0.2,1
3,10,816,0,0,300,0.5,1700,0.5,2
3,11,369,2,10,5,0,300,0.5,1700,0.5,0
3,12,403,0,0,300,0.5,1700,0.5,1
3,13,496,1,0,500,0.6,1000,0.2,1400,0.2,0
3,14,333,2,10,5,0,500,0.6,1000,0.2,1400,0.2,0
4,0,118,0,0,300,0.5,1700,0.5,0
4,1,644,0,0,300,0.5,1700,0.5,1
4,2,175,0,0,500,0.6,1000,0.2,1400,0.2,1
4,3,146,0,0,500,0.6,1000,0.2,1400,0.2,1
4,4,734,1,0,300,0.5,1700,0.5,1
4,5,407,0,0,500,0.6,1000,0.2,1400,0.2,1
4,6,396,2,10,5,0,300,0.5,1700,0.5,1
4,7,776,1,0,500,0.6,1000,0.2,1400,0.2,0
4,8,347,2,10,5,0,500,0.6,1000,0.2,1400,0.2,2
4,9,982,2,10,5,0,300,0.5,1700,0.5,0
4,10,64,0,0,300,0.5,1700,0.5,0
4,11,266,1,0,300,0.5,1700,0.5,1
4,12,397,1,0,500,0.6,1000,0.2,1400,0.2,0
4,13,752,2,10,5,0,500,0.6,1000,0.2,1400,0.2,1
4,14,270,0,0,300,0.5,1700,0.5,1
5,0,817,2,10,5,0,300,0.5,1700,0.5,1
5,1,131,2,10,5,0,500,0.6,1000,0.2,1400,0.2,1
5,2,827,2,10,5,0,500,0.6,1000,0.2,1400,0.2,0
5,3,437,0,0,500,0.6,1000,0.2,1400,0.2,1
5,4,167,0,0,500,0.6,1000,0.2,1400,0.2,0
5,5,572,2,10,5,0,500,0.6,1000,0.2,1400,0.2,0
5,6,799,0,0,300,0.5,1700,0.5,1
5,7,386,1,0,500,0.6,1000,0.2,1400,0.2,0
5,8,714,1,0,300,0.5,1700,0.5,2
5,9,463,0,0,500,0.6,1000,0.2,1400,0.2,2
5,10,91,2,10,5,0,500,0.6,1000,0.2,1400,0.2,0
5,11,902,1,0,300,0.5,1700,0.5,0
5,12,811,2,10,5,0,300,0.5,1700,0.5,0
5,13,676,2,10,5,0,300,0.5,1700,0.5,1
5,14,509,1,0,500,0.6,1000,0.2,1400,0.2,0
6,0,970,2,10,5,0,300,0.5,1700,0.5,0
6,1,681,1,0,500,0.6,1000,0.2,1400,0.2,2
6,2,938,2,10,5,0,300,0.5,1700,0.5,2
6,3,773,0,0,500,0.6,1000,0.2,1400,0.2,1
6,4,207,0,0,300,0.5,1700,0.5,0
6,5,98,0,0,300,0.5,1700,0.5,2
6,6,722,2,10,5,0,500,0.6,1000,0.2,1400,0.2,0
6,7,670,0,0,300,0.5,1700,0.5,2
6,8,595,1,0,300,0.5,1700,0.5,2
6,9,289,1,0,300,0.5,1700,0.5,2
6,10,770,2,10,5,0,500,0.6,1000,0.2,1400,0.2,1
6,11,451,0,0,300,0.5,1700,0.5,0
6,12,85,2,10,5,0,300,0.5,1700,0.5,0
6,13,304,2,10,5,0,300,0.5,1700,0.5,1
6,14,587,2,10,5,0,300,0.5,1700,0.5,1
7,0,841,2,10,5,0,500,0.6,1000,0.2,1400,0.2,0
7,1,626,1,0,300,0.5,1700,0.5,1
7,2,306,1,0,500,0.6,1000,0.2,1400,0.2,0
7,3,337,2,10,5,0,500,0.6,1000,0.2,1400,0.2,1
7,4,861,0,0,300,0.5,1700,0.5,1
7,5,741,1,0,300,0.5,1700,0.5,2
7,6,539,2,10,5,0,300,0.5,1700,0.5,0
7,7,177,0,0,500,0.6,1000,0.2,1400,0.2,2
7,8,144,1,0,300,0.5,1700,0.5,0
7,9,688,0,0,500,0.6,1000,0.2,1400,0.2,1
7,10,561,0,0,300,0.5,1700,0.5,0
7,11,115,2,10,5,0,500,0.6,1000,0.2,1400,0.2,1
7,12,273,1,0,300,0.5,1700,0.5,1
7,13,600,1,0,300,0.5,1700,0.5,0
7,14,401,1,0,300,0.5,1700,0.5,1
8,0,318,2,10,5,0,300,0.5,1700,0.5,2
8,1,681,1,0,300,0.5,1700,0.5,0
8,2,653,1,0,500,0.6,1000,0.2,1400,0.2,2
8,3,90,2,10,5,0,300,0.5,1700,0.5,1
8,4,53,0,0,300,0.5,1700,0.5,2
8,5,135,0,0,300,0.5,1700,0.5,2
8,6,149,0,0,300,0.5,1700,0.5,0
8,7,366,1,0,300,0.5,1700,0.5,0
8,8,757,1,0,500,0.6,1000,0.2,1400,0.2,0
8,9,533,2,10,5,0,500,0.6,1000,0.2,1400,0.2,2
8,10,877,0,0,300,0.5,1700,0.5,1
8,11,919,0,0,300,0.5,1700,0.5,2
8,12,191,0,0,500,0.6,1000,0.2,1400,0.2,2
8,13,388,0,0,500,0.6,1000,0.2,1400,0.2,2
8,14,255,0,0,300,0.5,1700,0.5,1
9,0,226,0,0,500,0.6,1000,0.2,1400,0.2,2
9,1,258,0,0,300,0.5,1700,0.5,1
9,2,773,1,0,300,0.5,1700,0.5,1
9,3,830,1,0,300,0.5,1700,0.5,1
9,4,981,0,0,300,0.5,1700,0.5,2
9,5,187,0,0,300,0.5,1700,0.5,1
9,6,77,0,0,300,0.5,1700,0.5,2
9,7,214,1,0,300,0.5,1700,0.5,2
9,8,571,1,0,300,0.5,1700,0.5,0
9,9,81,0,0,500,0.6,1000,0.2,1400,0.2,1
9,10,405,0,0,300,0.5,1700,0.5,1
9,11,342,2,10,5,0,500,0.6,1000,0.2,1400,0.2,1
9,12,906,2,10,5,0,300,0.5,1700,0.5,2
9,13,681,1,0,300,0.5,1700,0.5,2
9,14,766,0,0,500,0.6,1000,0.2,1400,0.2,1
10,0,534,0,0,500,0.6,1000,0.2,1400,0.2,0
10,1,714,2,10,5,0,300,0.5,1700,0.5,0
10,2,362,1,0,300,0.5,1700,0.5,1
10,3,354,1,0,500,0.6,1000,0.2,1400,0.2,2
10,4,540,1,0,300,0.5,1700,0.5,2
10,5,782,1,0,300,0.5,1700,0.5,1
10,6,846,2,10,5,0,300,0.5,1700,0.5,1
10,7,304,2,10,5,0,500,0.6,1000,0.2,1400,0.2,1
10,8,603,0,0,300,0.5,1700,0.5,0
10,9,566,0,0,500,0.6,1000,0.2,1400,0.2,0
10,10,108,0,0,500,0.6,1000,0.2,1400,0.2,1
10,11,326,2,10,5,0,300,0.5,1700,0.5,2
10,12,471,2,10,5,0,300,0.5,1700,0.5,0
10,13,106,1,0,300,0.5,1700,0.5,1
10,14,348,0,0,300,0.5,1700,0.5,0
11,0,792,2,10,5,0,300,0.5,1700,0.5,2
11,1,723,1,0,300,0.5,1700,0.5,0
11,2,625,0,0,500,0.6,1000,0.2,1400,0.2,1
11,3,26,2,10,5,0,300,0.5,1700,0.5,0
11,4,189,1,0,500,0.6,1000,0.2,1400,0.2,0
11,5,381,1,0,300,0.5,1700,0.5,1
11,6,175,1,0,300,0.5,1700,0.5,2
11,7,848,0,0,500,0.6,1000,0.2,1400,0.2,2
11,8,448,1,0,500,0.6,1000,0.2,1400,0.2,1
11,9,675,0,0,500,0.6,1000,0.2,1400,0.2,1
11,10,748,2,10,5,0,500,0.6,1000,0.2,1400,0.2,2
11,11,70,1,0,500,0.6,1000,0.2,1400,0.2,1
11,12,527,2,10,5,0,500,0.6,1000,0.2,1400,0.2,0
11,13,789,1,0,300,0.5,1700,0.5,0
11,14,337,0,0,500,0.6,1000,0.2,1400,0.2,2
12,0,451,2,10,5,0,300,0.5,1700,0.5,0
12,1,453,1,0,300,0.5,1700,0.5,2
12,2,384,0,0,500,0.6,1000,0.2,1400,0.2,0
12,3,819,2,10,5,0,300,0.5,1700,0.5,2
12,4,584,1,0,500,0.6,1000,0.2,1400,0.2,2
12,5,827,1,0,300,0.5,1700,0.5,0
12,6,407,2,10,5,0,500,0.6,1000,0.2,1400,0.2,1
12,7,975,1,0,500,0.6,1000,0.2,1400,0.2,2
12,8,528,0,0,500,0.6,1000,0.2,1400,0.2,2
12,9,326,2,10,5,0,500,0.6,1000,0.2,1400,0.2,2
12,10,398,2,10,5,0,500,0.6,1000,0.2,1400,0.2,0
12,11,875,1,0,500,0.6,1000,0.2,1400,0.2,0
12,12,724,2,10,5,0,500,0.6,1000,0.2,1400,0.2,2
12,13,40,1,0,500,0.6,1000,0.2,1400,0.2,2
12,14,240,2,10,5,0,300,0.5,1700,0.5,0
13,0,941,1,0,300,0.5,1700,0.5,2
13,1,105,0,0,300,0.5,1700,0.5,2
13,2,66,1,0,500,0.6,1000,0.2,1400,0.2,0
13,3,449,1,0,300,0.5,1700,0.5,1
13,4,26,1,0,300,0.5,1700,0.5,1
13,5,738,2,10,5,0,300,0.5,1700,0.5,1
13,6,789,0,0,500,0.6,1000,0.2,1400,0.2,2
13,7,205,0,0,500,0.6,1000,0.2,1400,0.2,0
13,8,781,2,10,5,0,300,0.5,1700,0.5,0
13,9,83,2,10,5,0,300,0.5,1700,0.5,1
13,10,668,2,10,5,0,500,0.6,1000,0.2,1400,0.2,0
13,11,231,1,0,500,0.6,1000,0.2,1400,0.2,1
13,12,633,1,0,300,0.5,1700,0.5,0
13,13,432,0,0,300,0.5,1700,0.5,2
13,14,327,0,0,300,0.5,1700,0.5,0
14,0,92,1,0,500,0.6,1000,0.2,1400,0.2,0
14,1,406,1,0,300,0.5,1700,0.5,0
14,2,571,0,0,500,0.6,1000,0.2,1400,0.2,0
14,3,102,1,0,300,0.5,1700,0.5,2
14,4,47,2,10,5,0,500,0.6,1000,0.2,1400,0.2,1
14,5,667,2,10,5,0,300,0.5,1700,0.5,1
14,6,895,2,10,5,0,500,0.6,1000,0.2,1400,0.2,2
14,7,431,0,0,500,0.6,1000,0.2,1400,0.2,2
14,8,833,0,0,300,0.5,1700,0.5,0
14,9,810,2,10,5,0,500,0.6,1000,0.2,1400,0.2,0
14,10,577,1,0,500,0.6,1000,0.2,1400,0.2,1
14,11,209,0,0,500,0.6,1000,0.2,1400,0.2,0
14,12,284,2,10,5,0,500,0.6,1000,0.2,1400,0.2,2
14,13,250,1,0,500,0.6,1000,0.2,1400,0.2,2
14,14,443,2,10,5,0,300,0.5,1700,0.5,2
