0,0,349,0,0,300,0.5,1700,0.5,2
0,1,796,0,0,500,0.6,1000,0.2,1400,0.2,2
0,2,496,1,0,300,0.5,1700,0.5,1
0,3,964,0,0,500,0.6,1000,0.2,1400,0.2,0
0,4,989,1,0,500,0.6,1000,0.2,1400,0.2,0
0,5,320,0,0,500,0.6,1000,0.2,1400,0.2,0
0,6,81,1,0,500,0.6,1000,0.2,1400,0.2,0
0,7,654,2,10,5,0,300,0.5,1700,0.5,0
0,8,487,2,10,5,0,500,0.6,1000,0.2,1400,0.2,2
0,9,177,1,0,300,0.5,1700,0.5,0
0,10,631,0,0,300,0.5,1700,0.5,1
0,11,156,2,10,5,0,300,0.5,1700,0.5,2
0,12,588,0,0,500,0.6,1000,0.2,1400,0.2,1
0,13,836,2,10,5,0,500,0.6,1000,0.2,1400,0.2,0
0,14,689,2,10,5,0,500,0.6,1000,0.2,1400,0.2,2
1,0,942,1,0,300,0.5,1700,0.5,1
1,1,652,1,0,500,0.6,1000,0.2,1400,0.2,0
1,2,216,2,10,5,0,300,0.5,1700,0.5,2
1,3,639,1,0,500,0.6,1000,0.2,1400,0.2,1
1,4,698,1,0,500,0.6,1000,0.2,1400,0.2,1
1,5,594,0,0,500,0.6,1000,0.2,1400,0.2,0
1,6,139,2,10,5,0,500,0.6,1000,0.2,1400,0.2,0
1,7,36,1,0,500,0.6,1000,0.2,1400,0.2,2
1,8,758,0,0,300,0.5,1700,0.5,2
1,9,251,2,10,5,0,300,0.5,1700,0.5,0
1,10,826,2,10,5,0,500,0.6,1000,0.2,1400,0.2,2
1,11,499,1,0,500,0.6,1000,0.2,1400,0.2,2
1,12,671,1,0,500,0.6,1000,0.2,1400,0.2,2
1,13,933,1,0,300,0.5,1700,0.5,1
1,14,47,2,10,5,0,300,0.5,1700,0.5,2
2,0,814,1,0,300,0.5,1700,0.5,2
2,1,476,0,0,500,0.6,1000,0.2,1400,0.2,2
2,2,237,0,0,500,0.6,1000,0.2,1400,0.2,1
2,3,48,1,0,500,0.6,1000,0.2,1400,0.2,0
2,4,407,0,0,500,0.6,1000,0.2,1400,0.2,2
2,5,570,2,10,5,0,500,0.6,1000,0.2,1400,0.2,1
2,6,365,2,10,5,0,500,0.6,1000,0.2,1400,0.2,2
2,7,832,2,10,5,0,300,0.5,1700,0.5,1
2,8,556,0,0,300,0.5,1700,0.5,2
2,9,951,0,0,500,0.6,1000,0.2,1400,0.2,0
2,10,948,2,10,5,0,300,0.5,1700,0.5,1
2,11,122,1,0,300,0.5,1700,0.5,2
2,12,655,2,10,5,0,300,0.5,1700,0.5,0
2,13,64,0,0,500,0.6,1000,0.2,1400,0.2,2
2,14,971,2,10,5,0,300,0.5,1700,0.5,1
3,0,287,1,0,300,0.5,1700,0.5,0
3,1,774,1,0,300,0.5,1700,0.5,2
3,2,73,1,0,300,0.5,1700,0.5,0
3,3,700,1,0,500,0.6,1000,0.2,1400,0.2,2
3,4,657,1,0,500,0.6,1000,0.2,1400,0.2,1
3,5,779,0,0,300,0.5,1700,0.5,0
3,6,259,0,0,500,0.6,1000,0.2,1400,0.2,2
3,7,329,0,0,500,0.6,1000,0.2,1400,0.2,0
3,8,25,0,0,500,0.6,1000,0.2,1400,0.2,1
3,9,95,1,0,500,0.6,1000,0.2,1400,0.2,1
3,10,101,0,0,300,0.5,1700,0.5,1
3,11,677,2,10,5,0,300,0.5,1700,0.5,2
3,12,516,0,0,500,0.6,1000,0.2,1400,0.2,1
3,13,742,0,0,500,0.6,1000,0.2,1400,0.2,0
3,14,360,2,10,5,0,500,0.6,1000,0.2,1400,0.2,2
4,0,791,0,0,300,0.5,1700,0.5,2
4,1,465,0,0,500,0.6,1000,0.2,1400,0.2,1
4,2,259,2,10,5,0,500,0.6,1000,0.2,1400,0.2,1
4,3,544,1,0,300,0.5,1700,0.5,2
4,4,210,2,10,5,0,500,0.6,1000,0.2,1400,0.2,2
4,5,804,0,0,500,0.6,1000,0.2,1400,0.2,2
4,6,509,1,0,500,0.6,1000,0.2,1400,0.2,1
4,7,46,2,10,5,0,500,0.6,1000,0.2,1400,0.2,1
4,8,848,0,0,500,0.6,1000,0.2,1400,0.2,2
4,9,408,0,0,300,0.5,1700,0.5,0
4,10,424,2,10,5,0,300,0.5,1700,0.5,1
4,11,204,1,0,500,0.6,1000,0.2,1400,0.2,0
4,12,252,1,0,300,0.5,1700,0.5,0
4,13,90,1,0,300,0.5,1700,0.5,1
4,14,53,0,0,300,0.5,1700,0.5,2
5,0,867,0,0,300,0.5,1700,0.5,1
5,1,774,2,10,5,0,500,0.6,1000,0.2,1400,0.2,2
5,2,775,2,10,5,0,500,0.6,1000,0.2,1400,0.2,0
5,3,812,1,0,500,0.6,1000,0.2,1400,0.2,1
5,4,658,0,0,500,0.6,1000,0.2,1400,0.2,2
5,5,921,1,0,500,0.6,1000,0.2,1400,0.2,2
5,6,18,2,10,5,0,500,0.6,1000,0.2,1400,0.2,2
5,7,742,0,0,500,0.6,1000,0.2,1400,0.2,2
5,8,286,1,0,500,0.6,1000,0.2,1400,0.2,1
5,9,771,0,0,500,0.6,1000,0.2,1400,0.2,2
5,10,739,2,10,5,0,300,0.5,1700,0.5,1
5,11,782,1,0,500,0.6,1000,0.2,1400,0.2,2
5,12,202,1,0,300,0.5,1700,0.5,1
5,13,573,1,0,300,0.5,1700,0.5,0
5,14,463,1,0,300,0.5,1700,0.5,2
6,0,569,2,10,5,0,500,0.6,1000,0.2,1400,0.2,0
6,1,87,2,10,5,0,300,0.5,1700,0.5,2
6,2,967,1,0,500,0.6,1000,0.2,1400,0.2,1
6,3,473,2,10,5,0,300,0.5,1700,0.5,0
6,4,180,0,0,500,0.6,1000,0.2,1400,0.2,1
6,5,924,1,0,300,0.5,1700,0.5,0
6,6,899,2,10,5,0,500,0.6,1000,0.2,1400,0.2,1
6,7,107,1,0,500,0.6,1000,0.2,1400,0.2,1
6,8,306,2,10,5,0,500,0.6,1000,0.2,1400,0.2,1
6,9,605,1,0,300,0.5,1700,0.5,1
6,10,381,2,10,5,0,500,0.6,1000,0.2,1400,0.2,0
6,11,301,0,0,300,0.5,1700,0.5,1
6,12,664,0,0,500,0.6,1000,0.2,1400,0.2,1
6,13,310,2,10,5,0,300,0.5,1700,0.5,2
6,14,453,2,10,5,0,500,0.6,1000,0.2,1400,0.2,1
7,0,308,0,0,300,0.5,1700,0.5,1
7,1,272,1,0,300,0.5,1700,0.5,2
7,2,931,1,0,500,0.6,1000,0.2,1400,0.2,0
7,3,181,2,10,5,0,300,0.5,1700,0.5,2
7,4,128,1,0,500,0.6,1000,0.2,1400,0.2,2
7,5,46,2,10,5,0,300,0.5,1700,0.5,1
7,6,606,2,10,5,0,300,0.5,1700,0.5,1
7,7,43,2,10,5,0,300,0.5,1700,0.5,0
7,8,774,1,0,500,0.6,1000,0.2,1400,0.2,1
7,9,125,2,10,5,0,500,0.6,1000,0.2,1400,0.2,2
7,10,870,2,10,5,0,300,0.5,1700,0.5,2
7,11,185,1,0,300,0.5,1700,0.5,1
7,12,112,1,0,500,0.6,1000,0.2,1400,0.2,0
7,13,374,1,0,300,0.5,1700,0.5,0
7,14,37,1,0,300,0.5,1700,0.5,0
8,0,701,0,0,500,0.6,1000,0.2,1400,0.2,0
8,1,512,0,0,300,0.5,1700,0.5,1
8,2,38,1,0,500,0.6,1000,0.2,1400,0.2,2
8,3,321,1,0,300,0.5,1700,0.5,1
8,4,805,0,0,300,0.5,1700,0.5,0
8,5,536,0,0,500,0.6,1000,0.2,1400,0.2,2
8,6,648,0,0,300,0.5,1700,0.5,0
8,7,488,0,0,500,0.6,1000,0.2,1400,0.2,2
8,8,177,2,10,5,0,300,0.5,1700,0.5,2
8,9,359,1,0,300,0.5,1700,0.5,1
8,10,480,2,10,5,0,300,0.5,1700,0.5,1
8,11,786,1,0,300,0.5,1700,0.5,0
8,12,105,1,0,300,0.5,1700,0.5,1
8,13,438,2,10,5,0,300,0.5,1700,0.5,1
8,14,613,0,0,500,0.6,1000,0.2,1400,0.2,2
9,0,493,0,0,500,0.6,1000,0.2,1400,0.2,1
9,1,805,1,0,500,0.6,1000,0.2,1400,0.2,0
9,2,154,0,0,500,0.6,1000,0.2,1400,0.2,2
9,3,284,1,0,300,0.5,1700,0.5,0
9,4,783,2,10,5,0,500,0.6,1000,0.2,1400,0.2,0
9,5,459,0,0,300,0.5,1700,0.5,2
9,6,295,0,0,300,0.5,1700,0.5,0
9,7,939,1,0,300,0.5,1700,0.5,1
9,8,35,0,0,500,0.6,1000,0.2,1400,0.2,0
9,9,761,0,0,300,0.5,1700,0.5,2
9,10,337,2,10,5,0,500,0.6,1000,0.2,1400,0.2,0
9,11,661,1,0,500,0.6,1000,0.2,1400,0.2,2
9,12,481,0,0,300,0.5,1700,0.5,1
9,13,331,2,10,5,0,500,0.6,1000,0.2,1400,0.2,0
9,14,967,0,0,300,0.5,1700,0.5,1
10,0,496,0,0,300,0.5,1700,0.5,2
10,1,681,2,10,5,0,300,0.5,1700,0.5,2
10,2,471,0,0,300,0.5,1700,0.5,2
10,3,16,0,0,500,0.6,1000,0.2,1400,0.2,1
10,4,783,2,10,5,0,300,0.5,1700,0.5,0
10,5,787,1,0,300,0.5,1700,0.5,1
10,6,44,0,0,500,0.6,1000,0.2,1400,0.2,2
10,7,542,0,0,500,0.6,1000,0.2,1400,0.2,1
10,8,598,2,10,5,0,500,0.6,1000,0.2,1400,0.2,2
10,9,912,0,0,300,0.5,1700,0.5,0
10,10,313,2,10,5,0,300,0.5,1700,0.5,2
10,11,117,1,0,500,0.6,1000,0.2,1400,0.2,0
10,12,370,1,0,300,0.5,1700,0.5,2
10,13,231,1,0,300,0.5,1700,0.5,0
10,14,765,0,0,500,0.6,1000,0.2,1400,0.2,1
11,0,626,0,0,500,0.6,1000,0.2,1400,0.2,0
11,1,971,0,0,500,0.6,1000,0.2,1400,0.2,1
11,2,388,0,0,300,0.5,1700,0.5,2
11,3,52,0,0,300,0.5,1700,0.5,1
11,4,757,2,10,5,0,300,0.5,1700,0.5,1
11,5,264,1,0,500,0.6,1000,0.2,1400,0.2,0
11,6,713,2,10,5,0,500,0.6,1000,0.2,1400,0.2,1
11,7,112,2,10,5,0,300,0.5,1700,0.5,1
11,8,413,2,10,5,0,300,0.5,1700,0.5,2
11,9,335,1,0,300,0.5,1700,0.5,1
11,10,903,1,0,500,0.6,1000,0.2,1400,0.2,0
11,11,941,2,10,5,0,300,0.5,1700,0.5,2
11,12,843,0,0,300,0.5,1700,0.5,1
11,13,555,2,10,5,0,500,0.6,1000,0.2,1400,0.2,2
11,14,14,2,10,5,0,500,0.6,1000,0.2,1400,0.2,2
12,0,792,0,0,300,0.5,1700,0.5,0
12,1,456,2,10,5,0,500,0.6,1000,0.2,1400,0.2,1
12,2,524,2,10,5,0,300,0.5,1700,0.5,0
12,3,796,1,0,300,0.5,1700,0.5,2
12,4,228,2,10,5,0,300,0.5,1700,0.5,2
12,5,841,0,0,300,0.5,1700,0.5,1
12,6,318,0,0,300,0.5,1700,0.5,2
12,7,941,1,0,300,0.5,1700,0.5,1
12,8,624,2,10,5,0,300,0.5,1700,0.5,2
12,9,823,0,0,500,0.6,1000,0.2,1400,0.2,2
12,10,666,0,0,500,0.6,1000,0.2,1400,0.2,2
12,11,370,1,0,500,0.6,1000,0.2,1400,0.2,2
12,12,256,0,0,500,0.6,1000,0.2,1400,0.2,2
12,13,401,2,10,5,0,300,0.5,1700,0.5,2
12,14,591,2,10,5,0,300,0.5,1700,0.5,0
13,0,208,0,0,500,0.6,1000,0.2,1400,0.2,0
13,1,894,0,0,500,0.6,1000,0.2,1400,0.2,2
13,2,847,2,10,5,0,300,0.5,1700,0.5,0
13,3,782,2,10,5,0,300,0.5,1700,0.5,0
13,4,796,2,10,5,0,500,0.6,1000,0.2,1400,0.2,2
13,5,108,2,10,5,0,300,0.5,1700,0.5,0
13,6,484,0,0,300,0.5,1700,0.5,1
13,7,588,0,0,300,0.5,1700,0.5,1
13,8,46,2,10,5,0,500,0.6,1000,0.2,1400,0.2,1
13,9,72,1,0,500,0.6,1000,0.2,1400,0.2,0
13,10,869,1,0,300,0.5,1700,0.5,1
13,11,229,2,10,5,0,500,0.6,1000,0.2,1400,0.2,0
13,12,221,1,0,500,0.6,1000,0.2,1400,0.2,2
13,13,45,1,0,500,0.6,1000,0.2,1400,0.2,1
13,14,170,0,0,500,0.6,1000,0.2,1400,0.2,2
14,0,17,0,0,500,0.6,1000,0.2,1400,0.2,0
14,1,475,2,10,5,0,300,0.5,1700,0.5,1
14,2,970,0,0,500,0.6,1000,0.2,1400,0.2,1
14,3,36,2,10,5,0,300,0.5,1700,0.5,0
14,4,548,1,0,300,0.5,1700,0.5,1
14,5,616,1,0,500,0.6,1000,0.2,1400,0.2,1
14,6,984,1,0,500,0.6,1000,0.2,1400,0.2,2
14,7,398,1,0,300,0.5,1700,0.5,1
14,8,905,1,0,300,0.5,1700,0.5,0
14,9,158,2,10,5,0,500,0.6,1000,0.2,1400,0.2,1
14,10,823,1,0,300,0.5,1700,0.5,1
14,11,686,1,0,300,0.5,1700,0.5,2
14,12,677,1,0,300,0.5,1700,0.5,2
14,13,27,1,0,300,0.5,1700,0.5,0
14,14,92,0,0,500,0.6,1000,0.2,1400,0.2,2
