0,0,988,0,0,500,0.6,1000,0.2,1400,0.2,1
0,1,67,0,0,500,0.6,1000,0.2,1400,0.2,2
0,2,412,0,0,500,0.6,1000,0.2,1400,0.2,0
0,3,700,0,0,300,0.5,1700,0.5,0
0,4,826,1,0,500,0.6,1000,0.2,1400,0.2,0
0,5,279,0,0,300,0.5,1700,0.5,1
0,6,851,2,10,5,0,500,0.6,1000,0.2,1400,0.2,1
0,7,555,0,0,500,0.6,1000,0.2,1400,0.2,2
0,8,861,2,10,5,0,300,0.5,1700,0.5,0
0,9,616,2,10,5,0,300,0.5,1700,0.5,1
0,10,422,2,10,5,0,300,0.5,1700,0.5,2
0,11,596,2,10,5,0,500,0.6,1000,0.2,1400,0.2,2
0,12,308,0,0,500,0.6,1000,0.2,1400,0.2,0
0,13,481,1,0,500,0.6,1000,0.2,1400,0.2,2
0,14,169,1,0,300,0.5,1700,0.5,1
1,0,232,2,10,5,0,300,0.5,1700,0.5,0
1,1,102,0,0,300,0.5,1700,0.5,1
1,2,454,0,0,500,0.6,1000,0.2,1400,0.2,2
1,3,393,1,0,500,0.6,1000,0.2,1400,0.2,1
1,4,113,1,0,300,0.5,1700,0.5,2
1,5,413,1,0,500,0.6,1000,0.2,1400,0.2,1
1,6,772,1,0,300,0.5,1700,0.5,0
1,7,972,1,0,500,0.6,1000,0.2,1400,0.2,2
1,8,467,0,0,300,0.5,1700,0.5,2
1,9,37,1,0,500,0.6,1000,0.2,1400,0.2,1
1,10,859,0,0,300,0.5,1700,0.5,0
1,11,843,1,0,500,0.6,1000,0.2,1400,0.2,1
1,12,757,0,0,500,0.6,1000,0.2,1400,0.2,1
1,13,153,0,0,300,0.5,1700,0.5,2
1,14,117,1,0,500,0.6,1000,0.2,1400,0.2,1
2,0,916,1,0,500,0.6,1000,0.2,1400,0.2,1
2,1,838,1,0,300,0.5,1700,0.5,0
2,2,157,2,10,5,0,300,0.5,1700,0.5,1
2,3,828,1,0,500,0.6,1000,0.2,1400,0.2,1
2,4,656,1,0,300,0.5,1700,0.5,2
2,5,212,2,10,5,0,500,0.6,1000,0.2,1400,0.2,0
2,6,663,0,0,500,0.6,1000,0.2,1400,0.2,0
2,7,328,1,0,500,0.6,1000,0.2,1400,0.2,0
2,8,846,0,0,300,0.5,1700,0.5,2
2,9,546,1,0,300,0.5,1700,0.5,0
2,10,895,1,0,300,0.5,1700,0.5,2
2,11,876,2,10,5,0,500,0.6,1000,0.2,1400,0.2,1
2,12,201,0,0,500,0.6,1000,0.2,1400,0.2,1
2,13,349,0,0,500,0.6,1000,0.2,1400,0.2,1
2,14,122,2,10,5,0,300,0.5,1700,0.5,0
3,0,169,2,10,5,0,500,0.6,1000,0.2,1400,0.2,2
3,1,983,2,10,5,0,500,0.6,1000,0.2,1400,0.2,1
3,2,712,0,0,300,0.5,1700,0.5,0
3,3,263,0,0,500,0.6,1000,0.2,1400,0.2,2
3,4,567,2,10,5,0,500,0.6,1000,0.2,1400,0.2,0
3,5,942,0,0,300,0.5,1700,0.5,2
3,6,268,2,10,5,0,300,0.5,1700,0.5,1
3,7,854,2,10,5,0,300,0.5,1700,0.5,0
3,8,399,2,10,5,0,500,0.6,1000,0.2,1400,0.2,2
3,9,680,2,10,5,0,500,0.6,1000,0.2,1400,0.2,0
3,10,923,2,10,5,0,500,0.6,1000,0.2,1400,0.2,1
3,11,718,2,10,5,0,300,0.5,1700,0.5,2
3,12,812,0,0,500,0.6,1000,0.2,1400,0.2,2
3,13,375,2,10,5,0,300,0.5,1700,0.5,0
3,14,873,2,10,5,0,500,0.6,1000,0.2,1400,0.2,0
4,0,255,1,0,500,0.6,1000,0.2,1400,0.2,1
4,1,20,0,0,500,0.6,1000,0.2,1400,0.2,0
4,2,108,0,0,300,0.5,1700,0.5,2
4,3,912,2,10,5,0,300,0.5,1700,0.5,2
4,4,749,1,0,300,0.5,1700,0.5,2
4,5,839,1,0,300,0.5,1700,0.5,0
4,6,384,0,0,300,0.5,1700,0.5,2
4,7,193,1,0,300,0.5,1700,0.5,1
4,8,701,2,10,5,0,500,0.6,1000,0.2,1400,0.2,1
4,9,692,0,0,300,0.5,1700,0.5,2
4,10,498,0,0,500,0.6,1000,0.2,1400,0.2,0
4,11,718,2,10,5,0,500,0.6,1000,0.2,1400,0.2,0
4,12,831,1,0,300,0.5,1700,0.5,1
4,13,307,1,0,300,0.5,1700,0.5,2
4,14,307,1,0,500,0.6,1000,0.2,1400,0.2,1
5,0,940,1,0,300,0.5,1700,0.5,2
5,1,705,2,10,5,0,500,0.6,1000,0.2,1400,0.2,1
5,2,168,2,10,5,0,500,0.6,1000,0.2,1400,0.2,1
5,3,786,0,0,300,0.5,1700,0.5,0
5,4,535,1,0,500,0.6,1000,0.2,1400,0.2,2
5,5,960,2,10,5,0,300,0.5,1700,0.5,2
5,6,45,0,0,300,0.5,1700,0.5,2
5,7,573,2,10,5,0,500,0.6,1000,0.2,1400,0.2,2
5,8,480,0,0,300,0.5,1700,0.5,0
5,9,293,2,10,5,0,300,0.5,1700,0.5,2
5,10,520,1,0,500,0.6,1000,0.2,1400,0.2,0
5,11,610,0,0,300,0.5,1700,0.5,2
5,12,284,1,0,300,0.5,1700,0.5,2
5,13,120,0,0,500,0.6,1000,0.2,1400,0.2,1
5,14,876,2,10,5,0,500,0.6,1000,0.2,1400,0.2,2
6,0,431,2,10,5,0,300,0.5,1700,0.5,2
6,1,795,2,10,5,0,500,0.6,1000,0.2,1400,0.2,2
6,2,643,2,10,5,0,300,0.5,1700,0.5,1
6,3,760,2,10,5,0,500,0.6,1000,0.2,1400,0.2,0
6,4,195,1,0,300,0.5,1700,0.5,2
6,5,525,2,10,5,0,500,0.6,1000,0.2,1400,0.2,0
6,6,309,2,10,5,0,500,0.6,1000,0.2,1400,0.2,2
6,7,710,0,0,500,0.6,1000,0.2,1400,0.2,1
6,8,72,0,0,500,0.6,1000,0.2,1400,0.2,1
6,9,508,0,0,500,0.6,1000,0.2,1400,0.2,2
6,10,692,2,10,5,0,500,0.6,1000,0.2,1400,0.2,2
6,11,511,0,0,500,0.6,1000,0.2,1400,0.2,2
6,12,843,1,0,300,0.5,1700,0.5,2
6,13,983,0,0,300,0.5,1700,0.5,0
6,14,91,2,10,5,0,300,0.5,1700,0.5,0
7,0,782,0,0,300,0.5,1700,0.5,1
7,1,253,2,10,5,0,300,0.5,1700,0.5,1
7,2,380,1,0,300,0.5,1700,0.5,0
7,3,773,0,0,500,0.6,1000,0.2,1400,0.2,0
7,4,614,1,0,500,0.6,1000,0.2,1400,0.2,1
7,5,895,1,0,500,0.6,1000,0.2,1400,0.2,0
7,6,695,1,0,500,0.6,1000,0.2,1400,0.2,2
7,7,660,0,0,300,0.5,1700,0.5,0
7,8,597,1,0,300,0.5,1700,0.5,2
7,9,636,1,0,500,0.6,1000,0.2,1400,0.2,0
7,10,197,1,0,500,0.6,1000,0.2,1400,0.2,0
7,11,24,1,0,300,0.5,1700,0.5,1
7,12,768,1,0,500,0.6,1000,0.2,1400,0.2,0
7,13,207,2,10,5,0,500,0.6,1000,0.2,1400,0.2,1
7,14,405,0,0,500,0.6,1000,0.2,1400,0.2,0
8,0,216,1,0,300,0.5,1700,0.5,2
8,1,52,1,0,500,0.6,1000,0.2,1400,0.2,2
8,2,341,2,10,5,0,300,0.5,1700,0.5,0
8,3,977,0,0,300,0.5,1700,0.5,2
8,4,603,2,10,5,0,300,0.5,1700,0.5,1
8,5,630,1,0,500,0.6,1000,0.2,1400,0.2,2
8,6,730,2,10,5,0,300,0.5,1700,0.5,0
8,7,869,2,10,5,0,300,0.5,1700,0.5,2
8,8,705,0,0,500,0.6,1000,0.2,1400,0.2,0
8,9,842,1,0,500,0.6,1000,0.2,1400,0.2,0
8,10,360,1,0,500,0.6,1000,0.2,1400,0.2,2
8,11,403,2,10,5,0,300,0.5,1700,0.5,0
8,12,394,0,0,300,0.5,1700,0.5,1
8,13,218,2,10,5,0,300,0.5,1700,0.5,0
8,14,930,0,0,300,0.5,1700,0.5,1
9,0,716,1,0,300,0.5,1700,0.5,0
9,1,622,2,10,5,0,500,0.6,1000,0.2,1400,0.2,2
9,2,247,0,0,300,0.5,1700,0.5,2
9,3,421,1,0,300,0.5,1700,0.5,1
9,4,942,0,0,500,0.6,1000,0.2,1400,0.2,1
9,5,495,1,0,500,0.6,1000,0.2,1400,0.2,1
9,6,83,1,0,500,0.6,1000,0.2,1400,0.2,2
9,7,386,2,10,5,0,500,0.6,1000,0.2,1400,0.2,0
9,8,874,2,10,5,0,500,0.6,1000,0.2,1400,0.2,2
9,9,146,1,0,300,0.5,1700,0.5,1
9,10,972,0,0,300,0.5,1700,0.5,0
9,11,783,0,0,500,0.6,1000,0.2,1400,0.2,2
9,12,663,1,0,500,0.6,1000,0.2,1400,0.2,2
9,13,928,1,0,500,0.6,1000,0.2,1400,0.2,0
9,14,968,2,10,5,0,300,0.5,1700,0.5,1
10,0,462,0,0,500,0.6,1000,0.2,1400,0.2,1
10,1,524,2,10,5,0,500,0.6,1000,0.2,1400,0.2,1
10,2,661,0,0,500,0.6,1000,0.2,1400,0.2,1
10,3,656,1,0,500,0.6,1000,0.2,1400,0.2,1
10,4,335,1,0,500,0.6,1000,0.2,1400,0.2,1
10,5,77,1,0,500,0.6,1000,0.2,1400,0.2,1
10,6,674,0,0,500,0.6,1000,0.2,1400,0.2,2
10,7,64,2,10,5,0,500,0.6,1000,0.2,1400,0.2,0
10,8,920,0,0,300,0.5,1700,0.5,1
10,9,974,1,0,500,0.6,1000,0.2,1400,0.2,1
10,10,197,2,10,5,0,300,0.5,1700,0.5,0
10,11,253,0,0,500,0.6,1000,0.2,1400,0.2,0
10,12,341,1,0,500,0.6,1000,0.2,1400,0.2,2
10,13,854,0,0,300,0.5,1700,0.5,2
10,14,856,0,0,500,0.6,1000,0.2,1400,0.2,2
11,0,184,1,0,300,0.5,1700,0.5,1
11,1,769,0,0,300,0.5,1700,0.5,1
11,2,965,1,0,500,0.6,1000,0.2,1400,0.2,2
11,3,934,0,0,300,0.5,1700,0.5,2
11,4,998,1,0,500,0.6,1000,0.2,1400,0.2,1
11,5,808,0,0,300,0.5,1700,0.5,1
11,6,598,2,10,5,0,300,0.5,1700,0.5,0
11,7,21,0,0,500,0.6,1000,0.2,1400,0.2,1
11,8,958,1,0,300,0.5,1700,0.5,0
11,9,561,2,10,5,0,300,0.5,1700,0.5,0
11,10,329,0,0,500,0.6,1000,0.2,1400,0.2,0
11,11,308,0,0,300,0.5,1700,0.5,1
11,12,215,2,10,5,0,500,0.6,1000,0.2,1400,0.2,1
11,13,145,1,0,500,0.6,1000,0.2,1400,0.2,1
11,14,486,2,10,5,0,300,0.5,1700,0.5,1
12,0,600,2,10,5,0,300,0.5,1700,0.5,0
12,1,184,0,0,300,0.5,1700,0.5,2
12,2,20,2,10,5,0,500,0.6,1000,0.2,1400,0.2,0
12,3,754,1,0,300,0.5,1700,0.5,1
12,4,238,1,0,300,0.5,1700,0.5,1
12,5,971,0,0,500,0.6,1000,0.2,1400,0.2,2
12,6,166,2,10,5,0,500,0.6,1000,0.2,1400,0.2,1
12,7,278,1,0,300,0.5,1700,0.5,2
12,8,967,2,10,5,0,500,0.6,1000,0.2,1400,0.2,1
12,9,871,1,0,500,0.6,1000,0.2,1400,0.2,2
12,10,11,0,0,500,0.6,1000,0.2,1400,0.2,2
12,11,869,2,10,5,0,500,0.6,1000,0.2,1400,0.2,2
12,12,903,2,10,5,0,500,0.6,1000,0.2,1400,0.2,1
12,13,975,0,0,300,0.5,1700,0.5,2
12,14,890,1,0,500,0.6,1000,0.2,1400,0.2,2
13,0,439,2,10,5,0,500,0.6,1000,0.2,1400,0.2,1
13,1,128,0,0,500,0.6,1000,0.2,1400,0.2,2
13,2,662,0,0,500,0.6,1000,0.2,1400,0.2,2
13,3,159,0,0,500,0.6,1000,0.2,1400,0.2,1
13,4,196,0,0,500,0.6,1000,0.2,1400,0.2,0
13,5,874,2,10,5,0,500,0.6,1000,0.2,1400,0.2,0
13,6,43,1,0,300,0.5,1700,0.5,1
13,7,185,0,0,500,0.6,1000,0.2,1400,0.2,1
13,8,740,1,0,300,0.5,1700,0.5,1
13,9,705,2,10,5,0,300,0.5,1700,0.5,0
13,10,754,0,0,300,0.5,1700,0.5,0
13,11,189,0,0,300,0.5,1700,0.5,1
13,12,335,0,0,300,0.5,1700,0.5,1
13,13,998,0,0,500,0.6,1000,0.2,1400,0.2,2
13,14,56,1,0,500,0.6,1000,0.2,1400,0.2,0
14,0,664,0,0,300,0.5,1700,0.5,0
14,1,302,1,0,300,0.5,1700,0.5,2
14,2,818,1,0,300,0.5,1700,0.5,1
14,3,812,1,0,500,0.6,1000,0.2,1400,0.2,2
14,4,286,1,0,500,0.6,1000,0.2,1400,0.2,2
14,5,534,2,10,5,0,500,0.6,1000,0.2,1400,0.2,0
14,6,769,2,10,5,0,500,0.6,1000,0.2,1400,0.2,1
14,7,111,0,0,300,0.5,1700,0.5,1
14,8,669,1,0,300,0.5,1700,0.5,1
14,9,800,2,10,5,0,500,0.6,1000,0.2,1400,0.2,0
14,10,551,2,10,5,0,300,0.5,1700,0.5,1
14,11,820,1,0,500,0.6,1000,0.2,1400,0.2,1
14,12,97,0,0,500,0.6,1000,0.2,1400,0.2,0
14,13,979,2,10,5,0,500,0.6,1000,0.2,1400,0.2,0
14,14,788,1,0,500,0.6,1000,0.2,1400,0.2,2
