0,0,344,1,0,500,0.6,1000,0.2,1400,0.2,2
0,1,912,2,10,5,0,500,0.6,1000,0.2,1400,0.2,2
0,2,645,0,0,500,0.6,1000,0.2,1400,0.2,0
0,3,79,2,10,5,0,500,0.6,1000,0.2,1400,0.2,1
0,4,991,1,0,300,0.5,1700,0.5,1
0,5,353,2,10,5,0,500,0.6,1000,0.2,1400,0.2,0
0,6,260,1,0,300,0.5,1700,0.5,2
0,7,271,0,0,300,0.5,1700,0.5,1
0,8,471,2,10,5,0,300,0.5,1700,0.5,2
0,9,528,2,10,5,0,500,0.6,1000,0.2,1400,0.2,2
0,10,970,2,10,5,0,500,0.6,1000,0.2,1400,0.2,2
0,11,462,0,0,300,0.5,1700,0.5,2
0,12,591,0,0,300,0.5,1700,0.5,0
0,13,519,1,0,300,0.5,1700,0.5,1
0,14,752,2,10,5,0,500,0.6,1000,0.2,1400,0.2,1
1,0,774,1,0,300,0.5,1700,0.5,2
1,1,542,1,0,300,0.5,1700,0.5,0
1,2,752,2,10,5,0,500,0.6,1000,0.2,1400,0.2,0
1,3,480,0,0,300,0.5,1700,0.5,2
1,4,634,0,0,500,0.6,1000,0.2,1400,0.2,2
1,5,511,1,0,300,0.5,1700,0.5,2
1,6,944,1,0,300,0.5,1700,0.5,0
1,7,895,0,0,300,0.5,1700,0.5,0
1,8,659,1,0,500,0.6,1000,0.2,1400,0.2,2
1,9,289,2,10,5,0,300,0.5,1700,0.5,0
1,10,348,2,10,5,0,300,0.5,1700,0.5,0
1,11,178,0,0,500,0.6,1000,0.2,1400,0.2,0
1,12,63,2,10,5,0,500,0.6,1000,0.2,1400,0.2,1
1,13,170,0,0,300,0.5,1700,0.5,0
1,14,290,2,10,5,0,500,0.6,1000,0.2,1400,0.2,0
2,0,898,1,0,500,0.6,1000,0.2,1400,0.2,1
2,1,559,0,0,300,0.5,1700,0.5,1
2,2,876,0,0,300,0.5,1700,0.5,2
2,3,136,0,0,500,0.6,1000,0.2,1400,0.2,2
2,4,944,1,0,300,0.5,1700,0.5,0
2,5,453,2,10,5,0,300,0.5,1700,0.5,1
2,6,535,2,10,5,0,300,0.5,1700,0.5,1
2,7,944,1,0,500,0.6,1000,0.2,1400,0.2,2
2,8,221,0,0,300,0.5,1700,0.5,1
2,9,283,1,0,300,0.5,1700,0.5,2
2,10,335,0,0,500,0.6,1000,0.2,1400,0.2,0
2,11,742,2,10,5,0,500,0.6,1000,0.2,1400,0.2,0
2,12,267,0,0,500,0.6,1000,0.2,1400,0.2,1
2,13,827,0,0,300,0.5,1700,0.5,1
2,14,223,0,0,500,0.6,1000,0.2,1400,0.2,1
3,0,78,1,0,500,0.6,1000,0.2,1400,0.2,1
3,1,563,0,0,500,0.6,1000,0.2,1400,0.2,0
3,2,755,1,0,500,0.6,1000,0.2,1400,0.2,0
3,3,830,0,0,300,0.5,1700,0.5,2
3,4,460,0,0,300,0.5,1700,0.5,2
3,5,941,2,10,5,0,500,0.6,1000,0.2,1400,0.2,2
3,6,638,1,0,300,0.5,1700,0.5,2
3,7,913,1,0,500,0.6,1000,0.2,1400,0.2,2
3,8,982,0,0,300,0.5,1700,0.5,2
3,9,415,1,0,500,0.6,1000,0.2,1400,0.2,1
3,10,494,2,10,5,0,300,0.5,1700,0.5,0
3,11,80,2,10,5,0,500,0.6,1000,0.2,1400,0.2,2
3,12,526,0,0,500,0.6,1000,0.2,1400,0.2,2
3,13,218,0,0,500,0.6,1000,0.2,1400,0.2,2
3,14,895,0,0,500,0.6,1000,0.2,1400,0.2,2
4,0,232,2,10,5,0,300,0.5,1700,0.5,1
4,1,762,2,10,5,0,300,0.5,1700,0.5,0
4,2,281,0,0,300,0.5,1700,0.5,1
4,3,153,0,0,500,0.6,1000,0.2,1400,0.2,0
4,4,773,2,10,5,0,500,0.6,1000,0.2,1400,0.2,2
4,5,219,1,0,300,0.5,1700,0.5,1
4,6,610,0,0,500,0.6,1000,0.2,1400,0.2,2
4,7,30,2,10,5,0,300,0.5,1700,0.5,1
4,8,693,2,10,5,0,500,0.6,1000,0.2,1400,0.2,1
4,9,408,1,0,500,0.6,1000,0.2,1400,0.2,2
4,10,841,0,0,300,0.5,1700,0.5,1
4,11,948,2,10,5,0,500,0.6,1000,0.2,1400,0.2,0
4,12,913,1,0,500,0.6,1000,0.2,1400,0.2,1
4,13,606,1,0,300,0.5,1700,0.5,0
4,14,925,0,0,500,0.6,1000,0.2,1400,0.2,2
5,0,692,0,0,500,0.6,1000,0.2,1400,0.2,2
5,1,313,0,0,300,0.5,1700,0.5,2
5,2,964,1,0,300,0.5,1700,0.5,0
5,3,168,2,10,5,0,300,0.5,1700,0.5,1
5,4,542,1,0,500,0.6,1000,0.2,1400,0.2,1
5,5,557,1,0,300,0.5,1700,0.5,1
5,6,543,1,0,500,0.6,1000,0.2,1400,0.2,0
5,7,40,1,0,300,0.5,1700,0.5,2
5,8,691,2,10,5,0,300,0.5,1700,0.5,2
5,9,485,2,10,5,0,500,0.6,1000,0.2,1400,0.2,1
5,10,409,2,10,5,0,500,0.6,1000,0.2,1400,0.2,0
5,11,26,0,0,500,0.6,1000,0.2,1400,0.2,1
5,12,336,2,10,5,0,300,0.5,1700,0.5,1
5,13,572,1,0,500,0.6,1000,0.2,1400,0.2,2
5,14,525,1,0,300,0.5,1700,0.5,0
6,0,98,2,10,5,0,300,0.5,1700,0.5,0
6,1,607,1,0,500,0.6,1000,0.2,1400,0.2,0
6,2,961,1,0,500,0.6,1000,0.2,1400,0.2,1
6,3,594,2,10,5,0,500,0.6,1000,0.2,1400,0.2,0
6,4,932,1,0,300,0.5,1700,0.5,0
6,5,549,2,10,5,0,500,0.6,1000,0.2,1400,0.2,2
6,6,71,2,10,5,0,300,0.5,1700,0.5,0
6,7,67,2,10,5,0,300,0.5,1700,0.5,2
6,8,775,0,0,300,0.5,1700,0.5,0
6,9,832,1,0,300,0.5,1700,0.5,1
6,10,127,1,0,300,0.5,1700,0.5,1
6,11,249,1,0,300,0.5,1700,0.5,0
6,12,818,0,0,300,0.5,1700,0.5,1
6,13,349,2,10,5,0,300,0.5,1700,0.5,1
6,14,30,0,0,500,0.6,1000,0.2,1400,0.2,0
7,0,811,2,10,5,0,300,0.5,1700,0.5,0
7,1,551,2,10,5,0,300,0.5,1700,0.5,1
7,2,169,2,10,5,0,500,0.6,1000,0.2,1400,0.2,1
7,3,689,2,10,5,0,500,0.6,1000,0.2,1400,0.2,1
7,4,536,2,10,5,0,300,0.5,1700,0.5,1
7,5,765,1,0,300,0.5,1700,0.5,1
7,6,182,0,0,500,0.6,1000,0.2,1400,0.2,2
7,7,871,2,10,5,0,300,0.5,1700,0.5,0
7,8,121,1,0,300,0.5,1700,0.5,1
7,9,102,0,0,500,0.6,1000,0.2,1400,0.2,2
7,10,640,0,0,300,0.5,1700,0.5,2
7,11,929,2,10,5,0,500,0.6,1000,0.2,1400,0.2,2
7,12,649,0,0,500,0.6,1000,0.2,1400,0.2,1
7,13,272,2,10,5,0,300,0.5,1700,0.5,1
7,14,599,0,0,300,0.5,1700,0.5,1
8,0,992,0,0,500,0.6,1000,0.2,1400,0.2,2
8,1,800,1,0,300,0.5,1700,0.5,1
8,2,183,2,10,5,0,300,0.5,1700,0.5,0
8,3,512,2,10,5,0,300,0.5,1700,0.5,2
8,4,583,2,10,5,0,500,0.6,1000,0.2,1400,0.2,0
8,5,798,0,0,300,0.5,1700,0.5,0
8,6,644,1,0,500,0.6,1000,0.2,1400,0.2,0
8,7,15,0,0,300,0.5,1700,0.5,0
8,8,754,2,10,5,0,500,0.6,1000,0.2,1400,0.2,2
8,9,635,2,10,5,0,300,0.5,1700,0.5,1
8,10,764,0,0,300,0.5,1700,0.5,0
8,11,680,2,10,5,0,500,0.6,1000,0.2,1400,0.2,2
8,12,573,1,0,300,0.5,1700,0.5,2
8,13,77,0,0,300,0.5,1700,0.5,2
8,14,492,2,10,5,0,500,0.6,1000,0.2,1400,0.2,0
9,0,408,1,0,300,0.5,1700,0.5,1
9,1,844,1,0,500,0.6,1000,0.2,1400,0.2,1
9,2,701,0,0,500,0.6,1000,0.2,1400,0.2,1
9,3,442,0,0,500,0.6,1000,0.2,1400,0.2,2
9,4,454,1,0,500,0.6,1000,0.2,1400,0.2,1
9,5,969,2,10,5,0,500,0.6,1000,0.2,1400,0.2,0
9,6,736,1,0,300,0.5,1700,0.5,2
9,7,559,2,10,5,0,500,0.6,1000,0.2,1400,0.2,2
9,8,56,0,0,500,0.6,1000,0.2,1400,0.2,2
9,9,539,0,0,500,0.6,1000,0.2,1400,0.2,2
9,10,442,1,0,300,0.5,1700,0.5,1
9,11,817,0,0,300,0.5,1700,0.5,1
9,12,792,1,0,500,0.6,1000,0.2,1400,0.2,1
9,13,613,0,0,500,0.6,1000,0.2,1400,0.2,2
9,14,951,1,0,300,0.5,1700,0.5,0
10,0,345,2,10,5,0,500,0.6,1000,0.2,1400,0.2,1
10,1,321,1,0,500,0.6,1000,0.2,1400,0.2,0
10,2,763,1,0,300,0.5,1700,0.5,1
10,3,274,2,10,5,0,300,0.5,1700,0.5,1
10,4,459,1,0,300,0.5,1700,0.5,2
10,5,612,1,0,300,0.5,1700,0.5,2
10,6,734,2,10,5,0,300,0.5,1700,0.5,2
10,7,78,0,0,300,0.5,1700,0.5,0
10,8,485,1,0,500,0.6,1000,0.2,1400,0.2,1
10,9,202,0,0,500,0.6,1000,0.2,1400,0.2,1
10,10,812,0,0,500,0.6,1000,0.2,1400,0.2,2
10,11,538,2,10,5,0,500,0.6,1000,0.2,1400,0.2,2
10,12,475,0,0,300,0.5,1700,0.5,1
10,13,851,2,10,5,0,500,0.6,1000,0.2,1400,0.2,0
10,14,483,2,10,5,0,300,0.5,1700,0.5,1
11,0,356,2,10,5,0,300,0.5,1700,0.5,0
11,1,241,0,0,300,0.5,1700,0.5,0
11,2,130,0,0,300,0.5,1700,0.5,1
11,3,518,1,0,300,0.5,1700,0.5,1
11,4,76,1,0,300,0.5,1700,0.5,0
11,5,359,1,0,500,0.6,1000,0.2,1400,0.2,0
11,6,386,2,10,5,0,300,0.5,1700,0.5,1
11,7,489,1,0,300,0.5,1700,0.5,2
11,8,242,0,0,500,0.6,1000,0.2,1400,0.2,0
11,9,842,1,0,300,0.5,1700,0.5,0
11,10,531,0,0,500,0.6,1000,0.2,1400,0.2,1
11,11,727,0,0,300,0.5,1700,0.5,2
11,12,719,1,0,500,0.6,1000,0.2,1400,0.2,1
11,13,59,1,0,300,0.5,1700,0.5,0
11,14,383,0,0,500,0.6,1000,0.2,1400,0.2,2
12,0,398,2,10,5,0,500,0.6,1000,0.2,1400,0.2,1
12,1,736,1,0,500,0.6,1000,0.2,1400,0.2,0
12,2,729,2,10,5,0,300,0.5,1700,0.5,0
12,3,540,2,10,5,0,500,0.6,1000,0.2,1400,0.2,1
12,4,68,0,0,500,0.6,1000,0.2,1400,0.2,2
12,5,48,2,10,5,0,500,0.6,1000,0.2,1400,0.2,0
12,6,615,1,0,500,0.6,1000,0.2,1400,0.2,1
12,7,353,0,0,300,0.5,1700,0.5,2
12,8,125,0,0,300,0.5,1700,0.5,1
12,9,97,2,10,5,0,500,0.6,1000,0.2,1400,0.2,0
12,10,579,0,0,300,0.5,1700,0.5,2
12,11,422,2,10,5,0,300,0.5,1700,0.5,2
12,12,1000,1,0,300,0.5,1700,0.5,0
12,13,154,2,10,5,0,500,0.6,1000,0.2,1400,0.2,1
12,14,433,0,0,500,0.6,1000,0.2,1400,0.2,1
13,0,897,0,0,300,0.5,1700,0.5,1
13,1,36,2,10,5,0,300,0.5,1700,0.5,2
13,2,878,1,0,500,0.6,1000,0.2,1400,0.2,2
13,3,136,1,0,500,0.6,1000,0.2,1400,0.2,2
13,4,595,2,10,5,0,300,0.5,1700,0.5,1
13,5,333,1,0,500,0.6,1000,0.2,1400,0.2,2
13,6,193,2,10,5,0,300,0.5,1700,0.5,1
13,7,690,1,0,300,0.5,1700,0.5,1
13,8,743,1,0,300,0.5,1700,0.5,0
13,9,373,2,10,5,0,300,0.5,1700,0.5,1
13,10,716,0,0,300,0.5,1700,0.5,2
13,11,54,1,0,500,0.6,1000,0.2,1400,0.2,0
13,12,712,2,10,5,0,500,0.6,1000,0.2,1400,0.2,1
13,13,391,2,10,5,0,500,0.6,1000,0.2,1400,0.2,1
13,14,400,2,10,5,0,500,0.6,1000,0.2,1400,0.2,1
14,0,998,1,0,300,0.5,1700,0.5,2
14,1,607,2,10,5,0,300,0.5,1700,0.5,0
14,2,553,0,0,300,0.5,1700,0.5,2
14,3,383,0,0,500,0.6,1000,0.2,1400,0.2,2
14,4,280,1,0,500,0.6,1000,0.2,1400,0.2,2
14,5,910,0,0,500,0.6,1000,0.2,1400,0.2,0
14,6,98,2,10,5,0,300,0.5,1700,0.5,2
14,7,568,0,0,500,0.6,1000,0.2,1400,0.2,2
14,8,215,2,10,5,0,300,0.5,1700,0.5,2
14,9,519,1,0,500,0.6,1000,0.2,1400,0.2,2
14,10,476,0,0,300,0.5,1700,0.5,2
14,11,564,2,10,5,0,500,0.6,1000,0.2,1400,0.2,1
14,12,376,1,0,300,0.5,1700,0.5,2
14,13,721,2,10,5,0,300,0.5,1700,0.5,1
14,14,508,2,10,5,0,300,0.5,1700,0.5,0
