0,0,792,2,10,5,0,500,0.6,1000,0.2,1400,0.2,1
0,1,30,0,0,300,0.5,1700,0.5,1
0,2,190,0,0,300,0.5,1700,0.5,0
0,3,308,0,0,300,0.5,1700,0.5,0
0,4,427,0,0,300,0.5,1700,0.5,1
0,5,171,1,0,300,0.5,1700,0.5,2
0,6,200,0,0,300,0.5,1700,0.5,2
0,7,610,2,10,5,0,300,0.5,1700,0.5,1
0,8,496,0,0,500,0.6,1000,0.2,1400,0.2,0
0,9,919,1,0,500,0.6,1000,0.2,1400,0.2,2
0,10,388,1,0,500,0.6,1000,0.2,1400,0.2,0
0,11,708,1,0,500,0.6,1000,0.2,1400,0.2,0
0,12,787,2,10,5,0,300,0.5,1700,0.5,1
0,13,980,1,0,500,0.6,1000,0.2,1400,0.2,2
0,14,46,1,0,300,0.5,1700,0.5,1
1,0,42,2,10,5,0,300,0.5,1700,0.5,1
1,1,897,2,10,5,0,300,0.5,1700,0.5,2
1,2,450,0,0,500,0.6,1000,0.2,1400,0.2,2
1,3,765,1,0,500,0.6,1000,0.2,1400,0.2,1
1,4,748,0,0,500,0.6,1000,0.2,1400,0.2,0
1,5,164,1,0,500,0.6,1000,0.2,1400,0.2,0
1,6,779,0,0,300,0.5,1700,0.5,0
1,7,60,1,0,300,0.5,1700,0.5,2
1,8,22,0,0,300,0.5,1700,0.5,0
1,9,792,2,10,5,0,500,0.6,1000,0.2,1400,0.2,1
1,10,303,0,0,300,0.5,1700,0.5,2
1,11,132,1,0,300,0.5,1700,0.5,0
1,12,330,2,10,5,0,300,0.5,1700,0.5,0
1,13,460,1,0,300,0.5,1700,0.5,0
1,14,698,0,0,500,0.6,1000,0.2,1400,0.2,0
2,0,475,2,10,5,0,300,0.5,1700,0.5,1
2,1,959,1,0,500,0.6,1000,0.2,1400,0.2,2
2,2,633,2,10,5,0,300,0.5,1700,0.5,0
2,3,134,2,10,5,0,300,0.5,1700,0.5,0
2,4,311,0,0,500,0.6,1000,0.2,1400,0.2,0
2,5,121,1,0,500,0.6,1000,0.2,1400,0.2,2
2,6,880,0,0,300,0.5,1700,0.5,1
2,7,955,2,10,5,0,300,0.5,1700,0.5,0
2,8,878,0,0,300,0.5,1700,0.5,1
2,9,667,2,10,5,0,500,0.6,1000,0.2,1400,0.2,0
2,10,257,2,10,5,0,300,0.5,1700,0.5,2
2,11,699,2,10,5,0,500,0.6,1000,0.2,1400,0.2,1
2,12,209,1,0,500,0.6,1000,0.2,1400,0.2,1
2,13,523,1,0,300,0.5,1700,0.5,0
2,14,888,2,10,5,0,300,0.5,1700,0.5,1
3,0,385,0,0,300,0.5,1700,0.5,2
3,1,480,2,10,5,0,500,0.6,1000,0.2,1400,0.2,1
3,2,548,2,10,5,0,300,0.5,1700,0.5,1
3,3,874,1,0,500,0.6,1000,0.2,1400,0.2,0
3,4,377,0,0,300,0.5,1700,0.5,2
3,5,892,2,10,5,0,500,0.6,1000,0.2,1400,0.2,0
3,6,232,0,0,500,0.6,1000,0.2,1400,0.2,0
3,7,597,1,0,500,0.6,1000,0.2,1400,0.2,1
3,8,347,0,0,300,0.5,1700,0.5,2
3,9,935,2,10,5,0,500,0.6,1000,0.2,1400,0.2,2
3,10,515,2,10,5,0,500,0.6,1000,0.2,1400,0.2,0
3,11,84,0,0,500,0.6,1000,0.2,1400,0.2,2
3,12,394,2,10,5,0,300,0.5,1700,0.5,2
3,13,419,2,10,5,0,500,0.6,1000,0.2,1400,0.2,1
3,14,953,0,0,500,0.6,1000,0.2,1400,0.2,0
4,0,705,1,0,500,0.6,1000,0.2,1400,0.2,1
4,1,386,0,0,300,0.5,1700,0.5,1
4,2,530,0,0,300,0.5,1700,0.5,0
4,3,159,2,10,5,0,300,0.5,1700,0.5,0
4,4,890,1,0,500,0.6,1000,0.2,1400,0.2,2
4,5,883,1,0,300,0.5,1700,0.5,2
4,6,718,2,10,5,0,500,0.6,1000,0.2,1400,0.2,0
4,7,37,1,0,500,0.6,1000,0.2,1400,0.2,1
4,8,548,2,10,5,0,500,0.6,1000,0.2,1400,0.2,0
4,9,635,1,0,500,0.6,1000,0.2,1400,0.2,1
4,10,692,1,0,300,0.5,1700,0.5,1
4,11,696,0,0,300,0.5,1700,0.5,2
4,12,508,2,10,5,0,300,0.5,1700,0.5,2
4,13,312,2,10,5,0,300,0.5,1700,0.5,0
4,14,842,2,10,5,0,500,0.6,1000,0.2,1400,0.2,1
5,0,105,1,0,300,0.5,1700,0.5,1
5,1,14,2,10,5,0,500,0.6,1000,0.2,1400,0.2,2
5,2,387,0,0,500,0.6,1000,0.2,1400,0.2,1
5,3,52,1,0,300,0.5,1700,0.5,0
5,4,952,1,0,500,0.6,1000,0.2,1400,0.2,1
5,5,336,1,0,500,0.6,1000,0.2,1400,0.2,1
5,6,713,1,0,500,0.6,1000,0.2,1400,0.2,0
5,7,122,2,10,5,0,500,0.6,1000,0.2,1400,0.2,1
5,8,994,2,10,5,0,300,0.5,1700,0.5,2
5,9,203,2,10,5,0,300,0.5,1700,0.5,0
5,10,348,2,10,5,0,500,0.6,1000,0.2,1400,0.2,2
5,11,186,1,0,500,0.6,1000,0.2,1400,0.2,2
5,12,567,0,0,500,0.6,1000,0.2,1400,0.2,2
5,13,298,1,0,500,0.6,1000,0.2,1400,0.2,2
5,14,602,0,0,300,0.5,1700,0.5,1
6,0,162,1,0,500,0.6,1000,0.2,1400,0.2,0
6,1,325,0,0,500,0.6,1000,0.2,1400,0.2,2
6,2,720,2,10,5,0,300,0.5,1700,0.5,2
6,3,713,2,10,5,0,300,0.5,1700,0.5,2
6,4,478,1,0,500,0.6,1000,0.2,1400,0.2,2
6,5,878,1,0,300,0.5,1700,0.5,0
6,6,679,2,10,5,0,300,0.5,1700,0.5,0
6,7,200,0,0,300,0.5,1700,0.5,1
6,8,692,0,0,300,0.5,1700,0.5,0
6,9,842,2,10,5,0,300,0.5,1700,0.5,0
6,10,738,2,10,5,0,300,0.5,1700,0.5,1
6,11,231,1,0,500,0.6,1000,0.2,1400,0.2,2
6,12,471,1,0,300,0.5,1700,0.5,1
6,13,662,1,0,300,0.5,1700,0.5,0
6,14,363,0,0,300,0.5,1700,0.5,0
7,0,259,0,0,500,0.6,1000,0.2,1400,0.2,0
7,1,806,1,0,500,0.6,1000,0.2,1400,0.2,1
7,2,61,2,10,5,0,300,0.5,1700,0.5,1
7,3,156,2,10,5,0,300,0.5,1700,0.5,2
7,4,542,1,0,500,0.6,1000,0.2,1400,0.2,0
7,5,534,1,0,500,0.6,1000,0.2,1400,0.2,2
7,6,675,2,10,5,0,500,0.6,1000,0.2,1400,0.2,0
7,7,118,0,0,300,0.5,1700,0.5,1
7,8,106,1,0,300,0.5,1700,0.5,1
7,9,398,1,0,500,0.6,1000,0.2,1400,0.2,2
7,10,344,0,0,500,0.6,1000,0.2,1400,0.2,0
7,11,581,1,0,300,0.5,1700,0.5,0
7,12,313,1,0,300,0.5,1700,0.5,0
7,13,674,0,0,500,0.6,1000,0.2,1400,0.2,1
7,14,927,1,0,500,0.6,1000,0.2,1400,0.2,0
8,0,692,0,0,500,0.6,1000,0.2,1400,0.2,1
8,1,501,0,0,300,0.5,1700,0.5,0
8,2,828,1,0,300,0.5,1700,0.5,1
8,3,245,1,0,300,0.5,1700,0.5,2
8,4,10,1,0,500,0.6,1000,0.2,1400,0.2,1
8,5,241,1,0,300,0.5,1700,0.5,0
8,6,352,2,10,5,0,300,0.5,1700,0.5,2
8,7,844,0,0,300,0.5,1700,0.5,1
8,8,802,0,0,300,0.5,1700,0.5,0
8,9,771,2,10,5,0,500,0.6,1000,0.2,1400,0.2,2
8,10,10,1,0,500,0.6,1000,0.2,1400,0.2,1
8,11,370,1,0,300,0.5,1700,0.5,2
8,12,797,1,0,500,0.6,1000,0.2,1400,0.2,2
8,13,604,2,10,5,0,500,0.6,1000,0.2,1400,0.2,0
8,14,399,2,10,5,0,300,0.5,1700,0.5,2
9,0,810,1,0,300,0.5,1700,0.5,1
9,1,961,2,10,5,0,300,0.5,1700,0.5,1
9,2,696,0,0,300,0.5,1700,0.5,0
9,3,808,2,10,5,0,500,0.6,1000,0.2,1400,0.2,2
9,4,910,0,0,500,0.6,1000,0.2,1400,0.2,0
9,5,172,2,10,5,0,300,0.5,1700,0.5,0
9,6,199,0,0,300,0.5,1700,0.5,2
9,7,709,0,0,300,0.5,1700,0.5,2
9,8,853,1,0,300,0.5,1700,0.5,1
9,9,68,0,0,300,0.5,1700,0.5,1
9,10,901,1,0,500,0.6,1000,0.2,1400,0.2,2
9,11,743,0,0,300,0.5,1700,0.5,0
9,12,73,2,10,5,0,300,0.5,1700,0.5,2
9,13,307,1,0,500,0.6,1000,0.2,1400,0.2,2
9,14,981,0,0,300,0.5,1700,0.5,1
10,0,393,0,0,500,0.6,1000,0.2,1400,0.2,2
10,1,780,1,0,500,0.6,1000,0.2,1400,0.2,0
10,2,437,2,10,5,0,300,0.5,1700,0.5,1
10,3,293,1,0,500,0.6,1000,0.2,1400,0.2,1
10,4,326,2,10,5,0,500,0.6,1000,0.2,1400,0.2,2
10,5,968,0,0,500,0.6,1000,0.2,1400,0.2,2
10,6,145,2,10,5,0,300,0.5,1700,0.5,0
10,7,197,0,0,500,0.6,1000,0.2,1400,0.2,1
10,8,74,0,0,300,0.5,1700,0.5,1
10,9,216,2,10,5,0,500,0.6,1000,0.2,1400,0.2,2
10,10,497,1,0,300,0.5,1700,0.5,2
10,11,596,2,10,5,0,500,0.6,1000,0.2,1400,0.2,1
10,12,330,2,10,5,0,500,0.6,1000,0.2,1400,0.2,0
10,13,637,0,0,500,0.6,1000,0.2,1400,0.2,2
10,14,368,2,10,5,0,300,0.5,1700,0.5,0
11,0,241,1,0,500,0.6,1000,0.2,1400,0.2,0
11,1,921,0,0,300,0.5,1700,0.5,1
11,2,38,2,10,5,0,300,0.5,1700,0.5,1
11,3,295,2,10,5,0,500,0.6,1000,0.2,1400,0.2,2
11,4,742,0,0,500,0.6,1000,0.2,1400,0.2,0
11,5,705,1,0,500,0.6,1000,0.2,1400,0.2,2
11,6,730,2,10,5,0,300,0.5,1700,0.5,1
11,7,900,1,0,300,0.5,1700,0.5,1
11,8,10,1,0,300,0.5,1700,0.5,1
11,9,476,1,0,500,0.6,1000,0.2,1400,0.2,2
11,10,777,1,0,500,0.6,1000,0.2,1400,0.2,0
11,11,425,2,10,5,0,500,0.6,1000,0.2,1400,0.2,2
11,12,738,0,0,500,0.6,1000,0.2,1400,0.2,0
11,13,470,0,0,500,0.6,1000,0.2,1400,0.2,1
11,14,113,1,0,500,0.6,1000,0.2,1400,0.2,0
12,0,785,1,0,500,0.6,1000,0.2,1400,0.2,1
12,1,84,2,10,5,0,300,0.5,1700,0.5,2
12,2,501,2,10,5,0,500,0.6,1000,0.2,1400,0.2,1
12,3,427,1,0,300,0.5,1700,0.5,2
12,4,750,1,0,300,0.5,1700,0.5,1
12,5,268,1,0,500,0.6,1000,0.2,1400,0.2,1
12,6,496,1,0,500,0.6,1000,0.2,1400,0.2,1
12,7,354,2,10,5,0,300,0.5,1700,0.5,1
12,8,456,2,10,5,0,500,0.6,1000,0.2,1400,0.2,0
12,9,517,1,0,300,0.5,1700,0.5,1
12,10,518,0,0,300,0.5,1700,0.5,1
12,11,111,0,0,500,0.6,1000,0.2,1400,0.2,2
12,12,400,1,0,300,0.5,1700,0.5,1
12,13,977,1,0,500,0.6,1000,0.2,1400,0.2,1
12,14,16,2,10,5,0,300,0.5,1700,0.5,1
13,0,629,1,0,300,0.5,1700,0.5,0
13,1,410,0,0,300,0.5,1700,0.5,1
13,2,603,1,0,500,0.6,1000,0.2,1400,0.2,0
13,3,747,0,0,500,0.6,1000,0.2,1400,0.2,0
13,4,815,0,0,500,0.6,1000,0.2,1400,0.2,0
13,5,45,2,10,5,0,500,0.6,1000,0.2,1400,0.2,1
13,6,166,2,10,5,0,500,0.6,1000,0.2,1400,0.2,1
13,7,871,2,10,5,0,300,0.5,1700,0.5,1
13,8,858,0,0,500,0.6,1000,0.2,1400,0.2,2
13,9,441,0,0,300,0.5,1700,0.5,1
13,10,41,2,10,5,0,500,0.6,1000,0.2,1400,0.2,2
13,11,34,0,0,500,0.6,1000,0.2,1400,0.2,0
13,12,539,0,0,300,0.5,1700,0.5,2
13,13,870,2,10,5,0,500,0.6,1000,0.2,1400,0.2,2
13,14,799,0,0,300,0.5,1700,0.5,0
14,0,59,0,0,300,0.5,1700,0.5,1
14,1,182,0,0,300,0.5,1700,0.5,0
14,2,278,0,0,500,0.6,1000,0.2,1400,0.2,1
14,3,517,1,0,300,0.5,1700,0.5,2
14,4,758,2,10,5,0,500,0.6,1000,0.2,1400,0.2,0
14,5,26,1,0,500,0.6,1000,0.2,1400,0.2,1
14,6,549,0,0,500,0.6,1000,0.2,1400,0.2,1
14,7,164,0,0,500,0.6,1000,0.2,1400,0.2,0
14,8,144,1,0,300,0.5,1700,0.5,1
14,9,114,0,0,500,0.6,1000,0.2,1400,0.2,0
14,10,93,0,0,300,0.5,1700,0.5,1
14,11,941,2,10,5,0,300,0.5,1700,0.5,0
14,12,772,0,0,300,0.5,1700,0.5,0
14,13,354,1,0,300,0.5,1700,0.5,1
14,14,631,0,0,300,0.5,1700,0.5,2
