0,0,379,1,0,500,0.6,1000,0.2,1400,0.2,2
0,1,794,2,10,5,0,500,0.6,1000,0.2,1400,0.2,2
0,2,299,2,10,5,0,300,0.5,1700,0.5,1
0,3,740,2,10,5,0,500,0.6,1000,0.2,1400,0.2,1
0,4,905,1,0,500,0.6,1000,0.2,1400,0.2,2
0,5,436,0,0,300,0.5,1700,0.5,0
0,6,150,0,0,300,0.5,1700,0.5,0
0,7,740,2,10,5,0,500,0.6,1000,0.2,1400,0.2,0
0,8,224,2,10,5,0,300,0.5,1700,0.5,1
0,9,199,2,10,5,0,500,0.6,1000,0.2,1400,0.2,1
0,10,438,1,0,500,0.6,1000,0.2,1400,0.2,2
0,11,55,0,0,300,0.5,1700,0.5,2
0,12,495,0,0,300,0.5,1700,0.5,2
0,13,684,2,10,5,0,500,0.6,1000,0.2,1400,0.2,2
0,14,745,0,0,300,0.5,1700,0.5,0
1,0,993,2,10,5,0,300,0.5,1700,0.5,1
1,1,426,2,10,5,0,500,0.6,1000,0.2,1400,0.2,1
1,2,268,2,10,5,0,300,0.5,1700,0.5,1
1,3,328,1,0,300,0.5,1700,0.5,1
1,4,311,2,10,5,0,500,0.6,1000,0.2,1400,0.2,2
1,5,458,1,0,300,0.5,1700,0.5,0
1,6,789,2,10,5,0,300,0.5,1700,0.5,0
1,7,606,1,0,300,0.5,1700,0.5,2
1,8,166,1,0,500,0.6,1000,0.2,1400,0.2,0
1,9,364,2,10,5,0,500,0.6,1000,0.2,1400,0.2,0
1,10,150,0,0,300,0.5,1700,0.5,2
1,11,163,2,10,5,0,500,0.6,1000,0.2,1400,0.2,0
1,12,525,1,0,500,0.6,1000,0.2,1400,0.2,1
1,13,906,1,0,300,0.5,1700,0.5,1
1,14,699,0,0,300,0.5,1700,0.5,1
2,0,354,2,10,5,0,300,0.5,1700,0.5,0
2,1,642,1,0,300,0.5,1700,0.5,2
2,2,277,2,10,5,0,500,0.6,1000,0.2,1400,0.2,2
2,3,593,2,10,5,0,500,0.6,1000,0.2,1400,0.2,2
2,4,767,0,0,500,0.6,1000,0.2,1400,0.2,2
2,5,313,1,0,300,0.5,1700,0.5,0
2,6,866,2,10,5,0,300,0.5,1700,0.5,1
2,7,829,0,0,300,0.5,1700,0.5,1
2,8,386,0,0,300,0.5,1700,0.5,2
2,9,677,0,0,300,0.5,1700,0.5,2
2,10,862,1,0,300,0.5,1700,0.5,0
2,11,398,2,10,5,0,500,0.6,1000,0.2,1400,0.2,2
2,12,472,2,10,5,0,500,0.6,1000,0.2,1400,0.2,1
2,13,266,2,10,5,0,500,0.6,1000,0.2,1400,0.2,2
2,14,550,0,0,300,0.5,1700,0.5,1
3,0,591,2,10,5,0,300,0.5,1700,0.5,0
3,1,921,0,0,500,0.6,1000,0.2,1400,0.2,0
3,2,984,2,10,5,0,500,0.6,1000,0.2,1400,0.2,0
3,3,958,1,0,500,0.6,1000,0.2,1400,0.2,0
3,4,861,1,0,500,0.6,1000,0.2,1400,0.2,0
3,5,61,0,0,300,0.5,1700,0.5,1
3,6,524,1,0,300,0.5,1700,0.5,2
3,7,140,1,0,300,0.5,1700,0.5,2
3,8,825,1,0,300,0.5,1700,0.5,1
3,9,598,1,0,300,0.5,1700,0.5,1
3,10,929,1,0,300,0.5,1700,0.5,2
3,11,33,1,0,300,0.5,1700,0.5,2
3,12,591,1,0,500,0.6,1000,0.2,1400,0.2,2
3,13,313,0,0,300,0.5,1700,0.5,1
3,14,315,2,10,5,0,500,0.6,1000,0.2,1400,0.2,1
4,0,94,2,10,5,0,300,0.5,1700,0.5,1
4,1,800,2,10,5,0,500,0.6,1000,0.2,1400,0.2,0
4,2,155,0,0,500,0.6,1000,0.2,1400,0.2,1
4,3,95,2,10,5,0,500,0.6,1000,0.2,1400,0.2,1
4,4,764,2,10,5,0,300,0.5,1700,0.5,1
4,5,821,1,0,300,0.5,1700,0.5,1
4,6,679,0,0,300,0.5,1700,0.5,1
4,7,885,2,10,5,0,300,0.5,1700,0.5,1
4,8,886,2,10,5,0,300,0.5,1700,0.5,0
4,9,965,2,10,5,0,500,0.6,1000,0.2,1400,0.2,1
4,10,133,2,10,5,0,300,0.5,1700,0.5,1
4,11,538,0,0,500,0.6,1000,0.2,1400,0.2,0
4,12,860,0,0,500,0.6,1000,0.2,1400,0.2,0
4,13,928,1,0,500,0.6,1000,0.2,1400,0.2,1
4,14,278,2,10,5,0,500,0.6,1000,0.2,1400,0.2,0
5,0,796,2,10,5,0,300,0.5,1700,0.5,0
5,1,25,0,0,300,0.5,1700,0.5,2
5,2,426,0,0,500,0.6,1000,0.2,1400,0.2,2
5,3,708,1,0,500,0.6,1000,0.2,1400,0.2,1
5,4,154,2,10,5,0,300,0.5,1700,0.5,2
5,5,93,0,0,500,0.6,1000,0.2,1400,0.2,2
5,6,857,1,0,300,0.5,1700,0.5,0
5,7,302,0,0,300,0.5,1700,0.5,0
5,8,29,2,10,5,0,300,0.5,1700,0.5,0
5,9,255,1,0,300,0.5,1700,0.5,0
5,10,222,0,0,500,0.6,1000,0.2,1400,0.2,1
5,11,753,2,10,5,0,500,0.6,1000,0.2,1400,0.2,0
5,12,485,0,0,300,0.5,1700,0.5,2
5,13,707,1,0,500,0.6,1000,0.2,1400,0.2,0
5,14,435,2,10,5,0,300,0.5,1700,0.5,2
6,0,140,1,0,300,0.5,1700,0.5,0
6,1,160,2,10,5,0,500,0.6,1000,0.2,1400,0.2,1
6,2,709,0,0,500,0.6,1000,0.2,1400,0.2,2
6,3,192,0,0,500,0.6,1000,0.2,1400,0.2,1
6,4,487,2,10,5,0,500,0.6,1000,0.2,1400,0.2,2
6,5,338,0,0,500,0.6,1000,0.2,1400,0.2,1
6,6,257,2,10,5,0,500,0.6,1000,0.2,1400,0.2,1
6,7,949,2,10,5,0,500,0.6,1000,0.2,1400,0.2,2
6,8,740,2,10,5,0,500,0.6,1000,0.2,1400,0.2,2
6,9,879,2,10,5,0,500,0.6,1000,0.2,1400,0.2,1
6,10,148,2,10,5,0,300,0.5,1700,0.5,0
6,11,852,1,0,300,0.5,1700,0.5,0
6,12,138,2,10,5,0,300,0.5,1700,0.5,0
6,13,840,1,0,300,0.5,1700,0.5,1
6,14,846,0,0,500,0.6,1000,0.2,1400,0.2,1
7,0,15,2,10,5,0,500,0.6,1000,0.2,1400,0.2,1
7,1,188,0,0,500,0.6,1000,0.2,1400,0.2,2
7,2,286,2,10,5,0,500,0.6,1000,0.2,1400,0.2,2
7,3,104,0,0,500,0.6,1000,0.2,1400,0.2,2
7,4,95,1,0,500,0.6,1000,0.2,1400,0.2,0
7,5,376,1,0,500,0.6,1000,0.2,1400,0.2,0
7,6,805,1,0,500,0.6,1000,0.2,1400,0.2,2
7,7,392,2,10,5,0,500,0.6,1000,0.2,1400,0.2,1
7,8,817,1,0,500,0.6,1000,0.2,1400,0.2,0
7,9,368,0,0,500,0.6,1000,0.2,1400,0.2,1
7,10,502,1,0,500,0.6,1000,0.2,1400,0.2,0
7,11,647,2,10,5,0,300,0.5,1700,0.5,1
7,12,584,1,0,300,0.5,1700,0.5,1
7,13,504,1,0,500,0.6,1000,0.2,1400,0.2,2
7,14,893,1,0,300,0.5,1700,0.5,0
8,0,500,0,0,300,0.5,1700,0.5,2
8,1,346,1,0,500,0.6,1000,0.2,1400,0.2,0
8,2,939,0,0,500,0.6,1000,0.2,1400,0.2,1
8,3,857,0,0,500,0.6,1000,0.2,1400,0.2,1
8,4,795,1,0,300,0.5,1700,0.5,1
8,5,267,2,10,5,0,300,0.5,1700,0.5,0
8,6,621,0,0,300,0.5,1700,0.5,0
8,7,718,0,0,500,0.6,1000,0.2,1400,0.2,1
8,8,994,2,10,5,0,300,0.5,1700,0.5,0
8,9,476,2,10,5,0,300,0.5,1700,0.5,1
8,10,133,1,0,500,0.6,1000,0.2,1400,0.2,2
8,11,627,2,10,5,0,500,0.6,1000,0.2,1400,0.2,0
8,12,86,1,0,500,0.6,1000,0.2,1400,0.2,1
8,13,19,1,0,500,0.6,1000,0.2,1400,0.2,2
8,14,1000,2,10,5,0,500,0.6,1000,0.2,1400,0.2,0
9,0,428,0,0,500,0.6,1000,0.2,1400,0.2,2
9,1,937,0,0,500,0.6,1000,0.2,1400,0.2,2
9,2,771,2,10,5,0,500,0.6,1000,0.2,1400,0.2,2
9,3,442,1,0,300,0.5,1700,0.5,1
9,4,365,0,0,500,0.6,1000,0.2,1400,0.2,0
9,5,682,2,10,5,0,500,0.6,1000,0.2,1400,0.2,1
9,6,814,0,0,300,0.5,1700,0.5,1
9,7,472,0,0,500,0.6,1000,0.2,1400,0.2,1
9,8,842,1,0,500,0.6,1000,0.2,1400,0.2,0
9,9,61,1,0,500,0.6,1000,0.2,1400,0.2,0
9,10,917,2,10,5,0,300,0.5,1700,0.5,2
9,11,801,1,0,300,0.5,1700,0.5,1
9,12,348,1,0,500,0.6,1000,0.2,1400,0.2,0
9,13,643,0,0,500,0.6,1000,0.2,1400,0.2,2
9,14,851,0,0,300,0.5,1700,0.5,2
10,0,111,2,10,5,0,300,0.5,1700,0.5,0
10,1,823,2,10,5,0,300,0.5,1700,0.5,1
10,2,422,1,0,500,0.6,1000,0.2,1400,0.2,2
10,3,831,2,10,5,0,500,0.6,1000,0.2,1400,0.2,1
10,4,717,1,0,300,0.5,1700,0.5,2
10,5,550,2,10,5,0,300,0.5,1700,0.5,2
10,6,236,1,0,500,0.6,1000,0.2,1400,0.2,0
10,7,828,1,0,300,0.5,1700,0.5,2
10,8,247,2,10,5,0,500,0.6,1000,0.2,1400,0.2,1
10,9,51,2,10,5,0,500,0.6,1000,0.2,1400,0.2,2
10,10,225,1,0,300,0.5,1700,0.5,0
10,11,428,0,0,300,0.5,1700,0.5,0
10,12,921,0,0,300,0.5,1700,0.5,0
10,13,241,0,0,300,0.5,1700,0.5,0
10,14,183,2,10,5,0,500,0.6,1000,0.2,1400,0.2,1
11,0,639,2,10,5,0,500,0.6,1000,0.2,1400,0.2,0
11,1,626,0,0,500,0.6,1000,0.2,1400,0.2,0
11,2,903,1,0,300,0.5,1700,0.5,0
11,3,995,0,0,300,0.5,1700,0.5,1
11,4,330,0,0,300,0.5,1700,0.5,2
11,5,428,1,0,300,0.5,1700,0.5,1
11,6,165,2,10,5,0,500,0.6,1000,0.2,1400,0.2,2
11,7,352,1,0,500,0.6,1000,0.2,1400,0.2,0
11,8,273,0,0,300,0.5,1700,0.5,1
11,9,739,0,0,300,0.5,1700,0.5,0
11,10,980,2,10,5,0,500,0.6,1000,0.2,1400,0.2,2
11,11,186,0,0,300,0.5,1700,0.5,0
11,12,539,0,0,300,0.5,1700,0.5,2
11,13,408,0,0,500,0.6,1000,0.2,1400,0.2,2
11,14,481,2,10,5,0,500,0.6,1000,0.2,1400,0.2,1
12,0,314,1,0,500,0.6,1000,0.2,1400,0.2,0
12,1,403,2,10,5,0,300,0.5,1700,0.5,0
12,2,157,1,0,500,0.6,1000,0.2,1400,0.2,2
12,3,430,2,10,5,0,300,0.5,1700,0.5,0
12,4,627,0,0,300,0.5,1700,0.5,1
12,5,752,0,0,300,0.5,1700,0.5,2
12,6,392,1,0,500,0.6,1000,0.2,1400,0.2,2
12,7,136,0,0,500,0.6,1000,0.2,1400,0.2,0
12,8,201,2,10,5,0,500,0.6,1000,0.2,1400,0.2,0
12,9,691,1,0,300,0.5,1700,0.5,1
12,10,155,1,0,500,0.6,1000,0.2,1400,0.2,2
12,11,452,2,10,5,0,500,0.6,1000,0.2,1400,0.2,0
12,12,914,0,0,500,0.6,1000,0.2,1400,0.2,0
12,13,751,0,0,500,0.6,1000,0.2,1400,0.2,1
12,14,811,2,10,5,0,300,0.5,1700,0.5,1
13,0,110,0,0,500,0.6,1000,0.2,1400,0.2,2
13,1,647,1,0,300,0.5,1700,0.5,2
13,2,40,2,10,5,0,300,0.5,1700,0.5,2
13,3,418,1,0,500,0.6,1000,0.2,1400,0.2,1
13,4,511,2,10,5,0,500,0.6,1000,0.2,1400,0.2,2
13,5,100,2,10,5,0,500,0.6,1000,0.2,1400,0.2,0
13,6,982,1,0,500,0.6,1000,0.2,1400,0.2,2
13,7,657,0,0,500,0.6,1000,0.2,1400,0.2,2
13,8,119,2,10,5,0,300,0.5,1700,0.5,2
13,9,54,0,0,300,0.5,1700,0.5,2
13,10,371,0,0,500,0.6,1000,0.2,1400,0.2,1
13,11,365,0,0,500,0.6,1000,0.2,1400,0.2,1
13,12,263,1,0,500,0.6,1000,0.2,1400,0.2,2
13,13,622,2,10,5,0,300,0.5,1700,0.5,2
13,14,483,2,10,5,0,500,0.6,1000,0.2,1400,0.2,0
14,0,215,0,0,300,0.5,1700,0.5,0
14,1,594,2,10,5,0,300,0.5,1700,0.5,2
14,2,583,2,10,5,0,500,0.6,1000,0.2,1400,0.2,1
14,3,932,1,0,300,0.5,1700,0.5,1
14,4,787,2,10,5,0,500,0.6,1000,0.2,1400,0.2,2
14,5,75,2,10,5,0,500,0.6,1000,0.2,1400,0.2,1
14,6,254,0,0,500,0.6,1000,0.2,1400,0.2,2
14,7,122,2,10,5,0,300,0.5,1700,0.5,2
14,8,790,2,10,5,0,500,0.6,1000,0.2,1400,0.2,2
14,9,280,1,0,500,0.6,1000,0.2,1400,0.2,2
14,10,973,0,0,500,0.6,1000,0.2,1400,0.2,1
14,11,936,2,10,5,0,300,0.5,1700,0.5,1
14,12,642,1,0,500,0.6,1000,0.2,1400,0.2,2
14,13,782,2,10,5,0,500,0.6,1000,0.2,1400,0.2,0
14,14,564,0,0,500,0.6,1000,0.2,1400,0.2,0
