0,0,148,0,0,300,0.5,1700,0.5,1
0,1,837,1,0,300,0.5,1700,0.5,0
0,2,823,0,0,300,0.5,1700,0.5,2
0,3,92,0,0,300,0.5,1700,0.5,0
0,4,981,2,10,5,0,300,0.5,1700,0.5,1
0,5,704,1,0,300,0.5,1700,0.5,2
0,6,781,2,10,5,0,500,0.6,1000,0.2,1400,0.2,1
0,7,355,2,10,5,0,500,0.6,1000,0.2,1400,0.2,1
0,8,939,1,0,300,0.5,1700,0.5,0
0,9,771,1,0,300,0.5,1700,0.5,0
0,10,495,1,0,300,0.5,1700,0.5,1
0,11,199,2,10,5,0,300,0.5,1700,0.5,1
0,12,396,1,0,300,0.5,1700,0.5,1
0,13,751,1,0,300,0.5,1700,0.5,0
0,14,349,1,0,500,0.6,1000,0.2,1400,0.2,1
1,0,235,0,0,500,0.6,1000,0.2,1400,0.2,0
1,1,137,1,0,300,0.5,1700,0.5,1
1,2,185,2,10,5,0,500,0.6,1000,0.2,1400,0.2,0
1,3,723,2,10,5,0,500,0.6,1000,0.2,1400,0.2,0
1,4,407,2,10,5,0,500,0.6,1000,0.2,1400,0.2,2
1,5,387,1,0,500,0.6,1000,0.2,1400,0.2,1
1,6,414,2,10,5,0,500,0.6,1000,0.2,1400,0.2,2
1,7,97,0,0,500,0.6,1000,0.2,1400,0.2,2
1,8,733,2,10,5,0,500,0.6,1000,0.2,1400,0.2,0
1,9,614,0,0,300,0.5,1700,0.5,2
1,10,113,1,0,300,0.5,1700,0.5,2
1,11,83,2,10,5,0,500,0.6,1000,0.2,1400,0.2,0
1,12,636,0,0,300,0.5,1700,0.5,2
1,13,445,0,0,500,0.6,1000,0.2,1400,0.2,0
1,14,486,2,10,5,0,500,0.6,1000,0.2,1400,0.2,1
2,0,122,2,10,5,0,300,0.5,1700,0.5,1
2,1,217,1,0,300,0.5,1700,0.5,0
2,2,83,1,0,300,0.5,1700,0.5,1
2,3,616,0,0,300,0.5,1700,0.5,1
2,4,61,2,10,5,0,300,0.5,1700,0.5,0
2,5,429,0,0,300,0.5,1700,0.5,2
2,6,487,1,0,300,0.5,1700,0.5,0
2,7,887,0,0,500,0.6,1000,0.2,1400,0.2,0
2,8,320,0,0,300,0.5,1700,0.5,0
2,9,530,0,0,300,0.5,1700,0.5,1
2,10,835,1,0,500,0.6,1000,0.2,1400,0.2,1
2,11,67,0,0,500,0.6,1000,0.2,1400,0.2,0
2,12,953,0,0,300,0.5,1700,0.5,2
2,13,467,1,0,500,0.6,1000,0.2,1400,0.2,2
2,14,180,1,0,500,0.6,1000,0.2,1400,0.2,0
3,0,736,0,0,300,0.5,1700,0.5,1
3,1,920,1,0,300,0.5,1700,0.5,1
3,2,137,1,0,500,0.6,1000,0.2,1400,0.2,1
3,3,753,0,0,500,0.6,1000,0.2,1400,0.2,0
3,4,215,1,0,300,0.5,1700,0.5,2
3,5,561,1,0,300,0.5,1700,0.5,1
3,6,615,1,0,500,0.6,1000,0.2,1400,0.2,2
3,7,665,0,0,500,0.6,1000,0.2,1400,0.2,0
3,8,134,2,10,5,0,500,0.6,1000,0.2,1400,0.2,0
3,9,233,2,10,5,0,300,0.5,1700,0.5,0
3,10,55,0,0,300,0.5,1700,0.5,0
3,11,705,2,10,5,0,300,0.5,1700,0.5,2
3,12,527,0,0,500,0.6,1000,0.2,1400,0.2,0
3,13,583,1,0,500,0.6,1000,0.2,1400,0.2,0
3,14,54,0,0,500,0.6,1000,0.2,1400,0.2,0
4,0,794,2,10,5,0,500,0.6,1000,0.2,1400,0.2,2
4,1,931,2,10,5,0,300,0.5,1700,0.5,2
4,2,247,0,0,300,0.5,1700,0.5,1
4,3,136,0,0,300,0.5,1700,0.5,2
4,4,488,1,0,300,0.5,1700,0.5,1
4,5,530,1,0,300,0.5,1700,0.5,1
4,6,815,1,0,500,0.6,1000,0.2,1400,0.2,1
4,7,385,1,0,300,0.5,1700,0.5,0
4,8,120,2,10,5,0,500,0.6,1000,0.2,1400,0.2,2
4,9,493,2,10,5,0,500,0.6,1000,0.2,1400,0.2,0
4,10,126,0,0,500,0.6,1000,0.2,1400,0.2,0
4,11,128,1,0,500,0.6,1000,0.2,1400,0.2,0
4,12,718,1,0,300,0.5,1700,0.5,0
4,13,877,2,10,5,0,300,0.5,1700,0.5,2
4,14,759,0,0,300,0.5,1700,0.5,2
5,0,187,2,10,5,0,500,0.6,1000,0.2,1400,0.2,1
5,1,983,0,0,300,0.5,1700,0.5,0
5,2,156,2,10,5,0,500,0.6,1000,0.2,1400,0.2,0
5,3,733,0,0,500,0.6,1000,0.2,1400,0.2,2
5,4,492,0,0,300,0.5,1700,0.5,1
5,5,794,0,0,300,0.5,1700,0.5,0
5,6,72,0,0,300,0.5,1700,0.5,2
5,7,502,1,0,500,0.6,1000,0.2,1400,0.2,0
5,8,369,2,10,5,0,300,0.5,1700,0.5,2
5,9,547,1,0,300,0.5,1700,0.5,1
5,10,256,2,10,5,0,500,0.6,1000,0.2,1400,0.2,0
5,11,965,2,10,5,0,500,0.6,1000,0.2,1400,0.2,1
5,12,773,1,0,300,0.5,1700,0.5,0
5,13,717,1,0,500,0.6,1000,0.2,1400,0.2,2
5,14,849,1,0,500,0.6,1000,0.2,1400,0.2,0
6,0,594,1,0,500,0.6,1000,0.2,1400,0.2,0
6,1,448,0,0,300,0.5,1700,0.5,2
6,2,37,0,0,500,0.6,1000,0.2,1400,0.2,0
6,3,560,2,10,5,0,500,0.6,1000,0.2,1400,0.2,0
6,4,274,0,0,500,0.6,1000,0.2,1400,0.2,1
6,5,423,0,0,500,0.6,1000,0.2,1400,0.2,0
6,6,435,0,0,300,0.5,1700,0.5,2
6,7,523,1,0,300,0.5,1700,0.5,1
6,8,611,1,0,300,0.5,1700,0.5,2
6,9,818,1,0,300,0.5,1700,0.5,1
6,10,880,2,10,5,0,300,0.5,1700,0.5,1
6,11,23,2,10,5,0,500,0.6,1000,0.2,1400,0.2,2
6,12,539,2,10,5,0,300,0.5,1700,0.5,1
6,13,474,1,0,300,0.5,1700,0.5,1
6,14,513,1,0,300,0.5,1700,0.5,2
7,0,832,0,0,500,0.6,1000,0.2,1400,0.2,0
7,1,380,0,0,500,0.6,1000,0.2,1400,0.2,1
7,2,613,2,10,5,0,500,0.6,1000,0.2,1400,0.2,2
7,3,999,1,0,500,0.6,1000,0.2,1400,0.2,1
7,4,308,0,0,300,0.5,1700,0.5,1
7,5,382,1,0,500,0.6,1000,0.2,1400,0.2,2
7,6,172,2,10,5,0,300,0.5,1700,0.5,0
7,7,237,0,0,500,0.6,1000,0.2,1400,0.2,0
7,8,508,1,0,500,0.6,1000,0.2,1400,0.2,1
7,9,448,1,0,500,0.6,1000,0.2,1400,0.2,0
7,10,745,1,0,300,0.5,1700,0.5,1
7,11,252,1,0,500,0.6,1000,0.2,1400,0.2,0
7,12,471,1,0,300,0.5,1700,0.5,2
7,13,672,1,0,300,0.5,1700,0.5,1
7,14,332,2,10,5,0,500,0.6,1000,0.2,1400,0.2,0
8,0,767,0,0,500,0.6,1000,0.2,1400,0.2,1
8,1,604,0,0,500,0.6,1000,0.2,1400,0.2,0
8,2,788,2,10,5,0,300,0.5,1700,0.5,2
8,3,449,2,10,5,0,500,0.6,1000,0.2,1400,0.2,1
8,4,617,2,10,5,0,300,0.5,1700,0.5,0
8,5,485,0,0,500,0.6,1000,0.2,1400,0.2,0
8,6,16,0,0,300,0.5,1700,0.5,1
8,7,311,1,0,500,0.6,1000,0.2,1400,0.2,2
8,8,349,0,0,500,0.6,1000,0.2,1400,0.2,2
8,9,702,2,10,5,0,300,0.5,1700,0.5,0
8,10,739,0,0,500,0.6,1000,0.2,1400,0.2,2
8,11,407,0,0,300,0.5,1700,0.5,0
8,12,96,1,0,500,0.6,1000,0.2,1400,0.2,2
8,13,287,2,10,5,0,500,0.6,1000,0.2,1400,0.2,1
8,14,216,1,0,500,0.6,1000,0.2,1400,0.2,1
9,0,650,0,0,500,0.6,1000,0.2,1400,0.2,0
9,1,713,1,0,300,0.5,1700,0.5,1
9,2,291,1,0,500,0.6,1000,0.2,1400,0.2,1
9,3,163,1,0,300,0.5,1700,0.5,1
9,4,176,0,0,300,0.5,1700,0.5,1
9,5,610,1,0,300,0.5,1700,0.5,0
9,6,609,1,0,500,0.6,1000,0.2,1400,0.2,1
9,7,669,0,0,300,0.5,1700,0.5,2
9,8,52,1,0,300,0.5,1700,0.5,1
9,9,89,2,10,5,0,300,0.5,1700,0.5,1
9,10,243,1,0,300,0.5,1700,0.5,2
9,11,30,1,0,500,0.6,1000,0.2,1400,0.2,1
9,12,568,0,0,300,0.5,1700,0.5,2
9,13,547,0,0,500,0.6,1000,0.2,1400,0.2,2
9,14,268,0,0,300,0.5,1700,0.5,1
10,0,559,1,0,300,0.5,1700,0.5,2
10,1,961,2,10,5,0,300,0.5,1700,0.5,1
10,2,552,2,10,5,0,300,0.5,1700,0.5,1
10,3,320,1,0,300,0.5,1700,0.5,2
10,4,441,1,0,300,0.5,1700,0.5,0
10,5,964,2,10,5,0,500,0.6,1000,0.2,1400,0.2,0
10,6,351,1,0,500,0.6,1000,0.2,1400,0.2,2
10,7,339,1,0,500,0.6,1000,0.2,1400,0.2,1
10,8,327,0,0,300,0.5,1700,0.5,0
10,9,46,0,0,500,0.6,1000,0.2,1400,0.2,0
10,10,687,0,0,500,0.6,1000,0.2,1400,0.2,2
10,11,337,1,0,300,0.5,1700,0.5,0
10,12,683,2,10,5,0,500,0.6,1000,0.2,1400,0.2,1
10,13,704,2,10,5,0,300,0.5,1700,0.5,0
10,14,297,0,0,300,0.5,1700,0.5,1
11,0,850,2,10,5,0,300,0.5,1700,0.5,0
11,1,944,2,10,5,0,300,0.5,1700,0.5,0
11,2,134,0,0,300,0.5,1700,0.5,2
11,3,96,1,0,500,0.6,1000,0.2,1400,0.2,2
11,4,830,1,0,500,0.6,1000,0.2,1400,0.2,0
11,5,837,1,0,500,0.6,1000,0.2,1400,0.2,1
11,6,218,2,10,5,0,500,0.6,1000,0.2,1400,0.2,0
11,7,169,0,0,300,0.5,1700,0.5,1
11,8,229,0,0,300,0.5,1700,0.5,2
11,9,13,0,0,300,0.5,1700,0.5,0
11,10,330,2,10,5,0,500,0.6,1000,0.2,1400,0.2,2
11,11,836,0,0,500,0.6,1000,0.2,1400,0.2,2
11,12,671,2,10,5,0,300,0.5,1700,0.5,1
11,13,813,1,0,300,0.5,1700,0.5,2
11,14,174,0,0,300,0.5,1700,0.5,1
12,0,23,0,0,500,0.6,1000,0.2,1400,0.2,1
12,1,682,0,0,500,0.6,1000,0.2,1400,0.2,1
12,2,808,0,0,500,0.6,1000,0.2,1400,0.2,2
12,3,943,0,0,500,0.6,1000,0.2,1400,0.2,1
12,4,933,2,10,5,0,300,0.5,1700,0.5,1
12,5,588,2,10,5,0,300,0.5,1700,0.5,0
12,6,84,0,0,300,0.5,1700,0.5,1
12,7,924,0,0,300,0.5,1700,0.5,0
12,8,775,2,10,5,0,500,0.6,1000,0.2,1400,0.2,0
12,9,474,2,10,5,0,300,0.5,1700,0.5,2
12,10,996,2,10,5,0,500,0.6,1000,0.2,1400,0.2,1
12,11,688,1,0,500,0.6,1000,0.2,1400,0.2,1
12,12,567,0,0,300,0.5,1700,0.5,2
12,13,314,2,10,5,0,500,0.6,1000,0.2,1400,0.2,0
12,14,59,2,10,5,0,300,0.5,1700,0.5,1
13,0,733,2,10,5,0,300,0.5,1700,0.5,0
13,1,203,0,0,300,0.5,1700,0.5,1
13,2,185,0,0,500,0.6,1000,0.2,1400,0.2,1
13,3,390,0,0,500,0.6,1000,0.2,1400,0.2,0
13,4,120,1,0,500,0.6,1000,0.2,1400,0.2,2
13,5,928,2,10,5,0,300,0.5,1700,0.5,2
13,6,393,1,0,300,0.5,1700,0.5,0
13,7,190,1,0,300,0.5,1700,0.5,2
13,8,159,0,0,300,0.5,1700,0.5,0
13,9,978,0,0,500,0.6,1000,0.2,1400,0.2,1
13,10,872,2,10,5,0,300,0.5,1700,0.5,1
13,11,383,1,0,300,0.5,1700,0.5,0
13,12,571,2,10,5,0,300,0.5,1700,0.5,1
13,13,165,1,0,500,0.6,1000,0.2,1400,0.2,1
13,14,399,1,0,500,0.6,1000,0.2,1400,0.2,1
14,0,760,0,0,500,0.6,1000,0.2,1400,0.2,0
14,1,947,0,0,500,0.6,1000,0.2,1400,0.2,0
14,2,992,1,0,500,0.6,1000,0.2,1400,0.2,2
14,3,222,0,0,300,0.5,1700,0.5,2
14,4,361,1,0,300,0.5,1700,0.5,1
14,5,385,0,0,500,0.6,1000,0.2,1400,0.2,2
14,6,783,0,0,500,0.6,1000,0.2,1400,0.2,1
14,7,519,1,0,300,0.5,1700,0.5,1
14,8,530,2,10,5,0,300,0.5,1700,0.5,1
14,9,513,2,10,5,0,300,0.5,1700,0.5,1
14,10,667,2,10,5,0,300,0.5,1700,0.5,0
14,11,891,2,10,5,0,300,0.5,1700,0.5,2
14,12,160,0,0,300,0.5,1700,0.5,1
14,13,205,2,10,5,0,300,0.5,1700,0.5,0
14,14,499,2,10,5,0,500,0.6,1000,0.2,1400,0.2,2
