0,0,356,0,0,300,0.5,1700,0.5,1
0,1,584,0,0,500,0.6,1000,0.2,1400,0.2,0
0,2,542,0,0,500,0.6,1000,0.2,1400,0.2,0
0,3,686,2,10,5,0,300,0.5,1700,0.5,0
0,4,974,2,10,5,0,500,0.6,1000,0.2,1400,0.2,2
0,5,124,0,0,500,0.6,1000,0.2,1400,0.2,1
0,6,493,0,0,300,0.5,1700,0.5,0
0,7,974,0,0,300,0.5,1700,0.5,1
0,8,508,0,0,300,0.5,1700,0.5,2
0,9,694,0,0,500,0.6,1000,0.2,1400,0.2,2
0,10,989,0,0,500,0.6,1000,0.2,1400,0.2,2
0,11,513,1,0,300,0.5,1700,0.5,0
0,12,662,1,0,300,0.5,1700,0.5,2
0,13,890,2,10,5,0,500,0.6,1000,0.2,1400,0.2,1
0,14,473,2,10,5,0,300,0.5,1700,0.5,2
1,0,921,0,0,300,0.5,1700,0.5,1
1,1,591,1,0,300,0.5,1700,0.5,2
1,2,119,1,0,300,0.5,1700,0.5,0
1,3,204,0,0,300,0.5,1700,0.5,0
1,4,637,0,0,500,0.6,1000,0.2,1400,0.2,1
1,5,810,1,0,500,0.6,1000,0.2,1400,0.2,1
1,6,207,1,0,300,0.5,1700,0.5,0
1,7,254,2,10,5,0,500,0.6,1000,0.2,1400,0.2,0
1,8,978,0,0,500,0.6,1000,0.2,1400,0.2,2
1,9,457,1,0,500,0.6,1000,0.2,1400,0.2,0
1,10,550,2,10,5,0,300,0.5,1700,0.5,2
1,11,758,1,0,500,0.6,1000,0.2,1400,0.2,0
1,12,969,0,0,500,0.6,1000,0.2,1400,0.2,2
1,13,707,0,0,300,0.5,1700,0.5,1
1,14,803,0,0,500,0.6,1000,0.2,1400,0.2,2
2,0,524,0,0,300,0.5,1700,0.5,2
2,1,898,1,0,500,0.6,1000,0.2,1400,0.2,2
2,2,332,1,0,300,0.5,1700,0.5,2
2,3,959,0,0,300,0.5,1700,0.5,1
2,4,976,0,0,500,0.6,1000,0.2,1400,0.2,0
2,5,706,2,10,5,0,500,0.6,1000,0.2,1400,0.2,0
2,6,144,0,0,300,0.5,1700,0.5,0
2,7,739,0,0,500,0.6,1000,0.2,1400,0.2,2
2,8,22,1,0,500,0.6,1000,0.2,1400,0.2,1
2,9,671,1,0,500,0.6,1000,0.2,1400,0.2,1
2,10,676,2,10,5,0,500,0.6,1000,0.2,1400,0.2,1
2,11,518,2,10,5,0,500,0.6,1000,0.2,1400,0.2,2
2,12,396,1,0,300,0.5,1700,0.5,2
2,13,634,2,10,5,0,500,0.6,1000,0.2,1400,0.2,1
2,14,30,1,0,500,0.6,1000,0.2,1400,0.2,0
3,0,502,2,10,5,0,300,0.5,1700,0.5,1
3,1,763,0,0,300,0.5,1700,0.5,0
3,2,634,2,10,5,0,500,0.6,1000,0.2,1400,0.2,0
3,3,74,0,0,300,0.5,1700,0.5,1
3,4,748,0,0,500,0.6,1000,0.2,1400,0.2,1
3,5,696,0,0,300,0.5,1700,0.5,1
3,6,108,1,0,300,0.5,1700,0.5,2
3,7,648,1,0,300,0.5,1700,0.5,0
3,8,532,1,0,300,0.5,1700,0.5,2
3,9,657,2,10,5,0,300,0.5,1700,0.5,0
3,10,667,1,0,300,0.5,1700,0.5,2
3,11,537,2,10,5,0,300,0.5,1700,0.5,1
3,12,861,2,10,5,0,300,0.5,1700,0.5,2
3,13,885,1,0,300,0.5,1700,0.5,0
3,14,616,2,10,5,0,500,0.6,1000,0.2,1400,0.2,2
4,0,193,1,0,300,0.5,1700,0.5,0
4,1,744,1,0,300,0.5,1700,0.5,2
4,2,754,1,0,300,0.5,1700,0.5,2
4,3,460,0,0,500,0.6,1000,0.2,1400,0.2,1
4,4,866,2,10,5,0,300,0.5,1700,0.5,2
4,5,461,2,10,5,0,500,0.6,1000,0.2,1400,0.2,2
4,6,815,2,10,5,0,300,0.5,1700,0.5,2
4,7,481,2,10,5,0,300,0.5,1700,0.5,0
4,8,904,1,0,500,0.6,1000,0.2,1400,0.2,0
4,9,215,0,0,500,0.6,1000,0.2,1400,0.2,2
4,10,477,0,0,500,0.6,1000,0.2,1400,0.2,2
4,11,395,1,0,500,0.6,1000,0.2,1400,0.2,0
4,12,731,1,0,300,0.5,1700,0.5,2
4,13,443,0,0,300,0.5,1700,0.5,0
4,14,777,0,0,300,0.5,1700,0.5,1
5,0,146,2,10,5,0,300,0.5,1700,0.5,2
5,1,431,2,10,5,0,300,0.5,1700,0.5,0
5,2,250,1,0,500,0.6,1000,0.2,1400,0.2,1
5,3,480,0,0,300,0.5,1700,0.5,1
5,4,738,1,0,500,0.6,1000,0.2,1400,0.2,0
5,5,986,0,0,500,0.6,1000,0.2,1400,0.2,0
5,6,933,2,10,5,0,500,0.6,1000,0.2,1400,0.2,1
5,7,64,1,0,500,0.6,1000,0.2,1400,0.2,0
5,8,188,0,0,300,0.5,1700,0.5,1
5,9,383,1,0,500,0.6,1000,0.2,1400,0.2,2
5,10,163,1,0,500,0.6,1000,0.2,1400,0.2,2
5,11,945,2,10,5,0,300,0.5,1700,0.5,2
5,12,18,1,0,500,0.6,1000,0.2,1400,0.2,1
5,13,136,2,10,5,0,300,0.5,1700,0.5,1
5,14,141,2,10,5,0,300,0.5,1700,0.5,1
6,0,417,0,0,500,0.6,1000,0.2,1400,0.2,2
6,1,796,0,0,300,0.5,1700,0.5,2
6,2,623,0,0,500,0.6,1000,0.2,1400,0.2,0
6,3,608,0,0,500,0.6,1000,0.2,1400,0.2,2
6,4,683,1,0,300,0.5,1700,0.5,0
6,5,21,2,10,5,0,500,0.6,1000,0.2,1400,0.2,0
6,6,948,1,0,500,0.6,1000,0.2,1400,0.2,1
6,7,587,0,0,300,0.5,1700,0.5,1
6,8,999,2,10,5,0,300,0.5,1700,0.5,2
6,9,608,2,10,5,0,500,0.6,1000,0.2,1400,0.2,1
6,10,649,0,0,300,0.5,1700,0.5,0
6,11,503,0,0,500,0.6,1000,0.2,1400,0.2,1
6,12,97,1,0,500,0.6,1000,0.2,1400,0.2,2
6,13,708,2,10,5,0,300,0.5,1700,0.5,1
6,14,832,1,0,500,0.6,1000,0.2,1400,0.2,1
7,0,419,0,0,500,0.6,1000,0.2,1400,0.2,1
7,1,761,2,10,5,0,500,0.6,1000,0.2,1400,0.2,0
7,2,20,1,0,300,0.5,1700,0.5,0
7,3,521,0,0,500,0.6,1000,0.2,1400,0.2,0
7,4,821,1,0,300,0.5,1700,0.5,0
7,5,223,0,0,500,0.6,1000,0.2,1400,0.2,2
7,6,415,2,10,5,0,500,0.6,1000,0.2,1400,0.2,0
7,7,457,1,0,300,0.5,1700,0.5,0
7,8,323,0,0,500,0.6,1000,0.2,1400,0.2,2
7,9,201,1,0,500,0.6,1000,0.2,1400,0.2,0
7,10,879,2,10,5,0,300,0.5,1700,0.5,0
7,11,683,1,0,500,0.6,1000,0.2,1400,0.2,2
7,12,545,0,0,300,0.5,1700,0.5,1
7,13,430,1,0,300,0.5,1700,0.5,1
7,14,294,0,0,500,0.6,1000,0.2,1400,0.2,2
8,0,177,0,0,500,0.6,1000,0.2,1400,0.2,2
8,1,979,0,0,300,0.5,1700,0.5,2
8,2,910,2,10,5,0,300,0.5,1700,0.5,2
8,3,957,1,0,300,0.5,1700,0.5,1
8,4,512,0,0,500,0.6,1000,0.2,1400,0.2,1
8,5,628,2,10,5,0,300,0.5,1700,0.5,1
8,6,956,1,0,500,0.6,1000,0.2,1400,0.2,2
8,7,11,2,10,5,0,300,0.5,1700,0.5,2
8,8,768,2,10,5,0,500,0.6,1000,0.2,1400,0.2,0
8,9,373,0,0,500,0.6,1000,0.2,1400,0.2,2
8,10,611,1,0,300,0.5,1700,0.5,0
8,11,462,1,0,500,0.6,1000,0.2,1400,0.2,1
8,12,950,1,0,300,0.5,1700,0.5,1
8,13,16,2,10,5,0,300,0.5,1700,0.5,2
8,14,39,1,0,500,0.6,1000,0.2,1400,0.2,2
9,0,916,0,0,500,0.6,1000,0.2,1400,0.2,1
9,1,121,2,10,5,0,300,0.5,1700,0.5,1
9,2,254,1,0,500,0.6,1000,0.2,1400,0.2,2
9,3,768,0,0,500,0.6,1000,0.2,1400,0.2,2
9,4,279,1,0,500,0.6,1000,0.2,1400,0.2,2
9,5,878,1,0,300,0.5,1700,0.5,2
9,6,923,2,10,5,0,300,0.5,1700,0.5,1
9,7,352,2,10,5,0,500,0.6,1000,0.2,1400,0.2,1
9,8,385,0,0,500,0.6,1000,0.2,1400,0.2,1
9,9,365,1,0,500,0.6,1000,0.2,1400,0.2,1
9,10,464,1,0,300,0.5,1700,0.5,0
9,11,69,1,0,500,0.6,1000,0.2,1400,0.2,1
9,12,455,2,10,5,0,300,0.5,1700,0.5,0
9,13,671,2,10,5,0,500,0.6,1000,0.2,1400,0.2,1
9,14,965,2,10,5,0,300,0.5,1700,0.5,2
10,0,89,1,0,300,0.5,1700,0.5,0
10,1,334,2,10,5,0,300,0.5,1700,0.5,2
10,2,62,2,10,5,0,500,0.6,1000,0.2,1400,0.2,2
10,3,635,1,0,300,0.5,1700,0.5,1
10,4,825,0,0,300,0.5,1700,0.5,0
10,5,27,1,0,300,0.5,1700,0.5,0
10,6,239,1,0,500,0.6,1000,0.2,1400,0.2,0
10,7,512,2,10,5,0,300,0.5,1700,0.5,2
10,8,656,0,0,500,0.6,1000,0.2,1400,0.2,2
10,9,601,1,0,300,0.5,1700,0.5,2
10,10,693,1,0,300,0.5,1700,0.5,1
10,11,800,0,0,300,0.5,1700,0.5,2
10,12,754,1,0,300,0.5,1700,0.5,0
10,13,687,0,0,500,0.6,1000,0.2,1400,0.2,1
10,14,756,2,10,5,0,300,0.5,1700,0.5,0
11,0,908,1,0,300,0.5,1700,0.5,0
11,1,222,1,0,300,0.5,1700,0.5,0
11,2,458,1,0,300,0.5,1700,0.5,2
11,3,970,0,0,300,0.5,1700,0.5,2
11,4,727,2,10,5,0,500,0.6,1000,0.2,1400,0.2,0
11,5,438,1,0,300,0.5,1700,0.5,1
11,6,941,1,0,300,0.5,1700,0.5,2
11,7,299,0,0,500,0.6,1000,0.2,1400,0.2,2
11,8,439,2,10,5,0,300,0.5,1700,0.5,0
11,9,774,1,0,500,0.6,1000,0.2,1400,0.2,1
11,10,334,0,0,300,0.5,1700,0.5,0
11,11,569,1,0,500,0.6,1000,0.2,1400,0.2,2
11,12,480,1,0,500,0.6,1000,0.2,1400,0.2,2
11,13,319,2,10,5,0,500,0.6,1000,0.2,1400,0.2,1
11,14,592,1,0,500,0.6,1000,0.2,1400,0.2,0
12,0,241,2,10,5,0,300,0.5,1700,0.5,2
12,1,351,0,0,500,0.6,1000,0.2,1400,0.2,0
12,2,501,1,0,500,0.6,1000,0.2,1400,0.2,1
12,3,992,0,0,500,0.6,1000,0.2,1400,0.2,0
12,4,550,1,0,300,0.5,1700,0.5,2
12,5,381,0,0,500,0.6,1000,0.2,1400,0.2,2
12,6,82,0,0,300,0.5,1700,0.5,1
12,7,876,2,10,5,0,300,0.5,1700,0.5,2
12,8,264,2,10,5,0,500,0.6,1000,0.2,1400,0.2,1
12,9,240,1,0,500,0.6,1000,0.2,1400,0.2,2
12,10,998,1,0,300,0.5,1700,0.5,1
12,11,108,0,0,300,0.5,1700,0.5,2
12,12,574,2,10,5,0,500,0.6,1000,0.2,1400,0.2,2
12,13,136,0,0,300,0.5,1700,0.5,1
12,14,688,1,0,500,0.6,1000,0.2,1400,0.2,0
13,0,257,0,0,500,0.6,1000,0.2,1400,0.2,2
13,1,629,2,10,5,0,500,0.6,1000,0.2,1400,0.2,2
13,2,805,0,0,500,0.6,1000,0.2,1400,0.2,1
13,3,651,2,10,5,0,300,0.5,1700,0.5,1
13,4,196,0,0,500,0.6,1000,0.2,1400,0.2,1
13,5,448,2,10,5,0,500,0.6,1000,0.2,1400,0.2,1
13,6,62,2,10,5,0,300,0.5,1700,0.5,2
13,7,474,0,0,300,0.5,1700,0.5,1
13,8,396,2,10,5,0,500,0.6,1000,0.2,1400,0.2,0
13,9,771,0,0,500,0.6,1000,0.2,1400,0.2,1
13,10,896,2,10,5,0,500,0.6,1000,0.2,1400,0.2,0
13,11,330,1,0,300,0.5,1700,0.5,2
13,12,125,2,10,5,0,500,0.6,1000,0.2,1400,0.2,2
13,13,47,1,0,500,0.6,1000,0.2,1400,0.2,2
13,14,998,1,0,300,0.5,1700,0.5,0
14,0,553,1,0,300,0.5,1700,0.5,2
14,1,917,1,0,300,0.5,1700,0.5,1
14,2,977,2,10,5,0,500,0.6,1000,0.2,1400,0.2,1
14,3,74,0,0,300,0.5,1700,0.5,2
14,4,493,0,0,300,0.5,1700,0.5,0
14,5,835,0,0,500,0.6,1000,0.2,1400,0.2,1
14,6,535,1,0,500,0.6,1000,0.2,1400,0.2,0
14,7,933,0,0,500,0.6,1000,0.2,1400,0.2,2
14,8,791,1,0,300,0.5,1700,0.5,1
14,9,256,2,10,5,0,500,0.6,1000,0.2,1400,0.2,0
14,10,709,0,0,500,0.6,1000,0.2,1400,0.2,1
14,11,839,0,0,500,0.6,1000,0.2,1400,0.2,1
14,12,266,2,10,5,0,500,0.6,1000,0.2,1400,0.2,1
14,13,836,2,10,5,0,500,0.6,1000,0.2,1400,0.2,0
14,14,18,0,0,500,0.6,1000,0.2,1400,0.2,2
