0,0,662,0,0,500,0.6,1000,0.2,1400,0.2,0
0,1,833,0,0,300,0.5,1700,0.5,0
0,2,432,0,0,500,0.6,1000,0.2,1400,0.2,1
0,3,382,1,0,500,0.6,1000,0.2,1400,0.2,1
0,4,619,0,0,500,0.6,1000,0.2,1400,0.2,1
0,5,387,2,10,5,0,500,0.6,1000,0.2,1400,0.2,2
0,6,321,2,10,5,0,300,0.5,1700,0.5,2
0,7,52,1,0,500,0.6,1000,0.2,1400,0.2,1
0,8,55,0,0,300,0.5,1700,0.5,2
0,9,516,0,0,500,0.6,1000,0.2,1400,0.2,2
0,10,353,1,0,500,0.6,1000,0.2,1400,0.2,1
0,11,284,2,10,5,0,500,0.6,1000,0.2,1400,0.2,1
0,12,342,2,10,5,0,300,0.5,1700,0.5,2
0,13,959,1,0,500,0.6,1000,0.2,1400,0.2,1
0,14,269,1,0,500,0.6,1000,0.2,1400,0.2,2
1,0,732,0,0,300,0.5,1700,0.5,0
1,1,418,2,10,5,0,300,0.5,1700,0.5,2
1,2,984,0,0,500,0.6,1000,0.2,1400,0.2,2
1,3,451,1,0,300,0.5,1700,0.5,1
1,4,528,1,0,300,0.5,1700,0.5,2
1,5,413,2,10,5,0,500,0.6,1000,0.2,1400,0.2,1
1,6,400,1,0,500,0.6,1000,0.2,1400,0.2,1
1,7,548,0,0,300,0.5,1700,0.5,0
1,8,273,0,0,500,0.6,1000,0.2,1400,0.2,0
1,9,467,1,0,300,0.5,1700,0.5,1
1,10,279,1,0,500,0.6,1000,0.2,1400,0.2,2
1,11,165,2,10,5,0,300,0.5,1700,0.5,1
1,12,973,1,0,300,0.5,1700,0.5,2
1,13,890,1,0,300,0.5,1700,0.5,2
1,14,806,1,0,500,0.6,1000,0.2,1400,0.2,0
2,0,790,1,0,500,0.6,1000,0.2,1400,0.2,0
2,1,52,2,10,5,0,300,0.5,1700,0.5,2
2,2,448,0,0,300,0.5,1700,0.5,2
2,3,457,2,10,5,0,500,0.6,1000,0.2,1400,0.2,0
2,4,936,1,0,500,0.6,1000,0.2,1400,0.2,0
2,5,535,2,10,5,0,500,0.6,1000,0.2,1400,0.2,1
2,6,866,1,0,300,0.5,1700,0.5,2
2,7,25,1,0,500,0.6,1000,0.2,1400,0.2,1
2,8,546,2,10,5,0,500,0.6,1000,0.2,1400,0.2,0
2,9,615,1,0,500,0.6,1000,0.2,1400,0.2,1
2,10,127,1,0,500,0.6,1000,0.2,1400,0.2,1
2,11,918,2,10,5,0,500,0.6,1000,0.2,1400,0.2,2
2,12,518,0,0,500,0.6,1000,0.2,1400,0.2,2
2,13,735,1,0,500,0.6,1000,0.2,1400,0.2,0
2,14,439,1,0,500,0.6,1000,0.2,1400,0.2,0
3,0,131,2,10,5,0,500,0.6,1000,0.2,1400,0.2,1
3,1,373,0,0,500,0.6,1000,0.2,1400,0.2,2
3,2,995,0,0,300,0.5,1700,0.5,1
3,3,606,1,0,500,0.6,1000,0.2,1400,0.2,1
3,4,435,1,0,500,0.6,1000,0.2,1400,0.2,0
3,5,609,1,0,500,0.6,1000,0.2,1400,0.2,1
3,6,45,0,0,300,0.5,1700,0.5,1
3,7,944,1,0,300,0.5,1700,0.5,0
3,8,621,1,0,500,0.6,1000,0.2,1400,0.2,2
3,9,452,1,0,300,0.5,1700,0.5,1
3,10,900,2,10,5,0,300,0.5,1700,0.5,2
3,11,108,0,0,500,0.6,1000,0.2,1400,0.2,0
3,12,205,1,0,300,0.5,1700,0.5,0
3,13,289,1,0,500,0.6,1000,0.2,1400,0.2,2
3,14,450,0,0,500,0.6,1000,0.2,1400,0.2,0
4,0,42,2,10,5,0,300,0.5,1700,0.5,2
4,1,558,0,0,500,0.6,1000,0.2,1400,0.2,0
4,2,230,2,10,5,0,300,0.5,1700,0.5,2
4,3,975,2,10,5,0,300,0.5,1700,0.5,2
4,4,880,2,10,5,0,500,0.6,1000,0.2,1400,0.2,2
4,5,297,1,0,300,0.5,1700,0.5,1
4,6,319,2,10,5,0,500,0.6,1000,0.2,1400,0.2,0
4,7,104,1,0,300,0.5,1700,0.5,2
4,8,941,1,0,300,0.5,1700,0.5,1
4,9,289,0,0,300,0.5,1700,0.5,2
4,10,659,2,10,5,0,300,0.5,1700,0.5,0
4,11,123,2,10,5,0,300,0.5,1700,0.5,1
4,12,477,1,0,300,0.5,1700,0.5,2
4,13,505,1,0,500,0.6,1000,0.2,1400,0.2,1
4,14,98,2,10,5,0,300,0.5,1700,0.5,1
5,0,144,1,0,500,0.6,1000,0.2,1400,0.2,2
5,1,392,0,0,500,0.6,1000,0.2,1400,0.2,1
5,2,552,0,0,300,0.5,1700,0.5,1
5,3,554,1,0,500,0.6,1000,0.2,1400,0.2,2
5,4,896,1,0,300,0.5,1700,0.5,0
5,5,107,1,0,500,0.6,1000,0.2,1400,0.2,1
5,6,719,2,10,5,0,500,0.6,1000,0.2,1400,0.2,0
5,7,93,0,0,300,0.5,1700,0.5,0
5,8,333,1,0,300,0.5,1700,0.5,2
5,9,23,1,0,300,0.5,1700,0.5,0
5,10,96,0,0,500,0.6,1000,0.2,1400,0.2,1
5,11,224,2,10,5,0,500,0.6,1000,0.2,1400,0.2,1
5,12,783,1,0,300,0.5,1700,0.5,2
5,13,205,1,0,300,0.5,1700,0.5,1
5,14,542,0,0,500,0.6,1000,0.2,1400,0.2,1
6,0,14,1,0,300,0.5,1700,0.5,1
6,1,283,0,0,500,0.6,1000,0.2,1400,0.2,0
6,2,154,0,0,500,0.6,1000,0.2,1400,0.2,0
6,3,441,0,0,300,0.5,1700,0.5,2
6,4,458,0,0,300,0.5,1700,0.5,2
6,5,383,1,0,500,0.6,1000,0.2,1400,0.2,1
6,6,817,1,0,500,0.6,1000,0.2,1400,0.2,1
6,7,800,1,0,500,0.6,1000,0.2,1400,0.2,1
6,8,370,1,0,500,0.6,1000,0.2,1400,0.2,2
6,9,15,0,0,300,0.5,1700,0.5,2
6,10,620,2,10,5,0,300,0.5,1700,0.5,0
6,11,522,1,0,500,0.6,1000,0.2,1400,0.2,2
6,12,151,0,0,300,0.5,1700,0.5,2
6,13,927,2,10,5,0,500,0.6,1000,0.2,1400,0.2,1
6,14,308,0,0,500,0.6,1000,0.2,1400,0.2,1
7,0,548,0,0,500,0.6,1000,0.2,1400,0.2,0
7,1,719,0,0,500,0.6,1000,0.2,1400,0.2,0
7,2,377,0,0,500,0.6,1000,0.2,1400,0.2,0
7,3,276,1,0,300,0.5,1700,0.5,2
7,4,944,2,10,5,0,500,0.6,1000,0.2,1400,0.2,1
7,5,287,0,0,500,0.6,1000,0.2,1400,0.2,0
7,6,573,0,0,300,0.5,1700,0.5,2
7,7,713,1,0,300,0.5,1700,0.5,1
7,8,970,2,10,5,0,500,0.6,1000,0.2,1400,0.2,2
7,9,609,1,0,300,0.5,1700,0.5,0
7,10,371,2,10,5,0,500,0.6,1000,0.2,1400,0.2,0
7,11,716,1,0,500,0.6,1000,0.2,1400,0.2,1
7,12,593,0,0,500,0.6,1000,0.2,1400,0.2,1
7,13,92,2,10,5,0,500,0.6,1000,0.2,1400,0.2,0
7,14,105,1,0,300,0.5,1700,0.5,0
8,0,829,2,10,5,0,500,0.6,1000,0.2,1400,0.2,1
8,1,671,1,0,300,0.5,1700,0.5,0
8,2,801,2,10,5,0,300,0.5,1700,0.5,0
8,3,99,1,0,300,0.5,1700,0.5,1
8,4,724,0,0,500,0.6,1000,0.2,1400,0.2,1
8,5,748,0,0,500,0.6,1000,0.2,1400,0.2,0
8,6,346,0,0,300,0.5,1700,0.5,0
8,7,302,1,0,500,0.6,1000,0.2,1400,0.2,2
8,8,186,2,10,5,0,300,0.5,1700,0.5,1
8,9,801,0,0,500,0.6,1000,0.2,1400,0.2,2
8,10,776,1,0,500,0.6,1000,0.2,1400,0.2,2
8,11,964,0,0,500,0.6,1000,0.2,1400,0.2,1
8,12,504,0,0,300,0.5,1700,0.5,0
8,13,236,2,10,5,0,500,0.6,1000,0.2,1400,0.2,0
8,14,819,0,0,500,0.6,1000,0.2,1400,0.2,2
9,0,167,1,0,500,0.6,1000,0.2,1400,0.2,2
9,1,894,2,10,5,0,500,0.6,1000,0.2,1400,0.2,0
9,2,193,1,0,500,0.6,1000,0.2,1400,0.2,2
9,3,193,2,10,5,0,500,0.6,1000,0.2,1400,0.2,2
9,4,290,2,10,5,0,300,0.5,1700,0.5,0
9,5,891,1,0,500,0.6,1000,0.2,1400,0.2,1
9,6,776,0,0,500,0.6,1000,0.2,1400,0.2,2
9,7,720,0,0,300,0.5,1700,0.5,1
9,8,900,1,0,300,0.5,1700,0.5,0
9,9,702,2,10,5,0,300,0.5,1700,0.5,2
9,10,306,2,10,5,0,300,0.5,1700,0.5,2
9,11,730,0,0,500,0.6,1000,0.2,1400,0.2,1
9,12,644,2,10,5,0,500,0.6,1000,0.2,1400,0.2,0
9,13,429,1,0,300,0.5,1700,0.5,1
9,14,204,2,10,5,0,300,0.5,1700,0.5,0
10,0,38,1,0,500,0.6,1000,0.2,1400,0.2,1
10,1,382,1,0,500,0.6,1000,0.2,1400,0.2,1
10,2,520,0,0,300,0.5,1700,0.5,0
10,3,733,1,0,300,0.5,1700,0.5,1
10,4,355,1,0,300,0.5,1700,0.5,0
10,5,187,2,10,5,0,500,0.6,1000,0.2,1400,0.2,1
10,6,352,2,10,5,0,500,0.6,1000,0.2,1400,0.2,1
10,7,931,2,10,5,0,300,0.5,1700,0.5,0
10,8,793,1,0,500,0.6,1000,0.2,1400,0.2,0
10,9,514,0,0,500,0.6,1000,0.2,1400,0.2,1
10,10,374,1,0,500,0.6,1000,0.2,1400,0.2,2
10,11,105,1,0,300,0.5,1700,0.5,1
10,12,832,0,0,300,0.5,1700,0.5,2
10,13,630,0,0,300,0.5,1700,0.5,0
10,14,492,1,0,500,0.6,1000,0.2,1400,0.2,2
11,0,281,1,0,500,0.6,1000,0.2,1400,0.2,2
11,1,361,0,0,300,0.5,1700,0.5,0
11,2,316,2,10,5,0,300,0.5,1700,0.5,0
11,3,636,2,10,5,0,300,0.5,1700,0.5,0
11,4,851,0,0,300,0.5,1700,0.5,0
11,5,255,2,10,5,0,500,0.6,1000,0.2,1400,0.2,2
11,6,22,2,10,5,0,300,0.5,1700,0.5,1
11,7,827,1,0,300,0.5,1700,0.5,2
11,8,822,1,0,300,0.5,1700,0.5,0
11,9,15,1,0,300,0.5,1700,0.5,1
11,10,837,1,0,300,0.5,1700,0.5,2
11,11,856,2,10,5,0,300,0.5,1700,0.5,1
11,12,907,1,0,300,0.5,1700,0.5,1
11,13,652,1,0,500,0.6,1000,0.2,1400,0.2,0
11,14,137,0,0,500,0.6,1000,0.2,1400,0.2,2
12,0,439,2,10,5,0,300,0.5,1700,0.5,1
12,1,965,1,0,500,0.6,1000,0.2,1400,0.2,2
12,2,579,1,0,300,0.5,1700,0.5,0
12,3,621,2,10,5,0,300,0.5,1700,0.5,1
12,4,131,2,10,5,0,500,0.6,1000,0.2,1400,0.2,1
12,5,914,2,10,5,0,500,0.6,1000,0.2,1400,0.2,2
12,6,278,2,10,5,0,500,0.6,1000,0.2,1400,0.2,1
12,7,836,0,0,300,0.5,1700,0.5,0
12,8,964,2,10,5,0,500,0.6,1000,0.2,1400,0.2,1
12,9,620,0,0,300,0.5,1700,0.5,1
12,10,999,2,10,5,0,300,0.5,1700,0.5,0
12,11,884,2,10,5,0,300,0.5,1700,0.5,1
12,12,819,2,10,5,0,300,0.5,1700,0.5,0
12,13,632,1,0,300,0.5,1700,0.5,0
12,14,326,1,0,500,0.6,1000,0.2,1400,0.2,1
13,0,887,2,10,5,0,500,0.6,1000,0.2,1400,0.2,1
13,1,410,2,10,5,0,300,0.5,1700,0.5,1
13,2,846,2,10,5,0,300,0.5,1700,0.5,1
13,3,895,1,0,300,0.5,1700,0.5,0
13,4,111,1,0,300,0.5,1700,0.5,2
13,5,245,2,10,5,0,300,0.5,1700,0.5,2
13,6,892,0,0,300,0.5,1700,0.5,2
13,7,289,2,10,5,0,300,0.5,1700,0.5,2
13,8,667,2,10,5,0,300,0.5,1700,0.5,2
13,9,988,2,10,5,0,500,0.6,1000,0.2,1400,0.2,0
13,10,966,1,0,500,0.6,1000,0.2,1400,0.2,2
13,11,25,2,10,5,0,500,0.6,1000,0.2,1400,0.2,2
13,12,837,0,0,500,0.6,1000,0.2,1400,0.2,1
13,13,511,1,0,300,0.5,1700,0.5,0
13,14,511,0,0,300,0.5,1700,0.5,1
14,0,278,2,10,5,0,500,0.6,1000,0.2,1400,0.2,0
14,1,888,1,0,300,0.5,1700,0.5,1
14,2,159,2,10,5,0,300,0.5,1700,0.5,1
14,3,740,0,0,500,0.6,1000,0.2,1400,0.2,2
14,4,87,0,0,500,0.6,1000,0.2,1400,0.2,1
14,5,100,0,0,300,0.5,1700,0.5,2
14,6,32,1,0,300,0.5,1700,0.5,0
14,7,951,2,10,5,0,500,0.6,1000,0.2,1400,0.2,0
14,8,760,2,10,5,0,300,0.5,1700,0.5,2
14,9,60,1,0,500,0.6,1000,0.2,1400,0.2,2
14,10,523,0,0,300,0.5,1700,0.5,0
14,11,448,0,0,500,0.6,1000,0.2,1400,0.2,0
14,12,241,2,10,5,0,500,0.6,1000,0.2,1400,0.2,0
14,13,434,1,0,300,0.5,1700,0.5,1
14,14,163,0,0,300,0.5,1700,0.5,2
