0,0,960,0,0,500,0.6,1000,0.2,1400,0.2,0
0,1,390,2,10,5,0,300,0.5,1700,0.5,1
0,2,967,1,0,500,0.6,1000,0.2,1400,0.2,0
0,3,503,2,10,5,0,500,0.6,1000,0.2,1400,0.2,2
0,4,36,2,10,5,0,500,0.6,1000,0.2,1400,0.2,1
0,5,388,1,0,500,0.6,1000,0.2,1400,0.2,0
0,6,147,1,0,300,0.5,1700,0.5,0
0,7,96,2,10,5,0,500,0.6,1000,0.2,1400,0.2,0
0,8,948,1,0,300,0.5,1700,0.5,2
0,9,228,0,0,300,0.5,1700,0.5,2
0,10,761,2,10,5,0,500,0.6,1000,0.2,1400,0.2,0
0,11,169,0,0,500,0.6,1000,0.2,1400,0.2,0
0,12,884,1,0,300,0.5,1700,0.5,2
0,13,745,0,0,300,0.5,1700,0.5,0
0,14,339,2,10,5,0,500,0.6,1000,0.2,1400,0.2,1
1,0,615,1,0,500,0.6,1000,0.2,1400,0.2,1
1,1,194,2,10,5,0,300,0.5,1700,0.5,0
1,2,140,1,0,500,0.6,1000,0.2,1400,0.2,0
1,3,771,0,0,500,0.6,1000,0.2,1400,0.2,1
1,4,890,2,10,5,0,500,0.6,1000,0.2,1400,0.2,2
1,5,903,2,10,5,0,500,0.6,1000,0.2,1400,0.2,0
1,6,944,2,10,5,0,500,0.6,1000,0.2,1400,0.2,2
1,7,732,1,0,300,0.5,1700,0.5,0
1,8,732,0,0,300,0.5,1700,0.5,0
1,9,294,0,0,500,0.6,1000,0.2,1400,0.2,2
1,10,325,0,0,300,0.5,1700,0.5,0
1,11,573,1,0,300,0.5,1700,0.5,1
1,12,276,1,0,300,0.5,1700,0.5,0
1,13,390,1,0,500,0.6,1000,0.2,1400,0.2,1
1,14,73,1,0,500,0.6,1000,0.2,1400,0.2,0
2,0,442,0,0,300,0.5,1700,0.5,1
2,1,789,0,0,300,0.5,1700,0.5,1
2,2,911,1,0,300,0.5,1700,0.5,1
2,3,421,2,10,5,0,300,0.5,1700,0.5,2
2,4,35,1,0,300,0.5,1700,0.5,0
2,5,302,1,0,500,0.6,1000,0.2,1400,0.2,0
2,6,114,1,0,300,0.5,1700,0.5,2
2,7,450,1,0,500,0.6,1000,0.2,1400,0.2,2
2,8,927,0,0,500,0.6,1000,0.2,1400,0.2,2
2,9,644,2,10,5,0,300,0.5,1700,0.5,0
2,10,886,0,0,300,0.5,1700,0.5,1
2,11,504,0,0,300,0.5,1700,0.5,2
2,12,298,2,10,5,0,500,0.6,1000,0.2,1400,0.2,1
2,13,299,1,0,300,0.5,1700,0.5,1
2,14,285,1,0,300,0.5,1700,0.5,0
3,0,390,0,0,500,0.6,1000,0.2,1400,0.2,2
3,1,719,0,0,500,0.6,1000,0.2,1400,0.2,1
3,2,131,0,0,500,0.6,1000,0.2,1400,0.2,1
3,3,569,2,10,5,0,500,0.6,1000,0.2,1400,0.2,0
3,4,980,0,0,500,0.6,1000,0.2,1400,0.2,1
3,5,624,2,10,5,0,500,0.6,1000,0.2,1400,0.2,2
3,6,726,2,10,5,0,300,0.5,1700,0.5,1
3,7,843,1,0,300,0.5,1700,0.5,1
3,8,861,2,10,5,0,300,0.5,1700,0.5,0
3,9,51,0,0,500,0.6,1000,0.2,1400,0.2,2
3,10,592,2,10,5,0,300,0.5,1700,0.5,0
3,11,639,1,0,300,0.5,1700,0.5,0
3,12,782,1,0,500,0.6,1000,0.2,1400,0.2,0
3,13,306,2,10,5,0,500,0.6,1000,0.2,1400,0.2,0
3,14,711,2,10,5,0,300,0.5,1700,0.5,2
4,0,89,2,10,5,0,300,0.5,1700,0.5,1
4,1,515,2,10,5,0,500,0.6,1000,0.2,1400,0.2,1
4,2,76,0,0,300,0.5,1700,0.5,0
4,3,331,1,0,500,0.6,1000,0.2,1400,0.2,1
4,4,579,0,0,300,0.5,1700,0.5,2
4,5,130,1,0,500,0.6,1000,0.2,1400,0.2,2
4,6,399,0,0,300,0.5,1700,0.5,2
4,7,969,2,10,5,0,500,0.6,1000,0.2,1400,0.2,2
4,8,754,1,0,300,0.5,1700,0.5,1
4,9,746,2,10,5,0,300,0.5,1700,0.5,1
4,10,42,2,10,5,0,300,0.5,1700,0.5,0
4,11,219,1,0,300,0.5,1700,0.5,2
4,12,103,1,0,300,0.5,1700,0.5,0
4,13,12,2,10,5,0,300,0.5,1700,0.5,0
4,14,972,1,0,300,0.5,1700,0.5,0
5,0,349,1,0,500,0.6,1000,0.2,1400,0.2,0
5,1,809,2,10,5,0,300,0.5,1700,0.5,2
5,2,237,2,10,5,0,300,0.5,1700,0.5,2
5,3,57,2,10,5,0,500,0.6,1000,0.2,1400,0.2,1
5,4,311,0,0,300,0.5,1700,0.5,0
5,5,257,1,0,500,0.6,1000,0.2,1400,0.2,2
5,6,73,0,0,500,0.6,1000,0.2,1400,0.2,1
5,7,346,0,0,300,0.5,1700,0.5,0
5,8,718,0,0,300,0.5,1700,0.5,0
5,9,930,2,10,5,0,500,0.6,1000,0.2,1400,0.2,2
5,10,793,2,10,5,0,300,0.5,1700,0.5,0
5,11,579,2,10,5,0,300,0.5,1700,0.5,0
5,12,738,0,0,300,0.5,1700,0.5,0
5,13,337,1,0,500,0.6,1000,0.2,1400,0.2,0
5,14,675,0,0,500,0.6,1000,0.2,1400,0.2,0
6,0,731,2,10,5,0,300,0.5,1700,0.5,1
6,1,754,0,0,500,0.6,1000,0.2,1400,0.2,2
6,2,45,1,0,500,0.6,1000,0.2,1400,0.2,2
6,3,793,1,0,500,0.6,1000,0.2,1400,0.2,0
6,4,358,1,0,500,0.6,1000,0.2,1400,0.2,0
6,5,673,2,10,5,0,300,0.5,1700,0.5,1
6,6,393,1,0,500,0.6,1000,0.2,1400,0.2,2
6,7,404,2,10,5,0,500,0.6,1000,0.2,1400,0.2,1
6,8,116,1,0,300,0.5,1700,0.5,2
6,9,894,0,0,500,0.6,1000,0.2,1400,0.2,0
6,10,647,1,0,500,0.6,1000,0.2,1400,0.2,1
6,11,669,0,0,300,0.5,1700,0.5,1
6,12,791,0,0,500,0.6,1000,0.2,1400,0.2,0
6,13,840,0,0,500,0.6,1000,0.2,1400,0.2,1
6,14,345,2,10,5,0,500,0.6,1000,0.2,1400,0.2,2
7,0,615,1,0,300,0.5,1700,0.5,0
7,1,974,0,0,300,0.5,1700,0.5,0
7,2,909,0,0,300,0.5,1700,0.5,1
7,3,697,2,10,5,0,500,0.6,1000,0.2,1400,0.2,0
7,4,868,0,0,500,0.6,1000,0.2,1400,0.2,1
7,5,89,0,0,500,0.6,1000,0.2,1400,0.2,0
7,6,844,0,0,300,0.5,1700,0.5,1
7,7,79,0,0,500,0.6,1000,0.2,1400,0.2,0
7,8,845,1,0,500,0.6,1000,0.2,1400,0.2,0
7,9,416,2,10,5,0,500,0.6,1000,0.2,1400,0.2,2
7,10,736,1,0,300,0.5,1700,0.5,0
7,11,143,2,10,5,0,300,0.5,1700,0.5,1
7,12,681,2,10,5,0,300,0.5,1700,0.5,0
7,13,228,1,0,500,0.6,1000,0.2,1400,0.2,0
7,14,753,1,0,500,0.6,1000,0.2,1400,0.2,2
8,0,666,1,0,300,0.5,1700,0.5,0
8,1,436,0,0,500,0.6,1000,0.2,1400,0.2,0
8,2,390,1,0,500,0.6,1000,0.2,1400,0.2,0
8,3,947,1,0,500,0.6,1000,0.2,1400,0.2,0
8,4,737,1,0,500,0.6,1000,0.2,1400,0.2,1
8,5,753,0,0,500,0.6,1000,0.2,1400,0.2,1
8,6,585,1,0,500,0.6,1000,0.2,1400,0.2,0
8,7,380,2,10,5,0,500,0.6,1000,0.2,1400,0.2,0
8,8,923,0,0,500,0.6,1000,0.2,1400,0.2,0
8,9,855,0,0,500,0.6,1000,0.2,1400,0.2,2
8,10,809,1,0,300,0.5,1700,0.5,2
8,11,154,0,0,300,0.5,1700,0.5,0
8,12,561,1,0,300,0.5,1700,0.5,2
8,13,267,1,0,300,0.5,1700,0.5,2
8,14,316,1,0,300,0.5,1700,0.5,0
9,0,960,1,0,300,0.5,1700,0.5,2
9,1,824,2,10,5,0,500,0.6,1000,0.2,1400,0.2,2
9,2,723,1,0,300,0.5,1700,0.5,1
9,3,772,2,10,5,0,500,0.6,1000,0.2,1400,0.2,2
9,4,446,1,0,300,0.5,1700,0.5,1
9,5,586,2,10,5,0,500,0.6,1000,0.2,1400,0.2,1
9,6,785,2,10,5,0,500,0.6,1000,0.2,1400,0.2,0
9,7,366,1,0,300,0.5,1700,0.5,1
9,8,67,0,0,300,0.5,1700,0.5,2
9,9,797,0,0,300,0.5,1700,0.5,0
9,10,214,0,0,500,0.6,1000,0.2,1400,0.2,2
9,11,854,1,0,500,0.6,1000,0.2,1400,0.2,2
9,12,613,2,10,5,0,300,0.5,1700,0.5,1
9,13,659,2,10,5,0,300,0.5,1700,0.5,2
9,14,972,0,0,500,0.6,1000,0.2,1400,0.2,0
10,0,848,0,0,300,0.5,1700,0.5,1
10,1,90,0,0,500,0.6,1000,0.2,1400,0.2,1
10,2,534,2,10,5,0,500,0.6,1000,0.2,1400,0.2,2
10,3,888,2,10,5,0,500,0.6,1000,0.2,1400,0.2,2
10,4,278,2,10,5,0,300,0.5,1700,0.5,0
10,5,898,1,0,500,0.6,1000,0.2,1400,0.2,0
10,6,763,1,0,500,0.6,1000,0.2,1400,0.2,1
10,7,759,1,0,500,0.6,1000,0.2,1400,0.2,0
10,8,729,2,10,5,0,300,0.5,1700,0.5,2
10,9,926,0,0,300,0.5,1700,0.5,1
10,10,13,0,0,300,0.5,1700,0.5,2
10,11,627,0,0,500,0.6,1000,0.2,1400,0.2,0
10,12,403,2,10,5,0,500,0.6,1000,0.2,1400,0.2,2
10,13,614,0,0,500,0.6,1000,0.2,1400,0.2,1
10,14,11,0,0,500,0.6,1000,0.2,1400,0.2,1
11,0,953,1,0,300,0.5,1700,0.5,1
11,1,508,2,10,5,0,500,0.6,1000,0.2,1400,0.2,0
11,2,642,0,0,300,0.5,1700,0.5,2
11,3,255,1,0,300,0.5,1700,0.5,2
11,4,535,1,0,300,0.5,1700,0.5,0
11,5,395,2,10,5,0,300,0.5,1700,0.5,1
11,6,994,1,0,500,0.6,1000,0.2,1400,0.2,1
11,7,199,0,0,300,0.5,1700,0.5,0
11,8,631,1,0,500,0.6,1000,0.2,1400,0.2,2
11,9,996,1,0,500,0.6,1000,0.2,1400,0.2,0
11,10,759,0,0,500,0.6,1000,0.2,1400,0.2,2
11,11,855,0,0,500,0.6,1000,0.2,1400,0.2,2
11,12,75,1,0,500,0.6,1000,0.2,1400,0.2,1
11,13,316,2,10,5,0,500,0.6,1000,0.2,1400,0.2,2
11,14,382,2,10,5,0,300,0.5,1700,0.5,1
12,0,895,2,10,5,0,300,0.5,1700,0.5,0
12,1,870,2,10,5,0,500,0.6,1000,0.2,1400,0.2,2
12,2,522,0,0,300,0.5,1700,0.5,2
12,3,128,1,0,500,0.6,1000,0.2,1400,0.2,2
12,4,450,0,0,300,0.5,1700,0.5,0
12,5,435,2,10,5,0,300,0.5,1700,0.5,2
12,6,622,1,0,300,0.5,1700,0.5,1
12,7,33,0,0,500,0.6,1000,0.2,1400,0.2,0
12,8,152,1,0,300,0.5,1700,0.5,2
12,9,160,2,10,5,0,300,0.5,1700,0.5,1
12,10,241,2,10,5,0,300,0.5,1700,0.5,2
12,11,735,0,0,300,0.5,1700,0.5,2
12,12,959,2,10,5,0,300,0.5,1700,0.5,2
12,13,270,0,0,300,0.5,1700,0.5,0
12,14,473,0,0,300,0.5,1700,0.5,0
13,0,292,2,10,5,0,500,0.6,1000,0.2,1400,0.2,1
13,1,137,2,10,5,0,500,0.6,1000,0.2,1400,0.2,2
13,2,978,2,10,5,0,300,0.5,1700,0.5,1
13,3,509,0,0,500,0.6,1000,0.2,1400,0.2,2
13,4,622,1,0,300,0.5,1700,0.5,2
13,5,77,2,10,5,0,500,0.6,1000,0.2,1400,0.2,2
13,6,344,0,0,300,0.5,1700,0.5,1
13,7,629,0,0,500,0.6,1000,0.2,1400,0.2,2
13,8,572,0,0,300,0.5,1700,0.5,0
13,9,777,0,0,300,0.5,1700,0.5,0
13,10,256,0,0,500,0.6,1000,0.2,1400,0.2,0
13,11,704,1,0,300,0.5,1700,0.5,0
13,12,19,0,0,300,0.5,1700,0.5,2
13,13,979,0,0,300,0.5,1700,0.5,0
13,14,205,2,10,5,0,300,0.5,1700,0.5,1
14,0,623,0,0,300,0.5,1700,0.5,1
14,1,819,1,0,500,0.6,1000,0.2,1400,0.2,2
14,2,850,0,0,300,0.5,1700,0.5,2
14,3,650,2,10,5,0,500,0.6,1000,0.2,1400,0.2,0
14,4,402,0,0,500,0.6,1000,0.2,1400,0.2,2
14,5,110,0,0,500,0.6,1000,0.2,1400,0.2,0
14,6,937,0,0,500,0.6,1000,0.2,1400,0.2,1
14,7,212,2,10,5,0,300,0.5,1700,0.5,0
14,8,553,1,0,300,0.5,1700,0.5,0
14,9,414,0,0,300,0.5,1700,0.5,2
14,10,97,1,0,300,0.5,1700,0.5,2
14,11,421,2,10,5,0,500,0.6,1000,0.2,1400,0.2,0
14,12,104,1,0,300,0.5,1700,0.5,2
14,13,348,0,0,300,0.5,1700,0.5,1
14,14,441,2,10,5,0,500,0.6,1000,0.2,1400,0.2,0
