0,0,792,0,0,300,0.5,1700,0.5,2
0,1,227,0,0,300,0.5,1700,0.5,2
0,2,192,0,0,300,0.5,1700,0.5,2
0,3,433,1,0,500,0.6,1000,0.2,1400,0.2,1
0,4,567,0,0,500,0.6,1000,0.2,1400,0.2,1
0,5,525,0,0,300,0.5,1700,0.5,0
0,6,400,0,0,500,0.6,1000,0.2,1400,0.2,2
0,7,265,0,0,300,0.5,1700,0.5,2
0,8,194,1,0,500,0.6,1000,0.2,1400,0.2,1
0,9,572,0,0,300,0.5,1700,0.5,1
0,10,880,0,0,500,0.6,1000,0.2,1400,0.2,2
0,11,509,1,0,500,0.6,1000,0.2,1400,0.2,1
0,12,703,0,0,300,0.5,1700,0.5,2
0,13,451,2,10,5,0,300,0.5,1700,0.5,0
0,14,522,2,10,5,0,500,0.6,1000,0.2,1400,0.2,1
1,0,495,0,0,300,0.5,1700,0.5,1
1,1,103,2,10,5,0,300,0.5,1700,0.5,0
1,2,820,0,0,500,0.6,1000,0.2,1400,0.2,1
1,3,517,1,0,300,0.5,1700,0.5,2
1,4,648,2,10,5,0,300,0.5,1700,0.5,1
1,5,335,0,0,500,0.6,1000,0.2,1400,0.2,0
1,6,609,1,0,300,0.5,1700,0.5,1
1,7,894,0,0,500,0.6,1000,0.2,1400,0.2,1
1,8,988,2,10,5,0,500,0.6,1000,0.2,1400,0.2,1
1,9,447,2,10,5,0,300,0.5,1700,0.5,1
1,10,615,0,0,300,0.5,1700,0.5,1
1,11,840,2,10,5,0,500,0.6,1000,0.2,1400,0.2,2
1,12,247,2,10,5,0,300,0.5,1700,0.5,2
1,13,767,1,0,300,0.5,1700,0.5,1
1,14,51,1,0,500,0.6,1000,0.2,1400,0.2,1
2,0,189,1,0,300,0.5,1700,0.5,2
2,1,213,1,0,300,0.5,1700,0.5,1
2,2,819,1,0,300,0.5,1700,0.5,0
2,3,826,2,10,5,0,300,0.5,1700,0.5,1
2,4,153,1,0,500,0.6,1000,0.2,1400,0.2,1
2,5,421,2,10,5,0,500,0.6,1000,0.2,1400,0.2,2
2,6,560,0,0,300,0.5,1700,0.5,2
2,7,502,0,0,500,0.6,1000,0.2,1400,0.2,2
2,8,507,2,10,5,0,300,0.5,1700,0.5,1
2,9,891,2,10,5,0,300,0.5,1700,0.5,2
2,10,180,2,10,5,0,300,0.5,1700,0.5,0
2,11,732,2,10,5,0,300,0.5,1700,0.5,0
2,12,534,2,10,5,0,300,0.5,1700,0.5,1
2,13,168,1,0,300,0.5,1700,0.5,1
2,14,192,2,10,5,0,500,0.6,1000,0.2,1400,0.2,1
3,0,201,0,0,300,0.5,1700,0.5,2
3,1,118,0,0,300,0.5,1700,0.5,1
3,2,24,0,0,500,0.6,1000,0.2,1400,0.2,0
3,3,975,1,0,500,0.6,1000,0.2,1400,0.2,2
3,4,748,2,10,5,0,500,0.6,1000,0.2,1400,0.2,0
3,5,250,1,0,300,0.5,1700,0.5,0
3,6,784,0,0,500,0.6,1000,0.2,1400,0.2,1
3,7,106,1,0,500,0.6,1000,0.2,1400,0.2,1
3,8,740,2,10,5,0,300,0.5,1700,0.5,2
3,9,737,0,0,300,0.5,1700,0.5,1
3,10,43,0,0,500,0.6,1000,0.2,1400,0.2,1
3,11,174,0,0,500,0.6,1000,0.2,1400,0.2,0
3,12,590,1,0,300,0.5,1700,0.5,2
3,13,102,2,10,5,0,300,0.5,1700,0.5,1
3,14,831,1,0,500,0.6,1000,0.2,1400,0.2,2
4,0,845,0,0,300,0.5,1700,0.5,1
4,1,870,0,0,300,0.5,1700,0.5,0
4,2,437,0,0,300,0.5,1700,0.5,0
4,3,818,2,10,5,0,500,0.6,1000,0.2,1400,0.2,1
4,4,767,0,0,300,0.5,1700,0.5,0
4,5,961,0,0,500,0.6,1000,0.2,1400,0.2,0
4,6,572,1,0,500,0.6,1000,0.2,1400,0.2,2
4,7,407,1,0,300,0.5,1700,0.5,1
4,8,470,2,10,5,0,300,0.5,1700,0.5,1
4,9,865,2,10,5,0,500,0.6,1000,0.2,1400,0.2,0
4,10,606,0,0,300,0.5,1700,0.5,0
4,11,726,1,0,500,0.6,1000,0.2,1400,0.2,0
4,12,323,2,10,5,0,500,0.6,1000,0.2,1400,0.2,1
4,13,883,0,0,300,0.5,1700,0.5,1
4,14,52,0,0,300,0.5,1700,0.5,1
5,0,888,1,0,300,0.5,1700,0.5,2
5,1,524,0,0,300,0.5,1700,0.5,0
5,2,906,2,10,5,0,500,0.6,1000,0.2,1400,0.2,1
5,3,468,2,10,5,0,300,0.5,1700,0.5,1
5,4,431,2,10,5,0,500,0.6,1000,0.2,1400,0.2,2
5,5,262,0,0,500,0.6,1000,0.2,1400,0.2,0
5,6,798,1,0,500,0.6,1000,0.2,1400,0.2,0
5,7,634,2,10,5,0,500,0.6,1000,0.2,1400,0.2,2
5,8,229,2,10,5,0,300,0.5,1700,0.5,2
5,9,679,0,0,500,0.6,1000,0.2,1400,0.2,1
5,10,998,2,10,5,0,300,0.5,1700,0.5,1
5,11,636,1,0,500,0.6,1000,0.2,1400,0.2,2
5,12,503,2,10,5,0,300,0.5,1700,0.5,2
5,13,694,1,0,500,0.6,1000,0.2,1400,0.2,0
5,14,652,0,0,300,0.5,1700,0.5,0
6,0,228,1,0,300,0.5,1700,0.5,0
6,1,136,0,0,300,0.5,1700,0.5,1
6,2,596,1,0,300,0.5,1700,0.5,2
6,3,708,0,0,300,0.5,1700,0.5,0
6,4,137,0,0,500,0.6,1000,0.2,1400,0.2,1
6,5,922,2,10,5,0,300,0.5,1700,0.5,0
6,6,827,0,0,300,0.5,1700,0.5,2
6,7,90,1,0,500,0.6,1000,0.2,1400,0.2,2
6,8,126,1,0,300,0.5,1700,0.5,1
6,9,355,1,0,300,0.5,1700,0.5,0
6,10,126,0,0,500,0.6,1000,0.2,1400,0.2,1
6,11,438,2,10,5,0,300,0.5,1700,0.5,1
6,12,884,2,10,5,0,300,0.5,1700,0.5,2
6,13,842,1,0,500,0.6,1000,0.2,1400,0.2,1
6,14,612,1,0,300,0.5,1700,0.5,0
7,0,771,0,0,300,0.5,1700,0.5,0
7,1,515,2,10,5,0,500,0.6,1000,0.2,1400,0.2,1
7,2,51,0,0,300,0.5,1700,0.5,1
7,3,820,2,10,5,0,500,0.6,1000,0.2,1400,0.2,2
7,4,603,0,0,300,0.5,1700,0.5,2
7,5,283,1,0,300,0.5,1700,0.5,0
7,6,617,2,10,5,0,500,0.6,1000,0.2,1400,0.2,0
7,7,416,1,0,300,0.5,1700,0.5,1
7,8,253,0,0,500,0.6,1000,0.2,1400,0.2,2
7,9,890,2,10,5,0,300,0.5,1700,0.5,2
7,10,929,1,0,300,0.5,1700,0.5,0
7,11,470,0,0,500,0.6,1000,0.2,1400,0.2,2
7,12,653,1,0,300,0.5,1700,0.5,0
7,13,316,1,0,500,0.6,1000,0.2,1400,0.2,0
7,14,739,1,0,500,0.6,1000,0.2,1400,0.2,1
8,0,67,2,10,5,0,500,0.6,1000,0.2,1400,0.2,0
8,1,409,0,0,500,0.6,1000,0.2,1400,0.2,0
8,2,467,0,0,300,0.5,1700,0.5,0
8,3,337,0,0,300,0.5,1700,0.5,1
8,4,197,2,10,5,0,300,0.5,1700,0.5,0
8,5,236,2,10,5,0,300,0.5,1700,0.5,2
8,6,305,2,10,5,0,500,0.6,1000,0.2,1400,0.2,2
8,7,426,0,0,300,0.5,1700,0.5,1
8,8,464,2,10,5,0,500,0.6,1000,0.2,1400,0.2,1
8,9,876,0,0,500,0.6,1000,0.2,1400,0.2,1
8,10,643,0,0,500,0.6,1000,0.2,1400,0.2,2
8,11,832,2,10,5,0,500,0.6,1000,0.2,1400,0.2,0
8,12,82,0,0,300,0.5,1700,0.5,0
8,13,251,2,10,5,0,300,0.5,1700,0.5,2
8,14,712,2,10,5,0,300,0.5,1700,0.5,0
9,0,407,1,0,500,0.6,1000,0.2,1400,0.2,1
9,1,833,1,0,300,0.5,1700,0.5,0
9,2,272,1,0,300,0.5,1700,0.5,1
9,3,473,2,10,5,0,300,0.5,1700,0.5,0
9,4,754,2,10,5,0,500,0.6,1000,0.2,1400,0.2,0
9,5,14,1,0,300,0.5,1700,0.5,1
9,6,643,0,0,500,0.6,1000,0.2,1400,0.2,0
9,7,412,1,0,500,0.6,1000,0.2,1400,0.2,2
9,8,306,2,10,5,0,500,0.6,1000,0.2,1400,0.2,2
9,9,943,2,10,5,0,500,0.6,1000,0.2,1400,0.2,0
9,10,777,1,0,500,0.6,1000,0.2,1400,0.2,0
9,11,782,0,0,500,0.6,1000,0.2,1400,0.2,0
9,12,864,0,0,500,0.6,1000,0.2,1400,0.2,0
9,13,429,1,0,500,0.6,1000,0.2,1400,0.2,1
9,14,507,0,0,500,0.6,1000,0.2,1400,0.2,2
10,0,307,0,0,300,0.5,1700,0.5,1
10,1,50,2,10,5,0,300,0.5,1700,0.5,1
10,2,708,2,10,5,0,500,0.6,1000,0.2,1400,0.2,2
10,3,82,2,10,5,0,500,0.6,1000,0.2,1400,0.2,2
10,4,125,2,10,5,0,300,0.5,1700,0.5,1
10,5,300,2,10,5,0,300,0.5,1700,0.5,1
10,6,515,2,10,5,0,500,0.6,1000,0.2,1400,0.2,1
10,7,68,1,0,500,0.6,1000,0.2,1400,0.2,0
10,8,979,0,0,500,0.6,1000,0.2,1400,0.2,2
10,9,661,0,0,300,0.5,1700,0.5,1
10,10,743,0,0,500,0.6,1000,0.2,1400,0.2,0
10,11,763,2,10,5,0,300,0.5,1700,0.5,1
10,12,528,2,10,5,0,500,0.6,1000,0.2,1400,0.2,0
10,13,20,0,0,300,0.5,1700,0.5,2
10,14,560,1,0,300,0.5,1700,0.5,2
11,0,35,1,0,300,0.5,1700,0.5,1
11,1,33,1,0,300,0.5,1700,0.5,0
11,2,344,2,10,5,0,500,0.6,1000,0.2,1400,0.2,0
11,3,712,1,0,500,0.6,1000,0.2,1400,0.2,2
11,4,769,0,0,500,0.6,1000,0.2,1400,0.2,0
11,5,685,1,0,300,0.5,1700,0.5,2
11,6,851,2,10,5,0,300,0.5,1700,0.5,0
11,7,937,1,0,300,0.5,1700,0.5,2
11,8,143,1,0,300,0.5,1700,0.5,1
11,9,490,1,0,500,0.6,1000,0.2,1400,0.2,0
11,10,873,0,0,300,0.5,1700,0.5,2
11,11,937,1,0,300,0.5,1700,0.5,0
11,12,494,1,0,500,0.6,1000,0.2,1400,0.2,1
11,13,514,1,0,300,0.5,1700,0.5,1
11,14,719,0,0,300,0.5,1700,0.5,1
12,0,860,1,0,500,0.6,1000,0.2,1400,0.2,1
12,1,78,1,0,300,0.5,1700,0.5,0
12,2,138,2,10,5,0,300,0.5,1700,0.5,1
12,3,598,1,0,500,0.6,1000,0.2,1400,0.2,2
12,4,836,1,0,500,0.6,1000,0.2,1400,0.2,1
12,5,86,2,10,5,0,300,0.5,1700,0.5,2
12,6,35,0,0,500,0.6,1000,0.2,1400,0.2,2
12,7,887,2,10,5,0,500,0.6,1000,0.2,1400,0.2,0
12,8,141,0,0,500,0.6,1000,0.2,1400,0.2,1
12,9,597,1,0,300,0.5,1700,0.5,0
12,10,388,1,0,300,0.5,1700,0.5,0
12,11,559,0,0,300,0.5,1700,0.5,0
12,12,265,1,0,500,0.6,1000,0.2,1400,0.2,1
12,13,745,2,10,5,0,500,0.6,1000,0.2,1400,0.2,0
12,14,862,0,0,300,0.5,1700,0.5,2
13,0,735,2,10,5,0,300,0.5,1700,0.5,0
13,1,937,0,0,300,0.5,1700,0.5,2
13,2,90,0,0,500,0.6,1000,0.2,1400,0.2,2
13,3,994,2,10,5,0,300,0.5,1700,0.5,2
13,4,264,1,0,300,0.5,1700,0.5,1
13,5,910,2,10,5,0,300,0.5,1700,0.5,1
13,6,518,1,0,300,0.5,1700,0.5,2
13,7,216,0,0,500,0.6,1000,0.2,1400,0.2,0
13,8,577,1,0,500,0.6,1000,0.2,1400,0.2,2
13,9,405,2,10,5,0,300,0.5,1700,0.5,1
13,10,115,0,0,500,0.6,1000,0.2,1400,0.2,0
13,11,972,2,10,5,0,300,0.5,1700,0.5,0
13,12,105,1,0,500,0.6,1000,0.2,1400,0.2,1
13,13,635,2,10,5,0,300,0.5,1700,0.5,2
13,14,115,2,10,5,0,500,0.6,1000,0.2,1400,0.2,1
14,0,734,1,0,300,0.5,1700,0.5,2
14,1,948,2,10,5,0,300,0.5,1700,0.5,0
14,2,439,1,0,300,0.5,1700,0.5,0
14,3,547,0,0,300,0.5,1700,0.5,2
14,4,928,1,0,500,0.6,1000,0.2,1400,0.2,1
14,5,752,2,10,5,0,500,0.6,1000,0.2,1400,0.2,0
14,6,120,1,0,300,0.5,1700,0.5,1
14,7,556,0,0,500,0.6,1000,0.2,1400,0.2,0
14,8,35,0,0,300,0.5,1700,0.5,1
14,9,46,1,0,300,0.5,1700,0.5,1
14,10,667,2,10,5,0,500,0.6,1000,0.2,1400,0.2,0
14,11,415,2,10,5,0,300,0.5,1700,0.5,2
14,12,891,0,0,300,0.5,1700,0.5,2
14,13,772,0,0,500,0.6,1000,0.2,1400,0.2,0
14,14,622,0,0,500,0.6,1000,0.2,1400,0.2,0
