0,0,920,1,0,300,0.5,1700,0.5,0
0,1,85,2,10,5,0,500,0.6,1000,0.2,1400,0.2,2
0,2,354,1,0,500,0.6,1000,0.2,1400,0.2,0
0,3,747,0,0,500,0.6,1000,0.2,1400,0.2,2
0,4,916,0,0,500,0.6,1000,0.2,1400,0.2,2
0,5,498,1,0,500,0.6,1000,0.2,1400,0.2,2
0,6,950,2,10,5,0,300,0.5,1700,0.5,1
0,7,431,0,0,300,0.5,1700,0.5,0
0,8,127,1,0,300,0.5,1700,0.5,0
0,9,412,2,10,5,0,300,0.5,1700,0.5,1
0,10,37,1,0,500,0.6,1000,0.2,1400,0.2,2
0,11,911,0,0,500,0.6,1000,0.2,1400,0.2,2
0,12,459,2,10,5,0,500,0.6,1000,0.2,1400,0.2,2
0,13,131,2,10,5,0,300,0.5,1700,0.5,1
0,14,830,2,10,5,0,500,0.6,1000,0.2,1400,0.2,0
1,0,87,2,10,5,0,500,0.6,1000,0.2,1400,0.2,0
1,1,276,0,0,500,0.6,1000,0.2,1400,0.2,0
1,2,708,1,0,500,0.6,1000,0.2,1400,0.2,1
1,3,765,1,0,500,0.6,1000,0.2,1400,0.2,0
1,4,648,0,0,500,0.6,1000,0.2,1400,0.2,0
1,5,876,1,0,500,0.6,1000,0.2,1400,0.2,2
1,6,925,0,0,500,0.6,1000,0.2,1400,0.2,1
1,7,966,1,0,300,0.5,1700,0.5,1
1,8,600,2,10,5,0,500,0.6,1000,0.2,1400,0.2,0
1,9,203,0,0,500,0.6,1000,0.2,1400,0.2,2
1,10,169,1,0,500,0.6,1000,0.2,1400,0.2,1
1,11,485,0,0,500,0.6,1000,0.2,1400,0.2,0
1,12,69,1,0,300,0.5,1700,0.5,2
1,13,178,1,0,300,0.5,1700,0.5,2
1,14,58,2,10,5,0,300,0.5,1700,0.5,1
2,0,399,1,0,300,0.5,1700,0.5,1
2,1,138,0,0,300,0.5,1700,0.5,0
2,2,239,2,10,5,0,500,0.6,1000,0.2,1400,0.2,0
2,3,806,1,0,300,0.5,1700,0.5,2
2,4,643,2,10,5,0,300,0.5,1700,0.5,0
2,5,597,2,10,5,0,500,0.6,1000,0.2,1400,0.2,1
2,6,686,2,10,5,0,500,0.6,1000,0.2,1400,0.2,1
2,7,851,0,0,500,0.6,1000,0.2,1400,0.2,2
2,8,331,2,10,5,0,300,0.5,1700,0.5,0
2,9,529,0,0,500,0.6,1000,0.2,1400,0.2,1
2,10,734,2,10,5,0,300,0.5,1700,0.5,1
2,11,809,0,0,500,0.6,1000,0.2,1400,0.2,1
2,12,178,1,0,300,0.5,1700,0.5,0
2,13,176,0,0,300,0.5,1700,0.5,1
2,14,593,0,0,500,0.6,1000,0.2,1400,0.2,0
3,0,528,0,0,300,0.5,1700,0.5,1
3,1,513,0,0,500,0.6,1000,0.2,1400,0.2,2
3,2,36,0,0,300,0.5,1700,0.5,0
3,3,472,0,0,300,0.5,1700,0.5,2
3,4,607,2,10,5,0,300,0.5,1700,0.5,1
3,5,542,2,10,5,0,300,0.5,1700,0.5,2
3,6,37,0,0,500,0.6,1000,0.2,1400,0.2,2
3,7,474,2,10,5,0,500,0.6,1000,0.2,1400,0.2,1
3,8,222,0,0,300,0.5,1700,0.5,1
3,9,198,1,0,500,0.6,1000,0.2,1400,0.2,2
3,10,908,2,10,5,0,500,0.6,1000,0.2,1400,0.2,1
3,11,905,1,0,300,0.5,1700,0.5,2
3,12,750,2,10,5,0,300,0.5,1700,0.5,1
3,13,643,0,0,500,0.6,1000,0.2,1400,0.2,2
3,14,111,0,0,500,0.6,1000,0.2,1400,0.2,0
4,0,373,2,10,5,0,300,0.5,1700,0.5,1
4,1,395,0,0,300,0.5,1700,0.5,2
4,2,537,2,10,5,0,300,0.5,1700,0.5,1
4,3,163,2,10,5,0,500,0.6,1000,0.2,1400,0.2,2
4,4,240,0,0,500,0.6,1000,0.2,1400,0.2,2
4,5,796,2,10,5,0,500,0.6,1000,0.2,1400,0.2,0
4,6,877,1,0,500,0.6,1000,0.2,1400,0.2,1
4,7,985,0,0,500,0.6,1000,0.2,1400,0.2,2
4,8,842,2,10,5,0,500,0.6,1000,0.2,1400,0.2,0
4,9,702,0,0,300,0.5,1700,0.5,0
4,10,258,0,0,300,0.5,1700,0.5,1
4,11,192,1,0,300,0.5,1700,0.5,1
4,12,877,0,0,500,0.6,1000,0.2,1400,0.2,2
4,13,887,1,0,300,0.5,1700,0.5,1
4,14,775,0,0,500,0.6,1000,0.2,1400,0.2,0
5,0,990,0,0,500,0.6,1000,0.2,1400,0.2,0
5,1,694,2,10,5,0,300,0.5,1700,0.5,1
5,2,467,0,0,300,0.5,1700,0.5,2
5,3,866,1,0,500,0.6,1000,0.2,1400,0.2,2
5,4,190,0,0,500,0.6,1000,0.2,1400,0.2,0
5,5,675,0,0,500,0.6,1000,0.2,1400,0.2,0
5,6,846,1,0,500,0.6,1000,0.2,1400,0.2,1
5,7,661,0,0,500,0.6,1000,0.2,1400,0.2,0
5,8,367,0,0,500,0.6,1000,0.2,1400,0.2,2
5,9,704,2,10,5,0,300,0.5,1700,0.5,2
5,10,218,2,10,5,0,300,0.5,1700,0.5,1
5,11,66,1,0,500,0.6,1000,0.2,1400,0.2,2
5,12,407,0,0,300,0.5,1700,0.5,2
5,13,574,0,0,300,0.5,1700,0.5,2
5,14,326,1,0,300,0.5,1700,0.5,0
6,0,694,0,0,300,0.5,1700,0.5,0
6,1,693,1,0,500,0.6,1000,0.2,1400,0.2,0
6,2,21,2,10,5,0,300,0.5,1700,0.5,2
6,3,590,1,0,500,0.6,1000,0.2,1400,0.2,2
6,4,652,0,0,500,0.6,1000,0.2,1400,0.2,1
6,5,831,1,0,500,0.6,1000,0.2,1400,0.2,2
6,6,217,1,0,500,0.6,1000,0.2,1400,0.2,1
6,7,295,1,0,300,0.5,1700,0.5,0
6,8,605,2,10,5,0,300,0.5,1700,0.5,1
6,9,340,1,0,500,0.6,1000,0.2,1400,0.2,2
6,10,228,0,0,500,0.6,1000,0.2,1400,0.2,2
6,11,168,2,10,5,0,500,0.6,1000,0.2,1400,0.2,0
6,12,472,1,0,500,0.6,1000,0.2,1400,0.2,1
6,13,23,2,10,5,0,500,0.6,1000,0.2,1400,0.2,0
6,14,865,0,0,500,0.6,1000,0.2,1400,0.2,2
7,0,970,2,10,5,0,500,0.6,1000,0.2,1400,0.2,0
7,1,854,0,0,300,0.5,1700,0.5,2
7,2,971,1,0,500,0.6,1000,0.2,1400,0.2,2
7,3,275,1,0,500,0.6,1000,0.2,1400,0.2,1
7,4,645,2,10,5,0,300,0.5,1700,0.5,0
7,5,737,2,10,5,0,500,0.6,1000,0.2,1400,0.2,0
7,6,14,0,0,300,0.5,1700,0.5,0
7,7,334,0,0,500,0.6,1000,0.2,1400,0.2,0
7,8,32,0,0,500,0.6,1000,0.2,1400,0.2,2
7,9,722,1,0,300,0.5,1700,0.5,2
7,10,389,0,0,300,0.5,1700,0.5,0
7,11,869,1,0,500,0.6,1000,0.2,1400,0.2,1
7,12,634,1,0,300,0.5,1700,0.5,2
7,13,966,2,10,5,0,300,0.5,1700,0.5,0
7,14,19,1,0,300,0.5,1700,0.5,2
8,0,735,0,0,500,0.6,1000,0.2,1400,0.2,2
8,1,502,0,0,500,0.6,1000,0.2,1400,0.2,2
8,2,837,2,10,5,0,500,0.6,1000,0.2,1400,0.2,0
8,3,121,0,0,500,0.6,1000,0.2,1400,0.2,2
8,4,353,0,0,300,0.5,1700,0.5,2
8,5,996,1,0,500,0.6,1000,0.2,1400,0.2,1
8,6,626,0,0,300,0.5,1700,0.5,0
8,7,617,2,10,5,0,500,0.6,1000,0.2,1400,0.2,2
8,8,493,2,10,5,0,300,0.5,1700,0.5,2
8,9,29,1,0,300,0.5,1700,0.5,2
8,10,581,2,10,5,0,500,0.6,1000,0.2,1400,0.2,2
8,11,293,1,0,300,0.5,1700,0.5,0
8,12,700,2,10,5,0,300,0.5,1700,0.5,2
8,13,190,1,0,500,0.6,1000,0.2,1400,0.2,2
8,14,724,2,10,5,0,500,0.6,1000,0.2,1400,0.2,2
9,0,30,1,0,300,0.5,1700,0.5,0
9,1,270,1,0,300,0.5,1700,0.5,1
9,2,371,0,0,300,0.5,1700,0.5,1
9,3,82,2,10,5,0,300,0.5,1700,0.5,2
9,4,234,1,0,300,0.5,1700,0.5,2
9,5,63,2,10,5,0,300,0.5,1700,0.5,2
9,6,964,1,0,300,0.5,1700,0.5,0
9,7,538,0,0,300,0.5,1700,0.5,1
9,8,911,1,0,300,0.5,1700,0.5,0
9,9,953,0,0,500,0.6,1000,0.2,1400,0.2,0
9,10,791,0,0,500,0.6,1000,0.2,1400,0.2,2
9,11,391,0,0,300,0.5,1700,0.5,1
9,12,337,0,0,300,0.5,1700,0.5,2
9,13,468,2,10,5,0,300,0.5,1700,0.5,2
9,14,96,1,0,500,0.6,1000,0.2,1400,0.2,2
10,0,339,0,0,300,0.5,1700,0.5,1
10,1,472,0,0,500,0.6,1000,0.2,1400,0.2,2
10,2,701,0,0,300,0.5,1700,0.5,1
10,3,177,0,0,500,0.6,1000,0.2,1400,0.2,0
10,4,206,2,10,5,0,500,0.6,1000,0.2,1400,0.2,1
10,5,473,2,10,5,0,300,0.5,1700,0.5,0
10,6,850,1,0,300,0.5,1700,0.5,2
10,7,173,1,0,300,0.5,1700,0.5,2
10,8,790,0,0,300,0.5,1700,0.5,2
10,9,856,1,0,300,0.5,1700,0.5,0
10,10,769,1,0,500,0.6,1000,0.2,1400,0.2,2
10,11,386,0,0,300,0.5,1700,0.5,1
10,12,535,1,0,500,0.6,1000,0.2,1400,0.2,2
10,13,495,2,10,5,0,300,0.5,1700,0.5,2
10,14,770,1,0,500,0.6,1000,0.2,1400,0.2,2
11,0,976,2,10,5,0,300,0.5,1700,0.5,1
11,1,527,1,0,300,0.5,1700,0.5,1
11,2,850,2,10,5,0,500,0.6,1000,0.2,1400,0.2,2
11,3,993,1,0,300,0.5,1700,0.5,0
11,4,440,2,10,5,0,500,0.6,1000,0.2,1400,0.2,0
11,5,994,2,10,5,0,300,0.5,1700,0.5,1
11,6,403,2,10,5,0,300,0.5,1700,0.5,0
11,7,455,1,0,500,0.6,1000,0.2,1400,0.2,1
11,8,84,2,10,5,0,500,0.6,1000,0.2,1400,0.2,1
11,9,416,1,0,300,0.5,1700,0.5,2
11,10,405,1,0,500,0.6,1000,0.2,1400,0.2,0
11,11,811,0,0,300,0.5,1700,0.5,0
11,12,407,2,10,5,0,500,0.6,1000,0.2,1400,0.2,2
11,13,953,0,0,300,0.5,1700,0.5,0
11,14,28,1,0,300,0.5,1700,0.5,1
12,0,797,2,10,5,0,300,0.5,1700,0.5,1
12,1,65,0,0,500,0.6,1000,0.2,1400,0.2,0
12,2,184,0,0,300,0.5,1700,0.5,1
12,3,350,2,10,5,0,500,0.6,1000,0.2,1400,0.2,0
12,4,96,1,0,300,0.5,1700,0.5,1
12,5,81,1,0,300,0.5,1700,0.5,0
12,6,428,0,0,300,0.5,1700,0.5,1
12,7,485,2,10,5,0,300,0.5,1700,0.5,2
12,8,863,2,10,5,0,300,0.5,1700,0.5,2
12,9,162,2,10,5,0,500,0.6,1000,0.2,1400,0.2,0
12,10,595,0,0,300,0.5,1700,0.5,0
12,11,586,0,0,300,0.5,1700,0.5,0
12,12,239,1,0,300,0.5,1700,0.5,1
12,13,639,1,0,300,0.5,1700,0.5,2
12,14,207,1,0,300,0.5,1700,0.5,1
13,0,716,0,0,500,0.6,1000,0.2,1400,0.2,0
13,1,950,0,0,300,0.5,1700,0.5,0
13,2,577,1,0,500,0.6,1000,0.2,1400,0.2,1
13,3,121,0,0,300,0.5,1700,0.5,0
13,4,187,2,10,5,0,300,0.5,1700,0.5,0
13,5,297,1,0,500,0.6,1000,0.2,1400,0.2,1
13,6,321,2,10,5,0,500,0.6,1000,0.2,1400,0.2,0
13,7,288,2,10,5,0,500,0.6,1000,0.2,1400,0.2,2
13,8,832,2,10,5,0,500,0.6,1000,0.2,1400,0.2,2
13,9,933,2,10,5,0,500,0.6,1000,0.2,1400,0.2,1
13,10,503,2,10,5,0,300,0.5,1700,0.5,0
13,11,634,0,0,500,0.6,1000,0.2,1400,0.2,2
13,12,255,2,10,5,0,500,0.6,1000,0.2,1400,0.2,0
13,13,538,1,0,300,0.5,1700,0.5,2
13,14,120,1,0,300,0.5,1700,0.5,0
14,0,372,2,10,5,0,500,0.6,1000,0.2,1400,0.2,1
14,1,684,2,10,5,0,300,0.5,1700,0.5,0
14,2,320,2,10,5,0,300,0.5,1700,0.5,0
14,3,700,2,10,5,0,300,0.5,1700,0.5,2
14,4,741,0,0,300,0.5,1700,0.5,1
14,5,662,2,10,5,0,500,0.6,1000,0.2,1400,0.2,1
14,6,711,0,0,300,0.5,1700,0.5,1
14,7,590,2,10,5,0,300,0.5,1700,0.5,0
14,8,700,2,10,5,0,300,0.5,1700,0.5,0
14,9,746,2,10,5,0,300,0.5,1700,0.5,1
14,10,685,0,0,500,0.6,1000,0.2,1400,0.2,1
14,11,349,2,10,5,0,500,0.6,1000,0.2,1400,0.2,2
14,12,176,1,0,500,0.6,1000,0.2,1400,0.2,0
14,13,773,2,10,5,0,500,0.6,1000,0.2,1400,0.2,1
14,14,934,2,10,5,0,300,0.5,1700,0.5,1
