0,0,29,0,0,500,0.6,1000,0.2,1400,0.2,2
0,1,575,1,0,500,0.6,1000,0.2,1400,0.2,2
0,2,515,2,10,5,0,300,0.5,1700,0.5,0
0,3,339,2,10,5,0,300,0.5,1700,0.5,1
0,4,882,1,0,300,0.5,1700,0.5,1
0,5,50,2,10,5,0,500,0.6,1000,0.2,1400,0.2,2
0,6,849,2,10,5,0,300,0.5,1700,0.5,2
0,7,395,0,0,300,0.5,1700,0.5,2
0,8,583,0,0,300,0.5,1700,0.5,2
0,9,298,1,0,300,0.5,1700,0.5,0
0,10,874,1,0,300,0.5,1700,0.5,0
0,11,544,0,0,500,0.6,1000,0.2,1400,0.2,2
0,12,628,2,10,5,0,500,0.6,1000,0.2,1400,0.2,2
0,13,912,1,0,300,0.5,1700,0.5,2
0,14,975,1,0,300,0.5,1700,0.5,2
1,0,788,0,0,300,0.5,1700,0.5,0
1,1,932,2,10,5,0,300,0.5,1700,0.5,1
1,2,92,2,10,5,0,500,0.6,1000,0.2,1400,0.2,1
1,3,335,1,0,500,0.6,1000,0.2,1400,0.2,0
1,4,809,2,10,5,0,300,0.5,1700,0.5,0
1,5,293,1,0,500,0.6,1000,0.2,1400,0.2,1
1,6,412,1,0,300,0.5,1700,0.5,0
1,7,368,1,0,300,0.5,1700,0.5,0
1,8,461,1,0,500,0.6,1000,0.2,1400,0.2,0
1,9,371,1,0,500,0.6,1000,0.2,1400,0.2,0
1,10,163,2,10,5,0,300,0.5,1700,0.5,2
1,11,873,0,0,500,0.6,1000,0.2,1400,0.2,0
1,12,114,0,0,300,0.5,1700,0.5,2
1,13,571,0,0,300,0.5,1700,0.5,1
1,14,711,2,10,5,0,500,0.6,1000,0.2,1400,0.2,0
2,0,415,1,0,300,0.5,1700,0.5,2
2,1,150,0,0,300,0.5,1700,0.5,1
2,2,417,1,0,500,0.6,1000,0.2,1400,0.2,2
2,3,534,0,0,500,0.6,1000,0.2,1400,0.2,0
2,4,248,2,10,5,0,300,0.5,1700,0.5,0
2,5,845,2,10,5,0,300,0.5,1700,0.5,0
2,6,243,2,10,5,0,300,0.5,1700,0.5,2
2,7,536,2,10,5,0,500,0.6,1000,0.2,1400,0.2,2
2,8,952,2,10,5,0,500,0.6,1000,0.2,1400,0.2,2
2,9,91,2,10,5,0,500,0.6,1000,0.2,1400,0.2,0
2,10,504,0,0,500,0.6,1000,0.2,1400,0.2,0
2,11,636,1,0,500,0.6,1000,0.2,1400,0.2,0
2,12,993,0,0,500,0.6,1000,0.2,1400,0.2,1
2,13,912,2,10,5,0,300,0.5,1700,0.5,1
2,14,448,0,0,300,0.5,1700,0.5,0
3,0,491,0,0,300,0.5,1700,0.5,2
3,1,111,0,0,300,0.5,1700,0.5,0
3,2,130,2,10,5,0,300,0.5,1700,0.5,1
3,3,35,0,0,500,0.6,1000,0.2,1400,0.2,2
3,4,614,1,0,300,0.5,1700,0.5,0
3,5,278,1,0,300,0.5,1700,0.5,0
3,6,242,0,0,300,0.5,1700,0.5,0
3,7,211,0,0,500,0.6,1000,0.2,1400,0.2,0
3,8,388,2,10,5,0,500,0.6,1000,0.2,1400,0.2,2
3,9,529,1,0,500,0.6,1000,0.2,1400,0.2,2
3,10,21,0,0,500,0.6,1000,0.2,1400,0.2,0
3,11,488,0,0,300,0.5,1700,0.5,2
3,12,56,0,0,300,0.5,1700,0.5,2
3,13,558,2,10,5,0,500,0.6,1000,0.2,1400,0.2,1
3,14,65,0,0,300,0.5,1700,0.5,2
4,0,94,0,0,300,0.5,1700,0.5,0
4,1,157,0,0,500,0.6,1000,0.2,1400,0.2,2
4,2,21,2,10,5,0,300,0.5,1700,0.5,2
4,3,193,2,10,5,0,500,0.6,1000,0.2,1400,0.2,0
4,4,303,2,10,5,0,500,0.6,1000,0.2,1400,0.2,0
4,5,637,2,10,5,0,300,0.5,1700,0.5,0
4,6,140,0,0,300,0.5,1700,0.5,0
4,7,559,2,10,5,0,500,0.6,1000,0.2,1400,0.2,2
4,8,171,1,0,300,0.5,1700,0.5,1
4,9,792,0,0,300,0.5,1700,0.5,0
4,10,528,0,0,500,0.6,1000,0.2,1400,0.2,0
4,11,952,0,0,500,0.6,1000,0.2,1400,0.2,2
4,12,540,1,0,300,0.5,1700,0.5,0
4,13,432,0,0,500,0.6,1000,0.2,1400,0.2,2
4,14,445,1,0,300,0.5,1700,0.5,0
5,0,991,2,10,5,0,300,0.5,1700,0.5,1
5,1,831,2,10,5,0,300,0.5,1700,0.5,1
5,2,433,0,0,500,0.6,1000,0.2,1400,0.2,1
5,3,192,1,0,500,0.6,1000,0.2,1400,0.2,0
5,4,975,0,0,300,0.5,1700,0.5,2
5,5,652,2,10,5,0,300,0.5,1700,0.5,0
5,6,738,1,0,300,0.5,1700,0.5,0
5,7,878,1,0,500,0.6,1000,0.2,1400,0.2,0
5,8,744,1,0,300,0.5,1700,0.5,2
5,9,855,2,10,5,0,300,0.5,1700,0.5,1
5,10,341,2,10,5,0,500,0.6,1000,0.2,1400,0.2,0
5,11,545,0,0,500,0.6,1000,0.2,1400,0.2,2
5,12,69,1,0,500,0.6,1000,0.2,1400,0.2,2
5,13,450,0,0,300,0.5,1700,0.5,1
5,14,176,0,0,500,0.6,1000,0.2,1400,0.2,1
6,0,208,0,0,300,0.5,1700,0.5,0
6,1,568,0,0,500,0.6,1000,0.2,1400,0.2,0
6,2,750,1,0,500,0.6,1000,0.2,1400,0.2,0
6,3,624,2,10,5,0,500,0.6,1000,0.2,1400,0.2,0
6,4,327,2,10,5,0,300,0.5,1700,0.5,1
6,5,990,0,0,500,0.6,1000,0.2,1400,0.2,0
6,6,245,1,0,300,0.5,1700,0.5,2
6,7,879,1,0,500,0.6,1000,0.2,1400,0.2,0
6,8,206,1,0,300,0.5,1700,0.5,2
6,9,32,1,0,500,0.6,1000,0.2,1400,0.2,1
6,10,631,0,0,500,0.6,1000,0.2,1400,0.2,0
6,11,594,1,0,300,0.5,1700,0.5,2
6,12,912,2,10,5,0,300,0.5,1700,0.5,0
6,13,349,1,0,300,0.5,1700,0.5,2
6,14,835,0,0,500,0.6,1000,0.2,1400,0.2,0
7,0,93,0,0,300,0.5,1700,0.5,1
7,1,59,2,10,5,0,300,0.5,1700,0.5,2
7,2,74,2,10,5,0,300,0.5,1700,0.5,1
7,3,75,0,0,300,0.5,1700,0.5,2
7,4,942,0,0,300,0.5,1700,0.5,0
7,5,384,2,10,5,0,300,0.5,1700,0.5,2
7,6,470,2,10,5,0,300,0.5,1700,0.5,2
7,7,107,2,10,5,0,500,0.6,1000,0.2,1400,0.2,2
7,8,710,0,0,300,0.5,1700,0.5,0
7,9,572,0,0,300,0.5,1700,0.5,1
7,10,563,0,0,500,0.6,1000,0.2,1400,0.2,0
7,11,290,0,0,300,0.5,1700,0.5,1
7,12,327,2,10,5,0,500,0.6,1000,0.2,1400,0.2,0
7,13,337,1,0,300,0.5,1700,0.5,2
7,14,912,0,0,500,0.6,1000,0.2,1400,0.2,1
8,0,50,0,0,500,0.6,1000,0.2,1400,0.2,0
8,1,833,0,0,300,0.5,1700,0.5,0
8,2,843,0,0,300,0.5,1700,0.5,0
8,3,903,2,10,5,0,500,0.6,1000,0.2,1400,0.2,2
8,4,254,1,0,300,0.5,1700,0.5,0
8,5,199,0,0,500,0.6,1000,0.2,1400,0.2,0
8,6,373,1,0,500,0.6,1000,0.2,1400,0.2,0
8,7,515,2,10,5,0,500,0.6,1000,0.2,1400,0.2,0
8,8,136,2,10,5,0,300,0.5,1700,0.5,0
8,9,484,2,10,5,0,500,0.6,1000,0.2,1400,0.2,0
8,10,785,1,0,300,0.5,1700,0.5,2
8,11,678,0,0,300,0.5,1700,0.5,1
8,12,919,0,0,300,0.5,1700,0.5,1
8,13,789,0,0,300,0.5,1700,0.5,0
8,14,118,2,10,5,0,300,0.5,1700,0.5,1
9,0,740,0,0,500,0.6,1000,0.2,1400,0.2,0
9,1,267,1,0,500,0.6,1000,0.2,1400,0.2,0
9,2,145,0,0,500,0.6,1000,0.2,1400,0.2,0
9,3,970,2,10,5,0,500,0.6,1000,0.2,1400,0.2,2
9,4,604,2,10,5,0,500,0.6,1000,0.2,1400,0.2,2
9,5,53,1,0,500,0.6,1000,0.2,1400,0.2,2
9,6,12,0,0,500,0.6,1000,0.2,1400,0.2,2
9,7,817,2,10,5,0,300,0.5,1700,0.5,1
9,8,101,0,0,300,0.5,1700,0.5,0
9,9,909,0,0,300,0.5,1700,0.5,0
9,10,740,0,0,300,0.5,1700,0.5,2
9,11,355,0,0,300,0.5,1700,0.5,0
9,12,599,1,0,500,0.6,1000,0.2,1400,0.2,1
9,13,660,1,0,500,0.6,1000,0.2,1400,0.2,2
9,14,167,2,10,5,0,500,0.6,1000,0.2,1400,0.2,2
10,0,814,0,0,300,0.5,1700,0.5,1
10,1,177,1,0,300,0.5,1700,0.5,1
10,2,565,0,0,500,0.6,1000,0.2,1400,0.2,1
10,3,681,0,0,500,0.6,1000,0.2,1400,0.2,1
10,4,754,0,0,300,0.5,1700,0.5,2
10,5,256,2,10,5,0,500,0.6,1000,0.2,1400,0.2,2
10,6,124,2,10,5,0,500,0.6,1000,0.2,1400,0.2,1
10,7,601,2,10,5,0,300,0.5,1700,0.5,2
10,8,140,2,10,5,0,300,0.5,1700,0.5,1
10,9,490,0,0,500,0.6,1000,0.2,1400,0.2,1
10,10,448,0,0,300,0.5,1700,0.5,2
10,11,84,0,0,300,0.5,1700,0.5,0
10,12,714,2,10,5,0,300,0.5,1700,0.5,1
10,13,608,0,0,500,0.6,1000,0.2,1400,0.2,0
10,14,362,0,0,500,0.6,1000,0.2,1400,0.2,1
11,0,218,0,0,300,0.5,1700,0.5,2
11,1,130,0,0,300,0.5,1700,0.5,2
11,2,671,0,0,500,0.6,1000,0.2,1400,0.2,1
11,3,46,1,0,500,0.6,1000,0.2,1400,0.2,2
11,4,490,1,0,500,0.6,1000,0.2,1400,0.2,2
11,5,217,1,0,500,0.6,1000,0.2,1400,0.2,1
11,6,354,2,10,5,0,500,0.6,1000,0.2,1400,0.2,1
11,7,438,1,0,500,0.6,1000,0.2,1400,0.2,0
11,8,306,2,10,5,0,500,0.6,1000,0.2,1400,0.2,0
11,9,153,0,0,500,0.6,1000,0.2,1400,0.2,0
11,10,825,0,0,300,0.5,1700,0.5,0
11,11,338,1,0,300,0.5,1700,0.5,0
11,12,275,2,10,5,0,500,0.6,1000,0.2,1400,0.2,0
11,13,136,0,0,300,0.5,1700,0.5,2
11,14,457,0,0,500,0.6,1000,0.2,1400,0.2,0
12,0,671,2,10,5,0,500,0.6,1000,0.2,1400,0.2,1
12,1,249,0,0,300,0.5,1700,0.5,0
12,2,266,1,0,500,0.6,1000,0.2,1400,0.2,1
12,3,613,0,0,300,0.5,1700,0.5,1
12,4,330,2,10,5,0,500,0.6,1000,0.2,1400,0.2,1
12,5,420,0,0,300,0.5,1700,0.5,2
12,6,973,1,0,300,0.5,1700,0.5,2
12,7,321,0,0,500,0.6,1000,0.2,1400,0.2,0
12,8,210,1,0,500,0.6,1000,0.2,1400,0.2,1
12,9,666,2,10,5,0,300,0.5,1700,0.5,2
12,10,151,2,10,5,0,300,0.5,1700,0.5,0
12,11,385,1,0,500,0.6,1000,0.2,1400,0.2,0
12,12,324,2,10,5,0,500,0.6,1000,0.2,1400,0.2,2
12,13,903,1,0,500,0.6,1000,0.2,1400,0.2,2
12,14,104,2,10,5,0,500,0.6,1000,0.2,1400,0.2,1
13,0,774,1,0,300,0.5,1700,0.5,2
13,1,865,0,0,300,0.5,1700,0.5,1
13,2,646,0,0,300,0.5,1700,0.5,1
13,3,523,0,0,300,0.5,1700,0.5,1
13,4,315,0,0,300,0.5,1700,0.5,0
13,5,777,1,0,300,0.5,1700,0.5,1
13,6,229,1,0,300,0.5,1700,0.5,0
13,7,278,2,10,5,0,500,0.6,1000,0.2,1400,0.2,2
13,8,237,0,0,300,0.5,1700,0.5,1
13,9,312,1,0,500,0.6,1000,0.2,1400,0.2,2
13,10,329,0,0,300,0.5,1700,0.5,2
13,11,71,1,0,300,0.5,1700,0.5,2
13,12,433,0,0,300,0.5,1700,0.5,1
13,13,554,1,0,300,0.5,1700,0.5,1
13,14,113,2,10,5,0,500,0.6,1000,0.2,1400,0.2,0
14,0,425,0,0,500,0.6,1000,0.2,1400,0.2,2
14,1,207,2,10,5,0,500,0.6,1000,0.2,1400,0.2,0
14,2,832,1,0,500,0.6,1000,0.2,1400,0.2,2
14,3,637,0,0,500,0.6,1000,0.2,1400,0.2,0
14,4,423,0,0,300,0.5,1700,0.5,1
14,5,140,0,0,300,0.5,1700,0.5,2
14,6,339,2,10,5,0,500,0.6,1000,0.2,1400,0.2,0
14,7,91,1,0,500,0.6,1000,0.2,1400,0.2,2
14,8,80,2,10,5,0,500,0.6,1000,0.2,1400,0.2,1
14,9,972,2,10,5,0,300,0.5,1700,0.5,1
14,10,188,0,0,300,0.5,1700,0.5,2
14,11,195,1,0,500,0.6,1000,0.2,1400,0.2,0
14,12,45,1,0,300,0.5,1700,0.5,2
14,13,455,2,10,5,0,300,0.5,1700,0.5,1
14,14,461,1,0,500,0.6,1000,0.2,1400,0.2,2
