0,0,352,2,10,5,0,500,0.6,1000,0.2,1400,0.2,2
0,1,981,1,0,300,0.5,1700,0.5,0
0,2,490,0,0,300,0.5,1700,0.5,2
0,3,388,1,0,500,0.6,1000,0.2,1400,0.2,2
0,4,438,2,10,5,0,500,0.6,1000,0.2,1400,0.2,2
0,5,416,2,10,5,0,300,0.5,1700,0.5,1
0,6,517,2,10,5,0,500,0.6,1000,0.2,1400,0.2,2
0,7,452,1,0,300,0.5,1700,0.5,0
0,8,102,2,10,5,0,300,0.5,1700,0.5,0
0,9,238,1,0,300,0.5,1700,0.5,2
0,10,340,1,0,300,0.5,1700,0.5,1
0,11,131,2,10,5,0,500,0.6,1000,0.2,1400,0.2,1
0,12,611,0,0,500,0.6,1000,0.2,1400,0.2,1
0,13,803,2,10,5,0,300,0.5,1700,0.5,2
0,14,784,1,0,500,0.6,1000,0.2,1400,0.2,1
1,0,502,2,10,5,0,300,0.5,1700,0.5,1
1,1,88,0,0,300,0.5,1700,0.5,2
1,2,784,0,0,500,0.6,1000,0.2,1400,0.2,0
1,3,240,0,0,300,0.5,1700,0.5,1
1,4,269,0,0,500,0.6,1000,0.2,1400,0.2,1
1,5,19,1,0,500,0.6,1000,0.2,1400,0.2,2
1,6,407,0,0,500,0.6,1000,0.2,1400,0.2,1
1,7,498,1,0,500,0.6,1000,0.2,1400,0.2,0
1,8,401,1,0,500,0.6,1000,0.2,1400,0.2,1
1,9,720,0,0,500,0.6,1000,0.2,1400,0.2,2
1,10,436,1,0,300,0.5,1700,0.5,1
1,11,362,0,0,300,0.5,1700,0.5,0
1,12,648,2,10,5,0,500,0.6,1000,0.2,1400,0.2,0
1,13,279,1,0,300,0.5,1700,0.5,1
1,14,790,1,0,500,0.6,1000,0.2,1400,0.2,0
2,0,414,1,0,300,0.5,1700,0.5,1
2,1,148,2,10,5,0,500,0.6,1000,0.2,1400,0.2,1
2,2,66,1,0,500,0.6,1000,0.2,1400,0.2,0
2,3,910,1,0,300,0.5,1700,0.5,1
2,4,440,1,0,500,0.6,1000,0.2,1400,0.2,0
2,5,648,2,10,5,0,300,0.5,1700,0.5,1
2,6,201,2,10,5,0,300,0.5,1700,0.5,1
2,7,832,0,0,500,0.6,1000,0.2,1400,0.2,2
2,8,348,2,10,5,0,500,0.6,1000,0.2,1400,0.2,0
2,9,199,0,0,500,0.6,1000,0.2,1400,0.2,1
2,10,135,1,0,500,0.6,1000,0.2,1400,0.2,2
2,11,204,0,0,300,0.5,1700,0.5,2
2,12,738,1,0,300,0.5,1700,0.5,1
2,13,796,2,10,5,0,500,0.6,1000,0.2,1400,0.2,2
2,14,320,1,0,300,0.5,1700,0.5,2
3,0,536,2,10,5,0,300,0.5,1700,0.5,2
3,1,33,0,0,300,0.5,1700,0.5,2
3,2,810,2,10,5,0,500,0.6,1000,0.2,1400,0.2,2
3,3,852,2,10,5,0,500,0.6,1000,0.2,1400,0.2,1
3,4,326,1,0,500,0.6,1000,0.2,1400,0.2,2
3,5,950,1,0,300,0.5,1700,0.5,0
3,6,108,2,10,5,0,500,0.6,1000,0.2,1400,0.2,1
3,7,540,2,10,5,0,300,0.5,1700,0.5,2
3,8,669,2,10,5,0,500,0.6,1000,0.2,1400,0.2,2
3,9,570,0,0,300,0.5,1700,0.5,1
3,10,132,2,10,5,0,500,0.6,1000,0.2,1400,0.2,1
3,11,965,2,10,5,0,300,0.5,1700,0.5,2
3,12,431,2,10,5,0,500,0.6,1000,0.2,1400,0.2,0
3,13,311,1,0,300,0.5,1700,0.5,2
3,14,751,0,0,500,0.6,1000,0.2,1400,0.2,2
4,0,334,1,0,500,0.6,1000,0.2,1400,0.2,1
4,1,764,0,0,500,0.6,1000,0.2,1400,0.2,2
4,2,889,1,0,500,0.6,1000,0.2,1400,0.2,0
4,3,670,0,0,500,0.6,1000,0.2,1400,0.2,1
4,4,223,1,0,300,0.5,1700,0.5,2
4,5,444,0,0,500,0.6,1000,0.2,1400,0.2,2
4,6,476,0,0,300,0.5,1700,0.5,0
4,7,563,1,0,300,0.5,1700,0.5,2
4,8,310,2,10,5,0,500,0.6,1000,0.2,1400,0.2,1
4,9,377,0,0,300,0.5,1700,0.5,1
4,10,20,0,0,500,0.6,1000,0.2,1400,0.2,2
4,11,437,0,0,500,0.6,1000,0.2,1400,0.2,1
4,12,892,0,0,300,0.5,1700,0.5,0
4,13,892,1,0,500,0.6,1000,0.2,1400,0.2,1
4,14,996,1,0,300,0.5,1700,0.5,0
5,0,493,2,10,5,0,500,0.6,1000,0.2,1400,0.2,1
5,1,751,0,0,500,0.6,1000,0.2,1400,0.2,1
5,2,618,1,0,300,0.5,1700,0.5,0
5,3,897,0,0,500,0.6,1000,0.2,1400,0.2,1
5,4,483,0,0,500,0.6,1000,0.2,1400,0.2,2
5,5,132,1,0,300,0.5,1700,0.5,0
5,6,92,0,0,300,0.5,1700,0.5,1
5,7,172,1,0,500,0.6,1000,0.2,1400,0.2,2
5,8,869,0,0,500,0.6,1000,0.2,1400,0.2,0
5,9,332,2,10,5,0,500,0.6,1000,0.2,1400,0.2,0
5,10,777,0,0,500,0.6,1000,0.2,1400,0.2,2
5,11,17,0,0,300,0.5,1700,0.5,0
5,12,907,1,0,500,0.6,1000,0.2,1400,0.2,2
5,13,438,0,0,300,0.5,1700,0.5,2
5,14,503,1,0,300,0.5,1700,0.5,2
6,0,796,0,0,300,0.5,1700,0.5,0
6,1,670,2,10,5,0,300,0.5,1700,0.5,0
6,2,809,1,0,300,0.5,1700,0.5,1
6,3,545,2,10,5,0,300,0.5,1700,0.5,0
6,4,659,2,10,5,0,500,0.6,1000,0.2,1400,0.2,0
6,5,934,0,0,500,0.6,1000,0.2,1400,0.2,1
6,6,593,2,10,5,0,500,0.6,1000,0.2,1400,0.2,1
6,7,937,0,0,300,0.5,1700,0.5,0
6,8,960,0,0,300,0.5,1700,0.5,0
6,9,935,1,0,300,0.5,1700,0.5,0
6,10,930,1,0,500,0.6,1000,0.2,1400,0.2,0
6,11,302,1,0,300,0.5,1700,0.5,2
6,12,883,2,10,5,0,300,0.5,1700,0.5,2
6,13,296,2,10,5,0,500,0.6,1000,0.2,1400,0.2,1
6,14,136,0,0,500,0.6,1000,0.2,1400,0.2,1
7,0,847,1,0,300,0.5,1700,0.5,1
7,1,715,0,0,500,0.6,1000,0.2,1400,0.2,0
7,2,32,2,10,5,0,300,0.5,1700,0.5,1
7,3,622,0,0,300,0.5,1700,0.5,2
7,4,937,0,0,300,0.5,1700,0.5,1
7,5,834,1,0,300,0.5,1700,0.5,1
7,6,357,2,10,5,0,300,0.5,1700,0.5,1
7,7,417,2,10,5,0,300,0.5,1700,0.5,1
7,8,57,2,10,5,0,300,0.5,1700,0.5,2
7,9,711,1,0,300,0.5,1700,0.5,0
7,10,628,1,0,500,0.6,1000,0.2,1400,0.2,2
7,11,714,2,10,5,0,500,0.6,1000,0.2,1400,0.2,2
7,12,269,1,0,300,0.5,1700,0.5,1
7,13,96,2,10,5,0,500,0.6,1000,0.2,1400,0.2,0
7,14,955,1,0,500,0.6,1000,0.2,1400,0.2,0
8,0,347,0,0,300,0.5,1700,0.5,0
8,1,446,2,10,5,0,300,0.5,1700,0.5,2
8,2,64,1,0,500,0.6,1000,0.2,1400,0.2,1
8,3,523,2,10,5,0,500,0.6,1000,0.2,1400,0.2,2
8,4,749,1,0,300,0.5,1700,0.5,1
8,5,595,0,0,500,0.6,1000,0.2,1400,0.2,2
8,6,653,0,0,300,0.5,1700,0.5,1
8,7,711,2,10,5,0,300,0.5,1700,0.5,2
8,8,865,0,0,300,0.5,1700,0.5,2
8,9,210,0,0,500,0.6,1000,0.2,1400,0.2,2
8,10,351,2,10,5,0,500,0.6,1000,0.2,1400,0.2,0
8,11,898,2,10,5,0,500,0.6,1000,0.2,1400,0.2,0
8,12,713,0,0,500,0.6,1000,0.2,1400,0.2,0
8,13,393,1,0,500,0.6,1000,0.2,1400,0.2,1
8,14,923,0,0,300,0.5,1700,0.5,1
9,0,92,0,0,300,0.5,1700,0.5,0
9,1,762,0,0,300,0.5,1700,0.5,1
9,2,687,2,10,5,0,300,0.5,1700,0.5,1
9,3,728,0,0,500,0.6,1000,0.2,1400,0.2,1
9,4,250,2,10,5,0,500,0.6,1000,0.2,1400,0.2,0
9,5,376,2,10,5,0,300,0.5,1700,0.5,0
9,6,678,2,10,5,0,500,0.6,1000,0.2,1400,0.2,2
9,7,150,0,0,300,0.5,1700,0.5,0
9,8,880,0,0,500,0.6,1000,0.2,1400,0.2,0
9,9,402,1,0,300,0.5,1700,0.5,1
9,10,414,0,0,300,0.5,1700,0.5,1
9,11,554,0,0,500,0.6,1000,0.2,1400,0.2,2
9,12,771,2,10,5,0,500,0.6,1000,0.2,1400,0.2,1
9,13,495,1,0,300,0.5,1700,0.5,1
9,14,783,0,0,500,0.6,1000,0.2,1400,0.2,2
10,0,550,0,0,300,0.5,1700,0.5,1
10,1,258,2,10,5,0,300,0.5,1700,0.5,0
10,2,939,1,0,500,0.6,1000,0.2,1400,0.2,1
10,3,530,2,10,5,0,500,0.6,1000,0.2,1400,0.2,1
10,4,119,2,10,5,0,500,0.6,1000,0.2,1400,0.2,2
10,5,426,2,10,5,0,300,0.5,1700,0.5,0
10,6,898,1,0,500,0.6,1000,0.2,1400,0.2,2
10,7,221,2,10,5,0,300,0.5,1700,0.5,2
10,8,770,0,0,300,0.5,1700,0.5,0
10,9,380,2,10,5,0,500,0.6,1000,0.2,1400,0.2,0
10,10,748,2,10,5,0,500,0.6,1000,0.2,1400,0.2,0
10,11,910,1,0,500,0.6,1000,0.2,1400,0.2,2
10,12,911,0,0,500,0.6,1000,0.2,1400,0.2,0
10,13,686,0,0,300,0.5,1700,0.5,2
10,14,45,2,10,5,0,300,0.5,1700,0.5,0
11,0,190,2,10,5,0,500,0.6,1000,0.2,1400,0.2,2
11,1,377,2,10,5,0,500,0.6,1000,0.2,1400,0.2,0
11,2,151,1,0,300,0.5,1700,0.5,2
11,3,786,2,10,5,0,500,0.6,1000,0.2,1400,0.2,1
11,4,102,1,0,500,0.6,1000,0.2,1400,0.2,0
11,5,373,2,10,5,0,500,0.6,1000,0.2,1400,0.2,0
11,6,507,2,10,5,0,500,0.6,1000,0.2,1400,0.2,2
11,7,919,0,0,300,0.5,1700,0.5,1
11,8,869,0,0,300,0.5,1700,0.5,1
11,9,453,2,10,5,0,500,0.6,1000,0.2,1400,0.2,1
11,10,762,0,0,500,0.6,1000,0.2,1400,0.2,0
11,11,926,2,10,5,0,300,0.5,1700,0.5,2
11,12,944,2,10,5,0,300,0.5,1700,0.5,1
11,13,678,0,0,500,0.6,1000,0.2,1400,0.2,1
11,14,431,1,0,500,0.6,1000,0.2,1400,0.2,0
12,0,765,2,10,5,0,500,0.6,1000,0.2,1400,0.2,0
12,1,717,2,10,5,0,500,0.6,1000,0.2,1400,0.2,1
12,2,80,2,10,5,0,500,0.6,1000,0.2,1400,0.2,2
12,3,324,0,0,500,0.6,1000,0.2,1400,0.2,0
12,4,935,2,10,5,0,500,0.6,1000,0.2,1400,0.2,0
12,5,761,0,0,300,0.5,1700,0.5,0
12,6,953,1,0,500,0.6,1000,0.2,1400,0.2,1
12,7,489,2,10,5,0,500,0.6,1000,0.2,1400,0.2,0
12,8,523,0,0,300,0.5,1700,0.5,2
12,9,321,2,10,5,0,500,0.6,1000,0.2,1400,0.2,1
12,10,313,0,0,500,0.6,1000,0.2,1400,0.2,0
12,11,841,2,10,5,0,300,0.5,1700,0.5,2
12,12,632,0,0,300,0.5,1700,0.5,1
12,13,811,1,0,500,0.6,1000,0.2,1400,0.2,0
12,14,213,0,0,300,0.5,1700,0.5,2
13,0,348,1,0,500,0.6,1000,0.2,1400,0.2,1
13,1,365,0,0,300,0.5,1700,0.5,2
13,2,935,1,0,500,0.6,1000,0.2,1400,0.2,0
13,3,741,1,0,500,0.6,1000,0.2,1400,0.2,0
13,4,398,2,10,5,0,300,0.5,1700,0.5,1
13,5,568,1,0,300,0.5,1700,0.5,1
13,6,672,1,0,300,0.5,1700,0.5,2
13,7,948,2,10,5,0,300,0.5,1700,0.5,2
13,8,973,0,0,300,0.5,1700,0.5,1
13,9,276,2,10,5,0,300,0.5,1700,0.5,1
13,10,815,2,10,5,0,300,0.5,1700,0.5,1
13,11,72,2,10,5,0,300,0.5,1700,0.5,0
13,12,557,0,0,300,0.5,1700,0.5,1
13,13,392,2,10,5,0,300,0.5,1700,0.5,2
13,14,83,1,0,300,0.5,1700,0.5,2
14,0,194,0,0,500,0.6,1000,0.2,1400,0.2,1
14,1,859,0,0,500,0.6,1000,0.2,1400,0.2,0
14,2,85,0,0,300,0.5,1700,0.5,0
14,3,310,1,0,500,0.6,1000,0.2,1400,0.2,0
14,4,564,0,0,500,0.6,1000,0.2,1400,0.2,0
14,5,759,2,10,5,0,500,0.6,1000,0.2,1400,0.2,1
14,6,378,0,0,300,0.5,1700,0.5,1
14,7,321,0,0,500,0.6,1000,0.2,1400,0.2,2
14,8,83,1,0,500,0.6,1000,0.2,1400,0.2,2
14,9,234,2,10,5,0,500,0.6,1000,0.2,1400,0.2,1
14,10,744,2,10,5,0,500,0.6,1000,0.2,1400,0.2,1
14,11,990,1,0,500,0.6,1000,0.2,1400,0.2,2
14,12,332,2,10,5,0,300,0.5,1700,0.5,0
14,13,63,1,0,300,0.5,1700,0.5,1
14,14,687,0,0,300,0.5,1700,0.5,2
