0,0,533,0,0,500,0.6,1000,0.2,1400,0.2,0
0,1,989,1,0,300,0.5,1700,0.5,2
0,2,188,2,10,5,0,300,0.5,1700,0.5,0
0,3,855,1,0,500,0.6,1000,0.2,1400,0.2,2
0,4,375,0,0,300,0.5,1700,0.5,1
0,5,912,0,0,500,0.6,1000,0.2,1400,0.2,1
0,6,874,1,0,300,0.5,1700,0.5,0
0,7,535,0,0,500,0.6,1000,0.2,1400,0.2,2
0,8,18,0,0,500,0.6,1000,0.2,1400,0.2,2
0,9,854,1,0,500,0.6,1000,0.2,1400,0.2,1
0,10,170,2,10,5,0,500,0.6,1000,0.2,1400,0.2,1
0,11,108,0,0,300,0.5,1700,0.5,2
0,12,457,2,10,5,0,500,0.6,1000,0.2,1400,0.2,2
0,13,212,2,10,5,0,300,0.5,1700,0.5,2
0,14,771,2,10,5,0,300,0.5,1700,0.5,1
1,0,225,1,0,500,0.6,1000,0.2,1400,0.2,2
1,1,744,1,0,300,0.5,1700,0.5,1
1,2,966,1,0,500,0.6,1000,0.2,1400,0.2,1
1,3,762,0,0,300,0.5,1700,0.5,2
1,4,975,2,10,5,0,500,0.6,1000,0.2,1400,0.2,2
1,5,946,0,0,300,0.5,1700,0.5,1
1,6,493,0,0,300,0.5,1700,0.5,1
1,7,367,0,0,300,0.5,1700,0.5,0
1,8,362,2,10,5,0,500,0.6,1000,0.2,1400,0.2,1
1,9,619,2,10,5,0,500,0.6,1000,0.2,1400,0.2,2
1,10,606,0,0,300,0.5,1700,0.5,0
1,11,491,1,0,500,0.6,1000,0.2,1400,0.2,0
1,12,33,0,0,500,0.6,1000,0.2,1400,0.2,2
1,13,335,0,0,500,0.6,1000,0.2,1400,0.2,1
1,14,547,0,0,300,0.5,1700,0.5,0
2,0,610,0,0,300,0.5,1700,0.5,0
2,1,396,2,10,5,0,300,0.5,1700,0.5,0
2,2,378,0,0,500,0.6,1000,0.2,1400,0.2,0
2,3,41,0,0,500,0.6,1000,0.2,1400,0.2,0
2,4,870,1,0,500,0.6,1000,0.2,1400,0.2,2
2,5,644,1,0,500,0.6,1000,0.2,1400,0.2,2
2,6,300,2,10,5,0,500,0.6,1000,0.2,1400,0.2,1
2,7,205,1,0,300,0.5,1700,0.5,0
2,8,327,0,0,300,0.5,1700,0.5,0
2,9,653,2,10,5,0,500,0.6,1000,0.2,1400,0.2,2
2,10,534,2,10,5,0,500,0.6,1000,0.2,1400,0.2,1
2,11,245,2,10,5,0,300,0.5,1700,0.5,1
2,12,416,0,0,500,0.6,1000,0.2,1400,0.2,2
2,13,902,0,0,300,0.5,1700,0.5,0
2,14,805,2,10,5,0,500,0.6,1000,0.2,1400,0.2,2
3,0,552,2,10,5,0,300,0.5,1700,0.5,1
3,1,116,1,0,500,0.6,1000,0.2,1400,0.2,2
3,2,189,1,0,300,0.5,1700,0.5,2
3,3,828,1,0,500,0.6,1000,0.2,1400,0.2,0
3,4,311,2,10,5,0,300,0.5,1700,0.5,0
3,5,360,0,0,500,0.6,1000,0.2,1400,0.2,2
3,6,127,1,0,300,0.5,1700,0.5,2
3,7,472,1,0,500,0.6,1000,0.2,1400,0.2,2
3,8,842,1,0,300,0.5,1700,0.5,2
3,9,774,0,0,300,0.5,1700,0.5,2
3,10,599,2,10,5,0,500,0.6,1000,0.2,1400,0.2,0
3,11,479,1,0,500,0.6,1000,0.2,1400,0.2,1
3,12,740,2,10,5,0,500,0.6,1000,0.2,1400,0.2,1
3,13,999,2,10,5,0,300,0.5,1700,0.5,0
3,14,849,1,0,300,0.5,1700,0.5,2
4,0,231,2,10,5,0,300,0.5,1700,0.5,1
4,1,46,2,10,5,0,500,0.6,1000,0.2,1400,0.2,2
4,2,678,0,0,300,0.5,1700,0.5,2
4,3,82,0,0,500,0.6,1000,0.2,1400,0.2,0
4,4,974,2,10,5,0,300,0.5,1700,0.5,0
4,5,447,2,10,5,0,300,0.5,1700,0.5,0
4,6,16,2,10,5,0,300,0.5,1700,0.5,1
4,7,392,1,0,300,0.5,1700,0.5,1
4,8,851,1,0,500,0.6,1000,0.2,1400,0.2,2
4,9,942,0,0,500,0.6,1000,0.2,1400,0.2,1
4,10,605,0,0,500,0.6,1000,0.2,1400,0.2,0
4,11,754,0,0,300,0.5,1700,0.5,2
4,12,517,2,10,5,0,300,0.5,1700,0.5,1
4,13,145,1,0,500,0.6,1000,0.2,1400,0.2,0
4,14,804,1,0,500,0.6,1000,0.2,1400,0.2,2
5,0,786,1,0,500,0.6,1000,0.2,1400,0.2,2
5,1,558,1,0,300,0.5,1700,0.5,1
5,2,273,0,0,500,0.6,1000,0.2,1400,0.2,0
5,3,198,2,10,5,0,300,0.5,1700,0.5,1
5,4,632,1,0,300,0.5,1700,0.5,0
5,5,660,0,0,500,0.6,1000,0.2,1400,0.2,0
5,6,662,2,10,5,0,500,0.6,1000,0.2,1400,0.2,0
5,7,216,1,0,300,0.5,1700,0.5,1
5,8,776,1,0,500,0.6,1000,0.2,1400,0.2,1
5,9,805,0,0,500,0.6,1000,0.2,1400,0.2,0
5,10,742,0,0,300,0.5,1700,0.5,1
5,11,457,1,0,300,0.5,1700,0.5,1
5,12,797,2,10,5,0,300,0.5,1700,0.5,0
5,13,968,1,0,300,0.5,1700,0.5,1
5,14,472,1,0,500,0.6,1000,0.2,1400,0.2,1
6,0,781,1,0,500,0.6,1000,0.2,1400,0.2,1
6,1,162,1,0,500,0.6,1000,0.2,1400,0.2,1
6,2,164,2,10,5,0,500,0.6,1000,0.2,1400,0.2,1
6,3,911,1,0,300,0.5,1700,0.5,2
6,4,700,0,0,500,0.6,1000,0.2,1400,0.2,1
6,5,426,0,0,500,0.6,1000,0.2,1400,0.2,2
6,6,231,2,10,5,0,300,0.5,1700,0.5,1
6,7,815,1,0,500,0.6,1000,0.2,1400,0.2,1
6,8,389,1,0,300,0.5,1700,0.5,1
6,9,223,0,0,300,0.5,1700,0.5,2
6,10,278,1,0,300,0.5,1700,0.5,2
6,11,604,2,10,5,0,300,0.5,1700,0.5,0
6,12,64,1,0,300,0.5,1700,0.5,2
6,13,223,2,10,5,0,300,0.5,1700,0.5,1
6,14,71,0,0,500,0.6,1000,0.2,1400,0.2,0
7,0,266,1,0,500,0.6,1000,0.2,1400,0.2,1
7,1,97,1,0,300,0.5,1700,0.5,2
7,2,483,0,0,500,0.6,1000,0.2,1400,0.2,0
7,3,915,2,10,5,0,300,0.5,1700,0.5,0
7,4,893,1,0,500,0.6,1000,0.2,1400,0.2,1
7,5,402,0,0,500,0.6,1000,0.2,1400,0.2,1
7,6,272,2,10,5,0,500,0.6,1000,0.2,1400,0.2,1
7,7,914,1,0,500,0.6,1000,0.2,1400,0.2,0
7,8,439,2,10,5,0,500,0.6,1000,0.2,1400,0.2,0
7,9,990,0,0,300,0.5,1700,0.5,0
7,10,439,1,0,500,0.6,1000,0.2,1400,0.2,2
7,11,361,0,0,300,0.5,1700,0.5,0
7,12,823,0,0,300,0.5,1700,0.5,2
7,13,974,2,10,5,0,300,0.5,1700,0.5,1
7,14,709,2,10,5,0,300,0.5,1700,0.5,2
8,0,792,0,0,500,0.6,1000,0.2,1400,0.2,2
8,1,125,0,0,500,0.6,1000,0.2,1400,0.2,0
8,2,703,1,0,300,0.5,1700,0.5,1
8,3,631,0,0,300,0.5,1700,0.5,0
8,4,793,0,0,500,0.6,1000,0.2,1400,0.2,2
8,5,892,0,0,500,0.6,1000,0.2,1400,0.2,0
8,6,278,2,10,5,0,300,0.5,1700,0.5,1
8,7,586,2,10,5,0,300,0.5,1700,0.5,0
8,8,670,1,0,500,0.6,1000,0.2,1400,0.2,1
8,9,460,1,0,500,0.6,1000,0.2,1400,0.2,0
8,10,21,1,0,500,0.6,1000,0.2,1400,0.2,0
8,11,602,2,10,5,0,300,0.5,1700,0.5,1
8,12,954,1,0,500,0.6,1000,0.2,1400,0.2,2
8,13,647,0,0,500,0.6,1000,0.2,1400,0.2,2
8,14,898,2,10,5,0,500,0.6,1000,0.2,1400,0.2,1
9,0,40,2,10,5,0,300,0.5,1700,0.5,0
9,1,504,2,10,5,0,300,0.5,1700,0.5,0
9,2,285,2,10,5,0,300,0.5,1700,0.5,1
9,3,419,1,0,300,0.5,1700,0.5,0
9,4,436,2,10,5,0,300,0.5,1700,0.5,1
9,5,720,1,0,300,0.5,1700,0.5,0
9,6,260,0,0,300,0.5,1700,0.5,2
9,7,855,2,10,5,0,500,0.6,1000,0.2,1400,0.2,2
9,8,466,0,0,300,0.5,1700,0.5,2
9,9,964,0,0,300,0.5,1700,0.5,2
9,10,709,0,0,500,0.6,1000,0.2,1400,0.2,0
9,11,622,1,0,500,0.6,1000,0.2,1400,0.2,1
9,12,400,1,0,300,0.5,1700,0.5,2
9,13,643,1,0,500,0.6,1000,0.2,1400,0.2,1
9,14,753,0,0,300,0.5,1700,0.5,0
10,0,14,1,0,300,0.5,1700,0.5,0
10,1,716,1,0,500,0.6,1000,0.2,1400,0.2,1
10,2,353,2,10,5,0,300,0.5,1700,0.5,0
10,3,249,0,0,500,0.6,1000,0.2,1400,0.2,0
10,4,873,2,10,5,0,500,0.6,1000,0.2,1400,0.2,1
10,5,220,0,0,300,0.5,1700,0.5,0
10,6,440,0,0,500,0.6,1000,0.2,1400,0.2,1
10,7,773,0,0,300,0.5,1700,0.5,1
10,8,972,2,10,5,0,500,0.6,1000,0.2,1400,0.2,2
10,9,65,0,0,300,0.5,1700,0.5,0
10,10,216,0,0,500,0.6,1000,0.2,1400,0.2,1
10,11,218,2,10,5,0,300,0.5,1700,0.5,2
10,12,131,0,0,500,0.6,1000,0.2,1400,0.2,2
10,13,790,1,0,300,0.5,1700,0.5,0
10,14,645,2,10,5,0,500,0.6,1000,0.2,1400,0.2,1
11,0,759,1,0,300,0.5,1700,0.5,2
11,1,217,1,0,300,0.5,1700,0.5,1
11,2,806,0,0,500,0.6,1000,0.2,1400,0.2,0
11,3,15,0,0,300,0.5,1700,0.5,1
11,4,398,0,0,500,0.6,1000,0.2,1400,0.2,0
11,5,416,2,10,5,0,300,0.5,1700,0.5,1
11,6,897,1,0,300,0.5,1700,0.5,2
11,7,716,1,0,300,0.5,1700,0.5,1
11,8,76,1,0,300,0.5,1700,0.5,2
11,9,577,2,10,5,0,500,0.6,1000,0.2,1400,0.2,0
11,10,969,2,10,5,0,300,0.5,1700,0.5,1
11,11,547,2,10,5,0,300,0.5,1700,0.5,0
11,12,463,1,0,300,0.5,1700,0.5,0
11,13,501,1,0,500,0.6,1000,0.2,1400,0.2,1
11,14,247,0,0,300,0.5,1700,0.5,1
12,0,912,2,10,5,0,300,0.5,1700,0.5,1
12,1,275,1,0,300,0.5,1700,0.5,0
12,2,752,1,0,500,0.6,1000,0.2,1400,0.2,0
12,3,735,0,0,500,0.6,1000,0.2,1400,0.2,0
12,4,275,1,0,300,0.5,1700,0.5,1
12,5,728,1,0,500,0.6,1000,0.2,1400,0.2,1
12,6,80,2,10,5,0,500,0.6,1000,0.2,1400,0.2,0
12,7,392,0,0,500,0.6,1000,0.2,1400,0.2,0
12,8,103,2,10,5,0,300,0.5,1700,0.5,1
12,9,142,1,0,500,0.6,1000,0.2,1400,0.2,2
12,10,421,0,0,500,0.6,1000,0.2,1400,0.2,0
12,11,673,0,0,500,0.6,1000,0.2,1400,0.2,0
12,12,132,0,0,300,0.5,1700,0.5,2
12,13,906,2,10,5,0,500,0.6,1000,0.2,1400,0.2,2
12,14,742,0,0,500,0.6,1000,0.2,1400,0.2,0
13,0,549,1,0,300,0.5,1700,0.5,2
13,1,753,1,0,300,0.5,1700,0.5,2
13,2,862,0,0,300,0.5,1700,0.5,0
13,3,759,2,10,5,0,500,0.6,1000,0.2,1400,0.2,2
13,4,548,2,10,5,0,500,0.6,1000,0.2,1400,0.2,0
13,5,980,1,0,300,0.5,1700,0.5,2
13,6,545,1,0,300,0.5,1700,0.5,1
13,7,891,0,0,500,0.6,1000,0.2,1400,0.2,0
13,8,738,0,0,500,0.6,1000,0.2,1400,0.2,1
13,9,119,2,10,5,0,300,0.5,1700,0.5,0
13,10,954,1,0,300,0.5,1700,0.5,1
13,11,971,0,0,300,0.5,1700,0.5,2
13,12,344,0,0,300,0.5,1700,0.5,2
13,13,552,1,0,300,0.5,1700,0.5,0
13,14,728,0,0,300,0.5,1700,0.5,2
14,0,914,0,0,300,0.5,1700,0.5,0
14,1,38,0,0,500,0.6,1000,0.2,1400,0.2,0
14,2,973,2,10,5,0,300,0.5,1700,0.5,0
14,3,22,0,0,500,0.6,1000,0.2,1400,0.2,2
14,4,870,0,0,300,0.5,1700,0.5,0
14,5,489,0,0,500,0.6,1000,0.2,1400,0.2,0
14,6,890,1,0,300,0.5,1700,0.5,0
14,7,142,0,0,500,0.6,1000,0.2,1400,0.2,2
14,8,765,0,0,300,0.5,1700,0.5,0
14,9,843,2,10,5,0,300,0.5,1700,0.5,1
14,10,677,1,0,300,0.5,1700,0.5,2
14,11,271,0,0,500,0.6,1000,0.2,1400,0.2,0
14,12,628,2,10,5,0,300,0.5,1700,0.5,1
14,13,669,1,0,300,0.5,1700,0.5,0
14,14,608,0,0,300,0.5,1700,0.5,1
