0,0,205,2,10,5,0,300,0.5,1700,0.5,1
0,1,538,2,10,5,0,500,0.6,1000,0.2,1400,0.2,0
0,2,584,1,0,500,0.6,1000,0.2,1400,0.2,1
0,3,65,2,10,5,0,300,0.5,1700,0.5,0
0,4,49,2,10,5,0,500,0.6,1000,0.2,1400,0.2,0
0,5,587,0,0,300,0.5,1700,0.5,0
0,6,89,0,0,500,0.6,1000,0.2,1400,0.2,0
0,7,70,2,10,5,0,300,0.5,1700,0.5,0
0,8,466,2,10,5,0,300,0.5,1700,0.5,0
0,9,406,0,0,500,0.6,1000,0.2,1400,0.2,2
0,10,555,1,0,300,0.5,1700,0.5,2
0,11,654,2,10,5,0,500,0.6,1000,0.2,1400,0.2,2
0,12,145,1,0,500,0.6,1000,0.2,1400,0.2,1
0,13,30,0,0,300,0.5,1700,0.5,0
0,14,774,0,0,300,0.5,1700,0.5,2
1,0,929,2,10,5,0,500,0.6,1000,0.2,1400,0.2,2
1,1,606,1,0,500,0.6,1000,0.2,1400,0.2,1
1,2,900,0,0,500,0.6,1000,0.2,1400,0.2,2
1,3,200,2,10,5,0,500,0.6,1000,0.2,1400,0.2,2
1,4,648,0,0,300,0.5,1700,0.5,2
1,5,778,1,0,300,0.5,1700,0.5,2
1,6,770,0,0,500,0.6,1000,0.2,1400,0.2,0
1,7,517,0,0,300,0.5,1700,0.5,1
1,8,643,2,10,5,0,500,0.6,1000,0.2,1400,0.2,2
1,9,308,2,10,5,0,300,0.5,1700,0.5,0
1,10,654,1,0,300,0.5,1700,0.5,0
1,11,307,2,10,5,0,500,0.6,1000,0.2,1400,0.2,0
1,12,457,0,0,500,0.6,1000,0.2,1400,0.2,1
1,13,358,1,0,500,0.6,1000,0.2,1400,0.2,0
1,14,546,2,10,5,0,500,0.6,1000,0.2,1400,0.2,2
2,0,947,1,0,500,0.6,1000,0.2,1400,0.2,0
2,1,200,2,10,5,0,500,0.6,1000,0.2,1400,0.2,2
2,2,57,2,10,5,0,300,0.5,1700,0.5,2
2,3,314,2,10,5,0,300,0.5,1700,0.5,1
2,4,775,0,0,500,0.6,1000,0.2,1400,0.2,0
2,5,600,1,0,500,0.6,1000,0.2,1400,0.2,2
2,6,299,2,10,5,0,500,0.6,1000,0.2,1400,0.2,2
2,7,525,1,0,500,0.6,1000,0.2,1400,0.2,2
2,8,145,1,0,300,0.5,1700,0.5,0
2,9,964,0,0,500,0.6,1000,0.2,1400,0.2,2
2,10,277,0,0,300,0.5,1700,0.5,2
2,11,538,1,0,500,0.6,1000,0.2,1400,0.2,1
2,12,972,2,10,5,0,500,0.6,1000,0.2,1400,0.2,2
2,13,57,0,0,300,0.5,1700,0.5,2
2,14,22,2,10,5,0,300,0.5,1700,0.5,2
3,0,174,1,0,300,0.5,1700,0.5,1
3,1,948,0,0,500,0.6,1000,0.2,1400,0.2,1
3,2,795,2,10,5,0,300,0.5,1700,0.5,2
3,3,481,0,0,500,0.6,1000,0.2,1400,0.2,2
3,4,958,2,10,5,0,500,0.6,1000,0.2,1400,0.2,0
3,5,774,1,0,500,0.6,1000,0.2,1400,0.2,2
3,6,740,1,0,300,0.5,1700,0.5,2
3,7,438,2,10,5,0,500,0.6,1000,0.2,1400,0.2,0
3,8,388,1,0,500,0.6,1000,0.2,1400,0.2,1
3,9,44,0,0,300,0.5,1700,0.5,0
3,10,989,2,10,5,0,500,0.6,1000,0.2,1400,0.2,0
3,11,642,0,0,300,0.5,1700,0.5,0
3,12,954,0,0,300,0.5,1700,0.5,1
3,13,617,0,0,500,0.6,1000,0.2,1400,0.2,1
3,14,836,2,10,5,0,300,0.5,1700,0.5,1
4,0,743,2,10,5,0,500,0.6,1000,0.2,1400,0.2,0
4,1,32,0,0,500,0.6,1000,0.2,1400,0.2,0
4,2,237,1,0,300,0.5,1700,0.5,0
4,3,96,1,0,300,0.5,1700,0.5,2
4,4,594,0,0,300,0.5,1700,0.5,2
4,5,767,2,10,5,0,500,0.6,1000,0.2,1400,0.2,0
4,6,337,0,0,300,0.5,1700,0.5,0
4,7,61,0,0,500,0.6,1000,0.2,1400,0.2,0
4,8,943,2,10,5,0,300,0.5,1700,0.5,2
4,9,337,2,10,5,0,300,0.5,1700,0.5,1
4,10,838,2,10,5,0,500,0.6,1000,0.2,1400,0.2,0
4,11,248,2,10,5,0,500,0.6,1000,0.2,1400,0.2,1
4,12,552,0,0,500,0.6,1000,0.2,1400,0.2,2
4,13,853,1,0,300,0.5,1700,0.5,0
4,14,394,0,0,300,0.5,1700,0.5,2
5,0,638,1,0,300,0.5,1700,0.5,2
5,1,572,2,10,5,0,300,0.5,1700,0.5,1
5,2,900,2,10,5,0,300,0.5,1700,0.5,2
5,3,379,1,0,500,0.6,1000,0.2,1400,0.2,1
5,4,96,1,0,500,0.6,1000,0.2,1400,0.2,0
5,5,116,1,0,300,0.5,1700,0.5,0
5,6,525,0,0,500,0.6,1000,0.2,1400,0.2,2
5,7,684,1,0,300,0.5,1700,0.5,1
5,8,800,1,0,500,0.6,1000,0.2,1400,0.2,0
5,9,275,0,0,300,0.5,1700,0.5,0
5,10,257,1,0,500,0.6,1000,0.2,1400,0.2,1
5,11,38,2,10,5,0,500,0.6,1000,0.2,1400,0.2,0
5,12,86,0,0,300,0.5,1700,0.5,1
5,13,175,0,0,300,0.5,1700,0.5,2
5,14,502,1,0,300,0.5,1700,0.5,2
6,0,528,1,0,500,0.6,1000,0.2,1400,0.2,1
6,1,475,0,0,300,0.5,1700,0.5,1
6,2,453,0,0,300,0.5,1700,0.5,2
6,3,694,0,0,500,0.6,1000,0.2,1400,0.2,0
6,4,804,0,0,300,0.5,1700,0.5,1
6,5,558,1,0,300,0.5,1700,0.5,2
6,6,969,1,0,300,0.5,1700,0.5,2
6,7,895,1,0,500,0.6,1000,0.2,1400,0.2,0
6,8,281,0,0,300,0.5,1700,0.5,2
6,9,665,2,10,5,0,500,0.6,1000,0.2,1400,0.2,1
6,10,140,0,0,500,0.6,1000,0.2,1400,0.2,2
6,11,560,2,10,5,0,500,0.6,1000,0.2,1400,0.2,2
6,12,544,1,0,300,0.5,1700,0.5,0
6,13,742,1,0,300,0.5,1700,0.5,1
6,14,397,1,0,300,0.5,1700,0.5,1
7,0,985,1,0,300,0.5,1700,0.5,1
7,1,774,1,0,300,0.5,1700,0.5,2
7,2,885,0,0,500,0.6,1000,0.2,1400,0.2,0
7,3,444,0,0,500,0.6,1000,0.2,1400,0.2,0
7,4,50,1,0,500,0.6,1000,0.2,1400,0.2,2
7,5,938,0,0,300,0.5,1700,0.5,2
7,6,676,1,0,500,0.6,1000,0.2,1400,0.2,0
7,7,199,0,0,500,0.6,1000,0.2,1400,0.2,1
7,8,725,1,0,500,0.6,1000,0.2,1400,0.2,0
7,9,475,2,10,5,0,300,0.5,1700,0.5,1
7,10,222,2,10,5,0,300,0.5,1700,0.5,0
7,11,128,0,0,300,0.5,1700,0.5,2
7,12,184,1,0,300,0.5,1700,0.5,2
7,13,631,1,0,300,0.5,1700,0.5,1
7,14,618,0,0,500,0.6,1000,0.2,1400,0.2,2
8,0,162,1,0,300,0.5,1700,0.5,1
8,1,988,1,0,300,0.5,1700,0.5,0
8,2,760,2,10,5,0,300,0.5,1700,0.5,2
8,3,851,1,0,500,0.6,1000,0.2,1400,0.2,0
8,4,997,0,0,300,0.5,1700,0.5,0
8,5,383,2,10,5,0,500,0.6,1000,0.2,1400,0.2,0
8,6,764,1,0,300,0.5,1700,0.5,0
8,7,742,2,10,5,0,300,0.5,1700,0.5,0
8,8,527,1,0,500,0.6,1000,0.2,1400,0.2,0
8,9,453,0,0,300,0.5,1700,0.5,1
8,10,751,1,0,500,0.6,1000,0.2,1400,0.2,0
8,11,529,0,0,500,0.6,1000,0.2,1400,0.2,0
8,12,661,2,10,5,0,500,0.6,1000,0.2,1400,0.2,0
8,13,932,2,10,5,0,500,0.6,1000,0.2,1400,0.2,0
8,14,525,1,0,300,0.5,1700,0.5,0
9,0,383,0,0,500,0.6,1000,0.2,1400,0.2,1
9,1,620,2,10,5,0,300,0.5,1700,0.5,0
9,2,271,0,0,300,0.5,1700,0.5,2
9,3,536,2,10,5,0,300,0.5,1700,0.5,0
9,4,418,1,0,500,0.6,1000,0.2,1400,0.2,2
9,5,441,2,10,5,0,300,0.5,1700,0.5,1
9,6,78,2,10,5,0,300,0.5,1700,0.5,0
9,7,525,1,0,500,0.6,1000,0.2,1400,0.2,2
9,8,192,2,10,5,0,500,0.6,1000,0.2,1400,0.2,2
9,9,218,0,0,500,0.6,1000,0.2,1400,0.2,0
9,10,725,1,0,300,0.5,1700,0.5,1
9,11,641,1,0,300,0.5,1700,0.5,1
9,12,765,0,0,500,0.6,1000,0.2,1400,0.2,0
9,13,249,2,10,5,0,300,0.5,1700,0.5,1
9,14,851,2,10,5,0,300,0.5,1700,0.5,1
10,0,574,0,0,500,0.6,1000,0.2,1400,0.2,2
10,1,79,2,10,5,0,500,0.6,1000,0.2,1400,0.2,0
10,2,333,0,0,500,0.6,1000,0.2,1400,0.2,0
10,3,927,0,0,300,0.5,1700,0.5,1
10,4,477,0,0,500,0.6,1000,0.2,1400,0.2,2
10,5,723,0,0,500,0.6,1000,0.2,1400,0.2,1
10,6,55,1,0,500,0.6,1000,0.2,1400,0.2,1
10,7,97,2,10,5,0,300,0.5,1700,0.5,0
10,8,868,1,0,300,0.5,1700,0.5,1
10,9,994,0,0,500,0.6,1000,0.2,1400,0.2,1
10,10,79,0,0,500,0.6,1000,0.2,1400,0.2,2
10,11,185,0,0,300,0.5,1700,0.5,2
10,12,95,1,0,500,0.6,1000,0.2,1400,0.2,0
10,13,969,2,10,5,0,500,0.6,1000,0.2,1400,0.2,0
10,14,674,0,0,500,0.6,1000,0.2,1400,0.2,0
11,0,170,0,0,300,0.5,1700,0.5,0
11,1,261,2,10,5,0,300,0.5,1700,0.5,0
11,2,451,2,10,5,0,300,0.5,1700,0.5,0
11,3,666,0,0,500,0.6,1000,0.2,1400,0.2,1
11,4,903,2,10,5,0,500,0.6,1000,0.2,1400,0.2,0
11,5,492,2,10,5,0,300,0.5,1700,0.5,0
11,6,618,0,0,300,0.5,1700,0.5,0
11,7,852,2,10,5,0,500,0.6,1000,0.2,1400,0.2,1
11,8,316,1,0,500,0.6,1000,0.2,1400,0.2,1
11,9,595,0,0,300,0.5,1700,0.5,0
11,10,491,2,10,5,0,300,0.5,1700,0.5,0
11,11,504,1,0,500,0.6,1000,0.2,1400,0.2,1
11,12,685,2,10,5,0,300,0.5,1700,0.5,0
11,13,986,0,0,500,0.6,1000,0.2,1400,0.2,1
11,14,862,2,10,5,0,300,0.5,1700,0.5,0
12,0,570,2,10,5,0,300,0.5,1700,0.5,1
12,1,445,1,0,300,0.5,1700,0.5,1
12,2,806,2,10,5,0,500,0.6,1000,0.2,1400,0.2,0
12,3,990,1,0,500,0.6,1000,0.2,1400,0.2,2
12,4,156,1,0,300,0.5,1700,0.5,0
12,5,653,2,10,5,0,300,0.5,1700,0.5,2
12,6,939,2,10,5,0,500,0.6,1000,0.2,1400,0.2,1
12,7,743,1,0,300,0.5,1700,0.5,2
12,8,668,0,0,500,0.6,1000,0.2,1400,0.2,0
12,9,22,0,0,300,0.5,1700,0.5,0
12,10,637,0,0,300,0.5,1700,0.5,1
12,11,86,1,0,300,0.5,1700,0.5,0
12,12,453,1,0,300,0.5,1700,0.5,2
12,13,156,2,10,5,0,300,0.5,1700,0.5,1
12,14,163,0,0,300,0.5,1700,0.5,1
13,0,644,0,0,300,0.5,1700,0.5,0
13,1,326,2,10,5,0,500,0.6,1000,0.2,1400,0.2,2
13,2,332,1,0,300,0.5,1700,0.5,0
13,3,115,1,0,300,0.5,1700,0.5,2
13,4,112,1,0,300,0.5,1700,0.5,0
13,5,633,2,10,5,0,300,0.5,1700,0.5,2
13,6,701,2,10,5,0,500,0.6,1000,0.2,1400,0.2,2
13,7,856,0,0,500,0.6,1000,0.2,1400,0.2,0
13,8,741,1,0,300,0.5,1700,0.5,2
13,9,501,0,0,300,0.5,1700,0.5,1
13,10,123,2,10,5,0,500,0.6,1000,0.2,1400,0.2,2
13,11,282,0,0,500,0.6,1000,0.2,1400,0.2,1
13,12,601,0,0,300,0.5,1700,0.5,2
13,13,871,0,0,300,0.5,1700,0.5,1
13,14,603,2,10,5,0,500,0.6,1000,0.2,1400,0.2,0
14,0,46,2,10,5,0,300,0.5,1700,0.5,1
14,1,899,0,0,500,0.6,1000,0.2,1400,0.2,0
14,2,487,2,10,5,0,500,0.6,1000,0.2,1400,0.2,1
14,3,529,2,10,5,0,500,0.6,1000,0.2,1400,0.2,2
14,4,742,1,0,300,0.5,1700,0.5,1
14,5,260,0,0,300,0.5,1700,0.5,1
14,6,806,1,0,500,0.6,1000,0.2,1400,0.2,1
14,7,448,2,10,5,0,300,0.5,1700,0.5,1
14,8,607,0,0,500,0.6,1000,0.2,1400,0.2,2
14,9,705,0,0,300,0.5,1700,0.5,2
14,10,797,1,0,300,0.5,1700,0.5,0
14,11,763,0,0,500,0.6,1000,0.2,1400,0.2,2
14,12,294,1,0,500,0.6,1000,0.2,1400,0.2,1
14,13,408,2,10,5,0,500,0.6,1000,0.2,1400,0.2,1
14,14,143,1,0,300,0.5,1700,0.5,2
