0,0,64,0,0,500,0.6,1000,0.2,1400,0.2,2
0,1,612,0,0,500,0.6,1000,0.2,1400,0.2,0
0,2,755,1,0,300,0.5,1700,0.5,2
0,3,187,0,0,300,0.5,1700,0.5,2
0,4,74,1,0,300,0.5,1700,0.5,0
0,5,359,0,0,500,0.6,1000,0.2,1400,0.2,2
0,6,742,2,10,5,0,300,0.5,1700,0.5,0
0,7,230,0,0,500,0.6,1000,0.2,1400,0.2,1
0,8,359,1,0,300,0.5,1700,0.5,0
0,9,867,0,0,300,0.5,1700,0.5,1
0,10,806,2,10,5,0,300,0.5,1700,0.5,2
0,11,963,2,10,5,0,300,0.5,1700,0.5,1
0,12,374,2,10,5,0,300,0.5,1700,0.5,1
0,13,129,2,10,5,0,300,0.5,1700,0.5,2
0,14,323,2,10,5,0,300,0.5,1700,0.5,2
1,0,809,2,10,5,0,300,0.5,1700,0.5,1
1,1,538,0,0,500,0.6,1000,0.2,1400,0.2,0
1,2,282,2,10,5,0,300,0.5,1700,0.5,2
1,3,219,2,10,5,0,300,0.5,1700,0.5,0
1,4,570,2,10,5,0,500,0.6,1000,0.2,1400,0.2,1
1,5,377,0,0,300,0.5,1700,0.5,0
1,6,192,1,0,500,0.6,1000,0.2,1400,0.2,1
1,7,248,1,0,300,0.5,1700,0.5,0
1,8,666,2,10,5,0,500,0.6,1000,0.2,1400,0.2,1
1,9,64,2,10,5,0,300,0.5,1700,0.5,0
1,10,835,2,10,5,0,300,0.5,1700,0.5,2
1,11,346,0,0,300,0.5,1700,0.5,2
1,12,39,1,0,300,0.5,1700,0.5,2
1,13,515,2,10,5,0,500,0.6,1000,0.2,1400,0.2,2
1,14,362,1,0,500,0.6,1000,0.2,1400,0.2,2
2,0,973,2,10,5,0,300,0.5,1700,0.5,0
2,1,450,0,0,300,0.5,1700,0.5,2
2,2,277,0,0,500,0.6,1000,0.2,1400,0.2,1
2,3,181,2,10,5,0,300,0.5,1700,0.5,0
2,4,757,0,0,500,0.6,1000,0.2,1400,0.2,2
2,5,806,2,10,5,0,500,0.6,1000,0.2,1400,0.2,0
2,6,824,1,0,300,0.5,1700,0.5,2
2,7,190,2,10,5,0,300,0.5,1700,0.5,1
2,8,53,2,10,5,0,300,0.5,1700,0.5,2
2,9,173,0,0,300,0.5,1700,0.5,2
2,10,428,0,0,500,0.6,1000,0.2,1400,0.2,0
2,11,749,0,0,500,0.6,1000,0.2,1400,0.2,1
2,12,737,1,0,300,0.5,1700,0.5,2
2,13,601,0,0,500,0.6,1000,0.2,1400,0.2,0
2,14,486,1,0,500,0.6,1000,0.2,1400,0.2,1
3,0,738,0,0,300,0.5,1700,0.5,2
3,1,735,2,10,5,0,300,0.5,1700,0.5,0
3,2,943,0,0,300,0.5,1700,0.5,1
3,3,797,0,0,500,0.6,1000,0.2,1400,0.2,0
3,4,851,0,0,300,0.5,1700,0.5,2
3,5,148,2,10,5,0,300,0.5,1700,0.5,2
3,6,43,1,0,500,0.6,1000,0.2,1400,0.2,1
3,7,526,2,10,5,0,300,0.5,1700,0.5,1
3,8,978,0,0,300,0.5,1700,0.5,1
3,9,21,2,10,5,0,500,0.6,1000,0.2,1400,0.2,2
3,10,18,1,0,300,0.5,1700,0.5,1
3,11,832,2,10,5,0,300,0.5,1700,0.5,0
3,12,935,2,10,5,0,500,0.6,1000,0.2,1400,0.2,2
3,13,901,2,10,5,0,300,0.5,1700,0.5,0
3,14,745,0,0,500,0.6,1000,0.2,1400,0.2,2
4,0,525,2,10,5,0,300,0.5,1700,0.5,1
4,1,447,1,0,300,0.5,1700,0.5,2
4,2,707,0,0,500,0.6,1000,0.2,1400,0.2,1
4,3,61,0,0,500,0.6,1000,0.2,1400,0.2,2
4,4,686,0,0,300,0.5,1700,0.5,1
4,5,371,0,0,500,0.6,1000,0.2,1400,0.2,2
4,6,59,2,10,5,0,500,0.6,1000,0.2,1400,0.2,0
4,7,254,2,10,5,0,500,0.6,1000,0.2,1400,0.2,2
4,8,16,0,0,300,0.5,1700,0.5,0
4,9,176,2,10,5,0,300,0.5,1700,0.5,0
4,10,297,1,0,500,0.6,1000,0.2,1400,0.2,0
4,11,490,0,0,300,0.5,1700,0.5,1
4,12,139,2,10,5,0,300,0.5,1700,0.5,1
4,13,597,0,0,300,0.5,1700,0.5,0
4,14,568,2,10,5,0,300,0.5,1700,0.5,2
5,0,669,1,0,500,0.6,1000,0.2,1400,0.2,0
5,1,942,0,0,300,0.5,1700,0.5,0
5,2,413,1,0,500,0.6,1000,0.2,1400,0.2,0
5,3,879,2,10,5,0,300,0.5,1700,0.5,0
5,4,598,2,10,5,0,300,0.5,1700,0.5,0
5,5,807,2,10,5,0,500,0.6,1000,0.2,1400,0.2,0
5,6,940,1,0,300,0.5,1700,0.5,2
5,7,926,0,0,500,0.6,1000,0.2,1400,0.2,2
5,8,118,0,0,500,0.6,1000,0.2,1400,0.2,1
5,9,392,1,0,300,0.5,1700,0.5,0
5,10,746,1,0,500,0.6,1000,0.2,1400,0.2,0
5,11,662,2,10,5,0,500,0.6,1000,0.2,1400,0.2,0
5,12,133,1,0,500,0.6,1000,0.2,1400,0.2,2
5,13,251,1,0,300,0.5,1700,0.5,1
5,14,812,1,0,300,0.5,1700,0.5,2
6,0,53,0,0,500,0.6,1000,0.2,1400,0.2,2
6,1,752,2,10,5,0,300,0.5,1700,0.5,2
6,2,901,0,0,500,0.6,1000,0.2,1400,0.2,0
6,3,758,2,10,5,0,300,0.5,1700,0.5,2
6,4,143,1,0,500,0.6,1000,0.2,1400,0.2,0
6,5,683,2,10,5,0,300,0.5,1700,0.5,0
6,6,341,2,10,5,0,300,0.5,1700,0.5,1
6,7,993,0,0,500,0.6,1000,0.2,1400,0.2,2
6,8,384,1,0,500,0.6,1000,0.2,1400,0.2,0
6,9,211,2,10,5,0,300,0.5,1700,0.5,0
6,10,215,2,10,5,0,500,0.6,1000,0.2,1400,0.2,1
6,11,405,0,0,500,0.6,1000,0.2,1400,0.2,0
6,12,169,2,10,5,0,300,0.5,1700,0.5,1
6,13,394,0,0,500,0.6,1000,0.2,1400,0.2,2
6,14,307,0,0,500,0.6,1000,0.2,1400,0.2,1
7,0,246,1,0,300,0.5,1700,0.5,0
7,1,237,1,0,500,0.6,1000,0.2,1400,0.2,2
7,2,386,0,0,500,0.6,1000,0.2,1400,0.2,0
7,3,715,2,10,5,0,300,0.5,1700,0.5,0
7,4,745,0,0,300,0.5,1700,0.5,0
7,5,167,2,10,5,0,300,0.5,1700,0.5,2
7,6,461,2,10,5,0,500,0.6,1000,0.2,1400,0.2,1
7,7,445,2,10,5,0,300,0.5,1700,0.5,1
7,8,565,0,0,500,0.6,1000,0.2,1400,0.2,2
7,9,377,2,10,5,0,500,0.6,1000,0.2,1400,0.2,2
7,10,969,1,0,300,0.5,1700,0.5,2
7,11,373,2,10,5,0,300,0.5,1700,0.5,1
7,12,102,2,10,5,0,300,0.5,1700,0.5,0
7,13,207,2,10,5,0,500,0.6,1000,0.2,1400,0.2,2
7,14,528,1,0,500,0.6,1000,0.2,1400,0.2,0
8,0,486,0,0,300,0.5,1700,0.5,1
8,1,595,1,0,500,0.6,1000,0.2,1400,0.2,2
8,2,718,1,0,500,0.6,1000,0.2,1400,0.2,2
8,3,485,1,0,500,0.6,1000,0.2,1400,0.2,0
8,4,658,2,10,5,0,500,0.6,1000,0.2,1400,0.2,0
8,5,830,1,0,300,0.5,1700,0.5,1
8,6,745,1,0,500,0.6,1000,0.2,1400,0.2,2
8,7,641,1,0,300,0.5,1700,0.5,1
8,8,219,0,0,500,0.6,1000,0.2,1400,0.2,0
8,9,692,1,0,300,0.5,1700,0.5,2
8,10,76,0,0,300,0.5,1700,0.5,0
8,11,962,1,0,300,0.5,1700,0.5,1
8,12,456,0,0,500,0.6,1000,0.2,1400,0.2,0
8,13,766,1,0,500,0.6,1000,0.2,1400,0.2,0
8,14,64,0,0,300,0.5,1700,0.5,2
9,0,170,1,0,500,0.6,1000,0.2,1400,0.2,1
9,1,768,0,0,500,0.6,1000,0.2,1400,0.2,0
9,2,494,1,0,300,0.5,1700,0.5,0
9,3,738,0,0,500,0.6,1000,0.2,1400,0.2,2
9,4,512,1,0,300,0.5,1700,0.5,0
9,5,270,2,10,5,0,500,0.6,1000,0.2,1400,0.2,2
9,6,967,0,0,300,0.5,1700,0.5,2
9,7,980,2,10,5,0,300,0.5,1700,0.5,1
9,8,385,1,0,500,0.6,1000,0.2,1400,0.2,0
9,9,237,1,0,300,0.5,1700,0.5,2
9,10,387,1,0,500,0.6,1000,0.2,1400,0.2,1
9,11,911,2,10,5,0,300,0.5,1700,0.5,1
9,12,784,1,0,300,0.5,1700,0.5,1
9,13,312,2,10,5,0,500,0.6,1000,0.2,1400,0.2,1
9,14,846,0,0,500,0.6,1000,0.2,1400,0.2,2
10,0,147,1,0,300,0.5,1700,0.5,2
10,1,969,1,0,500,0.6,1000,0.2,1400,0.2,1
10,2,642,2,10,5,0,300,0.5,1700,0.5,0
10,3,454,1,0,500,0.6,1000,0.2,1400,0.2,0
10,4,413,0,0,500,0.6,1000,0.2,1400,0.2,1
10,5,427,0,0,300,0.5,1700,0.5,2
10,6,203,1,0,300,0.5,1700,0.5,0
10,7,390,2,10,5,0,300,0.5,1700,0.5,2
10,8,793,0,0,500,0.6,1000,0.2,1400,0.2,1
10,9,567,1,0,500,0.6,1000,0.2,1400,0.2,0
10,10,791,1,0,500,0.6,1000,0.2,1400,0.2,0
10,11,280,0,0,500,0.6,1000,0.2,1400,0.2,1
10,12,61,2,10,5,0,500,0.6,1000,0.2,1400,0.2,2
10,13,820,1,0,500,0.6,1000,0.2,1400,0.2,0
10,14,230,0,0,300,0.5,1700,0.5,2
11,0,171,1,0,500,0.6,1000,0.2,1400,0.2,1
11,1,411,0,0,300,0.5,1700,0.5,2
11,2,606,0,0,300,0.5,1700,0.5,1
11,3,235,1,0,500,0.6,1000,0.2,1400,0.2,0
11,4,530,2,10,5,0,500,0.6,1000,0.2,1400,0.2,2
11,5,467,2,10,5,0,500,0.6,1000,0.2,1400,0.2,2
11,6,856,2,10,5,0,300,0.5,1700,0.5,1
11,7,60,1,0,300,0.5,1700,0.5,0
11,8,450,2,10,5,0,300,0.5,1700,0.5,1
11,9,922,1,0,500,0.6,1000,0.2,1400,0.2,2
11,10,140,0,0,500,0.6,1000,0.2,1400,0.2,2
11,11,757,2,10,5,0,500,0.6,1000,0.2,1400,0.2,2
11,12,952,2,10,5,0,500,0.6,1000,0.2,1400,0.2,1
11,13,631,0,0,300,0.5,1700,0.5,0
11,14,529,2,10,5,0,300,0.5,1700,0.5,0
12,0,187,2,10,5,0,300,0.5,1700,0.5,2
12,1,31,0,0,300,0.5,1700,0.5,1
12,2,411,0,0,300,0.5,1700,0.5,1
12,3,294,0,0,500,0.6,1000,0.2,1400,0.2,2
12,4,697,2,10,5,0,300,0.5,1700,0.5,1
12,5,128,2,10,5,0,300,0.5,1700,0.5,0
12,6,876,2,10,5,0,300,0.5,1700,0.5,1
12,7,438,0,0,500,0.6,1000,0.2,1400,0.2,0
12,8,533,0,0,500,0.6,1000,0.2,1400,0.2,1
12,9,599,0,0,500,0.6,1000,0.2,1400,0.2,2
12,10,475,0,0,300,0.5,1700,0.5,2
12,11,954,1,0,300,0.5,1700,0.5,0
12,12,447,2,10,5,0,500,0.6,1000,0.2,1400,0.2,2
12,13,31,0,0,300,0.5,1700,0.5,1
12,14,312,0,0,300,0.5,1700,0.5,1
13,0,478,1,0,500,0.6,1000,0.2,1400,0.2,2
13,1,947,2,10,5,0,300,0.5,1700,0.5,1
13,2,372,2,10,5,0,500,0.6,1000,0.2,1400,0.2,0
13,3,455,0,0,500,0.6,1000,0.2,1400,0.2,1
13,4,38,0,0,500,0.6,1000,0.2,1400,0.2,0
13,5,573,0,0,500,0.6,1000,0.2,1400,0.2,2
13,6,978,0,0,500,0.6,1000,0.2,1400,0.2,2
13,7,14,1,0,300,0.5,1700,0.5,1
13,8,471,2,10,5,0,500,0.6,1000,0.2,1400,0.2,1
13,9,319,2,10,5,0,300,0.5,1700,0.5,2
13,10,634,1,0,300,0.5,1700,0.5,1
13,11,329,1,0,500,0.6,1000,0.2,1400,0.2,1
13,12,979,2,10,5,0,500,0.6,1000,0.2,1400,0.2,0
13,13,982,2,10,5,0,500,0.6,1000,0.2,1400,0.2,2
13,14,387,1,0,300,0.5,1700,0.5,0
14,0,716,2,10,5,0,300,0.5,1700,0.5,0
14,1,862,1,0,500,0.6,1000,0.2,1400,0.2,0
14,2,856,0,0,300,0.5,1700,0.5,0
14,3,839,1,0,300,0.5,1700,0.5,1
14,4,254,1,0,500,0.6,1000,0.2,1400,0.2,2
14,5,268,2,10,5,0,500,0.6,1000,0.2,1400,0.2,2
14,6,978,2,10,5,0,500,0.6,1000,0.2,1400,0.2,2
14,7,557,0,0,300,0.5,1700,0.5,2
14,8,569,2,10,5,0,300,0.5,1700,0.5,1
14,9,582,0,0,300,0.5,1700,0.5,0
14,10,636,1,0,500,0.6,1000,0.2,1400,0.2,1
14,11,886,1,0,500,0.6,1000,0.2,1400,0.2,1
14,12,358,2,10,5,0,500,0.6,1000,0.2,1400,0.2,0
14,13,470,1,0,500,0.6,1000,0.2,1400,0.2,1
14,14,330,0,0,500,0.6,1000,0.2,1400,0.2,0
