0,0,907,1,0,500,0.6,1000,0.2,1400,0.2,1
0,1,827,0,0,300,0.5,1700,0.5,2
0,2,670,1,0,300,0.5,1700,0.5,0
0,3,417,0,0,500,0.6,1000,0.2,1400,0.2,0
0,4,913,0,0,300,0.5,1700,0.5,2
0,5,805,1,0,300,0.5,1700,0.5,2
0,6,810,1,0,500,0.6,1000,0.2,1400,0.2,0
0,7,444,2,10,5,0,500,0.6,1000,0.2,1400,0.2,2
0,8,747,0,0,500,0.6,1000,0.2,1400,0.2,0
0,9,530,0,0,300,0.5,1700,0.5,2
0,10,797,0,0,300,0.5,1700,0.5,2
0,11,445,2,10,5,0,300,0.5,1700,0.5,0
0,12,879,1,0,500,0.6,1000,0.2,1400,0.2,1
0,13,784,0,0,500,0.6,1000,0.2,1400,0.2,0
0,14,81,2,10,5,0,300,0.5,1700,0.5,2
1,0,771,2,10,5,0,500,0.6,1000,0.2,1400,0.2,0
1,1,484,2,10,5,0,500,0.6,1000,0.2,1400,0.2,1
1,2,535,0,0,500,0.6,1000,0.2,1400,0.2,2
1,3,469,1,0,500,0.6,1000,0.2,1400,0.2,1
1,4,124,1,0,500,0.6,1000,0.2,1400,0.2,0
1,5,459,0,0,300,0.5,1700,0.5,1
1,6,908,1,0,500,0.6,1000,0.2,1400,0.2,2
1,7,635,0,0,300,0.5,1700,0.5,1
1,8,179,0,0,500,0.6,1000,0.2,1400,0.2,1
1,9,455,2,10,5,0,300,0.5,1700,0.5,0
1,10,828,1,0,300,0.5,1700,0.5,2
1,11,841,1,0,500,0.6,1000,0.2,1400,0.2,1
1,12,351,2,10,5,0,300,0.5,1700,0.5,2
1,13,311,2,10,5,0,500,0.6,1000,0.2,1400,0.2,2
1,14,894,1,0,300,0.5,1700,0.5,0
2,0,663,0,0,300,0.5,1700,0.5,1
2,1,550,0,0,300,0.5,1700,0.5,1
2,2,258,1,0,500,0.6,1000,0.2,1400,0.2,2
2,3,887,2,10,5,0,500,0.6,1000,0.2,1400,0.2,1
2,4,715,2,10,5,0,300,0.5,1700,0.5,1
2,5,719,2,10,5,0,500,0.6,1000,0.2,1400,0.2,2
2,6,225,2,10,5,0,500,0.6,1000,0.2,1400,0.2,2
2,7,58,2,10,5,0,500,0.6,1000,0.2,1400,0.2,2
2,8,158,1,0,300,0.5,1700,0.5,0
2,9,110,2,10,5,0,300,0.5,1700,0.5,0
2,10,974,2,10,5,0,300,0.5,1700,0.5,2
2,11,761,0,0,500,0.6,1000,0.2,1400,0.2,0
2,12,99,2,10,5,0,300,0.5,1700,0.5,2
2,13,548,1,0,300,0.5,1700,0.5,1
2,14,39,1,0,300,0.5,1700,0.5,2
3,0,565,2,10,5,0,300,0.5,1700,0.5,2
3,1,771,2,10,5,0,300,0.5,1700,0.5,0
3,2,102,2,10,5,0,300,0.5,1700,0.5,2
3,3,702,1,0,500,0.6,1000,0.2,1400,0.2,1
3,4,275,0,0,500,0.6,1000,0.2,1400,0.2,1
3,5,36,0,0,300,0.5,1700,0.5,2
3,6,707,1,0,500,0.6,1000,0.2,1400,0.2,0
3,7,40,2,10,5,0,300,0.5,1700,0.5,2
3,8,394,0,0,300,0.5,1700,0.5,1
3,9,277,0,0,500,0.6,1000,0.2,1400,0.2,1
3,10,205,2,10,5,0,500,0.6,1000,0.2,1400,0.2,1
3,11,450,0,0,500,0.6,1000,0.2,1400,0.2,2
3,12,591,0,0,300,0.5,1700,0.5,2
3,13,240,0,0,500,0.6,1000,0.2,1400,0.2,2
3,14,470,1,0,500,0.6,1000,0.2,1400,0.2,1
4,0,664,1,0,300,0.5,1700,0.5,1
4,1,710,0,0,500,0.6,1000,0.2,1400,0.2,0
4,2,179,2,10,5,0,300,0.5,1700,0.5,2
4,3,68,2,10,5,0,300,0.5,1700,0.5,0
4,4,887,2,10,5,0,500,0.6,1000,0.2,1400,0.2,0
4,5,419,0,0,500,0.6,1000,0.2,1400,0.2,2
4,6,768,2,10,5,0,300,0.5,1700,0.5,1
4,7,583,1,0,500,0.6,1000,0.2,1400,0.2,0
4,8,181,2,10,5,0,300,0.5,1700,0.5,0
4,9,113,1,0,500,0.6,1000,0.2,1400,0.2,1
4,10,175,0,0,500,0.6,1000,0.2,1400,0.2,0
4,11,881,0,0,500,0.6,1000,0.2,1400,0.2,0
4,12,713,0,0,300,0.5,1700,0.5,2
4,13,435,2,10,5,0,500,0.6,1000,0.2,1400,0.2,1
4,14,604,1,0,300,0.5,1700,0.5,1
5,0,638,2,10,5,0,500,0.6,1000,0.2,1400,0.2,1
5,1,994,1,0,500,0.6,1000,0.2,1400,0.2,1
5,2,89,1,0,300,0.5,1700,0.5,2
5,3,534,0,0,500,0.6,1000,0.2,1400,0.2,0
5,4,527,1,0,300,0.5,1700,0.5,2
5,5,354,2,10,5,0,300,0.5,1700,0.5,0
5,6,349,0,0,300,0.5,1700,0.5,1
5,7,257,0,0,300,0.5,1700,0.5,0
5,8,381,2,10,5,0,500,0.6,1000,0.2,1400,0.2,1
5,9,267,1,0,300,0.5,1700,0.5,2
5,10,553,0,0,500,0.6,1000,0.2,1400,0.2,2
5,11,264,2,10,5,0,300,0.5,1700,0.5,1
5,12,671,0,0,300,0.5,1700,0.5,0
5,13,834,0,0,500,0.6,1000,0.2,1400,0.2,2
5,14,299,1,0,500,0.6,1000,0.2,1400,0.2,2
6,0,196,0,0,500,0.6,1000,0.2,1400,0.2,1
6,1,477,2,10,5,0,500,0.6,1000,0.2,1400,0.2,2
6,2,301,0,0,500,0.6,1000,0.2,1400,0.2,0
6,3,960,1,0,500,0.6,1000,0.2,1400,0.2,1
6,4,941,1,0,300,0.5,1700,0.5,1
6,5,502,2,10,5,0,500,0.6,1000,0.2,1400,0.2,2
6,6,500,0,0,300,0.5,1700,0.5,2
6,7,563,2,10,5,0,500,0.6,1000,0.2,1400,0.2,2
6,8,657,2,10,5,0,300,0.5,1700,0.5,0
6,9,55,1,0,300,0.5,1700,0.5,0
6,10,66,0,0,300,0.5,1700,0.5,0
6,11,737,2,10,5,0,300,0.5,1700,0.5,2
6,12,695,0,0,500,0.6,1000,0.2,1400,0.2,1
6,13,187,2,10,5,0,300,0.5,1700,0.5,1
6,14,660,1,0,300,0.5,1700,0.5,1
7,0,836,1,0,500,0.6,1000,0.2,1400,0.2,1
7,1,466,0,0,300,0.5,1700,0.5,1
7,2,12,1,0,300,0.5,1700,0.5,1
7,3,316,2,10,5,0,300,0.5,1700,0.5,2
7,4,149,1,0,500,0.6,1000,0.2,1400,0.2,1
7,5,704,2,10,5,0,500,0.6,1000,0.2,1400,0.2,1
7,6,317,0,0,500,0.6,1000,0.2,1400,0.2,2
7,7,616,2,10,5,0,300,0.5,1700,0.5,0
7,8,788,1,0,500,0.6,1000,0.2,1400,0.2,0
7,9,697,0,0,500,0.6,1000,0.2,1400,0.2,0
7,10,339,2,10,5,0,300,0.5,1700,0.5,1
7,11,315,1,0,300,0.5,1700,0.5,0
7,12,686,2,10,5,0,500,0.6,1000,0.2,1400,0.2,0
7,13,875,1,0,300,0.5,1700,0.5,2
7,14,854,2,10,5,0,300,0.5,1700,0.5,0
8,0,638,2,10,5,0,300,0.5,1700,0.5,1
8,1,937,2,10,5,0,500,0.6,1000,0.2,1400,0.2,0
8,2,525,0,0,300,0.5,1700,0.5,2
8,3,113,0,0,500,0.6,1000,0.2,1400,0.2,2
8,4,557,1,0,300,0.5,1700,0.5,2
8,5,194,1,0,300,0.5,1700,0.5,1
8,6,987,0,0,300,0.5,1700,0.5,1
8,7,957,1,0,500,0.6,1000,0.2,1400,0.2,0
8,8,757,2,10,5,0,500,0.6,1000,0.2,1400,0.2,2
8,9,671,1,0,500,0.6,1000,0.2,1400,0.2,1
8,10,953,2,10,5,0,300,0.5,1700,0.5,1
8,11,796,0,0,300,0.5,1700,0.5,2
8,12,724,2,10,5,0,300,0.5,1700,0.5,1
8,13,699,0,0,500,0.6,1000,0.2,1400,0.2,2
8,14,72,2,10,5,0,300,0.5,1700,0.5,0
9,0,422,1,0,300,0.5,1700,0.5,2
9,1,542,0,0,500,0.6,1000,0.2,1400,0.2,0
9,2,623,0,0,300,0.5,1700,0.5,2
9,3,159,2,10,5,0,300,0.5,1700,0.5,0
9,4,898,0,0,300,0.5,1700,0.5,0
9,5,547,0,0,500,0.6,1000,0.2,1400,0.2,2
9,6,903,0,0,500,0.6,1000,0.2,1400,0.2,1
9,7,276,0,0,300,0.5,1700,0.5,0
9,8,578,1,0,300,0.5,1700,0.5,1
9,9,86,1,0,300,0.5,1700,0.5,1
9,10,572,0,0,300,0.5,1700,0.5,2
9,11,67,0,0,500,0.6,1000,0.2,1400,0.2,1
9,12,581,0,0,500,0.6,1000,0.2,1400,0.2,1
9,13,798,1,0,500,0.6,1000,0.2,1400,0.2,0
9,14,942,2,10,5,0,500,0.6,1000,0.2,1400,0.2,2
10,0,537,0,0,300,0.5,1700,0.5,2
10,1,36,0,0,300,0.5,1700,0.5,2
10,2,932,1,0,300,0.5,1700,0.5,1
10,3,770,2,10,5,0,300,0.5,1700,0.5,0
10,4,810,2,10,5,0,300,0.5,1700,0.5,2
10,5,820,0,0,500,0.6,1000,0.2,1400,0.2,2
10,6,555,1,0,300,0.5,1700,0.5,0
10,7,501,1,0,300,0.5,1700,0.5,2
10,8,198,0,0,300,0.5,1700,0.5,1
10,9,930,2,10,5,0,300,0.5,1700,0.5,0
10,10,542,2,10,5,0,500,0.6,1000,0.2,1400,0.2,2
10,11,727,2,10,5,0,300,0.5,1700,0.5,0
10,12,794,1,0,300,0.5,1700,0.5,0
10,13,748,0,0,300,0.5,1700,0.5,0
10,14,144,2,10,5,0,300,0.5,1700,0.5,1
11,0,405,2,10,5,0,300,0.5,1700,0.5,2
11,1,145,1,0,500,0.6,1000,0.2,1400,0.2,2
11,2,34,0,0,500,0.6,1000,0.2,1400,0.2,0
11,3,938,0,0,500,0.6,1000,0.2,1400,0.2,1
11,4,314,2,10,5,0,300,0.5,1700,0.5,0
11,5,668,0,0,300,0.5,1700,0.5,1
11,6,745,2,10,5,0,300,0.5,1700,0.5,0
11,7,194,2,10,5,0,300,0.5,1700,0.5,2
11,8,927,2,10,5,0,500,0.6,1000,0.2,1400,0.2,2
11,9,486,0,0,300,0.5,1700,0.5,1
11,10,22,2,10,5,0,500,0.6,1000,0.2,1400,0.2,2
11,11,726,1,0,500,0.6,1000,0.2,1400,0.2,0
11,12,213,1,0,300,0.5,1700,0.5,1
11,13,898,0,0,300,0.5,1700,0.5,2
11,14,295,1,0,300,0.5,1700,0.5,1
12,0,620,1,0,500,0.6,1000,0.2,1400,0.2,1
12,1,40,2,10,5,0,500,0.6,1000,0.2,1400,0.2,2
12,2,378,0,0,300,0.5,1700,0.5,0
12,3,463,1,0,300,0.5,1700,0.5,1
12,4,847,1,0,300,0.5,1700,0.5,0
12,5,951,1,0,500,0.6,1000,0.2,1400,0.2,2
12,6,980,2,10,5,0,300,0.5,1700,0.5,0
12,7,919,0,0,300,0.5,1700,0.5,2
12,8,982,2,10,5,0,500,0.6,1000,0.2,1400,0.2,0
12,9,352,1,0,300,0.5,1700,0.5,0
12,10,110,0,0,300,0.5,1700,0.5,1
12,11,542,0,0,300,0.5,1700,0.5,0
12,12,207,0,0,500,0.6,1000,0.2,1400,0.2,0
12,13,594,1,0,300,0.5,1700,0.5,0
12,14,247,2,10,5,0,500,0.6,1000,0.2,1400,0.2,2
13,0,471,2,10,5,0,300,0.5,1700,0.5,0
13,1,678,1,0,500,0.6,1000,0.2,1400,0.2,2
13,2,121,1,0,300,0.5,1700,0.5,2
13,3,670,0,0,500,0.6,1000,0.2,1400,0.2,0
13,4,443,2,10,5,0,300,0.5,1700,0.5,0
13,5,595,2,10,5,0,300,0.5,1700,0.5,0
13,6,888,1,0,500,0.6,1000,0.2,1400,0.2,0
13,7,965,1,0,500,0.6,1000,0.2,1400,0.2,2
13,8,498,2,10,5,0,500,0.6,1000,0.2,1400,0.2,1
13,9,446,1,0,500,0.6,1000,0.2,1400,0.2,2
13,10,975,0,0,500,0.6,1000,0.2,1400,0.2,2
13,11,374,0,0,500,0.6,1000,0.2,1400,0.2,1
13,12,76,2,10,5,0,300,0.5,1700,0.5,0
13,13,811,1,0,500,0.6,1000,0.2,1400,0.2,0
13,14,583,2,10,5,0,500,0.6,1000,0.2,1400,0.2,0
14,0,580,0,0,500,0.6,1000,0.2,1400,0.2,1
14,1,608,2,10,5,0,500,0.6,1000,0.2,1400,0.2,2
14,2,380,1,0,300,0.5,1700,0.5,1
14,3,323,0,0,500,0.6,1000,0.2,1400,0.2,0
14,4,555,0,0,300,0.5,1700,0.5,2
14,5,837,0,0,300,0.5,1700,0.5,1
14,6,718,1,0,300,0.5,1700,0.5,2
14,7,432,0,0,300,0.5,1700,0.5,1
14,8,92,2,10,5,0,500,0.6,1000,0.2,1400,0.2,0
14,9,791,1,0,300,0.5,1700,0.5,1
14,10,659,1,0,300,0.5,1700,0.5,2
14,11,33,2,10,5,0,300,0.5,1700,0.5,0
14,12,708,1,0,300,0.5,1700,0.5,2
14,13,444,2,10,5,0,500,0.6,1000,0.2,1400,0.2,1
14,14,193,1,0,300,0.5,1700,0.5,0
