0,0,933,1,0,300,0.5,1700,0.5,2
0,1,565,1,0,500,0.6,1000,0.2,1400,0.2,2
0,2,157,1,0,300,0.5,1700,0.5,1
0,3,243,1,0,300,0.5,1700,0.5,2
0,4,192,1,0,300,0.5,1700,0.5,1
0,5,518,0,0,300,0.5,1700,0.5,2
0,6,947,1,0,500,0.6,1000,0.2,1400,0.2,2
0,7,323,2,10,5,0,500,0.6,1000,0.2,1400,0.2,1
0,8,684,0,0,500,0.6,1000,0.2,1400,0.2,2
0,9,169,0,0,300,0.5,1700,0.5,2
0,10,48,1,0,300,0.5,1700,0.5,0
0,11,331,1,0,500,0.6,1000,0.2,1400,0.2,0
0,12,446,2,10,5,0,500,0.6,1000,0.2,1400,0.2,1
0,13,531,1,0,300,0.5,1700,0.5,2
0,14,208,0,0,300,0.5,1700,0.5,1
1,0,939,1,0,300,0.5,1700,0.5,1
1,1,271,2,10,5,0,300,0.5,1700,0.5,2
1,2,681,1,0,300,0.5,1700,0.5,0
1,3,326,1,0,300,0.5,1700,0.5,1
1,4,808,1,0,300,0.5,1700,0.5,1
1,5,810,0,0,300,0.5,1700,0.5,1
1,6,442,2,10,5,0,300,0.5,1700,0.5,1
1,7,549,1,0,500,0.6,1000,0.2,1400,0.2,1
1,8,106,2,10,5,0,500,0.6,1000,0.2,1400,0.2,1
1,9,340,0,0,500,0.6,1000,0.2,1400,0.2,2
1,10,272,1,0,500,0.6,1000,0.2,1400,0.2,1
1,11,772,2,10,5,0,500,0.6,1000,0.2,1400,0.2,2
1,12,484,2,10,5,0,500,0.6,1000,0.2,1400,0.2,0
1,13,134,1,0,500,0.6,1000,0.2,1400,0.2,0
1,14,226,0,0,300,0.5,1700,0.5,0
2,0,915,2,10,5,0,300,0.5,1700,0.5,2
2,1,708,0,0,300,0.5,1700,0.5,2
2,2,759,2,10,5,0,300,0.5,1700,0.5,0
2,3,314,1,0,300,0.5,1700,0.5,0
2,4,691,0,0,500,0.6,1000,0.2,1400,0.2,0
2,5,462,2,10,5,0,300,0.5,1700,0.5,0
2,6,379,0,0,500,0.6,1000,0.2,1400,0.2,1
2,7,177,1,0,500,0.6,1000,0.2,1400,0.2,1
2,8,607,0,0,500,0.6,1000,0.2,1400,0.2,2
2,9,534,2,10,5,0,300,0.5,1700,0.5,0
2,10,691,1,0,300,0.5,1700,0.5,2
2,11,448,1,0,500,0.6,1000,0.2,1400,0.2,2
2,12,772,0,0,500,0.6,1000,0.2,1400,0.2,1
2,13,73,2,10,5,0,500,0.6,1000,0.2,1400,0.2,2
2,14,74,2,10,5,0,500,0.6,1000,0.2,1400,0.2,2
3,0,827,1,0,300,0.5,1700,0.5,0
3,1,113,0,0,300,0.5,1700,0.5,1
3,2,509,0,0,500,0.6,1000,0.2,1400,0.2,2
3,3,612,1,0,300,0.5,1700,0.5,0
3,4,337,1,0,500,0.6,1000,0.2,1400,0.2,1
3,5,320,1,0,500,0.6,1000,0.2,1400,0.2,2
3,6,920,2,10,5,0,300,0.5,1700,0.5,2
3,7,53,1,0,500,0.6,1000,0.2,1400,0.2,2
3,8,812,2,10,5,0,500,0.6,1000,0.2,1400,0.2,0
3,9,986,2,10,5,0,300,0.5,1700,0.5,2
3,10,454,2,10,5,0,300,0.5,1700,0.5,1
3,11,766,2,10,5,0,500,0.6,1000,0.2,1400,0.2,2
3,12,368,2,10,5,0,300,0.5,1700,0.5,0
3,13,666,1,0,500,0.6,1000,0.2,1400,0.2,1
3,14,941,2,10,5,0,500,0.6,1000,0.2,1400,0.2,1
4,0,759,2,10,5,0,500,0.6,1000,0.2,1400,0.2,1
4,1,834,2,10,5,0,300,0.5,1700,0.5,0
4,2,682,0,0,300,0.5,1700,0.5,2
4,3,127,2,10,5,0,500,0.6,1000,0.2,1400,0.2,1
4,4,773,2,10,5,0,500,0.6,1000,0.2,1400,0.2,0
4,5,646,2,10,5,0,300,0.5,1700,0.5,2
4,6,273,1,0,300,0.5,1700,0.5,1
4,7,195,0,0,500,0.6,1000,0.2,1400,0.2,0
4,8,461,1,0,500,0.6,1000,0.2,1400,0.2,2
4,9,215,2,10,5,0,500,0.6,1000,0.2,1400,0.2,0
4,10,684,0,0,500,0.6,1000,0.2,1400,0.2,0
4,11,49,1,0,500,0.6,1000,0.2,1400,0.2,0
4,12,840,0,0,500,0.6,1000,0.2,1400,0.2,1
4,13,923,0,0,500,0.6,1000,0.2,1400,0.2,1
4,14,435,2,10,5,0,500,0.6,1000,0.2,1400,0.2,1
5,0,711,1,0,500,0.6,1000,0.2,1400,0.2,2
5,1,59,2,10,5,0,500,0.6,1000,0.2,1400,0.2,1
5,2,95,1,0,500,0.6,1000,0.2,1400,0.2,1
5,3,266,0,0,300,0.5,1700,0.5,2
5,4,358,2,10,5,0,500,0.6,1000,0.2,1400,0.2,1
5,5,368,2,10,5,0,500,0.6,1000,0.2,1400,0.2,0
5,6,503,0,0,500,0.6,1000,0.2,1400,0.2,1
5,7,531,1,0,500,0.6,1000,0.2,1400,0.2,0
5,8,715,0,0,300,0.5,1700,0.5,0
5,9,73,0,0,300,0.5,1700,0.5,0
5,10,695,1,0,500,0.6,1000,0.2,1400,0.2,0
5,11,266,1,0,300,0.5,1700,0.5,1
5,12,549,0,0,500,0.6,1000,0.2,1400,0.2,0
5,13,294,2,10,5,0,500,0.6,1000,0.2,1400,0.2,0
5,14,286,0,0,300,0.5,1700,0.5,2
6,0,400,2,10,5,0,500,0.6,1000,0.2,1400,0.2,0
6,1,831,0,0,500,0.6,1000,0.2,1400,0.2,1
6,2,573,1,0,500,0.6,1000,0.2,1400,0.2,0
6,3,877,2,10,5,0,500,0.6,1000,0.2,1400,0.2,2
6,4,930,0,0,300,0.5,1700,0.5,0
6,5,927,2,10,5,0,300,0.5,1700,0.5,1
6,6,703,0,0,500,0.6,1000,0.2,1400,0.2,2
6,7,239,0,0,500,0.6,1000,0.2,1400,0.2,1
6,8,940,2,10,5,0,500,0.6,1000,0.2,1400,0.2,0
6,9,279,2,10,5,0,300,0.5,1700,0.5,0
6,10,548,1,0,300,0.5,1700,0.5,1
6,11,876,2,10,5,0,500,0.6,1000,0.2,1400,0.2,0
6,12,515,1,0,500,0.6,1000,0.2,1400,0.2,1
6,13,31,1,0,300,0.5,1700,0.5,0
6,14,733,1,0,300,0.5,1700,0.5,1
7,0,787,0,0,300,0.5,1700,0.5,2
7,1,817,0,0,500,0.6,1000,0.2,1400,0.2,1
7,2,325,0,0,500,0.6,1000,0.2,1400,0.2,2
7,3,91,0,0,500,0.6,1000,0.2,1400,0.2,2
7,4,482,2,10,5,0,300,0.5,1700,0.5,1
7,5,77,1,0,500,0.6,1000,0.2,1400,0.2,1
7,6,667,0,0,500,0.6,1000,0.2,1400,0.2,1
7,7,881,1,0,300,0.5,1700,0.5,0
7,8,604,1,0,500,0.6,1000,0.2,1400,0.2,0
7,9,739,2,10,5,0,300,0.5,1700,0.5,0
7,10,516,2,10,5,0,500,0.6,1000,0.2,1400,0.2,0
7,11,463,1,0,500,0.6,1000,0.2,1400,0.2,1
7,12,872,1,0,500,0.6,1000,0.2,1400,0.2,0
7,13,306,1,0,500,0.6,1000,0.2,1400,0.2,0
7,14,364,1,0,500,0.6,1000,0.2,1400,0.2,2
8,0,392,1,0,500,0.6,1000,0.2,1400,0.2,1
8,1,599,0,0,500,0.6,1000,0.2,1400,0.2,0
8,2,772,1,0,300,0.5,1700,0.5,2
8,3,126,0,0,500,0.6,1000,0.2,1400,0.2,0
8,4,482,0,0,500,0.6,1000,0.2,1400,0.2,0
8,5,395,0,0,300,0.5,1700,0.5,1
8,6,519,2,10,5,0,500,0.6,1000,0.2,1400,0.2,0
8,7,438,2,10,5,0,300,0.5,1700,0.5,1
8,8,157,1,0,300,0.5,1700,0.5,2
8,9,664,2,10,5,0,300,0.5,1700,0.5,1
8,10,170,1,0,500,0.6,1000,0.2,1400,0.2,2
8,11,854,2,10,5,0,300,0.5,1700,0.5,1
8,12,893,0,0,500,0.6,1000,0.2,1400,0.2,0
8,13,934,1,0,300,0.5,1700,0.5,2
8,14,948,0,0,500,0.6,1000,0.2,1400,0.2,2
9,0,368,2,10,5,0,300,0.5,1700,0.5,0
9,1,967,0,0,300,0.5,1700,0.5,2
9,2,519,2,10,5,0,300,0.5,1700,0.5,2
9,3,603,0,0,300,0.5,1700,0.5,0
9,4,894,1,0,500,0.6,1000,0.2,1400,0.2,1
9,5,876,0,0,300,0.5,1700,0.5,1
9,6,690,1,0,500,0.6,1000,0.2,1400,0.2,1
9,7,598,0,0,500,0.6,1000,0.2,1400,0.2,1
9,8,474,2,10,5,0,300,0.5,1700,0.5,0
9,9,452,2,10,5,0,500,0.6,1000,0.2,1400,0.2,2
9,10,822,0,0,500,0.6,1000,0.2,1400,0.2,0
9,11,413,0,0,300,0.5,1700,0.5,1
9,12,820,0,0,500,0.6,1000,0.2,1400,0.2,1
9,13,268,0,0,300,0.5,1700,0.5,2
9,14,865,0,0,300,0.5,1700,0.5,1
10,0,512,2,10,5,0,300,0.5,1700,0.5,0
10,1,331,0,0,500,0.6,1000,0.2,1400,0.2,0
10,2,202,2,10,5,0,300,0.5,1700,0.5,0
10,3,768,1,0,300,0.5,1700,0.5,2
10,4,701,0,0,500,0.6,1000,0.2,1400,0.2,0
10,5,418,2,10,5,0,500,0.6,1000,0.2,1400,0.2,0
10,6,281,1,0,500,0.6,1000,0.2,1400,0.2,2
10,7,403,2,10,5,0,300,0.5,1700,0.5,2
10,8,804,1,0,300,0.5,1700,0.5,0
10,9,425,0,0,300,0.5,1700,0.5,1
10,10,366,2,10,5,0,500,0.6,1000,0.2,1400,0.2,0
10,11,60,1,0,300,0.5,1700,0.5,2
10,12,628,1,0,500,0.6,1000,0.2,1400,0.2,2
10,13,871,0,0,300,0.5,1700,0.5,1
10,14,807,2,10,5,0,300,0.5,1700,0.5,2
11,0,816,2,10,5,0,300,0.5,1700,0.5,2
11,1,606,0,0,500,0.6,1000,0.2,1400,0.2,2
11,2,154,2,10,5,0,500,0.6,1000,0.2,1400,0.2,0
11,3,13,1,0,300,0.5,1700,0.5,1
11,4,227,2,10,5,0,300,0.5,1700,0.5,2
11,5,46,1,0,500,0.6,1000,0.2,1400,0.2,1
11,6,129,0,0,500,0.6,1000,0.2,1400,0.2,1
11,7,293,1,0,300,0.5,1700,0.5,0
11,8,902,1,0,500,0.6,1000,0.2,1400,0.2,0
11,9,914,0,0,300,0.5,1700,0.5,2
11,10,930,2,10,5,0,500,0.6,1000,0.2,1400,0.2,1
11,11,50,2,10,5,0,500,0.6,1000,0.2,1400,0.2,1
11,12,252,2,10,5,0,500,0.6,1000,0.2,1400,0.2,0
11,13,881,1,0,300,0.5,1700,0.5,2
11,14,225,0,0,500,0.6,1000,0.2,1400,0.2,0
12,0,863,2,10,5,0,300,0.5,1700,0.5,0
12,1,947,1,0,500,0.6,1000,0.2,1400,0.2,2
12,2,79,1,0,500,0.6,1000,0.2,1400,0.2,0
12,3,239,0,0,500,0.6,1000,0.2,1400,0.2,2
12,4,845,0,0,300,0.5,1700,0.5,1
12,5,324,0,0,300,0.5,1700,0.5,0
12,6,540,2,10,5,0,500,0.6,1000,0.2,1400,0.2,1
12,7,379,2,10,5,0,300,0.5,1700,0.5,0
12,8,19,1,0,300,0.5,1700,0.5,0
12,9,28,2,10,5,0,300,0.5,1700,0.5,0
12,10,576,1,0,300,0.5,1700,0.5,2
12,11,338,1,0,500,0.6,1000,0.2,1400,0.2,2
12,12,792,0,0,300,0.5,1700,0.5,0
12,13,382,0,0,300,0.5,1700,0.5,0
12,14,145,1,0,500,0.6,1000,0.2,1400,0.2,1
13,0,165,0,0,300,0.5,1700,0.5,1
13,1,997,2,10,5,0,500,0.6,1000,0.2,1400,0.2,0
13,2,513,2,10,5,0,500,0.6,1000,0.2,1400,0.2,2
13,3,555,2,10,5,0,500,0.6,1000,0.2,1400,0.2,0
13,4,325,0,0,500,0.6,1000,0.2,1400,0.2,2
13,5,543,1,0,300,0.5,1700,0.5,2
13,6,602,1,0,300,0.5,1700,0.5,2
13,7,291,0,0,300,0.5,1700,0.5,1
13,8,827,2,10,5,0,300,0.5,1700,0.5,1
13,9,17,0,0,500,0.6,1000,0.2,1400,0.2,2
13,10,570,2,10,5,0,300,0.5,1700,0.5,2
13,11,902,0,0,500,0.6,1000,0.2,1400,0.2,0
13,12,312,0,0,300,0.5,1700,0.5,1
13,13,477,0,0,300,0.5,1700,0.5,2
13,14,263,2,10,5,0,300,0.5,1700,0.5,0
14,0,187,0,0,500,0.6,1000,0.2,1400,0.2,1
14,1,880,0,0,500,0.6,1000,0.2,1400,0.2,1
14,2,410,2,10,5,0,300,0.5,1700,0.5,1
14,3,304,1,0,500,0.6,1000,0.2,1400,0.2,0
14,4,595,1,0,500,0.6,1000,0.2,1400,0.2,2
14,5,657,0,0,300,0.5,1700,0.5,1
14,6,745,1,0,300,0.5,1700,0.5,1
14,7,511,1,0,300,0.5,1700,0.5,0
14,8,46,2,10,5,0,500,0.6,1000,0.2,1400,0.2,2
14,9,72,0,0,300,0.5,1700,0.5,0
14,10,794,2,10,5,0,300,0.5,1700,0.5,1
14,11,998,2,10,5,0,500,0.6,1000,0.2,1400,0.2,2
14,12,888,0,0,300,0.5,1700,0.5,1
14,13,134,2,10,5,0,300,0.5,1700,0.5,0
14,14,444,1,0,300,0.5,1700,0.5,2
