0,0,847,1,0,500,0.6,1000,0.2,1400,0.2,0
0,1,888,1,0,300,0.5,1700,0.5,0
0,2,769,1,0,500,0.6,1000,0.2,1400,0.2,1
0,3,347,2,10,5,0,300,0.5,1700,0.5,1
0,4,384,2,10,5,0,300,0.5,1700,0.5,1
0,5,660,0,0,500,0.6,1000,0.2,1400,0.2,1
0,6,135,0,0,300,0.5,1700,0.5,0
0,7,856,1,0,300,0.5,1700,0.5,2
0,8,992,2,10,5,0,300,0.5,1700,0.5,0
0,9,265,1,0,500,0.6,1000,0.2,1400,0.2,2
0,10,103,0,0,500,0.6,1000,0.2,1400,0.2,2
0,11,464,0,0,500,0.6,1000,0.2,1400,0.2,2
0,12,576,0,0,500,0.6,1000,0.2,1400,0.2,0
0,13,828,1,0,300,0.5,1700,0.5,0
0,14,776,0,0,500,0.6,1000,0.2,1400,0.2,1
1,0,393,2,10,5,0,500,0.6,1000,0.2,1400,0.2,1
1,1,570,2,10,5,0,300,0.5,1700,0.5,0
1,2,215,2,10,5,0,300,0.5,1700,0.5,0
1,3,438,0,0,500,0.6,1000,0.2,1400,0.2,2
1,4,711,0,0,500,0.6,1000,0.2,1400,0.2,0
1,5,192,0,0,500,0.6,1000,0.2,1400,0.2,0
1,6,309,2,10,5,0,300,0.5,1700,0.5,0
1,7,168,0,0,500,0.6,1000,0.2,1400,0.2,0
1,8,878,2,10,5,0,500,0.6,1000,0.2,1400,0.2,2
1,9,480,1,0,500,0.6,1000,0.2,1400,0.2,2
1,10,221,1,0,500,0.6,1000,0.2,1400,0.2,2
1,11,362,1,0,300,0.5,1700,0.5,0
1,12,701,1,0,500,0.6,1000,0.2,1400,0.2,1
1,13,859,0,0,300,0.5,1700,0.5,0
1,14,438,0,0,300,0.5,1700,0.5,2
2,0,401,0,0,300,0.5,1700,0.5,1
2,1,854,2,10,5,0,500,0.6,1000,0.2,1400,0.2,1
2,2,370,1,0,300,0.5,1700,0.5,0
2,3,433,2,10,5,0,500,0.6,1000,0.2,1400,0.2,0
2,4,346,2,10,5,0,300,0.5,1700,0.5,2
2,5,302,1,0,500,0.6,1000,0.2,1400,0.2,2
2,6,344,2,10,5,0,300,0.5,1700,0.5,2
2,7,875,1,0,500,0.6,1000,0.2,1400,0.2,2
2,8,149,0,0,300,0.5,1700,0.5,2
2,9,715,1,0,500,0.6,1000,0.2,1400,0.2,1
2,10,373,1,0,300,0.5,1700,0.5,0
2,11,238,2,10,5,0,500,0.6,1000,0.2,1400,0.2,0
2,12,903,1,0,500,0.6,1000,0.2,1400,0.2,1
2,13,472,1,0,300,0.5,1700,0.5,2
2,14,297,1,0,300,0.5,1700,0.5,1
3,0,726,0,0,300,0.5,1700,0.5,0
3,1,534,1,0,300,0.5,1700,0.5,1
3,2,672,2,10,5,0,500,0.6,1000,0.2,1400,0.2,2
3,3,280,2,10,5,0,500,0.6,1000,0.2,1400,0.2,2
3,4,442,2,10,5,0,500,0.6,1000,0.2,1400,0.2,2
3,5,91,0,0,500,0.6,1000,0.2,1400,0.2,1
3,6,866,0,0,300,0.5,1700,0.5,1
3,7,971,0,0,300,0.5,1700,0.5,2
3,8,309,0,0,300,0.5,1700,0.5,2
3,9,700,1,0,500,0.6,1000,0.2,1400,0.2,1
3,10,642,0,0,500,0.6,1000,0.2,1400,0.2,2
3,11,553,2,10,5,0,300,0.5,1700,0.5,2
3,12,759,0,0,500,0.6,1000,0.2,1400,0.2,0
3,13,456,0,0,300,0.5,1700,0.5,1
3,14,298,1,0,300,0.5,1700,0.5,1
4,0,54,2,10,5,0,500,0.6,1000,0.2,1400,0.2,1
4,1,255,2,10,5,0,300,0.5,1700,0.5,2
4,2,48,1,0,500,0.6,1000,0.2,1400,0.2,1
4,3,685,1,0,500,0.6,1000,0.2,1400,0.2,0
4,4,564,0,0,300,0.5,1700,0.5,2
4,5,99,1,0,300,0.5,1700,0.5,0
4,6,362,2,10,5,0,300,0.5,1700,0.5,2
4,7,421,0,0,300,0.5,1700,0.5,1
4,8,104,2,10,5,0,500,0.6,1000,0.2,1400,0.2,1
4,9,929,1,0,300,0.5,1700,0.5,2
4,10,884,0,0,500,0.6,1000,0.2,1400,0.2,0
4,11,333,1,0,500,0.6,1000,0.2,1400,0.2,0
4,12,485,2,10,5,0,500,0.6,1000,0.2,1400,0.2,2
4,13,900,1,0,500,0.6,1000,0.2,1400,0.2,2
4,14,601,2,10,5,0,500,0.6,1000,0.2,1400,0.2,2
5,0,33,0,0,500,0.6,1000,0.2,1400,0.2,0
5,1,573,1,0,300,0.5,1700,0.5,1
5,2,196,0,0,300,0.5,1700,0.5,2
5,3,552,0,0,500,0.6,1000,0.2,1400,0.2,0
5,4,971,1,0,300,0.5,1700,0.5,1
5,5,430,0,0,300,0.5,1700,0.5,1
5,6,197,2,10,5,0,300,0.5,1700,0.5,1
5,7,624,1,0,500,0.6,1000,0.2,1400,0.2,1
5,8,451,1,0,300,0.5,1700,0.5,1
5,9,12,1,0,300,0.5,1700,0.5,0
5,10,664,2,10,5,0,300,0.5,1700,0.5,0
5,11,175,2,10,5,0,500,0.6,1000,0.2,1400,0.2,0
5,12,545,0,0,500,0.6,1000,0.2,1400,0.2,1
5,13,54,2,10,5,0,500,0.6,1000,0.2,1400,0.2,0
5,14,718,0,0,300,0.5,1700,0.5,0
6,0,981,0,0,300,0.5,1700,0.5,2
6,1,744,1,0,500,0.6,1000,0.2,1400,0.2,0
6,2,997,2,10,5,0,500,0.6,1000,0.2,1400,0.2,1
6,3,320,1,0,500,0.6,1000,0.2,1400,0.2,0
6,4,518,2,10,5,0,500,0.6,1000,0.2,1400,0.2,1
6,5,833,1,0,500,0.6,1000,0.2,1400,0.2,2
6,6,45,2,10,5,0,500,0.6,1000,0.2,1400,0.2,2
6,7,732,2,10,5,0,300,0.5,1700,0.5,2
6,8,747,0,0,500,0.6,1000,0.2,1400,0.2,1
6,9,775,1,0,300,0.5,1700,0.5,2
6,10,505,1,0,300,0.5,1700,0.5,2
6,11,756,0,0,500,0.6,1000,0.2,1400,0.2,1
6,12,343,2,10,5,0,300,0.5,1700,0.5,0
6,13,842,1,0,500,0.6,1000,0.2,1400,0.2,2
6,14,72,0,0,500,0.6,1000,0.2,1400,0.2,2
7,0,994,1,0,300,0.5,1700,0.5,1
7,1,895,2,10,5,0,500,0.6,1000,0.2,1400,0.2,1
7,2,10,0,0,500,0.6,1000,0.2,1400,0.2,0
7,3,694,2,10,5,0,300,0.5,1700,0.5,2
7,4,784,1,0,500,0.6,1000,0.2,1400,0.2,1
7,5,358,2,10,5,0,300,0.5,1700,0.5,0
7,6,39,0,0,300,0.5,1700,0.5,1
7,7,617,2,10,5,0,300,0.5,1700,0.5,1
7,8,342,1,0,300,0.5,1700,0.5,1
7,9,332,0,0,300,0.5,1700,0.5,0
7,10,97,1,0,500,0.6,1000,0.2,1400,0.2,2
7,11,843,1,0,500,0.6,1000,0.2,1400,0.2,1
7,12,849,0,0,300,0.5,1700,0.5,0
7,13,666,1,0,300,0.5,1700,0.5,2
7,14,775,0,0,500,0.6,1000,0.2,1400,0.2,1
8,0,18,2,10,5,0,300,0.5,1700,0.5,0
8,1,82,0,0,300,0.5,1700,0.5,2
8,2,661,1,0,500,0.6,1000,0.2,1400,0.2,1
8,3,82,1,0,300,0.5,1700,0.5,0
8,4,666,1,0,500,0.6,1000,0.2,1400,0.2,0
8,5,757,2,10,5,0,500,0.6,1000,0.2,1400,0.2,2
8,6,102,0,0,300,0.5,1700,0.5,0
8,7,616,0,0,300,0.5,1700,0.5,2
8,8,149,1,0,300,0.5,1700,0.5,1
8,9,860,1,0,500,0.6,1000,0.2,1400,0.2,2
8,10,710,0,0,500,0.6,1000,0.2,1400,0.2,1
8,11,435,1,0,300,0.5,1700,0.5,1
8,12,937,2,10,5,0,500,0.6,1000,0.2,1400,0.2,1
8,13,28,2,10,5,0,500,0.6,1000,0.2,1400,0.2,2
8,14,907,0,0,500,0.6,1000,0.2,1400,0.2,0
9,0,239,1,0,500,0.6,1000,0.2,1400,0.2,1
9,1,383,1,0,300,0.5,1700,0.5,1
9,2,682,1,0,300,0.5,1700,0.5,2
9,3,996,0,0,500,0.6,1000,0.2,1400,0.2,1
9,4,740,1,0,300,0.5,1700,0.5,1
9,5,566,1,0,300,0.5,1700,0.5,1
9,6,291,2,10,5,0,300,0.5,1700,0.5,2
9,7,203,1,0,500,0.6,1000,0.2,1400,0.2,2
9,8,273,0,0,500,0.6,1000,0.2,1400,0.2,0
9,9,877,2,10,5,0,300,0.5,1700,0.5,1
9,10,201,0,0,300,0.5,1700,0.5,2
9,11,701,2,10,5,0,500,0.6,1000,0.2,1400,0.2,2
9,12,386,0,0,300,0.5,1700,0.5,0
9,13,80,2,10,5,0,300,0.5,1700,0.5,0
9,14,181,0,0,500,0.6,1000,0.2,1400,0.2,2
10,0,611,1,0,500,0.6,1000,0.2,1400,0.2,1
10,1,528,2,10,5,0,300,0.5,1700,0.5,1
10,2,984,1,0,300,0.5,1700,0.5,0
10,3,579,1,0,500,0.6,1000,0.2,1400,0.2,1
10,4,277,1,0,500,0.6,1000,0.2,1400,0.2,2
10,5,887,2,10,5,0,500,0.6,1000,0.2,1400,0.2,2
10,6,989,1,0,300,0.5,1700,0.5,2
10,7,316,1,0,300,0.5,1700,0.5,0
10,8,36,2,10,5,0,500,0.6,1000,0.2,1400,0.2,2
10,9,236,0,0,500,0.6,1000,0.2,1400,0.2,1
10,10,954,2,10,5,0,300,0.5,1700,0.5,2
10,11,31,1,0,300,0.5,1700,0.5,0
10,12,287,1,0,500,0.6,1000,0.2,1400,0.2,1
10,13,97,0,0,300,0.5,1700,0.5,0
10,14,295,2,10,5,0,500,0.6,1000,0.2,1400,0.2,1
11,0,860,0,0,300,0.5,1700,0.5,1
11,1,97,1,0,500,0.6,1000,0.2,1400,0.2,1
11,2,938,2,10,5,0,300,0.5,1700,0.5,0
11,3,866,0,0,500,0.6,1000,0.2,1400,0.2,0
11,4,642,0,0,500,0.6,1000,0.2,1400,0.2,0
11,5,266,2,10,5,0,500,0.6,1000,0.2,1400,0.2,0
11,6,446,2,10,5,0,300,0.5,1700,0.5,1
11,7,597,2,10,5,0,300,0.5,1700,0.5,0
11,8,680,2,10,5,0,500,0.6,1000,0.2,1400,0.2,0
11,9,907,2,10,5,0,300,0.5,1700,0.5,2
11,10,664,2,10,5,0,300,0.5,1700,0.5,2
11,11,391,1,0,300,0.5,1700,0.5,1
11,12,405,1,0,500,0.6,1000,0.2,1400,0.2,0
11,13,33,2,10,5,0,500,0.6,1000,0.2,1400,0.2,0
11,14,951,1,0,300,0.5,1700,0.5,0
12,0,619,1,0,500,0.6,1000,0.2,1400,0.2,2
12,1,184,1,0,500,0.6,1000,0.2,1400,0.2,0
12,2,632,2,10,5,0,500,0.6,1000,0.2,1400,0.2,0
12,3,33,2,10,5,0,500,0.6,1000,0.2,1400,0.2,2
12,4,378,2,10,5,0,500,0.6,1000,0.2,1400,0.2,0
12,5,205,0,0,500,0.6,1000,0.2,1400,0.2,0
12,6,382,2,10,5,0,300,0.5,1700,0.5,2
12,7,223,2,10,5,0,300,0.5,1700,0.5,1
12,8,300,1,0,300,0.5,1700,0.5,2
12,9,737,0,0,500,0.6,1000,0.2,1400,0.2,2
12,10,485,0,0,300,0.5,1700,0.5,2
12,11,34,2,10,5,0,500,0.6,1000,0.2,1400,0.2,1
12,12,740,1,0,500,0.6,1000,0.2,1400,0.2,2
12,13,289,1,0,300,0.5,1700,0.5,0
12,14,166,2,10,5,0,500,0.6,1000,0.2,1400,0.2,2
13,0,106,2,10,5,0,500,0.6,1000,0.2,1400,0.2,2
13,1,517,1,0,500,0.6,1000,0.2,1400,0.2,2
13,2,948,2,10,5,0,300,0.5,1700,0.5,0
13,3,388,2,10,5,0,500,0.6,1000,0.2,1400,0.2,2
13,4,793,2,10,5,0,300,0.5,1700,0.5,0
13,5,250,0,0,500,0.6,1000,0.2,1400,0.2,2
13,6,191,0,0,300,0.5,1700,0.5,2
13,7,555,1,0,300,0.5,1700,0.5,0
13,8,97,2,10,5,0,500,0.6,1000,0.2,1400,0.2,0
13,9,528,1,0,300,0.5,1700,0.5,1
13,10,342,0,0,300,0.5,1700,0.5,0
13,11,336,0,0,500,0.6,1000,0.2,1400,0.2,2
13,12,200,0,0,300,0.5,1700,0.5,2
13,13,643,1,0,300,0.5,1700,0.5,1
13,14,61,1,0,500,0.6,1000,0.2,1400,0.2,0
14,0,773,0,0,500,0.6,1000,0.2,1400,0.2,1
14,1,435,0,0,500,0.6,1000,0.2,1400,0.2,2
14,2,319,2,10,5,0,500,0.6,1000,0.2,1400,0.2,0
14,3,306,1,0,500,0.6,1000,0.2,1400,0.2,2
14,4,529,0,0,300,0.5,1700,0.5,2
14,5,440,0,0,300,0.5,1700,0.5,1
14,6,410,1,0,300,0.5,1700,0.5,2
14,7,719,0,0,300,0.5,1700,0.5,0
14,8,600,1,0,500,0.6,1000,0.2,1400,0.2,0
14,9,733,2,10,5,0,500,0.6,1000,0.2,1400,0.2,2
14,10,14,1,0,500,0.6,1000,0.2,1400,0.2,2
14,11,391,1,0,500,0.6,1000,0.2,1400,0.2,1
14,12,118,0,0,500,0.6,1000,0.2,1400,0.2,2
14,13,739,0,0,500,0.6,1000,0.2,1400,0.2,0
14,14,322,0,0,500,0.6,1000,0.2,1400,0.2,1
