0,0,447,0,0,500,0.6,1000,0.2,1400,0.2,2
0,1,986,1,0,500,0.6,1000,0.2,1400,0.2,1
0,2,208,2,10,5,0,300,0.5,1700,0.5,1
0,3,573,1,0,300,0.5,1700,0.5,0
0,4,858,1,0,500,0.6,1000,0.2,1400,0.2,0
0,5,74,0,0,500,0.6,1000,0.2,1400,0.2,0
0,6,983,0,0,300,0.5,1700,0.5,1
0,7,875,2,10,5,0,300,0.5,1700,0.5,2
0,8,947,0,0,300,0.5,1700,0.5,2
0,9,990,1,0,300,0.5,1700,0.5,1
0,10,460,0,0,500,0.6,1000,0.2,1400,0.2,2
0,11,763,1,0,300,0.5,1700,0.5,2
0,12,61,2,10,5,0,300,0.5,1700,0.5,1
0,13,175,2,10,5,0,300,0.5,1700,0.5,2
0,14,729,0,0,500,0.6,1000,0.2,1400,0.2,0
1,0,991,1,0,500,0.6,1000,0.2,1400,0.2,2
1,1,79,2,10,5,0,500,0.6,1000,0.2,1400,0.2,1
1,2,924,1,0,300,0.5,1700,0.5,0
1,3,355,0,0,500,0.6,1000,0.2,1400,0.2,2
1,4,561,0,0,300,0.5,1700,0.5,0
1,5,393,0,0,500,0.6,1000,0.2,1400,0.2,2
1,6,274,1,0,300,0.5,1700,0.5,2
1,7,423,1,0,500,0.6,1000,0.2,1400,0.2,1
1,8,312,2,10,5,0,500,0.6,1000,0.2,1400,0.2,2
1,9,552,2,10,5,0,300,0.5,1700,0.5,0
1,10,194,0,0,500,0.6,1000,0.2,1400,0.2,2
1,11,622,0,0,300,0.5,1700,0.5,2
1,12,22,1,0,500,0.6,1000,0.2,1400,0.2,2
1,13,753,1,0,500,0.6,1000,0.2,1400,0.2,2
1,14,942,0,0,300,0.5,1700,0.5,2
2,0,919,1,0,500,0.6,1000,0.2,1400,0.2,0
2,1,604,1,0,500,0.6,1000,0.2,1400,0.2,0
2,2,656,1,0,300,0.5,1700,0.5,2
2,3,144,2,10,5,0,500,0.6,1000,0.2,1400,0.2,1
2,4,511,0,0,300,0.5,1700,0.5,1
2,5,28,0,0,300,0.5,1700,0.5,1
2,6,480,0,0,300,0.5,1700,0.5,0
2,7,679,2,10,5,0,300,0.5,1700,0.5,0
2,8,574,2,10,5,0,300,0.5,1700,0.5,0
2,9,591,2,10,5,0,500,0.6,1000,0.2,1400,0.2,1
2,10,568,2,10,5,0,500,0.6,1000,0.2,1400,0.2,0
2,11,359,0,0,300,0.5,1700,0.5,2
2,12,583,1,0,300,0.5,1700,0.5,1
2,13,653,0,0,300,0.5,1700,0.5,2
2,14,218,0,0,300,0.5,1700,0.5,2
3,0,880,0,0,500,0.6,1000,0.2,1400,0.2,2
3,1,467,2,10,5,0,300,0.5,1700,0.5,0
3,2,368,2,10,5,0,500,0.6,1000,0.2,1400,0.2,0
3,3,670,0,0,300,0.5,1700,0.5,0
3,4,235,0,0,300,0.5,1700,0.5,0
3,5,205,1,0,500,0.6,1000,0.2,1400,0.2,1
3,6,54,1,0,300,0.5,1700,0.5,2
3,7,79,1,0,300,0.5,1700,0.5,1
3,8,817,0,0,300,0.5,1700,0.5,2
3,9,782,0,0,500,0.6,1000,0.2,1400,0.2,0
3,10,873,0,0,500,0.6,1000,0.2,1400,0.2,0
3,11,295,0,0,300,0.5,1700,0.5,1
3,12,185,0,0,500,0.6,1000,0.2,1400,0.2,0
3,13,455,2,10,5,0,500,0.6,1000,0.2,1400,0.2,0
3,14,504,2,10,5,0,500,0.6,1000,0.2,1400,0.2,0
4,0,806,1,0,500,0.6,1000,0.2,1400,0.2,0
4,1,137,2,10,5,0,500,0.6,1000,0.2,1400,0.2,0
4,2,149,0,0,300,0.5,1700,0.5,2
4,3,885,2,10,5,0,500,0.6,1000,0.2,1400,0.2,0
4,4,606,0,0,500,0.6,1000,0.2,1400,0.2,2
4,5,327,2,10,5,0,300,0.5,1700,0.5,1
4,6,529,0,0,500,0.6,1000,0.2,1400,0.2,2
4,7,608,2,10,5,0,300,0.5,1700,0.5,1
4,8,671,0,0,500,0.6,1000,0.2,1400,0.2,1
4,9,576,0,0,300,0.5,1700,0.5,2
4,10,350,1,0,300,0.5,1700,0.5,2
4,11,177,0,0,500,0.6,1000,0.2,1400,0.2,0
4,12,773,2,10,5,0,500,0.6,1000,0.2,1400,0.2,2
4,13,123,0,0,300,0.5,1700,0.5,0
4,14,491,1,0,500,0.6,1000,0.2,1400,0.2,2
5,0,533,2,10,5,0,300,0.5,1700,0.5,1
5,1,756,0,0,300,0.5,1700,0.5,1
5,2,165,0,0,500,0.6,1000,0.2,1400,0.2,1
5,3,593,1,0,300,0.5,1700,0.5,0
5,4,392,1,0,500,0.6,1000,0.2,1400,0.2,1
5,5,388,1,0,300,0.5,1700,0.5,0
5,6,385,2,10,5,0,300,0.5,1700,0.5,0
5,7,481,1,0,500,0.6,1000,0.2,1400,0.2,2
5,8,602,0,0,300,0.5,1700,0.5,1
5,9,545,0,0,500,0.6,1000,0.2,1400,0.2,1
5,10,402,2,10,5,0,300,0.5,1700,0.5,1
5,11,521,0,0,500,0.6,1000,0.2,1400,0.2,0
5,12,261,2,10,5,0,500,0.6,1000,0.2,1400,0.2,2
5,13,693,2,10,5,0,500,0.6,1000,0.2,1400,0.2,2
5,14,469,2,10,5,0,500,0.6,1000,0.2,1400,0.2,1
6,0,128,2,10,5,0,500,0.6,1000,0.2,1400,0.2,1
6,1,562,0,0,300,0.5,1700,0.5,0
6,2,585,1,0,500,0.6,1000,0.2,1400,0.2,0
6,3,31,2,10,5,0,300,0.5,1700,0.5,2
6,4,107,1,0,300,0.5,1700,0.5,0
6,5,621,1,0,300,0.5,1700,0.5,2
6,6,270,2,10,5,0,500,0.6,1000,0.2,1400,0.2,0
6,7,854,1,0,300,0.5,1700,0.5,2
6,8,611,2,10,5,0,500,0.6,1000,0.2,1400,0.2,0
6,9,509,2,10,5,0,500,0.6,1000,0.2,1400,0.2,1
6,10,320,2,10,5,0,500,0.6,1000,0.2,1400,0.2,1
6,11,333,1,0,300,0.5,1700,0.5,1
6,12,318,0,0,300,0.5,1700,0.5,0
6,13,292,2,10,5,0,500,0.6,1000,0.2,1400,0.2,0
6,14,218,0,0,500,0.6,1000,0.2,1400,0.2,1
7,0,945,0,0,500,0.6,1000,0.2,1400,0.2,2
7,1,400,0,0,300,0.5,1700,0.5,1
7,2,218,0,0,500,0.6,1000,0.2,1400,0.2,0
7,3,724,1,0,500,0.6,1000,0.2,1400,0.2,0
7,4,279,1,0,500,0.6,1000,0.2,1400,0.2,0
7,5,691,2,10,5,0,300,0.5,1700,0.5,2
7,6,571,0,0,500,0.6,1000,0.2,1400,0.2,0
7,7,300,0,0,500,0.6,1000,0.2,1400,0.2,1
7,8,869,0,0,300,0.5,1700,0.5,0
7,9,369,2,10,5,0,300,0.5,1700,0.5,0
7,10,56,2,10,5,0,300,0.5,1700,0.5,1
7,11,250,1,0,500,0.6,1000,0.2,1400,0.2,0
7,12,471,2,10,5,0,300,0.5,1700,0.5,2
7,13,490,0,0,500,0.6,1000,0.2,1400,0.2,1
7,14,999,2,10,5,0,300,0.5,1700,0.5,0
8,0,568,0,0,500,0.6,1000,0.2,1400,0.2,2
8,1,947,2,10,5,0,300,0.5,1700,0.5,0
8,2,321,1,0,500,0.6,1000,0.2,1400,0.2,1
8,3,196,1,0,500,0.6,1000,0.2,1400,0.2,0
8,4,549,2,10,5,0,500,0.6,1000,0.2,1400,0.2,2
8,5,279,2,10,5,0,500,0.6,1000,0.2,1400,0.2,2
8,6,989,1,0,500,0.6,1000,0.2,1400,0.2,1
8,7,860,2,10,5,0,500,0.6,1000,0.2,1400,0.2,1
8,8,582,1,0,500,0.6,1000,0.2,1400,0.2,2
8,9,943,0,0,300,0.5,1700,0.5,1
8,10,147,0,0,500,0.6,1000,0.2,1400,0.2,1
8,11,582,0,0,300,0.5,1700,0.5,2
8,12,134,0,0,300,0.5,1700,0.5,1
8,13,653,1,0,500,0.6,1000,0.2,1400,0.2,0
8,14,917,2,10,5,0,300,0.5,1700,0.5,0
9,0,247,1,0,300,0.5,1700,0.5,1
9,1,101,1,0,300,0.5,1700,0.5,1
9,2,421,0,0,500,0.6,1000,0.2,1400,0.2,1
9,3,512,0,0,500,0.6,1000,0.2,1400,0.2,1
9,4,898,1,0,500,0.6,1000,0.2,1400,0.2,2
9,5,394,1,0,500,0.6,1000,0.2,1400,0.2,1
9,6,122,2,10,5,0,500,0.6,1000,0.2,1400,0.2,0
9,7,163,2,10,5,0,500,0.6,1000,0.2,1400,0.2,2
9,8,336,2,10,5,0,300,0.5,1700,0.5,0
9,9,964,2,10,5,0,500,0.6,1000,0.2,1400,0.2,2
9,10,597,1,0,500,0.6,1000,0.2,1400,0.2,0
9,11,605,0,0,300,0.5,1700,0.5,2
9,12,958,1,0,500,0.6,1000,0.2,1400,0.2,2
9,13,275,2,10,5,0,300,0.5,1700,0.5,2
9,14,485,0,0,300,0.5,1700,0.5,0
10,0,218,0,0,500,0.6,1000,0.2,1400,0.2,0
10,1,745,2,10,5,0,500,0.6,1000,0.2,1400,0.2,1
10,2,534,0,0,500,0.6,1000,0.2,1400,0.2,2
10,3,544,1,0,300,0.5,1700,0.5,1
10,4,943,0,0,500,0.6,1000,0.2,1400,0.2,1
10,5,416,0,0,300,0.5,1700,0.5,1
10,6,695,2,10,5,0,300,0.5,1700,0.5,1
10,7,478,0,0,300,0.5,1700,0.5,2
10,8,400,0,0,500,0.6,1000,0.2,1400,0.2,0
10,9,449,1,0,500,0.6,1000,0.2,1400,0.2,0
10,10,752,0,0,500,0.6,1000,0.2,1400,0.2,2
10,11,708,2,10,5,0,500,0.6,1000,0.2,1400,0.2,2
10,12,457,0,0,300,0.5,1700,0.5,0
10,13,532,2,10,5,0,300,0.5,1700,0.5,0
10,14,618,0,0,500,0.6,1000,0.2,1400,0.2,0
11,0,673,0,0,500,0.6,1000,0.2,1400,0.2,0
11,1,283,2,10,5,0,500,0.6,1000,0.2,1400,0.2,0
11,2,818,0,0,500,0.6,1000,0.2,1400,0.2,2
11,3,280,2,10,5,0,300,0.5,1700,0.5,2
11,4,765,2,10,5,0,300,0.5,1700,0.5,1
11,5,574,2,10,5,0,300,0.5,1700,0.5,0
11,6,578,0,0,300,0.5,1700,0.5,1
11,7,146,0,0,500,0.6,1000,0.2,1400,0.2,0
11,8,591,0,0,300,0.5,1700,0.5,1
11,9,721,1,0,500,0.6,1000,0.2,1400,0.2,1
11,10,199,0,0,300,0.5,1700,0.5,1
11,11,111,1,0,300,0.5,1700,0.5,1
11,12,797,0,0,500,0.6,1000,0.2,1400,0.2,2
11,13,17,2,10,5,0,300,0.5,1700,0.5,1
11,14,479,1,0,500,0.6,1000,0.2,1400,0.2,1
12,0,797,0,0,300,0.5,1700,0.5,2
12,1,948,2,10,5,0,300,0.5,1700,0.5,1
12,2,370,1,0,300,0.5,1700,0.5,0
12,3,242,0,0,300,0.5,1700,0.5,2
12,4,300,1,0,300,0.5,1700,0.5,2
12,5,243,0,0,500,0.6,1000,0.2,1400,0.2,0
12,6,330,2,10,5,0,500,0.6,1000,0.2,1400,0.2,1
12,7,717,2,10,5,0,500,0.6,1000,0.2,1400,0.2,2
12,8,547,2,10,5,0,500,0.6,1000,0.2,1400,0.2,0
12,9,881,2,10,5,0,500,0.6,1000,0.2,1400,0.2,0
12,10,860,0,0,500,0.6,1000,0.2,1400,0.2,2
12,11,562,2,10,5,0,300,0.5,1700,0.5,2
12,12,401,1,0,300,0.5,1700,0.5,0
12,13,166,0,0,300,0.5,1700,0.5,0
12,14,324,1,0,300,0.5,1700,0.5,1
13,0,542,0,0,500,0.6,1000,0.2,1400,0.2,0
13,1,417,1,0,500,0.6,1000,0.2,1400,0.2,0
13,2,42,2,10,5,0,300,0.5,1700,0.5,0
13,3,385,0,0,500,0.6,1000,0.2,1400,0.2,1
13,4,989,1,0,500,0.6,1000,0.2,1400,0.2,1
13,5,134,0,0,300,0.5,1700,0.5,2
13,6,373,1,0,300,0.5,1700,0.5,1
13,7,82,0,0,300,0.5,1700,0.5,1
13,8,298,2,10,5,0,300,0.5,1700,0.5,2
13,9,124,0,0,500,0.6,1000,0.2,1400,0.2,2
13,10,155,1,0,300,0.5,1700,0.5,0
13,11,436,2,10,5,0,500,0.6,1000,0.2,1400,0.2,2
13,12,318,2,10,5,0,500,0.6,1000,0.2,1400,0.2,0
13,13,278,1,0,300,0.5,1700,0.5,0
13,14,382,1,0,500,0.6,1000,0.2,1400,0.2,0
14,0,367,1,0,500,0.6,1000,0.2,1400,0.2,2
14,1,305,1,0,500,0.6,1000,0.2,1400,0.2,1
14,2,493,0,0,500,0.6,1000,0.2,1400,0.2,2
14,3,90,1,0,500,0.6,1000,0.2,1400,0.2,2
14,4,440,1,0,500,0.6,1000,0.2,1400,0.2,2
14,5,302,0,0,500,0.6,1000,0.2,1400,0.2,1
14,6,711,2,10,5,0,300,0.5,1700,0.5,0
14,7,676,1,0,300,0.5,1700,0.5,1
14,8,589,1,0,300,0.5,1700,0.5,1
14,9,703,1,0,300,0.5,1700,0.5,1
14,10,252,0,0,500,0.6,1000,0.2,1400,0.2,0
14,11,80,2,10,5,0,500,0.6,1000,0.2,1400,0.2,1
14,12,599,0,0,300,0.5,1700,0.5,2
14,13,182,1,0,300,0.5,1700,0.5,0
14,14,548,1,0,300,0.5,1700,0.5,1
