0,0,125,2,10,5,0,300,0.5,1700,0.5,2
0,1,674,2,10,5,0,300,0.5,1700,0.5,0
0,2,963,0,0,500,0.6,1000,0.2,1400,0.2,1
0,3,432,1,0,300,0.5,1700,0.5,2
0,4,489,0,0,500,0.6,1000,0.2,1400,0.2,1
0,5,140,1,0,300,0.5,1700,0.5,1
0,6,277,0,0,500,0.6,1000,0.2,1400,0.2,1
0,7,643,2,10,5,0,300,0.5,1700,0.5,1
0,8,441,2,10,5,0,300,0.5,1700,0.5,2
0,9,145,1,0,300,0.5,1700,0.5,0
0,10,236,1,0,500,0.6,1000,0.2,1400,0.2,2
0,11,155,0,0,500,0.6,1000,0.2,1400,0.2,2
0,12,135,2,10,5,0,300,0.5,1700,0.5,1
0,13,577,1,0,300,0.5,1700,0.5,2
0,14,265,2,10,5,0,500,0.6,1000,0.2,1400,0.2,2
1,0,467,1,0,300,0.5,1700,0.5,0
1,1,790,1,0,300,0.5,1700,0.5,1
1,2,974,1,0,500,0.6,1000,0.2,1400,0.2,0
1,3,101,2,10,5,0,300,0.5,1700,0.5,1
1,4,146,0,0,300,0.5,1700,0.5,0
1,5,328,2,10,5,0,500,0.6,1000,0.2,1400,0.2,0
1,6,582,2,10,5,0,500,0.6,1000,0.2,1400,0.2,1
1,7,696,2,10,5,0,500,0.6,1000,0.2,1400,0.2,0
1,8,878,1,0,300,0.5,1700,0.5,1
1,9,282,2,10,5,0,500,0.6,1000,0.2,1400,0.2,0
1,10,709,1,0,500,0.6,1000,0.2,1400,0.2,1
1,11,235,1,0,500,0.6,1000,0.2,1400,0.2,2
1,12,900,1,0,500,0.6,1000,0.2,1400,0.2,2
1,13,972,0,0,300,0.5,1700,0.5,1
1,14,120,1,0,300,0.5,1700,0.5,1
2,0,695,2,10,5,0,300,0.5,1700,0.5,2
2,1,568,1,0,500,0.6,1000,0.2,1400,0.2,1
2,2,537,1,0,300,0.5,1700,0.5,2
2,3,907,1,0,300,0.5,1700,0.5,2
2,4,22,2,10,5,0,500,0.6,1000,0.2,1400,0.2,0
2,5,616,2,10,5,0,500,0.6,1000,0.2,1400,0.2,2
2,6,804,2,10,5,0,300,0.5,1700,0.5,0
2,7,161,1,0,500,0.6,1000,0.2,1400,0.2,1
2,8,129,2,10,5,0,500,0.6,1000,0.2,1400,0.2,2
2,9,448,1,0,300,0.5,1700,0.5,1
2,10,393,2,10,5,0,500,0.6,1000,0.2,1400,0.2,1
2,11,551,2,10,5,0,500,0.6,1000,0.2,1400,0.2,1
2,12,15,0,0,300,0.5,1700,0.5,1
2,13,860,2,10,5,0,300,0.5,1700,0.5,2
2,14,414,1,0,300,0.5,1700,0.5,2
3,0,677,0,0,300,0.5,1700,0.5,0
3,1,540,0,0,300,0.5,1700,0.5,0
3,2,631,2,10,5,0,500,0.6,1000,0.2,1400,0.2,1
3,3,19,1,0,500,0.6,1000,0.2,1400,0.2,1
3,4,381,0,0,500,0.6,1000,0.2,1400,0.2,0
3,5,703,1,0,500,0.6,1000,0.2,1400,0.2,1
3,6,654,1,0,300,0.5,1700,0.5,1
3,7,99,2,10,5,0,500,0.6,1000,0.2,1400,0.2,0
3,8,883,1,0,500,0.6,1000,0.2,1400,0.2,1
3,9,89,2,10,5,0,300,0.5,1700,0.5,2
3,10,793,1,0,300,0.5,1700,0.5,2
3,11,431,1,0,500,0.6,1000,0.2,1400,0.2,2
3,12,638,1,0,500,0.6,1000,0.2,1400,0.2,1
3,13,579,0,0,500,0.6,1000,0.2,1400,0.2,2
3,14,528,2,10,5,0,300,0.5,1700,0.5,1
4,0,737,1,0,300,0.5,1700,0.5,2
4,1,993,1,0,500,0.6,1000,0.2,1400,0.2,2
4,2,547,0,0,500,0.6,1000,0.2,1400,0.2,2
4,3,279,0,0,300,0.5,1700,0.5,0
4,4,307,0,0,300,0.5,1700,0.5,1
4,5,250,1,0,300,0.5,1700,0.5,0
4,6,130,0,0,500,0.6,1000,0.2,1400,0.2,1
4,7,630,1,0,300,0.5,1700,0.5,0
4,8,162,2,10,5,0,300,0.5,1700,0.5,1
4,9,253,1,0,500,0.6,1000,0.2,1400,0.2,2
4,10,261,0,0,300,0.5,1700,0.5,2
4,11,546,0,0,300,0.5,1700,0.5,0
4,12,715,1,0,300,0.5,1700,0.5,2
4,13,414,1,0,500,0.6,1000,0.2,1400,0.2,2
4,14,561,1,0,500,0.6,1000,0.2,1400,0.2,0
5,0,662,0,0,300,0.5,1700,0.5,1
5,1,384,1,0,500,0.6,1000,0.2,1400,0.2,1
5,2,853,2,10,5,0,500,0.6,1000,0.2,1400,0.2,0
5,3,315,2,10,5,0,300,0.5,1700,0.5,2
5,4,275,2,10,5,0,300,0.5,1700,0.5,0
5,5,842,2,10,5,0,500,0.6,1000,0.2,1400,0.2,0
5,6,705,0,0,500,0.6,1000,0.2,1400,0.2,1
5,7,635,0,0,500,0.6,1000,0.2,1400,0.2,1
5,8,402,1,0,500,0.6,1000,0.2,1400,0.2,1
5,9,116,1,0,300,0.5,1700,0.5,2
5,10,208,2,10,5,0,300,0.5,1700,0.5,0
5,11,339,0,0,500,0.6,1000,0.2,1400,0.2,2
5,12,461,0,0,300,0.5,1700,0.5,1
5,13,35,1,0,500,0.6,1000,0.2,1400,0.2,1
5,14,578,0,0,500,0.6,1000,0.2,1400,0.2,2
6,0,39,2,10,5,0,500,0.6,1000,0.2,1400,0.2,2
6,1,397,0,0,500,0.6,1000,0.2,1400,0.2,0
6,2,295,0,0,300,0.5,1700,0.5,2
6,3,673,1,0,300,0.5,1700,0.5,0
6,4,77,2,10,5,0,300,0.5,1700,0.5,1
6,5,802,0,0,500,0.6,1000,0.2,1400,0.2,0
6,6,293,1,0,500,0.6,1000,0.2,1400,0.2,2
6,7,196,2,10,5,0,300,0.5,1700,0.5,2
6,8,207,0,0,500,0.6,1000,0.2,1400,0.2,2
6,9,145,2,10,5,0,500,0.6,1000,0.2,1400,0.2,1
6,10,972,2,10,5,0,500,0.6,1000,0.2,1400,0.2,2
6,11,252,0,0,500,0.6,1000,0.2,1400,0.2,0
6,12,328,2,10,5,0,300,0.5,1700,0.5,2
6,13,798,0,0,500,0.6,1000,0.2,1400,0.2,2
6,14,844,1,0,300,0.5,1700,0.5,1
7,0,76,2,10,5,0,300,0.5,1700,0.5,2
7,1,368,1,0,500,0.6,1000,0.2,1400,0.2,1
7,2,111,2,10,5,0,300,0.5,1700,0.5,1
7,3,750,2,10,5,0,500,0.6,1000,0.2,1400,0.2,2
7,4,229,0,0,300,0.5,1700,0.5,2
7,5,325,1,0,500,0.6,1000,0.2,1400,0.2,0
7,6,168,1,0,300,0.5,1700,0.5,2
7,7,213,0,0,500,0.6,1000,0.2,1400,0.2,0
7,8,742,2,10,5,0,300,0.5,1700,0.5,0
7,9,987,2,10,5,0,500,0.6,1000,0.2,1400,0.2,1
7,10,835,1,0,500,0.6,1000,0.2,1400,0.2,2
7,11,296,1,0,300,0.5,1700,0.5,0
7,12,332,0,0,500,0.6,1000,0.2,1400,0.2,1
7,13,373,1,0,300,0.5,1700,0.5,2
7,14,926,2,10,5,0,500,0.6,1000,0.2,1400,0.2,1
8,0,876,0,0,500,0.6,1000,0.2,1400,0.2,0
8,1,970,2,10,5,0,300,0.5,1700,0.5,1
8,2,465,0,0,300,0.5,1700,0.5,0
8,3,560,0,0,300,0.5,1700,0.5,0
8,4,21,1,0,500,0.6,1000,0.2,1400,0.2,0
8,5,91,1,0,300,0.5,1700,0.5,0
8,6,755,1,0,300,0.5,1700,0.5,2
8,7,268,1,0,300,0.5,1700,0.5,1
8,8,126,0,0,500,0.6,1000,0.2,1400,0.2,0
8,9,656,1,0,500,0.6,1000,0.2,1400,0.2,1
8,10,132,2,10,5,0,500,0.6,1000,0.2,1400,0.2,2
8,11,712,2,10,5,0,500,0.6,1000,0.2,1400,0.2,2
8,12,396,1,0,300,0.5,1700,0.5,1
8,13,824,1,0,300,0.5,1700,0.5,1
8,14,885,0,0,500,0.6,1000,0.2,1400,0.2,1
9,0,132,1,0,500,0.6,1000,0.2,1400,0.2,1
9,1,995,1,0,500,0.6,1000,0.2,1400,0.2,1
9,2,588,1,0,500,0.6,1000,0.2,1400,0.2,1
9,3,309,0,0,300,0.5,1700,0.5,1
9,4,604,0,0,500,0.6,1000,0.2,1400,0.2,2
9,5,460,1,0,300,0.5,1700,0.5,1
9,6,841,0,0,500,0.6,1000,0.2,1400,0.2,2
9,7,841,1,0,300,0.5,1700,0.5,2
9,8,905,0,0,500,0.6,1000,0.2,1400,0.2,2
9,9,77,1,0,500,0.6,1000,0.2,1400,0.2,0
9,10,104,0,0,500,0.6,1000,0.2,1400,0.2,0
9,11,410,2,10,5,0,500,0.6,1000,0.2,1400,0.2,0
9,12,944,1,0,300,0.5,1700,0.5,0
9,13,540,0,0,500,0.6,1000,0.2,1400,0.2,0
9,14,818,0,0,500,0.6,1000,0.2,1400,0.2,0
10,0,258,0,0,300,0.5,1700,0.5,0
10,1,757,1,0,500,0.6,1000,0.2,1400,0.2,1
10,2,910,0,0,300,0.5,1700,0.5,2
10,3,177,2,10,5,0,500,0.6,1000,0.2,1400,0.2,1
10,4,232,2,10,5,0,300,0.5,1700,0.5,0
10,5,89,0,0,300,0.5,1700,0.5,2
10,6,795,1,0,500,0.6,1000,0.2,1400,0.2,2
10,7,22,0,0,500,0.6,1000,0.2,1400,0.2,2
10,8,503,2,10,5,0,500,0.6,1000,0.2,1400,0.2,0
10,9,196,0,0,500,0.6,1000,0.2,1400,0.2,1
10,10,700,2,10,5,0,500,0.6,1000,0.2,1400,0.2,0
10,11,605,2,10,5,0,300,0.5,1700,0.5,0
10,12,588,2,10,5,0,300,0.5,1700,0.5,2
10,13,128,0,0,300,0.5,1700,0.5,1
10,14,238,2,10,5,0,300,0.5,1700,0.5,0
11,0,306,0,0,300,0.5,1700,0.5,1
11,1,552,1,0,500,0.6,1000,0.2,1400,0.2,1
11,2,430,2,10,5,0,500,0.6,1000,0.2,1400,0.2,2
11,3,482,2,10,5,0,500,0.6,1000,0.2,1400,0.2,2
11,4,676,1,0,300,0.5,1700,0.5,0
11,5,193,2,10,5,0,500,0.6,1000,0.2,1400,0.2,0
11,6,443,1,0,300,0.5,1700,0.5,2
11,7,216,1,0,500,0.6,1000,0.2,1400,0.2,0
11,8,274,2,10,5,0,300,0.5,1700,0.5,2
11,9,942,1,0,300,0.5,1700,0.5,2
11,10,551,0,0,300,0.5,1700,0.5,2
11,11,694,1,0,300,0.5,1700,0.5,1
11,12,805,2,10,5,0,500,0.6,1000,0.2,1400,0.2,1
11,13,916,1,0,500,0.6,1000,0.2,1400,0.2,2
11,14,457,0,0,500,0.6,1000,0.2,1400,0.2,2
12,0,40,1,0,500,0.6,1000,0.2,1400,0.2,1
12,1,846,1,0,300,0.5,1700,0.5,1
12,2,188,0,0,500,0.6,1000,0.2,1400,0.2,1
12,3,345,2,10,5,0,500,0.6,1000,0.2,1400,0.2,0
12,4,759,0,0,500,0.6,1000,0.2,1400,0.2,2
12,5,424,1,0,300,0.5,1700,0.5,2
12,6,40,1,0,300,0.5,1700,0.5,1
12,7,974,0,0,500,0.6,1000,0.2,1400,0.2,2
12,8,231,0,0,500,0.6,1000,0.2,1400,0.2,0
12,9,836,2,10,5,0,300,0.5,1700,0.5,0
12,10,735,1,0,300,0.5,1700,0.5,2
12,11,80,0,0,300,0.5,1700,0.5,1
12,12,928,0,0,300,0.5,1700,0.5,1
12,13,851,1,0,500,0.6,1000,0.2,1400,0.2,0
12,14,118,2,10,5,0,300,0.5,1700,0.5,0
13,0,627,2,10,5,0,300,0.5,1700,0.5,0
13,1,837,1,0,500,0.6,1000,0.2,1400,0.2,1
13,2,54,2,10,5,0,300,0.5,1700,0.5,2
13,3,64,1,0,500,0.6,1000,0.2,1400,0.2,2
13,4,206,2,10,5,0,300,0.5,1700,0.5,0
13,5,266,0,0,500,0.6,1000,0.2,1400,0.2,1
13,6,695,1,0,300,0.5,1700,0.5,2
13,7,820,0,0,300,0.5,1700,0.5,1
13,8,75,0,0,500,0.6,1000,0.2,1400,0.2,1
13,9,590,2,10,5,0,500,0.6,1000,0.2,1400,0.2,1
13,10,505,1,0,300,0.5,1700,0.5,0
13,11,466,0,0,300,0.5,1700,0.5,0
13,12,295,2,10,5,0,300,0.5,1700,0.5,2
13,13,685,0,0,500,0.6,1000,0.2,1400,0.2,0
13,14,315,0,0,500,0.6,1000,0.2,1400,0.2,2
14,0,81,0,0,500,0.6,1000,0.2,1400,0.2,1
14,1,478,1,0,300,0.5,1700,0.5,1
14,2,578,1,0,500,0.6,1000,0.2,1400,0.2,1
14,3,462,0,0,500,0.6,1000,0.2,1400,0.2,1
14,4,112,2,10,5,0,500,0.6,1000,0.2,1400,0.2,1
14,5,990,2,10,5,0,300,0.5,1700,0.5,2
14,6,108,2,10,5,0,300,0.5,1700,0.5,0
14,7,781,2,10,5,0,300,0.5,1700,0.5,1
14,8,200,0,0,500,0.6,1000,0.2,1400,0.2,0
14,9,892,2,10,5,0,300,0.5,1700,0.5,1
14,10,759,0,0,300,0.5,1700,0.5,2
14,11,140,1,0,300,0.5,1700,0.5,1
14,12,25,2,10,5,0,300,0.5,1700,0.5,0
14,13,687,1,0,300,0.5,1700,0.5,1
14,14,108,1,0,300,0.5,1700,0.5,2
