0,0,817,2,10,5,0,300,0.5,1700,0.5,2
0,1,759,0,0,300,0.5,1700,0.5,2
0,2,312,2,10,5,0,500,0.6,1000,0.2,1400,0.2,1
0,3,585,0,0,300,0.5,1700,0.5,1
0,4,999,2,10,5,0,500,0.6,1000,0.2,1400,0.2,2
0,5,231,0,0,300,0.5,1700,0.5,1
0,6,379,2,10,5,0,300,0.5,1700,0.5,0
0,7,696,0,0,500,0.6,1000,0.2,1400,0.2,1
0,8,177,1,0,300,0.5,1700,0.5,1
0,9,690,2,10,5,0,300,0.5,1700,0.5,1
0,10,930,1,0,500,0.6,1000,0.2,1400,0.2,1
0,11,361,0,0,500,0.6,1000,0.2,1400,0.2,0
0,12,313,1,0,500,0.6,1000,0.2,1400,0.2,2
0,13,942,1,0,300,0.5,1700,0.5,1
0,14,497,1,0,500,0.6,1000,0.2,1400,0.2,2
1,0,368,0,0,500,0.6,1000,0.2,1400,0.2,0
1,1,192,1,0,500,0.6,1000,0.2,1400,0.2,1
1,2,283,1,0,500,0.6,1000,0.2,1400,0.2,1
1,3,650,0,0,300,0.5,1700,0.5,0
1,4,757,2,10,5,0,500,0.6,1000,0.2,1400,0.2,2
1,5,297,0,0,500,0.6,1000,0.2,1400,0.2,2
1,6,394,1,0,500,0.6,1000,0.2,1400,0.2,2
1,7,107,2,10,5,0,300,0.5,1700,0.5,0
1,8,813,0,0,500,0.6,1000,0.2,1400,0.2,1
1,9,962,0,0,300,0.5,1700,0.5,2
1,10,179,1,0,300,0.5,1700,0.5,2
1,11,353,2,10,5,0,500,0.6,1000,0.2,1400,0.2,0
1,12,846,2,10,5,0,300,0.5,1700,0.5,1
1,13,738,0,0,500,0.6,1000,0.2,1400,0.2,0
1,14,726,2,10,5,0,300,0.5,1700,0.5,2
2,0,960,0,0,300,0.5,1700,0.5,0
2,1,385,1,0,500,0.6,1000,0.2,1400,0.2,0
2,2,16,2,10,5,0,300,0.5,1700,0.5,0
2,3,376,2,10,5,0,500,0.6,1000,0.2,1400,0.2,1
2,4,710,2,10,5,0,300,0.5,1700,0.5,2
2,5,743,0,0,300,0.5,1700,0.5,2
2,6,578,2,10,5,0,300,0.5,1700,0.5,2
2,7,601,1,0,500,0.6,1000,0.2,1400,0.2,0
2,8,948,1,0,300,0.5,1700,0.5,2
2,9,527,1,0,300,0.5,1700,0.5,2
2,10,400,1,0,300,0.5,1700,0.5,0
2,11,737,0,0,300,0.5,1700,0.5,2
2,12,133,0,0,500,0.6,1000,0.2,1400,0.2,2
2,13,298,1,0,500,0.6,1000,0.2,1400,0.2,0
2,14,940,2,10,5,0,300,0.5,1700,0.5,0
3,0,807,0,0,300,0.5,1700,0.5,1
3,1,925,2,10,5,0,500,0.6,1000,0.2,1400,0.2,2
3,2,165,1,0,500,0.6,1000,0.2,1400,0.2,1
3,3,220,0,0,500,0.6,1000,0.2,1400,0.2,1
3,4,39,0,0,500,0.6,1000,0.2,1400,0.2,2
3,5,72,0,0,300,0.5,1700,0.5,1
3,6,159,2,10,5,0,300,0.5,1700,0.5,2
3,7,510,2,10,5,0,300,0.5,1700,0.5,1
3,8,787,2,10,5,0,500,0.6,1000,0.2,1400,0.2,1
3,9,760,1,0,300,0.5,1700,0.5,1
3,10,622,2,10,5,0,500,0.6,1000,0.2,1400,0.2,1
3,11,279,0,0,500,0.6,1000,0.2,1400,0.2,0
3,12,88,0,0,300,0.5,1700,0.5,2
3,13,473,1,0,300,0.5,1700,0.5,0
3,14,765,0,0,300,0.5,1700,0.5,2
4,0,77,2,10,5,0,300,0.5,1700,0.5,1
4,1,344,2,10,5,0,500,0.6,1000,0.2,1400,0.2,1
4,2,466,1,0,300,0.5,1700,0.5,1
4,3,613,0,0,500,0.6,1000,0.2,1400,0.2,0
4,4,929,2,10,5,0,500,0.6,1000,0.2,1400,0.2,0
4,5,580,0,0,500,0.6,1000,0.2,1400,0.2,2
4,6,11,1,0,300,0.5,1700,0.5,0
4,7,799,2,10,5,0,300,0.5,1700,0.5,1
4,8,344,2,10,5,0,300,0.5,1700,0.5,1
4,9,884,2,10,5,0,500,0.6,1000,0.2,1400,0.2,0
4,10,613,2,10,5,0,300,0.5,1700,0.5,2
4,11,793,1,0,300,0.5,1700,0.5,2
4,12,314,2,10,5,0,300,0.5,1700,0.5,2
4,13,984,2,10,5,0,300,0.5,1700,0.5,0
4,14,837,0,0,300,0.5,1700,0.5,2
5,0,785,2,10,5,0,500,0.6,1000,0.2,1400,0.2,1
5,1,312,1,0,300,0.5,1700,0.5,2
5,2,202,2,10,5,0,500,0.6,1000,0.2,1400,0.2,1
5,3,508,2,10,5,0,300,0.5,1700,0.5,0
5,4,655,0,0,300,0.5,1700,0.5,0
5,5,208,2,10,5,0,500,0.6,1000,0.2,1400,0.2,1
5,6,614,0,0,300,0.5,1700,0.5,2
5,7,776,0,0,300,0.5,1700,0.5,2
5,8,823,2,10,5,0,500,0.6,1000,0.2,1400,0.2,0
5,9,594,0,0,500,0.6,1000,0.2,1400,0.2,2
5,10,370,1,0,500,0.6,1000,0.2,1400,0.2,1
5,11,102,2,10,5,0,500,0.6,1000,0.2,1400,0.2,0
5,12,525,0,0,300,0.5,1700,0.5,0
5,13,315,0,0,500,0.6,1000,0.2,1400,0.2,0
5,14,923,1,0,300,0.5,1700,0.5,0
6,0,756,2,10,5,0,500,0.6,1000,0.2,1400,0.2,2
6,1,65,1,0,300,0.5,1700,0.5,2
6,2,540,1,0,300,0.5,1700,0.5,2
6,3,821,0,0,500,0.6,1000,0.2,1400,0.2,0
6,4,383,2,10,5,0,300,0.5,1700,0.5,0
6,5,877,1,0,500,0.6,1000,0.2,1400,0.2,1
6,6,730,1,0,500,0.6,1000,0.2,1400,0.2,2
6,7,892,1,0,500,0.6,1000,0.2,1400,0.2,1
6,8,189,1,0,500,0.6,1000,0.2,1400,0.2,2
6,9,731,0,0,500,0.6,1000,0.2,1400,0.2,2
6,10,261,2,10,5,0,500,0.6,1000,0.2,1400,0.2,1
6,11,955,2,10,5,0,300,0.5,1700,0.5,2
6,12,543,1,0,500,0.6,1000,0.2,1400,0.2,0
6,13,352,1,0,300,0.5,1700,0.5,2
6,14,909,0,0,300,0.5,1700,0.5,0
7,0,297,2,10,5,0,300,0.5,1700,0.5,0
7,1,487,2,10,5,0,300,0.5,1700,0.5,0
7,2,469,1,0,300,0.5,1700,0.5,2
7,3,263,2,10,5,0,500,0.6,1000,0.2,1400,0.2,2
7,4,653,0,0,500,0.6,1000,0.2,1400,0.2,2
7,5,49,1,0,500,0.6,1000,0.2,1400,0.2,0
7,6,776,0,0,500,0.6,1000,0.2,1400,0.2,2
7,7,561,2,10,5,0,300,0.5,1700,0.5,1
7,8,383,2,10,5,0,300,0.5,1700,0.5,2
7,9,163,1,0,500,0.6,1000,0.2,1400,0.2,0
7,10,317,2,10,5,0,500,0.6,1000,0.2,1400,0.2,1
7,11,493,2,10,5,0,500,0.6,1000,0.2,1400,0.2,2
7,12,846,0,0,500,0.6,1000,0.2,1400,0.2,0
7,13,73,2,10,5,0,500,0.6,1000,0.2,1400,0.2,2
7,14,823,2,10,5,0,300,0.5,1700,0.5,1
8,0,39,2,10,5,0,300,0.5,1700,0.5,2
8,1,567,2,10,5,0,500,0.6,1000,0.2,1400,0.2,1
8,2,711,0,0,500,0.6,1000,0.2,1400,0.2,2
8,3,624,2,10,5,0,300,0.5,1700,0.5,1
8,4,824,1,0,300,0.5,1700,0.5,0
8,5,131,0,0,500,0.6,1000,0.2,1400,0.2,2
8,6,638,2,10,5,0,300,0.5,1700,0.5,0
8,7,328,0,0,300,0.5,1700,0.5,1
8,8,77,2,10,5,0,300,0.5,1700,0.5,2
8,9,743,1,0,300,0.5,1700,0.5,0
8,10,757,2,10,5,0,300,0.5,1700,0.5,0
8,11,57,2,10,5,0,300,0.5,1700,0.5,2
8,12,828,1,0,500,0.6,1000,0.2,1400,0.2,1
8,13,468,1,0,300,0.5,1700,0.5,2
8,14,387,2,10,5,0,500,0.6,1000,0.2,1400,0.2,1
9,0,790,0,0,500,0.6,1000,0.2,1400,0.2,0
9,1,242,1,0,300,0.5,1700,0.5,2
9,2,380,2,10,5,0,300,0.5,1700,0.5,1
9,3,147,0,0,300,0.5,1700,0.5,2
9,4,548,2,10,5,0,500,0.6,1000,0.2,1400,0.2,0
9,5,15,1,0,500,0.6,1000,0.2,1400,0.2,2
9,6,730,2,10,5,0,500,0.6,1000,0.2,1400,0.2,1
9,7,288,0,0,300,0.5,1700,0.5,0
9,8,570,2,10,5,0,500,0.6,1000,0.2,1400,0.2,1
9,9,744,2,10,5,0,500,0.6,1000,0.2,1400,0.2,1
9,10,813,1,0,500,0.6,1000,0.2,1400,0.2,0
9,11,15,1,0,300,0.5,1700,0.5,1
9,12,885,0,0,500,0.6,1000,0.2,1400,0.2,2
9,13,370,1,0,300,0.5,1700,0.5,1
9,14,418,1,0,500,0.6,1000,0.2,1400,0.2,1
10,0,441,2,10,5,0,300,0.5,1700,0.5,1
10,1,868,1,0,500,0.6,1000,0.2,1400,0.2,0
10,2,757,1,0,300,0.5,1700,0.5,0
10,3,493,1,0,300,0.5,1700,0.5,1
10,4,127,1,0,500,0.6,1000,0.2,1400,0.2,0
10,5,851,1,0,300,0.5,1700,0.5,0
10,6,814,1,0,500,0.6,1000,0.2,1400,0.2,1
10,7,374,2,10,5,0,500,0.6,1000,0.2,1400,0.2,1
10,8,717,1,0,500,0.6,1000,0.2,1400,0.2,2
10,9,29,2,10,5,0,300,0.5,1700,0.5,2
10,10,934,2,10,5,0,500,0.6,1000,0.2,1400,0.2,1
10,11,176,1,0,500,0.6,1000,0.2,1400,0.2,0
10,12,223,2,10,5,0,300,0.5,1700,0.5,1
10,13,904,1,0,500,0.6,1000,0.2,1400,0.2,1
10,14,272,0,0,300,0.5,1700,0.5,0
11,0,970,1,0,500,0.6,1000,0.2,1400,0.2,2
11,1,514,2,10,5,0,500,0.6,1000,0.2,1400,0.2,1
11,2,467,2,10,5,0,300,0.5,1700,0.5,1
11,3,396,1,0,300,0.5,1700,0.5,0
11,4,196,2,10,5,0,500,0.6,1000,0.2,1400,0.2,0
11,5,949,0,0,500,0.6,1000,0.2,1400,0.2,2
11,6,228,1,0,500,0.6,1000,0.2,1400,0.2,2
11,7,77,0,0,500,0.6,1000,0.2,1400,0.2,2
11,8,25,0,0,500,0.6,1000,0.2,1400,0.2,2
11,9,80,0,0,500,0.6,1000,0.2,1400,0.2,2
11,10,547,1,0,300,0.5,1700,0.5,2
11,11,516,0,0,500,0.6,1000,0.2,1400,0.2,2
11,12,326,2,10,5,0,500,0.6,1000,0.2,1400,0.2,0
11,13,823,2,10,5,0,300,0.5,1700,0.5,2
11,14,130,2,10,5,0,500,0.6,1000,0.2,1400,0.2,2
12,0,644,0,0,300,0.5,1700,0.5,1
12,1,499,1,0,300,0.5,1700,0.5,2
12,2,231,2,10,5,0,500,0.6,1000,0.2,1400,0.2,0
12,3,796,1,0,300,0.5,1700,0.5,0
12,4,374,2,10,5,0,500,0.6,1000,0.2,1400,0.2,0
12,5,68,0,0,500,0.6,1000,0.2,1400,0.2,1
12,6,946,0,0,300,0.5,1700,0.5,0
12,7,978,0,0,300,0.5,1700,0.5,1
12,8,828,1,0,300,0.5,1700,0.5,2
12,9,728,2,10,5,0,300,0.5,1700,0.5,2
12,10,915,0,0,300,0.5,1700,0.5,2
12,11,288,1,0,500,0.6,1000,0.2,1400,0.2,1
12,12,396,0,0,300,0.5,1700,0.5,2
12,13,474,1,0,500,0.6,1000,0.2,1400,0.2,0
12,14,785,2,10,5,0,500,0.6,1000,0.2,1400,0.2,0
13,0,435,1,0,300,0.5,1700,0.5,2
13,1,739,0,0,500,0.6,1000,0.2,1400,0.2,0
13,2,720,1,0,300,0.5,1700,0.5,2
13,3,109,2,10,5,0,500,0.6,1000,0.2,1400,0.2,2
13,4,118,2,10,5,0,500,0.6,1000,0.2,1400,0.2,1
13,5,47,1,0,500,0.6,1000,0.2,1400,0.2,1
13,6,548,2,10,5,0,500,0.6,1000,0.2,1400,0.2,0
13,7,460,0,0,300,0.5,1700,0.5,0
13,8,89,1,0,500,0.6,1000,0.2,1400,0.2,0
13,9,242,2,10,5,0,300,0.5,1700,0.5,0
13,10,562,2,10,5,0,300,0.5,1700,0.5,1
13,11,743,0,0,300,0.5,1700,0.5,2
13,12,365,0,0,300,0.5,1700,0.5,2
13,13,51,0,0,300,0.5,1700,0.5,0
13,14,465,0,0,500,0.6,1000,0.2,1400,0.2,0
14,0,287,0,0,500,0.6,1000,0.2,1400,0.2,1
14,1,218,2,10,5,0,500,0.6,1000,0.2,1400,0.2,0
14,2,732,1,0,300,0.5,1700,0.5,1
14,3,21,1,0,300,0.5,1700,0.5,2
14,4,407,2,10,5,0,300,0.5,1700,0.5,2
14,5,227,1,0,500,0.6,1000,0.2,1400,0.2,1
14,6,179,0,0,500,0.6,1000,0.2,1400,0.2,0
14,7,161,0,0,300,0.5,1700,0.5,0
14,8,143,1,0,300,0.5,1700,0.5,0
14,9,477,0,0,500,0.6,1000,0.2,1400,0.2,2
14,10,466,2,10,5,0,300,0.5,1700,0.5,0
14,11,772,0,0,300,0.5,1700,0.5,1
14,12,704,0,0,300,0.5,1700,0.5,1
14,13,108,1,0,300,0.5,1700,0.5,0
14,14,268,0,0,500,0.6,1000,0.2,1400,0.2,1
