0,0,763,1,0,500,0.6,1000,0.2,1400,0.2,0
0,1,603,2,10,5,0,500,0.6,1000,0.2,1400,0.2,1
0,2,302,2,10,5,0,300,0.5,1700,0.5,0
0,3,679,2,10,5,0,500,0.6,1000,0.2,1400,0.2,0
0,4,837,1,0,500,0.6,1000,0.2,1400,0.2,0
0,5,55,2,10,5,0,500,0.6,1000,0.2,1400,0.2,2
0,6,91,2,10,5,0,300,0.5,1700,0.5,2
0,7,227,2,10,5,0,500,0.6,1000,0.2,1400,0.2,2
0,8,865,0,0,500,0.6,1000,0.2,1400,0.2,1
0,9,220,1,0,500,0.6,1000,0.2,1400,0.2,1
0,10,181,1,0,300,0.5,1700,0.5,2
0,11,969,0,0,300,0.5,1700,0.5,0
0,12,31,0,0,300,0.5,1700,0.5,2
0,13,804,2,10,5,0,300,0.5,1700,0.5,2
0,14,802,1,0,500,0.6,1000,0.2,1400,0.2,1
1,0,980,0,0,500,0.6,1000,0.2,1400,0.2,0
1,1,455,1,0,500,0.6,1000,0.2,1400,0.2,0
1,2,421,0,0,300,0.5,1700,0.5,0
1,3,672,0,0,500,0.6,1000,0.2,1400,0.2,1
1,4,403,1,0,300,0.5,1700,0.5,2
1,5,479,2,10,5,0,500,0.6,1000,0.2,1400,0.2,2
1,6,487,1,0,300,0.5,1700,0.5,2
1,7,846,2,10,5,0,500,0.6,1000,0.2,1400,0.2,0
1,8,143,2,10,5,0,300,0.5,1700,0.5,0
1,9,451,0,0,300,0.5,1700,0.5,1
1,10,512,2,10,5,0,500,0.6,1000,0.2,1400,0.2,2
1,11,641,2,10,5,0,500,0.6,1000,0.2,1400,0.2,0
1,12,412,0,0,500,0.6,1000,0.2,1400,0.2,0
1,13,280,1,0,300,0.5,1700,0.5,2
1,14,405,1,0,300,0.5,1700,0.5,0
2,0,662,1,0,500,0.6,1000,0.2,1400,0.2,0
2,1,864,1,0,500,0.6,1000,0.2,1400,0.2,0
2,2,145,2,10,5,0,300,0.5,1700,0.5,1
2,3,186,0,0,300,0.5,1700,0.5,0
2,4,920,1,0,500,0.6,1000,0.2,1400,0.2,2
2,5,893,0,0,500,0.6,1000,0.2,1400,0.2,0
2,6,601,1,0,300,0.5,1700,0.5,0
2,7,40,2,10,5,0,300,0.5,1700,0.5,0
2,8,171,0,0,500,0.6,1000,0.2,1400,0.2,2
2,9,409,2,10,5,0,300,0.5,1700,0.5,0
2,10,637,2,10,5,0,300,0.5,1700,0.5,1
2,11,638,2,10,5,0,300,0.5,1700,0.5,0
2,12,29,2,10,5,0,500,0.6,1000,0.2,1400,0.2,1
2,13,958,2,10,5,0,300,0.5,1700,0.5,0
2,14,91,1,0,500,0.6,1000,0.2,1400,0.2,2
3,0,340,2,10,5,0,500,0.6,1000,0.2,1400,0.2,2
3,1,176,0,0,300,0.5,1700,0.5,1
3,2,370,2,10,5,0,500,0.6,1000,0.2,1400,0.2,0
3,3,253,1,0,500,0.6,1000,0.2,1400,0.2,2
3,4,195,0,0,300,0.5,1700,0.5,2
3,5,195,1,0,500,0.6,1000,0.2,1400,0.2,1
3,6,57,2,10,5,0,500,0.6,1000,0.2,1400,0.2,0
3,7,631,1,0,300,0.5,1700,0.5,0
3,8,885,1,0,300,0.5,1700,0.5,0
3,9,104,1,0,500,0.6,1000,0.2,1400,0.2,0
3,10,57,2,10,5,0,500,0.6,1000,0.2,1400,0.2,1
3,11,651,2,10,5,0,300,0.5,1700,0.5,0
3,12,568,0,0,500,0.6,1000,0.2,1400,0.2,1
3,13,301,1,0,300,0.5,1700,0.5,0
3,14,966,0,0,500,0.6,1000,0.2,1400,0.2,0
4,0,639,0,0,300,0.5,1700,0.5,0
4,1,779,0,0,300,0.5,1700,0.5,1
4,2,447,1,0,500,0.6,1000,0.2,1400,0.2,2
4,3,739,0,0,500,0.6,1000,0.2,1400,0.2,0
4,4,326,0,0,300,0.5,1700,0.5,2
4,5,937,2,10,5,0,300,0.5,1700,0.5,1
4,6,135,0,0,300,0.5,1700,0.5,2
4,7,863,1,0,500,0.6,1000,0.2,1400,0.2,1
4,8,22,2,10,5,0,300,0.5,1700,0.5,0
4,9,421,2,10,5,0,500,0.6,1000,0.2,1400,0.2,1
4,10,606,0,0,300,0.5,1700,0.5,1
4,11,546,0,0,300,0.5,1700,0.5,1
4,12,496,1,0,300,0.5,1700,0.5,2
4,13,10,0,0,500,0.6,1000,0.2,1400,0.2,1
4,14,627,2,10,5,0,500,0.6,1000,0.2,1400,0.2,0
5,0,872,2,10,5,0,500,0.6,1000,0.2,1400,0.2,1
5,1,480,0,0,300,0.5,1700,0.5,2
5,2,553,2,10,5,0,500,0.6,1000,0.2,1400,0.2,1
5,3,130,2,10,5,0,500,0.6,1000,0.2,1400,0.2,2
5,4,960,1,0,500,0.6,1000,0.2,1400,0.2,0
5,5,947,0,0,300,0.5,1700,0.5,2
5,6,310,0,0,500,0.6,1000,0.2,1400,0.2,0
5,7,951,0,0,300,0.5,1700,0.5,0
5,8,108,1,0,300,0.5,1700,0.5,0
5,9,226,2,10,5,0,500,0.6,1000,0.2,1400,0.2,1
5,10,860,1,0,500,0.6,1000,0.2,1400,0.2,2
5,11,911,2,10,5,0,500,0.6,1000,0.2,1400,0.2,1
5,12,890,1,0,500,0.6,1000,0.2,1400,0.2,0
5,13,573,1,0,300,0.5,1700,0.5,0
5,14,517,2,10,5,0,500,0.6,1000,0.2,1400,0.2,2
6,0,419,1,0,300,0.5,1700,0.5,2
6,1,299,1,0,300,0.5,1700,0.5,1
6,2,478,0,0,300,0.5,1700,0.5,1
6,3,858,1,0,500,0.6,1000,0.2,1400,0.2,0
6,4,463,1,0,300,0.5,1700,0.5,1
6,5,687,1,0,300,0.5,1700,0.5,1
6,6,616,2,10,5,0,500,0.6,1000,0.2,1400,0.2,2
6,7,237,0,0,500,0.6,1000,0.2,1400,0.2,1
6,8,325,1,0,300,0.5,1700,0.5,1
6,9,454,2,10,5,0,500,0.6,1000,0.2,1400,0.2,1
6,10,142,2,10,5,0,500,0.6,1000,0.2,1400,0.2,0
6,11,406,2,10,5,0,300,0.5,1700,0.5,0
6,12,835,2,10,5,0,500,0.6,1000,0.2,1400,0.2,0
6,13,192,1,0,500,0.6,1000,0.2,1400,0.2,2
6,14,142,0,0,500,0.6,1000,0.2,1400,0.2,0
7,0,123,0,0,300,0.5,1700,0.5,2
7,1,428,0,0,300,0.5,1700,0.5,2
7,2,413,1,0,500,0.6,1000,0.2,1400,0.2,1
7,3,100,0,0,300,0.5,1700,0.5,1
7,4,599,1,0,300,0.5,1700,0.5,1
7,5,832,0,0,500,0.6,1000,0.2,1400,0.2,0
7,6,343,0,0,500,0.6,1000,0.2,1400,0.2,1
7,7,17,1,0,300,0.5,1700,0.5,0
7,8,980,2,10,5,0,500,0.6,1000,0.2,1400,0.2,1
7,9,759,1,0,500,0.6,1000,0.2,1400,0.2,0
7,10,830,1,0,300,0.5,1700,0.5,1
7,11,749,0,0,500,0.6,1000,0.2,1400,0.2,0
7,12,429,0,0,300,0.5,1700,0.5,1
7,13,99,2,10,5,0,300,0.5,1700,0.5,1
7,14,542,0,0,300,0.5,1700,0.5,2
8,0,759,2,10,5,0,300,0.5,1700,0.5,0
8,1,68,2,10,5,0,500,0.6,1000,0.2,1400,0.2,1
8,2,656,1,0,500,0.6,1000,0.2,1400,0.2,1
8,3,463,1,0,500,0.6,1000,0.2,1400,0.2,1
8,4,20,2,10,5,0,500,0.6,1000,0.2,1400,0.2,0
8,5,544,1,0,300,0.5,1700,0.5,1
8,6,807,1,0,300,0.5,1700,0.5,1
8,7,28,2,10,5,0,500,0.6,1000,0.2,1400,0.2,0
8,8,592,1,0,500,0.6,1000,0.2,1400,0.2,2
8,9,802,2,10,5,0,300,0.5,1700,0.5,2
8,10,905,2,10,5,0,300,0.5,1700,0.5,0
8,11,24,2,10,5,0,500,0.6,1000,0.2,1400,0.2,0
8,12,38,0,0,300,0.5,1700,0.5,0
8,13,178,0,0,500,0.6,1000,0.2,1400,0.2,0
8,14,106,2,10,5,0,300,0.5,1700,0.5,0
9,0,499,0,0,300,0.5,1700,0.5,2
9,1,136,1,0,300,0.5,1700,0.5,0
9,2,977,1,0,300,0.5,1700,0.5,1
9,3,858,2,10,5,0,300,0.5,1700,0.5,2
9,4,817,2,10,5,0,300,0.5,1700,0.5,1
9,5,707,2,10,5,0,500,0.6,1000,0.2,1400,0.2,1
9,6,68,0,0,300,0.5,1700,0.5,2
9,7,182,1,0,300,0.5,1700,0.5,1
9,8,611,1,0,500,0.6,1000,0.2,1400,0.2,1
9,9,766,0,0,300,0.5,1700,0.5,0
9,10,999,1,0,300,0.5,1700,0.5,0
9,11,58,0,0,500,0.6,1000,0.2,1400,0.2,0
9,12,421,0,0,500,0.6,1000,0.2,1400,0.2,2
9,13,394,2,10,5,0,300,0.5,1700,0.5,0
9,14,367,1,0,300,0.5,1700,0.5,2
10,0,72,1,0,300,0.5,1700,0.5,0
10,1,844,2,10,5,0,300,0.5,1700,0.5,1
10,2,453,0,0,500,0.6,1000,0.2,1400,0.2,2
10,3,96,2,10,5,0,300,0.5,1700,0.5,1
10,4,185,1,0,300,0.5,1700,0.5,2
10,5,449,1,0,300,0.5,1700,0.5,2
10,6,108,0,0,500,0.6,1000,0.2,1400,0.2,2
10,7,543,1,0,500,0.6,1000,0.2,1400,0.2,0
10,8,479,0,0,300,0.5,1700,0.5,0
10,9,338,1,0,500,0.6,1000,0.2,1400,0.2,1
10,10,241,0,0,500,0.6,1000,0.2,1400,0.2,1
10,11,759,0,0,300,0.5,1700,0.5,2
10,12,722,0,0,300,0.5,1700,0.5,2
10,13,909,2,10,5,0,500,0.6,1000,0.2,1400,0.2,1
10,14,134,0,0,300,0.5,1700,0.5,2
11,0,604,1,0,300,0.5,1700,0.5,2
11,1,687,2,10,5,0,300,0.5,1700,0.5,0
11,2,368,1,0,500,0.6,1000,0.2,1400,0.2,2
11,3,514,1,0,300,0.5,1700,0.5,0
11,4,510,0,0,300,0.5,1700,0.5,2
11,5,334,0,0,500,0.6,1000,0.2,1400,0.2,0
11,6,938,0,0,300,0.5,1700,0.5,0
11,7,429,1,0,300,0.5,1700,0.5,2
11,8,61,2,10,5,0,500,0.6,1000,0.2,1400,0.2,0
11,9,761,2,10,5,0,300,0.5,1700,0.5,0
11,10,514,2,10,5,0,300,0.5,1700,0.5,2
11,11,693,1,0,300,0.5,1700,0.5,2
11,12,300,0,0,300,0.5,1700,0.5,0
11,13,395,1,0,500,0.6,1000,0.2,1400,0.2,1
11,14,215,2,10,5,0,300,0.5,1700,0.5,2
12,0,836,0,0,300,0.5,1700,0.5,0
12,1,394,2,10,5,0,300,0.5,1700,0.5,0
12,2,409,0,0,500,0.6,1000,0.2,1400,0.2,2
12,3,265,1,0,500,0.6,1000,0.2,1400,0.2,2
12,4,95,2,10,5,0,300,0.5,1700,0.5,1
12,5,794,2,10,5,0,500,0.6,1000,0.2,1400,0.2,1
12,6,656,2,10,5,0,300,0.5,1700,0.5,1
12,7,745,2,10,5,0,300,0.5,1700,0.5,0
12,8,899,0,0,300,0.5,1700,0.5,2
12,9,410,1,0,500,0.6,1000,0.2,1400,0.2,2
12,10,422,0,0,300,0.5,1700,0.5,0
12,11,978,2,10,5,0,300,0.5,1700,0.5,2
12,12,646,1,0,300,0.5,1700,0.5,2
12,13,563,1,0,300,0.5,1700,0.5,0
12,14,982,2,10,5,0,300,0.5,1700,0.5,1
13,0,570,2,10,5,0,500,0.6,1000,0.2,1400,0.2,0
13,1,506,0,0,300,0.5,1700,0.5,0
13,2,979,0,0,500,0.6,1000,0.2,1400,0.2,0
13,3,544,1,0,500,0.6,1000,0.2,1400,0.2,0
13,4,36,2,10,5,0,300,0.5,1700,0.5,2
13,5,625,0,0,500,0.6,1000,0.2,1400,0.2,1
13,6,357,1,0,500,0.6,1000,0.2,1400,0.2,0
13,7,253,1,0,300,0.5,1700,0.5,2
13,8,604,0,0,300,0.5,1700,0.5,1
13,9,605,0,0,300,0.5,1700,0.5,1
13,10,865,2,10,5,0,500,0.6,1000,0.2,1400,0.2,1
13,11,183,1,0,300,0.5,1700,0.5,2
13,12,780,1,0,500,0.6,1000,0.2,1400,0.2,2
13,13,955,2,10,5,0,500,0.6,1000,0.2,1400,0.2,2
13,14,115,2,10,5,0,500,0.6,1000,0.2,1400,0.2,0
14,0,583,1,0,300,0.5,1700,0.5,1
14,1,731,0,0,300,0.5,1700,0.5,2
14,2,756,2,10,5,0,500,0.6,1000,0.2,1400,0.2,0
14,3,697,0,0,300,0.5,1700,0.5,0
14,4,43,0,0,300,0.5,1700,0.5,0
14,5,265,1,0,500,0.6,1000,0.2,1400,0.2,2
14,6,484,0,0,300,0.5,1700,0.5,0
14,7,113,2,10,5,0,500,0.6,1000,0.2,1400,0.2,0
14,8,625,2,10,5,0,300,0.5,1700,0.5,1
14,9,20,1,0,300,0.5,1700,0.5,0
14,10,817,1,0,500,0.6,1000,0.2,1400,0.2,2
14,11,400,2,10,5,0,500,0.6,1000,0.2,1400,0.2,0
14,12,375,1,0,500,0.6,1000,0.2,1400,0.2,1
14,13,541,1,0,500,0.6,1000,0.2,1400,0.2,2
14,14,673,0,0,300,0.5,1700,0.5,1
