0,0,250,1,0,500,0.6,1000,0.2,1400,0.2,0
0,1,844,1,0,500,0.6,1000,0.2,1400,0.2,2
0,2,268,0,0,300,0.5,1700,0.5,1
0,3,913,1,0,500,0.6,1000,0.2,1400,0.2,0
0,4,126,0,0,500,0.6,1000,0.2,1400,0.2,1
0,5,235,1,0,500,0.6,1000,0.2,1400,0.2,2
0,6,305,1,0,500,0.6,1000,0.2,1400,0.2,2
0,7,880,1,0,500,0.6,1000,0.2,1400,0.2,1
0,8,628,2,10,5,0,300,0.5,1700,0.5,1
0,9,690,2,10,5,0,500,0.6,1000,0.2,1400,0.2,1
0,10,286,2,10,5,0,300,0.5,1700,0.5,0
0,11,490,0,0,500,0.6,1000,0.2,1400,0.2,0
0,12,913,2,10,5,0,300,0.5,1700,0.5,2
0,13,86,2,10,5,0,300,0.5,1700,0.5,2
0,14,116,2,10,5,0,300,0.5,1700,0.5,0
1,0,671,1,0,500,0.6,1000,0.2,1400,0.2,1
1,1,895,1,0,300,0.5,1700,0.5,0
1,2,24,2,10,5,0,300,0.5,1700,0.5,2
1,3,804,0,0,300,0.5,1700,0.5,2
1,4,685,1,0,500,0.6,1000,0.2,1400,0.2,2
1,5,394,2,10,5,0,300,0.5,1700,0.5,0
1,6,942,2,10,5,0,300,0.5,1700,0.5,0
1,7,212,2,10,5,0,500,0.6,1000,0.2,1400,0.2,1
1,8,246,2,10,5,0,500,0.6,1000,0.2,1400,0.2,0
1,9,538,2,10,5,0,500,0.6,1000,0.2,1400,0.2,0
1,10,986,0,0,500,0.6,1000,0.2,1400,0.2,1
1,11,275,0,0,300,0.5,1700,0.5,2
1,12,59,2,10,5,0,500,0.6,1000,0.2,1400,0.2,0
1,13,888,1,0,500,0.6,1000,0.2,1400,0.2,0
1,14,477,0,0,300,0.5,1700,0.5,1
2,0,220,1,0,500,0.6,1000,0.2,1400,0.2,1
2,1,20,1,0,300,0.5,1700,0.5,2
2,2,910,2,10,5,0,500,0.6,1000,0.2,1400,0.2,2
2,3,241,1,0,300,0.5,1700,0.5,0
2,4,751,1,0,500,0.6,1000,0.2,1400,0.2,0
2,5,335,1,0,500,0.6,1000,0.2,1400,0.2,1
2,6,541,1,0,300,0.5,1700,0.5,2
2,7,121,0,0,500,0.6,1000,0.2,1400,0.2,0
2,8,717,1,0,500,0.6,1000,0.2,1400,0.2,1
2,9,864,1,0,500,0.6,1000,0.2,1400,0.2,0
2,10,259,1,0,300,0.5,1700,0.5,1
2,11,420,0,0,300,0.5,1700,0.5,2
2,12,756,2,10,5,0,500,0.6,1000,0.2,1400,0.2,0
2,13,927,1,0,300,0.5,1700,0.5,2
2,14,334,2,10,5,0,500,0.6,1000,0.2,1400,0.2,2
3,0,125,1,0,300,0.5,1700,0.5,0
3,1,644,2,10,5,0,300,0.5,1700,0.5,0
3,2,860,2,10,5,0,300,0.5,1700,0.5,1
3,3,471,2,10,5,0,500,0.6,1000,0.2,1400,0.2,0
3,4,473,0,0,300,0.5,1700,0.5,2
3,5,266,1,0,500,0.6,1000,0.2,1400,0.2,0
3,6,45,1,0,500,0.6,1000,0.2,1400,0.2,0
3,7,200,0,0,500,0.6,1000,0.2,1400,0.2,2
3,8,73,0,0,500,0.6,1000,0.2,1400,0.2,0
3,9,614,2,10,5,0,500,0.6,1000,0.2,1400,0.2,2
3,10,726,1,0,300,0.5,1700,0.5,1
3,11,174,1,0,300,0.5,1700,0.5,0
3,12,646,0,0,500,0.6,1000,0.2,1400,0.2,1
3,13,456,0,0,300,0.5,1700,0.5,2
3,14,292,2,10,5,0,300,0.5,1700,0.5,0
4,0,735,0,0,500,0.6,1000,0.2,1400,0.2,0
4,1,864,0,0,300,0.5,1700,0.5,0
4,2,387,2,10,5,0,300,0.5,1700,0.5,0
4,3,830,1,0,500,0.6,1000,0.2,1400,0.2,1
4,4,703,1,0,500,0.6,1000,0.2,1400,0.2,0
4,5,180,0,0,500,0.6,1000,0.2,1400,0.2,2
4,6,297,2,10,5,0,300,0.5,1700,0.5,0
4,7,55,0,0,300,0.5,1700,0.5,2
4,8,882,2,10,5,0,500,0.6,1000,0.2,1400,0.2,1
4,9,687,1,0,300,0.5,1700,0.5,1
4,10,586,0,0,300,0.5,1700,0.5,0
4,11,422,1,0,300,0.5,1700,0.5,2
4,12,122,2,10,5,0,500,0.6,1000,0.2,1400,0.2,1
4,13,253,1,0,300,0.5,1700,0.5,0
4,14,625,1,0,300,0.5,1700,0.5,0
5,0,820,2,10,5,0,500,0.6,1000,0.2,1400,0.2,1
5,1,184,1,0,300,0.5,1700,0.5,0
5,2,762,0,0,500,0.6,1000,0.2,1400,0.2,0
5,3,699,0,0,500,0.6,1000,0.2,1400,0.2,2
5,4,220,2,10,5,0,300,0.5,1700,0.5,0
5,5,190,2,10,5,0,500,0.6,1000,0.2,1400,0.2,2
5,6,322,1,0,500,0.6,1000,0.2,1400,0.2,2
5,7,323,2,10,5,0,300,0.5,1700,0.5,0
5,8,695,2,10,5,0,500,0.6,1000,0.2,1400,0.2,0
5,9,120,1,0,300,0.5,1700,0.5,1
5,10,826,1,0,500,0.6,1000,0.2,1400,0.2,2
5,11,178,0,0,500,0.6,1000,0.2,1400,0.2,0
5,12,632,2,10,5,0,300,0.5,1700,0.5,0
5,13,881,1,0,300,0.5,1700,0.5,2
5,14,76,1,0,300,0.5,1700,0.5,2
6,0,586,1,0,300,0.5,1700,0.5,0
6,1,313,0,0,300,0.5,1700,0.5,2
6,2,253,2,10,5,0,500,0.6,1000,0.2,1400,0.2,0
6,3,280,0,0,300,0.5,1700,0.5,0
6,4,353,1,0,300,0.5,1700,0.5,2
6,5,74,2,10,5,0,500,0.6,1000,0.2,1400,0.2,0
6,6,99,2,10,5,0,500,0.6,1000,0.2,1400,0.2,2
6,7,678,0,0,500,0.6,1000,0.2,1400,0.2,2
6,8,687,2,10,5,0,500,0.6,1000,0.2,1400,0.2,1
6,9,739,2,10,5,0,500,0.6,1000,0.2,1400,0.2,2
6,10,194,2,10,5,0,300,0.5,1700,0.5,0
6,11,941,2,10,5,0,500,0.6,1000,0.2,1400,0.2,0
6,12,677,2,10,5,0,300,0.5,1700,0.5,0
6,13,697,1,0,300,0.5,1700,0.5,1
6,14,487,2,10,5,0,300,0.5,1700,0.5,1
7,0,120,0,0,300,0.5,1700,0.5,2
7,1,405,2,10,5,0,300,0.5,1700,0.5,0
7,2,930,0,0,300,0.5,1700,0.5,0
7,3,990,1,0,500,0.6,1000,0.2,1400,0.2,0
7,4,683,2,10,5,0,500,0.6,1000,0.2,1400,0.2,2
7,5,702,2,10,5,0,500,0.6,1000,0.2,1400,0.2,1
7,6,549,1,0,300,0.5,1700,0.5,1
7,7,175,0,0,500,0.6,1000,0.2,1400,0.2,1
7,8,863,2,10,5,0,300,0.5,1700,0.5,0
7,9,442,1,0,500,0.6,1000,0.2,1400,0.2,2
7,10,352,2,10,5,0,300,0.5,1700,0.5,2
7,11,372,2,10,5,0,300,0.5,1700,0.5,0
7,12,638,0,0,500,0.6,1000,0.2,1400,0.2,2
7,13,892,0,0,300,0.5,1700,0.5,0
7,14,898,0,0,500,0.6,1000,0.2,1400,0.2,0
8,0,480,0,0,500,0.6,1000,0.2,1400,0.2,0
8,1,126,2,10,5,0,500,0.6,1000,0.2,1400,0.2,2
8,2,21,0,0,500,0.6,1000,0.2,1400,0.2,2
8,3,858,0,0,500,0.6,1000,0.2,1400,0.2,2
8,4,1000,2,10,5,0,500,0.6,1000,0.2,1400,0.2,0
8,5,588,2,10,5,0,500,0.6,1000,0.2,1400,0.2,2
8,6,925,2,10,5,0,300,0.5,1700,0.5,1
8,7,721,0,0,500,0.6,1000,0.2,1400,0.2,0
8,8,695,1,0,300,0.5,1700,0.5,2
8,9,546,1,0,500,0.6,1000,0.2,1400,0.2,2
8,10,841,1,0,500,0.6,1000,0.2,1400,0.2,1
8,11,392,2,10,5,0,500,0.6,1000,0.2,1400,0.2,2
8,12,301,1,0,500,0.6,1000,0.2,1400,0.2,2
8,13,114,0,0,500,0.6,1000,0.2,1400,0.2,2
8,14,285,1,0,500,0.6,1000,0.2,1400,0.2,2
9,0,188,0,0,300,0.5,1700,0.5,0
9,1,661,1,0,500,0.6,1000,0.2,1400,0.2,0
9,2,990,1,0,300,0.5,1700,0.5,2
9,3,72,1,0,500,0.6,1000,0.2,1400,0.2,0
9,4,297,2,10,5,0,300,0.5,1700,0.5,0
9,5,395,1,0,300,0.5,1700,0.5,1
9,6,848,1,0,300,0.5,1700,0.5,1
9,7,576,1,0,300,0.5,1700,0.5,2
9,8,792,0,0,500,0.6,1000,0.2,1400,0.2,2
9,9,679,2,10,5,0,500,0.6,1000,0.2,1400,0.2,2
9,10,387,2,10,5,0,300,0.5,1700,0.5,2
9,11,729,1,0,500,0.6,1000,0.2,1400,0.2,1
9,12,900,2,10,5,0,300,0.5,1700,0.5,2
9,13,582,1,0,300,0.5,1700,0.5,0
9,14,520,0,0,300,0.5,1700,0.5,0
10,0,773,0,0,500,0.6,1000,0.2,1400,0.2,0
10,1,168,1,0,300,0.5,1700,0.5,0
10,2,339,1,0,300,0.5,1700,0.5,2
10,3,244,0,0,500,0.6,1000,0.2,1400,0.2,0
10,4,96,0,0,500,0.6,1000,0.2,1400,0.2,1
10,5,669,0,0,300,0.5,1700,0.5,2
10,6,119,0,0,500,0.6,1000,0.2,1400,0.2,0
10,7,53,1,0,500,0.6,1000,0.2,1400,0.2,0
10,8,493,2,10,5,0,300,0.5,1700,0.5,0
10,9,834,2,10,5,0,300,0.5,1700,0.5,0
10,10,1000,0,0,300,0.5,1700,0.5,1
10,11,156,1,0,300,0.5,1700,0.5,2
10,12,85,0,0,500,0.6,1000,0.2,1400,0.2,2
10,13,952,2,10,5,0,300,0.5,1700,0.5,1
10,14,778,2,10,5,0,500,0.6,1000,0.2,1400,0.2,2
11,0,691,0,0,500,0.6,1000,0.2,1400,0.2,0
11,1,617,2,10,5,0,300,0.5,1700,0.5,0
11,2,81,1,0,300,0.5,1700,0.5,1
11,3,509,1,0,300,0.5,1700,0.5,2
11,4,568,1,0,300,0.5,1700,0.5,1
11,5,883,0,0,500,0.6,1000,0.2,1400,0.2,0
11,6,818,1,0,500,0.6,1000,0.2,1400,0.2,2
11,7,946,2,10,5,0,500,0.6,1000,0.2,1400,0.2,2
11,8,45,1,0,500,0.6,1000,0.2,1400,0.2,0
11,9,787,0,0,300,0.5,1700,0.5,2
11,10,46,2,10,5,0,300,0.5,1700,0.5,1
11,11,295,1,0,500,0.6,1000,0.2,1400,0.2,2
11,12,911,0,0,300,0.5,1700,0.5,2
11,13,297,1,0,300,0.5,1700,0.5,0
11,14,17,1,0,500,0.6,1000,0.2,1400,0.2,1
12,0,950,1,0,300,0.5,1700,0.5,0
12,1,821,0,0,300,0.5,1700,0.5,0
12,2,325,0,0,300,0.5,1700,0.5,0
12,3,206,0,0,500,0.6,1000,0.2,1400,0.2,1
12,4,65,2,10,5,0,500,0.6,1000,0.2,1400,0.2,2
12,5,584,2,10,5,0,300,0.5,1700,0.5,1
12,6,188,2,10,5,0,500,0.6,1000,0.2,1400,0.2,1
12,7,209,2,10,5,0,500,0.6,1000,0.2,1400,0.2,2
12,8,257,2,10,5,0,300,0.5,1700,0.5,0
12,9,940,2,10,5,0,500,0.6,1000,0.2,1400,0.2,2
12,10,817,1,0,300,0.5,1700,0.5,2
12,11,676,1,0,300,0.5,1700,0.5,1
12,12,474,0,0,300,0.5,1700,0.5,0
12,13,821,2,10,5,0,300,0.5,1700,0.5,1
12,14,999,2,10,5,0,500,0.6,1000,0.2,1400,0.2,0
13,0,88,0,0,500,0.6,1000,0.2,1400,0.2,0
13,1,873,0,0,300,0.5,1700,0.5,1
13,2,175,0,0,300,0.5,1700,0.5,1
13,3,927,2,10,5,0,500,0.6,1000,0.2,1400,0.2,0
13,4,422,0,0,300,0.5,1700,0.5,0
13,5,458,0,0,300,0.5,1700,0.5,1
13,6,696,0,0,300,0.5,1700,0.5,0
13,7,65,2,10,5,0,300,0.5,1700,0.5,1
13,8,398,1,0,500,0.6,1000,0.2,1400,0.2,1
13,9,25,0,0,500,0.6,1000,0.2,1400,0.2,1
13,10,997,2,10,5,0,300,0.5,1700,0.5,2
13,11,548,1,0,300,0.5,1700,0.5,0
13,12,171,0,0,500,0.6,1000,0.2,1400,0.2,2
13,13,732,1,0,500,0.6,1000,0.2,1400,0.2,0
13,14,95,0,0,300,0.5,1700,0.5,2
14,0,310,2,10,5,0,300,0.5,1700,0.5,0
14,1,80,2,10,5,0,300,0.5,1700,0.5,1
14,2,464,2,10,5,0,300,0.5,1700,0.5,1
14,3,656,1,0,500,0.6,1000,0.2,1400,0.2,0
14,4,336,2,10,5,0,500,0.6,1000,0.2,1400,0.2,1
14,5,739,0,0,300,0.5,1700,0.5,0
14,6,938,0,0,500,0.6,1000,0.2,1400,0.2,1
14,7,895,2,10,5,0,500,0.6,1000,0.2,1400,0.2,0
14,8,90,1,0,300,0.5,1700,0.5,1
14,9,137,2,10,5,0,500,0.6,1000,0.2,1400,0.2,0
14,10,168,1,0,500,0.6,1000,0.2,1400,0.2,1
14,11,25,0,0,300,0.5,1700,0.5,2
14,12,697,0,0,500,0.6,1000,0.2,1400,0.2,2
14,13,236,0,0,300,0.5,1700,0.5,2
14,14,49,1,0,300,0.5,1700,0.5,1
