0,0,891,1,0,500,0.6,1000,0.2,1400,0.2,2
0,1,257,2,10,5,0,300,0.5,1700,0.5,2
0,2,707,0,0,300,0.5,1700,0.5,2
0,3,919,1,0,300,0.5,1700,0.5,0
0,4,158,2,10,5,0,300,0.5,1700,0.5,2
0,5,224,1,0,300,0.5,1700,0.5,1
0,6,596,0,0,300,0.5,1700,0.5,0
0,7,714,2,10,5,0,500,0.6,1000,0.2,1400,0.2,0
0,8,139,1,0,500,0.6,1000,0.2,1400,0.2,1
0,9,481,1,0,500,0.6,1000,0.2,1400,0.2,0
0,10,977,1,0,300,0.5,1700,0.5,1
0,11,440,1,0,300,0.5,1700,0.5,1
0,12,647,2,10,5,0,500,0.6,1000,0.2,1400,0.2,1
0,13,11,2,10,5,0,300,0.5,1700,0.5,0
0,14,767,2,10,5,0,300,0.5,1700,0.5,2
1,0,532,2,10,5,0,300,0.5,1700,0.5,0
1,1,272,0,0,300,0.5,1700,0.5,2
1,2,271,2,10,5,0,300,0.5,1700,0.5,2
1,3,520,1,0,500,0.6,1000,0.2,1400,0.2,2
1,4,959,1,0,300,0.5,1700,0.5,1
1,5,191,0,0,300,0.5,1700,0.5,2
1,6,50,2,10,5,0,500,0.6,1000,0.2,1400,0.2,1
1,7,132,0,0,300,0.5,1700,0.5,2
1,8,117,2,10,5,0,500,0.6,1000,0.2,1400,0.2,2
1,9,170,0,0,500,0.6,1000,0.2,1400,0.2,1
1,10,896,1,0,300,0.5,1700,0.5,0
1,11,415,1,0,300,0.5,1700,0.5,1
1,12,544,0,0,500,0.6,1000,0.2,1400,0.2,0
1,13,901,2,10,5,0,300,0.5,1700,0.5,1
1,14,247,1,0,300,0.5,1700,0.5,1
2,0,969,0,0,500,0.6,1000,0.2,1400,0.2,2
2,1,166,0,0,500,0.6,1000,0.2,1400,0.2,1
2,2,805,1,0,500,0.6,1000,0.2,1400,0.2,2
2,3,977,2,10,5,0,300,0.5,1700,0.5,1
2,4,157,2,10,5,0,500,0.6,1000,0.2,1400,0.2,1
2,5,137,1,0,500,0.6,1000,0.2,1400,0.2,0
2,6,985,2,10,5,0,300,0.5,1700,0.5,2
2,7,523,0,0,300,0.5,1700,0.5,1
2,8,893,2,10,5,0,300,0.5,1700,0.5,2
2,9,208,0,0,300,0.5,1700,0.5,1
2,10,563,0,0,500,0.6,1000,0.2,1400,0.2,2
2,11,830,0,0,500,0.6,1000,0.2,1400,0.2,1
2,12,796,2,10,5,0,500,0.6,1000,0.2,1400,0.2,0
2,13,795,1,0,300,0.5,1700,0.5,1
2,14,914,2,10,5,0,500,0.6,1000,0.2,1400,0.2,0
3,0,769,0,0,300,0.5,1700,0.5,1
3,1,24,0,0,500,0.6,1000,0.2,1400,0.2,0
3,2,386,2,10,5,0,500,0.6,1000,0.2,1400,0.2,0
3,3,442,0,0,500,0.6,1000,0.2,1400,0.2,0
3,4,986,0,0,500,0.6,1000,0.2,1400,0.2,1
3,5,241,0,0,500,0.6,1000,0.2,1400,0.2,2
3,6,865,1,0,300,0.5,1700,0.5,2
3,7,549,2,10,5,0,500,0.6,1000,0.2,1400,0.2,1
3,8,209,2,10,5,0,500,0.6,1000,0.2,1400,0.2,2
3,9,566,1,0,300,0.5,1700,0.5,1
3,10,846,2,10,5,0,500,0.6,1000,0.2,1400,0.2,1
3,11,69,1,0,300,0.5,1700,0.5,1
3,12,562,1,0,300,0.5,1700,0.5,2
3,13,757,0,0,500,0.6,1000,0.2,1400,0.2,0
3,14,201,1,0,500,0.6,1000,0.2,1400,0.2,1
4,0,522,2,10,5,0,300,0.5,1700,0.5,0
4,1,99,0,0,300,0.5,1700,0.5,0
4,2,659,2,10,5,0,500,0.6,1000,0.2,1400,0.2,2
4,3,143,0,0,500,0.6,1000,0.2,1400,0.2,1
4,4,775,2,10,5,0,300,0.5,1700,0.5,0
4,5,487,2,10,5,0,500,0.6,1000,0.2,1400,0.2,0
4,6,947,2,10,5,0,500,0.6,1000,0.2,1400,0.2,0
4,7,923,0,0,300,0.5,1700,0.5,2
4,8,52,2,10,5,0,300,0.5,1700,0.5,2
4,9,728,2,10,5,0,300,0.5,1700,0.5,0
4,10,995,0,0,500,0.6,1000,0.2,1400,0.2,1
4,11,431,1,0,500,0.6,1000,0.2,1400,0.2,0
4,12,778,1,0,500,0.6,1000,0.2,1400,0.2,1
4,13,743,0,0,300,0.5,1700,0.5,0
4,14,693,2,10,5,0,300,0.5,1700,0.5,1
5,0,838,0,0,300,0.5,1700,0.5,1
5,1,251,2,10,5,0,500,0.6,1000,0.2,1400,0.2,0
5,2,983,1,0,300,0.5,1700,0.5,1
5,3,164,2,10,5,0,300,0.5,1700,0.5,1
5,4,719,1,0,300,0.5,1700,0.5,2
5,5,871,2,10,5,0,300,0.5,1700,0.5,2
5,6,881,0,0,500,0.6,1000,0.2,1400,0.2,0
5,7,774,2,10,5,0,500,0.6,1000,0.2,1400,0.2,2
5,8,645,2,10,5,0,300,0.5,1700,0.5,0
5,9,758,2,10,5,0,300,0.5,1700,0.5,1
5,10,207,1,0,300,0.5,1700,0.5,2
5,11,468,0,0,500,0.6,1000,0.2,1400,0.2,0
5,12,939,0,0,300,0.5,1700,0.5,0
5,13,485,2,10,5,0,300,0.5,1700,0.5,0
5,14,648,0,0,300,0.5,1700,0.5,0
6,0,93,2,10,5,0,500,0.6,1000,0.2,1400,0.2,1
6,1,97,1,0,300,0.5,1700,0.5,0
6,2,183,2,10,5,0,300,0.5,1700,0.5,1
6,3,188,0,0,500,0.6,1000,0.2,1400,0.2,1
6,4,229,2,10,5,0,500,0.6,1000,0.2,1400,0.2,2
6,5,213,2,10,5,0,300,0.5,1700,0.5,1
6,6,554,1,0,300,0.5,1700,0.5,2
6,7,906,1,0,300,0.5,1700,0.5,1
6,8,606,2,10,5,0,500,0.6,1000,0.2,1400,0.2,2
6,9,48,1,0,300,0.5,1700,0.5,1
6,10,788,2,10,5,0,500,0.6,1000,0.2,1400,0.2,1
6,11,145,1,0,300,0.5,1700,0.5,1
6,12,818,1,0,500,0.6,1000,0.2,1400,0.2,1
6,13,786,2,10,5,0,500,0.6,1000,0.2,1400,0.2,2
6,14,186,2,10,5,0,300,0.5,1700,0.5,1
7,0,997,1,0,500,0.6,1000,0.2,1400,0.2,1
7,1,589,0,0,500,0.6,1000,0.2,1400,0.2,0
7,2,43,0,0,300,0.5,1700,0.5,0
7,3,590,0,0,500,0.6,1000,0.2,1400,0.2,1
7,4,684,0,0,500,0.6,1000,0.2,1400,0.2,1
7,5,521,1,0,500,0.6,1000,0.2,1400,0.2,2
7,6,746,0,0,500,0.6,1000,0.2,1400,0.2,2
7,7,984,2,10,5,0,300,0.5,1700,0.5,1
7,8,314,0,0,500,0.6,1000,0.2,1400,0.2,1
7,9,789,0,0,300,0.5,1700,0.5,2
7,10,266,1,0,300,0.5,1700,0.5,0
7,11,175,2,10,5,0,500,0.6,1000,0.2,1400,0.2,2
7,12,100,1,0,500,0.6,1000,0.2,1400,0.2,0
7,13,70,1,0,300,0.5,1700,0.5,0
7,14,706,1,0,300,0.5,1700,0.5,0
8,0,697,2,10,5,0,500,0.6,1000,0.2,1400,0.2,2
8,1,782,2,10,5,0,500,0.6,1000,0.2,1400,0.2,1
8,2,120,1,0,500,0.6,1000,0.2,1400,0.2,1
8,3,35,1,0,300,0.5,1700,0.5,0
8,4,175,1,0,300,0.5,1700,0.5,1
8,5,724,1,0,300,0.5,1700,0.5,2
8,6,692,0,0,500,0.6,1000,0.2,1400,0.2,2
8,7,387,2,10,5,0,300,0.5,1700,0.5,1
8,8,608,2,10,5,0,500,0.6,1000,0.2,1400,0.2,2
8,9,684,1,0,300,0.5,1700,0.5,0
8,10,115,0,0,500,0.6,1000,0.2,1400,0.2,2
8,11,92,2,10,5,0,500,0.6,1000,0.2,1400,0.2,2
8,12,822,0,0,300,0.5,1700,0.5,1
8,13,375,2,10,5,0,300,0.5,1700,0.5,0
8,14,581,2,10,5,0,300,0.5,1700,0.5,1
9,0,935,1,0,300,0.5,1700,0.5,0
9,1,660,2,10,5,0,500,0.6,1000,0.2,1400,0.2,2
9,2,352,1,0,500,0.6,1000,0.2,1400,0.2,1
9,3,447,1,0,500,0.6,1000,0.2,1400,0.2,2
9,4,905,0,0,500,0.6,1000,0.2,1400,0.2,2
9,5,278,0,0,300,0.5,1700,0.5,2
9,6,891,1,0,300,0.5,1700,0.5,0
9,7,912,1,0,300,0.5,1700,0.5,2
9,8,843,2,10,5,0,300,0.5,1700,0.5,0
9,9,324,0,0,500,0.6,1000,0.2,1400,0.2,1
9,10,621,2,10,5,0,300,0.5,1700,0.5,0
9,11,747,1,0,500,0.6,1000,0.2,1400,0.2,1
9,12,294,0,0,500,0.6,1000,0.2,1400,0.2,0
9,13,318,0,0,300,0.5,1700,0.5,2
9,14,291,0,0,500,0.6,1000,0.2,1400,0.2,2
10,0,589,0,0,500,0.6,1000,0.2,1400,0.2,1
10,1,818,2,10,5,0,500,0.6,1000,0.2,1400,0.2,0
10,2,377,1,0,500,0.6,1000,0.2,1400,0.2,2
10,3,808,1,0,500,0.6,1000,0.2,1400,0.2,2
10,4,391,2,10,5,0,500,0.6,1000,0.2,1400,0.2,1
10,5,424,0,0,500,0.6,1000,0.2,1400,0.2,1
10,6,210,0,0,300,0.5,1700,0.5,0
10,7,275,2,10,5,0,300,0.5,1700,0.5,2
10,8,924,2,10,5,0,300,0.5,1700,0.5,0
10,9,809,1,0,500,0.6,1000,0.2,1400,0.2,1
10,10,660,2,10,5,0,500,0.6,1000,0.2,1400,0.2,0
10,11,10,1,0,500,0.6,1000,0.2,1400,0.2,1
10,12,581,0,0,300,0.5,1700,0.5,2
10,13,671,2,10,5,0,300,0.5,1700,0.5,0
10,14,861,0,0,500,0.6,1000,0.2,1400,0.2,0
11,0,926,0,0,500,0.6,1000,0.2,1400,0.2,1
11,1,755,0,0,500,0.6,1000,0.2,1400,0.2,2
11,2,881,0,0,300,0.5,1700,0.5,2
11,3,560,2,10,5,0,300,0.5,1700,0.5,1
11,4,613,0,0,300,0.5,1700,0.5,2
11,5,836,0,0,300,0.5,1700,0.5,0
11,6,898,2,10,5,0,500,0.6,1000,0.2,1400,0.2,1
11,7,502,0,0,300,0.5,1700,0.5,2
11,8,303,0,0,300,0.5,1700,0.5,0
11,9,190,1,0,300,0.5,1700,0.5,2
11,10,862,0,0,500,0.6,1000,0.2,1400,0.2,1
11,11,836,0,0,300,0.5,1700,0.5,2
11,12,114,0,0,500,0.6,1000,0.2,1400,0.2,1
11,13,960,2,10,5,0,500,0.6,1000,0.2,1400,0.2,0
11,14,626,1,0,300,0.5,1700,0.5,1
12,0,992,1,0,300,0.5,1700,0.5,1
12,1,591,1,0,500,0.6,1000,0.2,1400,0.2,2
12,2,396,2,10,5,0,300,0.5,1700,0.5,0
12,3,173,2,10,5,0,500,0.6,1000,0.2,1400,0.2,1
12,4,40,1,0,500,0.6,1000,0.2,1400,0.2,0
12,5,860,0,0,500,0.6,1000,0.2,1400,0.2,1
12,6,928,1,0,500,0.6,1000,0.2,1400,0.2,1
12,7,377,2,10,5,0,500,0.6,1000,0.2,1400,0.2,2
12,8,913,1,0,300,0.5,1700,0.5,2
12,9,988,2,10,5,0,300,0.5,1700,0.5,2
12,10,805,2,10,5,0,500,0.6,1000,0.2,1400,0.2,1
12,11,820,2,10,5,0,300,0.5,1700,0.5,1
12,12,855,0,0,300,0.5,1700,0.5,2
12,13,465,2,10,5,0,500,0.6,1000,0.2,1400,0.2,2
12,14,73,1,0,300,0.5,1700,0.5,2
13,0,861,1,0,500,0.6,1000,0.2,1400,0.2,0
13,1,11,1,0,300,0.5,1700,0.5,0
13,2,728,2,10,5,0,500,0.6,1000,0.2,1400,0.2,0
13,3,378,1,0,500,0.6,1000,0.2,1400,0.2,2
13,4,373,2,10,5,0,500,0.6,1000,0.2,1400,0.2,0
13,5,834,1,0,500,0.6,1000,0.2,1400,0.2,0
13,6,957,0,0,300,0.5,1700,0.5,1
13,7,974,0,0,500,0.6,1000,0.2,1400,0.2,2
13,8,823,2,10,5,0,300,0.5,1700,0.5,0
13,9,999,0,0,300,0.5,1700,0.5,0
13,10,945,2,10,5,0,300,0.5,1700,0.5,2
13,11,761,0,0,500,0.6,1000,0.2,1400,0.2,0
13,12,587,2,10,5,0,500,0.6,1000,0.2,1400,0.2,2
13,13,17,1,0,500,0.6,1000,0.2,1400,0.2,0
13,14,322,0,0,300,0.5,1700,0.5,1
14,0,943,2,10,5,0,300,0.5,1700,0.5,2
14,1,695,0,0,500,0.6,1000,0.2,1400,0.2,1
14,2,866,1,0,500,0.6,1000,0.2,1400,0.2,2
14,3,950,2,10,5,0,300,0.5,1700,0.5,2
14,4,17,1,0,500,0.6,1000,0.2,1400,0.2,2
14,5,75,0,0,500,0.6,1000,0.2,1400,0.2,0
14,6,149,2,10,5,0,300,0.5,1700,0.5,0
14,7,676,1,0,300,0.5,1700,0.5,2
14,8,168,2,10,5,0,300,0.5,1700,0.5,1
14,9,674,0,0,300,0.5,1700,0.5,1
14,10,396,1,0,300,0.5,1700,0.5,1
14,11,541,2,10,5,0,300,0.5,1700,0.5,2
14,12,912,0,0,300,0.5,1700,0.5,2
14,13,861,2,10,5,0,300,0.5,1700,0.5,0
14,14,606,2,10,5,0,300,0.5,1700,0.5,1
