0,0,381,2,10,5,0,300,0.5,1700,0.5,0
0,1,211,1,0,500,0.6,1000,0.2,1400,0.2,0
0,2,883,1,0,500,0.6,1000,0.2,1400,0.2,2
0,3,509,1,0,300,0.5,1700,0.5,0
0,4,51,1,0,500,0.6,1000,0.2,1400,0.2,2
0,5,718,1,0,500,0.6,1000,0.2,1400,0.2,0
0,6,180,0,0,300,0.5,1700,0.5,2
0,7,890,1,0,300,0.5,1700,0.5,0
0,8,243,2,10,5,0,500,0.6,1000,0.2,1400,0.2,2
0,9,817,1,0,300,0.5,1700,0.5,0
0,10,481,1,0,300,0.5,1700,0.5,2
0,11,668,2,10,5,0,500,0.6,1000,0.2,1400,0.2,0
0,12,338,1,0,500,0.6,1000,0.2,1400,0.2,2
0,13,138,0,0,500,0.6,1000,0.2,1400,0.2,2
0,14,165,1,0,300,0.5,1700,0.5,0
1,0,268,2,10,5,0,300,0.5,1700,0.5,2
1,1,244,0,0,300,0.5,1700,0.5,1
1,2,388,0,0,500,0.6,1000,0.2,1400,0.2,1
1,3,318,1,0,500,0.6,1000,0.2,1400,0.2,1
1,4,552,1,0,300,0.5,1700,0.5,2
1,5,860,2,10,5,0,500,0.6,1000,0.2,1400,0.2,2
1,6,212,2,10,5,0,300,0.5,1700,0.5,1
1,7,101,1,0,500,0.6,1000,0.2,1400,0.2,2
1,8,179,2,10,5,0,500,0.6,1000,0.2,1400,0.2,0
1,9,283,1,0,300,0.5,1700,0.5,1
1,10,266,1,0,500,0.6,1000,0.2,1400,0.2,0
1,11,440,1,0,300,0.5,1700,0.5,0
1,12,784,0,0,500,0.6,1000,0.2,1400,0.2,1
1,13,664,2,10,5,0,500,0.6,1000,0.2,1400,0.2,0
1,14,215,2,10,5,0,500,0.6,1000,0.2,1400,0.2,0
2,0,91,2,10,5,0,500,0.6,1000,0.2,1400,0.2,0
2,1,662,0,0,300,0.5,1700,0.5,1
2,2,50,0,0,300,0.5,1700,0.5,2
2,3,392,1,0,500,0.6,1000,0.2,1400,0.2,0
2,4,140,0,0,500,0.6,1000,0.2,1400,0.2,2
2,5,604,2,10,5,0,300,0.5,1700,0.5,2
2,6,353,0,0,500,0.6,1000,0.2,1400,0.2,1
2,7,84,1,0,300,0.5,1700,0.5,0
2,8,946,1,0,500,0.6,1000,0.2,1400,0.2,2
2,9,131,0,0,300,0.5,1700,0.5,0
2,10,435,0,0,300,0.5,1700,0.5,2
2,11,690,0,0,300,0.5,1700,0.5,1
2,12,512,0,0,500,0.6,1000,0.2,1400,0.2,1
2,13,157,2,10,5,0,300,0.5,1700,0.5,2
2,14,785,1,0,500,0.6,1000,0.2,1400,0.2,1
3,0,789,2,10,5,0,500,0.6,1000,0.2,1400,0.2,1
3,1,192,0,0,300,0.5,1700,0.5,0
3,2,689,1,0,500,0.6,1000,0.2,1400,0.2,0
3,3,697,1,0,300,0.5,1700,0.5,1
3,4,846,0,0,500,0.6,1000,0.2,1400,0.2,0
3,5,813,1,0,300,0.5,1700,0.5,2
3,6,268,2,10,5,0,500,0.6,1000,0.2,1400,0.2,0
3,7,548,2,10,5,0,300,0.5,1700,0.5,2
3,8,154,2,10,5,0,300,0.5,1700,0.5,2
3,9,100,0,0,300,0.5,1700,0.5,1
3,10,275,2,10,5,0,500,0.6,1000,0.2,1400,0.2,0
3,11,621,1,0,300,0.5,1700,0.5,1
3,12,22,2,10,5,0,500,0.6,1000,0.2,1400,0.2,0
3,13,427,0,0,300,0.5,1700,0.5,2
3,14,341,1,0,500,0.6,1000,0.2,1400,0.2,1
4,0,172,0,0,500,0.6,1000,0.2,1400,0.2,0
4,1,29,2,10,5,0,500,0.6,1000,0.2,1400,0.2,2
4,2,166,0,0,300,0.5,1700,0.5,0
4,3,290,0,0,300,0.5,1700,0.5,1
4,4,170,1,0,300,0.5,1700,0.5,0
4,5,620,1,0,300,0.5,1700,0.5,1
4,6,597,0,0,300,0.5,1700,0.5,0
4,7,263,2,10,5,0,300,0.5,1700,0.5,0
4,8,398,1,0,500,0.6,1000,0.2,1400,0.2,0
4,9,219,0,0,500,0.6,1000,0.2,1400,0.2,2
4,10,432,2,10,5,0,500,0.6,1000,0.2,1400,0.2,1
4,11,164,1,0,300,0.5,1700,0.5,1
4,12,445,1,0,500,0.6,1000,0.2,1400,0.2,1
4,13,928,2,10,5,0,300,0.5,1700,0.5,0
4,14,353,2,10,5,0,300,0.5,1700,0.5,1
5,0,78,0,0,500,0.6,1000,0.2,1400,0.2,2
5,1,562,0,0,500,0.6,1000,0.2,1400,0.2,0
5,2,423,2,10,5,0,500,0.6,1000,0.2,1400,0.2,1
5,3,385,2,10,5,0,500,0.6,1000,0.2,1400,0.2,1
5,4,200,2,10,5,0,500,0.6,1000,0.2,1400,0.2,0
5,5,781,1,0,500,0.6,1000,0.2,1400,0.2,0
5,6,377,2,10,5,0,500,0.6,1000,0.2,1400,0.2,0
5,7,114,2,10,5,0,300,0.5,1700,0.5,2
5,8,671,0,0,500,0.6,1000,0.2,1400,0.2,2
5,9,571,1,0,300,0.5,1700,0.5,2
5,10,967,0,0,300,0.5,1700,0.5,0
5,11,492,0,0,300,0.5,1700,0.5,2
5,12,453,0,0,500,0.6,1000,0.2,1400,0.2,1
5,13,461,2,10,5,0,500,0.6,1000,0.2,1400,0.2,0
5,14,829,0,0,300,0.5,1700,0.5,0
6,0,596,1,0,300,0.5,1700,0.5,0
6,1,282,2,10,5,0,300,0.5,1700,0.5,1
6,2,973,1,0,300,0.5,1700,0.5,1
6,3,878,1,0,300,0.5,1700,0.5,0
6,4,569,0,0,500,0.6,1000,0.2,1400,0.2,1
6,5,515,0,0,500,0.6,1000,0.2,1400,0.2,1
6,6,474,1,0,300,0.5,1700,0.5,2
6,7,879,0,0,300,0.5,1700,0.5,0
6,8,322,2,10,5,0,300,0.5,1700,0.5,1
6,9,970,2,10,5,0,300,0.5,1700,0.5,2
6,10,277,1,0,300,0.5,1700,0.5,2
6,11,929,0,0,300,0.5,1700,0.5,2
6,12,780,2,10,5,0,300,0.5,1700,0.5,0
6,13,725,1,0,300,0.5,1700,0.5,2
6,14,40,2,10,5,0,500,0.6,1000,0.2,1400,0.2,1
7,0,66,2,10,5,0,300,0.5,1700,0.5,0
7,1,931,0,0,300,0.5,1700,0.5,2
7,2,837,2,10,5,0,300,0.5,1700,0.5,0
7,3,181,1,0,500,0.6,1000,0.2,1400,0.2,1
7,4,664,0,0,300,0.5,1700,0.5,2
7,5,831,2,10,5,0,500,0.6,1000,0.2,1400,0.2,1
7,6,891,1,0,300,0.5,1700,0.5,1
7,7,770,1,0,500,0.6,1000,0.2,1400,0.2,1
7,8,149,2,10,5,0,500,0.6,1000,0.2,1400,0.2,2
7,9,267,0,0,500,0.6,1000,0.2,1400,0.2,1
7,10,934,1,0,500,0.6,1000,0.2,1400,0.2,0
7,11,81,0,0,300,0.5,1700,0.5,2
7,12,743,1,0,300,0.5,1700,0.5,0
7,13,980,2,10,5,0,300,0.5,1700,0.5,0
7,14,955,2,10,5,0,500,0.6,1000,0.2,1400,0.2,2
8,0,284,2,10,5,0,500,0.6,1000,0.2,1400,0.2,1
8,1,164,1,0,500,0.6,1000,0.2,1400,0.2,1
8,2,840,2,10,5,0,500,0.6,1000,0.2,1400,0.2,0
8,3,15,2,10,5,0,500,0.6,1000,0.2,1400,0.2,2
8,4,978,0,0,500,0.6,1000,0.2,1400,0.2,2
8,5,490,2,10,5,0,300,0.5,1700,0.5,0
8,6,747,2,10,5,0,300,0.5,1700,0.5,0
8,7,347,1,0,500,0.6,1000,0.2,1400,0.2,2
8,8,670,0,0,300,0.5,1700,0.5,2
8,9,23,2,10,5,0,300,0.5,1700,0.5,0
8,10,226,1,0,500,0.6,1000,0.2,1400,0.2,1
8,11,692,0,0,300,0.5,1700,0.5,1
8,12,27,0,0,300,0.5,1700,0.5,2
8,13,482,0,0,500,0.6,1000,0.2,1400,0.2,0
8,14,209,2,10,5,0,500,0.6,1000,0.2,1400,0.2,1
9,0,771,2,10,5,0,300,0.5,1700,0.5,0
9,1,849,1,0,300,0.5,1700,0.5,1
9,2,520,2,10,5,0,300,0.5,1700,0.5,0
9,3,946,2,10,5,0,300,0.5,1700,0.5,0
9,4,347,1,0,500,0.6,1000,0.2,1400,0.2,1
9,5,95,1,0,300,0.5,1700,0.5,0
9,6,563,1,0,500,0.6,1000,0.2,1400,0.2,2
9,7,596,1,0,300,0.5,1700,0.5,0
9,8,344,2,10,5,0,500,0.6,1000,0.2,1400,0.2,0
9,9,159,0,0,500,0.6,1000,0.2,1400,0.2,1
9,10,656,1,0,500,0.6,1000,0.2,1400,0.2,2
9,11,736,1,0,300,0.5,1700,0.5,2
9,12,389,2,10,5,0,500,0.6,1000,0.2,1400,0.2,0
9,13,437,0,0,500,0.6,1000,0.2,1400,0.2,2
9,14,18,0,0,500,0.6,1000,0.2,1400,0.2,2
10,0,152,1,0,300,0.5,1700,0.5,1
10,1,100,2,10,5,0,300,0.5,1700,0.5,1
10,2,742,2,10,5,0,300,0.5,1700,0.5,1
10,3,155,1,0,500,0.6,1000,0.2,1400,0.2,0
10,4,540,1,0,300,0.5,1700,0.5,1
10,5,846,2,10,5,0,300,0.5,1700,0.5,0
10,6,99,2,10,5,0,500,0.6,1000,0.2,1400,0.2,1
10,7,51,0,0,300,0.5,1700,0.5,2
10,8,320,0,0,300,0.5,1700,0.5,2
10,9,19,2,10,5,0,500,0.6,1000,0.2,1400,0.2,2
10,10,450,1,0,500,0.6,1000,0.2,1400,0.2,2
10,11,258,1,0,500,0.6,1000,0.2,1400,0.2,1
10,12,436,0,0,500,0.6,1000,0.2,1400,0.2,0
10,13,672,1,0,500,0.6,1000,0.2,1400,0.2,2
10,14,441,0,0,300,0.5,1700,0.5,2
11,0,862,2,10,5,0,500,0.6,1000,0.2,1400,0.2,2
11,1,442,1,0,300,0.5,1700,0.5,2
11,2,451,0,0,300,0.5,1700,0.5,0
11,3,448,0,0,300,0.5,1700,0.5,1
11,4,957,0,0,500,0.6,1000,0.2,1400,0.2,0
11,5,210,1,0,300,0.5,1700,0.5,1
11,6,293,0,0,300,0.5,1700,0.5,0
11,7,878,2,10,5,0,500,0.6,1000,0.2,1400,0.2,1
11,8,740,0,0,500,0.6,1000,0.2,1400,0.2,1
11,9,341,1,0,300,0.5,1700,0.5,2
11,10,722,2,10,5,0,300,0.5,1700,0.5,1
11,11,154,1,0,500,0.6,1000,0.2,1400,0.2,2
11,12,887,0,0,500,0.6,1000,0.2,1400,0.2,2
11,13,752,0,0,300,0.5,1700,0.5,2
11,14,143,2,10,5,0,300,0.5,1700,0.5,1
12,0,215,1,0,500,0.6,1000,0.2,1400,0.2,2
12,1,335,0,0,300,0.5,1700,0.5,2
12,2,420,2,10,5,0,300,0.5,1700,0.5,2
12,3,263,0,0,300,0.5,1700,0.5,1
12,4,185,1,0,300,0.5,1700,0.5,1
12,5,302,2,10,5,0,500,0.6,1000,0.2,1400,0.2,1
12,6,761,1,0,300,0.5,1700,0.5,0
12,7,286,2,10,5,0,500,0.6,1000,0.2,1400,0.2,1
12,8,473,1,0,300,0.5,1700,0.5,2
12,9,630,1,0,500,0.6,1000,0.2,1400,0.2,1
12,10,590,1,0,300,0.5,1700,0.5,1
12,11,419,0,0,500,0.6,1000,0.2,1400,0.2,2
12,12,605,0,0,300,0.5,1700,0.5,1
12,13,479,2,10,5,0,500,0.6,1000,0.2,1400,0.2,1
12,14,990,1,0,300,0.5,1700,0.5,2
13,0,193,1,0,500,0.6,1000,0.2,1400,0.2,0
13,1,572,1,0,500,0.6,1000,0.2,1400,0.2,0
13,2,14,0,0,500,0.6,1000,0.2,1400,0.2,2
13,3,603,2,10,5,0,300,0.5,1700,0.5,0
13,4,872,0,0,300,0.5,1700,0.5,2
13,5,206,0,0,500,0.6,1000,0.2,1400,0.2,0
13,6,208,0,0,500,0.6,1000,0.2,1400,0.2,0
13,7,752,1,0,300,0.5,1700,0.5,1
13,8,617,1,0,300,0.5,1700,0.5,0
13,9,662,2,10,5,0,500,0.6,1000,0.2,1400,0.2,1
13,10,733,0,0,500,0.6,1000,0.2,1400,0.2,0
13,11,586,1,0,500,0.6,1000,0.2,1400,0.2,0
13,12,837,2,10,5,0,500,0.6,1000,0.2,1400,0.2,0
13,13,363,2,10,5,0,500,0.6,1000,0.2,1400,0.2,1
13,14,292,1,0,300,0.5,1700,0.5,1
14,0,631,0,0,500,0.6,1000,0.2,1400,0.2,2
14,1,135,1,0,300,0.5,1700,0.5,2
14,2,222,1,0,500,0.6,1000,0.2,1400,0.2,1
14,3,124,1,0,500,0.6,1000,0.2,1400,0.2,0
14,4,257,0,0,300,0.5,1700,0.5,1
14,5,685,1,0,500,0.6,1000,0.2,1400,0.2,1
14,6,509,0,0,300,0.5,1700,0.5,2
14,7,92,2,10,5,0,300,0.5,1700,0.5,2
14,8,738,0,0,500,0.6,1000,0.2,1400,0.2,1
14,9,541,2,10,5,0,500,0.6,1000,0.2,1400,0.2,0
14,10,185,2,10,5,0,500,0.6,1000,0.2,1400,0.2,0
14,11,796,0,0,500,0.6,1000,0.2,1400,0.2,0
14,12,624,0,0,300,0.5,1700,0.5,2
14,13,892,2,10,5,0,300,0.5,1700,0.5,0
14,14,195,1,0,500,0.6,1000,0.2,1400,0.2,0
