0,0,339,0,0,300,0.5,1700,0.5,1
0,1,650,1,0,300,0.5,1700,0.5,1
0,2,829,2,10,5,0,300,0.5,1700,0.5,0
0,3,213,0,0,500,0.6,1000,0.2,1400,0.2,0
0,4,954,2,10,5,0,300,0.5,1700,0.5,0
0,5,653,1,0,500,0.6,1000,0.2,1400,0.2,1
0,6,389,2,10,5,0,500,0.6,1000,0.2,1400,0.2,1
0,7,56,2,10,5,0,500,0.6,1000,0.2,1400,0.2,2
0,8,88,0,0,500,0.6,1000,0.2,1400,0.2,0
0,9,851,1,0,300,0.5,1700,0.5,0
0,10,790,2,10,5,0,300,0.5,1700,0.5,1
0,11,940,1,0,500,0.6,1000,0.2,1400,0.2,2
0,12,806,0,0,500,0.6,1000,0.2,1400,0.2,1
0,13,197,1,0,500,0.6,1000,0.2,1400,0.2,2
0,14,868,1,0,300,0.5,1700,0.5,2
1,0,452,1,0,500,0.6,1000,0.2,1400,0.2,0
1,1,42,1,0,500,0.6,1000,0.2,1400,0.2,2
1,2,378,0,0,500,0.6,1000,0.2,1400,0.2,1
1,3,626,1,0,300,0.5,1700,0.5,0
1,4,992,1,0,500,0.6,1000,0.2,1400,0.2,1
1,5,493,1,0,300,0.5,1700,0.5,0
1,6,818,2,10,5,0,500,0.6,1000,0.2,1400,0.2,0
1,7,652,1,0,300,0.5,1700,0.5,2
1,8,141,1,0,300,0.5,1700,0.5,0
1,9,663,1,0,300,0.5,1700,0.5,1
1,10,685,0,0,500,0.6,1000,0.2,1400,0.2,1
1,11,937,0,0,500,0.6,1000,0.2,1400,0.2,0
1,12,966,0,0,500,0.6,1000,0.2,1400,0.2,1
1,13,986,0,0,500,0.6,1000,0.2,1400,0.2,0
1,14,517,2,10,5,0,300,0.5,1700,0.5,1
2,0,120,0,0,500,0.6,1000,0.2,1400,0.2,0
2,1,422,0,0,500,0.6,1000,0.2,1400,0.2,1
2,2,913,0,0,500,0.6,1000,0.2,1400,0.2,0
2,3,684,0,0,500,0.6,1000,0.2,1400,0.2,0
2,4,901,2,10,5,0,300,0.5,1700,0.5,0
2,5,248,2,10,5,0,300,0.5,1700,0.5,2
2,6,289,1,0,500,0.6,1000,0.2,1400,0.2,0
2,7,841,2,10,5,0,500,0.6,1000,0.2,1400,0.2,0
2,8,556,1,0,300,0.5,1700,0.5,1
2,9,861,0,0,500,0.6,1000,0.2,1400,0.2,1
2,10,731,2,10,5,0,300,0.5,1700,0.5,1
2,11,899,0,0,300,0.5,1700,0.5,1
2,12,453,1,0,500,0.6,1000,0.2,1400,0.2,2
2,13,101,0,0,500,0.6,1000,0.2,1400,0.2,1
2,14,107,2,10,5,0,500,0.6,1000,0.2,1400,0.2,2
3,0,312,2,10,5,0,500,0.6,1000,0.2,1400,0.2,1
3,1,311,0,0,500,0.6,1000,0.2,1400,0.2,1
3,2,116,2,10,5,0,500,0.6,1000,0.2,1400,0.2,0
3,3,781,0,0,500,0.6,1000,0.2,1400,0.2,0
3,4,203,2,10,5,0,300,0.5,1700,0.5,2
3,5,984,0,0,500,0.6,1000,0.2,1400,0.2,2
3,6,40,1,0,500,0.6,1000,0.2,1400,0.2,2
3,7,633,1,0,300,0.5,1700,0.5,2
3,8,512,2,10,5,0,300,0.5,1700,0.5,1
3,9,194,1,0,300,0.5,1700,0.5,2
3,10,470,0,0,500,0.6,1000,0.2,1400,0.2,2
3,11,562,1,0,500,0.6,1000,0.2,1400,0.2,1
3,12,530,0,0,300,0.5,1700,0.5,2
3,13,208,0,0,300,0.5,1700,0.5,2
3,14,766,0,0,300,0.5,1700,0.5,1
4,0,802,1,0,500,0.6,1000,0.2,1400,0.2,2
4,1,330,0,0,300,0.5,1700,0.5,0
4,2,927,2,10,5,0,500,0.6,1000,0.2,1400,0.2,0
4,3,917,0,0,500,0.6,1000,0.2,1400,0.2,0
4,4,973,1,0,300,0.5,1700,0.5,0
4,5,562,0,0,300,0.5,1700,0.5,2
4,6,60,0,0,300,0.5,1700,0.5,0
4,7,785,2,10,5,0,300,0.5,1700,0.5,0
4,8,195,1,0,500,0.6,1000,0.2,1400,0.2,0
4,9,654,0,0,500,0.6,1000,0.2,1400,0.2,1
4,10,845,1,0,500,0.6,1000,0.2,1400,0.2,2
4,11,165,2,10,5,0,500,0.6,1000,0.2,1400,0.2,1
4,12,29,2,10,5,0,300,0.5,1700,0.5,2
4,13,927,0,0,500,0.6,1000,0.2,1400,0.2,0
4,14,238,0,0,500,0.6,1000,0.2,1400,0.2,0
5,0,20,0,0,500,0.6,1000,0.2,1400,0.2,2
5,1,571,2,10,5,0,500,0.6,1000,0.2,1400,0.2,1
5,2,762,1,0,300,0.5,1700,0.5,0
5,3,447,1,0,500,0.6,1000,0.2,1400,0.2,1
5,4,195,2,10,5,0,300,0.5,1700,0.5,0
5,5,720,0,0,300,0.5,1700,0.5,1
5,6,316,2,10,5,0,300,0.5,1700,0.5,1
5,7,262,0,0,500,0.6,1000,0.2,1400,0.2,0
5,8,296,0,0,500,0.6,1000,0.2,1400,0.2,2
5,9,435,2,10,5,0,500,0.6,1000,0.2,1400,0.2,2
5,10,356,0,0,500,0.6,1000,0.2,1400,0.2,0
5,11,985,2,10,5,0,300,0.5,1700,0.5,0
5,12,314,0,0,300,0.5,1700,0.5,2
5,13,290,2,10,5,0,500,0.6,1000,0.2,1400,0.2,1
5,14,249,2,10,5,0,300,0.5,1700,0.5,2
6,0,707,2,10,5,0,500,0.6,1000,0.2,1400,0.2,2
6,1,664,2,10,5,0,300,0.5,1700,0.5,2
6,2,581,0,0,500,0.6,1000,0.2,1400,0.2,0
6,3,98,1,0,300,0.5,1700,0.5,1
6,4,859,0,0,500,0.6,1000,0.2,1400,0.2,2
6,5,178,1,0,300,0.5,1700,0.5,2
6,6,302,0,0,500,0.6,1000,0.2,1400,0.2,2
6,7,305,0,0,500,0.6,1000,0.2,1400,0.2,2
6,8,974,0,0,500,0.6,1000,0.2,1400,0.2,0
6,9,315,1,0,300,0.5,1700,0.5,2
6,10,25,1,0,300,0.5,1700,0.5,2
6,11,707,0,0,300,0.5,1700,0.5,2
6,12,76,1,0,500,0.6,1000,0.2,1400,0.2,2
6,13,634,1,0,300,0.5,1700,0.5,0
6,14,786,1,0,300,0.5,1700,0.5,2
7,0,229,0,0,300,0.5,1700,0.5,0
7,1,656,1,0,300,0.5,1700,0.5,0
7,2,570,1,0,300,0.5,1700,0.5,1
7,3,90,2,10,5,0,500,0.6,1000,0.2,1400,0.2,0
7,4,772,2,10,5,0,300,0.5,1700,0.5,2
7,5,181,2,10,5,0,500,0.6,1000,0.2,1400,0.2,1
7,6,335,1,0,300,0.5,1700,0.5,2
7,7,484,0,0,300,0.5,1700,0.5,1
7,8,601,2,10,5,0,500,0.6,1000,0.2,1400,0.2,0
7,9,624,1,0,500,0.6,1000,0.2,1400,0.2,2
7,10,818,1,0,300,0.5,1700,0.5,0
7,11,159,0,0,500,0.6,1000,0.2,1400,0.2,0
7,12,422,2,10,5,0,300,0.5,1700,0.5,0
7,13,416,0,0,300,0.5,1700,0.5,2
7,14,432,0,0,300,0.5,1700,0.5,1
8,0,920,0,0,500,0.6,1000,0.2,1400,0.2,2
8,1,489,1,0,300,0.5,1700,0.5,0
8,2,161,2,10,5,0,300,0.5,1700,0.5,1
8,3,581,1,0,500,0.6,1000,0.2,1400,0.2,2
8,4,838,2,10,5,0,300,0.5,1700,0.5,1
8,5,911,1,0,500,0.6,1000,0.2,1400,0.2,1
8,6,240,0,0,500,0.6,1000,0.2,1400,0.2,2
8,7,829,2,10,5,0,500,0.6,1000,0.2,1400,0.2,2
8,8,716,1,0,500,0.6,1000,0.2,1400,0.2,0
8,9,362,0,0,300,0.5,1700,0.5,1
8,10,676,0,0,500,0.6,1000,0.2,1400,0.2,0
8,11,339,0,0,300,0.5,1700,0.5,1
8,12,997,2,10,5,0,300,0.5,1700,0.5,2
8,13,902,1,0,500,0.6,1000,0.2,1400,0.2,1
8,14,453,1,0,300,0.5,1700,0.5,1
9,0,511,2,10,5,0,500,0.6,1000,0.2,1400,0.2,1
9,1,138,2,10,5,0,300,0.5,1700,0.5,1
9,2,559,0,0,300,0.5,1700,0.5,2
9,3,101,2,10,5,0,300,0.5,1700,0.5,0
9,4,823,2,10,5,0,500,0.6,1000,0.2,1400,0.2,1
9,5,99,2,10,5,0,500,0.6,1000,0.2,1400,0.2,2
9,6,118,1,0,500,0.6,1000,0.2,1400,0.2,1
9,7,760,2,10,5,0,300,0.5,1700,0.5,1
9,8,184,0,0,300,0.5,1700,0.5,2
9,9,144,1,0,500,0.6,1000,0.2,1400,0.2,1
9,10,856,2,10,5,0,300,0.5,1700,0.5,2
9,11,264,2,10,5,0,300,0.5,1700,0.5,0
9,12,780,2,10,5,0,300,0.5,1700,0.5,1
9,13,444,2,10,5,0,500,0.6,1000,0.2,1400,0.2,0
9,14,701,2,10,5,0,500,0.6,1000,0.2,1400,0.2,1
10,0,359,2,10,5,0,500,0.6,1000,0.2,1400,0.2,1
10,1,439,0,0,500,0.6,1000,0.2,1400,0.2,2
10,2,877,1,0,300,0.5,1700,0.5,1
10,3,419,2,10,5,0,500,0.6,1000,0.2,1400,0.2,0
10,4,669,1,0,300,0.5,1700,0.5,2
10,5,400,2,10,5,0,300,0.5,1700,0.5,1
10,6,719,0,0,500,0.6,1000,0.2,1400,0.2,1
10,7,62,0,0,300,0.5,1700,0.5,2
10,8,567,0,0,500,0.6,1000,0.2,1400,0.2,2
10,9,507,1,0,300,0.5,1700,0.5,1
10,10,641,1,0,500,0.6,1000,0.2,1400,0.2,1
10,11,372,2,10,5,0,500,0.6,1000,0.2,1400,0.2,1
10,12,637,1,0,300,0.5,1700,0.5,0
10,13,401,0,0,300,0.5,1700,0.5,0
10,14,710,2,10,5,0,500,0.6,1000,0.2,1400,0.2,2
11,0,32,2,10,5,0,500,0.6,1000,0.2,1400,0.2,2
11,1,377,2,10,5,0,500,0.6,1000,0.2,1400,0.2,2
11,2,460,0,0,300,0.5,1700,0.5,0
11,3,27,1,0,500,0.6,1000,0.2,1400,0.2,0
11,4,127,1,0,500,0.6,1000,0.2,1400,0.2,2
11,5,96,2,10,5,0,500,0.6,1000,0.2,1400,0.2,2
11,6,104,1,0,300,0.5,1700,0.5,2
11,7,381,0,0,500,0.6,1000,0.2,1400,0.2,2
11,8,800,2,10,5,0,300,0.5,1700,0.5,1
11,9,776,1,0,500,0.6,1000,0.2,1400,0.2,0
11,10,570,2,10,5,0,300,0.5,1700,0.5,2
11,11,420,0,0,300,0.5,1700,0.5,0
11,12,563,1,0,300,0.5,1700,0.5,0
11,13,642,1,0,300,0.5,1700,0.5,2
11,14,341,2,10,5,0,500,0.6,1000,0.2,1400,0.2,1
12,0,233,0,0,500,0.6,1000,0.2,1400,0.2,0
12,1,414,0,0,500,0.6,1000,0.2,1400,0.2,0
12,2,550,0,0,300,0.5,1700,0.5,1
12,3,264,2,10,5,0,500,0.6,1000,0.2,1400,0.2,0
12,4,820,1,0,300,0.5,1700,0.5,2
12,5,850,1,0,300,0.5,1700,0.5,2
12,6,161,1,0,500,0.6,1000,0.2,1400,0.2,1
12,7,291,1,0,300,0.5,1700,0.5,2
12,8,900,1,0,500,0.6,1000,0.2,1400,0.2,2
12,9,138,1,0,300,0.5,1700,0.5,0
12,10,112,0,0,500,0.6,1000,0.2,1400,0.2,0
12,11,123,2,10,5,0,300,0.5,1700,0.5,2
12,12,306,2,10,5,0,300,0.5,1700,0.5,2
12,13,810,2,10,5,0,300,0.5,1700,0.5,2
12,14,111,2,10,5,0,500,0.6,1000,0.2,1400,0.2,2
13,0,608,1,0,500,0.6,1000,0.2,1400,0.2,0
13,1,812,2,10,5,0,500,0.6,1000,0.2,1400,0.2,2
13,2,236,1,0,300,0.5,1700,0.5,2
13,3,157,1,0,500,0.6,1000,0.2,1400,0.2,0
13,4,225,1,0,500,0.6,1000,0.2,1400,0.2,1
13,5,907,2,10,5,0,500,0.6,1000,0.2,1400,0.2,1
13,6,394,1,0,300,0.5,1700,0.5,0
13,7,227,0,0,300,0.5,1700,0.5,0
13,8,800,0,0,500,0.6,1000,0.2,1400,0.2,1
13,9,709,2,10,5,0,300,0.5,1700,0.5,1
13,10,784,1,0,300,0.5,1700,0.5,2
13,11,943,0,0,300,0.5,1700,0.5,2
13,12,173,2,10,5,0,500,0.6,1000,0.2,1400,0.2,1
13,13,509,2,10,5,0,300,0.5,1700,0.5,2
13,14,949,2,10,5,0,500,0.6,1000,0.2,1400,0.2,1
14,0,542,2,10,5,0,300,0.5,1700,0.5,0
14,1,876,2,10,5,0,500,0.6,1000,0.2,1400,0.2,1
14,2,713,2,10,5,0,500,0.6,1000,0.2,1400,0.2,1
14,3,117,0,0,500,0.6,1000,0.2,1400,0.2,2
14,4,257,2,10,5,0,300,0.5,1700,0.5,1
14,5,496,1,0,300,0.5,1700,0.5,2
14,6,970,0,0,500,0.6,1000,0.2,1400,0.2,0
14,7,338,1,0,300,0.5,1700,0.5,0
14,8,965,1,0,300,0.5,1700,0.5,1
14,9,769,0,0,300,0.5,1700,0.5,2
14,10,48,2,10,5,0,500,0.6,1000,0.2,1400,0.2,2
14,11,137,2,10,5,0,300,0.5,1700,0.5,0
14,12,201,0,0,500,0.6,1000,0.2,1400,0.2,2
14,13,391,1,0,500,0.6,1000,0.2,1400,0.2,1
14,14,147,0,0,300,0.5,1700,0.5,0
