0,0,847,1,0,300,0.5,1700,0.5,2
0,1,72,1,0,500,0.6,1000,0.2,1400,0.2,0
0,2,664,2,10,5,0,300,0.5,1700,0.5,0
0,3,129,2,10,5,0,500,0.6,1000,0.2,1400,0.2,1
0,4,85,1,0,300,0.5,1700,0.5,2
0,5,640,1,0,300,0.5,1700,0.5,2
0,6,539,1,0,500,0.6,1000,0.2,1400,0.2,2
0,7,897,0,0,300,0.5,1700,0.5,0
0,8,717,0,0,300,0.5,1700,0.5,1
0,9,650,0,0,300,0.5,1700,0.5,0
0,10,517,2,10,5,0,500,0.6,1000,0.2,1400,0.2,0
0,11,449,0,0,500,0.6,1000,0.2,1400,0.2,0
0,12,368,1,0,500,0.6,1000,0.2,1400,0.2,0
0,13,749,2,10,5,0,500,0.6,1000,0.2,1400,0.2,0
0,14,438,1,0,300,0.5,1700,0.5,1
1,0,529,0,0,300,0.5,1700,0.5,0
1,1,758,1,0,500,0.6,1000,0.2,1400,0.2,1
1,2,738,2,10,5,0,500,0.6,1000,0.2,1400,0.2,2
1,3,127,2,10,5,0,500,0.6,1000,0.2,1400,0.2,1
1,4,721,1,0,300,0.5,1700,0.5,1
1,5,730,1,0,300,0.5,1700,0.5,0
1,6,705,0,0,300,0.5,1700,0.5,0
1,7,815,0,0,500,0.6,1000,0.2,1400,0.2,2
1,8,86,1,0,300,0.5,1700,0.5,1
1,9,386,2,10,5,0,500,0.6,1000,0.2,1400,0.2,0
1,10,350,0,0,500,0.6,1000,0.2,1400,0.2,0
1,11,24,0,0,500,0.6,1000,0.2,1400,0.2,0
1,12,206,2,10,5,0,300,0.5,1700,0.5,2
1,13,421,0,0,300,0.5,1700,0.5,1
1,14,415,2,10,5,0,300,0.5,1700,0.5,1
2,0,525,0,0,500,0.6,1000,0.2,1400,0.2,0
2,1,714,1,0,300,0.5,1700,0.5,2
2,2,77,1,0,300,0.5,1700,0.5,2
2,3,139,2,10,5,0,300,0.5,1700,0.5,0
2,4,72,1,0,300,0.5,1700,0.5,1
2,5,499,2,10,5,0,500,0.6,1000,0.2,1400,0.2,2
2,6,764,1,0,500,0.6,1000,0.2,1400,0.2,0
2,7,687,0,0,500,0.6,1000,0.2,1400,0.2,1
2,8,557,1,0,500,0.6,1000,0.2,1400,0.2,2
2,9,267,1,0,500,0.6,1000,0.2,1400,0.2,1
2,10,826,0,0,500,0.6,1000,0.2,1400,0.2,2
2,11,715,2,10,5,0,500,0.6,1000,0.2,1400,0.2,0
2,12,163,1,0,500,0.6,1000,0.2,1400,0.2,2
2,13,170,0,0,500,0.6,1000,0.2,1400,0.2,1
2,14,484,1,0,300,0.5,1700,0.5,1
3,0,698,2,10,5,0,500,0.6,1000,0.2,1400,0.2,0
3,1,188,0,0,300,0.5,1700,0.5,2
3,2,392,2,10,5,0,500,0.6,1000,0.2,1400,0.2,1
3,3,441,0,0,300,0.5,1700,0.5,2
3,4,674,1,0,500,0.6,1000,0.2,1400,0.2,2
3,5,364,1,0,500,0.6,1000,0.2,1400,0.2,2
3,6,152,2,10,5,0,500,0.6,1000,0.2,1400,0.2,2
3,7,341,2,10,5,0,500,0.6,1000,0.2,1400,0.2,2
3,8,714,0,0,500,0.6,1000,0.2,1400,0.2,2
3,9,207,1,0,500,0.6,1000,0.2,1400,0.2,1
3,10,702,1,0,500,0.6,1000,0.2,1400,0.2,0
3,11,436,1,0,500,0.6,1000,0.2,1400,0.2,2
3,12,364,1,0,500,0.6,1000,0.2,1400,0.2,1
3,13,286,1,0,300,0.5,1700,0.5,1
3,14,957,2,10,5,0,300,0.5,1700,0.5,2
4,0,903,0,0,500,0.6,1000,0.2,1400,0.2,1
4,1,431,0,0,300,0.5,1700,0.5,1
4,2,429,0,0,300,0.5,1700,0.5,2
4,3,198,0,0,300,0.5,1700,0.5,2
4,4,775,1,0,300,0.5,1700,0.5,1
4,5,562,0,0,300,0.5,1700,0.5,1
4,6,952,0,0,300,0.5,1700,0.5,2
4,7,618,1,0,300,0.5,1700,0.5,1
4,8,24,1,0,300,0.5,1700,0.5,2
4,9,853,2,10,5,0,300,0.5,1700,0.5,0
4,10,943,2,10,5,0,300,0.5,1700,0.5,2
4,11,499,2,10,5,0,500,0.6,1000,0.2,1400,0.2,0
4,12,347,2,10,5,0,500,0.6,1000,0.2,1400,0.2,0
4,13,259,2,10,5,0,500,0.6,1000,0.2,1400,0.2,0
4,14,170,1,0,500,0.6,1000,0.2,1400,0.2,2
5,0,892,1,0,300,0.5,1700,0.5,1
5,1,618,1,0,500,0.6,1000,0.2,1400,0.2,1
5,2,602,2,10,5,0,300,0.5,1700,0.5,1
5,3,604,2,10,5,0,300,0.5,1700,0.5,2
5,4,858,1,0,500,0.6,1000,0.2,1400,0.2,2
5,5,735,1,0,500,0.6,1000,0.2,1400,0.2,1
5,6,178,1,0,300,0.5,1700,0.5,2
5,7,44,0,0,500,0.6,1000,0.2,1400,0.2,2
5,8,409,0,0,500,0.6,1000,0.2,1400,0.2,2
5,9,683,1,0,300,0.5,1700,0.5,1
5,10,737,0,0,500,0.6,1000,0.2,1400,0.2,1
5,11,874,2,10,5,0,300,0.5,1700,0.5,2
5,12,198,0,0,300,0.5,1700,0.5,1
5,13,178,2,10,5,0,300,0.5,1700,0.5,2
5,14,24,2,10,5,0,300,0.5,1700,0.5,2
6,0,835,2,10,5,0,500,0.6,1000,0.2,1400,0.2,0
6,1,15,1,0,300,0.5,1700,0.5,1
6,2,317,0,0,300,0.5,1700,0.5,1
6,3,870,0,0,300,0.5,1700,0.5,1
6,4,393,0,0,500,0.6,1000,0.2,1400,0.2,2
6,5,588,1,0,300,0.5,1700,0.5,1
6,6,60,1,0,500,0.6,1000,0.2,1400,0.2,0
6,7,811,0,0,300,0.5,1700,0.5,0
6,8,752,1,0,300,0.5,1700,0.5,1
6,9,756,0,0,300,0.5,1700,0.5,2
6,10,727,0,0,300,0.5,1700,0.5,1
6,11,46,2,10,5,0,300,0.5,1700,0.5,2
6,12,645,1,0,300,0.5,1700,0.5,0
6,13,232,2,10,5,0,300,0.5,1700,0.5,1
6,14,443,2,10,5,0,500,0.6,1000,0.2,1400,0.2,0
7,0,857,2,10,5,0,500,0.6,1000,0.2,1400,0.2,0
7,1,794,0,0,500,0.6,1000,0.2,1400,0.2,0
7,2,619,2,10,5,0,500,0.6,1000,0.2,1400,0.2,2
7,3,791,1,0,300,0.5,1700,0.5,2
7,4,192,1,0,300,0.5,1700,0.5,2
7,5,464,2,10,5,0,500,0.6,1000,0.2,1400,0.2,1
7,6,492,1,0,300,0.5,1700,0.5,0
7,7,319,0,0,500,0.6,1000,0.2,1400,0.2,0
7,8,893,0,0,300,0.5,1700,0.5,0
7,9,917,0,0,500,0.6,1000,0.2,1400,0.2,2
7,10,266,2,10,5,0,500,0.6,1000,0.2,1400,0.2,1
7,11,484,1,0,500,0.6,1000,0.2,1400,0.2,1
7,12,735,0,0,500,0.6,1000,0.2,1400,0.2,1
7,13,261,1,0,500,0.6,1000,0.2,1400,0.2,2
7,14,532,2,10,5,0,300,0.5,1700,0.5,2
8,0,292,1,0,500,0.6,1000,0.2,1400,0.2,2
8,1,382,1,0,300,0.5,1700,0.5,2
8,2,23,2,10,5,0,500,0.6,1000,0.2,1400,0.2,2
8,3,574,0,0,500,0.6,1000,0.2,1400,0.2,2
8,4,645,2,10,5,0,500,0.6,1000,0.2,1400,0.2,0
8,5,23,1,0,300,0.5,1700,0.5,2
8,6,424,2,10,5,0,500,0.6,1000,0.2,1400,0.2,1
8,7,935,0,0,300,0.5,1700,0.5,0
8,8,450,1,0,500,0.6,1000,0.2,1400,0.2,2
8,9,425,2,10,5,0,500,0.6,1000,0.2,1400,0.2,1
8,10,858,2,10,5,0,300,0.5,1700,0.5,0
8,11,104,1,0,500,0.6,1000,0.2,1400,0.2,0
8,12,113,0,0,500,0.6,1000,0.2,1400,0.2,0
8,13,419,1,0,500,0.6,1000,0.2,1400,0.2,2
8,14,838,2,10,5,0,300,0.5,1700,0.5,2
9,0,701,0,0,300,0.5,1700,0.5,0
9,1,371,2,10,5,0,500,0.6,1000,0.2,1400,0.2,1
9,2,944,1,0,300,0.5,1700,0.5,0
9,3,558,2,10,5,0,300,0.5,1700,0.5,0
9,4,706,2,10,5,0,500,0.6,1000,0.2,1400,0.2,0
9,5,553,0,0,300,0.5,1700,0.5,0
9,6,487,1,0,300,0.5,1700,0.5,2
9,7,364,0,0,500,0.6,1000,0.2,1400,0.2,2
9,8,274,2,10,5,0,500,0.6,1000,0.2,1400,0.2,2
9,9,105,2,10,5,0,300,0.5,1700,0.5,2
9,10,265,2,10,5,0,300,0.5,1700,0.5,1
9,11,465,1,0,300,0.5,1700,0.5,1
9,12,583,0,0,500,0.6,1000,0.2,1400,0.2,2
9,13,470,2,10,5,0,300,0.5,1700,0.5,0
9,14,144,2,10,5,0,500,0.6,1000,0.2,1400,0.2,2
10,0,675,0,0,300,0.5,1700,0.5,1
10,1,447,2,10,5,0,500,0.6,1000,0.2,1400,0.2,1
10,2,991,0,0,500,0.6,1000,0.2,1400,0.2,2
10,3,862,1,0,300,0.5,1700,0.5,1
10,4,620,0,0,300,0.5,1700,0.5,1
10,5,606,0,0,500,0.6,1000,0.2,1400,0.2,2
10,6,412,1,0,300,0.5,1700,0.5,2
10,7,344,1,0,500,0.6,1000,0.2,1400,0.2,2
10,8,811,1,0,500,0.6,1000,0.2,1400,0.2,1
10,9,644,2,10,5,0,300,0.5,1700,0.5,1
10,10,402,0,0,300,0.5,1700,0.5,0
10,11,825,0,0,300,0.5,1700,0.5,0
10,12,243,0,0,300,0.5,1700,0.5,0
10,13,329,0,0,500,0.6,1000,0.2,1400,0.2,0
10,14,395,0,0,300,0.5,1700,0.5,2
11,0,689,1,0,500,0.6,1000,0.2,1400,0.2,2
11,1,767,2,10,5,0,300,0.5,1700,0.5,2
11,2,304,2,10,5,0,500,0.6,1000,0.2,1400,0.2,2
11,3,466,2,10,5,0,300,0.5,1700,0.5,0
11,4,316,1,0,500,0.6,1000,0.2,1400,0.2,1
11,5,90,0,0,300,0.5,1700,0.5,2
11,6,440,0,0,300,0.5,1700,0.5,2
11,7,912,0,0,300,0.5,1700,0.5,1
11,8,306,1,0,500,0.6,1000,0.2,1400,0.2,2
11,9,449,0,0,300,0.5,1700,0.5,1
11,10,340,0,0,300,0.5,1700,0.5,1
11,11,613,0,0,500,0.6,1000,0.2,1400,0.2,2
11,12,838,1,0,300,0.5,1700,0.5,2
11,13,642,0,0,500,0.6,1000,0.2,1400,0.2,2
11,14,351,2,10,5,0,500,0.6,1000,0.2,1400,0.2,0
12,0,71,2,10,5,0,300,0.5,1700,0.5,1
12,1,949,1,0,500,0.6,1000,0.2,1400,0.2,1
12,2,375,2,10,5,0,300,0.5,1700,0.5,2
12,3,432,1,0,300,0.5,1700,0.5,0
12,4,492,0,0,500,0.6,1000,0.2,1400,0.2,2
12,5,356,1,0,300,0.5,1700,0.5,2
12,6,800,1,0,300,0.5,1700,0.5,2
12,7,440,2,10,5,0,300,0.5,1700,0.5,0
12,8,56,2,10,5,0,300,0.5,1700,0.5,2
12,9,878,1,0,500,0.6,1000,0.2,1400,0.2,0
12,10,909,0,0,300,0.5,1700,0.5,2
12,11,404,1,0,300,0.5,1700,0.5,0
12,12,659,2,10,5,0,300,0.5,1700,0.5,0
12,13,543,2,10,5,0,500,0.6,1000,0.2,1400,0.2,1
12,14,622,1,0,500,0.6,1000,0.2,1400,0.2,0
13,0,778,2,10,5,0,300,0.5,1700,0.5,0
13,1,12,1,0,300,0.5,1700,0.5,0
13,2,619,2,10,5,0,500,0.6,1000,0.2,1400,0.2,1
13,3,781,0,0,500,0.6,1000,0.2,1400,0.2,2
13,4,847,0,0,500,0.6,1000,0.2,1400,0.2,1
13,5,26,1,0,300,0.5,1700,0.5,1
13,6,938,0,0,300,0.5,1700,0.5,1
13,7,494,1,0,500,0.6,1000,0.2,1400,0.2,0
13,8,453,1,0,300,0.5,1700,0.5,0
13,9,778,2,10,5,0,500,0.6,1000,0.2,1400,0.2,2
13,10,200,0,0,500,0.6,1000,0.2,1400,0.2,1
13,11,17,2,10,5,0,500,0.6,1000,0.2,1400,0.2,2
13,12,692,1,0,300,0.5,1700,0.5,2
13,13,110,2,10,5,0,300,0.5,1700,0.5,2
13,14,626,1,0,500,0.6,1000,0.2,1400,0.2,0
14,0,730,2,10,5,0,300,0.5,1700,0.5,1
14,1,456,1,0,300,0.5,1700,0.5,1
14,2,661,0,0,300,0.5,1700,0.5,1
14,3,89,2,10,5,0,500,0.6,1000,0.2,1400,0.2,1
14,4,304,1,0,500,0.6,1000,0.2,1400,0.2,0
14,5,668,1,0,500,0.6,1000,0.2,1400,0.2,1
14,6,188,0,0,500,0.6,1000,0.2,1400,0.2,2
14,7,96,0,0,300,0.5,1700,0.5,0
14,8,115,0,0,500,0.6,1000,0.2,1400,0.2,0
14,9,127,0,0,300,0.5,1700,0.5,0
14,10,446,0,0,500,0.6,1000,0.2,1400,0.2,2
14,11,492,0,0,300,0.5,1700,0.5,1
14,12,388,1,0,500,0.6,1000,0.2,1400,0.2,2
14,13,758,2,10,5,0,500,0.6,1000,0.2,1400,0.2,2
14,14,105,0,0,300,0.5,1700,0.5,2
