0,0,823,2,10,5,0,500,0.6,1000,0.2,1400,0.2,0
0,1,578,0,0,500,0.6,1000,0.2,1400,0.2,2
0,2,182,1,0,500,0.6,1000,0.2,1400,0.2,0
0,3,722,2,10,5,0,500,0.6,1000,0.2,1400,0.2,0
0,4,839,1,0,500,0.6,1000,0.2,1400,0.2,0
0,5,370,0,0,500,0.6,1000,0.2,1400,0.2,2
0,6,525,0,0,300,0.5,1700,0.5,0
0,7,259,0,0,500,0.6,1000,0.2,1400,0.2,0
0,8,845,2,10,5,0,300,0.5,1700,0.5,1
0,9,325,0,0,500,0.6,1000,0.2,1400,0.2,0
0,10,988,0,0,500,0.6,1000,0.2,1400,0.2,1
0,11,633,0,0,300,0.5,1700,0.5,0
0,12,964,0,0,300,0.5,1700,0.5,2
0,13,298,0,0,500,0.6,1000,0.2,1400,0.2,1
0,14,873,2,10,5,0,300,0.5,1700,0.5,1
1,0,960,1,0,300,0.5,1700,0.5,1
1,1,721,2,10,5,0,300,0.5,1700,0.5,1
1,2,579,0,0,500,0.6,1000,0.2,1400,0.2,2
1,3,564,2,10,5,0,300,0.5,1700,0.5,2
1,4,180,0,0,500,0.6,1000,0.2,1400,0.2,1
1,5,928,0,0,300,0.5,1700,0.5,0
1,6,428,0,0,500,0.6,1000,0.2,1400,0.2,1
1,7,326,2,10,5,0,500,0.6,1000,0.2,1400,0.2,1
1,8,533,2,10,5,0,500,0.6,1000,0.2,1400,0.2,1
1,9,533,0,0,300,0.5,1700,0.5,1
1,10,774,1,0,500,0.6,1000,0.2,1400,0.2,1
1,11,618,1,0,500,0.6,1000,0.2,1400,0.2,2
1,12,392,0,0,500,0.6,1000,0.2,1400,0.2,2
1,13,74,2,10,5,0,500,0.6,1000,0.2,1400,0.2,1
1,14,209,1,0,500,0.6,1000,0.2,1400,0.2,1
2,0,116,0,0,500,0.6,1000,0.2,1400,0.2,1
2,1,877,1,0,500,0.6,1000,0.2,1400,0.2,1
2,2,905,2,10,5,0,300,0.5,1700,0.5,0
2,3,233,0,0,500,0.6,1000,0.2,1400,0.2,2
2,4,610,1,0,500,0.6,1000,0.2,1400,0.2,1
2,5,648,2,10,5,0,300,0.5,1700,0.5,1
2,6,759,2,10,5,0,500,0.6,1000,0.2,1400,0.2,0
2,7,238,1,0,300,0.5,1700,0.5,1
2,8,490,2,10,5,0,300,0.5,1700,0.5,2
2,9,767,0,0,300,0.5,1700,0.5,2
2,10,635,0,0,300,0.5,1700,0.5,0
2,11,619,1,0,500,0.6,1000,0.2,1400,0.2,2
2,12,343,0,0,500,0.6,1000,0.2,1400,0.2,2
2,13,168,0,0,500,0.6,1000,0.2,1400,0.2,2
2,14,276,0,0,500,0.6,1000,0.2,1400,0.2,0
3,0,974,0,0,500,0.6,1000,0.2,1400,0.2,1
3,1,57,2,10,5,0,500,0.6,1000,0.2,1400,0.2,2
3,2,946,1,0,300,0.5,1700,0.5,2
3,3,914,1,0,500,0.6,1000,0.2,1400,0.2,0
3,4,86,1,0,300,0.5,1700,0.5,1
3,5,525,0,0,500,0.6,1000,0.2,1400,0.2,2
3,6,227,0,0,500,0.6,1000,0.2,1400,0.2,2
3,7,550,0,0,300,0.5,1700,0.5,0
3,8,169,1,0,500,0.6,1000,0.2,1400,0.2,2
3,9,929,2,10,5,0,300,0.5,1700,0.5,0
3,10,824,2,10,5,0,300,0.5,1700,0.5,0
3,11,995,2,10,5,0,300,0.5,1700,0.5,1
3,12,651,1,0,300,0.5,1700,0.5,1
3,13,501,0,0,500,0.6,1000,0.2,1400,0.2,1
3,14,926,1,0,500,0.6,1000,0.2,1400,0.2,2
4,0,106,1,0,300,0.5,1700,0.5,0
4,1,908,0,0,300,0.5,1700,0.5,2
4,2,636,1,0,300,0.5,1700,0.5,1
4,3,70,1,0,300,0.5,1700,0.5,1
4,4,937,2,10,5,0,500,0.6,1000,0.2,1400,0.2,2
4,5,853,0,0,300,0.5,1700,0.5,0
4,6,81,1,0,300,0.5,1700,0.5,2
4,7,186,1,0,500,0.6,1000,0.2,1400,0.2,1
4,8,91,0,0,300,0.5,1700,0.5,0
4,9,392,0,0,500,0.6,1000,0.2,1400,0.2,0
4,10,241,1,0,300,0.5,1700,0.5,2
4,11,13,0,0,300,0.5,1700,0.5,2
4,12,220,2,10,5,0,300,0.5,1700,0.5,2
4,13,503,1,0,500,0.6,1000,0.2,1400,0.2,0
4,14,492,0,0,500,0.6,1000,0.2,1400,0.2,2
5,0,580,1,0,500,0.6,1000,0.2,1400,0.2,0
5,1,301,0,0,500,0.6,1000,0.2,1400,0.2,2
5,2,871,0,0,300,0.5,1700,0.5,0
5,3,742,2,10,5,0,500,0.6,1000,0.2,1400,0.2,0
5,4,715,2,10,5,0,300,0.5,1700,0.5,1
5,5,826,0,0,500,0.6,1000,0.2,1400,0.2,0
5,6,965,2,10,5,0,300,0.5,1700,0.5,2
5,7,927,1,0,300,0.5,1700,0.5,2
5,8,880,1,0,300,0.5,1700,0.5,1
5,9,678,1,0,300,0.5,1700,0.5,1
5,10,508,2,10,5,0,500,0.6,1000,0.2,1400,0.2,0
5,11,949,0,0,300,0.5,1700,0.5,0
5,12,69,1,0,500,0.6,1000,0.2,1400,0.2,0
5,13,391,2,10,5,0,300,0.5,1700,0.5,1
5,14,79,2,10,5,0,500,0.6,1000,0.2,1400,0.2,0
6,0,375,1,0,300,0.5,1700,0.5,0
6,1,221,0,0,300,0.5,1700,0.5,0
6,2,631,2,10,5,0,300,0.5,1700,0.5,2
6,3,827,2,10,5,0,500,0.6,1000,0.2,1400,0.2,2
6,4,977,2,10,5,0,500,0.6,1000,0.2,1400,0.2,0
6,5,474,0,0,300,0.5,1700,0.5,1
6,6,830,1,0,500,0.6,1000,0.2,1400,0.2,2
6,7,241,1,0,500,0.6,1000,0.2,1400,0.2,2
6,8,993,2,10,5,0,300,0.5,1700,0.5,2
6,9,180,1,0,500,0.6,1000,0.2,1400,0.2,2
6,10,315,1,0,300,0.5,1700,0.5,2
6,11,344,1,0,300,0.5,1700,0.5,1
6,12,261,2,10,5,0,500,0.6,1000,0.2,1400,0.2,2
6,13,200,2,10,5,0,500,0.6,1000,0.2,1400,0.2,1
6,14,447,1,0,300,0.5,1700,0.5,2
7,0,300,0,0,300,0.5,1700,0.5,2
7,1,715,0,0,500,0.6,1000,0.2,1400,0.2,0
7,2,468,1,0,300,0.5,1700,0.5,2
7,3,611,2,10,5,0,300,0.5,1700,0.5,1
7,4,115,1,0,500,0.6,1000,0.2,1400,0.2,2
7,5,525,2,10,5,0,500,0.6,1000,0.2,1400,0.2,0
7,6,766,0,0,500,0.6,1000,0.2,1400,0.2,2
7,7,569,2,10,5,0,300,0.5,1700,0.5,2
7,8,638,1,0,300,0.5,1700,0.5,0
7,9,778,2,10,5,0,300,0.5,1700,0.5,2
7,10,438,0,0,300,0.5,1700,0.5,1
7,11,712,1,0,500,0.6,1000,0.2,1400,0.2,1
7,12,321,0,0,300,0.5,1700,0.5,1
7,13,180,1,0,300,0.5,1700,0.5,0
7,14,490,1,0,500,0.6,1000,0.2,1400,0.2,1
8,0,323,0,0,300,0.5,1700,0.5,0
8,1,812,1,0,300,0.5,1700,0.5,1
8,2,170,0,0,500,0.6,1000,0.2,1400,0.2,1
8,3,836,2,10,5,0,300,0.5,1700,0.5,2
8,4,707,1,0,300,0.5,1700,0.5,1
8,5,683,2,10,5,0,500,0.6,1000,0.2,1400,0.2,0
8,6,802,2,10,5,0,500,0.6,1000,0.2,1400,0.2,2
8,7,773,1,0,500,0.6,1000,0.2,1400,0.2,2
8,8,722,0,0,500,0.6,1000,0.2,1400,0.2,1
8,9,865,0,0,500,0.6,1000,0.2,1400,0.2,1
8,10,372,2,10,5,0,500,0.6,1000,0.2,1400,0.2,0
8,11,607,2,10,5,0,500,0.6,1000,0.2,1400,0.2,2
8,12,928,0,0,300,0.5,1700,0.5,0
8,13,506,2,10,5,0,300,0.5,1700,0.5,0
8,14,702,1,0,300,0.5,1700,0.5,2
9,0,969,2,10,5,0,300,0.5,1700,0.5,1
9,1,368,1,0,300,0.5,1700,0.5,0
9,2,477,1,0,500,0.6,1000,0.2,1400,0.2,0
9,3,198,2,10,5,0,300,0.5,1700,0.5,0
9,4,432,1,0,300,0.5,1700,0.5,0
9,5,148,0,0,500,0.6,1000,0.2,1400,0.2,1
9,6,390,0,0,500,0.6,1000,0.2,1400,0.2,0
9,7,266,1,0,300,0.5,1700,0.5,1
9,8,834,2,10,5,0,300,0.5,1700,0.5,2
9,9,813,0,0,300,0.5,1700,0.5,2
9,10,931,1,0,300,0.5,1700,0.5,0
9,11,576,0,0,500,0.6,1000,0.2,1400,0.2,0
9,12,758,1,0,500,0.6,1000,0.2,1400,0.2,1
9,13,355,1,0,300,0.5,1700,0.5,1
9,14,208,2,10,5,0,500,0.6,1000,0.2,1400,0.2,2
10,0,784,1,0,300,0.5,1700,0.5,1
10,1,279,2,10,5,0,300,0.5,1700,0.5,2
10,2,209,0,0,300,0.5,1700,0.5,0
10,3,997,0,0,300,0.5,1700,0.5,1
10,4,92,1,0,300,0.5,1700,0.5,2
10,5,188,2,10,5,0,500,0.6,1000,0.2,1400,0.2,1
10,6,281,0,0,500,0.6,1000,0.2,1400,0.2,0
10,7,531,2,10,5,0,300,0.5,1700,0.5,1
10,8,273,2,10,5,0,500,0.6,1000,0.2,1400,0.2,0
10,9,276,0,0,300,0.5,1700,0.5,2
10,10,204,0,0,500,0.6,1000,0.2,1400,0.2,2
10,11,634,0,0,500,0.6,1000,0.2,1400,0.2,2
10,12,286,0,0,300,0.5,1700,0.5,2
10,13,933,0,0,500,0.6,1000,0.2,1400,0.2,0
10,14,377,2,10,5,0,500,0.6,1000,0.2,1400,0.2,1
11,0,833,2,10,5,0,500,0.6,1000,0.2,1400,0.2,0
11,1,687,0,0,500,0.6,1000,0.2,1400,0.2,1
11,2,870,2,10,5,0,300,0.5,1700,0.5,1
11,3,822,0,0,300,0.5,1700,0.5,1
11,4,433,1,0,500,0.6,1000,0.2,1400,0.2,2
11,5,506,0,0,300,0.5,1700,0.5,0
11,6,80,2,10,5,0,300,0.5,1700,0.5,0
11,7,258,1,0,500,0.6,1000,0.2,1400,0.2,1
11,8,48,1,0,500,0.6,1000,0.2,1400,0.2,2
11,9,251,2,10,5,0,500,0.6,1000,0.2,1400,0.2,2
11,10,238,1,0,300,0.5,1700,0.5,1
11,11,922,0,0,500,0.6,1000,0.2,1400,0.2,1
11,12,981,2,10,5,0,300,0.5,1700,0.5,0
11,13,441,0,0,500,0.6,1000,0.2,1400,0.2,0
11,14,56,2,10,5,0,300,0.5,1700,0.5,2
12,0,368,1,0,500,0.6,1000,0.2,1400,0.2,0
12,1,873,1,0,500,0.6,1000,0.2,1400,0.2,2
12,2,594,1,0,500,0.6,1000,0.2,1400,0.2,2
12,3,292,1,0,300,0.5,1700,0.5,2
12,4,834,0,0,500,0.6,1000,0.2,1400,0.2,0
12,5,257,0,0,500,0.6,1000,0.2,1400,0.2,0
12,6,506,0,0,300,0.5,1700,0.5,0
12,7,942,1,0,500,0.6,1000,0.2,1400,0.2,0
12,8,17,0,0,500,0.6,1000,0.2,1400,0.2,0
12,9,296,2,10,5,0,500,0.6,1000,0.2,1400,0.2,0
12,10,713,0,0,500,0.6,1000,0.2,1400,0.2,0
12,11,370,1,0,300,0.5,1700,0.5,1
12,12,445,2,10,5,0,500,0.6,1000,0.2,1400,0.2,2
12,13,10,0,0,500,0.6,1000,0.2,1400,0.2,1
12,14,831,2,10,5,0,300,0.5,1700,0.5,1
13,0,744,2,10,5,0,500,0.6,1000,0.2,1400,0.2,1
13,1,706,2,10,5,0,500,0.6,1000,0.2,1400,0.2,1
13,2,371,1,0,500,0.6,1000,0.2,1400,0.2,0
13,3,302,0,0,300,0.5,1700,0.5,2
13,4,654,2,10,5,0,300,0.5,1700,0.5,0
13,5,689,1,0,500,0.6,1000,0.2,1400,0.2,1
13,6,163,0,0,300,0.5,1700,0.5,2
13,7,979,1,0,300,0.5,1700,0.5,1
13,8,963,1,0,500,0.6,1000,0.2,1400,0.2,2
13,9,348,1,0,500,0.6,1000,0.2,1400,0.2,1
13,10,701,1,0,300,0.5,1700,0.5,0
13,11,113,2,10,5,0,500,0.6,1000,0.2,1400,0.2,2
13,12,416,2,10,5,0,300,0.5,1700,0.5,2
13,13,359,0,0,500,0.6,1000,0.2,1400,0.2,2
13,14,919,1,0,500,0.6,1000,0.2,1400,0.2,2
14,0,600,1,0,300,0.5,1700,0.5,2
14,1,968,1,0,300,0.5,1700,0.5,0
14,2,466,1,0,300,0.5,1700,0.5,0
14,3,793,0,0,500,0.6,1000,0.2,1400,0.2,2
14,4,551,0,0,500,0.6,1000,0.2,1400,0.2,1
14,5,180,2,10,5,0,300,0.5,1700,0.5,1
14,6,281,2,10,5,0,300,0.5,1700,0.5,2
14,7,741,0,0,500,0.6,1000,0.2,1400,0.2,2
14,8,376,2,10,5,0,500,0.6,1000,0.2,1400,0.2,0
14,9,877,1,0,500,0.6,1000,0.2,1400,0.2,1
14,10,453,1,0,500,0.6,1000,0.2,1400,0.2,0
14,11,455,2,10,5,0,300,0.5,1700,0.5,1
14,12,894,0,0,500,0.6,1000,0.2,1400,0.2,0
14,13,702,0,0,500,0.6,1000,0.2,1400,0.2,1
14,14,792,1,0,500,0.6,1000,0.2,1400,0.2,2
