0,0,204,2,10,5,0,300,0.5,1700,0.5,1
0,1,245,2,10,5,0,500,0.6,1000,0.2,1400,0.2,0
0,2,777,0,0,500,0.6,1000,0.2,1400,0.2,1
0,3,166,0,0,500,0.6,1000,0.2,1400,0.2,2
0,4,992,2,10,5,0,500,0.6,1000,0.2,1400,0.2,0
0,5,399,1,0,300,0.5,1700,0.5,1
0,6,903,1,0,500,0.6,1000,0.2,1400,0.2,0
0,7,155,0,0,500,0.6,1000,0.2,1400,0.2,0
0,8,238,0,0,500,0.6,1000,0.2,1400,0.2,1
0,9,600,0,0,500,0.6,1000,0.2,1400,0.2,0
0,10,400,2,10,5,0,500,0.6,1000,0.2,1400,0.2,0
0,11,872,2,10,5,0,300,0.5,1700,0.5,2
0,12,981,0,0,300,0.5,1700,0.5,2
0,13,146,1,0,500,0.6,1000,0.2,1400,0.2,2
0,14,114,2,10,5,0,300,0.5,1700,0.5,0
1,0,607,2,10,5,0,500,0.6,1000,0.2,1400,0.2,0
1,1,990,0,0,500,0.6,1000,0.2,1400,0.2,1
1,2,978,0,0,300,0.5,1700,0.5,2
1,3,557,2,10,5,0,300,0.5,1700,0.5,2
1,4,517,1,0,500,0.6,1000,0.2,1400,0.2,0
1,5,617,1,0,300,0.5,1700,0.5,0
1,6,828,2,10,5,0,500,0.6,1000,0.2,1400,0.2,1
1,7,969,2,10,5,0,300,0.5,1700,0.5,0
1,8,43,0,0,300,0.5,1700,0.5,1
1,9,719,0,0,500,0.6,1000,0.2,1400,0.2,1
1,10,747,2,10,5,0,300,0.5,1700,0.5,2
1,11,674,2,10,5,0,300,0.5,1700,0.5,1
1,12,790,1,0,500,0.6,1000,0.2,1400,0.2,0
1,13,838,1,0,500,0.6,1000,0.2,1400,0.2,1
1,14,693,0,0,300,0.5,1700,0.5,1
2,0,237,1,0,300,0.5,1700,0.5,0
2,1,572,2,10,5,0,300,0.5,1700,0.5,2
2,2,75,0,0,300,0.5,1700,0.5,1
2,3,459,2,10,5,0,500,0.6,1000,0.2,1400,0.2,2
2,4,986,2,10,5,0,500,0.6,1000,0.2,1400,0.2,1
2,5,317,2,10,5,0,500,0.6,1000,0.2,1400,0.2,2
2,6,614,1,0,500,0.6,1000,0.2,1400,0.2,1
2,7,222,0,0,500,0.6,1000,0.2,1400,0.2,2
2,8,967,0,0,500,0.6,1000,0.2,1400,0.2,0
2,9,47,2,10,5,0,300,0.5,1700,0.5,1
2,10,939,1,0,500,0.6,1000,0.2,1400,0.2,1
2,11,377,0,0,300,0.5,1700,0.5,2
2,12,719,0,0,300,0.5,1700,0.5,0
2,13,38,1,0,500,0.6,1000,0.2,1400,0.2,2
2,14,20,0,0,300,0.5,1700,0.5,0
3,0,818,2,10,5,0,500,0.6,1000,0.2,1400,0.2,0
3,1,420,1,0,300,0.5,1700,0.5,2
3,2,235,0,0,500,0.6,1000,0.2,1400,0.2,0
3,3,577,2,10,5,0,500,0.6,1000,0.2,1400,0.2,2
3,4,158,0,0,500,0.6,1000,0.2,1400,0.2,0
3,5,209,0,0,500,0.6,1000,0.2,1400,0.2,2
3,6,883,1,0,300,0.5,1700,0.5,0
3,7,979,0,0,300,0.5,1700,0.5,0
3,8,244,2,10,5,0,500,0.6,1000,0.2,1400,0.2,2
3,9,350,2,10,5,0,500,0.6,1000,0.2,1400,0.2,0
3,10,667,1,0,300,0.5,1700,0.5,2
3,11,266,1,0,500,0.6,1000,0.2,1400,0.2,2
3,12,862,1,0,500,0.6,1000,0.2,1400,0.2,0
3,13,344,2,10,5,0,300,0.5,1700,0.5,0
3,14,99,1,0,500,0.6,1000,0.2,1400,0.2,0
4,0,100,2,10,5,0,300,0.5,1700,0.5,1
4,1,146,1,0,500,0.6,1000,0.2,1400,0.2,2
4,2,37,1,0,500,0.6,1000,0.2,1400,0.2,1
4,3,498,1,0,300,0.5,1700,0.5,1
4,4,634,0,0,300,0.5,1700,0.5,2
4,5,758,1,0,300,0.5,1700,0.5,1
4,6,822,2,10,5,0,500,0.6,1000,0.2,1400,0.2,0
4,7,574,2,10,5,0,500,0.6,1000,0.2,1400,0.2,1
4,8,547,1,0,300,0.5,1700,0.5,1
4,9,281,2,10,5,0,300,0.5,1700,0.5,0
4,10,768,0,0,300,0.5,1700,0.5,0
4,11,565,1,0,500,0.6,1000,0.2,1400,0.2,2
4,12,548,1,0,300,0.5,1700,0.5,0
4,13,705,2,10,5,0,300,0.5,1700,0.5,2
4,14,213,0,0,300,0.5,1700,0.5,1
5,0,243,2,10,5,0,500,0.6,1000,0.2,1400,0.2,1
5,1,663,0,0,500,0.6,1000,0.2,1400,0.2,0
5,2,695,2,10,5,0,500,0.6,1000,0.2,1400,0.2,0
5,3,290,0,0,500,0.6,1000,0.2,1400,0.2,0
5,4,649,1,0,500,0.6,1000,0.2,1400,0.2,1
5,5,183,0,0,300,0.5,1700,0.5,0
5,6,695,0,0,300,0.5,1700,0.5,1
5,7,33,0,0,300,0.5,1700,0.5,2
5,8,848,2,10,5,0,300,0.5,1700,0.5,2
5,9,926,0,0,300,0.5,1700,0.5,1
5,10,623,2,10,5,0,300,0.5,1700,0.5,0
5,11,27,0,0,300,0.5,1700,0.5,0
5,12,808,0,0,500,0.6,1000,0.2,1400,0.2,2
5,13,183,0,0,300,0.5,1700,0.5,1
5,14,698,1,0,500,0.6,1000,0.2,1400,0.2,1
6,0,366,1,0,500,0.6,1000,0.2,1400,0.2,0
6,1,503,2,10,5,0,300,0.5,1700,0.5,1
6,2,480,0,0,300,0.5,1700,0.5,0
6,3,73,2,10,5,0,300,0.5,1700,0.5,1
6,4,682,1,0,300,0.5,1700,0.5,2
6,5,569,1,0,500,0.6,1000,0.2,1400,0.2,1
6,6,548,0,0,500,0.6,1000,0.2,1400,0.2,2
6,7,651,0,0,500,0.6,1000,0.2,1400,0.2,2
6,8,692,1,0,300,0.5,1700,0.5,2
6,9,93,2,10,5,0,500,0.6,1000,0.2,1400,0.2,0
6,10,571,2,10,5,0,300,0.5,1700,0.5,1
6,11,716,2,10,5,0,300,0.5,1700,0.5,0
6,12,522,0,0,500,0.6,1000,0.2,1400,0.2,1
6,13,547,0,0,500,0.6,1000,0.2,1400,0.2,2
6,14,240,2,10,5,0,500,0.6,1000,0.2,1400,0.2,1
7,0,277,2,10,5,0,300,0.5,1700,0.5,1
7,1,643,2,10,5,0,500,0.6,1000,0.2,1400,0.2,0
7,2,57,0,0,300,0.5,1700,0.5,2
7,3,723,0,0,300,0.5,1700,0.5,2
7,4,322,2,10,5,0,300,0.5,1700,0.5,1
7,5,103,1,0,500,0.6,1000,0.2,1400,0.2,2
7,6,293,1,0,500,0.6,1000,0.2,1400,0.2,2
7,7,743,2,10,5,0,500,0.6,1000,0.2,1400,0.2,0
7,8,232,0,0,300,0.5,1700,0.5,1
7,9,854,0,0,500,0.6,1000,0.2,1400,0.2,0
7,10,705,0,0,300,0.5,1700,0.5,1
7,11,619,0,0,500,0.6,1000,0.2,1400,0.2,0
7,12,842,2,10,5,0,500,0.6,1000,0.2,1400,0.2,1
7,13,521,1,0,300,0.5,1700,0.5,1
7,14,563,1,0,500,0.6,1000,0.2,1400,0.2,2
8,0,681,1,0,300,0.5,1700,0.5,0
8,1,336,1,0,500,0.6,1000,0.2,1400,0.2,0
8,2,186,1,0,500,0.6,1000,0.2,1400,0.2,0
8,3,496,2,10,5,0,500,0.6,1000,0.2,1400,0.2,2
8,4,289,2,10,5,0,300,0.5,1700,0.5,0
8,5,647,0,0,300,0.5,1700,0.5,1
8,6,494,1,0,300,0.5,1700,0.5,2
8,7,338,0,0,500,0.6,1000,0.2,1400,0.2,2
8,8,608,0,0,500,0.6,1000,0.2,1400,0.2,1
8,9,399,1,0,500,0.6,1000,0.2,1400,0.2,2
8,10,422,0,0,500,0.6,1000,0.2,1400,0.2,2
8,11,917,0,0,300,0.5,1700,0.5,0
8,12,268,2,10,5,0,500,0.6,1000,0.2,1400,0.2,1
8,13,242,1,0,500,0.6,1000,0.2,1400,0.2,0
8,14,279,1,0,300,0.5,1700,0.5,2
9,0,371,2,10,5,0,300,0.5,1700,0.5,0
9,1,950,1,0,500,0.6,1000,0.2,1400,0.2,1
9,2,91,1,0,300,0.5,1700,0.5,1
9,3,623,2,10,5,0,300,0.5,1700,0.5,0
9,4,986,1,0,500,0.6,1000,0.2,1400,0.2,0
9,5,738,1,0,500,0.6,1000,0.2,1400,0.2,1
9,6,20,0,0,300,0.5,1700,0.5,0
9,7,842,2,10,5,0,500,0.6,1000,0.2,1400,0.2,2
9,8,992,1,0,500,0.6,1000,0.2,1400,0.2,0
9,9,134,0,0,300,0.5,1700,0.5,0
9,10,323,0,0,500,0.6,1000,0.2,1400,0.2,1
9,11,468,0,0,300,0.5,1700,0.5,2
9,12,261,0,0,300,0.5,1700,0.5,1
9,13,211,0,0,300,0.5,1700,0.5,1
9,14,862,0,0,500,0.6,1000,0.2,1400,0.2,1
10,0,692,2,10,5,0,300,0.5,1700,0.5,0
10,1,561,0,0,500,0.6,1000,0.2,1400,0.2,0
10,2,549,0,0,300,0.5,1700,0.5,1
10,3,154,1,0,300,0.5,1700,0.5,0
10,4,499,2,10,5,0,500,0.6,1000,0.2,1400,0.2,0
10,5,834,1,0,300,0.5,1700,0.5,0
10,6,70,0,0,500,0.6,1000,0.2,1400,0.2,2
10,7,116,1,0,300,0.5,1700,0.5,2
10,8,603,0,0,300,0.5,1700,0.5,2
10,9,534,0,0,500,0.6,1000,0.2,1400,0.2,2
10,10,543,2,10,5,0,300,0.5,1700,0.5,2
10,11,677,2,10,5,0,500,0.6,1000,0.2,1400,0.2,1
10,12,949,1,0,300,0.5,1700,0.5,0
10,13,747,1,0,500,0.6,1000,0.2,1400,0.2,0
10,14,277,1,0,300,0.5,1700,0.5,0
11,0,991,1,0,300,0.5,1700,0.5,2
11,1,798,1,0,300,0.5,1700,0.5,2
11,2,705,2,10,5,0,300,0.5,1700,0.5,2
11,3,408,0,0,300,0.5,1700,0.5,1
11,4,834,0,0,300,0.5,1700,0.5,0
11,5,900,2,10,5,0,500,0.6,1000,0.2,1400,0.2,0
11,6,325,0,0,500,0.6,1000,0.2,1400,0.2,2
11,7,630,1,0,500,0.6,1000,0.2,1400,0.2,0
11,8,976,0,0,300,0.5,1700,0.5,2
11,9,385,0,0,300,0.5,1700,0.5,2
11,10,252,0,0,500,0.6,1000,0.2,1400,0.2,0
11,11,673,1,0,300,0.5,1700,0.5,2
11,12,80,1,0,500,0.6,1000,0.2,1400,0.2,1
11,13,568,0,0,500,0.6,1000,0.2,1400,0.2,2
11,14,573,0,0,500,0.6,1000,0.2,1400,0.2,0
12,0,810,1,0,300,0.5,1700,0.5,2
12,1,183,1,0,300,0.5,1700,0.5,1
12,2,80,1,0,500,0.6,1000,0.2,1400,0.2,0
12,3,199,0,0,300,0.5,1700,0.5,1
12,4,729,0,0,500,0.6,1000,0.2,1400,0.2,2
12,5,921,0,0,500,0.6,1000,0.2,1400,0.2,2
12,6,468,1,0,500,0.6,1000,0.2,1400,0.2,1
12,7,799,0,0,500,0.6,1000,0.2,1400,0.2,2
12,8,686,1,0,300,0.5,1700,0.5,1
12,9,695,2,10,5,0,500,0.6,1000,0.2,1400,0.2,0
12,10,228,2,10,5,0,300,0.5,1700,0.5,1
12,11,87,0,0,300,0.5,1700,0.5,2
12,12,438,0,0,500,0.6,1000,0.2,1400,0.2,1
12,13,736,0,0,300,0.5,1700,0.5,2
12,14,523,1,0,300,0.5,1700,0.5,1
13,0,296,2,10,5,0,300,0.5,1700,0.5,2
13,1,134,0,0,500,0.6,1000,0.2,1400,0.2,2
13,2,656,1,0,500,0.6,1000,0.2,1400,0.2,1
13,3,353,0,0,300,0.5,1700,0.5,1
13,4,864,2,10,5,0,500,0.6,1000,0.2,1400,0.2,0
13,5,732,1,0,500,0.6,1000,0.2,1400,0.2,1
13,6,175,1,0,300,0.5,1700,0.5,2
13,7,415,1,0,500,0.6,1000,0.2,1400,0.2,1
13,8,132,1,0,300,0.5,1700,0.5,1
13,9,462,0,0,500,0.6,1000,0.2,1400,0.2,1
13,10,357,0,0,500,0.6,1000,0.2,1400,0.2,2
13,11,104,1,0,300,0.5,1700,0.5,2
13,12,964,2,10,5,0,500,0.6,1000,0.2,1400,0.2,1
13,13,853,0,0,300,0.5,1700,0.5,0
13,14,874,0,0,500,0.6,1000,0.2,1400,0.2,0
14,0,827,0,0,300,0.5,1700,0.5,1
14,1,240,1,0,300,0.5,1700,0.5,0
14,2,22,0,0,500,0.6,1000,0.2,1400,0.2,1
14,3,935,0,0,300,0.5,1700,0.5,2
14,4,299,2,10,5,0,500,0.6,1000,0.2,1400,0.2,1
14,5,471,1,0,300,0.5,1700,0.5,2
14,6,1000,2,10,5,0,300,0.5,1700,0.5,0
14,7,740,2,10,5,0,300,0.5,1700,0.5,1
14,8,12,0,0,300,0.5,1700,0.5,0
14,9,739,0,0,500,0.6,1000,0.2,1400,0.2,0
14,10,842,0,0,300,0.5,1700,0.5,1
14,11,105,0,0,300,0.5,1700,0.5,2
14,12,337,0,0,500,0.6,1000,0.2,1400,0.2,1
14,13,864,0,0,500,0.6,1000,0.2,1400,0.2,1
14,14,275,0,0,500,0.6,1000,0.2,1400,0.2,0
