0,0,547,2,10,5,0,300,0.5,1700,0.5,1
0,1,417,0,0,500,0.6,1000,0.2,1400,0.2,2
0,2,966,1,0,300,0.5,1700,0.5,1
0,3,686,0,0,300,0.5,1700,0.5,1
0,4,649,0,0,500,0.6,1000,0.2,1400,0.2,0
0,5,378,1,0,300,0.5,1700,0.5,1
0,6,846,1,0,300,0.5,1700,0.5,1
0,7,690,1,0,300,0.5,1700,0.5,1
0,8,726,0,0,300,0.5,1700,0.5,0
0,9,355,0,0,500,0.6,1000,0.2,1400,0.2,0
0,10,638,1,0,300,0.5,1700,0.5,1
0,11,528,2,10,5,0,300,0.5,1700,0.5,0
0,12,263,0,0,500,0.6,1000,0.2,1400,0.2,0
0,13,828,1,0,300,0.5,1700,0.5,1
0,14,692,2,10,5,0,500,0.6,1000,0.2,1400,0.2,2
1,0,506,0,0,500,0.6,1000,0.2,1400,0.2,0
1,1,70,2,10,5,0,500,0.6,1000,0.2,1400,0.2,2
1,2,940,1,0,500,0.6,1000,0.2,1400,0.2,0
1,3,641,0,0,500,0.6,1000,0.2,1400,0.2,1
1,4,890,2,10,5,0,300,0.5,1700,0.5,0
1,5,935,1,0,500,0.6,1000,0.2,1400,0.2,2
1,6,586,1,0,300,0.5,1700,0.5,1
1,7,962,0,0,500,0.6,1000,0.2,1400,0.2,1
1,8,838,1,0,300,0.5,1700,0.5,2
1,9,963,0,0,500,0.6,1000,0.2,1400,0.2,0
1,10,282,1,0,300,0.5,1700,0.5,2
1,11,969,1,0,500,0.6,1000,0.2,1400,0.2,0
1,12,339,1,0,300,0.5,1700,0.5,1
1,13,454,0,0,500,0.6,1000,0.2,1400,0.2,2
1,14,570,2,10,5,0,300,0.5,1700,0.5,0
2,0,602,1,0,300,0.5,1700,0.5,0
2,1,813,2,10,5,0,300,0.5,1700,0.5,1
2,2,325,0,0,500,0.6,1000,0.2,1400,0.2,1
2,3,470,2,10,5,0,500,0.6,1000,0.2,1400,0.2,1
2,4,849,2,10,5,0,500,0.6,1000,0.2,1400,0.2,2
2,5,559,0,0,300,0.5,1700,0.5,1
2,6,70,2,10,5,0,500,0.6,1000,0.2,1400,0.2,0
2,7,334,0,0,500,0.6,1000,0.2,1400,0.2,1
2,8,633,1,0,300,0.5,1700,0.5,0
2,9,695,1,0,500,0.6,1000,0.2,1400,0.2,0
2,10,227,1,0,500,0.6,1000,0.2,1400,0.2,0
2,11,512,2,10,5,0,500,0.6,1000,0.2,1400,0.2,1
2,12,920,1,0,500,0.6,1000,0.2,1400,0.2,2
2,13,724,0,0,300,0.5,1700,0.5,1
2,14,781,1,0,500,0.6,1000,0.2,1400,0.2,1
3,0,340,1,0,300,0.5,1700,0.5,2
3,1,348,0,0,300,0.5,1700,0.5,2
3,2,515,1,0,300,0.5,1700,0.5,1
3,3,737,0,0,500,0.6,1000,0.2,1400,0.2,1
3,4,130,1,0,300,0.5,1700,0.5,1
3,5,789,0,0,300,0.5,1700,0.5,2
3,6,678,2,10,5,0,300,0.5,1700,0.5,1
3,7,855,1,0,500,0.6,1000,0.2,1400,0.2,0
3,8,534,2,10,5,0,500,0.6,1000,0.2,1400,0.2,1
3,9,658,2,10,5,0,500,0.6,1000,0.2,1400,0.2,2
3,10,723,2,10,5,0,300,0.5,1700,0.5,1
3,11,117,2,10,5,0,500,0.6,1000,0.2,1400,0.2,2
3,12,225,1,0,500,0.6,1000,0.2,1400,0.2,0
3,13,235,2,10,5,0,300,0.5,1700,0.5,0
3,14,91,2,10,5,0,300,0.5,1700,0.5,0
4,0,421,2,10,5,0,300,0.5,1700,0.5,2
4,1,565,0,0,300,0.5,1700,0.5,2
4,2,703,1,0,500,0.6,1000,0.2,1400,0.2,2
4,3,575,0,0,500,0.6,1000,0.2,1400,0.2,2
4,4,180,1,0,300,0.5,1700,0.5,1
4,5,915,1,0,500,0.6,1000,0.2,1400,0.2,1
4,6,49,0,0,500,0.6,1000,0.2,1400,0.2,2
4,7,54,1,0,300,0.5,1700,0.5,1
4,8,520,1,0,300,0.5,1700,0.5,2
4,9,124,1,0,300,0.5,1700,0.5,2
4,10,469,0,0,500,0.6,1000,0.2,1400,0.2,1
4,11,845,1,0,500,0.6,1000,0.2,1400,0.2,2
4,12,524,2,10,5,0,500,0.6,1000,0.2,1400,0.2,1
4,13,441,0,0,500,0.6,1000,0.2,1400,0.2,0
4,14,971,0,0,500,0.6,1000,0.2,1400,0.2,1
5,0,179,2,10,5,0,300,0.5,1700,0.5,2
5,1,182,0,0,500,0.6,1000,0.2,1400,0.2,1
5,2,360,0,0,500,0.6,1000,0.2,1400,0.2,2
5,3,508,0,0,300,0.5,1700,0.5,1
5,4,306,1,0,300,0.5,1700,0.5,2
5,5,15,0,0,300,0.5,1700,0.5,2
5,6,886,1,0,500,0.6,1000,0.2,1400,0.2,1
5,7,477,2,10,5,0,500,0.6,1000,0.2,1400,0.2,0
5,8,131,1,0,300,0.5,1700,0.5,0
5,9,735,0,0,300,0.5,1700,0.5,0
5,10,15,1,0,300,0.5,1700,0.5,2
5,11,167,0,0,500,0.6,1000,0.2,1400,0.2,0
5,12,191,2,10,5,0,300,0.5,1700,0.5,2
5,13,272,0,0,300,0.5,1700,0.5,0
5,14,629,1,0,300,0.5,1700,0.5,1
6,0,133,2,10,5,0,500,0.6,1000,0.2,1400,0.2,1
6,1,952,2,10,5,0,300,0.5,1700,0.5,2
6,2,529,2,10,5,0,500,0.6,1000,0.2,1400,0.2,0
6,3,864,2,10,5,0,300,0.5,1700,0.5,1
6,4,189,1,0,500,0.6,1000,0.2,1400,0.2,2
6,5,390,1,0,300,0.5,1700,0.5,0
6,6,876,0,0,300,0.5,1700,0.5,2
6,7,989,1,0,300,0.5,1700,0.5,0
6,8,12,1,0,300,0.5,1700,0.5,2
6,9,560,1,0,500,0.6,1000,0.2,1400,0.2,1
6,10,721,0,0,300,0.5,1700,0.5,0
6,11,43,1,0,300,0.5,1700,0.5,2
6,12,858,0,0,500,0.6,1000,0.2,1400,0.2,2
6,13,507,1,0,300,0.5,1700,0.5,0
6,14,732,0,0,300,0.5,1700,0.5,1
7,0,335,0,0,500,0.6,1000,0.2,1400,0.2,0
7,1,742,0,0,500,0.6,1000,0.2,1400,0.2,1
7,2,475,2,10,5,0,500,0.6,1000,0.2,1400,0.2,2
7,3,276,1,0,300,0.5,1700,0.5,0
7,4,108,1,0,300,0.5,1700,0.5,1
7,5,66,1,0,300,0.5,1700,0.5,0
7,6,385,1,0,300,0.5,1700,0.5,2
7,7,407,2,10,5,0,500,0.6,1000,0.2,1400,0.2,2
7,8,911,1,0,500,0.6,1000,0.2,1400,0.2,2
7,9,913,0,0,500,0.6,1000,0.2,1400,0.2,0
7,10,636,1,0,300,0.5,1700,0.5,0
7,11,974,1,0,500,0.6,1000,0.2,1400,0.2,1
7,12,954,2,10,5,0,500,0.6,1000,0.2,1400,0.2,1
7,13,63,2,10,5,0,300,0.5,1700,0.5,0
7,14,511,0,0,300,0.5,1700,0.5,2
8,0,651,2,10,5,0,500,0.6,1000,0.2,1400,0.2,2
8,1,489,1,0,500,0.6,1000,0.2,1400,0.2,2
8,2,177,2,10,5,0,300,0.5,1700,0.5,1
8,3,359,2,10,5,0,300,0.5,1700,0.5,1
8,4,46,2,10,5,0,300,0.5,1700,0.5,0
8,5,783,2,10,5,0,300,0.5,1700,0.5,1
8,6,110,1,0,300,0.5,1700,0.5,2
8,7,761,2,10,5,0,500,0.6,1000,0.2,1400,0.2,1
8,8,130,1,0,300,0.5,1700,0.5,1
8,9,473,2,10,5,0,500,0.6,1000,0.2,1400,0.2,2
8,10,129,0,0,500,0.6,1000,0.2,1400,0.2,2
8,11,657,1,0,500,0.6,1000,0.2,1400,0.2,0
8,12,159,1,0,500,0.6,1000,0.2,1400,0.2,2
8,13,904,0,0,300,0.5,1700,0.5,2
8,14,553,0,0,500,0.6,1000,0.2,1400,0.2,1
9,0,762,1,0,500,0.6,1000,0.2,1400,0.2,0
9,1,691,0,0,300,0.5,1700,0.5,0
9,2,614,1,0,300,0.5,1700,0.5,2
9,3,191,2,10,5,0,300,0.5,1700,0.5,0
9,4,816,0,0,500,0.6,1000,0.2,1400,0.2,2
9,5,485,2,10,5,0,500,0.6,1000,0.2,1400,0.2,0
9,6,286,0,0,500,0.6,1000,0.2,1400,0.2,1
9,7,140,2,10,5,0,500,0.6,1000,0.2,1400,0.2,2
9,8,53,1,0,300,0.5,1700,0.5,2
9,9,685,1,0,500,0.6,1000,0.2,1400,0.2,1
9,10,727,1,0,300,0.5,1700,0.5,2
9,11,604,1,0,300,0.5,1700,0.5,0
9,12,661,0,0,300,0.5,1700,0.5,2
9,13,372,0,0,500,0.6,1000,0.2,1400,0.2,0
9,14,605,2,10,5,0,300,0.5,1700,0.5,1
10,0,577,0,0,300,0.5,1700,0.5,2
10,1,482,0,0,300,0.5,1700,0.5,1
10,2,91,1,0,300,0.5,1700,0.5,0
10,3,107,2,10,5,0,500,0.6,1000,0.2,1400,0.2,2
10,4,585,1,0,500,0.6,1000,0.2,1400,0.2,1
10,5,107,1,0,500,0.6,1000,0.2,1400,0.2,0
10,6,973,0,0,300,0.5,1700,0.5,0
10,7,914,2,10,5,0,300,0.5,1700,0.5,0
10,8,571,0,0,300,0.5,1700,0.5,2
10,9,509,2,10,5,0,300,0.5,1700,0.5,2
10,10,790,2,10,5,0,500,0.6,1000,0.2,1400,0.2,0
10,11,249,0,0,300,0.5,1700,0.5,2
10,12,351,0,0,500,0.6,1000,0.2,1400,0.2,0
10,13,360,2,10,5,0,300,0.5,1700,0.5,1
10,14,787,2,10,5,0,500,0.6,1000,0.2,1400,0.2,0
11,0,157,0,0,500,0.6,1000,0.2,1400,0.2,1
11,1,262,1,0,300,0.5,1700,0.5,1
11,2,398,2,10,5,0,500,0.6,1000,0.2,1400,0.2,0
11,3,406,1,0,300,0.5,1700,0.5,1
11,4,692,1,0,500,0.6,1000,0.2,1400,0.2,1
11,5,867,2,10,5,0,300,0.5,1700,0.5,1
11,6,89,2,10,5,0,500,0.6,1000,0.2,1400,0.2,0
11,7,120,2,10,5,0,500,0.6,1000,0.2,1400,0.2,1
11,8,102,2,10,5,0,300,0.5,1700,0.5,0
11,9,574,1,0,500,0.6,1000,0.2,1400,0.2,0
11,10,770,1,0,300,0.5,1700,0.5,2
11,11,852,0,0,500,0.6,1000,0.2,1400,0.2,1
11,12,955,2,10,5,0,500,0.6,1000,0.2,1400,0.2,2
11,13,344,1,0,300,0.5,1700,0.5,0
11,14,509,0,0,500,0.6,1000,0.2,1400,0.2,2
12,0,256,0,0,300,0.5,1700,0.5,2
12,1,843,0,0,500,0.6,1000,0.2,1400,0.2,2
12,2,315,2,10,5,0,500,0.6,1000,0.2,1400,0.2,0
12,3,525,0,0,300,0.5,1700,0.5,2
12,4,733,0,0,500,0.6,1000,0.2,1400,0.2,2
12,5,731,1,0,300,0.5,1700,0.5,0
12,6,301,2,10,5,0,300,0.5,1700,0.5,1
12,7,104,1,0,300,0.5,1700,0.5,0
12,8,154,2,10,5,0,500,0.6,1000,0.2,1400,0.2,0
12,9,160,1,0,500,0.6,1000,0.2,1400,0.2,1
12,10,499,2,10,5,0,500,0.6,1000,0.2,1400,0.2,1
12,11,231,1,0,300,0.5,1700,0.5,0
12,12,989,2,10,5,0,500,0.6,1000,0.2,1400,0.2,0
12,13,377,1,0,500,0.6,1000,0.2,1400,0.2,0
12,14,846,1,0,300,0.5,1700,0.5,2
13,0,723,2,10,5,0,300,0.5,1700,0.5,1
13,1,491,0,0,300,0.5,1700,0.5,0
13,2,402,0,0,500,0.6,1000,0.2,1400,0.2,2
13,3,196,1,0,300,0.5,1700,0.5,0
13,4,597,0,0,300,0.5,1700,0.5,2
13,5,134,1,0,300,0.5,1700,0.5,2
13,6,392,2,10,5,0,500,0.6,1000,0.2,1400,0.2,1
13,7,700,1,0,300,0.5,1700,0.5,2
13,8,22,2,10,5,0,500,0.6,1000,0.2,1400,0.2,0
13,9,245,1,0,500,0.6,1000,0.2,1400,0.2,1
13,10,479,1,0,300,0.5,1700,0.5,0
13,11,130,2,10,5,0,300,0.5,1700,0.5,1
13,12,344,0,0,500,0.6,1000,0.2,1400,0.2,2
13,13,150,1,0,500,0.6,1000,0.2,1400,0.2,0
13,14,184,0,0,300,0.5,1700,0.5,0
14,0,593,2,10,5,0,300,0.5,1700,0.5,2
14,1,387,1,0,500,0.6,1000,0.2,1400,0.2,0
14,2,365,0,0,500,0.6,1000,0.2,1400,0.2,2
14,3,332,0,0,500,0.6,1000,0.2,1400,0.2,2
14,4,957,2,10,5,0,300,0.5,1700,0.5,1
14,5,364,0,0,300,0.5,1700,0.5,2
14,6,900,1,0,300,0.5,1700,0.5,1
14,7,671,1,0,300,0.5,1700,0.5,2
14,8,736,1,0,300,0.5,1700,0.5,2
14,9,686,1,0,300,0.5,1700,0.5,1
14,10,140,2,10,5,0,300,0.5,1700,0.5,0
14,11,446,2,10,5,0,300,0.5,1700,0.5,1
14,12,658,1,0,500,0.6,1000,0.2,1400,0.2,0
14,13,156,2,10,5,0,500,0.6,1000,0.2,1400,0.2,0
14,14,346,1,0,500,0.6,1000,0.2,1400,0.2,2
