0,0,266,0,0,300,0.5,1700,0.5,1
0,1,731,1,0,500,0.6,1000,0.2,1400,0.2,2
0,2,443,2,10,5,0,500,0.6,1000,0.2,1400,0.2,0
0,3,313,1,0,500,0.6,1000,0.2,1400,0.2,0
0,4,596,0,0,500,0.6,1000,0.2,1400,0.2,0
0,5,881,1,0,300,0.5,1700,0.5,2
0,6,122,2,10,5,0,300,0.5,1700,0.5,0
0,7,588,2,10,5,0,500,0.6,1000,0.2,1400,0.2,1
0,8,627,1,0,500,0.6,1000,0.2,1400,0.2,1
0,9,882,1,0,300,0.5,1700,0.5,2
0,10,61,1,0,300,0.5,1700,0.5,1
0,11,101,0,0,500,0.6,1000,0.2,1400,0.2,0
0,12,29,2,10,5,0,300,0.5,1700,0.5,2
0,13,311,2,10,5,0,300,0.5,1700,0.5,1
0,14,158,2,10,5,0,300,0.5,1700,0.5,2
1,0,911,0,0,300,0.5,1700,0.5,2
1,1,536,0,0,300,0.5,1700,0.5,1
1,2,186,0,0,500,0.6,1000,0.2,1400,0.2,0
1,3,624,1,0,300,0.5,1700,0.5,2
1,4,820,0,0,300,0.5,1700,0.5,0
1,5,736,0,0,300,0.5,1700,0.5,2
1,6,982,1,0,300,0.5,1700,0.5,2
1,7,125,0,0,500,0.6,1000,0.2,1400,0.2,2
1,8,663,0,0,500,0.6,1000,0.2,1400,0.2,0
1,9,734,2,10,5,0,300,0.5,1700,0.5,0
1,10,23,1,0,500,0.6,1000,0.2,1400,0.2,1
1,11,811,2,10,5,0,500,0.6,1000,0.2,1400,0.2,2
1,12,753,0,0,500,0.6,1000,0.2,1400,0.2,0
1,13,571,0,0,300,0.5,1700,0.5,0
1,14,297,0,0,500,0.6,1000,0.2,1400,0.2,1
2,0,454,2,10,5,0,500,0.6,1000,0.2,1400,0.2,0
2,1,118,1,0,300,0.5,1700,0.5,1
2,2,464,1,0,300,0.5,1700,0.5,1
2,3,32,2,10,5,0,500,0.6,1000,0.2,1400,0.2,2
2,4,178,0,0,500,0.6,1000,0.2,1400,0.2,2
2,5,779,2,10,5,0,500,0.6,1000,0.2,1400,0.2,2
2,6,80,2,10,5,0,300,0.5,1700,0.5,2
2,7,655,2,10,5,0,300,0.5,1700,0.5,1
2,8,609,0,0,500,0.6,1000,0.2,1400,0.2,1
2,9,134,1,0,500,0.6,1000,0.2,1400,0.2,0
2,10,257,1,0,500,0.6,1000,0.2,1400,0.2,0
2,11,406,0,0,500,0.6,1000,0.2,1400,0.2,2
2,12,274,0,0,500,0.6,1000,0.2,1400,0.2,2
2,13,673,1,0,500,0.6,1000,0.2,1400,0.2,1
2,14,880,1,0,300,0.5,1700,0.5,2
3,0,825,2,10,5,0,300,0.5,1700,0.5,2
3,1,348,0,0,300,0.5,1700,0.5,0
3,2,858,0,0,500,0.6,1000,0.2,1400,0.2,2
3,3,748,1,0,300,0.5,1700,0.5,2
3,4,141,2,10,5,0,500,0.6,1000,0.2,1400,0.2,2
3,5,139,1,0,500,0.6,1000,0.2,1400,0.2,1
3,6,18,0,0,500,0.6,1000,0.2,1400,0.2,2
3,7,570,1,0,500,0.6,1000,0.2,1400,0.2,1
3,8,221,0,0,300,0.5,1700,0.5,1
3,9,355,0,0,500,0.6,1000,0.2,1400,0.2,1
3,10,377,0,0,500,0.6,1000,0.2,1400,0.2,0
3,11,243,0,0,500,0.6,1000,0.2,1400,0.2,1
3,12,276,1,0,500,0.6,1000,0.2,1400,0.2,0
3,13,224,0,0,300,0.5,1700,0.5,1
3,14,925,0,0,500,0.6,1000,0.2,1400,0.2,2
4,0,217,0,0,500,0.6,1000,0.2,1400,0.2,0
4,1,274,2,10,5,0,300,0.5,1700,0.5,1
4,2,962,1,0,300,0.5,1700,0.5,1
4,3,881,1,0,300,0.5,1700,0.5,1
4,4,889,1,0,500,0.6,1000,0.2,1400,0.2,0
4,5,952,2,10,5,0,300,0.5,1700,0.5,2
4,6,317,2,10,5,0,500,0.6,1000,0.2,1400,0.2,0
4,7,693,1,0,300,0.5,1700,0.5,0
4,8,835,0,0,300,0.5,1700,0.5,1
4,9,71,1,0,500,0.6,1000,0.2,1400,0.2,1
4,10,300,0,0,300,0.5,1700,0.5,2
4,11,641,2,10,5,0,300,0.5,1700,0.5,1
4,12,592,1,0,500,0.6,1000,0.2,1400,0.2,2
4,13,644,2,10,5,0,300,0.5,1700,0.5,2
4,14,613,1,0,500,0.6,1000,0.2,1400,0.2,1
5,0,929,0,0,500,0.6,1000,0.2,1400,0.2,2
5,1,302,0,0,300,0.5,1700,0.5,2
5,2,926,2,10,5,0,500,0.6,1000,0.2,1400,0.2,1
5,3,565,1,0,300,0.5,1700,0.5,1
5,4,362,0,0,300,0.5,1700,0.5,1
5,5,362,1,0,300,0.5,1700,0.5,2
5,6,29,2,10,5,0,300,0.5,1700,0.5,0
5,7,396,1,0,300,0.5,1700,0.5,1
5,8,135,2,10,5,0,500,0.6,1000,0.2,1400,0.2,0
5,9,567,2,10,5,0,300,0.5,1700,0.5,0
5,10,873,2,10,5,0,300,0.5,1700,0.5,1
5,11,821,2,10,5,0,500,0.6,1000,0.2,1400,0.2,1
5,12,222,1,0,300,0.5,1700,0.5,2
5,13,516,1,0,500,0.6,1000,0.2,1400,0.2,2
5,14,241,0,0,300,0.5,1700,0.5,2
6,0,485,1,0,300,0.5,1700,0.5,1
6,1,990,1,0,500,0.6,1000,0.2,1400,0.2,0
6,2,835,2,10,5,0,300,0.5,1700,0.5,0
6,3,951,2,10,5,0,500,0.6,1000,0.2,1400,0.2,1
6,4,715,0,0,300,0.5,1700,0.5,0
6,5,158,0,0,300,0.5,1700,0.5,0
6,6,35,0,0,300,0.5,1700,0.5,2
6,7,318,1,0,300,0.5,1700,0.5,2
6,8,725,2,10,5,0,300,0.5,1700,0.5,2
6,9,196,0,0,300,0.5,1700,0.5,1
6,10,716,2,10,5,0,500,0.6,1000,0.2,1400,0.2,2
6,11,251,2,10,5,0,500,0.6,1000,0.2,1400,0.2,2
6,12,442,0,0,300,0.5,1700,0.5,0
6,13,836,1,0,500,0.6,1000,0.2,1400,0.2,2
6,14,175,2,10,5,0,500,0.6,1000,0.2,1400,0.2,2
7,0,506,2,10,5,0,300,0.5,1700,0.5,2
7,1,231,1,0,500,0.6,1000,0.2,1400,0.2,1
7,2,799,0,0,500,0.6,1000,0.2,1400,0.2,2
7,3,292,0,0,300,0.5,1700,0.5,1
7,4,990,0,0,500,0.6,1000,0.2,1400,0.2,0
7,5,486,2,10,5,0,500,0.6,1000,0.2,1400,0.2,0
7,6,932,0,0,300,0.5,1700,0.5,0
7,7,481,1,0,300,0.5,1700,0.5,1
7,8,187,0,0,500,0.6,1000,0.2,1400,0.2,1
7,9,585,2,10,5,0,300,0.5,1700,0.5,2
7,10,853,2,10,5,0,300,0.5,1700,0.5,1
7,11,244,1,0,300,0.5,1700,0.5,0
7,12,73,2,10,5,0,300,0.5,1700,0.5,1
7,13,220,1,0,500,0.6,1000,0.2,1400,0.2,1
7,14,632,1,0,300,0.5,1700,0.5,0
8,0,313,1,0,500,0.6,1000,0.2,1400,0.2,0
8,1,87,2,10,5,0,300,0.5,1700,0.5,2
8,2,527,2,10,5,0,500,0.6,1000,0.2,1400,0.2,2
8,3,415,0,0,500,0.6,1000,0.2,1400,0.2,2
8,4,661,2,10,5,0,500,0.6,1000,0.2,1400,0.2,2
8,5,764,2,10,5,0,300,0.5,1700,0.5,2
8,6,140,1,0,500,0.6,1000,0.2,1400,0.2,2
8,7,264,1,0,300,0.5,1700,0.5,0
8,8,60,1,0,300,0.5,1700,0.5,0
8,9,995,1,0,300,0.5,1700,0.5,0
8,10,790,2,10,5,0,300,0.5,1700,0.5,1
8,11,185,1,0,500,0.6,1000,0.2,1400,0.2,1
8,12,641,1,0,300,0.5,1700,0.5,1
8,13,205,2,10,5,0,300,0.5,1700,0.5,0
8,14,871,0,0,300,0.5,1700,0.5,0
9,0,934,0,0,300,0.5,1700,0.5,0
9,1,273,2,10,5,0,500,0.6,1000,0.2,1400,0.2,0
9,2,999,0,0,500,0.6,1000,0.2,1400,0.2,2
9,3,878,2,10,5,0,300,0.5,1700,0.5,1
9,4,673,1,0,500,0.6,1000,0.2,1400,0.2,2
9,5,441,0,0,500,0.6,1000,0.2,1400,0.2,2
9,6,402,2,10,5,0,300,0.5,1700,0.5,1
9,7,916,1,0,500,0.6,1000,0.2,1400,0.2,1
9,8,845,1,0,500,0.6,1000,0.2,1400,0.2,1
9,9,509,0,0,300,0.5,1700,0.5,2
9,10,873,2,10,5,0,500,0.6,1000,0.2,1400,0.2,2
9,11,864,1,0,500,0.6,1000,0.2,1400,0.2,0
9,12,388,2,10,5,0,300,0.5,1700,0.5,1
9,13,201,2,10,5,0,500,0.6,1000,0.2,1400,0.2,0
9,14,239,0,0,500,0.6,1000,0.2,1400,0.2,2
10,0,216,1,0,500,0.6,1000,0.2,1400,0.2,2
10,1,222,1,0,500,0.6,1000,0.2,1400,0.2,2
10,2,64,2,10,5,0,500,0.6,1000,0.2,1400,0.2,0
10,3,382,0,0,300,0.5,1700,0.5,0
10,4,586,2,10,5,0,500,0.6,1000,0.2,1400,0.2,2
10,5,262,1,0,300,0.5,1700,0.5,1
10,6,435,1,0,500,0.6,1000,0.2,1400,0.2,0
10,7,89,2,10,5,0,300,0.5,1700,0.5,1
10,8,604,1,0,500,0.6,1000,0.2,1400,0.2,2
10,9,312,0,0,300,0.5,1700,0.5,1
10,10,153,1,0,300,0.5,1700,0.5,1
10,11,957,2,10,5,0,300,0.5,1700,0.5,1
10,12,235,1,0,300,0.5,1700,0.5,0
10,13,516,0,0,500,0.6,1000,0.2,1400,0.2,1
10,14,497,2,10,5,0,300,0.5,1700,0.5,2
11,0,805,0,0,300,0.5,1700,0.5,1
11,1,502,0,0,300,0.5,1700,0.5,1
11,2,602,1,0,300,0.5,1700,0.5,1
11,3,727,0,0,500,0.6,1000,0.2,1400,0.2,0
11,4,726,0,0,300,0.5,1700,0.5,1
11,5,65,0,0,500,0.6,1000,0.2,1400,0.2,2
11,6,541,0,0,500,0.6,1000,0.2,1400,0.2,0
11,7,48,0,0,500,0.6,1000,0.2,1400,0.2,2
11,8,708,2,10,5,0,500,0.6,1000,0.2,1400,0.2,1
11,9,247,1,0,500,0.6,1000,0.2,1400,0.2,1
11,10,965,1,0,500,0.6,1000,0.2,1400,0.2,1
11,11,607,0,0,500,0.6,1000,0.2,1400,0.2,2
11,12,447,1,0,500,0.6,1000,0.2,1400,0.2,1
11,13,408,2,10,5,0,300,0.5,1700,0.5,1
11,14,669,1,0,500,0.6,1000,0.2,1400,0.2,0
12,0,377,2,10,5,0,300,0.5,1700,0.5,2
12,1,605,0,0,500,0.6,1000,0.2,1400,0.2,0
12,2,287,2,10,5,0,300,0.5,1700,0.5,0
12,3,907,1,0,300,0.5,1700,0.5,2
12,4,993,1,0,300,0.5,1700,0.5,2
12,5,529,2,10,5,0,500,0.6,1000,0.2,1400,0.2,1
12,6,369,2,10,5,0,300,0.5,1700,0.5,1
12,7,384,1,0,500,0.6,1000,0.2,1400,0.2,0
12,8,718,1,0,300,0.5,1700,0.5,0
12,9,515,0,0,300,0.5,1700,0.5,1
12,10,548,0,0,500,0.6,1000,0.2,1400,0.2,1
12,11,371,1,0,500,0.6,1000,0.2,1400,0.2,1
12,12,991,0,0,300,0.5,1700,0.5,1
12,13,440,0,0,300,0.5,1700,0.5,2
12,14,258,2,10,5,0,300,0.5,1700,0.5,0
13,0,855,0,0,500,0.6,1000,0.2,1400,0.2,2
13,1,379,2,10,5,0,300,0.5,1700,0.5,0
13,2,171,2,10,5,0,500,0.6,1000,0.2,1400,0.2,2
13,3,888,2,10,5,0,300,0.5,1700,0.5,1
13,4,238,1,0,500,0.6,1000,0.2,1400,0.2,2
13,5,493,0,0,300,0.5,1700,0.5,2
13,6,951,0,0,500,0.6,1000,0.2,1400,0.2,2
13,7,249,0,0,500,0.6,1000,0.2,1400,0.2,2
13,8,374,1,0,300,0.5,1700,0.5,0
13,9,382,1,0,300,0.5,1700,0.5,1
13,10,202,2,10,5,0,500,0.6,1000,0.2,1400,0.2,1
13,11,940,1,0,500,0.6,1000,0.2,1400,0.2,1
13,12,573,1,0,300,0.5,1700,0.5,2
13,13,627,1,0,300,0.5,1700,0.5,2
13,14,511,2,10,5,0,300,0.5,1700,0.5,1
14,0,880,2,10,5,0,500,0.6,1000,0.2,1400,0.2,2
14,1,988,0,0,500,0.6,1000,0.2,1400,0.2,1
14,2,662,0,0,500,0.6,1000,0.2,1400,0.2,2
14,3,502,1,0,500,0.6,1000,0.2,1400,0.2,2
14,4,937,1,0,300,0.5,1700,0.5,2
14,5,747,0,0,300,0.5,1700,0.5,2
14,6,967,1,0,300,0.5,1700,0.5,1
14,7,30,2,10,5,0,300,0.5,1700,0.5,0
14,8,493,1,0,500,0.6,1000,0.2,1400,0.2,0
14,9,677,0,0,500,0.6,1000,0.2,1400,0.2,0
14,10,971,1,0,500,0.6,1000,0.2,1400,0.2,2
14,11,925,1,0,300,0.5,1700,0.5,1
14,12,164,1,0,500,0.6,1000,0.2,1400,0.2,1
14,13,169,0,0,500,0.6,1000,0.2,1400,0.2,1
14,14,718,0,0,500,0.6,1000,0.2,1400,0.2,2
