0,0,947,2,10,5,0,500,0.6,1000,0.2,1400,0.2,1
0,1,173,1,0,500,0.6,1000,0.2,1400,0.2,1
0,2,153,0,0,300,0.5,1700,0.5,1
0,3,59,2,10,5,0,500,0.6,1000,0.2,1400,0.2,1
0,4,126,1,0,500,0.6,1000,0.2,1400,0.2,1
0,5,324,0,0,500,0.6,1000,0.2,1400,0.2,0
0,6,685,2,10,5,0,300,0.5,1700,0.5,0
0,7,750,1,0,300,0.5,1700,0.5,2
0,8,17,0,0,500,0.6,1000,0.2,1400,0.2,2
0,9,972,1,0,500,0.6,1000,0.2,1400,0.2,1
0,10,311,0,0,300,0.5,1700,0.5,1
0,11,162,2,10,5,0,500,0.6,1000,0.2,1400,0.2,1
0,12,420,0,0,500,0.6,1000,0.2,1400,0.2,1
0,13,967,0,0,300,0.5,1700,0.5,0
0,14,283,0,0,500,0.6,1000,0.2,1400,0.2,0
1,0,741,1,0,300,0.5,1700,0.5,2
1,1,201,2,10,5,0,300,0.5,1700,0.5,2
1,2,835,0,0,300,0.5,1700,0.5,1
1,3,953,0,0,300,0.5,1700,0.5,1
1,4,666,1,0,300,0.5,1700,0.5,2
1,5,423,2,10,5,0,300,0.5,1700,0.5,0
1,6,251,2,10,5,0,500,0.6,1000,0.2,1400,0.2,2
1,7,393,1,0,500,0.6,1000,0.2,1400,0.2,2
1,8,662,2,10,5,0,300,0.5,1700,0.5,2
1,9,593,1,0,300,0.5,1700,0.5,2
1,10,521,2,10,5,0,500,0.6,1000,0.2,1400,0.2,2
1,11,365,1,0,500,0.6,1000,0.2,1400,0.2,1
1,12,292,0,0,500,0.6,1000,0.2,1400,0.2,0
1,13,125,1,0,300,0.5,1700,0.5,2
1,14,620,2,10,5,0,500,0.6,1000,0.2,1400,0.2,0
2,0,326,2,10,5,0,500,0.6,1000,0.2,1400,0.2,2
2,1,652,1,0,300,0.5,1700,0.5,1
2,2,965,2,10,5,0,500,0.6,1000,0.2,1400,0.2,0
2,3,896,2,10,5,0,500,0.6,1000,0.2,1400,0.2,2
2,4,344,2,10,5,0,300,0.5,1700,0.5,0
2,5,634,1,0,300,0.5,1700,0.5,2
2,6,317,2,10,5,0,300,0.5,1700,0.5,0
2,7,820,2,10,5,0,300,0.5,1700,0.5,0
2,8,38,2,10,5,0,500,0.6,1000,0.2,1400,0.2,1
2,9,653,0,0,300,0.5,1700,0.5,1
2,10,768,2,10,5,0,300,0.5,1700,0.5,0
2,11,721,1,0,500,0.6,1000,0.2,1400,0.2,0
2,12,492,2,10,5,0,300,0.5,1700,0.5,1
2,13,126,1,0,500,0.6,1000,0.2,1400,0.2,0
2,14,332,2,10,5,0,300,0.5,1700,0.5,2
3,0,69,2,10,5,0,500,0.6,1000,0.2,1400,0.2,0
3,1,875,1,0,300,0.5,1700,0.5,0
3,2,320,0,0,500,0.6,1000,0.2,1400,0.2,1
3,3,759,0,0,300,0.5,1700,0.5,2
3,4,221,0,0,300,0.5,1700,0.5,2
3,5,361,2,10,5,0,500,0.6,1000,0.2,1400,0.2,2
3,6,568,0,0,300,0.5,1700,0.5,1
3,7,755,2,10,5,0,500,0.6,1000,0.2,1400,0.2,1
3,8,581,1,0,300,0.5,1700,0.5,2
3,9,177,1,0,500,0.6,1000,0.2,1400,0.2,0
3,10,999,2,10,5,0,500,0.6,1000,0.2,1400,0.2,0
3,11,894,0,0,300,0.5,1700,0.5,0
3,12,184,1,0,500,0.6,1000,0.2,1400,0.2,0
3,13,306,0,0,500,0.6,1000,0.2,1400,0.2,1
3,14,874,2,10,5,0,300,0.5,1700,0.5,0
4,0,871,1,0,500,0.6,1000,0.2,1400,0.2,2
4,1,514,1,0,300,0.5,1700,0.5,2
4,2,377,2,10,5,0,500,0.6,1000,0.2,1400,0.2,2
4,3,988,0,0,500,0.6,1000,0.2,1400,0.2,1
4,4,492,1,0,500,0.6,1000,0.2,1400,0.2,1
4,5,612,2,10,5,0,300,0.5,1700,0.5,0
4,6,535,2,10,5,0,500,0.6,1000,0.2,1400,0.2,2
4,7,825,1,0,300,0.5,1700,0.5,0
4,8,934,2,10,5,0,300,0.5,1700,0.5,2
4,9,720,0,0,300,0.5,1700,0.5,0
4,10,419,0,0,300,0.5,1700,0.5,2
4,11,234,0,0,500,0.6,1000,0.2,1400,0.2,2
4,12,175,0,0,500,0.6,1000,0.2,1400,0.2,0
4,13,113,1,0,300,0.5,1700,0.5,2
4,14,948,0,0,500,0.6,1000,0.2,1400,0.2,1
5,0,424,1,0,500,0.6,1000,0.2,1400,0.2,2
5,1,113,1,0,500,0.6,1000,0.2,1400,0.2,1
5,2,627,2,10,5,0,500,0.6,1000,0.2,1400,0.2,2
5,3,346,1,0,500,0.6,1000,0.2,1400,0.2,0
5,4,755,1,0,300,0.5,1700,0.5,1
5,5,312,2,10,5,0,300,0.5,1700,0.5,0
5,6,804,0,0,300,0.5,1700,0.5,2
5,7,588,1,0,500,0.6,1000,0.2,1400,0.2,1
5,8,701,0,0,500,0.6,1000,0.2,1400,0.2,1
5,9,527,0,0,300,0.5,1700,0.5,0
5,10,995,2,10,5,0,300,0.5,1700,0.5,2
5,11,49,1,0,300,0.5,1700,0.5,1
5,12,683,0,0,500,0.6,1000,0.2,1400,0.2,2
5,13,506,1,0,300,0.5,1700,0.5,2
5,14,848,1,0,500,0.6,1000,0.2,1400,0.2,1
6,0,209,1,0,500,0.6,1000,0.2,1400,0.2,1
6,1,338,0,0,300,0.5,1700,0.5,0
6,2,939,1,0,300,0.5,1700,0.5,1
6,3,988,1,0,500,0.6,1000,0.2,1400,0.2,0
6,4,671,0,0,300,0.5,1700,0.5,2
6,5,241,2,10,5,0,300,0.5,1700,0.5,2
6,6,519,0,0,300,0.5,1700,0.5,2
6,7,245,2,10,5,0,300,0.5,1700,0.5,0
6,8,402,2,10,5,0,300,0.5,1700,0.5,2
6,9,657,0,0,500,0.6,1000,0.2,1400,0.2,1
6,10,279,1,0,300,0.5,1700,0.5,0
6,11,179,1,0,300,0.5,1700,0.5,1
6,12,100,0,0,500,0.6,1000,0.2,1400,0.2,0
6,13,552,2,10,5,0,500,0.6,1000,0.2,1400,0.2,2
6,14,474,2,10,5,0,300,0.5,1700,0.5,0
7,0,321,0,0,300,0.5,1700,0.5,0
7,1,148,0,0,300,0.5,1700,0.5,0
7,2,820,2,10,5,0,500,0.6,1000,0.2,1400,0.2,1
7,3,647,1,0,300,0.5,1700,0.5,0
7,4,585,1,0,500,0.6,1000,0.2,1400,0.2,1
7,5,819,0,0,500,0.6,1000,0.2,1400,0.2,1
7,6,70,0,0,500,0.6,1000,0.2,1400,0.2,1
7,7,359,1,0,500,0.6,1000,0.2,1400,0.2,1
7,8,57,2,10,5,0,500,0.6,1000,0.2,1400,0.2,0
7,9,729,0,0,300,0.5,1700,0.5,2
7,10,362,1,0,500,0.6,1000,0.2,1400,0.2,0
7,11,245,2,10,5,0,500,0.6,1000,0.2,1400,0.2,2
7,12,816,1,0,300,0.5,1700,0.5,1
7,13,784,1,0,500,0.6,1000,0.2,1400,0.2,0
7,14,840,0,0,300,0.5,1700,0.5,2
8,0,333,2,10,5,0,300,0.5,1700,0.5,2
8,1,215,2,10,5,0,500,0.6,1000,0.2,1400,0.2,2
8,2,379,2,10,5,0,300,0.5,1700,0.5,2
8,3,64,0,0,300,0.5,1700,0.5,2
8,4,537,2,10,5,0,500,0.6,1000,0.2,1400,0.2,1
8,5,262,2,10,5,0,500,0.6,1000,0.2,1400,0.2,2
8,6,59,0,0,300,0.5,1700,0.5,2
8,7,111,0,0,500,0.6,1000,0.2,1400,0.2,1
8,8,113,0,0,500,0.6,1000,0.2,1400,0.2,1
8,9,81,1,0,500,0.6,1000,0.2,1400,0.2,0
8,10,654,2,10,5,0,300,0.5,1700,0.5,2
8,11,797,0,0,500,0.6,1000,0.2,1400,0.2,1
8,12,266,1,0,500,0.6,1000,0.2,1400,0.2,2
8,13,195,1,0,300,0.5,1700,0.5,0
8,14,460,0,0,500,0.6,1000,0.2,1400,0.2,2
9,0,667,1,0,300,0.5,1700,0.5,2
9,1,784,2,10,5,0,500,0.6,1000,0.2,1400,0.2,2
9,2,448,2,10,5,0,300,0.5,1700,0.5,2
9,3,80,0,0,500,0.6,1000,0.2,1400,0.2,0
9,4,88,2,10,5,0,300,0.5,1700,0.5,0
9,5,701,1,0,300,0.5,1700,0.5,0
9,6,612,2,10,5,0,300,0.5,1700,0.5,0
9,7,860,1,0,300,0.5,1700,0.5,2
9,8,305,0,0,500,0.6,1000,0.2,1400,0.2,0
9,9,983,1,0,300,0.5,1700,0.5,1
9,10,863,1,0,500,0.6,1000,0.2,1400,0.2,0
9,11,520,0,0,300,0.5,1700,0.5,0
9,12,864,0,0,300,0.5,1700,0.5,1
9,13,250,0,0,500,0.6,1000,0.2,1400,0.2,0
9,14,923,0,0,500,0.6,1000,0.2,1400,0.2,0
10,0,961,1,0,300,0.5,1700,0.5,0
10,1,259,0,0,500,0.6,1000,0.2,1400,0.2,0
10,2,800,2,10,5,0,300,0.5,1700,0.5,0
10,3,894,0,0,300,0.5,1700,0.5,2
10,4,942,1,0,500,0.6,1000,0.2,1400,0.2,2
10,5,392,1,0,300,0.5,1700,0.5,1
10,6,501,1,0,500,0.6,1000,0.2,1400,0.2,0
10,7,544,1,0,300,0.5,1700,0.5,0
10,8,74,1,0,500,0.6,1000,0.2,1400,0.2,0
10,9,300,2,10,5,0,500,0.6,1000,0.2,1400,0.2,2
10,10,206,1,0,500,0.6,1000,0.2,1400,0.2,0
10,11,107,2,10,5,0,500,0.6,1000,0.2,1400,0.2,0
10,12,23,1,0,500,0.6,1000,0.2,1400,0.2,2
10,13,488,1,0,500,0.6,1000,0.2,1400,0.2,2
10,14,129,1,0,300,0.5,1700,0.5,0
11,0,183,1,0,500,0.6,1000,0.2,1400,0.2,2
11,1,837,0,0,500,0.6,1000,0.2,1400,0.2,2
11,2,21,0,0,500,0.6,1000,0.2,1400,0.2,1
11,3,208,0,0,300,0.5,1700,0.5,1
11,4,96,0,0,300,0.5,1700,0.5,2
11,5,853,2,10,5,0,500,0.6,1000,0.2,1400,0.2,0
11,6,751,1,0,500,0.6,1000,0.2,1400,0.2,1
11,7,759,0,0,500,0.6,1000,0.2,1400,0.2,0
11,8,409,1,0,500,0.6,1000,0.2,1400,0.2,1
11,9,959,2,10,5,0,500,0.6,1000,0.2,1400,0.2,1
11,10,928,0,0,300,0.5,1700,0.5,2
11,11,45,2,10,5,0,300,0.5,1700,0.5,2
11,12,970,0,0,300,0.5,1700,0.5,1
11,13,174,2,10,5,0,300,0.5,1700,0.5,0
11,14,290,0,0,300,0.5,1700,0.5,2
12,0,519,2,10,5,0,300,0.5,1700,0.5,2
12,1,262,1,0,500,0.6,1000,0.2,1400,0.2,0
12,2,961,0,0,300,0.5,1700,0.5,1
12,3,46,1,0,500,0.6,1000,0.2,1400,0.2,0
12,4,746,1,0,500,0.6,1000,0.2,1400,0.2,1
12,5,710,1,0,300,0.5,1700,0.5,1
12,6,26,0,0,300,0.5,1700,0.5,0
12,7,63,1,0,500,0.6,1000,0.2,1400,0.2,0
12,8,661,1,0,300,0.5,1700,0.5,1
12,9,279,2,10,5,0,300,0.5,1700,0.5,0
12,10,518,2,10,5,0,500,0.6,1000,0.2,1400,0.2,1
12,11,542,2,10,5,0,500,0.6,1000,0.2,1400,0.2,1
12,12,75,0,0,300,0.5,1700,0.5,2
12,13,705,2,10,5,0,300,0.5,1700,0.5,1
12,14,520,1,0,300,0.5,1700,0.5,2
13,0,318,2,10,5,0,500,0.6,1000,0.2,1400,0.2,0
13,1,146,1,0,300,0.5,1700,0.5,2
13,2,82,1,0,500,0.6,1000,0.2,1400,0.2,0
13,3,26,2,10,5,0,500,0.6,1000,0.2,1400,0.2,2
13,4,412,0,0,500,0.6,1000,0.2,1400,0.2,2
13,5,757,2,10,5,0,300,0.5,1700,0.5,2
13,6,466,2,10,5,0,500,0.6,1000,0.2,1400,0.2,0
13,7,608,2,10,5,0,500,0.6,1000,0.2,1400,0.2,2
13,8,658,2,10,5,0,300,0.5,1700,0.5,0
13,9,624,2,10,5,0,500,0.6,1000,0.2,1400,0.2,0
13,10,793,0,0,500,0.6,1000,0.2,1400,0.2,1
13,11,903,2,10,5,0,300,0.5,1700,0.5,1
13,12,370,0,0,500,0.6,1000,0.2,1400,0.2,0
13,13,255,0,0,300,0.5,1700,0.5,2
13,14,41,1,0,300,0.5,1700,0.5,2
14,0,181,2,10,5,0,500,0.6,1000,0.2,1400,0.2,2
14,1,988,2,10,5,0,300,0.5,1700,0.5,1
14,2,503,2,10,5,0,500,0.6,1000,0.2,1400,0.2,1
14,3,706,1,0,500,0.6,1000,0.2,1400,0.2,1
14,4,250,0,0,500,0.6,1000,0.2,1400,0.2,1
14,5,669,1,0,500,0.6,1000,0.2,1400,0.2,1
14,6,90,0,0,300,0.5,1700,0.5,2
14,7,787,1,0,500,0.6,1000,0.2,1400,0.2,0
14,8,644,0,0,500,0.6,1000,0.2,1400,0.2,0
14,9,603,0,0,500,0.6,1000,0.2,1400,0.2,2
14,10,808,1,0,500,0.6,1000,0.2,1400,0.2,2
14,11,978,0,0,300,0.5,1700,0.5,1
14,12,190,1,0,300,0.5,1700,0.5,0
14,13,156,1,0,500,0.6,1000,0.2,1400,0.2,0
14,14,641,0,0,500,0.6,1000,0.2,1400,0.2,0
