0,0,988,0,0,300,0.5,1700,0.5,1
0,1,946,0,0,500,0.6,1000,0.2,1400,0.2,2
0,2,247,1,0,300,0.5,1700,0.5,0
0,3,682,0,0,300,0.5,1700,0.5,1
0,4,858,1,0,300,0.5,1700,0.5,1
0,5,908,2,10,5,0,300,0.5,1700,0.5,2
0,6,350,0,0,300,0.5,1700,0.5,1
0,7,705,1,0,500,0.6,1000,0.2,1400,0.2,0
0,8,640,1,0,300,0.5,1700,0.5,1
0,9,248,2,10,5,0,300,0.5,1700,0.5,1
0,10,639,2,10,5,0,500,0.6,1000,0.2,1400,0.2,0
0,11,513,0,0,500,0.6,1000,0.2,1400,0.2,2
0,12,626,1,0,300,0.5,1700,0.5,1
0,13,93,2,10,5,0,300,0.5,1700,0.5,1
0,14,841,1,0,300,0.5,1700,0.5,1
1,0,868,1,0,300,0.5,1700,0.5,2
1,1,533,1,0,300,0.5,1700,0.5,1
1,2,568,1,0,500,0.6,1000,0.2,1400,0.2,2
1,3,393,0,0,500,0.6,1000,0.2,1400,0.2,0
1,4,391,2,10,5,0,500,0.6,1000,0.2,1400,0.2,2
1,5,645,1,0,300,0.5,1700,0.5,2
1,6,665,1,0,300,0.5,1700,0.5,0
1,7,477,0,0,300,0.5,1700,0.5,1
1,8,238,1,0,300,0.5,1700,0.5,0
1,9,654,2,10,5,0,300,0.5,1700,0.5,0
1,10,186,1,0,300,0.5,1700,0.5,2
1,11,775,0,0,300,0.5,1700,0.5,0
1,12,138,0,0,500,0.6,1000,0.2,1400,0.2,2
1,13,204,2,10,5,0,300,0.5,1700,0.5,1
1,14,826,2,10,5,0,300,0.5,1700,0.5,1
2,0,572,2,10,5,0,300,0.5,1700,0.5,2
2,1,268,0,0,300,0.5,1700,0.5,0
2,2,72,2,10,5,0,300,0.5,1700,0.5,1
2,3,344,0,0,500,0.6,1000,0.2,1400,0.2,0
2,4,439,0,0,500,0.6,1000,0.2,1400,0.2,0
2,5,388,0,0,300,0.5,1700,0.5,1
2,6,956,1,0,300,0.5,1700,0.5,2
2,7,140,2,10,5,0,300,0.5,1700,0.5,0
2,8,724,2,10,5,0,500,0.6,1000,0.2,1400,0.2,0
2,9,710,2,10,5,0,300,0.5,1700,0.5,1
2,10,838,1,0,300,0.5,1700,0.5,1
2,11,336,0,0,500,0.6,1000,0.2,1400,0.2,0
2,12,876,1,0,300,0.5,1700,0.5,2
2,13,857,0,0,500,0.6,1000,0.2,1400,0.2,2
2,14,226,2,10,5,0,300,0.5,1700,0.5,1
3,0,469,0,0,300,0.5,1700,0.5,0
3,1,232,2,10,5,0,300,0.5,1700,0.5,0
3,2,952,1,0,300,0.5,1700,0.5,0
3,3,186,2,10,5,0,500,0.6,1000,0.2,1400,0.2,2
3,4,932,0,0,300,0.5,1700,0.5,1
3,5,998,0,0,500,0.6,1000,0.2,1400,0.2,1
3,6,719,1,0,500,0.6,1000,0.2,1400,0.2,2
3,7,962,0,0,300,0.5,1700,0.5,0
3,8,366,2,10,5,0,300,0.5,1700,0.5,1
3,9,520,0,0,300,0.5,1700,0.5,2
3,10,158,2,10,5,0,500,0.6,1000,0.2,1400,0.2,0
3,11,863,2,10,5,0,300,0.5,1700,0.5,0
3,12,123,1,0,500,0.6,1000,0.2,1400,0.2,2
3,13,985,2,10,5,0,300,0.5,1700,0.5,1
3,14,284,0,0,500,0.6,1000,0.2,1400,0.2,1
4,0,70,2,10,5,0,300,0.5,1700,0.5,1
4,1,679,1,0,500,0.6,1000,0.2,1400,0.2,1
4,2,81,0,0,300,0.5,1700,0.5,1
4,3,260,1,0,300,0.5,1700,0.5,2
4,4,695,1,0,500,0.6,1000,0.2,1400,0.2,0
4,5,427,2,10,5,0,300,0.5,1700,0.5,2
4,6,153,2,10,5,0,500,0.6,1000,0.2,1400,0.2,0
4,7,644,0,0,300,0.5,1700,0.5,2
4,8,16,2,10,5,0,500,0.6,1000,0.2,1400,0.2,1
4,9,502,1,0,300,0.5,1700,0.5,1
4,10,318,0,0,500,0.6,1000,0.2,1400,0.2,2
4,11,783,2,10,5,0,500,0.6,1000,0.2,1400,0.2,2
4,12,927,1,0,500,0.6,1000,0.2,1400,0.2,0
4,13,299,0,0,500,0.6,1000,0.2,1400,0.2,1
4,14,997,2,10,5,0,500,0.6,1000,0.2,1400,0.2,2
5,0,679,1,0,300,0.5,1700,0.5,2
5,1,62,2,10,5,0,500,0.6,1000,0.2,1400,0.2,1
5,2,689,2,10,5,0,500,0.6,1000,0.2,1400,0.2,2
5,3,63,0,0,500,0.6,1000,0.2,1400,0.2,0
5,4,526,0,0,300,0.5,1700,0.5,1
5,5,707,2,10,5,0,500,0.6,1000,0.2,1400,0.2,0
5,6,21,1,0,300,0.5,1700,0.5,1
5,7,888,2,10,5,0,500,0.6,1000,0.2,1400,0.2,1
5,8,321,0,0,500,0.6,1000,0.2,1400,0.2,2
5,9,637,1,0,300,0.5,1700,0.5,0
5,10,696,1,0,500,0.6,1000,0.2,1400,0.2,0
5,11,565,1,0,500,0.6,1000,0.2,1400,0.2,1
5,12,222,0,0,500,0.6,1000,0.2,1400,0.2,0
5,13,793,0,0,500,0.6,1000,0.2,1400,0.2,0
5,14,940,0,0,500,0.6,1000,0.2,1400,0.2,0
6,0,358,0,0,300,0.5,1700,0.5,1
6,1,370,2,10,5,0,300,0.5,1700,0.5,1
6,2,479,2,10,5,0,300,0.5,1700,0.5,0
6,3,894,1,0,300,0.5,1700,0.5,0
6,4,426,2,10,5,0,300,0.5,1700,0.5,1
6,5,551,2,10,5,0,500,0.6,1000,0.2,1400,0.2,1
6,6,282,2,10,5,0,300,0.5,1700,0.5,1
6,7,169,0,0,300,0.5,1700,0.5,1
6,8,595,2,10,5,0,500,0.6,1000,0.2,1400,0.2,1
6,9,797,0,0,300,0.5,1700,0.5,0
6,10,202,1,0,500,0.6,1000,0.2,1400,0.2,2
6,11,97,0,0,300,0.5,1700,0.5,2
6,12,824,1,0,300,0.5,1700,0.5,2
6,13,942,2,10,5,0,500,0.6,1000,0.2,1400,0.2,0
6,14,945,0,0,500,0.6,1000,0.2,1400,0.2,1
7,0,360,0,0,300,0.5,1700,0.5,1
7,1,194,1,0,500,0.6,1000,0.2,1400,0.2,2
7,2,745,2,10,5,0,500,0.6,1000,0.2,1400,0.2,0
7,3,330,1,0,500,0.6,1000,0.2,1400,0.2,2
7,4,967,1,0,300,0.5,1700,0.5,1
7,5,240,2,10,5,0,500,0.6,1000,0.2,1400,0.2,1
7,6,126,0,0,300,0.5,1700,0.5,2
7,7,693,2,10,5,0,300,0.5,1700,0.5,2
7,8,901,0,0,300,0.5,1700,0.5,2
7,9,280,1,0,300,0.5,1700,0.5,1
7,10,839,1,0,500,0.6,1000,0.2,1400,0.2,0
7,11,737,1,0,500,0.6,1000,0.2,1400,0.2,1
7,12,744,2,10,5,0,300,0.5,1700,0.5,1
7,13,230,0,0,500,0.6,1000,0.2,1400,0.2,2
7,14,908,2,10,5,0,500,0.6,1000,0.2,1400,0.2,1
8,0,150,2,10,5,0,500,0.6,1000,0.2,1400,0.2,1
8,1,111,2,10,5,0,500,0.6,1000,0.2,1400,0.2,0
8,2,357,2,10,5,0,500,0.6,1000,0.2,1400,0.2,0
8,3,700,0,0,300,0.5,1700,0.5,2
8,4,355,0,0,500,0.6,1000,0.2,1400,0.2,2
8,5,936,0,0,300,0.5,1700,0.5,1
8,6,855,1,0,500,0.6,1000,0.2,1400,0.2,2
8,7,70,1,0,300,0.5,1700,0.5,0
8,8,74,1,0,300,0.5,1700,0.5,1
8,9,577,0,0,500,0.6,1000,0.2,1400,0.2,2
8,10,174,0,0,300,0.5,1700,0.5,1
8,11,445,2,10,5,0,500,0.6,1000,0.2,1400,0.2,2
8,12,610,0,0,300,0.5,1700,0.5,1
8,13,668,1,0,300,0.5,1700,0.5,2
8,14,427,0,0,500,0.6,1000,0.2,1400,0.2,0
9,0,549,2,10,5,0,300,0.5,1700,0.5,2
9,1,208,2,10,5,0,300,0.5,1700,0.5,0
9,2,777,2,10,5,0,300,0.5,1700,0.5,1
9,3,774,0,0,500,0.6,1000,0.2,1400,0.2,2
9,4,307,1,0,300,0.5,1700,0.5,0
9,5,240,0,0,300,0.5,1700,0.5,0
9,6,194,0,0,500,0.6,1000,0.2,1400,0.2,2
9,7,652,0,0,300,0.5,1700,0.5,2
9,8,21,0,0,500,0.6,1000,0.2,1400,0.2,0
9,9,644,0,0,300,0.5,1700,0.5,2
9,10,314,1,0,300,0.5,1700,0.5,2
9,11,33,1,0,500,0.6,1000,0.2,1400,0.2,1
9,12,782,0,0,300,0.5,1700,0.5,0
9,13,606,2,10,5,0,500,0.6,1000,0.2,1400,0.2,0
9,14,316,0,0,300,0.5,1700,0.5,1
10,0,728,0,0,500,0.6,1000,0.2,1400,0.2,0
10,1,678,1,0,300,0.5,1700,0.5,0
10,2,370,2,10,5,0,500,0.6,1000,0.2,1400,0.2,2
10,3,951,1,0,500,0.6,1000,0.2,1400,0.2,2
10,4,231,1,0,300,0.5,1700,0.5,2
10,5,194,1,0,300,0.5,1700,0.5,1
10,6,343,2,10,5,0,300,0.5,1700,0.5,0
10,7,300,0,0,300,0.5,1700,0.5,0
10,8,736,0,0,500,0.6,1000,0.2,1400,0.2,0
10,9,221,1,0,300,0.5,1700,0.5,0
10,10,692,0,0,300,0.5,1700,0.5,2
10,11,531,0,0,500,0.6,1000,0.2,1400,0.2,1
10,12,246,0,0,500,0.6,1000,0.2,1400,0.2,0
10,13,608,1,0,500,0.6,1000,0.2,1400,0.2,0
10,14,202,1,0,500,0.6,1000,0.2,1400,0.2,1
11,0,585,1,0,300,0.5,1700,0.5,1
11,1,571,2,10,5,0,500,0.6,1000,0.2,1400,0.2,2
11,2,660,0,0,500,0.6,1000,0.2,1400,0.2,0
11,3,465,1,0,500,0.6,1000,0.2,1400,0.2,2
11,4,375,2,10,5,0,500,0.6,1000,0.2,1400,0.2,0
11,5,188,2,10,5,0,500,0.6,1000,0.2,1400,0.2,1
11,6,841,1,0,500,0.6,1000,0.2,1400,0.2,2
11,7,136,0,0,500,0.6,1000,0.2,1400,0.2,2
11,8,758,0,0,500,0.6,1000,0.2,1400,0.2,1
11,9,243,1,0,300,0.5,1700,0.5,2
11,10,417,1,0,300,0.5,1700,0.5,0
11,11,554,1,0,300,0.5,1700,0.5,0
11,12,876,2,10,5,0,500,0.6,1000,0.2,1400,0.2,0
11,13,357,1,0,500,0.6,1000,0.2,1400,0.2,1
11,14,841,0,0,300,0.5,1700,0.5,2
12,0,525,0,0,300,0.5,1700,0.5,1
12,1,250,1,0,300,0.5,1700,0.5,2
12,2,398,0,0,500,0.6,1000,0.2,1400,0.2,0
12,3,611,1,0,300,0.5,1700,0.5,0
12,4,752,2,10,5,0,300,0.5,1700,0.5,2
12,5,785,0,0,300,0.5,1700,0.5,0
12,6,408,1,0,300,0.5,1700,0.5,0
12,7,349,0,0,500,0.6,1000,0.2,1400,0.2,2
12,8,231,0,0,300,0.5,1700,0.5,1
12,9,736,2,10,5,0,300,0.5,1700,0.5,2
12,10,489,2,10,5,0,500,0.6,1000,0.2,1400,0.2,0
12,11,703,1,0,300,0.5,1700,0.5,2
12,12,870,2,10,5,0,500,0.6,1000,0.2,1400,0.2,2
12,13,446,2,10,5,0,300,0.5,1700,0.5,0
12,14,242,1,0,300,0.5,1700,0.5,0
13,0,406,0,0,500,0.6,1000,0.2,1400,0.2,0
13,1,869,1,0,300,0.5,1700,0.5,2
13,2,790,2,10,5,0,300,0.5,1700,0.5,0
13,3,275,2,10,5,0,300,0.5,1700,0.5,0
13,4,500,1,0,500,0.6,1000,0.2,1400,0.2,0
13,5,78,0,0,500,0.6,1000,0.2,1400,0.2,1
13,6,864,2,10,5,0,500,0.6,1000,0.2,1400,0.2,0
13,7,647,2,10,5,0,500,0.6,1000,0.2,1400,0.2,2
13,8,493,1,0,500,0.6,1000,0.2,1400,0.2,1
13,9,593,1,0,500,0.6,1000,0.2,1400,0.2,1
13,10,803,1,0,500,0.6,1000,0.2,1400,0.2,1
13,11,945,0,0,300,0.5,1700,0.5,1
13,12,244,0,0,300,0.5,1700,0.5,1
13,13,679,0,0,300,0.5,1700,0.5,1
13,14,739,2,10,5,0,300,0.5,1700,0.5,2
14,0,332,0,0,500,0.6,1000,0.2,1400,0.2,1
14,1,459,0,0,500,0.6,1000,0.2,1400,0.2,0
14,2,814,2,10,5,0,500,0.6,1000,0.2,1400,0.2,2
14,3,176,1,0,300,0.5,1700,0.5,2
14,4,815,1,0,300,0.5,1700,0.5,0
14,5,333,2,10,5,0,300,0.5,1700,0.5,2
14,6,46,0,0,300,0.5,1700,0.5,0
14,7,563,1,0,500,0.6,1000,0.2,1400,0.2,0
14,8,489,2,10,5,0,300,0.5,1700,0.5,0
14,9,562,0,0,500,0.6,1000,0.2,1400,0.2,0
14,10,806,1,0,300,0.5,1700,0.5,1
14,11,307,0,0,300,0.5,1700,0.5,2
14,12,299,2,10,5,0,300,0.5,1700,0.5,0
14,13,452,0,0,500,0.6,1000,0.2,1400,0.2,1
14,14,832,0,0,500,0.6,1000,0.2,1400,0.2,0
