0,0,479,0,0,300,0.5,1700,0.5,0
0,1,550,1,0,300,0.5,1700,0.5,0
0,2,897,1,0,500,0.6,1000,0.2,1400,0.2,0
0,3,667,0,0,300,0.5,1700,0.5,2
0,4,434,0,0,500,0.6,1000,0.2,1400,0.2,0
0,5,696,1,0,500,0.6,1000,0.2,1400,0.2,0
0,6,590,2,10,5,0,300,0.5,1700,0.5,0
0,7,157,0,0,500,0.6,1000,0.2,1400,0.2,0
0,8,978,0,0,500,0.6,1000,0.2,1400,0.2,1
0,9,105,1,0,500,0.6,1000,0.2,1400,0.2,2
0,10,695,0,0,300,0.5,1700,0.5,2
0,11,93,2,10,5,0,300,0.5,1700,0.5,1
0,12,596,1,0,500,0.6,1000,0.2,1400,0.2,1
0,13,472,2,10,5,0,300,0.5,1700,0.5,1
0,14,82,0,0,300,0.5,1700,0.5,2
1,0,331,0,0,500,0.6,1000,0.2,1400,0.2,0
1,1,956,1,0,500,0.6,1000,0.2,1400,0.2,0
1,2,745,1,0,300,0.5,1700,0.5,2
1,3,171,1,0,500,0.6,1000,0.2,1400,0.2,0
1,4,221,1,0,300,0.5,1700,0.5,2
1,5,813,0,0,300,0.5,1700,0.5,2
1,6,318,2,10,5,0,300,0.5,1700,0.5,0
1,7,91,2,10,5,0,300,0.5,1700,0.5,2
1,8,283,1,0,500,0.6,1000,0.2,1400,0.2,0
1,9,83,1,0,500,0.6,1000,0.2,1400,0.2,2
1,10,303,0,0,300,0.5,1700,0.5,2
1,11,172,1,0,500,0.6,1000,0.2,1400,0.2,0
1,12,645,1,0,300,0.5,1700,0.5,1
1,13,858,0,0,500,0.6,1000,0.2,1400,0.2,2
1,14,809,0,0,500,0.6,1000,0.2,1400,0.2,1
2,0,563,1,0,500,0.6,1000,0.2,1400,0.2,2
2,1,635,1,0,500,0.6,1000,0.2,1400,0.2,0
2,2,517,1,0,500,0.6,1000,0.2,1400,0.2,1
2,3,296,1,0,500,0.6,1000,0.2,1400,0.2,2
2,4,589,0,0,300,0.5,1700,0.5,2
2,5,195,0,0,500,0.6,1000,0.2,1400,0.2,0
2,6,889,1,0,300,0.5,1700,0.5,0
2,7,408,0,0,500,0.6,1000,0.2,1400,0.2,1
2,8,369,1,0,500,0.6,1000,0.2,1400,0.2,1
2,9,959,0,0,500,0.6,1000,0.2,1400,0.2,0
2,10,249,2,10,5,0,300,0.5,1700,0.5,2
2,11,414,0,0,300,0.5,1700,0.5,2
2,12,725,1,0,300,0.5,1700,0.5,1
2,13,986,1,0,300,0.5,1700,0.5,0
2,14,434,1,0,500,0.6,1000,0.2,1400,0.2,1
3,0,309,1,0,500,0.6,1000,0.2,1400,0.2,2
3,1,554,0,0,500,0.6,1000,0.2,1400,0.2,0
3,2,789,0,0,500,0.6,1000,0.2,1400,0.2,2
3,3,984,1,0,500,0.6,1000,0.2,1400,0.2,0
3,4,264,2,10,5,0,500,0.6,1000,0.2,1400,0.2,0
3,5,255,1,0,300,0.5,1700,0.5,0
3,6,35,1,0,500,0.6,1000,0.2,1400,0.2,1
3,7,250,1,0,500,0.6,1000,0.2,1400,0.2,2
3,8,472,2,10,5,0,500,0.6,1000,0.2,1400,0.2,0
3,9,956,0,0,300,0.5,1700,0.5,0
3,10,129,2,10,5,0,300,0.5,1700,0.5,0
3,11,395,2,10,5,0,300,0.5,1700,0.5,2
3,12,643,1,0,500,0.6,1000,0.2,1400,0.2,1
3,13,791,0,0,300,0.5,1700,0.5,1
3,14,653,0,0,300,0.5,1700,0.5,0
4,0,550,1,0,300,0.5,1700,0.5,2
4,1,137,1,0,500,0.6,1000,0.2,1400,0.2,2
4,2,204,2,10,5,0,300,0.5,1700,0.5,1
4,3,766,2,10,5,0,500,0.6,1000,0.2,1400,0.2,0
4,4,988,0,0,500,0.6,1000,0.2,1400,0.2,0
4,5,939,2,10,5,0,300,0.5,1700,0.5,0
4,6,91,0,0,500,0.6,1000,0.2,1400,0.2,2
4,7,770,2,10,5,0,500,0.6,1000,0.2,1400,0.2,2
4,8,236,0,0,500,0.6,1000,0.2,1400,0.2,1
4,9,15,1,0,300,0.5,1700,0.5,1
4,10,619,0,0,300,0.5,1700,0.5,2
4,11,827,0,0,500,0.6,1000,0.2,1400,0.2,0
4,12,278,1,0,500,0.6,1000,0.2,1400,0.2,0
4,13,684,2,10,5,0,300,0.5,1700,0.5,1
4,14,605,2,10,5,0,500,0.6,1000,0.2,1400,0.2,1
5,0,29,0,0,300,0.5,1700,0.5,1
5,1,585,1,0,300,0.5,1700,0.5,2
5,2,664,2,10,5,0,500,0.6,1000,0.2,1400,0.2,1
5,3,18,1,0,300,0.5,1700,0.5,1
5,4,26,1,0,500,0.6,1000,0.2,1400,0.2,0
5,5,194,1,0,500,0.6,1000,0.2,1400,0.2,0
5,6,955,1,0,500,0.6,1000,0.2,1400,0.2,0
5,7,93,1,0,300,0.5,1700,0.5,1
5,8,369,0,0,300,0.5,1700,0.5,1
5,9,701,2,10,5,0,500,0.6,1000,0.2,1400,0.2,0
5,10,461,2,10,5,0,500,0.6,1000,0.2,1400,0.2,2
5,11,86,0,0,300,0.5,1700,0.5,1
5,12,355,1,0,500,0.6,1000,0.2,1400,0.2,2
5,13,272,2,10,5,0,300,0.5,1700,0.5,1
5,14,322,1,0,500,0.6,1000,0.2,1400,0.2,0
6,0,293,1,0,300,0.5,1700,0.5,0
6,1,85,2,10,5,0,500,0.6,1000,0.2,1400,0.2,0
6,2,306,2,10,5,0,300,0.5,1700,0.5,1
6,3,352,2,10,5,0,500,0.6,1000,0.2,1400,0.2,1
6,4,689,0,0,500,0.6,1000,0.2,1400,0.2,1
6,5,581,2,10,5,0,500,0.6,1000,0.2,1400,0.2,2
6,6,886,1,0,300,0.5,1700,0.5,1
6,7,741,1,0,300,0.5,1700,0.5,0
6,8,169,0,0,500,0.6,1000,0.2,1400,0.2,0
6,9,120,2,10,5,0,300,0.5,1700,0.5,0
6,10,623,2,10,5,0,300,0.5,1700,0.5,0
6,11,426,0,0,300,0.5,1700,0.5,0
6,12,554,1,0,300,0.5,1700,0.5,1
6,13,74,2,10,5,0,300,0.5,1700,0.5,0
6,14,942,0,0,500,0.6,1000,0.2,1400,0.2,0
7,0,127,2,10,5,0,300,0.5,1700,0.5,1
7,1,87,0,0,300,0.5,1700,0.5,2
7,2,835,0,0,300,0.5,1700,0.5,2
7,3,690,2,10,5,0,300,0.5,1700,0.5,0
7,4,116,0,0,500,0.6,1000,0.2,1400,0.2,0
7,5,678,0,0,300,0.5,1700,0.5,1
7,6,621,2,10,5,0,500,0.6,1000,0.2,1400,0.2,1
7,7,865,0,0,500,0.6,1000,0.2,1400,0.2,0
7,8,150,2,10,5,0,500,0.6,1000,0.2,1400,0.2,1
7,9,496,2,10,5,0,300,0.5,1700,0.5,0
7,10,10,2,10,5,0,300,0.5,1700,0.5,2
7,11,811,1,0,300,0.5,1700,0.5,1
7,12,886,0,0,300,0.5,1700,0.5,1
7,13,300,1,0,500,0.6,1000,0.2,1400,0.2,2
7,14,949,0,0,300,0.5,1700,0.5,2
8,0,734,1,0,300,0.5,1700,0.5,0
8,1,860,2,10,5,0,300,0.5,1700,0.5,2
8,2,868,2,10,5,0,500,0.6,1000,0.2,1400,0.2,0
8,3,962,0,0,300,0.5,1700,0.5,1
8,4,878,2,10,5,0,300,0.5,1700,0.5,0
8,5,718,0,0,300,0.5,1700,0.5,0
8,6,795,2,10,5,0,300,0.5,1700,0.5,0
8,7,498,2,10,5,0,300,0.5,1700,0.5,2
8,8,230,1,0,300,0.5,1700,0.5,2
8,9,618,2,10,5,0,500,0.6,1000,0.2,1400,0.2,0
8,10,705,2,10,5,0,500,0.6,1000,0.2,1400,0.2,0
8,11,931,1,0,300,0.5,1700,0.5,2
8,12,354,1,0,300,0.5,1700,0.5,0
8,13,83,2,10,5,0,300,0.5,1700,0.5,0
8,14,548,0,0,500,0.6,1000,0.2,1400,0.2,1
9,0,571,0,0,500,0.6,1000,0.2,1400,0.2,0
9,1,69,0,0,300,0.5,1700,0.5,1
9,2,528,1,0,300,0.5,1700,0.5,2
9,3,919,2,10,5,0,300,0.5,1700,0.5,2
9,4,345,1,0,300,0.5,1700,0.5,0
9,5,829,2,10,5,0,300,0.5,1700,0.5,1
9,6,88,0,0,500,0.6,1000,0.2,1400,0.2,1
9,7,254,2,10,5,0,500,0.6,1000,0.2,1400,0.2,2
9,8,673,2,10,5,0,500,0.6,1000,0.2,1400,0.2,1
9,9,954,1,0,300,0.5,1700,0.5,2
9,10,121,0,0,500,0.6,1000,0.2,1400,0.2,1
9,11,682,1,0,500,0.6,1000,0.2,1400,0.2,1
9,12,897,2,10,5,0,300,0.5,1700,0.5,2
9,13,502,2,10,5,0,300,0.5,1700,0.5,2
9,14,477,2,10,5,0,500,0.6,1000,0.2,1400,0.2,2
10,0,225,2,10,5,0,300,0.5,1700,0.5,0
10,1,85,0,0,300,0.5,1700,0.5,2
10,2,124,0,0,500,0.6,1000,0.2,1400,0.2,1
10,3,879,0,0,500,0.6,1000,0.2,1400,0.2,0
10,4,378,1,0,500,0.6,1000,0.2,1400,0.2,0
10,5,34,2,10,5,0,300,0.5,1700,0.5,1
10,6,983,0,0,300,0.5,1700,0.5,2
10,7,811,0,0,500,0.6,1000,0.2,1400,0.2,2
10,8,799,0,0,300,0.5,1700,0.5,0
10,9,753,1,0,300,0.5,1700,0.5,0
10,10,309,1,0,500,0.6,1000,0.2,1400,0.2,2
10,11,205,0,0,300,0.5,1700,0.5,2
10,12,463,2,10,5,0,300,0.5,1700,0.5,1
10,13,620,0,0,300,0.5,1700,0.5,0
10,14,945,1,0,300,0.5,1700,0.5,2
11,0,267,1,0,500,0.6,1000,0.2,1400,0.2,2
11,1,859,0,0,300,0.5,1700,0.5,1
11,2,907,0,0,300,0.5,1700,0.5,1
11,3,326,1,0,500,0.6,1000,0.2,1400,0.2,1
11,4,527,1,0,300,0.5,1700,0.5,2
11,5,523,0,0,300,0.5,1700,0.5,2
11,6,211,1,0,500,0.6,1000,0.2,1400,0.2,1
11,7,408,2,10,5,0,500,0.6,1000,0.2,1400,0.2,2
11,8,306,1,0,500,0.6,1000,0.2,1400,0.2,1
11,9,502,1,0,300,0.5,1700,0.5,2
11,10,93,2,10,5,0,500,0.6,1000,0.2,1400,0.2,1
11,11,830,1,0,300,0.5,1700,0.5,0
11,12,84,2,10,5,0,500,0.6,1000,0.2,1400,0.2,0
11,13,59,2,10,5,0,300,0.5,1700,0.5,2
11,14,355,2,10,5,0,500,0.6,1000,0.2,1400,0.2,0
12,0,880,2,10,5,0,500,0.6,1000,0.2,1400,0.2,0
12,1,533,2,10,5,0,300,0.5,1700,0.5,2
12,2,384,0,0,300,0.5,1700,0.5,1
12,3,384,0,0,300,0.5,1700,0.5,0
12,4,848,2,10,5,0,300,0.5,1700,0.5,2
12,5,394,0,0,300,0.5,1700,0.5,1
12,6,752,0,0,300,0.5,1700,0.5,0
12,7,975,1,0,500,0.6,1000,0.2,1400,0.2,2
12,8,203,0,0,500,0.6,1000,0.2,1400,0.2,2
12,9,34,0,0,500,0.6,1000,0.2,1400,0.2,1
12,10,816,0,0,500,0.6,1000,0.2,1400,0.2,0
12,11,649,2,10,5,0,500,0.6,1000,0.2,1400,0.2,2
12,12,547,1,0,300,0.5,1700,0.5,1
12,13,363,0,0,500,0.6,1000,0.2,1400,0.2,2
12,14,707,2,10,5,0,300,0.5,1700,0.5,1
13,0,722,2,10,5,0,300,0.5,1700,0.5,2
13,1,399,2,10,5,0,300,0.5,1700,0.5,1
13,2,642,2,10,5,0,300,0.5,1700,0.5,2
13,3,719,1,0,300,0.5,1700,0.5,2
13,4,682,1,0,300,0.5,1700,0.5,0
13,5,553,1,0,500,0.6,1000,0.2,1400,0.2,1
13,6,821,0,0,500,0.6,1000,0.2,1400,0.2,0
13,7,829,1,0,300,0.5,1700,0.5,2
13,8,634,2,10,5,0,500,0.6,1000,0.2,1400,0.2,2
13,9,985,0,0,300,0.5,1700,0.5,0
13,10,579,2,10,5,0,500,0.6,1000,0.2,1400,0.2,0
13,11,118,1,0,500,0.6,1000,0.2,1400,0.2,0
13,12,849,0,0,300,0.5,1700,0.5,1
13,13,465,0,0,300,0.5,1700,0.5,0
13,14,375,2,10,5,0,300,0.5,1700,0.5,2
14,0,501,1,0,500,0.6,1000,0.2,1400,0.2,0
14,1,507,0,0,300,0.5,1700,0.5,0
14,2,727,0,0,300,0.5,1700,0.5,2
14,3,494,2,10,5,0,300,0.5,1700,0.5,2
14,4,462,0,0,500,0.6,1000,0.2,1400,0.2,2
14,5,939,2,10,5,0,300,0.5,1700,0.5,0
14,6,280,2,10,5,0,500,0.6,1000,0.2,1400,0.2,0
14,7,661,2,10,5,0,300,0.5,1700,0.5,0
14,8,523,2,10,5,0,300,0.5,1700,0.5,0
14,9,422,0,0,500,0.6,1000,0.2,1400,0.2,2
14,10,867,2,10,5,0,500,0.6,1000,0.2,1400,0.2,1
14,11,623,2,10,5,0,300,0.5,1700,0.5,0
14,12,963,0,0,300,0.5,1700,0.5,1
14,13,234,0,0,500,0.6,1000,0.2,1400,0.2,1
14,14,948,2,10,5,0,500,0.6,1000,0.2,1400,0.2,0
