0,0,499,1,0,300,0.5,1700,0.5,2
0,1,942,1,0,500,0.6,1000,0.2,1400,0.2,2
0,2,823,1,0,300,0.5,1700,0.5,1
0,3,979,0,0,500,0.6,1000,0.2,1400,0.2,2
0,4,827,0,0,300,0.5,1700,0.5,2
0,5,660,0,0,500,0.6,1000,0.2,1400,0.2,0
0,6,542,2,10,5,0,500,0.6,1000,0.2,1400,0.2,0
0,7,772,0,0,500,0.6,1000,0.2,1400,0.2,2
0,8,696,2,10,5,0,500,0.6,1000,0.2,1400,0.2,0
0,9,529,0,0,300,0.5,1700,0.5,2
0,10,654,1,0,300,0.5,1700,0.5,0
0,11,50,0,0,300,0.5,1700,0.5,1
0,12,224,2,10,5,0,500,0.6,1000,0.2,1400,0.2,1
0,13,864,0,0,300,0.5,1700,0.5,0
0,14,840,1,0,500,0.6,1000,0.2,1400,0.2,2
1,0,28,2,10,5,0,300,0.5,1700,0.5,0
1,1,256,2,10,5,0,500,0.6,1000,0.2,1400,0.2,0
1,2,658,2,10,5,0,300,0.5,1700,0.5,1
1,3,894,0,0,500,0.6,1000,0.2,1400,0.2,1
1,4,791,2,10,5,0,300,0.5,1700,0.5,1
1,5,455,0,0,300,0.5,1700,0.5,1
1,6,936,2,10,5,0,500,0.6,1000,0.2,1400,0.2,0
1,7,239,1,0,300,0.5,1700,0.5,1
1,8,707,1,0,300,0.5,1700,0.5,0
1,9,314,1,0,500,0.6,1000,0.2,1400,0.2,2
1,10,323,2,10,5,0,500,0.6,1000,0.2,1400,0.2,1
1,11,760,1,0,300,0.5,1700,0.5,2
1,12,504,0,0,500,0.6,1000,0.2,1400,0.2,2
1,13,238,2,10,5,0,300,0.5,1700,0.5,0
1,14,807,0,0,500,0.6,1000,0.2,1400,0.2,1
2,0,417,0,0,300,0.5,1700,0.5,2
2,1,524,0,0,500,0.6,1000,0.2,1400,0.2,2
2,2,659,2,10,5,0,300,0.5,1700,0.5,0
2,3,843,0,0,300,0.5,1700,0.5,2
2,4,237,1,0,300,0.5,1700,0.5,1
2,5,953,1,0,300,0.5,1700,0.5,0
2,6,439,0,0,300,0.5,1700,0.5,1
2,7,101,2,10,5,0,500,0.6,1000,0.2,1400,0.2,1
2,8,948,1,0,300,0.5,1700,0.5,0
2,9,36,1,0,300,0.5,1700,0.5,2
2,10,543,1,0,300,0.5,1700,0.5,1
2,11,870,1,0,300,0.5,1700,0.5,0
2,12,135,2,10,5,0,500,0.6,1000,0.2,1400,0.2,0
2,13,725,0,0,500,0.6,1000,0.2,1400,0.2,2
2,14,256,2,10,5,0,500,0.6,1000,0.2,1400,0.2,2
3,0,112,2,10,5,0,500,0.6,1000,0.2,1400,0.2,0
3,1,959,1,0,300,0.5,1700,0.5,1
3,2,325,0,0,500,0.6,1000,0.2,1400,0.2,0
3,3,357,2,10,5,0,500,0.6,1000,0.2,1400,0.2,0
3,4,109,0,0,300,0.5,1700,0.5,0
3,5,350,1,0,500,0.6,1000,0.2,1400,0.2,1
3,6,216,2,10,5,0,500,0.6,1000,0.2,1400,0.2,1
3,7,699,2,10,5,0,300,0.5,1700,0.5,1
3,8,922,1,0,500,0.6,1000,0.2,1400,0.2,1
3,9,791,2,10,5,0,500,0.6,1000,0.2,1400,0.2,0
3,10,817,0,0,300,0.5,1700,0.5,0
3,11,824,1,0,500,0.6,1000,0.2,1400,0.2,0
3,12,676,1,0,500,0.6,1000,0.2,1400,0.2,2
3,13,771,2,10,5,0,300,0.5,1700,0.5,2
3,14,954,1,0,500,0.6,1000,0.2,1400,0.2,1
4,0,353,1,0,300,0.5,1700,0.5,2
4,1,22,2,10,5,0,500,0.6,1000,0.2,1400,0.2,2
4,2,664,1,0,500,0.6,1000,0.2,1400,0.2,1
4,3,119,2,10,5,0,300,0.5,1700,0.5,1
4,4,798,2,10,5,0,500,0.6,1000,0.2,1400,0.2,1
4,5,49,2,10,5,0,500,0.6,1000,0.2,1400,0.2,1
4,6,190,1,0,300,0.5,1700,0.5,2
4,7,969,0,0,300,0.5,1700,0.5,0
4,8,149,0,0,500,0.6,1000,0.2,1400,0.2,0
4,9,925,1,0,500,0.6,1000,0.2,1400,0.2,2
4,10,448,1,0,500,0.6,1000,0.2,1400,0.2,1
4,11,238,0,0,300,0.5,1700,0.5,1
4,12,544,2,10,5,0,300,0.5,1700,0.5,1
4,13,502,1,0,500,0.6,1000,0.2,1400,0.2,0
4,14,863,2,10,5,0,300,0.5,1700,0.5,0
5,0,183,2,10,5,0,500,0.6,1000,0.2,1400,0.2,2
5,1,489,2,10,5,0,500,0.6,1000,0.2,1400,0.2,0
5,2,879,0,0,500,0.6,1000,0.2,1400,0.2,1
5,3,406,0,0,500,0.6,1000,0.2,1400,0.2,2
5,4,888,0,0,500,0.6,1000,0.2,1400,0.2,0
5,5,315,1,0,300,0.5,1700,0.5,2
5,6,483,2,10,5,0,300,0.5,1700,0.5,2
5,7,171,0,0,500,0.6,1000,0.2,1400,0.2,1
5,8,139,1,0,500,0.6,1000,0.2,1400,0.2,1
5,9,223,2,10,5,0,500,0.6,1000,0.2,1400,0.2,2
5,10,574,2,10,5,0,500,0.6,1000,0.2,1400,0.2,2
5,11,425,1,0,500,0.6,1000,0.2,1400,0.2,0
5,12,112,2,10,5,0,300,0.5,1700,0.5,2
5,13,808,0,0,500,0.6,1000,0.2,1400,0.2,1
5,14,415,0,0,500,0.6,1000,0.2,1400,0.2,1
6,0,564,2,10,5,0,500,0.6,1000,0.2,1400,0.2,2
6,1,251,2,10,5,0,500,0.6,1000,0.2,1400,0.2,1
6,2,892,0,0,500,0.6,1000,0.2,1400,0.2,2
6,3,605,0,0,500,0.6,1000,0.2,1400,0.2,2
6,4,770,1,0,300,0.5,1700,0.5,2
6,5,13,1,0,300,0.5,1700,0.5,1
6,6,686,1,0,500,0.6,1000,0.2,1400,0.2,1
6,7,879,1,0,500,0.6,1000,0.2,1400,0.2,0
6,8,321,1,0,300,0.5,1700,0.5,0
6,9,972,2,10,5,0,300,0.5,1700,0.5,0
6,10,118,1,0,300,0.5,1700,0.5,2
6,11,73,2,10,5,0,300,0.5,1700,0.5,2
6,12,997,0,0,500,0.6,1000,0.2,1400,0.2,1
6,13,921,2,10,5,0,300,0.5,1700,0.5,0
6,14,578,2,10,5,0,500,0.6,1000,0.2,1400,0.2,0
7,0,624,0,0,300,0.5,1700,0.5,1
7,1,196,1,0,500,0.6,1000,0.2,1400,0.2,2
7,2,175,2,10,5,0,500,0.6,1000,0.2,1400,0.2,2
7,3,225,2,10,5,0,500,0.6,1000,0.2,1400,0.2,2
7,4,380,0,0,500,0.6,1000,0.2,1400,0.2,0
7,5,251,2,10,5,0,300,0.5,1700,0.5,0
7,6,95,1,0,500,0.6,1000,0.2,1400,0.2,0
7,7,232,1,0,500,0.6,1000,0.2,1400,0.2,1
7,8,394,2,10,5,0,300,0.5,1700,0.5,0
7,9,581,1,0,300,0.5,1700,0.5,2
7,10,936,1,0,500,0.6,1000,0.2,1400,0.2,2
7,11,831,2,10,5,0,300,0.5,1700,0.5,0
7,12,819,0,0,500,0.6,1000,0.2,1400,0.2,0
7,13,276,1,0,300,0.5,1700,0.5,1
7,14,40,0,0,500,0.6,1000,0.2,1400,0.2,1
8,0,39,0,0,300,0.5,1700,0.5,2
8,1,69,1,0,300,0.5,1700,0.5,2
8,2,590,1,0,500,0.6,1000,0.2,1400,0.2,2
8,3,771,1,0,300,0.5,1700,0.5,2
8,4,595,2,10,5,0,500,0.6,1000,0.2,1400,0.2,1
8,5,632,2,10,5,0,300,0.5,1700,0.5,0
8,6,39,0,0,300,0.5,1700,0.5,0
8,7,189,2,10,5,0,300,0.5,1700,0.5,1
8,8,210,1,0,500,0.6,1000,0.2,1400,0.2,1
8,9,89,0,0,500,0.6,1000,0.2,1400,0.2,2
8,10,818,1,0,300,0.5,1700,0.5,0
8,11,524,0,0,300,0.5,1700,0.5,2
8,12,744,0,0,300,0.5,1700,0.5,1
8,13,733,1,0,500,0.6,1000,0.2,1400,0.2,2
8,14,450,0,0,300,0.5,1700,0.5,1
9,0,292,2,10,5,0,300,0.5,1700,0.5,1
9,1,571,0,0,500,0.6,1000,0.2,1400,0.2,2
9,2,530,1,0,300,0.5,1700,0.5,1
9,3,826,1,0,500,0.6,1000,0.2,1400,0.2,0
9,4,697,2,10,5,0,300,0.5,1700,0.5,1
9,5,166,2,10,5,0,500,0.6,1000,0.2,1400,0.2,2
9,6,648,2,10,5,0,500,0.6,1000,0.2,1400,0.2,2
9,7,455,2,10,5,0,300,0.5,1700,0.5,2
9,8,581,2,10,5,0,300,0.5,1700,0.5,1
9,9,974,2,10,5,0,500,0.6,1000,0.2,1400,0.2,1
9,10,67,0,0,300,0.5,1700,0.5,2
9,11,84,1,0,500,0.6,1000,0.2,1400,0.2,0
9,12,173,2,10,5,0,300,0.5,1700,0.5,1
9,13,643,2,10,5,0,500,0.6,1000,0.2,1400,0.2,1
9,14,764,0,0,300,0.5,1700,0.5,0
10,0,651,2,10,5,0,500,0.6,1000,0.2,1400,0.2,0
10,1,119,0,0,300,0.5,1700,0.5,2
10,2,575,0,0,300,0.5,1700,0.5,1
10,3,253,0,0,300,0.5,1700,0.5,2
10,4,274,0,0,500,0.6,1000,0.2,1400,0.2,2
10,5,428,1,0,300,0.5,1700,0.5,1
10,6,299,1,0,500,0.6,1000,0.2,1400,0.2,2
10,7,228,0,0,500,0.6,1000,0.2,1400,0.2,2
10,8,608,2,10,5,0,300,0.5,1700,0.5,2
10,9,68,2,10,5,0,300,0.5,1700,0.5,1
10,10,388,0,0,500,0.6,1000,0.2,1400,0.2,1
10,11,552,1,0,300,0.5,1700,0.5,0
10,12,610,2,10,5,0,500,0.6,1000,0.2,1400,0.2,2
10,13,797,1,0,500,0.6,1000,0.2,1400,0.2,2
10,14,750,1,0,300,0.5,1700,0.5,2
11,0,911,1,0,500,0.6,1000,0.2,1400,0.2,2
11,1,986,0,0,300,0.5,1700,0.5,1
11,2,299,0,0,500,0.6,1000,0.2,1400,0.2,0
11,3,856,0,0,300,0.5,1700,0.5,0
11,4,361,0,0,300,0.5,1700,0.5,2
11,5,441,2,10,5,0,300,0.5,1700,0.5,2
11,6,50,0,0,500,0.6,1000,0.2,1400,0.2,1
11,7,836,0,0,300,0.5,1700,0.5,0
11,8,962,1,0,300,0.5,1700,0.5,1
11,9,232,0,0,500,0.6,1000,0.2,1400,0.2,2
11,10,400,0,0,300,0.5,1700,0.5,2
11,11,596,2,10,5,0,300,0.5,1700,0.5,2
11,12,538,1,0,300,0.5,1700,0.5,1
11,13,782,0,0,500,0.6,1000,0.2,1400,0.2,1
11,14,209,0,0,500,0.6,1000,0.2,1400,0.2,0
12,0,886,2,10,5,0,300,0.5,1700,0.5,0
12,1,294,2,10,5,0,300,0.5,1700,0.5,1
12,2,805,1,0,300,0.5,1700,0.5,0
12,3,989,0,0,500,0.6,1000,0.2,1400,0.2,0
12,4,184,1,0,300,0.5,1700,0.5,2
12,5,627,0,0,500,0.6,1000,0.2,1400,0.2,1
12,6,575,0,0,300,0.5,1700,0.5,1
12,7,989,1,0,500,0.6,1000,0.2,1400,0.2,1
12,8,85,2,10,5,0,500,0.6,1000,0.2,1400,0.2,0
12,9,173,2,10,5,0,500,0.6,1000,0.2,1400,0.2,1
12,10,605,0,0,500,0.6,1000,0.2,1400,0.2,0
12,11,142,2,10,5,0,300,0.5,1700,0.5,2
12,12,244,2,10,5,0,300,0.5,1700,0.5,0
12,13,945,0,0,500,0.6,1000,0.2,1400,0.2,1
12,14,862,0,0,500,0.6,1000,0.2,1400,0.2,1
13,0,630,0,0,500,0.6,1000,0.2,1400,0.2,1
13,1,273,2,10,5,0,500,0.6,1000,0.2,1400,0.2,0
13,2,307,2,10,5,0,300,0.5,1700,0.5,0
13,3,883,2,10,5,0,500,0.6,1000,0.2,1400,0.2,1
13,4,615,0,0,300,0.5,1700,0.5,0
13,5,710,2,10,5,0,300,0.5,1700,0.5,1
13,6,202,1,0,500,0.6,1000,0.2,1400,0.2,1
13,7,832,0,0,300,0.5,1700,0.5,2
13,8,373,2,10,5,0,300,0.5,1700,0.5,2
13,9,827,2,10,5,0,300,0.5,1700,0.5,1
13,10,295,0,0,500,0.6,1000,0.2,1400,0.2,1
13,11,745,0,0,300,0.5,1700,0.5,0
13,12,484,1,0,300,0.5,1700,0.5,1
13,13,540,0,0,500,0.6,1000,0.2,1400,0.2,0
13,14,337,1,0,300,0.5,1700,0.5,0
14,0,973,0,0,300,0.5,1700,0.5,2
14,1,600,2,10,5,0,500,0.6,1000,0.2,1400,0.2,0
14,2,988,1,0,300,0.5,1700,0.5,1
14,3,56,0,0,500,0.6,1000,0.2,1400,0.2,1
14,4,999,1,0,500,0.6,1000,0.2,1400,0.2,1
14,5,878,0,0,300,0.5,1700,0.5,0
14,6,776,2,10,5,0,500,0.6,1000,0.2,1400,0.2,2
14,7,68,0,0,300,0.5,1700,0.5,0
14,8,77,1,0,300,0.5,1700,0.5,0
14,9,643,1,0,300,0.5,1700,0.5,0
14,10,214,1,0,300,0.5,1700,0.5,0
14,11,196,0,0,300,0.5,1700,0.5,2
14,12,536,2,10,5,0,300,0.5,1700,0.5,1
14,13,264,0,0,500,0.6,1000,0.2,1400,0.2,2
14,14,997,2,10,5,0,500,0.6,1000,0.2,1400,0.2,1
