0,0,524,2,10,5,0,500,0.6,1000,0.2,1400,0.2,2
0,1,629,0,0,300,0.5,1700,0.5,2
0,2,953,0,0,500,0.6,1000,0.2,1400,0.2,0
0,3,188,2,10,5,0,500,0.6,1000,0.2,1400,0.2,1
0,4,690,0,0,300,0.5,1700,0.5,2
0,5,402,1,0,300,0.5,1700,0.5,2
0,6,806,0,0,300,0.5,1700,0.5,0
0,7,267,2,10,5,0,300,0.5,1700,0.5,1
0,8,857,1,0,300,0.5,1700,0.5,1
0,9,959,1,0,300,0.5,1700,0.5,0
0,10,930,0,0,500,0.6,1000,0.2,1400,0.2,2
0,11,121,2,10,5,0,500,0.6,1000,0.2,1400,0.2,0
0,12,834,2,10,5,0,500,0.6,1000,0.2,1400,0.2,1
0,13,717,0,0,500,0.6,1000,0.2,1400,0.2,1
0,14,245,2,10,5,0,300,0.5,1700,0.5,2
1,0,781,1,0,500,0.6,1000,0.2,1400,0.2,1
1,1,965,2,10,5,0,300,0.5,1700,0.5,0
1,2,253,2,10,5,0,300,0.5,1700,0.5,0
1,3,562,0,0,500,0.6,1000,0.2,1400,0.2,1
1,4,558,1,0,500,0.6,1000,0.2,1400,0.2,1
1,5,20,1,0,300,0.5,1700,0.5,2
1,6,264,1,0,300,0.5,1700,0.5,1
1,7,572,1,0,500,0.6,1000,0.2,1400,0.2,2
1,8,914,0,0,500,0.6,1000,0.2,1400,0.2,2
1,9,814,2,10,5,0,300,0.5,1700,0.5,0
1,10,22,0,0,300,0.5,1700,0.5,0
1,11,614,2,10,5,0,300,0.5,1700,0.5,1
1,12,811,0,0,500,0.6,1000,0.2,1400,0.2,2
1,13,555,1,0,300,0.5,1700,0.5,0
1,14,257,1,0,300,0.5,1700,0.5,0
2,0,281,0,0,300,0.5,1700,0.5,0
2,1,126,0,0,300,0.5,1700,0.5,0
2,2,77,1,0,300,0.5,1700,0.5,1
2,3,807,0,0,300,0.5,1700,0.5,1
2,4,930,0,0,500,0.6,1000,0.2,1400,0.2,1
2,5,227,0,0,300,0.5,1700,0.5,1
2,6,77,0,0,300,0.5,1700,0.5,2
2,7,239,1,0,300,0.5,1700,0.5,1
2,8,680,0,0,500,0.6,1000,0.2,1400,0.2,0
2,9,20,1,0,300,0.5,1700,0.5,1
2,10,335,1,0,300,0.5,1700,0.5,1
2,11,562,0,0,300,0.5,1700,0.5,0
2,12,394,2,10,5,0,300,0.5,1700,0.5,2
2,13,744,2,10,5,0,500,0.6,1000,0.2,1400,0.2,2
2,14,568,1,0,500,0.6,1000,0.2,1400,0.2,0
3,0,956,2,10,5,0,500,0.6,1000,0.2,1400,0.2,1
3,1,426,1,0,500,0.6,1000,0.2,1400,0.2,2
3,2,696,1,0,500,0.6,1000,0.2,1400,0.2,2
3,3,192,1,0,300,0.5,1700,0.5,1
3,4,543,2,10,5,0,300,0.5,1700,0.5,1
3,5,631,0,0,300,0.5,1700,0.5,1
3,6,486,2,10,5,0,500,0.6,1000,0.2,1400,0.2,1
3,7,90,0,0,300,0.5,1700,0.5,0
3,8,467,1,0,500,0.6,1000,0.2,1400,0.2,2
3,9,756,0,0,300,0.5,1700,0.5,2
3,10,970,2,10,5,0,500,0.6,1000,0.2,1400,0.2,2
3,11,266,0,0,500,0.6,1000,0.2,1400,0.2,1
3,12,643,0,0,500,0.6,1000,0.2,1400,0.2,1
3,13,942,2,10,5,0,500,0.6,1000,0.2,1400,0.2,0
3,14,962,0,0,300,0.5,1700,0.5,2
4,0,497,1,0,500,0.6,1000,0.2,1400,0.2,1
4,1,483,1,0,500,0.6,1000,0.2,1400,0.2,1
4,2,905,2,10,5,0,300,0.5,1700,0.5,0
4,3,792,2,10,5,0,300,0.5,1700,0.5,0
4,4,459,2,10,5,0,300,0.5,1700,0.5,1
4,5,713,0,0,300,0.5,1700,0.5,0
4,6,496,0,0,300,0.5,1700,0.5,1
4,7,868,1,0,500,0.6,1000,0.2,1400,0.2,1
4,8,837,0,0,500,0.6,1000,0.2,1400,0.2,2
4,9,939,1,0,500,0.6,1000,0.2,1400,0.2,1
4,10,479,0,0,500,0.6,1000,0.2,1400,0.2,0
4,11,598,1,0,300,0.5,1700,0.5,1
4,12,124,0,0,500,0.6,1000,0.2,1400,0.2,0
4,13,68,2,10,5,0,500,0.6,1000,0.2,1400,0.2,0
4,14,110,2,10,5,0,300,0.5,1700,0.5,1
5,0,176,1,0,500,0.6,1000,0.2,1400,0.2,0
5,1,471,0,0,300,0.5,1700,0.5,1
5,2,972,2,10,5,0,500,0.6,1000,0.2,1400,0.2,1
5,3,714,1,0,300,0.5,1700,0.5,0
5,4,556,2,10,5,0,500,0.6,1000,0.2,1400,0.2,0
5,5,926,2,10,5,0,300,0.5,1700,0.5,1
5,6,166,0,0,500,0.6,1000,0.2,1400,0.2,0
5,7,466,0,0,300,0.5,1700,0.5,1
5,8,329,1,0,500,0.6,1000,0.2,1400,0.2,0
5,9,129,2,10,5,0,500,0.6,1000,0.2,1400,0.2,1
5,10,906,2,10,5,0,300,0.5,1700,0.5,0
5,11,76,0,0,300,0.5,1700,0.5,2
5,12,372,2,10,5,0,500,0.6,1000,0.2,1400,0.2,2
5,13,922,1,0,500,0.6,1000,0.2,1400,0.2,0
5,14,694,2,10,5,0,500,0.6,1000,0.2,1400,0.2,1
6,0,622,1,0,500,0.6,1000,0.2,1400,0.2,1
6,1,839,2,10,5,0,300,0.5,1700,0.5,1
6,2,271,2,10,5,0,300,0.5,1700,0.5,1
6,3,967,1,0,300,0.5,1700,0.5,0
6,4,323,0,0,500,0.6,1000,0.2,1400,0.2,1
6,5,94,0,0,500,0.6,1000,0.2,1400,0.2,0
6,6,30,1,0,300,0.5,1700,0.5,2
6,7,273,0,0,300,0.5,1700,0.5,0
6,8,872,2,10,5,0,500,0.6,1000,0.2,1400,0.2,0
6,9,301,0,0,300,0.5,1700,0.5,1
6,10,142,2,10,5,0,300,0.5,1700,0.5,0
6,11,341,1,0,300,0.5,1700,0.5,2
6,12,353,0,0,500,0.6,1000,0.2,1400,0.2,1
6,13,199,1,0,500,0.6,1000,0.2,1400,0.2,2
6,14,535,2,10,5,0,300,0.5,1700,0.5,0
7,0,154,2,10,5,0,500,0.6,1000,0.2,1400,0.2,2
7,1,716,0,0,500,0.6,1000,0.2,1400,0.2,1
7,2,745,2,10,5,0,500,0.6,1000,0.2,1400,0.2,0
7,3,145,0,0,500,0.6,1000,0.2,1400,0.2,1
7,4,473,1,0,300,0.5,1700,0.5,2
7,5,475,0,0,300,0.5,1700,0.5,2
7,6,220,2,10,5,0,300,0.5,1700,0.5,0
7,7,245,0,0,500,0.6,1000,0.2,1400,0.2,2
7,8,865,0,0,300,0.5,1700,0.5,2
7,9,190,1,0,500,0.6,1000,0.2,1400,0.2,1
7,10,235,2,10,5,0,500,0.6,1000,0.2,1400,0.2,2
7,11,604,1,0,500,0.6,1000,0.2,1400,0.2,0
7,12,831,2,10,5,0,500,0.6,1000,0.2,1400,0.2,1
7,13,844,2,10,5,0,500,0.6,1000,0.2,1400,0.2,0
7,14,912,0,0,300,0.5,1700,0.5,2
8,0,566,1,0,500,0.6,1000,0.2,1400,0.2,0
8,1,478,2,10,5,0,500,0.6,1000,0.2,1400,0.2,1
8,2,379,0,0,500,0.6,1000,0.2,1400,0.2,2
8,3,634,1,0,500,0.6,1000,0.2,1400,0.2,0
8,4,793,0,0,500,0.6,1000,0.2,1400,0.2,1
8,5,651,0,0,500,0.6,1000,0.2,1400,0.2,2
8,6,418,0,0,300,0.5,1700,0.5,2
8,7,207,0,0,300,0.5,1700,0.5,0
8,8,354,1,0,300,0.5,1700,0.5,1
8,9,483,0,0,300,0.5,1700,0.5,2
8,10,172,0,0,300,0.5,1700,0.5,1
8,11,194,2,10,5,0,300,0.5,1700,0.5,0
8,12,362,1,0,300,0.5,1700,0.5,0
8,13,453,0,0,500,0.6,1000,0.2,1400,0.2,0
8,14,473,2,10,5,0,500,0.6,1000,0.2,1400,0.2,1
9,0,239,2,10,5,0,500,0.6,1000,0.2,1400,0.2,0
9,1,233,1,0,300,0.5,1700,0.5,2
9,2,786,2,10,5,0,500,0.6,1000,0.2,1400,0.2,0
9,3,196,0,0,300,0.5,1700,0.5,1
9,4,53,1,0,300,0.5,1700,0.5,2
9,5,954,2,10,5,0,500,0.6,1000,0.2,1400,0.2,1
9,6,668,2,10,5,0,300,0.5,1700,0.5,0
9,7,154,0,0,500,0.6,1000,0.2,1400,0.2,2
9,8,533,1,0,500,0.6,1000,0.2,1400,0.2,0
9,9,808,2,10,5,0,500,0.6,1000,0.2,1400,0.2,0
9,10,385,1,0,300,0.5,1700,0.5,1
9,11,846,2,10,5,0,300,0.5,1700,0.5,1
9,12,351,0,0,300,0.5,1700,0.5,1
9,13,408,0,0,500,0.6,1000,0.2,1400,0.2,0
9,14,379,0,0,500,0.6,1000,0.2,1400,0.2,2
10,0,785,2,10,5,0,500,0.6,1000,0.2,1400,0.2,2
10,1,790,1,0,300,0.5,1700,0.5,2
10,2,422,1,0,300,0.5,1700,0.5,2
10,3,686,1,0,500,0.6,1000,0.2,1400,0.2,2
10,4,909,1,0,500,0.6,1000,0.2,1400,0.2,0
10,5,981,0,0,300,0.5,1700,0.5,1
10,6,839,0,0,300,0.5,1700,0.5,1
10,7,573,2,10,5,0,500,0.6,1000,0.2,1400,0.2,1
10,8,365,2,10,5,0,500,0.6,1000,0.2,1400,0.2,2
10,9,503,0,0,500,0.6,1000,0.2,1400,0.2,1
10,10,129,0,0,500,0.6,1000,0.2,1400,0.2,0
10,11,656,0,0,500,0.6,1000,0.2,1400,0.2,2
10,12,780,1,0,300,0.5,1700,0.5,2
10,13,719,2,10,5,0,300,0.5,1700,0.5,2
10,14,180,0,0,500,0.6,1000,0.2,1400,0.2,2
11,0,586,2,10,5,0,300,0.5,1700,0.5,2
11,1,147,0,0,300,0.5,1700,0.5,1
11,2,597,1,0,500,0.6,1000,0.2,1400,0.2,1
11,3,123,2,10,5,0,500,0.6,1000,0.2,1400,0.2,1
11,4,468,1,0,500,0.6,1000,0.2,1400,0.2,0
11,5,93,1,0,300,0.5,1700,0.5,2
11,6,481,2,10,5,0,500,0.6,1000,0.2,1400,0.2,0
11,7,404,0,0,300,0.5,1700,0.5,1
11,8,312,2,10,5,0,300,0.5,1700,0.5,2
11,9,913,0,0,300,0.5,1700,0.5,0
11,10,205,2,10,5,0,300,0.5,1700,0.5,1
11,11,125,0,0,300,0.5,1700,0.5,1
11,12,333,0,0,500,0.6,1000,0.2,1400,0.2,0
11,13,292,0,0,300,0.5,1700,0.5,1
11,14,760,1,0,500,0.6,1000,0.2,1400,0.2,1
12,0,513,1,0,300,0.5,1700,0.5,2
12,1,140,0,0,300,0.5,1700,0.5,2
12,2,15,0,0,300,0.5,1700,0.5,2
12,3,991,2,10,5,0,300,0.5,1700,0.5,1
12,4,936,2,10,5,0,500,0.6,1000,0.2,1400,0.2,2
12,5,331,0,0,500,0.6,1000,0.2,1400,0.2,2
12,6,202,2,10,5,0,300,0.5,1700,0.5,0
12,7,526,2,10,5,0,300,0.5,1700,0.5,0
12,8,903,1,0,500,0.6,1000,0.2,1400,0.2,0
12,9,211,2,10,5,0,500,0.6,1000,0.2,1400,0.2,1
12,10,957,0,0,500,0.6,1000,0.2,1400,0.2,2
12,11,665,2,10,5,0,300,0.5,1700,0.5,0
12,12,44,0,0,300,0.5,1700,0.5,0
12,13,527,1,0,500,0.6,1000,0.2,1400,0.2,1
12,14,42,2,10,5,0,300,0.5,1700,0.5,0
13,0,748,0,0,300,0.5,1700,0.5,0
13,1,353,2,10,5,0,500,0.6,1000,0.2,1400,0.2,0
13,2,304,0,0,500,0.6,1000,0.2,1400,0.2,2
13,3,407,2,10,5,0,300,0.5,1700,0.5,1
13,4,949,2,10,5,0,300,0.5,1700,0.5,0
13,5,426,0,0,500,0.6,1000,0.2,1400,0.2,1
13,6,254,2,10,5,0,300,0.5,1700,0.5,1
13,7,985,1,0,300,0.5,1700,0.5,1
13,8,858,2,10,5,0,300,0.5,1700,0.5,2
13,9,695,2,10,5,0,500,0.6,1000,0.2,1400,0.2,1
13,10,23,0,0,500,0.6,1000,0.2,1400,0.2,1
13,11,269,1,0,500,0.6,1000,0.2,1400,0.2,0
13,12,765,1,0,500,0.6,1000,0.2,1400,0.2,2
13,13,13,0,0,500,0.6,1000,0.2,1400,0.2,1
13,14,464,0,0,300,0.5,1700,0.5,0
14,0,858,2,10,5,0,300,0.5,1700,0.5,0
14,1,290,1,0,300,0.5,1700,0.5,0
14,2,994,2,10,5,0,300,0.5,1700,0.5,1
14,3,173,2,10,5,0,500,0.6,1000,0.2,1400,0.2,1
14,4,290,1,0,300,0.5,1700,0.5,1
14,5,178,0,0,300,0.5,1700,0.5,0
14,6,291,1,0,500,0.6,1000,0.2,1400,0.2,1
14,7,481,1,0,300,0.5,1700,0.5,0
14,8,345,1,0,300,0.5,1700,0.5,1
14,9,519,2,10,5,0,300,0.5,1700,0.5,2
14,10,463,0,0,300,0.5,1700,0.5,2
14,11,43,0,0,300,0.5,1700,0.5,1
14,12,381,2,10,5,0,300,0.5,1700,0.5,1
14,13,571,1,0,500,0.6,1000,0.2,1400,0.2,2
14,14,157,2,10,5,0,500,0.6,1000,0.2,1400,0.2,0
