0,0,738,1,0,300,0.5,1700,0.5,0
0,1,622,1,0,500,0.6,1000,0.2,1400,0.2,1
0,2,532,1,0,500,0.6,1000,0.2,1400,0.2,2
0,3,667,0,0,500,0.6,1000,0.2,1400,0.2,1
0,4,82,2,10,5,0,300,0.5,1700,0.5,0
0,5,242,2,10,5,0,500,0.6,1000,0.2,1400,0.2,2
0,6,454,0,0,300,0.5,1700,0.5,0
0,7,824,2,10,5,0,500,0.6,1000,0.2,1400,0.2,1
0,8,497,0,0,500,0.6,1000,0.2,1400,0.2,0
0,9,533,0,0,500,0.6,1000,0.2,1400,0.2,0
0,10,859,2,10,5,0,300,0.5,1700,0.5,2
0,11,980,2,10,5,0,300,0.5,1700,0.5,0
0,12,657,0,0,500,0.6,1000,0.2,1400,0.2,2
0,13,297,0,0,300,0.5,1700,0.5,2
0,14,143,2,10,5,0,500,0.6,1000,0.2,1400,0.2,2
1,0,332,1,0,300,0.5,1700,0.5,0
1,1,511,2,10,5,0,500,0.6,1000,0.2,1400,0.2,2
1,2,837,0,0,300,0.5,1700,0.5,0
1,3,965,0,0,500,0.6,1000,0.2,1400,0.2,2
1,4,270,2,10,5,0,300,0.5,1700,0.5,0
1,5,925,0,0,500,0.6,1000,0.2,1400,0.2,2
1,6,109,0,0,500,0.6,1000,0.2,1400,0.2,0
1,7,980,2,10,5,0,500,0.6,1000,0.2,1400,0.2,0
1,8,720,1,0,500,0.6,1000,0.2,1400,0.2,2
1,9,105,2,10,5,0,500,0.6,1000,0.2,1400,0.2,0
1,10,919,1,0,300,0.5,1700,0.5,0
1,11,920,2,10,5,0,300,0.5,1700,0.5,0
1,12,726,0,0,300,0.5,1700,0.5,0
1,13,828,2,10,5,0,500,0.6,1000,0.2,1400,0.2,2
1,14,801,0,0,500,0.6,1000,0.2,1400,0.2,0
2,0,548,0,0,500,0.6,1000,0.2,1400,0.2,2
2,1,521,2,10,5,0,300,0.5,1700,0.5,2
2,2,93,0,0,300,0.5,1700,0.5,2
2,3,182,2,10,5,0,500,0.6,1000,0.2,1400,0.2,1
2,4,562,2,10,5,0,300,0.5,1700,0.5,1
2,5,372,2,10,5,0,300,0.5,1700,0.5,1
2,6,314,1,0,300,0.5,1700,0.5,0
2,7,741,2,10,5,0,300,0.5,1700,0.5,1
2,8,650,0,0,500,0.6,1000,0.2,1400,0.2,0
2,9,165,1,0,300,0.5,1700,0.5,1
2,10,421,2,10,5,0,300,0.5,1700,0.5,0
2,11,224,1,0,300,0.5,1700,0.5,1
2,12,834,2,10,5,0,300,0.5,1700,0.5,2
2,13,613,1,0,300,0.5,1700,0.5,0
2,14,52,1,0,300,0.5,1700,0.5,1
3,0,837,2,10,5,0,500,0.6,1000,0.2,1400,0.2,2
3,1,250,0,0,300,0.5,1700,0.5,0
3,2,22,2,10,5,0,300,0.5,1700,0.5,2
3,3,903,1,0,300,0.5,1700,0.5,0
3,4,319,0,0,300,0.5,1700,0.5,1
3,5,779,0,0,500,0.6,1000,0.2,1400,0.2,0
3,6,98,2,10,5,0,500,0.6,1000,0.2,1400,0.2,0
3,7,34,2,10,5,0,500,0.6,1000,0.2,1400,0.2,1
3,8,249,1,0,300,0.5,1700,0.5,2
3,9,140,1,0,500,0.6,1000,0.2,1400,0.2,2
3,10,31,0,0,300,0.5,1700,0.5,1
3,11,496,1,0,300,0.5,1700,0.5,0
3,12,763,0,0,300,0.5,1700,0.5,2
3,13,807,0,0,300,0.5,1700,0.5,2
3,14,542,2,10,5,0,500,0.6,1000,0.2,1400,0.2,2
4,0,437,2,10,5,0,500,0.6,1000,0.2,1400,0.2,2
4,1,730,1,0,300,0.5,1700,0.5,0
4,2,521,0,0,300,0.5,1700,0.5,1
4,3,616,0,0,500,0.6,1000,0.2,1400,0.2,0
4,4,200,1,0,500,0.6,1000,0.2,1400,0.2,0
4,5,829,1,0,300,0.5,1700,0.5,2
4,6,861,2,10,5,0,500,0.6,1000,0.2,1400,0.2,2
4,7,237,2,10,5,0,300,0.5,1700,0.5,2
4,8,700,2,10,5,0,300,0.5,1700,0.5,1
4,9,735,0,0,300,0.5,1700,0.5,1
4,10,901,0,0,500,0.6,1000,0.2,1400,0.2,0
4,11,430,2,10,5,0,300,0.5,1700,0.5,1
4,12,655,2,10,5,0,500,0.6,1000,0.2,1400,0.2,1
4,13,56,0,0,300,0.5,1700,0.5,0
4,14,389,0,0,500,0.6,1000,0.2,1400,0.2,2
5,0,652,2,10,5,0,500,0.6,1000,0.2,1400,0.2,1
5,1,643,2,10,5,0,500,0.6,1000,0.2,1400,0.2,0
5,2,434,1,0,500,0.6,1000,0.2,1400,0.2,2
5,3,670,0,0,300,0.5,1700,0.5,1
5,4,343,2,10,5,0,500,0.6,1000,0.2,1400,0.2,2
5,5,613,0,0,500,0.6,1000,0.2,1400,0.2,2
5,6,605,2,10,5,0,500,0.6,1000,0.2,1400,0.2,1
5,7,508,1,0,300,0.5,1700,0.5,2
5,8,677,1,0,300,0.5,1700,0.5,0
5,9,333,0,0,300,0.5,1700,0.5,2
5,10,285,2,10,5,0,500,0.6,1000,0.2,1400,0.2,2
5,11,519,2,10,5,0,300,0.5,1700,0.5,1
5,12,907,0,0,500,0.6,1000,0.2,1400,0.2,0
5,13,897,1,0,500,0.6,1000,0.2,1400,0.2,1
5,14,239,1,0,500,0.6,1000,0.2,1400,0.2,2
6,0,556,1,0,300,0.5,1700,0.5,2
6,1,198,2,10,5,0,300,0.5,1700,0.5,0
6,2,370,0,0,300,0.5,1700,0.5,2
6,3,432,2,10,5,0,500,0.6,1000,0.2,1400,0.2,2
6,4,738,2,10,5,0,500,0.6,1000,0.2,1400,0.2,0
6,5,632,2,10,5,0,300,0.5,1700,0.5,1
6,6,122,0,0,300,0.5,1700,0.5,1
6,7,286,0,0,300,0.5,1700,0.5,2
6,8,595,1,0,300,0.5,1700,0.5,0
6,9,789,2,10,5,0,500,0.6,1000,0.2,1400,0.2,1
6,10,126,2,10,5,0,500,0.6,1000,0.2,1400,0.2,0
6,11,638,2,10,5,0,500,0.6,1000,0.2,1400,0.2,0
6,12,776,2,10,5,0,300,0.5,1700,0.5,1
6,13,218,0,0,300,0.5,1700,0.5,1
6,14,272,0,0,300,0.5,1700,0.5,0
7,0,789,1,0,300,0.5,1700,0.5,0
7,1,220,1,0,500,0.6,1000,0.2,1400,0.2,1
7,2,28,0,0,500,0.6,1000,0.2,1400,0.2,0
7,3,42,0,0,500,0.6,1000,0.2,1400,0.2,0
7,4,439,1,0,500,0.6,1000,0.2,1400,0.2,1
7,5,860,1,0,500,0.6,1000,0.2,1400,0.2,0
7,6,672,2,10,5,0,300,0.5,1700,0.5,2
7,7,314,2,10,5,0,300,0.5,1700,0.5,2
7,8,396,1,0,300,0.5,1700,0.5,2
7,9,493,0,0,500,0.6,1000,0.2,1400,0.2,1
7,10,804,1,0,300,0.5,1700,0.5,1
7,11,894,2,10,5,0,300,0.5,1700,0.5,2
7,12,146,1,0,300,0.5,1700,0.5,0
7,13,307,0,0,500,0.6,1000,0.2,1400,0.2,1
7,14,90,2,10,5,0,500,0.6,1000,0.2,1400,0.2,2
8,0,855,2,10,5,0,300,0.5,1700,0.5,1
8,1,767,1,0,500,0.6,1000,0.2,1400,0.2,1
8,2,544,0,0,500,0.6,1000,0.2,1400,0.2,2
8,3,59,0,0,300,0.5,1700,0.5,2
8,4,442,1,0,500,0.6,1000,0.2,1400,0.2,2
8,5,421,0,0,500,0.6,1000,0.2,1400,0.2,0
8,6,832,1,0,300,0.5,1700,0.5,0
8,7,297,1,0,500,0.6,1000,0.2,1400,0.2,0
8,8,868,0,0,500,0.6,1000,0.2,1400,0.2,2
8,9,773,2,10,5,0,300,0.5,1700,0.5,1
8,10,877,0,0,500,0.6,1000,0.2,1400,0.2,0
8,11,692,1,0,300,0.5,1700,0.5,2
8,12,818,1,0,500,0.6,1000,0.2,1400,0.2,1
8,13,53,0,0,500,0.6,1000,0.2,1400,0.2,2
8,14,742,2,10,5,0,300,0.5,1700,0.5,1
9,0,855,0,0,300,0.5,1700,0.5,2
9,1,955,1,0,300,0.5,1700,0.5,2
9,2,236,0,0,300,0.5,1700,0.5,0
9,3,241,1,0,300,0.5,1700,0.5,0
9,4,395,0,0,500,0.6,1000,0.2,1400,0.2,1
9,5,361,2,10,5,0,500,0.6,1000,0.2,1400,0.2,2
9,6,128,1,0,300,0.5,1700,0.5,2
9,7,529,0,0,500,0.6,1000,0.2,1400,0.2,0
9,8,415,1,0,500,0.6,1000,0.2,1400,0.2,2
9,9,380,2,10,5,0,300,0.5,1700,0.5,1
9,10,339,2,10,5,0,300,0.5,1700,0.5,0
9,11,455,0,0,300,0.5,1700,0.5,1
9,12,548,2,10,5,0,300,0.5,1700,0.5,1
9,13,647,0,0,300,0.5,1700,0.5,0
9,14,999,0,0,500,0.6,1000,0.2,1400,0.2,0
10,0,655,0,0,500,0.6,1000,0.2,1400,0.2,0
10,1,846,0,0,300,0.5,1700,0.5,1
10,2,325,2,10,5,0,300,0.5,1700,0.5,2
10,3,437,2,10,5,0,300,0.5,1700,0.5,2
10,4,957,2,10,5,0,500,0.6,1000,0.2,1400,0.2,2
10,5,186,1,0,300,0.5,1700,0.5,2
10,6,716,2,10,5,0,300,0.5,1700,0.5,0
10,7,372,0,0,300,0.5,1700,0.5,2
10,8,889,2,10,5,0,500,0.6,1000,0.2,1400,0.2,2
10,9,720,1,0,300,0.5,1700,0.5,1
10,10,900,2,10,5,0,500,0.6,1000,0.2,1400,0.2,1
10,11,950,1,0,500,0.6,1000,0.2,1400,0.2,1
10,12,910,0,0,500,0.6,1000,0.2,1400,0.2,1
10,13,413,0,0,500,0.6,1000,0.2,1400,0.2,0
10,14,949,0,0,300,0.5,1700,0.5,0
11,0,746,2,10,5,0,500,0.6,1000,0.2,1400,0.2,2
11,1,46,1,0,500,0.6,1000,0.2,1400,0.2,2
11,2,379,2,10,5,0,500,0.6,1000,0.2,1400,0.2,0
11,3,201,0,0,500,0.6,1000,0.2,1400,0.2,1
11,4,635,0,0,300,0.5,1700,0.5,2
11,5,857,0,0,300,0.5,1700,0.5,1
11,6,905,1,0,500,0.6,1000,0.2,1400,0.2,1
11,7,846,0,0,300,0.5,1700,0.5,1
11,8,261,2,10,5,0,500,0.6,1000,0.2,1400,0.2,0
11,9,289,1,0,300,0.5,1700,0.5,2
11,10,262,2,10,5,0,300,0.5,1700,0.5,1
11,11,528,0,0,500,0.6,1000,0.2,1400,0.2,2
11,12,214,1,0,300,0.5,1700,0.5,0
11,13,944,2,10,5,0,300,0.5,1700,0.5,1
11,14,900,0,0,300,0.5,1700,0.5,1
12,0,988,0,0,500,0.6,1000,0.2,1400,0.2,2
12,1,131,0,0,300,0.5,1700,0.5,2
12,2,745,2,10,5,0,300,0.5,1700,0.5,2
12,3,802,0,0,300,0.5,1700,0.5,1
12,4,544,0,0,500,0.6,1000,0.2,1400,0.2,0
12,5,554,2,10,5,0,500,0.6,1000,0.2,1400,0.2,0
12,6,52,0,0,500,0.6,1000,0.2,1400,0.2,1
12,7,352,1,0,300,0.5,1700,0.5,1
12,8,984,2,10,5,0,500,0.6,1000,0.2,1400,0.2,1
12,9,759,2,10,5,0,300,0.5,1700,0.5,1
12,10,140,0,0,300,0.5,1700,0.5,0
12,11,895,0,0,300,0.5,1700,0.5,2
12,12,33,0,0,500,0.6,1000,0.2,1400,0.2,2
12,13,445,1,0,500,0.6,1000,0.2,1400,0.2,0
12,14,629,1,0,300,0.5,1700,0.5,1
13,0,567,1,0,300,0.5,1700,0.5,0
13,1,280,0,0,300,0.5,1700,0.5,2
13,2,861,1,0,300,0.5,1700,0.5,2
13,3,82,1,0,300,0.5,1700,0.5,0
13,4,408,2,10,5,0,300,0.5,1700,0.5,1
13,5,934,0,0,500,0.6,1000,0.2,1400,0.2,0
13,6,725,0,0,300,0.5,1700,0.5,2
13,7,861,1,0,300,0.5,1700,0.5,1
13,8,963,0,0,300,0.5,1700,0.5,2
13,9,40,1,0,500,0.6,1000,0.2,1400,0.2,1
13,10,116,0,0,300,0.5,1700,0.5,2
13,11,835,1,0,300,0.5,1700,0.5,1
13,12,325,1,0,300,0.5,1700,0.5,0
13,13,711,1,0,500,0.6,1000,0.2,1400,0.2,2
13,14,656,1,0,500,0.6,1000,0.2,1400,0.2,0
14,0,226,0,0,300,0.5,1700,0.5,2
14,1,108,0,0,500,0.6,1000,0.2,1400,0.2,1
14,2,433,0,0,300,0.5,1700,0.5,0
14,3,549,0,0,500,0.6,1000,0.2,1400,0.2,2
14,4,797,1,0,500,0.6,1000,0.2,1400,0.2,2
14,5,294,1,0,500,0.6,1000,0.2,1400,0.2,1
14,6,436,1,0,500,0.6,1000,0.2,1400,0.2,0
14,7,588,1,0,300,0.5,1700,0.5,0
14,8,743,0,0,300,0.5,1700,0.5,2
14,9,979,1,0,300,0.5,1700,0.5,1
14,10,476,1,0,300,0.5,1700,0.5,2
14,11,925,1,0,500,0.6,1000,0.2,1400,0.2,0
14,12,348,1,0,500,0.6,1000,0.2,1400,0.2,1
14,13,932,1,0,300,0.5,1700,0.5,0
14,14,770,0,0,300,0.5,1700,0.5,1
