0,0,883,2,10,5,0,300,0.5,1700,0.5,2
0,1,172,1,0,300,0.5,1700,0.5,2
0,2,418,0,0,500,0.6,1000,0.2,1400,0.2,1
0,3,369,2,10,5,0,300,0.5,1700,0.5,2
0,4,845,2,10,5,0,500,0.6,1000,0.2,1400,0.2,0
0,5,404,2,10,5,0,500,0.6,1000,0.2,1400,0.2,1
0,6,650,1,0,300,0.5,1700,0.5,1
0,7,544,2,10,5,0,300,0.5,1700,0.5,0
0,8,994,2,10,5,0,500,0.6,1000,0.2,1400,0.2,2
0,9,709,0,0,500,0.6,1000,0.2,1400,0.2,2
0,10,757,0,0,300,0.5,1700,0.5,0
0,11,816,1,0,500,0.6,1000,0.2,1400,0.2,2
0,12,218,1,0,500,0.6,1000,0.2,1400,0.2,2
0,13,630,1,0,300,0.5,1700,0.5,2
0,14,411,2,10,5,0,300,0.5,1700,0.5,0
1,0,308,1,0,300,0.5,1700,0.5,0
1,1,80,2,10,5,0,500,0.6,1000,0.2,1400,0.2,1
1,2,888,2,10,5,0,500,0.6,1000,0.2,1400,0.2,2
1,3,108,0,0,300,0.5,1700,0.5,2
1,4,852,2,10,5,0,300,0.5,1700,0.5,0
1,5,399,1,0,500,0.6,1000,0.2,1400,0.2,2
1,6,760,0,0,500,0.6,1000,0.2,1400,0.2,0
1,7,824,0,0,300,0.5,1700,0.5,0
1,8,440,1,0,300,0.5,1700,0.5,2
1,9,743,2,10,5,0,300,0.5,1700,0.5,2
1,10,451,1,0,500,0.6,1000,0.2,1400,0.2,1
1,11,141,2,10,5,0,300,0.5,1700,0.5,0
1,12,493,1,0,500,0.6,1000,0.2,1400,0.2,0
1,13,554,1,0,500,0.6,1000,0.2,1400,0.2,1
1,14,71,1,0,300,0.5,1700,0.5,2
2,0,687,2,10,5,0,300,0.5,1700,0.5,1
2,1,474,1,0,500,0.6,1000,0.2,1400,0.2,2
2,2,934,2,10,5,0,500,0.6,1000,0.2,1400,0.2,1
2,3,462,1,0,300,0.5,1700,0.5,1
2,4,249,0,0,500,0.6,1000,0.2,1400,0.2,1
2,5,595,0,0,300,0.5,1700,0.5,0
2,6,871,0,0,500,0.6,1000,0.2,1400,0.2,0
2,7,168,1,0,300,0.5,1700,0.5,0
2,8,755,2,10,5,0,500,0.6,1000,0.2,1400,0.2,1
2,9,328,1,0,300,0.5,1700,0.5,1
2,10,599,2,10,5,0,500,0.6,1000,0.2,1400,0.2,2
2,11,36,1,0,500,0.6,1000,0.2,1400,0.2,1
2,12,901,0,0,300,0.5,1700,0.5,1
2,13,252,2,10,5,0,300,0.5,1700,0.5,0
2,14,491,2,10,5,0,300,0.5,1700,0.5,0
3,0,723,1,0,300,0.5,1700,0.5,1
3,1,131,0,0,500,0.6,1000,0.2,1400,0.2,1
3,2,126,2,10,5,0,500,0.6,1000,0.2,1400,0.2,2
3,3,695,0,0,300,0.5,1700,0.5,2
3,4,367,0,0,300,0.5,1700,0.5,2
3,5,709,0,0,500,0.6,1000,0.2,1400,0.2,2
3,6,993,2,10,5,0,500,0.6,1000,0.2,1400,0.2,0
3,7,884,1,0,500,0.6,1000,0.2,1400,0.2,2
3,8,852,1,0,500,0.6,1000,0.2,1400,0.2,0
3,9,724,0,0,500,0.6,1000,0.2,1400,0.2,0
3,10,671,1,0,300,0.5,1700,0.5,2
3,11,702,2,10,5,0,300,0.5,1700,0.5,0
3,12,820,1,0,300,0.5,1700,0.5,1
3,13,124,0,0,300,0.5,1700,0.5,0
3,14,381,1,0,500,0.6,1000,0.2,1400,0.2,0
4,0,93,0,0,300,0.5,1700,0.5,0
4,1,844,1,0,500,0.6,1000,0.2,1400,0.2,1
4,2,639,0,0,300,0.5,1700,0.5,1
4,3,886,2,10,5,0,500,0.6,1000,0.2,1400,0.2,0
4,4,469,1,0,500,0.6,1000,0.2,1400,0.2,2
4,5,926,2,10,5,0,500,0.6,1000,0.2,1400,0.2,1
4,6,857,1,0,300,0.5,1700,0.5,1
4,7,189,1,0,500,0.6,1000,0.2,1400,0.2,0
4,8,411,0,0,300,0.5,1700,0.5,1
4,9,380,2,10,5,0,500,0.6,1000,0.2,1400,0.2,1
4,10,872,2,10,5,0,300,0.5,1700,0.5,0
4,11,228,2,10,5,0,500,0.6,1000,0.2,1400,0.2,0
4,12,871,2,10,5,0,500,0.6,1000,0.2,1400,0.2,1
4,13,141,2,10,5,0,500,0.6,1000,0.2,1400,0.2,2
4,14,759,1,0,300,0.5,1700,0.5,1
5,0,603,2,10,5,0,300,0.5,1700,0.5,1
5,1,825,2,10,5,0,300,0.5,1700,0.5,1
5,2,721,0,0,500,0.6,1000,0.2,1400,0.2,1
5,3,338,0,0,300,0.5,1700,0.5,1
5,4,42,1,0,300,0.5,1700,0.5,0
5,5,336,2,10,5,0,300,0.5,1700,0.5,2
5,6,538,1,0,500,0.6,1000,0.2,1400,0.2,0
5,7,846,2,10,5,0,500,0.6,1000,0.2,1400,0.2,0
5,8,160,0,0,500,0.6,1000,0.2,1400,0.2,2
5,9,441,1,0,500,0.6,1000,0.2,1400,0.2,0
5,10,936,2,10,5,0,300,0.5,1700,0.5,1
5,11,859,2,10,5,0,300,0.5,1700,0.5,2
5,12,271,1,0,300,0.5,1700,0.5,0
5,13,780,2,10,5,0,500,0.6,1000,0.2,1400,0.2,1
5,14,596,2,10,5,0,500,0.6,1000,0.2,1400,0.2,0
6,0,519,0,0,500,0.6,1000,0.2,1400,0.2,2
6,1,649,1,0,300,0.5,1700,0.5,0
6,2,844,0,0,500,0.6,1000,0.2,1400,0.2,0
6,3,221,1,0,300,0.5,1700,0.5,2
6,4,828,0,0,500,0.6,1000,0.2,1400,0.2,2
6,5,922,0,0,500,0.6,1000,0.2,1400,0.2,0
6,6,754,1,0,500,0.6,1000,0.2,1400,0.2,1
6,7,252,2,10,5,0,500,0.6,1000,0.2,1400,0.2,0
6,8,805,1,0,300,0.5,1700,0.5,1
6,9,919,1,0,300,0.5,1700,0.5,1
6,10,435,2,10,5,0,500,0.6,1000,0.2,1400,0.2,0
6,11,125,1,0,300,0.5,1700,0.5,1
6,12,871,0,0,500,0.6,1000,0.2,1400,0.2,1
6,13,302,1,0,500,0.6,1000,0.2,1400,0.2,2
6,14,391,0,0,500,0.6,1000,0.2,1400,0.2,2
7,0,867,0,0,300,0.5,1700,0.5,1
7,1,120,0,0,500,0.6,1000,0.2,1400,0.2,2
7,2,657,0,0,300,0.5,1700,0.5,2
7,3,439,2,10,5,0,500,0.6,1000,0.2,1400,0.2,1
7,4,352,2,10,5,0,300,0.5,1700,0.5,2
7,5,583,0,0,500,0.6,1000,0.2,1400,0.2,0
7,6,622,1,0,500,0.6,1000,0.2,1400,0.2,1
7,7,813,2,10,5,0,300,0.5,1700,0.5,1
7,8,748,1,0,500,0.6,1000,0.2,1400,0.2,1
7,9,19,2,10,5,0,500,0.6,1000,0.2,1400,0.2,0
7,10,832,2,10,5,0,300,0.5,1700,0.5,1
7,11,77,2,10,5,0,500,0.6,1000,0.2,1400,0.2,0
7,12,937,2,10,5,0,500,0.6,1000,0.2,1400,0.2,1
7,13,954,2,10,5,0,500,0.6,1000,0.2,1400,0.2,2
7,14,814,0,0,300,0.5,1700,0.5,0
8,0,698,2,10,5,0,500,0.6,1000,0.2,1400,0.2,2
8,1,623,1,0,300,0.5,1700,0.5,1
8,2,989,0,0,500,0.6,1000,0.2,1400,0.2,0
8,3,424,0,0,300,0.5,1700,0.5,1
8,4,858,1,0,500,0.6,1000,0.2,1400,0.2,1
8,5,217,1,0,500,0.6,1000,0.2,1400,0.2,2
8,6,468,0,0,500,0.6,1000,0.2,1400,0.2,0
8,7,122,1,0,300,0.5,1700,0.5,0
8,8,403,1,0,500,0.6,1000,0.2,1400,0.2,2
8,9,840,1,0,300,0.5,1700,0.5,0
8,10,874,1,0,500,0.6,1000,0.2,1400,0.2,1
8,11,134,1,0,500,0.6,1000,0.2,1400,0.2,0
8,12,515,2,10,5,0,300,0.5,1700,0.5,1
8,13,98,0,0,300,0.5,1700,0.5,0
8,14,223,1,0,500,0.6,1000,0.2,1400,0.2,2
9,0,205,1,0,300,0.5,1700,0.5,2
9,1,598,1,0,500,0.6,1000,0.2,1400,0.2,2
9,2,271,0,0,300,0.5,1700,0.5,2
9,3,971,2,10,5,0,300,0.5,1700,0.5,2
9,4,487,2,10,5,0,500,0.6,1000,0.2,1400,0.2,0
9,5,18,2,10,5,0,500,0.6,1000,0.2,1400,0.2,2
9,6,63,0,0,300,0.5,1700,0.5,0
9,7,316,1,0,300,0.5,1700,0.5,0
9,8,981,0,0,500,0.6,1000,0.2,1400,0.2,1
9,9,30,0,0,300,0.5,1700,0.5,0
9,10,232,2,10,5,0,500,0.6,1000,0.2,1400,0.2,2
9,11,635,2,10,5,0,500,0.6,1000,0.2,1400,0.2,2
9,12,183,0,0,500,0.6,1000,0.2,1400,0.2,1
9,13,411,0,0,300,0.5,1700,0.5,2
9,14,812,0,0,500,0.6,1000,0.2,1400,0.2,0
10,0,263,0,0,300,0.5,1700,0.5,1
10,1,734,1,0,300,0.5,1700,0.5,1
10,2,46,2,10,5,0,500,0.6,1000,0.2,1400,0.2,2
10,3,108,2,10,5,0,300,0.5,1700,0.5,1
10,4,598,2,10,5,0,500,0.6,1000,0.2,1400,0.2,1
10,5,392,1,0,300,0.5,1700,0.5,0
10,6,898,1,0,300,0.5,1700,0.5,0
10,7,737,2,10,5,0,300,0.5,1700,0.5,1
10,8,727,0,0,500,0.6,1000,0.2,1400,0.2,1
10,9,963,1,0,300,0.5,1700,0.5,2
10,10,447,2,10,5,0,300,0.5,1700,0.5,1
10,11,512,1,0,500,0.6,1000,0.2,1400,0.2,2
10,12,73,2,10,5,0,300,0.5,1700,0.5,0
10,13,327,0,0,300,0.5,1700,0.5,0
10,14,741,0,0,500,0.6,1000,0.2,1400,0.2,2
11,0,153,1,0,500,0.6,1000,0.2,1400,0.2,2
11,1,274,1,0,300,0.5,1700,0.5,1
11,2,250,2,10,5,0,500,0.6,1000,0.2,1400,0.2,0
11,3,422,1,0,500,0.6,1000,0.2,1400,0.2,1
11,4,876,2,10,5,0,300,0.5,1700,0.5,2
11,5,379,0,0,500,0.6,1000,0.2,1400,0.2,2
11,6,414,2,10,5,0,300,0.5,1700,0.5,1
11,7,721,0,0,300,0.5,1700,0.5,1
11,8,162,0,0,500,0.6,1000,0.2,1400,0.2,1
11,9,278,1,0,300,0.5,1700,0.5,2
11,10,944,0,0,500,0.6,1000,0.2,1400,0.2,0
11,11,815,1,0,500,0.6,1000,0.2,1400,0.2,2
11,12,891,0,0,300,0.5,1700,0.5,0
11,13,904,1,0,300,0.5,1700,0.5,0
11,14,557,2,10,5,0,500,0.6,1000,0.2,1400,0.2,0
12,0,419,2,10,5,0,300,0.5,1700,0.5,0
12,1,410,2,10,5,0,500,0.6,1000,0.2,1400,0.2,2
12,2,624,1,0,300,0.5,1700,0.5,1
12,3,165,2,10,5,0,300,0.5,1700,0.5,1
12,4,976,0,0,500,0.6,1000,0.2,1400,0.2,2
12,5,785,2,10,5,0,300,0.5,1700,0.5,0
12,6,349,2,10,5,0,500,0.6,1000,0.2,1400,0.2,1
12,7,328,0,0,300,0.5,1700,0.5,1
12,8,794,0,0,300,0.5,1700,0.5,2
12,9,67,2,10,5,0,500,0.6,1000,0.2,1400,0.2,0
12,10,945,0,0,500,0.6,1000,0.2,1400,0.2,1
12,11,408,0,0,300,0.5,1700,0.5,1
12,12,948,2,10,5,0,300,0.5,1700,0.5,2
12,13,769,0,0,500,0.6,1000,0.2,1400,0.2,1
12,14,63,2,10,5,0,300,0.5,1700,0.5,0
13,0,698,1,0,300,0.5,1700,0.5,1
13,1,439,0,0,500,0.6,1000,0.2,1400,0.2,0
13,2,115,0,0,500,0.6,1000,0.2,1400,0.2,1
13,3,385,1,0,300,0.5,1700,0.5,0
13,4,215,2,10,5,0,300,0.5,1700,0.5,0
13,5,191,1,0,300,0.5,1700,0.5,0
13,6,778,0,0,500,0.6,1000,0.2,1400,0.2,0
13,7,958,2,10,5,0,500,0.6,1000,0.2,1400,0.2,2
13,8,812,2,10,5,0,500,0.6,1000,0.2,1400,0.2,1
13,9,46,2,10,5,0,500,0.6,1000,0.2,1400,0.2,0
13,10,166,2,10,5,0,300,0.5,1700,0.5,1
13,11,106,0,0,300,0.5,1700,0.5,2
13,12,231,0,0,300,0.5,1700,0.5,2
13,13,719,2,10,5,0,500,0.6,1000,0.2,1400,0.2,1
13,14,132,1,0,300,0.5,1700,0.5,2
14,0,541,1,0,500,0.6,1000,0.2,1400,0.2,1
14,1,554,2,10,5,0,300,0.5,1700,0.5,1
14,2,585,1,0,300,0.5,1700,0.5,2
14,3,813,2,10,5,0,300,0.5,1700,0.5,1
14,4,441,0,0,500,0.6,1000,0.2,1400,0.2,0
14,5,312,1,0,300,0.5,1700,0.5,1
14,6,773,0,0,500,0.6,1000,0.2,1400,0.2,2
14,7,217,0,0,500,0.6,1000,0.2,1400,0.2,0
14,8,428,0,0,500,0.6,1000,0.2,1400,0.2,1
14,9,276,2,10,5,0,500,0.6,1000,0.2,1400,0.2,0
14,10,55,0,0,300,0.5,1700,0.5,0
14,11,913,1,0,300,0.5,1700,0.5,2
14,12,462,1,0,500,0.6,1000,0.2,1400,0.2,1
14,13,591,1,0,500,0.6,1000,0.2,1400,0.2,2
14,14,485,1,0,300,0.5,1700,0.5,2
