0,0,796,2,10,5,0,300,0.5,1700,0.5,0
0,1,92,2,10,5,0,500,0.6,1000,0.2,1400,0.2,1
0,2,84,1,0,500,0.6,1000,0.2,1400,0.2,1
0,3,575,2,10,5,0,500,0.6,1000,0.2,1400,0.2,1
0,4,315,0,0,500,0.6,1000,0.2,1400,0.2,1
0,5,173,2,10,5,0,500,0.6,1000,0.2,1400,0.2,1
0,6,570,1,0,300,0.5,1700,0.5,2
0,7,481,1,0,300,0.5,1700,0.5,2
0,8,149,1,0,300,0.5,1700,0.5,2
0,9,788,2,10,5,0,300,0.5,1700,0.5,1
0,10,781,1,0,500,0.6,1000,0.2,1400,0.2,2
0,11,522,2,10,5,0,300,0.5,1700,0.5,2
0,12,350,0,0,500,0.6,1000,0.2,1400,0.2,0
0,13,638,1,0,300,0.5,1700,0.5,0
0,14,833,0,0,300,0.5,1700,0.5,2
1,0,894,0,0,300,0.5,1700,0.5,1
1,1,282,1,0,500,0.6,1000,0.2,1400,0.2,1
1,2,377,0,0,500,0.6,1000,0.2,1400,0.2,2
1,3,580,2,10,5,0,500,0.6,1000,0.2,1400,0.2,2
1,4,127,0,0,300,0.5,1700,0.5,2
1,5,882,1,0,300,0.5,1700,0.5,1
1,6,293,2,10,5,0,300,0.5,1700,0.5,1
1,7,742,0,0,300,0.5,1700,0.5,1
1,8,375,0,0,500,0.6,1000,0.2,1400,0.2,1
1,9,991,1,0,500,0.6,1000,0.2,1400,0.2,1
1,10,854,1,0,500,0.6,1000,0.2,1400,0.2,2
1,11,693,1,0,300,0.5,1700,0.5,0
1,12,366,0,0,300,0.5,1700,0.5,0
1,13,502,2,10,5,0,300,0.5,1700,0.5,0
1,14,772,2,10,5,0,300,0.5,1700,0.5,2
2,0,12,0,0,500,0.6,1000,0.2,1400,0.2,0
2,1,299,2,10,5,0,300,0.5,1700,0.5,0
2,2,743,0,0,300,0.5,1700,0.5,1
2,3,288,1,0,500,0.6,1000,0.2,1400,0.2,1
2,4,520,2,10,5,0,500,0.6,1000,0.2,1400,0.2,1
2,5,141,0,0,300,0.5,1700,0.5,1
2,6,155,1,0,300,0.5,1700,0.5,1
2,7,162,0,0,500,0.6,1000,0.2,1400,0.2,0
2,8,317,0,0,300,0.5,1700,0.5,0
2,9,302,1,0,500,0.6,1000,0.2,1400,0.2,1
2,10,894,2,10,5,0,300,0.5,1700,0.5,1
2,11,187,1,0,300,0.5,1700,0.5,0
2,12,373,2,10,5,0,500,0.6,1000,0.2,1400,0.2,1
2,13,594,2,10,5,0,300,0.5,1700,0.5,1
2,14,504,0,0,500,0.6,1000,0.2,1400,0.2,0
3,0,45,0,0,300,0.5,1700,0.5,1
3,1,50,0,0,300,0.5,1700,0.5,2
3,2,556,1,0,300,0.5,1700,0.5,0
3,3,795,0,0,300,0.5,1700,0.5,2
3,4,217,2,10,5,0,500,0.6,1000,0.2,1400,0.2,2
3,5,490,2,10,5,0,500,0.6,1000,0.2,1400,0.2,2
3,6,842,2,10,5,0,500,0.6,1000,0.2,1400,0.2,0
3,7,436,0,0,300,0.5,1700,0.5,2
3,8,735,0,0,500,0.6,1000,0.2,1400,0.2,1
3,9,616,2,10,5,0,300,0.5,1700,0.5,1
3,10,583,2,10,5,0,300,0.5,1700,0.5,0
3,11,980,0,0,300,0.5,1700,0.5,0
3,12,186,0,0,500,0.6,1000,0.2,1400,0.2,1
3,13,592,2,10,5,0,300,0.5,1700,0.5,2
3,14,914,2,10,5,0,300,0.5,1700,0.5,1
4,0,345,1,0,500,0.6,1000,0.2,1400,0.2,2
4,1,681,2,10,5,0,500,0.6,1000,0.2,1400,0.2,2
4,2,240,2,10,5,0,300,0.5,1700,0.5,0
4,3,774,2,10,5,0,300,0.5,1700,0.5,1
4,4,236,2,10,5,0,500,0.6,1000,0.2,1400,0.2,1
4,5,24,1,0,500,0.6,1000,0.2,1400,0.2,0
4,6,819,2,10,5,0,300,0.5,1700,0.5,2
4,7,614,1,0,300,0.5,1700,0.5,2
4,8,803,2,10,5,0,300,0.5,1700,0.5,2
4,9,398,1,0,500,0.6,1000,0.2,1400,0.2,0
4,10,194,0,0,500,0.6,1000,0.2,1400,0.2,1
4,11,741,2,10,5,0,300,0.5,1700,0.5,2
4,12,461,2,10,5,0,500,0.6,1000,0.2,1400,0.2,2
4,13,585,2,10,5,0,300,0.5,1700,0.5,1
4,14,89,0,0,300,0.5,1700,0.5,1
5,0,768,2,10,5,0,300,0.5,1700,0.5,1
5,1,937,2,10,5,0,500,0.6,1000,0.2,1400,0.2,2
5,2,672,1,0,300,0.5,1700,0.5,0
5,3,895,1,0,300,0.5,1700,0.5,1
5,4,881,0,0,300,0.5,1700,0.5,1
5,5,534,2,10,5,0,300,0.5,1700,0.5,2
5,6,682,0,0,300,0.5,1700,0.5,2
5,7,426,0,0,300,0.5,1700,0.5,0
5,8,324,1,0,300,0.5,1700,0.5,1
5,9,860,1,0,500,0.6,1000,0.2,1400,0.2,1
5,10,85,2,10,5,0,500,0.6,1000,0.2,1400,0.2,1
5,11,280,0,0,500,0.6,1000,0.2,1400,0.2,2
5,12,754,0,0,300,0.5,1700,0.5,0
5,13,670,2,10,5,0,500,0.6,1000,0.2,1400,0.2,0
5,14,905,1,0,300,0.5,1700,0.5,1
6,0,347,2,10,5,0,300,0.5,1700,0.5,2
6,1,825,2,10,5,0,300,0.5,1700,0.5,1
6,2,503,0,0,500,0.6,1000,0.2,1400,0.2,1
6,3,933,0,0,300,0.5,1700,0.5,2
6,4,163,0,0,500,0.6,1000,0.2,1400,0.2,0
6,5,917,2,10,5,0,500,0.6,1000,0.2,1400,0.2,2
6,6,66,1,0,500,0.6,1000,0.2,1400,0.2,2
6,7,752,1,0,500,0.6,1000,0.2,1400,0.2,1
6,8,11,1,0,500,0.6,1000,0.2,1400,0.2,2
6,9,930,0,0,500,0.6,1000,0.2,1400,0.2,0
6,10,78,2,10,5,0,300,0.5,1700,0.5,1
6,11,323,2,10,5,0,500,0.6,1000,0.2,1400,0.2,2
6,12,254,0,0,500,0.6,1000,0.2,1400,0.2,1
6,13,678,2,10,5,0,500,0.6,1000,0.2,1400,0.2,2
6,14,191,1,0,500,0.6,1000,0.2,1400,0.2,1
7,0,400,0,0,300,0.5,1700,0.5,0
7,1,109,1,0,300,0.5,1700,0.5,1
7,2,154,2,10,5,0,500,0.6,1000,0.2,1400,0.2,2
7,3,260,2,10,5,0,500,0.6,1000,0.2,1400,0.2,0
7,4,395,2,10,5,0,300,0.5,1700,0.5,2
7,5,377,0,0,300,0.5,1700,0.5,2
7,6,259,1,0,300,0.5,1700,0.5,2
7,7,996,0,0,300,0.5,1700,0.5,1
7,8,633,0,0,500,0.6,1000,0.2,1400,0.2,1
7,9,393,1,0,500,0.6,1000,0.2,1400,0.2,2
7,10,763,1,0,300,0.5,1700,0.5,1
7,11,846,0,0,300,0.5,1700,0.5,1
7,12,151,0,0,300,0.5,1700,0.5,1
7,13,130,0,0,500,0.6,1000,0.2,1400,0.2,1
7,14,62,2,10,5,0,500,0.6,1000,0.2,1400,0.2,0
8,0,594,1,0,500,0.6,1000,0.2,1400,0.2,2
8,1,198,1,0,300,0.5,1700,0.5,0
8,2,765,1,0,500,0.6,1000,0.2,1400,0.2,1
8,3,106,2,10,5,0,500,0.6,1000,0.2,1400,0.2,2
8,4,337,1,0,500,0.6,1000,0.2,1400,0.2,1
8,5,434,0,0,300,0.5,1700,0.5,2
8,6,783,2,10,5,0,300,0.5,1700,0.5,0
8,7,187,2,10,5,0,500,0.6,1000,0.2,1400,0.2,1
8,8,487,2,10,5,0,300,0.5,1700,0.5,0
8,9,757,0,0,300,0.5,1700,0.5,0
8,10,865,1,0,500,0.6,1000,0.2,1400,0.2,2
8,11,746,2,10,5,0,500,0.6,1000,0.2,1400,0.2,0
8,12,771,0,0,300,0.5,1700,0.5,0
8,13,468,0,0,500,0.6,1000,0.2,1400,0.2,1
8,14,96,2,10,5,0,300,0.5,1700,0.5,2
9,0,955,1,0,300,0.5,1700,0.5,1
9,1,611,0,0,300,0.5,1700,0.5,1
9,2,815,0,0,500,0.6,1000,0.2,1400,0.2,1
9,3,245,0,0,500,0.6,1000,0.2,1400,0.2,2
9,4,428,0,0,500,0.6,1000,0.2,1400,0.2,1
9,5,564,2,10,5,0,300,0.5,1700,0.5,2
9,6,450,0,0,300,0.5,1700,0.5,0
9,7,275,1,0,500,0.6,1000,0.2,1400,0.2,0
9,8,123,2,10,5,0,300,0.5,1700,0.5,1
9,9,429,2,10,5,0,500,0.6,1000,0.2,1400,0.2,0
9,10,517,2,10,5,0,500,0.6,1000,0.2,1400,0.2,2
9,11,330,2,10,5,0,500,0.6,1000,0.2,1400,0.2,0
9,12,95,0,0,500,0.6,1000,0.2,1400,0.2,2
9,13,300,0,0,300,0.5,1700,0.5,0
9,14,306,2,10,5,0,300,0.5,1700,0.5,2
10,0,303,2,10,5,0,500,0.6,1000,0.2,1400,0.2,1
10,1,664,2,10,5,0,300,0.5,1700,0.5,1
10,2,852,2,10,5,0,300,0.5,1700,0.5,1
10,3,501,1,0,300,0.5,1700,0.5,2
10,4,521,1,0,500,0.6,1000,0.2,1400,0.2,1
10,5,605,1,0,300,0.5,1700,0.5,1
10,6,965,0,0,300,0.5,1700,0.5,0
10,7,965,1,0,300,0.5,1700,0.5,0
10,8,681,1,0,500,0.6,1000,0.2,1400,0.2,2
10,9,655,2,10,5,0,500,0.6,1000,0.2,1400,0.2,1
10,10,498,2,10,5,0,300,0.5,1700,0.5,2
10,11,835,0,0,500,0.6,1000,0.2,1400,0.2,0
10,12,971,1,0,300,0.5,1700,0.5,2
10,13,972,1,0,500,0.6,1000,0.2,1400,0.2,0
10,14,783,2,10,5,0,500,0.6,1000,0.2,1400,0.2,0
11,0,479,0,0,300,0.5,1700,0.5,0
11,1,611,2,10,5,0,500,0.6,1000,0.2,1400,0.2,0
11,2,557,2,10,5,0,300,0.5,1700,0.5,2
11,3,951,0,0,300,0.5,1700,0.5,1
11,4,832,1,0,300,0.5,1700,0.5,2
11,5,322,2,10,5,0,300,0.5,1700,0.5,1
11,6,21,1,0,500,0.6,1000,0.2,1400,0.2,0
11,7,134,0,0,300,0.5,1700,0.5,0
11,8,527,2,10,5,0,300,0.5,1700,0.5,2
11,9,603,2,10,5,0,300,0.5,1700,0.5,2
11,10,898,1,0,300,0.5,1700,0.5,1
11,11,693,1,0,500,0.6,1000,0.2,1400,0.2,0
11,12,438,2,10,5,0,500,0.6,1000,0.2,1400,0.2,0
11,13,528,0,0,500,0.6,1000,0.2,1400,0.2,2
11,14,404,1,0,300,0.5,1700,0.5,0
12,0,19,0,0,500,0.6,1000,0.2,1400,0.2,2
12,1,131,2,10,5,0,300,0.5,1700,0.5,0
12,2,982,2,10,5,0,500,0.6,1000,0.2,1400,0.2,1
12,3,473,0,0,500,0.6,1000,0.2,1400,0.2,2
12,4,376,0,0,500,0.6,1000,0.2,1400,0.2,0
12,5,673,0,0,500,0.6,1000,0.2,1400,0.2,0
12,6,154,2,10,5,0,500,0.6,1000,0.2,1400,0.2,0
12,7,887,1,0,500,0.6,1000,0.2,1400,0.2,2
12,8,808,1,0,300,0.5,1700,0.5,2
12,9,88,0,0,500,0.6,1000,0.2,1400,0.2,1
12,10,203,2,10,5,0,500,0.6,1000,0.2,1400,0.2,2
12,11,782,0,0,300,0.5,1700,0.5,1
12,12,172,2,10,5,0,500,0.6,1000,0.2,1400,0.2,2
12,13,681,0,0,500,0.6,1000,0.2,1400,0.2,1
12,14,594,2,10,5,0,500,0.6,1000,0.2,1400,0.2,2
13,0,883,0,0,500,0.6,1000,0.2,1400,0.2,0
13,1,603,0,0,300,0.5,1700,0.5,0
13,2,793,2,10,5,0,500,0.6,1000,0.2,1400,0.2,0
13,3,624,0,0,500,0.6,1000,0.2,1400,0.2,1
13,4,480,1,0,300,0.5,1700,0.5,1
13,5,48,1,0,300,0.5,1700,0.5,2
13,6,167,2,10,5,0,500,0.6,1000,0.2,1400,0.2,0
13,7,87,2,10,5,0,300,0.5,1700,0.5,1
13,8,250,0,0,300,0.5,1700,0.5,1
13,9,31,1,0,300,0.5,1700,0.5,0
13,10,348,1,0,500,0.6,1000,0.2,1400,0.2,1
13,11,650,2,10,5,0,500,0.6,1000,0.2,1400,0.2,1
13,12,231,1,0,500,0.6,1000,0.2,1400,0.2,1
13,13,233,1,0,300,0.5,1700,0.5,2
13,14,84,1,0,500,0.6,1000,0.2,1400,0.2,0
14,0,477,1,0,500,0.6,1000,0.2,1400,0.2,1
14,1,577,0,0,500,0.6,1000,0.2,1400,0.2,2
14,2,320,0,0,300,0.5,1700,0.5,0
14,3,420,2,10,5,0,500,0.6,1000,0.2,1400,0.2,1
14,4,83,1,0,500,0.6,1000,0.2,1400,0.2,0
14,5,714,0,0,300,0.5,1700,0.5,2
14,6,233,0,0,300,0.5,1700,0.5,2
14,7,612,0,0,500,0.6,1000,0.2,1400,0.2,1
14,8,194,2,10,5,0,500,0.6,1000,0.2,1400,0.2,1
14,9,113,2,10,5,0,500,0.6,1000,0.2,1400,0.2,0
14,10,185,2,10,5,0,500,0.6,1000,0.2,1400,0.2,0
14,11,56,2,10,5,0,500,0.6,1000,0.2,1400,0.2,0
14,12,300,2,10,5,0,500,0.6,1000,0.2,1400,0.2,1
14,13,152,0,0,500,0.6,1000,0.2,1400,0.2,1
14,14,807,0,0,500,0.6,1000,0.2,1400,0.2,0
