0,0,621,1,0,500,0.6,1000,0.2,1400,0.2,2
0,1,136,1,0,300,0.5,1700,0.5,0
0,2,953,0,0,300,0.5,1700,0.5,1
0,3,641,2,10,5,0,300,0.5,1700,0.5,0
0,4,549,0,0,500,0.6,1000,0.2,1400,0.2,2
0,5,128,2,10,5,0,500,0.6,1000,0.2,1400,0.2,2
0,6,169,1,0,500,0.6,1000,0.2,1400,0.2,1
0,7,978,1,0,500,0.6,1000,0.2,1400,0.2,2
0,8,934,1,0,500,0.6,1000,0.2,1400,0.2,0
0,9,874,2,10,5,0,300,0.5,1700,0.5,2
0,10,964,1,0,500,0.6,1000,0.2,1400,0.2,0
0,11,843,1,0,500,0.6,1000,0.2,1400,0.2,1
0,12,770,1,0,300,0.5,1700,0.5,0
0,13,912,0,0,300,0.5,1700,0.5,2
0,14,904,0,0,500,0.6,1000,0.2,1400,0.2,1
1,0,593,1,0,500,0.6,1000,0.2,1400,0.2,1
1,1,541,0,0,300,0.5,1700,0.5,2
1,2,379,2,10,5,0,500,0.6,1000,0.2,1400,0.2,0
1,3,219,2,10,5,0,500,0.6,1000,0.2,1400,0.2,2
1,4,840,2,10,5,0,500,0.6,1000,0.2,1400,0.2,0
1,5,458,1,0,300,0.5,1700,0.5,0
1,6,480,2,10,5,0,500,0.6,1000,0.2,1400,0.2,0
1,7,640,0,0,300,0.5,1700,0.5,1
1,8,130,1,0,500,0.6,1000,0.2,1400,0.2,1
1,9,573,1,0,300,0.5,1700,0.5,2
1,10,367,1,0,300,0.5,1700,0.5,2
1,11,910,1,0,500,0.6,1000,0.2,1400,0.2,0
1,12,862,0,0,300,0.5,1700,0.5,0
1,13,258,2,10,5,0,300,0.5,1700,0.5,0
1,14,931,1,0,300,0.5,1700,0.5,0
2,0,664,2,10,5,0,300,0.5,1700,0.5,2
2,1,574,1,0,500,0.6,1000,0.2,1400,0.2,2
2,2,464,0,0,500,0.6,1000,0.2,1400,0.2,0
2,3,368,2,10,5,0,300,0.5,1700,0.5,0
2,4,794,1,0,500,0.6,1000,0.2,1400,0.2,0
2,5,625,2,10,5,0,300,0.5,1700,0.5,2
2,6,566,1,0,500,0.6,1000,0.2,1400,0.2,0
2,7,347,1,0,300,0.5,1700,0.5,1
2,8,746,0,0,500,0.6,1000,0.2,1400,0.2,0
2,9,922,2,10,5,0,300,0.5,1700,0.5,0
2,10,36,1,0,300,0.5,1700,0.5,2
2,11,46,2,10,5,0,300,0.5,1700,0.5,2
2,12,347,1,0,500,0.6,1000,0.2,1400,0.2,0
2,13,696,0,0,300,0.5,1700,0.5,2
2,14,30,1,0,500,0.6,1000,0.2,1400,0.2,0
3,0,840,1,0,300,0.5,1700,0.5,1
3,1,449,1,0,500,0.6,1000,0.2,1400,0.2,2
3,2,671,0,0,500,0.6,1000,0.2,1400,0.2,1
3,3,939,0,0,300,0.5,1700,0.5,1
3,4,560,2,10,5,0,300,0.5,1700,0.5,0
3,5,840,0,0,500,0.6,1000,0.2,1400,0.2,0
3,6,946,2,10,5,0,500,0.6,1000,0.2,1400,0.2,1
3,7,747,1,0,500,0.6,1000,0.2,1400,0.2,2
3,8,970,0,0,500,0.6,1000,0.2,1400,0.2,2
3,9,770,1,0,300,0.5,1700,0.5,1
3,10,317,2,10,5,0,300,0.5,1700,0.5,1
3,11,284,0,0,500,0.6,1000,0.2,1400,0.2,2
3,12,326,1,0,500,0.6,1000,0.2,1400,0.2,2
3,13,581,0,0,300,0.5,1700,0.5,1
3,14,967,2,10,5,0,300,0.5,1700,0.5,0
4,0,499,0,0,300,0.5,1700,0.5,2
4,1,154,0,0,300,0.5,1700,0.5,0
4,2,558,2,10,5,0,500,0.6,1000,0.2,1400,0.2,1
4,3,63,2,10,5,0,500,0.6,1000,0.2,1400,0.2,1
4,4,698,0,0,300,0.5,1700,0.5,0
4,5,892,0,0,300,0.5,1700,0.5,2
4,6,401,0,0,300,0.5,1700,0.5,2
4,7,745,1,0,300,0.5,1700,0.5,2
4,8,976,0,0,500,0.6,1000,0.2,1400,0.2,0
4,9,161,2,10,5,0,500,0.6,1000,0.2,1400,0.2,2
4,10,988,0,0,300,0.5,1700,0.5,2
4,11,515,2,10,5,0,500,0.6,1000,0.2,1400,0.2,2
4,12,999,2,10,5,0,300,0.5,1700,0.5,0
4,13,325,1,0,300,0.5,1700,0.5,2
4,14,350,0,0,300,0.5,1700,0.5,0
5,0,799,0,0,300,0.5,1700,0.5,0
5,1,299,0,0,300,0.5,1700,0.5,2
5,2,614,0,0,500,0.6,1000,0.2,1400,0.2,2
5,3,751,1,0,300,0.5,1700,0.5,1
5,4,879,1,0,500,0.6,1000,0.2,1400,0.2,1
5,5,878,2,10,5,0,500,0.6,1000,0.2,1400,0.2,0
5,6,49,1,0,300,0.5,1700,0.5,1
5,7,583,2,10,5,0,300,0.5,1700,0.5,2
5,8,923,2,10,5,0,500,0.6,1000,0.2,1400,0.2,1
5,9,80,1,0,500,0.6,1000,0.2,1400,0.2,2
5,10,27,0,0,300,0.5,1700,0.5,0
5,11,421,2,10,5,0,500,0.6,1000,0.2,1400,0.2,0
5,12,311,0,0,500,0.6,1000,0.2,1400,0.2,2
5,13,549,1,0,300,0.5,1700,0.5,1
5,14,673,0,0,300,0.5,1700,0.5,2
6,0,668,2,10,5,0,300,0.5,1700,0.5,2
6,1,167,1,0,300,0.5,1700,0.5,1
6,2,86,1,0,500,0.6,1000,0.2,1400,0.2,1
6,3,426,1,0,500,0.6,1000,0.2,1400,0.2,0
6,4,620,1,0,300,0.5,1700,0.5,2
6,5,992,1,0,300,0.5,1700,0.5,0
6,6,630,0,0,500,0.6,1000,0.2,1400,0.2,0
6,7,854,2,10,5,0,500,0.6,1000,0.2,1400,0.2,1
6,8,695,1,0,300,0.5,1700,0.5,2
6,9,815,1,0,500,0.6,1000,0.2,1400,0.2,1
6,10,602,1,0,500,0.6,1000,0.2,1400,0.2,0
6,11,117,1,0,500,0.6,1000,0.2,1400,0.2,1
6,12,153,1,0,300,0.5,1700,0.5,0
6,13,630,2,10,5,0,500,0.6,1000,0.2,1400,0.2,0
6,14,585,1,0,500,0.6,1000,0.2,1400,0.2,1
7,0,956,2,10,5,0,300,0.5,1700,0.5,2
7,1,147,0,0,500,0.6,1000,0.2,1400,0.2,2
7,2,651,0,0,500,0.6,1000,0.2,1400,0.2,2
7,3,383,2,10,5,0,300,0.5,1700,0.5,1
7,4,340,1,0,500,0.6,1000,0.2,1400,0.2,1
7,5,865,2,10,5,0,500,0.6,1000,0.2,1400,0.2,2
7,6,982,2,10,5,0,300,0.5,1700,0.5,1
7,7,249,0,0,300,0.5,1700,0.5,2
7,8,892,1,0,500,0.6,1000,0.2,1400,0.2,0
7,9,453,2,10,5,0,500,0.6,1000,0.2,1400,0.2,2
7,10,303,2,10,5,0,500,0.6,1000,0.2,1400,0.2,1
7,11,767,0,0,500,0.6,1000,0.2,1400,0.2,2
7,12,87,0,0,300,0.5,1700,0.5,2
7,13,712,0,0,500,0.6,1000,0.2,1400,0.2,0
7,14,203,0,0,300,0.5,1700,0.5,0
8,0,907,0,0,500,0.6,1000,0.2,1400,0.2,0
8,1,417,1,0,300,0.5,1700,0.5,0
8,2,885,2,10,5,0,300,0.5,1700,0.5,0
8,3,645,0,0,500,0.6,1000,0.2,1400,0.2,0
8,4,600,0,0,500,0.6,1000,0.2,1400,0.2,1
8,5,867,0,0,500,0.6,1000,0.2,1400,0.2,1
8,6,242,0,0,500,0.6,1000,0.2,1400,0.2,0
8,7,695,2,10,5,0,500,0.6,1000,0.2,1400,0.2,1
8,8,823,1,0,300,0.5,1700,0.5,2
8,9,696,1,0,500,0.6,1000,0.2,1400,0.2,0
8,10,536,2,10,5,0,500,0.6,1000,0.2,1400,0.2,0
8,11,719,2,10,5,0,300,0.5,1700,0.5,2
8,12,159,0,0,500,0.6,1000,0.2,1400,0.2,0
8,13,355,0,0,500,0.6,1000,0.2,1400,0.2,0
8,14,245,0,0,500,0.6,1000,0.2,1400,0.2,0
9,0,820,0,0,300,0.5,1700,0.5,1
9,1,541,0,0,500,0.6,1000,0.2,1400,0.2,2
9,2,141,1,0,300,0.5,1700,0.5,1
9,3,165,0,0,300,0.5,1700,0.5,0
9,4,550,0,0,500,0.6,1000,0.2,1400,0.2,1
9,5,159,0,0,300,0.5,1700,0.5,0
9,6,124,2,10,5,0,500,0.6,1000,0.2,1400,0.2,2
9,7,520,1,0,500,0.6,1000,0.2,1400,0.2,0
9,8,373,1,0,500,0.6,1000,0.2,1400,0.2,2
9,9,946,2,10,5,0,300,0.5,1700,0.5,0
9,10,313,1,0,500,0.6,1000,0.2,1400,0.2,0
9,11,459,1,0,500,0.6,1000,0.2,1400,0.2,2
9,12,353,2,10,5,0,300,0.5,1700,0.5,2
9,13,727,2,10,5,0,500,0.6,1000,0.2,1400,0.2,0
9,14,869,0,0,500,0.6,1000,0.2,1400,0.2,0
10,0,795,1,0,300,0.5,1700,0.5,0
10,1,69,0,0,500,0.6,1000,0.2,1400,0.2,2
10,2,724,1,0,300,0.5,1700,0.5,1
10,3,106,1,0,300,0.5,1700,0.5,1
10,4,123,2,10,5,0,300,0.5,1700,0.5,0
10,5,806,2,10,5,0,500,0.6,1000,0.2,1400,0.2,2
10,6,358,1,0,500,0.6,1000,0.2,1400,0.2,2
10,7,733,1,0,300,0.5,1700,0.5,1
10,8,846,1,0,500,0.6,1000,0.2,1400,0.2,1
10,9,593,2,10,5,0,500,0.6,1000,0.2,1400,0.2,1
10,10,980,0,0,300,0.5,1700,0.5,1
10,11,17,1,0,300,0.5,1700,0.5,2
10,12,461,1,0,500,0.6,1000,0.2,1400,0.2,0
10,13,259,2,10,5,0,300,0.5,1700,0.5,2
10,14,223,1,0,500,0.6,1000,0.2,1400,0.2,1
11,0,396,0,0,300,0.5,1700,0.5,1
11,1,229,2,10,5,0,300,0.5,1700,0.5,0
11,2,402,2,10,5,0,500,0.6,1000,0.2,1400,0.2,0
11,3,44,0,0,300,0.5,1700,0.5,0
11,4,394,1,0,500,0.6,1000,0.2,1400,0.2,2
11,5,204,1,0,300,0.5,1700,0.5,1
11,6,331,1,0,300,0.5,1700,0.5,2
11,7,407,2,10,5,0,300,0.5,1700,0.5,0
11,8,920,2,10,5,0,500,0.6,1000,0.2,1400,0.2,0
11,9,96,2,10,5,0,300,0.5,1700,0.5,1
11,10,331,1,0,500,0.6,1000,0.2,1400,0.2,2
11,11,249,0,0,300,0.5,1700,0.5,1
11,12,499,2,10,5,0,500,0.6,1000,0.2,1400,0.2,2
11,13,668,2,10,5,0,500,0.6,1000,0.2,1400,0.2,2
11,14,341,0,0,300,0.5,1700,0.5,0
12,0,416,2,10,5,0,500,0.6,1000,0.2,1400,0.2,1
12,1,682,0,0,500,0.6,1000,0.2,1400,0.2,0
12,2,554,2,10,5,0,500,0.6,1000,0.2,1400,0.2,2
12,3,180,1,0,300,0.5,1700,0.5,0
12,4,899,1,0,500,0.6,1000,0.2,1400,0.2,2
12,5,68,1,0,500,0.6,1000,0.2,1400,0.2,2
12,6,859,0,0,300,0.5,1700,0.5,1
12,7,326,2,10,5,0,300,0.5,1700,0.5,1
12,8,914,2,10,5,0,300,0.5,1700,0.5,0
12,9,114,1,0,300,0.5,1700,0.5,2
12,10,625,0,0,300,0.5,1700,0.5,2
12,11,682,2,10,5,0,300,0.5,1700,0.5,0
12,12,484,0,0,300,0.5,1700,0.5,0
12,13,401,1,0,300,0.5,1700,0.5,2
12,14,702,2,10,5,0,500,0.6,1000,0.2,1400,0.2,1
13,0,181,2,10,5,0,300,0.5,1700,0.5,1
13,1,379,2,10,5,0,300,0.5,1700,0.5,2
13,2,121,2,10,5,0,300,0.5,1700,0.5,0
13,3,567,1,0,500,0.6,1000,0.2,1400,0.2,0
13,4,775,0,0,300,0.5,1700,0.5,1
13,5,986,2,10,5,0,500,0.6,1000,0.2,1400,0.2,2
13,6,408,0,0,300,0.5,1700,0.5,0
13,7,853,2,10,5,0,500,0.6,1000,0.2,1400,0.2,1
13,8,597,0,0,500,0.6,1000,0.2,1400,0.2,0
13,9,277,0,0,500,0.6,1000,0.2,1400,0.2,2
13,10,182,1,0,300,0.5,1700,0.5,1
13,11,984,1,0,300,0.5,1700,0.5,0
13,12,839,2,10,5,0,300,0.5,1700,0.5,1
13,13,929,1,0,500,0.6,1000,0.2,1400,0.2,2
13,14,361,2,10,5,0,500,0.6,1000,0.2,1400,0.2,2
14,0,908,0,0,300,0.5,1700,0.5,2
14,1,330,1,0,500,0.6,1000,0.2,1400,0.2,0
14,2,896,2,10,5,0,300,0.5,1700,0.5,2
14,3,635,1,0,300,0.5,1700,0.5,2
14,4,611,0,0,300,0.5,1700,0.5,2
14,5,78,1,0,300,0.5,1700,0.5,1
14,6,168,2,10,5,0,300,0.5,1700,0.5,0
14,7,231,0,0,500,0.6,1000,0.2,1400,0.2,1
14,8,867,2,10,5,0,500,0.6,1000,0.2,1400,0.2,1
14,9,154,2,10,5,0,300,0.5,1700,0.5,0
14,10,263,0,0,300,0.5,1700,0.5,2
14,11,567,0,0,500,0.6,1000,0.2,1400,0.2,0
14,12,678,2,10,5,0,300,0.5,1700,0.5,0
14,13,791,2,10,5,0,300,0.5,1700,0.5,0
14,14,811,0,0,300,0.5,1700,0.5,0
