0,0,602,1,0,300,0.5,1700,0.5,2
0,1,891,2,10,5,0,300,0.5,1700,0.5,0
0,2,810,0,0,500,0.6,1000,0.2,1400,0.2,1
0,3,324,0,0,500,0.6,1000,0.2,1400,0.2,1
0,4,1000,2,10,5,0,300,0.5,1700,0.5,2
0,5,869,2,10,5,0,300,0.5,1700,0.5,0
0,6,534,0,0,500,0.6,1000,0.2,1400,0.2,0
0,7,749,1,0,300,0.5,1700,0.5,2
0,8,203,1,0,500,0.6,1000,0.2,1400,0.2,2
0,9,627,0,0,500,0.6,1000,0.2,1400,0.2,2
0,10,628,1,0,500,0.6,1000,0.2,1400,0.2,0
0,11,484,2,10,5,0,500,0.6,1000,0.2,1400,0.2,0
0,12,955,0,0,500,0.6,1000,0.2,1400,0.2,2
0,13,359,2,10,5,0,300,0.5,1700,0.5,2
0,14,204,2,10,5,0,300,0.5,1700,0.5,1
1,0,474,1,0,300,0.5,1700,0.5,2
1,1,94,2,10,5,0,500,0.6,1000,0.2,1400,0.2,0
1,2,461,1,0,500,0.6,1000,0.2,1400,0.2,1
1,3,959,0,0,300,0.5,1700,0.5,1
1,4,535,1,0,500,0.6,1000,0.2,1400,0.2,2
1,5,139,0,0,300,0.5,1700,0.5,0
1,6,481,2,10,5,0,500,0.6,1000,0.2,1400,0.2,2
1,7,771,2,10,5,0,500,0.6,1000,0.2,1400,0.2,1
1,8,285,0,0,500,0.6,1000,0.2,1400,0.2,0
1,9,229,2,10,5,0,300,0.5,1700,0.5,1
1,10,619,1,0,300,0.5,1700,0.5,2
1,11,972,2,10,5,0,500,0.6,1000,0.2,1400,0.2,2
1,12,212,2,10,5,0,300,0.5,1700,0.5,0
1,13,793,1,0,500,0.6,1000,0.2,1400,0.2,1
1,14,111,2,10,5,0,500,0.6,1000,0.2,1400,0.2,0
2,0,808,0,0,300,0.5,1700,0.5,1
2,1,674,2,10,5,0,500,0.6,1000,0.2,1400,0.2,1
2,2,931,2,10,5,0,500,0.6,1000,0.2,1400,0.2,2
2,3,685,0,0,500,0.6,1000,0.2,1400,0.2,0
2,4,926,0,0,500,0.6,1000,0.2,1400,0.2,2
2,5,147,1,0,300,0.5,1700,0.5,1
2,6,466,1,0,500,0.6,1000,0.2,1400,0.2,2
2,7,978,1,0,300,0.5,1700,0.5,2
2,8,882,0,0,300,0.5,1700,0.5,1
2,9,919,0,0,300,0.5,1700,0.5,0
2,10,713,2,10,5,0,500,0.6,1000,0.2,1400,0.2,2
2,11,166,2,10,5,0,300,0.5,1700,0.5,0
2,12,892,2,10,5,0,500,0.6,1000,0.2,1400,0.2,1
2,13,392,0,0,300,0.5,1700,0.5,1
2,14,896,0,0,500,0.6,1000,0.2,1400,0.2,1
3,0,431,1,0,300,0.5,1700,0.5,0
3,1,431,1,0,500,0.6,1000,0.2,1400,0.2,0
3,2,99,1,0,500,0.6,1000,0.2,1400,0.2,1
3,3,690,1,0,500,0.6,1000,0.2,1400,0.2,0
3,4,938,2,10,5,0,300,0.5,1700,0.5,0
3,5,598,0,0,300,0.5,1700,0.5,0
3,6,337,2,10,5,0,500,0.6,1000,0.2,1400,0.2,1
3,7,834,0,0,300,0.5,1700,0.5,0
3,8,137,0,0,500,0.6,1000,0.2,1400,0.2,0
3,9,763,2,10,5,0,500,0.6,1000,0.2,1400,0.2,2
3,10,858,1,0,300,0.5,1700,0.5,1
3,11,17,1,0,300,0.5,1700,0.5,0
3,12,656,2,10,5,0,300,0.5,1700,0.5,1
3,13,396,1,0,300,0.5,1700,0.5,2
3,14,736,2,10,5,0,500,0.6,1000,0.2,1400,0.2,2
4,0,245,0,0,500,0.6,1000,0.2,1400,0.2,0
4,1,904,1,0,300,0.5,1700,0.5,1
4,2,283,1,0,300,0.5,1700,0.5,2
4,3,903,1,0,500,0.6,1000,0.2,1400,0.2,1
4,4,296,2,10,5,0,500,0.6,1000,0.2,1400,0.2,1
4,5,191,0,0,300,0.5,1700,0.5,2
4,6,98,1,0,300,0.5,1700,0.5,2
4,7,106,2,10,5,0,500,0.6,1000,0.2,1400,0.2,0
4,8,732,1,0,300,0.5,1700,0.5,1
4,9,873,1,0,300,0.5,1700,0.5,0
4,10,323,2,10,5,0,500,0.6,1000,0.2,1400,0.2,2
4,11,192,1,0,500,0.6,1000,0.2,1400,0.2,0
4,12,909,1,0,300,0.5,1700,0.5,2
4,13,876,2,10,5,0,500,0.6,1000,0.2,1400,0.2,0
4,14,281,1,0,300,0.5,1700,0.5,1
5,0,154,0,0,300,0.5,1700,0.5,2
5,1,991,0,0,500,0.6,1000,0.2,1400,0.2,2
5,2,121,0,0,500,0.6,1000,0.2,1400,0.2,1
5,3,518,2,10,5,0,300,0.5,1700,0.5,0
5,4,390,2,10,5,0,300,0.5,1700,0.5,0
5,5,797,1,0,500,0.6,1000,0.2,1400,0.2,0
5,6,342,1,0,300,0.5,1700,0.5,1
5,7,769,1,0,500,0.6,1000,0.2,1400,0.2,1
5,8,775,0,0,500,0.6,1000,0.2,1400,0.2,2
5,9,52,0,0,300,0.5,1700,0.5,0
5,10,992,2,10,5,0,300,0.5,1700,0.5,2
5,11,72,2,10,5,0,300,0.5,1700,0.5,1
5,12,173,1,0,500,0.6,1000,0.2,1400,0.2,1
5,13,440,1,0,300,0.5,1700,0.5,0
5,14,956,0,0,500,0.6,1000,0.2,1400,0.2,2
6,0,664,2,10,5,0,300,0.5,1700,0.5,1
6,1,410,2,10,5,0,300,0.5,1700,0.5,0
6,2,950,1,0,500,0.6,1000,0.2,1400,0.2,0
6,3,393,1,0,500,0.6,1000,0.2,1400,0.2,0
6,4,292,2,10,5,0,500,0.6,1000,0.2,1400,0.2,1
6,5,180,2,10,5,0,300,0.5,1700,0.5,1
6,6,12,1,0,300,0.5,1700,0.5,1
6,7,954,2,10,5,0,500,0.6,1000,0.2,1400,0.2,0
6,8,192,0,0,300,0.5,1700,0.5,0
6,9,209,0,0,500,0.6,1000,0.2,1400,0.2,2
6,10,853,0,0,500,0.6,1000,0.2,1400,0.2,2
6,11,739,2,10,5,0,500,0.6,1000,0.2,1400,0.2,0
6,12,940,1,0,500,0.6,1000,0.2,1400,0.2,1
6,13,719,0,0,500,0.6,1000,0.2,1400,0.2,1
6,14,803,0,0,500,0.6,1000,0.2,1400,0.2,0
7,0,333,0,0,300,0.5,1700,0.5,1
7,1,132,1,0,500,0.6,1000,0.2,1400,0.2,2
7,2,121,2,10,5,0,500,0.6,1000,0.2,1400,0.2,1
7,3,119,1,0,300,0.5,1700,0.5,2
7,4,769,1,0,500,0.6,1000,0.2,1400,0.2,2
7,5,685,1,0,500,0.6,1000,0.2,1400,0.2,1
7,6,392,2,10,5,0,300,0.5,1700,0.5,0
7,7,517,1,0,300,0.5,1700,0.5,1
7,8,634,1,0,300,0.5,1700,0.5,1
7,9,637,2,10,5,0,300,0.5,1700,0.5,1
7,10,867,1,0,500,0.6,1000,0.2,1400,0.2,0
7,11,259,0,0,300,0.5,1700,0.5,0
7,12,977,2,10,5,0,500,0.6,1000,0.2,1400,0.2,1
7,13,652,1,0,500,0.6,1000,0.2,1400,0.2,2
7,14,469,0,0,500,0.6,1000,0.2,1400,0.2,2
8,0,247,1,0,300,0.5,1700,0.5,1
8,1,200,0,0,300,0.5,1700,0.5,1
8,2,169,0,0,300,0.5,1700,0.5,0
8,3,819,0,0,300,0.5,1700,0.5,2
8,4,753,2,10,5,0,300,0.5,1700,0.5,2
8,5,905,1,0,300,0.5,1700,0.5,1
8,6,496,2,10,5,0,500,0.6,1000,0.2,1400,0.2,2
8,7,427,2,10,5,0,300,0.5,1700,0.5,2
8,8,188,1,0,500,0.6,1000,0.2,1400,0.2,1
8,9,593,0,0,300,0.5,1700,0.5,0
8,10,384,1,0,500,0.6,1000,0.2,1400,0.2,0
8,11,968,2,10,5,0,300,0.5,1700,0.5,0
8,12,998,1,0,300,0.5,1700,0.5,2
8,13,442,0,0,500,0.6,1000,0.2,1400,0.2,1
8,14,743,0,0,300,0.5,1700,0.5,0
9,0,268,0,0,500,0.6,1000,0.2,1400,0.2,1
9,1,957,2,10,5,0,500,0.6,1000,0.2,1400,0.2,0
9,2,951,2,10,5,0,300,0.5,1700,0.5,2
9,3,759,0,0,500,0.6,1000,0.2,1400,0.2,1
9,4,453,0,0,300,0.5,1700,0.5,0
9,5,201,1,0,500,0.6,1000,0.2,1400,0.2,1
9,6,932,2,10,5,0,300,0.5,1700,0.5,0
9,7,856,0,0,300,0.5,1700,0.5,2
9,8,669,2,10,5,0,300,0.5,1700,0.5,1
9,9,315,2,10,5,0,500,0.6,1000,0.2,1400,0.2,1
9,10,55,2,10,5,0,300,0.5,1700,0.5,1
9,11,324,1,0,500,0.6,1000,0.2,1400,0.2,2
9,12,948,2,10,5,0,300,0.5,1700,0.5,1
9,13,684,2,10,5,0,300,0.5,1700,0.5,1
9,14,283,1,0,500,0.6,1000,0.2,1400,0.2,0
10,0,826,2,10,5,0,300,0.5,1700,0.5,0
10,1,605,1,0,500,0.6,1000,0.2,1400,0.2,2
10,2,172,2,10,5,0,500,0.6,1000,0.2,1400,0.2,0
10,3,160,0,0,300,0.5,1700,0.5,1
10,4,775,0,0,500,0.6,1000,0.2,1400,0.2,2
10,5,775,1,0,500,0.6,1000,0.2,1400,0.2,0
10,6,910,0,0,500,0.6,1000,0.2,1400,0.2,2
10,7,452,2,10,5,0,300,0.5,1700,0.5,0
10,8,169,1,0,300,0.5,1700,0.5,2
10,9,212,1,0,500,0.6,1000,0.2,1400,0.2,1
10,10,60,2,10,5,0,300,0.5,1700,0.5,1
10,11,303,1,0,300,0.5,1700,0.5,1
10,12,789,1,0,500,0.6,1000,0.2,1400,0.2,0
10,13,310,0,0,500,0.6,1000,0.2,1400,0.2,0
10,14,837,2,10,5,0,300,0.5,1700,0.5,0
11,0,927,0,0,500,0.6,1000,0.2,1400,0.2,1
11,1,44,1,0,500,0.6,1000,0.2,1400,0.2,2
11,2,170,0,0,300,0.5,1700,0.5,0
11,3,215,2,10,5,0,300,0.5,1700,0.5,1
11,4,729,0,0,500,0.6,1000,0.2,1400,0.2,0
11,5,400,2,10,5,0,500,0.6,1000,0.2,1400,0.2,0
11,6,325,1,0,500,0.6,1000,0.2,1400,0.2,2
11,7,641,0,0,500,0.6,1000,0.2,1400,0.2,0
11,8,853,0,0,500,0.6,1000,0.2,1400,0.2,1
11,9,652,0,0,500,0.6,1000,0.2,1400,0.2,1
11,10,959,1,0,300,0.5,1700,0.5,2
11,11,491,0,0,500,0.6,1000,0.2,1400,0.2,2
11,12,621,1,0,300,0.5,1700,0.5,2
11,13,848,0,0,300,0.5,1700,0.5,1
11,14,988,2,10,5,0,500,0.6,1000,0.2,1400,0.2,1
12,0,613,0,0,300,0.5,1700,0.5,2
12,1,211,1,0,500,0.6,1000,0.2,1400,0.2,2
12,2,356,0,0,500,0.6,1000,0.2,1400,0.2,1
12,3,846,2,10,5,0,300,0.5,1700,0.5,0
12,4,962,1,0,500,0.6,1000,0.2,1400,0.2,0
12,5,323,0,0,500,0.6,1000,0.2,1400,0.2,1
12,6,879,0,0,300,0.5,1700,0.5,2
12,7,781,2,10,5,0,500,0.6,1000,0.2,1400,0.2,2
12,8,616,2,10,5,0,500,0.6,1000,0.2,1400,0.2,1
12,9,99,2,10,5,0,300,0.5,1700,0.5,0
12,10,211,2,10,5,0,300,0.5,1700,0.5,0
12,11,821,2,10,5,0,300,0.5,1700,0.5,1
12,12,139,2,10,5,0,300,0.5,1700,0.5,0
12,13,541,0,0,500,0.6,1000,0.2,1400,0.2,1
12,14,36,1,0,300,0.5,1700,0.5,0
13,0,394,1,0,300,0.5,1700,0.5,0
13,1,546,0,0,300,0.5,1700,0.5,1
13,2,601,0,0,300,0.5,1700,0.5,1
13,3,676,1,0,500,0.6,1000,0.2,1400,0.2,1
13,4,90,2,10,5,0,500,0.6,1000,0.2,1400,0.2,2
13,5,613,0,0,500,0.6,1000,0.2,1400,0.2,0
13,6,653,2,10,5,0,300,0.5,1700,0.5,0
13,7,778,1,0,500,0.6,1000,0.2,1400,0.2,0
13,8,329,0,0,300,0.5,1700,0.5,2
13,9,95,0,0,300,0.5,1700,0.5,1
13,10,710,0,0,500,0.6,1000,0.2,1400,0.2,0
13,11,889,1,0,500,0.6,1000,0.2,1400,0.2,2
13,12,137,2,10,5,0,500,0.6,1000,0.2,1400,0.2,1
13,13,935,0,0,500,0.6,1000,0.2,1400,0.2,2
13,14,52,2,10,5,0,300,0.5,1700,0.5,2
14,0,516,2,10,5,0,300,0.5,1700,0.5,1
14,1,385,2,10,5,0,500,0.6,1000,0.2,1400,0.2,2
14,2,650,1,0,300,0.5,1700,0.5,1
14,3,128,0,0,500,0.6,1000,0.2,1400,0.2,2
14,4,255,2,10,5,0,500,0.6,1000,0.2,1400,0.2,2
14,5,537,1,0,300,0.5,1700,0.5,1
14,6,87,1,0,500,0.6,1000,0.2,1400,0.2,1
14,7,695,0,0,500,0.6,1000,0.2,1400,0.2,2
14,8,931,0,0,500,0.6,1000,0.2,1400,0.2,0
14,9,557,2,10,5,0,300,0.5,1700,0.5,2
14,10,156,2,10,5,0,300,0.5,1700,0.5,2
14,11,729,0,0,300,0.5,1700,0.5,0
14,12,647,0,0,500,0.6,1000,0.2,1400,0.2,2
14,13,292,1,0,500,0.6,1000,0.2,1400,0.2,0
14,14,150,2,10,5,0,300,0.5,1700,0.5,0
