0,0,570,0,0,300,0.5,1700,0.5,0
0,1,976,0,0,500,0.6,1000,0.2,1400,0.2,1
0,2,106,0,0,500,0.6,1000,0.2,1400,0.2,2
0,3,339,1,0,500,0.6,1000,0.2,1400,0.2,2
0,4,148,1,0,500,0.6,1000,0.2,1400,0.2,1
0,5,42,1,0,300,0.5,1700,0.5,0
0,6,112,1,0,300,0.5,1700,0.5,0
0,7,424,1,0,500,0.6,1000,0.2,1400,0.2,0
0,8,522,2,10,5,0,500,0.6,1000,0.2,1400,0.2,0
0,9,432,0,0,300,0.5,1700,0.5,1
0,10,18,0,0,300,0.5,1700,0.5,1
0,11,60,0,0,300,0.5,1700,0.5,1
0,12,736,1,0,500,0.6,1000,0.2,1400,0.2,2
0,13,657,0,0,500,0.6,1000,0.2,1400,0.2,0
0,14,91,0,0,300,0.5,1700,0.5,0
1,0,181,2,10,5,0,500,0.6,1000,0.2,1400,0.2,1
1,1,741,2,10,5,0,300,0.5,1700,0.5,2
1,2,625,1,0,500,0.6,1000,0.2,1400,0.2,0
1,3,64,1,0,500,0.6,1000,0.2,1400,0.2,0
1,4,457,0,0,300,0.5,1700,0.5,1
1,5,205,1,0,500,0.6,1000,0.2,1400,0.2,1
1,6,562,2,10,5,0,500,0.6,1000,0.2,1400,0.2,0
1,7,171,1,0,500,0.6,1000,0.2,1400,0.2,1
1,8,435,2,10,5,0,300,0.5,1700,0.5,1
1,9,979,0,0,500,0.6,1000,0.2,1400,0.2,2
1,10,657,1,0,300,0.5,1700,0.5,0
1,11,958,1,0,500,0.6,1000,0.2,1400,0.2,1
1,12,213,2,10,5,0,300,0.5,1700,0.5,0
1,13,689,0,0,300,0.5,1700,0.5,0
1,14,380,2,10,5,0,500,0.6,1000,0.2,1400,0.2,1
2,0,306,2,10,5,0,300,0.5,1700,0.5,1
2,1,880,2,10,5,0,500,0.6,1000,0.2,1400,0.2,0
2,2,466,0,0,300,0.5,1700,0.5,2
2,3,759,2,10,5,0,300,0.5,1700,0.5,2
2,4,583,2,10,5,0,500,0.6,1000,0.2,1400,0.2,0
2,5,655,0,0,300,0.5,1700,0.5,2
2,6,720,2,10,5,0,300,0.5,1700,0.5,2
2,7,166,1,0,300,0.5,1700,0.5,1
2,8,771,1,0,300,0.5,1700,0.5,1
2,9,752,1,0,300,0.5,1700,0.5,0
2,10,496,0,0,500,0.6,1000,0.2,1400,0.2,0
2,11,407,0,0,300,0.5,1700,0.5,2
2,12,529,1,0,500,0.6,1000,0.2,1400,0.2,1
2,13,299,2,10,5,0,300,0.5,1700,0.5,0
2,14,234,1,0,300,0.5,1700,0.5,0
3,0,197,2,10,5,0,500,0.6,1000,0.2,1400,0.2,2
3,1,722,2,10,5,0,300,0.5,1700,0.5,1
3,2,522,1,0,300,0.5,1700,0.5,1
3,3,699,1,0,300,0.5,1700,0.5,1
3,4,97,1,0,300,0.5,1700,0.5,0
3,5,578,2,10,5,0,300,0.5,1700,0.5,0
3,6,202,0,0,300,0.5,1700,0.5,0
3,7,668,0,0,300,0.5,1700,0.5,1
3,8,828,1,0,300,0.5,1700,0.5,1
3,9,623,0,0,500,0.6,1000,0.2,1400,0.2,2
3,10,840,1,0,300,0.5,1700,0.5,1
3,11,291,2,10,5,0,300,0.5,1700,0.5,2
3,12,965,0,0,500,0.6,1000,0.2,1400,0.2,0
3,13,809,0,0,500,0.6,1000,0.2,1400,0.2,1
3,14,851,0,0,300,0.5,1700,0.5,2
4,0,485,2,10,5,0,500,0.6,1000,0.2,1400,0.2,0
4,1,727,2,10,5,0,500,0.6,1000,0.2,1400,0.2,0
4,2,776,2,10,5,0,500,0.6,1000,0.2,1400,0.2,1
4,3,936,2,10,5,0,500,0.6,1000,0.2,1400,0.2,2
4,4,564,0,0,500,0.6,1000,0.2,1400,0.2,1
4,5,42,1,0,500,0.6,1000,0.2,1400,0.2,2
4,6,672,2,10,5,0,300,0.5,1700,0.5,0
4,7,602,1,0,500,0.6,1000,0.2,1400,0.2,1
4,8,253,0,0,300,0.5,1700,0.5,1
4,9,202,0,0,500,0.6,1000,0.2,1400,0.2,1
4,10,45,2,10,5,0,300,0.5,1700,0.5,2
4,11,874,0,0,500,0.6,1000,0.2,1400,0.2,0
4,12,793,2,10,5,0,300,0.5,1700,0.5,2
4,13,936,1,0,500,0.6,1000,0.2,1400,0.2,1
4,14,720,1,0,300,0.5,1700,0.5,0
5,0,531,1,0,500,0.6,1000,0.2,1400,0.2,1
5,1,724,0,0,300,0.5,1700,0.5,0
5,2,433,0,0,300,0.5,1700,0.5,2
5,3,302,1,0,500,0.6,1000,0.2,1400,0.2,0
5,4,406,1,0,300,0.5,1700,0.5,1
5,5,554,1,0,500,0.6,1000,0.2,1400,0.2,2
5,6,879,0,0,500,0.6,1000,0.2,1400,0.2,0
5,7,251,2,10,5,0,300,0.5,1700,0.5,2
5,8,364,2,10,5,0,300,0.5,1700,0.5,2
5,9,317,0,0,500,0.6,1000,0.2,1400,0.2,0
5,10,627,0,0,300,0.5,1700,0.5,1
5,11,123,1,0,300,0.5,1700,0.5,2
5,12,412,0,0,500,0.6,1000,0.2,1400,0.2,2
5,13,232,2,10,5,0,500,0.6,1000,0.2,1400,0.2,2
5,14,191,0,0,300,0.5,1700,0.5,2
6,0,741,2,10,5,0,500,0.6,1000,0.2,1400,0.2,2
6,1,524,1,0,300,0.5,1700,0.5,0
6,2,855,0,0,300,0.5,1700,0.5,1
6,3,123,1,0,500,0.6,1000,0.2,1400,0.2,1
6,4,244,0,0,500,0.6,1000,0.2,1400,0.2,1
6,5,936,2,10,5,0,300,0.5,1700,0.5,2
6,6,861,2,10,5,0,500,0.6,1000,0.2,1400,0.2,2
6,7,32,1,0,300,0.5,1700,0.5,0
6,8,896,1,0,300,0.5,1700,0.5,2
6,9,692,2,10,5,0,300,0.5,1700,0.5,0
6,10,188,1,0,500,0.6,1000,0.2,1400,0.2,1
6,11,690,1,0,500,0.6,1000,0.2,1400,0.2,2
6,12,98,1,0,300,0.5,1700,0.5,1
6,13,466,1,0,300,0.5,1700,0.5,1
6,14,112,2,10,5,0,300,0.5,1700,0.5,0
7,0,588,0,0,500,0.6,1000,0.2,1400,0.2,2
7,1,512,1,0,500,0.6,1000,0.2,1400,0.2,1
7,2,365,0,0,300,0.5,1700,0.5,0
7,3,94,1,0,500,0.6,1000,0.2,1400,0.2,0
7,4,431,2,10,5,0,300,0.5,1700,0.5,1
7,5,671,0,0,500,0.6,1000,0.2,1400,0.2,1
7,6,29,0,0,500,0.6,1000,0.2,1400,0.2,2
7,7,602,1,0,300,0.5,1700,0.5,1
7,8,543,0,0,500,0.6,1000,0.2,1400,0.2,0
7,9,140,0,0,500,0.6,1000,0.2,1400,0.2,0
7,10,78,1,0,300,0.5,1700,0.5,2
7,11,705,2,10,5,0,300,0.5,1700,0.5,2
7,12,917,2,10,5,0,500,0.6,1000,0.2,1400,0.2,2
7,13,700,1,0,300,0.5,1700,0.5,2
7,14,937,1,0,500,0.6,1000,0.2,1400,0.2,0
8,0,288,1,0,300,0.5,1700,0.5,2
8,1,229,2,10,5,0,300,0.5,1700,0.5,0
8,2,349,1,0,300,0.5,1700,0.5,2
8,3,424,2,10,5,0,500,0.6,1000,0.2,1400,0.2,2
8,4,399,0,0,300,0.5,1700,0.5,0
8,5,404,1,0,300,0.5,1700,0.5,1
8,6,557,0,0,300,0.5,1700,0.5,0
8,7,238,1,0,300,0.5,1700,0.5,0
8,8,177,1,0,300,0.5,1700,0.5,2
8,9,283,2,10,5,0,500,0.6,1000,0.2,1400,0.2,1
8,10,580,1,0,500,0.6,1000,0.2,1400,0.2,1
8,11,998,1,0,300,0.5,1700,0.5,0
8,12,871,2,10,5,0,300,0.5,1700,0.5,2
8,13,32,1,0,300,0.5,1700,0.5,1
8,14,303,1,0,500,0.6,1000,0.2,1400,0.2,0
9,0,216,2,10,5,0,300,0.5,1700,0.5,1
9,1,199,0,0,300,0.5,1700,0.5,2
9,2,339,0,0,300,0.5,1700,0.5,1
9,3,963,0,0,300,0.5,1700,0.5,2
9,4,971,0,0,500,0.6,1000,0.2,1400,0.2,0
9,5,573,2,10,5,0,300,0.5,1700,0.5,0
9,6,358,1,0,500,0.6,1000,0.2,1400,0.2,1
9,7,439,1,0,500,0.6,1000,0.2,1400,0.2,1
9,8,877,2,10,5,0,500,0.6,1000,0.2,1400,0.2,1
9,9,38,1,0,500,0.6,1000,0.2,1400,0.2,2
9,10,701,1,0,500,0.6,1000,0.2,1400,0.2,1
9,11,606,0,0,300,0.5,1700,0.5,0
9,12,581,2,10,5,0,300,0.5,1700,0.5,0
9,13,89,2,10,5,0,500,0.6,1000,0.2,1400,0.2,1
9,14,395,1,0,300,0.5,1700,0.5,1
10,0,702,1,0,500,0.6,1000,0.2,1400,0.2,1
10,1,849,2,10,5,0,300,0.5,1700,0.5,1
10,2,527,2,10,5,0,500,0.6,1000,0.2,1400,0.2,1
10,3,180,0,0,300,0.5,1700,0.5,0
10,4,885,1,0,300,0.5,1700,0.5,0
10,5,998,1,0,500,0.6,1000,0.2,1400,0.2,0
10,6,654,2,10,5,0,500,0.6,1000,0.2,1400,0.2,0
10,7,560,1,0,300,0.5,1700,0.5,0
10,8,257,1,0,300,0.5,1700,0.5,2
10,9,455,2,10,5,0,300,0.5,1700,0.5,1
10,10,264,0,0,500,0.6,1000,0.2,1400,0.2,0
10,11,140,2,10,5,0,300,0.5,1700,0.5,0
10,12,795,2,10,5,0,300,0.5,1700,0.5,2
10,13,879,1,0,300,0.5,1700,0.5,0
10,14,647,0,0,300,0.5,1700,0.5,2
11,0,897,1,0,500,0.6,1000,0.2,1400,0.2,0
11,1,787,2,10,5,0,300,0.5,1700,0.5,1
11,2,178,2,10,5,0,500,0.6,1000,0.2,1400,0.2,0
11,3,839,1,0,500,0.6,1000,0.2,1400,0.2,0
11,4,685,0,0,500,0.6,1000,0.2,1400,0.2,1
11,5,148,0,0,300,0.5,1700,0.5,2
11,6,505,2,10,5,0,300,0.5,1700,0.5,1
11,7,89,0,0,500,0.6,1000,0.2,1400,0.2,1
11,8,611,2,10,5,0,500,0.6,1000,0.2,1400,0.2,0
11,9,763,0,0,300,0.5,1700,0.5,2
11,10,703,0,0,500,0.6,1000,0.2,1400,0.2,1
11,11,893,1,0,500,0.6,1000,0.2,1400,0.2,1
11,12,154,0,0,300,0.5,1700,0.5,1
11,13,578,0,0,300,0.5,1700,0.5,1
11,14,267,2,10,5,0,300,0.5,1700,0.5,1
12,0,715,0,0,300,0.5,1700,0.5,0
12,1,785,2,10,5,0,500,0.6,1000,0.2,1400,0.2,0
12,2,692,2,10,5,0,500,0.6,1000,0.2,1400,0.2,2
12,3,722,2,10,5,0,500,0.6,1000,0.2,1400,0.2,0
12,4,231,0,0,300,0.5,1700,0.5,2
12,5,440,0,0,500,0.6,1000,0.2,1400,0.2,0
12,6,17,2,10,5,0,500,0.6,1000,0.2,1400,0.2,1
12,7,962,0,0,300,0.5,1700,0.5,0
12,8,906,1,0,500,0.6,1000,0.2,1400,0.2,1
12,9,890,2,10,5,0,300,0.5,1700,0.5,1
12,10,563,2,10,5,0,500,0.6,1000,0.2,1400,0.2,0
12,11,840,2,10,5,0,500,0.6,1000,0.2,1400,0.2,2
12,12,907,2,10,5,0,300,0.5,1700,0.5,2
12,13,958,2,10,5,0,500,0.6,1000,0.2,1400,0.2,0
12,14,230,2,10,5,0,500,0.6,1000,0.2,1400,0.2,2
13,0,20,2,10,5,0,500,0.6,1000,0.2,1400,0.2,1
13,1,312,2,10,5,0,300,0.5,1700,0.5,0
13,2,422,0,0,500,0.6,1000,0.2,1400,0.2,1
13,3,159,0,0,500,0.6,1000,0.2,1400,0.2,0
13,4,44,0,0,500,0.6,1000,0.2,1400,0.2,2
13,5,715,2,10,5,0,300,0.5,1700,0.5,1
13,6,21,1,0,500,0.6,1000,0.2,1400,0.2,0
13,7,850,2,10,5,0,500,0.6,1000,0.2,1400,0.2,2
13,8,834,0,0,500,0.6,1000,0.2,1400,0.2,2
13,9,580,1,0,500,0.6,1000,0.2,1400,0.2,1
13,10,675,1,0,500,0.6,1000,0.2,1400,0.2,0
13,11,847,2,10,5,0,500,0.6,1000,0.2,1400,0.2,1
13,12,731,0,0,300,0.5,1700,0.5,2
13,13,20,0,0,500,0.6,1000,0.2,1400,0.2,0
13,14,446,0,0,500,0.6,1000,0.2,1400,0.2,0
14,0,869,0,0,300,0.5,1700,0.5,2
14,1,308,1,0,500,0.6,1000,0.2,1400,0.2,1
14,2,809,1,0,300,0.5,1700,0.5,1
14,3,391,0,0,500,0.6,1000,0.2,1400,0.2,2
14,4,915,2,10,5,0,500,0.6,1000,0.2,1400,0.2,0
14,5,40,0,0,500,0.6,1000,0.2,1400,0.2,2
14,6,168,0,0,500,0.6,1000,0.2,1400,0.2,2
14,7,329,2,10,5,0,300,0.5,1700,0.5,0
14,8,659,0,0,300,0.5,1700,0.5,0
14,9,903,1,0,500,0.6,1000,0.2,1400,0.2,1
14,10,227,2,10,5,0,500,0.6,1000,0.2,1400,0.2,0
14,11,601,1,0,300,0.5,1700,0.5,0
14,12,136,0,0,500,0.6,1000,0.2,1400,0.2,2
14,13,736,0,0,300,0.5,1700,0.5,1
14,14,849,0,0,300,0.5,1700,0.5,2
