0,0,757,0,0,500,0.6,1000,0.2,1400,0.2,2
0,1,494,2,10,5,0,300,0.5,1700,0.5,0
0,2,362,1,0,500,0.6,1000,0.2,1400,0.2,0
0,3,611,2,10,5,0,500,0.6,1000,0.2,1400,0.2,2
0,4,178,2,10,5,0,500,0.6,1000,0.2,1400,0.2,2
0,5,903,2,10,5,0,300,0.5,1700,0.5,2
0,6,622,2,10,5,0,300,0.5,1700,0.5,0
0,7,494,0,0,300,0.5,1700,0.5,2
0,8,975,1,0,500,0.6,1000,0.2,1400,0.2,0
0,9,864,2,10,5,0,300,0.5,1700,0.5,2
0,10,240,2,10,5,0,300,0.5,1700,0.5,1
0,11,33,1,0,300,0.5,1700,0.5,2
0,12,649,1,0,300,0.5,1700,0.5,2
0,13,689,0,0,300,0.5,1700,0.5,0
0,14,507,0,0,300,0.5,1700,0.5,1
1,0,856,0,0,300,0.5,1700,0.5,2
1,1,43,1,0,300,0.5,1700,0.5,2
1,2,951,2,10,5,0,300,0.5,1700,0.5,2
1,3,994,1,0,500,0.6,1000,0.2,1400,0.2,1
1,4,127,1,0,500,0.6,1000,0.2,1400,0.2,2
1,5,149,2,10,5,0,500,0.6,1000,0.2,1400,0.2,2
1,6,420,2,10,5,0,300,0.5,1700,0.5,1
1,7,259,0,0,300,0.5,1700,0.5,1
1,8,241,1,0,300,0.5,1700,0.5,0
1,9,830,1,0,300,0.5,1700,0.5,2
1,10,899,0,0,300,0.5,1700,0.5,2
1,11,932,0,0,300,0.5,1700,0.5,1
1,12,88,0,0,500,0.6,1000,0.2,1400,0.2,2
1,13,251,0,0,300,0.5,1700,0.5,0
1,14,654,1,0,300,0.5,1700,0.5,1
2,0,933,0,0,500,0.6,1000,0.2,1400,0.2,2
2,1,441,1,0,500,0.6,1000,0.2,1400,0.2,2
2,2,383,0,0,300,0.5,1700,0.5,1
2,3,120,0,0,300,0.5,1700,0.5,0
2,4,223,0,0,500,0.6,1000,0.2,1400,0.2,1
2,5,678,0,0,500,0.6,1000,0.2,1400,0.2,2
2,6,495,2,10,5,0,300,0.5,1700,0.5,2
2,7,497,0,0,500,0.6,1000,0.2,1400,0.2,2
2,8,12,2,10,5,0,300,0.5,1700,0.5,2
2,9,305,1,0,500,0.6,1000,0.2,1400,0.2,1
2,10,264,0,0,500,0.6,1000,0.2,1400,0.2,2
2,11,159,0,0,300,0.5,1700,0.5,2
2,12,234,0,0,500,0.6,1000,0.2,1400,0.2,0
2,13,955,0,0,500,0.6,1000,0.2,1400,0.2,1
2,14,296,1,0,500,0.6,1000,0.2,1400,0.2,1
3,0,424,2,10,5,0,300,0.5,1700,0.5,0
3,1,167,0,0,300,0.5,1700,0.5,0
3,2,134,0,0,500,0.6,1000,0.2,1400,0.2,2
3,3,30,2,10,5,0,300,0.5,1700,0.5,1
3,4,226,2,10,5,0,300,0.5,1700,0.5,2
3,5,893,0,0,300,0.5,1700,0.5,1
3,6,322,0,0,300,0.5,1700,0.5,1
3,7,483,1,0,300,0.5,1700,0.5,1
3,8,228,2,10,5,0,500,0.6,1000,0.2,1400,0.2,1
3,9,603,0,0,300,0.5,1700,0.5,0
3,10,672,2,10,5,0,500,0.6,1000,0.2,1400,0.2,2
3,11,497,2,10,5,0,500,0.6,1000,0.2,1400,0.2,2
3,12,25,2,10,5,0,300,0.5,1700,0.5,0
3,13,14,1,0,500,0.6,1000,0.2,1400,0.2,0
3,14,88,0,0,300,0.5,1700,0.5,0
4,0,599,2,10,5,0,500,0.6,1000,0.2,1400,0.2,2
4,1,283,2,10,5,0,500,0.6,1000,0.2,1400,0.2,1
4,2,980,1,0,500,0.6,1000,0.2,1400,0.2,0
4,3,49,1,0,300,0.5,1700,0.5,2
4,4,597,0,0,500,0.6,1000,0.2,1400,0.2,2
4,5,315,0,0,500,0.6,1000,0.2,1400,0.2,2
4,6,402,1,0,500,0.6,1000,0.2,1400,0.2,1
4,7,222,0,0,300,0.5,1700,0.5,2
4,8,918,0,0,500,0.6,1000,0.2,1400,0.2,2
4,9,753,2,10,5,0,300,0.5,1700,0.5,2
4,10,107,0,0,500,0.6,1000,0.2,1400,0.2,1
4,11,760,0,0,500,0.6,1000,0.2,1400,0.2,1
4,12,926,0,0,500,0.6,1000,0.2,1400,0.2,1
4,13,39,1,0,300,0.5,1700,0.5,1
4,14,630,2,10,5,0,300,0.5,1700,0.5,0
5,0,427,2,10,5,0,500,0.6,1000,0.2,1400,0.2,0
5,1,515,0,0,300,0.5,1700,0.5,1
5,2,247,0,0,300,0.5,1700,0.5,1
5,3,91,0,0,500,0.6,1000,0.2,1400,0.2,2
5,4,617,0,0,500,0.6,1000,0.2,1400,0.2,2
5,5,879,0,0,500,0.6,1000,0.2,1400,0.2,0
5,6,532,1,0,300,0.5,1700,0.5,0
5,7,519,2,10,5,0,300,0.5,1700,0.5,1
5,8,879,2,10,5,0,500,0.6,1000,0.2,1400,0.2,1
5,9,167,0,0,500,0.6,1000,0.2,1400,0.2,1
5,10,123,0,0,500,0.6,1000,0.2,1400,0.2,0
5,11,816,1,0,500,0.6,1000,0.2,1400,0.2,0
5,12,295,0,0,300,0.5,1700,0.5,2
5,13,598,0,0,300,0.5,1700,0.5,0
5,14,136,1,0,300,0.5,1700,0.5,1
6,0,91,2,10,5,0,500,0.6,1000,0.2,1400,0.2,1
6,1,141,1,0,300,0.5,1700,0.5,2
6,2,150,1,0,300,0.5,1700,0.5,1
6,3,496,0,0,500,0.6,1000,0.2,1400,0.2,1
6,4,892,2,10,5,0,500,0.6,1000,0.2,1400,0.2,0
6,5,953,1,0,500,0.6,1000,0.2,1400,0.2,2
6,6,129,0,0,300,0.5,1700,0.5,0
6,7,189,1,0,300,0.5,1700,0.5,1
6,8,948,0,0,300,0.5,1700,0.5,1
6,9,475,2,10,5,0,500,0.6,1000,0.2,1400,0.2,0
6,10,153,0,0,300,0.5,1700,0.5,0
6,11,910,1,0,300,0.5,1700,0.5,2
6,12,413,2,10,5,0,300,0.5,1700,0.5,1
6,13,561,2,10,5,0,300,0.5,1700,0.5,2
6,14,386,0,0,300,0.5,1700,0.5,2
7,0,779,2,10,5,0,300,0.5,1700,0.5,1
7,1,557,1,0,500,0.6,1000,0.2,1400,0.2,2
7,2,806,1,0,500,0.6,1000,0.2,1400,0.2,1
7,3,470,0,0,500,0.6,1000,0.2,1400,0.2,0
7,4,774,2,10,5,0,300,0.5,1700,0.5,0
7,5,430,1,0,500,0.6,1000,0.2,1400,0.2,0
7,6,17,0,0,300,0.5,1700,0.5,0
7,7,602,1,0,300,0.5,1700,0.5,2
7,8,558,1,0,300,0.5,1700,0.5,1
7,9,418,0,0,500,0.6,1000,0.2,1400,0.2,1
7,10,727,1,0,300,0.5,1700,0.5,1
7,11,520,1,0,300,0.5,1700,0.5,0
7,12,864,1,0,500,0.6,1000,0.2,1400,0.2,2
7,13,974,2,10,5,0,500,0.6,1000,0.2,1400,0.2,1
7,14,707,1,0,500,0.6,1000,0.2,1400,0.2,0
8,0,697,2,10,5,0,300,0.5,1700,0.5,0
8,1,498,2,10,5,0,500,0.6,1000,0.2,1400,0.2,0
8,2,927,1,0,300,0.5,1700,0.5,2
8,3,500,1,0,300,0.5,1700,0.5,1
8,4,151,0,0,500,0.6,1000,0.2,1400,0.2,2
8,5,439,0,0,300,0.5,1700,0.5,2
8,6,58,2,10,5,0,500,0.6,1000,0.2,1400,0.2,0
8,7,762,1,0,500,0.6,1000,0.2,1400,0.2,1
8,8,410,2,10,5,0,500,0.6,1000,0.2,1400,0.2,0
8,9,693,2,10,5,0,300,0.5,1700,0.5,1
8,10,687,2,10,5,0,500,0.6,1000,0.2,1400,0.2,0
8,11,640,1,0,300,0.5,1700,0.5,2
8,12,380,0,0,500,0.6,1000,0.2,1400,0.2,2
8,13,814,0,0,300,0.5,1700,0.5,0
8,14,739,1,0,300,0.5,1700,0.5,2
9,0,122,0,0,300,0.5,1700,0.5,1
9,1,76,1,0,500,0.6,1000,0.2,1400,0.2,0
9,2,678,2,10,5,0,500,0.6,1000,0.2,1400,0.2,2
9,3,950,0,0,500,0.6,1000,0.2,1400,0.2,0
9,4,585,2,10,5,0,500,0.6,1000,0.2,1400,0.2,1
9,5,290,1,0,500,0.6,1000,0.2,1400,0.2,1
9,6,623,2,10,5,0,500,0.6,1000,0.2,1400,0.2,2
9,7,342,0,0,300,0.5,1700,0.5,0
9,8,419,0,0,300,0.5,1700,0.5,1
9,9,340,2,10,5,0,500,0.6,1000,0.2,1400,0.2,0
9,10,597,2,10,5,0,300,0.5,1700,0.5,0
9,11,991,1,0,300,0.5,1700,0.5,0
9,12,590,1,0,500,0.6,1000,0.2,1400,0.2,2
9,13,22,2,10,5,0,300,0.5,1700,0.5,1
9,14,525,2,10,5,0,500,0.6,1000,0.2,1400,0.2,2
10,0,494,2,10,5,0,500,0.6,1000,0.2,1400,0.2,1
10,1,749,1,0,300,0.5,1700,0.5,0
10,2,115,1,0,300,0.5,1700,0.5,1
10,3,347,1,0,500,0.6,1000,0.2,1400,0.2,1
10,4,589,1,0,300,0.5,1700,0.5,2
10,5,816,1,0,300,0.5,1700,0.5,2
10,6,477,0,0,300,0.5,1700,0.5,1
10,7,852,0,0,300,0.5,1700,0.5,0
10,8,589,2,10,5,0,300,0.5,1700,0.5,0
10,9,801,2,10,5,0,500,0.6,1000,0.2,1400,0.2,2
10,10,37,1,0,500,0.6,1000,0.2,1400,0.2,1
10,11,935,1,0,500,0.6,1000,0.2,1400,0.2,1
10,12,878,1,0,300,0.5,1700,0.5,0
10,13,914,1,0,300,0.5,1700,0.5,0
10,14,37,0,0,300,0.5,1700,0.5,0
11,0,830,1,0,500,0.6,1000,0.2,1400,0.2,2
11,1,312,0,0,500,0.6,1000,0.2,1400,0.2,2
11,2,240,2,10,5,0,500,0.6,1000,0.2,1400,0.2,1
11,3,106,0,0,300,0.5,1700,0.5,1
11,4,386,1,0,300,0.5,1700,0.5,2
11,5,520,2,10,5,0,300,0.5,1700,0.5,1
11,6,179,1,0,500,0.6,1000,0.2,1400,0.2,1
11,7,296,0,0,300,0.5,1700,0.5,0
11,8,12,1,0,500,0.6,1000,0.2,1400,0.2,1
11,9,417,0,0,300,0.5,1700,0.5,1
11,10,836,0,0,500,0.6,1000,0.2,1400,0.2,2
11,11,758,2,10,5,0,500,0.6,1000,0.2,1400,0.2,1
11,12,211,2,10,5,0,500,0.6,1000,0.2,1400,0.2,2
11,13,379,1,0,300,0.5,1700,0.5,2
11,14,900,1,0,500,0.6,1000,0.2,1400,0.2,0
12,0,151,0,0,500,0.6,1000,0.2,1400,0.2,1
12,1,51,2,10,5,0,500,0.6,1000,0.2,1400,0.2,2
12,2,131,1,0,300,0.5,1700,0.5,1
12,3,621,2,10,5,0,500,0.6,1000,0.2,1400,0.2,2
12,4,618,1,0,300,0.5,1700,0.5,0
12,5,419,1,0,500,0.6,1000,0.2,1400,0.2,0
12,6,132,2,10,5,0,500,0.6,1000,0.2,1400,0.2,0
12,7,757,2,10,5,0,300,0.5,1700,0.5,2
12,8,747,2,10,5,0,300,0.5,1700,0.5,1
12,9,708,1,0,500,0.6,1000,0.2,1400,0.2,2
12,10,940,0,0,300,0.5,1700,0.5,1
12,11,464,1,0,500,0.6,1000,0.2,1400,0.2,2
12,12,217,0,0,500,0.6,1000,0.2,1400,0.2,1
12,13,431,2,10,5,0,300,0.5,1700,0.5,1
12,14,218,2,10,5,0,300,0.5,1700,0.5,0
13,0,825,1,0,300,0.5,1700,0.5,0
13,1,804,2,10,5,0,500,0.6,1000,0.2,1400,0.2,2
13,2,338,1,0,300,0.5,1700,0.5,2
13,3,566,0,0,300,0.5,1700,0.5,1
13,4,669,2,10,5,0,500,0.6,1000,0.2,1400,0.2,2
13,5,794,1,0,300,0.5,1700,0.5,1
13,6,963,0,0,300,0.5,1700,0.5,1
13,7,608,1,0,300,0.5,1700,0.5,2
13,8,177,1,0,500,0.6,1000,0.2,1400,0.2,2
13,9,900,1,0,300,0.5,1700,0.5,1
13,10,436,1,0,300,0.5,1700,0.5,2
13,11,855,0,0,300,0.5,1700,0.5,0
13,12,408,1,0,300,0.5,1700,0.5,1
13,13,417,2,10,5,0,500,0.6,1000,0.2,1400,0.2,1
13,14,636,1,0,300,0.5,1700,0.5,0
14,0,879,2,10,5,0,300,0.5,1700,0.5,2
14,1,118,0,0,300,0.5,1700,0.5,0
14,2,123,1,0,300,0.5,1700,0.5,1
14,3,954,0,0,300,0.5,1700,0.5,0
14,4,934,1,0,500,0.6,1000,0.2,1400,0.2,0
14,5,183,1,0,500,0.6,1000,0.2,1400,0.2,1
14,6,875,2,10,5,0,300,0.5,1700,0.5,2
14,7,288,0,0,500,0.6,1000,0.2,1400,0.2,1
14,8,532,2,10,5,0,300,0.5,1700,0.5,0
14,9,672,0,0,500,0.6,1000,0.2,1400,0.2,0
14,10,180,2,10,5,0,500,0.6,1000,0.2,1400,0.2,0
14,11,406,0,0,300,0.5,1700,0.5,0
14,12,543,0,0,300,0.5,1700,0.5,2
14,13,342,1,0,500,0.6,1000,0.2,1400,0.2,0
14,14,238,2,10,5,0,300,0.5,1700,0.5,0
