0,0,225,0,0,500,0.6,1000,0.2,1400,0.2,2
0,1,811,0,0,300,0.5,1700,0.5,1
0,2,381,1,0,500,0.6,1000,0.2,1400,0.2,2
0,3,768,0,0,300,0.5,1700,0.5,2
0,4,13,1,0,500,0.6,1000,0.2,1400,0.2,1
0,5,82,1,0,500,0.6,1000,0.2,1400,0.2,0
0,6,984,0,0,300,0.5,1700,0.5,0
0,7,630,0,0,300,0.5,1700,0.5,2
0,8,491,0,0,500,0.6,1000,0.2,1400,0.2,2
0,9,41,0,0,300,0.5,1700,0.5,1
0,10,664,2,10,5,0,300,0.5,1700,0.5,0
0,11,638,0,0,500,0.6,1000,0.2,1400,0.2,1
0,12,843,1,0,300,0.5,1700,0.5,1
0,13,648,2,10,5,0,300,0.5,1700,0.5,1
0,14,155,2,10,5,0,500,0.6,1000,0.2,1400,0.2,0
1,0,343,0,0,300,0.5,1700,0.5,0
1,1,853,1,0,500,0.6,1000,0.2,1400,0.2,1
1,2,507,1,0,500,0.6,1000,0.2,1400,0.2,2
1,3,497,0,0,500,0.6,1000,0.2,1400,0.2,2
1,4,918,1,0,300,0.5,1700,0.5,2
1,5,974,2,10,5,0,300,0.5,1700,0.5,0
1,6,876,0,0,300,0.5,1700,0.5,1
1,7,664,0,0,300,0.5,1700,0.5,2
1,8,559,0,0,300,0.5,1700,0.5,2
1,9,13,1,0,300,0.5,1700,0.5,0
1,10,79,2,10,5,0,300,0.5,1700,0.5,0
1,11,922,1,0,300,0.5,1700,0.5,1
1,12,565,2,10,5,0,500,0.6,1000,0.2,1400,0.2,0
1,13,209,0,0,500,0.6,1000,0.2,1400,0.2,0
1,14,913,0,0,300,0.5,1700,0.5,1
2,0,214,2,10,5,0,500,0.6,1000,0.2,1400,0.2,1
2,1,829,0,0,300,0.5,1700,0.5,1
2,2,73,0,0,300,0.5,1700,0.5,0
2,3,13,1,0,300,0.5,1700,0.5,2
2,4,140,1,0,500,0.6,1000,0.2,1400,0.2,1
2,5,873,1,0,300,0.5,1700,0.5,1
2,6,912,1,0,300,0.5,1700,0.5,0
2,7,128,2,10,5,0,500,0.6,1000,0.2,1400,0.2,1
2,8,436,1,0,500,0.6,1000,0.2,1400,0.2,2
2,9,942,1,0,300,0.5,1700,0.5,0
2,10,753,0,0,300,0.5,1700,0.5,1
2,11,205,2,10,5,0,500,0.6,1000,0.2,1400,0.2,0
2,12,600,2,10,5,0,500,0.6,1000,0.2,1400,0.2,1
2,13,435,0,0,300,0.5,1700,0.5,0
2,14,778,0,0,500,0.6,1000,0.2,1400,0.2,2
3,0,246,0,0,500,0.6,1000,0.2,1400,0.2,2
3,1,411,2,10,5,0,300,0.5,1700,0.5,2
3,2,596,0,0,500,0.6,1000,0.2,1400,0.2,0
3,3,85,2,10,5,0,300,0.5,1700,0.5,1
3,4,494,0,0,500,0.6,1000,0.2,1400,0.2,0
3,5,858,0,0,500,0.6,1000,0.2,1400,0.2,0
3,6,678,0,0,300,0.5,1700,0.5,1
3,7,946,0,0,500,0.6,1000,0.2,1400,0.2,2
3,8,759,2,10,5,0,300,0.5,1700,0.5,2
3,9,515,1,0,300,0.5,1700,0.5,0
3,10,187,0,0,300,0.5,1700,0.5,2
3,11,801,0,0,500,0.6,1000,0.2,1400,0.2,1
3,12,885,0,0,300,0.5,1700,0.5,0
3,13,739,2,10,5,0,500,0.6,1000,0.2,1400,0.2,0
3,14,286,1,0,500,0.6,1000,0.2,1400,0.2,1
4,0,173,1,0,500,0.6,1000,0.2,1400,0.2,0
4,1,456,0,0,300,0.5,1700,0.5,0
4,2,865,2,10,5,0,300,0.5,1700,0.5,0
4,3,71,1,0,500,0.6,1000,0.2,1400,0.2,0
4,4,466,2,10,5,0,500,0.6,1000,0.2,1400,0.2,2
4,5,706,1,0,500,0.6,1000,0.2,1400,0.2,2
4,6,886,0,0,300,0.5,1700,0.5,2
4,7,150,2,10,5,0,300,0.5,1700,0.5,2
4,8,966,2,10,5,0,300,0.5,1700,0.5,2
4,9,418,2,10,5,0,500,0.6,1000,0.2,1400,0.2,0
4,10,451,0,0,500,0.6,1000,0.2,1400,0.2,2
4,11,678,1,0,500,0.6,1000,0.2,1400,0.2,2
4,12,192,0,0,300,0.5,1700,0.5,0
4,13,567,0,0,300,0.5,1700,0.5,2
4,14,678,1,0,500,0.6,1000,0.2,1400,0.2,0
5,0,861,0,0,300,0.5,1700,0.5,0
5,1,54,1,0,500,0.6,1000,0.2,1400,0.2,2
5,2,432,2,10,5,0,300,0.5,1700,0.5,1
5,3,644,2,10,5,0,300,0.5,1700,0.5,1
5,4,460,0,0,500,0.6,1000,0.2,1400,0.2,1
5,5,942,0,0,300,0.5,1700,0.5,1
5,6,658,1,0,300,0.5,1700,0.5,2
5,7,981,2,10,5,0,500,0.6,1000,0.2,1400,0.2,1
5,8,531,0,0,300,0.5,1700,0.5,1
5,9,144,2,10,5,0,300,0.5,1700,0.5,2
5,10,806,2,10,5,0,300,0.5,1700,0.5,1
5,11,689,0,0,300,0.5,1700,0.5,1
5,12,480,0,0,500,0.6,1000,0.2,1400,0.2,2
5,13,394,0,0,500,0.6,1000,0.2,1400,0.2,0
5,14,474,1,0,300,0.5,1700,0.5,1
6,0,708,0,0,300,0.5,1700,0.5,2
6,1,511,0,0,300,0.5,1700,0.5,1
6,2,166,2,10,5,0,300,0.5,1700,0.5,1
6,3,836,1,0,500,0.6,1000,0.2,1400,0.2,2
6,4,517,0,0,500,0.6,1000,0.2,1400,0.2,2
6,5,269,1,0,500,0.6,1000,0.2,1400,0.2,1
6,6,555,1,0,500,0.6,1000,0.2,1400,0.2,1
6,7,319,0,0,500,0.6,1000,0.2,1400,0.2,1
6,8,340,0,0,300,0.5,1700,0.5,2
6,9,802,1,0,300,0.5,1700,0.5,0
6,10,406,0,0,500,0.6,1000,0.2,1400,0.2,0
6,11,978,0,0,500,0.6,1000,0.2,1400,0.2,0
6,12,982,0,0,300,0.5,1700,0.5,1
6,13,786,1,0,300,0.5,1700,0.5,1
6,14,21,2,10,5,0,500,0.6,1000,0.2,1400,0.2,1
7,0,164,1,0,500,0.6,1000,0.2,1400,0.2,1
7,1,380,2,10,5,0,300,0.5,1700,0.5,0
7,2,804,1,0,500,0.6,1000,0.2,1400,0.2,0
7,3,529,0,0,300,0.5,1700,0.5,0
7,4,52,0,0,300,0.5,1700,0.5,0
7,5,62,2,10,5,0,300,0.5,1700,0.5,0
7,6,207,1,0,500,0.6,1000,0.2,1400,0.2,0
7,7,345,0,0,300,0.5,1700,0.5,0
7,8,665,1,0,300,0.5,1700,0.5,0
7,9,11,0,0,500,0.6,1000,0.2,1400,0.2,0
7,10,893,0,0,300,0.5,1700,0.5,1
7,11,922,1,0,300,0.5,1700,0.5,2
7,12,328,0,0,300,0.5,1700,0.5,2
7,13,817,2,10,5,0,300,0.5,1700,0.5,1
7,14,835,0,0,500,0.6,1000,0.2,1400,0.2,0
8,0,580,0,0,300,0.5,1700,0.5,0
8,1,781,1,0,500,0.6,1000,0.2,1400,0.2,2
8,2,593,0,0,300,0.5,1700,0.5,2
8,3,534,0,0,300,0.5,1700,0.5,1
8,4,389,1,0,300,0.5,1700,0.5,2
8,5,639,2,10,5,0,300,0.5,1700,0.5,2
8,6,85,1,0,500,0.6,1000,0.2,1400,0.2,2
8,7,782,2,10,5,0,500,0.6,1000,0.2,1400,0.2,2
8,8,715,0,0,500,0.6,1000,0.2,1400,0.2,0
8,9,818,2,10,5,0,500,0.6,1000,0.2,1400,0.2,2
8,10,935,0,0,500,0.6,1000,0.2,1400,0.2,2
8,11,303,0,0,300,0.5,1700,0.5,1
8,12,209,1,0,300,0.5,1700,0.5,0
8,13,167,2,10,5,0,300,0.5,1700,0.5,2
8,14,111,1,0,500,0.6,1000,0.2,1400,0.2,1
9,0,150,2,10,5,0,300,0.5,1700,0.5,0
9,1,748,1,0,300,0.5,1700,0.5,2
9,2,329,1,0,300,0.5,1700,0.5,0
9,3,805,1,0,300,0.5,1700,0.5,1
9,4,516,1,0,500,0.6,1000,0.2,1400,0.2,0
9,5,252,1,0,500,0.6,1000,0.2,1400,0.2,1
9,6,243,2,10,5,0,500,0.6,1000,0.2,1400,0.2,0
9,7,289,0,0,300,0.5,1700,0.5,2
9,8,489,2,10,5,0,500,0.6,1000,0.2,1400,0.2,2
9,9,974,1,0,300,0.5,1700,0.5,1
9,10,215,0,0,300,0.5,1700,0.5,0
9,11,937,2,10,5,0,300,0.5,1700,0.5,2
9,12,287,1,0,500,0.6,1000,0.2,1400,0.2,2
9,13,306,1,0,300,0.5,1700,0.5,0
9,14,734,2,10,5,0,300,0.5,1700,0.5,0
10,0,213,2,10,5,0,500,0.6,1000,0.2,1400,0.2,1
10,1,324,0,0,500,0.6,1000,0.2,1400,0.2,1
10,2,543,2,10,5,0,500,0.6,1000,0.2,1400,0.2,0
10,3,236,0,0,300,0.5,1700,0.5,0
10,4,26,0,0,300,0.5,1700,0.5,1
10,5,580,1,0,500,0.6,1000,0.2,1400,0.2,1
10,6,790,0,0,300,0.5,1700,0.5,0
10,7,37,2,10,5,0,500,0.6,1000,0.2,1400,0.2,1
10,8,22,1,0,500,0.6,1000,0.2,1400,0.2,0
10,9,711,2,10,5,0,500,0.6,1000,0.2,1400,0.2,0
10,10,660,0,0,500,0.6,1000,0.2,1400,0.2,2
10,11,219,2,10,5,0,300,0.5,1700,0.5,1
10,12,170,0,0,500,0.6,1000,0.2,1400,0.2,1
10,13,706,1,0,500,0.6,1000,0.2,1400,0.2,1
10,14,132,2,10,5,0,500,0.6,1000,0.2,1400,0.2,2
11,0,951,1,0,300,0.5,1700,0.5,2
11,1,774,0,0,300,0.5,1700,0.5,2
11,2,227,1,0,500,0.6,1000,0.2,1400,0.2,0
11,3,819,2,10,5,0,500,0.6,1000,0.2,1400,0.2,1
11,4,485,2,10,5,0,500,0.6,1000,0.2,1400,0.2,0
11,5,410,1,0,300,0.5,1700,0.5,1
11,6,948,2,10,5,0,300,0.5,1700,0.5,0
11,7,318,2,10,5,0,300,0.5,1700,0.5,2
11,8,672,2,10,5,0,500,0.6,1000,0.2,1400,0.2,1
11,9,279,2,10,5,0,300,0.5,1700,0.5,2
11,10,489,1,0,500,0.6,1000,0.2,1400,0.2,2
11,11,373,0,0,500,0.6,1000,0.2,1400,0.2,0
11,12,470,0,0,300,0.5,1700,0.5,1
11,13,222,2,10,5,0,500,0.6,1000,0.2,1400,0.2,2
11,14,76,1,0,500,0.6,1000,0.2,1400,0.2,2
12,0,85,2,10,5,0,300,0.5,1700,0.5,0
12,1,532,2,10,5,0,300,0.5,1700,0.5,0
12,2,258,2,10,5,0,300,0.5,1700,0.5,1
12,3,22,2,10,5,0,500,0.6,1000,0.2,1400,0.2,0
12,4,697,1,0,500,0.6,1000,0.2,1400,0.2,1
12,5,448,0,0,300,0.5,1700,0.5,1
12,6,336,0,0,500,0.6,1000,0.2,1400,0.2,0
12,7,395,1,0,500,0.6,1000,0.2,1400,0.2,1
12,8,837,0,0,300,0.5,1700,0.5,2
12,9,540,1,0,300,0.5,1700,0.5,2
12,10,375,0,0,500,0.6,1000,0.2,1400,0.2,2
12,11,507,0,0,300,0.5,1700,0.5,2
12,12,719,0,0,300,0.5,1700,0.5,2
12,13,786,2,10,5,0,500,0.6,1000,0.2,1400,0.2,2
12,14,156,1,0,500,0.6,1000,0.2,1400,0.2,0
13,0,388,0,0,300,0.5,1700,0.5,0
13,1,755,1,0,300,0.5,1700,0.5,1
13,2,660,1,0,300,0.5,1700,0.5,2
13,3,168,2,10,5,0,300,0.5,1700,0.5,0
13,4,877,2,10,5,0,300,0.5,1700,0.5,0
13,5,235,2,10,5,0,300,0.5,1700,0.5,2
13,6,838,2,10,5,0,300,0.5,1700,0.5,2
13,7,541,0,0,300,0.5,1700,0.5,0
13,8,418,1,0,300,0.5,1700,0.5,2
13,9,793,0,0,300,0.5,1700,0.5,1
13,10,432,0,0,500,0.6,1000,0.2,1400,0.2,0
13,11,647,2,10,5,0,500,0.6,1000,0.2,1400,0.2,0
13,12,52,2,10,5,0,300,0.5,1700,0.5,0
13,13,757,1,0,300,0.5,1700,0.5,2
13,14,776,2,10,5,0,300,0.5,1700,0.5,1
14,0,923,1,0,300,0.5,1700,0.5,1
14,1,694,1,0,300,0.5,1700,0.5,0
14,2,375,1,0,500,0.6,1000,0.2,1400,0.2,0
14,3,681,2,10,5,0,500,0.6,1000,0.2,1400,0.2,2
14,4,138,1,0,300,0.5,1700,0.5,1
14,5,723,2,10,5,0,500,0.6,1000,0.2,1400,0.2,2
14,6,878,2,10,5,0,500,0.6,1000,0.2,1400,0.2,0
14,7,155,0,0,500,0.6,1000,0.2,1400,0.2,0
14,8,828,1,0,300,0.5,1700,0.5,2
14,9,51,0,0,500,0.6,1000,0.2,1400,0.2,0
14,10,783,2,10,5,0,300,0.5,1700,0.5,0
14,11,931,2,10,5,0,300,0.5,1700,0.5,1
14,12,135,1,0,300,0.5,1700,0.5,1
14,13,393,2,10,5,0,500,0.6,1000,0.2,1400,0.2,2
14,14,948,0,0,500,0.6,1000,0.2,1400,0.2,1
