0,0,735,1,0,300,0.5,1700,0.5,1
0,1,503,0,0,300,0.5,1700,0.5,1
0,2,998,2,10,5,0,300,0.5,1700,0.5,1
0,3,649,0,0,500,0.6,1000,0.2,1400,0.2,0
0,4,989,0,0,300,0.5,1700,0.5,0
0,5,679,0,0,300,0.5,1700,0.5,1
0,6,960,0,0,500,0.6,1000,0.2,1400,0.2,1
0,7,719,2,10,5,0,500,0.6,1000,0.2,1400,0.2,1
0,8,335,1,0,500,0.6,1000,0.2,1400,0.2,2
0,9,496,1,0,300,0.5,1700,0.5,1
0,10,417,0,0,500,0.6,1000,0.2,1400,0.2,0
0,11,895,1,0,300,0.5,1700,0.5,1
0,12,659,2,10,5,0,500,0.6,1000,0.2,1400,0.2,1
0,13,625,0,0,300,0.5,1700,0.5,0
0,14,162,1,0,500,0.6,1000,0.2,1400,0.2,1
1,0,580,0,0,500,0.6,1000,0.2,1400,0.2,2
1,1,935,1,0,500,0.6,1000,0.2,1400,0.2,0
1,2,800,2,10,5,0,500,0.6,1000,0.2,1400,0.2,0
1,3,831,0,0,500,0.6,1000,0.2,1400,0.2,2
1,4,956,2,10,5,0,500,0.6,1000,0.2,1400,0.2,0
1,5,915,1,0,300,0.5,1700,0.5,2
1,6,106,0,0,300,0.5,1700,0.5,1
1,7,994,0,0,500,0.6,1000,0.2,1400,0.2,2
1,8,723,1,0,500,0.6,1000,0.2,1400,0.2,1
1,9,572,2,10,5,0,500,0.6,1000,0.2,1400,0.2,0
1,10,319,1,0,300,0.5,1700,0.5,0
1,11,559,1,0,500,0.6,1000,0.2,1400,0.2,1
1,12,897,0,0,300,0.5,1700,0.5,1
1,13,321,1,0,500,0.6,1000,0.2,1400,0.2,0
1,14,794,0,0,500,0.6,1000,0.2,1400,0.2,1
2,0,329,0,0,300,0.5,1700,0.5,0
2,1,97,2,10,5,0,300,0.5,1700,0.5,1
2,2,961,1,0,500,0.6,1000,0.2,1400,0.2,0
2,3,324,0,0,300,0.5,1700,0.5,0
2,4,830,1,0,500,0.6,1000,0.2,1400,0.2,2
2,5,704,2,10,5,0,300,0.5,1700,0.5,0
2,6,734,0,0,300,0.5,1700,0.5,0
2,7,509,0,0,300,0.5,1700,0.5,1
2,8,503,1,0,500,0.6,1000,0.2,1400,0.2,1
2,9,306,1,0,300,0.5,1700,0.5,0
2,10,435,2,10,5,0,500,0.6,1000,0.2,1400,0.2,1
2,11,882,2,10,5,0,500,0.6,1000,0.2,1400,0.2,1
2,12,538,2,10,5,0,300,0.5,1700,0.5,2
2,13,96,0,0,300,0.5,1700,0.5,1
2,14,201,2,10,5,0,300,0.5,1700,0.5,1
3,0,15,2,10,5,0,300,0.5,1700,0.5,1
3,1,876,1,0,500,0.6,1000,0.2,1400,0.2,0
3,2,963,2,10,5,0,500,0.6,1000,0.2,1400,0.2,0
3,3,575,0,0,500,0.6,1000,0.2,1400,0.2,0
3,4,215,0,0,500,0.6,1000,0.2,1400,0.2,1
3,5,462,1,0,300,0.5,1700,0.5,1
3,6,961,0,0,500,0.6,1000,0.2,1400,0.2,0
3,7,373,1,0,500,0.6,1000,0.2,1400,0.2,1
3,8,571,1,0,500,0.6,1000,0.2,1400,0.2,1
3,9,523,2,10,5,0,500,0.6,1000,0.2,1400,0.2,1
3,10,330,2,10,5,0,500,0.6,1000,0.2,1400,0.2,1
3,11,63,0,0,500,0.6,1000,0.2,1400,0.2,1
3,12,579,0,0,500,0.6,1000,0.2,1400,0.2,2
3,13,964,0,0,500,0.6,1000,0.2,1400,0.2,0
3,14,456,2,10,5,0,300,0.5,1700,0.5,1
4,0,872,1,0,500,0.6,1000,0.2,1400,0.2,1
4,1,896,2,10,5,0,300,0.5,1700,0.5,1
4,2,435,1,0,500,0.6,1000,0.2,1400,0.2,2
4,3,922,2,10,5,0,500,0.6,1000,0.2,1400,0.2,1
4,4,915,2,10,5,0,300,0.5,1700,0.5,0
4,5,21,2,10,5,0,300,0.5,1700,0.5,0
4,6,596,0,0,500,0.6,1000,0.2,1400,0.2,2
4,7,829,1,0,500,0.6,1000,0.2,1400,0.2,0
4,8,450,0,0,500,0.6,1000,0.2,1400,0.2,2
4,9,134,1,0,500,0.6,1000,0.2,1400,0.2,0
4,10,385,2,10,5,0,300,0.5,1700,0.5,1
4,11,282,2,10,5,0,300,0.5,1700,0.5,2
4,12,804,1,0,500,0.6,1000,0.2,1400,0.2,2
4,13,33,2,10,5,0,500,0.6,1000,0.2,1400,0.2,0
4,14,101,1,0,300,0.5,1700,0.5,1
5,0,950,2,10,5,0,500,0.6,1000,0.2,1400,0.2,0
5,1,821,1,0,500,0.6,1000,0.2,1400,0.2,1
5,2,727,1,0,300,0.5,1700,0.5,2
5,3,94,1,0,300,0.5,1700,0.5,2
5,4,248,2,10,5,0,300,0.5,1700,0.5,0
5,5,420,0,0,500,0.6,1000,0.2,1400,0.2,0
5,6,707,1,0,300,0.5,1700,0.5,2
5,7,228,1,0,500,0.6,1000,0.2,1400,0.2,0
5,8,170,0,0,300,0.5,1700,0.5,2
5,9,901,0,0,500,0.6,1000,0.2,1400,0.2,1
5,10,725,2,10,5,0,300,0.5,1700,0.5,2
5,11,700,0,0,500,0.6,1000,0.2,1400,0.2,2
5,12,176,1,0,300,0.5,1700,0.5,2
5,13,85,0,0,500,0.6,1000,0.2,1400,0.2,2
5,14,178,0,0,500,0.6,1000,0.2,1400,0.2,0
6,0,118,2,10,5,0,300,0.5,1700,0.5,1
6,1,440,1,0,300,0.5,1700,0.5,2
6,2,221,1,0,300,0.5,1700,0.5,2
6,3,794,0,0,500,0.6,1000,0.2,1400,0.2,2
6,4,654,2,10,5,0,300,0.5,1700,0.5,0
6,5,404,0,0,500,0.6,1000,0.2,1400,0.2,2
6,6,934,1,0,300,0.5,1700,0.5,2
6,7,706,1,0,300,0.5,1700,0.5,2
6,8,197,0,0,300,0.5,1700,0.5,2
6,9,210,1,0,500,0.6,1000,0.2,1400,0.2,2
6,10,567,2,10,5,0,500,0.6,1000,0.2,1400,0.2,0
6,11,893,1,0,300,0.5,1700,0.5,1
6,12,866,2,10,5,0,300,0.5,1700,0.5,2
6,13,545,0,0,300,0.5,1700,0.5,1
6,14,744,0,0,500,0.6,1000,0.2,1400,0.2,0
7,0,442,2,10,5,0,500,0.6,1000,0.2,1400,0.2,0
7,1,884,2,10,5,0,300,0.5,1700,0.5,1
7,2,59,0,0,500,0.6,1000,0.2,1400,0.2,1
7,3,416,0,0,300,0.5,1700,0.5,0
7,4,133,1,0,300,0.5,1700,0.5,0
7,5,245,2,10,5,0,500,0.6,1000,0.2,1400,0.2,0
7,6,686,2,10,5,0,500,0.6,1000,0.2,1400,0.2,1
7,7,572,0,0,500,0.6,1000,0.2,1400,0.2,1
7,8,189,1,0,300,0.5,1700,0.5,0
7,9,863,2,10,5,0,500,0.6,1000,0.2,1400,0.2,1
7,10,42,1,0,500,0.6,1000,0.2,1400,0.2,1
7,11,570,1,0,300,0.5,1700,0.5,2
7,12,848,2,10,5,0,300,0.5,1700,0.5,1
7,13,248,1,0,300,0.5,1700,0.5,2
7,14,411,1,0,300,0.5,1700,0.5,2
8,0,880,2,10,5,0,500,0.6,1000,0.2,1400,0.2,1
8,1,437,1,0,500,0.6,1000,0.2,1400,0.2,1
8,2,806,1,0,300,0.5,1700,0.5,0
8,3,850,1,0,300,0.5,1700,0.5,0
8,4,585,0,0,300,0.5,1700,0.5,2
8,5,634,1,0,300,0.5,1700,0.5,1
8,6,849,0,0,500,0.6,1000,0.2,1400,0.2,2
8,7,298,0,0,500,0.6,1000,0.2,1400,0.2,2
8,8,311,0,0,300,0.5,1700,0.5,2
8,9,699,0,0,300,0.5,1700,0.5,0
8,10,249,1,0,300,0.5,1700,0.5,1
8,11,821,1,0,500,0.6,1000,0.2,1400,0.2,0
8,12,398,0,0,300,0.5,1700,0.5,2
8,13,617,0,0,500,0.6,1000,0.2,1400,0.2,2
8,14,184,1,0,300,0.5,1700,0.5,1
9,0,532,2,10,5,0,500,0.6,1000,0.2,1400,0.2,2
9,1,40,1,0,500,0.6,1000,0.2,1400,0.2,1
9,2,856,0,0,300,0.5,1700,0.5,2
9,3,160,1,0,500,0.6,1000,0.2,1400,0.2,0
9,4,608,2,10,5,0,500,0.6,1000,0.2,1400,0.2,1
9,5,67,1,0,300,0.5,1700,0.5,2
9,6,960,0,0,300,0.5,1700,0.5,1
9,7,411,1,0,500,0.6,1000,0.2,1400,0.2,2
9,8,961,2,10,5,0,300,0.5,1700,0.5,0
9,9,170,1,0,300,0.5,1700,0.5,0
9,10,941,1,0,500,0.6,1000,0.2,1400,0.2,0
9,11,106,0,0,500,0.6,1000,0.2,1400,0.2,1
9,12,575,2,10,5,0,300,0.5,1700,0.5,1
9,13,387,1,0,500,0.6,1000,0.2,1400,0.2,0
9,14,752,0,0,300,0.5,1700,0.5,0
10,0,471,0,0,300,0.5,1700,0.5,0
10,1,196,1,0,500,0.6,1000,0.2,1400,0.2,2
10,2,110,0,0,500,0.6,1000,0.2,1400,0.2,2
10,3,397,2,10,5,0,300,0.5,1700,0.5,0
10,4,621,2,10,5,0,300,0.5,1700,0.5,0
10,5,394,1,0,300,0.5,1700,0.5,2
10,6,694,1,0,500,0.6,1000,0.2,1400,0.2,1
10,7,613,0,0,500,0.6,1000,0.2,1400,0.2,1
10,8,44,0,0,500,0.6,1000,0.2,1400,0.2,0
10,9,565,2,10,5,0,500,0.6,1000,0.2,1400,0.2,1
10,10,242,2,10,5,0,300,0.5,1700,0.5,0
10,11,940,0,0,300,0.5,1700,0.5,0
10,12,388,2,10,5,0,500,0.6,1000,0.2,1400,0.2,0
10,13,35,0,0,500,0.6,1000,0.2,1400,0.2,0
10,14,626,0,0,300,0.5,1700,0.5,0
11,0,45,1,0,500,0.6,1000,0.2,1400,0.2,2
11,1,490,1,0,500,0.6,1000,0.2,1400,0.2,2
11,2,488,1,0,300,0.5,1700,0.5,1
11,3,985,1,0,300,0.5,1700,0.5,0
11,4,816,0,0,300,0.5,1700,0.5,2
11,5,723,1,0,300,0.5,1700,0.5,0
11,6,297,1,0,500,0.6,1000,0.2,1400,0.2,1
11,7,403,1,0,500,0.6,1000,0.2,1400,0.2,0
11,8,967,2,10,5,0,500,0.6,1000,0.2,1400,0.2,1
11,9,940,0,0,500,0.6,1000,0.2,1400,0.2,0
11,10,163,2,10,5,0,300,0.5,1700,0.5,1
11,11,183,1,0,300,0.5,1700,0.5,0
11,12,955,0,0,500,0.6,1000,0.2,1400,0.2,2
11,13,215,1,0,300,0.5,1700,0.5,2
11,14,161,2,10,5,0,500,0.6,1000,0.2,1400,0.2,0
12,0,191,1,0,500,0.6,1000,0.2,1400,0.2,0
12,1,693,1,0,500,0.6,1000,0.2,1400,0.2,1
12,2,667,2,10,5,0,300,0.5,1700,0.5,1
12,3,379,0,0,500,0.6,1000,0.2,1400,0.2,2
12,4,79,1,0,500,0.6,1000,0.2,1400,0.2,1
12,5,998,0,0,300,0.5,1700,0.5,1
12,6,875,1,0,300,0.5,1700,0.5,0
12,7,55,1,0,300,0.5,1700,0.5,0
12,8,996,2,10,5,0,300,0.5,1700,0.5,0
12,9,540,2,10,5,0,500,0.6,1000,0.2,1400,0.2,0
12,10,88,1,0,300,0.5,1700,0.5,2
12,11,462,1,0,500,0.6,1000,0.2,1400,0.2,0
12,12,11,2,10,5,0,500,0.6,1000,0.2,1400,0.2,0
12,13,551,2,10,5,0,300,0.5,1700,0.5,1
12,14,36,2,10,5,0,500,0.6,1000,0.2,1400,0.2,1
13,0,904,2,10,5,0,500,0.6,1000,0.2,1400,0.2,0
13,1,700,1,0,500,0.6,1000,0.2,1400,0.2,2
13,2,651,2,10,5,0,500,0.6,1000,0.2,1400,0.2,1
13,3,566,2,10,5,0,300,0.5,1700,0.5,2
13,4,520,0,0,300,0.5,1700,0.5,2
13,5,453,0,0,300,0.5,1700,0.5,2
13,6,154,2,10,5,0,300,0.5,1700,0.5,1
13,7,282,0,0,300,0.5,1700,0.5,0
13,8,991,2,10,5,0,500,0.6,1000,0.2,1400,0.2,1
13,9,281,0,0,300,0.5,1700,0.5,2
13,10,480,1,0,500,0.6,1000,0.2,1400,0.2,2
13,11,364,1,0,300,0.5,1700,0.5,0
13,12,323,2,10,5,0,500,0.6,1000,0.2,1400,0.2,1
13,13,423,0,0,500,0.6,1000,0.2,1400,0.2,2
13,14,721,2,10,5,0,300,0.5,1700,0.5,2
14,0,720,2,10,5,0,500,0.6,1000,0.2,1400,0.2,0
14,1,598,2,10,5,0,300,0.5,1700,0.5,2
14,2,939,1,0,300,0.5,1700,0.5,0
14,3,149,0,0,500,0.6,1000,0.2,1400,0.2,1
14,4,433,1,0,300,0.5,1700,0.5,1
14,5,44,0,0,300,0.5,1700,0.5,0
14,6,40,0,0,500,0.6,1000,0.2,1400,0.2,2
14,7,711,2,10,5,0,300,0.5,1700,0.5,0
14,8,903,2,10,5,0,300,0.5,1700,0.5,1
14,9,431,2,10,5,0,500,0.6,1000,0.2,1400,0.2,1
14,10,606,0,0,500,0.6,1000,0.2,1400,0.2,1
14,11,17,1,0,300,0.5,1700,0.5,1
14,12,507,1,0,300,0.5,1700,0.5,1
14,13,738,1,0,300,0.5,1700,0.5,0
14,14,205,0,0,300,0.5,1700,0.5,2
