0,0,144,0,0,300,0.5,1700,0.5,0
0,1,550,1,0,500,0.6,1000,0.2,1400,0.2,2
0,2,34,1,0,300,0.5,1700,0.5,1
0,3,897,0,0,500,0.6,1000,0.2,1400,0.2,0
0,4,772,1,0,300,0.5,1700,0.5,1
0,5,315,1,0,300,0.5,1700,0.5,2
0,6,840,0,0,300,0.5,1700,0.5,2
0,7,437,1,0,300,0.5,1700,0.5,1
0,8,347,2,10,5,0,300,0.5,1700,0.5,0
0,9,270,1,0,500,0.6,1000,0.2,1400,0.2,0
0,10,604,2,10,5,0,500,0.6,1000,0.2,1400,0.2,2
0,11,450,2,10,5,0,500,0.6,1000,0.2,1400,0.2,0
0,12,282,0,0,500,0.6,1000,0.2,1400,0.2,1
0,13,322,0,0,500,0.6,1000,0.2,1400,0.2,2
0,14,945,1,0,500,0.6,1000,0.2,1400,0.2,1
1,0,776,0,0,300,0.5,1700,0.5,2
1,1,865,0,0,300,0.5,1700,0.5,2
1,2,816,1,0,300,0.5,1700,0.5,1
1,3,485,2,10,5,0,500,0.6,1000,0.2,1400,0.2,1
1,4,327,0,0,300,0.5,1700,0.5,1
1,5,526,0,0,300,0.5,1700,0.5,0
1,6,846,0,0,300,0.5,1700,0.5,1
1,7,868,0,0,500,0.6,1000,0.2,1400,0.2,0
1,8,635,2,10,5,0,500,0.6,1000,0.2,1400,0.2,0
1,9,350,2,10,5,0,500,0.6,1000,0.2,1400,0.2,1
1,10,224,2,10,5,0,300,0.5,1700,0.5,1
1,11,620,0,0,500,0.6,1000,0.2,1400,0.2,2
1,12,10,2,10,5,0,500,0.6,1000,0.2,1400,0.2,2
1,13,443,1,0,500,0.6,1000,0.2,1400,0.2,2
1,14,160,0,0,300,0.5,1700,0.5,2
2,0,461,2,10,5,0,500,0.6,1000,0.2,1400,0.2,0
2,1,733,0,0,300,0.5,1700,0.5,0
2,2,163,1,0,300,0.5,1700,0.5,2
2,3,66,0,0,300,0.5,1700,0.5,1
2,4,82,1,0,500,0.6,1000,0.2,1400,0.2,1
2,5,980,0,0,500,0.6,1000,0.2,1400,0.2,1
2,6,879,2,10,5,0,500,0.6,1000,0.2,1400,0.2,0
2,7,723,1,0,500,0.6,1000,0.2,1400,0.2,2
2,8,848,1,0,500,0.6,1000,0.2,1400,0.2,1
2,9,355,2,10,5,0,500,0.6,1000,0.2,1400,0.2,0
2,10,521,0,0,500,0.6,1000,0.2,1400,0.2,2
2,11,41,0,0,300,0.5,1700,0.5,0
2,12,961,2,10,5,0,300,0.5,1700,0.5,0
2,13,761,0,0,300,0.5,1700,0.5,2
2,14,417,1,0,500,0.6,1000,0.2,1400,0.2,1
3,0,594,2,10,5,0,300,0.5,1700,0.5,1
3,1,987,2,10,5,0,300,0.5,1700,0.5,2
3,2,559,2,10,5,0,500,0.6,1000,0.2,1400,0.2,0
3,3,744,0,0,300,0.5,1700,0.5,0
3,4,103,0,0,300,0.5,1700,0.5,2
3,5,74,0,0,500,0.6,1000,0.2,1400,0.2,1
3,6,746,0,0,300,0.5,1700,0.5,0
3,7,570,0,0,300,0.5,1700,0.5,0
3,8,255,2,10,5,0,300,0.5,1700,0.5,2
3,9,208,0,0,300,0.5,1700,0.5,2
3,10,773,2,10,5,0,500,0.6,1000,0.2,1400,0.2,1
3,11,198,2,10,5,0,300,0.5,1700,0.5,2
3,12,194,0,0,300,0.5,1700,0.5,0
3,13,295,1,0,500,0.6,1000,0.2,1400,0.2,2
3,14,832,0,0,500,0.6,1000,0.2,1400,0.2,2
4,0,555,0,0,500,0.6,1000,0.2,1400,0.2,2
4,1,722,1,0,500,0.6,1000,0.2,1400,0.2,2
4,2,853,1,0,500,0.6,1000,0.2,1400,0.2,1
4,3,551,1,0,300,0.5,1700,0.5,0
4,4,165,1,0,300,0.5,1700,0.5,0
4,5,304,0,0,500,0.6,1000,0.2,1400,0.2,0
4,6,762,1,0,300,0.5,1700,0.5,0
4,7,723,2,10,5,0,500,0.6,1000,0.2,1400,0.2,2
4,8,342,0,0,500,0.6,1000,0.2,1400,0.2,2
4,9,479,0,0,300,0.5,1700,0.5,0
4,10,492,2,10,5,0,300,0.5,1700,0.5,2
4,11,815,0,0,500,0.6,1000,0.2,1400,0.2,2
4,12,413,0,0,300,0.5,1700,0.5,1
4,13,209,1,0,500,0.6,1000,0.2,1400,0.2,1
4,14,441,0,0,500,0.6,1000,0.2,1400,0.2,0
5,0,246,1,0,300,0.5,1700,0.5,1
5,1,767,2,10,5,0,500,0.6,1000,0.2,1400,0.2,0
5,2,878,2,10,5,0,500,0.6,1000,0.2,1400,0.2,1
5,3,882,0,0,300,0.5,1700,0.5,0
5,4,776,1,0,300,0.5,1700,0.5,0
5,5,374,1,0,300,0.5,1700,0.5,1
5,6,718,0,0,500,0.6,1000,0.2,1400,0.2,2
5,7,240,1,0,300,0.5,1700,0.5,1
5,8,369,0,0,500,0.6,1000,0.2,1400,0.2,2
5,9,564,0,0,500,0.6,1000,0.2,1400,0.2,1
5,10,730,1,0,300,0.5,1700,0.5,1
5,11,870,2,10,5,0,500,0.6,1000,0.2,1400,0.2,1
5,12,925,2,10,5,0,500,0.6,1000,0.2,1400,0.2,0
5,13,201,1,0,500,0.6,1000,0.2,1400,0.2,2
5,14,440,0,0,500,0.6,1000,0.2,1400,0.2,0
6,0,183,1,0,300,0.5,1700,0.5,1
6,1,575,1,0,300,0.5,1700,0.5,0
6,2,624,2,10,5,0,500,0.6,1000,0.2,1400,0.2,0
6,3,218,0,0,500,0.6,1000,0.2,1400,0.2,0
6,4,133,2,10,5,0,300,0.5,1700,0.5,2
6,5,956,2,10,5,0,500,0.6,1000,0.2,1400,0.2,0
6,6,632,1,0,300,0.5,1700,0.5,0
6,7,748,1,0,500,0.6,1000,0.2,1400,0.2,2
6,8,472,0,0,300,0.5,1700,0.5,0
6,9,702,2,10,5,0,500,0.6,1000,0.2,1400,0.2,2
6,10,113,0,0,300,0.5,1700,0.5,0
6,11,552,0,0,500,0.6,1000,0.2,1400,0.2,1
6,12,53,0,0,300,0.5,1700,0.5,0
6,13,115,2,10,5,0,500,0.6,1000,0.2,1400,0.2,1
6,14,16,0,0,300,0.5,1700,0.5,2
7,0,602,1,0,300,0.5,1700,0.5,1
7,1,159,1,0,300,0.5,1700,0.5,0
7,2,569,0,0,300,0.5,1700,0.5,2
7,3,790,2,10,5,0,300,0.5,1700,0.5,2
7,4,324,0,0,300,0.5,1700,0.5,2
7,5,953,1,0,300,0.5,1700,0.5,1
7,6,525,0,0,500,0.6,1000,0.2,1400,0.2,2
7,7,416,2,10,5,0,500,0.6,1000,0.2,1400,0.2,0
7,8,205,1,0,300,0.5,1700,0.5,2
7,9,532,2,10,5,0,500,0.6,1000,0.2,1400,0.2,2
7,10,58,1,0,500,0.6,1000,0.2,1400,0.2,0
7,11,78,2,10,5,0,300,0.5,1700,0.5,0
7,12,509,0,0,500,0.6,1000,0.2,1400,0.2,1
7,13,474,2,10,5,0,300,0.5,1700,0.5,1
7,14,622,2,10,5,0,500,0.6,1000,0.2,1400,0.2,2
8,0,986,0,0,300,0.5,1700,0.5,1
8,1,964,1,0,300,0.5,1700,0.5,1
8,2,25,0,0,300,0.5,1700,0.5,2
8,3,37,0,0,300,0.5,1700,0.5,2
8,4,366,0,0,300,0.5,1700,0.5,2
8,5,776,2,10,5,0,500,0.6,1000,0.2,1400,0.2,2
8,6,19,1,0,500,0.6,1000,0.2,1400,0.2,1
8,7,738,1,0,500,0.6,1000,0.2,1400,0.2,0
8,8,506,0,0,500,0.6,1000,0.2,1400,0.2,0
8,9,886,1,0,300,0.5,1700,0.5,2
8,10,616,1,0,300,0.5,1700,0.5,0
8,11,60,0,0,500,0.6,1000,0.2,1400,0.2,2
8,12,271,1,0,300,0.5,1700,0.5,1
8,13,724,2,10,5,0,300,0.5,1700,0.5,2
8,14,649,2,10,5,0,500,0.6,1000,0.2,1400,0.2,2
9,0,478,2,10,5,0,300,0.5,1700,0.5,1
9,1,184,0,0,300,0.5,1700,0.5,1
9,2,761,1,0,300,0.5,1700,0.5,0
9,3,821,0,0,500,0.6,1000,0.2,1400,0.2,2
9,4,830,0,0,500,0.6,1000,0.2,1400,0.2,2
9,5,445,1,0,300,0.5,1700,0.5,1
9,6,324,2,10,5,0,300,0.5,1700,0.5,2
9,7,777,2,10,5,0,500,0.6,1000,0.2,1400,0.2,2
9,8,254,0,0,500,0.6,1000,0.2,1400,0.2,2
9,9,350,2,10,5,0,300,0.5,1700,0.5,1
9,10,422,0,0,500,0.6,1000,0.2,1400,0.2,1
9,11,806,0,0,500,0.6,1000,0.2,1400,0.2,0
9,12,728,1,0,300,0.5,1700,0.5,1
9,13,368,2,10,5,0,300,0.5,1700,0.5,1
9,14,536,2,10,5,0,300,0.5,1700,0.5,1
10,0,60,0,0,300,0.5,1700,0.5,1
10,1,239,1,0,500,0.6,1000,0.2,1400,0.2,1
10,2,86,0,0,300,0.5,1700,0.5,2
10,3,228,0,0,500,0.6,1000,0.2,1400,0.2,0
10,4,656,1,0,300,0.5,1700,0.5,2
10,5,574,1,0,300,0.5,1700,0.5,1
10,6,212,0,0,500,0.6,1000,0.2,1400,0.2,1
10,7,832,2,10,5,0,500,0.6,1000,0.2,1400,0.2,2
10,8,968,0,0,300,0.5,1700,0.5,0
10,9,609,0,0,300,0.5,1700,0.5,1
10,10,661,2,10,5,0,300,0.5,1700,0.5,2
10,11,179,0,0,300,0.5,1700,0.5,2
10,12,462,1,0,300,0.5,1700,0.5,2
10,13,167,1,0,300,0.5,1700,0.5,2
10,14,728,0,0,500,0.6,1000,0.2,1400,0.2,1
11,0,901,1,0,300,0.5,1700,0.5,2
11,1,95,2,10,5,0,500,0.6,1000,0.2,1400,0.2,0
11,2,199,0,0,300,0.5,1700,0.5,0
11,3,287,0,0,500,0.6,1000,0.2,1400,0.2,0
11,4,591,0,0,500,0.6,1000,0.2,1400,0.2,0
11,5,899,1,0,300,0.5,1700,0.5,2
11,6,128,1,0,300,0.5,1700,0.5,1
11,7,34,1,0,300,0.5,1700,0.5,2
11,8,222,0,0,300,0.5,1700,0.5,1
11,9,245,0,0,300,0.5,1700,0.5,1
11,10,767,0,0,300,0.5,1700,0.5,0
11,11,219,2,10,5,0,500,0.6,1000,0.2,1400,0.2,1
11,12,466,2,10,5,0,500,0.6,1000,0.2,1400,0.2,0
11,13,143,1,0,500,0.6,1000,0.2,1400,0.2,1
11,14,570,2,10,5,0,300,0.5,1700,0.5,0
12,0,420,0,0,500,0.6,1000,0.2,1400,0.2,1
12,1,912,1,0,300,0.5,1700,0.5,0
12,2,10,2,10,5,0,500,0.6,1000,0.2,1400,0.2,1
12,3,382,2,10,5,0,300,0.5,1700,0.5,2
12,4,982,0,0,500,0.6,1000,0.2,1400,0.2,1
12,5,927,2,10,5,0,500,0.6,1000,0.2,1400,0.2,2
12,6,124,2,10,5,0,300,0.5,1700,0.5,1
12,7,168,0,0,500,0.6,1000,0.2,1400,0.2,0
12,8,388,1,0,500,0.6,1000,0.2,1400,0.2,1
12,9,531,1,0,500,0.6,1000,0.2,1400,0.2,2
12,10,375,2,10,5,0,500,0.6,1000,0.2,1400,0.2,1
12,11,804,2,10,5,0,300,0.5,1700,0.5,0
12,12,101,2,10,5,0,300,0.5,1700,0.5,0
12,13,946,2,10,5,0,300,0.5,1700,0.5,2
12,14,538,1,0,500,0.6,1000,0.2,1400,0.2,1
13,0,898,1,0,300,0.5,1700,0.5,1
13,1,371,0,0,300,0.5,1700,0.5,2
13,2,647,0,0,300,0.5,1700,0.5,0
13,3,756,1,0,300,0.5,1700,0.5,2
13,4,481,0,0,300,0.5,1700,0.5,1
13,5,773,0,0,300,0.5,1700,0.5,1
13,6,53,0,0,500,0.6,1000,0.2,1400,0.2,1
13,7,270,2,10,5,0,300,0.5,1700,0.5,1
13,8,945,1,0,300,0.5,1700,0.5,2
13,9,688,0,0,500,0.6,1000,0.2,1400,0.2,2
13,10,262,1,0,500,0.6,1000,0.2,1400,0.2,1
13,11,500,1,0,500,0.6,1000,0.2,1400,0.2,1
13,12,706,1,0,300,0.5,1700,0.5,0
13,13,747,2,10,5,0,500,0.6,1000,0.2,1400,0.2,0
13,14,265,2,10,5,0,500,0.6,1000,0.2,1400,0.2,0
14,0,894,2,10,5,0,500,0.6,1000,0.2,1400,0.2,0
14,1,69,1,0,500,0.6,1000,0.2,1400,0.2,2
14,2,88,2,10,5,0,500,0.6,1000,0.2,1400,0.2,2
14,3,472,0,0,300,0.5,1700,0.5,2
14,4,780,0,0,500,0.6,1000,0.2,1400,0.2,1
14,5,109,0,0,300,0.5,1700,0.5,2
14,6,373,1,0,300,0.5,1700,0.5,2
14,7,360,2,10,5,0,300,0.5,1700,0.5,0
14,8,860,0,0,300,0.5,1700,0.5,2
14,9,365,1,0,500,0.6,1000,0.2,1400,0.2,2
14,10,898,2,10,5,0,300,0.5,1700,0.5,2
14,11,44,2,10,5,0,500,0.6,1000,0.2,1400,0.2,0
14,12,812,0,0,500,0.6,1000,0.2,1400,0.2,0
14,13,132,0,0,300,0.5,1700,0.5,2
14,14,667,2,10,5,0,300,0.5,1700,0.5,1
