0,0,920,2,10,5,0,300,0.5,1700,0.5,0
0,1,383,1,0,500,0.6,1000,0.2,1400,0.2,2
0,2,441,2,10,5,0,300,0.5,1700,0.5,0
0,3,393,1,0,300,0.5,1700,0.5,2
0,4,729,1,0,300,0.5,1700,0.5,0
0,5,844,0,0,300,0.5,1700,0.5,1
0,6,447,0,0,500,0.6,1000,0.2,1400,0.2,1
0,7,265,2,10,5,0,300,0.5,1700,0.5,0
0,8,659,1,0,300,0.5,1700,0.5,2
0,9,906,0,0,500,0.6,1000,0.2,1400,0.2,2
0,10,646,1,0,500,0.6,1000,0.2,1400,0.2,2
0,11,597,1,0,500,0.6,1000,0.2,1400,0.2,2
0,12,746,0,0,500,0.6,1000,0.2,1400,0.2,1
0,13,358,2,10,5,0,300,0.5,1700,0.5,0
0,14,253,1,0,500,0.6,1000,0.2,1400,0.2,1
1,0,992,0,0,500,0.6,1000,0.2,1400,0.2,1
1,1,470,1,0,500,0.6,1000,0.2,1400,0.2,1
1,2,741,2,10,5,0,500,0.6,1000,0.2,1400,0.2,0
1,3,340,2,10,5,0,500,0.6,1000,0.2,1400,0.2,2
1,4,606,1,0,500,0.6,1000,0.2,1400,0.2,0
1,5,502,2,10,5,0,500,0.6,1000,0.2,1400,0.2,1
1,6,267,1,0,300,0.5,1700,0.5,2
1,7,259,1,0,300,0.5,1700,0.5,2
1,8,189,0,0,500,0.6,1000,0.2,1400,0.2,0
1,9,730,2,10,5,0,300,0.5,1700,0.5,2
1,10,248,2,10,5,0,300,0.5,1700,0.5,1
1,11,53,2,10,5,0,500,0.6,1000,0.2,1400,0.2,1
1,12,654,1,0,500,0.6,1000,0.2,1400,0.2,1
1,13,761,1,0,500,0.6,1000,0.2,1400,0.2,0
1,14,584,2,10,5,0,500,0.6,1000,0.2,1400,0.2,0
2,0,668,0,0,300,0.5,1700,0.5,0
2,1,606,0,0,300,0.5,1700,0.5,1
2,2,507,1,0,300,0.5,1700,0.5,1
2,3,609,2,10,5,0,500,0.6,1000,0.2,1400,0.2,1
2,4,657,1,0,300,0.5,1700,0.5,1
2,5,622,1,0,500,0.6,1000,0.2,1400,0.2,1
2,6,916,0,0,300,0.5,1700,0.5,0
2,7,30,1,0,300,0.5,1700,0.5,1
2,8,529,1,0,500,0.6,1000,0.2,1400,0.2,2
2,9,24,1,0,500,0.6,1000,0.2,1400,0.2,0
2,10,236,1,0,300,0.5,1700,0.5,2
2,11,118,2,10,5,0,300,0.5,1700,0.5,1
2,12,355,2,10,5,0,500,0.6,1000,0.2,1400,0.2,2
2,13,655,2,10,5,0,500,0.6,1000,0.2,1400,0.2,1
2,14,285,2,10,5,0,500,0.6,1000,0.2,1400,0.2,1
3,0,672,0,0,500,0.6,1000,0.2,1400,0.2,1
3,1,744,1,0,300,0.5,1700,0.5,1
3,2,913,0,0,300,0.5,1700,0.5,1
3,3,485,1,0,500,0.6,1000,0.2,1400,0.2,2
3,4,482,1,0,300,0.5,1700,0.5,1
3,5,527,2,10,5,0,500,0.6,1000,0.2,1400,0.2,1
3,6,200,1,0,300,0.5,1700,0.5,0
3,7,682,0,0,500,0.6,1000,0.2,1400,0.2,2
3,8,813,1,0,500,0.6,1000,0.2,1400,0.2,2
3,9,937,2,10,5,0,500,0.6,1000,0.2,1400,0.2,1
3,10,594,0,0,300,0.5,1700,0.5,1
3,11,175,0,0,300,0.5,1700,0.5,1
3,12,931,0,0,500,0.6,1000,0.2,1400,0.2,0
3,13,779,0,0,300,0.5,1700,0.5,2
3,14,390,2,10,5,0,500,0.6,1000,0.2,1400,0.2,2
4,0,47,2,10,5,0,500,0.6,1000,0.2,1400,0.2,2
4,1,326,1,0,500,0.6,1000,0.2,1400,0.2,2
4,2,571,2,10,5,0,300,0.5,1700,0.5,2
4,3,494,1,0,500,0.6,1000,0.2,1400,0.2,1
4,4,100,1,0,300,0.5,1700,0.5,2
4,5,540,0,0,300,0.5,1700,0.5,0
4,6,582,2,10,5,0,500,0.6,1000,0.2,1400,0.2,0
4,7,141,2,10,5,0,500,0.6,1000,0.2,1400,0.2,1
4,8,396,1,0,500,0.6,1000,0.2,1400,0.2,0
4,9,341,1,0,300,0.5,1700,0.5,1
4,10,691,0,0,300,0.5,1700,0.5,1
4,11,448,1,0,500,0.6,1000,0.2,1400,0.2,0
4,12,501,0,0,300,0.5,1700,0.5,1
4,13,814,2,10,5,0,300,0.5,1700,0.5,0
4,14,825,1,0,500,0.6,1000,0.2,1400,0.2,2
5,0,786,0,0,300,0.5,1700,0.5,0
5,1,548,0,0,300,0.5,1700,0.5,0
5,2,126,2,10,5,0,300,0.5,1700,0.5,2
5,3,263,0,0,300,0.5,1700,0.5,0
5,4,202,0,0,500,0.6,1000,0.2,1400,0.2,2
5,5,764,2,10,5,0,500,0.6,1000,0.2,1400,0.2,2
5,6,337,1,0,300,0.5,1700,0.5,1
5,7,461,1,0,500,0.6,1000,0.2,1400,0.2,2
5,8,654,2,10,5,0,500,0.6,1000,0.2,1400,0.2,2
5,9,463,0,0,500,0.6,1000,0.2,1400,0.2,1
5,10,551,1,0,500,0.6,1000,0.2,1400,0.2,0
5,11,954,2,10,5,0,500,0.6,1000,0.2,1400,0.2,2
5,12,290,0,0,300,0.5,1700,0.5,0
5,13,871,2,10,5,0,300,0.5,1700,0.5,0
5,14,950,1,0,300,0.5,1700,0.5,2
6,0,421,0,0,300,0.5,1700,0.5,1
6,1,815,1,0,300,0.5,1700,0.5,0
6,2,898,2,10,5,0,500,0.6,1000,0.2,1400,0.2,1
6,3,565,2,10,5,0,300,0.5,1700,0.5,0
6,4,717,0,0,500,0.6,1000,0.2,1400,0.2,2
6,5,78,1,0,300,0.5,1700,0.5,1
6,6,741,2,10,5,0,300,0.5,1700,0.5,0
6,7,645,2,10,5,0,300,0.5,1700,0.5,0
6,8,523,0,0,500,0.6,1000,0.2,1400,0.2,0
6,9,117,2,10,5,0,300,0.5,1700,0.5,2
6,10,857,1,0,300,0.5,1700,0.5,2
6,11,296,1,0,500,0.6,1000,0.2,1400,0.2,0
6,12,499,1,0,300,0.5,1700,0.5,0
6,13,135,1,0,300,0.5,1700,0.5,0
6,14,368,0,0,300,0.5,1700,0.5,0
7,0,201,2,10,5,0,300,0.5,1700,0.5,0
7,1,897,0,0,300,0.5,1700,0.5,2
7,2,75,0,0,300,0.5,1700,0.5,2
7,3,38,2,10,5,0,300,0.5,1700,0.5,0
7,4,799,0,0,500,0.6,1000,0.2,1400,0.2,0
7,5,531,0,0,500,0.6,1000,0.2,1400,0.2,0
7,6,556,2,10,5,0,300,0.5,1700,0.5,1
7,7,461,0,0,300,0.5,1700,0.5,0
7,8,730,1,0,500,0.6,1000,0.2,1400,0.2,1
7,9,772,1,0,500,0.6,1000,0.2,1400,0.2,2
7,10,586,2,10,5,0,300,0.5,1700,0.5,0
7,11,749,0,0,500,0.6,1000,0.2,1400,0.2,0
7,12,236,0,0,300,0.5,1700,0.5,1
7,13,99,0,0,300,0.5,1700,0.5,0
7,14,38,2,10,5,0,500,0.6,1000,0.2,1400,0.2,0
8,0,258,1,0,300,0.5,1700,0.5,1
8,1,795,0,0,500,0.6,1000,0.2,1400,0.2,1
8,2,347,0,0,300,0.5,1700,0.5,1
8,3,408,2,10,5,0,500,0.6,1000,0.2,1400,0.2,2
8,4,947,1,0,500,0.6,1000,0.2,1400,0.2,0
8,5,311,0,0,300,0.5,1700,0.5,2
8,6,382,1,0,500,0.6,1000,0.2,1400,0.2,0
8,7,133,0,0,500,0.6,1000,0.2,1400,0.2,1
8,8,98,1,0,500,0.6,1000,0.2,1400,0.2,1
8,9,184,2,10,5,0,300,0.5,1700,0.5,2
8,10,269,2,10,5,0,300,0.5,1700,0.5,1
8,11,102,2,10,5,0,300,0.5,1700,0.5,1
8,12,901,1,0,500,0.6,1000,0.2,1400,0.2,0
8,13,338,0,0,300,0.5,1700,0.5,1
8,14,828,1,0,300,0.5,1700,0.5,1
9,0,176,1,0,300,0.5,1700,0.5,2
9,1,229,0,0,300,0.5,1700,0.5,2
9,2,510,2,10,5,0,500,0.6,1000,0.2,1400,0.2,2
9,3,562,0,0,500,0.6,1000,0.2,1400,0.2,2
9,4,839,2,10,5,0,300,0.5,1700,0.5,2
9,5,663,2,10,5,0,500,0.6,1000,0.2,1400,0.2,0
9,6,584,1,0,300,0.5,1700,0.5,0
9,7,237,1,0,500,0.6,1000,0.2,1400,0.2,0
9,8,890,2,10,5,0,500,0.6,1000,0.2,1400,0.2,1
9,9,656,2,10,5,0,300,0.5,1700,0.5,1
9,10,129,1,0,500,0.6,1000,0.2,1400,0.2,2
9,11,762,0,0,500,0.6,1000,0.2,1400,0.2,1
9,12,192,2,10,5,0,500,0.6,1000,0.2,1400,0.2,0
9,13,774,2,10,5,0,300,0.5,1700,0.5,0
9,14,805,0,0,500,0.6,1000,0.2,1400,0.2,0
10,0,437,0,0,500,0.6,1000,0.2,1400,0.2,2
10,1,360,1,0,500,0.6,1000,0.2,1400,0.2,0
10,2,700,1,0,300,0.5,1700,0.5,1
10,3,450,0,0,500,0.6,1000,0.2,1400,0.2,2
10,4,350,0,0,300,0.5,1700,0.5,0
10,5,993,1,0,500,0.6,1000,0.2,1400,0.2,0
10,6,579,2,10,5,0,300,0.5,1700,0.5,0
10,7,859,2,10,5,0,300,0.5,1700,0.5,2
10,8,415,2,10,5,0,500,0.6,1000,0.2,1400,0.2,0
10,9,617,1,0,500,0.6,1000,0.2,1400,0.2,0
10,10,306,0,0,300,0.5,1700,0.5,0
10,11,497,2,10,5,0,300,0.5,1700,0.5,1
10,12,227,2,10,5,0,500,0.6,1000,0.2,1400,0.2,1
10,13,991,2,10,5,0,500,0.6,1000,0.2,1400,0.2,1
10,14,957,2,10,5,0,500,0.6,1000,0.2,1400,0.2,1
11,0,638,0,0,500,0.6,1000,0.2,1400,0.2,0
11,1,482,0,0,500,0.6,1000,0.2,1400,0.2,2
11,2,323,1,0,500,0.6,1000,0.2,1400,0.2,1
11,3,788,0,0,500,0.6,1000,0.2,1400,0.2,0
11,4,802,0,0,300,0.5,1700,0.5,1
11,5,184,0,0,300,0.5,1700,0.5,2
11,6,709,1,0,500,0.6,1000,0.2,1400,0.2,2
11,7,652,2,10,5,0,500,0.6,1000,0.2,1400,0.2,2
11,8,693,2,10,5,0,300,0.5,1700,0.5,2
11,9,193,0,0,500,0.6,1000,0.2,1400,0.2,2
11,10,126,2,10,5,0,300,0.5,1700,0.5,2
11,11,333,2,10,5,0,300,0.5,1700,0.5,2
11,12,964,2,10,5,0,300,0.5,1700,0.5,1
11,13,850,1,0,500,0.6,1000,0.2,1400,0.2,0
11,14,810,1,0,500,0.6,1000,0.2,1400,0.2,2
12,0,628,2,10,5,0,500,0.6,1000,0.2,1400,0.2,1
12,1,590,1,0,300,0.5,1700,0.5,2
12,2,72,2,10,5,0,300,0.5,1700,0.5,2
12,3,872,0,0,500,0.6,1000,0.2,1400,0.2,1
12,4,499,1,0,300,0.5,1700,0.5,2
12,5,71,0,0,300,0.5,1700,0.5,0
12,6,404,0,0,300,0.5,1700,0.5,1
12,7,570,1,0,500,0.6,1000,0.2,1400,0.2,2
12,8,166,0,0,500,0.6,1000,0.2,1400,0.2,0
12,9,719,2,10,5,0,300,0.5,1700,0.5,0
12,10,256,0,0,500,0.6,1000,0.2,1400,0.2,1
12,11,861,1,0,300,0.5,1700,0.5,1
12,12,983,0,0,500,0.6,1000,0.2,1400,0.2,1
12,13,12,2,10,5,0,300,0.5,1700,0.5,2
12,14,853,0,0,300,0.5,1700,0.5,1
13,0,108,2,10,5,0,500,0.6,1000,0.2,1400,0.2,0
13,1,964,0,0,300,0.5,1700,0.5,2
13,2,308,2,10,5,0,500,0.6,1000,0.2,1400,0.2,2
13,3,159,1,0,500,0.6,1000,0.2,1400,0.2,0
13,4,435,1,0,500,0.6,1000,0.2,1400,0.2,1
13,5,692,2,10,5,0,500,0.6,1000,0.2,1400,0.2,1
13,6,433,0,0,300,0.5,1700,0.5,0
13,7,406,1,0,500,0.6,1000,0.2,1400,0.2,1
13,8,718,1,0,500,0.6,1000,0.2,1400,0.2,2
13,9,612,0,0,300,0.5,1700,0.5,0
13,10,294,0,0,300,0.5,1700,0.5,2
13,11,194,0,0,500,0.6,1000,0.2,1400,0.2,0
13,12,438,0,0,300,0.5,1700,0.5,1
13,13,891,0,0,500,0.6,1000,0.2,1400,0.2,1
13,14,265,0,0,500,0.6,1000,0.2,1400,0.2,1
14,0,360,1,0,300,0.5,1700,0.5,2
14,1,440,0,0,300,0.5,1700,0.5,1
14,2,803,1,0,500,0.6,1000,0.2,1400,0.2,2
14,3,981,0,0,500,0.6,1000,0.2,1400,0.2,0
14,4,530,2,10,5,0,500,0.6,1000,0.2,1400,0.2,1
14,5,97,1,0,500,0.6,1000,0.2,1400,0.2,1
14,6,992,0,0,500,0.6,1000,0.2,1400,0.2,1
14,7,813,2,10,5,0,500,0.6,1000,0.2,1400,0.2,0
14,8,945,0,0,500,0.6,1000,0.2,1400,0.2,2
14,9,832,1,0,500,0.6,1000,0.2,1400,0.2,0
14,10,971,2,10,5,0,300,0.5,1700,0.5,1
14,11,1000,0,0,500,0.6,1000,0.2,1400,0.2,2
14,12,74,1,0,500,0.6,1000,0.2,1400,0.2,0
14,13,884,1,0,500,0.6,1000,0.2,1400,0.2,2
14,14,409,0,0,300,0.5,1700,0.5,2
