0,0,634,0,0,500,0.6,1000,0.2,1400,0.2,0
0,1,329,0,0,500,0.6,1000,0.2,1400,0.2,0
0,2,817,2,10,5,0,300,0.5,1700,0.5,1
0,3,226,2,10,5,0,500,0.6,1000,0.2,1400,0.2,2
0,4,682,2,10,5,0,300,0.5,1700,0.5,0
0,5,634,0,0,500,0.6,1000,0.2,1400,0.2,0
0,6,860,2,10,5,0,300,0.5,1700,0.5,0
0,7,372,1,0,300,0.5,1700,0.5,0
0,8,157,2,10,5,0,500,0.6,1000,0.2,1400,0.2,0
0,9,765,1,0,300,0.5,1700,0.5,2
0,10,103,2,10,5,0,300,0.5,1700,0.5,1
0,11,843,0,0,300,0.5,1700,0.5,2
0,12,348,0,0,300,0.5,1700,0.5,0
0,13,325,1,0,300,0.5,1700,0.5,0
0,14,78,1,0,500,0.6,1000,0.2,1400,0.2,2
1,0,659,2,10,5,0,500,0.6,1000,0.2,1400,0.2,1
1,1,552,1,0,500,0.6,1000,0.2,1400,0.2,0
1,2,410,1,0,500,0.6,1000,0.2,1400,0.2,0
1,3,30,1,0,500,0.6,1000,0.2,1400,0.2,1
1,4,163,1,0,500,0.6,1000,0.2,1400,0.2,2
1,5,182,2,10,5,0,300,0.5,1700,0.5,0
1,6,437,0,0,500,0.6,1000,0.2,1400,0.2,2
1,7,752,2,10,5,0,300,0.5,1700,0.5,1
1,8,701,1,0,500,0.6,1000,0.2,1400,0.2,0
1,9,970,2,10,5,0,500,0.6,1000,0.2,1400,0.2,2
1,10,783,1,0,300,0.5,1700,0.5,1
1,11,170,0,0,300,0.5,1700,0.5,0
1,12,106,2,10,5,0,300,0.5,1700,0.5,0
1,13,897,0,0,300,0.5,1700,0.5,0
1,14,456,0,0,300,0.5,1700,0.5,1
2,0,642,1,0,300,0.5,1700,0.5,0
2,1,798,2,10,5,0,500,0.6,1000,0.2,1400,0.2,0
2,2,450,1,0,500,0.6,1000,0.2,1400,0.2,1
2,3,771,0,0,300,0.5,1700,0.5,2
2,4,357,0,0,300,0.5,1700,0.5,2
2,5,914,0,0,300,0.5,1700,0.5,1
2,6,844,2,10,5,0,500,0.6,1000,0.2,1400,0.2,1
2,7,439,0,0,500,0.6,1000,0.2,1400,0.2,1
2,8,160,1,0,500,0.6,1000,0.2,1400,0.2,0
2,9,750,2,10,5,0,300,0.5,1700,0.5,2
2,10,542,0,0,300,0.5,1700,0.5,1
2,11,987,2,10,5,0,500,0.6,1000,0.2,1400,0.2,0
2,12,906,1,0,500,0.6,1000,0.2,1400,0.2,0
2,13,822,0,0,300,0.5,1700,0.5,1
2,14,782,1,0,500,0.6,1000,0.2,1400,0.2,0
3,0,126,1,0,300,0.5,1700,0.5,0
3,1,276,1,0,500,0.6,1000,0.2,1400,0.2,2
3,2,392,1,0,300,0.5,1700,0.5,1
3,3,779,1,0,300,0.5,1700,0.5,2
3,4,257,2,10,5,0,300,0.5,1700,0.5,1
3,5,636,2,10,5,0,300,0.5,1700,0.5,0
3,6,302,0,0,300,0.5,1700,0.5,0
3,7,70,0,0,300,0.5,1700,0.5,0
3,8,576,1,0,500,0.6,1000,0.2,1400,0.2,1
3,9,94,0,0,300,0.5,1700,0.5,0
3,10,794,0,0,300,0.5,1700,0.5,0
3,11,20,2,10,5,0,500,0.6,1000,0.2,1400,0.2,2
3,12,924,0,0,300,0.5,1700,0.5,0
3,13,976,1,0,300,0.5,1700,0.5,1
3,14,77,1,0,300,0.5,1700,0.5,0
4,0,637,1,0,500,0.6,1000,0.2,1400,0.2,0
4,1,682,2,10,5,0,300,0.5,1700,0.5,2
4,2,291,2,10,5,0,500,0.6,1000,0.2,1400,0.2,1
4,3,313,2,10,5,0,500,0.6,1000,0.2,1400,0.2,0
4,4,152,0,0,300,0.5,1700,0.5,0
4,5,475,1,0,500,0.6,1000,0.2,1400,0.2,2
4,6,51,0,0,500,0.6,1000,0.2,1400,0.2,0
4,7,193,2,10,5,0,500,0.6,1000,0.2,1400,0.2,0
4,8,175,1,0,500,0.6,1000,0.2,1400,0.2,2
4,9,210,2,10,5,0,500,0.6,1000,0.2,1400,0.2,1
4,10,759,0,0,300,0.5,1700,0.5,2
4,11,222,2,10,5,0,500,0.6,1000,0.2,1400,0.2,0
4,12,402,1,0,300,0.5,1700,0.5,1
4,13,459,1,0,300,0.5,1700,0.5,2
4,14,668,0,0,500,0.6,1000,0.2,1400,0.2,2
5,0,304,2,10,5,0,500,0.6,1000,0.2,1400,0.2,1
5,1,448,0,0,300,0.5,1700,0.5,0
5,2,147,1,0,300,0.5,1700,0.5,2
5,3,109,2,10,5,0,300,0.5,1700,0.5,1
5,4,498,1,0,300,0.5,1700,0.5,1
5,5,210,2,10,5,0,500,0.6,1000,0.2,1400,0.2,1
5,6,629,1,0,500,0.6,1000,0.2,1400,0.2,2
5,7,773,2,10,5,0,500,0.6,1000,0.2,1400,0.2,0
5,8,76,0,0,500,0.6,1000,0.2,1400,0.2,2
5,9,688,2,10,5,0,500,0.6,1000,0.2,1400,0.2,2
5,10,730,1,0,500,0.6,1000,0.2,1400,0.2,0
5,11,926,1,0,300,0.5,1700,0.5,1
5,12,496,2,10,5,0,300,0.5,1700,0.5,2
5,13,957,2,10,5,0,500,0.6,1000,0.2,1400,0.2,0
5,14,263,2,10,5,0,300,0.5,1700,0.5,1
6,0,616,0,0,300,0.5,1700,0.5,1
6,1,179,0,0,300,0.5,1700,0.5,1
6,2,334,2,10,5,0,300,0.5,1700,0.5,2
6,3,435,1,0,500,0.6,1000,0.2,1400,0.2,2
6,4,362,2,10,5,0,500,0.6,1000,0.2,1400,0.2,2
6,5,245,0,0,300,0.5,1700,0.5,1
6,6,212,1,0,500,0.6,1000,0.2,1400,0.2,1
6,7,483,2,10,5,0,500,0.6,1000,0.2,1400,0.2,0
6,8,165,0,0,300,0.5,1700,0.5,1
6,9,484,1,0,300,0.5,1700,0.5,0
6,10,748,0,0,500,0.6,1000,0.2,1400,0.2,2
6,11,112,0,0,300,0.5,1700,0.5,1
6,12,69,1,0,300,0.5,1700,0.5,1
6,13,536,2,10,5,0,500,0.6,1000,0.2,1400,0.2,0
6,14,721,2,10,5,0,500,0.6,1000,0.2,1400,0.2,2
7,0,854,1,0,500,0.6,1000,0.2,1400,0.2,0
7,1,398,0,0,500,0.6,1000,0.2,1400,0.2,1
7,2,364,2,10,5,0,500,0.6,1000,0.2,1400,0.2,0
7,3,301,0,0,500,0.6,1000,0.2,1400,0.2,1
7,4,527,2,10,5,0,300,0.5,1700,0.5,1
7,5,52,2,10,5,0,500,0.6,1000,0.2,1400,0.2,0
7,6,258,0,0,500,0.6,1000,0.2,1400,0.2,2
7,7,260,1,0,500,0.6,1000,0.2,1400,0.2,1
7,8,890,1,0,300,0.5,1700,0.5,1
7,9,79,2,10,5,0,300,0.5,1700,0.5,1
7,10,374,2,10,5,0,500,0.6,1000,0.2,1400,0.2,0
7,11,412,0,0,300,0.5,1700,0.5,1
7,12,363,2,10,5,0,300,0.5,1700,0.5,0
7,13,672,2,10,5,0,300,0.5,1700,0.5,0
7,14,331,0,0,500,0.6,1000,0.2,1400,0.2,0
8,0,726,2,10,5,0,500,0.6,1000,0.2,1400,0.2,2
8,1,418,2,10,5,0,500,0.6,1000,0.2,1400,0.2,2
8,2,153,2,10,5,0,500,0.6,1000,0.2,1400,0.2,2
8,3,145,1,0,500,0.6,1000,0.2,1400,0.2,2
8,4,130,2,10,5,0,500,0.6,1000,0.2,1400,0.2,2
8,5,286,1,0,300,0.5,1700,0.5,2
8,6,556,2,10,5,0,300,0.5,1700,0.5,1
8,7,167,1,0,500,0.6,1000,0.2,1400,0.2,2
8,8,635,1,0,300,0.5,1700,0.5,2
8,9,595,1,0,500,0.6,1000,0.2,1400,0.2,1
8,10,367,1,0,500,0.6,1000,0.2,1400,0.2,1
8,11,298,1,0,500,0.6,1000,0.2,1400,0.2,2
8,12,364,1,0,500,0.6,1000,0.2,1400,0.2,1
8,13,578,2,10,5,0,500,0.6,1000,0.2,1400,0.2,1
8,14,635,2,10,5,0,300,0.5,1700,0.5,0
9,0,268,2,10,5,0,300,0.5,1700,0.5,0
9,1,334,1,0,500,0.6,1000,0.2,1400,0.2,0
9,2,444,1,0,500,0.6,1000,0.2,1400,0.2,0
9,3,533,1,0,500,0.6,1000,0.2,1400,0.2,1
9,4,960,1,0,300,0.5,1700,0.5,0
9,5,640,1,0,500,0.6,1000,0.2,1400,0.2,0
9,6,895,2,10,5,0,300,0.5,1700,0.5,2
9,7,403,0,0,300,0.5,1700,0.5,1
9,8,530,2,10,5,0,500,0.6,1000,0.2,1400,0.2,2
9,9,265,0,0,500,0.6,1000,0.2,1400,0.2,2
9,10,298,1,0,300,0.5,1700,0.5,2
9,11,982,1,0,300,0.5,1700,0.5,2
9,12,961,2,10,5,0,300,0.5,1700,0.5,1
9,13,205,1,0,500,0.6,1000,0.2,1400,0.2,1
9,14,846,0,0,300,0.5,1700,0.5,2
10,0,817,2,10,5,0,300,0.5,1700,0.5,1
10,1,324,0,0,500,0.6,1000,0.2,1400,0.2,2
10,2,943,2,10,5,0,500,0.6,1000,0.2,1400,0.2,0
10,3,383,2,10,5,0,300,0.5,1700,0.5,2
10,4,774,0,0,300,0.5,1700,0.5,1
10,5,895,0,0,300,0.5,1700,0.5,0
10,6,596,2,10,5,0,300,0.5,1700,0.5,2
10,7,616,0,0,300,0.5,1700,0.5,1
10,8,170,0,0,500,0.6,1000,0.2,1400,0.2,1
10,9,262,2,10,5,0,300,0.5,1700,0.5,1
10,10,523,1,0,300,0.5,1700,0.5,2
10,11,177,0,0,300,0.5,1700,0.5,2
10,12,860,2,10,5,0,300,0.5,1700,0.5,2
10,13,895,0,0,300,0.5,1700,0.5,0
10,14,525,0,0,500,0.6,1000,0.2,1400,0.2,0
11,0,414,2,10,5,0,300,0.5,1700,0.5,2
11,1,605,0,0,500,0.6,1000,0.2,1400,0.2,2
11,2,136,2,10,5,0,500,0.6,1000,0.2,1400,0.2,1
11,3,464,0,0,500,0.6,1000,0.2,1400,0.2,1
11,4,41,1,0,500,0.6,1000,0.2,1400,0.2,2
11,5,409,0,0,500,0.6,1000,0.2,1400,0.2,0
11,6,328,2,10,5,0,300,0.5,1700,0.5,0
11,7,145,2,10,5,0,300,0.5,1700,0.5,2
11,8,306,1,0,300,0.5,1700,0.5,1
11,9,50,0,0,300,0.5,1700,0.5,0
11,10,338,1,0,300,0.5,1700,0.5,1
11,11,430,1,0,300,0.5,1700,0.5,2
11,12,503,0,0,500,0.6,1000,0.2,1400,0.2,0
11,13,139,0,0,300,0.5,1700,0.5,1
11,14,886,2,10,5,0,300,0.5,1700,0.5,0
12,0,511,2,10,5,0,300,0.5,1700,0.5,0
12,1,160,1,0,300,0.5,1700,0.5,2
12,2,940,0,0,300,0.5,1700,0.5,2
12,3,152,0,0,300,0.5,1700,0.5,2
12,4,287,0,0,500,0.6,1000,0.2,1400,0.2,0
12,5,491,2,10,5,0,500,0.6,1000,0.2,1400,0.2,2
12,6,738,0,0,300,0.5,1700,0.5,0
12,7,769,2,10,5,0,500,0.6,1000,0.2,1400,0.2,0
12,8,427,1,0,300,0.5,1700,0.5,1
12,9,768,0,0,300,0.5,1700,0.5,0
12,10,833,0,0,300,0.5,1700,0.5,1
12,11,543,1,0,500,0.6,1000,0.2,1400,0.2,0
12,12,382,1,0,500,0.6,1000,0.2,1400,0.2,1
12,13,700,1,0,300,0.5,1700,0.5,0
12,14,120,0,0,300,0.5,1700,0.5,2
13,0,37,1,0,500,0.6,1000,0.2,1400,0.2,0
13,1,446,2,10,5,0,500,0.6,1000,0.2,1400,0.2,0
13,2,663,2,10,5,0,300,0.5,1700,0.5,0
13,3,810,0,0,500,0.6,1000,0.2,1400,0.2,0
13,4,340,1,0,500,0.6,1000,0.2,1400,0.2,2
13,5,415,1,0,500,0.6,1000,0.2,1400,0.2,1
13,6,404,2,10,5,0,500,0.6,1000,0.2,1400,0.2,2
13,7,878,0,0,500,0.6,1000,0.2,1400,0.2,2
13,8,876,1,0,300,0.5,1700,0.5,0
13,9,937,0,0,300,0.5,1700,0.5,0
13,10,709,2,10,5,0,500,0.6,1000,0.2,1400,0.2,2
13,11,412,1,0,500,0.6,1000,0.2,1400,0.2,1
13,12,626,0,0,500,0.6,1000,0.2,1400,0.2,0
13,13,743,1,0,300,0.5,1700,0.5,2
13,14,592,1,0,500,0.6,1000,0.2,1400,0.2,2
14,0,959,0,0,500,0.6,1000,0.2,1400,0.2,1
14,1,594,1,0,300,0.5,1700,0.5,2
14,2,533,0,0,300,0.5,1700,0.5,2
14,3,25,1,0,300,0.5,1700,0.5,1
14,4,755,2,10,5,0,300,0.5,1700,0.5,2
14,5,915,2,10,5,0,300,0.5,1700,0.5,1
14,6,261,2,10,5,0,300,0.5,1700,0.5,0
14,7,379,2,10,5,0,300,0.5,1700,0.5,0
14,8,861,0,0,300,0.5,1700,0.5,2
14,9,590,1,0,300,0.5,1700,0.5,0
14,10,381,1,0,300,0.5,1700,0.5,1
14,11,630,2,10,5,0,300,0.5,1700,0.5,2
14,12,936,2,10,5,0,500,0.6,1000,0.2,1400,0.2,2
14,13,506,2,10,5,0,500,0.6,1000,0.2,1400,0.2,0
14,14,197,0,0,300,0.5,1700,0.5,1
