0,0,320,0,0,500,0.6,1000,0.2,1400,0.2,1
0,1,266,1,0,500,0.6,1000,0.2,1400,0.2,0
0,2,187,1,0,300,0.5,1700,0.5,2
0,3,996,1,0,300,0.5,1700,0.5,0
0,4,566,1,0,500,0.6,1000,0.2,1400,0.2,1
0,5,627,2,10,5,0,500,0.6,1000,0.2,1400,0.2,1
0,6,879,1,0,500,0.6,1000,0.2,1400,0.2,2
0,7,876,1,0,300,0.5,1700,0.5,2
0,8,260,2,10,5,0,300,0.5,1700,0.5,2
0,9,798,1,0,500,0.6,1000,0.2,1400,0.2,0
0,10,908,2,10,5,0,500,0.6,1000,0.2,1400,0.2,2
0,11,117,2,10,5,0,500,0.6,1000,0.2,1400,0.2,1
0,12,208,1,0,500,0.6,1000,0.2,1400,0.2,0
0,13,985,0,0,500,0.6,1000,0.2,1400,0.2,0
0,14,883,1,0,500,0.6,1000,0.2,1400,0.2,2
1,0,363,1,0,500,0.6,1000,0.2,1400,0.2,0
1,1,45,1,0,500,0.6,1000,0.2,1400,0.2,0
1,2,133,2,10,5,0,300,0.5,1700,0.5,1
1,3,220,0,0,500,0.6,1000,0.2,1400,0.2,2
1,4,795,2,10,5,0,300,0.5,1700,0.5,1
1,5,441,0,0,500,0.6,1000,0.2,1400,0.2,0
1,6,337,1,0,300,0.5,1700,0.5,2
1,7,139,0,0,500,0.6,1000,0.2,1400,0.2,1
1,8,562,1,0,300,0.5,1700,0.5,1
1,9,416,2,10,5,0,300,0.5,1700,0.5,0
1,10,898,1,0,300,0.5,1700,0.5,0
1,11,843,2,10,5,0,500,0.6,1000,0.2,1400,0.2,2
1,12,807,0,0,500,0.6,1000,0.2,1400,0.2,2
1,13,981,1,0,300,0.5,1700,0.5,2
1,14,247,0,0,300,0.5,1700,0.5,1
2,0,683,2,10,5,0,300,0.5,1700,0.5,0
2,1,823,1,0,500,0.6,1000,0.2,1400,0.2,0
2,2,538,0,0,300,0.5,1700,0.5,1
2,3,452,1,0,500,0.6,1000,0.2,1400,0.2,2
2,4,410,0,0,300,0.5,1700,0.5,0
2,5,33,2,10,5,0,500,0.6,1000,0.2,1400,0.2,1
2,6,525,2,10,5,0,500,0.6,1000,0.2,1400,0.2,1
2,7,187,2,10,5,0,300,0.5,1700,0.5,2
2,8,852,1,0,500,0.6,1000,0.2,1400,0.2,1
2,9,554,1,0,300,0.5,1700,0.5,1
2,10,906,2,10,5,0,500,0.6,1000,0.2,1400,0.2,2
2,11,74,1,0,300,0.5,1700,0.5,0
2,12,118,1,0,300,0.5,1700,0.5,0
2,13,547,0,0,300,0.5,1700,0.5,1
2,14,509,0,0,500,0.6,1000,0.2,1400,0.2,1
3,0,565,0,0,300,0.5,1700,0.5,0
3,1,529,1,0,300,0.5,1700,0.5,0
3,2,31,1,0,300,0.5,1700,0.5,0
3,3,922,2,10,5,0,300,0.5,1700,0.5,0
3,4,405,2,10,5,0,500,0.6,1000,0.2,1400,0.2,0
3,5,384,2,10,5,0,500,0.6,1000,0.2,1400,0.2,0
3,6,897,0,0,300,0.5,1700,0.5,1
3,7,295,2,10,5,0,300,0.5,1700,0.5,1
3,8,321,2,10,5,0,500,0.6,1000,0.2,1400,0.2,1
3,9,612,0,0,500,0.6,1000,0.2,1400,0.2,2
3,10,484,2,10,5,0,500,0.6,1000,0.2,1400,0.2,1
3,11,669,0,0,300,0.5,1700,0.5,2
3,12,350,1,0,300,0.5,1700,0.5,1
3,13,370,1,0,300,0.5,1700,0.5,0
3,14,659,1,0,300,0.5,1700,0.5,2
4,0,577,1,0,300,0.5,1700,0.5,0
4,1,647,1,0,500,0.6,1000,0.2,1400,0.2,2
4,2,353,1,0,300,0.5,1700,0.5,0
4,3,982,1,0,300,0.5,1700,0.5,1
4,4,80,1,0,500,0.6,1000,0.2,1400,0.2,0
4,5,227,1,0,500,0.6,1000,0.2,1400,0.2,1
4,6,264,1,0,500,0.6,1000,0.2,1400,0.2,1
4,7,893,0,0,500,0.6,1000,0.2,1400,0.2,1
4,8,717,1,0,500,0.6,1000,0.2,1400,0.2,2
4,9,792,1,0,500,0.6,1000,0.2,1400,0.2,0
4,10,271,0,0,500,0.6,1000,0.2,1400,0.2,0
4,11,484,0,0,500,0.6,1000,0.2,1400,0.2,0
4,12,583,0,0,500,0.6,1000,0.2,1400,0.2,0
4,13,81,2,10,5,0,500,0.6,1000,0.2,1400,0.2,1
4,14,860,2,10,5,0,500,0.6,1000,0.2,1400,0.2,2
5,0,573,2,10,5,0,300,0.5,1700,0.5,2
5,1,263,0,0,300,0.5,1700,0.5,0
5,2,73,1,0,300,0.5,1700,0.5,1
5,3,305,0,0,300,0.5,1700,0.5,1
5,4,304,0,0,500,0.6,1000,0.2,1400,0.2,0
5,5,304,2,10,5,0,500,0.6,1000,0.2,1400,0.2,2
5,6,875,1,0,300,0.5,1700,0.5,2
5,7,831,1,0,500,0.6,1000,0.2,1400,0.2,2
5,8,235,1,0,500,0.6,1000,0.2,1400,0.2,1
5,9,406,0,0,300,0.5,1700,0.5,2
5,10,732,1,0,500,0.6,1000,0.2,1400,0.2,0
5,11,472,0,0,500,0.6,1000,0.2,1400,0.2,2
5,12,490,0,0,500,0.6,1000,0.2,1400,0.2,2
5,13,908,2,10,5,0,500,0.6,1000,0.2,1400,0.2,1
5,14,208,0,0,500,0.6,1000,0.2,1400,0.2,0
6,0,70,2,10,5,0,300,0.5,1700,0.5,1
6,1,335,0,0,500,0.6,1000,0.2,1400,0.2,2
6,2,299,1,0,500,0.6,1000,0.2,1400,0.2,2
6,3,563,0,0,500,0.6,1000,0.2,1400,0.2,1
6,4,55,0,0,300,0.5,1700,0.5,2
6,5,574,0,0,500,0.6,1000,0.2,1400,0.2,1
6,6,907,0,0,300,0.5,1700,0.5,2
6,7,402,2,10,5,0,300,0.5,1700,0.5,1
6,8,94,1,0,300,0.5,1700,0.5,2
6,9,102,1,0,300,0.5,1700,0.5,2
6,10,103,1,0,300,0.5,1700,0.5,2
6,11,869,1,0,500,0.6,1000,0.2,1400,0.2,2
6,12,98,0,0,300,0.5,1700,0.5,2
6,13,496,1,0,300,0.5,1700,0.5,1
6,14,688,2,10,5,0,500,0.6,1000,0.2,1400,0.2,1
7,0,622,0,0,300,0.5,1700,0.5,2
7,1,908,1,0,300,0.5,1700,0.5,0
7,2,249,2,10,5,0,500,0.6,1000,0.2,1400,0.2,2
7,3,32,1,0,300,0.5,1700,0.5,0
7,4,366,0,0,500,0.6,1000,0.2,1400,0.2,2
7,5,563,2,10,5,0,300,0.5,1700,0.5,1
7,6,549,0,0,500,0.6,1000,0.2,1400,0.2,0
7,7,306,2,10,5,0,300,0.5,1700,0.5,2
7,8,456,2,10,5,0,300,0.5,1700,0.5,0
7,9,547,1,0,500,0.6,1000,0.2,1400,0.2,1
7,10,198,2,10,5,0,300,0.5,1700,0.5,2
7,11,197,0,0,500,0.6,1000,0.2,1400,0.2,1
7,12,141,0,0,500,0.6,1000,0.2,1400,0.2,1
7,13,175,0,0,300,0.5,1700,0.5,1
7,14,515,1,0,500,0.6,1000,0.2,1400,0.2,0
8,0,658,0,0,500,0.6,1000,0.2,1400,0.2,0
8,1,775,2,10,5,0,500,0.6,1000,0.2,1400,0.2,2
8,2,110,1,0,500,0.6,1000,0.2,1400,0.2,0
8,3,200,0,0,300,0.5,1700,0.5,1
8,4,857,2,10,5,0,300,0.5,1700,0.5,2
8,5,435,2,10,5,0,300,0.5,1700,0.5,0
8,6,391,0,0,500,0.6,1000,0.2,1400,0.2,0
8,7,749,0,0,500,0.6,1000,0.2,1400,0.2,1
8,8,671,1,0,500,0.6,1000,0.2,1400,0.2,2
8,9,168,2,10,5,0,300,0.5,1700,0.5,2
8,10,727,2,10,5,0,500,0.6,1000,0.2,1400,0.2,1
8,11,823,1,0,500,0.6,1000,0.2,1400,0.2,1
8,12,126,0,0,500,0.6,1000,0.2,1400,0.2,1
8,13,945,2,10,5,0,500,0.6,1000,0.2,1400,0.2,2
8,14,343,2,10,5,0,300,0.5,1700,0.5,1
9,0,850,1,0,500,0.6,1000,0.2,1400,0.2,0
9,1,522,2,10,5,0,500,0.6,1000,0.2,1400,0.2,1
9,2,96,2,10,5,0,300,0.5,1700,0.5,2
9,3,62,0,0,300,0.5,1700,0.5,1
9,4,953,1,0,500,0.6,1000,0.2,1400,0.2,2
9,5,607,0,0,300,0.5,1700,0.5,1
9,6,326,2,10,5,0,500,0.6,1000,0.2,1400,0.2,0
9,7,990,2,10,5,0,300,0.5,1700,0.5,1
9,8,883,1,0,300,0.5,1700,0.5,2
9,9,705,1,0,500,0.6,1000,0.2,1400,0.2,0
9,10,198,2,10,5,0,300,0.5,1700,0.5,0
9,11,241,1,0,500,0.6,1000,0.2,1400,0.2,0
9,12,628,1,0,500,0.6,1000,0.2,1400,0.2,1
9,13,32,1,0,300,0.5,1700,0.5,2
9,14,329,2,10,5,0,300,0.5,1700,0.5,1
10,0,161,2,10,5,0,300,0.5,1700,0.5,2
10,1,541,2,10,5,0,300,0.5,1700,0.5,0
10,2,501,2,10,5,0,300,0.5,1700,0.5,1
10,3,331,1,0,300,0.5,1700,0.5,0
10,4,410,0,0,300,0.5,1700,0.5,1
10,5,220,1,0,500,0.6,1000,0.2,1400,0.2,2
10,6,495,2,10,5,0,300,0.5,1700,0.5,2
10,7,532,1,0,500,0.6,1000,0.2,1400,0.2,0
10,8,466,1,0,500,0.6,1000,0.2,1400,0.2,2
10,9,594,0,0,300,0.5,1700,0.5,0
10,10,973,0,0,300,0.5,1700,0.5,1
10,11,661,1,0,300,0.5,1700,0.5,1
10,12,493,0,0,300,0.5,1700,0.5,2
10,13,681,1,0,500,0.6,1000,0.2,1400,0.2,2
10,14,102,1,0,500,0.6,1000,0.2,1400,0.2,2
11,0,137,1,0,300,0.5,1700,0.5,1
11,1,805,1,0,500,0.6,1000,0.2,1400,0.2,1
11,2,936,2,10,5,0,300,0.5,1700,0.5,1
11,3,668,1,0,500,0.6,1000,0.2,1400,0.2,2
11,4,237,2,10,5,0,300,0.5,1700,0.5,1
11,5,430,2,10,5,0,500,0.6,1000,0.2,1400,0.2,0
11,6,956,1,0,500,0.6,1000,0.2,1400,0.2,2
11,7,39,0,0,300,0.5,1700,0.5,1
11,8,603,0,0,500,0.6,1000,0.2,1400,0.2,2
11,9,768,0,0,500,0.6,1000,0.2,1400,0.2,2
11,10,885,0,0,300,0.5,1700,0.5,2
11,11,712,0,0,500,0.6,1000,0.2,1400,0.2,0
11,12,881,1,0,300,0.5,1700,0.5,0
11,13,923,1,0,300,0.5,1700,0.5,1
11,14,136,1,0,500,0.6,1000,0.2,1400,0.2,0
12,0,11,1,0,500,0.6,1000,0.2,1400,0.2,0
12,1,794,2,10,5,0,500,0.6,1000,0.2,1400,0.2,1
12,2,907,0,0,500,0.6,1000,0.2,1400,0.2,1
12,3,244,2,10,5,0,300,0.5,1700,0.5,0
12,4,359,1,0,300,0.5,1700,0.5,2
12,5,880,0,0,300,0.5,1700,0.5,0
12,6,897,0,0,300,0.5,1700,0.5,0
12,7,991,2,10,5,0,500,0.6,1000,0.2,1400,0.2,0
12,8,730,2,10,5,0,300,0.5,1700,0.5,1
12,9,994,0,0,300,0.5,1700,0.5,1
12,10,588,2,10,5,0,300,0.5,1700,0.5,1
12,11,250,0,0,500,0.6,1000,0.2,1400,0.2,1
12,12,706,1,0,300,0.5,1700,0.5,1
12,13,327,2,10,5,0,500,0.6,1000,0.2,1400,0.2,0
12,14,904,0,0,500,0.6,1000,0.2,1400,0.2,0
13,0,252,1,0,300,0.5,1700,0.5,1
13,1,611,1,0,300,0.5,1700,0.5,0
13,2,913,0,0,300,0.5,1700,0.5,0
13,3,642,2,10,5,0,500,0.6,1000,0.2,1400,0.2,2
13,4,430,2,10,5,0,300,0.5,1700,0.5,1
13,5,596,1,0,500,0.6,1000,0.2,1400,0.2,1
13,6,124,0,0,300,0.5,1700,0.5,1
13,7,667,0,0,500,0.6,1000,0.2,1400,0.2,0
13,8,363,2,10,5,0,500,0.6,1000,0.2,1400,0.2,0
13,9,59,1,0,300,0.5,1700,0.5,0
13,10,31,0,0,500,0.6,1000,0.2,1400,0.2,0
13,11,330,1,0,300,0.5,1700,0.5,0
13,12,330,2,10,5,0,500,0.6,1000,0.2,1400,0.2,0
13,13,567,0,0,300,0.5,1700,0.5,1
13,14,25,1,0,500,0.6,1000,0.2,1400,0.2,2
14,0,705,1,0,500,0.6,1000,0.2,1400,0.2,2
14,1,249,1,0,500,0.6,1000,0.2,1400,0.2,1
14,2,347,2,10,5,0,300,0.5,1700,0.5,1
14,3,732,0,0,500,0.6,1000,0.2,1400,0.2,1
14,4,315,0,0,500,0.6,1000,0.2,1400,0.2,0
14,5,467,0,0,500,0.6,1000,0.2,1400,0.2,0
14,6,214,0,0,500,0.6,1000,0.2,1400,0.2,0
14,7,103,0,0,300,0.5,1700,0.5,2
14,8,375,0,0,500,0.6,1000,0.2,1400,0.2,1
14,9,291,2,10,5,0,300,0.5,1700,0.5,1
14,10,782,2,10,5,0,300,0.5,1700,0.5,1
14,11,69,2,10,5,0,500,0.6,1000,0.2,1400,0.2,0
14,12,825,1,0,500,0.6,1000,0.2,1400,0.2,2
14,13,480,1,0,500,0.6,1000,0.2,1400,0.2,0
14,14,694,2,10,5,0,500,0.6,1000,0.2,1400,0.2,1
