0,0,119,1,0,300,0.5,1700,0.5,2
0,1,128,0,0,500,0.6,1000,0.2,1400,0.2,1
0,2,456,0,0,300,0.5,1700,0.5,0
0,3,516,1,0,500,0.6,1000,0.2,1400,0.2,2
0,4,808,1,0,300,0.5,1700,0.5,2
0,5,65,1,0,500,0.6,1000,0.2,1400,0.2,1
0,6,543,0,0,500,0.6,1000,0.2,1400,0.2,1
0,7,79,0,0,500,0.6,1000,0.2,1400,0.2,2
0,8,31,1,0,300,0.5,1700,0.5,0
0,9,725,0,0,300,0.5,1700,0.5,2
0,10,865,1,0,500,0.6,1000,0.2,1400,0.2,1
0,11,499,1,0,300,0.5,1700,0.5,0
0,12,190,1,0,300,0.5,1700,0.5,2
0,13,126,2,10,5,0,500,0.6,1000,0.2,1400,0.2,0
0,14,36,1,0,300,0.5,1700,0.5,1
1,0,263,2,10,5,0,300,0.5,1700,0.5,2
1,1,456,1,0,300,0.5,1700,0.5,0
1,2,876,1,0,300,0.5,1700,0.5,0
1,3,842,1,0,500,0.6,1000,0.2,1400,0.2,2
1,4,297,0,0,500,0.6,1000,0.2,1400,0.2,1
1,5,700,2,10,5,0,300,0.5,1700,0.5,0
1,6,220,2,10,5,0,500,0.6,1000,0.2,1400,0.2,2
1,7,191,1,0,500,0.6,1000,0.2,1400,0.2,0
1,8,458,2,10,5,0,500,0.6,1000,0.2,1400,0.2,2
1,9,598,2,10,5,0,500,0.6,1000,0.2,1400,0.2,1
1,10,783,1,0,500,0.6,1000,0.2,1400,0.2,0
1,11,116,0,0,300,0.5,1700,0.5,2
1,12,75,0,0,300,0.5,1700,0.5,0
1,13,182,0,0,500,0.6,1000,0.2,1400,0.2,2
1,14,537,1,0,300,0.5,1700,0.5,2
2,0,136,1,0,300,0.5,1700,0.5,0
2,1,771,0,0,500,0.6,1000,0.2,1400,0.2,0
2,2,21,1,0,300,0.5,1700,0.5,2
2,3,745,1,0,500,0.6,1000,0.2,1400,0.2,0
2,4,745,1,0,500,0.6,1000,0.2,1400,0.2,1
2,5,268,0,0,500,0.6,1000,0.2,1400,0.2,0
2,6,433,0,0,300,0.5,1700,0.5,0
2,7,501,1,0,300,0.5,1700,0.5,2
2,8,359,0,0,500,0.6,1000,0.2,1400,0.2,2
2,9,343,2,10,5,0,300,0.5,1700,0.5,0
2,10,333,0,0,300,0.5,1700,0.5,0
2,11,894,1,0,300,0.5,1700,0.5,2
2,12,339,2,10,5,0,500,0.6,1000,0.2,1400,0.2,0
2,13,759,0,0,300,0.5,1700,0.5,0
2,14,72,0,0,300,0.5,1700,0.5,1
3,0,173,2,10,5,0,300,0.5,1700,0.5,2
3,1,760,2,10,5,0,300,0.5,1700,0.5,1
3,2,848,2,10,5,0,300,0.5,1700,0.5,2
3,3,991,1,0,500,0.6,1000,0.2,1400,0.2,0
3,4,664,0,0,500,0.6,1000,0.2,1400,0.2,1
3,5,739,1,0,300,0.5,1700,0.5,2
3,6,514,0,0,300,0.5,1700,0.5,1
3,7,781,1,0,300,0.5,1700,0.5,0
3,8,363,1,0,300,0.5,1700,0.5,1
3,9,277,1,0,300,0.5,1700,0.5,0
3,10,898,2,10,5,0,300,0.5,1700,0.5,2
3,11,485,2,10,5,0,500,0.6,1000,0.2,1400,0.2,2
3,12,898,0,0,500,0.6,1000,0.2,1400,0.2,0
3,13,507,2,10,5,0,500,0.6,1000,0.2,1400,0.2,1
3,14,486,1,0,500,0.6,1000,0.2,1400,0.2,2
4,0,472,2,10,5,0,500,0.6,1000,0.2,1400,0.2,0
4,1,550,2,10,5,0,500,0.6,1000,0.2,1400,0.2,2
4,2,77,2,10,5,0,300,0.5,1700,0.5,0
4,3,466,2,10,5,0,500,0.6,1000,0.2,1400,0.2,0
4,4,1000,2,10,5,0,300,0.5,1700,0.5,0
4,5,641,0,0,500,0.6,1000,0.2,1400,0.2,1
4,6,565,2,10,5,0,300,0.5,1700,0.5,2
4,7,22,2,10,5,0,300,0.5,1700,0.5,1
4,8,624,0,0,500,0.6,1000,0.2,1400,0.2,0
4,9,404,0,0,500,0.6,1000,0.2,1400,0.2,2
4,10,511,2,10,5,0,500,0.6,1000,0.2,1400,0.2,1
4,11,847,1,0,500,0.6,1000,0.2,1400,0.2,1
4,12,280,1,0,500,0.6,1000,0.2,1400,0.2,1
4,13,828,0,0,500,0.6,1000,0.2,1400,0.2,0
4,14,520,0,0,500,0.6,1000,0.2,1400,0.2,0
5,0,645,2,10,5,0,500,0.6,1000,0.2,1400,0.2,0
5,1,694,1,0,300,0.5,1700,0.5,0
5,2,859,2,10,5,0,500,0.6,1000,0.2,1400,0.2,1
5,3,730,1,0,300,0.5,1700,0.5,0
5,4,838,1,0,300,0.5,1700,0.5,2
5,5,721,0,0,300,0.5,1700,0.5,0
5,6,781,2,10,5,0,300,0.5,1700,0.5,2
5,7,827,0,0,500,0.6,1000,0.2,1400,0.2,2
5,8,34,0,0,300,0.5,1700,0.5,1
5,9,699,0,0,300,0.5,1700,0.5,1
5,10,482,2,10,5,0,500,0.6,1000,0.2,1400,0.2,1
5,11,441,0,0,300,0.5,1700,0.5,2
5,12,592,2,10,5,0,300,0.5,1700,0.5,2
5,13,919,2,10,5,0,300,0.5,1700,0.5,1
5,14,734,1,0,300,0.5,1700,0.5,2
6,0,841,2,10,5,0,300,0.5,1700,0.5,2
6,1,544,0,0,300,0.5,1700,0.5,2
6,2,160,0,0,500,0.6,1000,0.2,1400,0.2,1
6,3,241,1,0,300,0.5,1700,0.5,0
6,4,232,0,0,300,0.5,1700,0.5,0
6,5,632,0,0,500,0.6,1000,0.2,1400,0.2,0
6,6,633,2,10,5,0,500,0.6,1000,0.2,1400,0.2,0
6,7,750,2,10,5,0,500,0.6,1000,0.2,1400,0.2,1
6,8,630,2,10,5,0,300,0.5,1700,0.5,1
6,9,234,1,0,500,0.6,1000,0.2,1400,0.2,1
6,10,466,0,0,300,0.5,1700,0.5,1
6,11,313,1,0,500,0.6,1000,0.2,1400,0.2,2
6,12,314,0,0,500,0.6,1000,0.2,1400,0.2,2
6,13,433,0,0,500,0.6,1000,0.2,1400,0.2,0
6,14,69,2,10,5,0,300,0.5,1700,0.5,2
7,0,756,1,0,500,0.6,1000,0.2,1400,0.2,0
7,1,45,1,0,300,0.5,1700,0.5,1
7,2,892,0,0,500,0.6,1000,0.2,1400,0.2,2
7,3,191,0,0,300,0.5,1700,0.5,2
7,4,235,2,10,5,0,500,0.6,1000,0.2,1400,0.2,1
7,5,814,1,0,300,0.5,1700,0.5,1
7,6,518,1,0,300,0.5,1700,0.5,0
7,7,344,2,10,5,0,300,0.5,1700,0.5,2
7,8,159,1,0,500,0.6,1000,0.2,1400,0.2,1
7,9,812,0,0,300,0.5,1700,0.5,1
7,10,568,0,0,300,0.5,1700,0.5,1
7,11,95,2,10,5,0,300,0.5,1700,0.5,2
7,12,924,0,0,300,0.5,1700,0.5,1
7,13,98,1,0,500,0.6,1000,0.2,1400,0.2,2
7,14,535,2,10,5,0,300,0.5,1700,0.5,0
8,0,21,2,10,5,0,500,0.6,1000,0.2,1400,0.2,2
8,1,739,2,10,5,0,300,0.5,1700,0.5,2
8,2,649,0,0,500,0.6,1000,0.2,1400,0.2,2
8,3,42,2,10,5,0,300,0.5,1700,0.5,1
8,4,77,1,0,500,0.6,1000,0.2,1400,0.2,2
8,5,511,1,0,300,0.5,1700,0.5,1
8,6,976,0,0,300,0.5,1700,0.5,1
8,7,680,0,0,300,0.5,1700,0.5,2
8,8,415,1,0,300,0.5,1700,0.5,0
8,9,964,1,0,500,0.6,1000,0.2,1400,0.2,0
8,10,81,0,0,500,0.6,1000,0.2,1400,0.2,2
8,11,612,1,0,500,0.6,1000,0.2,1400,0.2,2
8,12,558,0,0,300,0.5,1700,0.5,2
8,13,643,2,10,5,0,500,0.6,1000,0.2,1400,0.2,1
8,14,682,1,0,300,0.5,1700,0.5,2
9,0,1000,0,0,300,0.5,1700,0.5,0
9,1,172,0,0,500,0.6,1000,0.2,1400,0.2,0
9,2,342,1,0,300,0.5,1700,0.5,2
9,3,420,0,0,300,0.5,1700,0.5,0
9,4,684,2,10,5,0,300,0.5,1700,0.5,0
9,5,502,0,0,500,0.6,1000,0.2,1400,0.2,0
9,6,399,2,10,5,0,300,0.5,1700,0.5,2
9,7,220,0,0,500,0.6,1000,0.2,1400,0.2,2
9,8,663,0,0,300,0.5,1700,0.5,0
9,9,42,2,10,5,0,500,0.6,1000,0.2,1400,0.2,2
9,10,681,0,0,300,0.5,1700,0.5,0
9,11,336,2,10,5,0,300,0.5,1700,0.5,2
9,12,44,2,10,5,0,300,0.5,1700,0.5,0
9,13,836,1,0,300,0.5,1700,0.5,1
9,14,625,2,10,5,0,500,0.6,1000,0.2,1400,0.2,1
10,0,826,0,0,300,0.5,1700,0.5,0
10,1,20,0,0,500,0.6,1000,0.2,1400,0.2,2
10,2,564,2,10,5,0,300,0.5,1700,0.5,1
10,3,977,0,0,500,0.6,1000,0.2,1400,0.2,2
10,4,937,2,10,5,0,300,0.5,1700,0.5,0
10,5,61,0,0,300,0.5,1700,0.5,2
10,6,1000,0,0,300,0.5,1700,0.5,1
10,7,526,2,10,5,0,500,0.6,1000,0.2,1400,0.2,2
10,8,704,2,10,5,0,500,0.6,1000,0.2,1400,0.2,1
10,9,807,2,10,5,0,500,0.6,1000,0.2,1400,0.2,1
10,10,100,2,10,5,0,300,0.5,1700,0.5,0
10,11,273,2,10,5,0,300,0.5,1700,0.5,0
10,12,631,0,0,500,0.6,1000,0.2,1400,0.2,0
10,13,542,0,0,300,0.5,1700,0.5,2
10,14,435,0,0,500,0.6,1000,0.2,1400,0.2,1
11,0,246,2,10,5,0,300,0.5,1700,0.5,1
11,1,659,0,0,500,0.6,1000,0.2,1400,0.2,0
11,2,976,1,0,500,0.6,1000,0.2,1400,0.2,1
11,3,312,1,0,300,0.5,1700,0.5,1
11,4,149,2,10,5,0,500,0.6,1000,0.2,1400,0.2,1
11,5,794,0,0,300,0.5,1700,0.5,0
11,6,978,1,0,500,0.6,1000,0.2,1400,0.2,0
11,7,406,2,10,5,0,500,0.6,1000,0.2,1400,0.2,2
11,8,825,1,0,500,0.6,1000,0.2,1400,0.2,1
11,9,797,1,0,500,0.6,1000,0.2,1400,0.2,1
11,10,712,2,10,5,0,300,0.5,1700,0.5,1
11,11,202,2,10,5,0,300,0.5,1700,0.5,1
11,12,157,1,0,500,0.6,1000,0.2,1400,0.2,0
11,13,136,1,0,500,0.6,1000,0.2,1400,0.2,2
11,14,657,0,0,300,0.5,1700,0.5,2
12,0,432,1,0,500,0.6,1000,0.2,1400,0.2,2
12,1,938,2,10,5,0,300,0.5,1700,0.5,1
12,2,231,1,0,500,0.6,1000,0.2,1400,0.2,2
12,3,96,0,0,300,0.5,1700,0.5,1
12,4,842,2,10,5,0,500,0.6,1000,0.2,1400,0.2,2
12,5,762,2,10,5,0,500,0.6,1000,0.2,1400,0.2,1
12,6,35,2,10,5,0,300,0.5,1700,0.5,2
12,7,277,2,10,5,0,500,0.6,1000,0.2,1400,0.2,1
12,8,747,0,0,500,0.6,1000,0.2,1400,0.2,1
12,9,781,1,0,300,0.5,1700,0.5,0
12,10,136,1,0,500,0.6,1000,0.2,1400,0.2,1
12,11,808,2,10,5,0,500,0.6,1000,0.2,1400,0.2,2
12,12,335,2,10,5,0,300,0.5,1700,0.5,1
12,13,822,0,0,500,0.6,1000,0.2,1400,0.2,0
12,14,789,1,0,300,0.5,1700,0.5,2
13,0,840,0,0,500,0.6,1000,0.2,1400,0.2,1
13,1,698,1,0,500,0.6,1000,0.2,1400,0.2,1
13,2,876,1,0,500,0.6,1000,0.2,1400,0.2,1
13,3,548,0,0,300,0.5,1700,0.5,1
13,4,702,0,0,500,0.6,1000,0.2,1400,0.2,0
13,5,247,1,0,500,0.6,1000,0.2,1400,0.2,1
13,6,312,0,0,500,0.6,1000,0.2,1400,0.2,1
13,7,931,0,0,500,0.6,1000,0.2,1400,0.2,1
13,8,441,2,10,5,0,500,0.6,1000,0.2,1400,0.2,2
13,9,685,2,10,5,0,300,0.5,1700,0.5,2
13,10,205,1,0,500,0.6,1000,0.2,1400,0.2,0
13,11,909,0,0,500,0.6,1000,0.2,1400,0.2,0
13,12,87,0,0,300,0.5,1700,0.5,2
13,13,963,1,0,500,0.6,1000,0.2,1400,0.2,1
13,14,942,1,0,500,0.6,1000,0.2,1400,0.2,1
14,0,927,0,0,300,0.5,1700,0.5,1
14,1,675,1,0,500,0.6,1000,0.2,1400,0.2,2
14,2,362,2,10,5,0,300,0.5,1700,0.5,0
14,3,672,2,10,5,0,300,0.5,1700,0.5,0
14,4,87,2,10,5,0,300,0.5,1700,0.5,2
14,5,852,1,0,500,0.6,1000,0.2,1400,0.2,2
14,6,207,1,0,500,0.6,1000,0.2,1400,0.2,0
14,7,631,0,0,300,0.5,1700,0.5,1
14,8,992,1,0,300,0.5,1700,0.5,0
14,9,535,2,10,5,0,300,0.5,1700,0.5,1
14,10,280,1,0,300,0.5,1700,0.5,0
14,11,174,0,0,300,0.5,1700,0.5,1
14,12,421,0,0,300,0.5,1700,0.5,1
14,13,550,2,10,5,0,300,0.5,1700,0.5,1
14,14,900,2,10,5,0,500,0.6,1000,0.2,1400,0.2,1
