0,0,22,2,10,5,0,300,0.5,1700,0.5,0
0,1,855,1,0,300,0.5,1700,0.5,0
0,2,298,2,10,5,0,500,0.6,1000,0.2,1400,0.2,0
0,3,860,2,10,5,0,500,0.6,1000,0.2,1400,0.2,0
0,4,61,2,10,5,0,300,0.5,1700,0.5,1
0,5,226,2,10,5,0,500,0.6,1000,0.2,1400,0.2,0
0,6,549,0,0,500,0.6,1000,0.2,1400,0.2,1
0,7,163,2,10,5,0,300,0.5,1700,0.5,1
0,8,322,2,10,5,0,300,0.5,1700,0.5,0
0,9,869,2,10,5,0,300,0.5,1700,0.5,2
0,10,722,0,0,500,0.6,1000,0.2,1400,0.2,0
0,11,455,1,0,500,0.6,1000,0.2,1400,0.2,0
0,12,738,2,10,5,0,500,0.6,1000,0.2,1400,0.2,1
0,13,709,2,10,5,0,300,0.5,1700,0.5,2
0,14,326,1,0,300,0.5,1700,0.5,1
1,0,981,0,0,500,0.6,1000,0.2,1400,0.2,0
1,1,98,0,0,300,0.5,1700,0.5,2
1,2,209,2,10,5,0,300,0.5,1700,0.5,1
1,3,389,2,10,5,0,300,0.5,1700,0.5,2
1,4,356,0,0,300,0.5,1700,0.5,2
1,5,231,0,0,500,0.6,1000,0.2,1400,0.2,2
1,6,69,2,10,5,0,500,0.6,1000,0.2,1400,0.2,1
1,7,833,0,0,300,0.5,1700,0.5,1
1,8,462,2,10,5,0,300,0.5,1700,0.5,0
1,9,370,2,10,5,0,500,0.6,1000,0.2,1400,0.2,1
1,10,877,0,0,300,0.5,1700,0.5,0
1,11,293,1,0,300,0.5,1700,0.5,2
1,12,379,0,0,500,0.6,1000,0.2,1400,0.2,2
1,13,993,0,0,300,0.5,1700,0.5,2
1,14,281,1,0,300,0.5,1700,0.5,0
2,0,404,1,0,300,0.5,1700,0.5,0
2,1,895,0,0,500,0.6,1000,0.2,1400,0.2,1
2,2,983,2,10,5,0,300,0.5,1700,0.5,0
2,3,44,1,0,300,0.5,1700,0.5,0
2,4,854,2,10,5,0,500,0.6,1000,0.2,1400,0.2,0
2,5,900,1,0,500,0.6,1000,0.2,1400,0.2,0
2,6,683,0,0,500,0.6,1000,0.2,1400,0.2,2
2,7,11,0,0,300,0.5,1700,0.5,1
2,8,221,0,0,300,0.5,1700,0.5,2
2,9,384,0,0,300,0.5,1700,0.5,1
2,10,42,1,0,300,0.5,1700,0.5,2
2,11,209,0,0,500,0.6,1000,0.2,1400,0.2,0
2,12,806,1,0,500,0.6,1000,0.2,1400,0.2,1
2,13,893,0,0,300,0.5,1700,0.5,1
2,14,601,1,0,300,0.5,1700,0.5,0
3,0,141,2,10,5,0,300,0.5,1700,0.5,2
3,1,937,1,0,500,0.6,1000,0.2,1400,0.2,0
3,2,953,0,0,300,0.5,1700,0.5,2
3,3,334,1,0,500,0.6,1000,0.2,1400,0.2,1
3,4,346,0,0,500,0.6,1000,0.2,1400,0.2,0
3,5,758,0,0,500,0.6,1000,0.2,1400,0.2,0
3,6,708,2,10,5,0,300,0.5,1700,0.5,0
3,7,803,0,0,300,0.5,1700,0.5,1
3,8,432,0,0,300,0.5,1700,0.5,0
3,9,514,1,0,300,0.5,1700,0.5,0
3,10,439,1,0,300,0.5,1700,0.5,1
3,11,892,1,0,300,0.5,1700,0.5,0
3,12,614,1,0,300,0.5,1700,0.5,0
3,13,806,2,10,5,0,300,0.5,1700,0.5,0
3,14,318,1,0,500,0.6,1000,0.2,1400,0.2,2
4,0,984,0,0,300,0.5,1700,0.5,1
4,1,257,0,0,500,0.6,1000,0.2,1400,0.2,2
4,2,48,1,0,300,0.5,1700,0.5,0
4,3,82,1,0,300,0.5,1700,0.5,0
4,4,960,2,10,5,0,500,0.6,1000,0.2,1400,0.2,1
4,5,882,0,0,300,0.5,1700,0.5,1
4,6,852,2,10,5,0,500,0.6,1000,0.2,1400,0.2,0
4,7,835,2,10,5,0,500,0.6,1000,0.2,1400,0.2,0
4,8,760,2,10,5,0,300,0.5,1700,0.5,0
4,9,259,2,10,5,0,300,0.5,1700,0.5,2
4,10,872,0,0,300,0.5,1700,0.5,2
4,11,502,2,10,5,0,300,0.5,1700,0.5,2
4,12,132,0,0,500,0.6,1000,0.2,1400,0.2,2
4,13,315,1,0,300,0.5,1700,0.5,1
4,14,804,0,0,500,0.6,1000,0.2,1400,0.2,1
5,0,710,1,0,500,0.6,1000,0.2,1400,0.2,1
5,1,668,1,0,500,0.6,1000,0.2,1400,0.2,1
5,2,452,0,0,300,0.5,1700,0.5,2
5,3,822,0,0,300,0.5,1700,0.5,2
5,4,258,2,10,5,0,500,0.6,1000,0.2,1400,0.2,0
5,5,887,1,0,500,0.6,1000,0.2,1400,0.2,1
5,6,370,2,10,5,0,300,0.5,1700,0.5,2
5,7,138,2,10,5,0,300,0.5,1700,0.5,2
5,8,585,2,10,5,0,500,0.6,1000,0.2,1400,0.2,0
5,9,524,2,10,5,0,300,0.5,1700,0.5,1
5,10,765,0,0,500,0.6,1000,0.2,1400,0.2,1
5,11,520,2,10,5,0,300,0.5,1700,0.5,1
5,12,476,1,0,500,0.6,1000,0.2,1400,0.2,1
5,13,308,1,0,300,0.5,1700,0.5,1
5,14,775,1,0,500,0.6,1000,0.2,1400,0.2,0
6,0,609,1,0,500,0.6,1000,0.2,1400,0.2,2
6,1,781,0,0,500,0.6,1000,0.2,1400,0.2,1
6,2,160,1,0,500,0.6,1000,0.2,1400,0.2,2
6,3,389,1,0,300,0.5,1700,0.5,2
6,4,353,1,0,300,0.5,1700,0.5,2
6,5,283,2,10,5,0,500,0.6,1000,0.2,1400,0.2,1
6,6,44,1,0,500,0.6,1000,0.2,1400,0.2,1
6,7,691,0,0,500,0.6,1000,0.2,1400,0.2,2
6,8,243,1,0,300,0.5,1700,0.5,2
6,9,344,1,0,300,0.5,1700,0.5,0
6,10,981,1,0,300,0.5,1700,0.5,1
6,11,263,0,0,300,0.5,1700,0.5,0
6,12,272,0,0,500,0.6,1000,0.2,1400,0.2,1
6,13,583,1,0,300,0.5,1700,0.5,2
6,14,875,1,0,500,0.6,1000,0.2,1400,0.2,1
7,0,244,0,0,500,0.6,1000,0.2,1400,0.2,0
7,1,666,0,0,300,0.5,1700,0.5,2
7,2,737,1,0,500,0.6,1000,0.2,1400,0.2,0
7,3,579,1,0,500,0.6,1000,0.2,1400,0.2,0
7,4,70,0,0,300,0.5,1700,0.5,2
7,5,422,0,0,500,0.6,1000,0.2,1400,0.2,1
7,6,44,1,0,500,0.6,1000,0.2,1400,0.2,1
7,7,569,1,0,300,0.5,1700,0.5,2
7,8,325,2,10,5,0,300,0.5,1700,0.5,0
7,9,861,2,10,5,0,500,0.6,1000,0.2,1400,0.2,0
7,10,721,1,0,500,0.6,1000,0.2,1400,0.2,2
7,11,841,1,0,500,0.6,1000,0.2,1400,0.2,0
7,12,992,2,10,5,0,500,0.6,1000,0.2,1400,0.2,2
7,13,54,0,0,300,0.5,1700,0.5,1
7,14,15,2,10,5,0,300,0.5,1700,0.5,1
8,0,644,0,0,300,0.5,1700,0.5,0
8,1,624,1,0,500,0.6,1000,0.2,1400,0.2,0
8,2,330,0,0,300,0.5,1700,0.5,2
8,3,607,0,0,300,0.5,1700,0.5,1
8,4,386,0,0,500,0.6,1000,0.2,1400,0.2,1
8,5,169,1,0,500,0.6,1000,0.2,1400,0.2,0
8,6,538,1,0,300,0.5,1700,0.5,2
8,7,643,2,10,5,0,500,0.6,1000,0.2,1400,0.2,2
8,8,827,2,10,5,0,300,0.5,1700,0.5,1
8,9,807,1,0,300,0.5,1700,0.5,2
8,10,371,0,0,500,0.6,1000,0.2,1400,0.2,1
8,11,532,0,0,500,0.6,1000,0.2,1400,0.2,0
8,12,208,2,10,5,0,500,0.6,1000,0.2,1400,0.2,0
8,13,356,1,0,500,0.6,1000,0.2,1400,0.2,2
8,14,434,2,10,5,0,300,0.5,1700,0.5,2
9,0,455,1,0,500,0.6,1000,0.2,1400,0.2,0
9,1,281,0,0,300,0.5,1700,0.5,0
9,2,515,1,0,300,0.5,1700,0.5,1
9,3,901,2,10,5,0,500,0.6,1000,0.2,1400,0.2,0
9,4,331,0,0,300,0.5,1700,0.5,0
9,5,351,1,0,300,0.5,1700,0.5,2
9,6,467,0,0,500,0.6,1000,0.2,1400,0.2,1
9,7,373,0,0,300,0.5,1700,0.5,2
9,8,169,1,0,300,0.5,1700,0.5,1
9,9,923,0,0,500,0.6,1000,0.2,1400,0.2,2
9,10,839,1,0,300,0.5,1700,0.5,2
9,11,467,2,10,5,0,300,0.5,1700,0.5,0
9,12,133,2,10,5,0,300,0.5,1700,0.5,0
9,13,677,1,0,300,0.5,1700,0.5,2
9,14,36,2,10,5,0,300,0.5,1700,0.5,2
10,0,541,1,0,500,0.6,1000,0.2,1400,0.2,0
10,1,926,0,0,300,0.5,1700,0.5,0
10,2,808,1,0,300,0.5,1700,0.5,0
10,3,160,1,0,500,0.6,1000,0.2,1400,0.2,2
10,4,279,2,10,5,0,500,0.6,1000,0.2,1400,0.2,1
10,5,164,0,0,300,0.5,1700,0.5,2
10,6,971,2,10,5,0,500,0.6,1000,0.2,1400,0.2,0
10,7,738,2,10,5,0,300,0.5,1700,0.5,2
10,8,49,1,0,300,0.5,1700,0.5,1
10,9,428,1,0,300,0.5,1700,0.5,0
10,10,137,0,0,300,0.5,1700,0.5,2
10,11,157,0,0,300,0.5,1700,0.5,0
10,12,15,0,0,500,0.6,1000,0.2,1400,0.2,2
10,13,837,1,0,300,0.5,1700,0.5,2
10,14,299,0,0,300,0.5,1700,0.5,0
11,0,308,1,0,300,0.5,1700,0.5,0
11,1,17,0,0,500,0.6,1000,0.2,1400,0.2,1
11,2,647,2,10,5,0,500,0.6,1000,0.2,1400,0.2,0
11,3,772,1,0,300,0.5,1700,0.5,1
11,4,147,1,0,500,0.6,1000,0.2,1400,0.2,0
11,5,142,0,0,300,0.5,1700,0.5,2
11,6,923,2,10,5,0,500,0.6,1000,0.2,1400,0.2,2
11,7,79,1,0,500,0.6,1000,0.2,1400,0.2,0
11,8,110,1,0,300,0.5,1700,0.5,1
11,9,645,2,10,5,0,300,0.5,1700,0.5,1
11,10,564,2,10,5,0,500,0.6,1000,0.2,1400,0.2,2
11,11,22,0,0,500,0.6,1000,0.2,1400,0.2,2
11,12,302,2,10,5,0,300,0.5,1700,0.5,0
11,13,777,2,10,5,0,300,0.5,1700,0.5,0
11,14,903,2,10,5,0,300,0.5,1700,0.5,0
12,0,935,0,0,300,0.5,1700,0.5,2
12,1,664,1,0,500,0.6,1000,0.2,1400,0.2,2
12,2,417,1,0,300,0.5,1700,0.5,2
12,3,856,2,10,5,0,300,0.5,1700,0.5,2
12,4,285,1,0,300,0.5,1700,0.5,1
12,5,907,2,10,5,0,500,0.6,1000,0.2,1400,0.2,1
12,6,951,2,10,5,0,300,0.5,1700,0.5,0
12,7,732,2,10,5,0,300,0.5,1700,0.5,2
12,8,515,0,0,300,0.5,1700,0.5,1
12,9,255,1,0,500,0.6,1000,0.2,1400,0.2,0
12,10,19,1,0,300,0.5,1700,0.5,2
12,11,699,0,0,500,0.6,1000,0.2,1400,0.2,1
12,12,778,1,0,300,0.5,1700,0.5,0
12,13,511,1,0,300,0.5,1700,0.5,1
12,14,158,2,10,5,0,500,0.6,1000,0.2,1400,0.2,0
13,0,122,1,0,500,0.6,1000,0.2,1400,0.2,1
13,1,647,0,0,500,0.6,1000,0.2,1400,0.2,2
13,2,349,0,0,300,0.5,1700,0.5,2
13,3,67,0,0,300,0.5,1700,0.5,0
13,4,298,0,0,300,0.5,1700,0.5,1
13,5,746,2,10,5,0,300,0.5,1700,0.5,2
13,6,890,0,0,300,0.5,1700,0.5,0
13,7,683,0,0,500,0.6,1000,0.2,1400,0.2,2
13,8,172,2,10,5,0,500,0.6,1000,0.2,1400,0.2,2
13,9,119,1,0,500,0.6,1000,0.2,1400,0.2,1
13,10,347,2,10,5,0,500,0.6,1000,0.2,1400,0.2,2
13,11,831,2,10,5,0,500,0.6,1000,0.2,1400,0.2,1
13,12,845,2,10,5,0,300,0.5,1700,0.5,1
13,13,557,0,0,300,0.5,1700,0.5,0
13,14,523,0,0,300,0.5,1700,0.5,2
14,0,442,1,0,500,0.6,1000,0.2,1400,0.2,0
14,1,974,1,0,500,0.6,1000,0.2,1400,0.2,1
14,2,445,1,0,300,0.5,1700,0.5,2
14,3,965,1,0,300,0.5,1700,0.5,0
14,4,776,1,0,500,0.6,1000,0.2,1400,0.2,2
14,5,873,1,0,500,0.6,1000,0.2,1400,0.2,1
14,6,248,2,10,5,0,500,0.6,1000,0.2,1400,0.2,2
14,7,938,2,10,5,0,500,0.6,1000,0.2,1400,0.2,0
14,8,522,0,0,500,0.6,1000,0.2,1400,0.2,2
14,9,271,0,0,500,0.6,1000,0.2,1400,0.2,2
14,10,209,2,10,5,0,500,0.6,1000,0.2,1400,0.2,2
14,11,743,2,10,5,0,300,0.5,1700,0.5,0
14,12,491,0,0,500,0.6,1000,0.2,1400,0.2,0
14,13,469,2,10,5,0,300,0.5,1700,0.5,0
14,14,282,2,10,5,0,500,0.6,1000,0.2,1400,0.2,2
