0,0,114,1,0,500,0.6,1000,0.2,1400,0.2,1
0,1,707,1,0,500,0.6,1000,0.2,1400,0.2,2
0,2,712,1,0,300,0.5,1700,0.5,0
0,3,810,1,0,300,0.5,1700,0.5,0
0,4,619,2,10,5,0,300,0.5,1700,0.5,2
0,5,957,1,0,300,0.5,1700,0.5,0
0,6,501,2,10,5,0,500,0.6,1000,0.2,1400,0.2,0
0,7,641,0,0,500,0.6,1000,0.2,1400,0.2,0
0,8,271,2,10,5,0,500,0.6,1000,0.2,1400,0.2,0
0,9,419,0,0,300,0.5,1700,0.5,1
0,10,349,1,0,300,0.5,1700,0.5,2
0,11,986,1,0,500,0.6,1000,0.2,1400,0.2,1
0,12,941,1,0,300,0.5,1700,0.5,2
0,13,233,1,0,300,0.5,1700,0.5,2
0,14,494,1,0,300,0.5,1700,0.5,2
1,0,681,0,0,500,0.6,1000,0.2,1400,0.2,0
1,1,721,1,0,300,0.5,1700,0.5,1
1,2,182,2,10,5,0,500,0.6,1000,0.2,1400,0.2,0
1,3,857,1,0,500,0.6,1000,0.2,1400,0.2,1
1,4,68,0,0,500,0.6,1000,0.2,1400,0.2,1
1,5,223,1,0,300,0.5,1700,0.5,1
1,6,647,2,10,5,0,500,0.6,1000,0.2,1400,0.2,1
1,7,180,2,10,5,0,500,0.6,1000,0.2,1400,0.2,2
1,8,800,0,0,500,0.6,1000,0.2,1400,0.2,0
1,9,123,0,0,500,0.6,1000,0.2,1400,0.2,2
1,10,793,2,10,5,0,500,0.6,1000,0.2,1400,0.2,1
1,11,293,2,10,5,0,300,0.5,1700,0.5,2
1,12,374,2,10,5,0,500,0.6,1000,0.2,1400,0.2,2
1,13,689,0,0,300,0.5,1700,0.5,1
1,14,315,0,0,300,0.5,1700,0.5,0
2,0,853,1,0,300,0.5,1700,0.5,2
2,1,206,2,10,5,0,500,0.6,1000,0.2,1400,0.2,2
2,2,476,0,0,300,0.5,1700,0.5,0
2,3,706,0,0,300,0.5,1700,0.5,1
2,4,654,2,10,5,0,300,0.5,1700,0.5,0
2,5,638,1,0,300,0.5,1700,0.5,2
2,6,810,0,0,500,0.6,1000,0.2,1400,0.2,1
2,7,483,0,0,300,0.5,1700,0.5,1
2,8,152,0,0,500,0.6,1000,0.2,1400,0.2,1
2,9,656,0,0,500,0.6,1000,0.2,1400,0.2,2
2,10,930,0,0,500,0.6,1000,0.2,1400,0.2,1
2,11,686,1,0,500,0.6,1000,0.2,1400,0.2,1
2,12,641,1,0,300,0.5,1700,0.5,1
2,13,127,1,0,300,0.5,1700,0.5,2
2,14,21,2,10,5,0,500,0.6,1000,0.2,1400,0.2,0
3,0,299,2,10,5,0,500,0.6,1000,0.2,1400,0.2,2
3,1,469,0,0,500,0.6,1000,0.2,1400,0.2,1
3,2,245,0,0,300,0.5,1700,0.5,1
3,3,208,1,0,500,0.6,1000,0.2,1400,0.2,0
3,4,878,1,0,500,0.6,1000,0.2,1400,0.2,2
3,5,867,0,0,500,0.6,1000,0.2,1400,0.2,2
3,6,364,0,0,500,0.6,1000,0.2,1400,0.2,0
3,7,669,0,0,500,0.6,1000,0.2,1400,0.2,0
3,8,951,0,0,500,0.6,1000,0.2,1400,0.2,0
3,9,604,0,0,500,0.6,1000,0.2,1400,0.2,2
3,10,426,0,0,500,0.6,1000,0.2,1400,0.2,1
3,11,499,2,10,5,0,500,0.6,1000,0.2,1400,0.2,0
3,12,409,0,0,500,0.6,1000,0.2,1400,0.2,0
3,13,268,2,10,5,0,500,0.6,1000,0.2,1400,0.2,0
3,14,252,1,0,500,0.6,1000,0.2,1400,0.2,2
4,0,738,1,0,300,0.5,1700,0.5,2
4,1,234,0,0,300,0.5,1700,0.5,0
4,2,933,1,0,300,0.5,1700,0.5,0
4,3,48,0,0,500,0.6,1000,0.2,1400,0.2,1
4,4,111,1,0,500,0.6,1000,0.2,1400,0.2,0
4,5,55,1,0,500,0.6,1000,0.2,1400,0.2,2
4,6,282,1,0,500,0.6,1000,0.2,1400,0.2,1
4,7,144,1,0,300,0.5,1700,0.5,2
4,8,50,1,0,300,0.5,1700,0.5,0
4,9,677,0,0,500,0.6,1000,0.2,1400,0.2,0
4,10,435,2,10,5,0,500,0.6,1000,0.2,1400,0.2,1
4,11,166,2,10,5,0,300,0.5,1700,0.5,0
4,12,64,0,0,500,0.6,1000,0.2,1400,0.2,2
4,13,905,1,0,500,0.6,1000,0.2,1400,0.2,2
4,14,438,2,10,5,0,300,0.5,1700,0.5,0
5,0,991,1,0,500,0.6,1000,0.2,1400,0.2,1
5,1,767,2,10,5,0,300,0.5,1700,0.5,1
5,2,893,2,10,5,0,500,0.6,1000,0.2,1400,0.2,1
5,3,711,2,10,5,0,300,0.5,1700,0.5,1
5,4,71,1,0,300,0.5,1700,0.5,1
5,5,241,2,10,5,0,500,0.6,1000,0.2,1400,0.2,2
5,6,962,0,0,300,0.5,1700,0.5,2
5,7,275,2,10,5,0,500,0.6,1000,0.2,1400,0.2,1
5,8,941,2,10,5,0,500,0.6,1000,0.2,1400,0.2,2
5,9,346,2,10,5,0,500,0.6,1000,0.2,1400,0.2,0
5,10,264,1,0,300,0.5,1700,0.5,1
5,11,159,2,10,5,0,300,0.5,1700,0.5,1
5,12,170,0,0,500,0.6,1000,0.2,1400,0.2,0
5,13,475,1,0,500,0.6,1000,0.2,1400,0.2,0
5,14,632,0,0,500,0.6,1000,0.2,1400,0.2,2
6,0,496,1,0,300,0.5,1700,0.5,1
6,1,374,1,0,500,0.6,1000,0.2,1400,0.2,1
6,2,132,1,0,500,0.6,1000,0.2,1400,0.2,0
6,3,690,1,0,300,0.5,1700,0.5,0
6,4,410,2,10,5,0,500,0.6,1000,0.2,1400,0.2,1
6,5,814,0,0,300,0.5,1700,0.5,2
6,6,667,0,0,300,0.5,1700,0.5,0
6,7,744,1,0,500,0.6,1000,0.2,1400,0.2,0
6,8,657,2,10,5,0,500,0.6,1000,0.2,1400,0.2,1
6,9,327,2,10,5,0,500,0.6,1000,0.2,1400,0.2,2
6,10,500,2,10,5,0,300,0.5,1700,0.5,1
6,11,906,2,10,5,0,300,0.5,1700,0.5,2
6,12,711,1,0,300,0.5,1700,0.5,2
6,13,119,1,0,500,0.6,1000,0.2,1400,0.2,1
6,14,851,0,0,300,0.5,1700,0.5,1
7,0,593,0,0,300,0.5,1700,0.5,1
7,1,390,0,0,500,0.6,1000,0.2,1400,0.2,2
7,2,163,1,0,300,0.5,1700,0.5,1
7,3,468,2,10,5,0,500,0.6,1000,0.2,1400,0.2,2
7,4,961,1,0,500,0.6,1000,0.2,1400,0.2,0
7,5,294,1,0,300,0.5,1700,0.5,2
7,6,70,1,0,300,0.5,1700,0.5,1
7,7,997,1,0,300,0.5,1700,0.5,2
7,8,729,1,0,500,0.6,1000,0.2,1400,0.2,2
7,9,245,2,10,5,0,300,0.5,1700,0.5,1
7,10,187,0,0,300,0.5,1700,0.5,1
7,11,736,1,0,500,0.6,1000,0.2,1400,0.2,0
7,12,191,0,0,500,0.6,1000,0.2,1400,0.2,1
7,13,499,1,0,300,0.5,1700,0.5,0
7,14,50,0,0,500,0.6,1000,0.2,1400,0.2,1
8,0,579,2,10,5,0,300,0.5,1700,0.5,0
8,1,321,2,10,5,0,300,0.5,1700,0.5,1
8,2,632,2,10,5,0,300,0.5,1700,0.5,2
8,3,211,1,0,300,0.5,1700,0.5,1
8,4,20,0,0,300,0.5,1700,0.5,2
8,5,432,1,0,500,0.6,1000,0.2,1400,0.2,0
8,6,136,0,0,500,0.6,1000,0.2,1400,0.2,2
8,7,941,2,10,5,0,300,0.5,1700,0.5,2
8,8,499,0,0,300,0.5,1700,0.5,2
8,9,477,1,0,300,0.5,1700,0.5,2
8,10,741,0,0,300,0.5,1700,0.5,0
8,11,702,0,0,300,0.5,1700,0.5,1
8,12,421,0,0,300,0.5,1700,0.5,1
8,13,520,0,0,500,0.6,1000,0.2,1400,0.2,0
8,14,364,2,10,5,0,300,0.5,1700,0.5,1
9,0,665,1,0,300,0.5,1700,0.5,0
9,1,698,1,0,500,0.6,1000,0.2,1400,0.2,1
9,2,292,2,10,5,0,500,0.6,1000,0.2,1400,0.2,1
9,3,342,2,10,5,0,500,0.6,1000,0.2,1400,0.2,2
9,4,677,0,0,500,0.6,1000,0.2,1400,0.2,1
9,5,696,2,10,5,0,300,0.5,1700,0.5,2
9,6,267,2,10,5,0,500,0.6,1000,0.2,1400,0.2,2
9,7,788,2,10,5,0,300,0.5,1700,0.5,0
9,8,250,0,0,500,0.6,1000,0.2,1400,0.2,0
9,9,820,1,0,500,0.6,1000,0.2,1400,0.2,2
9,10,439,2,10,5,0,300,0.5,1700,0.5,2
9,11,313,1,0,300,0.5,1700,0.5,1
9,12,278,2,10,5,0,300,0.5,1700,0.5,1
9,13,360,1,0,500,0.6,1000,0.2,1400,0.2,0
9,14,997,2,10,5,0,500,0.6,1000,0.2,1400,0.2,0
10,0,962,1,0,300,0.5,1700,0.5,1
10,1,680,2,10,5,0,500,0.6,1000,0.2,1400,0.2,1
10,2,200,0,0,300,0.5,1700,0.5,0
10,3,475,1,0,300,0.5,1700,0.5,2
10,4,967,1,0,500,0.6,1000,0.2,1400,0.2,0
10,5,533,0,0,500,0.6,1000,0.2,1400,0.2,0
10,6,709,2,10,5,0,500,0.6,1000,0.2,1400,0.2,2
10,7,327,0,0,500,0.6,1000,0.2,1400,0.2,1
10,8,201,1,0,500,0.6,1000,0.2,1400,0.2,0
10,9,897,2,10,5,0,300,0.5,1700,0.5,2
10,10,166,0,0,500,0.6,1000,0.2,1400,0.2,0
10,11,281,1,0,300,0.5,1700,0.5,0
10,12,176,1,0,500,0.6,1000,0.2,1400,0.2,1
10,13,453,0,0,500,0.6,1000,0.2,1400,0.2,1
10,14,43,2,10,5,0,300,0.5,1700,0.5,0
11,0,702,0,0,500,0.6,1000,0.2,1400,0.2,2
11,1,770,2,10,5,0,500,0.6,1000,0.2,1400,0.2,0
11,2,707,0,0,500,0.6,1000,0.2,1400,0.2,2
11,3,749,1,0,300,0.5,1700,0.5,0
11,4,269,2,10,5,0,300,0.5,1700,0.5,2
11,5,105,2,10,5,0,500,0.6,1000,0.2,1400,0.2,1
11,6,160,0,0,500,0.6,1000,0.2,1400,0.2,1
11,7,630,2,10,5,0,300,0.5,1700,0.5,0
11,8,475,1,0,500,0.6,1000,0.2,1400,0.2,2
11,9,551,0,0,300,0.5,1700,0.5,1
11,10,435,2,10,5,0,500,0.6,1000,0.2,1400,0.2,2
11,11,923,2,10,5,0,300,0.5,1700,0.5,1
11,12,168,0,0,300,0.5,1700,0.5,1
11,13,957,2,10,5,0,300,0.5,1700,0.5,0
11,14,268,1,0,500,0.6,1000,0.2,1400,0.2,0
12,0,644,0,0,500,0.6,1000,0.2,1400,0.2,1
12,1,834,1,0,300,0.5,1700,0.5,2
12,2,39,2,10,5,0,300,0.5,1700,0.5,0
12,3,910,0,0,500,0.6,1000,0.2,1400,0.2,2
12,4,48,2,10,5,0,300,0.5,1700,0.5,0
12,5,301,2,10,5,0,300,0.5,1700,0.5,1
12,6,649,0,0,500,0.6,1000,0.2,1400,0.2,0
12,7,796,1,0,300,0.5,1700,0.5,0
12,8,782,1,0,300,0.5,1700,0.5,2
12,9,498,0,0,300,0.5,1700,0.5,1
12,10,210,0,0,500,0.6,1000,0.2,1400,0.2,0
12,11,823,0,0,500,0.6,1000,0.2,1400,0.2,0
12,12,655,1,0,300,0.5,1700,0.5,1
12,13,958,0,0,500,0.6,1000,0.2,1400,0.2,0
12,14,884,1,0,300,0.5,1700,0.5,1
13,0,934,1,0,300,0.5,1700,0.5,2
13,1,786,1,0,300,0.5,1700,0.5,1
13,2,802,2,10,5,0,300,0.5,1700,0.5,1
13,3,216,1,0,300,0.5,1700,0.5,0
13,4,936,0,0,300,0.5,1700,0.5,0
13,5,42,1,0,300,0.5,1700,0.5,2
13,6,683,2,10,5,0,500,0.6,1000,0.2,1400,0.2,0
13,7,447,1,0,300,0.5,1700,0.5,0
13,8,199,0,0,300,0.5,1700,0.5,0
13,9,580,1,0,300,0.5,1700,0.5,1
13,10,721,0,0,500,0.6,1000,0.2,1400,0.2,0
13,11,908,1,0,500,0.6,1000,0.2,1400,0.2,2
13,12,704,2,10,5,0,300,0.5,1700,0.5,0
13,13,899,0,0,300,0.5,1700,0.5,0
13,14,383,1,0,300,0.5,1700,0.5,0
14,0,835,2,10,5,0,300,0.5,1700,0.5,1
14,1,993,1,0,500,0.6,1000,0.2,1400,0.2,2
14,2,561,1,0,500,0.6,1000,0.2,1400,0.2,1
14,3,647,2,10,5,0,300,0.5,1700,0.5,1
14,4,798,1,0,300,0.5,1700,0.5,0
14,5,526,0,0,300,0.5,1700,0.5,2
14,6,44,2,10,5,0,500,0.6,1000,0.2,1400,0.2,2
14,7,444,1,0,500,0.6,1000,0.2,1400,0.2,0
14,8,886,2,10,5,0,300,0.5,1700,0.5,2
14,9,302,0,0,500,0.6,1000,0.2,1400,0.2,1
14,10,350,2,10,5,0,500,0.6,1000,0.2,1400,0.2,2
14,11,228,0,0,500,0.6,1000,0.2,1400,0.2,0
14,12,208,0,0,300,0.5,1700,0.5,0
14,13,432,0,0,300,0.5,1700,0.5,0
14,14,126,2,10,5,0,300,0.5,1700,0.5,0
