0,0,515,0,0,500,0.6,1000,0.2,1400,0.2,1
0,1,964,1,0,300,0.5,1700,0.5,1
0,2,95,0,0,300,0.5,1700,0.5,2
0,3,497,0,0,300,0.5,1700,0.5,1
0,4,493,1,0,500,0.6,1000,0.2,1400,0.2,0
0,5,312,0,0,500,0.6,1000,0.2,1400,0.2,1
0,6,113,1,0,500,0.6,1000,0.2,1400,0.2,0
0,7,480,2,10,5,0,500,0.6,1000,0.2,1400,0.2,1
0,8,177,0,0,500,0.6,1000,0.2,1400,0.2,1
0,9,93,1,0,500,0.6,1000,0.2,1400,0.2,2
0,10,85,2,10,5,0,500,0.6,1000,0.2,1400,0.2,1
0,11,133,0,0,300,0.5,1700,0.5,2
0,12,468,1,0,300,0.5,1700,0.5,2
0,13,946,0,0,500,0.6,1000,0.2,1400,0.2,2
0,14,813,0,0,300,0.5,1700,0.5,2
1,0,129,2,10,5,0,500,0.6,1000,0.2,1400,0.2,0
1,1,327,0,0,300,0.5,1700,0.5,1
1,2,554,2,10,5,0,300,0.5,1700,0.5,1
1,3,531,1,0,500,0.6,1000,0.2,1400,0.2,0
1,4,582,1,0,300,0.5,1700,0.5,2
1,5,738,0,0,300,0.5,1700,0.5,1
1,6,898,1,0,500,0.6,1000,0.2,1400,0.2,0
1,7,675,1,0,500,0.6,1000,0.2,1400,0.2,1
1,8,211,0,0,300,0.5,1700,0.5,0
1,9,222,0,0,300,0.5,1700,0.5,2
1,10,743,1,0,500,0.6,1000,0.2,1400,0.2,0
1,11,896,0,0,300,0.5,1700,0.5,0
1,12,763,0,0,500,0.6,1000,0.2,1400,0.2,0
1,13,590,1,0,300,0.5,1700,0.5,0
1,14,210,1,0,300,0.5,1700,0.5,0
2,0,599,0,0,300,0.5,1700,0.5,2
2,1,648,0,0,500,0.6,1000,0.2,1400,0.2,0
2,2,62,0,0,300,0.5,1700,0.5,0
2,3,132,2,10,5,0,500,0.6,1000,0.2,1400,0.2,2
2,4,355,2,10,5,0,300,0.5,1700,0.5,1
2,5,551,0,0,500,0.6,1000,0.2,1400,0.2,1
2,6,938,1,0,300,0.5,1700,0.5,1
2,7,76,2,10,5,0,500,0.6,1000,0.2,1400,0.2,1
2,8,685,2,10,5,0,500,0.6,1000,0.2,1400,0.2,1
2,9,830,2,10,5,0,300,0.5,1700,0.5,2
2,10,988,1,0,500,0.6,1000,0.2,1400,0.2,2
2,11,913,1,0,300,0.5,1700,0.5,1
2,12,380,0,0,500,0.6,1000,0.2,1400,0.2,0
2,13,841,2,10,5,0,500,0.6,1000,0.2,1400,0.2,0
2,14,267,2,10,5,0,500,0.6,1000,0.2,1400,0.2,0
3,0,871,1,0,300,0.5,1700,0.5,0
3,1,582,0,0,300,0.5,1700,0.5,2
3,2,259,2,10,5,0,300,0.5,1700,0.5,2
3,3,867,1,0,500,0.6,1000,0.2,1400,0.2,2
3,4,872,0,0,300,0.5,1700,0.5,0
3,5,956,2,10,5,0,500,0.6,1000,0.2,1400,0.2,2
3,6,280,0,0,500,0.6,1000,0.2,1400,0.2,2
3,7,989,2,10,5,0,300,0.5,1700,0.5,1
3,8,869,1,0,500,0.6,1000,0.2,1400,0.2,0
3,9,623,1,0,500,0.6,1000,0.2,1400,0.2,0
3,10,522,1,0,300,0.5,1700,0.5,0
3,11,157,2,10,5,0,300,0.5,1700,0.5,2
3,12,230,0,0,500,0.6,1000,0.2,1400,0.2,1
3,13,709,1,0,500,0.6,1000,0.2,1400,0.2,2
3,14,768,1,0,300,0.5,1700,0.5,2
4,0,579,0,0,300,0.5,1700,0.5,0
4,1,35,1,0,300,0.5,1700,0.5,1
4,2,836,1,0,300,0.5,1700,0.5,1
4,3,712,2,10,5,0,500,0.6,1000,0.2,1400,0.2,1
4,4,811,2,10,5,0,500,0.6,1000,0.2,1400,0.2,2
4,5,667,1,0,500,0.6,1000,0.2,1400,0.2,1
4,6,662,0,0,300,0.5,1700,0.5,0
4,7,39,0,0,500,0.6,1000,0.2,1400,0.2,0
4,8,950,2,10,5,0,500,0.6,1000,0.2,1400,0.2,2
4,9,645,2,10,5,0,500,0.6,1000,0.2,1400,0.2,2
4,10,857,2,10,5,0,500,0.6,1000,0.2,1400,0.2,1
4,11,111,1,0,500,0.6,1000,0.2,1400,0.2,0
4,12,899,2,10,5,0,300,0.5,1700,0.5,0
4,13,173,1,0,500,0.6,1000,0.2,1400,0.2,2
4,14,681,1,0,500,0.6,1000,0.2,1400,0.2,0
5,0,92,0,0,500,0.6,1000,0.2,1400,0.2,0
5,1,328,0,0,300,0.5,1700,0.5,2
5,2,68,0,0,500,0.6,1000,0.2,1400,0.2,1
5,3,747,1,0,500,0.6,1000,0.2,1400,0.2,1
5,4,468,1,0,500,0.6,1000,0.2,1400,0.2,2
5,5,131,2,10,5,0,300,0.5,1700,0.5,1
5,6,777,0,0,300,0.5,1700,0.5,2
5,7,886,2,10,5,0,500,0.6,1000,0.2,1400,0.2,0
5,8,922,1,0,500,0.6,1000,0.2,1400,0.2,1
5,9,113,2,10,5,0,300,0.5,1700,0.5,1
5,10,500,1,0,300,0.5,1700,0.5,1
5,11,114,2,10,5,0,500,0.6,1000,0.2,1400,0.2,0
5,12,84,2,10,5,0,300,0.5,1700,0.5,0
5,13,321,2,10,5,0,300,0.5,1700,0.5,1
5,14,105,0,0,300,0.5,1700,0.5,0
6,0,160,2,10,5,0,300,0.5,1700,0.5,0
6,1,479,1,0,300,0.5,1700,0.5,1
6,2,356,1,0,300,0.5,1700,0.5,0
6,3,656,0,0,500,0.6,1000,0.2,1400,0.2,0
6,4,819,0,0,500,0.6,1000,0.2,1400,0.2,0
6,5,544,1,0,500,0.6,1000,0.2,1400,0.2,2
6,6,592,1,0,500,0.6,1000,0.2,1400,0.2,0
6,7,784,0,0,300,0.5,1700,0.5,2
6,8,738,0,0,300,0.5,1700,0.5,1
6,9,53,0,0,500,0.6,1000,0.2,1400,0.2,2
6,10,767,1,0,500,0.6,1000,0.2,1400,0.2,2
6,11,933,2,10,5,0,500,0.6,1000,0.2,1400,0.2,2
6,12,904,1,0,300,0.5,1700,0.5,1
6,13,603,1,0,300,0.5,1700,0.5,0
6,14,341,2,10,5,0,500,0.6,1000,0.2,1400,0.2,2
7,0,990,1,0,500,0.6,1000,0.2,1400,0.2,1
7,1,834,2,10,5,0,300,0.5,1700,0.5,0
7,2,806,2,10,5,0,500,0.6,1000,0.2,1400,0.2,2
7,3,689,2,10,5,0,300,0.5,1700,0.5,1
7,4,866,0,0,300,0.5,1700,0.5,2
7,5,396,0,0,300,0.5,1700,0.5,0
7,6,64,0,0,300,0.5,1700,0.5,0
7,7,912,2,10,5,0,500,0.6,1000,0.2,1400,0.2,2
7,8,785,2,10,5,0,300,0.5,1700,0.5,0
7,9,1000,2,10,5,0,500,0.6,1000,0.2,1400,0.2,2
7,10,177,2,10,5,0,300,0.5,1700,0.5,1
7,11,247,0,0,300,0.5,1700,0.5,0
7,12,85,1,0,500,0.6,1000,0.2,1400,0.2,0
7,13,204,0,0,300,0.5,1700,0.5,2
7,14,582,0,0,300,0.5,1700,0.5,2
8,0,160,1,0,500,0.6,1000,0.2,1400,0.2,1
8,1,671,1,0,500,0.6,1000,0.2,1400,0.2,1
8,2,11,1,0,300,0.5,1700,0.5,0
8,3,855,0,0,500,0.6,1000,0.2,1400,0.2,1
8,4,589,0,0,500,0.6,1000,0.2,1400,0.2,1
8,5,13,0,0,500,0.6,1000,0.2,1400,0.2,1
8,6,627,2,10,5,0,300,0.5,1700,0.5,2
8,7,443,1,0,300,0.5,1700,0.5,0
8,8,645,2,10,5,0,300,0.5,1700,0.5,2
8,9,240,1,0,300,0.5,1700,0.5,1
8,10,577,2,10,5,0,500,0.6,1000,0.2,1400,0.2,0
8,11,823,2,10,5,0,500,0.6,1000,0.2,1400,0.2,2
8,12,295,1,0,300,0.5,1700,0.5,0
8,13,714,0,0,300,0.5,1700,0.5,1
8,14,588,2,10,5,0,300,0.5,1700,0.5,2
9,0,82,1,0,500,0.6,1000,0.2,1400,0.2,1
9,1,10,0,0,300,0.5,1700,0.5,2
9,2,11,0,0,300,0.5,1700,0.5,2
9,3,889,0,0,300,0.5,1700,0.5,1
9,4,201,0,0,300,0.5,1700,0.5,1
9,5,167,1,0,300,0.5,1700,0.5,2
9,6,797,2,10,5,0,300,0.5,1700,0.5,0
9,7,424,0,0,500,0.6,1000,0.2,1400,0.2,1
9,8,841,1,0,500,0.6,1000,0.2,1400,0.2,1
9,9,371,2,10,5,0,500,0.6,1000,0.2,1400,0.2,2
9,10,431,2,10,5,0,500,0.6,1000,0.2,1400,0.2,2
9,11,416,0,0,300,0.5,1700,0.5,0
9,12,958,2,10,5,0,500,0.6,1000,0.2,1400,0.2,1
9,13,896,1,0,500,0.6,1000,0.2,1400,0.2,1
9,14,391,1,0,300,0.5,1700,0.5,1
10,0,953,0,0,500,0.6,1000,0.2,1400,0.2,2
10,1,30,1,0,500,0.6,1000,0.2,1400,0.2,0
10,2,83,2,10,5,0,300,0.5,1700,0.5,1
10,3,564,0,0,500,0.6,1000,0.2,1400,0.2,0
10,4,253,2,10,5,0,300,0.5,1700,0.5,1
10,5,725,0,0,300,0.5,1700,0.5,1
10,6,711,2,10,5,0,300,0.5,1700,0.5,1
10,7,720,1,0,500,0.6,1000,0.2,1400,0.2,1
10,8,77,1,0,500,0.6,1000,0.2,1400,0.2,0
10,9,452,2,10,5,0,300,0.5,1700,0.5,2
10,10,171,2,10,5,0,300,0.5,1700,0.5,2
10,11,998,1,0,300,0.5,1700,0.5,1
10,12,812,1,0,300,0.5,1700,0.5,1
10,13,491,0,0,500,0.6,1000,0.2,1400,0.2,1
10,14,979,0,0,500,0.6,1000,0.2,1400,0.2,0
11,0,142,2,10,5,0,300,0.5,1700,0.5,0
11,1,243,1,0,500,0.6,1000,0.2,1400,0.2,2
11,2,580,1,0,300,0.5,1700,0.5,2
11,3,806,1,0,500,0.6,1000,0.2,1400,0.2,0
11,4,479,0,0,500,0.6,1000,0.2,1400,0.2,1
11,5,941,2,10,5,0,500,0.6,1000,0.2,1400,0.2,1
11,6,732,0,0,500,0.6,1000,0.2,1400,0.2,2
11,7,363,2,10,5,0,300,0.5,1700,0.5,1
11,8,57,1,0,500,0.6,1000,0.2,1400,0.2,2
11,9,218,0,0,300,0.5,1700,0.5,2
11,10,542,0,0,500,0.6,1000,0.2,1400,0.2,0
11,11,71,1,0,300,0.5,1700,0.5,1
11,12,762,1,0,500,0.6,1000,0.2,1400,0.2,2
11,13,817,2,10,5,0,500,0.6,1000,0.2,1400,0.2,0
11,14,398,1,0,300,0.5,1700,0.5,0
12,0,840,1,0,500,0.6,1000,0.2,1400,0.2,1
12,1,299,2,10,5,0,300,0.5,1700,0.5,2
12,2,488,0,0,300,0.5,1700,0.5,2
12,3,434,0,0,500,0.6,1000,0.2,1400,0.2,1
12,4,301,1,0,500,0.6,1000,0.2,1400,0.2,1
12,5,655,0,0,500,0.6,1000,0.2,1400,0.2,1
12,6,761,2,10,5,0,500,0.6,1000,0.2,1400,0.2,1
12,7,234,1,0,300,0.5,1700,0.5,1
12,8,277,1,0,500,0.6,1000,0.2,1400,0.2,0
12,9,651,2,10,5,0,300,0.5,1700,0.5,1
12,10,782,2,10,5,0,300,0.5,1700,0.5,2
12,11,88,2,10,5,0,300,0.5,1700,0.5,1
12,12,818,0,0,300,0.5,1700,0.5,2
12,13,629,2,10,5,0,500,0.6,1000,0.2,1400,0.2,0
12,14,356,2,10,5,0,500,0.6,1000,0.2,1400,0.2,0
13,0,890,1,0,300,0.5,1700,0.5,2
13,1,214,2,10,5,0,500,0.6,1000,0.2,1400,0.2,2
13,2,135,2,10,5,0,300,0.5,1700,0.5,1
13,3,70,1,0,300,0.5,1700,0.5,1
13,4,637,2,10,5,0,300,0.5,1700,0.5,1
13,5,828,0,0,300,0.5,1700,0.5,0
13,6,158,2,10,5,0,300,0.5,1700,0.5,2
13,7,890,1,0,300,0.5,1700,0.5,2
13,8,206,1,0,500,0.6,1000,0.2,1400,0.2,0
13,9,323,0,0,500,0.6,1000,0.2,1400,0.2,1
13,10,102,1,0,300,0.5,1700,0.5,1
13,11,367,1,0,300,0.5,1700,0.5,1
13,12,472,0,0,300,0.5,1700,0.5,2
13,13,14,2,10,5,0,500,0.6,1000,0.2,1400,0.2,1
13,14,376,2,10,5,0,300,0.5,1700,0.5,0
14,0,592,2,10,5,0,300,0.5,1700,0.5,1
14,1,182,1,0,300,0.5,1700,0.5,0
14,2,854,1,0,300,0.5,1700,0.5,0
14,3,243,0,0,500,0.6,1000,0.2,1400,0.2,0
14,4,976,1,0,500,0.6,1000,0.2,1400,0.2,1
14,5,756,1,0,300,0.5,1700,0.5,0
14,6,965,0,0,500,0.6,1000,0.2,1400,0.2,2
14,7,897,0,0,300,0.5,1700,0.5,0
14,8,827,0,0,300,0.5,1700,0.5,0
14,9,282,1,0,500,0.6,1000,0.2,1400,0.2,2
14,10,841,1,0,300,0.5,1700,0.5,0
14,11,648,2,10,5,0,500,0.6,1000,0.2,1400,0.2,1
14,12,753,2,10,5,0,300,0.5,1700,0.5,2
14,13,191,1,0,300,0.5,1700,0.5,1
14,14,540,0,0,500,0.6,1000,0.2,1400,0.2,2
