0,0,656,1,0,300,0.5,1700,0.5,0
0,1,311,0,0,300,0.5,1700,0.5,2
0,2,545,2,10,5,0,300,0.5,1700,0.5,0
0,3,197,2,10,5,0,500,0.6,1000,0.2,1400,0.2,1
0,4,612,1,0,300,0.5,1700,0.5,0
0,5,697,0,0,500,0.6,1000,0.2,1400,0.2,2
0,6,364,2,10,5,0,500,0.6,1000,0.2,1400,0.2,1
0,7,70,0,0,500,0.6,1000,0.2,1400,0.2,2
0,8,771,0,0,300,0.5,1700,0.5,2
0,9,625,0,0,300,0.5,1700,0.5,2
0,10,670,2,10,5,0,500,0.6,1000,0.2,1400,0.2,0
0,11,952,1,0,500,0.6,1000,0.2,1400,0.2,1
0,12,635,2,10,5,0,300,0.5,1700,0.5,1
0,13,843,1,0,300,0.5,1700,0.5,2
0,14,603,2,10,5,0,300,0.5,1700,0.5,0
1,0,26,0,0,300,0.5,1700,0.5,0
1,1,222,2,10,5,0,500,0.6,1000,0.2,1400,0.2,0
1,2,645,1,0,500,0.6,1000,0.2,1400,0.2,2
1,3,733,0,0,500,0.6,1000,0.2,1400,0.2,2
1,4,208,2,10,5,0,300,0.5,1700,0.5,0
1,5,471,0,0,500,0.6,1000,0.2,1400,0.2,1
1,6,340,0,0,500,0.6,1000,0.2,1400,0.2,0
1,7,704,1,0,300,0.5,1700,0.5,1
1,8,157,2,10,5,0,300,0.5,1700,0.5,1
1,9,217,0,0,300,0.5,1700,0.5,0
1,10,48,0,0,300,0.5,1700,0.5,2
1,11,427,1,0,500,0.6,1000,0.2,1400,0.2,1
1,12,168,1,0,300,0.5,1700,0.5,2
1,13,163,0,0,300,0.5,1700,0.5,2
1,14,240,2,10,5,0,500,0.6,1000,0.2,1400,0.2,0
2,0,450,1,0,500,0.6,1000,0.2,1400,0.2,0
2,1,69,0,0,300,0.5,1700,0.5,2
2,2,930,0,0,300,0.5,1700,0.5,2
2,3,326,0,0,300,0.5,1700,0.5,2
2,4,66,1,0,500,0.6,1000,0.2,1400,0.2,2
2,5,364,1,0,500,0.6,1000,0.2,1400,0.2,2
2,6,96,1,0,500,0.6,1000,0.2,1400,0.2,2
2,7,718,1,0,500,0.6,1000,0.2,1400,0.2,2
2,8,24,2,10,5,0,300,0.5,1700,0.5,2
2,9,410,1,0,500,0.6,1000,0.2,1400,0.2,2
2,10,703,2,10,5,0,300,0.5,1700,0.5,2
2,11,471,1,0,300,0.5,1700,0.5,1
2,12,995,2,10,5,0,500,0.6,1000,0.2,1400,0.2,1
2,13,956,0,0,500,0.6,1000,0.2,1400,0.2,1
2,14,315,2,10,5,0,300,0.5,1700,0.5,1
3,0,810,1,0,500,0.6,1000,0.2,1400,0.2,2
3,1,174,2,10,5,0,300,0.5,1700,0.5,0
3,2,135,0,0,300,0.5,1700,0.5,1
3,3,454,1,0,300,0.5,1700,0.5,2
3,4,279,0,0,500,0.6,1000,0.2,1400,0.2,0
3,5,435,1,0,500,0.6,1000,0.2,1400,0.2,1
3,6,235,1,0,300,0.5,1700,0.5,2
3,7,83,0,0,300,0.5,1700,0.5,2
3,8,806,0,0,500,0.6,1000,0.2,1400,0.2,1
3,9,67,1,0,300,0.5,1700,0.5,0
3,10,985,1,0,500,0.6,1000,0.2,1400,0.2,2
3,11,68,2,10,5,0,500,0.6,1000,0.2,1400,0.2,2
3,12,216,1,0,500,0.6,1000,0.2,1400,0.2,0
3,13,357,1,0,300,0.5,1700,0.5,0
3,14,373,1,0,500,0.6,1000,0.2,1400,0.2,0
4,0,419,0,0,500,0.6,1000,0.2,1400,0.2,0
4,1,610,2,10,5,0,500,0.6,1000,0.2,1400,0.2,2
4,2,995,1,0,500,0.6,1000,0.2,1400,0.2,0
4,3,423,1,0,300,0.5,1700,0.5,1
4,4,56,1,0,500,0.6,1000,0.2,1400,0.2,0
4,5,81,1,0,300,0.5,1700,0.5,1
4,6,486,1,0,500,0.6,1000,0.2,1400,0.2,1
4,7,551,2,10,5,0,300,0.5,1700,0.5,1
4,8,266,1,0,300,0.5,1700,0.5,0
4,9,145,0,0,300,0.5,1700,0.5,1
4,10,933,1,0,500,0.6,1000,0.2,1400,0.2,1
4,11,19,1,0,500,0.6,1000,0.2,1400,0.2,1
4,12,214,2,10,5,0,300,0.5,1700,0.5,0
4,13,487,1,0,300,0.5,1700,0.5,1
4,14,195,1,0,300,0.5,1700,0.5,2
5,0,559,1,0,300,0.5,1700,0.5,2
5,1,561,0,0,300,0.5,1700,0.5,1
5,2,378,0,0,500,0.6,1000,0.2,1400,0.2,1
5,3,589,1,0,500,0.6,1000,0.2,1400,0.2,1
5,4,911,2,10,5,0,500,0.6,1000,0.2,1400,0.2,0
5,5,118,1,0,300,0.5,1700,0.5,2
5,6,712,1,0,500,0.6,1000,0.2,1400,0.2,2
5,7,157,2,10,5,0,300,0.5,1700,0.5,2
5,8,257,1,0,500,0.6,1000,0.2,1400,0.2,1
5,9,765,0,0,300,0.5,1700,0.5,1
5,10,881,2,10,5,0,300,0.5,1700,0.5,0
5,11,267,2,10,5,0,300,0.5,1700,0.5,0
5,12,492,0,0,500,0.6,1000,0.2,1400,0.2,2
5,13,819,1,0,300,0.5,1700,0.5,0
5,14,518,0,0,500,0.6,1000,0.2,1400,0.2,0
6,0,481,0,0,300,0.5,1700,0.5,0
6,1,168,2,10,5,0,500,0.6,1000,0.2,1400,0.2,1
6,2,791,0,0,300,0.5,1700,0.5,0
6,3,989,1,0,300,0.5,1700,0.5,0
6,4,310,0,0,300,0.5,1700,0.5,0
6,5,442,0,0,500,0.6,1000,0.2,1400,0.2,1
6,6,559,0,0,300,0.5,1700,0.5,2
6,7,823,1,0,300,0.5,1700,0.5,2
6,8,882,1,0,300,0.5,1700,0.5,1
6,9,718,0,0,500,0.6,1000,0.2,1400,0.2,2
6,10,457,2,10,5,0,500,0.6,1000,0.2,1400,0.2,0
6,11,863,1,0,500,0.6,1000,0.2,1400,0.2,2
6,12,420,2,10,5,0,300,0.5,1700,0.5,1
6,13,776,2,10,5,0,300,0.5,1700,0.5,2
6,14,312,0,0,300,0.5,1700,0.5,0
7,0,339,1,0,300,0.5,1700,0.5,1
7,1,188,0,0,500,0.6,1000,0.2,1400,0.2,2
7,2,178,0,0,300,0.5,1700,0.5,2
7,3,119,1,0,300,0.5,1700,0.5,2
7,4,884,1,0,500,0.6,1000,0.2,1400,0.2,0
7,5,568,1,0,500,0.6,1000,0.2,1400,0.2,0
7,6,507,1,0,500,0.6,1000,0.2,1400,0.2,2
7,7,437,1,0,500,0.6,1000,0.2,1400,0.2,1
7,8,185,0,0,500,0.6,1000,0.2,1400,0.2,2
7,9,872,2,10,5,0,300,0.5,1700,0.5,0
7,10,738,0,0,500,0.6,1000,0.2,1400,0.2,0
7,11,757,1,0,500,0.6,1000,0.2,1400,0.2,0
7,12,733,0,0,500,0.6,1000,0.2,1400,0.2,1
7,13,854,1,0,500,0.6,1000,0.2,1400,0.2,1
7,14,603,0,0,300,0.5,1700,0.5,2
8,0,646,0,0,300,0.5,1700,0.5,2
8,1,732,2,10,5,0,500,0.6,1000,0.2,1400,0.2,0
8,2,463,2,10,5,0,300,0.5,1700,0.5,0
8,3,966,0,0,500,0.6,1000,0.2,1400,0.2,0
8,4,587,2,10,5,0,500,0.6,1000,0.2,1400,0.2,1
8,5,789,0,0,500,0.6,1000,0.2,1400,0.2,2
8,6,939,2,10,5,0,300,0.5,1700,0.5,1
8,7,637,2,10,5,0,500,0.6,1000,0.2,1400,0.2,0
8,8,532,2,10,5,0,500,0.6,1000,0.2,1400,0.2,1
8,9,268,0,0,500,0.6,1000,0.2,1400,0.2,1
8,10,566,2,10,5,0,300,0.5,1700,0.5,1
8,11,162,0,0,300,0.5,1700,0.5,0
8,12,729,1,0,300,0.5,1700,0.5,0
8,13,526,2,10,5,0,300,0.5,1700,0.5,0
8,14,476,1,0,300,0.5,1700,0.5,2
9,0,811,1,0,300,0.5,1700,0.5,0
9,1,110,2,10,5,0,300,0.5,1700,0.5,2
9,2,284,0,0,500,0.6,1000,0.2,1400,0.2,0
9,3,124,2,10,5,0,500,0.6,1000,0.2,1400,0.2,1
9,4,291,1,0,300,0.5,1700,0.5,1
9,5,983,1,0,500,0.6,1000,0.2,1400,0.2,2
9,6,700,2,10,5,0,300,0.5,1700,0.5,0
9,7,454,2,10,5,0,500,0.6,1000,0.2,1400,0.2,1
9,8,827,0,0,300,0.5,1700,0.5,1
9,9,366,2,10,5,0,300,0.5,1700,0.5,2
9,10,242,1,0,500,0.6,1000,0.2,1400,0.2,0
9,11,233,1,0,300,0.5,1700,0.5,0
9,12,376,0,0,300,0.5,1700,0.5,2
9,13,915,1,0,300,0.5,1700,0.5,1
9,14,335,1,0,300,0.5,1700,0.5,2
10,0,35,1,0,300,0.5,1700,0.5,0
10,1,107,0,0,300,0.5,1700,0.5,2
10,2,930,1,0,300,0.5,1700,0.5,1
10,3,834,0,0,500,0.6,1000,0.2,1400,0.2,0
10,4,175,2,10,5,0,500,0.6,1000,0.2,1400,0.2,0
10,5,917,2,10,5,0,500,0.6,1000,0.2,1400,0.2,1
10,6,902,1,0,300,0.5,1700,0.5,0
10,7,215,2,10,5,0,500,0.6,1000,0.2,1400,0.2,1
10,8,793,1,0,300,0.5,1700,0.5,1
10,9,965,1,0,500,0.6,1000,0.2,1400,0.2,1
10,10,648,1,0,500,0.6,1000,0.2,1400,0.2,1
10,11,383,0,0,500,0.6,1000,0.2,1400,0.2,2
10,12,777,2,10,5,0,500,0.6,1000,0.2,1400,0.2,2
10,13,370,2,10,5,0,500,0.6,1000,0.2,1400,0.2,1
10,14,802,0,0,500,0.6,1000,0.2,1400,0.2,0
11,0,732,2,10,5,0,500,0.6,1000,0.2,1400,0.2,0
11,1,520,0,0,300,0.5,1700,0.5,0
11,2,898,0,0,500,0.6,1000,0.2,1400,0.2,2
11,3,474,1,0,500,0.6,1000,0.2,1400,0.2,0
11,4,382,0,0,300,0.5,1700,0.5,2
11,5,264,1,0,500,0.6,1000,0.2,1400,0.2,1
11,6,599,0,0,300,0.5,1700,0.5,2
11,7,980,1,0,500,0.6,1000,0.2,1400,0.2,1
11,8,341,0,0,500,0.6,1000,0.2,1400,0.2,1
11,9,656,1,0,300,0.5,1700,0.5,0
11,10,56,0,0,300,0.5,1700,0.5,2
11,11,898,0,0,500,0.6,1000,0.2,1400,0.2,2
11,12,325,0,0,300,0.5,1700,0.5,0
11,13,658,1,0,500,0.6,1000,0.2,1400,0.2,2
11,14,598,0,0,300,0.5,1700,0.5,0
12,0,943,0,0,500,0.6,1000,0.2,1400,0.2,2
12,1,426,0,0,300,0.5,1700,0.5,1
12,2,821,2,10,5,0,500,0.6,1000,0.2,1400,0.2,2
12,3,198,2,10,5,0,500,0.6,1000,0.2,1400,0.2,2
12,4,924,1,0,300,0.5,1700,0.5,2
12,5,24,0,0,500,0.6,1000,0.2,1400,0.2,2
12,6,931,1,0,300,0.5,1700,0.5,0
12,7,657,1,0,300,0.5,1700,0.5,0
12,8,980,1,0,300,0.5,1700,0.5,2
12,9,730,2,10,5,0,500,0.6,1000,0.2,1400,0.2,2
12,10,574,0,0,500,0.6,1000,0.2,1400,0.2,0
12,11,459,1,0,500,0.6,1000,0.2,1400,0.2,2
12,12,443,2,10,5,0,500,0.6,1000,0.2,1400,0.2,2
12,13,984,2,10,5,0,300,0.5,1700,0.5,0
12,14,933,1,0,300,0.5,1700,0.5,0
13,0,326,0,0,300,0.5,1700,0.5,1
13,1,562,0,0,500,0.6,1000,0.2,1400,0.2,1
13,2,393,0,0,300,0.5,1700,0.5,1
13,3,644,0,0,500,0.6,1000,0.2,1400,0.2,0
13,4,63,0,0,300,0.5,1700,0.5,1
13,5,810,1,0,300,0.5,1700,0.5,2
13,6,988,0,0,300,0.5,1700,0.5,2
13,7,112,2,10,5,0,300,0.5,1700,0.5,0
13,8,975,1,0,500,0.6,1000,0.2,1400,0.2,2
13,9,735,0,0,500,0.6,1000,0.2,1400,0.2,1
13,10,603,2,10,5,0,300,0.5,1700,0.5,1
13,11,55,0,0,300,0.5,1700,0.5,1
13,12,573,0,0,500,0.6,1000,0.2,1400,0.2,2
13,13,109,0,0,500,0.6,1000,0.2,1400,0.2,1
13,14,202,0,0,300,0.5,1700,0.5,1
14,0,846,2,10,5,0,500,0.6,1000,0.2,1400,0.2,2
14,1,314,1,0,500,0.6,1000,0.2,1400,0.2,0
14,2,560,2,10,5,0,500,0.6,1000,0.2,1400,0.2,2
14,3,576,1,0,300,0.5,1700,0.5,1
14,4,435,2,10,5,0,500,0.6,1000,0.2,1400,0.2,2
14,5,808,2,10,5,0,500,0.6,1000,0.2,1400,0.2,1
14,6,636,2,10,5,0,500,0.6,1000,0.2,1400,0.2,1
14,7,165,1,0,300,0.5,1700,0.5,1
14,8,490,0,0,300,0.5,1700,0.5,0
14,9,581,0,0,300,0.5,1700,0.5,0
14,10,942,1,0,500,0.6,1000,0.2,1400,0.2,1
14,11,920,2,10,5,0,500,0.6,1000,0.2,1400,0.2,0
14,12,33,0,0,300,0.5,1700,0.5,2
14,13,806,2,10,5,0,300,0.5,1700,0.5,2
14,14,129,2,10,5,0,500,0.6,1000,0.2,1400,0.2,1
