0,0,730,0,0,300,0.5,1700,0.5,2
0,1,343,0,0,300,0.5,1700,0.5,1
0,2,485,1,0,300,0.5,1700,0.5,2
0,3,617,1,0,300,0.5,1700,0.5,2
0,4,406,0,0,300,0.5,1700,0.5,2
0,5,427,1,0,300,0.5,1700,0.5,0
0,6,518,1,0,300,0.5,1700,0.5,0
0,7,451,1,0,300,0.5,1700,0.5,0
0,8,219,1,0,300,0.5,1700,0.5,1
0,9,318,2,10,5,0,300,0.5,1700,0.5,0
0,10,134,0,0,500,0.6,1000,0.2,1400,0.2,1
0,11,434,2,10,5,0,500,0.6,1000,0.2,1400,0.2,2
0,12,337,0,0,300,0.5,1700,0.5,2
0,13,112,0,0,500,0.6,1000,0.2,1400,0.2,1
0,14,805,1,0,500,0.6,1000,0.2,1400,0.2,2
1,0,684,0,0,500,0.6,1000,0.2,1400,0.2,1
1,1,145,1,0,300,0.5,1700,0.5,1
1,2,951,1,0,500,0.6,1000,0.2,1400,0.2,0
1,3,613,0,0,300,0.5,1700,0.5,1
1,4,369,0,0,300,0.5,1700,0.5,0
1,5,353,2,10,5,0,300,0.5,1700,0.5,1
1,6,730,2,10,5,0,300,0.5,1700,0.5,2
1,7,439,1,0,300,0.5,1700,0.5,1
1,8,52,0,0,500,0.6,1000,0.2,1400,0.2,1
1,9,600,1,0,500,0.6,1000,0.2,1400,0.2,2
1,10,393,0,0,300,0.5,1700,0.5,1
1,11,764,2,10,5,0,500,0.6,1000,0.2,1400,0.2,0
1,12,344,0,0,300,0.5,1700,0.5,1
1,13,862,0,0,300,0.5,1700,0.5,1
1,14,178,0,0,500,0.6,1000,0.2,1400,0.2,0
2,0,15,1,0,500,0.6,1000,0.2,1400,0.2,0
2,1,512,0,0,500,0.6,1000,0.2,1400,0.2,2
2,2,31,2,10,5,0,500,0.6,1000,0.2,1400,0.2,1
2,3,571,0,0,300,0.5,1700,0.5,1
2,4,611,0,0,300,0.5,1700,0.5,0
2,5,204,1,0,500,0.6,1000,0.2,1400,0.2,0
2,6,641,2,10,5,0,300,0.5,1700,0.5,1
2,7,110,2,10,5,0,300,0.5,1700,0.5,2
2,8,340,2,10,5,0,500,0.6,1000,0.2,1400,0.2,0
2,9,15,2,10,5,0,300,0.5,1700,0.5,2
2,10,324,1,0,300,0.5,1700,0.5,1
2,11,273,0,0,500,0.6,1000,0.2,1400,0.2,1
2,12,305,1,0,500,0.6,1000,0.2,1400,0.2,0
2,13,715,0,0,300,0.5,1700,0.5,0
2,14,602,0,0,500,0.6,1000,0.2,1400,0.2,1
3,0,700,2,10,5,0,300,0.5,1700,0.5,1
3,1,509,1,0,300,0.5,1700,0.5,1
3,2,814,2,10,5,0,300,0.5,1700,0.5,1
3,3,514,2,10,5,0,500,0.6,1000,0.2,1400,0.2,2
3,4,916,0,0,500,0.6,1000,0.2,1400,0.2,1
3,5,504,0,0,300,0.5,1700,0.5,0
3,6,227,2,10,5,0,300,0.5,1700,0.5,2
3,7,485,2,10,5,0,500,0.6,1000,0.2,1400,0.2,1
3,8,464,2,10,5,0,300,0.5,1700,0.5,1
3,9,59,0,0,500,0.6,1000,0.2,1400,0.2,0
3,10,438,0,0,300,0.5,1700,0.5,0
3,11,302,2,10,5,0,500,0.6,1000,0.2,1400,0.2,1
3,12,321,2,10,5,0,500,0.6,1000,0.2,1400,0.2,2
3,13,964,2,10,5,0,500,0.6,1000,0.2,1400,0.2,1
3,14,300,1,0,300,0.5,1700,0.5,1
4,0,291,0,0,500,0.6,1000,0.2,1400,0.2,1
4,1,851,1,0,500,0.6,1000,0.2,1400,0.2,0
4,2,838,1,0,500,0.6,1000,0.2,1400,0.2,2
4,3,969,0,0,300,0.5,1700,0.5,0
4,4,899,0,0,500,0.6,1000,0.2,1400,0.2,1
4,5,654,1,0,500,0.6,1000,0.2,1400,0.2,1
4,6,292,1,0,500,0.6,1000,0.2,1400,0.2,0
4,7,292,2,10,5,0,500,0.6,1000,0.2,1400,0.2,2
4,8,650,0,0,300,0.5,1700,0.5,2
4,9,336,0,0,300,0.5,1700,0.5,0
4,10,917,2,10,5,0,500,0.6,1000,0.2,1400,0.2,1
4,11,700,1,0,300,0.5,1700,0.5,0
4,12,264,2,10,5,0,300,0.5,1700,0.5,0
4,13,660,2,10,5,0,500,0.6,1000,0.2,1400,0.2,1
4,14,640,0,0,500,0.6,1000,0.2,1400,0.2,1
5,0,250,0,0,300,0.5,1700,0.5,0
5,1,484,0,0,500,0.6,1000,0.2,1400,0.2,1
5,2,671,2,10,5,0,500,0.6,1000,0.2,1400,0.2,1
5,3,691,1,0,300,0.5,1700,0.5,2
5,4,255,0,0,300,0.5,1700,0.5,2
5,5,433,2,10,5,0,300,0.5,1700,0.5,1
5,6,166,0,0,300,0.5,1700,0.5,1
5,7,604,2,10,5,0,300,0.5,1700,0.5,0
5,8,684,0,0,500,0.6,1000,0.2,1400,0.2,1
5,9,447,1,0,500,0.6,1000,0.2,1400,0.2,0
5,10,673,1,0,300,0.5,1700,0.5,1
5,11,923,0,0,500,0.6,1000,0.2,1400,0.2,2
5,12,368,0,0,300,0.5,1700,0.5,1
5,13,563,0,0,300,0.5,1700,0.5,1
5,14,317,2,10,5,0,300,0.5,1700,0.5,2
6,0,758,1,0,300,0.5,1700,0.5,2
6,1,958,0,0,500,0.6,1000,0.2,1400,0.2,1
6,2,410,0,0,500,0.6,1000,0.2,1400,0.2,0
6,3,125,2,10,5,0,300,0.5,1700,0.5,2
6,4,233,2,10,5,0,500,0.6,1000,0.2,1400,0.2,2
6,5,521,0,0,300,0.5,1700,0.5,0
6,6,129,2,10,5,0,300,0.5,1700,0.5,0
6,7,408,1,0,300,0.5,1700,0.5,1
6,8,930,2,10,5,0,300,0.5,1700,0.5,0
6,9,868,0,0,300,0.5,1700,0.5,0
6,10,293,2,10,5,0,500,0.6,1000,0.2,1400,0.2,1
6,11,920,1,0,500,0.6,1000,0.2,1400,0.2,2
6,12,961,1,0,300,0.5,1700,0.5,1
6,13,473,0,0,300,0.5,1700,0.5,1
6,14,513,0,0,500,0.6,1000,0.2,1400,0.2,1
7,0,687,0,0,300,0.5,1700,0.5,2
7,1,702,0,0,500,0.6,1000,0.2,1400,0.2,1
7,2,469,1,0,500,0.6,1000,0.2,1400,0.2,1
7,3,596,0,0,300,0.5,1700,0.5,0
7,4,26,0,0,300,0.5,1700,0.5,0
7,5,998,1,0,500,0.6,1000,0.2,1400,0.2,0
7,6,212,1,0,500,0.6,1000,0.2,1400,0.2,2
7,7,878,2,10,5,0,300,0.5,1700,0.5,2
7,8,502,0,0,300,0.5,1700,0.5,0
7,9,626,0,0,300,0.5,1700,0.5,0
7,10,724,1,0,500,0.6,1000,0.2,1400,0.2,2
7,11,16,0,0,300,0.5,1700,0.5,1
7,12,949,0,0,300,0.5,1700,0.5,0
7,13,735,1,0,300,0.5,1700,0.5,0
7,14,994,2,10,5,0,300,0.5,1700,0.5,2
8,0,923,2,10,5,0,500,0.6,1000,0.2,1400,0.2,0
8,1,436,0,0,500,0.6,1000,0.2,1400,0.2,0
8,2,27,0,0,500,0.6,1000,0.2,1400,0.2,2
8,3,859,2,10,5,0,500,0.6,1000,0.2,1400,0.2,2
8,4,225,2,10,5,0,300,0.5,1700,0.5,0
8,5,928,1,0,300,0.5,1700,0.5,1
8,6,451,1,0,500,0.6,1000,0.2,1400,0.2,1
8,7,339,1,0,500,0.6,1000,0.2,1400,0.2,2
8,8,139,2,10,5,0,500,0.6,1000,0.2,1400,0.2,1
8,9,453,2,10,5,0,500,0.6,1000,0.2,1400,0.2,0
8,10,215,2,10,5,0,500,0.6,1000,0.2,1400,0.2,0
8,11,10,0,0,300,0.5,1700,0.5,0
8,12,312,1,0,500,0.6,1000,0.2,1400,0.2,1
8,13,725,1,0,500,0.6,1000,0.2,1400,0.2,2
8,14,341,1,0,500,0.6,1000,0.2,1400,0.2,1
9,0,744,0,0,500,0.6,1000,0.2,1400,0.2,0
9,1,469,1,0,500,0.6,1000,0.2,1400,0.2,2
9,2,224,1,0,500,0.6,1000,0.2,1400,0.2,1
9,3,113,2,10,5,0,500,0.6,1000,0.2,1400,0.2,2
9,4,550,0,0,500,0.6,1000,0.2,1400,0.2,2
9,5,726,2,10,5,0,300,0.5,1700,0.5,0
9,6,367,0,0,300,0.5,1700,0.5,2
9,7,668,2,10,5,0,300,0.5,1700,0.5,1
9,8,719,1,0,300,0.5,1700,0.5,1
9,9,828,0,0,300,0.5,1700,0.5,2
9,10,618,1,0,500,0.6,1000,0.2,1400,0.2,2
9,11,335,1,0,300,0.5,1700,0.5,0
9,12,878,2,10,5,0,500,0.6,1000,0.2,1400,0.2,1
9,13,240,2,10,5,0,300,0.5,1700,0.5,2
9,14,558,2,10,5,0,500,0.6,1000,0.2,1400,0.2,2
10,0,700,2,10,5,0,300,0.5,1700,0.5,0
10,1,270,2,10,5,0,500,0.6,1000,0.2,1400,0.2,1
10,2,792,0,0,500,0.6,1000,0.2,1400,0.2,1
10,3,23,2,10,5,0,500,0.6,1000,0.2,1400,0.2,1
10,4,141,1,0,500,0.6,1000,0.2,1400,0.2,0
10,5,402,2,10,5,0,300,0.5,1700,0.5,1
10,6,267,1,0,500,0.6,1000,0.2,1400,0.2,1
10,7,819,1,0,500,0.6,1000,0.2,1400,0.2,1
10,8,419,0,0,500,0.6,1000,0.2,1400,0.2,1
10,9,873,0,0,300,0.5,1700,0.5,2
10,10,942,2,10,5,0,500,0.6,1000,0.2,1400,0.2,2
10,11,468,1,0,300,0.5,1700,0.5,2
10,12,652,2,10,5,0,500,0.6,1000,0.2,1400,0.2,2
10,13,238,1,0,300,0.5,1700,0.5,2
10,14,796,1,0,300,0.5,1700,0.5,2
11,0,491,1,0,300,0.5,1700,0.5,1
11,1,671,2,10,5,0,300,0.5,1700,0.5,2
11,2,386,0,0,500,0.6,1000,0.2,1400,0.2,2
11,3,142,0,0,300,0.5,1700,0.5,0
11,4,793,0,0,300,0.5,1700,0.5,2
11,5,790,0,0,300,0.5,1700,0.5,1
11,6,706,0,0,300,0.5,1700,0.5,0
11,7,74,1,0,300,0.5,1700,0.5,0
11,8,196,1,0,300,0.5,1700,0.5,0
11,9,690,0,0,300,0.5,1700,0.5,0
11,10,576,2,10,5,0,300,0.5,1700,0.5,2
11,11,152,2,10,5,0,500,0.6,1000,0.2,1400,0.2,0
11,12,939,1,0,300,0.5,1700,0.5,1
11,13,978,1,0,500,0.6,1000,0.2,1400,0.2,0
11,14,726,2,10,5,0,500,0.6,1000,0.2,1400,0.2,0
12,0,304,2,10,5,0,500,0.6,1000,0.2,1400,0.2,2
12,1,984,2,10,5,0,500,0.6,1000,0.2,1400,0.2,1
12,2,98,0,0,300,0.5,1700,0.5,1
12,3,68,1,0,500,0.6,1000,0.2,1400,0.2,2
12,4,491,0,0,300,0.5,1700,0.5,0
12,5,418,1,0,300,0.5,1700,0.5,0
12,6,416,0,0,500,0.6,1000,0.2,1400,0.2,2
12,7,734,1,0,300,0.5,1700,0.5,1
12,8,188,0,0,300,0.5,1700,0.5,0
12,9,311,2,10,5,0,300,0.5,1700,0.5,1
12,10,142,0,0,500,0.6,1000,0.2,1400,0.2,0
12,11,683,1,0,500,0.6,1000,0.2,1400,0.2,2
12,12,412,0,0,500,0.6,1000,0.2,1400,0.2,2
12,13,798,0,0,500,0.6,1000,0.2,1400,0.2,1
12,14,374,1,0,300,0.5,1700,0.5,0
13,0,83,1,0,500,0.6,1000,0.2,1400,0.2,2
13,1,791,1,0,300,0.5,1700,0.5,1
13,2,61,2,10,5,0,500,0.6,1000,0.2,1400,0.2,1
13,3,14,0,0,500,0.6,1000,0.2,1400,0.2,1
13,4,358,2,10,5,0,300,0.5,1700,0.5,2
13,5,988,0,0,500,0.6,1000,0.2,1400,0.2,2
13,6,196,0,0,500,0.6,1000,0.2,1400,0.2,0
13,7,459,1,0,500,0.6,1000,0.2,1400,0.2,2
13,8,488,0,0,300,0.5,1700,0.5,2
13,9,906,1,0,500,0.6,1000,0.2,1400,0.2,0
13,10,611,1,0,300,0.5,1700,0.5,2
13,11,940,1,0,300,0.5,1700,0.5,0
13,12,152,2,10,5,0,300,0.5,1700,0.5,1
13,13,441,1,0,500,0.6,1000,0.2,1400,0.2,0
13,14,744,1,0,300,0.5,1700,0.5,1
14,0,89,0,0,500,0.6,1000,0.2,1400,0.2,2
14,1,737,0,0,300,0.5,1700,0.5,1
14,2,230,1,0,500,0.6,1000,0.2,1400,0.2,1
14,3,109,1,0,500,0.6,1000,0.2,1400,0.2,1
14,4,678,1,0,500,0.6,1000,0.2,1400,0.2,0
14,5,788,2,10,5,0,500,0.6,1000,0.2,1400,0.2,0
14,6,551,1,0,500,0.6,1000,0.2,1400,0.2,0
14,7,952,2,10,5,0,500,0.6,1000,0.2,1400,0.2,1
14,8,434,0,0,300,0.5,1700,0.5,2
14,9,809,1,0,500,0.6,1000,0.2,1400,0.2,1
14,10,237,1,0,500,0.6,1000,0.2,1400,0.2,1
14,11,852,1,0,500,0.6,1000,0.2,1400,0.2,0
14,12,151,1,0,300,0.5,1700,0.5,0
14,13,438,1,0,500,0.6,1000,0.2,1400,0.2,0
14,14,322,1,0,500,0.6,1000,0.2,1400,0.2,1
