0,0,751,2,10,5,0,500,0.6,1000,0.2,1400,0.2,0
0,1,197,2,10,5,0,500,0.6,1000,0.2,1400,0.2,0
0,2,229,0,0,300,0.5,1700,0.5,0
0,3,772,1,0,300,0.5,1700,0.5,2
0,4,124,2,10,5,0,300,0.5,1700,0.5,0
0,5,138,0,0,500,0.6,1000,0.2,1400,0.2,0
0,6,709,2,10,5,0,500,0.6,1000,0.2,1400,0.2,0
0,7,507,2,10,5,0,500,0.6,1000,0.2,1400,0.2,2
0,8,56,1,0,300,0.5,1700,0.5,1
0,9,245,1,0,500,0.6,1000,0.2,1400,0.2,1
0,10,831,2,10,5,0,300,0.5,1700,0.5,0
0,11,79,1,0,500,0.6,1000,0.2,1400,0.2,0
0,12,52,1,0,500,0.6,1000,0.2,1400,0.2,0
0,13,701,0,0,500,0.6,1000,0.2,1400,0.2,0
0,14,357,2,10,5,0,300,0.5,1700,0.5,0
1,0,175,0,0,500,0.6,1000,0.2,1400,0.2,2
1,1,321,0,0,300,0.5,1700,0.5,1
1,2,43,2,10,5,0,500,0.6,1000,0.2,1400,0.2,1
1,3,426,2,10,5,0,500,0.6,1000,0.2,1400,0.2,0
1,4,726,2,10,5,0,500,0.6,1000,0.2,1400,0.2,2
1,5,556,0,0,500,0.6,1000,0.2,1400,0.2,2
1,6,826,2,10,5,0,300,0.5,1700,0.5,2
1,7,798,0,0,300,0.5,1700,0.5,0
1,8,607,2,10,5,0,300,0.5,1700,0.5,1
1,9,846,1,0,500,0.6,1000,0.2,1400,0.2,2
1,10,270,1,0,300,0.5,1700,0.5,2
1,11,724,0,0,500,0.6,1000,0.2,1400,0.2,0
1,12,883,2,10,5,0,300,0.5,1700,0.5,1
1,13,565,0,0,500,0.6,1000,0.2,1400,0.2,2
1,14,937,2,10,5,0,500,0.6,1000,0.2,1400,0.2,1
2,0,496,2,10,5,0,500,0.6,1000,0.2,1400,0.2,1
2,1,179,1,0,300,0.5,1700,0.5,2
2,2,490,0,0,300,0.5,1700,0.5,0
2,3,707,2,10,5,0,300,0.5,1700,0.5,2
2,4,604,1,0,300,0.5,1700,0.5,2
2,5,634,2,10,5,0,300,0.5,1700,0.5,0
2,6,802,0,0,300,0.5,1700,0.5,1
2,7,869,1,0,500,0.6,1000,0.2,1400,0.2,1
2,8,263,1,0,500,0.6,1000,0.2,1400,0.2,2
2,9,141,2,10,5,0,500,0.6,1000,0.2,1400,0.2,2
2,10,747,1,0,300,0.5,1700,0.5,1
2,11,99,2,10,5,0,500,0.6,1000,0.2,1400,0.2,2
2,12,340,2,10,5,0,300,0.5,1700,0.5,2
2,13,505,0,0,500,0.6,1000,0.2,1400,0.2,1
2,14,911,0,0,500,0.6,1000,0.2,1400,0.2,2
3,0,836,0,0,500,0.6,1000,0.2,1400,0.2,0
3,1,977,1,0,500,0.6,1000,0.2,1400,0.2,0
3,2,938,1,0,500,0.6,1000,0.2,1400,0.2,2
3,3,268,0,0,500,0.6,1000,0.2,1400,0.2,1
3,4,503,1,0,500,0.6,1000,0.2,1400,0.2,0
3,5,822,0,0,300,0.5,1700,0.5,0
3,6,75,1,0,500,0.6,1000,0.2,1400,0.2,1
3,7,486,0,0,300,0.5,1700,0.5,0
3,8,636,2,10,5,0,500,0.6,1000,0.2,1400,0.2,0
3,9,683,2,10,5,0,300,0.5,1700,0.5,0
3,10,467,0,0,500,0.6,1000,0.2,1400,0.2,2
3,11,330,1,0,300,0.5,1700,0.5,1
3,12,741,0,0,500,0.6,1000,0.2,1400,0.2,1
3,13,632,2,10,5,0,300,0.5,1700,0.5,2
3,14,149,1,0,500,0.6,1000,0.2,1400,0.2,1
4,0,170,2,10,5,0,300,0.5,1700,0.5,1
4,1,453,1,0,500,0.6,1000,0.2,1400,0.2,1
4,2,843,0,0,500,0.6,1000,0.2,1400,0.2,2
4,3,634,2,10,5,0,500,0.6,1000,0.2,1400,0.2,0
4,4,682,0,0,300,0.5,1700,0.5,1
4,5,122,2,10,5,0,300,0.5,1700,0.5,0
4,6,222,2,10,5,0,300,0.5,1700,0.5,1
4,7,471,1,0,500,0.6,1000,0.2,1400,0.2,1
4,8,214,1,0,500,0.6,1000,0.2,1400,0.2,2
4,9,111,2,10,5,0,500,0.6,1000,0.2,1400,0.2,2
4,10,641,1,0,500,0.6,1000,0.2,1400,0.2,1
4,11,30,2,10,5,0,500,0.6,1000,0.2,1400,0.2,0
4,12,240,0,0,300,0.5,1700,0.5,1
4,13,806,1,0,500,0.6,1000,0.2,1400,0.2,1
4,14,35,1,0,300,0.5,1700,0.5,1
5,0,768,0,0,300,0.5,1700,0.5,0
5,1,511,1,0,500,0.6,1000,0.2,1400,0.2,2
5,2,450,1,0,500,0.6,1000,0.2,1400,0.2,0
5,3,237,1,0,300,0.5,1700,0.5,0
5,4,457,2,10,5,0,300,0.5,1700,0.5,1
5,5,920,1,0,300,0.5,1700,0.5,0
5,6,386,1,0,300,0.5,1700,0.5,2
5,7,400,2,10,5,0,500,0.6,1000,0.2,1400,0.2,2
5,8,271,1,0,500,0.6,1000,0.2,1400,0.2,1
5,9,724,1,0,300,0.5,1700,0.5,2
5,10,560,0,0,500,0.6,1000,0.2,1400,0.2,2
5,11,978,1,0,500,0.6,1000,0.2,1400,0.2,1
5,12,80,1,0,300,0.5,1700,0.5,1
5,13,320,0,0,500,0.6,1000,0.2,1400,0.2,2
5,14,100,0,0,500,0.6,1000,0.2,1400,0.2,0
6,0,729,1,0,300,0.5,1700,0.5,2
6,1,155,1,0,300,0.5,1700,0.5,2
6,2,930,2,10,5,0,500,0.6,1000,0.2,1400,0.2,0
6,3,291,1,0,300,0.5,1700,0.5,1
6,4,463,1,0,500,0.6,1000,0.2,1400,0.2,2
6,5,740,1,0,300,0.5,1700,0.5,0
6,6,549,1,0,300,0.5,1700,0.5,0
6,7,654,2,10,5,0,300,0.5,1700,0.5,2
6,8,948,0,0,500,0.6,1000,0.2,1400,0.2,2
6,9,659,0,0,300,0.5,1700,0.5,1
6,10,433,1,0,500,0.6,1000,0.2,1400,0.2,0
6,11,876,1,0,300,0.5,1700,0.5,0
6,12,675,0,0,300,0.5,1700,0.5,1
6,13,314,0,0,500,0.6,1000,0.2,1400,0.2,0
6,14,766,2,10,5,0,500,0.6,1000,0.2,1400,0.2,1
7,0,14,1,0,500,0.6,1000,0.2,1400,0.2,1
7,1,630,2,10,5,0,500,0.6,1000,0.2,1400,0.2,0
7,2,955,2,10,5,0,300,0.5,1700,0.5,2
7,3,609,1,0,300,0.5,1700,0.5,1
7,4,651,2,10,5,0,500,0.6,1000,0.2,1400,0.2,0
7,5,343,1,0,500,0.6,1000,0.2,1400,0.2,2
7,6,281,2,10,5,0,300,0.5,1700,0.5,0
7,7,598,1,0,500,0.6,1000,0.2,1400,0.2,1
7,8,717,0,0,300,0.5,1700,0.5,1
7,9,140,2,10,5,0,300,0.5,1700,0.5,0
7,10,714,1,0,300,0.5,1700,0.5,0
7,11,725,2,10,5,0,300,0.5,1700,0.5,2
7,12,727,2,10,5,0,300,0.5,1700,0.5,1
7,13,263,0,0,300,0.5,1700,0.5,1
7,14,357,1,0,500,0.6,1000,0.2,1400,0.2,2
8,0,108,0,0,500,0.6,1000,0.2,1400,0.2,0
8,1,125,1,0,500,0.6,1000,0.2,1400,0.2,2
8,2,317,2,10,5,0,500,0.6,1000,0.2,1400,0.2,1
8,3,812,0,0,500,0.6,1000,0.2,1400,0.2,1
8,4,29,1,0,300,0.5,1700,0.5,0
8,5,856,1,0,500,0.6,1000,0.2,1400,0.2,1
8,6,621,2,10,5,0,300,0.5,1700,0.5,2
8,7,154,2,10,5,0,500,0.6,1000,0.2,1400,0.2,0
8,8,369,0,0,500,0.6,1000,0.2,1400,0.2,2
8,9,918,0,0,300,0.5,1700,0.5,0
8,10,117,0,0,300,0.5,1700,0.5,0
8,11,984,2,10,5,0,500,0.6,1000,0.2,1400,0.2,0
8,12,361,2,10,5,0,500,0.6,1000,0.2,1400,0.2,1
8,13,983,2,10,5,0,500,0.6,1000,0.2,1400,0.2,0
8,14,257,0,0,300,0.5,1700,0.5,2
9,0,87,2,10,5,0,500,0.6,1000,0.2,1400,0.2,2
9,1,511,1,0,300,0.5,1700,0.5,1
9,2,299,1,0,300,0.5,1700,0.5,2
9,3,230,0,0,300,0.5,1700,0.5,0
9,4,578,0,0,300,0.5,1700,0.5,1
9,5,261,0,0,300,0.5,1700,0.5,1
9,6,114,2,10,5,0,500,0.6,1000,0.2,1400,0.2,2
9,7,139,0,0,300,0.5,1700,0.5,1
9,8,165,1,0,300,0.5,1700,0.5,2
9,9,581,1,0,300,0.5,1700,0.5,0
9,10,263,1,0,500,0.6,1000,0.2,1400,0.2,2
9,11,443,0,0,500,0.6,1000,0.2,1400,0.2,1
9,12,567,2,10,5,0,500,0.6,1000,0.2,1400,0.2,1
9,13,323,2,10,5,0,300,0.5,1700,0.5,1
9,14,164,2,10,5,0,500,0.6,1000,0.2,1400,0.2,0
10,0,395,1,0,500,0.6,1000,0.2,1400,0.2,0
10,1,592,2,10,5,0,500,0.6,1000,0.2,1400,0.2,2
10,2,632,1,0,500,0.6,1000,0.2,1400,0.2,2
10,3,86,0,0,300,0.5,1700,0.5,0
10,4,19,2,10,5,0,300,0.5,1700,0.5,2
10,5,622,1,0,500,0.6,1000,0.2,1400,0.2,0
10,6,794,0,0,300,0.5,1700,0.5,2
10,7,646,0,0,500,0.6,1000,0.2,1400,0.2,1
10,8,832,2,10,5,0,300,0.5,1700,0.5,2
10,9,884,2,10,5,0,300,0.5,1700,0.5,0
10,10,898,0,0,500,0.6,1000,0.2,1400,0.2,2
10,11,682,0,0,500,0.6,1000,0.2,1400,0.2,2
10,12,799,1,0,300,0.5,1700,0.5,0
10,13,907,2,10,5,0,300,0.5,1700,0.5,0
10,14,628,0,0,300,0.5,1700,0.5,0
11,0,802,2,10,5,0,300,0.5,1700,0.5,2
11,1,901,0,0,500,0.6,1000,0.2,1400,0.2,0
11,2,773,2,10,5,0,500,0.6,1000,0.2,1400,0.2,0
11,3,369,0,0,300,0.5,1700,0.5,2
11,4,967,2,10,5,0,300,0.5,1700,0.5,1
11,5,309,0,0,300,0.5,1700,0.5,1
11,6,945,1,0,500,0.6,1000,0.2,1400,0.2,1
11,7,338,1,0,500,0.6,1000,0.2,1400,0.2,1
11,8,102,2,10,5,0,300,0.5,1700,0.5,1
11,9,404,1,0,500,0.6,1000,0.2,1400,0.2,1
11,10,910,2,10,5,0,300,0.5,1700,0.5,1
11,11,819,0,0,300,0.5,1700,0.5,0
11,12,218,0,0,300,0.5,1700,0.5,2
11,13,399,2,10,5,0,500,0.6,1000,0.2,1400,0.2,2
11,14,946,2,10,5,0,300,0.5,1700,0.5,1
12,0,30,1,0,500,0.6,1000,0.2,1400,0.2,1
12,1,520,2,10,5,0,500,0.6,1000,0.2,1400,0.2,1
12,2,660,1,0,500,0.6,1000,0.2,1400,0.2,1
12,3,281,1,0,500,0.6,1000,0.2,1400,0.2,1
12,4,450,0,0,500,0.6,1000,0.2,1400,0.2,1
12,5,425,2,10,5,0,300,0.5,1700,0.5,0
12,6,494,1,0,500,0.6,1000,0.2,1400,0.2,2
12,7,969,2,10,5,0,300,0.5,1700,0.5,1
12,8,613,0,0,500,0.6,1000,0.2,1400,0.2,1
12,9,229,1,0,300,0.5,1700,0.5,1
12,10,78,2,10,5,0,300,0.5,1700,0.5,0
12,11,514,1,0,300,0.5,1700,0.5,1
12,12,433,1,0,500,0.6,1000,0.2,1400,0.2,2
12,13,136,1,0,300,0.5,1700,0.5,0
12,14,54,1,0,500,0.6,1000,0.2,1400,0.2,1
13,0,774,1,0,500,0.6,1000,0.2,1400,0.2,1
13,1,201,1,0,500,0.6,1000,0.2,1400,0.2,1
13,2,98,2,10,5,0,500,0.6,1000,0.2,1400,0.2,0
13,3,396,0,0,300,0.5,1700,0.5,1
13,4,616,2,10,5,0,300,0.5,1700,0.5,1
13,5,955,0,0,500,0.6,1000,0.2,1400,0.2,0
13,6,450,1,0,500,0.6,1000,0.2,1400,0.2,1
13,7,725,2,10,5,0,300,0.5,1700,0.5,1
13,8,781,1,0,300,0.5,1700,0.5,2
13,9,919,0,0,500,0.6,1000,0.2,1400,0.2,2
13,10,294,2,10,5,0,500,0.6,1000,0.2,1400,0.2,1
13,11,241,1,0,300,0.5,1700,0.5,0
13,12,47,1,0,300,0.5,1700,0.5,0
13,13,545,1,0,500,0.6,1000,0.2,1400,0.2,1
13,14,516,0,0,300,0.5,1700,0.5,0
14,0,776,1,0,300,0.5,1700,0.5,0
14,1,975,2,10,5,0,500,0.6,1000,0.2,1400,0.2,1
14,2,825,0,0,300,0.5,1700,0.5,0
14,3,425,1,0,500,0.6,1000,0.2,1400,0.2,0
14,4,484,0,0,500,0.6,1000,0.2,1400,0.2,2
14,5,771,0,0,500,0.6,1000,0.2,1400,0.2,2
14,6,324,0,0,300,0.5,1700,0.5,2
14,7,366,1,0,300,0.5,1700,0.5,2
14,8,320,1,0,300,0.5,1700,0.5,0
14,9,206,2,10,5,0,300,0.5,1700,0.5,1
14,10,378,1,0,300,0.5,1700,0.5,1
14,11,11,0,0,300,0.5,1700,0.5,1
14,12,53,1,0,300,0.5,1700,0.5,1
14,13,14,0,0,300,0.5,1700,0.5,0
14,14,366,0,0,300,0.5,1700,0.5,0
