0,0,234,0,0,300,0.5,1700,0.5,1
0,1,581,2,10,5,0,500,0.6,1000,0.2,1400,0.2,1
0,2,193,0,0,500,0.6,1000,0.2,1400,0.2,2
0,3,112,0,0,300,0.5,1700,0.5,0
0,4,429,0,0,500,0.6,1000,0.2,1400,0.2,1
0,5,750,1,0,500,0.6,1000,0.2,1400,0.2,0
0,6,983,2,10,5,0,500,0.6,1000,0.2,1400,0.2,0
0,7,841,0,0,500,0.6,1000,0.2,1400,0.2,2
0,8,189,2,10,5,0,300,0.5,1700,0.5,1
0,9,549,2,10,5,0,500,0.6,1000,0.2,1400,0.2,2
0,10,581,2,10,5,0,300,0.5,1700,0.5,2
0,11,560,2,10,5,0,500,0.6,1000,0.2,1400,0.2,1
0,12,443,0,0,500,0.6,1000,0.2,1400,0.2,2
0,13,997,1,0,300,0.5,1700,0.5,0
0,14,531,0,0,300,0.5,1700,0.5,1
1,0,741,1,0,300,0.5,1700,0.5,0
1,1,654,1,0,300,0.5,1700,0.5,1
1,2,447,1,0,300,0.5,1700,0.5,0
1,3,479,2,10,5,0,500,0.6,1000,0.2,1400,0.2,2
1,4,368,1,0,300,0.5,1700,0.5,2
1,5,419,1,0,500,0.6,1000,0.2,1400,0.2,0
1,6,998,0,0,500,0.6,1000,0.2,1400,0.2,2
1,7,299,0,0,500,0.6,1000,0.2,1400,0.2,0
1,8,757,1,0,500,0.6,1000,0.2,1400,0.2,2
1,9,809,2,10,5,0,500,0.6,1000,0.2,1400,0.2,2
1,10,956,0,0,500,0.6,1000,0.2,1400,0.2,0
1,11,545,0,0,500,0.6,1000,0.2,1400,0.2,1
1,12,815,0,0,300,0.5,1700,0.5,1
1,13,254,2,10,5,0,500,0.6,1000,0.2,1400,0.2,2
1,14,14,1,0,500,0.6,1000,0.2,1400,0.2,0
2,0,839,0,0,300,0.5,1700,0.5,2
2,1,530,1,0,500,0.6,1000,0.2,1400,0.2,0
2,2,938,1,0,500,0.6,1000,0.2,1400,0.2,1
2,3,599,0,0,300,0.5,1700,0.5,2
2,4,256,0,0,500,0.6,1000,0.2,1400,0.2,0
2,5,219,0,0,300,0.5,1700,0.5,2
2,6,206,1,0,300,0.5,1700,0.5,1
2,7,529,2,10,5,0,300,0.5,1700,0.5,1
2,8,208,1,0,300,0.5,1700,0.5,0
2,9,167,2,10,5,0,300,0.5,1700,0.5,2
2,10,856,2,10,5,0,300,0.5,1700,0.5,2
2,11,894,0,0,500,0.6,1000,0.2,1400,0.2,2
2,12,515,0,0,300,0.5,1700,0.5,0
2,13,295,2,10,5,0,500,0.6,1000,0.2,1400,0.2,1
2,14,41,0,0,300,0.5,1700,0.5,2
3,0,960,2,10,5,0,500,0.6,1000,0.2,1400,0.2,2
3,1,173,0,0,300,0.5,1700,0.5,2
3,2,810,2,10,5,0,500,0.6,1000,0.2,1400,0.2,0
3,3,960,1,0,300,0.5,1700,0.5,1
3,4,405,1,0,500,0.6,1000,0.2,1400,0.2,2
3,5,606,1,0,500,0.6,1000,0.2,1400,0.2,2
3,6,892,0,0,500,0.6,1000,0.2,1400,0.2,0
3,7,64,2,10,5,0,300,0.5,1700,0.5,1
3,8,518,0,0,500,0.6,1000,0.2,1400,0.2,1
3,9,959,1,0,300,0.5,1700,0.5,1
3,10,320,0,0,300,0.5,1700,0.5,1
3,11,893,2,10,5,0,500,0.6,1000,0.2,1400,0.2,0
3,12,203,2,10,5,0,500,0.6,1000,0.2,1400,0.2,0
3,13,161,0,0,300,0.5,1700,0.5,1
3,14,682,2,10,5,0,300,0.5,1700,0.5,2
4,0,665,1,0,300,0.5,1700,0.5,0
4,1,725,0,0,500,0.6,1000,0.2,1400,0.2,1
4,2,242,0,0,300,0.5,1700,0.5,1
4,3,531,2,10,5,0,500,0.6,1000,0.2,1400,0.2,0
4,4,388,1,0,500,0.6,1000,0.2,1400,0.2,0
4,5,185,0,0,300,0.5,1700,0.5,0
4,6,827,1,0,500,0.6,1000,0.2,1400,0.2,2
4,7,341,1,0,300,0.5,1700,0.5,2
4,8,825,1,0,500,0.6,1000,0.2,1400,0.2,1
4,9,279,2,10,5,0,500,0.6,1000,0.2,1400,0.2,1
4,10,720,2,10,5,0,300,0.5,1700,0.5,2
4,11,412,0,0,500,0.6,1000,0.2,1400,0.2,2
4,12,282,2,10,5,0,300,0.5,1700,0.5,1
4,13,228,1,0,500,0.6,1000,0.2,1400,0.2,1
4,14,496,1,0,500,0.6,1000,0.2,1400,0.2,1
5,0,187,0,0,500,0.6,1000,0.2,1400,0.2,0
5,1,714,2,10,5,0,500,0.6,1000,0.2,1400,0.2,1
5,2,898,0,0,300,0.5,1700,0.5,1
5,3,928,2,10,5,0,300,0.5,1700,0.5,1
5,4,87,1,0,500,0.6,1000,0.2,1400,0.2,2
5,5,42,0,0,300,0.5,1700,0.5,0
5,6,671,0,0,300,0.5,1700,0.5,2
5,7,867,0,0,500,0.6,1000,0.2,1400,0.2,2
5,8,112,1,0,500,0.6,1000,0.2,1400,0.2,2
5,9,263,0,0,500,0.6,1000,0.2,1400,0.2,2
5,10,716,1,0,300,0.5,1700,0.5,2
5,11,995,2,10,5,0,300,0.5,1700,0.5,2
5,12,78,0,0,300,0.5,1700,0.5,1
5,13,824,1,0,500,0.6,1000,0.2,1400,0.2,2
5,14,697,1,0,500,0.6,1000,0.2,1400,0.2,1
6,0,53,0,0,300,0.5,1700,0.5,0
6,1,459,1,0,300,0.5,1700,0.5,0
6,2,844,1,0,300,0.5,1700,0.5,0
6,3,410,2,10,5,0,500,0.6,1000,0.2,1400,0.2,0
6,4,635,2,10,5,0,500,0.6,1000,0.2,1400,0.2,0
6,5,506,0,0,300,0.5,1700,0.5,2
6,6,103,0,0,300,0.5,1700,0.5,0
6,7,99,2,10,5,0,300,0.5,1700,0.5,1
6,8,240,0,0,300,0.5,1700,0.5,2
6,9,604,0,0,300,0.5,1700,0.5,0
6,10,427,0,0,500,0.6,1000,0.2,1400,0.2,0
6,11,162,2,10,5,0,300,0.5,1700,0.5,2
6,12,976,0,0,300,0.5,1700,0.5,1
6,13,47,1,0,500,0.6,1000,0.2,1400,0.2,2
6,14,261,0,0,300,0.5,1700,0.5,1
7,0,636,1,0,500,0.6,1000,0.2,1400,0.2,2
7,1,984,0,0,300,0.5,1700,0.5,2
7,2,515,0,0,300,0.5,1700,0.5,2
7,3,48,0,0,300,0.5,1700,0.5,2
7,4,101,1,0,500,0.6,1000,0.2,1400,0.2,1
7,5,999,2,10,5,0,500,0.6,1000,0.2,1400,0.2,1
7,6,920,0,0,300,0.5,1700,0.5,1
7,7,854,2,10,5,0,500,0.6,1000,0.2,1400,0.2,1
7,8,560,1,0,300,0.5,1700,0.5,1
7,9,892,1,0,500,0.6,1000,0.2,1400,0.2,1
7,10,49,0,0,500,0.6,1000,0.2,1400,0.2,1
7,11,904,1,0,300,0.5,1700,0.5,2
7,12,310,2,10,5,0,500,0.6,1000,0.2,1400,0.2,0
7,13,587,1,0,500,0.6,1000,0.2,1400,0.2,1
7,14,964,0,0,300,0.5,1700,0.5,1
8,0,100,2,10,5,0,300,0.5,1700,0.5,0
8,1,664,0,0,500,0.6,1000,0.2,1400,0.2,1
8,2,996,2,10,5,0,500,0.6,1000,0.2,1400,0.2,2
8,3,638,1,0,300,0.5,1700,0.5,1
8,4,118,1,0,300,0.5,1700,0.5,1
8,5,116,0,0,500,0.6,1000,0.2,1400,0.2,2
8,6,440,0,0,500,0.6,1000,0.2,1400,0.2,2
8,7,916,2,10,5,0,500,0.6,1000,0.2,1400,0.2,1
8,8,995,0,0,300,0.5,1700,0.5,2
8,9,328,0,0,500,0.6,1000,0.2,1400,0.2,0
8,10,457,1,0,500,0.6,1000,0.2,1400,0.2,1
8,11,537,0,0,500,0.6,1000,0.2,1400,0.2,0
8,12,379,1,0,500,0.6,1000,0.2,1400,0.2,2
8,13,233,2,10,5,0,500,0.6,1000,0.2,1400,0.2,1
8,14,313,1,0,500,0.6,1000,0.2,1400,0.2,1
9,0,452,2,10,5,0,500,0.6,1000,0.2,1400,0.2,1
9,1,278,0,0,300,0.5,1700,0.5,0
9,2,44,1,0,500,0.6,1000,0.2,1400,0.2,1
9,3,959,1,0,500,0.6,1000,0.2,1400,0.2,2
9,4,75,1,0,500,0.6,1000,0.2,1400,0.2,0
9,5,355,2,10,5,0,300,0.5,1700,0.5,0
9,6,674,1,0,300,0.5,1700,0.5,0
9,7,383,0,0,300,0.5,1700,0.5,0
9,8,817,0,0,300,0.5,1700,0.5,1
9,9,67,2,10,5,0,500,0.6,1000,0.2,1400,0.2,0
9,10,19,0,0,500,0.6,1000,0.2,1400,0.2,0
9,11,470,1,0,300,0.5,1700,0.5,0
9,12,406,1,0,500,0.6,1000,0.2,1400,0.2,1
9,13,135,1,0,300,0.5,1700,0.5,0
9,14,427,2,10,5,0,300,0.5,1700,0.5,0
10,0,71,1,0,500,0.6,1000,0.2,1400,0.2,0
10,1,437,2,10,5,0,300,0.5,1700,0.5,0
10,2,81,0,0,300,0.5,1700,0.5,0
10,3,501,2,10,5,0,300,0.5,1700,0.5,1
10,4,428,0,0,500,0.6,1000,0.2,1400,0.2,1
10,5,855,0,0,300,0.5,1700,0.5,0
10,6,367,1,0,300,0.5,1700,0.5,0
10,7,273,0,0,300,0.5,1700,0.5,1
10,8,411,0,0,500,0.6,1000,0.2,1400,0.2,2
10,9,196,2,10,5,0,300,0.5,1700,0.5,1
10,10,212,2,10,5,0,300,0.5,1700,0.5,0
10,11,701,2,10,5,0,300,0.5,1700,0.5,0
10,12,164,2,10,5,0,500,0.6,1000,0.2,1400,0.2,0
10,13,986,1,0,500,0.6,1000,0.2,1400,0.2,0
10,14,325,0,0,300,0.5,1700,0.5,1
11,0,676,2,10,5,0,500,0.6,1000,0.2,1400,0.2,1
11,1,706,2,10,5,0,300,0.5,1700,0.5,2
11,2,286,1,0,300,0.5,1700,0.5,2
11,3,988,1,0,500,0.6,1000,0.2,1400,0.2,2
11,4,953,2,10,5,0,500,0.6,1000,0.2,1400,0.2,2
11,5,99,2,10,5,0,500,0.6,1000,0.2,1400,0.2,1
11,6,481,0,0,500,0.6,1000,0.2,1400,0.2,0
11,7,365,0,0,300,0.5,1700,0.5,1
11,8,166,2,10,5,0,500,0.6,1000,0.2,1400,0.2,0
11,9,69,1,0,300,0.5,1700,0.5,2
11,10,558,1,0,500,0.6,1000,0.2,1400,0.2,0
11,11,73,0,0,300,0.5,1700,0.5,2
11,12,135,2,10,5,0,500,0.6,1000,0.2,1400,0.2,0
11,13,742,2,10,5,0,300,0.5,1700,0.5,1
11,14,656,2,10,5,0,500,0.6,1000,0.2,1400,0.2,0
12,0,593,2,10,5,0,300,0.5,1700,0.5,2
12,1,185,2,10,5,0,300,0.5,1700,0.5,0
12,2,266,0,0,300,0.5,1700,0.5,1
12,3,856,0,0,500,0.6,1000,0.2,1400,0.2,0
12,4,460,0,0,500,0.6,1000,0.2,1400,0.2,1
12,5,418,0,0,300,0.5,1700,0.5,0
12,6,16,2,10,5,0,500,0.6,1000,0.2,1400,0.2,1
12,7,728,0,0,500,0.6,1000,0.2,1400,0.2,1
12,8,898,2,10,5,0,300,0.5,1700,0.5,1
12,9,712,0,0,300,0.5,1700,0.5,0
12,10,67,2,10,5,0,500,0.6,1000,0.2,1400,0.2,1
12,11,178,0,0,500,0.6,1000,0.2,1400,0.2,0
12,12,165,0,0,500,0.6,1000,0.2,1400,0.2,1
12,13,115,1,0,300,0.5,1700,0.5,0
12,14,535,2,10,5,0,500,0.6,1000,0.2,1400,0.2,2
13,0,254,2,10,5,0,500,0.6,1000,0.2,1400,0.2,1
13,1,830,2,10,5,0,500,0.6,1000,0.2,1400,0.2,2
13,2,175,1,0,500,0.6,1000,0.2,1400,0.2,1
13,3,765,1,0,300,0.5,1700,0.5,2
13,4,645,2,10,5,0,500,0.6,1000,0.2,1400,0.2,0
13,5,870,0,0,500,0.6,1000,0.2,1400,0.2,0
13,6,829,1,0,500,0.6,1000,0.2,1400,0.2,0
13,7,441,1,0,300,0.5,1700,0.5,1
13,8,717,1,0,500,0.6,1000,0.2,1400,0.2,1
13,9,783,2,10,5,0,300,0.5,1700,0.5,2
13,10,199,2,10,5,0,500,0.6,1000,0.2,1400,0.2,0
13,11,551,2,10,5,0,500,0.6,1000,0.2,1400,0.2,0
13,12,542,0,0,500,0.6,1000,0.2,1400,0.2,0
13,13,638,0,0,300,0.5,1700,0.5,2
13,14,176,0,0,300,0.5,1700,0.5,0
14,0,722,0,0,300,0.5,1700,0.5,2
14,1,297,1,0,500,0.6,1000,0.2,1400,0.2,1
14,2,639,2,10,5,0,500,0.6,1000,0.2,1400,0.2,1
14,3,561,0,0,300,0.5,1700,0.5,0
14,4,262,1,0,300,0.5,1700,0.5,1
14,5,453,1,0,500,0.6,1000,0.2,1400,0.2,1
14,6,926,0,0,500,0.6,1000,0.2,1400,0.2,2
14,7,856,1,0,500,0.6,1000,0.2,1400,0.2,1
14,8,338,0,0,500,0.6,1000,0.2,1400,0.2,1
14,9,40,2,10,5,0,300,0.5,1700,0.5,1
14,10,645,2,10,5,0,500,0.6,1000,0.2,1400,0.2,2
14,11,33,2,10,5,0,300,0.5,1700,0.5,0
14,12,636,2,10,5,0,500,0.6,1000,0.2,1400,0.2,1
14,13,339,0,0,500,0.6,1000,0.2,1400,0.2,0
14,14,449,0,0,500,0.6,1000,0.2,1400,0.2,1
