0,0,178,0,0,300,0.5,1700,0.5,1
0,1,594,1,0,300,0.5,1700,0.5,2
0,2,779,0,0,500,0.6,1000,0.2,1400,0.2,2
0,3,58,1,0,500,0.6,1000,0.2,1400,0.2,2
0,4,615,2,10,5,0,300,0.5,1700,0.5,0
0,5,427,0,0,300,0.5,1700,0.5,0
0,6,994,1,0,300,0.5,1700,0.5,2
0,7,949,0,0,500,0.6,1000,0.2,1400,0.2,2
0,8,360,2,10,5,0,300,0.5,1700,0.5,1
0,9,284,0,0,500,0.6,1000,0.2,1400,0.2,0
0,10,173,1,0,500,0.6,1000,0.2,1400,0.2,0
0,11,250,2,10,5,0,300,0.5,1700,0.5,1
0,12,682,2,10,5,0,300,0.5,1700,0.5,1
0,13,156,2,10,5,0,500,0.6,1000,0.2,1400,0.2,1
0,14,560,2,10,5,0,500,0.6,1000,0.2,1400,0.2,2
1,0,947,2,10,5,0,500,0.6,1000,0.2,1400,0.2,0
1,1,285,0,0,500,0.6,1000,0.2,1400,0.2,0
1,2,470,1,0,500,0.6,1000,0.2,1400,0.2,2
1,3,260,1,0,300,0.5,1700,0.5,2
1,4,346,2,10,5,0,500,0.6,1000,0.2,1400,0.2,1
1,5,518,2,10,5,0,300,0.5,1700,0.5,2
1,6,894,1,0,300,0.5,1700,0.5,2
1,7,11,0,0,500,0.6,1000,0.2,1400,0.2,0
1,8,291,2,10,5,0,300,0.5,1700,0.5,1
1,9,147,0,0,500,0.6,1000,0.2,1400,0.2,1
1,10,288,0,0,500,0.6,1000,0.2,1400,0.2,1
1,11,498,1,0,300,0.5,1700,0.5,0
1,12,778,2,10,5,0,500,0.6,1000,0.2,1400,0.2,1
1,13,42,2,10,5,0,500,0.6,1000,0.2,1400,0.2,1
1,14,388,2,10,5,0,300,0.5,1700,0.5,1
2,0,319,1,0,300,0.5,1700,0.5,1
2,1,966,2,10,5,0,500,0.6,1000,0.2,1400,0.2,0
2,2,870,0,0,500,0.6,1000,0.2,1400,0.2,2
2,3,217,0,0,500,0.6,1000,0.2,1400,0.2,2
2,4,586,2,10,5,0,500,0.6,1000,0.2,1400,0.2,1
2,5,741,2,10,5,0,500,0.6,1000,0.2,1400,0.2,0
2,6,706,0,0,500,0.6,1000,0.2,1400,0.2,2
2,7,297,1,0,500,0.6,1000,0.2,1400,0.2,1
2,8,339,0,0,300,0.5,1700,0.5,1
2,9,439,0,0,300,0.5,1700,0.5,2
2,10,890,2,10,5,0,300,0.5,1700,0.5,0
2,11,534,2,10,5,0,500,0.6,1000,0.2,1400,0.2,0
2,12,337,2,10,5,0,500,0.6,1000,0.2,1400,0.2,0
2,13,86,0,0,300,0.5,1700,0.5,1
2,14,419,0,0,500,0.6,1000,0.2,1400,0.2,1
3,0,741,1,0,500,0.6,1000,0.2,1400,0.2,1
3,1,293,0,0,500,0.6,1000,0.2,1400,0.2,1
3,2,906,0,0,500,0.6,1000,0.2,1400,0.2,0
3,3,82,0,0,300,0.5,1700,0.5,1
3,4,271,2,10,5,0,300,0.5,1700,0.5,2
3,5,53,0,0,500,0.6,1000,0.2,1400,0.2,0
3,6,593,0,0,500,0.6,1000,0.2,1400,0.2,1
3,7,575,1,0,300,0.5,1700,0.5,0
3,8,254,0,0,300,0.5,1700,0.5,0
3,9,315,0,0,300,0.5,1700,0.5,1
3,10,703,2,10,5,0,500,0.6,1000,0.2,1400,0.2,1
3,11,53,0,0,500,0.6,1000,0.2,1400,0.2,2
3,12,18,0,0,300,0.5,1700,0.5,1
3,13,875,0,0,500,0.6,1000,0.2,1400,0.2,1
3,14,34,0,0,300,0.5,1700,0.5,0
4,0,714,2,10,5,0,500,0.6,1000,0.2,1400,0.2,2
4,1,911,1,0,300,0.5,1700,0.5,0
4,2,945,2,10,5,0,300,0.5,1700,0.5,0
4,3,66,1,0,500,0.6,1000,0.2,1400,0.2,2
4,4,652,0,0,300,0.5,1700,0.5,1
4,5,385,1,0,500,0.6,1000,0.2,1400,0.2,2
4,6,580,0,0,500,0.6,1000,0.2,1400,0.2,0
4,7,806,1,0,500,0.6,1000,0.2,1400,0.2,2
4,8,941,0,0,300,0.5,1700,0.5,1
4,9,420,1,0,500,0.6,1000,0.2,1400,0.2,0
4,10,239,0,0,500,0.6,1000,0.2,1400,0.2,2
4,11,367,1,0,300,0.5,1700,0.5,0
4,12,911,0,0,300,0.5,1700,0.5,0
4,13,510,1,0,500,0.6,1000,0.2,1400,0.2,1
4,14,680,0,0,500,0.6,1000,0.2,1400,0.2,2
5,0,456,1,0,300,0.5,1700,0.5,1
5,1,91,1,0,300,0.5,1700,0.5,0
5,2,839,0,0,500,0.6,1000,0.2,1400,0.2,1
5,3,679,2,10,5,0,500,0.6,1000,0.2,1400,0.2,2
5,4,936,0,0,300,0.5,1700,0.5,1
5,5,717,0,0,500,0.6,1000,0.2,1400,0.2,0
5,6,435,2,10,5,0,300,0.5,1700,0.5,1
5,7,946,1,0,500,0.6,1000,0.2,1400,0.2,0
5,8,661,0,0,500,0.6,1000,0.2,1400,0.2,2
5,9,584,2,10,5,0,500,0.6,1000,0.2,1400,0.2,0
5,10,252,0,0,300,0.5,1700,0.5,1
5,11,605,2,10,5,0,300,0.5,1700,0.5,2
5,12,817,0,0,500,0.6,1000,0.2,1400,0.2,0
5,13,872,2,10,5,0,500,0.6,1000,0.2,1400,0.2,2
5,14,839,2,10,5,0,500,0.6,1000,0.2,1400,0.2,0
6,0,686,2,10,5,0,300,0.5,1700,0.5,2
6,1,878,0,0,300,0.5,1700,0.5,0
6,2,206,2,10,5,0,500,0.6,1000,0.2,1400,0.2,0
6,3,640,1,0,500,0.6,1000,0.2,1400,0.2,1
6,4,517,2,10,5,0,500,0.6,1000,0.2,1400,0.2,0
6,5,926,2,10,5,0,300,0.5,1700,0.5,1
6,6,565,2,10,5,0,300,0.5,1700,0.5,0
6,7,962,0,0,300,0.5,1700,0.5,1
6,8,199,2,10,5,0,500,0.6,1000,0.2,1400,0.2,0
6,9,322,2,10,5,0,300,0.5,1700,0.5,1
6,10,736,1,0,500,0.6,1000,0.2,1400,0.2,1
6,11,930,0,0,300,0.5,1700,0.5,0
6,12,630,0,0,300,0.5,1700,0.5,0
6,13,376,2,10,5,0,300,0.5,1700,0.5,0
6,14,815,1,0,300,0.5,1700,0.5,1
7,0,806,0,0,500,0.6,1000,0.2,1400,0.2,0
7,1,431,2,10,5,0,300,0.5,1700,0.5,2
7,2,677,2,10,5,0,300,0.5,1700,0.5,2
7,3,628,1,0,500,0.6,1000,0.2,1400,0.2,2
7,4,651,0,0,500,0.6,1000,0.2,1400,0.2,2
7,5,224,2,10,5,0,500,0.6,1000,0.2,1400,0.2,2
7,6,92,2,10,5,0,300,0.5,1700,0.5,1
7,7,279,1,0,500,0.6,1000,0.2,1400,0.2,0
7,8,449,0,0,300,0.5,1700,0.5,0
7,9,299,1,0,300,0.5,1700,0.5,1
7,10,57,2,10,5,0,300,0.5,1700,0.5,2
7,11,329,2,10,5,0,500,0.6,1000,0.2,1400,0.2,1
7,12,696,0,0,500,0.6,1000,0.2,1400,0.2,0
7,13,861,2,10,5,0,500,0.6,1000,0.2,1400,0.2,0
7,14,696,0,0,500,0.6,1000,0.2,1400,0.2,0
8,0,428,2,10,5,0,500,0.6,1000,0.2,1400,0.2,0
8,1,954,2,10,5,0,500,0.6,1000,0.2,1400,0.2,2
8,2,447,1,0,500,0.6,1000,0.2,1400,0.2,1
8,3,828,2,10,5,0,300,0.5,1700,0.5,1
8,4,904,2,10,5,0,500,0.6,1000,0.2,1400,0.2,2
8,5,850,1,0,300,0.5,1700,0.5,0
8,6,959,0,0,300,0.5,1700,0.5,0
8,7,121,2,10,5,0,500,0.6,1000,0.2,1400,0.2,1
8,8,658,0,0,300,0.5,1700,0.5,2
8,9,548,2,10,5,0,500,0.6,1000,0.2,1400,0.2,0
8,10,790,2,10,5,0,500,0.6,1000,0.2,1400,0.2,1
8,11,845,0,0,500,0.6,1000,0.2,1400,0.2,0
8,12,734,0,0,300,0.5,1700,0.5,1
8,13,420,0,0,500,0.6,1000,0.2,1400,0.2,1
8,14,739,2,10,5,0,300,0.5,1700,0.5,2
9,0,821,0,0,300,0.5,1700,0.5,2
9,1,561,0,0,300,0.5,1700,0.5,1
9,2,791,1,0,300,0.5,1700,0.5,1
9,3,974,0,0,300,0.5,1700,0.5,0
9,4,786,0,0,300,0.5,1700,0.5,0
9,5,815,1,0,500,0.6,1000,0.2,1400,0.2,0
9,6,88,1,0,500,0.6,1000,0.2,1400,0.2,2
9,7,690,0,0,500,0.6,1000,0.2,1400,0.2,1
9,8,707,0,0,300,0.5,1700,0.5,2
9,9,855,0,0,500,0.6,1000,0.2,1400,0.2,1
9,10,619,0,0,500,0.6,1000,0.2,1400,0.2,0
9,11,128,0,0,500,0.6,1000,0.2,1400,0.2,2
9,12,932,1,0,500,0.6,1000,0.2,1400,0.2,0
9,13,197,1,0,300,0.5,1700,0.5,2
9,14,325,1,0,300,0.5,1700,0.5,0
10,0,970,2,10,5,0,300,0.5,1700,0.5,0
10,1,65,1,0,300,0.5,1700,0.5,1
10,2,610,1,0,300,0.5,1700,0.5,0
10,3,710,0,0,300,0.5,1700,0.5,2
10,4,606,2,10,5,0,500,0.6,1000,0.2,1400,0.2,0
10,5,524,2,10,5,0,300,0.5,1700,0.5,0
10,6,282,1,0,300,0.5,1700,0.5,1
10,7,112,0,0,500,0.6,1000,0.2,1400,0.2,2
10,8,519,0,0,300,0.5,1700,0.5,2
10,9,348,1,0,500,0.6,1000,0.2,1400,0.2,0
10,10,896,0,0,300,0.5,1700,0.5,0
10,11,483,2,10,5,0,500,0.6,1000,0.2,1400,0.2,0
10,12,750,2,10,5,0,300,0.5,1700,0.5,2
10,13,678,1,0,300,0.5,1700,0.5,2
10,14,533,1,0,500,0.6,1000,0.2,1400,0.2,2
11,0,618,1,0,300,0.5,1700,0.5,2
11,1,306,2,10,5,0,500,0.6,1000,0.2,1400,0.2,2
11,2,740,0,0,300,0.5,1700,0.5,0
11,3,997,2,10,5,0,300,0.5,1700,0.5,1
11,4,277,2,10,5,0,300,0.5,1700,0.5,2
11,5,864,2,10,5,0,500,0.6,1000,0.2,1400,0.2,2
11,6,357,2,10,5,0,500,0.6,1000,0.2,1400,0.2,1
11,7,83,2,10,5,0,300,0.5,1700,0.5,2
11,8,883,2,10,5,0,500,0.6,1000,0.2,1400,0.2,0
11,9,766,1,0,500,0.6,1000,0.2,1400,0.2,2
11,10,280,2,10,5,0,500,0.6,1000,0.2,1400,0.2,1
11,11,290,1,0,500,0.6,1000,0.2,1400,0.2,1
11,12,770,1,0,500,0.6,1000,0.2,1400,0.2,1
11,13,417,2,10,5,0,300,0.5,1700,0.5,1
11,14,137,2,10,5,0,500,0.6,1000,0.2,1400,0.2,2
12,0,116,1,0,300,0.5,1700,0.5,1
12,1,883,0,0,300,0.5,1700,0.5,2
12,2,600,0,0,500,0.6,1000,0.2,1400,0.2,0
12,3,682,0,0,500,0.6,1000,0.2,1400,0.2,2
12,4,387,2,10,5,0,300,0.5,1700,0.5,2
12,5,972,0,0,300,0.5,1700,0.5,2
12,6,379,2,10,5,0,500,0.6,1000,0.2,1400,0.2,0
12,7,460,1,0,500,0.6,1000,0.2,1400,0.2,2
12,8,677,2,10,5,0,300,0.5,1700,0.5,1
12,9,732,1,0,500,0.6,1000,0.2,1400,0.2,2
12,10,922,2,10,5,0,300,0.5,1700,0.5,1
12,11,202,1,0,300,0.5,1700,0.5,1
12,12,986,1,0,500,0.6,1000,0.2,1400,0.2,1
12,13,675,1,0,500,0.6,1000,0.2,1400,0.2,1
12,14,565,0,0,500,0.6,1000,0.2,1400,0.2,1
13,0,169,2,10,5,0,300,0.5,1700,0.5,2
13,1,127,0,0,500,0.6,1000,0.2,1400,0.2,0
13,2,832,2,10,5,0,300,0.5,1700,0.5,1
13,3,743,2,10,5,0,300,0.5,1700,0.5,1
13,4,376,0,0,300,0.5,1700,0.5,0
13,5,869,1,0,500,0.6,1000,0.2,1400,0.2,1
13,6,679,1,0,500,0.6,1000,0.2,1400,0.2,0
13,7,855,2,10,5,0,300,0.5,1700,0.5,0
13,8,748,0,0,500,0.6,1000,0.2,1400,0.2,1
13,9,932,1,0,300,0.5,1700,0.5,2
13,10,846,1,0,500,0.6,1000,0.2,1400,0.2,2
13,11,419,1,0,300,0.5,1700,0.5,2
13,12,74,2,10,5,0,500,0.6,1000,0.2,1400,0.2,1
13,13,388,1,0,300,0.5,1700,0.5,0
13,14,920,0,0,300,0.5,1700,0.5,1
14,0,364,0,0,500,0.6,1000,0.2,1400,0.2,1
14,1,209,1,0,500,0.6,1000,0.2,1400,0.2,2
14,2,141,1,0,500,0.6,1000,0.2,1400,0.2,0
14,3,438,2,10,5,0,500,0.6,1000,0.2,1400,0.2,0
14,4,525,2,10,5,0,500,0.6,1000,0.2,1400,0.2,1
14,5,310,0,0,300,0.5,1700,0.5,1
14,6,787,1,0,300,0.5,1700,0.5,1
14,7,344,0,0,300,0.5,1700,0.5,1
14,8,367,2,10,5,0,300,0.5,1700,0.5,0
14,9,339,1,0,500,0.6,1000,0.2,1400,0.2,1
14,10,536,2,10,5,0,500,0.6,1000,0.2,1400,0.2,0
14,11,818,1,0,300,0.5,1700,0.5,0
14,12,168,2,10,5,0,300,0.5,1700,0.5,2
14,13,468,0,0,300,0.5,1700,0.5,0
14,14,226,0,0,300,0.5,1700,0.5,1
