0,0,82,1,0,300,0.5,1700,0.5,1
0,1,418,1,0,300,0.5,1700,0.5,1
0,2,859,1,0,500,0.6,1000,0.2,1400,0.2,0
0,3,192,2,10,5,0,300,0.5,1700,0.5,2
0,4,854,2,10,5,0,500,0.6,1000,0.2,1400,0.2,2
0,5,366,2,10,5,0,300,0.5,1700,0.5,2
0,6,173,2,10,5,0,500,0.6,1000,0.2,1400,0.2,0
0,7,446,1,0,500,0.6,1000,0.2,1400,0.2,0
0,8,189,1,0,300,0.5,1700,0.5,1
0,9,100,2,10,5,0,300,0.5,1700,0.5,0
0,10,543,2,10,5,0,300,0.5,1700,0.5,0
0,11,496,1,0,300,0.5,1700,0.5,0
0,12,156,1,0,300,0.5,1700,0.5,0
0,13,746,2,10,5,0,300,0.5,1700,0.5,2
0,14,267,2,10,5,0,500,0.6,1000,0.2,1400,0.2,0
1,0,518,1,0,300,0.5,1700,0.5,0
1,1,81,2,10,5,0,500,0.6,1000,0.2,1400,0.2,0
1,2,314,1,0,500,0.6,1000,0.2,1400,0.2,0
1,3,691,0,0,500,0.6,1000,0.2,1400,0.2,2
1,4,930,0,0,300,0.5,1700,0.5,2
1,5,86,1,0,300,0.5,1700,0.5,1
1,6,504,0,0,500,0.6,1000,0.2,1400,0.2,2
1,7,807,1,0,500,0.6,1000,0.2,1400,0.2,1
1,8,206,0,0,500,0.6,1000,0.2,1400,0.2,0
1,9,295,0,0,500,0.6,1000,0.2,1400,0.2,2
1,10,103,0,0,300,0.5,1700,0.5,1
1,11,585,0,0,300,0.5,1700,0.5,2
1,12,481,2,10,5,0,500,0.6,1000,0.2,1400,0.2,1
1,13,510,1,0,300,0.5,1700,0.5,2
1,14,776,0,0,300,0.5,1700,0.5,1
2,0,623,2,10,5,0,500,0.6,1000,0.2,1400,0.2,1
2,1,573,0,0,500,0.6,1000,0.2,1400,0.2,0
2,2,364,2,10,5,0,300,0.5,1700,0.5,0
2,3,573,2,10,5,0,300,0.5,1700,0.5,0
2,4,199,0,0,300,0.5,1700,0.5,1
2,5,367,0,0,500,0.6,1000,0.2,1400,0.2,2
2,6,445,0,0,500,0.6,1000,0.2,1400,0.2,0
2,7,348,1,0,500,0.6,1000,0.2,1400,0.2,2
2,8,370,2,10,5,0,500,0.6,1000,0.2,1400,0.2,1
2,9,554,2,10,5,0,300,0.5,1700,0.5,2
2,10,880,0,0,300,0.5,1700,0.5,1
2,11,976,1,0,300,0.5,1700,0.5,0
2,12,870,0,0,300,0.5,1700,0.5,1
2,13,974,0,0,500,0.6,1000,0.2,1400,0.2,0
2,14,78,2,10,5,0,300,0.5,1700,0.5,0
3,0,459,1,0,500,0.6,1000,0.2,1400,0.2,1
3,1,776,2,10,5,0,500,0.6,1000,0.2,1400,0.2,2
3,2,762,1,0,300,0.5,1700,0.5,1
3,3,803,1,0,300,0.5,1700,0.5,0
3,4,79,1,0,500,0.6,1000,0.2,1400,0.2,2
3,5,298,1,0,500,0.6,1000,0.2,1400,0.2,0
3,6,142,2,10,5,0,500,0.6,1000,0.2,1400,0.2,0
3,7,250,0,0,500,0.6,1000,0.2,1400,0.2,0
3,8,789,1,0,500,0.6,1000,0.2,1400,0.2,2
3,9,778,2,10,5,0,300,0.5,1700,0.5,2
3,10,885,0,0,500,0.6,1000,0.2,1400,0.2,0
3,11,466,2,10,5,0,300,0.5,1700,0.5,1
3,12,304,2,10,5,0,500,0.6,1000,0.2,1400,0.2,0
3,13,546,0,0,500,0.6,1000,0.2,1400,0.2,2
3,14,969,1,0,500,0.6,1000,0.2,1400,0.2,0
4,0,676,1,0,500,0.6,1000,0.2,1400,0.2,1
4,1,710,1,0,300,0.5,1700,0.5,2
4,2,213,2,10,5,0,300,0.5,1700,0.5,2
4,3,165,0,0,500,0.6,1000,0.2,1400,0.2,2
4,4,43,0,0,300,0.5,1700,0.5,0
4,5,652,0,0,300,0.5,1700,0.5,2
4,6,779,1,0,500,0.6,1000,0.2,1400,0.2,1
4,7,301,2,10,5,0,300,0.5,1700,0.5,0
4,8,828,2,10,5,0,500,0.6,1000,0.2,1400,0.2,2
4,9,80,0,0,500,0.6,1000,0.2,1400,0.2,2
4,10,30,1,0,500,0.6,1000,0.2,1400,0.2,2
4,11,510,0,0,300,0.5,1700,0.5,0
4,12,791,2,10,5,0,300,0.5,1700,0.5,1
4,13,649,1,0,500,0.6,1000,0.2,1400,0.2,2
4,14,666,2,10,5,0,300,0.5,1700,0.5,0
5,0,617,1,0,500,0.6,1000,0.2,1400,0.2,0
5,1,712,1,0,500,0.6,1000,0.2,1400,0.2,0
5,2,555,2,10,5,0,300,0.5,1700,0.5,2
5,3,344,0,0,500,0.6,1000,0.2,1400,0.2,0
5,4,725,0,0,300,0.5,1700,0.5,2
5,5,792,0,0,500,0.6,1000,0.2,1400,0.2,1
5,6,481,1,0,500,0.6,1000,0.2,1400,0.2,2
5,7,1000,2,10,5,0,300,0.5,1700,0.5,0
5,8,384,0,0,300,0.5,1700,0.5,0
5,9,55,0,0,500,0.6,1000,0.2,1400,0.2,2
5,10,12,0,0,300,0.5,1700,0.5,0
5,11,55,0,0,500,0.6,1000,0.2,1400,0.2,0
5,12,361,1,0,500,0.6,1000,0.2,1400,0.2,1
5,13,986,2,10,5,0,300,0.5,1700,0.5,1
5,14,861,0,0,500,0.6,1000,0.2,1400,0.2,0
6,0,38,2,10,5,0,300,0.5,1700,0.5,0
6,1,877,2,10,5,0,500,0.6,1000,0.2,1400,0.2,1
6,2,717,0,0,300,0.5,1700,0.5,1
6,3,227,0,0,300,0.5,1700,0.5,0
6,4,294,0,0,500,0.6,1000,0.2,1400,0.2,0
6,5,471,1,0,300,0.5,1700,0.5,2
6,6,396,0,0,500,0.6,1000,0.2,1400,0.2,2
6,7,645,0,0,300,0.5,1700,0.5,0
6,8,917,2,10,5,0,300,0.5,1700,0.5,0
6,9,366,0,0,500,0.6,1000,0.2,1400,0.2,2
6,10,906,2,10,5,0,300,0.5,1700,0.5,1
6,11,840,1,0,500,0.6,1000,0.2,1400,0.2,2
6,12,593,2,10,5,0,300,0.5,1700,0.5,2
6,13,943,2,10,5,0,500,0.6,1000,0.2,1400,0.2,2
6,14,481,0,0,500,0.6,1000,0.2,1400,0.2,1
7,0,668,2,10,5,0,300,0.5,1700,0.5,1
7,1,71,1,0,500,0.6,1000,0.2,1400,0.2,1
7,2,526,1,0,500,0.6,1000,0.2,1400,0.2,1
7,3,872,0,0,300,0.5,1700,0.5,2
7,4,210,1,0,500,0.6,1000,0.2,1400,0.2,2
7,5,783,2,10,5,0,500,0.6,1000,0.2,1400,0.2,2
7,6,860,1,0,500,0.6,1000,0.2,1400,0.2,0
7,7,152,1,0,300,0.5,1700,0.5,2
7,8,524,0,0,500,0.6,1000,0.2,1400,0.2,2
7,9,336,2,10,5,0,500,0.6,1000,0.2,1400,0.2,1
7,10,123,1,0,500,0.6,1000,0.2,1400,0.2,0
7,11,874,1,0,500,0.6,1000,0.2,1400,0.2,2
7,12,59,1,0,500,0.6,1000,0.2,1400,0.2,2
7,13,534,1,0,500,0.6,1000,0.2,1400,0.2,0
7,14,503,2,10,5,0,300,0.5,1700,0.5,1
8,0,208,1,0,300,0.5,1700,0.5,1
8,1,551,0,0,300,0.5,1700,0.5,0
8,2,133,2,10,5,0,300,0.5,1700,0.5,1
8,3,83,2,10,5,0,300,0.5,1700,0.5,1
8,4,884,2,10,5,0,300,0.5,1700,0.5,2
8,5,589,0,0,300,0.5,1700,0.5,1
8,6,427,1,0,500,0.6,1000,0.2,1400,0.2,1
8,7,487,2,10,5,0,500,0.6,1000,0.2,1400,0.2,2
8,8,240,2,10,5,0,300,0.5,1700,0.5,1
8,9,782,2,10,5,0,300,0.5,1700,0.5,0
8,10,918,2,10,5,0,500,0.6,1000,0.2,1400,0.2,0
8,11,985,2,10,5,0,300,0.5,1700,0.5,2
8,12,460,0,0,500,0.6,1000,0.2,1400,0.2,2
8,13,727,0,0,500,0.6,1000,0.2,1400,0.2,0
8,14,660,0,0,300,0.5,1700,0.5,1
9,0,550,2,10,5,0,300,0.5,1700,0.5,2
9,1,327,2,10,5,0,500,0.6,1000,0.2,1400,0.2,0
9,2,81,1,0,500,0.6,1000,0.2,1400,0.2,2
9,3,215,0,0,300,0.5,1700,0.5,2
9,4,283,1,0,500,0.6,1000,0.2,1400,0.2,0
9,5,995,0,0,500,0.6,1000,0.2,1400,0.2,2
9,6,774,1,0,300,0.5,1700,0.5,0
9,7,813,2,10,5,0,500,0.6,1000,0.2,1400,0.2,0
9,8,694,1,0,300,0.5,1700,0.5,0
9,9,478,2,10,5,0,300,0.5,1700,0.5,2
9,10,324,2,10,5,0,500,0.6,1000,0.2,1400,0.2,0
9,11,354,2,10,5,0,500,0.6,1000,0.2,1400,0.2,2
9,12,874,0,0,300,0.5,1700,0.5,0
9,13,105,1,0,500,0.6,1000,0.2,1400,0.2,2
9,14,610,0,0,500,0.6,1000,0.2,1400,0.2,0
10,0,805,1,0,500,0.6,1000,0.2,1400,0.2,2
10,1,775,0,0,500,0.6,1000,0.2,1400,0.2,1
10,2,438,2,10,5,0,500,0.6,1000,0.2,1400,0.2,2
10,3,196,0,0,300,0.5,1700,0.5,1
10,4,386,1,0,300,0.5,1700,0.5,1
10,5,570,2,10,5,0,500,0.6,1000,0.2,1400,0.2,1
10,6,692,0,0,300,0.5,1700,0.5,1
10,7,812,2,10,5,0,500,0.6,1000,0.2,1400,0.2,0
10,8,26,1,0,300,0.5,1700,0.5,2
10,9,768,1,0,300,0.5,1700,0.5,0
10,10,499,0,0,500,0.6,1000,0.2,1400,0.2,2
10,11,541,0,0,500,0.6,1000,0.2,1400,0.2,1
10,12,369,1,0,300,0.5,1700,0.5,0
10,13,34,1,0,500,0.6,1000,0.2,1400,0.2,0
10,14,262,1,0,300,0.5,1700,0.5,2
11,0,773,1,0,500,0.6,1000,0.2,1400,0.2,2
11,1,514,1,0,500,0.6,1000,0.2,1400,0.2,1
11,2,85,1,0,300,0.5,1700,0.5,1
11,3,459,1,0,300,0.5,1700,0.5,0
11,4,681,0,0,500,0.6,1000,0.2,1400,0.2,0
11,5,587,1,0,300,0.5,1700,0.5,2
11,6,350,0,0,500,0.6,1000,0.2,1400,0.2,0
11,7,717,1,0,500,0.6,1000,0.2,1400,0.2,0
11,8,73,2,10,5,0,500,0.6,1000,0.2,1400,0.2,0
11,9,247,0,0,500,0.6,1000,0.2,1400,0.2,1
11,10,201,0,0,500,0.6,1000,0.2,1400,0.2,1
11,11,801,2,10,5,0,500,0.6,1000,0.2,1400,0.2,0
11,12,592,0,0,300,0.5,1700,0.5,0
11,13,225,0,0,500,0.6,1000,0.2,1400,0.2,2
11,14,676,2,10,5,0,300,0.5,1700,0.5,2
12,0,453,0,0,500,0.6,1000,0.2,1400,0.2,1
12,1,823,0,0,300,0.5,1700,0.5,2
12,2,746,1,0,300,0.5,1700,0.5,2
12,3,416,2,10,5,0,500,0.6,1000,0.2,1400,0.2,2
12,4,611,2,10,5,0,500,0.6,1000,0.2,1400,0.2,2
12,5,216,0,0,300,0.5,1700,0.5,0
12,6,315,2,10,5,0,500,0.6,1000,0.2,1400,0.2,2
12,7,313,1,0,300,0.5,1700,0.5,1
12,8,690,2,10,5,0,300,0.5,1700,0.5,1
12,9,944,0,0,500,0.6,1000,0.2,1400,0.2,0
12,10,240,2,10,5,0,300,0.5,1700,0.5,0
12,11,909,0,0,500,0.6,1000,0.2,1400,0.2,1
12,12,998,0,0,500,0.6,1000,0.2,1400,0.2,0
12,13,289,1,0,500,0.6,1000,0.2,1400,0.2,1
12,14,369,0,0,500,0.6,1000,0.2,1400,0.2,1
13,0,218,0,0,300,0.5,1700,0.5,0
13,1,513,0,0,300,0.5,1700,0.5,0
13,2,541,1,0,300,0.5,1700,0.5,1
13,3,824,2,10,5,0,500,0.6,1000,0.2,1400,0.2,0
13,4,859,0,0,300,0.5,1700,0.5,0
13,5,393,1,0,300,0.5,1700,0.5,2
13,6,632,1,0,500,0.6,1000,0.2,1400,0.2,1
13,7,936,1,0,500,0.6,1000,0.2,1400,0.2,2
13,8,440,2,10,5,0,500,0.6,1000,0.2,1400,0.2,2
13,9,56,0,0,300,0.5,1700,0.5,0
13,10,34,0,0,300,0.5,1700,0.5,1
13,11,233,0,0,300,0.5,1700,0.5,0
13,12,934,2,10,5,0,500,0.6,1000,0.2,1400,0.2,2
13,13,296,2,10,5,0,500,0.6,1000,0.2,1400,0.2,1
13,14,753,1,0,300,0.5,1700,0.5,0
14,0,982,2,10,5,0,500,0.6,1000,0.2,1400,0.2,0
14,1,197,1,0,300,0.5,1700,0.5,0
14,2,667,1,0,500,0.6,1000,0.2,1400,0.2,1
14,3,157,2,10,5,0,300,0.5,1700,0.5,1
14,4,944,0,0,500,0.6,1000,0.2,1400,0.2,1
14,5,188,2,10,5,0,500,0.6,1000,0.2,1400,0.2,2
14,6,702,0,0,300,0.5,1700,0.5,2
14,7,121,1,0,300,0.5,1700,0.5,1
14,8,889,2,10,5,0,300,0.5,1700,0.5,2
14,9,208,2,10,5,0,500,0.6,1000,0.2,1400,0.2,1
14,10,956,0,0,500,0.6,1000,0.2,1400,0.2,0
14,11,422,2,10,5,0,300,0.5,1700,0.5,2
14,12,11,2,10,5,0,500,0.6,1000,0.2,1400,0.2,1
14,13,793,2,10,5,0,300,0.5,1700,0.5,0
14,14,306,2,10,5,0,500,0.6,1000,0.2,1400,0.2,0
