0,0,199,0,0,500,0.6,1000,0.2,1400,0.2,1
0,1,678,2,10,5,0,300,0.5,1700,0.5,0
0,2,726,2,10,5,0,500,0.6,1000,0.2,1400,0.2,1
0,3,542,0,0,300,0.5,1700,0.5,0
0,4,513,0,0,500,0.6,1000,0.2,1400,0.2,2
0,5,65,0,0,300,0.5,1700,0.5,0
0,6,910,1,0,300,0.5,1700,0.5,2
0,7,385,2,10,5,0,500,0.6,1000,0.2,1400,0.2,0
0,8,847,0,0,500,0.6,1000,0.2,1400,0.2,1
0,9,162,1,0,300,0.5,1700,0.5,0
0,10,945,0,0,500,0.6,1000,0.2,1400,0.2,2
0,11,457,0,0,500,0.6,1000,0.2,1400,0.2,1
0,12,669,2,10,5,0,300,0.5,1700,0.5,1
0,13,24,0,0,300,0.5,1700,0.5,2
0,14,690,0,0,300,0.5,1700,0.5,1
1,0,335,0,0,300,0.5,1700,0.5,0
1,1,100,2,10,5,0,500,0.6,1000,0.2,1400,0.2,2
1,2,964,0,0,500,0.6,1000,0.2,1400,0.2,2
1,3,908,2,10,5,0,300,0.5,1700,0.5,0
1,4,352,1,0,500,0.6,1000,0.2,1400,0.2,1
1,5,208,1,0,500,0.6,1000,0.2,1400,0.2,0
1,6,316,1,0,300,0.5,1700,0.5,1
1,7,866,1,0,500,0.6,1000,0.2,1400,0.2,0
1,8,353,0,0,300,0.5,1700,0.5,1
1,9,166,0,0,300,0.5,1700,0.5,0
1,10,154,2,10,5,0,300,0.5,1700,0.5,1
1,11,195,2,10,5,0,300,0.5,1700,0.5,2
1,12,768,2,10,5,0,500,0.6,1000,0.2,1400,0.2,2
1,13,696,1,0,500,0.6,1000,0.2,1400,0.2,1
1,14,966,1,0,300,0.5,1700,0.5,2
2,0,620,2,10,5,0,300,0.5,1700,0.5,2
2,1,186,1,0,500,0.6,1000,0.2,1400,0.2,0
2,2,551,1,0,300,0.5,1700,0.5,0
2,3,625,1,0,300,0.5,1700,0.5,2
2,4,925,1,0,300,0.5,1700,0.5,1
2,5,606,0,0,500,0.6,1000,0.2,1400,0.2,1
2,6,866,0,0,500,0.6,1000,0.2,1400,0.2,0
2,7,280,1,0,500,0.6,1000,0.2,1400,0.2,2
2,8,311,1,0,500,0.6,1000,0.2,1400,0.2,0
2,9,58,0,0,300,0.5,1700,0.5,0
2,10,965,0,0,300,0.5,1700,0.5,0
2,11,407,1,0,300,0.5,1700,0.5,1
2,12,755,2,10,5,0,500,0.6,1000,0.2,1400,0.2,1
2,13,729,1,0,300,0.5,1700,0.5,0
2,14,643,1,0,300,0.5,1700,0.5,1
3,0,556,2,10,5,0,300,0.5,1700,0.5,2
3,1,376,0,0,500,0.6,1000,0.2,1400,0.2,2
3,2,256,0,0,500,0.6,1000,0.2,1400,0.2,0
3,3,209,1,0,500,0.6,1000,0.2,1400,0.2,2
3,4,735,0,0,300,0.5,1700,0.5,0
3,5,63,2,10,5,0,300,0.5,1700,0.5,0
3,6,27,0,0,500,0.6,1000,0.2,1400,0.2,2
3,7,325,0,0,500,0.6,1000,0.2,1400,0.2,1
3,8,195,1,0,300,0.5,1700,0.5,0
3,9,969,1,0,300,0.5,1700,0.5,1
3,10,827,1,0,300,0.5,1700,0.5,2
3,11,901,2,10,5,0,300,0.5,1700,0.5,1
3,12,297,2,10,5,0,500,0.6,1000,0.2,1400,0.2,1
3,13,733,1,0,500,0.6,1000,0.2,1400,0.2,2
3,14,228,1,0,300,0.5,1700,0.5,0
4,0,297,2,10,5,0,300,0.5,1700,0.5,2
4,1,741,2,10,5,0,500,0.6,1000,0.2,1400,0.2,1
4,2,198,1,0,500,0.6,1000,0.2,1400,0.2,0
4,3,380,1,0,300,0.5,1700,0.5,0
4,4,879,1,0,300,0.5,1700,0.5,0
4,5,408,0,0,300,0.5,1700,0.5,1
4,6,943,1,0,500,0.6,1000,0.2,1400,0.2,0
4,7,204,2,10,5,0,300,0.5,1700,0.5,2
4,8,872,2,10,5,0,300,0.5,1700,0.5,2
4,9,994,0,0,300,0.5,1700,0.5,2
4,10,469,0,0,300,0.5,1700,0.5,2
4,11,323,0,0,300,0.5,1700,0.5,1
4,12,49,0,0,500,0.6,1000,0.2,1400,0.2,2
4,13,492,0,0,300,0.5,1700,0.5,2
4,14,651,1,0,300,0.5,1700,0.5,0
5,0,977,0,0,500,0.6,1000,0.2,1400,0.2,0
5,1,902,2,10,5,0,500,0.6,1000,0.2,1400,0.2,1
5,2,489,1,0,300,0.5,1700,0.5,2
5,3,730,2,10,5,0,500,0.6,1000,0.2,1400,0.2,2
5,4,464,2,10,5,0,300,0.5,1700,0.5,2
5,5,178,2,10,5,0,300,0.5,1700,0.5,2
5,6,728,0,0,500,0.6,1000,0.2,1400,0.2,2
5,7,84,1,0,300,0.5,1700,0.5,0
5,8,439,0,0,500,0.6,1000,0.2,1400,0.2,0
5,9,210,2,10,5,0,300,0.5,1700,0.5,0
5,10,219,2,10,5,0,500,0.6,1000,0.2,1400,0.2,0
5,11,761,0,0,300,0.5,1700,0.5,2
5,12,413,0,0,500,0.6,1000,0.2,1400,0.2,2
5,13,392,2,10,5,0,500,0.6,1000,0.2,1400,0.2,0
5,14,330,0,0,500,0.6,1000,0.2,1400,0.2,0
6,0,470,2,10,5,0,500,0.6,1000,0.2,1400,0.2,0
6,1,660,0,0,300,0.5,1700,0.5,1
6,2,875,1,0,500,0.6,1000,0.2,1400,0.2,2
6,3,492,0,0,500,0.6,1000,0.2,1400,0.2,1
6,4,701,1,0,300,0.5,1700,0.5,2
6,5,640,2,10,5,0,300,0.5,1700,0.5,1
6,6,751,0,0,500,0.6,1000,0.2,1400,0.2,2
6,7,936,0,0,500,0.6,1000,0.2,1400,0.2,1
6,8,422,0,0,300,0.5,1700,0.5,2
6,9,74,2,10,5,0,300,0.5,1700,0.5,0
6,10,327,2,10,5,0,300,0.5,1700,0.5,1
6,11,233,2,10,5,0,500,0.6,1000,0.2,1400,0.2,1
6,12,313,1,0,300,0.5,1700,0.5,0
6,13,593,0,0,500,0.6,1000,0.2,1400,0.2,1
6,14,948,2,10,5,0,300,0.5,1700,0.5,1
7,0,653,2,10,5,0,500,0.6,1000,0.2,1400,0.2,0
7,1,461,1,0,500,0.6,1000,0.2,1400,0.2,0
7,2,839,1,0,300,0.5,1700,0.5,0
7,3,304,1,0,300,0.5,1700,0.5,1
7,4,214,0,0,300,0.5,1700,0.5,0
7,5,830,2,10,5,0,300,0.5,1700,0.5,1
7,6,380,1,0,300,0.5,1700,0.5,2
7,7,19,1,0,500,0.6,1000,0.2,1400,0.2,2
7,8,445,0,0,300,0.5,1700,0.5,1
7,9,670,2,10,5,0,500,0.6,1000,0.2,1400,0.2,1
7,10,272,1,0,300,0.5,1700,0.5,1
7,11,909,2,10,5,0,500,0.6,1000,0.2,1400,0.2,0
7,12,744,0,0,300,0.5,1700,0.5,2
7,13,274,2,10,5,0,500,0.6,1000,0.2,1400,0.2,1
7,14,500,1,0,300,0.5,1700,0.5,2
8,0,58,0,0,500,0.6,1000,0.2,1400,0.2,1
8,1,518,1,0,300,0.5,1700,0.5,1
8,2,212,0,0,500,0.6,1000,0.2,1400,0.2,0
8,3,90,2,10,5,0,300,0.5,1700,0.5,2
8,4,658,0,0,300,0.5,1700,0.5,0
8,5,480,1,0,300,0.5,1700,0.5,0
8,6,107,2,10,5,0,500,0.6,1000,0.2,1400,0.2,1
8,7,121,1,0,300,0.5,1700,0.5,2
8,8,690,0,0,500,0.6,1000,0.2,1400,0.2,2
8,9,601,1,0,300,0.5,1700,0.5,0
8,10,617,1,0,300,0.5,1700,0.5,2
8,11,494,0,0,500,0.6,1000,0.2,1400,0.2,0
8,12,22,1,0,300,0.5,1700,0.5,0
8,13,247,2,10,5,0,500,0.6,1000,0.2,1400,0.2,0
8,14,481,0,0,300,0.5,1700,0.5,1
9,0,809,1,0,500,0.6,1000,0.2,1400,0.2,1
9,1,299,0,0,300,0.5,1700,0.5,1
9,2,24,2,10,5,0,300,0.5,1700,0.5,1
9,3,285,2,10,5,0,300,0.5,1700,0.5,0
9,4,701,0,0,500,0.6,1000,0.2,1400,0.2,0
9,5,680,2,10,5,0,300,0.5,1700,0.5,0
9,6,491,2,10,5,0,300,0.5,1700,0.5,0
9,7,816,0,0,500,0.6,1000,0.2,1400,0.2,2
9,8,839,0,0,300,0.5,1700,0.5,1
9,9,633,2,10,5,0,300,0.5,1700,0.5,0
9,10,740,2,10,5,0,500,0.6,1000,0.2,1400,0.2,0
9,11,305,1,0,300,0.5,1700,0.5,2
9,12,42,0,0,500,0.6,1000,0.2,1400,0.2,0
9,13,131,1,0,300,0.5,1700,0.5,1
9,14,277,2,10,5,0,300,0.5,1700,0.5,1
10,0,864,1,0,300,0.5,1700,0.5,1
10,1,288,2,10,5,0,300,0.5,1700,0.5,0
10,2,152,1,0,500,0.6,1000,0.2,1400,0.2,2
10,3,543,1,0,500,0.6,1000,0.2,1400,0.2,2
10,4,490,2,10,5,0,500,0.6,1000,0.2,1400,0.2,2
10,5,402,0,0,300,0.5,1700,0.5,2
10,6,525,2,10,5,0,500,0.6,1000,0.2,1400,0.2,0
10,7,380,2,10,5,0,300,0.5,1700,0.5,0
10,8,666,0,0,300,0.5,1700,0.5,0
10,9,792,1,0,300,0.5,1700,0.5,1
10,10,522,1,0,500,0.6,1000,0.2,1400,0.2,2
10,11,86,0,0,300,0.5,1700,0.5,1
10,12,500,1,0,500,0.6,1000,0.2,1400,0.2,0
10,13,679,1,0,300,0.5,1700,0.5,0
10,14,231,2,10,5,0,500,0.6,1000,0.2,1400,0.2,0
11,0,668,0,0,300,0.5,1700,0.5,0
11,1,98,2,10,5,0,500,0.6,1000,0.2,1400,0.2,2
11,2,493,1,0,300,0.5,1700,0.5,1
11,3,443,1,0,300,0.5,1700,0.5,1
11,4,980,0,0,500,0.6,1000,0.2,1400,0.2,2
11,5,394,1,0,300,0.5,1700,0.5,0
11,6,557,2,10,5,0,500,0.6,1000,0.2,1400,0.2,1
11,7,98,0,0,300,0.5,1700,0.5,1
11,8,165,1,0,500,0.6,1000,0.2,1400,0.2,2
11,9,843,2,10,5,0,500,0.6,1000,0.2,1400,0.2,1
11,10,530,0,0,300,0.5,1700,0.5,0
11,11,624,0,0,500,0.6,1000,0.2,1400,0.2,0
11,12,236,0,0,300,0.5,1700,0.5,0
11,13,210,0,0,500,0.6,1000,0.2,1400,0.2,1
11,14,765,2,10,5,0,500,0.6,1000,0.2,1400,0.2,2
12,0,224,0,0,500,0.6,1000,0.2,1400,0.2,0
12,1,389,0,0,500,0.6,1000,0.2,1400,0.2,0
12,2,51,2,10,5,0,500,0.6,1000,0.2,1400,0.2,0
12,3,657,0,0,500,0.6,1000,0.2,1400,0.2,1
12,4,928,0,0,300,0.5,1700,0.5,1
12,5,811,1,0,300,0.5,1700,0.5,2
12,6,767,1,0,500,0.6,1000,0.2,1400,0.2,2
12,7,808,1,0,500,0.6,1000,0.2,1400,0.2,0
12,8,622,0,0,300,0.5,1700,0.5,1
12,9,597,2,10,5,0,300,0.5,1700,0.5,2
12,10,916,0,0,300,0.5,1700,0.5,1
12,11,569,2,10,5,0,500,0.6,1000,0.2,1400,0.2,0
12,12,608,0,0,500,0.6,1000,0.2,1400,0.2,0
12,13,311,2,10,5,0,300,0.5,1700,0.5,1
12,14,269,1,0,500,0.6,1000,0.2,1400,0.2,0
13,0,895,1,0,300,0.5,1700,0.5,1
13,1,245,2,10,5,0,300,0.5,1700,0.5,0
13,2,663,1,0,500,0.6,1000,0.2,1400,0.2,2
13,3,705,0,0,500,0.6,1000,0.2,1400,0.2,1
13,4,400,2,10,5,0,300,0.5,1700,0.5,0
13,5,271,1,0,300,0.5,1700,0.5,1
13,6,650,1,0,500,0.6,1000,0.2,1400,0.2,0
13,7,65,2,10,5,0,500,0.6,1000,0.2,1400,0.2,0
13,8,713,1,0,300,0.5,1700,0.5,1
13,9,38,2,10,5,0,300,0.5,1700,0.5,2
13,10,522,0,0,500,0.6,1000,0.2,1400,0.2,0
13,11,878,2,10,5,0,500,0.6,1000,0.2,1400,0.2,2
13,12,168,0,0,500,0.6,1000,0.2,1400,0.2,1
13,13,205,2,10,5,0,300,0.5,1700,0.5,1
13,14,637,1,0,300,0.5,1700,0.5,0
14,0,849,2,10,5,0,300,0.5,1700,0.5,1
14,1,597,0,0,500,0.6,1000,0.2,1400,0.2,0
14,2,594,1,0,300,0.5,1700,0.5,0
14,3,102,2,10,5,0,500,0.6,1000,0.2,1400,0.2,0
14,4,402,1,0,300,0.5,1700,0.5,1
14,5,524,1,0,300,0.5,1700,0.5,0
14,6,60,2,10,5,0,300,0.5,1700,0.5,0
14,7,744,2,10,5,0,500,0.6,1000,0.2,1400,0.2,1
14,8,291,0,0,300,0.5,1700,0.5,0
14,9,179,2,10,5,0,500,0.6,1000,0.2,1400,0.2,0
14,10,637,1,0,300,0.5,1700,0.5,2
14,11,173,0,0,300,0.5,1700,0.5,0
14,12,777,1,0,500,0.6,1000,0.2,1400,0.2,2
14,13,623,1,0,500,0.6,1000,0.2,1400,0.2,1
14,14,906,1,0,300,0.5,1700,0.5,2
