0,0,601,0,0,500,0.6,1000,0.2,1400,0.2,1
0,1,808,0,0,300,0.5,1700,0.5,2
0,2,491,0,0,300,0.5,1700,0.5,2
0,3,547,1,0,500,0.6,1000,0.2,1400,0.2,1
0,4,56,2,10,5,0,300,0.5,1700,0.5,2
0,5,306,1,0,300,0.5,1700,0.5,1
0,6,835,2,10,5,0,500,0.6,1000,0.2,1400,0.2,2
0,7,425,0,0,300,0.5,1700,0.5,2
0,8,649,0,0,300,0.5,1700,0.5,0
0,9,108,1,0,300,0.5,1700,0.5,0
0,10,618,0,0,500,0.6,1000,0.2,1400,0.2,0
0,11,563,1,0,300,0.5,1700,0.5,2
0,12,380,2,10,5,0,500,0.6,1000,0.2,1400,0.2,1
0,13,745,0,0,300,0.5,1700,0.5,0
0,14,765,2,10,5,0,300,0.5,1700,0.5,1
1,0,501,0,0,300,0.5,1700,0.5,2
1,1,613,0,0,300,0.5,1700,0.5,0
1,2,417,0,0,500,0.6,1000,0.2,1400,0.2,1
1,3,200,0,0,500,0.6,1000,0.2,1400,0.2,0
1,4,252,0,0,300,0.5,1700,0.5,2
1,5,366,0,0,500,0.6,1000,0.2,1400,0.2,1
1,6,88,2,10,5,0,300,0.5,1700,0.5,1
1,7,946,0,0,300,0.5,1700,0.5,2
1,8,437,0,0,300,0.5,1700,0.5,0
1,9,434,1,0,300,0.5,1700,0.5,1
1,10,716,1,0,300,0.5,1700,0.5,1
1,11,886,2,10,5,0,300,0.5,1700,0.5,2
1,12,700,0,0,300,0.5,1700,0.5,1
1,13,58,0,0,300,0.5,1700,0.5,2
1,14,329,1,0,500,0.6,1000,0.2,1400,0.2,0
2,0,563,1,0,300,0.5,1700,0.5,1
2,1,289,2,10,5,0,300,0.5,1700,0.5,0
2,2,218,1,0,300,0.5,1700,0.5,0
2,3,607,2,10,5,0,300,0.5,1700,0.5,1
2,4,717,0,0,500,0.6,1000,0.2,1400,0.2,1
2,5,445,2,10,5,0,500,0.6,1000,0.2,1400,0.2,1
2,6,688,1,0,300,0.5,1700,0.5,0
2,7,868,2,10,5,0,300,0.5,1700,0.5,2
2,8,201,1,0,500,0.6,1000,0.2,1400,0.2,0
2,9,170,2,10,5,0,300,0.5,1700,0.5,0
2,10,223,1,0,300,0.5,1700,0.5,0
2,11,405,0,0,500,0.6,1000,0.2,1400,0.2,0
2,12,714,1,0,500,0.6,1000,0.2,1400,0.2,2
2,13,191,1,0,500,0.6,1000,0.2,1400,0.2,1
2,14,221,2,10,5,0,500,0.6,1000,0.2,1400,0.2,1
3,0,61,1,0,300,0.5,1700,0.5,0
3,1,653,0,0,500,0.6,1000,0.2,1400,0.2,2
3,2,847,0,0,300,0.5,1700,0.5,1
3,3,141,0,0,300,0.5,1700,0.5,0
3,4,348,1,0,500,0.6,1000,0.2,1400,0.2,1
3,5,629,1,0,500,0.6,1000,0.2,1400,0.2,2
3,6,820,2,10,5,0,300,0.5,1700,0.5,2
3,7,433,0,0,500,0.6,1000,0.2,1400,0.2,1
3,8,256,1,0,500,0.6,1000,0.2,1400,0.2,2
3,9,363,0,0,500,0.6,1000,0.2,1400,0.2,2
3,10,446,0,0,500,0.6,1000,0.2,1400,0.2,1
3,11,538,2,10,5,0,500,0.6,1000,0.2,1400,0.2,0
3,12,109,0,0,500,0.6,1000,0.2,1400,0.2,1
3,13,915,0,0,300,0.5,1700,0.5,1
3,14,542,1,0,500,0.6,1000,0.2,1400,0.2,2
4,0,589,1,0,500,0.6,1000,0.2,1400,0.2,2
4,1,13,1,0,300,0.5,1700,0.5,2
4,2,343,0,0,500,0.6,1000,0.2,1400,0.2,2
4,3,907,2,10,5,0,500,0.6,1000,0.2,1400,0.2,0
4,4,521,1,0,500,0.6,1000,0.2,1400,0.2,0
4,5,73,2,10,5,0,300,0.5,1700,0.5,2
4,6,28,1,0,500,0.6,1000,0.2,1400,0.2,2
4,7,51,2,10,5,0,500,0.6,1000,0.2,1400,0.2,0
4,8,53,2,10,5,0,300,0.5,1700,0.5,2
4,9,417,1,0,300,0.5,1700,0.5,2
4,10,544,1,0,500,0.6,1000,0.2,1400,0.2,1
4,11,17,0,0,500,0.6,1000,0.2,1400,0.2,2
4,12,237,2,10,5,0,300,0.5,1700,0.5,0
4,13,24,2,10,5,0,500,0.6,1000,0.2,1400,0.2,2
4,14,67,2,10,5,0,300,0.5,1700,0.5,2
5,0,807,0,0,300,0.5,1700,0.5,0
5,1,65,1,0,300,0.5,1700,0.5,2
5,2,769,1,0,500,0.6,1000,0.2,1400,0.2,1
5,3,508,1,0,500,0.6,1000,0.2,1400,0.2,0
5,4,162,2,10,5,0,300,0.5,1700,0.5,2
5,5,641,0,0,500,0.6,1000,0.2,1400,0.2,1
5,6,729,1,0,300,0.5,1700,0.5,1
5,7,997,1,0,300,0.5,1700,0.5,1
5,8,844,1,0,500,0.6,1000,0.2,1400,0.2,0
5,9,460,0,0,500,0.6,1000,0.2,1400,0.2,2
5,10,791,0,0,300,0.5,1700,0.5,0
5,11,389,1,0,300,0.5,1700,0.5,1
5,12,641,2,10,5,0,300,0.5,1700,0.5,2
5,13,933,1,0,500,0.6,1000,0.2,1400,0.2,2
5,14,905,0,0,300,0.5,1700,0.5,0
6,0,257,2,10,5,0,300,0.5,1700,0.5,0
6,1,278,1,0,500,0.6,1000,0.2,1400,0.2,2
6,2,624,1,0,300,0.5,1700,0.5,0
6,3,309,0,0,500,0.6,1000,0.2,1400,0.2,1
6,4,958,1,0,300,0.5,1700,0.5,0
6,5,436,1,0,500,0.6,1000,0.2,1400,0.2,1
6,6,622,1,0,300,0.5,1700,0.5,2
6,7,967,1,0,500,0.6,1000,0.2,1400,0.2,0
6,8,586,0,0,500,0.6,1000,0.2,1400,0.2,0
6,9,800,0,0,300,0.5,1700,0.5,2
6,10,450,0,0,300,0.5,1700,0.5,1
6,11,876,1,0,500,0.6,1000,0.2,1400,0.2,0
6,12,864,0,0,300,0.5,1700,0.5,2
6,13,205,0,0,500,0.6,1000,0.2,1400,0.2,1
6,14,386,1,0,500,0.6,1000,0.2,1400,0.2,1
7,0,31,1,0,500,0.6,1000,0.2,1400,0.2,0
7,1,607,1,0,300,0.5,1700,0.5,2
7,2,615,2,10,5,0,300,0.5,1700,0.5,2
7,3,640,1,0,500,0.6,1000,0.2,1400,0.2,1
7,4,828,1,0,300,0.5,1700,0.5,1
7,5,715,0,0,500,0.6,1000,0.2,1400,0.2,1
7,6,75,0,0,300,0.5,1700,0.5,1
7,7,611,1,0,500,0.6,1000,0.2,1400,0.2,0
7,8,784,0,0,300,0.5,1700,0.5,0
7,9,294,2,10,5,0,300,0.5,1700,0.5,2
7,10,911,0,0,300,0.5,1700,0.5,1
7,11,31,0,0,500,0.6,1000,0.2,1400,0.2,2
7,12,495,0,0,500,0.6,1000,0.2,1400,0.2,1
7,13,14,2,10,5,0,300,0.5,1700,0.5,1
7,14,382,1,0,300,0.5,1700,0.5,0
8,0,782,1,0,300,0.5,1700,0.5,0
8,1,994,0,0,300,0.5,1700,0.5,0
8,2,163,0,0,500,0.6,1000,0.2,1400,0.2,2
8,3,212,1,0,300,0.5,1700,0.5,2
8,4,496,0,0,300,0.5,1700,0.5,1
8,5,504,1,0,300,0.5,1700,0.5,0
8,6,364,2,10,5,0,500,0.6,1000,0.2,1400,0.2,1
8,7,457,2,10,5,0,500,0.6,1000,0.2,1400,0.2,0
8,8,183,1,0,500,0.6,1000,0.2,1400,0.2,2
8,9,470,2,10,5,0,300,0.5,1700,0.5,0
8,10,539,2,10,5,0,500,0.6,1000,0.2,1400,0.2,2
8,11,220,1,0,300,0.5,1700,0.5,2
8,12,975,1,0,300,0.5,1700,0.5,1
8,13,802,2,10,5,0,300,0.5,1700,0.5,0
8,14,699,2,10,5,0,500,0.6,1000,0.2,1400,0.2,1
9,0,27,0,0,300,0.5,1700,0.5,1
9,1,82,0,0,500,0.6,1000,0.2,1400,0.2,1
9,2,803,2,10,5,0,300,0.5,1700,0.5,0
9,3,354,1,0,300,0.5,1700,0.5,1
9,4,654,0,0,300,0.5,1700,0.5,2
9,5,480,2,10,5,0,300,0.5,1700,0.5,2
9,6,145,1,0,500,0.6,1000,0.2,1400,0.2,2
9,7,827,1,0,500,0.6,1000,0.2,1400,0.2,2
9,8,669,1,0,300,0.5,1700,0.5,1
9,9,206,1,0,500,0.6,1000,0.2,1400,0.2,0
9,10,366,1,0,300,0.5,1700,0.5,1
9,11,373,2,10,5,0,300,0.5,1700,0.5,1
9,12,428,1,0,300,0.5,1700,0.5,0
9,13,585,0,0,500,0.6,1000,0.2,1400,0.2,1
9,14,321,2,10,5,0,500,0.6,1000,0.2,1400,0.2,2
10,0,148,2,10,5,0,300,0.5,1700,0.5,0
10,1,298,0,0,300,0.5,1700,0.5,2
10,2,551,1,0,300,0.5,1700,0.5,2
10,3,243,2,10,5,0,500,0.6,1000,0.2,1400,0.2,2
10,4,160,2,10,5,0,300,0.5,1700,0.5,2
10,5,610,1,0,500,0.6,1000,0.2,1400,0.2,1
10,6,376,1,0,500,0.6,1000,0.2,1400,0.2,2
10,7,633,0,0,300,0.5,1700,0.5,2
10,8,472,2,10,5,0,300,0.5,1700,0.5,0
10,9,263,2,10,5,0,500,0.6,1000,0.2,1400,0.2,0
10,10,783,1,0,500,0.6,1000,0.2,1400,0.2,2
10,11,662,0,0,500,0.6,1000,0.2,1400,0.2,0
10,12,28,0,0,500,0.6,1000,0.2,1400,0.2,0
10,13,290,0,0,300,0.5,1700,0.5,2
10,14,223,0,0,500,0.6,1000,0.2,1400,0.2,0
11,0,626,2,10,5,0,500,0.6,1000,0.2,1400,0.2,1
11,1,425,2,10,5,0,500,0.6,1000,0.2,1400,0.2,0
11,2,935,0,0,300,0.5,1700,0.5,1
11,3,546,2,10,5,0,300,0.5,1700,0.5,1
11,4,145,2,10,5,0,500,0.6,1000,0.2,1400,0.2,1
11,5,731,1,0,300,0.5,1700,0.5,0
11,6,503,2,10,5,0,300,0.5,1700,0.5,0
11,7,390,1,0,300,0.5,1700,0.5,0
11,8,505,1,0,500,0.6,1000,0.2,1400,0.2,0
11,9,918,1,0,300,0.5,1700,0.5,2
11,10,89,1,0,500,0.6,1000,0.2,1400,0.2,1
11,11,960,0,0,500,0.6,1000,0.2,1400,0.2,2
11,12,675,0,0,300,0.5,1700,0.5,2
11,13,571,2,10,5,0,300,0.5,1700,0.5,1
11,14,943,0,0,300,0.5,1700,0.5,1
12,0,737,2,10,5,0,300,0.5,1700,0.5,0
12,1,397,1,0,500,0.6,1000,0.2,1400,0.2,1
12,2,109,0,0,500,0.6,1000,0.2,1400,0.2,0
12,3,996,1,0,300,0.5,1700,0.5,0
12,4,654,1,0,300,0.5,1700,0.5,0
12,5,247,0,0,300,0.5,1700,0.5,2
12,6,279,0,0,500,0.6,1000,0.2,1400,0.2,0
12,7,701,2,10,5,0,500,0.6,1000,0.2,1400,0.2,2
12,8,250,2,10,5,0,300,0.5,1700,0.5,2
12,9,478,2,10,5,0,300,0.5,1700,0.5,2
12,10,924,0,0,300,0.5,1700,0.5,2
12,11,934,1,0,300,0.5,1700,0.5,1
12,12,713,2,10,5,0,500,0.6,1000,0.2,1400,0.2,0
12,13,178,1,0,300,0.5,1700,0.5,0
12,14,349,2,10,5,0,500,0.6,1000,0.2,1400,0.2,0
13,0,480,0,0,300,0.5,1700,0.5,0
13,1,448,1,0,300,0.5,1700,0.5,2
13,2,806,0,0,300,0.5,1700,0.5,0
13,3,474,1,0,300,0.5,1700,0.5,2
13,4,869,2,10,5,0,300,0.5,1700,0.5,0
13,5,581,2,10,5,0,500,0.6,1000,0.2,1400,0.2,1
13,6,522,2,10,5,0,300,0.5,1700,0.5,0
13,7,806,1,0,300,0.5,1700,0.5,2
13,8,967,2,10,5,0,300,0.5,1700,0.5,1
13,9,731,0,0,500,0.6,1000,0.2,1400,0.2,1
13,10,806,2,10,5,0,500,0.6,1000,0.2,1400,0.2,1
13,11,551,2,10,5,0,300,0.5,1700,0.5,1
13,12,892,2,10,5,0,300,0.5,1700,0.5,2
13,13,631,0,0,300,0.5,1700,0.5,2
13,14,465,1,0,300,0.5,1700,0.5,2
14,0,754,1,0,500,0.6,1000,0.2,1400,0.2,2
14,1,197,0,0,500,0.6,1000,0.2,1400,0.2,2
14,2,694,0,0,300,0.5,1700,0.5,2
14,3,294,2,10,5,0,300,0.5,1700,0.5,0
14,4,149,2,10,5,0,500,0.6,1000,0.2,1400,0.2,0
14,5,285,2,10,5,0,300,0.5,1700,0.5,2
14,6,951,0,0,300,0.5,1700,0.5,2
14,7,42,1,0,500,0.6,1000,0.2,1400,0.2,2
14,8,159,0,0,500,0.6,1000,0.2,1400,0.2,1
14,9,20,2,10,5,0,300,0.5,1700,0.5,0
14,10,900,1,0,300,0.5,1700,0.5,0
14,11,568,1,0,500,0.6,1000,0.2,1400,0.2,2
14,12,986,1,0,300,0.5,1700,0.5,2
14,13,217,1,0,300,0.5,1700,0.5,1
14,14,795,0,0,500,0.6,1000,0.2,1400,0.2,0
