0,0,482,0,0,500,0.6,1000,0.2,1400,0.2,0
0,1,286,0,0,500,0.6,1000,0.2,1400,0.2,2
0,2,142,1,0,500,0.6,1000,0.2,1400,0.2,1
0,3,625,1,0,500,0.6,1000,0.2,1400,0.2,1
0,4,729,1,0,300,0.5,1700,0.5,2
0,5,95,0,0,300,0.5,1700,0.5,1
0,6,950,0,0,500,0.6,1000,0.2,1400,0.2,1
0,7,367,0,0,300,0.5,1700,0.5,1
0,8,621,2,10,5,0,300,0.5,1700,0.5,0
0,9,959,2,10,5,0,500,0.6,1000,0.2,1400,0.2,2
0,10,887,1,0,500,0.6,1000,0.2,1400,0.2,0
0,11,759,1,0,300,0.5,1700,0.5,2
0,12,160,1,0,500,0.6,1000,0.2,1400,0.2,2
0,13,275,1,0,300,0.5,1700,0.5,2
0,14,447,0,0,500,0.6,1000,0.2,1400,0.2,0
1,0,628,2,10,5,0,300,0.5,1700,0.5,0
1,1,661,1,0,300,0.5,1700,0.5,0
1,2,521,2,10,5,0,300,0.5,1700,0.5,0
1,3,160,1,0,500,0.6,1000,0.2,1400,0.2,2
1,4,467,2,10,5,0,500,0.6,1000,0.2,1400,0.2,2
1,5,400,2,10,5,0,500,0.6,1000,0.2,1400,0.2,1
1,6,800,1,0,500,0.6,1000,0.2,1400,0.2,2
1,7,495,2,10,5,0,500,0.6,1000,0.2,1400,0.2,1
1,8,561,0,0,300,0.5,1700,0.5,2
1,9,469,0,0,500,0.6,1000,0.2,1400,0.2,2
1,10,679,2,10,5,0,500,0.6,1000,0.2,1400,0.2,0
1,11,500,2,10,5,0,500,0.6,1000,0.2,1400,0.2,1
1,12,475,1,0,300,0.5,1700,0.5,0
1,13,839,2,10,5,0,300,0.5,1700,0.5,0
1,14,661,1,0,500,0.6,1000,0.2,1400,0.2,1
2,0,972,2,10,5,0,300,0.5,1700,0.5,2
2,1,784,2,10,5,0,300,0.5,1700,0.5,1
2,2,819,0,0,500,0.6,1000,0.2,1400,0.2,1
2,3,875,1,0,500,0.6,1000,0.2,1400,0.2,0
2,4,877,2,10,5,0,300,0.5,1700,0.5,2
2,5,815,2,10,5,0,300,0.5,1700,0.5,1
2,6,25,1,0,500,0.6,1000,0.2,1400,0.2,1
2,7,855,2,10,5,0,500,0.6,1000,0.2,1400,0.2,2
2,8,19,0,0,500,0.6,1000,0.2,1400,0.2,1
2,9,740,1,0,500,0.6,1000,0.2,1400,0.2,0
2,10,280,0,0,300,0.5,1700,0.5,1
2,11,27,2,10,5,0,300,0.5,1700,0.5,1
2,12,732,0,0,500,0.6,1000,0.2,1400,0.2,1
2,13,254,0,0,300,0.5,1700,0.5,0
2,14,934,1,0,300,0.5,1700,0.5,1
3,0,363,2,10,5,0,300,0.5,1700,0.5,1
3,1,239,0,0,500,0.6,1000,0.2,1400,0.2,2
3,2,423,2,10,5,0,300,0.5,1700,0.5,2
3,3,344,2,10,5,0,300,0.5,1700,0.5,1
3,4,888,1,0,500,0.6,1000,0.2,1400,0.2,0
3,5,805,0,0,500,0.6,1000,0.2,1400,0.2,0
3,6,110,2,10,5,0,300,0.5,1700,0.5,2
3,7,554,0,0,300,0.5,1700,0.5,0
3,8,879,0,0,500,0.6,1000,0.2,1400,0.2,0
3,9,85,1,0,300,0.5,1700,0.5,0
3,10,382,0,0,500,0.6,1000,0.2,1400,0.2,2
3,11,36,2,10,5,0,300,0.5,1700,0.5,1
3,12,944,1,0,300,0.5,1700,0.5,2
3,13,738,1,0,300,0.5,1700,0.5,1
3,14,335,0,0,500,0.6,1000,0.2,1400,0.2,0
4,0,42,2,10,5,0,300,0.5,1700,0.5,2
4,1,422,0,0,300,0.5,1700,0.5,2
4,2,962,2,10,5,0,300,0.5,1700,0.5,2
4,3,329,1,0,500,0.6,1000,0.2,1400,0.2,0
4,4,496,1,0,300,0.5,1700,0.5,1
4,5,447,1,0,500,0.6,1000,0.2,1400,0.2,2
4,6,264,0,0,300,0.5,1700,0.5,2
4,7,66,1,0,500,0.6,1000,0.2,1400,0.2,1
4,8,433,2,10,5,0,500,0.6,1000,0.2,1400,0.2,2
4,9,351,2,10,5,0,300,0.5,1700,0.5,0
4,10,862,2,10,5,0,500,0.6,1000,0.2,1400,0.2,0
4,11,164,2,10,5,0,300,0.5,1700,0.5,1
4,12,822,2,10,5,0,500,0.6,1000,0.2,1400,0.2,1
4,13,940,1,0,300,0.5,1700,0.5,1
4,14,291,2,10,5,0,500,0.6,1000,0.2,1400,0.2,2
5,0,788,0,0,500,0.6,1000,0.2,1400,0.2,1
5,1,704,2,10,5,0,300,0.5,1700,0.5,1
5,2,48,2,10,5,0,500,0.6,1000,0.2,1400,0.2,1
5,3,72,2,10,5,0,500,0.6,1000,0.2,1400,0.2,1
5,4,972,2,10,5,0,500,0.6,1000,0.2,1400,0.2,0
5,5,187,1,0,300,0.5,1700,0.5,0
5,6,258,0,0,500,0.6,1000,0.2,1400,0.2,2
5,7,198,2,10,5,0,300,0.5,1700,0.5,2
5,8,779,2,10,5,0,300,0.5,1700,0.5,0
5,9,322,1,0,300,0.5,1700,0.5,2
5,10,547,0,0,300,0.5,1700,0.5,1
5,11,764,2,10,5,0,300,0.5,1700,0.5,1
5,12,724,0,0,500,0.6,1000,0.2,1400,0.2,0
5,13,114,2,10,5,0,500,0.6,1000,0.2,1400,0.2,2
5,14,110,1,0,500,0.6,1000,0.2,1400,0.2,0
6,0,735,2,10,5,0,300,0.5,1700,0.5,0
6,1,43,2,10,5,0,300,0.5,1700,0.5,2
6,2,243,1,0,500,0.6,1000,0.2,1400,0.2,0
6,3,247,2,10,5,0,500,0.6,1000,0.2,1400,0.2,0
6,4,703,1,0,300,0.5,1700,0.5,1
6,5,808,2,10,5,0,500,0.6,1000,0.2,1400,0.2,0
6,6,53,0,0,300,0.5,1700,0.5,0
6,7,180,2,10,5,0,500,0.6,1000,0.2,1400,0.2,0
6,8,365,1,0,500,0.6,1000,0.2,1400,0.2,2
6,9,172,0,0,500,0.6,1000,0.2,1400,0.2,0
6,10,162,1,0,500,0.6,1000,0.2,1400,0.2,2
6,11,101,0,0,300,0.5,1700,0.5,2
6,12,685,2,10,5,0,500,0.6,1000,0.2,1400,0.2,1
6,13,639,1,0,300,0.5,1700,0.5,1
6,14,609,0,0,300,0.5,1700,0.5,0
7,0,524,2,10,5,0,500,0.6,1000,0.2,1400,0.2,2
7,1,925,1,0,500,0.6,1000,0.2,1400,0.2,1
7,2,389,0,0,500,0.6,1000,0.2,1400,0.2,2
7,3,755,0,0,500,0.6,1000,0.2,1400,0.2,2
7,4,324,0,0,500,0.6,1000,0.2,1400,0.2,2
7,5,274,2,10,5,0,500,0.6,1000,0.2,1400,0.2,1
7,6,540,0,0,300,0.5,1700,0.5,2
7,7,603,0,0,300,0.5,1700,0.5,1
7,8,248,2,10,5,0,300,0.5,1700,0.5,2
7,9,994,2,10,5,0,500,0.6,1000,0.2,1400,0.2,0
7,10,32,0,0,300,0.5,1700,0.5,0
7,11,860,2,10,5,0,300,0.5,1700,0.5,0
7,12,579,1,0,500,0.6,1000,0.2,1400,0.2,1
7,13,949,1,0,500,0.6,1000,0.2,1400,0.2,0
7,14,582,0,0,300,0.5,1700,0.5,2
8,0,969,1,0,300,0.5,1700,0.5,0
8,1,789,1,0,500,0.6,1000,0.2,1400,0.2,2
8,2,24,0,0,500,0.6,1000,0.2,1400,0.2,2
8,3,129,2,10,5,0,300,0.5,1700,0.5,2
8,4,62,2,10,5,0,500,0.6,1000,0.2,1400,0.2,2
8,5,559,0,0,300,0.5,1700,0.5,0
8,6,832,1,0,500,0.6,1000,0.2,1400,0.2,2
8,7,769,0,0,300,0.5,1700,0.5,2
8,8,802,2,10,5,0,500,0.6,1000,0.2,1400,0.2,0
8,9,143,1,0,500,0.6,1000,0.2,1400,0.2,1
8,10,197,0,0,300,0.5,1700,0.5,0
8,11,625,1,0,300,0.5,1700,0.5,1
8,12,855,1,0,500,0.6,1000,0.2,1400,0.2,1
8,13,379,1,0,300,0.5,1700,0.5,1
8,14,28,0,0,500,0.6,1000,0.2,1400,0.2,2
9,0,121,2,10,5,0,500,0.6,1000,0.2,1400,0.2,2
9,1,434,1,0,300,0.5,1700,0.5,2
9,2,703,2,10,5,0,500,0.6,1000,0.2,1400,0.2,0
9,3,250,2,10,5,0,500,0.6,1000,0.2,1400,0.2,2
9,4,388,2,10,5,0,300,0.5,1700,0.5,0
9,5,40,2,10,5,0,500,0.6,1000,0.2,1400,0.2,2
9,6,532,1,0,500,0.6,1000,0.2,1400,0.2,1
9,7,497,1,0,300,0.5,1700,0.5,0
9,8,444,2,10,5,0,300,0.5,1700,0.5,1
9,9,717,1,0,300,0.5,1700,0.5,1
9,10,262,1,0,300,0.5,1700,0.5,2
9,11,268,1,0,300,0.5,1700,0.5,2
9,12,625,2,10,5,0,300,0.5,1700,0.5,1
9,13,176,0,0,500,0.6,1000,0.2,1400,0.2,2
9,14,699,2,10,5,0,300,0.5,1700,0.5,0
10,0,126,1,0,500,0.6,1000,0.2,1400,0.2,2
10,1,791,2,10,5,0,300,0.5,1700,0.5,0
10,2,334,0,0,500,0.6,1000,0.2,1400,0.2,0
10,3,340,1,0,300,0.5,1700,0.5,2
10,4,806,2,10,5,0,500,0.6,1000,0.2,1400,0.2,2
10,5,519,2,10,5,0,500,0.6,1000,0.2,1400,0.2,0
10,6,455,2,10,5,0,500,0.6,1000,0.2,1400,0.2,1
10,7,249,1,0,300,0.5,1700,0.5,2
10,8,184,0,0,500,0.6,1000,0.2,1400,0.2,0
10,9,297,0,0,500,0.6,1000,0.2,1400,0.2,1
10,10,659,1,0,300,0.5,1700,0.5,1
10,11,613,1,0,500,0.6,1000,0.2,1400,0.2,2
10,12,877,1,0,500,0.6,1000,0.2,1400,0.2,1
10,13,144,0,0,500,0.6,1000,0.2,1400,0.2,0
10,14,253,1,0,300,0.5,1700,0.5,0
11,0,839,2,10,5,0,300,0.5,1700,0.5,1
11,1,410,2,10,5,0,500,0.6,1000,0.2,1400,0.2,2
11,2,871,1,0,300,0.5,1700,0.5,1
11,3,989,0,0,300,0.5,1700,0.5,1
11,4,598,2,10,5,0,500,0.6,1000,0.2,1400,0.2,0
11,5,236,0,0,300,0.5,1700,0.5,0
11,6,68,1,0,500,0.6,1000,0.2,1400,0.2,1
11,7,364,1,0,500,0.6,1000,0.2,1400,0.2,2
11,8,812,2,10,5,0,300,0.5,1700,0.5,1
11,9,301,0,0,500,0.6,1000,0.2,1400,0.2,1
11,10,49,1,0,500,0.6,1000,0.2,1400,0.2,2
11,11,725,1,0,500,0.6,1000,0.2,1400,0.2,1
11,12,925,0,0,500,0.6,1000,0.2,1400,0.2,1
11,13,851,2,10,5,0,300,0.5,1700,0.5,1
11,14,664,0,0,500,0.6,1000,0.2,1400,0.2,1
12,0,121,2,10,5,0,500,0.6,1000,0.2,1400,0.2,0
12,1,847,0,0,300,0.5,1700,0.5,2
12,2,777,1,0,300,0.5,1700,0.5,0
12,3,28,0,0,300,0.5,1700,0.5,2
12,4,287,2,10,5,0,500,0.6,1000,0.2,1400,0.2,0
12,5,306,1,0,300,0.5,1700,0.5,2
12,6,641,2,10,5,0,300,0.5,1700,0.5,0
12,7,806,0,0,500,0.6,1000,0.2,1400,0.2,2
12,8,507,0,0,300,0.5,1700,0.5,2
12,9,925,1,0,300,0.5,1700,0.5,1
12,10,423,1,0,300,0.5,1700,0.5,1
12,11,709,1,0,500,0.6,1000,0.2,1400,0.2,2
12,12,860,1,0,300,0.5,1700,0.5,2
12,13,404,0,0,500,0.6,1000,0.2,1400,0.2,0
12,14,54,2,10,5,0,300,0.5,1700,0.5,1
13,0,653,2,10,5,0,500,0.6,1000,0.2,1400,0.2,2
13,1,167,2,10,5,0,300,0.5,1700,0.5,2
13,2,926,0,0,500,0.6,1000,0.2,1400,0.2,2
13,3,780,1,0,500,0.6,1000,0.2,1400,0.2,2
13,4,383,1,0,500,0.6,1000,0.2,1400,0.2,0
13,5,439,0,0,300,0.5,1700,0.5,2
13,6,207,1,0,500,0.6,1000,0.2,1400,0.2,1
13,7,292,0,0,500,0.6,1000,0.2,1400,0.2,0
13,8,797,0,0,500,0.6,1000,0.2,1400,0.2,1
13,9,528,1,0,500,0.6,1000,0.2,1400,0.2,0
13,10,313,0,0,300,0.5,1700,0.5,1
13,11,666,1,0,300,0.5,1700,0.5,0
13,12,550,0,0,300,0.5,1700,0.5,2
13,13,786,0,0,500,0.6,1000,0.2,1400,0.2,0
13,14,574,2,10,5,0,500,0.6,1000,0.2,1400,0.2,0
14,0,299,0,0,300,0.5,1700,0.5,1
14,1,174,2,10,5,0,500,0.6,1000,0.2,1400,0.2,2
14,2,539,1,0,300,0.5,1700,0.5,0
14,3,210,0,0,300,0.5,1700,0.5,1
14,4,943,0,0,500,0.6,1000,0.2,1400,0.2,2
14,5,735,0,0,300,0.5,1700,0.5,0
14,6,799,1,0,300,0.5,1700,0.5,2
14,7,767,0,0,300,0.5,1700,0.5,1
14,8,749,1,0,500,0.6,1000,0.2,1400,0.2,0
14,9,228,1,0,500,0.6,1000,0.2,1400,0.2,1
14,10,351,0,0,500,0.6,1000,0.2,1400,0.2,1
14,11,429,0,0,300,0.5,1700,0.5,0
14,12,498,2,10,5,0,500,0.6,1000,0.2,1400,0.2,1
14,13,987,0,0,500,0.6,1000,0.2,1400,0.2,0
14,14,916,0,0,300,0.5,1700,0.5,2
