0,0,296,2,10,5,0,300,0.5,1700,0.5,1
0,1,889,0,0,300,0.5,1700,0.5,1
0,2,218,0,0,500,0.6,1000,0.2,1400,0.2,2
0,3,317,2,10,5,0,500,0.6,1000,0.2,1400,0.2,1
0,4,893,0,0,500,0.6,1000,0.2,1400,0.2,0
0,5,746,1,0,500,0.6,1000,0.2,1400,0.2,0
0,6,316,1,0,300,0.5,1700,0.5,0
0,7,252,1,0,500,0.6,1000,0.2,1400,0.2,2
0,8,40,1,0,500,0.6,1000,0.2,1400,0.2,1
0,9,701,1,0,300,0.5,1700,0.5,2
0,10,429,1,0,500,0.6,1000,0.2,1400,0.2,2
0,11,910,0,0,300,0.5,1700,0.5,1
0,12,147,2,10,5,0,500,0.6,1000,0.2,1400,0.2,0
0,13,896,1,0,500,0.6,1000,0.2,1400,0.2,2
0,14,510,1,0,300,0.5,1700,0.5,1
1,0,415,2,10,5,0,300,0.5,1700,0.5,0
1,1,769,2,10,5,0,300,0.5,1700,0.5,1
1,2,433,1,0,500,0.6,1000,0.2,1400,0.2,2
1,3,26,1,0,300,0.5,1700,0.5,1
1,4,655,2,10,5,0,300,0.5,1700,0.5,0
1,5,76,2,10,5,0,500,0.6,1000,0.2,1400,0.2,1
1,6,88,0,0,300,0.5,1700,0.5,1
1,7,516,0,0,500,0.6,1000,0.2,1400,0.2,0
1,8,516,0,0,500,0.6,1000,0.2,1400,0.2,0
1,9,162,2,10,5,0,500,0.6,1000,0.2,1400,0.2,2
1,10,148,0,0,300,0.5,1700,0.5,0
1,11,503,1,0,500,0.6,1000,0.2,1400,0.2,2
1,12,226,1,0,500,0.6,1000,0.2,1400,0.2,0
1,13,593,2,10,5,0,500,0.6,1000,0.2,1400,0.2,0
1,14,505,1,0,500,0.6,1000,0.2,1400,0.2,0
2,0,106,0,0,500,0.6,1000,0.2,1400,0.2,2
2,1,850,2,10,5,0,500,0.6,1000,0.2,1400,0.2,2
2,2,154,0,0,300,0.5,1700,0.5,1
2,3,774,0,0,500,0.6,1000,0.2,1400,0.2,0
2,4,351,2,10,5,0,500,0.6,1000,0.2,1400,0.2,2
2,5,297,2,10,5,0,500,0.6,1000,0.2,1400,0.2,1
2,6,59,2,10,5,0,500,0.6,1000,0.2,1400,0.2,0
2,7,436,0,0,300,0.5,1700,0.5,1
2,8,80,2,10,5,0,500,0.6,1000,0.2,1400,0.2,2
2,9,346,1,0,300,0.5,1700,0.5,2
2,10,256,1,0,300,0.5,1700,0.5,1
2,11,115,0,0,500,0.6,1000,0.2,1400,0.2,1
2,12,100,0,0,300,0.5,1700,0.5,0
2,13,353,0,0,500,0.6,1000,0.2,1400,0.2,2
2,14,409,1,0,500,0.6,1000,0.2,1400,0.2,1
3,0,899,2,10,5,0,500,0.6,1000,0.2,1400,0.2,0
3,1,421,2,10,5,0,300,0.5,1700,0.5,0
3,2,179,1,0,500,0.6,1000,0.2,1400,0.2,2
3,3,951,2,10,5,0,300,0.5,1700,0.5,0
3,4,126,0,0,300,0.5,1700,0.5,0
3,5,364,2,10,5,0,500,0.6,1000,0.2,1400,0.2,1
3,6,267,0,0,500,0.6,1000,0.2,1400,0.2,0
3,7,873,2,10,5,0,500,0.6,1000,0.2,1400,0.2,1
3,8,878,2,10,5,0,300,0.5,1700,0.5,1
3,9,186,2,10,5,0,300,0.5,1700,0.5,0
3,10,264,0,0,300,0.5,1700,0.5,0
3,11,875,0,0,300,0.5,1700,0.5,0
3,12,446,1,0,500,0.6,1000,0.2,1400,0.2,2
3,13,991,2,10,5,0,300,0.5,1700,0.5,1
3,14,693,2,10,5,0,500,0.6,1000,0.2,1400,0.2,2
4,0,923,1,0,300,0.5,1700,0.5,1
4,1,123,1,0,300,0.5,1700,0.5,2
4,2,204,1,0,300,0.5,1700,0.5,0
4,3,138,2,10,5,0,500,0.6,1000,0.2,1400,0.2,2
4,4,218,0,0,300,0.5,1700,0.5,2
4,5,923,2,10,5,0,500,0.6,1000,0.2,1400,0.2,1
4,6,143,0,0,500,0.6,1000,0.2,1400,0.2,2
4,7,538,0,0,500,0.6,1000,0.2,1400,0.2,0
4,8,936,1,0,300,0.5,1700,0.5,2
4,9,867,0,0,500,0.6,1000,0.2,1400,0.2,1
4,10,90,1,0,300,0.5,1700,0.5,2
4,11,166,0,0,300,0.5,1700,0.5,1
4,12,110,1,0,300,0.5,1700,0.5,0
4,13,659,2,10,5,0,300,0.5,1700,0.5,1
4,14,277,0,0,500,0.6,1000,0.2,1400,0.2,2
5,0,108,0,0,500,0.6,1000,0.2,1400,0.2,1
5,1,263,2,10,5,0,300,0.5,1700,0.5,2
5,2,988,2,10,5,0,300,0.5,1700,0.5,1
5,3,351,0,0,300,0.5,1700,0.5,1
5,4,492,2,10,5,0,500,0.6,1000,0.2,1400,0.2,0
5,5,620,2,10,5,0,500,0.6,1000,0.2,1400,0.2,2
5,6,279,1,0,300,0.5,1700,0.5,2
5,7,314,0,0,500,0.6,1000,0.2,1400,0.2,0
5,8,129,1,0,500,0.6,1000,0.2,1400,0.2,1
5,9,59,0,0,300,0.5,1700,0.5,2
5,10,894,0,0,300,0.5,1700,0.5,0
5,11,500,2,10,5,0,500,0.6,1000,0.2,1400,0.2,2
5,12,932,0,0,500,0.6,1000,0.2,1400,0.2,0
5,13,533,1,0,300,0.5,1700,0.5,0
5,14,656,1,0,500,0.6,1000,0.2,1400,0.2,1
6,0,636,0,0,300,0.5,1700,0.5,1
6,1,633,1,0,300,0.5,1700,0.5,0
6,2,217,1,0,500,0.6,1000,0.2,1400,0.2,0
6,3,760,1,0,300,0.5,1700,0.5,2
6,4,256,2,10,5,0,500,0.6,1000,0.2,1400,0.2,0
6,5,448,2,10,5,0,500,0.6,1000,0.2,1400,0.2,2
6,6,97,2,10,5,0,300,0.5,1700,0.5,0
6,7,185,0,0,500,0.6,1000,0.2,1400,0.2,2
6,8,925,0,0,300,0.5,1700,0.5,2
6,9,904,1,0,300,0.5,1700,0.5,0
6,10,368,1,0,300,0.5,1700,0.5,2
6,11,409,0,0,300,0.5,1700,0.5,1
6,12,737,1,0,500,0.6,1000,0.2,1400,0.2,1
6,13,217,1,0,300,0.5,1700,0.5,2
6,14,876,0,0,300,0.5,1700,0.5,0
7,0,382,1,0,300,0.5,1700,0.5,1
7,1,772,2,10,5,0,500,0.6,1000,0.2,1400,0.2,0
7,2,687,0,0,300,0.5,1700,0.5,1
7,3,455,2,10,5,0,500,0.6,1000,0.2,1400,0.2,1
7,4,393,2,10,5,0,300,0.5,1700,0.5,1
7,5,804,2,10,5,0,500,0.6,1000,0.2,1400,0.2,1
7,6,234,1,0,300,0.5,1700,0.5,0
7,7,305,0,0,500,0.6,1000,0.2,1400,0.2,1
7,8,177,2,10,5,0,300,0.5,1700,0.5,2
7,9,133,0,0,500,0.6,1000,0.2,1400,0.2,0
7,10,250,0,0,500,0.6,1000,0.2,1400,0.2,1
7,11,146,0,0,500,0.6,1000,0.2,1400,0.2,0
7,12,43,1,0,500,0.6,1000,0.2,1400,0.2,1
7,13,173,2,10,5,0,300,0.5,1700,0.5,1
7,14,588,0,0,300,0.5,1700,0.5,1
8,0,500,0,0,300,0.5,1700,0.5,1
8,1,659,0,0,500,0.6,1000,0.2,1400,0.2,1
8,2,423,0,0,500,0.6,1000,0.2,1400,0.2,2
8,3,439,0,0,500,0.6,1000,0.2,1400,0.2,1
8,4,798,0,0,300,0.5,1700,0.5,1
8,5,272,1,0,500,0.6,1000,0.2,1400,0.2,2
8,6,326,2,10,5,0,500,0.6,1000,0.2,1400,0.2,2
8,7,736,0,0,300,0.5,1700,0.5,0
8,8,416,0,0,300,0.5,1700,0.5,0
8,9,940,1,0,500,0.6,1000,0.2,1400,0.2,0
8,10,297,0,0,300,0.5,1700,0.5,2
8,11,741,0,0,500,0.6,1000,0.2,1400,0.2,2
8,12,350,0,0,500,0.6,1000,0.2,1400,0.2,2
8,13,808,0,0,300,0.5,1700,0.5,1
8,14,901,0,0,500,0.6,1000,0.2,1400,0.2,0
9,0,544,2,10,5,0,300,0.5,1700,0.5,1
9,1,824,0,0,500,0.6,1000,0.2,1400,0.2,1
9,2,328,1,0,500,0.6,1000,0.2,1400,0.2,2
9,3,203,0,0,300,0.5,1700,0.5,2
9,4,445,1,0,500,0.6,1000,0.2,1400,0.2,1
9,5,734,0,0,300,0.5,1700,0.5,0
9,6,184,0,0,300,0.5,1700,0.5,1
9,7,519,1,0,500,0.6,1000,0.2,1400,0.2,0
9,8,869,2,10,5,0,500,0.6,1000,0.2,1400,0.2,2
9,9,356,2,10,5,0,300,0.5,1700,0.5,2
9,10,838,0,0,500,0.6,1000,0.2,1400,0.2,2
9,11,231,2,10,5,0,300,0.5,1700,0.5,0
9,12,382,2,10,5,0,300,0.5,1700,0.5,2
9,13,835,1,0,500,0.6,1000,0.2,1400,0.2,1
9,14,577,0,0,300,0.5,1700,0.5,2
10,0,457,2,10,5,0,500,0.6,1000,0.2,1400,0.2,2
10,1,35,0,0,300,0.5,1700,0.5,2
10,2,689,0,0,300,0.5,1700,0.5,2
10,3,404,0,0,300,0.5,1700,0.5,2
10,4,660,0,0,300,0.5,1700,0.5,2
10,5,381,1,0,500,0.6,1000,0.2,1400,0.2,0
10,6,801,0,0,500,0.6,1000,0.2,1400,0.2,0
10,7,967,1,0,300,0.5,1700,0.5,1
10,8,393,1,0,300,0.5,1700,0.5,0
10,9,21,1,0,500,0.6,1000,0.2,1400,0.2,0
10,10,382,2,10,5,0,300,0.5,1700,0.5,2
10,11,767,2,10,5,0,500,0.6,1000,0.2,1400,0.2,2
10,12,481,0,0,300,0.5,1700,0.5,2
10,13,453,0,0,500,0.6,1000,0.2,1400,0.2,1
10,14,334,1,0,500,0.6,1000,0.2,1400,0.2,0
11,0,156,2,10,5,0,300,0.5,1700,0.5,1
11,1,592,2,10,5,0,500,0.6,1000,0.2,1400,0.2,1
11,2,62,1,0,300,0.5,1700,0.5,0
11,3,301,2,10,5,0,300,0.5,1700,0.5,0
11,4,391,0,0,300,0.5,1700,0.5,0
11,5,647,1,0,500,0.6,1000,0.2,1400,0.2,0
11,6,534,1,0,500,0.6,1000,0.2,1400,0.2,1
11,7,48,1,0,500,0.6,1000,0.2,1400,0.2,1
11,8,37,0,0,300,0.5,1700,0.5,2
11,9,414,2,10,5,0,500,0.6,1000,0.2,1400,0.2,1
11,10,46,2,10,5,0,300,0.5,1700,0.5,2
11,11,405,0,0,500,0.6,1000,0.2,1400,0.2,0
11,12,214,1,0,300,0.5,1700,0.5,1
11,13,602,0,0,300,0.5,1700,0.5,2
11,14,749,0,0,500,0.6,1000,0.2,1400,0.2,1
12,0,512,0,0,500,0.6,1000,0.2,1400,0.2,1
12,1,243,2,10,5,0,500,0.6,1000,0.2,1400,0.2,1
12,2,314,2,10,5,0,300,0.5,1700,0.5,2
12,3,910,1,0,500,0.6,1000,0.2,1400,0.2,2
12,4,990,0,0,500,0.6,1000,0.2,1400,0.2,0
12,5,930,0,0,500,0.6,1000,0.2,1400,0.2,2
12,6,457,0,0,300,0.5,1700,0.5,0
12,7,955,2,10,5,0,300,0.5,1700,0.5,1
12,8,388,2,10,5,0,300,0.5,1700,0.5,2
12,9,841,1,0,500,0.6,1000,0.2,1400,0.2,1
12,10,906,1,0,500,0.6,1000,0.2,1400,0.2,2
12,11,486,0,0,500,0.6,1000,0.2,1400,0.2,0
12,12,782,2,10,5,0,300,0.5,1700,0.5,1
12,13,992,1,0,500,0.6,1000,0.2,1400,0.2,1
12,14,343,1,0,300,0.5,1700,0.5,1
13,0,577,0,0,500,0.6,1000,0.2,1400,0.2,2
13,1,354,2,10,5,0,500,0.6,1000,0.2,1400,0.2,2
13,2,364,2,10,5,0,500,0.6,1000,0.2,1400,0.2,0
13,3,508,1,0,500,0.6,1000,0.2,1400,0.2,1
13,4,500,2,10,5,0,500,0.6,1000,0.2,1400,0.2,0
13,5,980,1,0,500,0.6,1000,0.2,1400,0.2,0
13,6,340,1,0,300,0.5,1700,0.5,2
13,7,646,2,10,5,0,500,0.6,1000,0.2,1400,0.2,2
13,8,42,0,0,300,0.5,1700,0.5,0
13,9,523,2,10,5,0,300,0.5,1700,0.5,0
13,10,50,2,10,5,0,300,0.5,1700,0.5,0
13,11,634,2,10,5,0,500,0.6,1000,0.2,1400,0.2,0
13,12,507,1,0,500,0.6,1000,0.2,1400,0.2,1
13,13,275,0,0,300,0.5,1700,0.5,2
13,14,217,0,0,300,0.5,1700,0.5,1
14,0,469,0,0,300,0.5,1700,0.5,1
14,1,276,0,0,300,0.5,1700,0.5,2
14,2,366,2,10,5,0,300,0.5,1700,0.5,0
14,3,163,2,10,5,0,300,0.5,1700,0.5,0
14,4,78,1,0,500,0.6,1000,0.2,1400,0.2,2
14,5,390,0,0,300,0.5,1700,0.5,1
14,6,474,1,0,300,0.5,1700,0.5,0
14,7,492,2,10,5,0,500,0.6,1000,0.2,1400,0.2,2
14,8,579,1,0,500,0.6,1000,0.2,1400,0.2,1
14,9,42,2,10,5,0,500,0.6,1000,0.2,1400,0.2,2
14,10,804,2,10,5,0,300,0.5,1700,0.5,2
14,11,138,1,0,300,0.5,1700,0.5,0
14,12,368,0,0,300,0.5,1700,0.5,2
14,13,772,0,0,500,0.6,1000,0.2,1400,0.2,0
14,14,880,1,0,500,0.6,1000,0.2,1400,0.2,2
