0,0,83,1,0,300,0.5,1700,0.5,0
0,1,435,0,0,300,0.5,1700,0.5,2
0,2,595,0,0,500,0.6,1000,0.2,1400,0.2,0
0,3,820,1,0,300,0.5,1700,0.5,0
0,4,995,1,0,300,0.5,1700,0.5,2
0,5,621,0,0,300,0.5,1700,0.5,2
0,6,877,0,0,300,0.5,1700,0.5,2
0,7,962,0,0,500,0.6,1000,0.2,1400,0.2,1
0,8,861,2,10,5,0,500,0.6,1000,0.2,1400,0.2,0
0,9,632,0,0,500,0.6,1000,0.2,1400,0.2,0
0,10,423,2,10,5,0,300,0.5,1700,0.5,1
0,11,16,2,10,5,0,300,0.5,1700,0.5,2
0,12,612,0,0,300,0.5,1700,0.5,1
0,13,875,1,0,500,0.6,1000,0.2,1400,0.2,1
0,14,526,2,10,5,0,500,0.6,1000,0.2,1400,0.2,2
1,0,78,1,0,500,0.6,1000,0.2,1400,0.2,0
1,1,249,2,10,5,0,300,0.5,1700,0.5,0
1,2,680,1,0,500,0.6,1000,0.2,1400,0.2,2
1,3,752,2,10,5,0,300,0.5,1700,0.5,2
1,4,289,0,0,500,0.6,1000,0.2,1400,0.2,1
1,5,751,1,0,300,0.5,1700,0.5,0
1,6,207,2,10,5,0,300,0.5,1700,0.5,2
1,7,72,2,10,5,0,300,0.5,1700,0.5,2
1,8,249,0,0,500,0.6,1000,0.2,1400,0.2,2
1,9,433,1,0,300,0.5,1700,0.5,1
1,10,827,0,0,300,0.5,1700,0.5,0
1,11,81,0,0,500,0.6,1000,0.2,1400,0.2,1
1,12,227,0,0,300,0.5,1700,0.5,0
1,13,348,0,0,300,0.5,1700,0.5,0
1,14,672,2,10,5,0,500,0.6,1000,0.2,1400,0.2,2
2,0,774,0,0,300,0.5,1700,0.5,2
2,1,720,2,10,5,0,300,0.5,1700,0.5,0
2,2,461,1,0,500,0.6,1000,0.2,1400,0.2,0
2,3,838,1,0,300,0.5,1700,0.5,0
2,4,505,2,10,5,0,500,0.6,1000,0.2,1400,0.2,1
2,5,240,1,0,500,0.6,1000,0.2,1400,0.2,2
2,6,50,0,0,300,0.5,1700,0.5,0
2,7,321,2,10,5,0,300,0.5,1700,0.5,1
2,8,595,0,0,500,0.6,1000,0.2,1400,0.2,2
2,9,907,2,10,5,0,300,0.5,1700,0.5,0
2,10,590,2,10,5,0,300,0.5,1700,0.5,1
2,11,965,0,0,500,0.6,1000,0.2,1400,0.2,1
2,12,859,0,0,300,0.5,1700,0.5,0
2,13,974,1,0,300,0.5,1700,0.5,2
2,14,122,0,0,300,0.5,1700,0.5,2
3,0,891,1,0,300,0.5,1700,0.5,2
3,1,173,2,10,5,0,500,0.6,1000,0.2,1400,0.2,0
3,2,430,0,0,500,0.6,1000,0.2,1400,0.2,0
3,3,928,2,10,5,0,300,0.5,1700,0.5,0
3,4,189,0,0,500,0.6,1000,0.2,1400,0.2,1
3,5,496,1,0,500,0.6,1000,0.2,1400,0.2,0
3,6,426,1,0,300,0.5,1700,0.5,0
3,7,488,2,10,5,0,500,0.6,1000,0.2,1400,0.2,2
3,8,784,2,10,5,0,300,0.5,1700,0.5,1
3,9,898,2,10,5,0,300,0.5,1700,0.5,1
3,10,600,2,10,5,0,500,0.6,1000,0.2,1400,0.2,0
3,11,812,2,10,5,0,300,0.5,1700,0.5,1
3,12,363,2,10,5,0,300,0.5,1700,0.5,2
3,13,266,0,0,300,0.5,1700,0.5,1
3,14,554,1,0,300,0.5,1700,0.5,1
4,0,894,0,0,500,0.6,1000,0.2,1400,0.2,2
4,1,522,1,0,500,0.6,1000,0.2,1400,0.2,0
4,2,311,2,10,5,0,500,0.6,1000,0.2,1400,0.2,1
4,3,383,2,10,5,0,500,0.6,1000,0.2,1400,0.2,0
4,4,669,1,0,300,0.5,1700,0.5,1
4,5,688,2,10,5,0,300,0.5,1700,0.5,0
4,6,61,1,0,500,0.6,1000,0.2,1400,0.2,1
4,7,687,2,10,5,0,500,0.6,1000,0.2,1400,0.2,2
4,8,171,2,10,5,0,300,0.5,1700,0.5,2
4,9,222,1,0,300,0.5,1700,0.5,2
4,10,480,1,0,300,0.5,1700,0.5,1
4,11,364,2,10,5,0,500,0.6,1000,0.2,1400,0.2,1
4,12,737,2,10,5,0,300,0.5,1700,0.5,0
4,13,676,0,0,500,0.6,1000,0.2,1400,0.2,2
4,14,536,1,0,500,0.6,1000,0.2,1400,0.2,2
5,0,439,0,0,500,0.6,1000,0.2,1400,0.2,1
5,1,87,1,0,500,0.6,1000,0.2,1400,0.2,2
5,2,80,1,0,500,0.6,1000,0.2,1400,0.2,2
5,3,252,2,10,5,0,300,0.5,1700,0.5,1
5,4,34,0,0,500,0.6,1000,0.2,1400,0.2,1
5,5,41,0,0,500,0.6,1000,0.2,1400,0.2,1
5,6,719,1,0,500,0.6,1000,0.2,1400,0.2,0
5,7,960,1,0,300,0.5,1700,0.5,0
5,8,106,0,0,500,0.6,1000,0.2,1400,0.2,0
5,9,983,2,10,5,0,300,0.5,1700,0.5,1
5,10,942,2,10,5,0,300,0.5,1700,0.5,1
5,11,931,1,0,500,0.6,1000,0.2,1400,0.2,0
5,12,136,1,0,500,0.6,1000,0.2,1400,0.2,1
5,13,390,2,10,5,0,500,0.6,1000,0.2,1400,0.2,2
5,14,894,0,0,500,0.6,1000,0.2,1400,0.2,0
6,0,791,2,10,5,0,500,0.6,1000,0.2,1400,0.2,0
6,1,321,0,0,300,0.5,1700,0.5,0
6,2,381,0,0,300,0.5,1700,0.5,0
6,3,554,0,0,500,0.6,1000,0.2,1400,0.2,2
6,4,632,1,0,300,0.5,1700,0.5,2
6,5,296,1,0,500,0.6,1000,0.2,1400,0.2,2
6,6,239,1,0,300,0.5,1700,0.5,2
6,7,207,0,0,300,0.5,1700,0.5,0
6,8,872,2,10,5,0,500,0.6,1000,0.2,1400,0.2,0
6,9,857,0,0,300,0.5,1700,0.5,1
6,10,700,1,0,500,0.6,1000,0.2,1400,0.2,0
6,11,549,2,10,5,0,500,0.6,1000,0.2,1400,0.2,2
6,12,101,2,10,5,0,300,0.5,1700,0.5,0
6,13,194,2,10,5,0,500,0.6,1000,0.2,1400,0.2,2
6,14,965,0,0,500,0.6,1000,0.2,1400,0.2,1
7,0,26,1,0,500,0.6,1000,0.2,1400,0.2,2
7,1,196,2,10,5,0,500,0.6,1000,0.2,1400,0.2,0
7,2,231,0,0,500,0.6,1000,0.2,1400,0.2,1
7,3,424,2,10,5,0,300,0.5,1700,0.5,1
7,4,454,1,0,300,0.5,1700,0.5,0
7,5,97,0,0,500,0.6,1000,0.2,1400,0.2,2
7,6,541,0,0,500,0.6,1000,0.2,1400,0.2,2
7,7,508,0,0,500,0.6,1000,0.2,1400,0.2,1
7,8,825,2,10,5,0,300,0.5,1700,0.5,2
7,9,420,0,0,300,0.5,1700,0.5,1
7,10,240,0,0,300,0.5,1700,0.5,2
7,11,40,0,0,300,0.5,1700,0.5,0
7,12,233,0,0,500,0.6,1000,0.2,1400,0.2,0
7,13,260,1,0,300,0.5,1700,0.5,0
7,14,75,0,0,300,0.5,1700,0.5,2
8,0,851,1,0,500,0.6,1000,0.2,1400,0.2,0
8,1,922,0,0,300,0.5,1700,0.5,1
8,2,883,2,10,5,0,500,0.6,1000,0.2,1400,0.2,1
8,3,622,2,10,5,0,300,0.5,1700,0.5,0
8,4,360,1,0,300,0.5,1700,0.5,2
8,5,685,2,10,5,0,500,0.6,1000,0.2,1400,0.2,2
8,6,569,2,10,5,0,500,0.6,1000,0.2,1400,0.2,2
8,7,867,1,0,300,0.5,1700,0.5,0
8,8,991,2,10,5,0,500,0.6,1000,0.2,1400,0.2,1
8,9,530,2,10,5,0,500,0.6,1000,0.2,1400,0.2,1
8,10,133,2,10,5,0,500,0.6,1000,0.2,1400,0.2,2
8,11,234,0,0,300,0.5,1700,0.5,2
8,12,376,0,0,300,0.5,1700,0.5,2
8,13,549,1,0,300,0.5,1700,0.5,2
8,14,247,1,0,300,0.5,1700,0.5,0
9,0,929,0,0,500,0.6,1000,0.2,1400,0.2,0
9,1,733,2,10,5,0,500,0.6,1000,0.2,1400,0.2,1
9,2,970,2,10,5,0,300,0.5,1700,0.5,0
9,3,283,0,0,300,0.5,1700,0.5,0
9,4,103,0,0,300,0.5,1700,0.5,0
9,5,148,0,0,500,0.6,1000,0.2,1400,0.2,2
9,6,188,0,0,300,0.5,1700,0.5,1
9,7,699,1,0,500,0.6,1000,0.2,1400,0.2,1
9,8,438,2,10,5,0,500,0.6,1000,0.2,1400,0.2,0
9,9,901,2,10,5,0,500,0.6,1000,0.2,1400,0.2,2
9,10,956,0,0,300,0.5,1700,0.5,1
9,11,119,0,0,500,0.6,1000,0.2,1400,0.2,0
9,12,615,0,0,500,0.6,1000,0.2,1400,0.2,0
9,13,644,1,0,300,0.5,1700,0.5,1
9,14,997,2,10,5,0,500,0.6,1000,0.2,1400,0.2,2
10,0,296,2,10,5,0,300,0.5,1700,0.5,1
10,1,791,2,10,5,0,300,0.5,1700,0.5,0
10,2,307,0,0,500,0.6,1000,0.2,1400,0.2,2
10,3,487,2,10,5,0,300,0.5,1700,0.5,2
10,4,203,2,10,5,0,500,0.6,1000,0.2,1400,0.2,2
10,5,304,0,0,300,0.5,1700,0.5,1
10,6,908,0,0,300,0.5,1700,0.5,2
10,7,360,0,0,300,0.5,1700,0.5,2
10,8,464,1,0,500,0.6,1000,0.2,1400,0.2,1
10,9,892,2,10,5,0,500,0.6,1000,0.2,1400,0.2,1
10,10,805,1,0,500,0.6,1000,0.2,1400,0.2,2
10,11,284,2,10,5,0,500,0.6,1000,0.2,1400,0.2,0
10,12,981,0,0,500,0.6,1000,0.2,1400,0.2,2
10,13,687,1,0,300,0.5,1700,0.5,1
10,14,864,2,10,5,0,300,0.5,1700,0.5,0
11,0,711,1,0,500,0.6,1000,0.2,1400,0.2,0
11,1,132,0,0,500,0.6,1000,0.2,1400,0.2,0
11,2,596,2,10,5,0,500,0.6,1000,0.2,1400,0.2,1
11,3,606,2,10,5,0,500,0.6,1000,0.2,1400,0.2,2
11,4,451,0,0,300,0.5,1700,0.5,2
11,5,372,2,10,5,0,500,0.6,1000,0.2,1400,0.2,2
11,6,407,2,10,5,0,500,0.6,1000,0.2,1400,0.2,0
11,7,464,1,0,500,0.6,1000,0.2,1400,0.2,2
11,8,81,1,0,500,0.6,1000,0.2,1400,0.2,1
11,9,207,2,10,5,0,500,0.6,1000,0.2,1400,0.2,1
11,10,466,1,0,500,0.6,1000,0.2,1400,0.2,2
11,11,996,1,0,300,0.5,1700,0.5,0
11,12,591,0,0,500,0.6,1000,0.2,1400,0.2,1
11,13,752,1,0,500,0.6,1000,0.2,1400,0.2,2
11,14,883,0,0,500,0.6,1000,0.2,1400,0.2,0
12,0,960,2,10,5,0,500,0.6,1000,0.2,1400,0.2,0
12,1,793,0,0,300,0.5,1700,0.5,0
12,2,328,1,0,300,0.5,1700,0.5,0
12,3,796,2,10,5,0,500,0.6,1000,0.2,1400,0.2,1
12,4,404,0,0,500,0.6,1000,0.2,1400,0.2,1
12,5,852,1,0,300,0.5,1700,0.5,0
12,6,575,1,0,500,0.6,1000,0.2,1400,0.2,0
12,7,355,1,0,500,0.6,1000,0.2,1400,0.2,2
12,8,452,2,10,5,0,500,0.6,1000,0.2,1400,0.2,2
12,9,962,2,10,5,0,500,0.6,1000,0.2,1400,0.2,1
12,10,249,2,10,5,0,500,0.6,1000,0.2,1400,0.2,0
12,11,629,2,10,5,0,500,0.6,1000,0.2,1400,0.2,1
12,12,332,0,0,300,0.5,1700,0.5,1
12,13,109,1,0,500,0.6,1000,0.2,1400,0.2,2
12,14,646,1,0,300,0.5,1700,0.5,2
13,0,313,2,10,5,0,500,0.6,1000,0.2,1400,0.2,1
13,1,51,2,10,5,0,500,0.6,1000,0.2,1400,0.2,0
13,2,115,0,0,300,0.5,1700,0.5,2
13,3,801,1,0,500,0.6,1000,0.2,1400,0.2,1
13,4,217,1,0,500,0.6,1000,0.2,1400,0.2,1
13,5,628,0,0,500,0.6,1000,0.2,1400,0.2,0
13,6,617,0,0,500,0.6,1000,0.2,1400,0.2,0
13,7,141,0,0,500,0.6,1000,0.2,1400,0.2,1
13,8,727,1,0,500,0.6,1000,0.2,1400,0.2,2
13,9,506,1,0,500,0.6,1000,0.2,1400,0.2,1
13,10,349,2,10,5,0,300,0.5,1700,0.5,2
13,11,75,2,10,5,0,300,0.5,1700,0.5,2
13,12,876,2,10,5,0,300,0.5,1700,0.5,1
13,13,577,0,0,300,0.5,1700,0.5,1
13,14,923,1,0,500,0.6,1000,0.2,1400,0.2,1
14,0,746,1,0,300,0.5,1700,0.5,0
14,1,565,2,10,5,0,500,0.6,1000,0.2,1400,0.2,2
14,2,677,1,0,300,0.5,1700,0.5,0
14,3,542,1,0,500,0.6,1000,0.2,1400,0.2,2
14,4,432,0,0,500,0.6,1000,0.2,1400,0.2,1
14,5,978,2,10,5,0,500,0.6,1000,0.2,1400,0.2,2
14,6,815,1,0,300,0.5,1700,0.5,2
14,7,523,1,0,500,0.6,1000,0.2,1400,0.2,2
14,8,409,1,0,300,0.5,1700,0.5,0
14,9,530,0,0,300,0.5,1700,0.5,0
14,10,711,2,10,5,0,300,0.5,1700,0.5,2
14,11,662,1,0,500,0.6,1000,0.2,1400,0.2,2
14,12,586,1,0,500,0.6,1000,0.2,1400,0.2,2
14,13,429,2,10,5,0,300,0.5,1700,0.5,2
14,14,284,1,0,300,0.5,1700,0.5,2
