0,0,320,2,10,5,0,300,0.5,1700,0.5,2
0,1,534,1,0,300,0.5,1700,0.5,1
0,2,190,2,10,5,0,500,0.6,1000,0.2,1400,0.2,0
0,3,303,1,0,300,0.5,1700,0.5,2
0,4,844,2,10,5,0,300,0.5,1700,0.5,0
0,5,115,1,0,300,0.5,1700,0.5,1
0,6,404,1,0,500,0.6,1000,0.2,1400,0.2,0
0,7,990,1,0,500,0.6,1000,0.2,1400,0.2,1
0,8,233,2,10,5,0,500,0.6,1000,0.2,1400,0.2,1
0,9,155,1,0,500,0.6,1000,0.2,1400,0.2,0
0,10,212,2,10,5,0,300,0.5,1700,0.5,1
0,11,123,1,0,300,0.5,1700,0.5,2
0,12,896,2,10,5,0,300,0.5,1700,0.5,0
0,13,83,2,10,5,0,500,0.6,1000,0.2,1400,0.2,2
0,14,602,0,0,500,0.6,1000,0.2,1400,0.2,1
1,0,181,2,10,5,0,300,0.5,1700,0.5,2
1,1,950,2,10,5,0,300,0.5,1700,0.5,1
1,2,798,1,0,500,0.6,1000,0.2,1400,0.2,2
1,3,618,1,0,300,0.5,1700,0.5,1
1,4,295,0,0,300,0.5,1700,0.5,0
1,5,940,2,10,5,0,300,0.5,1700,0.5,2
1,6,470,0,0,300,0.5,1700,0.5,1
1,7,358,2,10,5,0,500,0.6,1000,0.2,1400,0.2,0
1,8,544,2,10,5,0,300,0.5,1700,0.5,0
1,9,132,2,10,5,0,300,0.5,1700,0.5,1
1,10,723,1,0,300,0.5,1700,0.5,0
1,11,324,2,10,5,0,500,0.6,1000,0.2,1400,0.2,1
1,12,880,0,0,300,0.5,1700,0.5,0
1,13,343,0,0,300,0.5,1700,0.5,2
1,14,517,2,10,5,0,500,0.6,1000,0.2,1400,0.2,1
2,0,170,2,10,5,0,300,0.5,1700,0.5,0
2,1,60,1,0,300,0.5,1700,0.5,0
2,2,336,2,10,5,0,500,0.6,1000,0.2,1400,0.2,2
2,3,53,2,10,5,0,500,0.6,1000,0.2,1400,0.2,1
2,4,224,2,10,5,0,500,0.6,1000,0.2,1400,0.2,2
2,5,161,2,10,5,0,500,0.6,1000,0.2,1400,0.2,2
2,6,545,1,0,500,0.6,1000,0.2,1400,0.2,2
2,7,724,0,0,500,0.6,1000,0.2,1400,0.2,1
2,8,861,0,0,300,0.5,1700,0.5,2
2,9,521,1,0,500,0.6,1000,0.2,1400,0.2,0
2,10,587,0,0,500,0.6,1000,0.2,1400,0.2,1
2,11,700,2,10,5,0,500,0.6,1000,0.2,1400,0.2,2
2,12,202,2,10,5,0,300,0.5,1700,0.5,2
2,13,457,1,0,500,0.6,1000,0.2,1400,0.2,0
2,14,691,0,0,500,0.6,1000,0.2,1400,0.2,0
3,0,905,1,0,300,0.5,1700,0.5,0
3,1,621,0,0,300,0.5,1700,0.5,2
3,2,58,1,0,300,0.5,1700,0.5,1
3,3,498,0,0,500,0.6,1000,0.2,1400,0.2,2
3,4,735,0,0,300,0.5,1700,0.5,0
3,5,621,0,0,500,0.6,1000,0.2,1400,0.2,1
3,6,920,2,10,5,0,500,0.6,1000,0.2,1400,0.2,1
3,7,137,1,0,500,0.6,1000,0.2,1400,0.2,0
3,8,772,1,0,300,0.5,1700,0.5,1
3,9,623,0,0,500,0.6,1000,0.2,1400,0.2,1
3,10,118,0,0,500,0.6,1000,0.2,1400,0.2,1
3,11,859,1,0,300,0.5,1700,0.5,2
3,12,788,1,0,300,0.5,1700,0.5,1
3,13,578,1,0,300,0.5,1700,0.5,0
3,14,323,1,0,500,0.6,1000,0.2,1400,0.2,2
4,0,570,0,0,300,0.5,1700,0.5,2
4,1,134,1,0,500,0.6,1000,0.2,1400,0.2,2
4,2,624,0,0,500,0.6,1000,0.2,1400,0.2,1
4,3,756,2,10,5,0,300,0.5,1700,0.5,0
4,4,619,0,0,500,0.6,1000,0.2,1400,0.2,0
4,5,350,1,0,300,0.5,1700,0.5,2
4,6,389,2,10,5,0,500,0.6,1000,0.2,1400,0.2,1
4,7,927,2,10,5,0,300,0.5,1700,0.5,0
4,8,15,0,0,500,0.6,1000,0.2,1400,0.2,2
4,9,700,1,0,500,0.6,1000,0.2,1400,0.2,0
4,10,741,2,10,5,0,300,0.5,1700,0.5,1
4,11,523,0,0,500,0.6,1000,0.2,1400,0.2,0
4,12,891,0,0,500,0.6,1000,0.2,1400,0.2,2
4,13,591,2,10,5,0,300,0.5,1700,0.5,2
4,14,300,0,0,300,0.5,1700,0.5,2
5,0,83,1,0,500,0.6,1000,0.2,1400,0.2,0
5,1,576,0,0,500,0.6,1000,0.2,1400,0.2,1
5,2,545,1,0,500,0.6,1000,0.2,1400,0.2,0
5,3,550,1,0,300,0.5,1700,0.5,2
5,4,498,0,0,300,0.5,1700,0.5,1
5,5,671,1,0,300,0.5,1700,0.5,1
5,6,119,2,10,5,0,300,0.5,1700,0.5,1
5,7,30,1,0,300,0.5,1700,0.5,0
5,8,403,2,10,5,0,300,0.5,1700,0.5,1
5,9,479,0,0,500,0.6,1000,0.2,1400,0.2,0
5,10,74,1,0,500,0.6,1000,0.2,1400,0.2,1
5,11,610,0,0,500,0.6,1000,0.2,1400,0.2,1
5,12,399,2,10,5,0,500,0.6,1000,0.2,1400,0.2,2
5,13,474,1,0,500,0.6,1000,0.2,1400,0.2,0
5,14,572,1,0,300,0.5,1700,0.5,0
6,0,660,2,10,5,0,500,0.6,1000,0.2,1400,0.2,1
6,1,172,2,10,5,0,500,0.6,1000,0.2,1400,0.2,0
6,2,64,0,0,300,0.5,1700,0.5,0
6,3,695,0,0,300,0.5,1700,0.5,2
6,4,348,0,0,500,0.6,1000,0.2,1400,0.2,0
6,5,417,2,10,5,0,300,0.5,1700,0.5,2
6,6,319,1,0,300,0.5,1700,0.5,0
6,7,911,1,0,300,0.5,1700,0.5,0
6,8,334,0,0,500,0.6,1000,0.2,1400,0.2,1
6,9,160,0,0,300,0.5,1700,0.5,1
6,10,92,0,0,500,0.6,1000,0.2,1400,0.2,2
6,11,352,0,0,300,0.5,1700,0.5,0
6,12,203,0,0,500,0.6,1000,0.2,1400,0.2,2
6,13,546,0,0,500,0.6,1000,0.2,1400,0.2,0
6,14,172,2,10,5,0,500,0.6,1000,0.2,1400,0.2,2
7,0,739,0,0,500,0.6,1000,0.2,1400,0.2,1
7,1,172,1,0,300,0.5,1700,0.5,2
7,2,439,1,0,500,0.6,1000,0.2,1400,0.2,2
7,3,617,1,0,300,0.5,1700,0.5,0
7,4,740,1,0,300,0.5,1700,0.5,0
7,5,967,1,0,300,0.5,1700,0.5,1
7,6,998,1,0,300,0.5,1700,0.5,2
7,7,25,2,10,5,0,500,0.6,1000,0.2,1400,0.2,2
7,8,814,0,0,300,0.5,1700,0.5,2
7,9,657,0,0,500,0.6,1000,0.2,1400,0.2,0
7,10,712,2,10,5,0,300,0.5,1700,0.5,2
7,11,195,2,10,5,0,300,0.5,1700,0.5,1
7,12,200,2,10,5,0,500,0.6,1000,0.2,1400,0.2,2
7,13,391,1,0,500,0.6,1000,0.2,1400,0.2,0
7,14,318,2,10,5,0,300,0.5,1700,0.5,0
8,0,544,0,0,500,0.6,1000,0.2,1400,0.2,0
8,1,537,1,0,300,0.5,1700,0.5,0
8,2,160,2,10,5,0,300,0.5,1700,0.5,0
8,3,482,0,0,300,0.5,1700,0.5,0
8,4,569,2,10,5,0,500,0.6,1000,0.2,1400,0.2,2
8,5,53,1,0,500,0.6,1000,0.2,1400,0.2,2
8,6,475,1,0,300,0.5,1700,0.5,0
8,7,987,1,0,500,0.6,1000,0.2,1400,0.2,1
8,8,899,1,0,300,0.5,1700,0.5,1
8,9,375,1,0,300,0.5,1700,0.5,2
8,10,596,1,0,500,0.6,1000,0.2,1400,0.2,0
8,11,347,0,0,500,0.6,1000,0.2,1400,0.2,2
8,12,919,0,0,300,0.5,1700,0.5,2
8,13,178,2,10,5,0,500,0.6,1000,0.2,1400,0.2,2
8,14,825,1,0,500,0.6,1000,0.2,1400,0.2,0
9,0,319,1,0,300,0.5,1700,0.5,0
9,1,388,0,0,500,0.6,1000,0.2,1400,0.2,0
9,2,133,0,0,300,0.5,1700,0.5,0
9,3,499,1,0,500,0.6,1000,0.2,1400,0.2,2
9,4,820,0,0,300,0.5,1700,0.5,1
9,5,713,2,10,5,0,500,0.6,1000,0.2,1400,0.2,1
9,6,954,1,0,500,0.6,1000,0.2,1400,0.2,2
9,7,621,2,10,5,0,300,0.5,1700,0.5,1
9,8,521,1,0,500,0.6,1000,0.2,1400,0.2,2
9,9,920,0,0,500,0.6,1000,0.2,1400,0.2,1
9,10,939,2,10,5,0,300,0.5,1700,0.5,1
9,11,647,0,0,300,0.5,1700,0.5,2
9,12,364,1,0,500,0.6,1000,0.2,1400,0.2,0
9,13,870,2,10,5,0,500,0.6,1000,0.2,1400,0.2,2
9,14,653,0,0,500,0.6,1000,0.2,1400,0.2,1
10,0,417,1,0,500,0.6,1000,0.2,1400,0.2,0
10,1,481,1,0,300,0.5,1700,0.5,2
10,2,538,1,0,300,0.5,1700,0.5,0
10,3,176,2,10,5,0,300,0.5,1700,0.5,2
10,4,79,0,0,500,0.6,1000,0.2,1400,0.2,0
10,5,979,1,0,300,0.5,1700,0.5,2
10,6,623,2,10,5,0,500,0.6,1000,0.2,1400,0.2,2
10,7,226,2,10,5,0,500,0.6,1000,0.2,1400,0.2,1
10,8,654,2,10,5,0,300,0.5,1700,0.5,1
10,9,662,1,0,300,0.5,1700,0.5,2
10,10,265,1,0,500,0.6,1000,0.2,1400,0.2,2
10,11,404,1,0,300,0.5,1700,0.5,1
10,12,761,1,0,300,0.5,1700,0.5,0
10,13,556,2,10,5,0,500,0.6,1000,0.2,1400,0.2,2
10,14,729,1,0,500,0.6,1000,0.2,1400,0.2,0
11,0,250,1,0,300,0.5,1700,0.5,0
11,1,962,2,10,5,0,300,0.5,1700,0.5,1
11,2,453,2,10,5,0,300,0.5,1700,0.5,2
11,3,511,1,0,300,0.5,1700,0.5,0
11,4,810,2,10,5,0,500,0.6,1000,0.2,1400,0.2,2
11,5,573,1,0,300,0.5,1700,0.5,0
11,6,319,1,0,500,0.6,1000,0.2,1400,0.2,2
11,7,277,2,10,5,0,500,0.6,1000,0.2,1400,0.2,0
11,8,300,2,10,5,0,500,0.6,1000,0.2,1400,0.2,1
11,9,426,0,0,500,0.6,1000,0.2,1400,0.2,0
11,10,687,0,0,500,0.6,1000,0.2,1400,0.2,1
11,11,306,1,0,300,0.5,1700,0.5,0
11,12,246,2,10,5,0,300,0.5,1700,0.5,2
11,13,653,2,10,5,0,500,0.6,1000,0.2,1400,0.2,1
11,14,750,2,10,5,0,500,0.6,1000,0.2,1400,0.2,1
12,0,634,0,0,300,0.5,1700,0.5,2
12,1,203,2,10,5,0,500,0.6,1000,0.2,1400,0.2,1
12,2,155,1,0,300,0.5,1700,0.5,2
12,3,11,0,0,300,0.5,1700,0.5,2
12,4,245,0,0,500,0.6,1000,0.2,1400,0.2,0
12,5,679,0,0,500,0.6,1000,0.2,1400,0.2,1
12,6,902,1,0,500,0.6,1000,0.2,1400,0.2,0
12,7,858,1,0,500,0.6,1000,0.2,1400,0.2,0
12,8,775,1,0,500,0.6,1000,0.2,1400,0.2,2
12,9,77,1,0,500,0.6,1000,0.2,1400,0.2,2
12,10,951,1,0,500,0.6,1000,0.2,1400,0.2,0
12,11,567,2,10,5,0,500,0.6,1000,0.2,1400,0.2,0
12,12,657,2,10,5,0,500,0.6,1000,0.2,1400,0.2,1
12,13,918,0,0,500,0.6,1000,0.2,1400,0.2,2
12,14,852,1,0,500,0.6,1000,0.2,1400,0.2,0
13,0,727,2,10,5,0,300,0.5,1700,0.5,1
13,1,295,0,0,500,0.6,1000,0.2,1400,0.2,2
13,2,575,0,0,300,0.5,1700,0.5,1
13,3,492,1,0,300,0.5,1700,0.5,2
13,4,486,0,0,500,0.6,1000,0.2,1400,0.2,0
13,5,103,0,0,500,0.6,1000,0.2,1400,0.2,1
13,6,747,1,0,500,0.6,1000,0.2,1400,0.2,1
13,7,535,1,0,300,0.5,1700,0.5,0
13,8,896,2,10,5,0,500,0.6,1000,0.2,1400,0.2,0
13,9,950,0,0,500,0.6,1000,0.2,1400,0.2,1
13,10,486,1,0,300,0.5,1700,0.5,0
13,11,183,0,0,300,0.5,1700,0.5,2
13,12,222,1,0,300,0.5,1700,0.5,2
13,13,970,0,0,300,0.5,1700,0.5,1
13,14,197,2,10,5,0,500,0.6,1000,0.2,1400,0.2,1
14,0,486,1,0,500,0.6,1000,0.2,1400,0.2,1
14,1,969,2,10,5,0,500,0.6,1000,0.2,1400,0.2,2
14,2,172,1,0,500,0.6,1000,0.2,1400,0.2,1
14,3,690,1,0,500,0.6,1000,0.2,1400,0.2,1
14,4,336,1,0,500,0.6,1000,0.2,1400,0.2,0
14,5,210,0,0,300,0.5,1700,0.5,1
14,6,607,1,0,300,0.5,1700,0.5,2
14,7,427,2,10,5,0,500,0.6,1000,0.2,1400,0.2,1
14,8,841,0,0,300,0.5,1700,0.5,2
14,9,417,1,0,500,0.6,1000,0.2,1400,0.2,1
14,10,239,2,10,5,0,500,0.6,1000,0.2,1400,0.2,1
14,11,497,0,0,500,0.6,1000,0.2,1400,0.2,0
14,12,294,0,0,300,0.5,1700,0.5,2
14,13,144,1,0,300,0.5,1700,0.5,2
14,14,456,0,0,300,0.5,1700,0.5,0
