0,0,684,1,0,300,0.5,1700,0.5,2
0,1,851,2,10,5,0,300,0.5,1700,0.5,1
0,2,896,0,0,300,0.5,1700,0.5,2
0,3,729,2,10,5,0,500,0.6,1000,0.2,1400,0.2,0
0,4,52,1,0,300,0.5,1700,0.5,1
0,5,308,2,10,5,0,300,0.5,1700,0.5,2
0,6,662,2,10,5,0,300,0.5,1700,0.5,0
0,7,531,2,10,5,0,300,0.5,1700,0.5,1
0,8,36,2,10,5,0,300,0.5,1700,0.5,1
0,9,737,2,10,5,0,500,0.6,1000,0.2,1400,0.2,1
0,10,416,0,0,500,0.6,1000,0.2,1400,0.2,0
0,11,254,0,0,500,0.6,1000,0.2,1400,0.2,2
0,12,58,2,10,5,0,500,0.6,1000,0.2,1400,0.2,1
0,13,541,0,0,500,0.6,1000,0.2,1400,0.2,1
0,14,922,1,0,500,0.6,1000,0.2,1400,0.2,1
1,0,480,2,10,5,0,500,0.6,1000,0.2,1400,0.2,1
1,1,168,2,10,5,0,300,0.5,1700,0.5,1
1,2,875,0,0,300,0.5,1700,0.5,1
1,3,847,2,10,5,0,300,0.5,1700,0.5,1
1,4,804,0,0,300,0.5,1700,0.5,1
1,5,1000,2,10,5,0,500,0.6,1000,0.2,1400,0.2,1
1,6,625,0,0,300,0.5,1700,0.5,0
1,7,723,1,0,300,0.5,1700,0.5,1
1,8,748,1,0,300,0.5,1700,0.5,0
1,9,48,2,10,5,0,500,0.6,1000,0.2,1400,0.2,0
1,10,732,0,0,500,0.6,1000,0.2,1400,0.2,2
1,11,366,1,0,500,0.6,1000,0.2,1400,0.2,1
1,12,28,1,0,300,0.5,1700,0.5,1
1,13,783,1,0,300,0.5,1700,0.5,1
1,14,977,2,10,5,0,300,0.5,1700,0.5,1
2,0,297,1,0,500,0.6,1000,0.2,1400,0.2,0
2,1,857,0,0,500,0.6,1000,0.2,1400,0.2,0
2,2,961,1,0,500,0.6,1000,0.2,1400,0.2,2
2,3,648,1,0,300,0.5,1700,0.5,0
2,4,230,2,10,5,0,300,0.5,1700,0.5,0
2,5,306,0,0,500,0.6,1000,0.2,1400,0.2,2
2,6,898,2,10,5,0,300,0.5,1700,0.5,1
2,7,134,2,10,5,0,300,0.5,1700,0.5,0
2,8,99,1,0,300,0.5,1700,0.5,2
2,9,739,1,0,300,0.5,1700,0.5,2
2,10,863,1,0,500,0.6,1000,0.2,1400,0.2,0
2,11,280,0,0,300,0.5,1700,0.5,0
2,12,244,2,10,5,0,300,0.5,1700,0.5,0
2,13,928,2,10,5,0,500,0.6,1000,0.2,1400,0.2,0
2,14,546,1,0,300,0.5,1700,0.5,1
3,0,68,0,0,500,0.6,1000,0.2,1400,0.2,1
3,1,72,2,10,5,0,300,0.5,1700,0.5,1
3,2,66,1,0,500,0.6,1000,0.2,1400,0.2,2
3,3,37,2,10,5,0,300,0.5,1700,0.5,2
3,4,373,0,0,500,0.6,1000,0.2,1400,0.2,0
3,5,468,0,0,300,0.5,1700,0.5,0
3,6,159,2,10,5,0,300,0.5,1700,0.5,0
3,7,117,2,10,5,0,300,0.5,1700,0.5,0
3,8,806,0,0,300,0.5,1700,0.5,2
3,9,645,1,0,500,0.6,1000,0.2,1400,0.2,0
3,10,273,2,10,5,0,300,0.5,1700,0.5,0
3,11,178,2,10,5,0,500,0.6,1000,0.2,1400,0.2,2
3,12,451,2,10,5,0,300,0.5,1700,0.5,0
3,13,545,1,0,500,0.6,1000,0.2,1400,0.2,2
3,14,812,2,10,5,0,500,0.6,1000,0.2,1400,0.2,2
4,0,142,0,0,500,0.6,1000,0.2,1400,0.2,0
4,1,769,1,0,300,0.5,1700,0.5,2
4,2,207,1,0,500,0.6,1000,0.2,1400,0.2,0
4,3,447,2,10,5,0,500,0.6,1000,0.2,1400,0.2,1
4,4,263,1,0,300,0.5,1700,0.5,1
4,5,413,2,10,5,0,300,0.5,1700,0.5,1
4,6,435,2,10,5,0,500,0.6,1000,0.2,1400,0.2,0
4,7,472,2,10,5,0,500,0.6,1000,0.2,1400,0.2,2
4,8,700,0,0,500,0.6,1000,0.2,1400,0.2,0
4,9,712,0,0,500,0.6,1000,0.2,1400,0.2,0
4,10,639,1,0,300,0.5,1700,0.5,2
4,11,490,0,0,500,0.6,1000,0.2,1400,0.2,0
4,12,487,0,0,300,0.5,1700,0.5,2
4,13,148,0,0,300,0.5,1700,0.5,0
4,14,354,1,0,500,0.6,1000,0.2,1400,0.2,2
5,0,775,2,10,5,0,500,0.6,1000,0.2,1400,0.2,2
5,1,205,1,0,500,0.6,1000,0.2,1400,0.2,1
5,2,222,0,0,500,0.6,1000,0.2,1400,0.2,0
5,3,638,2,10,5,0,500,0.6,1000,0.2,1400,0.2,1
5,4,246,2,10,5,0,500,0.6,1000,0.2,1400,0.2,0
5,5,469,0,0,300,0.5,1700,0.5,0
5,6,630,0,0,300,0.5,1700,0.5,0
5,7,765,0,0,500,0.6,1000,0.2,1400,0.2,0
5,8,618,0,0,300,0.5,1700,0.5,1
5,9,306,1,0,500,0.6,1000,0.2,1400,0.2,2
5,10,698,1,0,500,0.6,1000,0.2,1400,0.2,1
5,11,30,1,0,500,0.6,1000,0.2,1400,0.2,0
5,12,87,1,0,300,0.5,1700,0.5,2
5,13,208,0,0,300,0.5,1700,0.5,0
5,14,585,2,10,5,0,500,0.6,1000,0.2,1400,0.2,0
6,0,605,0,0,500,0.6,1000,0.2,1400,0.2,0
6,1,334,1,0,500,0.6,1000,0.2,1400,0.2,2
6,2,234,1,0,300,0.5,1700,0.5,2
6,3,100,0,0,500,0.6,1000,0.2,1400,0.2,0
6,4,402,1,0,300,0.5,1700,0.5,1
6,5,453,1,0,300,0.5,1700,0.5,0
6,6,873,2,10,5,0,500,0.6,1000,0.2,1400,0.2,0
6,7,954,0,0,500,0.6,1000,0.2,1400,0.2,2
6,8,841,1,0,500,0.6,1000,0.2,1400,0.2,1
6,9,168,1,0,300,0.5,1700,0.5,2
6,10,700,2,10,5,0,300,0.5,1700,0.5,2
6,11,237,2,10,5,0,500,0.6,1000,0.2,1400,0.2,2
6,12,953,0,0,300,0.5,1700,0.5,2
6,13,374,0,0,300,0.5,1700,0.5,0
6,14,952,1,0,500,0.6,1000,0.2,1400,0.2,1
7,0,698,1,0,500,0.6,1000,0.2,1400,0.2,0
7,1,876,2,10,5,0,300,0.5,1700,0.5,2
7,2,325,1,0,300,0.5,1700,0.5,0
7,3,161,0,0,300,0.5,1700,0.5,1
7,4,292,0,0,300,0.5,1700,0.5,1
7,5,856,1,0,300,0.5,1700,0.5,0
7,6,52,0,0,300,0.5,1700,0.5,1
7,7,611,2,10,5,0,300,0.5,1700,0.5,1
7,8,59,1,0,300,0.5,1700,0.5,2
7,9,247,0,0,300,0.5,1700,0.5,0
7,10,78,2,10,5,0,500,0.6,1000,0.2,1400,0.2,2
7,11,308,2,10,5,0,500,0.6,1000,0.2,1400,0.2,0
7,12,10,2,10,5,0,300,0.5,1700,0.5,0
7,13,604,1,0,300,0.5,1700,0.5,1
7,14,811,2,10,5,0,500,0.6,1000,0.2,1400,0.2,2
8,0,502,2,10,5,0,500,0.6,1000,0.2,1400,0.2,1
8,1,679,0,0,300,0.5,1700,0.5,2
8,2,777,0,0,500,0.6,1000,0.2,1400,0.2,1
8,3,354,2,10,5,0,300,0.5,1700,0.5,2
8,4,701,1,0,500,0.6,1000,0.2,1400,0.2,0
8,5,672,0,0,300,0.5,1700,0.5,0
8,6,866,2,10,5,0,300,0.5,1700,0.5,0
8,7,430,2,10,5,0,500,0.6,1000,0.2,1400,0.2,1
8,8,889,0,0,500,0.6,1000,0.2,1400,0.2,2
8,9,571,1,0,500,0.6,1000,0.2,1400,0.2,2
8,10,847,1,0,500,0.6,1000,0.2,1400,0.2,0
8,11,786,0,0,500,0.6,1000,0.2,1400,0.2,2
8,12,732,2,10,5,0,300,0.5,1700,0.5,0
8,13,210,0,0,300,0.5,1700,0.5,0
8,14,424,2,10,5,0,500,0.6,1000,0.2,1400,0.2,1
9,0,260,1,0,500,0.6,1000,0.2,1400,0.2,0
9,1,811,0,0,300,0.5,1700,0.5,0
9,2,535,2,10,5,0,500,0.6,1000,0.2,1400,0.2,0
9,3,855,0,0,300,0.5,1700,0.5,1
9,4,603,0,0,500,0.6,1000,0.2,1400,0.2,1
9,5,157,2,10,5,0,500,0.6,1000,0.2,1400,0.2,2
9,6,794,1,0,300,0.5,1700,0.5,2
9,7,498,1,0,300,0.5,1700,0.5,1
9,8,900,0,0,300,0.5,1700,0.5,2
9,9,993,1,0,500,0.6,1000,0.2,1400,0.2,0
9,10,962,0,0,300,0.5,1700,0.5,1
9,11,565,0,0,500,0.6,1000,0.2,1400,0.2,1
9,12,693,1,0,500,0.6,1000,0.2,1400,0.2,1
9,13,267,2,10,5,0,300,0.5,1700,0.5,1
9,14,850,1,0,300,0.5,1700,0.5,2
10,0,391,2,10,5,0,500,0.6,1000,0.2,1400,0.2,0
10,1,638,0,0,500,0.6,1000,0.2,1400,0.2,1
10,2,69,2,10,5,0,300,0.5,1700,0.5,0
10,3,69,0,0,500,0.6,1000,0.2,1400,0.2,2
10,4,733,2,10,5,0,500,0.6,1000,0.2,1400,0.2,1
10,5,44,2,10,5,0,500,0.6,1000,0.2,1400,0.2,0
10,6,644,0,0,500,0.6,1000,0.2,1400,0.2,2
10,7,780,0,0,300,0.5,1700,0.5,1
10,8,797,0,0,500,0.6,1000,0.2,1400,0.2,0
10,9,300,1,0,500,0.6,1000,0.2,1400,0.2,2
10,10,614,2,10,5,0,300,0.5,1700,0.5,2
10,11,415,2,10,5,0,500,0.6,1000,0.2,1400,0.2,0
10,12,708,1,0,300,0.5,1700,0.5,2
10,13,61,0,0,300,0.5,1700,0.5,2
10,14,146,0,0,500,0.6,1000,0.2,1400,0.2,1
11,0,424,1,0,300,0.5,1700,0.5,1
11,1,580,2,10,5,0,300,0.5,1700,0.5,0
11,2,686,1,0,300,0.5,1700,0.5,1
11,3,338,1,0,300,0.5,1700,0.5,2
11,4,130,1,0,300,0.5,1700,0.5,0
11,5,70,1,0,500,0.6,1000,0.2,1400,0.2,0
11,6,597,2,10,5,0,500,0.6,1000,0.2,1400,0.2,1
11,7,173,2,10,5,0,500,0.6,1000,0.2,1400,0.2,1
11,8,955,2,10,5,0,300,0.5,1700,0.5,2
11,9,607,1,0,500,0.6,1000,0.2,1400,0.2,1
11,10,859,2,10,5,0,500,0.6,1000,0.2,1400,0.2,1
11,11,903,1,0,300,0.5,1700,0.5,0
11,12,42,0,0,300,0.5,1700,0.5,1
11,13,198,2,10,5,0,300,0.5,1700,0.5,2
11,14,827,2,10,5,0,500,0.6,1000,0.2,1400,0.2,2
12,0,642,2,10,5,0,500,0.6,1000,0.2,1400,0.2,2
12,1,176,1,0,500,0.6,1000,0.2,1400,0.2,1
12,2,651,1,0,300,0.5,1700,0.5,2
12,3,628,1,0,500,0.6,1000,0.2,1400,0.2,2
12,4,35,1,0,500,0.6,1000,0.2,1400,0.2,2
12,5,974,2,10,5,0,300,0.5,1700,0.5,0
12,6,62,2,10,5,0,300,0.5,1700,0.5,0
12,7,505,2,10,5,0,500,0.6,1000,0.2,1400,0.2,0
12,8,605,0,0,300,0.5,1700,0.5,1
12,9,415,2,10,5,0,300,0.5,1700,0.5,0
12,10,354,0,0,300,0.5,1700,0.5,0
12,11,276,1,0,500,0.6,1000,0.2,1400,0.2,0
12,12,433,1,0,500,0.6,1000,0.2,1400,0.2,1
12,13,531,2,10,5,0,300,0.5,1700,0.5,0
12,14,661,2,10,5,0,500,0.6,1000,0.2,1400,0.2,1
13,0,620,0,0,300,0.5,1700,0.5,0
13,1,759,0,0,300,0.5,1700,0.5,1
13,2,682,1,0,500,0.6,1000,0.2,1400,0.2,1
13,3,643,1,0,500,0.6,1000,0.2,1400,0.2,1
13,4,896,1,0,500,0.6,1000,0.2,1400,0.2,0
13,5,367,0,0,500,0.6,1000,0.2,1400,0.2,0
13,6,623,1,0,300,0.5,1700,0.5,2
13,7,421,0,0,300,0.5,1700,0.5,0
13,8,947,1,0,500,0.6,1000,0.2,1400,0.2,1
13,9,921,1,0,500,0.6,1000,0.2,1400,0.2,1
13,10,123,0,0,500,0.6,1000,0.2,1400,0.2,2
13,11,95,2,10,5,0,500,0.6,1000,0.2,1400,0.2,2
13,12,137,2,10,5,0,500,0.6,1000,0.2,1400,0.2,1
13,13,206,1,0,300,0.5,1700,0.5,2
13,14,766,1,0,300,0.5,1700,0.5,0
14,0,141,1,0,500,0.6,1000,0.2,1400,0.2,2
14,1,720,2,10,5,0,300,0.5,1700,0.5,1
14,2,829,2,10,5,0,300,0.5,1700,0.5,1
14,3,912,2,10,5,0,500,0.6,1000,0.2,1400,0.2,1
14,4,151,2,10,5,0,300,0.5,1700,0.5,0
14,5,301,1,0,300,0.5,1700,0.5,2
14,6,559,0,0,300,0.5,1700,0.5,1
14,7,950,1,0,500,0.6,1000,0.2,1400,0.2,0
14,8,381,1,0,500,0.6,1000,0.2,1400,0.2,1
14,9,282,0,0,500,0.6,1000,0.2,1400,0.2,1
14,10,871,1,0,300,0.5,1700,0.5,2
14,11,113,2,10,5,0,300,0.5,1700,0.5,2
14,12,73,2,10,5,0,300,0.5,1700,0.5,1
14,13,525,2,10,5,0,500,0.6,1000,0.2,1400,0.2,1
14,14,351,1,0,300,0.5,1700,0.5,2
