0,0,920,1,0,500,0.6,1000,0.2,1400,0.2,1
0,1,221,1,0,300,0.5,1700,0.5,2
0,2,255,1,0,500,0.6,1000,0.2,1400,0.2,1
0,3,213,0,0,500,0.6,1000,0.2,1400,0.2,1
0,4,315,2,10,5,0,300,0.5,1700,0.5,0
0,5,807,0,0,300,0.5,1700,0.5,1
0,6,965,1,0,300,0.5,1700,0.5,2
0,7,735,2,10,5,0,500,0.6,1000,0.2,1400,0.2,1
0,8,449,1,0,500,0.6,1000,0.2,1400,0.2,2
0,9,56,2,10,5,0,300,0.5,1700,0.5,2
0,10,425,0,0,500,0.6,1000,0.2,1400,0.2,1
0,11,346,2,10,5,0,300,0.5,1700,0.5,0
0,12,661,0,0,300,0.5,1700,0.5,0
0,13,21,0,0,300,0.5,1700,0.5,1
0,14,934,2,10,5,0,300,0.5,1700,0.5,1
1,0,609,1,0,300,0.5,1700,0.5,1
1,1,136,1,0,500,0.6,1000,0.2,1400,0.2,1
1,2,71,2,10,5,0,300,0.5,1700,0.5,0
1,3,922,2,10,5,0,300,0.5,1700,0.5,2
1,4,671,0,0,300,0.5,1700,0.5,2
1,5,461,1,0,500,0.6,1000,0.2,1400,0.2,0
1,6,805,2,10,5,0,300,0.5,1700,0.5,1
1,7,98,0,0,500,0.6,1000,0.2,1400,0.2,2
1,8,809,2,10,5,0,500,0.6,1000,0.2,1400,0.2,0
1,9,998,2,10,5,0,300,0.5,1700,0.5,0
1,10,201,2,10,5,0,500,0.6,1000,0.2,1400,0.2,2
1,11,821,0,0,500,0.6,1000,0.2,1400,0.2,1
1,12,305,1,0,300,0.5,1700,0.5,2
1,13,463,0,0,300,0.5,1700,0.5,0
1,14,391,1,0,300,0.5,1700,0.5,2
2,0,586,1,0,500,0.6,1000,0.2,1400,0.2,2
2,1,628,1,0,300,0.5,1700,0.5,1
2,2,556,2,10,5,0,300,0.5,1700,0.5,0
2,3,606,1,0,300,0.5,1700,0.5,0
2,4,436,1,0,300,0.5,1700,0.5,0
2,5,311,1,0,300,0.5,1700,0.5,1
2,6,455,1,0,500,0.6,1000,0.2,1400,0.2,1
2,7,101,2,10,5,0,300,0.5,1700,0.5,2
2,8,324,2,10,5,0,500,0.6,1000,0.2,1400,0.2,0
2,9,868,0,0,500,0.6,1000,0.2,1400,0.2,2
2,10,278,1,0,300,0.5,1700,0.5,1
2,11,230,0,0,500,0.6,1000,0.2,1400,0.2,0
2,12,458,0,0,300,0.5,1700,0.5,1
2,13,146,1,0,500,0.6,1000,0.2,1400,0.2,2
2,14,229,2,10,5,0,300,0.5,1700,0.5,0
3,0,722,0,0,300,0.5,1700,0.5,1
3,1,759,0,0,500,0.6,1000,0.2,1400,0.2,0
3,2,587,2,10,5,0,300,0.5,1700,0.5,1
3,3,827,0,0,500,0.6,1000,0.2,1400,0.2,0
3,4,920,0,0,500,0.6,1000,0.2,1400,0.2,0
3,5,432,0,0,500,0.6,1000,0.2,1400,0.2,1
3,6,279,1,0,500,0.6,1000,0.2,1400,0.2,1
3,7,566,0,0,300,0.5,1700,0.5,2
3,8,219,0,0,500,0.6,1000,0.2,1400,0.2,2
3,9,305,0,0,300,0.5,1700,0.5,0
3,10,904,1,0,500,0.6,1000,0.2,1400,0.2,0
3,11,223,0,0,500,0.6,1000,0.2,1400,0.2,2
3,12,577,0,0,500,0.6,1000,0.2,1400,0.2,2
3,13,64,1,0,500,0.6,1000,0.2,1400,0.2,2
3,14,909,1,0,300,0.5,1700,0.5,2
4,0,970,1,0,300,0.5,1700,0.5,0
4,1,46,2,10,5,0,300,0.5,1700,0.5,1
4,2,722,1,0,500,0.6,1000,0.2,1400,0.2,2
4,3,328,1,0,500,0.6,1000,0.2,1400,0.2,1
4,4,128,0,0,300,0.5,1700,0.5,1
4,5,94,0,0,300,0.5,1700,0.5,2
4,6,469,2,10,5,0,500,0.6,1000,0.2,1400,0.2,1
4,7,347,2,10,5,0,300,0.5,1700,0.5,2
4,8,545,1,0,500,0.6,1000,0.2,1400,0.2,2
4,9,848,1,0,500,0.6,1000,0.2,1400,0.2,0
4,10,263,1,0,300,0.5,1700,0.5,2
4,11,507,1,0,300,0.5,1700,0.5,0
4,12,570,1,0,500,0.6,1000,0.2,1400,0.2,2
4,13,728,1,0,300,0.5,1700,0.5,0
4,14,118,2,10,5,0,300,0.5,1700,0.5,2
5,0,657,1,0,300,0.5,1700,0.5,1
5,1,720,2,10,5,0,300,0.5,1700,0.5,0
5,2,861,2,10,5,0,300,0.5,1700,0.5,0
5,3,548,2,10,5,0,500,0.6,1000,0.2,1400,0.2,0
5,4,46,1,0,300,0.5,1700,0.5,1
5,5,906,0,0,500,0.6,1000,0.2,1400,0.2,2
5,6,37,2,10,5,0,500,0.6,1000,0.2,1400,0.2,1
5,7,318,2,10,5,0,300,0.5,1700,0.5,1
5,8,683,1,0,500,0.6,1000,0.2,1400,0.2,1
5,9,914,2,10,5,0,300,0.5,1700,0.5,2
5,10,900,1,0,500,0.6,1000,0.2,1400,0.2,2
5,11,54,0,0,500,0.6,1000,0.2,1400,0.2,2
5,12,125,1,0,300,0.5,1700,0.5,1
5,13,857,2,10,5,0,500,0.6,1000,0.2,1400,0.2,1
5,14,147,1,0,500,0.6,1000,0.2,1400,0.2,0
6,0,847,1,0,300,0.5,1700,0.5,0
6,1,328,1,0,500,0.6,1000,0.2,1400,0.2,0
6,2,330,0,0,300,0.5,1700,0.5,0
6,3,499,0,0,500,0.6,1000,0.2,1400,0.2,0
6,4,573,1,0,300,0.5,1700,0.5,0
6,5,432,0,0,300,0.5,1700,0.5,1
6,6,53,1,0,500,0.6,1000,0.2,1400,0.2,1
6,7,48,2,10,5,0,300,0.5,1700,0.5,1
6,8,259,0,0,300,0.5,1700,0.5,2
6,9,886,1,0,300,0.5,1700,0.5,0
6,10,379,0,0,300,0.5,1700,0.5,2
6,11,81,2,10,5,0,500,0.6,1000,0.2,1400,0.2,1
6,12,41,1,0,500,0.6,1000,0.2,1400,0.2,1
6,13,369,2,10,5,0,500,0.6,1000,0.2,1400,0.2,1
6,14,484,1,0,300,0.5,1700,0.5,2
7,0,561,0,0,300,0.5,1700,0.5,0
7,1,694,2,10,5,0,500,0.6,1000,0.2,1400,0.2,1
7,2,772,0,0,300,0.5,1700,0.5,0
7,3,35,0,0,500,0.6,1000,0.2,1400,0.2,0
7,4,510,0,0,500,0.6,1000,0.2,1400,0.2,1
7,5,563,2,10,5,0,300,0.5,1700,0.5,1
7,6,415,1,0,500,0.6,1000,0.2,1400,0.2,1
7,7,148,2,10,5,0,300,0.5,1700,0.5,0
7,8,303,2,10,5,0,500,0.6,1000,0.2,1400,0.2,2
7,9,186,1,0,300,0.5,1700,0.5,1
7,10,269,2,10,5,0,300,0.5,1700,0.5,2
7,11,443,1,0,300,0.5,1700,0.5,2
7,12,300,2,10,5,0,500,0.6,1000,0.2,1400,0.2,2
7,13,985,2,10,5,0,300,0.5,1700,0.5,0
7,14,544,2,10,5,0,500,0.6,1000,0.2,1400,0.2,0
8,0,916,1,0,300,0.5,1700,0.5,2
8,1,935,2,10,5,0,500,0.6,1000,0.2,1400,0.2,1
8,2,898,0,0,500,0.6,1000,0.2,1400,0.2,0
8,3,194,0,0,500,0.6,1000,0.2,1400,0.2,0
8,4,744,1,0,300,0.5,1700,0.5,2
8,5,318,0,0,500,0.6,1000,0.2,1400,0.2,2
8,6,708,0,0,300,0.5,1700,0.5,2
8,7,838,2,10,5,0,300,0.5,1700,0.5,1
8,8,388,2,10,5,0,500,0.6,1000,0.2,1400,0.2,0
8,9,928,0,0,300,0.5,1700,0.5,2
8,10,775,2,10,5,0,300,0.5,1700,0.5,2
8,11,133,0,0,300,0.5,1700,0.5,2
8,12,101,2,10,5,0,500,0.6,1000,0.2,1400,0.2,2
8,13,354,2,10,5,0,500,0.6,1000,0.2,1400,0.2,1
8,14,37,2,10,5,0,500,0.6,1000,0.2,1400,0.2,2
9,0,156,0,0,500,0.6,1000,0.2,1400,0.2,0
9,1,990,0,0,500,0.6,1000,0.2,1400,0.2,2
9,2,190,2,10,5,0,300,0.5,1700,0.5,1
9,3,872,1,0,500,0.6,1000,0.2,1400,0.2,1
9,4,373,1,0,300,0.5,1700,0.5,1
9,5,825,2,10,5,0,300,0.5,1700,0.5,2
9,6,158,1,0,300,0.5,1700,0.5,0
9,7,195,1,0,300,0.5,1700,0.5,0
9,8,511,1,0,300,0.5,1700,0.5,1
9,9,103,2,10,5,0,300,0.5,1700,0.5,1
9,10,860,0,0,300,0.5,1700,0.5,1
9,11,543,0,0,300,0.5,1700,0.5,1
9,12,494,2,10,5,0,300,0.5,1700,0.5,1
9,13,818,0,0,500,0.6,1000,0.2,1400,0.2,2
9,14,985,0,0,300,0.5,1700,0.5,1
10,0,141,1,0,300,0.5,1700,0.5,1
10,1,745,0,0,500,0.6,1000,0.2,1400,0.2,1
10,2,708,2,10,5,0,500,0.6,1000,0.2,1400,0.2,1
10,3,649,1,0,500,0.6,1000,0.2,1400,0.2,2
10,4,170,0,0,500,0.6,1000,0.2,1400,0.2,0
10,5,358,1,0,500,0.6,1000,0.2,1400,0.2,0
10,6,118,1,0,500,0.6,1000,0.2,1400,0.2,1
10,7,251,0,0,300,0.5,1700,0.5,0
10,8,155,0,0,300,0.5,1700,0.5,0
10,9,814,0,0,300,0.5,1700,0.5,2
10,10,29,1,0,300,0.5,1700,0.5,0
10,11,847,2,10,5,0,300,0.5,1700,0.5,1
10,12,480,1,0,300,0.5,1700,0.5,1
10,13,588,1,0,500,0.6,1000,0.2,1400,0.2,2
10,14,665,2,10,5,0,300,0.5,1700,0.5,2
11,0,412,1,0,500,0.6,1000,0.2,1400,0.2,0
11,1,525,1,0,300,0.5,1700,0.5,0
11,2,286,0,0,300,0.5,1700,0.5,2
11,3,782,0,0,300,0.5,1700,0.5,1
11,4,712,0,0,300,0.5,1700,0.5,2
11,5,988,1,0,300,0.5,1700,0.5,2
11,6,467,2,10,5,0,300,0.5,1700,0.5,0
11,7,300,1,0,500,0.6,1000,0.2,1400,0.2,1
11,8,952,0,0,500,0.6,1000,0.2,1400,0.2,1
11,9,210,1,0,500,0.6,1000,0.2,1400,0.2,2
11,10,26,1,0,500,0.6,1000,0.2,1400,0.2,0
11,11,837,2,10,5,0,500,0.6,1000,0.2,1400,0.2,2
11,12,530,2,10,5,0,300,0.5,1700,0.5,0
11,13,206,0,0,300,0.5,1700,0.5,2
11,14,269,0,0,300,0.5,1700,0.5,0
12,0,854,0,0,500,0.6,1000,0.2,1400,0.2,0
12,1,439,1,0,500,0.6,1000,0.2,1400,0.2,1
12,2,435,2,10,5,0,300,0.5,1700,0.5,1
12,3,968,1,0,500,0.6,1000,0.2,1400,0.2,2
12,4,964,1,0,300,0.5,1700,0.5,2
12,5,673,0,0,300,0.5,1700,0.5,2
12,6,874,1,0,300,0.5,1700,0.5,2
12,7,800,1,0,500,0.6,1000,0.2,1400,0.2,0
12,8,739,1,0,300,0.5,1700,0.5,1
12,9,529,1,0,500,0.6,1000,0.2,1400,0.2,1
12,10,309,1,0,500,0.6,1000,0.2,1400,0.2,2
12,11,844,1,0,500,0.6,1000,0.2,1400,0.2,1
12,12,842,2,10,5,0,500,0.6,1000,0.2,1400,0.2,2
12,13,769,1,0,300,0.5,1700,0.5,2
12,14,628,1,0,300,0.5,1700,0.5,0
13,0,601,0,0,300,0.5,1700,0.5,0
13,1,640,0,0,300,0.5,1700,0.5,0
13,2,581,1,0,300,0.5,1700,0.5,0
13,3,527,1,0,300,0.5,1700,0.5,1
13,4,218,0,0,500,0.6,1000,0.2,1400,0.2,2
13,5,152,1,0,500,0.6,1000,0.2,1400,0.2,1
13,6,874,1,0,300,0.5,1700,0.5,2
13,7,171,0,0,500,0.6,1000,0.2,1400,0.2,0
13,8,166,1,0,300,0.5,1700,0.5,2
13,9,515,2,10,5,0,500,0.6,1000,0.2,1400,0.2,2
13,10,283,0,0,300,0.5,1700,0.5,1
13,11,720,0,0,300,0.5,1700,0.5,0
13,12,294,2,10,5,0,500,0.6,1000,0.2,1400,0.2,2
13,13,678,2,10,5,0,300,0.5,1700,0.5,1
13,14,137,0,0,300,0.5,1700,0.5,1
14,0,575,1,0,300,0.5,1700,0.5,1
14,1,409,0,0,300,0.5,1700,0.5,0
14,2,690,2,10,5,0,300,0.5,1700,0.5,2
14,3,262,1,0,500,0.6,1000,0.2,1400,0.2,1
14,4,495,1,0,300,0.5,1700,0.5,0
14,5,267,1,0,500,0.6,1000,0.2,1400,0.2,2
14,6,417,1,0,300,0.5,1700,0.5,2
14,7,399,0,0,300,0.5,1700,0.5,0
14,8,471,0,0,500,0.6,1000,0.2,1400,0.2,0
14,9,716,2,10,5,0,500,0.6,1000,0.2,1400,0.2,0
14,10,465,1,0,300,0.5,1700,0.5,0
14,11,338,1,0,500,0.6,1000,0.2,1400,0.2,0
14,12,833,2,10,5,0,500,0.6,1000,0.2,1400,0.2,2
14,13,492,2,10,5,0,500,0.6,1000,0.2,1400,0.2,1
14,14,723,0,0,300,0.5,1700,0.5,2
