0,0,513,2,10,5,0,500,0.6,1000,0.2,1400,0.2,2
0,1,789,1,0,500,0.6,1000,0.2,1400,0.2,1
0,2,476,1,0,300,0.5,1700,0.5,1
0,3,61,2,10,5,0,300,0.5,1700,0.5,2
0,4,898,2,10,5,0,300,0.5,1700,0.5,2
0,5,764,0,0,300,0.5,1700,0.5,2
0,6,156,1,0,500,0.6,1000,0.2,1400,0.2,1
0,7,934,0,0,500,0.6,1000,0.2,1400,0.2,1
0,8,435,0,0,300,0.5,1700,0.5,0
0,9,878,0,0,300,0.5,1700,0.5,0
0,10,83,0,0,300,0.5,1700,0.5,1
0,11,26,0,0,500,0.6,1000,0.2,1400,0.2,0
0,12,326,0,0,500,0.6,1000,0.2,1400,0.2,1
0,13,443,0,0,300,0.5,1700,0.5,2
0,14,557,1,0,300,0.5,1700,0.5,2
1,0,741,0,0,300,0.5,1700,0.5,2
1,1,471,1,0,300,0.5,1700,0.5,2
1,2,376,2,10,5,0,300,0.5,1700,0.5,1
1,3,254,2,10,5,0,500,0.6,1000,0.2,1400,0.2,2
1,4,194,0,0,300,0.5,1700,0.5,1
1,5,857,0,0,300,0.5,1700,0.5,0
1,6,563,2,10,5,0,300,0.5,1700,0.5,0
1,7,678,0,0,300,0.5,1700,0.5,2
1,8,180,1,0,500,0.6,1000,0.2,1400,0.2,2
1,9,190,2,10,5,0,500,0.6,1000,0.2,1400,0.2,2
1,10,264,0,0,300,0.5,1700,0.5,2
1,11,764,0,0,500,0.6,1000,0.2,1400,0.2,1
1,12,251,1,0,500,0.6,1000,0.2,1400,0.2,0
1,13,595,0,0,300,0.5,1700,0.5,2
1,14,159,1,0,300,0.5,1700,0.5,1
2,0,463,1,0,500,0.6,1000,0.2,1400,0.2,2
2,1,914,0,0,300,0.5,1700,0.5,1
2,2,366,2,10,5,0,500,0.6,1000,0.2,1400,0.2,1
2,3,109,2,10,5,0,300,0.5,1700,0.5,0
2,4,378,2,10,5,0,500,0.6,1000,0.2,1400,0.2,0
2,5,141,0,0,300,0.5,1700,0.5,2
2,6,909,1,0,300,0.5,1700,0.5,2
2,7,26,2,10,5,0,500,0.6,1000,0.2,1400,0.2,2
2,8,477,2,10,5,0,500,0.6,1000,0.2,1400,0.2,1
2,9,933,0,0,300,0.5,1700,0.5,1
2,10,762,0,0,500,0.6,1000,0.2,1400,0.2,2
2,11,148,1,0,500,0.6,1000,0.2,1400,0.2,0
2,12,849,2,10,5,0,300,0.5,1700,0.5,0
2,13,527,1,0,300,0.5,1700,0.5,2
2,14,13,1,0,300,0.5,1700,0.5,0
3,0,485,0,0,300,0.5,1700,0.5,0
3,1,344,2,10,5,0,500,0.6,1000,0.2,1400,0.2,0
3,2,228,2,10,5,0,500,0.6,1000,0.2,1400,0.2,2
3,3,841,0,0,300,0.5,1700,0.5,1
3,4,513,1,0,500,0.6,1000,0.2,1400,0.2,1
3,5,590,1,0,500,0.6,1000,0.2,1400,0.2,0
3,6,159,0,0,500,0.6,1000,0.2,1400,0.2,1
3,7,289,2,10,5,0,300,0.5,1700,0.5,2
3,8,132,1,0,500,0.6,1000,0.2,1400,0.2,0
3,9,239,2,10,5,0,300,0.5,1700,0.5,0
3,10,995,2,10,5,0,500,0.6,1000,0.2,1400,0.2,2
3,11,641,2,10,5,0,300,0.5,1700,0.5,1
3,12,537,1,0,500,0.6,1000,0.2,1400,0.2,0
3,13,234,2,10,5,0,500,0.6,1000,0.2,1400,0.2,2
3,14,366,2,10,5,0,500,0.6,1000,0.2,1400,0.2,1
4,0,698,0,0,500,0.6,1000,0.2,1400,0.2,0
4,1,973,0,0,300,0.5,1700,0.5,1
4,2,174,1,0,300,0.5,1700,0.5,2
4,3,66,0,0,300,0.5,1700,0.5,2
4,4,478,2,10,5,0,500,0.6,1000,0.2,1400,0.2,1
4,5,711,2,10,5,0,300,0.5,1700,0.5,2
4,6,552,2,10,5,0,300,0.5,1700,0.5,2
4,7,487,1,0,500,0.6,1000,0.2,1400,0.2,1
4,8,609,1,0,500,0.6,1000,0.2,1400,0.2,0
4,9,33,2,10,5,0,300,0.5,1700,0.5,1
4,10,395,2,10,5,0,300,0.5,1700,0.5,1
4,11,588,1,0,500,0.6,1000,0.2,1400,0.2,0
4,12,980,1,0,500,0.6,1000,0.2,1400,0.2,1
4,13,85,0,0,500,0.6,1000,0.2,1400,0.2,1
4,14,847,1,0,500,0.6,1000,0.2,1400,0.2,1
5,0,415,0,0,300,0.5,1700,0.5,1
5,1,619,0,0,300,0.5,1700,0.5,2
5,2,892,2,10,5,0,500,0.6,1000,0.2,1400,0.2,1
5,3,184,1,0,500,0.6,1000,0.2,1400,0.2,0
5,4,119,0,0,500,0.6,1000,0.2,1400,0.2,1
5,5,884,0,0,300,0.5,1700,0.5,1
5,6,934,2,10,5,0,500,0.6,1000,0.2,1400,0.2,2
5,7,668,0,0,500,0.6,1000,0.2,1400,0.2,0
5,8,550,1,0,500,0.6,1000,0.2,1400,0.2,0
5,9,184,2,10,5,0,300,0.5,1700,0.5,1
5,10,108,2,10,5,0,300,0.5,1700,0.5,2
5,11,956,2,10,5,0,500,0.6,1000,0.2,1400,0.2,2
5,12,476,1,0,500,0.6,1000,0.2,1400,0.2,0
5,13,886,1,0,300,0.5,1700,0.5,0
5,14,568,2,10,5,0,500,0.6,1000,0.2,1400,0.2,0
6,0,306,2,10,5,0,300,0.5,1700,0.5,0
6,1,737,2,10,5,0,500,0.6,1000,0.2,1400,0.2,1
6,2,52,2,10,5,0,300,0.5,1700,0.5,1
6,3,309,1,0,500,0.6,1000,0.2,1400,0.2,0
6,4,828,2,10,5,0,500,0.6,1000,0.2,1400,0.2,1
6,5,268,0,0,300,0.5,1700,0.5,0
6,6,350,0,0,500,0.6,1000,0.2,1400,0.2,2
6,7,592,0,0,300,0.5,1700,0.5,0
6,8,779,0,0,500,0.6,1000,0.2,1400,0.2,1
6,9,785,1,0,300,0.5,1700,0.5,1
6,10,521,0,0,300,0.5,1700,0.5,1
6,11,227,0,0,500,0.6,1000,0.2,1400,0.2,1
6,12,217,0,0,300,0.5,1700,0.5,1
6,13,776,0,0,300,0.5,1700,0.5,1
6,14,21,1,0,300,0.5,1700,0.5,0
7,0,696,1,0,300,0.5,1700,0.5,2
7,1,255,1,0,300,0.5,1700,0.5,1
7,2,393,0,0,500,0.6,1000,0.2,1400,0.2,1
7,3,581,1,0,300,0.5,1700,0.5,2
7,4,331,1,0,300,0.5,1700,0.5,2
7,5,174,1,0,300,0.5,1700,0.5,2
7,6,750,0,0,500,0.6,1000,0.2,1400,0.2,2
7,7,665,2,10,5,0,300,0.5,1700,0.5,2
7,8,467,0,0,300,0.5,1700,0.5,2
7,9,873,2,10,5,0,300,0.5,1700,0.5,0
7,10,836,2,10,5,0,500,0.6,1000,0.2,1400,0.2,1
7,11,105,0,0,300,0.5,1700,0.5,2
7,12,585,2,10,5,0,300,0.5,1700,0.5,0
7,13,191,2,10,5,0,300,0.5,1700,0.5,2
7,14,542,1,0,500,0.6,1000,0.2,1400,0.2,2
8,0,765,1,0,500,0.6,1000,0.2,1400,0.2,1
8,1,224,2,10,5,0,500,0.6,1000,0.2,1400,0.2,1
8,2,335,1,0,300,0.5,1700,0.5,0
8,3,285,1,0,500,0.6,1000,0.2,1400,0.2,2
8,4,414,2,10,5,0,300,0.5,1700,0.5,2
8,5,388,2,10,5,0,300,0.5,1700,0.5,2
8,6,701,1,0,500,0.6,1000,0.2,1400,0.2,1
8,7,310,0,0,300,0.5,1700,0.5,1
8,8,821,1,0,300,0.5,1700,0.5,1
8,9,873,1,0,500,0.6,1000,0.2,1400,0.2,2
8,10,203,2,10,5,0,300,0.5,1700,0.5,0
8,11,887,1,0,300,0.5,1700,0.5,0
8,12,61,0,0,300,0.5,1700,0.5,0
8,13,679,1,0,300,0.5,1700,0.5,0
8,14,205,2,10,5,0,300,0.5,1700,0.5,1
9,0,94,0,0,500,0.6,1000,0.2,1400,0.2,0
9,1,799,0,0,300,0.5,1700,0.5,2
9,2,40,1,0,300,0.5,1700,0.5,0
9,3,127,2,10,5,0,300,0.5,1700,0.5,2
9,4,17,2,10,5,0,300,0.5,1700,0.5,1
9,5,573,0,0,300,0.5,1700,0.5,1
9,6,920,1,0,300,0.5,1700,0.5,0
9,7,581,2,10,5,0,500,0.6,1000,0.2,1400,0.2,1
9,8,471,0,0,300,0.5,1700,0.5,2
9,9,976,1,0,300,0.5,1700,0.5,1
9,10,536,2,10,5,0,300,0.5,1700,0.5,1
9,11,662,0,0,300,0.5,1700,0.5,0
9,12,937,0,0,500,0.6,1000,0.2,1400,0.2,0
9,13,876,1,0,300,0.5,1700,0.5,1
9,14,188,2,10,5,0,500,0.6,1000,0.2,1400,0.2,1
10,0,647,1,0,300,0.5,1700,0.5,1
10,1,467,1,0,500,0.6,1000,0.2,1400,0.2,2
10,2,665,1,0,300,0.5,1700,0.5,1
10,3,877,1,0,500,0.6,1000,0.2,1400,0.2,1
10,4,1000,1,0,500,0.6,1000,0.2,1400,0.2,1
10,5,802,0,0,300,0.5,1700,0.5,0
10,6,456,0,0,500,0.6,1000,0.2,1400,0.2,0
10,7,856,1,0,300,0.5,1700,0.5,2
10,8,110,0,0,300,0.5,1700,0.5,2
10,9,594,0,0,300,0.5,1700,0.5,1
10,10,574,0,0,500,0.6,1000,0.2,1400,0.2,1
10,11,242,1,0,500,0.6,1000,0.2,1400,0.2,0
10,12,689,1,0,500,0.6,1000,0.2,1400,0.2,2
10,13,788,2,10,5,0,500,0.6,1000,0.2,1400,0.2,2
10,14,425,2,10,5,0,500,0.6,1000,0.2,1400,0.2,1
11,0,293,0,0,300,0.5,1700,0.5,1
11,1,990,1,0,500,0.6,1000,0.2,1400,0.2,1
11,2,994,0,0,300,0.5,1700,0.5,2
11,3,294,0,0,500,0.6,1000,0.2,1400,0.2,1
11,4,240,1,0,500,0.6,1000,0.2,1400,0.2,0
11,5,964,2,10,5,0,500,0.6,1000,0.2,1400,0.2,1
11,6,631,0,0,500,0.6,1000,0.2,1400,0.2,1
11,7,544,0,0,300,0.5,1700,0.5,2
11,8,716,1,0,300,0.5,1700,0.5,2
11,9,634,0,0,300,0.5,1700,0.5,2
11,10,164,0,0,500,0.6,1000,0.2,1400,0.2,0
11,11,220,0,0,300,0.5,1700,0.5,1
11,12,591,0,0,300,0.5,1700,0.5,1
11,13,541,2,10,5,0,500,0.6,1000,0.2,1400,0.2,1
11,14,786,0,0,500,0.6,1000,0.2,1400,0.2,2
12,0,399,2,10,5,0,500,0.6,1000,0.2,1400,0.2,2
12,1,363,1,0,500,0.6,1000,0.2,1400,0.2,0
12,2,869,0,0,300,0.5,1700,0.5,0
12,3,698,1,0,300,0.5,1700,0.5,1
12,4,487,1,0,300,0.5,1700,0.5,1
12,5,801,1,0,300,0.5,1700,0.5,2
12,6,814,1,0,500,0.6,1000,0.2,1400,0.2,2
12,7,539,2,10,5,0,500,0.6,1000,0.2,1400,0.2,2
12,8,284,2,10,5,0,500,0.6,1000,0.2,1400,0.2,0
12,9,677,0,0,300,0.5,1700,0.5,2
12,10,172,2,10,5,0,500,0.6,1000,0.2,1400,0.2,2
12,11,883,1,0,300,0.5,1700,0.5,2
12,12,703,0,0,500,0.6,1000,0.2,1400,0.2,2
12,13,170,0,0,300,0.5,1700,0.5,1
12,14,378,1,0,300,0.5,1700,0.5,1
13,0,620,2,10,5,0,300,0.5,1700,0.5,0
13,1,176,1,0,300,0.5,1700,0.5,2
13,2,235,0,0,300,0.5,1700,0.5,1
13,3,638,1,0,300,0.5,1700,0.5,2
13,4,465,0,0,300,0.5,1700,0.5,2
13,5,240,0,0,500,0.6,1000,0.2,1400,0.2,1
13,6,876,1,0,500,0.6,1000,0.2,1400,0.2,0
13,7,306,2,10,5,0,300,0.5,1700,0.5,2
13,8,410,0,0,300,0.5,1700,0.5,0
13,9,671,0,0,500,0.6,1000,0.2,1400,0.2,0
13,10,223,2,10,5,0,300,0.5,1700,0.5,0
13,11,293,0,0,500,0.6,1000,0.2,1400,0.2,0
13,12,213,0,0,500,0.6,1000,0.2,1400,0.2,1
13,13,84,1,0,300,0.5,1700,0.5,0
13,14,453,1,0,500,0.6,1000,0.2,1400,0.2,0
14,0,225,2,10,5,0,300,0.5,1700,0.5,0
14,1,755,1,0,500,0.6,1000,0.2,1400,0.2,0
14,2,883,0,0,300,0.5,1700,0.5,0
14,3,546,1,0,500,0.6,1000,0.2,1400,0.2,2
14,4,949,1,0,300,0.5,1700,0.5,2
14,5,51,2,10,5,0,300,0.5,1700,0.5,2
14,6,457,2,10,5,0,500,0.6,1000,0.2,1400,0.2,0
14,7,499,2,10,5,0,500,0.6,1000,0.2,1400,0.2,1
14,8,170,2,10,5,0,300,0.5,1700,0.5,2
14,9,228,2,10,5,0,300,0.5,1700,0.5,1
14,10,711,2,10,5,0,300,0.5,1700,0.5,2
14,11,408,1,0,300,0.5,1700,0.5,1
14,12,697,0,0,500,0.6,1000,0.2,1400,0.2,0
14,13,316,1,0,500,0.6,1000,0.2,1400,0.2,0
14,14,140,1,0,500,0.6,1000,0.2,1400,0.2,1
