0,0,679,2,10,5,0,300,0.5,1700,0.5,0
0,1,995,0,0,500,0.6,1000,0.2,1400,0.2,0
0,2,562,1,0,300,0.5,1700,0.5,0
0,3,486,1,0,500,0.6,1000,0.2,1400,0.2,2
0,4,367,1,0,500,0.6,1000,0.2,1400,0.2,0
0,5,805,1,0,500,0.6,1000,0.2,1400,0.2,2
0,6,443,2,10,5,0,500,0.6,1000,0.2,1400,0.2,2
0,7,274,2,10,5,0,500,0.6,1000,0.2,1400,0.2,0
0,8,147,1,0,300,0.5,1700,0.5,1
0,9,549,1,0,500,0.6,1000,0.2,1400,0.2,1
0,10,151,2,10,5,0,300,0.5,1700,0.5,2
0,11,393,2,10,5,0,300,0.5,1700,0.5,0
0,12,862,0,0,500,0.6,1000,0.2,1400,0.2,0
0,13,541,0,0,500,0.6,1000,0.2,1400,0.2,0
0,14,903,0,0,500,0.6,1000,0.2,1400,0.2,2
1,0,695,1,0,500,0.6,1000,0.2,1400,0.2,2
1,1,371,1,0,500,0.6,1000,0.2,1400,0.2,1
1,2,412,0,0,300,0.5,1700,0.5,2
1,3,792,1,0,300,0.5,1700,0.5,1
1,4,37,0,0,500,0.6,1000,0.2,1400,0.2,2
1,5,554,2,10,5,0,500,0.6,1000,0.2,1400,0.2,1
1,6,494,2,10,5,0,500,0.6,1000,0.2,1400,0.2,0
1,7,267,0,0,300,0.5,1700,0.5,1
1,8,791,0,0,300,0.5,1700,0.5,1
1,9,699,2,10,5,0,300,0.5,1700,0.5,0
1,10,890,1,0,300,0.5,1700,0.5,0
1,11,453,0,0,500,0.6,1000,0.2,1400,0.2,0
1,12,94,0,0,300,0.5,1700,0.5,2
1,13,246,0,0,300,0.5,1700,0.5,0
1,14,26,0,0,500,0.6,1000,0.2,1400,0.2,1
2,0,392,0,0,500,0.6,1000,0.2,1400,0.2,2
2,1,355,0,0,500,0.6,1000,0.2,1400,0.2,2
2,2,482,2,10,5,0,300,0.5,1700,0.5,1
2,3,164,1,0,500,0.6,1000,0.2,1400,0.2,1
2,4,969,1,0,500,0.6,1000,0.2,1400,0.2,0
2,5,513,1,0,500,0.6,1000,0.2,1400,0.2,0
2,6,194,0,0,300,0.5,1700,0.5,2
2,7,96,2,10,5,0,300,0.5,1700,0.5,2
2,8,27,0,0,300,0.5,1700,0.5,0
2,9,258,2,10,5,0,300,0.5,1700,0.5,2
2,10,915,0,0,300,0.5,1700,0.5,2
2,11,405,0,0,500,0.6,1000,0.2,1400,0.2,2
2,12,53,0,0,500,0.6,1000,0.2,1400,0.2,0
2,13,335,1,0,500,0.6,1000,0.2,1400,0.2,1
2,14,915,2,10,5,0,300,0.5,1700,0.5,1
3,0,812,2,10,5,0,300,0.5,1700,0.5,2
3,1,192,1,0,500,0.6,1000,0.2,1400,0.2,0
3,2,13,0,0,300,0.5,1700,0.5,0
3,3,585,0,0,300,0.5,1700,0.5,1
3,4,966,1,0,500,0.6,1000,0.2,1400,0.2,2
3,5,331,2,10,5,0,500,0.6,1000,0.2,1400,0.2,1
3,6,205,1,0,500,0.6,1000,0.2,1400,0.2,0
3,7,699,2,10,5,0,500,0.6,1000,0.2,1400,0.2,2
3,8,165,1,0,300,0.5,1700,0.5,1
3,9,183,1,0,500,0.6,1000,0.2,1400,0.2,0
3,10,547,1,0,500,0.6,1000,0.2,1400,0.2,2
3,11,30,2,10,5,0,500,0.6,1000,0.2,1400,0.2,0
3,12,778,1,0,500,0.6,1000,0.2,1400,0.2,1
3,13,306,2,10,5,0,300,0.5,1700,0.5,2
3,14,619,1,0,300,0.5,1700,0.5,0
4,0,664,0,0,300,0.5,1700,0.5,1
4,1,864,0,0,500,0.6,1000,0.2,1400,0.2,0
4,2,489,1,0,300,0.5,1700,0.5,2
4,3,536,2,10,5,0,300,0.5,1700,0.5,0
4,4,921,2,10,5,0,500,0.6,1000,0.2,1400,0.2,1
4,5,628,1,0,300,0.5,1700,0.5,2
4,6,239,2,10,5,0,300,0.5,1700,0.5,2
4,7,345,0,0,500,0.6,1000,0.2,1400,0.2,1
4,8,822,0,0,500,0.6,1000,0.2,1400,0.2,1
4,9,712,1,0,300,0.5,1700,0.5,1
4,10,657,0,0,500,0.6,1000,0.2,1400,0.2,0
4,11,688,0,0,300,0.5,1700,0.5,0
4,12,643,0,0,300,0.5,1700,0.5,0
4,13,29,0,0,500,0.6,1000,0.2,1400,0.2,2
4,14,907,2,10,5,0,500,0.6,1000,0.2,1400,0.2,0
5,0,893,0,0,500,0.6,1000,0.2,1400,0.2,1
5,1,584,2,10,5,0,300,0.5,1700,0.5,1
5,2,990,0,0,500,0.6,1000,0.2,1400,0.2,0
5,3,167,0,0,300,0.5,1700,0.5,1
5,4,835,0,0,300,0.5,1700,0.5,2
5,5,598,1,0,500,0.6,1000,0.2,1400,0.2,0
5,6,542,2,10,5,0,300,0.5,1700,0.5,1
5,7,475,0,0,500,0.6,1000,0.2,1400,0.2,0
5,8,993,1,0,300,0.5,1700,0.5,2
5,9,603,1,0,300,0.5,1700,0.5,1
5,10,924,2,10,5,0,300,0.5,1700,0.5,2
5,11,86,1,0,300,0.5,1700,0.5,0
5,12,206,0,0,500,0.6,1000,0.2,1400,0.2,1
5,13,694,1,0,300,0.5,1700,0.5,2
5,14,99,1,0,300,0.5,1700,0.5,0
6,0,55,0,0,300,0.5,1700,0.5,1
6,1,17,2,10,5,0,300,0.5,1700,0.5,0
6,2,232,2,10,5,0,500,0.6,1000,0.2,1400,0.2,1
6,3,465,0,0,500,0.6,1000,0.2,1400,0.2,2
6,4,106,1,0,500,0.6,1000,0.2,1400,0.2,2
6,5,453,2,10,5,0,500,0.6,1000,0.2,1400,0.2,2
6,6,271,0,0,300,0.5,1700,0.5,1
6,7,165,1,0,300,0.5,1700,0.5,2
6,8,702,0,0,500,0.6,1000,0.2,1400,0.2,1
6,9,530,2,10,5,0,300,0.5,1700,0.5,0
6,10,355,1,0,300,0.5,1700,0.5,1
6,11,258,0,0,500,0.6,1000,0.2,1400,0.2,2
6,12,180,1,0,300,0.5,1700,0.5,0
6,13,372,0,0,500,0.6,1000,0.2,1400,0.2,0
6,14,27,1,0,500,0.6,1000,0.2,1400,0.2,1
7,0,652,1,0,500,0.6,1000,0.2,1400,0.2,2
7,1,92,1,0,500,0.6,1000,0.2,1400,0.2,0
7,2,716,0,0,300,0.5,1700,0.5,2
7,3,303,2,10,5,0,500,0.6,1000,0.2,1400,0.2,1
7,4,406,1,0,500,0.6,1000,0.2,1400,0.2,1
7,5,691,2,10,5,0,500,0.6,1000,0.2,1400,0.2,2
7,6,224,1,0,300,0.5,1700,0.5,0
7,7,287,2,10,5,0,500,0.6,1000,0.2,1400,0.2,2
7,8,934,0,0,500,0.6,1000,0.2,1400,0.2,2
7,9,85,1,0,500,0.6,1000,0.2,1400,0.2,0
7,10,436,2,10,5,0,300,0.5,1700,0.5,2
7,11,83,1,0,500,0.6,1000,0.2,1400,0.2,0
7,12,467,1,0,300,0.5,1700,0.5,2
7,13,480,2,10,5,0,300,0.5,1700,0.5,2
7,14,17,2,10,5,0,500,0.6,1000,0.2,1400,0.2,1
8,0,860,0,0,300,0.5,1700,0.5,0
8,1,671,1,0,500,0.6,1000,0.2,1400,0.2,1
8,2,355,0,0,300,0.5,1700,0.5,1
8,3,776,0,0,500,0.6,1000,0.2,1400,0.2,0
8,4,194,2,10,5,0,500,0.6,1000,0.2,1400,0.2,2
8,5,920,2,10,5,0,300,0.5,1700,0.5,0
8,6,29,2,10,5,0,500,0.6,1000,0.2,1400,0.2,1
8,7,418,1,0,500,0.6,1000,0.2,1400,0.2,0
8,8,212,1,0,300,0.5,1700,0.5,2
8,9,202,2,10,5,0,300,0.5,1700,0.5,0
8,10,324,2,10,5,0,500,0.6,1000,0.2,1400,0.2,0
8,11,210,2,10,5,0,300,0.5,1700,0.5,2
8,12,734,1,0,500,0.6,1000,0.2,1400,0.2,0
8,13,761,2,10,5,0,500,0.6,1000,0.2,1400,0.2,2
8,14,740,2,10,5,0,300,0.5,1700,0.5,1
9,0,734,2,10,5,0,500,0.6,1000,0.2,1400,0.2,0
9,1,466,2,10,5,0,300,0.5,1700,0.5,2
9,2,984,1,0,500,0.6,1000,0.2,1400,0.2,2
9,3,982,1,0,500,0.6,1000,0.2,1400,0.2,1
9,4,276,0,0,500,0.6,1000,0.2,1400,0.2,0
9,5,553,1,0,300,0.5,1700,0.5,2
9,6,44,0,0,500,0.6,1000,0.2,1400,0.2,2
9,7,991,0,0,500,0.6,1000,0.2,1400,0.2,0
9,8,269,2,10,5,0,500,0.6,1000,0.2,1400,0.2,2
9,9,811,0,0,300,0.5,1700,0.5,0
9,10,539,2,10,5,0,500,0.6,1000,0.2,1400,0.2,2
9,11,779,2,10,5,0,500,0.6,1000,0.2,1400,0.2,1
9,12,109,0,0,500,0.6,1000,0.2,1400,0.2,0
9,13,607,0,0,300,0.5,1700,0.5,0
9,14,675,0,0,300,0.5,1700,0.5,2
10,0,436,1,0,300,0.5,1700,0.5,2
10,1,640,1,0,500,0.6,1000,0.2,1400,0.2,2
10,2,691,1,0,500,0.6,1000,0.2,1400,0.2,1
10,3,670,1,0,500,0.6,1000,0.2,1400,0.2,2
10,4,543,1,0,300,0.5,1700,0.5,2
10,5,440,0,0,500,0.6,1000,0.2,1400,0.2,0
10,6,451,0,0,300,0.5,1700,0.5,2
10,7,828,2,10,5,0,300,0.5,1700,0.5,1
10,8,765,0,0,500,0.6,1000,0.2,1400,0.2,1
10,9,226,1,0,500,0.6,1000,0.2,1400,0.2,0
10,10,239,1,0,500,0.6,1000,0.2,1400,0.2,1
10,11,931,1,0,300,0.5,1700,0.5,0
10,12,522,2,10,5,0,300,0.5,1700,0.5,0
10,13,687,0,0,500,0.6,1000,0.2,1400,0.2,2
10,14,594,2,10,5,0,500,0.6,1000,0.2,1400,0.2,2
11,0,634,0,0,500,0.6,1000,0.2,1400,0.2,1
11,1,972,2,10,5,0,500,0.6,1000,0.2,1400,0.2,2
11,2,148,0,0,300,0.5,1700,0.5,0
11,3,943,2,10,5,0,500,0.6,1000,0.2,1400,0.2,1
11,4,750,1,0,500,0.6,1000,0.2,1400,0.2,1
11,5,171,0,0,300,0.5,1700,0.5,0
11,6,26,2,10,5,0,300,0.5,1700,0.5,0
11,7,586,1,0,300,0.5,1700,0.5,0
11,8,617,1,0,300,0.5,1700,0.5,1
11,9,273,2,10,5,0,500,0.6,1000,0.2,1400,0.2,2
11,10,73,2,10,5,0,500,0.6,1000,0.2,1400,0.2,2
11,11,834,0,0,500,0.6,1000,0.2,1400,0.2,0
11,12,742,1,0,500,0.6,1000,0.2,1400,0.2,2
11,13,459,2,10,5,0,500,0.6,1000,0.2,1400,0.2,0
11,14,336,1,0,500,0.6,1000,0.2,1400,0.2,0
12,0,420,1,0,500,0.6,1000,0.2,1400,0.2,0
12,1,750,2,10,5,0,300,0.5,1700,0.5,1
12,2,216,1,0,500,0.6,1000,0.2,1400,0.2,1
12,3,493,1,0,500,0.6,1000,0.2,1400,0.2,1
12,4,622,1,0,300,0.5,1700,0.5,0
12,5,907,2,10,5,0,500,0.6,1000,0.2,1400,0.2,1
12,6,196,2,10,5,0,500,0.6,1000,0.2,1400,0.2,1
12,7,666,2,10,5,0,300,0.5,1700,0.5,2
12,8,963,0,0,500,0.6,1000,0.2,1400,0.2,2
12,9,965,1,0,300,0.5,1700,0.5,1
12,10,429,0,0,500,0.6,1000,0.2,1400,0.2,0
12,11,839,2,10,5,0,500,0.6,1000,0.2,1400,0.2,1
12,12,773,1,0,300,0.5,1700,0.5,2
12,13,594,0,0,300,0.5,1700,0.5,1
12,14,218,0,0,300,0.5,1700,0.5,1
13,0,42,1,0,500,0.6,1000,0.2,1400,0.2,0
13,1,823,2,10,5,0,300,0.5,1700,0.5,2
13,2,537,1,0,300,0.5,1700,0.5,1
13,3,21,2,10,5,0,300,0.5,1700,0.5,0
13,4,708,1,0,500,0.6,1000,0.2,1400,0.2,0
13,5,551,2,10,5,0,300,0.5,1700,0.5,2
13,6,21,1,0,500,0.6,1000,0.2,1400,0.2,1
13,7,359,1,0,500,0.6,1000,0.2,1400,0.2,0
13,8,968,2,10,5,0,300,0.5,1700,0.5,1
13,9,609,1,0,300,0.5,1700,0.5,1
13,10,444,1,0,300,0.5,1700,0.5,1
13,11,667,0,0,300,0.5,1700,0.5,1
13,12,667,2,10,5,0,300,0.5,1700,0.5,1
13,13,565,1,0,500,0.6,1000,0.2,1400,0.2,0
13,14,148,1,0,300,0.5,1700,0.5,0
14,0,639,0,0,300,0.5,1700,0.5,1
14,1,413,2,10,5,0,500,0.6,1000,0.2,1400,0.2,0
14,2,563,0,0,300,0.5,1700,0.5,1
14,3,362,0,0,300,0.5,1700,0.5,2
14,4,115,2,10,5,0,300,0.5,1700,0.5,1
14,5,205,0,0,500,0.6,1000,0.2,1400,0.2,0
14,6,308,0,0,300,0.5,1700,0.5,2
14,7,673,0,0,300,0.5,1700,0.5,2
14,8,609,1,0,300,0.5,1700,0.5,0
14,9,114,1,0,500,0.6,1000,0.2,1400,0.2,1
14,10,752,2,10,5,0,300,0.5,1700,0.5,0
14,11,539,1,0,500,0.6,1000,0.2,1400,0.2,1
14,12,311,0,0,500,0.6,1000,0.2,1400,0.2,1
14,13,315,0,0,500,0.6,1000,0.2,1400,0.2,0
14,14,177,1,0,300,0.5,1700,0.5,1
