0,0,245,2,10,5,0,300,0.5,1700,0.5,1
0,1,961,2,10,5,0,500,0.6,1000,0.2,1400,0.2,0
0,2,152,1,0,500,0.6,1000,0.2,1400,0.2,1
0,3,203,2,10,5,0,500,0.6,1000,0.2,1400,0.2,0
0,4,747,2,10,5,0,300,0.5,1700,0.5,1
0,5,862,2,10,5,0,500,0.6,1000,0.2,1400,0.2,2
0,6,918,2,10,5,0,500,0.6,1000,0.2,1400,0.2,2
0,7,340,0,0,300,0.5,1700,0.5,0
0,8,855,0,0,300,0.5,1700,0.5,0
0,9,818,1,0,300,0.5,1700,0.5,1
0,10,185,2,10,5,0,300,0.5,1700,0.5,1
0,11,328,1,0,300,0.5,1700,0.5,2
0,12,148,2,10,5,0,300,0.5,1700,0.5,2
0,13,345,0,0,300,0.5,1700,0.5,0
0,14,967,1,0,300,0.5,1700,0.5,1
1,0,11,0,0,300,0.5,1700,0.5,1
1,1,42,0,0,500,0.6,1000,0.2,1400,0.2,2
1,2,591,2,10,5,0,500,0.6,1000,0.2,1400,0.2,0
1,3,375,2,10,5,0,300,0.5,1700,0.5,2
1,4,274,0,0,300,0.5,1700,0.5,0
1,5,784,1,0,500,0.6,1000,0.2,1400,0.2,0
1,6,990,2,10,5,0,300,0.5,1700,0.5,0
1,7,377,2,10,5,0,500,0.6,1000,0.2,1400,0.2,2
1,8,554,0,0,300,0.5,1700,0.5,1
1,9,642,2,10,5,0,300,0.5,1700,0.5,1
1,10,54,1,0,500,0.6,1000,0.2,1400,0.2,0
1,11,459,0,0,300,0.5,1700,0.5,0
1,12,158,1,0,500,0.6,1000,0.2,1400,0.2,1
1,13,487,2,10,5,0,500,0.6,1000,0.2,1400,0.2,2
1,14,342,2,10,5,0,300,0.5,1700,0.5,0
2,0,654,1,0,300,0.5,1700,0.5,0
2,1,731,0,0,500,0.6,1000,0.2,1400,0.2,0
2,2,637,1,0,300,0.5,1700,0.5,2
2,3,146,2,10,5,0,300,0.5,1700,0.5,0
2,4,16,2,10,5,0,500,0.6,1000,0.2,1400,0.2,2
2,5,253,2,10,5,0,300,0.5,1700,0.5,1
2,6,634,1,0,300,0.5,1700,0.5,0
2,7,624,0,0,500,0.6,1000,0.2,1400,0.2,0
2,8,432,2,10,5,0,500,0.6,1000,0.2,1400,0.2,1
2,9,452,0,0,300,0.5,1700,0.5,1
2,10,243,1,0,500,0.6,1000,0.2,1400,0.2,0
2,11,952,0,0,300,0.5,1700,0.5,1
2,12,984,1,0,300,0.5,1700,0.5,1
2,13,85,2,10,5,0,500,0.6,1000,0.2,1400,0.2,2
2,14,907,1,0,500,0.6,1000,0.2,1400,0.2,0
3,0,239,0,0,500,0.6,1000,0.2,1400,0.2,0
3,1,348,0,0,500,0.6,1000,0.2,1400,0.2,0
3,2,237,0,0,300,0.5,1700,0.5,2
3,3,289,0,0,300,0.5,1700,0.5,2
3,4,933,1,0,300,0.5,1700,0.5,2
3,5,107,0,0,500,0.6,1000,0.2,1400,0.2,1
3,6,396,1,0,500,0.6,1000,0.2,1400,0.2,2
3,7,497,1,0,300,0.5,1700,0.5,2
3,8,91,2,10,5,0,500,0.6,1000,0.2,1400,0.2,0
3,9,600,0,0,300,0.5,1700,0.5,0
3,10,171,2,10,5,0,300,0.5,1700,0.5,0
3,11,445,0,0,500,0.6,1000,0.2,1400,0.2,0
3,12,245,1,0,300,0.5,1700,0.5,2
3,13,934,2,10,5,0,500,0.6,1000,0.2,1400,0.2,1
3,14,41,1,0,300,0.5,1700,0.5,0
4,0,993,2,10,5,0,500,0.6,1000,0.2,1400,0.2,2
4,1,660,1,0,300,0.5,1700,0.5,0
4,2,963,0,0,500,0.6,1000,0.2,1400,0.2,1
4,3,561,2,10,5,0,500,0.6,1000,0.2,1400,0.2,2
4,4,543,0,0,500,0.6,1000,0.2,1400,0.2,2
4,5,723,0,0,500,0.6,1000,0.2,1400,0.2,1
4,6,47,2,10,5,0,500,0.6,1000,0.2,1400,0.2,0
4,7,400,0,0,500,0.6,1000,0.2,1400,0.2,0
4,8,302,0,0,500,0.6,1000,0.2,1400,0.2,2
4,9,809,2,10,5,0,300,0.5,1700,0.5,2
4,10,205,2,10,5,0,500,0.6,1000,0.2,1400,0.2,2
4,11,340,2,10,5,0,500,0.6,1000,0.2,1400,0.2,2
4,12,122,2,10,5,0,300,0.5,1700,0.5,2
4,13,613,0,0,500,0.6,1000,0.2,1400,0.2,2
4,14,454,2,10,5,0,500,0.6,1000,0.2,1400,0.2,0
5,0,543,0,0,300,0.5,1700,0.5,1
5,1,789,0,0,300,0.5,1700,0.5,1
5,2,989,1,0,500,0.6,1000,0.2,1400,0.2,2
5,3,746,2,10,5,0,300,0.5,1700,0.5,0
5,4,241,0,0,300,0.5,1700,0.5,0
5,5,604,0,0,300,0.5,1700,0.5,2
5,6,180,0,0,500,0.6,1000,0.2,1400,0.2,2
5,7,960,2,10,5,0,500,0.6,1000,0.2,1400,0.2,1
5,8,424,2,10,5,0,500,0.6,1000,0.2,1400,0.2,1
5,9,293,2,10,5,0,300,0.5,1700,0.5,2
5,10,723,0,0,300,0.5,1700,0.5,0
5,11,842,0,0,300,0.5,1700,0.5,2
5,12,664,0,0,500,0.6,1000,0.2,1400,0.2,1
5,13,864,2,10,5,0,500,0.6,1000,0.2,1400,0.2,2
5,14,863,1,0,500,0.6,1000,0.2,1400,0.2,2
6,0,618,1,0,300,0.5,1700,0.5,0
6,1,712,1,0,500,0.6,1000,0.2,1400,0.2,1
6,2,682,1,0,500,0.6,1000,0.2,1400,0.2,1
6,3,538,1,0,500,0.6,1000,0.2,1400,0.2,0
6,4,624,0,0,300,0.5,1700,0.5,1
6,5,62,0,0,300,0.5,1700,0.5,1
6,6,177,0,0,300,0.5,1700,0.5,2
6,7,495,1,0,300,0.5,1700,0.5,0
6,8,370,1,0,300,0.5,1700,0.5,2
6,9,656,1,0,300,0.5,1700,0.5,1
6,10,869,0,0,500,0.6,1000,0.2,1400,0.2,2
6,11,655,0,0,500,0.6,1000,0.2,1400,0.2,2
6,12,576,0,0,500,0.6,1000,0.2,1400,0.2,1
6,13,306,2,10,5,0,500,0.6,1000,0.2,1400,0.2,0
6,14,945,1,0,500,0.6,1000,0.2,1400,0.2,0
7,0,685,2,10,5,0,500,0.6,1000,0.2,1400,0.2,1
7,1,795,0,0,500,0.6,1000,0.2,1400,0.2,0
7,2,534,2,10,5,0,300,0.5,1700,0.5,0
7,3,538,1,0,300,0.5,1700,0.5,2
7,4,617,0,0,300,0.5,1700,0.5,1
7,5,797,0,0,300,0.5,1700,0.5,0
7,6,35,2,10,5,0,300,0.5,1700,0.5,1
7,7,874,0,0,300,0.5,1700,0.5,2
7,8,226,1,0,300,0.5,1700,0.5,2
7,9,760,1,0,300,0.5,1700,0.5,0
7,10,972,0,0,300,0.5,1700,0.5,1
7,11,785,1,0,300,0.5,1700,0.5,1
7,12,369,0,0,500,0.6,1000,0.2,1400,0.2,0
7,13,824,2,10,5,0,300,0.5,1700,0.5,2
7,14,306,2,10,5,0,300,0.5,1700,0.5,1
8,0,943,2,10,5,0,300,0.5,1700,0.5,2
8,1,266,0,0,500,0.6,1000,0.2,1400,0.2,2
8,2,192,2,10,5,0,500,0.6,1000,0.2,1400,0.2,1
8,3,273,1,0,500,0.6,1000,0.2,1400,0.2,2
8,4,790,2,10,5,0,500,0.6,1000,0.2,1400,0.2,2
8,5,261,0,0,500,0.6,1000,0.2,1400,0.2,2
8,6,42,2,10,5,0,300,0.5,1700,0.5,1
8,7,550,2,10,5,0,300,0.5,1700,0.5,1
8,8,406,0,0,500,0.6,1000,0.2,1400,0.2,2
8,9,936,1,0,300,0.5,1700,0.5,0
8,10,310,1,0,500,0.6,1000,0.2,1400,0.2,1
8,11,235,1,0,300,0.5,1700,0.5,1
8,12,424,2,10,5,0,500,0.6,1000,0.2,1400,0.2,2
8,13,484,2,10,5,0,500,0.6,1000,0.2,1400,0.2,0
8,14,793,0,0,500,0.6,1000,0.2,1400,0.2,2
9,0,926,1,0,500,0.6,1000,0.2,1400,0.2,0
9,1,729,0,0,500,0.6,1000,0.2,1400,0.2,1
9,2,528,0,0,500,0.6,1000,0.2,1400,0.2,0
9,3,383,2,10,5,0,300,0.5,1700,0.5,0
9,4,554,2,10,5,0,300,0.5,1700,0.5,2
9,5,332,1,0,300,0.5,1700,0.5,2
9,6,336,2,10,5,0,500,0.6,1000,0.2,1400,0.2,0
9,7,663,1,0,500,0.6,1000,0.2,1400,0.2,1
9,8,838,1,0,500,0.6,1000,0.2,1400,0.2,0
9,9,516,0,0,500,0.6,1000,0.2,1400,0.2,1
9,10,112,1,0,300,0.5,1700,0.5,2
9,11,932,0,0,500,0.6,1000,0.2,1400,0.2,0
9,12,492,2,10,5,0,500,0.6,1000,0.2,1400,0.2,0
9,13,555,2,10,5,0,300,0.5,1700,0.5,2
9,14,999,0,0,300,0.5,1700,0.5,1
10,0,346,2,10,5,0,300,0.5,1700,0.5,0
10,1,898,0,0,300,0.5,1700,0.5,2
10,2,776,0,0,500,0.6,1000,0.2,1400,0.2,0
10,3,607,0,0,300,0.5,1700,0.5,1
10,4,969,0,0,300,0.5,1700,0.5,1
10,5,112,1,0,300,0.5,1700,0.5,0
10,6,254,1,0,300,0.5,1700,0.5,0
10,7,795,0,0,500,0.6,1000,0.2,1400,0.2,2
10,8,495,0,0,500,0.6,1000,0.2,1400,0.2,2
10,9,183,1,0,300,0.5,1700,0.5,2
10,10,595,2,10,5,0,300,0.5,1700,0.5,0
10,11,136,0,0,500,0.6,1000,0.2,1400,0.2,1
10,12,901,0,0,300,0.5,1700,0.5,2
10,13,341,1,0,300,0.5,1700,0.5,1
10,14,747,1,0,300,0.5,1700,0.5,0
11,0,573,2,10,5,0,500,0.6,1000,0.2,1400,0.2,2
11,1,365,1,0,500,0.6,1000,0.2,1400,0.2,2
11,2,306,0,0,300,0.5,1700,0.5,0
11,3,122,1,0,300,0.5,1700,0.5,2
11,4,110,0,0,500,0.6,1000,0.2,1400,0.2,0
11,5,789,2,10,5,0,500,0.6,1000,0.2,1400,0.2,1
11,6,684,2,10,5,0,300,0.5,1700,0.5,2
11,7,389,1,0,300,0.5,1700,0.5,2
11,8,430,2,10,5,0,300,0.5,1700,0.5,0
11,9,423,2,10,5,0,300,0.5,1700,0.5,0
11,10,131,0,0,500,0.6,1000,0.2,1400,0.2,0
11,11,777,2,10,5,0,300,0.5,1700,0.5,1
11,12,635,2,10,5,0,500,0.6,1000,0.2,1400,0.2,2
11,13,633,2,10,5,0,300,0.5,1700,0.5,0
11,14,848,2,10,5,0,300,0.5,1700,0.5,0
12,0,302,1,0,500,0.6,1000,0.2,1400,0.2,1
12,1,463,0,0,300,0.5,1700,0.5,0
12,2,168,1,0,500,0.6,1000,0.2,1400,0.2,2
12,3,245,0,0,500,0.6,1000,0.2,1400,0.2,0
12,4,378,2,10,5,0,500,0.6,1000,0.2,1400,0.2,2
12,5,397,2,10,5,0,500,0.6,1000,0.2,1400,0.2,2
12,6,429,2,10,5,0,300,0.5,1700,0.5,1
12,7,514,2,10,5,0,300,0.5,1700,0.5,0
12,8,977,1,0,300,0.5,1700,0.5,2
12,9,577,1,0,300,0.5,1700,0.5,0
12,10,807,0,0,500,0.6,1000,0.2,1400,0.2,0
12,11,651,2,10,5,0,500,0.6,1000,0.2,1400,0.2,1
12,12,166,0,0,300,0.5,1700,0.5,1
12,13,312,1,0,500,0.6,1000,0.2,1400,0.2,1
12,14,795,1,0,300,0.5,1700,0.5,1
13,0,998,0,0,500,0.6,1000,0.2,1400,0.2,2
13,1,801,1,0,500,0.6,1000,0.2,1400,0.2,0
13,2,236,2,10,5,0,300,0.5,1700,0.5,1
13,3,791,1,0,500,0.6,1000,0.2,1400,0.2,0
13,4,405,1,0,500,0.6,1000,0.2,1400,0.2,0
13,5,165,0,0,500,0.6,1000,0.2,1400,0.2,1
13,6,383,0,0,500,0.6,1000,0.2,1400,0.2,2
13,7,464,0,0,300,0.5,1700,0.5,2
13,8,599,0,0,300,0.5,1700,0.5,1
13,9,144,0,0,300,0.5,1700,0.5,1
13,10,531,2,10,5,0,300,0.5,1700,0.5,0
13,11,13,1,0,300,0.5,1700,0.5,2
13,12,327,0,0,500,0.6,1000,0.2,1400,0.2,2
13,13,800,0,0,300,0.5,1700,0.5,0
13,14,197,0,0,300,0.5,1700,0.5,1
14,0,272,0,0,500,0.6,1000,0.2,1400,0.2,2
14,1,564,0,0,500,0.6,1000,0.2,1400,0.2,2
14,2,392,0,0,300,0.5,1700,0.5,1
14,3,217,2,10,5,0,500,0.6,1000,0.2,1400,0.2,2
14,4,386,1,0,500,0.6,1000,0.2,1400,0.2,0
14,5,143,0,0,300,0.5,1700,0.5,1
14,6,432,0,0,500,0.6,1000,0.2,1400,0.2,2
14,7,590,2,10,5,0,500,0.6,1000,0.2,1400,0.2,2
14,8,326,0,0,300,0.5,1700,0.5,0
14,9,177,0,0,500,0.6,1000,0.2,1400,0.2,2
14,10,76,0,0,300,0.5,1700,0.5,1
14,11,803,2,10,5,0,300,0.5,1700,0.5,0
14,12,146,1,0,300,0.5,1700,0.5,1
14,13,867,0,0,300,0.5,1700,0.5,0
14,14,670,2,10,5,0,500,0.6,1000,0.2,1400,0.2,2
