0,0,116,0,0,500,0.6,1000,0.2,1400,0.2,0
0,1,804,2,10,5,0,500,0.6,1000,0.2,1400,0.2,1
0,2,35,0,0,300,0.5,1700,0.5,1
0,3,292,1,0,300,0.5,1700,0.5,0
0,4,871,2,10,5,0,300,0.5,1700,0.5,2
0,5,442,1,0,500,0.6,1000,0.2,1400,0.2,0
0,6,711,0,0,300,0.5,1700,0.5,0
0,7,758,1,0,300,0.5,1700,0.5,0
0,8,253,2,10,5,0,300,0.5,1700,0.5,1
0,9,757,2,10,5,0,300,0.5,1700,0.5,0
0,10,490,1,0,300,0.5,1700,0.5,2
0,11,158,0,0,300,0.5,1700,0.5,2
0,12,992,2,10,5,0,500,0.6,1000,0.2,1400,0.2,2
0,13,610,0,0,300,0.5,1700,0.5,0
0,14,881,1,0,300,0.5,1700,0.5,0
1,0,764,0,0,500,0.6,1000,0.2,1400,0.2,0
1,1,284,1,0,500,0.6,1000,0.2,1400,0.2,1
1,2,231,1,0,300,0.5,1700,0.5,0
1,3,163,0,0,500,0.6,1000,0.2,1400,0.2,0
1,4,672,2,10,5,0,500,0.6,1000,0.2,1400,0.2,2
1,5,811,0,0,300,0.5,1700,0.5,2
1,6,149,0,0,300,0.5,1700,0.5,2
1,7,843,1,0,300,0.5,1700,0.5,0
1,8,728,2,10,5,0,300,0.5,1700,0.5,0
1,9,672,0,0,500,0.6,1000,0.2,1400,0.2,2
1,10,974,2,10,5,0,300,0.5,1700,0.5,1
1,11,211,2,10,5,0,300,0.5,1700,0.5,2
1,12,692,0,0,300,0.5,1700,0.5,1
1,13,890,1,0,500,0.6,1000,0.2,1400,0.2,0
1,14,483,0,0,300,0.5,1700,0.5,0
2,0,610,0,0,500,0.6,1000,0.2,1400,0.2,1
2,1,752,2,10,5,0,300,0.5,1700,0.5,2
2,2,608,2,10,5,0,500,0.6,1000,0.2,1400,0.2,1
2,3,921,1,0,300,0.5,1700,0.5,1
2,4,274,2,10,5,0,300,0.5,1700,0.5,2
2,5,383,0,0,300,0.5,1700,0.5,1
2,6,654,2,10,5,0,300,0.5,1700,0.5,1
2,7,929,2,10,5,0,500,0.6,1000,0.2,1400,0.2,2
2,8,204,1,0,500,0.6,1000,0.2,1400,0.2,1
2,9,750,0,0,300,0.5,1700,0.5,1
2,10,187,2,10,5,0,300,0.5,1700,0.5,1
2,11,446,1,0,500,0.6,1000,0.2,1400,0.2,1
2,12,303,0,0,300,0.5,1700,0.5,0
2,13,140,2,10,5,0,300,0.5,1700,0.5,0
2,14,179,0,0,500,0.6,1000,0.2,1400,0.2,1
3,0,980,0,0,300,0.5,1700,0.5,0
3,1,798,2,10,5,0,500,0.6,1000,0.2,1400,0.2,2
3,2,760,0,0,500,0.6,1000,0.2,1400,0.2,1
3,3,192,2,10,5,0,300,0.5,1700,0.5,2
3,4,302,1,0,500,0.6,1000,0.2,1400,0.2,2
3,5,806,1,0,500,0.6,1000,0.2,1400,0.2,0
3,6,635,2,10,5,0,500,0.6,1000,0.2,1400,0.2,2
3,7,96,0,0,500,0.6,1000,0.2,1400,0.2,1
3,8,97,2,10,5,0,500,0.6,1000,0.2,1400,0.2,2
3,9,33,0,0,500,0.6,1000,0.2,1400,0.2,2
3,10,677,0,0,500,0.6,1000,0.2,1400,0.2,2
3,11,195,2,10,5,0,500,0.6,1000,0.2,1400,0.2,1
3,12,256,2,10,5,0,500,0.6,1000,0.2,1400,0.2,0
3,13,736,1,0,500,0.6,1000,0.2,1400,0.2,2
3,14,758,2,10,5,0,500,0.6,1000,0.2,1400,0.2,2
4,0,814,2,10,5,0,300,0.5,1700,0.5,0
4,1,39,0,0,300,0.5,1700,0.5,1
4,2,337,0,0,500,0.6,1000,0.2,1400,0.2,2
4,3,366,2,10,5,0,300,0.5,1700,0.5,2
4,4,234,2,10,5,0,500,0.6,1000,0.2,1400,0.2,0
4,5,797,0,0,500,0.6,1000,0.2,1400,0.2,1
4,6,727,0,0,300,0.5,1700,0.5,0
4,7,371,0,0,300,0.5,1700,0.5,1
4,8,574,2,10,5,0,300,0.5,1700,0.5,0
4,9,448,1,0,300,0.5,1700,0.5,0
4,10,216,1,0,300,0.5,1700,0.5,1
4,11,931,2,10,5,0,500,0.6,1000,0.2,1400,0.2,1
4,12,441,0,0,300,0.5,1700,0.5,0
4,13,98,2,10,5,0,300,0.5,1700,0.5,0
4,14,551,2,10,5,0,500,0.6,1000,0.2,1400,0.2,1
5,0,81,2,10,5,0,300,0.5,1700,0.5,1
5,1,468,2,10,5,0,500,0.6,1000,0.2,1400,0.2,1
5,2,180,2,10,5,0,500,0.6,1000,0.2,1400,0.2,1
5,3,308,2,10,5,0,300,0.5,1700,0.5,2
5,4,677,0,0,500,0.6,1000,0.2,1400,0.2,0
5,5,734,1,0,500,0.6,1000,0.2,1400,0.2,0
5,6,473,2,10,5,0,500,0.6,1000,0.2,1400,0.2,1
5,7,579,1,0,500,0.6,1000,0.2,1400,0.2,2
5,8,383,2,10,5,0,500,0.6,1000,0.2,1400,0.2,1
5,9,503,2,10,5,0,500,0.6,1000,0.2,1400,0.2,2
5,10,975,0,0,500,0.6,1000,0.2,1400,0.2,2
5,11,852,2,10,5,0,500,0.6,1000,0.2,1400,0.2,2
5,12,520,0,0,300,0.5,1700,0.5,2
5,13,861,0,0,500,0.6,1000,0.2,1400,0.2,0
5,14,603,2,10,5,0,500,0.6,1000,0.2,1400,0.2,2
6,0,912,1,0,300,0.5,1700,0.5,1
6,1,533,1,0,500,0.6,1000,0.2,1400,0.2,1
6,2,982,1,0,500,0.6,1000,0.2,1400,0.2,0
6,3,237,2,10,5,0,500,0.6,1000,0.2,1400,0.2,1
6,4,54,0,0,300,0.5,1700,0.5,1
6,5,814,2,10,5,0,300,0.5,1700,0.5,1
6,6,516,0,0,300,0.5,1700,0.5,0
6,7,473,2,10,5,0,300,0.5,1700,0.5,2
6,8,225,0,0,500,0.6,1000,0.2,1400,0.2,2
6,9,501,2,10,5,0,500,0.6,1000,0.2,1400,0.2,1
6,10,933,1,0,300,0.5,1700,0.5,1
6,11,119,0,0,300,0.5,1700,0.5,1
6,12,335,2,10,5,0,300,0.5,1700,0.5,0
6,13,730,0,0,500,0.6,1000,0.2,1400,0.2,2
6,14,994,0,0,500,0.6,1000,0.2,1400,0.2,2
7,0,938,0,0,300,0.5,1700,0.5,2
7,1,919,2,10,5,0,300,0.5,1700,0.5,0
7,2,128,0,0,500,0.6,1000,0.2,1400,0.2,1
7,3,508,0,0,500,0.6,1000,0.2,1400,0.2,0
7,4,84,1,0,300,0.5,1700,0.5,0
7,5,546,0,0,300,0.5,1700,0.5,1
7,6,516,2,10,5,0,500,0.6,1000,0.2,1400,0.2,0
7,7,771,2,10,5,0,500,0.6,1000,0.2,1400,0.2,0
7,8,848,0,0,500,0.6,1000,0.2,1400,0.2,2
7,9,360,0,0,500,0.6,1000,0.2,1400,0.2,2
7,10,271,2,10,5,0,300,0.5,1700,0.5,1
7,11,352,2,10,5,0,500,0.6,1000,0.2,1400,0.2,0
7,12,840,2,10,5,0,300,0.5,1700,0.5,2
7,13,146,2,10,5,0,500,0.6,1000,0.2,1400,0.2,2
7,14,616,2,10,5,0,500,0.6,1000,0.2,1400,0.2,1
8,0,473,1,0,300,0.5,1700,0.5,1
8,1,87,0,0,500,0.6,1000,0.2,1400,0.2,2
8,2,751,1,0,300,0.5,1700,0.5,0
8,3,257,1,0,500,0.6,1000,0.2,1400,0.2,2
8,4,675,2,10,5,0,500,0.6,1000,0.2,1400,0.2,2
8,5,576,1,0,500,0.6,1000,0.2,1400,0.2,0
8,6,309,0,0,500,0.6,1000,0.2,1400,0.2,0
8,7,217,1,0,300,0.5,1700,0.5,1
8,8,136,1,0,300,0.5,1700,0.5,1
8,9,671,1,0,300,0.5,1700,0.5,1
8,10,305,2,10,5,0,300,0.5,1700,0.5,1
8,11,458,2,10,5,0,500,0.6,1000,0.2,1400,0.2,0
8,12,696,0,0,500,0.6,1000,0.2,1400,0.2,1
8,13,889,1,0,500,0.6,1000,0.2,1400,0.2,1
8,14,917,0,0,300,0.5,1700,0.5,0
9,0,452,2,10,5,0,300,0.5,1700,0.5,0
9,1,359,0,0,300,0.5,1700,0.5,1
9,2,162,0,0,500,0.6,1000,0.2,1400,0.2,1
9,3,844,0,0,300,0.5,1700,0.5,0
9,4,334,1,0,300,0.5,1700,0.5,2
9,5,429,1,0,500,0.6,1000,0.2,1400,0.2,1
9,6,800,2,10,5,0,500,0.6,1000,0.2,1400,0.2,1
9,7,749,0,0,500,0.6,1000,0.2,1400,0.2,1
9,8,587,2,10,5,0,500,0.6,1000,0.2,1400,0.2,0
9,9,494,2,10,5,0,500,0.6,1000,0.2,1400,0.2,2
9,10,534,1,0,300,0.5,1700,0.5,1
9,11,632,2,10,5,0,300,0.5,1700,0.5,0
9,12,955,1,0,500,0.6,1000,0.2,1400,0.2,1
9,13,447,2,10,5,0,500,0.6,1000,0.2,1400,0.2,0
9,14,77,0,0,300,0.5,1700,0.5,0
10,0,861,1,0,300,0.5,1700,0.5,2
10,1,784,1,0,500,0.6,1000,0.2,1400,0.2,0
10,2,690,0,0,300,0.5,1700,0.5,2
10,3,926,0,0,300,0.5,1700,0.5,1
10,4,94,2,10,5,0,500,0.6,1000,0.2,1400,0.2,1
10,5,366,2,10,5,0,500,0.6,1000,0.2,1400,0.2,0
10,6,423,2,10,5,0,500,0.6,1000,0.2,1400,0.2,1
10,7,166,0,0,300,0.5,1700,0.5,1
10,8,182,2,10,5,0,300,0.5,1700,0.5,0
10,9,487,0,0,300,0.5,1700,0.5,1
10,10,579,0,0,300,0.5,1700,0.5,0
10,11,595,1,0,500,0.6,1000,0.2,1400,0.2,2
10,12,634,0,0,500,0.6,1000,0.2,1400,0.2,1
10,13,55,1,0,500,0.6,1000,0.2,1400,0.2,1
10,14,16,0,0,300,0.5,1700,0.5,2
11,0,296,1,0,500,0.6,1000,0.2,1400,0.2,1
11,1,847,1,0,300,0.5,1700,0.5,1
11,2,735,0,0,300,0.5,1700,0.5,1
11,3,759,2,10,5,0,300,0.5,1700,0.5,0
11,4,771,0,0,500,0.6,1000,0.2,1400,0.2,0
11,5,220,2,10,5,0,500,0.6,1000,0.2,1400,0.2,2
11,6,420,2,10,5,0,300,0.5,1700,0.5,1
11,7,246,1,0,300,0.5,1700,0.5,1
11,8,773,2,10,5,0,300,0.5,1700,0.5,2
11,9,218,0,0,300,0.5,1700,0.5,2
11,10,932,1,0,500,0.6,1000,0.2,1400,0.2,1
11,11,37,1,0,500,0.6,1000,0.2,1400,0.2,0
11,12,393,2,10,5,0,500,0.6,1000,0.2,1400,0.2,1
11,13,989,1,0,500,0.6,1000,0.2,1400,0.2,2
11,14,473,0,0,500,0.6,1000,0.2,1400,0.2,1
12,0,586,1,0,500,0.6,1000,0.2,1400,0.2,0
12,1,349,1,0,300,0.5,1700,0.5,0
12,2,606,1,0,300,0.5,1700,0.5,2
12,3,712,0,0,500,0.6,1000,0.2,1400,0.2,1
12,4,817,2,10,5,0,300,0.5,1700,0.5,0
12,5,128,2,10,5,0,300,0.5,1700,0.5,2
12,6,877,0,0,300,0.5,1700,0.5,1
12,7,174,1,0,300,0.5,1700,0.5,0
12,8,206,2,10,5,0,500,0.6,1000,0.2,1400,0.2,0
12,9,361,0,0,500,0.6,1000,0.2,1400,0.2,0
12,10,964,2,10,5,0,500,0.6,1000,0.2,1400,0.2,1
12,11,789,0,0,500,0.6,1000,0.2,1400,0.2,1
12,12,318,1,0,300,0.5,1700,0.5,1
12,13,801,2,10,5,0,300,0.5,1700,0.5,0
12,14,311,0,0,500,0.6,1000,0.2,1400,0.2,2
13,0,215,1,0,500,0.6,1000,0.2,1400,0.2,1
13,1,178,2,10,5,0,300,0.5,1700,0.5,2
13,2,290,0,0,300,0.5,1700,0.5,1
13,3,804,2,10,5,0,500,0.6,1000,0.2,1400,0.2,0
13,4,509,0,0,300,0.5,1700,0.5,1
13,5,38,2,10,5,0,300,0.5,1700,0.5,2
13,6,375,1,0,300,0.5,1700,0.5,0
13,7,414,0,0,300,0.5,1700,0.5,2
13,8,147,0,0,300,0.5,1700,0.5,2
13,9,205,0,0,300,0.5,1700,0.5,1
13,10,594,0,0,300,0.5,1700,0.5,0
13,11,87,1,0,500,0.6,1000,0.2,1400,0.2,1
13,12,540,1,0,500,0.6,1000,0.2,1400,0.2,1
13,13,17,0,0,300,0.5,1700,0.5,0
13,14,410,1,0,500,0.6,1000,0.2,1400,0.2,1
14,0,699,1,0,300,0.5,1700,0.5,2
14,1,390,0,0,300,0.5,1700,0.5,0
14,2,745,1,0,300,0.5,1700,0.5,2
14,3,243,2,10,5,0,500,0.6,1000,0.2,1400,0.2,2
14,4,913,2,10,5,0,500,0.6,1000,0.2,1400,0.2,1
14,5,974,1,0,500,0.6,1000,0.2,1400,0.2,1
14,6,423,2,10,5,0,300,0.5,1700,0.5,2
14,7,538,0,0,300,0.5,1700,0.5,0
14,8,721,2,10,5,0,500,0.6,1000,0.2,1400,0.2,2
14,9,378,2,10,5,0,300,0.5,1700,0.5,1
14,10,278,2,10,5,0,500,0.6,1000,0.2,1400,0.2,1
14,11,610,0,0,500,0.6,1000,0.2,1400,0.2,1
14,12,434,1,0,500,0.6,1000,0.2,1400,0.2,2
14,13,290,0,0,500,0.6,1000,0.2,1400,0.2,0
14,14,532,2,10,5,0,300,0.5,1700,0.5,1
