0,7,2,1
0,7,2
0,3
0,3,4
0,7,2,18,5
0,7,8,6
0,7
0,7,8
0,11,19,9
0,3,10
0,11
0,7,8,12
0,11,14,13
0,11,14
0,7,2,15
0,11,16
0,3,10,17
0,7,2,18
0,11,19
1,2,7,0
1,2
1,2,7,0,3
1,18,5,6,4
1,18,5
1,18,5,6
1,2,7
1,2,7,8
1,2,14,11,19,9
1,18,5,6,10
1,2,14,11
1,2,15,12
1,13
1,2,14
1,2,15
1,2,14,11,16
1,18,5,6,17
1,18
1,2,14,11,19
2,7,0
2,1
2,7,0,3
2,18,5,6,4
2,18,5
2,18,5,6
2,7
2,7,8
2,14,11,19,9
2,18,5,6,10
2,14,11
2,15,12
2,1,13
2,14
2,15
2,14,11,16
2,18,5,6,17
2,18
2,14,11,19
3,0
3,0,7,2,1
3,0,7,2
3,4
3,4,6,5
3,4,6
3,0,7
3,4,6,8
3,16,9
3,10
3,0,11
3,4,6,8,12
3,0,11,14,13
3,0,11,14
3,0,7,2,15
3,16
3,10,17
3,4,6,5,18
3,0,11,19
4,3,0
4,6,5,18,1
4,3,0,7,2
4,3
4,6,5
4,6
4,3,0,7
4,6,8
4,3,16,9
4,3,10
4,3,0,11
4,6,8,12
4,3,0,11,14,13
4,3,0,11,14
4,6,8,12,15
4,3,16
4,6,17
4,6,5,18
4,3,0,11,19
5,6,4,3,0
5,18,1
5,18,2
5,6,4,3
5,6,4
5,6
5,6,8,7
5,6,8
5,6,4,3,16,9
5,6,10
5,18,2,14,11
5,6,8,12
5,18,1,13
5,18,2,14
5,18,2,15
5,6,4,3,16
5,6,17
5,18
5,18,2,14,11,19
6,4,3,0
6,5,18,1
6,5,18,2
6,4,3
6,4
6,5
6,8,7
6,8
6,4,3,16,9
6,10
6,4,3,0,11
6,8,12
6,5,18,1,13
6,8,7,14
6,8,12,15
6,4,3,16
6,17
6,5,18
6,4,3,0,11,19
7,0
7,2,1
7,2
7,0,3
7,0,3,4
7,2,18,5
7,8,6
7,8
7,0,11,19,9
7,0,3,10
7,0,11
7,8,12
7,14,13
7,14
7,2,15
7,0,11,16
7,8,6,17
7,2,18
7,0,11,19
8,7,0
8,7,2,1
8,7,2
8,7,0,3
8,6,4
8,6,5
8,6
8,7
8,7,0,11,19,9
8,6,10
8,7,0,11
8,12
8,7,14,13
8,7,14
8,12,15
8,7,0,11,16
8,6,17
8,7,2,18
8,7,0,11,19
9,19,11,0
9,19,11,14,13,1
9,19,11,14,2
9,16,3
9,16,3,4
9,16,3,4,6,5
9,16,3,4,6
9,19,11,0,7
9,19,11,0,7,8
9,16,3,10
9,19,11
9,19,11,0,7,8,12
9,19,11,14,13
9,19,11,14
9,19,11,14,2,15
9,16
9,16,3,10,17
9,19,11,14,2,18
9,19
10,3,0
10,6,5,18,1
10,6,5,18,2
10,3
10,6,4
10,6,5
10,6
10,6,8,7
10,6,8
10,3,16,9
10,3,0,11
10,6,8,12
10,6,5,18,1,13
10,6,8,7,14
10,6,8,12,15
10,3,16
10,17
10,6,5,18
10,3,0,11,19
11,0
11,14,13,1
11,14,2
11,0,3
11,0,3,4
11,14,2,18,5
11,0,7,8,6
11,0,7
11,0,7,8
11,19,9
11,0,3,10
11,0,7,8,12
11,14,13
11,14
11,14,2,15
11,16
11,0,3,10,17
11,14,2,18
11,19
12,8,7,0
12,15,2,1
12,15,2
12,8,7,0,3
12,8,6,4
12,8,6,5
12,8,6
12,8,7
12,8
12,8,7,0,11,19,9
12,8,6,10
12,8,7,0,11
12,8,7,14,13
12,8,7,14
12,15
12,8,7,0,11,16
12,8,6,17
12,15,2,18
12,8,7,0,11,19
13,14,7,0
13,1
13,14,2
13,14,7,0,3
13,14,7,0,3,4
13,1,18,5
13,14,7,8,6
13,14,7
13,14,7,8
13,14,11,19,9
13,14,7,0,3,10
13,14,11
13,14,7,8,12
13,14
13,14,2,15
13,14,11,16
13,14,7,8,6,17
13,1,18
13,14,11,19
14,7,0
14,13,1
14,2
14,7,0,3
14,7,0,3,4
14,2,18,5
14,7,8,6
14,7
14,7,8
14,11,19,9
14,7,0,3,10
14,11
14,7,8,12
14,13
14,2,15
14,11,16
14,7,8,6,17
14,2,18
14,11,19
15,2,7,0
15,2,1
15,2
15,2,7,0,3
15,12,8,6,4
15,2,18,5
15,12,8,6
15,2,7
15,12,8
15,2,14,11,19,9
15,12,8,6,10
15,2,14,11
15,12
15,2,1,13
15,2,14
15,2,14,11,16
15,12,8,6,17
15,2,18
15,2,14,11,19
16,11,0
16,11,14,13,1
16,11,14,2
16,3
16,3,4
16,3,4,6,5
16,3,4,6
16,11,0,7
16,11,0,7,8
16,9
16,3,10
16,11
16,11,0,7,8,12
16,11,14,13
16,11,14
16,11,14,2,15
16,3,10,17
16,11,14,2,18
16,9,19
17,10,3,0
17,6,5,18,1
17,6,5,18,2
17,10,3
17,6,4
17,6,5
17,6
17,6,8,7
17,6,8
17,10,3,16,9
17,10
17,10,3,0,11
17,6,8,12
17,6,5,18,1,13
17,6,8,7,14
17,6,8,12,15
17,10,3,16
17,6,5,18
17,10,3,0,11,19
18,2,7,0
18,1
18,2
18,2,7,0,3
18,5,6,4
18,5
18,5,6
18,2,7
18,2,7,8
18,2,14,11,19,9
18,5,6,10
18,2,14,11
18,2,15,12
18,1,13
18,2,14
18,2,15
18,2,14,11,16
18,5,6,17
18,2,14,11,19
19,11,0
19,11,14,13,1
19,11,14,2
19,11,0,3
19,11,0,3,4
19,11,14,2,18,5
19,11,0,7,8,6
19,11,0,7
19,11,0,7,8
19,9
19,11,0,3,10
19,11
19,11,0,7,8,12
19,11,14,13
19,11,14
19,11,14,2,15
19,11,16
19,11,0,3,10,17
19,11,14,2,18
