0,18,6,1
0,10,4,2
0,10,3
0,10,4
0,10,3,13,17,5
0,18,6
0,10,7
0,18,6,12,8
0,10,19,9
0,10
0,10,3,13,17,5,11
0,18,6,12
0,10,3,13
0,18,6,14
0,10,19,9,15
0,10,3,13,17,16
0,10,3,13,17
0,18
0,10,19
1,6,10,0
1,2
1,6,10,3
1,2,4
1,2,13,17,5
1,6
1,6,10,7
1,6,12,8
1,6,10,19,9
1,6,10
1,2,13,17,5,11
1,6,12
1,2,13
1,6,14
1,6,12,8,15
1,2,13,17,16
1,2,13,17
1,6,18
1,6,10,19
2,4,10,0
2,1
2,4,3
2,4
2,13,17,5
2,1,6
2,4,10,7
2,1,6,12,8
2,4,10,19,9
2,4,10
2,13,17,5,11
2,1,6,12
2,13
2,1,6,14
2,4,10,19,9,15
2,13,17,16
2,13,17
2,1,6,18
2,4,10,19
3,10,0
3,13,2,1
3,13,2
3,4
3,13,17,5
3,10,6
3,10,7
3,10,6,12,8
3,10,19,9
3,10
3,13,17,5,11
3,10,6,12
3,13
3,10,6,14
3,10,19,9,15
3,13,17,16
3,13,17
3,10,6,18
3,10,19
4,10,0
4,2,1
4,2
4,3
4,2,13,17,5
4,10,6
4,10,7
4,10,6,12,8
4,10,19,9
4,10
4,2,13,17,5,11
4,10,6,12
4,2,13
4,10,6,14
4,10,19,9,15
4,2,13,17,16
4,2,13,17
4,10,6,18
4,10,19
5,17,13,3,10,0
5,17,13,2,1
5,17,13,2
5,17,13,3
5,17,13,3,4
5,17,13,3,10,6
5,17,13,3,10,7
5,17,13,3,10,6,12,8
5,17,13,3,10,19,9
5,17,13,3,10
5,11
5,17,13,3,10,6,12
5,17,13
5,17,13,3,10,6,14
5,17,13,3,10,19,9,15
5,11,16
5,17
5,17,13,3,10,6,18
5,17,13,3,10,19
6,10,0
6,1
6,1,2
6,10,3
6,10,4
6,10,3,13,17,5
6,10,7
6,12,8
6,10,19,9
6,10
6,10,3,13,17,5,11
6,12
6,10,3,13
6,14
6,12,8,15
6,10,3,13,17,16
6,10,3,13,17
6,18
6,10,19
7,10,0
7,10,6,1
7,10,4,2
7,10,3
7,10,4
7,10,3,13,17,5
7,10,6
7,19,9,15,8
7,19,9
7,10
7,10,3,13,17,5,11
7,10,6,12
7,10,3,13
7,10,6,14
7,19,9,15
7,10,3,13,17,16
7,10,3,13,17
7,10,6,18
7,19
8,12,6,10,0
8,12,6,1
8,12,6,1,2
8,12,6,10,3
8,12,6,10,4
8,12,6,10,3,13,17,5
8,12,6
8,12,6,10,7
8,15,9
8,12,6,10
8,12,6,10,3,13,17,5,11
8,12
8,12,6,10,3,13
8,12,14
8,15
8,12,6,10,3,13,17,16
8,12,6,10,3,13,17
8,12,6,18
8,15,9,19
9,19,10,0
9,19,10,6,1
9,19,10,4,2
9,19,10,3
9,19,10,4
9,19,10,3,13,17,5
9,19,10,6
9,19,7
9,15,8
9,19,10
9,19,10,3,13,17,5,11
9,15,8,12
9,19,10,3,13
9,19,10,6,14
9,15
9,19,10,3,13,17,16
9,19,10,3,13,17
9,19,10,6,18
9,19
10,0
10,6,1
10,4,2
10,3
10,4
10,3,13,17,5
10,6
10,7
10,6,12,8
10,19,9
10,3,13,17,5,11
10,6,12
10,3,13
10,6,14
10,19,9,15
10,3,13,17,16
10,3,13,17
10,6,18
10,19
11,16,17,13,3,10,0
11,16,17,13,2,1
11,16,17,13,2
11,16,17,13,3
11,16,17,13,3,4
11,5
11,16,17,13,3,10,6
11,16,17,13,3,10,7
11,16,17,13,3,10,6,12,8
11,16,17,13,3,10,19,9
11,16,17,13,3,10
11,16,17,13,3,10,6,12
11,16,17,13
11,16,17,13,3,10,6,14
11,16,17,13,3,10,19,9,15
11,16
11,16,17
11,16,17,13,3,10,6,18
11,16,17,13,3,10,19
12,6,10,0
12,6,1
12,6,1,2
12,6,10,3
12,6,10,4
12,6,10,3,13,17,5
12,6
12,6,10,7
12,8
12,8,15,9
12,6,10
12,6,10,3,13,17,5,11
12,6,10,3,13
12,14
12,8,15
12,6,10,3,13,17,16
12,6,10,3,13,17
12,6,18
12,6,10,19
13,3,10,0
13,2,1
13,2
13,3
13,3,4
13,17,5
13,3,10,6
13,3,10,7
13,3,10,6,12,8
13,3,10,19,9
13,3,10
13,17,5,11
13,3,10,6,12
13,3,10,6,14
13,3,10,19,9,15
13,17,16
13,17
13,3,10,6,18
13,3,10,19
14,6,10,0
14,6,1
14,6,1,2
14,6,10,3
14,6,10,4
14,6,10,3,13,17,5
14,6
14,6,10,7
14,12,8
14,6,10,19,9
14,6,10
14,6,10,3,13,17,5,11
14,12
14,6,10,3,13
14,12,8,15
14,6,10,3,13,17,16
14,6,10,3,13,17
14,6,18
14,6,10,19
15,9,19,10,0
15,8,12,6,1
15,9,19,10,4,2
15,9,19,10,3
15,9,19,10,4
15,9,19,10,3,13,17,5
15,8,12,6
15,9,19,7
15,8
15,9
15,9,19,10
15,9,19,10,3,13,17,5,11
15,8,12
15,9,19,10,3,13
15,8,12,14
15,9,19,10,3,13,17,16
15,9,19,10,3,13,17
15,8,12,6,18
15,9,19
16,17,13,3,10,0
16,17,13,2,1
16,17,13,2
16,17,13,3
16,17,13,3,4
16,11,5
16,17,13,3,10,6
16,17,13,3,10,7
16,17,13,3,10,6,12,8
16,17,13,3,10,19,9
16,17,13,3,10
16,11
16,17,13,3,10,6,12
16,17,13
16,17,13,3,10,6,14
16,17,13,3,10,19,9,15
16,17
16,17,13,3,10,6,18
16,17,13,3,10,19
17,13,3,10,0
17,13,2,1
17,13,2
17,13,3
17,13,3,4
17,5
17,13,3,10,6
17,13,3,10,7
17,13,3,10,6,12,8
17,13,3,10,19,9
17,13,3,10
17,5,11
17,13,3,10,6,12
17,13
17,13,3,10,6,14
17,13,3,10,19,9,15
17,16
17,13,3,10,6,18
17,13,3,10,19
18,0
18,6,1
18,6,1,2
18,6,10,3
18,6,10,4
18,6,10,3,13,17,5
18,6
18,6,10,7
18,6,12,8
18,6,10,19,9
18,6,10
18,6,10,3,13,17,5,11
18,6,12
18,6,10,3,13
18,6,14
18,6,12,8,15
18,6,10,3,13,17,16
18,6,10,3,13,17
18,6,10,19
19,10,0
19,10,6,1
19,10,4,2
19,10,3
19,10,4
19,10,3,13,17,5
19,10,6
19,7
19,9,15,8
19,9
19,10
19,10,3,13,17,5,11
19,10,6,12
19,10,3,13
19,10,6,14
19,9,15
19,10,3,13,17,16
19,10,3,13,17
19,10,6,18
