0,1
0,11,19,9,2
0,11,3
0,1,18,13,4
0,11,19,5
0,1,18,13,6
0,11,3,7
0,8
0,11,19,9
0,11,3,10
0,11
0,1,18,12
0,1,18,13
0,11,3,10,14
0,11,17,15
0,11,3,7,16
0,11,17
0,1,18
0,11,19
1,0
1,0,11,19,9,2
1,0,11,3
1,18,13,4
1,0,11,19,5
1,18,13,6
1,0,11,3,7
1,0,8
1,0,11,19,9
1,18,12,10
1,0,11
1,18,12
1,18,13
1,18,12,10,14
1,0,11,17,15
1,0,11,3,7,16
1,0,11,17
1,18
1,0,11,19
2,15,17,11,0
2,15,17,11,0,1
2,16,7,3
2,9,6,4
2,15,5
2,9,6
2,16,7
2,15,17,11,0,8
2,9
2,9,14,10
2,15,17,11
2,9,14,10,12
2,9,6,13
2,9,14
2,15
2,16
2,15,17
2,9,6,13,18
2,9,19
3,11,0
3,11,0,1
3,7,16,2
3,10,14,9,6,4
3,11,19,5
3,10,14,9,6
3,7
3,11,0,8
3,10,14,9
3,10
3,11
3,10,12
3,10,12,18,13
3,10,14
3,11,17,15
3,7,16
3,11,17
3,10,12,18
3,11,19
4,13,18,1,0
4,13,18,1
4,6,9,2
4,6,9,14,7,3
4,6,9,5
4,6
4,6,9,14,7
4,13,18,8
4,6,9
4,6,9,14,10
4,6,9,19,11
4,13,18,12
4,13
4,6,9,14
4,6,9,2,15
4,6,9,2,16
4,6,9,19,11,17
4,13,18
4,6,9,19
5,19,11,0
5,19,11,0,1
5,15,2
5,19,7,3
5,9,6,4
5,9,6
5,19,7
5,19,11,0,8
5,9
5,9,14,10
5,19,11
5,9,14,10,12
5,9,6,13
5,9,14
5,15
5,15,16
5,15,17
5,9,6,13,18
5,19
6,13,18,1,0
6,13,18,1
6,9,2
6,9,14,7,3
6,4
6,9,5
6,9,14,7
6,13,18,8
6,9
6,9,14,10
6,9,19,11
6,13,18,12
6,13
6,9,14
6,9,2,15
6,9,2,16
6,9,19,11,17
6,13,18
6,9,19
7,19,11,0
7,19,11,0,1
7,16,2
7,3
7,14,9,6,4
7,19,5
7,14,9,6
7,19,11,0,8
7,14,9
7,14,10
7,19,11
7,14,10,12
7,14,9,6,13
7,14
7,16,15
7,16
7,19,11,17
7,14,10,12,18
7,19
8,0
8,0,1
8,0,11,19,9,2
8,0,11,3
8,18,13,4
8,0,11,19,5
8,18,13,6
8,0,11,3,7
8,0,11,19,9
8,18,12,10
8,0,11
8,18,12
8,18,13
8,18,12,10,14
8,0,11,17,15
8,0,11,3,7,16
8,0,11,17
8,18
8,0,11,19
9,19,11,0
9,19,11,0,1
9,2
9,14,7,3
9,6,4
9,5
9,6
9,14,7
9,19,11,0,8
9,14,10
9,19,11
9,14,10,12
9,6,13
9,14
9,2,15
9,2,16
9,19,11,17
9,6,13,18
9,19
10,3,11,0
10,12,18,1
10,14,9,2
10,3
10,14,9,6,4
10,14,9,5
10,14,9,6
10,14,7
10,12,18,8
10,14,9
10,3,11
10,12
10,12,18,13
10,14
10,14,9,2,15
10,14,7,16
10,3,11,17
10,12,18
10,14,9,19
11,0
11,0,1
11,19,9,2
11,3
11,19,9,6,4
11,19,5
11,19,9,6
11,3,7
11,0,8
11,19,9
11,3,10
11,3,10,12
11,0,1,18,13
11,3,10,14
11,17,15
11,3,7,16
11,17
11,0,1,18
11,19
12,18,1,0
12,18,1
12,10,14,9,2
12,10,3
12,18,13,4
12,10,14,9,5
12,18,13,6
12,10,14,7
12,18,8
12,10,14,9
12,10
12,10,3,11
12,18,13
12,10,14
12,10,14,9,2,15
12,10,14,7,16
12,10,3,11,17
12,18
12,10,14,9,19
13,18,1,0
13,18,1
13,6,9,2
13,18,12,10,3
13,4
13,6,9,5
13,6
13,6,9,14,7
13,18,8
13,6,9
13,18,12,10
13,6,9,19,11
13,18,12
13,6,9,14
13,6,9,2,15
13,6,9,2,16
13,6,9,19,11,17
13,18
13,6,9,19
14,9,19,11,0
14,10,12,18,1
14,9,2
14,7,3
14,9,6,4
14,9,5
14,9,6
14,7
14,10,12,18,8
14,9
14,10
14,9,19,11
14,10,12
14,9,6,13
14,9,2,15
14,7,16
14,9,19,11,17
14,10,12,18
14,9,19
15,17,11,0
15,17,11,0,1
15,2
15,17,11,3
15,2,9,6,4
15,5
15,2,9,6
15,16,7
15,17,11,0,8
15,2,9
15,17,11,3,10
15,17,11
15,17,11,3,10,12
15,2,9,6,13
15,2,9,14
15,16
15,17
15,17,11,0,1,18
15,5,19
16,15,17,11,0
16,15,17,11,0,1
16,2
16,7,3
16,2,9,6,4
16,15,5
16,2,9,6
16,7
16,15,17,11,0,8
16,2,9
16,7,14,10
16,15,17,11
16,7,14,10,12
16,2,9,6,13
16,7,14
16,15
16,15,17
16,2,9,6,13,18
16,7,19
17,11,0
17,11,0,1
17,15,2
17,11,3
17,15,2,9,6,4
17,15,5
17,15,2,9,6
17,15,16,7
17,11,0,8
17,15,2,9
17,11,3,10
17,11
17,11,3,10,12
17,15,2,9,6,13
17,15,2,9,14
17,15
17,15,16
17,11,0,1,18
17,11,19
18,1,0
18,1
18,13,6,9,2
18,12,10,3
18,13,4
18,13,6,9,5
18,13,6
18,12,10,14,7
18,8
18,13,6,9
18,12,10
18,1,0,11
18,12
18,13
18,12,10,14
18,13,6,9,2,15
18,13,6,9,2,16
18,1,0,11,17
18,13,6,9,19
19,11,0
19,11,0,1
19,9,2
19,7,3
19,9,6,4
19,5
19,9,6
19,7
19,11,0,8
19,9
19,7,14,10
19,11
19,7,14,10,12
19,9,6,13
19,7,14
19,5,15
19,7,16
19,11,17
19,9,6,13,18
