0,0,786,2,10,5,0,300,0.5,1700,0.5,0
0,1,329,1,0,500,0.6,1000,0.2,1400,0.2,0
0,2,13,0,0,500,0.6,1000,0.2,1400,0.2,0
0,3,600,2,10,5,0,300,0.5,1700,0.5,1
0,4,811,1,0,300,0.5,1700,0.5,0
0,5,445,2,10,5,0,300,0.5,1700,0.5,1
0,6,109,1,0,500,0.6,1000,0.2,1400,0.2,0
0,7,277,1,0,300,0.5,1700,0.5,2
0,8,473,0,0,500,0.6,1000,0.2,1400,0.2,1
0,9,65,0,0,500,0.6,1000,0.2,1400,0.2,2
0,10,67,0,0,500,0.6,1000,0.2,1400,0.2,1
0,11,685,2,10,5,0,500,0.6,1000,0.2,1400,0.2,0
0,12,862,2,10,5,0,300,0.5,1700,0.5,2
0,13,670,1,0,500,0.6,1000,0.2,1400,0.2,0
0,14,30,2,10,5,0,300,0.5,1700,0.5,0
1,0,680,1,0,300,0.5,1700,0.5,2
1,1,806,1,0,500,0.6,1000,0.2,1400,0.2,0
1,2,178,0,0,300,0.5,1700,0.5,0
1,3,30,2,10,5,0,500,0.6,1000,0.2,1400,0.2,2
1,4,751,1,0,300,0.5,1700,0.5,1
1,5,66,0,0,300,0.5,1700,0.5,2
1,6,736,0,0,300,0.5,1700,0.5,0
1,7,104,2,10,5,0,300,0.5,1700,0.5,0
1,8,689,1,0,500,0.6,1000,0.2,1400,0.2,1
1,9,323,0,0,500,0.6,1000,0.2,1400,0.2,0
1,10,797,2,10,5,0,500,0.6,1000,0.2,1400,0.2,0
1,11,991,1,0,300,0.5,1700,0.5,1
1,12,421,0,0,300,0.5,1700,0.5,0
1,13,746,2,10,5,0,300,0.5,1700,0.5,0
1,14,374,1,0,500,0.6,1000,0.2,1400,0.2,0
2,0,186,0,0,300,0.5,1700,0.5,0
2,1,788,2,10,5,0,500,0.6,1000,0.2,1400,0.2,0
2,2,356,2,10,5,0,500,0.6,1000,0.2,1400,0.2,2
2,3,86,2,10,5,0,500,0.6,1000,0.2,1400,0.2,0
2,4,725,0,0,500,0.6,1000,0.2,1400,0.2,0
2,5,332,0,0,500,0.6,1000,0.2,1400,0.2,2
2,6,559,1,0,300,0.5,1700,0.5,0
2,7,592,1,0,300,0.5,1700,0.5,2
2,8,93,1,0,500,0.6,1000,0.2,1400,0.2,1
2,9,253,0,0,500,0.6,1000,0.2,1400,0.2,2
2,10,212,0,0,300,0.5,1700,0.5,2
2,11,551,2,10,5,0,300,0.5,1700,0.5,0
2,12,800,2,10,5,0,300,0.5,1700,0.5,0
2,13,841,1,0,500,0.6,1000,0.2,1400,0.2,0
2,14,661,2,10,5,0,500,0.6,1000,0.2,1400,0.2,0
3,0,799,2,10,5,0,500,0.6,1000,0.2,1400,0.2,2
3,1,527,0,0,500,0.6,1000,0.2,1400,0.2,2
3,2,628,0,0,300,0.5,1700,0.5,2
3,3,939,0,0,500,0.6,1000,0.2,1400,0.2,0
3,4,130,2,10,5,0,500,0.6,1000,0.2,1400,0.2,0
3,5,820,0,0,500,0.6,1000,0.2,1400,0.2,1
3,6,106,1,0,500,0.6,1000,0.2,1400,0.2,1
3,7,694,2,10,5,0,300,0.5,1700,0.5,1
3,8,631,2,10,5,0,500,0.6,1000,0.2,1400,0.2,0
3,9,627,1,0,500,0.6,1000,0.2,1400,0.2,0
3,10,723,2,10,5,0,500,0.6,1000,0.2,1400,0.2,0
3,11,330,2,10,5,0,300,0.5,1700,0.5,2
3,12,998,2,10,5,0,300,0.5,1700,0.5,2
3,13,522,0,0,500,0.6,1000,0.2,1400,0.2,1
3,14,918,0,0,500,0.6,1000,0.2,1400,0.2,2
4,0,44,2,10,5,0,500,0.6,1000,0.2,1400,0.2,2
4,1,929,0,0,500,0.6,1000,0.2,1400,0.2,0
4,2,931,1,0,300,0.5,1700,0.5,2
4,3,10,2,10,5,0,500,0.6,1000,0.2,1400,0.2,1
4,4,672,0,0,300,0.5,1700,0.5,1
4,5,892,0,0,500,0.6,1000,0.2,1400,0.2,1
4,6,61,1,0,500,0.6,1000,0.2,1400,0.2,1
4,7,724,0,0,500,0.6,1000,0.2,1400,0.2,2
4,8,193,2,10,5,0,300,0.5,1700,0.5,0
4,9,481,0,0,300,0.5,1700,0.5,0
4,10,463,1,0,500,0.6,1000,0.2,1400,0.2,2
4,11,325,0,0,300,0.5,1700,0.5,1
4,12,922,2,10,5,0,300,0.5,1700,0.5,0
4,13,620,0,0,300,0.5,1700,0.5,1
4,14,727,0,0,500,0.6,1000,0.2,1400,0.2,0
5,0,261,2,10,5,0,500,0.6,1000,0.2,1400,0.2,0
5,1,512,2,10,5,0,500,0.6,1000,0.2,1400,0.2,0
5,2,38,2,10,5,0,500,0.6,1000,0.2,1400,0.2,2
5,3,518,2,10,5,0,500,0.6,1000,0.2,1400,0.2,0
5,4,931,2,10,5,0,300,0.5,1700,0.5,2
5,5,644,1,0,300,0.5,1700,0.5,2
5,6,495,2,10,5,0,500,0.6,1000,0.2,1400,0.2,2
5,7,709,2,10,5,0,300,0.5,1700,0.5,1
5,8,941,0,0,300,0.5,1700,0.5,2
5,9,832,0,0,500,0.6,1000,0.2,1400,0.2,1
5,10,85,1,0,300,0.5,1700,0.5,0
5,11,138,1,0,500,0.6,1000,0.2,1400,0.2,0
5,12,670,2,10,5,0,500,0.6,1000,0.2,1400,0.2,1
5,13,104,1,0,500,0.6,1000,0.2,1400,0.2,0
5,14,919,1,0,300,0.5,1700,0.5,0
6,0,577,0,0,300,0.5,1700,0.5,0
6,1,177,1,0,500,0.6,1000,0.2,1400,0.2,2
6,2,124,1,0,500,0.6,1000,0.2,1400,0.2,2
6,3,903,2,10,5,0,500,0.6,1000,0.2,1400,0.2,1
6,4,637,0,0,500,0.6,1000,0.2,1400,0.2,0
6,5,231,2,10,5,0,300,0.5,1700,0.5,1
6,6,809,1,0,500,0.6,1000,0.2,1400,0.2,1
6,7,32,1,0,300,0.5,1700,0.5,2
6,8,49,0,0,300,0.5,1700,0.5,0
6,9,959,0,0,300,0.5,1700,0.5,1
6,10,986,1,0,300,0.5,1700,0.5,1
6,11,657,1,0,300,0.5,1700,0.5,1
6,12,705,0,0,500,0.6,1000,0.2,1400,0.2,0
6,13,302,0,0,300,0.5,1700,0.5,0
6,14,528,0,0,500,0.6,1000,0.2,1400,0.2,2
7,0,875,1,0,300,0.5,1700,0.5,2
7,1,82,2,10,5,0,500,0.6,1000,0.2,1400,0.2,0
7,2,427,1,0,300,0.5,1700,0.5,2
7,3,762,1,0,300,0.5,1700,0.5,2
7,4,263,1,0,500,0.6,1000,0.2,1400,0.2,0
7,5,974,1,0,300,0.5,1700,0.5,0
7,6,21,2,10,5,0,300,0.5,1700,0.5,0
7,7,50,1,0,500,0.6,1000,0.2,1400,0.2,2
7,8,777,2,10,5,0,500,0.6,1000,0.2,1400,0.2,0
7,9,221,0,0,500,0.6,1000,0.2,1400,0.2,0
7,10,867,0,0,500,0.6,1000,0.2,1400,0.2,1
7,11,384,0,0,500,0.6,1000,0.2,1400,0.2,0
7,12,548,1,0,500,0.6,1000,0.2,1400,0.2,1
7,13,958,2,10,5,0,500,0.6,1000,0.2,1400,0.2,2
7,14,488,1,0,300,0.5,1700,0.5,0
8,0,545,0,0,300,0.5,1700,0.5,1
8,1,569,1,0,500,0.6,1000,0.2,1400,0.2,1
8,2,811,2,10,5,0,300,0.5,1700,0.5,2
8,3,845,0,0,300,0.5,1700,0.5,2
8,4,70,1,0,500,0.6,1000,0.2,1400,0.2,2
8,5,332,0,0,500,0.6,1000,0.2,1400,0.2,1
8,6,128,0,0,500,0.6,1000,0.2,1400,0.2,0
8,7,504,0,0,300,0.5,1700,0.5,2
8,8,366,2,10,5,0,300,0.5,1700,0.5,0
8,9,630,1,0,500,0.6,1000,0.2,1400,0.2,2
8,10,622,1,0,500,0.6,1000,0.2,1400,0.2,2
8,11,675,2,10,5,0,500,0.6,1000,0.2,1400,0.2,1
8,12,764,2,10,5,0,300,0.5,1700,0.5,1
8,13,653,1,0,300,0.5,1700,0.5,0
8,14,189,1,0,500,0.6,1000,0.2,1400,0.2,0
9,0,447,0,0,500,0.6,1000,0.2,1400,0.2,2
9,1,531,1,0,500,0.6,1000,0.2,1400,0.2,2
9,2,783,2,10,5,0,300,0.5,1700,0.5,1
9,3,831,2,10,5,0,300,0.5,1700,0.5,0
9,4,201,0,0,300,0.5,1700,0.5,1
9,5,907,2,10,5,0,500,0.6,1000,0.2,1400,0.2,2
9,6,43,0,0,500,0.6,1000,0.2,1400,0.2,2
9,7,814,1,0,500,0.6,1000,0.2,1400,0.2,2
9,8,917,1,0,500,0.6,1000,0.2,1400,0.2,1
9,9,313,0,0,300,0.5,1700,0.5,2
9,10,575,0,0,300,0.5,1700,0.5,0
9,11,838,2,10,5,0,500,0.6,1000,0.2,1400,0.2,1
9,12,424,1,0,300,0.5,1700,0.5,0
9,13,832,2,10,5,0,300,0.5,1700,0.5,2
9,14,825,0,0,500,0.6,1000,0.2,1400,0.2,1
10,0,938,2,10,5,0,300,0.5,1700,0.5,2
10,1,46,1,0,300,0.5,1700,0.5,0
10,2,978,2,10,5,0,300,0.5,1700,0.5,2
10,3,253,2,10,5,0,300,0.5,1700,0.5,1
10,4,897,2,10,5,0,500,0.6,1000,0.2,1400,0.2,1
10,5,387,2,10,5,0,300,0.5,1700,0.5,0
10,6,748,0,0,500,0.6,1000,0.2,1400,0.2,2
10,7,305,0,0,500,0.6,1000,0.2,1400,0.2,2
10,8,990,2,10,5,0,500,0.6,1000,0.2,1400,0.2,1
10,9,846,2,10,5,0,500,0.6,1000,0.2,1400,0.2,1
10,10,34,1,0,300,0.5,1700,0.5,2
10,11,678,2,10,5,0,500,0.6,1000,0.2,1400,0.2,1
10,12,378,2,10,5,0,300,0.5,1700,0.5,2
10,13,441,0,0,300,0.5,1700,0.5,1
10,14,546,2,10,5,0,500,0.6,1000,0.2,1400,0.2,0
11,0,91,2,10,5,0,300,0.5,1700,0.5,0
11,1,501,2,10,5,0,300,0.5,1700,0.5,0
11,2,689,2,10,5,0,500,0.6,1000,0.2,1400,0.2,1
11,3,607,1,0,300,0.5,1700,0.5,2
11,4,61,1,0,500,0.6,1000,0.2,1400,0.2,2
11,5,147,0,0,300,0.5,1700,0.5,1
11,6,154,0,0,500,0.6,1000,0.2,1400,0.2,1
11,7,107,2,10,5,0,500,0.6,1000,0.2,1400,0.2,1
11,8,59,0,0,500,0.6,1000,0.2,1400,0.2,2
11,9,809,0,0,300,0.5,1700,0.5,1
11,10,657,1,0,300,0.5,1700,0.5,2
11,11,764,2,10,5,0,300,0.5,1700,0.5,1
11,12,806,2,10,5,0,500,0.6,1000,0.2,1400,0.2,2
11,13,292,2,10,5,0,300,0.5,1700,0.5,0
11,14,594,2,10,5,0,500,0.6,1000,0.2,1400,0.2,1
12,0,739,0,0,300,0.5,1700,0.5,1
12,1,630,1,0,500,0.6,1000,0.2,1400,0.2,0
12,2,408,1,0,300,0.5,1700,0.5,1
12,3,161,1,0,500,0.6,1000,0.2,1400,0.2,1
12,4,778,1,0,300,0.5,1700,0.5,0
12,5,32,1,0,500,0.6,1000,0.2,1400,0.2,1
12,6,352,2,10,5,0,500,0.6,1000,0.2,1400,0.2,2
12,7,763,0,0,300,0.5,1700,0.5,1
12,8,555,0,0,300,0.5,1700,0.5,0
12,9,736,1,0,300,0.5,1700,0.5,0
12,10,350,2,10,5,0,300,0.5,1700,0.5,2
12,11,965,2,10,5,0,500,0.6,1000,0.2,1400,0.2,2
12,12,111,0,0,300,0.5,1700,0.5,1
12,13,968,1,0,300,0.5,1700,0.5,1
12,14,595,0,0,500,0.6,1000,0.2,1400,0.2,1
13,0,646,1,0,500,0.6,1000,0.2,1400,0.2,2
13,1,221,0,0,500,0.6,1000,0.2,1400,0.2,0
13,2,73,0,0,500,0.6,1000,0.2,1400,0.2,1
13,3,421,2,10,5,0,300,0.5,1700,0.5,0
13,4,794,2,10,5,0,300,0.5,1700,0.5,1
13,5,16,0,0,500,0.6,1000,0.2,1400,0.2,1
13,6,932,0,0,500,0.6,1000,0.2,1400,0.2,0
13,7,260,0,0,500,0.6,1000,0.2,1400,0.2,2
13,8,798,2,10,5,0,500,0.6,1000,0.2,1400,0.2,1
13,9,15,0,0,300,0.5,1700,0.5,1
13,10,437,1,0,500,0.6,1000,0.2,1400,0.2,2
13,11,105,0,0,300,0.5,1700,0.5,1
13,12,375,2,10,5,0,300,0.5,1700,0.5,0
13,13,416,2,10,5,0,500,0.6,1000,0.2,1400,0.2,2
13,14,631,0,0,300,0.5,1700,0.5,1
14,0,342,2,10,5,0,500,0.6,1000,0.2,1400,0.2,2
14,1,802,1,0,500,0.6,1000,0.2,1400,0.2,2
14,2,303,1,0,300,0.5,1700,0.5,2
14,3,412,2,10,5,0,500,0.6,1000,0.2,1400,0.2,1
14,4,273,2,10,5,0,300,0.5,1700,0.5,2
14,5,831,1,0,500,0.6,1000,0.2,1400,0.2,1
14,6,537,2,10,5,0,300,0.5,1700,0.5,2
14,7,238,2,10,5,0,300,0.5,1700,0.5,1
14,8,811,0,0,300,0.5,1700,0.5,2
14,9,245,1,0,500,0.6,1000,0.2,1400,0.2,0
14,10,828,0,0,300,0.5,1700,0.5,2
14,11,678,2,10,5,0,300,0.5,1700,0.5,0
14,12,627,0,0,300,0.5,1700,0.5,1
14,13,336,1,0,300,0.5,1700,0.5,1
14,14,188,0,0,300,0.5,1700,0.5,2
