0,0,622,0,0,500,0.6,1000,0.2,1400,0.2,1
0,1,342,0,0,500,0.6,1000,0.2,1400,0.2,1
0,2,490,0,0,500,0.6,1000,0.2,1400,0.2,1
0,3,810,1,0,500,0.6,1000,0.2,1400,0.2,1
0,4,777,1,0,300,0.5,1700,0.5,0
0,5,74,0,0,500,0.6,1000,0.2,1400,0.2,1
0,6,149,2,10,5,0,500,0.6,1000,0.2,1400,0.2,0
0,7,15,0,0,500,0.6,1000,0.2,1400,0.2,2
0,8,714,0,0,300,0.5,1700,0.5,2
0,9,944,2,10,5,0,500,0.6,1000,0.2,1400,0.2,1
0,10,900,1,0,500,0.6,1000,0.2,1400,0.2,2
0,11,860,0,0,300,0.5,1700,0.5,2
0,12,691,2,10,5,0,500,0.6,1000,0.2,1400,0.2,1
0,13,383,1,0,500,0.6,1000,0.2,1400,0.2,0
0,14,993,2,10,5,0,500,0.6,1000,0.2,1400,0.2,1
1,0,349,2,10,5,0,500,0.6,1000,0.2,1400,0.2,1
1,1,670,0,0,300,0.5,1700,0.5,2
1,2,692,2,10,5,0,300,0.5,1700,0.5,1
1,3,509,1,0,500,0.6,1000,0.2,1400,0.2,0
1,4,327,1,0,300,0.5,1700,0.5,1
1,5,903,2,10,5,0,500,0.6,1000,0.2,1400,0.2,1
1,6,445,2,10,5,0,300,0.5,1700,0.5,2
1,7,839,1,0,500,0.6,1000,0.2,1400,0.2,2
1,8,680,1,0,500,0.6,1000,0.2,1400,0.2,1
1,9,333,1,0,300,0.5,1700,0.5,0
1,10,327,2,10,5,0,300,0.5,1700,0.5,0
1,11,149,0,0,300,0.5,1700,0.5,1
1,12,367,2,10,5,0,500,0.6,1000,0.2,1400,0.2,1
1,13,322,2,10,5,0,500,0.6,1000,0.2,1400,0.2,1
1,14,206,1,0,500,0.6,1000,0.2,1400,0.2,2
2,0,516,2,10,5,0,500,0.6,1000,0.2,1400,0.2,0
2,1,838,0,0,300,0.5,1700,0.5,2
2,2,49,2,10,5,0,300,0.5,1700,0.5,0
2,3,247,1,0,500,0.6,1000,0.2,1400,0.2,0
2,4,982,0,0,300,0.5,1700,0.5,0
2,5,258,1,0,500,0.6,1000,0.2,1400,0.2,2
2,6,757,0,0,500,0.6,1000,0.2,1400,0.2,0
2,7,461,0,0,500,0.6,1000,0.2,1400,0.2,2
2,8,914,1,0,300,0.5,1700,0.5,2
2,9,14,1,0,300,0.5,1700,0.5,1
2,10,842,2,10,5,0,500,0.6,1000,0.2,1400,0.2,0
2,11,560,1,0,500,0.6,1000,0.2,1400,0.2,2
2,12,353,1,0,500,0.6,1000,0.2,1400,0.2,1
2,13,69,1,0,500,0.6,1000,0.2,1400,0.2,2
2,14,34,1,0,300,0.5,1700,0.5,1
3,0,915,0,0,300,0.5,1700,0.5,2
3,1,647,0,0,300,0.5,1700,0.5,2
3,2,768,0,0,500,0.6,1000,0.2,1400,0.2,1
3,3,96,2,10,5,0,300,0.5,1700,0.5,2
3,4,79,0,0,500,0.6,1000,0.2,1400,0.2,2
3,5,788,1,0,300,0.5,1700,0.5,0
3,6,185,1,0,500,0.6,1000,0.2,1400,0.2,2
3,7,203,2,10,5,0,300,0.5,1700,0.5,0
3,8,292,2,10,5,0,300,0.5,1700,0.5,2
3,9,813,1,0,300,0.5,1700,0.5,0
3,10,143,2,10,5,0,500,0.6,1000,0.2,1400,0.2,0
3,11,999,2,10,5,0,500,0.6,1000,0.2,1400,0.2,2
3,12,520,0,0,300,0.5,1700,0.5,1
3,13,675,1,0,500,0.6,1000,0.2,1400,0.2,1
3,14,905,0,0,500,0.6,1000,0.2,1400,0.2,0
4,0,199,0,0,500,0.6,1000,0.2,1400,0.2,1
4,1,28,1,0,500,0.6,1000,0.2,1400,0.2,0
4,2,298,2,10,5,0,300,0.5,1700,0.5,1
4,3,342,0,0,300,0.5,1700,0.5,1
4,4,555,2,10,5,0,300,0.5,1700,0.5,2
4,5,623,1,0,500,0.6,1000,0.2,1400,0.2,2
4,6,829,2,10,5,0,500,0.6,1000,0.2,1400,0.2,1
4,7,593,2,10,5,0,300,0.5,1700,0.5,0
4,8,813,2,10,5,0,500,0.6,1000,0.2,1400,0.2,1
4,9,904,1,0,300,0.5,1700,0.5,0
4,10,98,0,0,500,0.6,1000,0.2,1400,0.2,0
4,11,891,2,10,5,0,300,0.5,1700,0.5,1
4,12,884,0,0,300,0.5,1700,0.5,2
4,13,878,2,10,5,0,300,0.5,1700,0.5,2
4,14,267,0,0,300,0.5,1700,0.5,2
5,0,386,0,0,500,0.6,1000,0.2,1400,0.2,1
5,1,605,0,0,300,0.5,1700,0.5,0
5,2,411,0,0,500,0.6,1000,0.2,1400,0.2,2
5,3,877,1,0,300,0.5,1700,0.5,0
5,4,888,2,10,5,0,500,0.6,1000,0.2,1400,0.2,1
5,5,974,1,0,300,0.5,1700,0.5,0
5,6,42,0,0,300,0.5,1700,0.5,2
5,7,198,0,0,500,0.6,1000,0.2,1400,0.2,0
5,8,856,2,10,5,0,300,0.5,1700,0.5,2
5,9,952,1,0,500,0.6,1000,0.2,1400,0.2,1
5,10,852,0,0,500,0.6,1000,0.2,1400,0.2,2
5,11,171,2,10,5,0,300,0.5,1700,0.5,0
5,12,516,1,0,500,0.6,1000,0.2,1400,0.2,1
5,13,949,2,10,5,0,300,0.5,1700,0.5,1
5,14,653,1,0,300,0.5,1700,0.5,2
6,0,648,1,0,500,0.6,1000,0.2,1400,0.2,1
6,1,802,2,10,5,0,500,0.6,1000,0.2,1400,0.2,1
6,2,962,1,0,300,0.5,1700,0.5,1
6,3,64,0,0,500,0.6,1000,0.2,1400,0.2,2
6,4,28,2,10,5,0,500,0.6,1000,0.2,1400,0.2,0
6,5,666,0,0,500,0.6,1000,0.2,1400,0.2,0
6,6,179,1,0,300,0.5,1700,0.5,2
6,7,467,2,10,5,0,500,0.6,1000,0.2,1400,0.2,0
6,8,330,2,10,5,0,300,0.5,1700,0.5,0
6,9,467,2,10,5,0,500,0.6,1000,0.2,1400,0.2,1
6,10,283,0,0,500,0.6,1000,0.2,1400,0.2,0
6,11,326,0,0,300,0.5,1700,0.5,1
6,12,640,1,0,300,0.5,1700,0.5,0
6,13,731,1,0,300,0.5,1700,0.5,0
6,14,668,2,10,5,0,500,0.6,1000,0.2,1400,0.2,0
7,0,428,0,0,500,0.6,1000,0.2,1400,0.2,2
7,1,703,1,0,500,0.6,1000,0.2,1400,0.2,1
7,2,815,2,10,5,0,300,0.5,1700,0.5,0
7,3,424,2,10,5,0,500,0.6,1000,0.2,1400,0.2,2
7,4,725,2,10,5,0,500,0.6,1000,0.2,1400,0.2,1
7,5,817,1,0,500,0.6,1000,0.2,1400,0.2,0
7,6,330,2,10,5,0,300,0.5,1700,0.5,0
7,7,445,2,10,5,0,300,0.5,1700,0.5,2
7,8,665,2,10,5,0,300,0.5,1700,0.5,2
7,9,411,0,0,300,0.5,1700,0.5,0
7,10,110,0,0,500,0.6,1000,0.2,1400,0.2,1
7,11,29,2,10,5,0,300,0.5,1700,0.5,2
7,12,892,2,10,5,0,500,0.6,1000,0.2,1400,0.2,0
7,13,486,1,0,300,0.5,1700,0.5,1
7,14,125,1,0,500,0.6,1000,0.2,1400,0.2,0
8,0,924,1,0,300,0.5,1700,0.5,0
8,1,305,2,10,5,0,500,0.6,1000,0.2,1400,0.2,2
8,2,789,1,0,300,0.5,1700,0.5,2
8,3,239,1,0,500,0.6,1000,0.2,1400,0.2,1
8,4,55,2,10,5,0,300,0.5,1700,0.5,2
8,5,467,1,0,500,0.6,1000,0.2,1400,0.2,0
8,6,130,0,0,500,0.6,1000,0.2,1400,0.2,0
8,7,484,0,0,300,0.5,1700,0.5,0
8,8,289,0,0,300,0.5,1700,0.5,1
8,9,841,2,10,5,0,300,0.5,1700,0.5,1
8,10,764,1,0,500,0.6,1000,0.2,1400,0.2,2
8,11,787,1,0,300,0.5,1700,0.5,1
8,12,447,0,0,300,0.5,1700,0.5,1
8,13,239,2,10,5,0,500,0.6,1000,0.2,1400,0.2,2
8,14,340,2,10,5,0,500,0.6,1000,0.2,1400,0.2,1
9,0,838,1,0,500,0.6,1000,0.2,1400,0.2,1
9,1,507,2,10,5,0,300,0.5,1700,0.5,0
9,2,90,0,0,500,0.6,1000,0.2,1400,0.2,0
9,3,561,0,0,300,0.5,1700,0.5,0
9,4,156,0,0,300,0.5,1700,0.5,2
9,5,574,1,0,300,0.5,1700,0.5,0
9,6,119,1,0,300,0.5,1700,0.5,2
9,7,780,2,10,5,0,500,0.6,1000,0.2,1400,0.2,0
9,8,586,2,10,5,0,300,0.5,1700,0.5,0
9,9,170,2,10,5,0,500,0.6,1000,0.2,1400,0.2,0
9,10,728,0,0,300,0.5,1700,0.5,0
9,11,974,2,10,5,0,500,0.6,1000,0.2,1400,0.2,1
9,12,554,0,0,500,0.6,1000,0.2,1400,0.2,1
9,13,268,0,0,500,0.6,1000,0.2,1400,0.2,2
9,14,715,2,10,5,0,500,0.6,1000,0.2,1400,0.2,0
10,0,392,0,0,300,0.5,1700,0.5,2
10,1,184,0,0,500,0.6,1000,0.2,1400,0.2,0
10,2,665,1,0,300,0.5,1700,0.5,0
10,3,320,2,10,5,0,500,0.6,1000,0.2,1400,0.2,0
10,4,275,1,0,500,0.6,1000,0.2,1400,0.2,1
10,5,785,1,0,300,0.5,1700,0.5,2
10,6,775,1,0,500,0.6,1000,0.2,1400,0.2,1
10,7,787,2,10,5,0,300,0.5,1700,0.5,2
10,8,254,2,10,5,0,500,0.6,1000,0.2,1400,0.2,1
10,9,847,2,10,5,0,500,0.6,1000,0.2,1400,0.2,1
10,10,954,1,0,300,0.5,1700,0.5,1
10,11,162,1,0,300,0.5,1700,0.5,1
10,12,790,2,10,5,0,500,0.6,1000,0.2,1400,0.2,2
10,13,430,2,10,5,0,300,0.5,1700,0.5,0
10,14,452,0,0,500,0.6,1000,0.2,1400,0.2,0
11,0,379,0,0,300,0.5,1700,0.5,2
11,1,852,1,0,300,0.5,1700,0.5,2
11,2,635,2,10,5,0,500,0.6,1000,0.2,1400,0.2,0
11,3,659,1,0,500,0.6,1000,0.2,1400,0.2,1
11,4,344,0,0,500,0.6,1000,0.2,1400,0.2,0
11,5,548,1,0,500,0.6,1000,0.2,1400,0.2,2
11,6,310,2,10,5,0,300,0.5,1700,0.5,1
11,7,105,2,10,5,0,300,0.5,1700,0.5,1
11,8,42,2,10,5,0,300,0.5,1700,0.5,0
11,9,749,1,0,500,0.6,1000,0.2,1400,0.2,1
11,10,896,2,10,5,0,300,0.5,1700,0.5,1
11,11,982,0,0,300,0.5,1700,0.5,2
11,12,112,0,0,500,0.6,1000,0.2,1400,0.2,1
11,13,804,0,0,500,0.6,1000,0.2,1400,0.2,2
11,14,214,2,10,5,0,300,0.5,1700,0.5,2
12,0,30,1,0,300,0.5,1700,0.5,2
12,1,519,1,0,500,0.6,1000,0.2,1400,0.2,2
12,2,784,0,0,500,0.6,1000,0.2,1400,0.2,1
12,3,701,2,10,5,0,500,0.6,1000,0.2,1400,0.2,1
12,4,455,0,0,300,0.5,1700,0.5,2
12,5,592,2,10,5,0,300,0.5,1700,0.5,2
12,6,162,2,10,5,0,300,0.5,1700,0.5,0
12,7,145,1,0,500,0.6,1000,0.2,1400,0.2,1
12,8,631,1,0,300,0.5,1700,0.5,0
12,9,660,1,0,500,0.6,1000,0.2,1400,0.2,2
12,10,171,1,0,500,0.6,1000,0.2,1400,0.2,2
12,11,76,0,0,500,0.6,1000,0.2,1400,0.2,0
12,12,494,2,10,5,0,500,0.6,1000,0.2,1400,0.2,0
12,13,450,0,0,300,0.5,1700,0.5,2
12,14,395,1,0,500,0.6,1000,0.2,1400,0.2,0
13,0,1000,0,0,500,0.6,1000,0.2,1400,0.2,1
13,1,819,1,0,500,0.6,1000,0.2,1400,0.2,0
13,2,786,0,0,300,0.5,1700,0.5,1
13,3,272,1,0,500,0.6,1000,0.2,1400,0.2,2
13,4,538,2,10,5,0,500,0.6,1000,0.2,1400,0.2,2
13,5,112,0,0,300,0.5,1700,0.5,1
13,6,757,2,10,5,0,300,0.5,1700,0.5,0
13,7,718,1,0,500,0.6,1000,0.2,1400,0.2,2
13,8,714,0,0,300,0.5,1700,0.5,0
13,9,267,0,0,300,0.5,1700,0.5,2
13,10,407,2,10,5,0,300,0.5,1700,0.5,0
13,11,919,1,0,500,0.6,1000,0.2,1400,0.2,2
13,12,975,1,0,500,0.6,1000,0.2,1400,0.2,0
13,13,832,0,0,500,0.6,1000,0.2,1400,0.2,1
13,14,247,1,0,300,0.5,1700,0.5,2
14,0,906,2,10,5,0,300,0.5,1700,0.5,1
14,1,378,0,0,500,0.6,1000,0.2,1400,0.2,2
14,2,793,0,0,500,0.6,1000,0.2,1400,0.2,1
14,3,832,1,0,300,0.5,1700,0.5,2
14,4,552,2,10,5,0,300,0.5,1700,0.5,1
14,5,818,2,10,5,0,300,0.5,1700,0.5,2
14,6,478,2,10,5,0,300,0.5,1700,0.5,1
14,7,541,2,10,5,0,300,0.5,1700,0.5,0
14,8,514,2,10,5,0,300,0.5,1700,0.5,2
14,9,793,2,10,5,0,500,0.6,1000,0.2,1400,0.2,1
14,10,371,1,0,500,0.6,1000,0.2,1400,0.2,0
14,11,115,1,0,500,0.6,1000,0.2,1400,0.2,1
14,12,778,2,10,5,0,500,0.6,1000,0.2,1400,0.2,0
14,13,848,1,0,300,0.5,1700,0.5,1
14,14,10,0,0,500,0.6,1000,0.2,1400,0.2,1
