0,0,533,2,10,5,0,300,0.5,1700,0.5,0
0,1,813,2,10,5,0,300,0.5,1700,0.5,2
0,2,445,0,0,300,0.5,1700,0.5,2
0,3,384,2,10,5,0,500,0.6,1000,0.2,1400,0.2,2
0,4,991,0,0,300,0.5,1700,0.5,0
0,5,277,0,0,300,0.5,1700,0.5,1
0,6,248,2,10,5,0,300,0.5,1700,0.5,2
0,7,62,1,0,500,0.6,1000,0.2,1400,0.2,1
0,8,997,1,0,500,0.6,1000,0.2,1400,0.2,1
0,9,351,0,0,300,0.5,1700,0.5,2
0,10,277,2,10,5,0,300,0.5,1700,0.5,2
0,11,337,0,0,300,0.5,1700,0.5,2
0,12,1000,0,0,500,0.6,1000,0.2,1400,0.2,1
0,13,760,1,0,300,0.5,1700,0.5,0
0,14,112,2,10,5,0,500,0.6,1000,0.2,1400,0.2,1
1,0,641,1,0,500,0.6,1000,0.2,1400,0.2,1
1,1,773,0,0,300,0.5,1700,0.5,0
1,2,723,1,0,300,0.5,1700,0.5,0
1,3,834,1,0,300,0.5,1700,0.5,2
1,4,882,0,0,500,0.6,1000,0.2,1400,0.2,2
1,5,89,0,0,500,0.6,1000,0.2,1400,0.2,0
1,6,825,2,10,5,0,300,0.5,1700,0.5,0
1,7,761,2,10,5,0,300,0.5,1700,0.5,1
1,8,795,0,0,500,0.6,1000,0.2,1400,0.2,2
1,9,217,0,0,500,0.6,1000,0.2,1400,0.2,0
1,10,682,2,10,5,0,500,0.6,1000,0.2,1400,0.2,0
1,11,156,0,0,300,0.5,1700,0.5,0
1,12,306,2,10,5,0,300,0.5,1700,0.5,0
1,13,441,1,0,300,0.5,1700,0.5,2
1,14,976,0,0,300,0.5,1700,0.5,2
2,0,29,1,0,300,0.5,1700,0.5,0
2,1,828,2,10,5,0,300,0.5,1700,0.5,1
2,2,504,0,0,500,0.6,1000,0.2,1400,0.2,0
2,3,860,0,0,500,0.6,1000,0.2,1400,0.2,0
2,4,596,2,10,5,0,300,0.5,1700,0.5,1
2,5,900,2,10,5,0,500,0.6,1000,0.2,1400,0.2,2
2,6,313,1,0,500,0.6,1000,0.2,1400,0.2,2
2,7,113,2,10,5,0,500,0.6,1000,0.2,1400,0.2,2
2,8,591,2,10,5,0,300,0.5,1700,0.5,2
2,9,498,1,0,300,0.5,1700,0.5,2
2,10,172,1,0,500,0.6,1000,0.2,1400,0.2,2
2,11,700,0,0,300,0.5,1700,0.5,1
2,12,737,0,0,500,0.6,1000,0.2,1400,0.2,2
2,13,399,0,0,300,0.5,1700,0.5,1
2,14,365,2,10,5,0,300,0.5,1700,0.5,2
3,0,21,0,0,500,0.6,1000,0.2,1400,0.2,2
3,1,679,0,0,500,0.6,1000,0.2,1400,0.2,1
3,2,191,0,0,300,0.5,1700,0.5,2
3,3,320,1,0,300,0.5,1700,0.5,1
3,4,446,2,10,5,0,500,0.6,1000,0.2,1400,0.2,2
3,5,779,0,0,500,0.6,1000,0.2,1400,0.2,0
3,6,896,2,10,5,0,300,0.5,1700,0.5,0
3,7,459,0,0,300,0.5,1700,0.5,2
3,8,840,0,0,500,0.6,1000,0.2,1400,0.2,0
3,9,370,1,0,300,0.5,1700,0.5,1
3,10,613,0,0,500,0.6,1000,0.2,1400,0.2,1
3,11,103,2,10,5,0,500,0.6,1000,0.2,1400,0.2,0
3,12,299,0,0,500,0.6,1000,0.2,1400,0.2,0
3,13,278,2,10,5,0,300,0.5,1700,0.5,2
3,14,139,2,10,5,0,300,0.5,1700,0.5,0
4,0,556,0,0,300,0.5,1700,0.5,1
4,1,205,2,10,5,0,300,0.5,1700,0.5,0
4,2,598,1,0,300,0.5,1700,0.5,1
4,3,821,1,0,500,0.6,1000,0.2,1400,0.2,1
4,4,388,1,0,300,0.5,1700,0.5,0
4,5,696,2,10,5,0,500,0.6,1000,0.2,1400,0.2,2
4,6,136,2,10,5,0,500,0.6,1000,0.2,1400,0.2,0
4,7,162,0,0,300,0.5,1700,0.5,0
4,8,152,1,0,500,0.6,1000,0.2,1400,0.2,2
4,9,408,1,0,300,0.5,1700,0.5,1
4,10,458,0,0,300,0.5,1700,0.5,0
4,11,916,2,10,5,0,300,0.5,1700,0.5,0
4,12,179,1,0,300,0.5,1700,0.5,0
4,13,358,2,10,5,0,500,0.6,1000,0.2,1400,0.2,0
4,14,129,1,0,300,0.5,1700,0.5,1
5,0,327,2,10,5,0,300,0.5,1700,0.5,0
5,1,537,0,0,500,0.6,1000,0.2,1400,0.2,1
5,2,167,2,10,5,0,500,0.6,1000,0.2,1400,0.2,1
5,3,688,1,0,500,0.6,1000,0.2,1400,0.2,2
5,4,466,2,10,5,0,300,0.5,1700,0.5,1
5,5,382,0,0,300,0.5,1700,0.5,2
5,6,887,1,0,500,0.6,1000,0.2,1400,0.2,0
5,7,761,1,0,300,0.5,1700,0.5,2
5,8,624,1,0,500,0.6,1000,0.2,1400,0.2,1
5,9,287,2,10,5,0,300,0.5,1700,0.5,1
5,10,410,2,10,5,0,500,0.6,1000,0.2,1400,0.2,0
5,11,874,2,10,5,0,500,0.6,1000,0.2,1400,0.2,2
5,12,702,1,0,500,0.6,1000,0.2,1400,0.2,1
5,13,433,0,0,300,0.5,1700,0.5,1
5,14,882,2,10,5,0,500,0.6,1000,0.2,1400,0.2,0
6,0,223,2,10,5,0,500,0.6,1000,0.2,1400,0.2,2
6,1,537,2,10,5,0,300,0.5,1700,0.5,1
6,2,464,1,0,500,0.6,1000,0.2,1400,0.2,0
6,3,385,2,10,5,0,300,0.5,1700,0.5,1
6,4,817,0,0,500,0.6,1000,0.2,1400,0.2,0
6,5,434,1,0,500,0.6,1000,0.2,1400,0.2,0
6,6,359,0,0,500,0.6,1000,0.2,1400,0.2,0
6,7,72,1,0,300,0.5,1700,0.5,0
6,8,936,1,0,500,0.6,1000,0.2,1400,0.2,1
6,9,98,1,0,500,0.6,1000,0.2,1400,0.2,0
6,10,771,0,0,300,0.5,1700,0.5,0
6,11,696,2,10,5,0,300,0.5,1700,0.5,1
6,12,70,1,0,300,0.5,1700,0.5,2
6,13,556,0,0,500,0.6,1000,0.2,1400,0.2,1
6,14,456,1,0,500,0.6,1000,0.2,1400,0.2,2
7,0,120,0,0,500,0.6,1000,0.2,1400,0.2,0
7,1,185,2,10,5,0,500,0.6,1000,0.2,1400,0.2,0
7,2,845,1,0,300,0.5,1700,0.5,1
7,3,468,0,0,500,0.6,1000,0.2,1400,0.2,2
7,4,620,2,10,5,0,300,0.5,1700,0.5,2
7,5,915,2,10,5,0,300,0.5,1700,0.5,0
7,6,611,2,10,5,0,300,0.5,1700,0.5,2
7,7,709,1,0,300,0.5,1700,0.5,0
7,8,93,1,0,300,0.5,1700,0.5,0
7,9,488,0,0,500,0.6,1000,0.2,1400,0.2,0
7,10,748,1,0,500,0.6,1000,0.2,1400,0.2,2
7,11,834,1,0,300,0.5,1700,0.5,1
7,12,784,1,0,300,0.5,1700,0.5,1
7,13,720,0,0,500,0.6,1000,0.2,1400,0.2,0
7,14,253,1,0,500,0.6,1000,0.2,1400,0.2,2
8,0,857,1,0,500,0.6,1000,0.2,1400,0.2,0
8,1,238,1,0,300,0.5,1700,0.5,0
8,2,879,2,10,5,0,500,0.6,1000,0.2,1400,0.2,2
8,3,394,0,0,300,0.5,1700,0.5,0
8,4,526,2,10,5,0,300,0.5,1700,0.5,2
8,5,52,1,0,500,0.6,1000,0.2,1400,0.2,0
8,6,23,0,0,300,0.5,1700,0.5,0
8,7,16,2,10,5,0,500,0.6,1000,0.2,1400,0.2,2
8,8,535,1,0,300,0.5,1700,0.5,1
8,9,244,0,0,300,0.5,1700,0.5,0
8,10,16,0,0,500,0.6,1000,0.2,1400,0.2,2
8,11,561,1,0,300,0.5,1700,0.5,1
8,12,437,0,0,300,0.5,1700,0.5,1
8,13,888,1,0,500,0.6,1000,0.2,1400,0.2,1
8,14,303,1,0,300,0.5,1700,0.5,1
9,0,583,0,0,500,0.6,1000,0.2,1400,0.2,1
9,1,396,0,0,300,0.5,1700,0.5,0
9,2,808,2,10,5,0,500,0.6,1000,0.2,1400,0.2,2
9,3,188,1,0,500,0.6,1000,0.2,1400,0.2,0
9,4,825,0,0,500,0.6,1000,0.2,1400,0.2,0
9,5,588,0,0,300,0.5,1700,0.5,0
9,6,298,0,0,500,0.6,1000,0.2,1400,0.2,0
9,7,241,2,10,5,0,500,0.6,1000,0.2,1400,0.2,1
9,8,701,2,10,5,0,500,0.6,1000,0.2,1400,0.2,2
9,9,537,0,0,300,0.5,1700,0.5,1
9,10,483,1,0,500,0.6,1000,0.2,1400,0.2,0
9,11,766,2,10,5,0,500,0.6,1000,0.2,1400,0.2,0
9,12,722,2,10,5,0,500,0.6,1000,0.2,1400,0.2,0
9,13,296,1,0,300,0.5,1700,0.5,2
9,14,225,1,0,500,0.6,1000,0.2,1400,0.2,0
10,0,55,0,0,300,0.5,1700,0.5,1
10,1,579,1,0,300,0.5,1700,0.5,0
10,2,520,0,0,500,0.6,1000,0.2,1400,0.2,1
10,3,557,2,10,5,0,500,0.6,1000,0.2,1400,0.2,0
10,4,15,2,10,5,0,500,0.6,1000,0.2,1400,0.2,0
10,5,345,0,0,500,0.6,1000,0.2,1400,0.2,2
10,6,390,1,0,500,0.6,1000,0.2,1400,0.2,1
10,7,965,2,10,5,0,300,0.5,1700,0.5,2
10,8,587,1,0,300,0.5,1700,0.5,2
10,9,322,0,0,500,0.6,1000,0.2,1400,0.2,0
10,10,915,1,0,500,0.6,1000,0.2,1400,0.2,1
10,11,640,1,0,300,0.5,1700,0.5,1
10,12,104,2,10,5,0,300,0.5,1700,0.5,0
10,13,545,0,0,300,0.5,1700,0.5,1
10,14,782,1,0,500,0.6,1000,0.2,1400,0.2,0
11,0,274,2,10,5,0,300,0.5,1700,0.5,0
11,1,300,2,10,5,0,300,0.5,1700,0.5,0
11,2,925,1,0,500,0.6,1000,0.2,1400,0.2,0
11,3,138,0,0,300,0.5,1700,0.5,2
11,4,210,2,10,5,0,500,0.6,1000,0.2,1400,0.2,2
11,5,275,2,10,5,0,500,0.6,1000,0.2,1400,0.2,1
11,6,347,2,10,5,0,300,0.5,1700,0.5,2
11,7,774,0,0,500,0.6,1000,0.2,1400,0.2,1
11,8,195,1,0,300,0.5,1700,0.5,1
11,9,84,1,0,500,0.6,1000,0.2,1400,0.2,2
11,10,904,2,10,5,0,300,0.5,1700,0.5,0
11,11,632,1,0,500,0.6,1000,0.2,1400,0.2,0
11,12,676,0,0,300,0.5,1700,0.5,0
11,13,667,1,0,500,0.6,1000,0.2,1400,0.2,2
11,14,986,2,10,5,0,500,0.6,1000,0.2,1400,0.2,2
12,0,495,2,10,5,0,500,0.6,1000,0.2,1400,0.2,1
12,1,334,2,10,5,0,300,0.5,1700,0.5,2
12,2,63,2,10,5,0,300,0.5,1700,0.5,1
12,3,658,2,10,5,0,500,0.6,1000,0.2,1400,0.2,0
12,4,655,1,0,500,0.6,1000,0.2,1400,0.2,0
12,5,311,0,0,300,0.5,1700,0.5,1
12,6,128,2,10,5,0,300,0.5,1700,0.5,2
12,7,581,2,10,5,0,500,0.6,1000,0.2,1400,0.2,2
12,8,70,0,0,500,0.6,1000,0.2,1400,0.2,0
12,9,804,1,0,500,0.6,1000,0.2,1400,0.2,1
12,10,694,2,10,5,0,500,0.6,1000,0.2,1400,0.2,0
12,11,605,2,10,5,0,300,0.5,1700,0.5,1
12,12,605,2,10,5,0,500,0.6,1000,0.2,1400,0.2,1
12,13,740,2,10,5,0,300,0.5,1700,0.5,0
12,14,615,2,10,5,0,300,0.5,1700,0.5,2
13,0,403,2,10,5,0,500,0.6,1000,0.2,1400,0.2,2
13,1,624,1,0,500,0.6,1000,0.2,1400,0.2,2
13,2,342,2,10,5,0,500,0.6,1000,0.2,1400,0.2,0
13,3,98,0,0,500,0.6,1000,0.2,1400,0.2,0
13,4,739,0,0,300,0.5,1700,0.5,1
13,5,309,2,10,5,0,300,0.5,1700,0.5,2
13,6,924,2,10,5,0,500,0.6,1000,0.2,1400,0.2,0
13,7,243,1,0,500,0.6,1000,0.2,1400,0.2,2
13,8,201,1,0,500,0.6,1000,0.2,1400,0.2,1
13,9,780,2,10,5,0,500,0.6,1000,0.2,1400,0.2,2
13,10,956,2,10,5,0,300,0.5,1700,0.5,1
13,11,488,2,10,5,0,500,0.6,1000,0.2,1400,0.2,2
13,12,589,1,0,300,0.5,1700,0.5,1
13,13,631,2,10,5,0,300,0.5,1700,0.5,0
13,14,476,0,0,300,0.5,1700,0.5,2
14,0,388,2,10,5,0,300,0.5,1700,0.5,2
14,1,140,1,0,300,0.5,1700,0.5,0
14,2,701,2,10,5,0,500,0.6,1000,0.2,1400,0.2,1
14,3,740,0,0,500,0.6,1000,0.2,1400,0.2,1
14,4,926,1,0,500,0.6,1000,0.2,1400,0.2,0
14,5,818,1,0,300,0.5,1700,0.5,1
14,6,409,0,0,300,0.5,1700,0.5,0
14,7,576,1,0,500,0.6,1000,0.2,1400,0.2,0
14,8,871,1,0,500,0.6,1000,0.2,1400,0.2,0
14,9,256,2,10,5,0,500,0.6,1000,0.2,1400,0.2,2
14,10,293,0,0,500,0.6,1000,0.2,1400,0.2,0
14,11,85,1,0,500,0.6,1000,0.2,1400,0.2,0
14,12,200,1,0,300,0.5,1700,0.5,1
14,13,719,2,10,5,0,500,0.6,1000,0.2,1400,0.2,2
14,14,161,0,0,500,0.6,1000,0.2,1400,0.2,2
