0,0,556,1,0,300,0.5,1700,0.5,1
0,1,204,1,0,500,0.6,1000,0.2,1400,0.2,1
0,2,335,0,0,300,0.5,1700,0.5,2
0,3,334,2,10,5,0,500,0.6,1000,0.2,1400,0.2,2
0,4,508,1,0,500,0.6,1000,0.2,1400,0.2,1
0,5,319,1,0,300,0.5,1700,0.5,1
0,6,801,1,0,300,0.5,1700,0.5,2
0,7,166,2,10,5,0,500,0.6,1000,0.2,1400,0.2,2
0,8,607,1,0,300,0.5,1700,0.5,1
0,9,990,1,0,300,0.5,1700,0.5,1
0,10,351,1,0,500,0.6,1000,0.2,1400,0.2,1
0,11,894,2,10,5,0,300,0.5,1700,0.5,2
0,12,937,0,0,300,0.5,1700,0.5,2
0,13,480,0,0,500,0.6,1000,0.2,1400,0.2,2
0,14,70,1,0,500,0.6,1000,0.2,1400,0.2,0
1,0,10,0,0,300,0.5,1700,0.5,1
1,1,129,1,0,300,0.5,1700,0.5,0
1,2,906,1,0,500,0.6,1000,0.2,1400,0.2,2
1,3,199,2,10,5,0,300,0.5,1700,0.5,2
1,4,314,1,0,300,0.5,1700,0.5,1
1,5,132,0,0,500,0.6,1000,0.2,1400,0.2,1
1,6,471,1,0,500,0.6,1000,0.2,1400,0.2,0
1,7,793,1,0,300,0.5,1700,0.5,0
1,8,758,0,0,300,0.5,1700,0.5,1
1,9,475,0,0,300,0.5,1700,0.5,2
1,10,713,0,0,300,0.5,1700,0.5,1
1,11,44,0,0,500,0.6,1000,0.2,1400,0.2,1
1,12,86,2,10,5,0,300,0.5,1700,0.5,1
1,13,97,1,0,300,0.5,1700,0.5,2
1,14,588,2,10,5,0,500,0.6,1000,0.2,1400,0.2,1
2,0,568,1,0,300,0.5,1700,0.5,2
2,1,48,2,10,5,0,300,0.5,1700,0.5,0
2,2,28,1,0,300,0.5,1700,0.5,0
2,3,45,1,0,500,0.6,1000,0.2,1400,0.2,0
2,4,982,1,0,500,0.6,1000,0.2,1400,0.2,1
2,5,937,1,0,300,0.5,1700,0.5,0
2,6,303,2,10,5,0,300,0.5,1700,0.5,2
2,7,753,1,0,500,0.6,1000,0.2,1400,0.2,2
2,8,88,2,10,5,0,300,0.5,1700,0.5,0
2,9,594,2,10,5,0,500,0.6,1000,0.2,1400,0.2,2
2,10,760,2,10,5,0,300,0.5,1700,0.5,0
2,11,699,1,0,500,0.6,1000,0.2,1400,0.2,1
2,12,334,0,0,500,0.6,1000,0.2,1400,0.2,0
2,13,695,1,0,500,0.6,1000,0.2,1400,0.2,2
2,14,739,1,0,500,0.6,1000,0.2,1400,0.2,0
3,0,236,1,0,500,0.6,1000,0.2,1400,0.2,1
3,1,959,2,10,5,0,500,0.6,1000,0.2,1400,0.2,2
3,2,381,0,0,500,0.6,1000,0.2,1400,0.2,1
3,3,203,2,10,5,0,300,0.5,1700,0.5,0
3,4,526,2,10,5,0,500,0.6,1000,0.2,1400,0.2,2
3,5,96,1,0,500,0.6,1000,0.2,1400,0.2,1
3,6,443,0,0,300,0.5,1700,0.5,1
3,7,485,1,0,500,0.6,1000,0.2,1400,0.2,0
3,8,476,0,0,500,0.6,1000,0.2,1400,0.2,2
3,9,920,2,10,5,0,500,0.6,1000,0.2,1400,0.2,1
3,10,943,0,0,500,0.6,1000,0.2,1400,0.2,0
3,11,334,1,0,300,0.5,1700,0.5,2
3,12,18,0,0,300,0.5,1700,0.5,2
3,13,695,0,0,300,0.5,1700,0.5,2
3,14,200,0,0,500,0.6,1000,0.2,1400,0.2,0
4,0,71,0,0,300,0.5,1700,0.5,0
4,1,813,0,0,500,0.6,1000,0.2,1400,0.2,0
4,2,581,1,0,500,0.6,1000,0.2,1400,0.2,0
4,3,706,1,0,500,0.6,1000,0.2,1400,0.2,0
4,4,546,2,10,5,0,500,0.6,1000,0.2,1400,0.2,2
4,5,629,0,0,500,0.6,1000,0.2,1400,0.2,1
4,6,600,0,0,300,0.5,1700,0.5,1
4,7,324,2,10,5,0,500,0.6,1000,0.2,1400,0.2,0
4,8,738,1,0,300,0.5,1700,0.5,2
4,9,282,2,10,5,0,500,0.6,1000,0.2,1400,0.2,1
4,10,130,1,0,300,0.5,1700,0.5,2
4,11,144,2,10,5,0,500,0.6,1000,0.2,1400,0.2,2
4,12,725,1,0,500,0.6,1000,0.2,1400,0.2,2
4,13,58,2,10,5,0,300,0.5,1700,0.5,1
4,14,726,0,0,300,0.5,1700,0.5,1
5,0,129,1,0,500,0.6,1000,0.2,1400,0.2,2
5,1,624,1,0,500,0.6,1000,0.2,1400,0.2,2
5,2,747,2,10,5,0,500,0.6,1000,0.2,1400,0.2,1
5,3,625,2,10,5,0,500,0.6,1000,0.2,1400,0.2,2
5,4,881,1,0,500,0.6,1000,0.2,1400,0.2,0
5,5,645,0,0,300,0.5,1700,0.5,2
5,6,87,2,10,5,0,500,0.6,1000,0.2,1400,0.2,1
5,7,357,0,0,300,0.5,1700,0.5,2
5,8,866,0,0,300,0.5,1700,0.5,2
5,9,44,2,10,5,0,500,0.6,1000,0.2,1400,0.2,0
5,10,49,2,10,5,0,300,0.5,1700,0.5,2
5,11,713,2,10,5,0,500,0.6,1000,0.2,1400,0.2,0
5,12,666,1,0,500,0.6,1000,0.2,1400,0.2,2
5,13,195,0,0,300,0.5,1700,0.5,2
5,14,595,1,0,500,0.6,1000,0.2,1400,0.2,0
6,0,878,2,10,5,0,500,0.6,1000,0.2,1400,0.2,0
6,1,631,0,0,500,0.6,1000,0.2,1400,0.2,0
6,2,899,0,0,300,0.5,1700,0.5,1
6,3,959,1,0,300,0.5,1700,0.5,2
6,4,294,2,10,5,0,500,0.6,1000,0.2,1400,0.2,2
6,5,936,1,0,500,0.6,1000,0.2,1400,0.2,2
6,6,770,1,0,500,0.6,1000,0.2,1400,0.2,1
6,7,25,1,0,300,0.5,1700,0.5,0
6,8,714,0,0,300,0.5,1700,0.5,1
6,9,531,2,10,5,0,300,0.5,1700,0.5,2
6,10,458,0,0,300,0.5,1700,0.5,1
6,11,514,1,0,300,0.5,1700,0.5,1
6,12,359,0,0,500,0.6,1000,0.2,1400,0.2,0
6,13,438,0,0,500,0.6,1000,0.2,1400,0.2,0
6,14,149,1,0,300,0.5,1700,0.5,0
7,0,128,1,0,300,0.5,1700,0.5,1
7,1,841,0,0,500,0.6,1000,0.2,1400,0.2,1
7,2,991,2,10,5,0,500,0.6,1000,0.2,1400,0.2,1
7,3,306,2,10,5,0,500,0.6,1000,0.2,1400,0.2,1
7,4,492,2,10,5,0,500,0.6,1000,0.2,1400,0.2,1
7,5,574,0,0,300,0.5,1700,0.5,0
7,6,18,2,10,5,0,500,0.6,1000,0.2,1400,0.2,0
7,7,270,2,10,5,0,500,0.6,1000,0.2,1400,0.2,2
7,8,595,2,10,5,0,500,0.6,1000,0.2,1400,0.2,2
7,9,89,0,0,500,0.6,1000,0.2,1400,0.2,1
7,10,943,1,0,500,0.6,1000,0.2,1400,0.2,2
7,11,649,2,10,5,0,500,0.6,1000,0.2,1400,0.2,0
7,12,779,1,0,300,0.5,1700,0.5,1
7,13,382,2,10,5,0,300,0.5,1700,0.5,2
7,14,936,2,10,5,0,300,0.5,1700,0.5,2
8,0,62,1,0,300,0.5,1700,0.5,2
8,1,562,1,0,500,0.6,1000,0.2,1400,0.2,1
8,2,590,1,0,300,0.5,1700,0.5,0
8,3,85,0,0,500,0.6,1000,0.2,1400,0.2,0
8,4,946,1,0,300,0.5,1700,0.5,2
8,5,845,0,0,500,0.6,1000,0.2,1400,0.2,0
8,6,292,1,0,300,0.5,1700,0.5,2
8,7,702,2,10,5,0,500,0.6,1000,0.2,1400,0.2,0
8,8,627,1,0,300,0.5,1700,0.5,0
8,9,881,2,10,5,0,300,0.5,1700,0.5,0
8,10,853,0,0,500,0.6,1000,0.2,1400,0.2,0
8,11,714,2,10,5,0,300,0.5,1700,0.5,1
8,12,697,1,0,500,0.6,1000,0.2,1400,0.2,0
8,13,535,0,0,300,0.5,1700,0.5,1
8,14,535,0,0,500,0.6,1000,0.2,1400,0.2,2
9,0,71,2,10,5,0,500,0.6,1000,0.2,1400,0.2,2
9,1,929,1,0,500,0.6,1000,0.2,1400,0.2,2
9,2,94,0,0,300,0.5,1700,0.5,0
9,3,813,1,0,500,0.6,1000,0.2,1400,0.2,1
9,4,568,1,0,300,0.5,1700,0.5,0
9,5,277,2,10,5,0,500,0.6,1000,0.2,1400,0.2,0
9,6,686,2,10,5,0,300,0.5,1700,0.5,1
9,7,96,2,10,5,0,300,0.5,1700,0.5,1
9,8,317,0,0,300,0.5,1700,0.5,2
9,9,946,2,10,5,0,300,0.5,1700,0.5,0
9,10,565,0,0,500,0.6,1000,0.2,1400,0.2,0
9,11,569,1,0,500,0.6,1000,0.2,1400,0.2,2
9,12,210,1,0,300,0.5,1700,0.5,0
9,13,616,1,0,500,0.6,1000,0.2,1400,0.2,0
9,14,905,0,0,500,0.6,1000,0.2,1400,0.2,2
10,0,128,0,0,500,0.6,1000,0.2,1400,0.2,0
10,1,944,0,0,300,0.5,1700,0.5,1
10,2,956,2,10,5,0,500,0.6,1000,0.2,1400,0.2,0
10,3,479,0,0,300,0.5,1700,0.5,0
10,4,364,2,10,5,0,500,0.6,1000,0.2,1400,0.2,1
10,5,400,0,0,500,0.6,1000,0.2,1400,0.2,0
10,6,877,1,0,300,0.5,1700,0.5,0
10,7,55,2,10,5,0,500,0.6,1000,0.2,1400,0.2,0
10,8,880,1,0,300,0.5,1700,0.5,0
10,9,713,2,10,5,0,500,0.6,1000,0.2,1400,0.2,2
10,10,437,0,0,500,0.6,1000,0.2,1400,0.2,0
10,11,32,2,10,5,0,500,0.6,1000,0.2,1400,0.2,2
10,12,471,0,0,300,0.5,1700,0.5,0
10,13,847,0,0,300,0.5,1700,0.5,2
10,14,267,2,10,5,0,300,0.5,1700,0.5,2
11,0,450,1,0,300,0.5,1700,0.5,2
11,1,205,1,0,500,0.6,1000,0.2,1400,0.2,2
11,2,972,0,0,300,0.5,1700,0.5,2
11,3,315,0,0,500,0.6,1000,0.2,1400,0.2,1
11,4,978,2,10,5,0,500,0.6,1000,0.2,1400,0.2,2
11,5,800,1,0,300,0.5,1700,0.5,0
11,6,71,1,0,300,0.5,1700,0.5,0
11,7,575,2,10,5,0,500,0.6,1000,0.2,1400,0.2,0
11,8,735,1,0,500,0.6,1000,0.2,1400,0.2,1
11,9,328,2,10,5,0,300,0.5,1700,0.5,0
11,10,777,1,0,300,0.5,1700,0.5,2
11,11,411,0,0,500,0.6,1000,0.2,1400,0.2,0
11,12,359,1,0,300,0.5,1700,0.5,2
11,13,213,1,0,500,0.6,1000,0.2,1400,0.2,0
11,14,804,1,0,300,0.5,1700,0.5,2
12,0,18,2,10,5,0,500,0.6,1000,0.2,1400,0.2,2
12,1,600,2,10,5,0,500,0.6,1000,0.2,1400,0.2,0
12,2,716,1,0,500,0.6,1000,0.2,1400,0.2,1
12,3,844,1,0,500,0.6,1000,0.2,1400,0.2,0
12,4,524,1,0,500,0.6,1000,0.2,1400,0.2,1
12,5,829,0,0,500,0.6,1000,0.2,1400,0.2,0
12,6,463,1,0,300,0.5,1700,0.5,0
12,7,562,0,0,300,0.5,1700,0.5,0
12,8,119,1,0,300,0.5,1700,0.5,0
12,9,755,2,10,5,0,500,0.6,1000,0.2,1400,0.2,0
12,10,69,2,10,5,0,500,0.6,1000,0.2,1400,0.2,1
12,11,459,1,0,500,0.6,1000,0.2,1400,0.2,0
12,12,247,1,0,300,0.5,1700,0.5,2
12,13,254,0,0,300,0.5,1700,0.5,0
12,14,935,0,0,500,0.6,1000,0.2,1400,0.2,2
13,0,61,0,0,300,0.5,1700,0.5,0
13,1,643,0,0,300,0.5,1700,0.5,1
13,2,246,2,10,5,0,300,0.5,1700,0.5,0
13,3,204,2,10,5,0,500,0.6,1000,0.2,1400,0.2,2
13,4,723,2,10,5,0,300,0.5,1700,0.5,1
13,5,414,2,10,5,0,500,0.6,1000,0.2,1400,0.2,1
13,6,384,1,0,500,0.6,1000,0.2,1400,0.2,0
13,7,717,0,0,300,0.5,1700,0.5,2
13,8,986,0,0,300,0.5,1700,0.5,2
13,9,725,0,0,300,0.5,1700,0.5,0
13,10,186,0,0,500,0.6,1000,0.2,1400,0.2,1
13,11,959,1,0,500,0.6,1000,0.2,1400,0.2,2
13,12,764,2,10,5,0,300,0.5,1700,0.5,2
13,13,817,1,0,300,0.5,1700,0.5,2
13,14,464,1,0,500,0.6,1000,0.2,1400,0.2,1
14,0,940,0,0,300,0.5,1700,0.5,1
14,1,594,0,0,300,0.5,1700,0.5,0
14,2,227,1,0,300,0.5,1700,0.5,2
14,3,78,2,10,5,0,300,0.5,1700,0.5,1
14,4,923,1,0,500,0.6,1000,0.2,1400,0.2,1
14,5,646,0,0,500,0.6,1000,0.2,1400,0.2,1
14,6,280,2,10,5,0,500,0.6,1000,0.2,1400,0.2,0
14,7,781,2,10,5,0,300,0.5,1700,0.5,1
14,8,973,0,0,300,0.5,1700,0.5,1
14,9,112,0,0,300,0.5,1700,0.5,0
14,10,976,1,0,500,0.6,1000,0.2,1400,0.2,0
14,11,256,1,0,500,0.6,1000,0.2,1400,0.2,2
14,12,425,2,10,5,0,300,0.5,1700,0.5,1
14,13,507,1,0,500,0.6,1000,0.2,1400,0.2,2
14,14,124,1,0,500,0.6,1000,0.2,1400,0.2,1
