0,0,1000,1,0,300,0.5,1700,0.5,1
0,1,43,2,10,5,0,300,0.5,1700,0.5,2
0,2,222,0,0,500,0.6,1000,0.2,1400,0.2,1
0,3,542,1,0,500,0.6,1000,0.2,1400,0.2,0
0,4,804,1,0,300,0.5,1700,0.5,0
0,5,431,0,0,500,0.6,1000,0.2,1400,0.2,2
0,6,744,1,0,300,0.5,1700,0.5,0
0,7,184,1,0,300,0.5,1700,0.5,2
0,8,625,2,10,5,0,300,0.5,1700,0.5,1
0,9,109,0,0,500,0.6,1000,0.2,1400,0.2,0
0,10,679,1,0,500,0.6,1000,0.2,1400,0.2,2
0,11,528,0,0,300,0.5,1700,0.5,1
0,12,493,2,10,5,0,300,0.5,1700,0.5,1
0,13,256,0,0,300,0.5,1700,0.5,0
0,14,840,0,0,300,0.5,1700,0.5,0
1,0,964,0,0,500,0.6,1000,0.2,1400,0.2,2
1,1,30,0,0,300,0.5,1700,0.5,2
1,2,215,1,0,300,0.5,1700,0.5,0
1,3,775,0,0,300,0.5,1700,0.5,1
1,4,372,1,0,500,0.6,1000,0.2,1400,0.2,1
1,5,173,1,0,300,0.5,1700,0.5,2
1,6,518,1,0,500,0.6,1000,0.2,1400,0.2,1
1,7,793,0,0,300,0.5,1700,0.5,2
1,8,855,0,0,300,0.5,1700,0.5,2
1,9,438,0,0,500,0.6,1000,0.2,1400,0.2,2
1,10,750,2,10,5,0,500,0.6,1000,0.2,1400,0.2,0
1,11,921,2,10,5,0,500,0.6,1000,0.2,1400,0.2,2
1,12,939,2,10,5,0,500,0.6,1000,0.2,1400,0.2,1
1,13,272,2,10,5,0,500,0.6,1000,0.2,1400,0.2,2
1,14,442,2,10,5,0,500,0.6,1000,0.2,1400,0.2,1
2,0,332,0,0,300,0.5,1700,0.5,1
2,1,847,0,0,300,0.5,1700,0.5,1
2,2,630,1,0,300,0.5,1700,0.5,1
2,3,828,1,0,300,0.5,1700,0.5,1
2,4,233,2,10,5,0,300,0.5,1700,0.5,2
2,5,843,0,0,500,0.6,1000,0.2,1400,0.2,0
2,6,618,2,10,5,0,300,0.5,1700,0.5,1
2,7,81,0,0,500,0.6,1000,0.2,1400,0.2,1
2,8,655,1,0,500,0.6,1000,0.2,1400,0.2,2
2,9,588,2,10,5,0,300,0.5,1700,0.5,0
2,10,972,0,0,500,0.6,1000,0.2,1400,0.2,0
2,11,376,2,10,5,0,500,0.6,1000,0.2,1400,0.2,0
2,12,329,2,10,5,0,500,0.6,1000,0.2,1400,0.2,1
2,13,429,2,10,5,0,300,0.5,1700,0.5,1
2,14,656,1,0,300,0.5,1700,0.5,1
3,0,755,2,10,5,0,500,0.6,1000,0.2,1400,0.2,2
3,1,531,0,0,300,0.5,1700,0.5,2
3,2,510,0,0,300,0.5,1700,0.5,1
3,3,827,1,0,500,0.6,1000,0.2,1400,0.2,0
3,4,63,1,0,500,0.6,1000,0.2,1400,0.2,2
3,5,870,2,10,5,0,300,0.5,1700,0.5,2
3,6,126,1,0,300,0.5,1700,0.5,1
3,7,160,1,0,500,0.6,1000,0.2,1400,0.2,0
3,8,635,2,10,5,0,300,0.5,1700,0.5,0
3,9,221,1,0,500,0.6,1000,0.2,1400,0.2,2
3,10,12,0,0,500,0.6,1000,0.2,1400,0.2,2
3,11,664,1,0,500,0.6,1000,0.2,1400,0.2,2
3,12,613,0,0,500,0.6,1000,0.2,1400,0.2,2
3,13,798,2,10,5,0,500,0.6,1000,0.2,1400,0.2,0
3,14,316,0,0,300,0.5,1700,0.5,2
4,0,14,1,0,300,0.5,1700,0.5,1
4,1,365,1,0,300,0.5,1700,0.5,0
4,2,189,1,0,500,0.6,1000,0.2,1400,0.2,2
4,3,629,1,0,300,0.5,1700,0.5,2
4,4,502,0,0,300,0.5,1700,0.5,2
4,5,45,1,0,300,0.5,1700,0.5,1
4,6,388,0,0,300,0.5,1700,0.5,0
4,7,219,1,0,500,0.6,1000,0.2,1400,0.2,2
4,8,808,0,0,300,0.5,1700,0.5,0
4,9,118,2,10,5,0,300,0.5,1700,0.5,0
4,10,103,0,0,300,0.5,1700,0.5,2
4,11,413,1,0,500,0.6,1000,0.2,1400,0.2,2
4,12,760,2,10,5,0,300,0.5,1700,0.5,1
4,13,362,0,0,300,0.5,1700,0.5,1
4,14,912,1,0,500,0.6,1000,0.2,1400,0.2,2
5,0,105,1,0,500,0.6,1000,0.2,1400,0.2,2
5,1,466,2,10,5,0,500,0.6,1000,0.2,1400,0.2,2
5,2,815,2,10,5,0,300,0.5,1700,0.5,2
5,3,386,1,0,300,0.5,1700,0.5,1
5,4,286,1,0,300,0.5,1700,0.5,0
5,5,274,0,0,500,0.6,1000,0.2,1400,0.2,2
5,6,514,2,10,5,0,500,0.6,1000,0.2,1400,0.2,1
5,7,862,2,10,5,0,500,0.6,1000,0.2,1400,0.2,0
5,8,430,0,0,300,0.5,1700,0.5,1
5,9,542,2,10,5,0,500,0.6,1000,0.2,1400,0.2,1
5,10,549,1,0,500,0.6,1000,0.2,1400,0.2,2
5,11,853,2,10,5,0,500,0.6,1000,0.2,1400,0.2,1
5,12,258,0,0,500,0.6,1000,0.2,1400,0.2,2
5,13,96,1,0,300,0.5,1700,0.5,2
5,14,640,2,10,5,0,500,0.6,1000,0.2,1400,0.2,2
6,0,641,1,0,500,0.6,1000,0.2,1400,0.2,2
6,1,322,2,10,5,0,500,0.6,1000,0.2,1400,0.2,1
6,2,498,2,10,5,0,500,0.6,1000,0.2,1400,0.2,2
6,3,345,0,0,500,0.6,1000,0.2,1400,0.2,0
6,4,625,0,0,500,0.6,1000,0.2,1400,0.2,2
6,5,846,0,0,300,0.5,1700,0.5,2
6,6,505,1,0,300,0.5,1700,0.5,1
6,7,57,1,0,500,0.6,1000,0.2,1400,0.2,2
6,8,34,2,10,5,0,500,0.6,1000,0.2,1400,0.2,1
6,9,443,0,0,500,0.6,1000,0.2,1400,0.2,2
6,10,729,1,0,500,0.6,1000,0.2,1400,0.2,0
6,11,45,0,0,300,0.5,1700,0.5,2
6,12,11,1,0,300,0.5,1700,0.5,0
6,13,872,1,0,500,0.6,1000,0.2,1400,0.2,2
6,14,929,0,0,300,0.5,1700,0.5,0
7,0,582,0,0,500,0.6,1000,0.2,1400,0.2,0
7,1,949,2,10,5,0,300,0.5,1700,0.5,0
7,2,975,0,0,500,0.6,1000,0.2,1400,0.2,0
7,3,532,0,0,500,0.6,1000,0.2,1400,0.2,1
7,4,250,0,0,500,0.6,1000,0.2,1400,0.2,2
7,5,786,0,0,500,0.6,1000,0.2,1400,0.2,2
7,6,166,0,0,500,0.6,1000,0.2,1400,0.2,1
7,7,50,0,0,300,0.5,1700,0.5,1
7,8,255,1,0,300,0.5,1700,0.5,2
7,9,980,0,0,500,0.6,1000,0.2,1400,0.2,2
7,10,304,1,0,300,0.5,1700,0.5,1
7,11,709,2,10,5,0,500,0.6,1000,0.2,1400,0.2,2
7,12,268,0,0,500,0.6,1000,0.2,1400,0.2,2
7,13,702,2,10,5,0,500,0.6,1000,0.2,1400,0.2,1
7,14,496,0,0,300,0.5,1700,0.5,0
8,0,121,0,0,300,0.5,1700,0.5,0
8,1,12,2,10,5,0,500,0.6,1000,0.2,1400,0.2,1
8,2,749,1,0,500,0.6,1000,0.2,1400,0.2,0
8,3,896,2,10,5,0,500,0.6,1000,0.2,1400,0.2,2
8,4,126,1,0,500,0.6,1000,0.2,1400,0.2,1
8,5,168,0,0,500,0.6,1000,0.2,1400,0.2,2
8,6,668,0,0,500,0.6,1000,0.2,1400,0.2,0
8,7,902,2,10,5,0,300,0.5,1700,0.5,1
8,8,95,2,10,5,0,300,0.5,1700,0.5,0
8,9,331,1,0,500,0.6,1000,0.2,1400,0.2,0
8,10,964,1,0,500,0.6,1000,0.2,1400,0.2,1
8,11,314,2,10,5,0,500,0.6,1000,0.2,1400,0.2,0
8,12,681,0,0,500,0.6,1000,0.2,1400,0.2,0
8,13,559,2,10,5,0,300,0.5,1700,0.5,1
8,14,955,1,0,300,0.5,1700,0.5,1
9,0,773,1,0,300,0.5,1700,0.5,2
9,1,373,2,10,5,0,500,0.6,1000,0.2,1400,0.2,0
9,2,82,2,10,5,0,300,0.5,1700,0.5,2
9,3,905,2,10,5,0,500,0.6,1000,0.2,1400,0.2,1
9,4,472,0,0,500,0.6,1000,0.2,1400,0.2,1
9,5,773,2,10,5,0,500,0.6,1000,0.2,1400,0.2,0
9,6,784,2,10,5,0,300,0.5,1700,0.5,1
9,7,49,0,0,300,0.5,1700,0.5,2
9,8,55,1,0,500,0.6,1000,0.2,1400,0.2,1
9,9,696,0,0,300,0.5,1700,0.5,1
9,10,320,1,0,300,0.5,1700,0.5,1
9,11,917,2,10,5,0,500,0.6,1000,0.2,1400,0.2,1
9,12,711,0,0,300,0.5,1700,0.5,0
9,13,816,2,10,5,0,300,0.5,1700,0.5,2
9,14,122,1,0,500,0.6,1000,0.2,1400,0.2,0
10,0,628,0,0,500,0.6,1000,0.2,1400,0.2,0
10,1,175,0,0,500,0.6,1000,0.2,1400,0.2,2
10,2,417,0,0,500,0.6,1000,0.2,1400,0.2,1
10,3,992,1,0,500,0.6,1000,0.2,1400,0.2,2
10,4,31,2,10,5,0,300,0.5,1700,0.5,1
10,5,884,1,0,300,0.5,1700,0.5,0
10,6,860,0,0,300,0.5,1700,0.5,1
10,7,657,2,10,5,0,300,0.5,1700,0.5,2
10,8,449,1,0,500,0.6,1000,0.2,1400,0.2,2
10,9,470,1,0,300,0.5,1700,0.5,0
10,10,328,0,0,300,0.5,1700,0.5,1
10,11,243,1,0,300,0.5,1700,0.5,0
10,12,531,1,0,500,0.6,1000,0.2,1400,0.2,1
10,13,34,0,0,300,0.5,1700,0.5,2
10,14,406,2,10,5,0,500,0.6,1000,0.2,1400,0.2,1
11,0,989,1,0,500,0.6,1000,0.2,1400,0.2,0
11,1,802,1,0,300,0.5,1700,0.5,1
11,2,411,2,10,5,0,300,0.5,1700,0.5,2
11,3,815,2,10,5,0,300,0.5,1700,0.5,1
11,4,248,2,10,5,0,300,0.5,1700,0.5,2
11,5,477,1,0,500,0.6,1000,0.2,1400,0.2,0
11,6,973,0,0,300,0.5,1700,0.5,2
11,7,811,0,0,300,0.5,1700,0.5,0
11,8,548,2,10,5,0,500,0.6,1000,0.2,1400,0.2,2
11,9,191,1,0,500,0.6,1000,0.2,1400,0.2,2
11,10,196,2,10,5,0,500,0.6,1000,0.2,1400,0.2,2
11,11,589,0,0,500,0.6,1000,0.2,1400,0.2,2
11,12,562,0,0,300,0.5,1700,0.5,2
11,13,435,2,10,5,0,300,0.5,1700,0.5,0
11,14,543,1,0,500,0.6,1000,0.2,1400,0.2,2
12,0,608,1,0,500,0.6,1000,0.2,1400,0.2,0
12,1,573,2,10,5,0,300,0.5,1700,0.5,1
12,2,718,1,0,500,0.6,1000,0.2,1400,0.2,1
12,3,844,2,10,5,0,300,0.5,1700,0.5,0
12,4,526,1,0,500,0.6,1000,0.2,1400,0.2,1
12,5,505,0,0,300,0.5,1700,0.5,0
12,6,199,1,0,300,0.5,1700,0.5,1
12,7,140,0,0,300,0.5,1700,0.5,1
12,8,286,2,10,5,0,300,0.5,1700,0.5,0
12,9,824,1,0,500,0.6,1000,0.2,1400,0.2,1
12,10,268,1,0,300,0.5,1700,0.5,1
12,11,353,2,10,5,0,500,0.6,1000,0.2,1400,0.2,2
12,12,481,0,0,300,0.5,1700,0.5,1
12,13,208,0,0,300,0.5,1700,0.5,0
12,14,840,2,10,5,0,500,0.6,1000,0.2,1400,0.2,2
13,0,988,1,0,300,0.5,1700,0.5,1
13,1,541,1,0,500,0.6,1000,0.2,1400,0.2,2
13,2,360,0,0,500,0.6,1000,0.2,1400,0.2,2
13,3,666,1,0,300,0.5,1700,0.5,1
13,4,844,1,0,500,0.6,1000,0.2,1400,0.2,2
13,5,91,2,10,5,0,300,0.5,1700,0.5,1
13,6,809,1,0,300,0.5,1700,0.5,1
13,7,887,1,0,500,0.6,1000,0.2,1400,0.2,2
13,8,436,2,10,5,0,500,0.6,1000,0.2,1400,0.2,2
13,9,40,2,10,5,0,300,0.5,1700,0.5,0
13,10,115,1,0,500,0.6,1000,0.2,1400,0.2,2
13,11,962,1,0,500,0.6,1000,0.2,1400,0.2,0
13,12,419,2,10,5,0,300,0.5,1700,0.5,1
13,13,229,2,10,5,0,500,0.6,1000,0.2,1400,0.2,0
13,14,29,0,0,300,0.5,1700,0.5,1
14,0,205,0,0,500,0.6,1000,0.2,1400,0.2,1
14,1,610,2,10,5,0,300,0.5,1700,0.5,1
14,2,269,0,0,500,0.6,1000,0.2,1400,0.2,1
14,3,83,2,10,5,0,500,0.6,1000,0.2,1400,0.2,0
14,4,834,1,0,500,0.6,1000,0.2,1400,0.2,0
14,5,303,1,0,300,0.5,1700,0.5,2
14,6,844,2,10,5,0,500,0.6,1000,0.2,1400,0.2,0
14,7,502,2,10,5,0,300,0.5,1700,0.5,2
14,8,751,2,10,5,0,300,0.5,1700,0.5,1
14,9,997,2,10,5,0,300,0.5,1700,0.5,2
14,10,739,1,0,500,0.6,1000,0.2,1400,0.2,1
14,11,944,2,10,5,0,500,0.6,1000,0.2,1400,0.2,2
14,12,822,0,0,300,0.5,1700,0.5,0
14,13,458,1,0,300,0.5,1700,0.5,2
14,14,149,0,0,500,0.6,1000,0.2,1400,0.2,1
