0,0,674,1,0,300,0.5,1700,0.5,1
0,1,610,1,0,500,0.6,1000,0.2,1400,0.2,2
0,2,239,0,0,300,0.5,1700,0.5,0
0,3,100,2,10,5,0,300,0.5,1700,0.5,0
0,4,866,2,10,5,0,300,0.5,1700,0.5,2
0,5,60,2,10,5,0,500,0.6,1000,0.2,1400,0.2,1
0,6,806,1,0,300,0.5,1700,0.5,0
0,7,877,1,0,500,0.6,1000,0.2,1400,0.2,2
0,8,917,1,0,500,0.6,1000,0.2,1400,0.2,2
0,9,644,2,10,5,0,500,0.6,1000,0.2,1400,0.2,2
0,10,688,0,0,500,0.6,1000,0.2,1400,0.2,0
0,11,748,0,0,300,0.5,1700,0.5,0
0,12,821,0,0,500,0.6,1000,0.2,1400,0.2,2
0,13,882,2,10,5,0,300,0.5,1700,0.5,1
0,14,16,0,0,300,0.5,1700,0.5,1
1,0,726,1,0,300,0.5,1700,0.5,2
1,1,663,0,0,300,0.5,1700,0.5,0
1,2,318,2,10,5,0,300,0.5,1700,0.5,0
1,3,870,2,10,5,0,300,0.5,1700,0.5,2
1,4,524,0,0,300,0.5,1700,0.5,2
1,5,442,1,0,300,0.5,1700,0.5,0
1,6,36,2,10,5,0,300,0.5,1700,0.5,2
1,7,202,2,10,5,0,300,0.5,1700,0.5,0
1,8,443,2,10,5,0,300,0.5,1700,0.5,1
1,9,175,2,10,5,0,300,0.5,1700,0.5,1
1,10,342,1,0,500,0.6,1000,0.2,1400,0.2,0
1,11,884,1,0,500,0.6,1000,0.2,1400,0.2,2
1,12,926,1,0,500,0.6,1000,0.2,1400,0.2,1
1,13,909,2,10,5,0,300,0.5,1700,0.5,1
1,14,644,0,0,500,0.6,1000,0.2,1400,0.2,2
2,0,251,2,10,5,0,300,0.5,1700,0.5,2
2,1,645,1,0,500,0.6,1000,0.2,1400,0.2,0
2,2,736,2,10,5,0,500,0.6,1000,0.2,1400,0.2,0
2,3,222,1,0,500,0.6,1000,0.2,1400,0.2,0
2,4,858,1,0,300,0.5,1700,0.5,1
2,5,66,0,0,500,0.6,1000,0.2,1400,0.2,1
2,6,705,2,10,5,0,500,0.6,1000,0.2,1400,0.2,0
2,7,835,2,10,5,0,500,0.6,1000,0.2,1400,0.2,0
2,8,853,0,0,300,0.5,1700,0.5,2
2,9,768,0,0,300,0.5,1700,0.5,2
2,10,684,0,0,500,0.6,1000,0.2,1400,0.2,0
2,11,287,1,0,500,0.6,1000,0.2,1400,0.2,2
2,12,500,0,0,300,0.5,1700,0.5,2
2,13,479,0,0,500,0.6,1000,0.2,1400,0.2,1
2,14,594,2,10,5,0,500,0.6,1000,0.2,1400,0.2,0
3,0,589,0,0,300,0.5,1700,0.5,0
3,1,382,0,0,500,0.6,1000,0.2,1400,0.2,0
3,2,57,0,0,500,0.6,1000,0.2,1400,0.2,2
3,3,804,1,0,500,0.6,1000,0.2,1400,0.2,0
3,4,467,2,10,5,0,500,0.6,1000,0.2,1400,0.2,2
3,5,83,0,0,500,0.6,1000,0.2,1400,0.2,1
3,6,341,2,10,5,0,300,0.5,1700,0.5,1
3,7,615,1,0,500,0.6,1000,0.2,1400,0.2,2
3,8,908,2,10,5,0,300,0.5,1700,0.5,2
3,9,263,2,10,5,0,500,0.6,1000,0.2,1400,0.2,1
3,10,576,0,0,300,0.5,1700,0.5,2
3,11,252,1,0,500,0.6,1000,0.2,1400,0.2,0
3,12,701,1,0,300,0.5,1700,0.5,2
3,13,536,0,0,300,0.5,1700,0.5,0
3,14,72,2,10,5,0,300,0.5,1700,0.5,0
4,0,25,0,0,300,0.5,1700,0.5,0
4,1,186,0,0,300,0.5,1700,0.5,2
4,2,844,2,10,5,0,500,0.6,1000,0.2,1400,0.2,2
4,3,131,2,10,5,0,500,0.6,1000,0.2,1400,0.2,1
4,4,447,0,0,300,0.5,1700,0.5,1
4,5,507,2,10,5,0,300,0.5,1700,0.5,1
4,6,830,0,0,500,0.6,1000,0.2,1400,0.2,2
4,7,393,2,10,5,0,300,0.5,1700,0.5,0
4,8,220,1,0,300,0.5,1700,0.5,2
4,9,560,0,0,300,0.5,1700,0.5,0
4,10,22,0,0,500,0.6,1000,0.2,1400,0.2,0
4,11,35,1,0,500,0.6,1000,0.2,1400,0.2,1
4,12,655,2,10,5,0,500,0.6,1000,0.2,1400,0.2,2
4,13,716,1,0,300,0.5,1700,0.5,1
4,14,974,0,0,500,0.6,1000,0.2,1400,0.2,0
5,0,284,2,10,5,0,300,0.5,1700,0.5,0
5,1,173,1,0,500,0.6,1000,0.2,1400,0.2,2
5,2,632,2,10,5,0,300,0.5,1700,0.5,0
5,3,324,2,10,5,0,300,0.5,1700,0.5,1
5,4,570,0,0,500,0.6,1000,0.2,1400,0.2,0
5,5,68,1,0,300,0.5,1700,0.5,0
5,6,411,0,0,300,0.5,1700,0.5,0
5,7,584,2,10,5,0,500,0.6,1000,0.2,1400,0.2,0
5,8,498,0,0,300,0.5,1700,0.5,0
5,9,427,1,0,300,0.5,1700,0.5,2
5,10,176,0,0,300,0.5,1700,0.5,1
5,11,373,1,0,500,0.6,1000,0.2,1400,0.2,0
5,12,192,1,0,300,0.5,1700,0.5,2
5,13,315,0,0,300,0.5,1700,0.5,0
5,14,562,1,0,500,0.6,1000,0.2,1400,0.2,0
6,0,989,1,0,300,0.5,1700,0.5,1
6,1,350,1,0,300,0.5,1700,0.5,0
6,2,105,2,10,5,0,300,0.5,1700,0.5,2
6,3,424,1,0,500,0.6,1000,0.2,1400,0.2,0
6,4,431,1,0,300,0.5,1700,0.5,1
6,5,11,2,10,5,0,300,0.5,1700,0.5,2
6,6,612,2,10,5,0,300,0.5,1700,0.5,0
6,7,955,0,0,500,0.6,1000,0.2,1400,0.2,0
6,8,318,2,10,5,0,500,0.6,1000,0.2,1400,0.2,0
6,9,869,2,10,5,0,300,0.5,1700,0.5,1
6,10,257,2,10,5,0,300,0.5,1700,0.5,0
6,11,257,1,0,500,0.6,1000,0.2,1400,0.2,2
6,12,432,1,0,500,0.6,1000,0.2,1400,0.2,2
6,13,511,1,0,500,0.6,1000,0.2,1400,0.2,2
6,14,963,0,0,300,0.5,1700,0.5,2
7,0,533,0,0,500,0.6,1000,0.2,1400,0.2,1
7,1,525,2,10,5,0,500,0.6,1000,0.2,1400,0.2,2
7,2,400,1,0,500,0.6,1000,0.2,1400,0.2,2
7,3,221,2,10,5,0,500,0.6,1000,0.2,1400,0.2,0
7,4,711,2,10,5,0,500,0.6,1000,0.2,1400,0.2,2
7,5,338,1,0,300,0.5,1700,0.5,2
7,6,309,0,0,300,0.5,1700,0.5,2
7,7,722,2,10,5,0,500,0.6,1000,0.2,1400,0.2,0
7,8,480,1,0,500,0.6,1000,0.2,1400,0.2,1
7,9,38,0,0,300,0.5,1700,0.5,2
7,10,511,0,0,500,0.6,1000,0.2,1400,0.2,1
7,11,428,2,10,5,0,500,0.6,1000,0.2,1400,0.2,2
7,12,54,2,10,5,0,500,0.6,1000,0.2,1400,0.2,2
7,13,651,0,0,500,0.6,1000,0.2,1400,0.2,1
7,14,927,2,10,5,0,500,0.6,1000,0.2,1400,0.2,1
8,0,585,2,10,5,0,500,0.6,1000,0.2,1400,0.2,0
8,1,751,1,0,300,0.5,1700,0.5,2
8,2,391,2,10,5,0,500,0.6,1000,0.2,1400,0.2,0
8,3,443,0,0,300,0.5,1700,0.5,2
8,4,858,2,10,5,0,500,0.6,1000,0.2,1400,0.2,1
8,5,65,0,0,500,0.6,1000,0.2,1400,0.2,0
8,6,20,2,10,5,0,300,0.5,1700,0.5,0
8,7,530,0,0,300,0.5,1700,0.5,0
8,8,650,2,10,5,0,500,0.6,1000,0.2,1400,0.2,0
8,9,419,0,0,300,0.5,1700,0.5,2
8,10,375,2,10,5,0,300,0.5,1700,0.5,2
8,11,685,0,0,300,0.5,1700,0.5,1
8,12,579,1,0,500,0.6,1000,0.2,1400,0.2,1
8,13,985,1,0,500,0.6,1000,0.2,1400,0.2,0
8,14,591,2,10,5,0,500,0.6,1000,0.2,1400,0.2,2
9,0,908,0,0,300,0.5,1700,0.5,2
9,1,505,2,10,5,0,500,0.6,1000,0.2,1400,0.2,0
9,2,360,1,0,500,0.6,1000,0.2,1400,0.2,1
9,3,375,1,0,500,0.6,1000,0.2,1400,0.2,2
9,4,208,2,10,5,0,300,0.5,1700,0.5,2
9,5,63,2,10,5,0,300,0.5,1700,0.5,0
9,6,58,1,0,500,0.6,1000,0.2,1400,0.2,1
9,7,175,2,10,5,0,300,0.5,1700,0.5,2
9,8,44,1,0,500,0.6,1000,0.2,1400,0.2,2
9,9,508,1,0,500,0.6,1000,0.2,1400,0.2,1
9,10,319,0,0,500,0.6,1000,0.2,1400,0.2,0
9,11,342,2,10,5,0,300,0.5,1700,0.5,0
9,12,283,1,0,300,0.5,1700,0.5,1
9,13,792,0,0,300,0.5,1700,0.5,1
9,14,895,0,0,500,0.6,1000,0.2,1400,0.2,1
10,0,565,0,0,300,0.5,1700,0.5,1
10,1,335,2,10,5,0,500,0.6,1000,0.2,1400,0.2,1
10,2,481,0,0,300,0.5,1700,0.5,1
10,3,485,0,0,500,0.6,1000,0.2,1400,0.2,1
10,4,715,0,0,300,0.5,1700,0.5,1
10,5,96,1,0,500,0.6,1000,0.2,1400,0.2,1
10,6,172,0,0,500,0.6,1000,0.2,1400,0.2,2
10,7,179,0,0,500,0.6,1000,0.2,1400,0.2,2
10,8,952,2,10,5,0,300,0.5,1700,0.5,1
10,9,456,0,0,500,0.6,1000,0.2,1400,0.2,2
10,10,176,0,0,300,0.5,1700,0.5,1
10,11,872,1,0,500,0.6,1000,0.2,1400,0.2,2
10,12,70,0,0,500,0.6,1000,0.2,1400,0.2,1
10,13,374,1,0,300,0.5,1700,0.5,0
10,14,974,2,10,5,0,300,0.5,1700,0.5,1
11,0,324,1,0,300,0.5,1700,0.5,2
11,1,37,0,0,500,0.6,1000,0.2,1400,0.2,1
11,2,407,1,0,500,0.6,1000,0.2,1400,0.2,1
11,3,29,1,0,500,0.6,1000,0.2,1400,0.2,1
11,4,496,1,0,500,0.6,1000,0.2,1400,0.2,2
11,5,117,2,10,5,0,500,0.6,1000,0.2,1400,0.2,2
11,6,850,0,0,300,0.5,1700,0.5,0
11,7,685,2,10,5,0,500,0.6,1000,0.2,1400,0.2,2
11,8,385,2,10,5,0,300,0.5,1700,0.5,1
11,9,662,0,0,500,0.6,1000,0.2,1400,0.2,2
11,10,771,1,0,500,0.6,1000,0.2,1400,0.2,0
11,11,120,0,0,500,0.6,1000,0.2,1400,0.2,1
11,12,784,2,10,5,0,500,0.6,1000,0.2,1400,0.2,2
11,13,728,1,0,300,0.5,1700,0.5,2
11,14,550,0,0,500,0.6,1000,0.2,1400,0.2,2
12,0,899,0,0,500,0.6,1000,0.2,1400,0.2,1
12,1,909,2,10,5,0,500,0.6,1000,0.2,1400,0.2,1
12,2,984,1,0,500,0.6,1000,0.2,1400,0.2,2
12,3,414,0,0,500,0.6,1000,0.2,1400,0.2,0
12,4,172,1,0,300,0.5,1700,0.5,2
12,5,686,0,0,300,0.5,1700,0.5,2
12,6,799,2,10,5,0,300,0.5,1700,0.5,2
12,7,81,1,0,300,0.5,1700,0.5,0
12,8,483,0,0,500,0.6,1000,0.2,1400,0.2,0
12,9,519,2,10,5,0,300,0.5,1700,0.5,0
12,10,49,0,0,300,0.5,1700,0.5,2
12,11,757,2,10,5,0,300,0.5,1700,0.5,1
12,12,83,0,0,500,0.6,1000,0.2,1400,0.2,0
12,13,762,1,0,500,0.6,1000,0.2,1400,0.2,0
12,14,809,2,10,5,0,500,0.6,1000,0.2,1400,0.2,2
13,0,573,2,10,5,0,500,0.6,1000,0.2,1400,0.2,0
13,1,370,0,0,500,0.6,1000,0.2,1400,0.2,1
13,2,384,2,10,5,0,500,0.6,1000,0.2,1400,0.2,2
13,3,189,0,0,300,0.5,1700,0.5,0
13,4,207,2,10,5,0,500,0.6,1000,0.2,1400,0.2,1
13,5,631,0,0,300,0.5,1700,0.5,0
13,6,707,0,0,500,0.6,1000,0.2,1400,0.2,0
13,7,379,2,10,5,0,300,0.5,1700,0.5,2
13,8,241,1,0,300,0.5,1700,0.5,0
13,9,160,2,10,5,0,500,0.6,1000,0.2,1400,0.2,1
13,10,100,1,0,500,0.6,1000,0.2,1400,0.2,1
13,11,555,2,10,5,0,300,0.5,1700,0.5,1
13,12,644,2,10,5,0,300,0.5,1700,0.5,2
13,13,289,1,0,500,0.6,1000,0.2,1400,0.2,1
13,14,329,1,0,300,0.5,1700,0.5,0
14,0,474,1,0,300,0.5,1700,0.5,0
14,1,286,0,0,500,0.6,1000,0.2,1400,0.2,2
14,2,278,1,0,500,0.6,1000,0.2,1400,0.2,1
14,3,848,1,0,300,0.5,1700,0.5,1
14,4,528,0,0,500,0.6,1000,0.2,1400,0.2,1
14,5,327,1,0,500,0.6,1000,0.2,1400,0.2,1
14,6,478,0,0,300,0.5,1700,0.5,0
14,7,796,2,10,5,0,300,0.5,1700,0.5,0
14,8,676,0,0,300,0.5,1700,0.5,2
14,9,968,0,0,500,0.6,1000,0.2,1400,0.2,2
14,10,737,0,0,300,0.5,1700,0.5,0
14,11,999,1,0,300,0.5,1700,0.5,0
14,12,914,1,0,500,0.6,1000,0.2,1400,0.2,0
14,13,781,1,0,300,0.5,1700,0.5,1
14,14,660,2,10,5,0,300,0.5,1700,0.5,1
