0,0,58,0,0,500,0.6,1000,0.2,1400,0.2,0
0,1,377,1,0,300,0.5,1700,0.5,0
0,2,479,0,0,500,0.6,1000,0.2,1400,0.2,1
0,3,496,0,0,300,0.5,1700,0.5,2
0,4,552,2,10,5,0,300,0.5,1700,0.5,2
0,5,928,2,10,5,0,500,0.6,1000,0.2,1400,0.2,0
0,6,138,2,10,5,0,500,0.6,1000,0.2,1400,0.2,2
0,7,602,0,0,300,0.5,1700,0.5,2
0,8,623,1,0,300,0.5,1700,0.5,2
0,9,26,1,0,300,0.5,1700,0.5,1
0,10,198,0,0,300,0.5,1700,0.5,2
0,11,723,2,10,5,0,500,0.6,1000,0.2,1400,0.2,2
0,12,927,2,10,5,0,300,0.5,1700,0.5,1
0,13,93,1,0,500,0.6,1000,0.2,1400,0.2,0
0,14,209,2,10,5,0,500,0.6,1000,0.2,1400,0.2,0
1,0,183,1,0,300,0.5,1700,0.5,2
1,1,10,2,10,5,0,300,0.5,1700,0.5,2
1,2,485,2,10,5,0,300,0.5,1700,0.5,1
1,3,487,0,0,500,0.6,1000,0.2,1400,0.2,2
1,4,897,1,0,300,0.5,1700,0.5,1
1,5,904,2,10,5,0,300,0.5,1700,0.5,2
1,6,290,1,0,300,0.5,1700,0.5,2
1,7,211,2,10,5,0,300,0.5,1700,0.5,1
1,8,561,2,10,5,0,300,0.5,1700,0.5,2
1,9,756,1,0,500,0.6,1000,0.2,1400,0.2,2
1,10,312,2,10,5,0,500,0.6,1000,0.2,1400,0.2,2
1,11,400,1,0,300,0.5,1700,0.5,2
1,12,948,0,0,500,0.6,1000,0.2,1400,0.2,0
1,13,129,1,0,300,0.5,1700,0.5,2
1,14,796,2,10,5,0,500,0.6,1000,0.2,1400,0.2,2
2,0,453,1,0,300,0.5,1700,0.5,2
2,1,209,2,10,5,0,300,0.5,1700,0.5,2
2,2,483,2,10,5,0,500,0.6,1000,0.2,1400,0.2,2
2,3,372,0,0,500,0.6,1000,0.2,1400,0.2,1
2,4,15,0,0,500,0.6,1000,0.2,1400,0.2,2
2,5,735,0,0,500,0.6,1000,0.2,1400,0.2,1
2,6,537,0,0,500,0.6,1000,0.2,1400,0.2,0
2,7,568,1,0,500,0.6,1000,0.2,1400,0.2,0
2,8,983,2,10,5,0,300,0.5,1700,0.5,1
2,9,320,1,0,500,0.6,1000,0.2,1400,0.2,0
2,10,763,0,0,300,0.5,1700,0.5,0
2,11,900,0,0,500,0.6,1000,0.2,1400,0.2,0
2,12,285,0,0,500,0.6,1000,0.2,1400,0.2,2
2,13,73,0,0,300,0.5,1700,0.5,2
2,14,394,1,0,500,0.6,1000,0.2,1400,0.2,0
3,0,329,1,0,500,0.6,1000,0.2,1400,0.2,2
3,1,411,1,0,500,0.6,1000,0.2,1400,0.2,2
3,2,667,0,0,300,0.5,1700,0.5,0
3,3,865,0,0,300,0.5,1700,0.5,1
3,4,916,2,10,5,0,500,0.6,1000,0.2,1400,0.2,0
3,5,831,0,0,300,0.5,1700,0.5,0
3,6,875,0,0,300,0.5,1700,0.5,0
3,7,604,2,10,5,0,300,0.5,1700,0.5,2
3,8,913,0,0,300,0.5,1700,0.5,0
3,9,224,0,0,300,0.5,1700,0.5,2
3,10,671,0,0,500,0.6,1000,0.2,1400,0.2,2
3,11,215,1,0,300,0.5,1700,0.5,0
3,12,217,1,0,500,0.6,1000,0.2,1400,0.2,2
3,13,465,0,0,500,0.6,1000,0.2,1400,0.2,2
3,14,643,0,0,300,0.5,1700,0.5,0
4,0,150,2,10,5,0,300,0.5,1700,0.5,0
4,1,658,1,0,500,0.6,1000,0.2,1400,0.2,0
4,2,670,2,10,5,0,500,0.6,1000,0.2,1400,0.2,2
4,3,19,2,10,5,0,500,0.6,1000,0.2,1400,0.2,1
4,4,955,1,0,300,0.5,1700,0.5,2
4,5,580,1,0,300,0.5,1700,0.5,1
4,6,415,1,0,500,0.6,1000,0.2,1400,0.2,2
4,7,356,2,10,5,0,300,0.5,1700,0.5,2
4,8,507,0,0,300,0.5,1700,0.5,0
4,9,703,1,0,300,0.5,1700,0.5,1
4,10,250,2,10,5,0,300,0.5,1700,0.5,0
4,11,198,1,0,500,0.6,1000,0.2,1400,0.2,0
4,12,186,0,0,500,0.6,1000,0.2,1400,0.2,2
4,13,936,2,10,5,0,300,0.5,1700,0.5,2
4,14,889,2,10,5,0,500,0.6,1000,0.2,1400,0.2,0
5,0,671,0,0,500,0.6,1000,0.2,1400,0.2,1
5,1,647,2,10,5,0,500,0.6,1000,0.2,1400,0.2,0
5,2,762,0,0,300,0.5,1700,0.5,0
5,3,49,1,0,300,0.5,1700,0.5,1
5,4,711,2,10,5,0,500,0.6,1000,0.2,1400,0.2,2
5,5,173,1,0,300,0.5,1700,0.5,2
5,6,215,1,0,300,0.5,1700,0.5,1
5,7,373,2,10,5,0,300,0.5,1700,0.5,2
5,8,484,0,0,500,0.6,1000,0.2,1400,0.2,0
5,9,460,2,10,5,0,300,0.5,1700,0.5,0
5,10,600,2,10,5,0,500,0.6,1000,0.2,1400,0.2,1
5,11,413,2,10,5,0,300,0.5,1700,0.5,0
5,12,744,1,0,500,0.6,1000,0.2,1400,0.2,0
5,13,999,0,0,300,0.5,1700,0.5,0
5,14,76,0,0,300,0.5,1700,0.5,0
6,0,522,0,0,300,0.5,1700,0.5,1
6,1,838,0,0,500,0.6,1000,0.2,1400,0.2,2
6,2,38,1,0,300,0.5,1700,0.5,2
6,3,286,0,0,300,0.5,1700,0.5,0
6,4,439,0,0,500,0.6,1000,0.2,1400,0.2,1
6,5,884,1,0,500,0.6,1000,0.2,1400,0.2,0
6,6,794,1,0,500,0.6,1000,0.2,1400,0.2,2
6,7,677,2,10,5,0,500,0.6,1000,0.2,1400,0.2,0
6,8,839,2,10,5,0,500,0.6,1000,0.2,1400,0.2,1
6,9,363,1,0,300,0.5,1700,0.5,0
6,10,584,1,0,300,0.5,1700,0.5,1
6,11,267,1,0,300,0.5,1700,0.5,1
6,12,811,1,0,500,0.6,1000,0.2,1400,0.2,2
6,13,833,1,0,500,0.6,1000,0.2,1400,0.2,0
6,14,642,1,0,300,0.5,1700,0.5,2
7,0,957,2,10,5,0,500,0.6,1000,0.2,1400,0.2,1
7,1,150,2,10,5,0,300,0.5,1700,0.5,1
7,2,972,2,10,5,0,300,0.5,1700,0.5,0
7,3,274,1,0,500,0.6,1000,0.2,1400,0.2,1
7,4,734,0,0,500,0.6,1000,0.2,1400,0.2,2
7,5,223,0,0,300,0.5,1700,0.5,2
7,6,515,1,0,300,0.5,1700,0.5,2
7,7,760,2,10,5,0,500,0.6,1000,0.2,1400,0.2,0
7,8,987,2,10,5,0,300,0.5,1700,0.5,1
7,9,149,0,0,300,0.5,1700,0.5,0
7,10,789,2,10,5,0,500,0.6,1000,0.2,1400,0.2,1
7,11,949,2,10,5,0,300,0.5,1700,0.5,2
7,12,336,1,0,500,0.6,1000,0.2,1400,0.2,0
7,13,413,2,10,5,0,300,0.5,1700,0.5,1
7,14,996,2,10,5,0,500,0.6,1000,0.2,1400,0.2,0
8,0,532,0,0,300,0.5,1700,0.5,2
8,1,875,1,0,500,0.6,1000,0.2,1400,0.2,1
8,2,245,1,0,300,0.5,1700,0.5,1
8,3,131,1,0,500,0.6,1000,0.2,1400,0.2,2
8,4,96,1,0,500,0.6,1000,0.2,1400,0.2,2
8,5,703,0,0,300,0.5,1700,0.5,2
8,6,332,0,0,300,0.5,1700,0.5,1
8,7,545,0,0,500,0.6,1000,0.2,1400,0.2,0
8,8,335,1,0,300,0.5,1700,0.5,2
8,9,666,1,0,500,0.6,1000,0.2,1400,0.2,0
8,10,676,1,0,300,0.5,1700,0.5,1
8,11,809,1,0,300,0.5,1700,0.5,1
8,12,451,1,0,500,0.6,1000,0.2,1400,0.2,1
8,13,237,2,10,5,0,300,0.5,1700,0.5,2
8,14,787,2,10,5,0,500,0.6,1000,0.2,1400,0.2,1
9,0,401,0,0,500,0.6,1000,0.2,1400,0.2,1
9,1,295,2,10,5,0,300,0.5,1700,0.5,1
9,2,362,1,0,300,0.5,1700,0.5,1
9,3,941,0,0,300,0.5,1700,0.5,0
9,4,595,1,0,500,0.6,1000,0.2,1400,0.2,0
9,5,220,1,0,500,0.6,1000,0.2,1400,0.2,2
9,6,392,0,0,500,0.6,1000,0.2,1400,0.2,2
9,7,685,1,0,500,0.6,1000,0.2,1400,0.2,0
9,8,983,2,10,5,0,300,0.5,1700,0.5,0
9,9,372,0,0,300,0.5,1700,0.5,1
9,10,90,1,0,300,0.5,1700,0.5,0
9,11,187,0,0,300,0.5,1700,0.5,1
9,12,527,1,0,500,0.6,1000,0.2,1400,0.2,1
9,13,229,2,10,5,0,500,0.6,1000,0.2,1400,0.2,0
9,14,349,1,0,300,0.5,1700,0.5,1
10,0,384,1,0,500,0.6,1000,0.2,1400,0.2,0
10,1,738,0,0,500,0.6,1000,0.2,1400,0.2,2
10,2,852,1,0,500,0.6,1000,0.2,1400,0.2,2
10,3,972,0,0,300,0.5,1700,0.5,1
10,4,386,2,10,5,0,300,0.5,1700,0.5,2
10,5,954,2,10,5,0,300,0.5,1700,0.5,0
10,6,665,1,0,500,0.6,1000,0.2,1400,0.2,1
10,7,671,1,0,500,0.6,1000,0.2,1400,0.2,2
10,8,169,1,0,500,0.6,1000,0.2,1400,0.2,1
10,9,608,1,0,300,0.5,1700,0.5,2
10,10,630,2,10,5,0,500,0.6,1000,0.2,1400,0.2,2
10,11,367,0,0,300,0.5,1700,0.5,1
10,12,152,2,10,5,0,300,0.5,1700,0.5,1
10,13,602,2,10,5,0,300,0.5,1700,0.5,2
10,14,108,1,0,300,0.5,1700,0.5,0
11,0,190,2,10,5,0,300,0.5,1700,0.5,0
11,1,657,2,10,5,0,500,0.6,1000,0.2,1400,0.2,2
11,2,434,2,10,5,0,300,0.5,1700,0.5,2
11,3,136,1,0,500,0.6,1000,0.2,1400,0.2,0
11,4,626,1,0,300,0.5,1700,0.5,2
11,5,953,1,0,300,0.5,1700,0.5,2
11,6,161,2,10,5,0,500,0.6,1000,0.2,1400,0.2,1
11,7,833,0,0,300,0.5,1700,0.5,1
11,8,639,2,10,5,0,500,0.6,1000,0.2,1400,0.2,0
11,9,434,0,0,300,0.5,1700,0.5,0
11,10,747,2,10,5,0,500,0.6,1000,0.2,1400,0.2,0
11,11,190,2,10,5,0,300,0.5,1700,0.5,1
11,12,141,1,0,500,0.6,1000,0.2,1400,0.2,0
11,13,891,2,10,5,0,300,0.5,1700,0.5,2
11,14,441,2,10,5,0,300,0.5,1700,0.5,2
12,0,791,0,0,500,0.6,1000,0.2,1400,0.2,0
12,1,409,2,10,5,0,300,0.5,1700,0.5,2
12,2,24,1,0,300,0.5,1700,0.5,0
12,3,164,0,0,300,0.5,1700,0.5,1
12,4,799,0,0,300,0.5,1700,0.5,2
12,5,390,2,10,5,0,500,0.6,1000,0.2,1400,0.2,2
12,6,711,0,0,300,0.5,1700,0.5,0
12,7,614,2,10,5,0,500,0.6,1000,0.2,1400,0.2,0
12,8,704,1,0,300,0.5,1700,0.5,0
12,9,726,0,0,300,0.5,1700,0.5,1
12,10,213,1,0,300,0.5,1700,0.5,0
12,11,844,1,0,500,0.6,1000,0.2,1400,0.2,0
12,12,789,2,10,5,0,500,0.6,1000,0.2,1400,0.2,0
12,13,305,2,10,5,0,300,0.5,1700,0.5,1
12,14,708,0,0,300,0.5,1700,0.5,2
13,0,970,2,10,5,0,300,0.5,1700,0.5,0
13,1,965,0,0,300,0.5,1700,0.5,2
13,2,216,2,10,5,0,500,0.6,1000,0.2,1400,0.2,1
13,3,748,0,0,500,0.6,1000,0.2,1400,0.2,1
13,4,841,2,10,5,0,500,0.6,1000,0.2,1400,0.2,2
13,5,377,1,0,300,0.5,1700,0.5,1
13,6,203,0,0,300,0.5,1700,0.5,2
13,7,138,1,0,500,0.6,1000,0.2,1400,0.2,2
13,8,651,1,0,300,0.5,1700,0.5,0
13,9,200,0,0,300,0.5,1700,0.5,1
13,10,766,2,10,5,0,300,0.5,1700,0.5,0
13,11,250,0,0,500,0.6,1000,0.2,1400,0.2,1
13,12,570,0,0,500,0.6,1000,0.2,1400,0.2,2
13,13,729,1,0,500,0.6,1000,0.2,1400,0.2,2
13,14,436,1,0,500,0.6,1000,0.2,1400,0.2,1
14,0,227,2,10,5,0,500,0.6,1000,0.2,1400,0.2,0
14,1,633,0,0,300,0.5,1700,0.5,1
14,2,341,0,0,300,0.5,1700,0.5,0
14,3,839,0,0,300,0.5,1700,0.5,0
14,4,961,0,0,300,0.5,1700,0.5,2
14,5,380,0,0,300,0.5,1700,0.5,0
14,6,923,2,10,5,0,500,0.6,1000,0.2,1400,0.2,2
14,7,268,1,0,300,0.5,1700,0.5,2
14,8,411,0,0,500,0.6,1000,0.2,1400,0.2,0
14,9,405,1,0,500,0.6,1000,0.2,1400,0.2,0
14,10,553,0,0,300,0.5,1700,0.5,1
14,11,460,0,0,500,0.6,1000,0.2,1400,0.2,0
14,12,999,1,0,300,0.5,1700,0.5,0
14,13,860,1,0,500,0.6,1000,0.2,1400,0.2,2
14,14,892,0,0,300,0.5,1700,0.5,1
