0,0,196,0,0,300,0.5,1700,0.5,0
0,1,223,1,0,300,0.5,1700,0.5,0
0,2,168,2,10,5,0,500,0.6,1000,0.2,1400,0.2,0
0,3,895,1,0,500,0.6,1000,0.2,1400,0.2,2
0,4,251,1,0,300,0.5,1700,0.5,2
0,5,142,0,0,300,0.5,1700,0.5,1
0,6,516,1,0,300,0.5,1700,0.5,0
0,7,753,0,0,300,0.5,1700,0.5,1
0,8,942,2,10,5,0,300,0.5,1700,0.5,1
0,9,585,0,0,300,0.5,1700,0.5,2
0,10,885,1,0,300,0.5,1700,0.5,2
0,11,84,1,0,300,0.5,1700,0.5,2
0,12,880,1,0,500,0.6,1000,0.2,1400,0.2,1
0,13,688,0,0,500,0.6,1000,0.2,1400,0.2,1
0,14,145,0,0,500,0.6,1000,0.2,1400,0.2,1
1,0,698,2,10,5,0,500,0.6,1000,0.2,1400,0.2,1
1,1,161,2,10,5,0,500,0.6,1000,0.2,1400,0.2,2
1,2,50,2,10,5,0,500,0.6,1000,0.2,1400,0.2,0
1,3,23,0,0,500,0.6,1000,0.2,1400,0.2,1
1,4,823,1,0,300,0.5,1700,0.5,0
1,5,998,2,10,5,0,500,0.6,1000,0.2,1400,0.2,0
1,6,855,0,0,300,0.5,1700,0.5,2
1,7,108,2,10,5,0,500,0.6,1000,0.2,1400,0.2,1
1,8,587,0,0,500,0.6,1000,0.2,1400,0.2,0
1,9,965,1,0,300,0.5,1700,0.5,0
1,10,371,2,10,5,0,500,0.6,1000,0.2,1400,0.2,0
1,11,855,0,0,500,0.6,1000,0.2,1400,0.2,1
1,12,921,2,10,5,0,300,0.5,1700,0.5,0
1,13,487,2,10,5,0,300,0.5,1700,0.5,2
1,14,67,1,0,500,0.6,1000,0.2,1400,0.2,0
2,0,704,2,10,5,0,500,0.6,1000,0.2,1400,0.2,0
2,1,668,2,10,5,0,500,0.6,1000,0.2,1400,0.2,2
2,2,89,2,10,5,0,300,0.5,1700,0.5,1
2,3,697,0,0,500,0.6,1000,0.2,1400,0.2,1
2,4,693,1,0,500,0.6,1000,0.2,1400,0.2,0
2,5,359,1,0,300,0.5,1700,0.5,1
2,6,424,2,10,5,0,300,0.5,1700,0.5,0
2,7,599,0,0,300,0.5,1700,0.5,1
2,8,403,0,0,500,0.6,1000,0.2,1400,0.2,2
2,9,814,0,0,500,0.6,1000,0.2,1400,0.2,1
2,10,777,2,10,5,0,300,0.5,1700,0.5,0
2,11,806,2,10,5,0,500,0.6,1000,0.2,1400,0.2,2
2,12,32,2,10,5,0,500,0.6,1000,0.2,1400,0.2,2
2,13,759,0,0,500,0.6,1000,0.2,1400,0.2,2
2,14,472,0,0,300,0.5,1700,0.5,2
3,0,842,1,0,500,0.6,1000,0.2,1400,0.2,0
3,1,33,1,0,300,0.5,1700,0.5,2
3,2,931,0,0,500,0.6,1000,0.2,1400,0.2,1
3,3,536,2,10,5,0,500,0.6,1000,0.2,1400,0.2,2
3,4,152,0,0,300,0.5,1700,0.5,0
3,5,148,1,0,300,0.5,1700,0.5,2
3,6,135,1,0,300,0.5,1700,0.5,2
3,7,88,0,0,500,0.6,1000,0.2,1400,0.2,2
3,8,361,2,10,5,0,500,0.6,1000,0.2,1400,0.2,1
3,9,847,1,0,300,0.5,1700,0.5,1
3,10,247,1,0,500,0.6,1000,0.2,1400,0.2,0
3,11,240,0,0,500,0.6,1000,0.2,1400,0.2,1
3,12,614,0,0,500,0.6,1000,0.2,1400,0.2,0
3,13,327,1,0,500,0.6,1000,0.2,1400,0.2,2
3,14,569,0,0,300,0.5,1700,0.5,2
4,0,653,0,0,300,0.5,1700,0.5,1
4,1,669,0,0,500,0.6,1000,0.2,1400,0.2,2
4,2,353,1,0,300,0.5,1700,0.5,2
4,3,395,0,0,300,0.5,1700,0.5,1
4,4,398,0,0,500,0.6,1000,0.2,1400,0.2,2
4,5,181,0,0,500,0.6,1000,0.2,1400,0.2,0
4,6,609,1,0,300,0.5,1700,0.5,0
4,7,769,1,0,300,0.5,1700,0.5,0
4,8,688,2,10,5,0,300,0.5,1700,0.5,1
4,9,717,2,10,5,0,300,0.5,1700,0.5,2
4,10,90,0,0,500,0.6,1000,0.2,1400,0.2,1
4,11,47,2,10,5,0,500,0.6,1000,0.2,1400,0.2,0
4,12,787,2,10,5,0,300,0.5,1700,0.5,1
4,13,596,1,0,300,0.5,1700,0.5,2
4,14,163,2,10,5,0,300,0.5,1700,0.5,2
5,0,218,1,0,500,0.6,1000,0.2,1400,0.2,1
5,1,118,1,0,500,0.6,1000,0.2,1400,0.2,0
5,2,871,2,10,5,0,500,0.6,1000,0.2,1400,0.2,2
5,3,102,1,0,300,0.5,1700,0.5,2
5,4,711,1,0,300,0.5,1700,0.5,1
5,5,650,1,0,500,0.6,1000,0.2,1400,0.2,1
5,6,80,1,0,300,0.5,1700,0.5,1
5,7,33,1,0,500,0.6,1000,0.2,1400,0.2,1
5,8,266,0,0,300,0.5,1700,0.5,0
5,9,966,1,0,500,0.6,1000,0.2,1400,0.2,0
5,10,432,0,0,500,0.6,1000,0.2,1400,0.2,2
5,11,479,2,10,5,0,300,0.5,1700,0.5,1
5,12,215,0,0,500,0.6,1000,0.2,1400,0.2,0
5,13,624,0,0,500,0.6,1000,0.2,1400,0.2,0
5,14,730,1,0,300,0.5,1700,0.5,1
6,0,858,0,0,500,0.6,1000,0.2,1400,0.2,2
6,1,966,1,0,500,0.6,1000,0.2,1400,0.2,0
6,2,76,2,10,5,0,500,0.6,1000,0.2,1400,0.2,0
6,3,314,2,10,5,0,300,0.5,1700,0.5,0
6,4,377,1,0,300,0.5,1700,0.5,0
6,5,589,2,10,5,0,500,0.6,1000,0.2,1400,0.2,0
6,6,968,0,0,300,0.5,1700,0.5,0
6,7,865,2,10,5,0,500,0.6,1000,0.2,1400,0.2,2
6,8,561,1,0,300,0.5,1700,0.5,2
6,9,293,2,10,5,0,300,0.5,1700,0.5,2
6,10,530,1,0,300,0.5,1700,0.5,1
6,11,90,0,0,300,0.5,1700,0.5,0
6,12,420,2,10,5,0,500,0.6,1000,0.2,1400,0.2,2
6,13,475,2,10,5,0,500,0.6,1000,0.2,1400,0.2,0
6,14,66,1,0,500,0.6,1000,0.2,1400,0.2,2
7,0,633,2,10,5,0,500,0.6,1000,0.2,1400,0.2,0
7,1,541,0,0,500,0.6,1000,0.2,1400,0.2,0
7,2,544,2,10,5,0,500,0.6,1000,0.2,1400,0.2,1
7,3,535,2,10,5,0,300,0.5,1700,0.5,1
7,4,240,0,0,300,0.5,1700,0.5,1
7,5,194,0,0,500,0.6,1000,0.2,1400,0.2,1
7,6,370,0,0,500,0.6,1000,0.2,1400,0.2,1
7,7,984,1,0,500,0.6,1000,0.2,1400,0.2,2
7,8,181,1,0,500,0.6,1000,0.2,1400,0.2,1
7,9,496,2,10,5,0,300,0.5,1700,0.5,0
7,10,506,2,10,5,0,500,0.6,1000,0.2,1400,0.2,0
7,11,685,0,0,500,0.6,1000,0.2,1400,0.2,0
7,12,681,1,0,300,0.5,1700,0.5,1
7,13,950,0,0,300,0.5,1700,0.5,1
7,14,33,1,0,300,0.5,1700,0.5,2
8,0,274,0,0,500,0.6,1000,0.2,1400,0.2,1
8,1,657,1,0,300,0.5,1700,0.5,2
8,2,187,0,0,500,0.6,1000,0.2,1400,0.2,1
8,3,579,0,0,300,0.5,1700,0.5,1
8,4,194,2,10,5,0,300,0.5,1700,0.5,2
8,5,312,0,0,300,0.5,1700,0.5,2
8,6,490,1,0,300,0.5,1700,0.5,0
8,7,492,1,0,500,0.6,1000,0.2,1400,0.2,2
8,8,229,0,0,300,0.5,1700,0.5,2
8,9,298,1,0,500,0.6,1000,0.2,1400,0.2,1
8,10,571,2,10,5,0,500,0.6,1000,0.2,1400,0.2,1
8,11,924,0,0,300,0.5,1700,0.5,0
8,12,772,2,10,5,0,500,0.6,1000,0.2,1400,0.2,0
8,13,898,1,0,500,0.6,1000,0.2,1400,0.2,2
8,14,730,2,10,5,0,500,0.6,1000,0.2,1400,0.2,0
9,0,615,2,10,5,0,300,0.5,1700,0.5,0
9,1,327,1,0,500,0.6,1000,0.2,1400,0.2,2
9,2,292,0,0,500,0.6,1000,0.2,1400,0.2,1
9,3,62,0,0,300,0.5,1700,0.5,1
9,4,244,0,0,500,0.6,1000,0.2,1400,0.2,2
9,5,164,0,0,500,0.6,1000,0.2,1400,0.2,1
9,6,847,0,0,300,0.5,1700,0.5,0
9,7,71,0,0,300,0.5,1700,0.5,1
9,8,752,1,0,500,0.6,1000,0.2,1400,0.2,2
9,9,360,0,0,300,0.5,1700,0.5,1
9,10,566,1,0,300,0.5,1700,0.5,0
9,11,414,2,10,5,0,500,0.6,1000,0.2,1400,0.2,1
9,12,945,2,10,5,0,300,0.5,1700,0.5,1
9,13,67,2,10,5,0,300,0.5,1700,0.5,0
9,14,581,1,0,300,0.5,1700,0.5,1
10,0,519,0,0,300,0.5,1700,0.5,2
10,1,854,2,10,5,0,300,0.5,1700,0.5,0
10,2,288,2,10,5,0,500,0.6,1000,0.2,1400,0.2,2
10,3,12,1,0,500,0.6,1000,0.2,1400,0.2,1
10,4,988,2,10,5,0,500,0.6,1000,0.2,1400,0.2,0
10,5,896,2,10,5,0,300,0.5,1700,0.5,2
10,6,754,2,10,5,0,500,0.6,1000,0.2,1400,0.2,0
10,7,214,0,0,300,0.5,1700,0.5,1
10,8,546,2,10,5,0,300,0.5,1700,0.5,2
10,9,695,1,0,300,0.5,1700,0.5,2
10,10,976,2,10,5,0,500,0.6,1000,0.2,1400,0.2,1
10,11,646,0,0,300,0.5,1700,0.5,0
10,12,645,2,10,5,0,500,0.6,1000,0.2,1400,0.2,0
10,13,511,1,0,300,0.5,1700,0.5,2
10,14,553,0,0,300,0.5,1700,0.5,0
11,0,362,1,0,300,0.5,1700,0.5,0
11,1,281,0,0,500,0.6,1000,0.2,1400,0.2,2
11,2,339,1,0,500,0.6,1000,0.2,1400,0.2,2
11,3,134,2,10,5,0,300,0.5,1700,0.5,1
11,4,717,2,10,5,0,300,0.5,1700,0.5,0
11,5,872,2,10,5,0,300,0.5,1700,0.5,1
11,6,330,2,10,5,0,300,0.5,1700,0.5,1
11,7,599,0,0,500,0.6,1000,0.2,1400,0.2,1
11,8,100,0,0,500,0.6,1000,0.2,1400,0.2,1
11,9,241,0,0,300,0.5,1700,0.5,1
11,10,762,2,10,5,0,500,0.6,1000,0.2,1400,0.2,1
11,11,976,1,0,300,0.5,1700,0.5,2
11,12,780,1,0,500,0.6,1000,0.2,1400,0.2,2
11,13,161,1,0,300,0.5,1700,0.5,1
11,14,727,0,0,500,0.6,1000,0.2,1400,0.2,1
12,0,960,2,10,5,0,300,0.5,1700,0.5,1
12,1,829,1,0,300,0.5,1700,0.5,2
12,2,528,1,0,300,0.5,1700,0.5,2
12,3,681,0,0,500,0.6,1000,0.2,1400,0.2,0
12,4,203,2,10,5,0,300,0.5,1700,0.5,0
12,5,420,1,0,500,0.6,1000,0.2,1400,0.2,2
12,6,393,0,0,300,0.5,1700,0.5,0
12,7,457,0,0,500,0.6,1000,0.2,1400,0.2,2
12,8,669,0,0,300,0.5,1700,0.5,0
12,9,852,1,0,500,0.6,1000,0.2,1400,0.2,0
12,10,964,2,10,5,0,500,0.6,1000,0.2,1400,0.2,2
12,11,994,2,10,5,0,300,0.5,1700,0.5,2
12,12,811,0,0,300,0.5,1700,0.5,1
12,13,89,0,0,500,0.6,1000,0.2,1400,0.2,0
12,14,415,1,0,300,0.5,1700,0.5,2
13,0,559,2,10,5,0,500,0.6,1000,0.2,1400,0.2,2
13,1,874,1,0,300,0.5,1700,0.5,0
13,2,804,0,0,300,0.5,1700,0.5,1
13,3,304,1,0,500,0.6,1000,0.2,1400,0.2,0
13,4,590,1,0,300,0.5,1700,0.5,1
13,5,70,0,0,300,0.5,1700,0.5,2
13,6,508,2,10,5,0,500,0.6,1000,0.2,1400,0.2,0
13,7,379,2,10,5,0,500,0.6,1000,0.2,1400,0.2,0
13,8,463,1,0,300,0.5,1700,0.5,0
13,9,914,0,0,500,0.6,1000,0.2,1400,0.2,1
13,10,951,1,0,300,0.5,1700,0.5,0
13,11,651,2,10,5,0,300,0.5,1700,0.5,1
13,12,358,1,0,300,0.5,1700,0.5,2
13,13,370,1,0,500,0.6,1000,0.2,1400,0.2,1
13,14,752,1,0,300,0.5,1700,0.5,1
14,0,115,0,0,500,0.6,1000,0.2,1400,0.2,1
14,1,105,0,0,500,0.6,1000,0.2,1400,0.2,0
14,2,768,0,0,500,0.6,1000,0.2,1400,0.2,0
14,3,127,2,10,5,0,300,0.5,1700,0.5,1
14,4,495,2,10,5,0,300,0.5,1700,0.5,0
14,5,536,0,0,300,0.5,1700,0.5,1
14,6,345,0,0,500,0.6,1000,0.2,1400,0.2,1
14,7,351,2,10,5,0,500,0.6,1000,0.2,1400,0.2,1
14,8,722,2,10,5,0,300,0.5,1700,0.5,2
14,9,280,1,0,500,0.6,1000,0.2,1400,0.2,0
14,10,254,1,0,500,0.6,1000,0.2,1400,0.2,2
14,11,596,1,0,300,0.5,1700,0.5,2
14,12,428,2,10,5,0,500,0.6,1000,0.2,1400,0.2,1
14,13,896,1,0,300,0.5,1700,0.5,2
14,14,72,1,0,500,0.6,1000,0.2,1400,0.2,2
