0,0,692,0,0,500,0.6,1000,0.2,1400,0.2,0
0,1,708,1,0,500,0.6,1000,0.2,1400,0.2,2
0,2,339,1,0,500,0.6,1000,0.2,1400,0.2,1
0,3,34,1,0,500,0.6,1000,0.2,1400,0.2,1
0,4,732,0,0,500,0.6,1000,0.2,1400,0.2,0
0,5,376,1,0,500,0.6,1000,0.2,1400,0.2,2
0,6,823,0,0,300,0.5,1700,0.5,1
0,7,838,1,0,500,0.6,1000,0.2,1400,0.2,2
0,8,403,2,10,5,0,300,0.5,1700,0.5,0
0,9,125,2,10,5,0,300,0.5,1700,0.5,2
0,10,838,1,0,300,0.5,1700,0.5,2
0,11,91,1,0,300,0.5,1700,0.5,2
0,12,157,1,0,500,0.6,1000,0.2,1400,0.2,1
0,13,101,0,0,500,0.6,1000,0.2,1400,0.2,2
0,14,264,0,0,300,0.5,1700,0.5,1
1,0,512,2,10,5,0,500,0.6,1000,0.2,1400,0.2,0
1,1,832,2,10,5,0,300,0.5,1700,0.5,1
1,2,795,1,0,300,0.5,1700,0.5,2
1,3,660,2,10,5,0,500,0.6,1000,0.2,1400,0.2,0
1,4,915,1,0,300,0.5,1700,0.5,1
1,5,985,1,0,500,0.6,1000,0.2,1400,0.2,2
1,6,352,1,0,500,0.6,1000,0.2,1400,0.2,1
1,7,673,1,0,500,0.6,1000,0.2,1400,0.2,0
1,8,181,2,10,5,0,300,0.5,1700,0.5,0
1,9,886,2,10,5,0,500,0.6,1000,0.2,1400,0.2,0
1,10,212,0,0,300,0.5,1700,0.5,2
1,11,585,2,10,5,0,500,0.6,1000,0.2,1400,0.2,0
1,12,244,0,0,500,0.6,1000,0.2,1400,0.2,2
1,13,551,0,0,500,0.6,1000,0.2,1400,0.2,2
1,14,648,2,10,5,0,300,0.5,1700,0.5,0
2,0,565,0,0,300,0.5,1700,0.5,1
2,1,205,1,0,300,0.5,1700,0.5,2
2,2,656,1,0,500,0.6,1000,0.2,1400,0.2,2
2,3,860,0,0,500,0.6,1000,0.2,1400,0.2,1
2,4,479,1,0,500,0.6,1000,0.2,1400,0.2,2
2,5,496,1,0,500,0.6,1000,0.2,1400,0.2,1
2,6,818,0,0,500,0.6,1000,0.2,1400,0.2,1
2,7,562,0,0,300,0.5,1700,0.5,1
2,8,252,2,10,5,0,500,0.6,1000,0.2,1400,0.2,1
2,9,461,2,10,5,0,300,0.5,1700,0.5,2
2,10,975,0,0,500,0.6,1000,0.2,1400,0.2,1
2,11,295,0,0,500,0.6,1000,0.2,1400,0.2,0
2,12,464,1,0,300,0.5,1700,0.5,0
2,13,312,1,0,300,0.5,1700,0.5,1
2,14,634,0,0,300,0.5,1700,0.5,0
3,0,326,1,0,300,0.5,1700,0.5,2
3,1,54,1,0,300,0.5,1700,0.5,2
3,2,194,0,0,500,0.6,1000,0.2,1400,0.2,2
3,3,15,2,10,5,0,500,0.6,1000,0.2,1400,0.2,2
3,4,304,2,10,5,0,300,0.5,1700,0.5,2
3,5,474,1,0,300,0.5,1700,0.5,0
3,6,195,0,0,300,0.5,1700,0.5,2
3,7,394,1,0,500,0.6,1000,0.2,1400,0.2,1
3,8,135,1,0,500,0.6,1000,0.2,1400,0.2,0
3,9,955,0,0,300,0.5,1700,0.5,0
3,10,142,2,10,5,0,500,0.6,1000,0.2,1400,0.2,2
3,11,554,1,0,300,0.5,1700,0.5,1
3,12,610,0,0,300,0.5,1700,0.5,2
3,13,217,0,0,500,0.6,1000,0.2,1400,0.2,1
3,14,640,2,10,5,0,500,0.6,1000,0.2,1400,0.2,1
4,0,613,1,0,300,0.5,1700,0.5,1
4,1,305,2,10,5,0,500,0.6,1000,0.2,1400,0.2,2
4,2,277,0,0,300,0.5,1700,0.5,2
4,3,956,0,0,300,0.5,1700,0.5,2
4,4,556,2,10,5,0,500,0.6,1000,0.2,1400,0.2,2
4,5,429,2,10,5,0,300,0.5,1700,0.5,2
4,6,76,1,0,300,0.5,1700,0.5,2
4,7,835,1,0,500,0.6,1000,0.2,1400,0.2,2
4,8,159,1,0,500,0.6,1000,0.2,1400,0.2,2
4,9,393,2,10,5,0,500,0.6,1000,0.2,1400,0.2,2
4,10,965,0,0,500,0.6,1000,0.2,1400,0.2,0
4,11,732,0,0,500,0.6,1000,0.2,1400,0.2,2
4,12,646,1,0,300,0.5,1700,0.5,2
4,13,926,0,0,300,0.5,1700,0.5,0
4,14,343,0,0,500,0.6,1000,0.2,1400,0.2,1
5,0,575,0,0,300,0.5,1700,0.5,2
5,1,740,2,10,5,0,500,0.6,1000,0.2,1400,0.2,1
5,2,451,2,10,5,0,300,0.5,1700,0.5,2
5,3,918,0,0,300,0.5,1700,0.5,1
5,4,703,2,10,5,0,300,0.5,1700,0.5,0
5,5,496,2,10,5,0,500,0.6,1000,0.2,1400,0.2,1
5,6,72,1,0,300,0.5,1700,0.5,0
5,7,765,0,0,500,0.6,1000,0.2,1400,0.2,1
5,8,233,2,10,5,0,500,0.6,1000,0.2,1400,0.2,0
5,9,941,2,10,5,0,500,0.6,1000,0.2,1400,0.2,1
5,10,495,0,0,300,0.5,1700,0.5,1
5,11,52,1,0,500,0.6,1000,0.2,1400,0.2,1
5,12,376,1,0,500,0.6,1000,0.2,1400,0.2,2
5,13,239,1,0,300,0.5,1700,0.5,1
5,14,26,0,0,300,0.5,1700,0.5,0
6,0,596,2,10,5,0,300,0.5,1700,0.5,1
6,1,627,2,10,5,0,300,0.5,1700,0.5,1
6,2,997,2,10,5,0,300,0.5,1700,0.5,2
6,3,317,1,0,500,0.6,1000,0.2,1400,0.2,0
6,4,82,2,10,5,0,500,0.6,1000,0.2,1400,0.2,1
6,5,234,2,10,5,0,300,0.5,1700,0.5,2
6,6,853,2,10,5,0,300,0.5,1700,0.5,2
6,7,640,2,10,5,0,300,0.5,1700,0.5,2
6,8,498,2,10,5,0,500,0.6,1000,0.2,1400,0.2,2
6,9,927,0,0,500,0.6,1000,0.2,1400,0.2,1
6,10,122,1,0,500,0.6,1000,0.2,1400,0.2,0
6,11,126,1,0,300,0.5,1700,0.5,1
6,12,202,2,10,5,0,500,0.6,1000,0.2,1400,0.2,1
6,13,308,2,10,5,0,300,0.5,1700,0.5,2
6,14,27,0,0,300,0.5,1700,0.5,0
7,0,187,1,0,300,0.5,1700,0.5,2
7,1,367,0,0,500,0.6,1000,0.2,1400,0.2,1
7,2,664,1,0,500,0.6,1000,0.2,1400,0.2,1
7,3,961,1,0,500,0.6,1000,0.2,1400,0.2,0
7,4,130,0,0,500,0.6,1000,0.2,1400,0.2,0
7,5,564,2,10,5,0,500,0.6,1000,0.2,1400,0.2,0
7,6,225,0,0,300,0.5,1700,0.5,2
7,7,285,0,0,500,0.6,1000,0.2,1400,0.2,0
7,8,168,2,10,5,0,500,0.6,1000,0.2,1400,0.2,2
7,9,169,0,0,300,0.5,1700,0.5,1
7,10,477,1,0,300,0.5,1700,0.5,1
7,11,502,1,0,500,0.6,1000,0.2,1400,0.2,1
7,12,725,0,0,500,0.6,1000,0.2,1400,0.2,0
7,13,901,2,10,5,0,300,0.5,1700,0.5,2
7,14,491,2,10,5,0,300,0.5,1700,0.5,1
8,0,706,1,0,500,0.6,1000,0.2,1400,0.2,0
8,1,23,0,0,500,0.6,1000,0.2,1400,0.2,0
8,2,288,2,10,5,0,500,0.6,1000,0.2,1400,0.2,1
8,3,197,2,10,5,0,300,0.5,1700,0.5,0
8,4,353,2,10,5,0,500,0.6,1000,0.2,1400,0.2,2
8,5,454,2,10,5,0,500,0.6,1000,0.2,1400,0.2,0
8,6,472,1,0,300,0.5,1700,0.5,2
8,7,420,2,10,5,0,500,0.6,1000,0.2,1400,0.2,1
8,8,526,1,0,500,0.6,1000,0.2,1400,0.2,2
8,9,139,0,0,500,0.6,1000,0.2,1400,0.2,0
8,10,775,0,0,500,0.6,1000,0.2,1400,0.2,2
8,11,668,2,10,5,0,300,0.5,1700,0.5,0
8,12,544,0,0,500,0.6,1000,0.2,1400,0.2,2
8,13,982,0,0,500,0.6,1000,0.2,1400,0.2,1
8,14,967,0,0,500,0.6,1000,0.2,1400,0.2,1
9,0,345,1,0,300,0.5,1700,0.5,2
9,1,448,0,0,300,0.5,1700,0.5,2
9,2,781,0,0,300,0.5,1700,0.5,1
9,3,859,0,0,500,0.6,1000,0.2,1400,0.2,2
9,4,783,1,0,500,0.6,1000,0.2,1400,0.2,1
9,5,245,0,0,500,0.6,1000,0.2,1400,0.2,1
9,6,390,2,10,5,0,500,0.6,1000,0.2,1400,0.2,0
9,7,494,0,0,500,0.6,1000,0.2,1400,0.2,1
9,8,166,0,0,500,0.6,1000,0.2,1400,0.2,0
9,9,641,2,10,5,0,500,0.6,1000,0.2,1400,0.2,2
9,10,684,1,0,500,0.6,1000,0.2,1400,0.2,2
9,11,667,1,0,500,0.6,1000,0.2,1400,0.2,1
9,12,510,2,10,5,0,500,0.6,1000,0.2,1400,0.2,0
9,13,22,1,0,300,0.5,1700,0.5,1
9,14,593,0,0,300,0.5,1700,0.5,0
10,0,965,0,0,500,0.6,1000,0.2,1400,0.2,1
10,1,588,2,10,5,0,300,0.5,1700,0.5,2
10,2,955,0,0,500,0.6,1000,0.2,1400,0.2,0
10,3,693,1,0,500,0.6,1000,0.2,1400,0.2,0
10,4,507,2,10,5,0,300,0.5,1700,0.5,1
10,5,938,1,0,500,0.6,1000,0.2,1400,0.2,1
10,6,107,2,10,5,0,500,0.6,1000,0.2,1400,0.2,1
10,7,532,1,0,300,0.5,1700,0.5,1
10,8,798,0,0,300,0.5,1700,0.5,0
10,9,914,1,0,300,0.5,1700,0.5,2
10,10,660,0,0,500,0.6,1000,0.2,1400,0.2,2
10,11,253,1,0,300,0.5,1700,0.5,1
10,12,778,1,0,500,0.6,1000,0.2,1400,0.2,1
10,13,458,1,0,300,0.5,1700,0.5,2
10,14,58,0,0,500,0.6,1000,0.2,1400,0.2,0
11,0,268,2,10,5,0,500,0.6,1000,0.2,1400,0.2,0
11,1,978,0,0,500,0.6,1000,0.2,1400,0.2,0
11,2,802,1,0,500,0.6,1000,0.2,1400,0.2,0
11,3,843,1,0,500,0.6,1000,0.2,1400,0.2,1
11,4,807,2,10,5,0,300,0.5,1700,0.5,2
11,5,508,1,0,300,0.5,1700,0.5,1
11,6,96,0,0,500,0.6,1000,0.2,1400,0.2,2
11,7,422,2,10,5,0,500,0.6,1000,0.2,1400,0.2,0
11,8,201,1,0,500,0.6,1000,0.2,1400,0.2,1
11,9,671,0,0,300,0.5,1700,0.5,2
11,10,977,0,0,300,0.5,1700,0.5,1
11,11,900,2,10,5,0,300,0.5,1700,0.5,1
11,12,258,0,0,300,0.5,1700,0.5,0
11,13,17,1,0,300,0.5,1700,0.5,2
11,14,281,1,0,300,0.5,1700,0.5,2
12,0,652,2,10,5,0,500,0.6,1000,0.2,1400,0.2,2
12,1,251,2,10,5,0,500,0.6,1000,0.2,1400,0.2,1
12,2,649,2,10,5,0,300,0.5,1700,0.5,1
12,3,889,0,0,300,0.5,1700,0.5,2
12,4,522,2,10,5,0,500,0.6,1000,0.2,1400,0.2,2
12,5,138,0,0,300,0.5,1700,0.5,0
12,6,491,2,10,5,0,300,0.5,1700,0.5,0
12,7,319,2,10,5,0,300,0.5,1700,0.5,1
12,8,862,1,0,500,0.6,1000,0.2,1400,0.2,2
12,9,177,1,0,300,0.5,1700,0.5,1
12,10,492,1,0,500,0.6,1000,0.2,1400,0.2,1
12,11,976,2,10,5,0,500,0.6,1000,0.2,1400,0.2,2
12,12,297,0,0,500,0.6,1000,0.2,1400,0.2,0
12,13,964,1,0,300,0.5,1700,0.5,0
12,14,401,1,0,300,0.5,1700,0.5,1
13,0,383,2,10,5,0,500,0.6,1000,0.2,1400,0.2,2
13,1,169,0,0,300,0.5,1700,0.5,2
13,2,335,2,10,5,0,300,0.5,1700,0.5,1
13,3,633,2,10,5,0,300,0.5,1700,0.5,0
13,4,362,0,0,500,0.6,1000,0.2,1400,0.2,0
13,5,962,2,10,5,0,300,0.5,1700,0.5,0
13,6,961,2,10,5,0,500,0.6,1000,0.2,1400,0.2,2
13,7,968,1,0,500,0.6,1000,0.2,1400,0.2,0
13,8,304,2,10,5,0,300,0.5,1700,0.5,2
13,9,165,2,10,5,0,300,0.5,1700,0.5,2
13,10,622,1,0,500,0.6,1000,0.2,1400,0.2,2
13,11,524,2,10,5,0,500,0.6,1000,0.2,1400,0.2,1
13,12,549,1,0,500,0.6,1000,0.2,1400,0.2,1
13,13,974,2,10,5,0,300,0.5,1700,0.5,2
13,14,306,0,0,300,0.5,1700,0.5,2
14,0,341,2,10,5,0,300,0.5,1700,0.5,2
14,1,432,0,0,500,0.6,1000,0.2,1400,0.2,1
14,2,262,0,0,500,0.6,1000,0.2,1400,0.2,1
14,3,839,0,0,500,0.6,1000,0.2,1400,0.2,2
14,4,905,0,0,300,0.5,1700,0.5,0
14,5,23,0,0,500,0.6,1000,0.2,1400,0.2,2
14,6,350,1,0,300,0.5,1700,0.5,1
14,7,729,0,0,500,0.6,1000,0.2,1400,0.2,0
14,8,633,0,0,500,0.6,1000,0.2,1400,0.2,1
14,9,219,1,0,300,0.5,1700,0.5,1
14,10,402,2,10,5,0,300,0.5,1700,0.5,0
14,11,790,2,10,5,0,500,0.6,1000,0.2,1400,0.2,0
14,12,393,0,0,500,0.6,1000,0.2,1400,0.2,0
14,13,531,1,0,500,0.6,1000,0.2,1400,0.2,0
14,14,510,1,0,300,0.5,1700,0.5,2
