0,0,705,0,0,500,0.6,1000,0.2,1400,0.2,1
0,1,865,1,0,300,0.5,1700,0.5,1
0,2,737,1,0,500,0.6,1000,0.2,1400,0.2,2
0,3,312,0,0,500,0.6,1000,0.2,1400,0.2,0
0,4,110,0,0,300,0.5,1700,0.5,0
0,5,316,1,0,500,0.6,1000,0.2,1400,0.2,2
0,6,115,1,0,300,0.5,1700,0.5,2
0,7,394,0,0,300,0.5,1700,0.5,1
0,8,715,1,0,300,0.5,1700,0.5,1
0,9,564,1,0,300,0.5,1700,0.5,2
0,10,514,0,0,300,0.5,1700,0.5,0
0,11,434,0,0,300,0.5,1700,0.5,1
0,12,596,1,0,500,0.6,1000,0.2,1400,0.2,2
0,13,665,0,0,500,0.6,1000,0.2,1400,0.2,1
0,14,927,2,10,5,0,500,0.6,1000,0.2,1400,0.2,1
1,0,744,1,0,300,0.5,1700,0.5,0
1,1,961,2,10,5,0,300,0.5,1700,0.5,2
1,2,382,2,10,5,0,500,0.6,1000,0.2,1400,0.2,0
1,3,324,0,0,500,0.6,1000,0.2,1400,0.2,0
1,4,491,1,0,500,0.6,1000,0.2,1400,0.2,1
1,5,222,0,0,300,0.5,1700,0.5,2
1,6,445,1,0,500,0.6,1000,0.2,1400,0.2,0
1,7,342,2,10,5,0,300,0.5,1700,0.5,0
1,8,13,2,10,5,0,500,0.6,1000,0.2,1400,0.2,2
1,9,747,2,10,5,0,500,0.6,1000,0.2,1400,0.2,2
1,10,153,1,0,500,0.6,1000,0.2,1400,0.2,0
1,11,111,2,10,5,0,500,0.6,1000,0.2,1400,0.2,2
1,12,272,1,0,300,0.5,1700,0.5,2
1,13,230,0,0,500,0.6,1000,0.2,1400,0.2,1
1,14,497,1,0,500,0.6,1000,0.2,1400,0.2,0
2,0,880,2,10,5,0,500,0.6,1000,0.2,1400,0.2,1
2,1,777,1,0,500,0.6,1000,0.2,1400,0.2,1
2,2,870,2,10,5,0,300,0.5,1700,0.5,0
2,3,621,0,0,300,0.5,1700,0.5,0
2,4,692,2,10,5,0,300,0.5,1700,0.5,0
2,5,461,2,10,5,0,300,0.5,1700,0.5,0
2,6,285,2,10,5,0,300,0.5,1700,0.5,1
2,7,649,2,10,5,0,500,0.6,1000,0.2,1400,0.2,2
2,8,789,2,10,5,0,300,0.5,1700,0.5,2
2,9,797,2,10,5,0,300,0.5,1700,0.5,2
2,10,587,0,0,300,0.5,1700,0.5,1
2,11,548,2,10,5,0,300,0.5,1700,0.5,2
2,12,11,2,10,5,0,500,0.6,1000,0.2,1400,0.2,0
2,13,805,1,0,300,0.5,1700,0.5,0
2,14,725,2,10,5,0,500,0.6,1000,0.2,1400,0.2,2
3,0,520,2,10,5,0,300,0.5,1700,0.5,1
3,1,876,0,0,300,0.5,1700,0.5,0
3,2,764,2,10,5,0,300,0.5,1700,0.5,2
3,3,956,0,0,300,0.5,1700,0.5,1
3,4,964,0,0,300,0.5,1700,0.5,0
3,5,299,2,10,5,0,500,0.6,1000,0.2,1400,0.2,2
3,6,729,0,0,500,0.6,1000,0.2,1400,0.2,1
3,7,580,0,0,500,0.6,1000,0.2,1400,0.2,0
3,8,641,1,0,500,0.6,1000,0.2,1400,0.2,1
3,9,388,2,10,5,0,500,0.6,1000,0.2,1400,0.2,1
3,10,239,1,0,300,0.5,1700,0.5,2
3,11,299,0,0,500,0.6,1000,0.2,1400,0.2,2
3,12,784,0,0,500,0.6,1000,0.2,1400,0.2,1
3,13,269,0,0,500,0.6,1000,0.2,1400,0.2,1
3,14,719,0,0,500,0.6,1000,0.2,1400,0.2,0
4,0,797,1,0,500,0.6,1000,0.2,1400,0.2,2
4,1,842,0,0,500,0.6,1000,0.2,1400,0.2,2
4,2,875,1,0,300,0.5,1700,0.5,1
4,3,527,2,10,5,0,300,0.5,1700,0.5,1
4,4,588,2,10,5,0,500,0.6,1000,0.2,1400,0.2,1
4,5,788,0,0,500,0.6,1000,0.2,1400,0.2,2
4,6,972,2,10,5,0,500,0.6,1000,0.2,1400,0.2,0
4,7,235,1,0,500,0.6,1000,0.2,1400,0.2,0
4,8,206,2,10,5,0,300,0.5,1700,0.5,1
4,9,392,2,10,5,0,300,0.5,1700,0.5,2
4,10,542,1,0,500,0.6,1000,0.2,1400,0.2,1
4,11,91,0,0,500,0.6,1000,0.2,1400,0.2,0
4,12,183,2,10,5,0,300,0.5,1700,0.5,1
4,13,122,0,0,300,0.5,1700,0.5,2
4,14,972,2,10,5,0,300,0.5,1700,0.5,2
5,0,159,2,10,5,0,500,0.6,1000,0.2,1400,0.2,2
5,1,896,2,10,5,0,300,0.5,1700,0.5,0
5,2,826,2,10,5,0,500,0.6,1000,0.2,1400,0.2,2
5,3,850,0,0,500,0.6,1000,0.2,1400,0.2,2
5,4,383,2,10,5,0,300,0.5,1700,0.5,2
5,5,250,1,0,300,0.5,1700,0.5,2
5,6,378,2,10,5,0,500,0.6,1000,0.2,1400,0.2,0
5,7,969,0,0,300,0.5,1700,0.5,2
5,8,816,2,10,5,0,500,0.6,1000,0.2,1400,0.2,0
5,9,83,0,0,500,0.6,1000,0.2,1400,0.2,2
5,10,899,0,0,500,0.6,1000,0.2,1400,0.2,1
5,11,842,1,0,300,0.5,1700,0.5,1
5,12,890,0,0,500,0.6,1000,0.2,1400,0.2,0
5,13,283,1,0,500,0.6,1000,0.2,1400,0.2,1
5,14,316,0,0,500,0.6,1000,0.2,1400,0.2,1
6,0,447,2,10,5,0,500,0.6,1000,0.2,1400,0.2,1
6,1,766,1,0,500,0.6,1000,0.2,1400,0.2,0
6,2,438,0,0,500,0.6,1000,0.2,1400,0.2,2
6,3,336,1,0,300,0.5,1700,0.5,1
6,4,512,0,0,300,0.5,1700,0.5,1
6,5,396,2,10,5,0,500,0.6,1000,0.2,1400,0.2,0
6,6,990,2,10,5,0,300,0.5,1700,0.5,0
6,7,924,2,10,5,0,300,0.5,1700,0.5,2
6,8,546,0,0,500,0.6,1000,0.2,1400,0.2,1
6,9,818,1,0,300,0.5,1700,0.5,2
6,10,714,1,0,300,0.5,1700,0.5,2
6,11,754,1,0,300,0.5,1700,0.5,0
6,12,460,0,0,500,0.6,1000,0.2,1400,0.2,0
6,13,326,0,0,500,0.6,1000,0.2,1400,0.2,1
6,14,100,0,0,500,0.6,1000,0.2,1400,0.2,0
7,0,658,1,0,300,0.5,1700,0.5,0
7,1,594,1,0,500,0.6,1000,0.2,1400,0.2,2
7,2,26,1,0,300,0.5,1700,0.5,2
7,3,512,2,10,5,0,300,0.5,1700,0.5,1
7,4,124,1,0,500,0.6,1000,0.2,1400,0.2,2
7,5,863,0,0,300,0.5,1700,0.5,0
7,6,154,0,0,300,0.5,1700,0.5,2
7,7,798,2,10,5,0,500,0.6,1000,0.2,1400,0.2,1
7,8,494,0,0,500,0.6,1000,0.2,1400,0.2,2
7,9,218,0,0,500,0.6,1000,0.2,1400,0.2,1
7,10,322,2,10,5,0,500,0.6,1000,0.2,1400,0.2,2
7,11,360,0,0,300,0.5,1700,0.5,0
7,12,306,2,10,5,0,300,0.5,1700,0.5,0
7,13,700,0,0,300,0.5,1700,0.5,2
7,14,374,2,10,5,0,300,0.5,1700,0.5,1
8,0,22,0,0,500,0.6,1000,0.2,1400,0.2,0
8,1,805,2,10,5,0,500,0.6,1000,0.2,1400,0.2,1
8,2,913,0,0,300,0.5,1700,0.5,0
8,3,315,1,0,300,0.5,1700,0.5,1
8,4,366,0,0,300,0.5,1700,0.5,0
8,5,526,1,0,500,0.6,1000,0.2,1400,0.2,2
8,6,503,2,10,5,0,300,0.5,1700,0.5,2
8,7,214,2,10,5,0,300,0.5,1700,0.5,2
8,8,894,0,0,300,0.5,1700,0.5,2
8,9,725,2,10,5,0,500,0.6,1000,0.2,1400,0.2,2
8,10,31,0,0,300,0.5,1700,0.5,0
8,11,905,2,10,5,0,500,0.6,1000,0.2,1400,0.2,0
8,12,137,2,10,5,0,300,0.5,1700,0.5,0
8,13,153,0,0,300,0.5,1700,0.5,0
8,14,628,1,0,500,0.6,1000,0.2,1400,0.2,2
9,0,822,1,0,300,0.5,1700,0.5,2
9,1,145,0,0,500,0.6,1000,0.2,1400,0.2,2
9,2,815,0,0,300,0.5,1700,0.5,1
9,3,662,2,10,5,0,500,0.6,1000,0.2,1400,0.2,0
9,4,194,0,0,500,0.6,1000,0.2,1400,0.2,2
9,5,78,0,0,300,0.5,1700,0.5,2
9,6,833,1,0,300,0.5,1700,0.5,1
9,7,951,0,0,500,0.6,1000,0.2,1400,0.2,0
9,8,621,0,0,300,0.5,1700,0.5,1
9,9,944,0,0,500,0.6,1000,0.2,1400,0.2,2
9,10,172,0,0,500,0.6,1000,0.2,1400,0.2,0
9,11,358,0,0,300,0.5,1700,0.5,0
9,12,394,1,0,500,0.6,1000,0.2,1400,0.2,0
9,13,459,0,0,300,0.5,1700,0.5,2
9,14,875,1,0,500,0.6,1000,0.2,1400,0.2,1
10,0,90,0,0,500,0.6,1000,0.2,1400,0.2,2
10,1,161,0,0,300,0.5,1700,0.5,1
10,2,462,1,0,300,0.5,1700,0.5,2
10,3,492,0,0,500,0.6,1000,0.2,1400,0.2,2
10,4,851,2,10,5,0,300,0.5,1700,0.5,2
10,5,729,2,10,5,0,500,0.6,1000,0.2,1400,0.2,2
10,6,787,0,0,300,0.5,1700,0.5,2
10,7,153,2,10,5,0,500,0.6,1000,0.2,1400,0.2,2
10,8,36,2,10,5,0,300,0.5,1700,0.5,2
10,9,553,0,0,500,0.6,1000,0.2,1400,0.2,2
10,10,553,1,0,300,0.5,1700,0.5,2
10,11,959,1,0,500,0.6,1000,0.2,1400,0.2,1
10,12,361,2,10,5,0,300,0.5,1700,0.5,2
10,13,490,1,0,300,0.5,1700,0.5,2
10,14,493,0,0,300,0.5,1700,0.5,0
11,0,193,0,0,500,0.6,1000,0.2,1400,0.2,2
11,1,479,1,0,500,0.6,1000,0.2,1400,0.2,2
11,2,233,1,0,300,0.5,1700,0.5,0
11,3,171,0,0,300,0.5,1700,0.5,0
11,4,456,2,10,5,0,300,0.5,1700,0.5,2
11,5,624,1,0,500,0.6,1000,0.2,1400,0.2,1
11,6,999,0,0,500,0.6,1000,0.2,1400,0.2,1
11,7,476,2,10,5,0,300,0.5,1700,0.5,0
11,8,276,0,0,500,0.6,1000,0.2,1400,0.2,2
11,9,853,0,0,500,0.6,1000,0.2,1400,0.2,0
11,10,110,2,10,5,0,300,0.5,1700,0.5,1
11,11,566,1,0,300,0.5,1700,0.5,0
11,12,741,2,10,5,0,500,0.6,1000,0.2,1400,0.2,1
11,13,672,0,0,500,0.6,1000,0.2,1400,0.2,2
11,14,786,0,0,500,0.6,1000,0.2,1400,0.2,2
12,0,43,1,0,500,0.6,1000,0.2,1400,0.2,0
12,1,386,0,0,500,0.6,1000,0.2,1400,0.2,0
12,2,362,2,10,5,0,500,0.6,1000,0.2,1400,0.2,2
12,3,453,1,0,500,0.6,1000,0.2,1400,0.2,0
12,4,565,1,0,500,0.6,1000,0.2,1400,0.2,1
12,5,707,1,0,500,0.6,1000,0.2,1400,0.2,2
12,6,373,2,10,5,0,300,0.5,1700,0.5,1
12,7,777,2,10,5,0,500,0.6,1000,0.2,1400,0.2,2
12,8,960,0,0,500,0.6,1000,0.2,1400,0.2,1
12,9,410,2,10,5,0,500,0.6,1000,0.2,1400,0.2,0
12,10,754,1,0,300,0.5,1700,0.5,1
12,11,213,0,0,500,0.6,1000,0.2,1400,0.2,0
12,12,746,1,0,300,0.5,1700,0.5,2
12,13,995,2,10,5,0,300,0.5,1700,0.5,0
12,14,847,2,10,5,0,300,0.5,1700,0.5,0
13,0,696,1,0,300,0.5,1700,0.5,1
13,1,862,1,0,300,0.5,1700,0.5,1
13,2,863,0,0,300,0.5,1700,0.5,1
13,3,794,2,10,5,0,500,0.6,1000,0.2,1400,0.2,2
13,4,117,0,0,500,0.6,1000,0.2,1400,0.2,2
13,5,734,1,0,300,0.5,1700,0.5,2
13,6,890,1,0,500,0.6,1000,0.2,1400,0.2,1
13,7,613,2,10,5,0,300,0.5,1700,0.5,2
13,8,374,2,10,5,0,500,0.6,1000,0.2,1400,0.2,0
13,9,561,1,0,500,0.6,1000,0.2,1400,0.2,2
13,10,763,2,10,5,0,300,0.5,1700,0.5,0
13,11,817,2,10,5,0,300,0.5,1700,0.5,0
13,12,720,2,10,5,0,500,0.6,1000,0.2,1400,0.2,2
13,13,610,0,0,500,0.6,1000,0.2,1400,0.2,2
13,14,966,1,0,500,0.6,1000,0.2,1400,0.2,2
14,0,498,2,10,5,0,300,0.5,1700,0.5,1
14,1,358,0,0,300,0.5,1700,0.5,2
14,2,568,2,10,5,0,500,0.6,1000,0.2,1400,0.2,2
14,3,119,2,10,5,0,500,0.6,1000,0.2,1400,0.2,1
14,4,566,0,0,500,0.6,1000,0.2,1400,0.2,0
14,5,226,2,10,5,0,300,0.5,1700,0.5,0
14,6,201,1,0,300,0.5,1700,0.5,1
14,7,43,0,0,300,0.5,1700,0.5,2
14,8,652,0,0,300,0.5,1700,0.5,0
14,9,798,0,0,300,0.5,1700,0.5,0
14,10,455,2,10,5,0,500,0.6,1000,0.2,1400,0.2,2
14,11,682,0,0,500,0.6,1000,0.2,1400,0.2,1
14,12,796,1,0,500,0.6,1000,0.2,1400,0.2,0
14,13,349,0,0,300,0.5,1700,0.5,2
14,14,84,0,0,300,0.5,1700,0.5,0
