0,0,717,0,0,500,0.6,1000,0.2,1400,0.2,0
0,1,90,2,10,5,0,500,0.6,1000,0.2,1400,0.2,0
0,2,771,2,10,5,0,300,0.5,1700,0.5,0
0,3,203,2,10,5,0,500,0.6,1000,0.2,1400,0.2,1
0,4,266,2,10,5,0,500,0.6,1000,0.2,1400,0.2,1
0,5,194,2,10,5,0,300,0.5,1700,0.5,1
0,6,145,1,0,500,0.6,1000,0.2,1400,0.2,0
0,7,57,1,0,500,0.6,1000,0.2,1400,0.2,2
0,8,874,0,0,300,0.5,1700,0.5,1
0,9,183,1,0,300,0.5,1700,0.5,0
0,10,844,1,0,500,0.6,1000,0.2,1400,0.2,1
0,11,225,1,0,500,0.6,1000,0.2,1400,0.2,2
0,12,853,2,10,5,0,300,0.5,1700,0.5,2
0,13,978,2,10,5,0,300,0.5,1700,0.5,0
0,14,792,1,0,500,0.6,1000,0.2,1400,0.2,0
1,0,789,1,0,500,0.6,1000,0.2,1400,0.2,0
1,1,200,1,0,300,0.5,1700,0.5,0
1,2,37,2,10,5,0,300,0.5,1700,0.5,1
1,3,741,0,0,500,0.6,1000,0.2,1400,0.2,1
1,4,928,0,0,500,0.6,1000,0.2,1400,0.2,1
1,5,69,2,10,5,0,500,0.6,1000,0.2,1400,0.2,0
1,6,230,0,0,300,0.5,1700,0.5,1
1,7,440,0,0,300,0.5,1700,0.5,2
1,8,152,2,10,5,0,300,0.5,1700,0.5,2
1,9,945,2,10,5,0,300,0.5,1700,0.5,1
1,10,96,0,0,300,0.5,1700,0.5,0
1,11,182,0,0,300,0.5,1700,0.5,0
1,12,545,2,10,5,0,500,0.6,1000,0.2,1400,0.2,2
1,13,216,2,10,5,0,500,0.6,1000,0.2,1400,0.2,2
1,14,488,2,10,5,0,500,0.6,1000,0.2,1400,0.2,1
2,0,904,2,10,5,0,300,0.5,1700,0.5,1
2,1,142,1,0,300,0.5,1700,0.5,1
2,2,226,2,10,5,0,500,0.6,1000,0.2,1400,0.2,0
2,3,907,1,0,500,0.6,1000,0.2,1400,0.2,0
2,4,96,0,0,500,0.6,1000,0.2,1400,0.2,0
2,5,771,2,10,5,0,300,0.5,1700,0.5,1
2,6,330,0,0,500,0.6,1000,0.2,1400,0.2,1
2,7,465,1,0,500,0.6,1000,0.2,1400,0.2,1
2,8,44,2,10,5,0,500,0.6,1000,0.2,1400,0.2,2
2,9,811,0,0,500,0.6,1000,0.2,1400,0.2,1
2,10,687,2,10,5,0,500,0.6,1000,0.2,1400,0.2,2
2,11,922,1,0,300,0.5,1700,0.5,1
2,12,738,1,0,300,0.5,1700,0.5,0
2,13,265,1,0,300,0.5,1700,0.5,2
2,14,724,0,0,300,0.5,1700,0.5,2
3,0,238,2,10,5,0,300,0.5,1700,0.5,1
3,1,221,0,0,500,0.6,1000,0.2,1400,0.2,2
3,2,324,1,0,300,0.5,1700,0.5,1
3,3,399,2,10,5,0,500,0.6,1000,0.2,1400,0.2,0
3,4,962,0,0,500,0.6,1000,0.2,1400,0.2,2
3,5,831,0,0,500,0.6,1000,0.2,1400,0.2,1
3,6,669,1,0,300,0.5,1700,0.5,0
3,7,730,1,0,300,0.5,1700,0.5,1
3,8,364,2,10,5,0,300,0.5,1700,0.5,0
3,9,421,1,0,500,0.6,1000,0.2,1400,0.2,0
3,10,655,2,10,5,0,300,0.5,1700,0.5,1
3,11,465,2,10,5,0,300,0.5,1700,0.5,0
3,12,256,1,0,300,0.5,1700,0.5,2
3,13,46,1,0,500,0.6,1000,0.2,1400,0.2,1
3,14,72,2,10,5,0,300,0.5,1700,0.5,1
4,0,321,0,0,500,0.6,1000,0.2,1400,0.2,2
4,1,396,1,0,300,0.5,1700,0.5,1
4,2,840,1,0,300,0.5,1700,0.5,0
4,3,776,0,0,300,0.5,1700,0.5,2
4,4,249,2,10,5,0,500,0.6,1000,0.2,1400,0.2,1
4,5,40,0,0,500,0.6,1000,0.2,1400,0.2,2
4,6,127,2,10,5,0,500,0.6,1000,0.2,1400,0.2,1
4,7,702,1,0,500,0.6,1000,0.2,1400,0.2,2
4,8,886,0,0,300,0.5,1700,0.5,2
4,9,95,0,0,500,0.6,1000,0.2,1400,0.2,2
4,10,562,2,10,5,0,300,0.5,1700,0.5,2
4,11,21,2,10,5,0,300,0.5,1700,0.5,0
4,12,529,1,0,300,0.5,1700,0.5,1
4,13,22,0,0,300,0.5,1700,0.5,1
4,14,108,1,0,500,0.6,1000,0.2,1400,0.2,2
5,0,178,0,0,500,0.6,1000,0.2,1400,0.2,2
5,1,723,0,0,300,0.5,1700,0.5,2
5,2,93,2,10,5,0,500,0.6,1000,0.2,1400,0.2,2
5,3,790,0,0,300,0.5,1700,0.5,1
5,4,743,1,0,300,0.5,1700,0.5,2
5,5,506,1,0,300,0.5,1700,0.5,1
5,6,112,2,10,5,0,500,0.6,1000,0.2,1400,0.2,0
5,7,240,1,0,300,0.5,1700,0.5,0
5,8,52,2,10,5,0,500,0.6,1000,0.2,1400,0.2,0
5,9,647,2,10,5,0,300,0.5,1700,0.5,1
5,10,748,2,10,5,0,500,0.6,1000,0.2,1400,0.2,2
5,11,559,2,10,5,0,300,0.5,1700,0.5,1
5,12,260,0,0,300,0.5,1700,0.5,0
5,13,732,1,0,300,0.5,1700,0.5,0
5,14,82,1,0,500,0.6,1000,0.2,1400,0.2,1
6,0,43,1,0,300,0.5,1700,0.5,0
6,1,664,1,0,300,0.5,1700,0.5,1
6,2,428,0,0,300,0.5,1700,0.5,1
6,3,297,2,10,5,0,300,0.5,1700,0.5,1
6,4,51,0,0,300,0.5,1700,0.5,1
6,5,871,0,0,300,0.5,1700,0.5,0
6,6,465,1,0,500,0.6,1000,0.2,1400,0.2,1
6,7,600,2,10,5,0,300,0.5,1700,0.5,1
6,8,901,1,0,300,0.5,1700,0.5,2
6,9,253,1,0,500,0.6,1000,0.2,1400,0.2,0
6,10,169,2,10,5,0,500,0.6,1000,0.2,1400,0.2,0
6,11,985,0,0,500,0.6,1000,0.2,1400,0.2,0
6,12,250,0,0,500,0.6,1000,0.2,1400,0.2,1
6,13,841,1,0,300,0.5,1700,0.5,0
6,14,175,2,10,5,0,300,0.5,1700,0.5,1
7,0,550,0,0,300,0.5,1700,0.5,1
7,1,452,1,0,300,0.5,1700,0.5,0
7,2,232,2,10,5,0,300,0.5,1700,0.5,0
7,3,610,2,10,5,0,300,0.5,1700,0.5,1
7,4,827,0,0,300,0.5,1700,0.5,1
7,5,603,0,0,300,0.5,1700,0.5,1
7,6,16,1,0,500,0.6,1000,0.2,1400,0.2,0
7,7,729,2,10,5,0,300,0.5,1700,0.5,0
7,8,683,1,0,500,0.6,1000,0.2,1400,0.2,0
7,9,160,1,0,500,0.6,1000,0.2,1400,0.2,0
7,10,40,0,0,500,0.6,1000,0.2,1400,0.2,2
7,11,992,0,0,300,0.5,1700,0.5,0
7,12,503,2,10,5,0,300,0.5,1700,0.5,2
7,13,707,0,0,500,0.6,1000,0.2,1400,0.2,2
7,14,273,0,0,500,0.6,1000,0.2,1400,0.2,2
8,0,738,0,0,300,0.5,1700,0.5,2
8,1,732,2,10,5,0,500,0.6,1000,0.2,1400,0.2,2
8,2,55,1,0,300,0.5,1700,0.5,0
8,3,438,2,10,5,0,500,0.6,1000,0.2,1400,0.2,2
8,4,239,0,0,500,0.6,1000,0.2,1400,0.2,1
8,5,24,0,0,500,0.6,1000,0.2,1400,0.2,1
8,6,524,2,10,5,0,500,0.6,1000,0.2,1400,0.2,2
8,7,680,1,0,300,0.5,1700,0.5,0
8,8,168,0,0,500,0.6,1000,0.2,1400,0.2,1
8,9,223,1,0,300,0.5,1700,0.5,2
8,10,912,1,0,500,0.6,1000,0.2,1400,0.2,2
8,11,240,0,0,300,0.5,1700,0.5,2
8,12,966,0,0,500,0.6,1000,0.2,1400,0.2,0
8,13,770,2,10,5,0,500,0.6,1000,0.2,1400,0.2,2
8,14,754,1,0,500,0.6,1000,0.2,1400,0.2,1
9,0,396,0,0,500,0.6,1000,0.2,1400,0.2,2
9,1,455,1,0,500,0.6,1000,0.2,1400,0.2,2
9,2,47,0,0,500,0.6,1000,0.2,1400,0.2,2
9,3,867,2,10,5,0,300,0.5,1700,0.5,0
9,4,796,2,10,5,0,300,0.5,1700,0.5,2
9,5,517,0,0,300,0.5,1700,0.5,2
9,6,930,2,10,5,0,300,0.5,1700,0.5,1
9,7,725,1,0,500,0.6,1000,0.2,1400,0.2,0
9,8,889,1,0,300,0.5,1700,0.5,2
9,9,594,2,10,5,0,500,0.6,1000,0.2,1400,0.2,0
9,10,794,1,0,500,0.6,1000,0.2,1400,0.2,0
9,11,326,0,0,500,0.6,1000,0.2,1400,0.2,1
9,12,815,1,0,300,0.5,1700,0.5,0
9,13,535,1,0,500,0.6,1000,0.2,1400,0.2,0
9,14,501,1,0,500,0.6,1000,0.2,1400,0.2,1
10,0,552,2,10,5,0,500,0.6,1000,0.2,1400,0.2,1
10,1,232,1,0,500,0.6,1000,0.2,1400,0.2,0
10,2,989,2,10,5,0,300,0.5,1700,0.5,0
10,3,641,1,0,500,0.6,1000,0.2,1400,0.2,0
10,4,839,0,0,500,0.6,1000,0.2,1400,0.2,1
10,5,203,1,0,500,0.6,1000,0.2,1400,0.2,1
10,6,545,2,10,5,0,500,0.6,1000,0.2,1400,0.2,2
10,7,332,2,10,5,0,500,0.6,1000,0.2,1400,0.2,2
10,8,31,1,0,300,0.5,1700,0.5,2
10,9,314,0,0,500,0.6,1000,0.2,1400,0.2,0
10,10,552,0,0,300,0.5,1700,0.5,1
10,11,34,0,0,300,0.5,1700,0.5,2
10,12,565,2,10,5,0,300,0.5,1700,0.5,1
10,13,451,2,10,5,0,500,0.6,1000,0.2,1400,0.2,1
10,14,828,1,0,500,0.6,1000,0.2,1400,0.2,0
11,0,185,2,10,5,0,500,0.6,1000,0.2,1400,0.2,2
11,1,471,0,0,300,0.5,1700,0.5,1
11,2,35,2,10,5,0,500,0.6,1000,0.2,1400,0.2,2
11,3,12,1,0,300,0.5,1700,0.5,0
11,4,638,2,10,5,0,300,0.5,1700,0.5,2
11,5,307,1,0,500,0.6,1000,0.2,1400,0.2,2
11,6,908,2,10,5,0,300,0.5,1700,0.5,2
11,7,624,0,0,500,0.6,1000,0.2,1400,0.2,2
11,8,848,0,0,300,0.5,1700,0.5,0
11,9,441,2,10,5,0,500,0.6,1000,0.2,1400,0.2,0
11,10,813,0,0,300,0.5,1700,0.5,0
11,11,315,2,10,5,0,300,0.5,1700,0.5,0
11,12,270,1,0,300,0.5,1700,0.5,2
11,13,133,1,0,500,0.6,1000,0.2,1400,0.2,0
11,14,849,1,0,500,0.6,1000,0.2,1400,0.2,2
12,0,991,2,10,5,0,300,0.5,1700,0.5,0
12,1,777,0,0,300,0.5,1700,0.5,1
12,2,967,2,10,5,0,500,0.6,1000,0.2,1400,0.2,1
12,3,930,2,10,5,0,300,0.5,1700,0.5,1
12,4,228,0,0,500,0.6,1000,0.2,1400,0.2,0
12,5,533,1,0,300,0.5,1700,0.5,2
12,6,422,0,0,500,0.6,1000,0.2,1400,0.2,1
12,7,416,1,0,500,0.6,1000,0.2,1400,0.2,1
12,8,63,1,0,300,0.5,1700,0.5,2
12,9,783,1,0,500,0.6,1000,0.2,1400,0.2,1
12,10,216,0,0,300,0.5,1700,0.5,0
12,11,456,1,0,300,0.5,1700,0.5,0
12,12,874,0,0,300,0.5,1700,0.5,2
12,13,224,2,10,5,0,500,0.6,1000,0.2,1400,0.2,1
12,14,570,2,10,5,0,300,0.5,1700,0.5,2
13,0,1000,1,0,300,0.5,1700,0.5,1
13,1,810,2,10,5,0,500,0.6,1000,0.2,1400,0.2,2
13,2,344,0,0,300,0.5,1700,0.5,0
13,3,583,0,0,500,0.6,1000,0.2,1400,0.2,1
13,4,263,0,0,500,0.6,1000,0.2,1400,0.2,0
13,5,931,0,0,300,0.5,1700,0.5,2
13,6,897,1,0,500,0.6,1000,0.2,1400,0.2,1
13,7,797,0,0,500,0.6,1000,0.2,1400,0.2,0
13,8,67,1,0,300,0.5,1700,0.5,0
13,9,208,0,0,500,0.6,1000,0.2,1400,0.2,1
13,10,617,0,0,300,0.5,1700,0.5,0
13,11,679,0,0,500,0.6,1000,0.2,1400,0.2,2
13,12,189,0,0,300,0.5,1700,0.5,2
13,13,370,2,10,5,0,500,0.6,1000,0.2,1400,0.2,1
13,14,276,1,0,300,0.5,1700,0.5,2
14,0,734,1,0,500,0.6,1000,0.2,1400,0.2,0
14,1,743,2,10,5,0,500,0.6,1000,0.2,1400,0.2,1
14,2,385,0,0,300,0.5,1700,0.5,2
14,3,822,2,10,5,0,300,0.5,1700,0.5,2
14,4,664,1,0,300,0.5,1700,0.5,0
14,5,421,1,0,300,0.5,1700,0.5,2
14,6,838,0,0,300,0.5,1700,0.5,0
14,7,374,1,0,500,0.6,1000,0.2,1400,0.2,1
14,8,680,0,0,300,0.5,1700,0.5,1
14,9,414,2,10,5,0,300,0.5,1700,0.5,0
14,10,431,2,10,5,0,300,0.5,1700,0.5,0
14,11,36,2,10,5,0,500,0.6,1000,0.2,1400,0.2,0
14,12,110,1,0,500,0.6,1000,0.2,1400,0.2,0
14,13,635,2,10,5,0,300,0.5,1700,0.5,2
14,14,494,1,0,500,0.6,1000,0.2,1400,0.2,1
