0,0,265,2,10,5,0,300,0.5,1700,0.5,2
0,1,970,0,0,300,0.5,1700,0.5,2
0,2,472,2,10,5,0,500,0.6,1000,0.2,1400,0.2,2
0,3,156,1,0,300,0.5,1700,0.5,2
0,4,297,1,0,300,0.5,1700,0.5,1
0,5,882,0,0,300,0.5,1700,0.5,1
0,6,671,2,10,5,0,500,0.6,1000,0.2,1400,0.2,1
0,7,943,0,0,500,0.6,1000,0.2,1400,0.2,1
0,8,379,1,0,300,0.5,1700,0.5,2
0,9,454,1,0,300,0.5,1700,0.5,1
0,10,125,0,0,300,0.5,1700,0.5,2
0,11,226,2,10,5,0,300,0.5,1700,0.5,2
0,12,767,1,0,500,0.6,1000,0.2,1400,0.2,0
0,13,51,1,0,300,0.5,1700,0.5,0
0,14,582,1,0,500,0.6,1000,0.2,1400,0.2,0
1,0,897,2,10,5,0,500,0.6,1000,0.2,1400,0.2,2
1,1,939,0,0,300,0.5,1700,0.5,1
1,2,25,0,0,300,0.5,1700,0.5,2
1,3,117,1,0,500,0.6,1000,0.2,1400,0.2,0
1,4,316,1,0,300,0.5,1700,0.5,1
1,5,551,1,0,500,0.6,1000,0.2,1400,0.2,0
1,6,544,1,0,500,0.6,1000,0.2,1400,0.2,2
1,7,750,0,0,500,0.6,1000,0.2,1400,0.2,2
1,8,307,1,0,300,0.5,1700,0.5,1
1,9,211,0,0,500,0.6,1000,0.2,1400,0.2,1
1,10,927,2,10,5,0,500,0.6,1000,0.2,1400,0.2,0
1,11,462,1,0,300,0.5,1700,0.5,1
1,12,115,1,0,500,0.6,1000,0.2,1400,0.2,2
1,13,606,2,10,5,0,300,0.5,1700,0.5,2
1,14,843,2,10,5,0,500,0.6,1000,0.2,1400,0.2,1
2,0,402,2,10,5,0,300,0.5,1700,0.5,1
2,1,727,2,10,5,0,500,0.6,1000,0.2,1400,0.2,2
2,2,272,0,0,500,0.6,1000,0.2,1400,0.2,1
2,3,96,0,0,500,0.6,1000,0.2,1400,0.2,1
2,4,873,0,0,300,0.5,1700,0.5,1
2,5,597,0,0,500,0.6,1000,0.2,1400,0.2,1
2,6,361,2,10,5,0,300,0.5,1700,0.5,0
2,7,608,2,10,5,0,500,0.6,1000,0.2,1400,0.2,0
2,8,637,0,0,500,0.6,1000,0.2,1400,0.2,2
2,9,620,2,10,5,0,500,0.6,1000,0.2,1400,0.2,2
2,10,967,1,0,300,0.5,1700,0.5,0
2,11,339,0,0,500,0.6,1000,0.2,1400,0.2,1
2,12,619,1,0,300,0.5,1700,0.5,2
2,13,183,0,0,300,0.5,1700,0.5,0
2,14,302,0,0,500,0.6,1000,0.2,1400,0.2,1
3,0,570,1,0,500,0.6,1000,0.2,1400,0.2,0
3,1,277,1,0,300,0.5,1700,0.5,2
3,2,737,2,10,5,0,300,0.5,1700,0.5,0
3,3,78,2,10,5,0,500,0.6,1000,0.2,1400,0.2,2
3,4,138,0,0,300,0.5,1700,0.5,1
3,5,694,1,0,300,0.5,1700,0.5,2
3,6,376,1,0,300,0.5,1700,0.5,0
3,7,511,0,0,500,0.6,1000,0.2,1400,0.2,1
3,8,125,1,0,500,0.6,1000,0.2,1400,0.2,1
3,9,781,1,0,500,0.6,1000,0.2,1400,0.2,1
3,10,754,1,0,300,0.5,1700,0.5,0
3,11,136,0,0,300,0.5,1700,0.5,0
3,12,885,1,0,500,0.6,1000,0.2,1400,0.2,2
3,13,595,2,10,5,0,300,0.5,1700,0.5,0
3,14,411,2,10,5,0,300,0.5,1700,0.5,1
4,0,341,1,0,500,0.6,1000,0.2,1400,0.2,2
4,1,879,2,10,5,0,500,0.6,1000,0.2,1400,0.2,2
4,2,691,2,10,5,0,500,0.6,1000,0.2,1400,0.2,0
4,3,732,1,0,300,0.5,1700,0.5,1
4,4,450,0,0,300,0.5,1700,0.5,0
4,5,784,1,0,300,0.5,1700,0.5,0
4,6,232,1,0,300,0.5,1700,0.5,0
4,7,430,2,10,5,0,300,0.5,1700,0.5,2
4,8,636,1,0,500,0.6,1000,0.2,1400,0.2,2
4,9,518,2,10,5,0,500,0.6,1000,0.2,1400,0.2,2
4,10,478,2,10,5,0,300,0.5,1700,0.5,1
4,11,528,0,0,300,0.5,1700,0.5,2
4,12,10,1,0,300,0.5,1700,0.5,0
4,13,65,0,0,300,0.5,1700,0.5,0
4,14,730,2,10,5,0,500,0.6,1000,0.2,1400,0.2,1
5,0,145,0,0,300,0.5,1700,0.5,2
5,1,288,2,10,5,0,500,0.6,1000,0.2,1400,0.2,2
5,2,321,0,0,300,0.5,1700,0.5,2
5,3,771,0,0,300,0.5,1700,0.5,2
5,4,962,1,0,500,0.6,1000,0.2,1400,0.2,2
5,5,524,2,10,5,0,500,0.6,1000,0.2,1400,0.2,0
5,6,33,1,0,500,0.6,1000,0.2,1400,0.2,0
5,7,222,0,0,300,0.5,1700,0.5,2
5,8,331,0,0,500,0.6,1000,0.2,1400,0.2,0
5,9,329,2,10,5,0,500,0.6,1000,0.2,1400,0.2,0
5,10,257,0,0,300,0.5,1700,0.5,0
5,11,757,2,10,5,0,300,0.5,1700,0.5,2
5,12,536,2,10,5,0,300,0.5,1700,0.5,0
5,13,255,1,0,300,0.5,1700,0.5,2
5,14,966,1,0,300,0.5,1700,0.5,0
6,0,641,2,10,5,0,300,0.5,1700,0.5,2
6,1,663,0,0,500,0.6,1000,0.2,1400,0.2,2
6,2,137,0,0,300,0.5,1700,0.5,1
6,3,802,0,0,500,0.6,1000,0.2,1400,0.2,2
6,4,749,2,10,5,0,500,0.6,1000,0.2,1400,0.2,0
6,5,957,1,0,500,0.6,1000,0.2,1400,0.2,0
6,6,12,1,0,500,0.6,1000,0.2,1400,0.2,1
6,7,997,2,10,5,0,500,0.6,1000,0.2,1400,0.2,2
6,8,76,0,0,500,0.6,1000,0.2,1400,0.2,2
6,9,964,1,0,500,0.6,1000,0.2,1400,0.2,2
6,10,466,1,0,300,0.5,1700,0.5,0
6,11,633,1,0,500,0.6,1000,0.2,1400,0.2,1
6,12,440,0,0,500,0.6,1000,0.2,1400,0.2,0
6,13,164,2,10,5,0,300,0.5,1700,0.5,2
6,14,710,0,0,500,0.6,1000,0.2,1400,0.2,1
7,0,296,1,0,300,0.5,1700,0.5,2
7,1,857,0,0,300,0.5,1700,0.5,1
7,2,322,1,0,500,0.6,1000,0.2,1400,0.2,1
7,3,473,2,10,5,0,300,0.5,1700,0.5,1
7,4,932,2,10,5,0,500,0.6,1000,0.2,1400,0.2,2
7,5,528,2,10,5,0,500,0.6,1000,0.2,1400,0.2,0
7,6,458,1,0,500,0.6,1000,0.2,1400,0.2,2
7,7,328,1,0,500,0.6,1000,0.2,1400,0.2,2
7,8,369,1,0,300,0.5,1700,0.5,1
7,9,168,0,0,300,0.5,1700,0.5,2
7,10,639,1,0,500,0.6,1000,0.2,1400,0.2,1
7,11,66,2,10,5,0,300,0.5,1700,0.5,2
7,12,74,0,0,300,0.5,1700,0.5,2
7,13,904,2,10,5,0,300,0.5,1700,0.5,1
7,14,523,2,10,5,0,300,0.5,1700,0.5,1
8,0,636,1,0,500,0.6,1000,0.2,1400,0.2,1
8,1,666,1,0,500,0.6,1000,0.2,1400,0.2,0
8,2,546,2,10,5,0,300,0.5,1700,0.5,1
8,3,212,1,0,500,0.6,1000,0.2,1400,0.2,2
8,4,484,0,0,300,0.5,1700,0.5,1
8,5,537,1,0,300,0.5,1700,0.5,2
8,6,341,2,10,5,0,500,0.6,1000,0.2,1400,0.2,0
8,7,289,2,10,5,0,300,0.5,1700,0.5,0
8,8,709,1,0,500,0.6,1000,0.2,1400,0.2,0
8,9,480,0,0,300,0.5,1700,0.5,1
8,10,395,0,0,500,0.6,1000,0.2,1400,0.2,2
8,11,375,1,0,500,0.6,1000,0.2,1400,0.2,1
8,12,568,2,10,5,0,300,0.5,1700,0.5,1
8,13,750,1,0,500,0.6,1000,0.2,1400,0.2,0
8,14,192,2,10,5,0,500,0.6,1000,0.2,1400,0.2,0
9,0,976,2,10,5,0,300,0.5,1700,0.5,0
9,1,587,2,10,5,0,300,0.5,1700,0.5,0
9,2,425,2,10,5,0,500,0.6,1000,0.2,1400,0.2,2
9,3,303,0,0,500,0.6,1000,0.2,1400,0.2,2
9,4,362,1,0,500,0.6,1000,0.2,1400,0.2,2
9,5,708,0,0,500,0.6,1000,0.2,1400,0.2,2
9,6,795,2,10,5,0,500,0.6,1000,0.2,1400,0.2,1
9,7,828,2,10,5,0,300,0.5,1700,0.5,2
9,8,349,1,0,500,0.6,1000,0.2,1400,0.2,2
9,9,48,1,0,500,0.6,1000,0.2,1400,0.2,2
9,10,719,1,0,500,0.6,1000,0.2,1400,0.2,1
9,11,861,1,0,500,0.6,1000,0.2,1400,0.2,2
9,12,146,2,10,5,0,300,0.5,1700,0.5,1
9,13,242,2,10,5,0,500,0.6,1000,0.2,1400,0.2,1
9,14,311,1,0,300,0.5,1700,0.5,0
10,0,256,2,10,5,0,500,0.6,1000,0.2,1400,0.2,0
10,1,529,1,0,300,0.5,1700,0.5,1
10,2,210,0,0,300,0.5,1700,0.5,1
10,3,954,0,0,300,0.5,1700,0.5,0
10,4,998,1,0,300,0.5,1700,0.5,1
10,5,878,1,0,300,0.5,1700,0.5,0
10,6,101,2,10,5,0,500,0.6,1000,0.2,1400,0.2,0
10,7,612,0,0,500,0.6,1000,0.2,1400,0.2,1
10,8,822,2,10,5,0,500,0.6,1000,0.2,1400,0.2,0
10,9,615,1,0,500,0.6,1000,0.2,1400,0.2,1
10,10,618,0,0,300,0.5,1700,0.5,2
10,11,495,0,0,500,0.6,1000,0.2,1400,0.2,0
10,12,616,2,10,5,0,300,0.5,1700,0.5,2
10,13,396,1,0,300,0.5,1700,0.5,2
10,14,976,1,0,300,0.5,1700,0.5,0
11,0,727,2,10,5,0,300,0.5,1700,0.5,0
11,1,745,0,0,300,0.5,1700,0.5,0
11,2,164,0,0,500,0.6,1000,0.2,1400,0.2,0
11,3,838,1,0,300,0.5,1700,0.5,0
11,4,159,2,10,5,0,500,0.6,1000,0.2,1400,0.2,0
11,5,852,2,10,5,0,300,0.5,1700,0.5,2
11,6,636,2,10,5,0,300,0.5,1700,0.5,2
11,7,824,2,10,5,0,500,0.6,1000,0.2,1400,0.2,1
11,8,14,2,10,5,0,300,0.5,1700,0.5,0
11,9,530,2,10,5,0,500,0.6,1000,0.2,1400,0.2,1
11,10,808,1,0,300,0.5,1700,0.5,2
11,11,293,2,10,5,0,300,0.5,1700,0.5,1
11,12,468,2,10,5,0,300,0.5,1700,0.5,0
11,13,951,0,0,500,0.6,1000,0.2,1400,0.2,2
11,14,763,1,0,500,0.6,1000,0.2,1400,0.2,1
12,0,986,1,0,500,0.6,1000,0.2,1400,0.2,0
12,1,571,2,10,5,0,300,0.5,1700,0.5,0
12,2,507,2,10,5,0,300,0.5,1700,0.5,1
12,3,756,0,0,500,0.6,1000,0.2,1400,0.2,1
12,4,470,1,0,300,0.5,1700,0.5,2
12,5,497,0,0,500,0.6,1000,0.2,1400,0.2,0
12,6,316,0,0,500,0.6,1000,0.2,1400,0.2,2
12,7,887,0,0,300,0.5,1700,0.5,2
12,8,305,1,0,500,0.6,1000,0.2,1400,0.2,1
12,9,891,1,0,300,0.5,1700,0.5,1
12,10,307,0,0,300,0.5,1700,0.5,1
12,11,387,2,10,5,0,500,0.6,1000,0.2,1400,0.2,1
12,12,181,2,10,5,0,500,0.6,1000,0.2,1400,0.2,0
12,13,476,2,10,5,0,300,0.5,1700,0.5,0
12,14,108,1,0,500,0.6,1000,0.2,1400,0.2,2
13,0,744,0,0,500,0.6,1000,0.2,1400,0.2,2
13,1,96,1,0,500,0.6,1000,0.2,1400,0.2,1
13,2,39,0,0,300,0.5,1700,0.5,1
13,3,547,1,0,500,0.6,1000,0.2,1400,0.2,1
13,4,340,2,10,5,0,500,0.6,1000,0.2,1400,0.2,0
13,5,479,1,0,500,0.6,1000,0.2,1400,0.2,1
13,6,630,0,0,300,0.5,1700,0.5,2
13,7,961,1,0,500,0.6,1000,0.2,1400,0.2,1
13,8,100,2,10,5,0,500,0.6,1000,0.2,1400,0.2,0
13,9,793,0,0,500,0.6,1000,0.2,1400,0.2,1
13,10,768,2,10,5,0,500,0.6,1000,0.2,1400,0.2,0
13,11,679,1,0,500,0.6,1000,0.2,1400,0.2,0
13,12,211,0,0,500,0.6,1000,0.2,1400,0.2,0
13,13,909,1,0,300,0.5,1700,0.5,1
13,14,955,0,0,500,0.6,1000,0.2,1400,0.2,1
14,0,336,2,10,5,0,500,0.6,1000,0.2,1400,0.2,1
14,1,994,1,0,300,0.5,1700,0.5,1
14,2,521,2,10,5,0,500,0.6,1000,0.2,1400,0.2,0
14,3,867,2,10,5,0,300,0.5,1700,0.5,1
14,4,680,1,0,500,0.6,1000,0.2,1400,0.2,0
14,5,81,2,10,5,0,500,0.6,1000,0.2,1400,0.2,2
14,6,911,2,10,5,0,300,0.5,1700,0.5,2
14,7,685,1,0,500,0.6,1000,0.2,1400,0.2,2
14,8,541,0,0,300,0.5,1700,0.5,1
14,9,524,1,0,500,0.6,1000,0.2,1400,0.2,0
14,10,105,0,0,500,0.6,1000,0.2,1400,0.2,2
14,11,938,2,10,5,0,300,0.5,1700,0.5,0
14,12,737,2,10,5,0,300,0.5,1700,0.5,1
14,13,12,2,10,5,0,300,0.5,1700,0.5,0
14,14,215,1,0,300,0.5,1700,0.5,1
