0,0,783,1,0,500,0.6,1000,0.2,1400,0.2,1
0,1,404,1,0,300,0.5,1700,0.5,1
0,2,269,0,0,300,0.5,1700,0.5,1
0,3,640,0,0,500,0.6,1000,0.2,1400,0.2,1
0,4,728,0,0,300,0.5,1700,0.5,0
0,5,219,2,10,5,0,500,0.6,1000,0.2,1400,0.2,2
0,6,805,0,0,300,0.5,1700,0.5,2
0,7,575,2,10,5,0,500,0.6,1000,0.2,1400,0.2,0
0,8,165,0,0,500,0.6,1000,0.2,1400,0.2,1
0,9,498,2,10,5,0,300,0.5,1700,0.5,1
0,10,164,1,0,500,0.6,1000,0.2,1400,0.2,1
0,11,673,1,0,500,0.6,1000,0.2,1400,0.2,0
0,12,193,1,0,500,0.6,1000,0.2,1400,0.2,0
0,13,636,0,0,500,0.6,1000,0.2,1400,0.2,2
0,14,162,1,0,500,0.6,1000,0.2,1400,0.2,2
1,0,75,0,0,500,0.6,1000,0.2,1400,0.2,2
1,1,780,0,0,500,0.6,1000,0.2,1400,0.2,1
1,2,723,2,10,5,0,500,0.6,1000,0.2,1400,0.2,2
1,3,956,1,0,300,0.5,1700,0.5,1
1,4,778,0,0,500,0.6,1000,0.2,1400,0.2,1
1,5,590,1,0,300,0.5,1700,0.5,1
1,6,21,1,0,500,0.6,1000,0.2,1400,0.2,1
1,7,73,0,0,300,0.5,1700,0.5,1
1,8,311,2,10,5,0,500,0.6,1000,0.2,1400,0.2,1
1,9,715,2,10,5,0,300,0.5,1700,0.5,2
1,10,417,1,0,500,0.6,1000,0.2,1400,0.2,2
1,11,428,1,0,300,0.5,1700,0.5,0
1,12,465,1,0,500,0.6,1000,0.2,1400,0.2,0
1,13,836,0,0,500,0.6,1000,0.2,1400,0.2,1
1,14,99,0,0,500,0.6,1000,0.2,1400,0.2,0
2,0,118,1,0,500,0.6,1000,0.2,1400,0.2,0
2,1,751,0,0,500,0.6,1000,0.2,1400,0.2,1
2,2,861,2,10,5,0,500,0.6,1000,0.2,1400,0.2,0
2,3,44,2,10,5,0,300,0.5,1700,0.5,0
2,4,15,2,10,5,0,300,0.5,1700,0.5,1
2,5,868,2,10,5,0,500,0.6,1000,0.2,1400,0.2,2
2,6,142,0,0,500,0.6,1000,0.2,1400,0.2,2
2,7,652,1,0,300,0.5,1700,0.5,2
2,8,103,1,0,300,0.5,1700,0.5,0
2,9,526,1,0,500,0.6,1000,0.2,1400,0.2,2
2,10,328,2,10,5,0,300,0.5,1700,0.5,1
2,11,176,0,0,500,0.6,1000,0.2,1400,0.2,2
2,12,910,1,0,300,0.5,1700,0.5,2
2,13,402,1,0,500,0.6,1000,0.2,1400,0.2,2
2,14,435,2,10,5,0,500,0.6,1000,0.2,1400,0.2,0
3,0,838,2,10,5,0,300,0.5,1700,0.5,1
3,1,80,1,0,300,0.5,1700,0.5,2
3,2,676,1,0,300,0.5,1700,0.5,0
3,3,530,2,10,5,0,300,0.5,1700,0.5,0
3,4,518,0,0,300,0.5,1700,0.5,1
3,5,774,1,0,500,0.6,1000,0.2,1400,0.2,1
3,6,497,2,10,5,0,500,0.6,1000,0.2,1400,0.2,1
3,7,468,0,0,300,0.5,1700,0.5,2
3,8,306,2,10,5,0,300,0.5,1700,0.5,2
3,9,389,0,0,500,0.6,1000,0.2,1400,0.2,1
3,10,387,0,0,300,0.5,1700,0.5,0
3,11,580,2,10,5,0,300,0.5,1700,0.5,2
3,12,669,0,0,500,0.6,1000,0.2,1400,0.2,2
3,13,708,0,0,500,0.6,1000,0.2,1400,0.2,0
3,14,295,2,10,5,0,300,0.5,1700,0.5,1
4,0,384,2,10,5,0,500,0.6,1000,0.2,1400,0.2,1
4,1,45,2,10,5,0,500,0.6,1000,0.2,1400,0.2,1
4,2,568,0,0,300,0.5,1700,0.5,2
4,3,747,1,0,300,0.5,1700,0.5,2
4,4,588,2,10,5,0,300,0.5,1700,0.5,2
4,5,455,2,10,5,0,300,0.5,1700,0.5,1
4,6,237,1,0,300,0.5,1700,0.5,2
4,7,946,2,10,5,0,500,0.6,1000,0.2,1400,0.2,2
4,8,488,0,0,300,0.5,1700,0.5,1
4,9,705,0,0,500,0.6,1000,0.2,1400,0.2,2
4,10,120,1,0,500,0.6,1000,0.2,1400,0.2,0
4,11,387,1,0,300,0.5,1700,0.5,0
4,12,303,1,0,500,0.6,1000,0.2,1400,0.2,2
4,13,978,0,0,300,0.5,1700,0.5,1
4,14,459,1,0,500,0.6,1000,0.2,1400,0.2,2
5,0,431,0,0,300,0.5,1700,0.5,2
5,1,752,1,0,500,0.6,1000,0.2,1400,0.2,1
5,2,805,2,10,5,0,500,0.6,1000,0.2,1400,0.2,2
5,3,568,2,10,5,0,300,0.5,1700,0.5,2
5,4,816,1,0,300,0.5,1700,0.5,2
5,5,744,0,0,300,0.5,1700,0.5,2
5,6,632,2,10,5,0,300,0.5,1700,0.5,0
5,7,643,1,0,500,0.6,1000,0.2,1400,0.2,2
5,8,42,1,0,500,0.6,1000,0.2,1400,0.2,2
5,9,565,2,10,5,0,500,0.6,1000,0.2,1400,0.2,0
5,10,546,1,0,300,0.5,1700,0.5,0
5,11,812,2,10,5,0,500,0.6,1000,0.2,1400,0.2,2
5,12,667,0,0,300,0.5,1700,0.5,0
5,13,151,1,0,300,0.5,1700,0.5,1
5,14,149,2,10,5,0,500,0.6,1000,0.2,1400,0.2,2
6,0,705,1,0,300,0.5,1700,0.5,1
6,1,679,1,0,500,0.6,1000,0.2,1400,0.2,1
6,2,754,1,0,300,0.5,1700,0.5,0
6,3,324,2,10,5,0,500,0.6,1000,0.2,1400,0.2,0
6,4,487,1,0,500,0.6,1000,0.2,1400,0.2,1
6,5,834,1,0,500,0.6,1000,0.2,1400,0.2,2
6,6,678,0,0,300,0.5,1700,0.5,1
6,7,66,2,10,5,0,300,0.5,1700,0.5,1
6,8,552,0,0,500,0.6,1000,0.2,1400,0.2,1
6,9,947,1,0,300,0.5,1700,0.5,0
6,10,937,0,0,300,0.5,1700,0.5,0
6,11,389,0,0,500,0.6,1000,0.2,1400,0.2,2
6,12,877,1,0,500,0.6,1000,0.2,1400,0.2,1
6,13,156,0,0,300,0.5,1700,0.5,0
6,14,292,0,0,300,0.5,1700,0.5,2
7,0,922,0,0,300,0.5,1700,0.5,2
7,1,457,1,0,500,0.6,1000,0.2,1400,0.2,2
7,2,268,2,10,5,0,300,0.5,1700,0.5,2
7,3,287,0,0,300,0.5,1700,0.5,1
7,4,809,1,0,500,0.6,1000,0.2,1400,0.2,2
7,5,906,2,10,5,0,500,0.6,1000,0.2,1400,0.2,1
7,6,432,1,0,300,0.5,1700,0.5,1
7,7,347,0,0,500,0.6,1000,0.2,1400,0.2,1
7,8,44,2,10,5,0,500,0.6,1000,0.2,1400,0.2,0
7,9,277,2,10,5,0,500,0.6,1000,0.2,1400,0.2,0
7,10,700,0,0,300,0.5,1700,0.5,1
7,11,827,0,0,300,0.5,1700,0.5,2
7,12,237,2,10,5,0,500,0.6,1000,0.2,1400,0.2,1
7,13,649,0,0,300,0.5,1700,0.5,2
7,14,969,0,0,300,0.5,1700,0.5,2
8,0,315,1,0,500,0.6,1000,0.2,1400,0.2,0
8,1,373,2,10,5,0,500,0.6,1000,0.2,1400,0.2,0
8,2,354,0,0,500,0.6,1000,0.2,1400,0.2,1
8,3,110,0,0,500,0.6,1000,0.2,1400,0.2,0
8,4,729,2,10,5,0,300,0.5,1700,0.5,1
8,5,801,1,0,500,0.6,1000,0.2,1400,0.2,1
8,6,201,1,0,300,0.5,1700,0.5,1
8,7,188,2,10,5,0,300,0.5,1700,0.5,2
8,8,341,0,0,500,0.6,1000,0.2,1400,0.2,1
8,9,380,2,10,5,0,500,0.6,1000,0.2,1400,0.2,1
8,10,653,2,10,5,0,300,0.5,1700,0.5,2
8,11,779,2,10,5,0,300,0.5,1700,0.5,2
8,12,231,0,0,500,0.6,1000,0.2,1400,0.2,2
8,13,72,2,10,5,0,500,0.6,1000,0.2,1400,0.2,1
8,14,977,0,0,500,0.6,1000,0.2,1400,0.2,0
9,0,686,2,10,5,0,500,0.6,1000,0.2,1400,0.2,1
9,1,769,1,0,300,0.5,1700,0.5,0
9,2,162,2,10,5,0,300,0.5,1700,0.5,1
9,3,58,2,10,5,0,300,0.5,1700,0.5,0
9,4,676,1,0,300,0.5,1700,0.5,0
9,5,809,1,0,500,0.6,1000,0.2,1400,0.2,1
9,6,393,2,10,5,0,500,0.6,1000,0.2,1400,0.2,1
9,7,502,2,10,5,0,300,0.5,1700,0.5,2
9,8,872,0,0,500,0.6,1000,0.2,1400,0.2,2
9,9,514,1,0,300,0.5,1700,0.5,2
9,10,654,0,0,500,0.6,1000,0.2,1400,0.2,1
9,11,545,0,0,500,0.6,1000,0.2,1400,0.2,0
9,12,292,0,0,300,0.5,1700,0.5,2
9,13,161,2,10,5,0,500,0.6,1000,0.2,1400,0.2,0
9,14,903,1,0,500,0.6,1000,0.2,1400,0.2,0
10,0,688,2,10,5,0,500,0.6,1000,0.2,1400,0.2,0
10,1,397,1,0,500,0.6,1000,0.2,1400,0.2,1
10,2,52,0,0,300,0.5,1700,0.5,1
10,3,416,0,0,300,0.5,1700,0.5,0
10,4,295,2,10,5,0,500,0.6,1000,0.2,1400,0.2,2
10,5,250,0,0,300,0.5,1700,0.5,2
10,6,759,1,0,300,0.5,1700,0.5,1
10,7,388,1,0,500,0.6,1000,0.2,1400,0.2,1
10,8,709,1,0,300,0.5,1700,0.5,2
10,9,944,0,0,500,0.6,1000,0.2,1400,0.2,1
10,10,643,2,10,5,0,300,0.5,1700,0.5,0
10,11,451,1,0,300,0.5,1700,0.5,0
10,12,471,0,0,300,0.5,1700,0.5,2
10,13,867,2,10,5,0,300,0.5,1700,0.5,0
10,14,204,1,0,300,0.5,1700,0.5,1
11,0,589,1,0,500,0.6,1000,0.2,1400,0.2,2
11,1,36,2,10,5,0,300,0.5,1700,0.5,2
11,2,987,2,10,5,0,500,0.6,1000,0.2,1400,0.2,1
11,3,883,0,0,300,0.5,1700,0.5,0
11,4,897,2,10,5,0,300,0.5,1700,0.5,1
11,5,784,2,10,5,0,300,0.5,1700,0.5,1
11,6,637,0,0,300,0.5,1700,0.5,0
11,7,986,1,0,500,0.6,1000,0.2,1400,0.2,1
11,8,921,1,0,500,0.6,1000,0.2,1400,0.2,1
11,9,722,0,0,500,0.6,1000,0.2,1400,0.2,2
11,10,18,0,0,500,0.6,1000,0.2,1400,0.2,0
11,11,202,1,0,300,0.5,1700,0.5,0
11,12,187,2,10,5,0,500,0.6,1000,0.2,1400,0.2,1
11,13,529,2,10,5,0,500,0.6,1000,0.2,1400,0.2,1
11,14,552,0,0,300,0.5,1700,0.5,1
12,0,783,1,0,300,0.5,1700,0.5,1
12,1,407,2,10,5,0,300,0.5,1700,0.5,1
12,2,414,0,0,500,0.6,1000,0.2,1400,0.2,2
12,3,802,1,0,500,0.6,1000,0.2,1400,0.2,2
12,4,489,2,10,5,0,300,0.5,1700,0.5,2
12,5,258,1,0,300,0.5,1700,0.5,2
12,6,26,0,0,500,0.6,1000,0.2,1400,0.2,0
12,7,976,0,0,300,0.5,1700,0.5,0
12,8,124,1,0,500,0.6,1000,0.2,1400,0.2,0
12,9,679,2,10,5,0,500,0.6,1000,0.2,1400,0.2,0
12,10,545,2,10,5,0,300,0.5,1700,0.5,1
12,11,928,2,10,5,0,300,0.5,1700,0.5,1
12,12,615,2,10,5,0,300,0.5,1700,0.5,0
12,13,34,1,0,300,0.5,1700,0.5,1
12,14,622,2,10,5,0,300,0.5,1700,0.5,0
13,0,650,1,0,300,0.5,1700,0.5,0
13,1,901,0,0,300,0.5,1700,0.5,2
13,2,26,2,10,5,0,500,0.6,1000,0.2,1400,0.2,2
13,3,131,0,0,500,0.6,1000,0.2,1400,0.2,1
13,4,291,2,10,5,0,500,0.6,1000,0.2,1400,0.2,2
13,5,762,2,10,5,0,500,0.6,1000,0.2,1400,0.2,2
13,6,824,1,0,300,0.5,1700,0.5,2
13,7,856,0,0,300,0.5,1700,0.5,2
13,8,894,2,10,5,0,500,0.6,1000,0.2,1400,0.2,2
13,9,672,2,10,5,0,300,0.5,1700,0.5,2
13,10,714,2,10,5,0,300,0.5,1700,0.5,1
13,11,384,1,0,300,0.5,1700,0.5,0
13,12,162,0,0,300,0.5,1700,0.5,1
13,13,574,0,0,500,0.6,1000,0.2,1400,0.2,0
13,14,282,1,0,300,0.5,1700,0.5,0
14,0,753,1,0,300,0.5,1700,0.5,2
14,1,994,1,0,300,0.5,1700,0.5,2
14,2,857,0,0,500,0.6,1000,0.2,1400,0.2,0
14,3,952,1,0,300,0.5,1700,0.5,2
14,4,556,2,10,5,0,300,0.5,1700,0.5,0
14,5,64,0,0,500,0.6,1000,0.2,1400,0.2,2
14,6,805,2,10,5,0,500,0.6,1000,0.2,1400,0.2,2
14,7,621,1,0,300,0.5,1700,0.5,2
14,8,584,1,0,500,0.6,1000,0.2,1400,0.2,0
14,9,618,2,10,5,0,500,0.6,1000,0.2,1400,0.2,2
14,10,339,1,0,500,0.6,1000,0.2,1400,0.2,2
14,11,996,2,10,5,0,300,0.5,1700,0.5,0
14,12,173,2,10,5,0,500,0.6,1000,0.2,1400,0.2,1
14,13,923,0,0,300,0.5,1700,0.5,1
14,14,469,0,0,300,0.5,1700,0.5,2
