0,0,473,0,0,300,0.5,1700,0.5,1
0,1,746,1,0,500,0.6,1000,0.2,1400,0.2,1
0,2,749,0,0,300,0.5,1700,0.5,2
0,3,279,2,10,5,0,500,0.6,1000,0.2,1400,0.2,1
0,4,845,2,10,5,0,500,0.6,1000,0.2,1400,0.2,0
0,5,613,1,0,500,0.6,1000,0.2,1400,0.2,1
0,6,131,0,0,300,0.5,1700,0.5,2
0,7,803,1,0,500,0.6,1000,0.2,1400,0.2,1
0,8,859,0,0,300,0.5,1700,0.5,1
0,9,71,2,10,5,0,300,0.5,1700,0.5,0
0,10,549,1,0,300,0.5,1700,0.5,0
0,11,949,1,0,300,0.5,1700,0.5,0
0,12,478,0,0,500,0.6,1000,0.2,1400,0.2,2
0,13,99,1,0,500,0.6,1000,0.2,1400,0.2,0
0,14,208,0,0,300,0.5,1700,0.5,2
1,0,740,0,0,300,0.5,1700,0.5,0
1,1,749,1,0,300,0.5,1700,0.5,1
1,2,942,2,10,5,0,300,0.5,1700,0.5,1
1,3,891,0,0,500,0.6,1000,0.2,1400,0.2,0
1,4,553,1,0,500,0.6,1000,0.2,1400,0.2,1
1,5,923,2,10,5,0,500,0.6,1000,0.2,1400,0.2,1
1,6,926,1,0,500,0.6,1000,0.2,1400,0.2,2
1,7,944,0,0,500,0.6,1000,0.2,1400,0.2,2
1,8,30,0,0,300,0.5,1700,0.5,0
1,9,617,0,0,300,0.5,1700,0.5,1
1,10,50,2,10,5,0,300,0.5,1700,0.5,0
1,11,479,2,10,5,0,300,0.5,1700,0.5,1
1,12,591,2,10,5,0,500,0.6,1000,0.2,1400,0.2,0
1,13,734,2,10,5,0,500,0.6,1000,0.2,1400,0.2,2
1,14,889,0,0,300,0.5,1700,0.5,1
2,0,910,2,10,5,0,300,0.5,1700,0.5,1
2,1,861,2,10,5,0,300,0.5,1700,0.5,0
2,2,722,1,0,500,0.6,1000,0.2,1400,0.2,0
2,3,896,2,10,5,0,300,0.5,1700,0.5,1
2,4,87,0,0,300,0.5,1700,0.5,0
2,5,954,2,10,5,0,500,0.6,1000,0.2,1400,0.2,0
2,6,531,1,0,300,0.5,1700,0.5,0
2,7,964,2,10,5,0,300,0.5,1700,0.5,2
2,8,629,2,10,5,0,300,0.5,1700,0.5,0
2,9,732,0,0,500,0.6,1000,0.2,1400,0.2,2
2,10,903,2,10,5,0,300,0.5,1700,0.5,0
2,11,244,2,10,5,0,500,0.6,1000,0.2,1400,0.2,1
2,12,725,0,0,300,0.5,1700,0.5,2
2,13,87,0,0,500,0.6,1000,0.2,1400,0.2,1
2,14,184,0,0,500,0.6,1000,0.2,1400,0.2,2
3,0,941,2,10,5,0,500,0.6,1000,0.2,1400,0.2,0
3,1,824,0,0,300,0.5,1700,0.5,2
3,2,635,0,0,300,0.5,1700,0.5,0
3,3,634,2,10,5,0,500,0.6,1000,0.2,1400,0.2,0
3,4,65,2,10,5,0,300,0.5,1700,0.5,0
3,5,627,0,0,500,0.6,1000,0.2,1400,0.2,1
3,6,676,2,10,5,0,500,0.6,1000,0.2,1400,0.2,1
3,7,610,1,0,500,0.6,1000,0.2,1400,0.2,2
3,8,693,2,10,5,0,300,0.5,1700,0.5,1
3,9,627,0,0,500,0.6,1000,0.2,1400,0.2,1
3,10,796,1,0,300,0.5,1700,0.5,2
3,11,285,1,0,500,0.6,1000,0.2,1400,0.2,1
3,12,250,1,0,500,0.6,1000,0.2,1400,0.2,0
3,13,733,1,0,300,0.5,1700,0.5,0
3,14,472,0,0,500,0.6,1000,0.2,1400,0.2,0
4,0,44,0,0,300,0.5,1700,0.5,1
4,1,609,1,0,500,0.6,1000,0.2,1400,0.2,0
4,2,841,1,0,300,0.5,1700,0.5,0
4,3,830,2,10,5,0,500,0.6,1000,0.2,1400,0.2,1
4,4,483,0,0,300,0.5,1700,0.5,2
4,5,243,0,0,500,0.6,1000,0.2,1400,0.2,1
4,6,595,2,10,5,0,500,0.6,1000,0.2,1400,0.2,1
4,7,606,2,10,5,0,500,0.6,1000,0.2,1400,0.2,2
4,8,706,1,0,500,0.6,1000,0.2,1400,0.2,1
4,9,305,1,0,500,0.6,1000,0.2,1400,0.2,1
4,10,329,1,0,300,0.5,1700,0.5,1
4,11,464,1,0,300,0.5,1700,0.5,1
4,12,216,0,0,300,0.5,1700,0.5,0
4,13,558,2,10,5,0,500,0.6,1000,0.2,1400,0.2,2
4,14,133,1,0,500,0.6,1000,0.2,1400,0.2,1
5,0,656,0,0,500,0.6,1000,0.2,1400,0.2,0
5,1,237,1,0,300,0.5,1700,0.5,2
5,2,734,2,10,5,0,500,0.6,1000,0.2,1400,0.2,1
5,3,143,2,10,5,0,500,0.6,1000,0.2,1400,0.2,2
5,4,251,2,10,5,0,500,0.6,1000,0.2,1400,0.2,2
5,5,273,1,0,300,0.5,1700,0.5,2
5,6,592,2,10,5,0,300,0.5,1700,0.5,0
5,7,913,0,0,300,0.5,1700,0.5,1
5,8,122,1,0,300,0.5,1700,0.5,1
5,9,53,2,10,5,0,500,0.6,1000,0.2,1400,0.2,0
5,10,599,1,0,500,0.6,1000,0.2,1400,0.2,2
5,11,782,0,0,500,0.6,1000,0.2,1400,0.2,1
5,12,679,2,10,5,0,300,0.5,1700,0.5,2
5,13,288,2,10,5,0,300,0.5,1700,0.5,1
5,14,854,1,0,300,0.5,1700,0.5,2
6,0,433,0,0,500,0.6,1000,0.2,1400,0.2,2
6,1,937,1,0,500,0.6,1000,0.2,1400,0.2,0
6,2,223,2,10,5,0,300,0.5,1700,0.5,1
6,3,617,1,0,300,0.5,1700,0.5,1
6,4,240,0,0,500,0.6,1000,0.2,1400,0.2,2
6,5,907,0,0,300,0.5,1700,0.5,2
6,6,138,2,10,5,0,500,0.6,1000,0.2,1400,0.2,1
6,7,327,2,10,5,0,500,0.6,1000,0.2,1400,0.2,0
6,8,814,0,0,300,0.5,1700,0.5,2
6,9,997,1,0,300,0.5,1700,0.5,1
6,10,588,2,10,5,0,300,0.5,1700,0.5,1
6,11,647,2,10,5,0,300,0.5,1700,0.5,1
6,12,242,2,10,5,0,500,0.6,1000,0.2,1400,0.2,2
6,13,478,2,10,5,0,500,0.6,1000,0.2,1400,0.2,0
6,14,730,0,0,300,0.5,1700,0.5,1
7,0,422,0,0,300,0.5,1700,0.5,1
7,1,314,1,0,500,0.6,1000,0.2,1400,0.2,2
7,2,588,1,0,500,0.6,1000,0.2,1400,0.2,1
7,3,764,0,0,500,0.6,1000,0.2,1400,0.2,1
7,4,851,2,10,5,0,500,0.6,1000,0.2,1400,0.2,0
7,5,394,2,10,5,0,500,0.6,1000,0.2,1400,0.2,1
7,6,777,0,0,300,0.5,1700,0.5,2
7,7,133,2,10,5,0,500,0.6,1000,0.2,1400,0.2,1
7,8,885,0,0,300,0.5,1700,0.5,2
7,9,802,2,10,5,0,500,0.6,1000,0.2,1400,0.2,2
7,10,151,2,10,5,0,300,0.5,1700,0.5,0
7,11,633,1,0,500,0.6,1000,0.2,1400,0.2,1
7,12,684,0,0,500,0.6,1000,0.2,1400,0.2,0
7,13,167,2,10,5,0,500,0.6,1000,0.2,1400,0.2,2
7,14,942,0,0,300,0.5,1700,0.5,2
8,0,796,2,10,5,0,500,0.6,1000,0.2,1400,0.2,0
8,1,384,1,0,500,0.6,1000,0.2,1400,0.2,2
8,2,558,1,0,500,0.6,1000,0.2,1400,0.2,1
8,3,545,1,0,500,0.6,1000,0.2,1400,0.2,0
8,4,857,1,0,500,0.6,1000,0.2,1400,0.2,0
8,5,812,2,10,5,0,300,0.5,1700,0.5,2
8,6,353,0,0,300,0.5,1700,0.5,2
8,7,144,2,10,5,0,300,0.5,1700,0.5,2
8,8,159,0,0,300,0.5,1700,0.5,1
8,9,561,1,0,300,0.5,1700,0.5,1
8,10,665,2,10,5,0,300,0.5,1700,0.5,0
8,11,999,1,0,300,0.5,1700,0.5,1
8,12,418,1,0,500,0.6,1000,0.2,1400,0.2,0
8,13,754,1,0,500,0.6,1000,0.2,1400,0.2,1
8,14,996,0,0,300,0.5,1700,0.5,2
9,0,302,0,0,500,0.6,1000,0.2,1400,0.2,2
9,1,300,0,0,500,0.6,1000,0.2,1400,0.2,2
9,2,923,0,0,500,0.6,1000,0.2,1400,0.2,0
9,3,794,1,0,300,0.5,1700,0.5,1
9,4,789,2,10,5,0,300,0.5,1700,0.5,0
9,5,886,0,0,300,0.5,1700,0.5,2
9,6,499,2,10,5,0,500,0.6,1000,0.2,1400,0.2,1
9,7,435,0,0,500,0.6,1000,0.2,1400,0.2,2
9,8,732,1,0,300,0.5,1700,0.5,2
9,9,788,1,0,300,0.5,1700,0.5,0
9,10,74,1,0,300,0.5,1700,0.5,0
9,11,46,2,10,5,0,300,0.5,1700,0.5,1
9,12,421,0,0,300,0.5,1700,0.5,0
9,13,678,2,10,5,0,500,0.6,1000,0.2,1400,0.2,1
9,14,998,0,0,500,0.6,1000,0.2,1400,0.2,0
10,0,446,0,0,300,0.5,1700,0.5,0
10,1,196,1,0,300,0.5,1700,0.5,0
10,2,61,0,0,500,0.6,1000,0.2,1400,0.2,1
10,3,165,1,0,500,0.6,1000,0.2,1400,0.2,1
10,4,650,1,0,500,0.6,1000,0.2,1400,0.2,1
10,5,23,0,0,500,0.6,1000,0.2,1400,0.2,0
10,6,474,0,0,300,0.5,1700,0.5,0
10,7,729,0,0,500,0.6,1000,0.2,1400,0.2,0
10,8,210,1,0,300,0.5,1700,0.5,2
10,9,828,2,10,5,0,300,0.5,1700,0.5,0
10,10,984,0,0,300,0.5,1700,0.5,2
10,11,978,1,0,300,0.5,1700,0.5,0
10,12,42,0,0,300,0.5,1700,0.5,0
10,13,966,1,0,500,0.6,1000,0.2,1400,0.2,0
10,14,236,0,0,300,0.5,1700,0.5,1
11,0,382,0,0,300,0.5,1700,0.5,1
11,1,589,1,0,500,0.6,1000,0.2,1400,0.2,0
11,2,103,1,0,300,0.5,1700,0.5,2
11,3,745,2,10,5,0,300,0.5,1700,0.5,0
11,4,554,1,0,500,0.6,1000,0.2,1400,0.2,1
11,5,862,0,0,300,0.5,1700,0.5,2
11,6,470,1,0,500,0.6,1000,0.2,1400,0.2,0
11,7,866,1,0,500,0.6,1000,0.2,1400,0.2,0
11,8,380,2,10,5,0,300,0.5,1700,0.5,2
11,9,596,2,10,5,0,500,0.6,1000,0.2,1400,0.2,1
11,10,779,0,0,500,0.6,1000,0.2,1400,0.2,1
11,11,514,0,0,500,0.6,1000,0.2,1400,0.2,0
11,12,111,0,0,500,0.6,1000,0.2,1400,0.2,2
11,13,893,1,0,500,0.6,1000,0.2,1400,0.2,2
11,14,789,2,10,5,0,500,0.6,1000,0.2,1400,0.2,2
12,0,206,2,10,5,0,500,0.6,1000,0.2,1400,0.2,2
12,1,575,2,10,5,0,300,0.5,1700,0.5,0
12,2,118,2,10,5,0,500,0.6,1000,0.2,1400,0.2,1
12,3,256,2,10,5,0,500,0.6,1000,0.2,1400,0.2,2
12,4,378,1,0,300,0.5,1700,0.5,1
12,5,776,0,0,300,0.5,1700,0.5,0
12,6,325,1,0,300,0.5,1700,0.5,0
12,7,58,1,0,500,0.6,1000,0.2,1400,0.2,1
12,8,268,2,10,5,0,300,0.5,1700,0.5,0
12,9,27,2,10,5,0,500,0.6,1000,0.2,1400,0.2,0
12,10,275,2,10,5,0,300,0.5,1700,0.5,2
12,11,158,1,0,500,0.6,1000,0.2,1400,0.2,2
12,12,353,0,0,500,0.6,1000,0.2,1400,0.2,0
12,13,554,2,10,5,0,500,0.6,1000,0.2,1400,0.2,2
12,14,738,0,0,500,0.6,1000,0.2,1400,0.2,1
13,0,559,0,0,500,0.6,1000,0.2,1400,0.2,0
13,1,908,0,0,500,0.6,1000,0.2,1400,0.2,0
13,2,874,0,0,300,0.5,1700,0.5,1
13,3,698,0,0,300,0.5,1700,0.5,2
13,4,96,0,0,300,0.5,1700,0.5,0
13,5,972,2,10,5,0,300,0.5,1700,0.5,0
13,6,344,2,10,5,0,300,0.5,1700,0.5,2
13,7,161,0,0,500,0.6,1000,0.2,1400,0.2,0
13,8,645,2,10,5,0,500,0.6,1000,0.2,1400,0.2,2
13,9,458,1,0,300,0.5,1700,0.5,1
13,10,987,0,0,300,0.5,1700,0.5,1
13,11,425,1,0,500,0.6,1000,0.2,1400,0.2,0
13,12,1000,2,10,5,0,300,0.5,1700,0.5,2
13,13,778,2,10,5,0,300,0.5,1700,0.5,1
13,14,793,0,0,500,0.6,1000,0.2,1400,0.2,1
14,0,770,0,0,500,0.6,1000,0.2,1400,0.2,2
14,1,180,0,0,500,0.6,1000,0.2,1400,0.2,2
14,2,505,0,0,300,0.5,1700,0.5,0
14,3,509,0,0,500,0.6,1000,0.2,1400,0.2,1
14,4,912,2,10,5,0,300,0.5,1700,0.5,0
14,5,911,2,10,5,0,500,0.6,1000,0.2,1400,0.2,0
14,6,474,0,0,500,0.6,1000,0.2,1400,0.2,2
14,7,391,0,0,300,0.5,1700,0.5,2
14,8,779,1,0,500,0.6,1000,0.2,1400,0.2,0
14,9,162,2,10,5,0,500,0.6,1000,0.2,1400,0.2,2
14,10,916,1,0,500,0.6,1000,0.2,1400,0.2,1
14,11,340,0,0,300,0.5,1700,0.5,0
14,12,471,1,0,500,0.6,1000,0.2,1400,0.2,0
14,13,906,0,0,500,0.6,1000,0.2,1400,0.2,0
14,14,28,0,0,500,0.6,1000,0.2,1400,0.2,0
