0,0,131,0,0,300,0.5,1700,0.5,1
0,1,707,1,0,300,0.5,1700,0.5,1
0,2,543,2,10,5,0,300,0.5,1700,0.5,0
0,3,899,0,0,500,0.6,1000,0.2,1400,0.2,0
0,4,574,0,0,300,0.5,1700,0.5,1
0,5,316,1,0,500,0.6,1000,0.2,1400,0.2,1
0,6,312,1,0,500,0.6,1000,0.2,1400,0.2,1
0,7,509,0,0,500,0.6,1000,0.2,1400,0.2,1
0,8,242,2,10,5,0,300,0.5,1700,0.5,1
0,9,115,0,0,300,0.5,1700,0.5,0
0,10,459,0,0,300,0.5,1700,0.5,1
0,11,404,0,0,500,0.6,1000,0.2,1400,0.2,2
0,12,632,2,10,5,0,500,0.6,1000,0.2,1400,0.2,1
0,13,266,2,10,5,0,500,0.6,1000,0.2,1400,0.2,1
0,14,266,0,0,500,0.6,1000,0.2,1400,0.2,1
1,0,182,0,0,300,0.5,1700,0.5,0
1,1,417,1,0,500,0.6,1000,0.2,1400,0.2,1
1,2,301,0,0,500,0.6,1000,0.2,1400,0.2,0
1,3,901,0,0,300,0.5,1700,0.5,1
1,4,821,2,10,5,0,300,0.5,1700,0.5,1
1,5,230,0,0,300,0.5,1700,0.5,1
1,6,138,0,0,300,0.5,1700,0.5,2
1,7,404,2,10,5,0,500,0.6,1000,0.2,1400,0.2,2
1,8,673,2,10,5,0,500,0.6,1000,0.2,1400,0.2,1
1,9,554,2,10,5,0,500,0.6,1000,0.2,1400,0.2,2
1,10,418,0,0,500,0.6,1000,0.2,1400,0.2,1
1,11,541,2,10,5,0,300,0.5,1700,0.5,0
1,12,771,0,0,500,0.6,1000,0.2,1400,0.2,2
1,13,434,0,0,500,0.6,1000,0.2,1400,0.2,1
1,14,189,1,0,300,0.5,1700,0.5,2
2,0,425,1,0,500,0.6,1000,0.2,1400,0.2,2
2,1,902,2,10,5,0,500,0.6,1000,0.2,1400,0.2,1
2,2,685,1,0,300,0.5,1700,0.5,2
2,3,631,0,0,300,0.5,1700,0.5,0
2,4,434,1,0,300,0.5,1700,0.5,2
2,5,92,0,0,500,0.6,1000,0.2,1400,0.2,0
2,6,179,0,0,500,0.6,1000,0.2,1400,0.2,2
2,7,554,2,10,5,0,300,0.5,1700,0.5,1
2,8,978,1,0,300,0.5,1700,0.5,2
2,9,862,1,0,500,0.6,1000,0.2,1400,0.2,0
2,10,134,0,0,500,0.6,1000,0.2,1400,0.2,2
2,11,585,1,0,300,0.5,1700,0.5,2
2,12,887,2,10,5,0,300,0.5,1700,0.5,0
2,13,569,2,10,5,0,500,0.6,1000,0.2,1400,0.2,1
2,14,576,0,0,500,0.6,1000,0.2,1400,0.2,1
3,0,312,2,10,5,0,300,0.5,1700,0.5,0
3,1,544,2,10,5,0,300,0.5,1700,0.5,1
3,2,699,1,0,300,0.5,1700,0.5,2
3,3,840,1,0,500,0.6,1000,0.2,1400,0.2,1
3,4,67,0,0,300,0.5,1700,0.5,2
3,5,260,1,0,500,0.6,1000,0.2,1400,0.2,0
3,6,718,0,0,300,0.5,1700,0.5,0
3,7,806,0,0,500,0.6,1000,0.2,1400,0.2,1
3,8,232,1,0,500,0.6,1000,0.2,1400,0.2,0
3,9,988,1,0,500,0.6,1000,0.2,1400,0.2,2
3,10,821,1,0,300,0.5,1700,0.5,2
3,11,463,2,10,5,0,500,0.6,1000,0.2,1400,0.2,1
3,12,607,1,0,300,0.5,1700,0.5,1
3,13,754,1,0,300,0.5,1700,0.5,2
3,14,246,2,10,5,0,500,0.6,1000,0.2,1400,0.2,2
4,0,142,2,10,5,0,500,0.6,1000,0.2,1400,0.2,0
4,1,757,2,10,5,0,500,0.6,1000,0.2,1400,0.2,1
4,2,950,1,0,500,0.6,1000,0.2,1400,0.2,2
4,3,235,1,0,500,0.6,1000,0.2,1400,0.2,0
4,4,274,1,0,500,0.6,1000,0.2,1400,0.2,1
4,5,311,0,0,500,0.6,1000,0.2,1400,0.2,2
4,6,696,1,0,300,0.5,1700,0.5,0
4,7,303,1,0,500,0.6,1000,0.2,1400,0.2,2
4,8,246,0,0,300,0.5,1700,0.5,2
4,9,228,0,0,300,0.5,1700,0.5,1
4,10,147,1,0,300,0.5,1700,0.5,2
4,11,832,1,0,300,0.5,1700,0.5,2
4,12,566,0,0,300,0.5,1700,0.5,0
4,13,464,0,0,300,0.5,1700,0.5,2
4,14,167,1,0,500,0.6,1000,0.2,1400,0.2,2
5,0,69,0,0,300,0.5,1700,0.5,1
5,1,555,0,0,300,0.5,1700,0.5,0
5,2,555,0,0,500,0.6,1000,0.2,1400,0.2,2
5,3,28,2,10,5,0,500,0.6,1000,0.2,1400,0.2,1
5,4,463,1,0,300,0.5,1700,0.5,1
5,5,570,1,0,300,0.5,1700,0.5,2
5,6,591,2,10,5,0,300,0.5,1700,0.5,1
5,7,78,0,0,500,0.6,1000,0.2,1400,0.2,1
5,8,421,0,0,300,0.5,1700,0.5,0
5,9,25,0,0,300,0.5,1700,0.5,1
5,10,750,1,0,500,0.6,1000,0.2,1400,0.2,1
5,11,68,2,10,5,0,500,0.6,1000,0.2,1400,0.2,2
5,12,968,0,0,500,0.6,1000,0.2,1400,0.2,1
5,13,399,2,10,5,0,500,0.6,1000,0.2,1400,0.2,1
5,14,988,1,0,500,0.6,1000,0.2,1400,0.2,2
6,0,150,2,10,5,0,500,0.6,1000,0.2,1400,0.2,2
6,1,466,0,0,300,0.5,1700,0.5,2
6,2,854,2,10,5,0,300,0.5,1700,0.5,1
6,3,390,0,0,300,0.5,1700,0.5,0
6,4,545,2,10,5,0,300,0.5,1700,0.5,1
6,5,481,2,10,5,0,500,0.6,1000,0.2,1400,0.2,0
6,6,614,1,0,300,0.5,1700,0.5,2
6,7,894,0,0,300,0.5,1700,0.5,2
6,8,114,1,0,300,0.5,1700,0.5,1
6,9,753,0,0,500,0.6,1000,0.2,1400,0.2,1
6,10,626,2,10,5,0,500,0.6,1000,0.2,1400,0.2,2
6,11,11,2,10,5,0,300,0.5,1700,0.5,0
6,12,558,1,0,300,0.5,1700,0.5,2
6,13,986,2,10,5,0,500,0.6,1000,0.2,1400,0.2,1
6,14,605,2,10,5,0,300,0.5,1700,0.5,0
7,0,777,2,10,5,0,300,0.5,1700,0.5,0
7,1,206,2,10,5,0,300,0.5,1700,0.5,0
7,2,815,0,0,500,0.6,1000,0.2,1400,0.2,0
7,3,428,0,0,500,0.6,1000,0.2,1400,0.2,2
7,4,966,1,0,500,0.6,1000,0.2,1400,0.2,0
7,5,512,2,10,5,0,300,0.5,1700,0.5,0
7,6,524,2,10,5,0,300,0.5,1700,0.5,1
7,7,588,2,10,5,0,300,0.5,1700,0.5,2
7,8,599,1,0,500,0.6,1000,0.2,1400,0.2,1
7,9,192,2,10,5,0,500,0.6,1000,0.2,1400,0.2,0
7,10,331,2,10,5,0,500,0.6,1000,0.2,1400,0.2,1
7,11,661,2,10,5,0,500,0.6,1000,0.2,1400,0.2,2
7,12,193,2,10,5,0,300,0.5,1700,0.5,2
7,13,706,0,0,300,0.5,1700,0.5,2
7,14,867,0,0,500,0.6,1000,0.2,1400,0.2,0
8,0,206,0,0,500,0.6,1000,0.2,1400,0.2,0
8,1,598,2,10,5,0,500,0.6,1000,0.2,1400,0.2,0
8,2,332,2,10,5,0,300,0.5,1700,0.5,2
8,3,499,2,10,5,0,300,0.5,1700,0.5,2
8,4,605,1,0,300,0.5,1700,0.5,2
8,5,863,0,0,300,0.5,1700,0.5,0
8,6,421,1,0,500,0.6,1000,0.2,1400,0.2,1
8,7,446,2,10,5,0,500,0.6,1000,0.2,1400,0.2,2
8,8,298,1,0,500,0.6,1000,0.2,1400,0.2,1
8,9,834,2,10,5,0,500,0.6,1000,0.2,1400,0.2,1
8,10,842,1,0,500,0.6,1000,0.2,1400,0.2,2
8,11,385,1,0,500,0.6,1000,0.2,1400,0.2,2
8,12,35,2,10,5,0,300,0.5,1700,0.5,0
8,13,522,0,0,500,0.6,1000,0.2,1400,0.2,0
8,14,78,0,0,300,0.5,1700,0.5,0
9,0,251,2,10,5,0,500,0.6,1000,0.2,1400,0.2,1
9,1,399,0,0,300,0.5,1700,0.5,0
9,2,440,0,0,500,0.6,1000,0.2,1400,0.2,2
9,3,686,1,0,300,0.5,1700,0.5,0
9,4,238,0,0,300,0.5,1700,0.5,0
9,5,142,1,0,500,0.6,1000,0.2,1400,0.2,2
9,6,199,0,0,500,0.6,1000,0.2,1400,0.2,1
9,7,447,2,10,5,0,300,0.5,1700,0.5,0
9,8,624,0,0,500,0.6,1000,0.2,1400,0.2,2
9,9,315,0,0,300,0.5,1700,0.5,0
9,10,557,1,0,500,0.6,1000,0.2,1400,0.2,0
9,11,615,2,10,5,0,300,0.5,1700,0.5,0
9,12,453,1,0,300,0.5,1700,0.5,1
9,13,735,1,0,300,0.5,1700,0.5,2
9,14,842,0,0,300,0.5,1700,0.5,1
10,0,695,2,10,5,0,500,0.6,1000,0.2,1400,0.2,2
10,1,928,0,0,500,0.6,1000,0.2,1400,0.2,0
10,2,865,1,0,500,0.6,1000,0.2,1400,0.2,2
10,3,828,2,10,5,0,500,0.6,1000,0.2,1400,0.2,2
10,4,647,0,0,300,0.5,1700,0.5,1
10,5,714,2,10,5,0,300,0.5,1700,0.5,2
10,6,976,2,10,5,0,500,0.6,1000,0.2,1400,0.2,2
10,7,937,2,10,5,0,500,0.6,1000,0.2,1400,0.2,1
10,8,836,2,10,5,0,300,0.5,1700,0.5,0
10,9,234,1,0,300,0.5,1700,0.5,1
10,10,167,1,0,300,0.5,1700,0.5,2
10,11,384,0,0,500,0.6,1000,0.2,1400,0.2,1
10,12,927,2,10,5,0,500,0.6,1000,0.2,1400,0.2,0
10,13,380,0,0,300,0.5,1700,0.5,1
10,14,28,2,10,5,0,500,0.6,1000,0.2,1400,0.2,2
11,0,431,0,0,500,0.6,1000,0.2,1400,0.2,0
11,1,881,0,0,500,0.6,1000,0.2,1400,0.2,1
11,2,774,1,0,500,0.6,1000,0.2,1400,0.2,2
11,3,900,1,0,500,0.6,1000,0.2,1400,0.2,1
11,4,313,2,10,5,0,500,0.6,1000,0.2,1400,0.2,2
11,5,224,2,10,5,0,500,0.6,1000,0.2,1400,0.2,0
11,6,917,1,0,500,0.6,1000,0.2,1400,0.2,0
11,7,507,0,0,500,0.6,1000,0.2,1400,0.2,1
11,8,834,2,10,5,0,300,0.5,1700,0.5,2
11,9,462,1,0,500,0.6,1000,0.2,1400,0.2,0
11,10,914,1,0,500,0.6,1000,0.2,1400,0.2,0
11,11,631,0,0,300,0.5,1700,0.5,0
11,12,596,2,10,5,0,300,0.5,1700,0.5,2
11,13,278,1,0,500,0.6,1000,0.2,1400,0.2,2
11,14,240,0,0,500,0.6,1000,0.2,1400,0.2,0
12,0,320,0,0,500,0.6,1000,0.2,1400,0.2,2
12,1,188,2,10,5,0,500,0.6,1000,0.2,1400,0.2,1
12,2,562,2,10,5,0,300,0.5,1700,0.5,2
12,3,899,0,0,500,0.6,1000,0.2,1400,0.2,0
12,4,815,2,10,5,0,500,0.6,1000,0.2,1400,0.2,1
12,5,271,2,10,5,0,300,0.5,1700,0.5,2
12,6,847,0,0,500,0.6,1000,0.2,1400,0.2,1
12,7,870,0,0,500,0.6,1000,0.2,1400,0.2,1
12,8,59,0,0,500,0.6,1000,0.2,1400,0.2,1
12,9,395,0,0,300,0.5,1700,0.5,0
12,10,513,2,10,5,0,300,0.5,1700,0.5,2
12,11,347,0,0,300,0.5,1700,0.5,1
12,12,394,2,10,5,0,300,0.5,1700,0.5,2
12,13,565,0,0,500,0.6,1000,0.2,1400,0.2,2
12,14,598,0,0,300,0.5,1700,0.5,1
13,0,271,1,0,500,0.6,1000,0.2,1400,0.2,2
13,1,828,0,0,500,0.6,1000,0.2,1400,0.2,0
13,2,507,2,10,5,0,500,0.6,1000,0.2,1400,0.2,2
13,3,594,2,10,5,0,300,0.5,1700,0.5,1
13,4,403,2,10,5,0,500,0.6,1000,0.2,1400,0.2,1
13,5,374,1,0,300,0.5,1700,0.5,1
13,6,98,0,0,300,0.5,1700,0.5,0
13,7,220,0,0,300,0.5,1700,0.5,0
13,8,668,2,10,5,0,500,0.6,1000,0.2,1400,0.2,1
13,9,177,2,10,5,0,300,0.5,1700,0.5,0
13,10,849,0,0,300,0.5,1700,0.5,2
13,11,23,1,0,300,0.5,1700,0.5,2
13,12,482,1,0,500,0.6,1000,0.2,1400,0.2,1
13,13,647,1,0,500,0.6,1000,0.2,1400,0.2,2
13,14,121,2,10,5,0,500,0.6,1000,0.2,1400,0.2,0
14,0,975,2,10,5,0,500,0.6,1000,0.2,1400,0.2,0
14,1,660,0,0,500,0.6,1000,0.2,1400,0.2,0
14,2,109,2,10,5,0,300,0.5,1700,0.5,2
14,3,919,1,0,500,0.6,1000,0.2,1400,0.2,2
14,4,452,2,10,5,0,500,0.6,1000,0.2,1400,0.2,0
14,5,525,0,0,300,0.5,1700,0.5,1
14,6,367,1,0,300,0.5,1700,0.5,2
14,7,247,2,10,5,0,300,0.5,1700,0.5,1
14,8,335,1,0,500,0.6,1000,0.2,1400,0.2,2
14,9,568,0,0,500,0.6,1000,0.2,1400,0.2,2
14,10,245,1,0,300,0.5,1700,0.5,2
14,11,438,0,0,300,0.5,1700,0.5,2
14,12,918,2,10,5,0,500,0.6,1000,0.2,1400,0.2,2
14,13,387,2,10,5,0,500,0.6,1000,0.2,1400,0.2,1
14,14,950,2,10,5,0,500,0.6,1000,0.2,1400,0.2,1
