0,0,170,2,10,5,0,500,0.6,1000,0.2,1400,0.2,2
0,1,590,1,0,500,0.6,1000,0.2,1400,0.2,0
0,2,421,2,10,5,0,300,0.5,1700,0.5,2
0,3,661,0,0,500,0.6,1000,0.2,1400,0.2,2
0,4,614,2,10,5,0,300,0.5,1700,0.5,2
0,5,124,0,0,500,0.6,1000,0.2,1400,0.2,0
0,6,864,2,10,5,0,500,0.6,1000,0.2,1400,0.2,0
0,7,17,2,10,5,0,500,0.6,1000,0.2,1400,0.2,1
0,8,384,2,10,5,0,300,0.5,1700,0.5,0
0,9,407,1,0,300,0.5,1700,0.5,0
0,10,948,0,0,500,0.6,1000,0.2,1400,0.2,1
0,11,29,0,0,300,0.5,1700,0.5,1
0,12,953,2,10,5,0,300,0.5,1700,0.5,2
0,13,550,0,0,300,0.5,1700,0.5,2
0,14,408,2,10,5,0,500,0.6,1000,0.2,1400,0.2,1
1,0,36,2,10,5,0,500,0.6,1000,0.2,1400,0.2,1
1,1,241,1,0,500,0.6,1000,0.2,1400,0.2,2
1,2,936,2,10,5,0,300,0.5,1700,0.5,1
1,3,243,0,0,300,0.5,1700,0.5,1
1,4,657,1,0,500,0.6,1000,0.2,1400,0.2,0
1,5,551,2,10,5,0,300,0.5,1700,0.5,1
1,6,135,1,0,300,0.5,1700,0.5,2
1,7,620,1,0,300,0.5,1700,0.5,0
1,8,191,1,0,300,0.5,1700,0.5,1
1,9,296,0,0,300,0.5,1700,0.5,0
1,10,252,1,0,500,0.6,1000,0.2,1400,0.2,1
1,11,174,1,0,500,0.6,1000,0.2,1400,0.2,1
1,12,929,1,0,300,0.5,1700,0.5,0
1,13,758,0,0,500,0.6,1000,0.2,1400,0.2,2
1,14,685,2,10,5,0,300,0.5,1700,0.5,2
2,0,669,1,0,500,0.6,1000,0.2,1400,0.2,1
2,1,959,0,0,500,0.6,1000,0.2,1400,0.2,1
2,2,210,1,0,300,0.5,1700,0.5,2
2,3,685,2,10,5,0,500,0.6,1000,0.2,1400,0.2,0
2,4,999,2,10,5,0,300,0.5,1700,0.5,0
2,5,186,0,0,300,0.5,1700,0.5,1
2,6,735,1,0,300,0.5,1700,0.5,2
2,7,66,1,0,300,0.5,1700,0.5,1
2,8,199,2,10,5,0,300,0.5,1700,0.5,0
2,9,512,2,10,5,0,300,0.5,1700,0.5,0
2,10,435,1,0,500,0.6,1000,0.2,1400,0.2,1
2,11,174,0,0,500,0.6,1000,0.2,1400,0.2,0
2,12,144,0,0,500,0.6,1000,0.2,1400,0.2,1
2,13,327,0,0,300,0.5,1700,0.5,2
2,14,186,2,10,5,0,300,0.5,1700,0.5,0
3,0,264,0,0,500,0.6,1000,0.2,1400,0.2,1
3,1,98,2,10,5,0,300,0.5,1700,0.5,0
3,2,197,0,0,300,0.5,1700,0.5,2
3,3,424,0,0,300,0.5,1700,0.5,2
3,4,734,0,0,300,0.5,1700,0.5,0
3,5,884,1,0,300,0.5,1700,0.5,2
3,6,854,2,10,5,0,500,0.6,1000,0.2,1400,0.2,2
3,7,378,0,0,300,0.5,1700,0.5,0
3,8,396,0,0,300,0.5,1700,0.5,2
3,9,170,1,0,500,0.6,1000,0.2,1400,0.2,1
3,10,474,1,0,300,0.5,1700,0.5,0
3,11,932,2,10,5,0,500,0.6,1000,0.2,1400,0.2,2
3,12,136,0,0,500,0.6,1000,0.2,1400,0.2,1
3,13,614,1,0,500,0.6,1000,0.2,1400,0.2,2
3,14,394,1,0,300,0.5,1700,0.5,2
4,0,797,0,0,500,0.6,1000,0.2,1400,0.2,0
4,1,666,1,0,300,0.5,1700,0.5,2
4,2,488,0,0,500,0.6,1000,0.2,1400,0.2,0
4,3,279,1,0,300,0.5,1700,0.5,0
4,4,717,1,0,300,0.5,1700,0.5,0
4,5,99,0,0,300,0.5,1700,0.5,0
4,6,441,0,0,300,0.5,1700,0.5,0
4,7,172,0,0,500,0.6,1000,0.2,1400,0.2,1
4,8,658,2,10,5,0,300,0.5,1700,0.5,0
4,9,971,2,10,5,0,300,0.5,1700,0.5,2
4,10,527,0,0,500,0.6,1000,0.2,1400,0.2,1
4,11,574,2,10,5,0,300,0.5,1700,0.5,1
4,12,733,1,0,500,0.6,1000,0.2,1400,0.2,2
4,13,600,0,0,500,0.6,1000,0.2,1400,0.2,2
4,14,536,0,0,500,0.6,1000,0.2,1400,0.2,1
5,0,101,0,0,500,0.6,1000,0.2,1400,0.2,0
5,1,97,1,0,500,0.6,1000,0.2,1400,0.2,2
5,2,189,0,0,500,0.6,1000,0.2,1400,0.2,0
5,3,887,0,0,500,0.6,1000,0.2,1400,0.2,0
5,4,190,2,10,5,0,500,0.6,1000,0.2,1400,0.2,0
5,5,656,1,0,500,0.6,1000,0.2,1400,0.2,0
5,6,433,1,0,300,0.5,1700,0.5,0
5,7,979,2,10,5,0,300,0.5,1700,0.5,2
5,8,727,1,0,500,0.6,1000,0.2,1400,0.2,2
5,9,756,2,10,5,0,500,0.6,1000,0.2,1400,0.2,0
5,10,461,1,0,500,0.6,1000,0.2,1400,0.2,2
5,11,166,2,10,5,0,500,0.6,1000,0.2,1400,0.2,1
5,12,932,2,10,5,0,300,0.5,1700,0.5,2
5,13,504,1,0,300,0.5,1700,0.5,0
5,14,880,2,10,5,0,300,0.5,1700,0.5,1
6,0,549,0,0,500,0.6,1000,0.2,1400,0.2,0
6,1,41,2,10,5,0,500,0.6,1000,0.2,1400,0.2,2
6,2,304,1,0,300,0.5,1700,0.5,0
6,3,169,1,0,300,0.5,1700,0.5,0
6,4,469,0,0,300,0.5,1700,0.5,1
6,5,185,2,10,5,0,500,0.6,1000,0.2,1400,0.2,0
6,6,343,0,0,300,0.5,1700,0.5,0
6,7,743,1,0,500,0.6,1000,0.2,1400,0.2,1
6,8,316,0,0,300,0.5,1700,0.5,0
6,9,368,0,0,500,0.6,1000,0.2,1400,0.2,0
6,10,875,0,0,300,0.5,1700,0.5,2
6,11,842,0,0,500,0.6,1000,0.2,1400,0.2,1
6,12,180,1,0,300,0.5,1700,0.5,1
6,13,971,1,0,500,0.6,1000,0.2,1400,0.2,0
6,14,579,0,0,500,0.6,1000,0.2,1400,0.2,1
7,0,176,0,0,500,0.6,1000,0.2,1400,0.2,1
7,1,989,0,0,300,0.5,1700,0.5,2
7,2,195,1,0,300,0.5,1700,0.5,2
7,3,744,0,0,300,0.5,1700,0.5,0
7,4,330,2,10,5,0,300,0.5,1700,0.5,2
7,5,899,0,0,500,0.6,1000,0.2,1400,0.2,0
7,6,593,1,0,500,0.6,1000,0.2,1400,0.2,1
7,7,444,2,10,5,0,500,0.6,1000,0.2,1400,0.2,1
7,8,634,0,0,300,0.5,1700,0.5,2
7,9,367,0,0,500,0.6,1000,0.2,1400,0.2,0
7,10,610,2,10,5,0,300,0.5,1700,0.5,1
7,11,513,2,10,5,0,500,0.6,1000,0.2,1400,0.2,2
7,12,963,1,0,300,0.5,1700,0.5,0
7,13,52,1,0,300,0.5,1700,0.5,0
7,14,485,1,0,500,0.6,1000,0.2,1400,0.2,1
8,0,686,1,0,500,0.6,1000,0.2,1400,0.2,1
8,1,967,1,0,300,0.5,1700,0.5,2
8,2,21,0,0,500,0.6,1000,0.2,1400,0.2,1
8,3,147,0,0,300,0.5,1700,0.5,0
8,4,230,2,10,5,0,300,0.5,1700,0.5,1
8,5,46,2,10,5,0,500,0.6,1000,0.2,1400,0.2,0
8,6,813,2,10,5,0,300,0.5,1700,0.5,0
8,7,146,2,10,5,0,500,0.6,1000,0.2,1400,0.2,2
8,8,566,0,0,500,0.6,1000,0.2,1400,0.2,2
8,9,70,1,0,300,0.5,1700,0.5,0
8,10,940,2,10,5,0,300,0.5,1700,0.5,0
8,11,475,0,0,500,0.6,1000,0.2,1400,0.2,1
8,12,911,2,10,5,0,500,0.6,1000,0.2,1400,0.2,1
8,13,795,2,10,5,0,300,0.5,1700,0.5,2
8,14,57,2,10,5,0,300,0.5,1700,0.5,2
9,0,969,1,0,300,0.5,1700,0.5,2
9,1,503,0,0,300,0.5,1700,0.5,2
9,2,630,0,0,300,0.5,1700,0.5,2
9,3,284,0,0,500,0.6,1000,0.2,1400,0.2,1
9,4,27,1,0,500,0.6,1000,0.2,1400,0.2,2
9,5,474,1,0,300,0.5,1700,0.5,1
9,6,122,1,0,300,0.5,1700,0.5,1
9,7,782,2,10,5,0,500,0.6,1000,0.2,1400,0.2,0
9,8,665,2,10,5,0,500,0.6,1000,0.2,1400,0.2,0
9,9,275,0,0,300,0.5,1700,0.5,2
9,10,184,0,0,500,0.6,1000,0.2,1400,0.2,2
9,11,647,2,10,5,0,300,0.5,1700,0.5,2
9,12,521,2,10,5,0,500,0.6,1000,0.2,1400,0.2,0
9,13,823,2,10,5,0,500,0.6,1000,0.2,1400,0.2,2
9,14,335,2,10,5,0,300,0.5,1700,0.5,1
10,0,864,1,0,500,0.6,1000,0.2,1400,0.2,0
10,1,546,2,10,5,0,500,0.6,1000,0.2,1400,0.2,0
10,2,975,2,10,5,0,500,0.6,1000,0.2,1400,0.2,1
10,3,987,2,10,5,0,300,0.5,1700,0.5,1
10,4,649,2,10,5,0,500,0.6,1000,0.2,1400,0.2,1
10,5,679,2,10,5,0,500,0.6,1000,0.2,1400,0.2,1
10,6,598,0,0,500,0.6,1000,0.2,1400,0.2,0
10,7,711,2,10,5,0,300,0.5,1700,0.5,1
10,8,631,1,0,500,0.6,1000,0.2,1400,0.2,0
10,9,224,2,10,5,0,300,0.5,1700,0.5,0
10,10,538,2,10,5,0,300,0.5,1700,0.5,2
10,11,92,1,0,500,0.6,1000,0.2,1400,0.2,1
10,12,538,0,0,500,0.6,1000,0.2,1400,0.2,0
10,13,782,1,0,500,0.6,1000,0.2,1400,0.2,0
10,14,767,0,0,500,0.6,1000,0.2,1400,0.2,1
11,0,668,0,0,300,0.5,1700,0.5,0
11,1,751,1,0,300,0.5,1700,0.5,2
11,2,449,2,10,5,0,500,0.6,1000,0.2,1400,0.2,2
11,3,439,2,10,5,0,500,0.6,1000,0.2,1400,0.2,2
11,4,17,2,10,5,0,500,0.6,1000,0.2,1400,0.2,2
11,5,291,2,10,5,0,300,0.5,1700,0.5,1
11,6,628,2,10,5,0,500,0.6,1000,0.2,1400,0.2,1
11,7,492,0,0,300,0.5,1700,0.5,2
11,8,794,1,0,300,0.5,1700,0.5,2
11,9,806,2,10,5,0,300,0.5,1700,0.5,1
11,10,969,1,0,500,0.6,1000,0.2,1400,0.2,0
11,11,743,0,0,300,0.5,1700,0.5,2
11,12,317,0,0,500,0.6,1000,0.2,1400,0.2,0
11,13,866,2,10,5,0,500,0.6,1000,0.2,1400,0.2,1
11,14,939,1,0,500,0.6,1000,0.2,1400,0.2,1
12,0,108,1,0,300,0.5,1700,0.5,2
12,1,687,0,0,300,0.5,1700,0.5,2
12,2,114,0,0,300,0.5,1700,0.5,0
12,3,835,2,10,5,0,500,0.6,1000,0.2,1400,0.2,1
12,4,950,0,0,300,0.5,1700,0.5,1
12,5,546,1,0,500,0.6,1000,0.2,1400,0.2,0
12,6,200,0,0,300,0.5,1700,0.5,2
12,7,148,0,0,300,0.5,1700,0.5,1
12,8,613,2,10,5,0,500,0.6,1000,0.2,1400,0.2,0
12,9,168,1,0,500,0.6,1000,0.2,1400,0.2,2
12,10,313,0,0,500,0.6,1000,0.2,1400,0.2,2
12,11,276,1,0,500,0.6,1000,0.2,1400,0.2,0
12,12,745,0,0,300,0.5,1700,0.5,1
12,13,64,1,0,500,0.6,1000,0.2,1400,0.2,0
12,14,992,2,10,5,0,300,0.5,1700,0.5,1
13,0,788,1,0,500,0.6,1000,0.2,1400,0.2,2
13,1,539,1,0,500,0.6,1000,0.2,1400,0.2,2
13,2,928,1,0,500,0.6,1000,0.2,1400,0.2,2
13,3,54,1,0,500,0.6,1000,0.2,1400,0.2,2
13,4,665,1,0,500,0.6,1000,0.2,1400,0.2,1
13,5,29,0,0,300,0.5,1700,0.5,1
13,6,602,1,0,500,0.6,1000,0.2,1400,0.2,2
13,7,924,0,0,500,0.6,1000,0.2,1400,0.2,1
13,8,653,0,0,300,0.5,1700,0.5,1
13,9,78,0,0,300,0.5,1700,0.5,0
13,10,446,2,10,5,0,500,0.6,1000,0.2,1400,0.2,2
13,11,41,1,0,300,0.5,1700,0.5,2
13,12,359,0,0,500,0.6,1000,0.2,1400,0.2,0
13,13,43,0,0,500,0.6,1000,0.2,1400,0.2,0
13,14,300,1,0,500,0.6,1000,0.2,1400,0.2,1
14,0,722,2,10,5,0,500,0.6,1000,0.2,1400,0.2,1
14,1,149,1,0,500,0.6,1000,0.2,1400,0.2,2
14,2,572,2,10,5,0,300,0.5,1700,0.5,1
14,3,45,0,0,300,0.5,1700,0.5,2
14,4,98,0,0,500,0.6,1000,0.2,1400,0.2,2
14,5,680,0,0,300,0.5,1700,0.5,1
14,6,999,2,10,5,0,500,0.6,1000,0.2,1400,0.2,0
14,7,950,0,0,300,0.5,1700,0.5,2
14,8,573,2,10,5,0,500,0.6,1000,0.2,1400,0.2,2
14,9,266,0,0,300,0.5,1700,0.5,1
14,10,245,0,0,500,0.6,1000,0.2,1400,0.2,2
14,11,197,0,0,300,0.5,1700,0.5,2
14,12,384,1,0,500,0.6,1000,0.2,1400,0.2,2
14,13,897,1,0,500,0.6,1000,0.2,1400,0.2,2
14,14,815,2,10,5,0,300,0.5,1700,0.5,0
