0,0,810,1,0,500,0.6,1000,0.2,1400,0.2,1
0,1,996,0,0,500,0.6,1000,0.2,1400,0.2,0
0,2,319,1,0,300,0.5,1700,0.5,0
0,3,18,2,10,5,0,500,0.6,1000,0.2,1400,0.2,0
0,4,858,1,0,300,0.5,1700,0.5,1
0,5,714,1,0,500,0.6,1000,0.2,1400,0.2,1
0,6,56,2,10,5,0,300,0.5,1700,0.5,0
0,7,851,1,0,500,0.6,1000,0.2,1400,0.2,2
0,8,603,2,10,5,0,300,0.5,1700,0.5,2
0,9,204,2,10,5,0,300,0.5,1700,0.5,2
0,10,516,2,10,5,0,300,0.5,1700,0.5,1
0,11,876,0,0,300,0.5,1700,0.5,0
0,12,927,0,0,300,0.5,1700,0.5,1
0,13,172,0,0,300,0.5,1700,0.5,0
0,14,181,0,0,300,0.5,1700,0.5,0
1,0,879,2,10,5,0,500,0.6,1000,0.2,1400,0.2,2
1,1,873,0,0,300,0.5,1700,0.5,2
1,2,92,2,10,5,0,300,0.5,1700,0.5,2
1,3,54,0,0,500,0.6,1000,0.2,1400,0.2,1
1,4,58,0,0,500,0.6,1000,0.2,1400,0.2,0
1,5,950,0,0,300,0.5,1700,0.5,0
1,6,678,0,0,300,0.5,1700,0.5,0
1,7,635,1,0,500,0.6,1000,0.2,1400,0.2,2
1,8,48,1,0,300,0.5,1700,0.5,1
1,9,722,0,0,500,0.6,1000,0.2,1400,0.2,0
1,10,916,1,0,300,0.5,1700,0.5,1
1,11,647,1,0,500,0.6,1000,0.2,1400,0.2,1
1,12,248,0,0,500,0.6,1000,0.2,1400,0.2,2
1,13,630,1,0,300,0.5,1700,0.5,1
1,14,657,2,10,5,0,300,0.5,1700,0.5,2
2,0,771,2,10,5,0,300,0.5,1700,0.5,2
2,1,598,0,0,300,0.5,1700,0.5,1
2,2,47,0,0,300,0.5,1700,0.5,0
2,3,386,0,0,500,0.6,1000,0.2,1400,0.2,0
2,4,563,2,10,5,0,500,0.6,1000,0.2,1400,0.2,1
2,5,275,1,0,500,0.6,1000,0.2,1400,0.2,1
2,6,124,0,0,300,0.5,1700,0.5,2
2,7,745,2,10,5,0,500,0.6,1000,0.2,1400,0.2,1
2,8,459,0,0,300,0.5,1700,0.5,1
2,9,164,0,0,300,0.5,1700,0.5,1
2,10,968,2,10,5,0,300,0.5,1700,0.5,0
2,11,613,1,0,300,0.5,1700,0.5,1
2,12,530,0,0,500,0.6,1000,0.2,1400,0.2,1
2,13,301,0,0,500,0.6,1000,0.2,1400,0.2,1
2,14,515,0,0,300,0.5,1700,0.5,0
3,0,750,0,0,300,0.5,1700,0.5,2
3,1,668,2,10,5,0,500,0.6,1000,0.2,1400,0.2,2
3,2,398,2,10,5,0,300,0.5,1700,0.5,2
3,3,61,0,0,500,0.6,1000,0.2,1400,0.2,0
3,4,395,1,0,300,0.5,1700,0.5,1
3,5,777,1,0,300,0.5,1700,0.5,0
3,6,814,1,0,500,0.6,1000,0.2,1400,0.2,0
3,7,106,2,10,5,0,300,0.5,1700,0.5,2
3,8,707,2,10,5,0,500,0.6,1000,0.2,1400,0.2,0
3,9,154,2,10,5,0,300,0.5,1700,0.5,1
3,10,742,0,0,500,0.6,1000,0.2,1400,0.2,0
3,11,703,1,0,300,0.5,1700,0.5,2
3,12,708,1,0,500,0.6,1000,0.2,1400,0.2,2
3,13,26,0,0,300,0.5,1700,0.5,2
3,14,248,1,0,500,0.6,1000,0.2,1400,0.2,0
4,0,355,2,10,5,0,500,0.6,1000,0.2,1400,0.2,1
4,1,569,1,0,500,0.6,1000,0.2,1400,0.2,1
4,2,491,0,0,300,0.5,1700,0.5,2
4,3,729,2,10,5,0,500,0.6,1000,0.2,1400,0.2,1
4,4,849,2,10,5,0,500,0.6,1000,0.2,1400,0.2,0
4,5,47,2,10,5,0,300,0.5,1700,0.5,1
4,6,434,0,0,300,0.5,1700,0.5,0
4,7,81,2,10,5,0,500,0.6,1000,0.2,1400,0.2,0
4,8,584,0,0,300,0.5,1700,0.5,2
4,9,72,2,10,5,0,300,0.5,1700,0.5,0
4,10,266,0,0,500,0.6,1000,0.2,1400,0.2,2
4,11,574,2,10,5,0,500,0.6,1000,0.2,1400,0.2,0
4,12,714,2,10,5,0,300,0.5,1700,0.5,0
4,13,985,0,0,300,0.5,1700,0.5,2
4,14,43,1,0,500,0.6,1000,0.2,1400,0.2,1
5,0,393,1,0,300,0.5,1700,0.5,0
5,1,466,1,0,500,0.6,1000,0.2,1400,0.2,1
5,2,908,0,0,300,0.5,1700,0.5,1
5,3,438,0,0,300,0.5,1700,0.5,2
5,4,882,2,10,5,0,500,0.6,1000,0.2,1400,0.2,0
5,5,517,0,0,500,0.6,1000,0.2,1400,0.2,1
5,6,866,0,0,300,0.5,1700,0.5,0
5,7,244,2,10,5,0,500,0.6,1000,0.2,1400,0.2,1
5,8,116,0,0,500,0.6,1000,0.2,1400,0.2,1
5,9,648,2,10,5,0,300,0.5,1700,0.5,0
5,10,104,1,0,300,0.5,1700,0.5,0
5,11,730,2,10,5,0,500,0.6,1000,0.2,1400,0.2,2
5,12,143,1,0,300,0.5,1700,0.5,2
5,13,868,0,0,500,0.6,1000,0.2,1400,0.2,2
5,14,587,2,10,5,0,300,0.5,1700,0.5,0
6,0,24,0,0,500,0.6,1000,0.2,1400,0.2,0
6,1,550,2,10,5,0,500,0.6,1000,0.2,1400,0.2,0
6,2,29,1,0,500,0.6,1000,0.2,1400,0.2,0
6,3,960,1,0,300,0.5,1700,0.5,1
6,4,344,2,10,5,0,500,0.6,1000,0.2,1400,0.2,1
6,5,497,0,0,500,0.6,1000,0.2,1400,0.2,2
6,6,428,0,0,300,0.5,1700,0.5,1
6,7,679,2,10,5,0,300,0.5,1700,0.5,2
6,8,729,1,0,300,0.5,1700,0.5,1
6,9,775,1,0,500,0.6,1000,0.2,1400,0.2,2
6,10,878,0,0,500,0.6,1000,0.2,1400,0.2,1
6,11,481,1,0,300,0.5,1700,0.5,2
6,12,84,2,10,5,0,500,0.6,1000,0.2,1400,0.2,0
6,13,258,2,10,5,0,300,0.5,1700,0.5,0
6,14,58,2,10,5,0,300,0.5,1700,0.5,2
7,0,845,0,0,500,0.6,1000,0.2,1400,0.2,2
7,1,467,0,0,500,0.6,1000,0.2,1400,0.2,0
7,2,754,0,0,500,0.6,1000,0.2,1400,0.2,1
7,3,657,1,0,500,0.6,1000,0.2,1400,0.2,1
7,4,139,1,0,500,0.6,1000,0.2,1400,0.2,1
7,5,552,2,10,5,0,300,0.5,1700,0.5,0
7,6,926,2,10,5,0,500,0.6,1000,0.2,1400,0.2,2
7,7,540,2,10,5,0,500,0.6,1000,0.2,1400,0.2,2
7,8,296,0,0,300,0.5,1700,0.5,2
7,9,561,0,0,500,0.6,1000,0.2,1400,0.2,0
7,10,650,2,10,5,0,500,0.6,1000,0.2,1400,0.2,0
7,11,68,1,0,500,0.6,1000,0.2,1400,0.2,2
7,12,343,2,10,5,0,300,0.5,1700,0.5,1
7,13,346,0,0,300,0.5,1700,0.5,1
7,14,323,1,0,300,0.5,1700,0.5,0
8,0,783,1,0,500,0.6,1000,0.2,1400,0.2,1
8,1,173,0,0,500,0.6,1000,0.2,1400,0.2,0
8,2,426,1,0,500,0.6,1000,0.2,1400,0.2,1
8,3,879,1,0,500,0.6,1000,0.2,1400,0.2,0
8,4,128,2,10,5,0,300,0.5,1700,0.5,2
8,5,566,0,0,500,0.6,1000,0.2,1400,0.2,0
8,6,491,2,10,5,0,500,0.6,1000,0.2,1400,0.2,1
8,7,517,2,10,5,0,500,0.6,1000,0.2,1400,0.2,0
8,8,475,2,10,5,0,300,0.5,1700,0.5,0
8,9,610,1,0,300,0.5,1700,0.5,1
8,10,112,1,0,300,0.5,1700,0.5,2
8,11,775,2,10,5,0,300,0.5,1700,0.5,2
8,12,774,1,0,500,0.6,1000,0.2,1400,0.2,2
8,13,336,0,0,500,0.6,1000,0.2,1400,0.2,0
8,14,309,0,0,300,0.5,1700,0.5,0
9,0,546,2,10,5,0,500,0.6,1000,0.2,1400,0.2,1
9,1,451,2,10,5,0,300,0.5,1700,0.5,1
9,2,937,2,10,5,0,300,0.5,1700,0.5,2
9,3,344,1,0,300,0.5,1700,0.5,2
9,4,875,1,0,500,0.6,1000,0.2,1400,0.2,1
9,5,288,0,0,500,0.6,1000,0.2,1400,0.2,2
9,6,531,1,0,500,0.6,1000,0.2,1400,0.2,0
9,7,655,1,0,500,0.6,1000,0.2,1400,0.2,1
9,8,863,0,0,500,0.6,1000,0.2,1400,0.2,1
9,9,327,1,0,500,0.6,1000,0.2,1400,0.2,2
9,10,456,2,10,5,0,300,0.5,1700,0.5,0
9,11,867,1,0,300,0.5,1700,0.5,1
9,12,802,2,10,5,0,300,0.5,1700,0.5,2
9,13,363,2,10,5,0,500,0.6,1000,0.2,1400,0.2,2
9,14,766,2,10,5,0,300,0.5,1700,0.5,1
10,0,323,0,0,300,0.5,1700,0.5,2
10,1,711,0,0,500,0.6,1000,0.2,1400,0.2,2
10,2,387,0,0,300,0.5,1700,0.5,1
10,3,281,2,10,5,0,500,0.6,1000,0.2,1400,0.2,2
10,4,628,1,0,300,0.5,1700,0.5,0
10,5,814,1,0,300,0.5,1700,0.5,1
10,6,374,1,0,300,0.5,1700,0.5,0
10,7,397,2,10,5,0,300,0.5,1700,0.5,1
10,8,618,2,10,5,0,300,0.5,1700,0.5,1
10,9,410,0,0,500,0.6,1000,0.2,1400,0.2,0
10,10,529,2,10,5,0,500,0.6,1000,0.2,1400,0.2,1
10,11,160,1,0,300,0.5,1700,0.5,2
10,12,856,0,0,300,0.5,1700,0.5,2
10,13,112,0,0,500,0.6,1000,0.2,1400,0.2,2
10,14,245,2,10,5,0,500,0.6,1000,0.2,1400,0.2,1
11,0,346,1,0,500,0.6,1000,0.2,1400,0.2,2
11,1,127,0,0,300,0.5,1700,0.5,2
11,2,584,2,10,5,0,500,0.6,1000,0.2,1400,0.2,2
11,3,730,2,10,5,0,300,0.5,1700,0.5,2
11,4,461,0,0,500,0.6,1000,0.2,1400,0.2,1
11,5,396,2,10,5,0,500,0.6,1000,0.2,1400,0.2,0
11,6,236,1,0,300,0.5,1700,0.5,1
11,7,276,1,0,300,0.5,1700,0.5,1
11,8,303,0,0,300,0.5,1700,0.5,0
11,9,220,1,0,300,0.5,1700,0.5,1
11,10,546,0,0,500,0.6,1000,0.2,1400,0.2,2
11,11,21,0,0,500,0.6,1000,0.2,1400,0.2,2
11,12,568,0,0,300,0.5,1700,0.5,0
11,13,322,2,10,5,0,500,0.6,1000,0.2,1400,0.2,0
11,14,131,0,0,500,0.6,1000,0.2,1400,0.2,0
12,0,338,1,0,500,0.6,1000,0.2,1400,0.2,2
12,1,337,0,0,300,0.5,1700,0.5,0
12,2,843,0,0,300,0.5,1700,0.5,2
12,3,19,0,0,300,0.5,1700,0.5,2
12,4,202,2,10,5,0,500,0.6,1000,0.2,1400,0.2,2
12,5,593,0,0,500,0.6,1000,0.2,1400,0.2,1
12,6,295,1,0,500,0.6,1000,0.2,1400,0.2,1
12,7,788,1,0,300,0.5,1700,0.5,1
12,8,997,0,0,300,0.5,1700,0.5,1
12,9,102,2,10,5,0,500,0.6,1000,0.2,1400,0.2,1
12,10,278,1,0,500,0.6,1000,0.2,1400,0.2,1
12,11,715,0,0,500,0.6,1000,0.2,1400,0.2,2
12,12,421,0,0,300,0.5,1700,0.5,1
12,13,259,1,0,500,0.6,1000,0.2,1400,0.2,0
12,14,915,1,0,300,0.5,1700,0.5,2
13,0,911,0,0,500,0.6,1000,0.2,1400,0.2,0
13,1,285,2,10,5,0,300,0.5,1700,0.5,1
13,2,280,2,10,5,0,500,0.6,1000,0.2,1400,0.2,1
13,3,35,2,10,5,0,300,0.5,1700,0.5,1
13,4,539,2,10,5,0,500,0.6,1000,0.2,1400,0.2,0
13,5,967,2,10,5,0,300,0.5,1700,0.5,2
13,6,568,2,10,5,0,300,0.5,1700,0.5,1
13,7,504,1,0,500,0.6,1000,0.2,1400,0.2,2
13,8,36,0,0,500,0.6,1000,0.2,1400,0.2,1
13,9,678,1,0,500,0.6,1000,0.2,1400,0.2,2
13,10,820,2,10,5,0,300,0.5,1700,0.5,1
13,11,524,1,0,500,0.6,1000,0.2,1400,0.2,2
13,12,956,2,10,5,0,300,0.5,1700,0.5,0
13,13,397,1,0,500,0.6,1000,0.2,1400,0.2,0
13,14,29,1,0,500,0.6,1000,0.2,1400,0.2,1
14,0,645,2,10,5,0,300,0.5,1700,0.5,1
14,1,507,0,0,300,0.5,1700,0.5,1
14,2,832,0,0,300,0.5,1700,0.5,2
14,3,196,0,0,300,0.5,1700,0.5,0
14,4,578,0,0,300,0.5,1700,0.5,2
14,5,68,0,0,500,0.6,1000,0.2,1400,0.2,0
14,6,445,0,0,500,0.6,1000,0.2,1400,0.2,0
14,7,453,0,0,500,0.6,1000,0.2,1400,0.2,2
14,8,975,2,10,5,0,500,0.6,1000,0.2,1400,0.2,0
14,9,547,2,10,5,0,500,0.6,1000,0.2,1400,0.2,0
14,10,884,0,0,300,0.5,1700,0.5,2
14,11,675,2,10,5,0,500,0.6,1000,0.2,1400,0.2,0
14,12,556,0,0,500,0.6,1000,0.2,1400,0.2,1
14,13,573,0,0,300,0.5,1700,0.5,0
14,14,152,2,10,5,0,500,0.6,1000,0.2,1400,0.2,2
