0,0,142,1,0,300,0.5,1700,0.5,2
0,1,201,2,10,5,0,300,0.5,1700,0.5,1
0,2,916,1,0,300,0.5,1700,0.5,1
0,3,49,1,0,500,0.6,1000,0.2,1400,0.2,2
0,4,248,0,0,500,0.6,1000,0.2,1400,0.2,1
0,5,436,0,0,300,0.5,1700,0.5,1
0,6,75,1,0,500,0.6,1000,0.2,1400,0.2,2
0,7,886,2,10,5,0,300,0.5,1700,0.5,2
0,8,797,0,0,300,0.5,1700,0.5,1
0,9,937,1,0,300,0.5,1700,0.5,2
0,10,380,0,0,500,0.6,1000,0.2,1400,0.2,1
0,11,426,1,0,500,0.6,1000,0.2,1400,0.2,1
0,12,391,1,0,500,0.6,1000,0.2,1400,0.2,2
0,13,194,1,0,500,0.6,1000,0.2,1400,0.2,1
0,14,607,2,10,5,0,500,0.6,1000,0.2,1400,0.2,0
1,0,209,1,0,500,0.6,1000,0.2,1400,0.2,1
1,1,576,1,0,300,0.5,1700,0.5,2
1,2,736,2,10,5,0,500,0.6,1000,0.2,1400,0.2,1
1,3,483,2,10,5,0,500,0.6,1000,0.2,1400,0.2,2
1,4,744,0,0,500,0.6,1000,0.2,1400,0.2,1
1,5,117,2,10,5,0,500,0.6,1000,0.2,1400,0.2,2
1,6,767,0,0,500,0.6,1000,0.2,1400,0.2,2
1,7,888,0,0,500,0.6,1000,0.2,1400,0.2,2
1,8,342,0,0,500,0.6,1000,0.2,1400,0.2,1
1,9,601,2,10,5,0,300,0.5,1700,0.5,1
1,10,182,1,0,500,0.6,1000,0.2,1400,0.2,0
1,11,667,0,0,300,0.5,1700,0.5,2
1,12,266,2,10,5,0,500,0.6,1000,0.2,1400,0.2,0
1,13,695,1,0,300,0.5,1700,0.5,1
1,14,565,2,10,5,0,300,0.5,1700,0.5,1
2,0,229,1,0,500,0.6,1000,0.2,1400,0.2,1
2,1,768,0,0,500,0.6,1000,0.2,1400,0.2,0
2,2,524,1,0,500,0.6,1000,0.2,1400,0.2,2
2,3,935,1,0,500,0.6,1000,0.2,1400,0.2,0
2,4,159,0,0,300,0.5,1700,0.5,0
2,5,844,1,0,300,0.5,1700,0.5,0
2,6,919,2,10,5,0,300,0.5,1700,0.5,1
2,7,55,2,10,5,0,500,0.6,1000,0.2,1400,0.2,2
2,8,557,1,0,500,0.6,1000,0.2,1400,0.2,2
2,9,669,2,10,5,0,300,0.5,1700,0.5,0
2,10,395,0,0,500,0.6,1000,0.2,1400,0.2,2
2,11,578,0,0,300,0.5,1700,0.5,0
2,12,632,0,0,300,0.5,1700,0.5,0
2,13,341,1,0,500,0.6,1000,0.2,1400,0.2,1
2,14,270,1,0,500,0.6,1000,0.2,1400,0.2,2
3,0,235,1,0,500,0.6,1000,0.2,1400,0.2,0
3,1,244,0,0,300,0.5,1700,0.5,2
3,2,678,2,10,5,0,500,0.6,1000,0.2,1400,0.2,0
3,3,742,2,10,5,0,300,0.5,1700,0.5,1
3,4,415,2,10,5,0,300,0.5,1700,0.5,1
3,5,997,2,10,5,0,500,0.6,1000,0.2,1400,0.2,1
3,6,783,1,0,500,0.6,1000,0.2,1400,0.2,2
3,7,651,0,0,300,0.5,1700,0.5,0
3,8,24,0,0,300,0.5,1700,0.5,2
3,9,213,2,10,5,0,500,0.6,1000,0.2,1400,0.2,0
3,10,114,0,0,300,0.5,1700,0.5,2
3,11,87,0,0,300,0.5,1700,0.5,1
3,12,315,1,0,300,0.5,1700,0.5,1
3,13,944,2,10,5,0,300,0.5,1700,0.5,0
3,14,71,1,0,500,0.6,1000,0.2,1400,0.2,0
4,0,124,1,0,500,0.6,1000,0.2,1400,0.2,0
4,1,875,0,0,300,0.5,1700,0.5,0
4,2,773,1,0,300,0.5,1700,0.5,1
4,3,983,2,10,5,0,500,0.6,1000,0.2,1400,0.2,2
4,4,550,2,10,5,0,300,0.5,1700,0.5,0
4,5,340,0,0,300,0.5,1700,0.5,1
4,6,69,2,10,5,0,300,0.5,1700,0.5,1
4,7,711,0,0,300,0.5,1700,0.5,2
4,8,402,0,0,500,0.6,1000,0.2,1400,0.2,1
4,9,898,2,10,5,0,500,0.6,1000,0.2,1400,0.2,0
4,10,387,1,0,500,0.6,1000,0.2,1400,0.2,2
4,11,861,0,0,500,0.6,1000,0.2,1400,0.2,2
4,12,27,1,0,500,0.6,1000,0.2,1400,0.2,0
4,13,722,1,0,500,0.6,1000,0.2,1400,0.2,2
4,14,402,0,0,300,0.5,1700,0.5,0
5,0,1000,1,0,300,0.5,1700,0.5,0
5,1,789,2,10,5,0,500,0.6,1000,0.2,1400,0.2,0
5,2,972,2,10,5,0,500,0.6,1000,0.2,1400,0.2,0
5,3,414,2,10,5,0,300,0.5,1700,0.5,0
5,4,495,1,0,500,0.6,1000,0.2,1400,0.2,0
5,5,156,2,10,5,0,500,0.6,1000,0.2,1400,0.2,0
5,6,776,2,10,5,0,300,0.5,1700,0.5,1
5,7,298,1,0,300,0.5,1700,0.5,1
5,8,211,2,10,5,0,300,0.5,1700,0.5,0
5,9,154,1,0,300,0.5,1700,0.5,2
5,10,914,2,10,5,0,500,0.6,1000,0.2,1400,0.2,0
5,11,212,1,0,500,0.6,1000,0.2,1400,0.2,2
5,12,346,0,0,300,0.5,1700,0.5,2
5,13,749,2,10,5,0,300,0.5,1700,0.5,0
5,14,303,2,10,5,0,500,0.6,1000,0.2,1400,0.2,2
6,0,206,0,0,300,0.5,1700,0.5,2
6,1,508,0,0,500,0.6,1000,0.2,1400,0.2,2
6,2,266,2,10,5,0,300,0.5,1700,0.5,1
6,3,161,0,0,500,0.6,1000,0.2,1400,0.2,2
6,4,872,2,10,5,0,300,0.5,1700,0.5,2
6,5,170,1,0,500,0.6,1000,0.2,1400,0.2,0
6,6,705,2,10,5,0,500,0.6,1000,0.2,1400,0.2,0
6,7,546,0,0,500,0.6,1000,0.2,1400,0.2,1
6,8,117,2,10,5,0,300,0.5,1700,0.5,0
6,9,172,0,0,500,0.6,1000,0.2,1400,0.2,2
6,10,579,1,0,300,0.5,1700,0.5,1
6,11,514,1,0,500,0.6,1000,0.2,1400,0.2,0
6,12,987,2,10,5,0,500,0.6,1000,0.2,1400,0.2,2
6,13,980,0,0,500,0.6,1000,0.2,1400,0.2,1
6,14,72,2,10,5,0,300,0.5,1700,0.5,2
7,0,414,2,10,5,0,300,0.5,1700,0.5,0
7,1,623,2,10,5,0,500,0.6,1000,0.2,1400,0.2,0
7,2,645,0,0,300,0.5,1700,0.5,0
7,3,109,2,10,5,0,300,0.5,1700,0.5,0
7,4,642,0,0,300,0.5,1700,0.5,0
7,5,593,2,10,5,0,300,0.5,1700,0.5,2
7,6,233,1,0,500,0.6,1000,0.2,1400,0.2,0
7,7,731,2,10,5,0,300,0.5,1700,0.5,2
7,8,387,2,10,5,0,500,0.6,1000,0.2,1400,0.2,0
7,9,450,1,0,500,0.6,1000,0.2,1400,0.2,0
7,10,90,0,0,500,0.6,1000,0.2,1400,0.2,0
7,11,400,2,10,5,0,300,0.5,1700,0.5,0
7,12,572,2,10,5,0,500,0.6,1000,0.2,1400,0.2,0
7,13,836,0,0,300,0.5,1700,0.5,1
7,14,566,2,10,5,0,500,0.6,1000,0.2,1400,0.2,1
8,0,973,1,0,300,0.5,1700,0.5,1
8,1,286,0,0,300,0.5,1700,0.5,2
8,2,167,1,0,300,0.5,1700,0.5,2
8,3,698,0,0,300,0.5,1700,0.5,2
8,4,549,1,0,300,0.5,1700,0.5,0
8,5,717,1,0,300,0.5,1700,0.5,1
8,6,265,1,0,300,0.5,1700,0.5,1
8,7,920,1,0,500,0.6,1000,0.2,1400,0.2,0
8,8,873,2,10,5,0,500,0.6,1000,0.2,1400,0.2,1
8,9,244,0,0,300,0.5,1700,0.5,2
8,10,167,1,0,500,0.6,1000,0.2,1400,0.2,2
8,11,773,0,0,300,0.5,1700,0.5,2
8,12,128,0,0,500,0.6,1000,0.2,1400,0.2,0
8,13,557,2,10,5,0,300,0.5,1700,0.5,0
8,14,150,0,0,500,0.6,1000,0.2,1400,0.2,0
9,0,464,2,10,5,0,500,0.6,1000,0.2,1400,0.2,1
9,1,682,0,0,300,0.5,1700,0.5,2
9,2,174,1,0,500,0.6,1000,0.2,1400,0.2,1
9,3,48,1,0,500,0.6,1000,0.2,1400,0.2,1
9,4,475,1,0,300,0.5,1700,0.5,1
9,5,318,0,0,300,0.5,1700,0.5,1
9,6,186,1,0,500,0.6,1000,0.2,1400,0.2,1
9,7,971,0,0,300,0.5,1700,0.5,0
9,8,670,2,10,5,0,500,0.6,1000,0.2,1400,0.2,2
9,9,852,0,0,500,0.6,1000,0.2,1400,0.2,1
9,10,363,0,0,300,0.5,1700,0.5,1
9,11,80,2,10,5,0,500,0.6,1000,0.2,1400,0.2,0
9,12,162,0,0,300,0.5,1700,0.5,0
9,13,656,1,0,500,0.6,1000,0.2,1400,0.2,1
9,14,917,2,10,5,0,500,0.6,1000,0.2,1400,0.2,0
10,0,141,0,0,300,0.5,1700,0.5,1
10,1,529,0,0,500,0.6,1000,0.2,1400,0.2,0
10,2,168,1,0,500,0.6,1000,0.2,1400,0.2,1
10,3,261,1,0,500,0.6,1000,0.2,1400,0.2,2
10,4,459,2,10,5,0,300,0.5,1700,0.5,0
10,5,808,1,0,500,0.6,1000,0.2,1400,0.2,2
10,6,872,1,0,300,0.5,1700,0.5,1
10,7,162,2,10,5,0,300,0.5,1700,0.5,1
10,8,317,0,0,500,0.6,1000,0.2,1400,0.2,2
10,9,237,2,10,5,0,500,0.6,1000,0.2,1400,0.2,2
10,10,738,0,0,500,0.6,1000,0.2,1400,0.2,1
10,11,671,1,0,500,0.6,1000,0.2,1400,0.2,2
10,12,650,2,10,5,0,500,0.6,1000,0.2,1400,0.2,1
10,13,808,0,0,300,0.5,1700,0.5,0
10,14,583,1,0,300,0.5,1700,0.5,2
11,0,434,0,0,500,0.6,1000,0.2,1400,0.2,1
11,1,350,0,0,300,0.5,1700,0.5,0
11,2,993,1,0,300,0.5,1700,0.5,2
11,3,928,1,0,300,0.5,1700,0.5,2
11,4,37,2,10,5,0,300,0.5,1700,0.5,0
11,5,576,2,10,5,0,300,0.5,1700,0.5,0
11,6,964,0,0,300,0.5,1700,0.5,1
11,7,498,2,10,5,0,300,0.5,1700,0.5,0
11,8,855,2,10,5,0,300,0.5,1700,0.5,0
11,9,802,0,0,500,0.6,1000,0.2,1400,0.2,0
11,10,510,2,10,5,0,500,0.6,1000,0.2,1400,0.2,2
11,11,455,2,10,5,0,300,0.5,1700,0.5,2
11,12,170,0,0,300,0.5,1700,0.5,2
11,13,832,1,0,300,0.5,1700,0.5,2
11,14,625,1,0,300,0.5,1700,0.5,0
12,0,304,0,0,300,0.5,1700,0.5,2
12,1,618,1,0,500,0.6,1000,0.2,1400,0.2,1
12,2,586,2,10,5,0,300,0.5,1700,0.5,1
12,3,103,1,0,500,0.6,1000,0.2,1400,0.2,2
12,4,46,0,0,300,0.5,1700,0.5,2
12,5,752,2,10,5,0,300,0.5,1700,0.5,0
12,6,410,0,0,500,0.6,1000,0.2,1400,0.2,0
12,7,571,0,0,300,0.5,1700,0.5,0
12,8,621,0,0,500,0.6,1000,0.2,1400,0.2,0
12,9,29,0,0,500,0.6,1000,0.2,1400,0.2,0
12,10,124,0,0,300,0.5,1700,0.5,0
12,11,686,1,0,500,0.6,1000,0.2,1400,0.2,0
12,12,798,0,0,500,0.6,1000,0.2,1400,0.2,0
12,13,712,1,0,300,0.5,1700,0.5,0
12,14,637,0,0,300,0.5,1700,0.5,2
13,0,28,2,10,5,0,300,0.5,1700,0.5,0
13,1,90,0,0,500,0.6,1000,0.2,1400,0.2,2
13,2,770,1,0,500,0.6,1000,0.2,1400,0.2,0
13,3,905,1,0,300,0.5,1700,0.5,1
13,4,907,2,10,5,0,500,0.6,1000,0.2,1400,0.2,0
13,5,691,0,0,300,0.5,1700,0.5,1
13,6,274,0,0,300,0.5,1700,0.5,1
13,7,691,0,0,500,0.6,1000,0.2,1400,0.2,0
13,8,837,2,10,5,0,300,0.5,1700,0.5,1
13,9,631,1,0,500,0.6,1000,0.2,1400,0.2,0
13,10,722,2,10,5,0,300,0.5,1700,0.5,2
13,11,864,0,0,300,0.5,1700,0.5,2
13,12,257,2,10,5,0,300,0.5,1700,0.5,2
13,13,401,1,0,300,0.5,1700,0.5,0
13,14,71,0,0,500,0.6,1000,0.2,1400,0.2,0
14,0,402,2,10,5,0,300,0.5,1700,0.5,1
14,1,896,0,0,500,0.6,1000,0.2,1400,0.2,1
14,2,670,0,0,500,0.6,1000,0.2,1400,0.2,2
14,3,27,0,0,500,0.6,1000,0.2,1400,0.2,2
14,4,881,1,0,300,0.5,1700,0.5,2
14,5,782,2,10,5,0,300,0.5,1700,0.5,0
14,6,297,1,0,300,0.5,1700,0.5,1
14,7,715,1,0,500,0.6,1000,0.2,1400,0.2,0
14,8,212,2,10,5,0,300,0.5,1700,0.5,1
14,9,29,0,0,500,0.6,1000,0.2,1400,0.2,1
14,10,58,2,10,5,0,300,0.5,1700,0.5,2
14,11,423,0,0,300,0.5,1700,0.5,1
14,12,418,0,0,500,0.6,1000,0.2,1400,0.2,0
14,13,80,1,0,500,0.6,1000,0.2,1400,0.2,1
14,14,816,0,0,300,0.5,1700,0.5,2
