0,0,537,2,10,5,0,300,0.5,1700,0.5,1
0,1,333,2,10,5,0,300,0.5,1700,0.5,2
0,2,674,1,0,500,0.6,1000,0.2,1400,0.2,2
0,3,666,1,0,300,0.5,1700,0.5,0
0,4,128,2,10,5,0,500,0.6,1000,0.2,1400,0.2,0
0,5,899,0,0,500,0.6,1000,0.2,1400,0.2,0
0,6,494,2,10,5,0,500,0.6,1000,0.2,1400,0.2,1
0,7,849,2,10,5,0,300,0.5,1700,0.5,1
0,8,973,1,0,500,0.6,1000,0.2,1400,0.2,0
0,9,458,2,10,5,0,300,0.5,1700,0.5,2
0,10,57,1,0,500,0.6,1000,0.2,1400,0.2,2
0,11,978,2,10,5,0,300,0.5,1700,0.5,0
0,12,467,0,0,500,0.6,1000,0.2,1400,0.2,1
0,13,556,1,0,300,0.5,1700,0.5,0
0,14,47,2,10,5,0,500,0.6,1000,0.2,1400,0.2,0
1,0,483,1,0,300,0.5,1700,0.5,2
1,1,26,2,10,5,0,500,0.6,1000,0.2,1400,0.2,1
1,2,322,1,0,500,0.6,1000,0.2,1400,0.2,2
1,3,166,1,0,500,0.6,1000,0.2,1400,0.2,1
1,4,878,0,0,500,0.6,1000,0.2,1400,0.2,1
1,5,884,0,0,300,0.5,1700,0.5,1
1,6,824,1,0,500,0.6,1000,0.2,1400,0.2,1
1,7,438,0,0,500,0.6,1000,0.2,1400,0.2,0
1,8,793,1,0,300,0.5,1700,0.5,1
1,9,554,2,10,5,0,500,0.6,1000,0.2,1400,0.2,0
1,10,43,1,0,500,0.6,1000,0.2,1400,0.2,2
1,11,666,0,0,500,0.6,1000,0.2,1400,0.2,0
1,12,34,2,10,5,0,500,0.6,1000,0.2,1400,0.2,2
1,13,675,1,0,300,0.5,1700,0.5,1
1,14,836,1,0,300,0.5,1700,0.5,0
2,0,782,2,10,5,0,300,0.5,1700,0.5,0
2,1,426,2,10,5,0,300,0.5,1700,0.5,0
2,2,860,2,10,5,0,300,0.5,1700,0.5,0
2,3,650,0,0,500,0.6,1000,0.2,1400,0.2,1
2,4,982,2,10,5,0,500,0.6,1000,0.2,1400,0.2,0
2,5,817,2,10,5,0,300,0.5,1700,0.5,0
2,6,996,0,0,300,0.5,1700,0.5,0
2,7,382,0,0,500,0.6,1000,0.2,1400,0.2,2
2,8,917,1,0,300,0.5,1700,0.5,1
2,9,130,1,0,500,0.6,1000,0.2,1400,0.2,2
2,10,271,2,10,5,0,300,0.5,1700,0.5,2
2,11,932,0,0,500,0.6,1000,0.2,1400,0.2,0
2,12,465,0,0,500,0.6,1000,0.2,1400,0.2,1
2,13,424,0,0,500,0.6,1000,0.2,1400,0.2,1
2,14,914,0,0,300,0.5,1700,0.5,0
3,0,934,2,10,5,0,300,0.5,1700,0.5,0
3,1,139,0,0,300,0.5,1700,0.5,1
3,2,465,1,0,300,0.5,1700,0.5,0
3,3,139,0,0,500,0.6,1000,0.2,1400,0.2,0
3,4,490,0,0,300,0.5,1700,0.5,2
3,5,838,1,0,300,0.5,1700,0.5,0
3,6,680,0,0,300,0.5,1700,0.5,2
3,7,422,2,10,5,0,500,0.6,1000,0.2,1400,0.2,0
3,8,969,1,0,500,0.6,1000,0.2,1400,0.2,1
3,9,816,1,0,500,0.6,1000,0.2,1400,0.2,2
3,10,637,2,10,5,0,300,0.5,1700,0.5,0
3,11,161,1,0,300,0.5,1700,0.5,2
3,12,595,0,0,300,0.5,1700,0.5,0
3,13,901,1,0,500,0.6,1000,0.2,1400,0.2,2
3,14,928,0,0,500,0.6,1000,0.2,1400,0.2,0
4,0,981,1,0,500,0.6,1000,0.2,1400,0.2,0
4,1,806,1,0,500,0.6,1000,0.2,1400,0.2,2
4,2,87,0,0,500,0.6,1000,0.2,1400,0.2,2
4,3,498,1,0,500,0.6,1000,0.2,1400,0.2,2
4,4,320,1,0,300,0.5,1700,0.5,2
4,5,233,0,0,300,0.5,1700,0.5,0
4,6,967,2,10,5,0,500,0.6,1000,0.2,1400,0.2,1
4,7,449,1,0,300,0.5,1700,0.5,0
4,8,163,1,0,300,0.5,1700,0.5,0
4,9,882,0,0,300,0.5,1700,0.5,2
4,10,162,2,10,5,0,500,0.6,1000,0.2,1400,0.2,2
4,11,180,0,0,300,0.5,1700,0.5,0
4,12,954,1,0,300,0.5,1700,0.5,0
4,13,57,1,0,500,0.6,1000,0.2,1400,0.2,2
4,14,875,2,10,5,0,500,0.6,1000,0.2,1400,0.2,0
5,0,817,0,0,300,0.5,1700,0.5,1
5,1,69,0,0,500,0.6,1000,0.2,1400,0.2,1
5,2,504,0,0,300,0.5,1700,0.5,1
5,3,806,0,0,300,0.5,1700,0.5,1
5,4,133,2,10,5,0,500,0.6,1000,0.2,1400,0.2,0
5,5,765,0,0,500,0.6,1000,0.2,1400,0.2,1
5,6,309,0,0,300,0.5,1700,0.5,1
5,7,410,1,0,500,0.6,1000,0.2,1400,0.2,0
5,8,673,1,0,300,0.5,1700,0.5,2
5,9,807,1,0,500,0.6,1000,0.2,1400,0.2,1
5,10,704,1,0,300,0.5,1700,0.5,0
5,11,66,2,10,5,0,500,0.6,1000,0.2,1400,0.2,1
5,12,722,1,0,300,0.5,1700,0.5,1
5,13,239,2,10,5,0,300,0.5,1700,0.5,0
5,14,80,1,0,500,0.6,1000,0.2,1400,0.2,0
6,0,683,2,10,5,0,300,0.5,1700,0.5,1
6,1,289,2,10,5,0,500,0.6,1000,0.2,1400,0.2,1
6,2,867,0,0,300,0.5,1700,0.5,0
6,3,658,0,0,300,0.5,1700,0.5,0
6,4,393,0,0,300,0.5,1700,0.5,1
6,5,441,2,10,5,0,500,0.6,1000,0.2,1400,0.2,1
6,6,746,0,0,300,0.5,1700,0.5,1
6,7,955,2,10,5,0,500,0.6,1000,0.2,1400,0.2,1
6,8,269,0,0,500,0.6,1000,0.2,1400,0.2,2
6,9,501,2,10,5,0,500,0.6,1000,0.2,1400,0.2,2
6,10,767,2,10,5,0,500,0.6,1000,0.2,1400,0.2,1
6,11,782,1,0,500,0.6,1000,0.2,1400,0.2,2
6,12,549,1,0,500,0.6,1000,0.2,1400,0.2,0
6,13,160,1,0,300,0.5,1700,0.5,2
6,14,386,1,0,300,0.5,1700,0.5,2
7,0,523,1,0,300,0.5,1700,0.5,1
7,1,952,1,0,300,0.5,1700,0.5,1
7,2,645,0,0,300,0.5,1700,0.5,1
7,3,275,0,0,300,0.5,1700,0.5,2
7,4,93,2,10,5,0,500,0.6,1000,0.2,1400,0.2,2
7,5,821,1,0,300,0.5,1700,0.5,0
7,6,352,0,0,500,0.6,1000,0.2,1400,0.2,0
7,7,483,1,0,300,0.5,1700,0.5,2
7,8,484,1,0,500,0.6,1000,0.2,1400,0.2,2
7,9,744,1,0,500,0.6,1000,0.2,1400,0.2,2
7,10,434,2,10,5,0,300,0.5,1700,0.5,1
7,11,374,0,0,500,0.6,1000,0.2,1400,0.2,1
7,12,200,1,0,500,0.6,1000,0.2,1400,0.2,1
7,13,867,0,0,300,0.5,1700,0.5,0
7,14,858,0,0,500,0.6,1000,0.2,1400,0.2,0
8,0,465,0,0,300,0.5,1700,0.5,0
8,1,667,2,10,5,0,300,0.5,1700,0.5,2
8,2,212,2,10,5,0,300,0.5,1700,0.5,2
8,3,545,2,10,5,0,500,0.6,1000,0.2,1400,0.2,1
8,4,832,1,0,300,0.5,1700,0.5,2
8,5,428,1,0,300,0.5,1700,0.5,1
8,6,328,2,10,5,0,300,0.5,1700,0.5,2
8,7,249,1,0,300,0.5,1700,0.5,0
8,8,431,0,0,300,0.5,1700,0.5,2
8,9,345,2,10,5,0,300,0.5,1700,0.5,0
8,10,488,0,0,300,0.5,1700,0.5,0
8,11,48,0,0,300,0.5,1700,0.5,2
8,12,175,2,10,5,0,300,0.5,1700,0.5,2
8,13,795,1,0,500,0.6,1000,0.2,1400,0.2,2
8,14,236,0,0,300,0.5,1700,0.5,1
9,0,57,1,0,500,0.6,1000,0.2,1400,0.2,1
9,1,803,0,0,300,0.5,1700,0.5,2
9,2,840,0,0,500,0.6,1000,0.2,1400,0.2,1
9,3,273,2,10,5,0,500,0.6,1000,0.2,1400,0.2,1
9,4,130,1,0,500,0.6,1000,0.2,1400,0.2,1
9,5,124,1,0,300,0.5,1700,0.5,2
9,6,379,2,10,5,0,300,0.5,1700,0.5,1
9,7,443,2,10,5,0,300,0.5,1700,0.5,1
9,8,693,0,0,300,0.5,1700,0.5,2
9,9,615,1,0,500,0.6,1000,0.2,1400,0.2,2
9,10,546,2,10,5,0,500,0.6,1000,0.2,1400,0.2,0
9,11,63,2,10,5,0,500,0.6,1000,0.2,1400,0.2,1
9,12,326,2,10,5,0,300,0.5,1700,0.5,2
9,13,917,0,0,500,0.6,1000,0.2,1400,0.2,0
9,14,923,2,10,5,0,500,0.6,1000,0.2,1400,0.2,2
10,0,284,0,0,300,0.5,1700,0.5,0
10,1,667,0,0,300,0.5,1700,0.5,1
10,2,612,1,0,500,0.6,1000,0.2,1400,0.2,0
10,3,663,2,10,5,0,500,0.6,1000,0.2,1400,0.2,2
10,4,99,0,0,500,0.6,1000,0.2,1400,0.2,0
10,5,506,0,0,500,0.6,1000,0.2,1400,0.2,2
10,6,232,1,0,500,0.6,1000,0.2,1400,0.2,2
10,7,963,2,10,5,0,300,0.5,1700,0.5,1
10,8,251,2,10,5,0,300,0.5,1700,0.5,2
10,9,220,0,0,300,0.5,1700,0.5,1
10,10,843,0,0,500,0.6,1000,0.2,1400,0.2,2
10,11,169,2,10,5,0,500,0.6,1000,0.2,1400,0.2,0
10,12,843,2,10,5,0,300,0.5,1700,0.5,1
10,13,659,1,0,500,0.6,1000,0.2,1400,0.2,0
10,14,670,2,10,5,0,300,0.5,1700,0.5,2
11,0,933,2,10,5,0,500,0.6,1000,0.2,1400,0.2,2
11,1,563,0,0,300,0.5,1700,0.5,2
11,2,730,1,0,500,0.6,1000,0.2,1400,0.2,0
11,3,928,1,0,500,0.6,1000,0.2,1400,0.2,0
11,4,299,0,0,500,0.6,1000,0.2,1400,0.2,0
11,5,939,2,10,5,0,300,0.5,1700,0.5,0
11,6,997,0,0,300,0.5,1700,0.5,0
11,7,429,1,0,500,0.6,1000,0.2,1400,0.2,2
11,8,607,1,0,500,0.6,1000,0.2,1400,0.2,2
11,9,717,0,0,300,0.5,1700,0.5,1
11,10,559,0,0,300,0.5,1700,0.5,2
11,11,30,1,0,500,0.6,1000,0.2,1400,0.2,0
11,12,357,0,0,500,0.6,1000,0.2,1400,0.2,2
11,13,344,1,0,500,0.6,1000,0.2,1400,0.2,0
11,14,731,0,0,300,0.5,1700,0.5,0
12,0,984,1,0,500,0.6,1000,0.2,1400,0.2,0
12,1,235,2,10,5,0,500,0.6,1000,0.2,1400,0.2,0
12,2,840,0,0,500,0.6,1000,0.2,1400,0.2,0
12,3,367,1,0,500,0.6,1000,0.2,1400,0.2,2
12,4,788,2,10,5,0,500,0.6,1000,0.2,1400,0.2,2
12,5,870,2,10,5,0,500,0.6,1000,0.2,1400,0.2,0
12,6,609,0,0,500,0.6,1000,0.2,1400,0.2,2
12,7,732,2,10,5,0,300,0.5,1700,0.5,0
12,8,194,0,0,500,0.6,1000,0.2,1400,0.2,1
12,9,69,0,0,300,0.5,1700,0.5,1
12,10,258,2,10,5,0,300,0.5,1700,0.5,1
12,11,739,2,10,5,0,300,0.5,1700,0.5,2
12,12,716,0,0,500,0.6,1000,0.2,1400,0.2,0
12,13,934,0,0,500,0.6,1000,0.2,1400,0.2,1
12,14,753,2,10,5,0,500,0.6,1000,0.2,1400,0.2,0
13,0,609,2,10,5,0,300,0.5,1700,0.5,2
13,1,972,0,0,300,0.5,1700,0.5,2
13,2,276,0,0,300,0.5,1700,0.5,2
13,3,553,1,0,300,0.5,1700,0.5,2
13,4,362,0,0,500,0.6,1000,0.2,1400,0.2,0
13,5,194,2,10,5,0,500,0.6,1000,0.2,1400,0.2,2
13,6,894,1,0,500,0.6,1000,0.2,1400,0.2,2
13,7,850,2,10,5,0,500,0.6,1000,0.2,1400,0.2,0
13,8,284,2,10,5,0,500,0.6,1000,0.2,1400,0.2,2
13,9,704,0,0,500,0.6,1000,0.2,1400,0.2,2
13,10,170,0,0,300,0.5,1700,0.5,0
13,11,667,0,0,300,0.5,1700,0.5,2
13,12,923,2,10,5,0,300,0.5,1700,0.5,1
13,13,95,1,0,500,0.6,1000,0.2,1400,0.2,2
13,14,590,2,10,5,0,500,0.6,1000,0.2,1400,0.2,2
14,0,867,1,0,500,0.6,1000,0.2,1400,0.2,0
14,1,356,1,0,300,0.5,1700,0.5,1
14,2,304,2,10,5,0,300,0.5,1700,0.5,1
14,3,405,0,0,500,0.6,1000,0.2,1400,0.2,1
14,4,405,2,10,5,0,300,0.5,1700,0.5,1
14,5,333,0,0,500,0.6,1000,0.2,1400,0.2,2
14,6,665,1,0,300,0.5,1700,0.5,2
14,7,808,1,0,500,0.6,1000,0.2,1400,0.2,0
14,8,936,0,0,500,0.6,1000,0.2,1400,0.2,0
14,9,772,1,0,500,0.6,1000,0.2,1400,0.2,1
14,10,145,2,10,5,0,300,0.5,1700,0.5,0
14,11,274,1,0,300,0.5,1700,0.5,1
14,12,936,0,0,300,0.5,1700,0.5,0
14,13,252,2,10,5,0,500,0.6,1000,0.2,1400,0.2,0
14,14,344,0,0,300,0.5,1700,0.5,1
