0,0,137,2,10,5,0,300,0.5,1700,0.5,0
0,1,775,2,10,5,0,300,0.5,1700,0.5,0
0,2,649,0,0,500,0.6,1000,0.2,1400,0.2,0
0,3,524,1,0,300,0.5,1700,0.5,2
0,4,170,2,10,5,0,300,0.5,1700,0.5,0
0,5,124,0,0,500,0.6,1000,0.2,1400,0.2,0
0,6,603,1,0,500,0.6,1000,0.2,1400,0.2,2
0,7,93,0,0,300,0.5,1700,0.5,2
0,8,936,2,10,5,0,300,0.5,1700,0.5,0
0,9,193,0,0,500,0.6,1000,0.2,1400,0.2,2
0,10,248,0,0,500,0.6,1000,0.2,1400,0.2,0
0,11,200,2,10,5,0,500,0.6,1000,0.2,1400,0.2,2
0,12,885,0,0,500,0.6,1000,0.2,1400,0.2,0
0,13,396,0,0,300,0.5,1700,0.5,2
0,14,87,2,10,5,0,300,0.5,1700,0.5,1
1,0,61,2,10,5,0,300,0.5,1700,0.5,0
1,1,502,0,0,500,0.6,1000,0.2,1400,0.2,2
1,2,520,0,0,500,0.6,1000,0.2,1400,0.2,1
1,3,953,0,0,500,0.6,1000,0.2,1400,0.2,2
1,4,884,0,0,300,0.5,1700,0.5,1
1,5,553,1,0,300,0.5,1700,0.5,0
1,6,424,2,10,5,0,300,0.5,1700,0.5,1
1,7,263,1,0,300,0.5,1700,0.5,0
1,8,831,0,0,300,0.5,1700,0.5,2
1,9,364,2,10,5,0,300,0.5,1700,0.5,0
1,10,348,1,0,500,0.6,1000,0.2,1400,0.2,2
1,11,744,2,10,5,0,500,0.6,1000,0.2,1400,0.2,0
1,12,831,2,10,5,0,500,0.6,1000,0.2,1400,0.2,2
1,13,181,1,0,300,0.5,1700,0.5,1
1,14,834,1,0,300,0.5,1700,0.5,0
2,0,136,2,10,5,0,500,0.6,1000,0.2,1400,0.2,2
2,1,866,1,0,500,0.6,1000,0.2,1400,0.2,1
2,2,70,0,0,500,0.6,1000,0.2,1400,0.2,0
2,3,247,2,10,5,0,300,0.5,1700,0.5,2
2,4,766,2,10,5,0,500,0.6,1000,0.2,1400,0.2,2
2,5,631,1,0,500,0.6,1000,0.2,1400,0.2,0
2,6,307,1,0,500,0.6,1000,0.2,1400,0.2,0
2,7,276,1,0,300,0.5,1700,0.5,0
2,8,378,0,0,500,0.6,1000,0.2,1400,0.2,1
2,9,275,0,0,500,0.6,1000,0.2,1400,0.2,0
2,10,299,1,0,300,0.5,1700,0.5,2
2,11,918,0,0,300,0.5,1700,0.5,2
2,12,979,0,0,500,0.6,1000,0.2,1400,0.2,1
2,13,668,0,0,500,0.6,1000,0.2,1400,0.2,2
2,14,733,0,0,300,0.5,1700,0.5,0
3,0,972,0,0,500,0.6,1000,0.2,1400,0.2,2
3,1,695,0,0,500,0.6,1000,0.2,1400,0.2,1
3,2,886,1,0,300,0.5,1700,0.5,2
3,3,578,1,0,500,0.6,1000,0.2,1400,0.2,2
3,4,375,0,0,500,0.6,1000,0.2,1400,0.2,1
3,5,629,0,0,300,0.5,1700,0.5,1
3,6,470,2,10,5,0,500,0.6,1000,0.2,1400,0.2,2
3,7,303,1,0,300,0.5,1700,0.5,1
3,8,871,0,0,300,0.5,1700,0.5,1
3,9,447,0,0,300,0.5,1700,0.5,2
3,10,635,1,0,500,0.6,1000,0.2,1400,0.2,2
3,11,762,2,10,5,0,500,0.6,1000,0.2,1400,0.2,0
3,12,661,0,0,300,0.5,1700,0.5,0
3,13,602,1,0,500,0.6,1000,0.2,1400,0.2,0
3,14,821,1,0,500,0.6,1000,0.2,1400,0.2,1
4,0,789,2,10,5,0,300,0.5,1700,0.5,0
4,1,187,0,0,300,0.5,1700,0.5,0
4,2,243,1,0,300,0.5,1700,0.5,1
4,3,981,0,0,500,0.6,1000,0.2,1400,0.2,0
4,4,261,0,0,300,0.5,1700,0.5,2
4,5,289,1,0,500,0.6,1000,0.2,1400,0.2,2
4,6,76,1,0,500,0.6,1000,0.2,1400,0.2,0
4,7,640,2,10,5,0,300,0.5,1700,0.5,2
4,8,98,0,0,500,0.6,1000,0.2,1400,0.2,2
4,9,750,2,10,5,0,500,0.6,1000,0.2,1400,0.2,1
4,10,641,2,10,5,0,300,0.5,1700,0.5,1
4,11,72,1,0,300,0.5,1700,0.5,2
4,12,377,2,10,5,0,300,0.5,1700,0.5,1
4,13,500,0,0,300,0.5,1700,0.5,2
4,14,229,0,0,500,0.6,1000,0.2,1400,0.2,2
5,0,39,1,0,300,0.5,1700,0.5,1
5,1,113,0,0,300,0.5,1700,0.5,1
5,2,484,2,10,5,0,300,0.5,1700,0.5,0
5,3,46,0,0,500,0.6,1000,0.2,1400,0.2,1
5,4,309,0,0,500,0.6,1000,0.2,1400,0.2,2
5,5,815,1,0,300,0.5,1700,0.5,2
5,6,617,2,10,5,0,500,0.6,1000,0.2,1400,0.2,1
5,7,473,0,0,300,0.5,1700,0.5,1
5,8,816,2,10,5,0,300,0.5,1700,0.5,2
5,9,138,0,0,300,0.5,1700,0.5,2
5,10,727,0,0,500,0.6,1000,0.2,1400,0.2,1
5,11,360,2,10,5,0,300,0.5,1700,0.5,1
5,12,354,1,0,500,0.6,1000,0.2,1400,0.2,0
5,13,673,2,10,5,0,500,0.6,1000,0.2,1400,0.2,1
5,14,67,2,10,5,0,500,0.6,1000,0.2,1400,0.2,1
6,0,986,0,0,500,0.6,1000,0.2,1400,0.2,1
6,1,278,0,0,500,0.6,1000,0.2,1400,0.2,2
6,2,903,1,0,300,0.5,1700,0.5,1
6,3,555,0,0,300,0.5,1700,0.5,0
6,4,550,2,10,5,0,500,0.6,1000,0.2,1400,0.2,1
6,5,662,2,10,5,0,300,0.5,1700,0.5,1
6,6,642,0,0,500,0.6,1000,0.2,1400,0.2,1
6,7,441,0,0,300,0.5,1700,0.5,1
6,8,862,0,0,300,0.5,1700,0.5,0
6,9,895,2,10,5,0,300,0.5,1700,0.5,1
6,10,833,0,0,300,0.5,1700,0.5,2
6,11,353,0,0,300,0.5,1700,0.5,2
6,12,597,2,10,5,0,500,0.6,1000,0.2,1400,0.2,0
6,13,213,1,0,300,0.5,1700,0.5,0
6,14,756,1,0,500,0.6,1000,0.2,1400,0.2,1
7,0,660,2,10,5,0,500,0.6,1000,0.2,1400,0.2,0
7,1,331,2,10,5,0,300,0.5,1700,0.5,1
7,2,397,1,0,300,0.5,1700,0.5,1
7,3,618,2,10,5,0,500,0.6,1000,0.2,1400,0.2,2
7,4,643,0,0,300,0.5,1700,0.5,2
7,5,933,1,0,500,0.6,1000,0.2,1400,0.2,1
7,6,47,1,0,500,0.6,1000,0.2,1400,0.2,2
7,7,721,2,10,5,0,300,0.5,1700,0.5,0
7,8,108,2,10,5,0,500,0.6,1000,0.2,1400,0.2,1
7,9,151,2,10,5,0,500,0.6,1000,0.2,1400,0.2,0
7,10,787,2,10,5,0,300,0.5,1700,0.5,2
7,11,447,1,0,300,0.5,1700,0.5,1
7,12,329,2,10,5,0,500,0.6,1000,0.2,1400,0.2,0
7,13,582,1,0,500,0.6,1000,0.2,1400,0.2,2
7,14,531,1,0,300,0.5,1700,0.5,1
8,0,586,1,0,500,0.6,1000,0.2,1400,0.2,0
8,1,205,0,0,300,0.5,1700,0.5,1
8,2,892,0,0,500,0.6,1000,0.2,1400,0.2,0
8,3,183,2,10,5,0,500,0.6,1000,0.2,1400,0.2,1
8,4,415,2,10,5,0,500,0.6,1000,0.2,1400,0.2,0
8,5,521,0,0,500,0.6,1000,0.2,1400,0.2,0
8,6,288,2,10,5,0,500,0.6,1000,0.2,1400,0.2,1
8,7,284,1,0,300,0.5,1700,0.5,2
8,8,468,2,10,5,0,500,0.6,1000,0.2,1400,0.2,2
8,9,852,2,10,5,0,500,0.6,1000,0.2,1400,0.2,1
8,10,901,2,10,5,0,500,0.6,1000,0.2,1400,0.2,0
8,11,601,1,0,300,0.5,1700,0.5,0
8,12,481,1,0,500,0.6,1000,0.2,1400,0.2,2
8,13,23,2,10,5,0,500,0.6,1000,0.2,1400,0.2,1
8,14,702,0,0,500,0.6,1000,0.2,1400,0.2,2
9,0,847,2,10,5,0,300,0.5,1700,0.5,0
9,1,631,1,0,300,0.5,1700,0.5,1
9,2,877,0,0,300,0.5,1700,0.5,1
9,3,523,0,0,300,0.5,1700,0.5,0
9,4,735,2,10,5,0,300,0.5,1700,0.5,1
9,5,984,2,10,5,0,300,0.5,1700,0.5,0
9,6,863,0,0,500,0.6,1000,0.2,1400,0.2,2
9,7,199,0,0,300,0.5,1700,0.5,0
9,8,831,1,0,500,0.6,1000,0.2,1400,0.2,1
9,9,386,2,10,5,0,500,0.6,1000,0.2,1400,0.2,2
9,10,927,2,10,5,0,300,0.5,1700,0.5,2
9,11,862,1,0,300,0.5,1700,0.5,2
9,12,930,2,10,5,0,300,0.5,1700,0.5,2
9,13,671,2,10,5,0,500,0.6,1000,0.2,1400,0.2,2
9,14,390,2,10,5,0,500,0.6,1000,0.2,1400,0.2,0
10,0,226,1,0,500,0.6,1000,0.2,1400,0.2,2
10,1,384,1,0,300,0.5,1700,0.5,0
10,2,459,0,0,500,0.6,1000,0.2,1400,0.2,1
10,3,797,2,10,5,0,300,0.5,1700,0.5,1
10,4,393,1,0,500,0.6,1000,0.2,1400,0.2,2
10,5,47,0,0,300,0.5,1700,0.5,0
10,6,625,0,0,300,0.5,1700,0.5,1
10,7,661,0,0,500,0.6,1000,0.2,1400,0.2,0
10,8,96,0,0,300,0.5,1700,0.5,1
10,9,550,0,0,500,0.6,1000,0.2,1400,0.2,1
10,10,779,0,0,500,0.6,1000,0.2,1400,0.2,0
10,11,15,1,0,300,0.5,1700,0.5,2
10,12,281,1,0,500,0.6,1000,0.2,1400,0.2,1
10,13,766,1,0,300,0.5,1700,0.5,1
10,14,969,0,0,300,0.5,1700,0.5,2
11,0,960,1,0,500,0.6,1000,0.2,1400,0.2,2
11,1,858,0,0,500,0.6,1000,0.2,1400,0.2,2
11,2,386,2,10,5,0,300,0.5,1700,0.5,2
11,3,648,2,10,5,0,500,0.6,1000,0.2,1400,0.2,1
11,4,469,2,10,5,0,500,0.6,1000,0.2,1400,0.2,1
11,5,538,0,0,300,0.5,1700,0.5,1
11,6,157,0,0,300,0.5,1700,0.5,0
11,7,190,1,0,300,0.5,1700,0.5,1
11,8,512,0,0,300,0.5,1700,0.5,0
11,9,593,0,0,300,0.5,1700,0.5,1
11,10,708,2,10,5,0,300,0.5,1700,0.5,1
11,11,63,2,10,5,0,300,0.5,1700,0.5,2
11,12,139,2,10,5,0,300,0.5,1700,0.5,1
11,13,445,1,0,300,0.5,1700,0.5,0
11,14,410,0,0,500,0.6,1000,0.2,1400,0.2,2
12,0,230,2,10,5,0,300,0.5,1700,0.5,2
12,1,238,0,0,300,0.5,1700,0.5,2
12,2,863,0,0,500,0.6,1000,0.2,1400,0.2,1
12,3,482,2,10,5,0,300,0.5,1700,0.5,2
12,4,103,0,0,300,0.5,1700,0.5,0
12,5,812,1,0,500,0.6,1000,0.2,1400,0.2,0
12,6,964,0,0,500,0.6,1000,0.2,1400,0.2,2
12,7,522,2,10,5,0,300,0.5,1700,0.5,1
12,8,91,1,0,500,0.6,1000,0.2,1400,0.2,1
12,9,683,1,0,300,0.5,1700,0.5,0
12,10,271,0,0,300,0.5,1700,0.5,2
12,11,574,1,0,300,0.5,1700,0.5,2
12,12,736,2,10,5,0,300,0.5,1700,0.5,0
12,13,596,0,0,300,0.5,1700,0.5,1
12,14,925,1,0,500,0.6,1000,0.2,1400,0.2,1
13,0,453,0,0,300,0.5,1700,0.5,0
13,1,804,1,0,500,0.6,1000,0.2,1400,0.2,2
13,2,109,1,0,300,0.5,1700,0.5,0
13,3,550,2,10,5,0,300,0.5,1700,0.5,0
13,4,978,2,10,5,0,300,0.5,1700,0.5,2
13,5,597,2,10,5,0,500,0.6,1000,0.2,1400,0.2,1
13,6,690,2,10,5,0,300,0.5,1700,0.5,0
13,7,698,0,0,500,0.6,1000,0.2,1400,0.2,2
13,8,752,1,0,500,0.6,1000,0.2,1400,0.2,2
13,9,35,2,10,5,0,500,0.6,1000,0.2,1400,0.2,2
13,10,992,1,0,500,0.6,1000,0.2,1400,0.2,1
13,11,184,2,10,5,0,300,0.5,1700,0.5,0
13,12,801,0,0,500,0.6,1000,0.2,1400,0.2,1
13,13,725,2,10,5,0,300,0.5,1700,0.5,2
13,14,614,2,10,5,0,500,0.6,1000,0.2,1400,0.2,0
14,0,777,1,0,300,0.5,1700,0.5,1
14,1,291,2,10,5,0,300,0.5,1700,0.5,2
14,2,552,0,0,300,0.5,1700,0.5,0
14,3,690,1,0,500,0.6,1000,0.2,1400,0.2,2
14,4,124,1,0,500,0.6,1000,0.2,1400,0.2,2
14,5,541,1,0,300,0.5,1700,0.5,2
14,6,650,1,0,500,0.6,1000,0.2,1400,0.2,0
14,7,473,1,0,500,0.6,1000,0.2,1400,0.2,1
14,8,323,1,0,300,0.5,1700,0.5,1
14,9,576,2,10,5,0,500,0.6,1000,0.2,1400,0.2,2
14,10,846,1,0,300,0.5,1700,0.5,2
14,11,536,2,10,5,0,500,0.6,1000,0.2,1400,0.2,1
14,12,76,1,0,500,0.6,1000,0.2,1400,0.2,0
14,13,290,2,10,5,0,500,0.6,1000,0.2,1400,0.2,0
14,14,299,2,10,5,0,500,0.6,1000,0.2,1400,0.2,0
