0,0,899,0,0,300,0.5,1700,0.5,0
0,1,405,2,10,5,0,500,0.6,1000,0.2,1400,0.2,0
0,2,626,2,10,5,0,500,0.6,1000,0.2,1400,0.2,0
0,3,103,1,0,300,0.5,1700,0.5,1
0,4,656,1,0,500,0.6,1000,0.2,1400,0.2,1
0,5,484,1,0,500,0.6,1000,0.2,1400,0.2,1
0,6,754,0,0,500,0.6,1000,0.2,1400,0.2,2
0,7,446,1,0,500,0.6,1000,0.2,1400,0.2,2
0,8,785,1,0,500,0.6,1000,0.2,1400,0.2,2
0,9,934,2,10,5,0,500,0.6,1000,0.2,1400,0.2,0
0,10,275,2,10,5,0,500,0.6,1000,0.2,1400,0.2,2
0,11,55,1,0,300,0.5,1700,0.5,2
0,12,858,2,10,5,0,300,0.5,1700,0.5,0
0,13,287,2,10,5,0,500,0.6,1000,0.2,1400,0.2,0
0,14,773,0,0,300,0.5,1700,0.5,0
1,0,152,2,10,5,0,500,0.6,1000,0.2,1400,0.2,2
1,1,479,2,10,5,0,300,0.5,1700,0.5,1
1,2,196,2,10,5,0,500,0.6,1000,0.2,1400,0.2,2
1,3,190,0,0,300,0.5,1700,0.5,0
1,4,566,0,0,300,0.5,1700,0.5,0
1,5,740,1,0,300,0.5,1700,0.5,2
1,6,976,0,0,300,0.5,1700,0.5,1
1,7,364,1,0,300,0.5,1700,0.5,2
1,8,649,1,0,300,0.5,1700,0.5,2
1,9,624,0,0,300,0.5,1700,0.5,1
1,10,61,1,0,300,0.5,1700,0.5,2
1,11,259,0,0,500,0.6,1000,0.2,1400,0.2,2
1,12,547,2,10,5,0,300,0.5,1700,0.5,2
1,13,357,1,0,300,0.5,1700,0.5,0
1,14,789,2,10,5,0,300,0.5,1700,0.5,0
2,0,782,0,0,300,0.5,1700,0.5,0
2,1,641,1,0,500,0.6,1000,0.2,1400,0.2,0
2,2,96,2,10,5,0,500,0.6,1000,0.2,1400,0.2,2
2,3,152,1,0,500,0.6,1000,0.2,1400,0.2,2
2,4,800,1,0,300,0.5,1700,0.5,0
2,5,95,0,0,500,0.6,1000,0.2,1400,0.2,0
2,6,945,1,0,300,0.5,1700,0.5,2
2,7,590,1,0,300,0.5,1700,0.5,2
2,8,10,1,0,300,0.5,1700,0.5,2
2,9,201,0,0,300,0.5,1700,0.5,1
2,10,562,0,0,500,0.6,1000,0.2,1400,0.2,2
2,11,949,0,0,500,0.6,1000,0.2,1400,0.2,2
2,12,628,1,0,500,0.6,1000,0.2,1400,0.2,2
2,13,728,0,0,300,0.5,1700,0.5,0
2,14,576,2,10,5,0,300,0.5,1700,0.5,2
3,0,248,1,0,500,0.6,1000,0.2,1400,0.2,1
3,1,963,2,10,5,0,300,0.5,1700,0.5,2
3,2,417,2,10,5,0,300,0.5,1700,0.5,2
3,3,998,1,0,300,0.5,1700,0.5,0
3,4,727,2,10,5,0,300,0.5,1700,0.5,2
3,5,509,0,0,300,0.5,1700,0.5,0
3,6,12,1,0,300,0.5,1700,0.5,1
3,7,952,2,10,5,0,300,0.5,1700,0.5,0
3,8,398,1,0,300,0.5,1700,0.5,0
3,9,521,1,0,300,0.5,1700,0.5,2
3,10,814,0,0,500,0.6,1000,0.2,1400,0.2,2
3,11,681,1,0,500,0.6,1000,0.2,1400,0.2,2
3,12,388,0,0,500,0.6,1000,0.2,1400,0.2,2
3,13,535,0,0,500,0.6,1000,0.2,1400,0.2,1
3,14,910,0,0,500,0.6,1000,0.2,1400,0.2,0
4,0,850,1,0,300,0.5,1700,0.5,1
4,1,161,1,0,500,0.6,1000,0.2,1400,0.2,2
4,2,385,2,10,5,0,500,0.6,1000,0.2,1400,0.2,1
4,3,912,2,10,5,0,300,0.5,1700,0.5,1
4,4,68,0,0,500,0.6,1000,0.2,1400,0.2,1
4,5,374,0,0,300,0.5,1700,0.5,2
4,6,841,0,0,300,0.5,1700,0.5,2
4,7,446,2,10,5,0,500,0.6,1000,0.2,1400,0.2,1
4,8,267,1,0,300,0.5,1700,0.5,0
4,9,792,0,0,300,0.5,1700,0.5,2
4,10,334,2,10,5,0,300,0.5,1700,0.5,2
4,11,941,2,10,5,0,500,0.6,1000,0.2,1400,0.2,2
4,12,644,1,0,300,0.5,1700,0.5,1
4,13,767,0,0,300,0.5,1700,0.5,2
4,14,816,2,10,5,0,500,0.6,1000,0.2,1400,0.2,1
5,0,385,0,0,300,0.5,1700,0.5,1
5,1,271,0,0,300,0.5,1700,0.5,1
5,2,981,0,0,500,0.6,1000,0.2,1400,0.2,2
5,3,459,2,10,5,0,500,0.6,1000,0.2,1400,0.2,2
5,4,250,2,10,5,0,300,0.5,1700,0.5,2
5,5,439,0,0,500,0.6,1000,0.2,1400,0.2,1
5,6,219,0,0,500,0.6,1000,0.2,1400,0.2,1
5,7,458,0,0,500,0.6,1000,0.2,1400,0.2,2
5,8,541,2,10,5,0,300,0.5,1700,0.5,1
5,9,116,0,0,500,0.6,1000,0.2,1400,0.2,0
5,10,413,0,0,500,0.6,1000,0.2,1400,0.2,2
5,11,851,2,10,5,0,500,0.6,1000,0.2,1400,0.2,0
5,12,69,2,10,5,0,500,0.6,1000,0.2,1400,0.2,0
5,13,171,1,0,300,0.5,1700,0.5,1
5,14,392,0,0,500,0.6,1000,0.2,1400,0.2,2
6,0,963,2,10,5,0,300,0.5,1700,0.5,0
6,1,878,0,0,500,0.6,1000,0.2,1400,0.2,2
6,2,262,1,0,500,0.6,1000,0.2,1400,0.2,1
6,3,863,1,0,300,0.5,1700,0.5,0
6,4,803,0,0,300,0.5,1700,0.5,0
6,5,144,2,10,5,0,500,0.6,1000,0.2,1400,0.2,2
6,6,929,2,10,5,0,500,0.6,1000,0.2,1400,0.2,1
6,7,898,2,10,5,0,300,0.5,1700,0.5,1
6,8,626,0,0,300,0.5,1700,0.5,0
6,9,739,1,0,500,0.6,1000,0.2,1400,0.2,1
6,10,790,0,0,500,0.6,1000,0.2,1400,0.2,0
6,11,715,0,0,500,0.6,1000,0.2,1400,0.2,0
6,12,699,2,10,5,0,500,0.6,1000,0.2,1400,0.2,1
6,13,320,0,0,300,0.5,1700,0.5,1
6,14,603,1,0,300,0.5,1700,0.5,0
7,0,949,2,10,5,0,300,0.5,1700,0.5,1
7,1,31,0,0,300,0.5,1700,0.5,2
7,2,207,1,0,300,0.5,1700,0.5,1
7,3,474,2,10,5,0,500,0.6,1000,0.2,1400,0.2,0
7,4,892,0,0,500,0.6,1000,0.2,1400,0.2,1
7,5,330,0,0,300,0.5,1700,0.5,2
7,6,89,2,10,5,0,300,0.5,1700,0.5,1
7,7,486,1,0,300,0.5,1700,0.5,0
7,8,296,1,0,500,0.6,1000,0.2,1400,0.2,0
7,9,628,0,0,500,0.6,1000,0.2,1400,0.2,1
7,10,952,1,0,500,0.6,1000,0.2,1400,0.2,0
7,11,64,0,0,300,0.5,1700,0.5,1
7,12,160,1,0,500,0.6,1000,0.2,1400,0.2,1
7,13,379,1,0,300,0.5,1700,0.5,1
7,14,215,1,0,300,0.5,1700,0.5,1
8,0,921,1,0,300,0.5,1700,0.5,2
8,1,351,1,0,500,0.6,1000,0.2,1400,0.2,0
8,2,105,0,0,300,0.5,1700,0.5,0
8,3,27,0,0,500,0.6,1000,0.2,1400,0.2,0
8,4,837,2,10,5,0,300,0.5,1700,0.5,1
8,5,630,0,0,300,0.5,1700,0.5,0
8,6,674,1,0,300,0.5,1700,0.5,1
8,7,36,0,0,500,0.6,1000,0.2,1400,0.2,2
8,8,281,1,0,300,0.5,1700,0.5,1
8,9,45,1,0,300,0.5,1700,0.5,2
8,10,33,0,0,300,0.5,1700,0.5,0
8,11,629,1,0,300,0.5,1700,0.5,2
8,12,729,2,10,5,0,300,0.5,1700,0.5,2
8,13,351,0,0,300,0.5,1700,0.5,1
8,14,258,2,10,5,0,300,0.5,1700,0.5,2
9,0,455,2,10,5,0,500,0.6,1000,0.2,1400,0.2,1
9,1,80,2,10,5,0,500,0.6,1000,0.2,1400,0.2,0
9,2,168,1,0,300,0.5,1700,0.5,1
9,3,607,1,0,500,0.6,1000,0.2,1400,0.2,0
9,4,62,2,10,5,0,300,0.5,1700,0.5,1
9,5,584,0,0,300,0.5,1700,0.5,0
9,6,892,0,0,500,0.6,1000,0.2,1400,0.2,0
9,7,848,2,10,5,0,500,0.6,1000,0.2,1400,0.2,2
9,8,670,2,10,5,0,500,0.6,1000,0.2,1400,0.2,2
9,9,754,1,0,500,0.6,1000,0.2,1400,0.2,1
9,10,977,2,10,5,0,500,0.6,1000,0.2,1400,0.2,1
9,11,839,2,10,5,0,300,0.5,1700,0.5,1
9,12,999,2,10,5,0,300,0.5,1700,0.5,0
9,13,58,1,0,300,0.5,1700,0.5,0
9,14,902,0,0,500,0.6,1000,0.2,1400,0.2,0
10,0,479,1,0,500,0.6,1000,0.2,1400,0.2,2
10,1,317,2,10,5,0,300,0.5,1700,0.5,2
10,2,415,0,0,500,0.6,1000,0.2,1400,0.2,2
10,3,429,2,10,5,0,300,0.5,1700,0.5,2
10,4,85,0,0,500,0.6,1000,0.2,1400,0.2,0
10,5,448,0,0,300,0.5,1700,0.5,2
10,6,511,1,0,300,0.5,1700,0.5,2
10,7,430,0,0,500,0.6,1000,0.2,1400,0.2,1
10,8,207,1,0,300,0.5,1700,0.5,1
10,9,909,2,10,5,0,500,0.6,1000,0.2,1400,0.2,2
10,10,636,1,0,300,0.5,1700,0.5,0
10,11,937,1,0,500,0.6,1000,0.2,1400,0.2,1
10,12,849,2,10,5,0,500,0.6,1000,0.2,1400,0.2,1
10,13,25,2,10,5,0,300,0.5,1700,0.5,1
10,14,848,0,0,500,0.6,1000,0.2,1400,0.2,2
11,0,675,1,0,300,0.5,1700,0.5,0
11,1,252,1,0,500,0.6,1000,0.2,1400,0.2,0
11,2,168,2,10,5,0,500,0.6,1000,0.2,1400,0.2,2
11,3,608,1,0,300,0.5,1700,0.5,2
11,4,308,0,0,300,0.5,1700,0.5,1
11,5,628,1,0,500,0.6,1000,0.2,1400,0.2,1
11,6,463,1,0,300,0.5,1700,0.5,1
11,7,210,0,0,300,0.5,1700,0.5,0
11,8,258,2,10,5,0,300,0.5,1700,0.5,2
11,9,641,2,10,5,0,300,0.5,1700,0.5,0
11,10,643,1,0,500,0.6,1000,0.2,1400,0.2,1
11,11,835,2,10,5,0,300,0.5,1700,0.5,2
11,12,510,0,0,300,0.5,1700,0.5,2
11,13,302,0,0,500,0.6,1000,0.2,1400,0.2,0
11,14,654,2,10,5,0,300,0.5,1700,0.5,1
12,0,225,2,10,5,0,300,0.5,1700,0.5,2
12,1,20,2,10,5,0,500,0.6,1000,0.2,1400,0.2,1
12,2,489,0,0,500,0.6,1000,0.2,1400,0.2,2
12,3,718,2,10,5,0,300,0.5,1700,0.5,0
12,4,410,2,10,5,0,300,0.5,1700,0.5,0
12,5,576,0,0,500,0.6,1000,0.2,1400,0.2,2
12,6,458,2,10,5,0,500,0.6,1000,0.2,1400,0.2,0
12,7,373,2,10,5,0,300,0.5,1700,0.5,1
12,8,535,0,0,500,0.6,1000,0.2,1400,0.2,1
12,9,644,1,0,500,0.6,1000,0.2,1400,0.2,2
12,10,409,0,0,300,0.5,1700,0.5,0
12,11,362,2,10,5,0,500,0.6,1000,0.2,1400,0.2,0
12,12,394,2,10,5,0,500,0.6,1000,0.2,1400,0.2,1
12,13,640,2,10,5,0,300,0.5,1700,0.5,0
12,14,820,0,0,500,0.6,1000,0.2,1400,0.2,2
13,0,944,0,0,500,0.6,1000,0.2,1400,0.2,0
13,1,615,2,10,5,0,500,0.6,1000,0.2,1400,0.2,2
13,2,480,2,10,5,0,300,0.5,1700,0.5,0
13,3,974,0,0,500,0.6,1000,0.2,1400,0.2,1
13,4,142,0,0,500,0.6,1000,0.2,1400,0.2,0
13,5,965,1,0,300,0.5,1700,0.5,1
13,6,898,0,0,300,0.5,1700,0.5,2
13,7,625,0,0,300,0.5,1700,0.5,0
13,8,756,2,10,5,0,300,0.5,1700,0.5,2
13,9,432,1,0,300,0.5,1700,0.5,2
13,10,205,0,0,300,0.5,1700,0.5,1
13,11,903,2,10,5,0,300,0.5,1700,0.5,2
13,12,43,1,0,500,0.6,1000,0.2,1400,0.2,2
13,13,538,2,10,5,0,300,0.5,1700,0.5,2
13,14,698,1,0,300,0.5,1700,0.5,1
14,0,836,1,0,500,0.6,1000,0.2,1400,0.2,1
14,1,386,2,10,5,0,500,0.6,1000,0.2,1400,0.2,2
14,2,113,1,0,500,0.6,1000,0.2,1400,0.2,0
14,3,949,1,0,300,0.5,1700,0.5,0
14,4,715,1,0,500,0.6,1000,0.2,1400,0.2,0
14,5,207,2,10,5,0,500,0.6,1000,0.2,1400,0.2,1
14,6,723,1,0,500,0.6,1000,0.2,1400,0.2,0
14,7,555,0,0,500,0.6,1000,0.2,1400,0.2,1
14,8,302,2,10,5,0,300,0.5,1700,0.5,0
14,9,725,0,0,500,0.6,1000,0.2,1400,0.2,1
14,10,492,0,0,300,0.5,1700,0.5,1
14,11,891,0,0,300,0.5,1700,0.5,0
14,12,789,2,10,5,0,300,0.5,1700,0.5,2
14,13,880,1,0,500,0.6,1000,0.2,1400,0.2,2
14,14,931,1,0,500,0.6,1000,0.2,1400,0.2,2
