0,0,781,2,10,5,0,300,0.5,1700,0.5,2
0,1,669,1,0,500,0.6,1000,0.2,1400,0.2,2
0,2,101,0,0,500,0.6,1000,0.2,1400,0.2,1
0,3,731,1,0,300,0.5,1700,0.5,1
0,4,242,1,0,500,0.6,1000,0.2,1400,0.2,0
0,5,662,0,0,500,0.6,1000,0.2,1400,0.2,2
0,6,504,0,0,300,0.5,1700,0.5,1
0,7,818,0,0,300,0.5,1700,0.5,1
0,8,314,1,0,500,0.6,1000,0.2,1400,0.2,2
0,9,849,1,0,300,0.5,1700,0.5,1
0,10,358,1,0,300,0.5,1700,0.5,1
0,11,534,0,0,500,0.6,1000,0.2,1400,0.2,1
0,12,778,1,0,500,0.6,1000,0.2,1400,0.2,2
0,13,70,1,0,300,0.5,1700,0.5,1
0,14,20,2,10,5,0,500,0.6,1000,0.2,1400,0.2,2
1,0,372,2,10,5,0,300,0.5,1700,0.5,2
1,1,999,2,10,5,0,500,0.6,1000,0.2,1400,0.2,1
1,2,147,0,0,300,0.5,1700,0.5,0
1,3,579,1,0,300,0.5,1700,0.5,0
1,4,561,2,10,5,0,500,0.6,1000,0.2,1400,0.2,2
1,5,86,2,10,5,0,300,0.5,1700,0.5,1
1,6,98,0,0,300,0.5,1700,0.5,2
1,7,187,1,0,300,0.5,1700,0.5,1
1,8,442,1,0,300,0.5,1700,0.5,2
1,9,495,1,0,300,0.5,1700,0.5,0
1,10,118,1,0,300,0.5,1700,0.5,2
1,11,634,2,10,5,0,500,0.6,1000,0.2,1400,0.2,0
1,12,919,1,0,500,0.6,1000,0.2,1400,0.2,0
1,13,567,2,10,5,0,300,0.5,1700,0.5,2
1,14,200,2,10,5,0,300,0.5,1700,0.5,2
2,0,783,1,0,500,0.6,1000,0.2,1400,0.2,1
2,1,320,2,10,5,0,500,0.6,1000,0.2,1400,0.2,2
2,2,700,2,10,5,0,300,0.5,1700,0.5,2
2,3,534,2,10,5,0,300,0.5,1700,0.5,1
2,4,409,0,0,300,0.5,1700,0.5,2
2,5,719,2,10,5,0,500,0.6,1000,0.2,1400,0.2,1
2,6,690,2,10,5,0,300,0.5,1700,0.5,1
2,7,186,2,10,5,0,500,0.6,1000,0.2,1400,0.2,2
2,8,631,0,0,500,0.6,1000,0.2,1400,0.2,2
2,9,326,2,10,5,0,300,0.5,1700,0.5,1
2,10,955,0,0,300,0.5,1700,0.5,0
2,11,218,2,10,5,0,500,0.6,1000,0.2,1400,0.2,0
2,12,218,2,10,5,0,300,0.5,1700,0.5,0
2,13,944,2,10,5,0,300,0.5,1700,0.5,0
2,14,694,2,10,5,0,500,0.6,1000,0.2,1400,0.2,0
3,0,188,0,0,300,0.5,1700,0.5,1
3,1,53,2,10,5,0,300,0.5,1700,0.5,2
3,2,676,1,0,500,0.6,1000,0.2,1400,0.2,1
3,3,651,1,0,500,0.6,1000,0.2,1400,0.2,2
3,4,584,1,0,500,0.6,1000,0.2,1400,0.2,1
3,5,128,1,0,500,0.6,1000,0.2,1400,0.2,1
3,6,297,1,0,300,0.5,1700,0.5,0
3,7,73,2,10,5,0,300,0.5,1700,0.5,1
3,8,412,1,0,300,0.5,1700,0.5,2
3,9,472,0,0,500,0.6,1000,0.2,1400,0.2,1
3,10,437,1,0,500,0.6,1000,0.2,1400,0.2,2
3,11,759,2,10,5,0,500,0.6,1000,0.2,1400,0.2,2
3,12,94,1,0,500,0.6,1000,0.2,1400,0.2,2
3,13,169,2,10,5,0,300,0.5,1700,0.5,1
3,14,142,0,0,500,0.6,1000,0.2,1400,0.2,2
4,0,600,2,10,5,0,300,0.5,1700,0.5,0
4,1,808,1,0,300,0.5,1700,0.5,1
4,2,20,2,10,5,0,300,0.5,1700,0.5,0
4,3,79,0,0,300,0.5,1700,0.5,1
4,4,510,2,10,5,0,300,0.5,1700,0.5,2
4,5,738,0,0,300,0.5,1700,0.5,0
4,6,670,1,0,300,0.5,1700,0.5,0
4,7,471,2,10,5,0,500,0.6,1000,0.2,1400,0.2,1
4,8,836,2,10,5,0,500,0.6,1000,0.2,1400,0.2,1
4,9,345,0,0,500,0.6,1000,0.2,1400,0.2,2
4,10,630,1,0,300,0.5,1700,0.5,2
4,11,963,2,10,5,0,300,0.5,1700,0.5,0
4,12,108,2,10,5,0,300,0.5,1700,0.5,1
4,13,246,1,0,500,0.6,1000,0.2,1400,0.2,2
4,14,974,0,0,300,0.5,1700,0.5,0
5,0,92,0,0,300,0.5,1700,0.5,0
5,1,427,1,0,300,0.5,1700,0.5,0
5,2,918,1,0,500,0.6,1000,0.2,1400,0.2,1
5,3,641,0,0,300,0.5,1700,0.5,2
5,4,26,1,0,500,0.6,1000,0.2,1400,0.2,1
5,5,222,2,10,5,0,300,0.5,1700,0.5,0
5,6,974,1,0,500,0.6,1000,0.2,1400,0.2,1
5,7,231,1,0,500,0.6,1000,0.2,1400,0.2,0
5,8,515,2,10,5,0,500,0.6,1000,0.2,1400,0.2,2
5,9,80,2,10,5,0,500,0.6,1000,0.2,1400,0.2,0
5,10,99,0,0,500,0.6,1000,0.2,1400,0.2,1
5,11,429,1,0,300,0.5,1700,0.5,2
5,12,340,0,0,500,0.6,1000,0.2,1400,0.2,2
5,13,977,2,10,5,0,500,0.6,1000,0.2,1400,0.2,1
5,14,715,1,0,300,0.5,1700,0.5,1
6,0,50,0,0,300,0.5,1700,0.5,2
6,1,925,2,10,5,0,300,0.5,1700,0.5,1
6,2,839,2,10,5,0,500,0.6,1000,0.2,1400,0.2,1
6,3,261,2,10,5,0,300,0.5,1700,0.5,0
6,4,568,0,0,500,0.6,1000,0.2,1400,0.2,0
6,5,533,1,0,500,0.6,1000,0.2,1400,0.2,1
6,6,95,2,10,5,0,500,0.6,1000,0.2,1400,0.2,2
6,7,350,2,10,5,0,500,0.6,1000,0.2,1400,0.2,0
6,8,108,1,0,300,0.5,1700,0.5,1
6,9,271,1,0,500,0.6,1000,0.2,1400,0.2,0
6,10,354,1,0,500,0.6,1000,0.2,1400,0.2,2
6,11,251,1,0,500,0.6,1000,0.2,1400,0.2,0
6,12,671,2,10,5,0,500,0.6,1000,0.2,1400,0.2,2
6,13,355,2,10,5,0,300,0.5,1700,0.5,2
6,14,392,0,0,500,0.6,1000,0.2,1400,0.2,1
7,0,126,0,0,500,0.6,1000,0.2,1400,0.2,2
7,1,621,1,0,300,0.5,1700,0.5,1
7,2,719,1,0,500,0.6,1000,0.2,1400,0.2,1
7,3,601,2,10,5,0,500,0.6,1000,0.2,1400,0.2,1
7,4,928,2,10,5,0,500,0.6,1000,0.2,1400,0.2,2
7,5,446,2,10,5,0,300,0.5,1700,0.5,0
7,6,289,0,0,500,0.6,1000,0.2,1400,0.2,2
7,7,666,0,0,300,0.5,1700,0.5,1
7,8,398,2,10,5,0,300,0.5,1700,0.5,0
7,9,498,1,0,300,0.5,1700,0.5,2
7,10,764,2,10,5,0,500,0.6,1000,0.2,1400,0.2,1
7,11,325,2,10,5,0,500,0.6,1000,0.2,1400,0.2,0
7,12,370,1,0,500,0.6,1000,0.2,1400,0.2,2
7,13,857,1,0,300,0.5,1700,0.5,0
7,14,775,0,0,500,0.6,1000,0.2,1400,0.2,2
8,0,1000,0,0,500,0.6,1000,0.2,1400,0.2,2
8,1,902,0,0,300,0.5,1700,0.5,2
8,2,188,0,0,300,0.5,1700,0.5,1
8,3,113,2,10,5,0,300,0.5,1700,0.5,1
8,4,297,2,10,5,0,500,0.6,1000,0.2,1400,0.2,1
8,5,466,0,0,500,0.6,1000,0.2,1400,0.2,2
8,6,112,0,0,300,0.5,1700,0.5,0
8,7,986,2,10,5,0,500,0.6,1000,0.2,1400,0.2,2
8,8,89,0,0,300,0.5,1700,0.5,2
8,9,37,0,0,300,0.5,1700,0.5,2
8,10,590,2,10,5,0,300,0.5,1700,0.5,0
8,11,710,1,0,500,0.6,1000,0.2,1400,0.2,1
8,12,110,1,0,500,0.6,1000,0.2,1400,0.2,1
8,13,368,1,0,300,0.5,1700,0.5,0
8,14,162,2,10,5,0,500,0.6,1000,0.2,1400,0.2,0
9,0,171,0,0,500,0.6,1000,0.2,1400,0.2,1
9,1,590,0,0,300,0.5,1700,0.5,1
9,2,462,1,0,500,0.6,1000,0.2,1400,0.2,2
9,3,695,0,0,300,0.5,1700,0.5,0
9,4,561,0,0,300,0.5,1700,0.5,0
9,5,18,0,0,500,0.6,1000,0.2,1400,0.2,0
9,6,373,1,0,500,0.6,1000,0.2,1400,0.2,2
9,7,61,1,0,300,0.5,1700,0.5,0
9,8,467,0,0,500,0.6,1000,0.2,1400,0.2,0
9,9,795,0,0,300,0.5,1700,0.5,2
9,10,610,0,0,300,0.5,1700,0.5,0
9,11,742,1,0,500,0.6,1000,0.2,1400,0.2,2
9,12,294,0,0,300,0.5,1700,0.5,0
9,13,58,2,10,5,0,500,0.6,1000,0.2,1400,0.2,1
9,14,534,2,10,5,0,500,0.6,1000,0.2,1400,0.2,2
10,0,664,0,0,500,0.6,1000,0.2,1400,0.2,1
10,1,230,0,0,300,0.5,1700,0.5,0
10,2,619,0,0,500,0.6,1000,0.2,1400,0.2,0
10,3,745,2,10,5,0,300,0.5,1700,0.5,0
10,4,281,1,0,500,0.6,1000,0.2,1400,0.2,0
10,5,354,1,0,300,0.5,1700,0.5,2
10,6,340,0,0,300,0.5,1700,0.5,0
10,7,499,0,0,500,0.6,1000,0.2,1400,0.2,2
10,8,216,2,10,5,0,300,0.5,1700,0.5,1
10,9,348,0,0,500,0.6,1000,0.2,1400,0.2,2
10,10,447,2,10,5,0,300,0.5,1700,0.5,2
10,11,216,0,0,500,0.6,1000,0.2,1400,0.2,1
10,12,879,1,0,500,0.6,1000,0.2,1400,0.2,2
10,13,713,0,0,300,0.5,1700,0.5,0
10,14,104,1,0,500,0.6,1000,0.2,1400,0.2,0
11,0,821,1,0,300,0.5,1700,0.5,1
11,1,485,2,10,5,0,500,0.6,1000,0.2,1400,0.2,1
11,2,414,2,10,5,0,500,0.6,1000,0.2,1400,0.2,0
11,3,686,1,0,500,0.6,1000,0.2,1400,0.2,1
11,4,867,1,0,300,0.5,1700,0.5,0
11,5,108,0,0,500,0.6,1000,0.2,1400,0.2,2
11,6,440,0,0,300,0.5,1700,0.5,2
11,7,499,1,0,300,0.5,1700,0.5,1
11,8,800,0,0,500,0.6,1000,0.2,1400,0.2,0
11,9,997,0,0,500,0.6,1000,0.2,1400,0.2,2
11,10,917,2,10,5,0,300,0.5,1700,0.5,2
11,11,554,0,0,300,0.5,1700,0.5,1
11,12,514,0,0,500,0.6,1000,0.2,1400,0.2,1
11,13,453,1,0,500,0.6,1000,0.2,1400,0.2,1
11,14,374,2,10,5,0,500,0.6,1000,0.2,1400,0.2,0
12,0,893,2,10,5,0,500,0.6,1000,0.2,1400,0.2,1
12,1,439,1,0,500,0.6,1000,0.2,1400,0.2,0
12,2,171,0,0,300,0.5,1700,0.5,1
12,3,470,2,10,5,0,500,0.6,1000,0.2,1400,0.2,1
12,4,244,0,0,500,0.6,1000,0.2,1400,0.2,0
12,5,887,0,0,300,0.5,1700,0.5,2
12,6,752,2,10,5,0,500,0.6,1000,0.2,1400,0.2,2
12,7,299,1,0,300,0.5,1700,0.5,2
12,8,610,2,10,5,0,500,0.6,1000,0.2,1400,0.2,1
12,9,348,1,0,300,0.5,1700,0.5,1
12,10,779,1,0,300,0.5,1700,0.5,0
12,11,993,0,0,300,0.5,1700,0.5,0
12,12,571,0,0,500,0.6,1000,0.2,1400,0.2,0
12,13,595,1,0,500,0.6,1000,0.2,1400,0.2,0
12,14,471,1,0,300,0.5,1700,0.5,2
13,0,817,0,0,300,0.5,1700,0.5,2
13,1,679,1,0,500,0.6,1000,0.2,1400,0.2,2
13,2,157,1,0,500,0.6,1000,0.2,1400,0.2,2
13,3,478,0,0,300,0.5,1700,0.5,1
13,4,437,1,0,500,0.6,1000,0.2,1400,0.2,1
13,5,596,2,10,5,0,300,0.5,1700,0.5,0
13,6,576,1,0,500,0.6,1000,0.2,1400,0.2,1
13,7,46,0,0,500,0.6,1000,0.2,1400,0.2,2
13,8,875,1,0,300,0.5,1700,0.5,1
13,9,79,0,0,300,0.5,1700,0.5,1
13,10,647,1,0,300,0.5,1700,0.5,2
13,11,908,2,10,5,0,300,0.5,1700,0.5,1
13,12,663,2,10,5,0,300,0.5,1700,0.5,0
13,13,829,2,10,5,0,500,0.6,1000,0.2,1400,0.2,0
13,14,834,1,0,500,0.6,1000,0.2,1400,0.2,1
14,0,308,1,0,500,0.6,1000,0.2,1400,0.2,1
14,1,221,0,0,500,0.6,1000,0.2,1400,0.2,1
14,2,573,2,10,5,0,300,0.5,1700,0.5,0
14,3,308,0,0,300,0.5,1700,0.5,0
14,4,131,2,10,5,0,500,0.6,1000,0.2,1400,0.2,0
14,5,451,2,10,5,0,500,0.6,1000,0.2,1400,0.2,0
14,6,953,0,0,500,0.6,1000,0.2,1400,0.2,0
14,7,915,0,0,500,0.6,1000,0.2,1400,0.2,1
14,8,285,2,10,5,0,300,0.5,1700,0.5,0
14,9,418,2,10,5,0,500,0.6,1000,0.2,1400,0.2,0
14,10,178,0,0,300,0.5,1700,0.5,2
14,11,31,1,0,500,0.6,1000,0.2,1400,0.2,0
14,12,985,1,0,300,0.5,1700,0.5,1
14,13,54,0,0,300,0.5,1700,0.5,2
14,14,98,0,0,300,0.5,1700,0.5,2
