0,0,825,0,0,500,0.6,1000,0.2,1400,0.2,1
0,1,525,2,10,5,0,500,0.6,1000,0.2,1400,0.2,1
0,2,122,1,0,500,0.6,1000,0.2,1400,0.2,1
0,3,377,0,0,500,0.6,1000,0.2,1400,0.2,2
0,4,185,0,0,300,0.5,1700,0.5,0
0,5,899,1,0,300,0.5,1700,0.5,2
0,6,683,0,0,500,0.6,1000,0.2,1400,0.2,0
0,7,764,1,0,500,0.6,1000,0.2,1400,0.2,2
0,8,166,2,10,5,0,300,0.5,1700,0.5,2
0,9,160,0,0,500,0.6,1000,0.2,1400,0.2,2
0,10,797,2,10,5,0,500,0.6,1000,0.2,1400,0.2,2
0,11,855,2,10,5,0,300,0.5,1700,0.5,0
0,12,768,0,0,500,0.6,1000,0.2,1400,0.2,1
0,13,505,0,0,300,0.5,1700,0.5,2
0,14,204,0,0,300,0.5,1700,0.5,1
1,0,115,2,10,5,0,300,0.5,1700,0.5,2
1,1,44,2,10,5,0,500,0.6,1000,0.2,1400,0.2,1
1,2,605,2,10,5,0,500,0.6,1000,0.2,1400,0.2,2
1,3,495,1,0,300,0.5,1700,0.5,0
1,4,697,2,10,5,0,500,0.6,1000,0.2,1400,0.2,1
1,5,872,1,0,500,0.6,1000,0.2,1400,0.2,2
1,6,742,1,0,300,0.5,1700,0.5,1
1,7,76,2,10,5,0,300,0.5,1700,0.5,1
1,8,502,0,0,300,0.5,1700,0.5,0
1,9,584,0,0,500,0.6,1000,0.2,1400,0.2,2
1,10,673,1,0,300,0.5,1700,0.5,2
1,11,55,0,0,500,0.6,1000,0.2,1400,0.2,2
1,12,615,2,10,5,0,300,0.5,1700,0.5,2
1,13,518,0,0,300,0.5,1700,0.5,0
1,14,413,1,0,500,0.6,1000,0.2,1400,0.2,1
2,0,639,0,0,300,0.5,1700,0.5,0
2,1,484,1,0,500,0.6,1000,0.2,1400,0.2,1
2,2,348,0,0,300,0.5,1700,0.5,2
2,3,687,2,10,5,0,300,0.5,1700,0.5,0
2,4,181,2,10,5,0,300,0.5,1700,0.5,2
2,5,336,0,0,500,0.6,1000,0.2,1400,0.2,0
2,6,279,2,10,5,0,500,0.6,1000,0.2,1400,0.2,0
2,7,276,2,10,5,0,500,0.6,1000,0.2,1400,0.2,2
2,8,883,2,10,5,0,500,0.6,1000,0.2,1400,0.2,0
2,9,998,0,0,500,0.6,1000,0.2,1400,0.2,0
2,10,775,1,0,300,0.5,1700,0.5,0
2,11,681,2,10,5,0,300,0.5,1700,0.5,0
2,12,356,1,0,300,0.5,1700,0.5,0
2,13,328,1,0,500,0.6,1000,0.2,1400,0.2,2
2,14,715,1,0,300,0.5,1700,0.5,2
3,0,877,1,0,500,0.6,1000,0.2,1400,0.2,0
3,1,808,1,0,500,0.6,1000,0.2,1400,0.2,1
3,2,897,0,0,300,0.5,1700,0.5,1
3,3,203,0,0,500,0.6,1000,0.2,1400,0.2,0
3,4,84,0,0,300,0.5,1700,0.5,2
3,5,119,1,0,500,0.6,1000,0.2,1400,0.2,1
3,6,527,2,10,5,0,500,0.6,1000,0.2,1400,0.2,0
3,7,322,0,0,300,0.5,1700,0.5,1
3,8,68,2,10,5,0,300,0.5,1700,0.5,0
3,9,899,1,0,500,0.6,1000,0.2,1400,0.2,2
3,10,166,2,10,5,0,500,0.6,1000,0.2,1400,0.2,1
3,11,657,0,0,500,0.6,1000,0.2,1400,0.2,2
3,12,321,2,10,5,0,500,0.6,1000,0.2,1400,0.2,0
3,13,781,0,0,300,0.5,1700,0.5,2
3,14,230,2,10,5,0,500,0.6,1000,0.2,1400,0.2,2
4,0,245,0,0,300,0.5,1700,0.5,0
4,1,779,2,10,5,0,500,0.6,1000,0.2,1400,0.2,2
4,2,842,1,0,300,0.5,1700,0.5,0
4,3,280,0,0,500,0.6,1000,0.2,1400,0.2,0
4,4,479,2,10,5,0,300,0.5,1700,0.5,0
4,5,328,0,0,300,0.5,1700,0.5,0
4,6,368,2,10,5,0,500,0.6,1000,0.2,1400,0.2,1
4,7,390,2,10,5,0,500,0.6,1000,0.2,1400,0.2,1
4,8,405,0,0,300,0.5,1700,0.5,1
4,9,893,1,0,500,0.6,1000,0.2,1400,0.2,1
4,10,592,0,0,500,0.6,1000,0.2,1400,0.2,1
4,11,112,2,10,5,0,500,0.6,1000,0.2,1400,0.2,2
4,12,951,2,10,5,0,500,0.6,1000,0.2,1400,0.2,0
4,13,247,1,0,500,0.6,1000,0.2,1400,0.2,1
4,14,816,0,0,300,0.5,1700,0.5,2
5,0,567,2,10,5,0,500,0.6,1000,0.2,1400,0.2,0
5,1,679,2,10,5,0,300,0.5,1700,0.5,1
5,2,773,2,10,5,0,300,0.5,1700,0.5,1
5,3,867,1,0,300,0.5,1700,0.5,2
5,4,31,0,0,500,0.6,1000,0.2,1400,0.2,1
5,5,720,2,10,5,0,300,0.5,1700,0.5,2
5,6,739,2,10,5,0,300,0.5,1700,0.5,1
5,7,882,2,10,5,0,300,0.5,1700,0.5,1
5,8,90,0,0,500,0.6,1000,0.2,1400,0.2,2
5,9,30,1,0,500,0.6,1000,0.2,1400,0.2,0
5,10,896,2,10,5,0,300,0.5,1700,0.5,1
5,11,671,1,0,500,0.6,1000,0.2,1400,0.2,0
5,12,175,0,0,500,0.6,1000,0.2,1400,0.2,2
5,13,924,0,0,500,0.6,1000,0.2,1400,0.2,1
5,14,372,0,0,500,0.6,1000,0.2,1400,0.2,2
6,0,363,2,10,5,0,500,0.6,1000,0.2,1400,0.2,1
6,1,838,2,10,5,0,300,0.5,1700,0.5,0
6,2,457,1,0,500,0.6,1000,0.2,1400,0.2,0
6,3,893,0,0,500,0.6,1000,0.2,1400,0.2,0
6,4,441,2,10,5,0,300,0.5,1700,0.5,0
6,5,590,2,10,5,0,500,0.6,1000,0.2,1400,0.2,2
6,6,646,1,0,500,0.6,1000,0.2,1400,0.2,2
6,7,695,1,0,500,0.6,1000,0.2,1400,0.2,0
6,8,272,0,0,300,0.5,1700,0.5,0
6,9,28,1,0,500,0.6,1000,0.2,1400,0.2,0
6,10,204,1,0,300,0.5,1700,0.5,1
6,11,992,0,0,500,0.6,1000,0.2,1400,0.2,0
6,12,599,1,0,300,0.5,1700,0.5,2
6,13,301,0,0,500,0.6,1000,0.2,1400,0.2,1
6,14,184,2,10,5,0,500,0.6,1000,0.2,1400,0.2,1
7,0,720,1,0,300,0.5,1700,0.5,2
7,1,839,2,10,5,0,300,0.5,1700,0.5,2
7,2,459,0,0,500,0.6,1000,0.2,1400,0.2,0
7,3,649,0,0,300,0.5,1700,0.5,1
7,4,64,0,0,300,0.5,1700,0.5,2
7,5,697,2,10,5,0,300,0.5,1700,0.5,1
7,6,242,1,0,300,0.5,1700,0.5,0
7,7,249,1,0,500,0.6,1000,0.2,1400,0.2,1
7,8,55,0,0,500,0.6,1000,0.2,1400,0.2,2
7,9,456,0,0,500,0.6,1000,0.2,1400,0.2,0
7,10,468,0,0,500,0.6,1000,0.2,1400,0.2,0
7,11,621,2,10,5,0,500,0.6,1000,0.2,1400,0.2,0
7,12,256,1,0,500,0.6,1000,0.2,1400,0.2,1
7,13,545,0,0,500,0.6,1000,0.2,1400,0.2,2
7,14,794,0,0,500,0.6,1000,0.2,1400,0.2,1
8,0,365,0,0,300,0.5,1700,0.5,0
8,1,325,0,0,300,0.5,1700,0.5,1
8,2,915,0,0,500,0.6,1000,0.2,1400,0.2,1
8,3,705,2,10,5,0,300,0.5,1700,0.5,0
8,4,912,2,10,5,0,500,0.6,1000,0.2,1400,0.2,2
8,5,470,2,10,5,0,500,0.6,1000,0.2,1400,0.2,2
8,6,570,0,0,500,0.6,1000,0.2,1400,0.2,0
8,7,753,1,0,300,0.5,1700,0.5,1
8,8,188,1,0,500,0.6,1000,0.2,1400,0.2,1
8,9,916,0,0,500,0.6,1000,0.2,1400,0.2,0
8,10,301,2,10,5,0,300,0.5,1700,0.5,1
8,11,95,0,0,500,0.6,1000,0.2,1400,0.2,1
8,12,680,1,0,500,0.6,1000,0.2,1400,0.2,2
8,13,182,2,10,5,0,300,0.5,1700,0.5,0
8,14,615,2,10,5,0,500,0.6,1000,0.2,1400,0.2,0
9,0,876,1,0,500,0.6,1000,0.2,1400,0.2,2
9,1,549,2,10,5,0,500,0.6,1000,0.2,1400,0.2,0
9,2,872,2,10,5,0,300,0.5,1700,0.5,2
9,3,396,2,10,5,0,300,0.5,1700,0.5,1
9,4,601,1,0,300,0.5,1700,0.5,2
9,5,885,2,10,5,0,300,0.5,1700,0.5,0
9,6,578,1,0,300,0.5,1700,0.5,0
9,7,490,2,10,5,0,500,0.6,1000,0.2,1400,0.2,2
9,8,60,0,0,300,0.5,1700,0.5,0
9,9,825,2,10,5,0,500,0.6,1000,0.2,1400,0.2,0
9,10,402,0,0,300,0.5,1700,0.5,2
9,11,599,0,0,300,0.5,1700,0.5,2
9,12,452,1,0,300,0.5,1700,0.5,0
9,13,848,0,0,500,0.6,1000,0.2,1400,0.2,2
9,14,220,0,0,300,0.5,1700,0.5,0
10,0,125,1,0,300,0.5,1700,0.5,2
10,1,840,1,0,500,0.6,1000,0.2,1400,0.2,1
10,2,516,0,0,300,0.5,1700,0.5,0
10,3,176,0,0,500,0.6,1000,0.2,1400,0.2,1
10,4,624,1,0,300,0.5,1700,0.5,2
10,5,67,1,0,300,0.5,1700,0.5,2
10,6,524,2,10,5,0,500,0.6,1000,0.2,1400,0.2,1
10,7,223,0,0,300,0.5,1700,0.5,2
10,8,72,0,0,500,0.6,1000,0.2,1400,0.2,0
10,9,416,1,0,300,0.5,1700,0.5,2
10,10,504,2,10,5,0,300,0.5,1700,0.5,0
10,11,370,0,0,300,0.5,1700,0.5,2
10,12,951,0,0,300,0.5,1700,0.5,0
10,13,925,2,10,5,0,500,0.6,1000,0.2,1400,0.2,0
10,14,881,2,10,5,0,300,0.5,1700,0.5,0
11,0,175,1,0,500,0.6,1000,0.2,1400,0.2,0
11,1,831,1,0,500,0.6,1000,0.2,1400,0.2,1
11,2,88,0,0,500,0.6,1000,0.2,1400,0.2,1
11,3,310,0,0,500,0.6,1000,0.2,1400,0.2,1
11,4,715,1,0,300,0.5,1700,0.5,2
11,5,584,1,0,500,0.6,1000,0.2,1400,0.2,1
11,6,525,1,0,300,0.5,1700,0.5,2
11,7,507,1,0,500,0.6,1000,0.2,1400,0.2,1
11,8,393,2,10,5,0,300,0.5,1700,0.5,0
11,9,565,2,10,5,0,500,0.6,1000,0.2,1400,0.2,0
11,10,210,0,0,300,0.5,1700,0.5,2
11,11,133,0,0,500,0.6,1000,0.2,1400,0.2,0
11,12,670,1,0,300,0.5,1700,0.5,2
11,13,139,2,10,5,0,500,0.6,1000,0.2,1400,0.2,0
11,14,177,2,10,5,0,500,0.6,1000,0.2,1400,0.2,2
12,0,198,0,0,500,0.6,1000,0.2,1400,0.2,2
12,1,23,0,0,500,0.6,1000,0.2,1400,0.2,2
12,2,925,2,10,5,0,500,0.6,1000,0.2,1400,0.2,1
12,3,130,0,0,500,0.6,1000,0.2,1400,0.2,1
12,4,265,0,0,300,0.5,1700,0.5,0
12,5,562,1,0,500,0.6,1000,0.2,1400,0.2,0
12,6,581,2,10,5,0,500,0.6,1000,0.2,1400,0.2,0
12,7,932,0,0,500,0.6,1000,0.2,1400,0.2,0
12,8,272,0,0,300,0.5,1700,0.5,1
12,9,119,2,10,5,0,500,0.6,1000,0.2,1400,0.2,2
12,10,563,2,10,5,0,500,0.6,1000,0.2,1400,0.2,0
12,11,218,0,0,300,0.5,1700,0.5,0
12,12,914,0,0,500,0.6,1000,0.2,1400,0.2,2
12,13,662,1,0,500,0.6,1000,0.2,1400,0.2,0
12,14,314,1,0,500,0.6,1000,0.2,1400,0.2,0
13,0,739,0,0,300,0.5,1700,0.5,2
13,1,505,2,10,5,0,300,0.5,1700,0.5,1
13,2,476,1,0,500,0.6,1000,0.2,1400,0.2,0
13,3,555,2,10,5,0,300,0.5,1700,0.5,1
13,4,651,0,0,300,0.5,1700,0.5,1
13,5,291,0,0,300,0.5,1700,0.5,1
13,6,973,2,10,5,0,500,0.6,1000,0.2,1400,0.2,2
13,7,862,0,0,500,0.6,1000,0.2,1400,0.2,0
13,8,877,0,0,300,0.5,1700,0.5,2
13,9,47,0,0,300,0.5,1700,0.5,0
13,10,359,0,0,500,0.6,1000,0.2,1400,0.2,0
13,11,43,2,10,5,0,300,0.5,1700,0.5,1
13,12,589,1,0,500,0.6,1000,0.2,1400,0.2,0
13,13,254,0,0,500,0.6,1000,0.2,1400,0.2,0
13,14,572,1,0,300,0.5,1700,0.5,0
14,0,550,0,0,300,0.5,1700,0.5,0
14,1,907,0,0,500,0.6,1000,0.2,1400,0.2,0
14,2,149,0,0,500,0.6,1000,0.2,1400,0.2,0
14,3,830,2,10,5,0,300,0.5,1700,0.5,0
14,4,603,1,0,500,0.6,1000,0.2,1400,0.2,0
14,5,200,1,0,300,0.5,1700,0.5,1
14,6,364,2,10,5,0,300,0.5,1700,0.5,0
14,7,385,0,0,300,0.5,1700,0.5,0
14,8,984,2,10,5,0,300,0.5,1700,0.5,1
14,9,671,1,0,500,0.6,1000,0.2,1400,0.2,1
14,10,663,1,0,500,0.6,1000,0.2,1400,0.2,1
14,11,887,1,0,300,0.5,1700,0.5,2
14,12,612,2,10,5,0,500,0.6,1000,0.2,1400,0.2,2
14,13,148,1,0,300,0.5,1700,0.5,1
14,14,868,2,10,5,0,300,0.5,1700,0.5,1
