0,0,526,2,10,5,0,500,0.6,1000,0.2,1400,0.2,2
0,1,371,2,10,5,0,500,0.6,1000,0.2,1400,0.2,2
0,2,855,1,0,300,0.5,1700,0.5,0
0,3,781,1,0,500,0.6,1000,0.2,1400,0.2,0
0,4,173,1,0,500,0.6,1000,0.2,1400,0.2,0
0,5,843,1,0,500,0.6,1000,0.2,1400,0.2,0
0,6,576,1,0,300,0.5,1700,0.5,1
0,7,675,1,0,300,0.5,1700,0.5,2
0,8,859,0,0,500,0.6,1000,0.2,1400,0.2,1
0,9,926,2,10,5,0,500,0.6,1000,0.2,1400,0.2,0
0,10,366,0,0,300,0.5,1700,0.5,0
0,11,943,1,0,300,0.5,1700,0.5,0
0,12,998,0,0,500,0.6,1000,0.2,1400,0.2,2
0,13,440,2,10,5,0,500,0.6,1000,0.2,1400,0.2,1
0,14,180,2,10,5,0,500,0.6,1000,0.2,1400,0.2,1
1,0,312,0,0,500,0.6,1000,0.2,1400,0.2,1
1,1,592,1,0,300,0.5,1700,0.5,1
1,2,450,1,0,500,0.6,1000,0.2,1400,0.2,1
1,3,255,1,0,500,0.6,1000,0.2,1400,0.2,2
1,4,145,2,10,5,0,500,0.6,1000,0.2,1400,0.2,2
1,5,865,2,10,5,0,500,0.6,1000,0.2,1400,0.2,0
1,6,429,1,0,300,0.5,1700,0.5,0
1,7,165,2,10,5,0,500,0.6,1000,0.2,1400,0.2,1
1,8,631,2,10,5,0,500,0.6,1000,0.2,1400,0.2,2
1,9,697,0,0,500,0.6,1000,0.2,1400,0.2,1
1,10,263,0,0,300,0.5,1700,0.5,1
1,11,804,0,0,300,0.5,1700,0.5,2
1,12,168,2,10,5,0,500,0.6,1000,0.2,1400,0.2,0
1,13,110,1,0,500,0.6,1000,0.2,1400,0.2,1
1,14,46,1,0,500,0.6,1000,0.2,1400,0.2,0
2,0,134,0,0,300,0.5,1700,0.5,1
2,1,875,0,0,300,0.5,1700,0.5,0
2,2,956,1,0,300,0.5,1700,0.5,2
2,3,482,0,0,500,0.6,1000,0.2,1400,0.2,1
2,4,652,2,10,5,0,500,0.6,1000,0.2,1400,0.2,2
2,5,681,0,0,500,0.6,1000,0.2,1400,0.2,2
2,6,930,2,10,5,0,500,0.6,1000,0.2,1400,0.2,2
2,7,929,1,0,300,0.5,1700,0.5,1
2,8,451,2,10,5,0,500,0.6,1000,0.2,1400,0.2,0
2,9,60,0,0,300,0.5,1700,0.5,1
2,10,999,1,0,500,0.6,1000,0.2,1400,0.2,0
2,11,204,2,10,5,0,300,0.5,1700,0.5,2
2,12,857,0,0,500,0.6,1000,0.2,1400,0.2,2
2,13,248,0,0,500,0.6,1000,0.2,1400,0.2,1
2,14,516,0,0,300,0.5,1700,0.5,2
3,0,785,1,0,300,0.5,1700,0.5,2
3,1,746,1,0,300,0.5,1700,0.5,1
3,2,837,1,0,300,0.5,1700,0.5,2
3,3,914,0,0,500,0.6,1000,0.2,1400,0.2,0
3,4,369,1,0,300,0.5,1700,0.5,1
3,5,965,2,10,5,0,500,0.6,1000,0.2,1400,0.2,1
3,6,780,2,10,5,0,300,0.5,1700,0.5,2
3,7,993,0,0,500,0.6,1000,0.2,1400,0.2,0
3,8,451,0,0,500,0.6,1000,0.2,1400,0.2,0
3,9,792,2,10,5,0,500,0.6,1000,0.2,1400,0.2,0
3,10,716,2,10,5,0,300,0.5,1700,0.5,1
3,11,897,0,0,300,0.5,1700,0.5,1
3,12,521,1,0,300,0.5,1700,0.5,1
3,13,90,1,0,500,0.6,1000,0.2,1400,0.2,1
3,14,440,1,0,300,0.5,1700,0.5,0
4,0,125,2,10,5,0,300,0.5,1700,0.5,1
4,1,184,0,0,300,0.5,1700,0.5,2
4,2,702,1,0,300,0.5,1700,0.5,0
4,3,899,1,0,300,0.5,1700,0.5,0
4,4,645,0,0,300,0.5,1700,0.5,0
4,5,347,0,0,300,0.5,1700,0.5,2
4,6,674,0,0,500,0.6,1000,0.2,1400,0.2,0
4,7,151,2,10,5,0,300,0.5,1700,0.5,1
4,8,641,2,10,5,0,300,0.5,1700,0.5,2
4,9,596,0,0,300,0.5,1700,0.5,0
4,10,82,1,0,500,0.6,1000,0.2,1400,0.2,0
4,11,555,2,10,5,0,300,0.5,1700,0.5,2
4,12,651,2,10,5,0,500,0.6,1000,0.2,1400,0.2,1
4,13,335,1,0,500,0.6,1000,0.2,1400,0.2,2
4,14,26,2,10,5,0,300,0.5,1700,0.5,1
5,0,367,1,0,300,0.5,1700,0.5,2
5,1,213,1,0,300,0.5,1700,0.5,2
5,2,299,2,10,5,0,300,0.5,1700,0.5,1
5,3,495,2,10,5,0,300,0.5,1700,0.5,0
5,4,167,2,10,5,0,500,0.6,1000,0.2,1400,0.2,2
5,5,469,0,0,500,0.6,1000,0.2,1400,0.2,2
5,6,130,1,0,300,0.5,1700,0.5,2
5,7,672,1,0,500,0.6,1000,0.2,1400,0.2,0
5,8,673,0,0,500,0.6,1000,0.2,1400,0.2,0
5,9,665,0,0,300,0.5,1700,0.5,0
5,10,760,2,10,5,0,300,0.5,1700,0.5,2
5,11,431,2,10,5,0,300,0.5,1700,0.5,2
5,12,652,1,0,300,0.5,1700,0.5,2
5,13,640,2,10,5,0,500,0.6,1000,0.2,1400,0.2,1
5,14,699,2,10,5,0,300,0.5,1700,0.5,1
6,0,235,2,10,5,0,300,0.5,1700,0.5,1
6,1,694,2,10,5,0,500,0.6,1000,0.2,1400,0.2,1
6,2,347,1,0,300,0.5,1700,0.5,1
6,3,839,0,0,500,0.6,1000,0.2,1400,0.2,1
6,4,132,1,0,500,0.6,1000,0.2,1400,0.2,0
6,5,650,1,0,300,0.5,1700,0.5,0
6,6,666,1,0,500,0.6,1000,0.2,1400,0.2,0
6,7,220,2,10,5,0,300,0.5,1700,0.5,1
6,8,925,0,0,300,0.5,1700,0.5,0
6,9,156,1,0,300,0.5,1700,0.5,1
6,10,764,1,0,500,0.6,1000,0.2,1400,0.2,1
6,11,854,1,0,300,0.5,1700,0.5,2
6,12,580,0,0,500,0.6,1000,0.2,1400,0.2,1
6,13,42,1,0,500,0.6,1000,0.2,1400,0.2,1
6,14,530,2,10,5,0,500,0.6,1000,0.2,1400,0.2,1
7,0,186,0,0,300,0.5,1700,0.5,0
7,1,891,0,0,500,0.6,1000,0.2,1400,0.2,0
7,2,153,2,10,5,0,500,0.6,1000,0.2,1400,0.2,0
7,3,216,0,0,500,0.6,1000,0.2,1400,0.2,2
7,4,459,2,10,5,0,500,0.6,1000,0.2,1400,0.2,2
7,5,287,2,10,5,0,300,0.5,1700,0.5,2
7,6,324,1,0,500,0.6,1000,0.2,1400,0.2,1
7,7,31,0,0,300,0.5,1700,0.5,2
7,8,376,2,10,5,0,500,0.6,1000,0.2,1400,0.2,0
7,9,690,0,0,300,0.5,1700,0.5,2
7,10,891,1,0,500,0.6,1000,0.2,1400,0.2,1
7,11,680,1,0,300,0.5,1700,0.5,0
7,12,448,2,10,5,0,500,0.6,1000,0.2,1400,0.2,0
7,13,421,0,0,500,0.6,1000,0.2,1400,0.2,1
7,14,639,2,10,5,0,500,0.6,1000,0.2,1400,0.2,2
8,0,769,2,10,5,0,300,0.5,1700,0.5,2
8,1,820,1,0,500,0.6,1000,0.2,1400,0.2,0
8,2,246,1,0,300,0.5,1700,0.5,2
8,3,830,1,0,500,0.6,1000,0.2,1400,0.2,2
8,4,824,0,0,300,0.5,1700,0.5,2
8,5,167,1,0,300,0.5,1700,0.5,2
8,6,468,2,10,5,0,300,0.5,1700,0.5,1
8,7,136,2,10,5,0,500,0.6,1000,0.2,1400,0.2,0
8,8,615,0,0,300,0.5,1700,0.5,1
8,9,594,0,0,500,0.6,1000,0.2,1400,0.2,2
8,10,540,2,10,5,0,300,0.5,1700,0.5,2
8,11,477,2,10,5,0,500,0.6,1000,0.2,1400,0.2,0
8,12,263,2,10,5,0,300,0.5,1700,0.5,2
8,13,582,1,0,500,0.6,1000,0.2,1400,0.2,0
8,14,919,2,10,5,0,300,0.5,1700,0.5,2
9,0,818,0,0,500,0.6,1000,0.2,1400,0.2,2
9,1,597,0,0,500,0.6,1000,0.2,1400,0.2,2
9,2,483,1,0,500,0.6,1000,0.2,1400,0.2,0
9,3,285,1,0,300,0.5,1700,0.5,1
9,4,265,2,10,5,0,500,0.6,1000,0.2,1400,0.2,1
9,5,894,2,10,5,0,300,0.5,1700,0.5,1
9,6,160,1,0,300,0.5,1700,0.5,0
9,7,360,1,0,500,0.6,1000,0.2,1400,0.2,1
9,8,606,0,0,500,0.6,1000,0.2,1400,0.2,1
9,9,981,1,0,500,0.6,1000,0.2,1400,0.2,2
9,10,437,1,0,300,0.5,1700,0.5,2
9,11,197,0,0,500,0.6,1000,0.2,1400,0.2,2
9,12,676,1,0,500,0.6,1000,0.2,1400,0.2,1
9,13,759,0,0,500,0.6,1000,0.2,1400,0.2,2
9,14,934,2,10,5,0,500,0.6,1000,0.2,1400,0.2,2
10,0,813,2,10,5,0,500,0.6,1000,0.2,1400,0.2,1
10,1,873,1,0,500,0.6,1000,0.2,1400,0.2,0
10,2,258,2,10,5,0,500,0.6,1000,0.2,1400,0.2,1
10,3,746,0,0,300,0.5,1700,0.5,0
10,4,750,2,10,5,0,300,0.5,1700,0.5,2
10,5,726,1,0,300,0.5,1700,0.5,1
10,6,524,2,10,5,0,300,0.5,1700,0.5,1
10,7,531,0,0,300,0.5,1700,0.5,1
10,8,278,2,10,5,0,500,0.6,1000,0.2,1400,0.2,0
10,9,261,0,0,300,0.5,1700,0.5,0
10,10,798,2,10,5,0,300,0.5,1700,0.5,1
10,11,363,2,10,5,0,500,0.6,1000,0.2,1400,0.2,2
10,12,600,1,0,300,0.5,1700,0.5,2
10,13,270,2,10,5,0,300,0.5,1700,0.5,0
10,14,272,2,10,5,0,500,0.6,1000,0.2,1400,0.2,2
11,0,608,2,10,5,0,300,0.5,1700,0.5,0
11,1,375,1,0,300,0.5,1700,0.5,0
11,2,14,2,10,5,0,500,0.6,1000,0.2,1400,0.2,1
11,3,648,2,10,5,0,300,0.5,1700,0.5,1
11,4,265,0,0,300,0.5,1700,0.5,0
11,5,918,2,10,5,0,500,0.6,1000,0.2,1400,0.2,1
11,6,48,0,0,300,0.5,1700,0.5,1
11,7,717,0,0,300,0.5,1700,0.5,2
11,8,77,0,0,500,0.6,1000,0.2,1400,0.2,2
11,9,39,0,0,500,0.6,1000,0.2,1400,0.2,0
11,10,133,1,0,300,0.5,1700,0.5,2
11,11,920,1,0,300,0.5,1700,0.5,0
11,12,144,1,0,300,0.5,1700,0.5,0
11,13,566,2,10,5,0,300,0.5,1700,0.5,1
11,14,412,2,10,5,0,300,0.5,1700,0.5,0
12,0,60,2,10,5,0,500,0.6,1000,0.2,1400,0.2,1
12,1,852,0,0,300,0.5,1700,0.5,1
12,2,87,2,10,5,0,500,0.6,1000,0.2,1400,0.2,0
12,3,455,1,0,300,0.5,1700,0.5,1
12,4,198,1,0,300,0.5,1700,0.5,2
12,5,793,2,10,5,0,500,0.6,1000,0.2,1400,0.2,1
12,6,815,0,0,300,0.5,1700,0.5,2
12,7,914,2,10,5,0,500,0.6,1000,0.2,1400,0.2,1
12,8,161,2,10,5,0,300,0.5,1700,0.5,1
12,9,277,1,0,300,0.5,1700,0.5,0
12,10,390,2,10,5,0,500,0.6,1000,0.2,1400,0.2,1
12,11,771,0,0,300,0.5,1700,0.5,0
12,12,594,1,0,500,0.6,1000,0.2,1400,0.2,0
12,13,561,0,0,500,0.6,1000,0.2,1400,0.2,2
12,14,628,1,0,300,0.5,1700,0.5,0
13,0,310,2,10,5,0,300,0.5,1700,0.5,2
13,1,514,1,0,500,0.6,1000,0.2,1400,0.2,2
13,2,897,1,0,500,0.6,1000,0.2,1400,0.2,2
13,3,12,0,0,500,0.6,1000,0.2,1400,0.2,1
13,4,657,2,10,5,0,500,0.6,1000,0.2,1400,0.2,1
13,5,689,1,0,500,0.6,1000,0.2,1400,0.2,2
13,6,146,0,0,300,0.5,1700,0.5,0
13,7,790,0,0,300,0.5,1700,0.5,1
13,8,775,2,10,5,0,500,0.6,1000,0.2,1400,0.2,1
13,9,388,1,0,500,0.6,1000,0.2,1400,0.2,0
13,10,930,1,0,300,0.5,1700,0.5,1
13,11,459,2,10,5,0,300,0.5,1700,0.5,2
13,12,917,0,0,300,0.5,1700,0.5,0
13,13,871,1,0,500,0.6,1000,0.2,1400,0.2,0
13,14,135,1,0,300,0.5,1700,0.5,2
14,0,273,0,0,500,0.6,1000,0.2,1400,0.2,1
14,1,928,0,0,300,0.5,1700,0.5,1
14,2,240,2,10,5,0,300,0.5,1700,0.5,1
14,3,624,1,0,500,0.6,1000,0.2,1400,0.2,2
14,4,167,1,0,500,0.6,1000,0.2,1400,0.2,0
14,5,42,0,0,500,0.6,1000,0.2,1400,0.2,0
14,6,847,1,0,500,0.6,1000,0.2,1400,0.2,2
14,7,231,0,0,500,0.6,1000,0.2,1400,0.2,0
14,8,193,2,10,5,0,500,0.6,1000,0.2,1400,0.2,1
14,9,377,0,0,500,0.6,1000,0.2,1400,0.2,2
14,10,671,0,0,300,0.5,1700,0.5,0
14,11,702,0,0,500,0.6,1000,0.2,1400,0.2,2
14,12,401,1,0,300,0.5,1700,0.5,2
14,13,192,1,0,500,0.6,1000,0.2,1400,0.2,0
14,14,31,2,10,5,0,500,0.6,1000,0.2,1400,0.2,1
