0,0,94,2,10,5,0,500,0.6,1000,0.2,1400,0.2,2
0,1,250,2,10,5,0,300,0.5,1700,0.5,0
0,2,398,0,0,500,0.6,1000,0.2,1400,0.2,0
0,3,857,2,10,5,0,500,0.6,1000,0.2,1400,0.2,0
0,4,143,0,0,300,0.5,1700,0.5,1
0,5,394,1,0,500,0.6,1000,0.2,1400,0.2,2
0,6,301,2,10,5,0,500,0.6,1000,0.2,1400,0.2,0
0,7,426,2,10,5,0,500,0.6,1000,0.2,1400,0.2,1
0,8,318,2,10,5,0,500,0.6,1000,0.2,1400,0.2,0
0,9,999,0,0,500,0.6,1000,0.2,1400,0.2,1
0,10,98,0,0,500,0.6,1000,0.2,1400,0.2,0
0,11,782,1,0,500,0.6,1000,0.2,1400,0.2,2
0,12,408,1,0,300,0.5,1700,0.5,1
0,13,341,0,0,300,0.5,1700,0.5,1
0,14,628,0,0,300,0.5,1700,0.5,1
1,0,506,0,0,300,0.5,1700,0.5,2
1,1,601,0,0,500,0.6,1000,0.2,1400,0.2,0
1,2,596,2,10,5,0,300,0.5,1700,0.5,2
1,3,948,1,0,300,0.5,1700,0.5,2
1,4,662,2,10,5,0,500,0.6,1000,0.2,1400,0.2,0
1,5,56,2,10,5,0,500,0.6,1000,0.2,1400,0.2,1
1,6,27,1,0,300,0.5,1700,0.5,1
1,7,740,2,10,5,0,500,0.6,1000,0.2,1400,0.2,0
1,8,349,2,10,5,0,500,0.6,1000,0.2,1400,0.2,1
1,9,344,0,0,500,0.6,1000,0.2,1400,0.2,2
1,10,468,1,0,300,0.5,1700,0.5,2
1,11,998,1,0,300,0.5,1700,0.5,1
1,12,685,1,0,500,0.6,1000,0.2,1400,0.2,2
1,13,916,1,0,500,0.6,1000,0.2,1400,0.2,1
1,14,608,2,10,5,0,500,0.6,1000,0.2,1400,0.2,1
2,0,689,0,0,500,0.6,1000,0.2,1400,0.2,2
2,1,72,1,0,300,0.5,1700,0.5,0
2,2,704,2,10,5,0,500,0.6,1000,0.2,1400,0.2,1
2,3,123,1,0,500,0.6,1000,0.2,1400,0.2,2
2,4,891,1,0,300,0.5,1700,0.5,1
2,5,261,0,0,300,0.5,1700,0.5,1
2,6,624,2,10,5,0,300,0.5,1700,0.5,1
2,7,845,1,0,500,0.6,1000,0.2,1400,0.2,1
2,8,526,2,10,5,0,300,0.5,1700,0.5,0
2,9,454,2,10,5,0,300,0.5,1700,0.5,2
2,10,525,2,10,5,0,300,0.5,1700,0.5,0
2,11,510,0,0,500,0.6,1000,0.2,1400,0.2,2
2,12,537,1,0,300,0.5,1700,0.5,0
2,13,891,1,0,300,0.5,1700,0.5,2
2,14,266,2,10,5,0,500,0.6,1000,0.2,1400,0.2,0
3,0,462,0,0,300,0.5,1700,0.5,1
3,1,311,2,10,5,0,300,0.5,1700,0.5,0
3,2,738,0,0,500,0.6,1000,0.2,1400,0.2,1
3,3,99,2,10,5,0,500,0.6,1000,0.2,1400,0.2,1
3,4,300,2,10,5,0,500,0.6,1000,0.2,1400,0.2,0
3,5,11,1,0,300,0.5,1700,0.5,2
3,6,173,0,0,300,0.5,1700,0.5,0
3,7,942,0,0,300,0.5,1700,0.5,1
3,8,276,2,10,5,0,300,0.5,1700,0.5,1
3,9,177,2,10,5,0,500,0.6,1000,0.2,1400,0.2,0
3,10,674,1,0,500,0.6,1000,0.2,1400,0.2,2
3,11,741,1,0,300,0.5,1700,0.5,1
3,12,280,0,0,300,0.5,1700,0.5,2
3,13,787,2,10,5,0,500,0.6,1000,0.2,1400,0.2,2
3,14,242,2,10,5,0,500,0.6,1000,0.2,1400,0.2,2
4,0,273,1,0,500,0.6,1000,0.2,1400,0.2,2
4,1,793,2,10,5,0,500,0.6,1000,0.2,1400,0.2,2
4,2,108,2,10,5,0,500,0.6,1000,0.2,1400,0.2,0
4,3,567,0,0,500,0.6,1000,0.2,1400,0.2,2
4,4,436,1,0,300,0.5,1700,0.5,1
4,5,716,0,0,300,0.5,1700,0.5,2
4,6,599,2,10,5,0,500,0.6,1000,0.2,1400,0.2,0
4,7,428,2,10,5,0,500,0.6,1000,0.2,1400,0.2,2
4,8,867,0,0,300,0.5,1700,0.5,2
4,9,991,1,0,500,0.6,1000,0.2,1400,0.2,2
4,10,767,1,0,300,0.5,1700,0.5,0
4,11,549,0,0,300,0.5,1700,0.5,0
4,12,165,2,10,5,0,300,0.5,1700,0.5,2
4,13,524,0,0,500,0.6,1000,0.2,1400,0.2,0
4,14,698,0,0,500,0.6,1000,0.2,1400,0.2,0
5,0,776,1,0,300,0.5,1700,0.5,2
5,1,614,2,10,5,0,500,0.6,1000,0.2,1400,0.2,2
5,2,21,0,0,500,0.6,1000,0.2,1400,0.2,2
5,3,733,0,0,300,0.5,1700,0.5,2
5,4,545,1,0,300,0.5,1700,0.5,1
5,5,268,2,10,5,0,300,0.5,1700,0.5,0
5,6,194,1,0,500,0.6,1000,0.2,1400,0.2,0
5,7,516,1,0,300,0.5,1700,0.5,2
5,8,969,0,0,500,0.6,1000,0.2,1400,0.2,0
5,9,496,1,0,500,0.6,1000,0.2,1400,0.2,2
5,10,373,1,0,300,0.5,1700,0.5,1
5,11,732,0,0,300,0.5,1700,0.5,2
5,12,785,1,0,300,0.5,1700,0.5,0
5,13,988,1,0,300,0.5,1700,0.5,0
5,14,954,1,0,300,0.5,1700,0.5,0
6,0,90,2,10,5,0,500,0.6,1000,0.2,1400,0.2,0
6,1,434,2,10,5,0,300,0.5,1700,0.5,0
6,2,948,0,0,300,0.5,1700,0.5,0
6,3,733,2,10,5,0,300,0.5,1700,0.5,1
6,4,464,1,0,500,0.6,1000,0.2,1400,0.2,1
6,5,375,0,0,500,0.6,1000,0.2,1400,0.2,0
6,6,355,0,0,500,0.6,1000,0.2,1400,0.2,0
6,7,880,2,10,5,0,500,0.6,1000,0.2,1400,0.2,1
6,8,423,1,0,500,0.6,1000,0.2,1400,0.2,0
6,9,486,1,0,500,0.6,1000,0.2,1400,0.2,2
6,10,415,2,10,5,0,500,0.6,1000,0.2,1400,0.2,0
6,11,207,1,0,500,0.6,1000,0.2,1400,0.2,1
6,12,602,0,0,500,0.6,1000,0.2,1400,0.2,2
6,13,759,0,0,300,0.5,1700,0.5,0
6,14,645,0,0,300,0.5,1700,0.5,2
7,0,656,2,10,5,0,500,0.6,1000,0.2,1400,0.2,0
7,1,684,2,10,5,0,500,0.6,1000,0.2,1400,0.2,2
7,2,214,2,10,5,0,500,0.6,1000,0.2,1400,0.2,2
7,3,386,1,0,500,0.6,1000,0.2,1400,0.2,0
7,4,832,0,0,300,0.5,1700,0.5,2
7,5,701,0,0,500,0.6,1000,0.2,1400,0.2,2
7,6,901,1,0,300,0.5,1700,0.5,0
7,7,827,0,0,300,0.5,1700,0.5,2
7,8,485,0,0,300,0.5,1700,0.5,1
7,9,746,1,0,500,0.6,1000,0.2,1400,0.2,2
7,10,659,0,0,300,0.5,1700,0.5,1
7,11,376,0,0,500,0.6,1000,0.2,1400,0.2,0
7,12,755,0,0,500,0.6,1000,0.2,1400,0.2,1
7,13,645,0,0,300,0.5,1700,0.5,0
7,14,15,1,0,500,0.6,1000,0.2,1400,0.2,2
8,0,958,0,0,500,0.6,1000,0.2,1400,0.2,1
8,1,196,0,0,500,0.6,1000,0.2,1400,0.2,2
8,2,125,1,0,500,0.6,1000,0.2,1400,0.2,2
8,3,369,2,10,5,0,300,0.5,1700,0.5,2
8,4,313,0,0,300,0.5,1700,0.5,0
8,5,328,0,0,500,0.6,1000,0.2,1400,0.2,2
8,6,329,2,10,5,0,300,0.5,1700,0.5,0
8,7,476,2,10,5,0,300,0.5,1700,0.5,2
8,8,569,1,0,500,0.6,1000,0.2,1400,0.2,1
8,9,639,1,0,500,0.6,1000,0.2,1400,0.2,2
8,10,968,0,0,500,0.6,1000,0.2,1400,0.2,1
8,11,322,0,0,300,0.5,1700,0.5,0
8,12,255,0,0,300,0.5,1700,0.5,0
8,13,884,1,0,500,0.6,1000,0.2,1400,0.2,1
8,14,680,2,10,5,0,300,0.5,1700,0.5,0
9,0,697,0,0,300,0.5,1700,0.5,1
9,1,975,1,0,300,0.5,1700,0.5,0
9,2,967,1,0,300,0.5,1700,0.5,2
9,3,816,0,0,300,0.5,1700,0.5,2
9,4,774,0,0,300,0.5,1700,0.5,2
9,5,537,2,10,5,0,300,0.5,1700,0.5,2
9,6,753,2,10,5,0,500,0.6,1000,0.2,1400,0.2,1
9,7,333,2,10,5,0,500,0.6,1000,0.2,1400,0.2,0
9,8,371,0,0,300,0.5,1700,0.5,0
9,9,553,0,0,500,0.6,1000,0.2,1400,0.2,0
9,10,710,2,10,5,0,300,0.5,1700,0.5,2
9,11,900,1,0,300,0.5,1700,0.5,2
9,12,725,1,0,300,0.5,1700,0.5,0
9,13,216,0,0,500,0.6,1000,0.2,1400,0.2,1
9,14,699,2,10,5,0,300,0.5,1700,0.5,0
10,0,350,2,10,5,0,500,0.6,1000,0.2,1400,0.2,2
10,1,172,0,0,300,0.5,1700,0.5,2
10,2,531,2,10,5,0,500,0.6,1000,0.2,1400,0.2,1
10,3,578,2,10,5,0,500,0.6,1000,0.2,1400,0.2,0
10,4,660,1,0,300,0.5,1700,0.5,1
10,5,948,2,10,5,0,500,0.6,1000,0.2,1400,0.2,1
10,6,792,0,0,500,0.6,1000,0.2,1400,0.2,2
10,7,151,2,10,5,0,500,0.6,1000,0.2,1400,0.2,0
10,8,434,2,10,5,0,300,0.5,1700,0.5,0
10,9,475,1,0,300,0.5,1700,0.5,1
10,10,290,2,10,5,0,500,0.6,1000,0.2,1400,0.2,2
10,11,924,0,0,300,0.5,1700,0.5,1
10,12,768,2,10,5,0,500,0.6,1000,0.2,1400,0.2,2
10,13,143,0,0,300,0.5,1700,0.5,2
10,14,871,1,0,500,0.6,1000,0.2,1400,0.2,2
11,0,672,0,0,300,0.5,1700,0.5,1
11,1,847,2,10,5,0,300,0.5,1700,0.5,1
11,2,408,0,0,300,0.5,1700,0.5,2
11,3,885,2,10,5,0,300,0.5,1700,0.5,0
11,4,168,0,0,300,0.5,1700,0.5,2
11,5,318,0,0,300,0.5,1700,0.5,1
11,6,85,2,10,5,0,500,0.6,1000,0.2,1400,0.2,0
11,7,760,2,10,5,0,300,0.5,1700,0.5,0
11,8,486,2,10,5,0,500,0.6,1000,0.2,1400,0.2,1
11,9,497,2,10,5,0,300,0.5,1700,0.5,2
11,10,625,0,0,500,0.6,1000,0.2,1400,0.2,0
11,11,974,2,10,5,0,500,0.6,1000,0.2,1400,0.2,0
11,12,818,0,0,500,0.6,1000,0.2,1400,0.2,2
11,13,262,1,0,300,0.5,1700,0.5,0
11,14,208,2,10,5,0,500,0.6,1000,0.2,1400,0.2,1
12,0,940,2,10,5,0,300,0.5,1700,0.5,0
12,1,548,1,0,300,0.5,1700,0.5,0
12,2,69,0,0,300,0.5,1700,0.5,2
12,3,363,0,0,500,0.6,1000,0.2,1400,0.2,2
12,4,246,2,10,5,0,500,0.6,1000,0.2,1400,0.2,1
12,5,926,2,10,5,0,500,0.6,1000,0.2,1400,0.2,2
12,6,401,0,0,300,0.5,1700,0.5,1
12,7,585,2,10,5,0,500,0.6,1000,0.2,1400,0.2,0
12,8,317,0,0,300,0.5,1700,0.5,2
12,9,343,1,0,500,0.6,1000,0.2,1400,0.2,0
12,10,988,1,0,300,0.5,1700,0.5,0
12,11,966,0,0,300,0.5,1700,0.5,0
12,12,244,2,10,5,0,300,0.5,1700,0.5,0
12,13,175,2,10,5,0,500,0.6,1000,0.2,1400,0.2,2
12,14,35,2,10,5,0,500,0.6,1000,0.2,1400,0.2,2
13,0,196,0,0,300,0.5,1700,0.5,0
13,1,921,0,0,500,0.6,1000,0.2,1400,0.2,0
13,2,880,1,0,500,0.6,1000,0.2,1400,0.2,0
13,3,998,1,0,300,0.5,1700,0.5,2
13,4,469,0,0,500,0.6,1000,0.2,1400,0.2,2
13,5,228,0,0,300,0.5,1700,0.5,1
13,6,997,1,0,500,0.6,1000,0.2,1400,0.2,0
13,7,880,1,0,500,0.6,1000,0.2,1400,0.2,1
13,8,139,2,10,5,0,300,0.5,1700,0.5,0
13,9,315,1,0,500,0.6,1000,0.2,1400,0.2,2
13,10,732,2,10,5,0,500,0.6,1000,0.2,1400,0.2,0
13,11,180,1,0,300,0.5,1700,0.5,0
13,12,43,1,0,500,0.6,1000,0.2,1400,0.2,0
13,13,901,1,0,500,0.6,1000,0.2,1400,0.2,2
13,14,295,2,10,5,0,500,0.6,1000,0.2,1400,0.2,2
14,0,236,0,0,300,0.5,1700,0.5,0
14,1,97,1,0,300,0.5,1700,0.5,2
14,2,696,1,0,500,0.6,1000,0.2,1400,0.2,0
14,3,211,0,0,500,0.6,1000,0.2,1400,0.2,1
14,4,683,0,0,500,0.6,1000,0.2,1400,0.2,0
14,5,962,2,10,5,0,300,0.5,1700,0.5,1
14,6,182,2,10,5,0,300,0.5,1700,0.5,2
14,7,487,1,0,500,0.6,1000,0.2,1400,0.2,2
14,8,83,2,10,5,0,300,0.5,1700,0.5,1
14,9,898,1,0,500,0.6,1000,0.2,1400,0.2,1
14,10,63,1,0,500,0.6,1000,0.2,1400,0.2,1
14,11,887,2,10,5,0,500,0.6,1000,0.2,1400,0.2,1
14,12,95,1,0,300,0.5,1700,0.5,0
14,13,224,1,0,500,0.6,1000,0.2,1400,0.2,2
14,14,532,2,10,5,0,500,0.6,1000,0.2,1400,0.2,1
