0,0,412,2,10,5,0,500,0.6,1000,0.2,1400,0.2,1
0,1,601,0,0,500,0.6,1000,0.2,1400,0.2,2
0,2,260,1,0,300,0.5,1700,0.5,0
0,3,256,2,10,5,0,300,0.5,1700,0.5,2
0,4,777,2,10,5,0,300,0.5,1700,0.5,0
0,5,222,2,10,5,0,300,0.5,1700,0.5,1
0,6,463,0,0,500,0.6,1000,0.2,1400,0.2,0
0,7,361,0,0,500,0.6,1000,0.2,1400,0.2,0
0,8,371,2,10,5,0,500,0.6,1000,0.2,1400,0.2,2
0,9,166,2,10,5,0,300,0.5,1700,0.5,2
0,10,442,0,0,300,0.5,1700,0.5,1
0,11,557,0,0,300,0.5,1700,0.5,0
0,12,633,2,10,5,0,300,0.5,1700,0.5,1
0,13,225,2,10,5,0,300,0.5,1700,0.5,0
0,14,194,1,0,500,0.6,1000,0.2,1400,0.2,1
1,0,932,0,0,500,0.6,1000,0.2,1400,0.2,0
1,1,236,2,10,5,0,500,0.6,1000,0.2,1400,0.2,1
1,2,84,0,0,500,0.6,1000,0.2,1400,0.2,0
1,3,608,1,0,300,0.5,1700,0.5,1
1,4,921,2,10,5,0,300,0.5,1700,0.5,2
1,5,966,1,0,500,0.6,1000,0.2,1400,0.2,0
1,6,932,1,0,300,0.5,1700,0.5,0
1,7,279,0,0,300,0.5,1700,0.5,0
1,8,725,2,10,5,0,500,0.6,1000,0.2,1400,0.2,0
1,9,354,1,0,500,0.6,1000,0.2,1400,0.2,0
1,10,952,1,0,500,0.6,1000,0.2,1400,0.2,1
1,11,863,1,0,500,0.6,1000,0.2,1400,0.2,0
1,12,971,1,0,500,0.6,1000,0.2,1400,0.2,0
1,13,880,2,10,5,0,300,0.5,1700,0.5,1
1,14,846,1,0,500,0.6,1000,0.2,1400,0.2,2
2,0,914,1,0,500,0.6,1000,0.2,1400,0.2,2
2,1,981,0,0,300,0.5,1700,0.5,1
2,2,890,1,0,500,0.6,1000,0.2,1400,0.2,1
2,3,374,0,0,300,0.5,1700,0.5,0
2,4,280,2,10,5,0,500,0.6,1000,0.2,1400,0.2,0
2,5,415,0,0,300,0.5,1700,0.5,0
2,6,802,2,10,5,0,500,0.6,1000,0.2,1400,0.2,2
2,7,818,2,10,5,0,500,0.6,1000,0.2,1400,0.2,1
2,8,709,0,0,500,0.6,1000,0.2,1400,0.2,2
2,9,886,1,0,300,0.5,1700,0.5,1
2,10,235,1,0,500,0.6,1000,0.2,1400,0.2,2
2,11,810,0,0,500,0.6,1000,0.2,1400,0.2,0
2,12,252,1,0,500,0.6,1000,0.2,1400,0.2,0
2,13,158,2,10,5,0,300,0.5,1700,0.5,0
2,14,758,2,10,5,0,300,0.5,1700,0.5,1
3,0,503,0,0,300,0.5,1700,0.5,1
3,1,420,0,0,300,0.5,1700,0.5,0
3,2,135,0,0,300,0.5,1700,0.5,1
3,3,669,0,0,500,0.6,1000,0.2,1400,0.2,1
3,4,434,1,0,300,0.5,1700,0.5,0
3,5,395,0,0,500,0.6,1000,0.2,1400,0.2,1
3,6,577,2,10,5,0,500,0.6,1000,0.2,1400,0.2,0
3,7,331,2,10,5,0,500,0.6,1000,0.2,1400,0.2,2
3,8,611,0,0,500,0.6,1000,0.2,1400,0.2,2
3,9,762,1,0,300,0.5,1700,0.5,1
3,10,623,2,10,5,0,500,0.6,1000,0.2,1400,0.2,2
3,11,531,0,0,500,0.6,1000,0.2,1400,0.2,0
3,12,456,0,0,300,0.5,1700,0.5,0
3,13,161,0,0,500,0.6,1000,0.2,1400,0.2,1
3,14,861,2,10,5,0,300,0.5,1700,0.5,1
4,0,757,1,0,300,0.5,1700,0.5,1
4,1,954,1,0,300,0.5,1700,0.5,1
4,2,915,2,10,5,0,500,0.6,1000,0.2,1400,0.2,1
4,3,900,1,0,500,0.6,1000,0.2,1400,0.2,2
4,4,758,0,0,500,0.6,1000,0.2,1400,0.2,2
4,5,477,1,0,300,0.5,1700,0.5,2
4,6,91,2,10,5,0,500,0.6,1000,0.2,1400,0.2,0
4,7,967,1,0,500,0.6,1000,0.2,1400,0.2,2
4,8,888,1,0,300,0.5,1700,0.5,1
4,9,431,1,0,500,0.6,1000,0.2,1400,0.2,0
4,10,514,1,0,300,0.5,1700,0.5,1
4,11,757,2,10,5,0,500,0.6,1000,0.2,1400,0.2,1
4,12,431,2,10,5,0,500,0.6,1000,0.2,1400,0.2,0
4,13,106,0,0,500,0.6,1000,0.2,1400,0.2,0
4,14,836,0,0,500,0.6,1000,0.2,1400,0.2,1
5,0,544,0,0,500,0.6,1000,0.2,1400,0.2,0
5,1,66,0,0,500,0.6,1000,0.2,1400,0.2,0
5,2,281,0,0,500,0.6,1000,0.2,1400,0.2,1
5,3,499,0,0,500,0.6,1000,0.2,1400,0.2,1
5,4,895,0,0,300,0.5,1700,0.5,2
5,5,657,0,0,500,0.6,1000,0.2,1400,0.2,1
5,6,474,0,0,300,0.5,1700,0.5,0
5,7,972,2,10,5,0,500,0.6,1000,0.2,1400,0.2,2
5,8,163,2,10,5,0,500,0.6,1000,0.2,1400,0.2,0
5,9,276,2,10,5,0,500,0.6,1000,0.2,1400,0.2,1
5,10,226,2,10,5,0,300,0.5,1700,0.5,2
5,11,541,0,0,500,0.6,1000,0.2,1400,0.2,2
5,12,532,2,10,5,0,300,0.5,1700,0.5,0
5,13,982,0,0,500,0.6,1000,0.2,1400,0.2,0
5,14,450,2,10,5,0,500,0.6,1000,0.2,1400,0.2,2
6,0,391,0,0,300,0.5,1700,0.5,2
6,1,654,0,0,300,0.5,1700,0.5,0
6,2,990,2,10,5,0,500,0.6,1000,0.2,1400,0.2,2
6,3,424,2,10,5,0,300,0.5,1700,0.5,1
6,4,387,0,0,500,0.6,1000,0.2,1400,0.2,1
6,5,134,1,0,500,0.6,1000,0.2,1400,0.2,0
6,6,531,1,0,500,0.6,1000,0.2,1400,0.2,2
6,7,942,0,0,300,0.5,1700,0.5,0
6,8,812,2,10,5,0,300,0.5,1700,0.5,2
6,9,973,2,10,5,0,300,0.5,1700,0.5,0
6,10,690,1,0,300,0.5,1700,0.5,0
6,11,555,1,0,300,0.5,1700,0.5,1
6,12,347,1,0,500,0.6,1000,0.2,1400,0.2,0
6,13,105,1,0,300,0.5,1700,0.5,0
6,14,256,2,10,5,0,500,0.6,1000,0.2,1400,0.2,1
7,0,264,2,10,5,0,300,0.5,1700,0.5,0
7,1,288,2,10,5,0,300,0.5,1700,0.5,1
7,2,766,0,0,500,0.6,1000,0.2,1400,0.2,1
7,3,44,1,0,500,0.6,1000,0.2,1400,0.2,1
7,4,878,0,0,500,0.6,1000,0.2,1400,0.2,2
7,5,356,1,0,300,0.5,1700,0.5,1
7,6,917,1,0,500,0.6,1000,0.2,1400,0.2,1
7,7,347,1,0,300,0.5,1700,0.5,0
7,8,588,2,10,5,0,500,0.6,1000,0.2,1400,0.2,1
7,9,823,1,0,500,0.6,1000,0.2,1400,0.2,2
7,10,751,1,0,300,0.5,1700,0.5,2
7,11,285,2,10,5,0,300,0.5,1700,0.5,2
7,12,419,2,10,5,0,300,0.5,1700,0.5,2
7,13,363,1,0,500,0.6,1000,0.2,1400,0.2,2
7,14,543,0,0,500,0.6,1000,0.2,1400,0.2,2
8,0,776,0,0,500,0.6,1000,0.2,1400,0.2,0
8,1,825,1,0,500,0.6,1000,0.2,1400,0.2,0
8,2,13,1,0,300,0.5,1700,0.5,1
8,3,459,0,0,300,0.5,1700,0.5,0
8,4,275,2,10,5,0,500,0.6,1000,0.2,1400,0.2,1
8,5,136,2,10,5,0,500,0.6,1000,0.2,1400,0.2,0
8,6,280,0,0,300,0.5,1700,0.5,1
8,7,288,2,10,5,0,500,0.6,1000,0.2,1400,0.2,1
8,8,683,0,0,500,0.6,1000,0.2,1400,0.2,1
8,9,591,1,0,300,0.5,1700,0.5,1
8,10,620,0,0,300,0.5,1700,0.5,2
8,11,211,1,0,300,0.5,1700,0.5,1
8,12,156,2,10,5,0,500,0.6,1000,0.2,1400,0.2,0
8,13,391,0,0,300,0.5,1700,0.5,1
8,14,89,2,10,5,0,300,0.5,1700,0.5,1
9,0,109,0,0,300,0.5,1700,0.5,1
9,1,286,2,10,5,0,300,0.5,1700,0.5,1
9,2,924,2,10,5,0,300,0.5,1700,0.5,0
9,3,925,0,0,300,0.5,1700,0.5,1
9,4,43,1,0,500,0.6,1000,0.2,1400,0.2,1
9,5,295,0,0,300,0.5,1700,0.5,2
9,6,212,1,0,300,0.5,1700,0.5,0
9,7,799,0,0,500,0.6,1000,0.2,1400,0.2,1
9,8,975,1,0,300,0.5,1700,0.5,2
9,9,79,1,0,500,0.6,1000,0.2,1400,0.2,1
9,10,636,1,0,300,0.5,1700,0.5,0
9,11,512,1,0,500,0.6,1000,0.2,1400,0.2,0
9,12,898,2,10,5,0,500,0.6,1000,0.2,1400,0.2,2
9,13,442,1,0,500,0.6,1000,0.2,1400,0.2,1
9,14,139,2,10,5,0,300,0.5,1700,0.5,1
10,0,824,2,10,5,0,300,0.5,1700,0.5,1
10,1,156,0,0,300,0.5,1700,0.5,2
10,2,554,2,10,5,0,300,0.5,1700,0.5,0
10,3,738,0,0,500,0.6,1000,0.2,1400,0.2,0
10,4,92,0,0,300,0.5,1700,0.5,1
10,5,269,2,10,5,0,500,0.6,1000,0.2,1400,0.2,0
10,6,115,2,10,5,0,500,0.6,1000,0.2,1400,0.2,0
10,7,895,2,10,5,0,300,0.5,1700,0.5,1
10,8,599,1,0,300,0.5,1700,0.5,1
10,9,931,1,0,300,0.5,1700,0.5,1
10,10,107,1,0,500,0.6,1000,0.2,1400,0.2,1
10,11,760,1,0,300,0.5,1700,0.5,0
10,12,715,0,0,500,0.6,1000,0.2,1400,0.2,2
10,13,180,1,0,300,0.5,1700,0.5,1
10,14,673,1,0,300,0.5,1700,0.5,2
11,0,113,2,10,5,0,500,0.6,1000,0.2,1400,0.2,0
11,1,913,0,0,300,0.5,1700,0.5,0
11,2,13,0,0,300,0.5,1700,0.5,2
11,3,189,1,0,500,0.6,1000,0.2,1400,0.2,2
11,4,243,0,0,500,0.6,1000,0.2,1400,0.2,2
11,5,858,2,10,5,0,500,0.6,1000,0.2,1400,0.2,2
11,6,962,1,0,500,0.6,1000,0.2,1400,0.2,0
11,7,861,2,10,5,0,300,0.5,1700,0.5,2
11,8,160,1,0,500,0.6,1000,0.2,1400,0.2,0
11,9,593,0,0,500,0.6,1000,0.2,1400,0.2,1
11,10,626,0,0,300,0.5,1700,0.5,2
11,11,659,2,10,5,0,500,0.6,1000,0.2,1400,0.2,1
11,12,423,1,0,300,0.5,1700,0.5,0
11,13,982,2,10,5,0,300,0.5,1700,0.5,0
11,14,126,0,0,300,0.5,1700,0.5,1
12,0,468,0,0,500,0.6,1000,0.2,1400,0.2,0
12,1,331,2,10,5,0,500,0.6,1000,0.2,1400,0.2,1
12,2,344,1,0,500,0.6,1000,0.2,1400,0.2,2
12,3,394,2,10,5,0,300,0.5,1700,0.5,0
12,4,955,2,10,5,0,300,0.5,1700,0.5,2
12,5,903,1,0,300,0.5,1700,0.5,1
12,6,227,0,0,500,0.6,1000,0.2,1400,0.2,2
12,7,895,0,0,300,0.5,1700,0.5,1
12,8,206,1,0,500,0.6,1000,0.2,1400,0.2,0
12,9,569,1,0,500,0.6,1000,0.2,1400,0.2,0
12,10,347,1,0,500,0.6,1000,0.2,1400,0.2,0
12,11,604,0,0,500,0.6,1000,0.2,1400,0.2,0
12,12,199,2,10,5,0,500,0.6,1000,0.2,1400,0.2,1
12,13,690,0,0,500,0.6,1000,0.2,1400,0.2,2
12,14,906,2,10,5,0,300,0.5,1700,0.5,2
13,0,939,2,10,5,0,500,0.6,1000,0.2,1400,0.2,0
13,1,356,1,0,500,0.6,1000,0.2,1400,0.2,0
13,2,569,0,0,500,0.6,1000,0.2,1400,0.2,1
13,3,535,0,0,300,0.5,1700,0.5,0
13,4,791,1,0,300,0.5,1700,0.5,2
13,5,238,0,0,300,0.5,1700,0.5,0
13,6,143,0,0,300,0.5,1700,0.5,0
13,7,895,2,10,5,0,300,0.5,1700,0.5,0
13,8,583,2,10,5,0,500,0.6,1000,0.2,1400,0.2,1
13,9,603,1,0,300,0.5,1700,0.5,0
13,10,407,0,0,500,0.6,1000,0.2,1400,0.2,0
13,11,801,1,0,300,0.5,1700,0.5,0
13,12,920,1,0,300,0.5,1700,0.5,2
13,13,300,2,10,5,0,500,0.6,1000,0.2,1400,0.2,2
13,14,285,0,0,500,0.6,1000,0.2,1400,0.2,2
14,0,715,2,10,5,0,300,0.5,1700,0.5,2
14,1,32,1,0,300,0.5,1700,0.5,1
14,2,447,2,10,5,0,500,0.6,1000,0.2,1400,0.2,2
14,3,713,2,10,5,0,500,0.6,1000,0.2,1400,0.2,2
14,4,130,1,0,300,0.5,1700,0.5,2
14,5,769,2,10,5,0,500,0.6,1000,0.2,1400,0.2,2
14,6,483,1,0,300,0.5,1700,0.5,0
14,7,885,1,0,500,0.6,1000,0.2,1400,0.2,1
14,8,466,1,0,300,0.5,1700,0.5,0
14,9,867,1,0,300,0.5,1700,0.5,1
14,10,977,1,0,300,0.5,1700,0.5,2
14,11,98,2,10,5,0,500,0.6,1000,0.2,1400,0.2,2
14,12,837,0,0,500,0.6,1000,0.2,1400,0.2,2
14,13,12,1,0,300,0.5,1700,0.5,1
14,14,547,1,0,300,0.5,1700,0.5,2
