0,0,361,2,10,5,0,300,0.5,1700,0.5,1
0,1,178,0,0,500,0.6,1000,0.2,1400,0.2,0
0,2,326,0,0,300,0.5,1700,0.5,2
0,3,149,0,0,500,0.6,1000,0.2,1400,0.2,2
0,4,597,2,10,5,0,300,0.5,1700,0.5,0
0,5,765,2,10,5,0,300,0.5,1700,0.5,0
0,6,843,1,0,300,0.5,1700,0.5,2
0,7,128,0,0,300,0.5,1700,0.5,0
0,8,64,2,10,5,0,500,0.6,1000,0.2,1400,0.2,1
0,9,520,2,10,5,0,500,0.6,1000,0.2,1400,0.2,1
0,10,102,1,0,300,0.5,1700,0.5,0
0,11,549,0,0,500,0.6,1000,0.2,1400,0.2,1
0,12,948,2,10,5,0,500,0.6,1000,0.2,1400,0.2,2
0,13,446,0,0,300,0.5,1700,0.5,0
0,14,952,2,10,5,0,300,0.5,1700,0.5,0
1,0,694,0,0,500,0.6,1000,0.2,1400,0.2,0
1,1,250,0,0,300,0.5,1700,0.5,2
1,2,560,1,0,500,0.6,1000,0.2,1400,0.2,0
1,3,930,0,0,500,0.6,1000,0.2,1400,0.2,2
1,4,739,0,0,300,0.5,1700,0.5,1
1,5,562,2,10,5,0,300,0.5,1700,0.5,0
1,6,607,1,0,500,0.6,1000,0.2,1400,0.2,0
1,7,645,0,0,300,0.5,1700,0.5,2
1,8,711,1,0,500,0.6,1000,0.2,1400,0.2,1
1,9,433,0,0,500,0.6,1000,0.2,1400,0.2,1
1,10,492,1,0,500,0.6,1000,0.2,1400,0.2,2
1,11,467,1,0,300,0.5,1700,0.5,0
1,12,715,1,0,300,0.5,1700,0.5,2
1,13,821,0,0,300,0.5,1700,0.5,1
1,14,414,2,10,5,0,300,0.5,1700,0.5,2
2,0,988,1,0,500,0.6,1000,0.2,1400,0.2,2
2,1,941,0,0,500,0.6,1000,0.2,1400,0.2,0
2,2,522,1,0,300,0.5,1700,0.5,0
2,3,146,2,10,5,0,300,0.5,1700,0.5,1
2,4,79,0,0,300,0.5,1700,0.5,1
2,5,804,2,10,5,0,500,0.6,1000,0.2,1400,0.2,1
2,6,391,2,10,5,0,300,0.5,1700,0.5,2
2,7,167,1,0,500,0.6,1000,0.2,1400,0.2,1
2,8,705,2,10,5,0,500,0.6,1000,0.2,1400,0.2,2
2,9,148,1,0,300,0.5,1700,0.5,1
2,10,12,2,10,5,0,300,0.5,1700,0.5,2
2,11,719,2,10,5,0,500,0.6,1000,0.2,1400,0.2,1
2,12,910,1,0,300,0.5,1700,0.5,2
2,13,774,1,0,500,0.6,1000,0.2,1400,0.2,0
2,14,273,1,0,500,0.6,1000,0.2,1400,0.2,1
3,0,239,0,0,300,0.5,1700,0.5,2
3,1,710,0,0,500,0.6,1000,0.2,1400,0.2,2
3,2,263,2,10,5,0,300,0.5,1700,0.5,2
3,3,78,2,10,5,0,500,0.6,1000,0.2,1400,0.2,1
3,4,623,2,10,5,0,300,0.5,1700,0.5,1
3,5,456,1,0,300,0.5,1700,0.5,2
3,6,918,2,10,5,0,500,0.6,1000,0.2,1400,0.2,2
3,7,455,1,0,500,0.6,1000,0.2,1400,0.2,1
3,8,999,2,10,5,0,300,0.5,1700,0.5,0
3,9,888,0,0,500,0.6,1000,0.2,1400,0.2,2
3,10,897,1,0,500,0.6,1000,0.2,1400,0.2,1
3,11,349,2,10,5,0,300,0.5,1700,0.5,2
3,12,452,2,10,5,0,500,0.6,1000,0.2,1400,0.2,0
3,13,60,0,0,500,0.6,1000,0.2,1400,0.2,1
3,14,955,0,0,300,0.5,1700,0.5,0
4,0,462,0,0,300,0.5,1700,0.5,2
4,1,899,1,0,500,0.6,1000,0.2,1400,0.2,2
4,2,336,2,10,5,0,500,0.6,1000,0.2,1400,0.2,0
4,3,98,0,0,500,0.6,1000,0.2,1400,0.2,2
4,4,18,1,0,300,0.5,1700,0.5,0
4,5,233,0,0,500,0.6,1000,0.2,1400,0.2,2
4,6,302,0,0,500,0.6,1000,0.2,1400,0.2,0
4,7,276,0,0,500,0.6,1000,0.2,1400,0.2,1
4,8,131,2,10,5,0,300,0.5,1700,0.5,0
4,9,692,2,10,5,0,300,0.5,1700,0.5,1
4,10,869,2,10,5,0,500,0.6,1000,0.2,1400,0.2,2
4,11,586,0,0,300,0.5,1700,0.5,0
4,12,851,2,10,5,0,300,0.5,1700,0.5,1
4,13,621,1,0,500,0.6,1000,0.2,1400,0.2,1
4,14,357,0,0,500,0.6,1000,0.2,1400,0.2,1
5,0,810,0,0,300,0.5,1700,0.5,0
5,1,582,2,10,5,0,500,0.6,1000,0.2,1400,0.2,1
5,2,661,0,0,300,0.5,1700,0.5,2
5,3,753,1,0,500,0.6,1000,0.2,1400,0.2,2
5,4,306,0,0,500,0.6,1000,0.2,1400,0.2,1
5,5,584,2,10,5,0,500,0.6,1000,0.2,1400,0.2,2
5,6,235,0,0,500,0.6,1000,0.2,1400,0.2,0
5,7,604,1,0,300,0.5,1700,0.5,1
5,8,878,2,10,5,0,300,0.5,1700,0.5,2
5,9,918,0,0,500,0.6,1000,0.2,1400,0.2,2
5,10,113,0,0,500,0.6,1000,0.2,1400,0.2,0
5,11,732,2,10,5,0,500,0.6,1000,0.2,1400,0.2,2
5,12,172,2,10,5,0,500,0.6,1000,0.2,1400,0.2,2
5,13,196,2,10,5,0,300,0.5,1700,0.5,2
5,14,43,1,0,300,0.5,1700,0.5,0
6,0,959,2,10,5,0,300,0.5,1700,0.5,0
6,1,980,0,0,300,0.5,1700,0.5,0
6,2,61,0,0,500,0.6,1000,0.2,1400,0.2,2
6,3,664,0,0,300,0.5,1700,0.5,1
6,4,750,0,0,500,0.6,1000,0.2,1400,0.2,2
6,5,403,0,0,500,0.6,1000,0.2,1400,0.2,1
6,6,156,0,0,500,0.6,1000,0.2,1400,0.2,0
6,7,292,2,10,5,0,500,0.6,1000,0.2,1400,0.2,2
6,8,552,0,0,500,0.6,1000,0.2,1400,0.2,2
6,9,295,2,10,5,0,500,0.6,1000,0.2,1400,0.2,2
6,10,573,2,10,5,0,500,0.6,1000,0.2,1400,0.2,1
6,11,918,0,0,300,0.5,1700,0.5,0
6,12,971,1,0,500,0.6,1000,0.2,1400,0.2,2
6,13,82,0,0,500,0.6,1000,0.2,1400,0.2,1
6,14,412,2,10,5,0,300,0.5,1700,0.5,0
7,0,676,0,0,300,0.5,1700,0.5,1
7,1,183,0,0,300,0.5,1700,0.5,2
7,2,797,1,0,300,0.5,1700,0.5,2
7,3,526,0,0,500,0.6,1000,0.2,1400,0.2,0
7,4,632,0,0,500,0.6,1000,0.2,1400,0.2,1
7,5,310,2,10,5,0,500,0.6,1000,0.2,1400,0.2,0
7,6,609,2,10,5,0,300,0.5,1700,0.5,0
7,7,148,1,0,300,0.5,1700,0.5,0
7,8,773,1,0,300,0.5,1700,0.5,1
7,9,605,1,0,500,0.6,1000,0.2,1400,0.2,0
7,10,295,2,10,5,0,300,0.5,1700,0.5,0
7,11,186,1,0,300,0.5,1700,0.5,2
7,12,651,2,10,5,0,300,0.5,1700,0.5,0
7,13,177,1,0,500,0.6,1000,0.2,1400,0.2,2
7,14,399,2,10,5,0,500,0.6,1000,0.2,1400,0.2,1
8,0,235,1,0,300,0.5,1700,0.5,0
8,1,266,0,0,500,0.6,1000,0.2,1400,0.2,2
8,2,756,0,0,300,0.5,1700,0.5,2
8,3,81,1,0,500,0.6,1000,0.2,1400,0.2,1
8,4,217,2,10,5,0,500,0.6,1000,0.2,1400,0.2,1
8,5,996,1,0,300,0.5,1700,0.5,0
8,6,173,1,0,500,0.6,1000,0.2,1400,0.2,1
8,7,868,1,0,300,0.5,1700,0.5,2
8,8,955,0,0,500,0.6,1000,0.2,1400,0.2,2
8,9,682,0,0,300,0.5,1700,0.5,2
8,10,653,0,0,500,0.6,1000,0.2,1400,0.2,1
8,11,458,1,0,500,0.6,1000,0.2,1400,0.2,0
8,12,36,0,0,300,0.5,1700,0.5,2
8,13,685,2,10,5,0,300,0.5,1700,0.5,0
8,14,306,2,10,5,0,500,0.6,1000,0.2,1400,0.2,1
9,0,406,2,10,5,0,300,0.5,1700,0.5,1
9,1,295,0,0,500,0.6,1000,0.2,1400,0.2,1
9,2,264,2,10,5,0,500,0.6,1000,0.2,1400,0.2,0
9,3,156,1,0,300,0.5,1700,0.5,1
9,4,464,1,0,300,0.5,1700,0.5,2
9,5,243,2,10,5,0,500,0.6,1000,0.2,1400,0.2,2
9,6,249,2,10,5,0,500,0.6,1000,0.2,1400,0.2,0
9,7,335,2,10,5,0,500,0.6,1000,0.2,1400,0.2,0
9,8,289,0,0,500,0.6,1000,0.2,1400,0.2,2
9,9,551,2,10,5,0,500,0.6,1000,0.2,1400,0.2,0
9,10,963,0,0,300,0.5,1700,0.5,2
9,11,181,1,0,500,0.6,1000,0.2,1400,0.2,0
9,12,109,1,0,500,0.6,1000,0.2,1400,0.2,2
9,13,707,1,0,300,0.5,1700,0.5,1
9,14,490,2,10,5,0,300,0.5,1700,0.5,1
10,0,799,0,0,300,0.5,1700,0.5,0
10,1,29,2,10,5,0,300,0.5,1700,0.5,2
10,2,756,1,0,500,0.6,1000,0.2,1400,0.2,1
10,3,245,1,0,500,0.6,1000,0.2,1400,0.2,1
10,4,264,2,10,5,0,300,0.5,1700,0.5,0
10,5,225,0,0,300,0.5,1700,0.5,0
10,6,714,1,0,500,0.6,1000,0.2,1400,0.2,1
10,7,375,0,0,500,0.6,1000,0.2,1400,0.2,1
10,8,975,2,10,5,0,300,0.5,1700,0.5,2
10,9,611,0,0,500,0.6,1000,0.2,1400,0.2,2
10,10,881,1,0,500,0.6,1000,0.2,1400,0.2,1
10,11,458,1,0,300,0.5,1700,0.5,1
10,12,526,1,0,500,0.6,1000,0.2,1400,0.2,1
10,13,853,0,0,500,0.6,1000,0.2,1400,0.2,2
10,14,921,1,0,500,0.6,1000,0.2,1400,0.2,2
11,0,245,0,0,500,0.6,1000,0.2,1400,0.2,0
11,1,504,0,0,300,0.5,1700,0.5,1
11,2,11,2,10,5,0,500,0.6,1000,0.2,1400,0.2,2
11,3,754,0,0,500,0.6,1000,0.2,1400,0.2,2
11,4,922,2,10,5,0,500,0.6,1000,0.2,1400,0.2,2
11,5,360,2,10,5,0,300,0.5,1700,0.5,0
11,6,142,0,0,500,0.6,1000,0.2,1400,0.2,1
11,7,874,0,0,300,0.5,1700,0.5,2
11,8,969,2,10,5,0,500,0.6,1000,0.2,1400,0.2,2
11,9,191,1,0,300,0.5,1700,0.5,0
11,10,862,0,0,500,0.6,1000,0.2,1400,0.2,1
11,11,464,1,0,500,0.6,1000,0.2,1400,0.2,0
11,12,704,2,10,5,0,500,0.6,1000,0.2,1400,0.2,0
11,13,736,0,0,300,0.5,1700,0.5,1
11,14,897,1,0,300,0.5,1700,0.5,1
12,0,101,1,0,300,0.5,1700,0.5,2
12,1,598,2,10,5,0,500,0.6,1000,0.2,1400,0.2,1
12,2,473,0,0,500,0.6,1000,0.2,1400,0.2,0
12,3,891,2,10,5,0,300,0.5,1700,0.5,0
12,4,590,0,0,500,0.6,1000,0.2,1400,0.2,1
12,5,508,2,10,5,0,300,0.5,1700,0.5,2
12,6,33,1,0,300,0.5,1700,0.5,1
12,7,527,2,10,5,0,300,0.5,1700,0.5,1
12,8,640,2,10,5,0,500,0.6,1000,0.2,1400,0.2,0
12,9,590,1,0,500,0.6,1000,0.2,1400,0.2,0
12,10,832,0,0,500,0.6,1000,0.2,1400,0.2,0
12,11,527,2,10,5,0,300,0.5,1700,0.5,2
12,12,215,2,10,5,0,500,0.6,1000,0.2,1400,0.2,0
12,13,297,2,10,5,0,500,0.6,1000,0.2,1400,0.2,1
12,14,752,2,10,5,0,500,0.6,1000,0.2,1400,0.2,1
13,0,855,2,10,5,0,500,0.6,1000,0.2,1400,0.2,1
13,1,204,1,0,500,0.6,1000,0.2,1400,0.2,1
13,2,380,0,0,300,0.5,1700,0.5,0
13,3,972,2,10,5,0,500,0.6,1000,0.2,1400,0.2,2
13,4,268,0,0,300,0.5,1700,0.5,0
13,5,205,1,0,500,0.6,1000,0.2,1400,0.2,1
13,6,690,1,0,500,0.6,1000,0.2,1400,0.2,1
13,7,801,2,10,5,0,500,0.6,1000,0.2,1400,0.2,0
13,8,205,0,0,500,0.6,1000,0.2,1400,0.2,1
13,9,574,2,10,5,0,300,0.5,1700,0.5,1
13,10,492,0,0,500,0.6,1000,0.2,1400,0.2,1
13,11,447,0,0,300,0.5,1700,0.5,2
13,12,548,0,0,500,0.6,1000,0.2,1400,0.2,2
13,13,132,2,10,5,0,300,0.5,1700,0.5,2
13,14,20,0,0,500,0.6,1000,0.2,1400,0.2,1
14,0,339,1,0,300,0.5,1700,0.5,1
14,1,833,0,0,300,0.5,1700,0.5,1
14,2,255,2,10,5,0,300,0.5,1700,0.5,1
14,3,250,0,0,300,0.5,1700,0.5,1
14,4,555,1,0,500,0.6,1000,0.2,1400,0.2,1
14,5,24,0,0,500,0.6,1000,0.2,1400,0.2,1
14,6,682,0,0,500,0.6,1000,0.2,1400,0.2,1
14,7,426,2,10,5,0,300,0.5,1700,0.5,0
14,8,722,2,10,5,0,300,0.5,1700,0.5,2
14,9,751,1,0,300,0.5,1700,0.5,1
14,10,49,1,0,500,0.6,1000,0.2,1400,0.2,1
14,11,127,1,0,500,0.6,1000,0.2,1400,0.2,0
14,12,663,0,0,500,0.6,1000,0.2,1400,0.2,0
14,13,64,1,0,500,0.6,1000,0.2,1400,0.2,1
14,14,78,0,0,300,0.5,1700,0.5,0
