0,0,697,0,0,300,0.5,1700,0.5,0
0,1,762,0,0,300,0.5,1700,0.5,2
0,2,235,2,10,5,0,300,0.5,1700,0.5,0
0,3,657,2,10,5,0,300,0.5,1700,0.5,1
0,4,236,1,0,500,0.6,1000,0.2,1400,0.2,0
0,5,599,1,0,300,0.5,1700,0.5,0
0,6,377,0,0,500,0.6,1000,0.2,1400,0.2,2
0,7,820,1,0,500,0.6,1000,0.2,1400,0.2,0
0,8,965,2,10,5,0,500,0.6,1000,0.2,1400,0.2,0
0,9,549,2,10,5,0,300,0.5,1700,0.5,2
0,10,979,1,0,300,0.5,1700,0.5,1
0,11,280,2,10,5,0,300,0.5,1700,0.5,0
0,12,448,1,0,500,0.6,1000,0.2,1400,0.2,1
0,13,77,0,0,300,0.5,1700,0.5,2
0,14,488,2,10,5,0,500,0.6,1000,0.2,1400,0.2,0
1,0,103,2,10,5,0,300,0.5,1700,0.5,2
1,1,20,2,10,5,0,300,0.5,1700,0.5,1
1,2,641,0,0,500,0.6,1000,0.2,1400,0.2,1
1,3,732,0,0,300,0.5,1700,0.5,0
1,4,796,1,0,300,0.5,1700,0.5,1
1,5,801,2,10,5,0,300,0.5,1700,0.5,0
1,6,615,2,10,5,0,300,0.5,1700,0.5,1
1,7,525,2,10,5,0,300,0.5,1700,0.5,0
1,8,939,1,0,300,0.5,1700,0.5,1
1,9,504,0,0,300,0.5,1700,0.5,1
1,10,379,1,0,300,0.5,1700,0.5,0
1,11,76,2,10,5,0,500,0.6,1000,0.2,1400,0.2,0
1,12,654,1,0,500,0.6,1000,0.2,1400,0.2,2
1,13,993,2,10,5,0,300,0.5,1700,0.5,0
1,14,19,0,0,300,0.5,1700,0.5,0
2,0,194,0,0,500,0.6,1000,0.2,1400,0.2,1
2,1,100,2,10,5,0,500,0.6,1000,0.2,1400,0.2,0
2,2,157,1,0,500,0.6,1000,0.2,1400,0.2,0
2,3,753,0,0,300,0.5,1700,0.5,0
2,4,744,1,0,300,0.5,1700,0.5,0
2,5,424,0,0,500,0.6,1000,0.2,1400,0.2,2
2,6,462,1,0,500,0.6,1000,0.2,1400,0.2,2
2,7,514,0,0,300,0.5,1700,0.5,1
2,8,772,1,0,500,0.6,1000,0.2,1400,0.2,0
2,9,406,1,0,500,0.6,1000,0.2,1400,0.2,0
2,10,100,2,10,5,0,500,0.6,1000,0.2,1400,0.2,0
2,11,917,1,0,300,0.5,1700,0.5,1
2,12,648,2,10,5,0,500,0.6,1000,0.2,1400,0.2,1
2,13,632,2,10,5,0,500,0.6,1000,0.2,1400,0.2,1
2,14,341,2,10,5,0,300,0.5,1700,0.5,1
3,0,807,0,0,300,0.5,1700,0.5,1
3,1,218,1,0,300,0.5,1700,0.5,1
3,2,18,2,10,5,0,300,0.5,1700,0.5,0
3,3,557,2,10,5,0,300,0.5,1700,0.5,2
3,4,500,0,0,500,0.6,1000,0.2,1400,0.2,0
3,5,10,2,10,5,0,300,0.5,1700,0.5,1
3,6,261,1,0,500,0.6,1000,0.2,1400,0.2,1
3,7,946,2,10,5,0,500,0.6,1000,0.2,1400,0.2,0
3,8,792,2,10,5,0,500,0.6,1000,0.2,1400,0.2,0
3,9,477,2,10,5,0,500,0.6,1000,0.2,1400,0.2,2
3,10,735,2,10,5,0,500,0.6,1000,0.2,1400,0.2,2
3,11,465,1,0,300,0.5,1700,0.5,0
3,12,640,0,0,300,0.5,1700,0.5,1
3,13,777,0,0,500,0.6,1000,0.2,1400,0.2,2
3,14,313,0,0,300,0.5,1700,0.5,2
4,0,524,2,10,5,0,500,0.6,1000,0.2,1400,0.2,2
4,1,689,2,10,5,0,500,0.6,1000,0.2,1400,0.2,2
4,2,661,0,0,300,0.5,1700,0.5,0
4,3,830,2,10,5,0,500,0.6,1000,0.2,1400,0.2,0
4,4,131,0,0,500,0.6,1000,0.2,1400,0.2,0
4,5,241,0,0,500,0.6,1000,0.2,1400,0.2,2
4,6,894,2,10,5,0,300,0.5,1700,0.5,2
4,7,497,1,0,300,0.5,1700,0.5,1
4,8,303,1,0,300,0.5,1700,0.5,1
4,9,915,1,0,300,0.5,1700,0.5,1
4,10,943,2,10,5,0,300,0.5,1700,0.5,1
4,11,202,1,0,300,0.5,1700,0.5,1
4,12,287,0,0,300,0.5,1700,0.5,1
4,13,150,2,10,5,0,500,0.6,1000,0.2,1400,0.2,2
4,14,705,1,0,500,0.6,1000,0.2,1400,0.2,0
5,0,843,2,10,5,0,300,0.5,1700,0.5,0
5,1,623,0,0,500,0.6,1000,0.2,1400,0.2,0
5,2,778,2,10,5,0,300,0.5,1700,0.5,2
5,3,500,2,10,5,0,300,0.5,1700,0.5,2
5,4,710,1,0,300,0.5,1700,0.5,2
5,5,630,2,10,5,0,300,0.5,1700,0.5,1
5,6,872,0,0,500,0.6,1000,0.2,1400,0.2,1
5,7,145,1,0,300,0.5,1700,0.5,0
5,8,104,1,0,500,0.6,1000,0.2,1400,0.2,2
5,9,699,1,0,500,0.6,1000,0.2,1400,0.2,0
5,10,220,2,10,5,0,300,0.5,1700,0.5,2
5,11,526,1,0,500,0.6,1000,0.2,1400,0.2,0
5,12,794,2,10,5,0,500,0.6,1000,0.2,1400,0.2,2
5,13,666,0,0,500,0.6,1000,0.2,1400,0.2,0
5,14,517,0,0,300,0.5,1700,0.5,2
6,0,390,2,10,5,0,300,0.5,1700,0.5,1
6,1,869,2,10,5,0,300,0.5,1700,0.5,1
6,2,397,1,0,500,0.6,1000,0.2,1400,0.2,1
6,3,839,1,0,500,0.6,1000,0.2,1400,0.2,0
6,4,319,0,0,300,0.5,1700,0.5,1
6,5,171,0,0,500,0.6,1000,0.2,1400,0.2,0
6,6,261,1,0,500,0.6,1000,0.2,1400,0.2,2
6,7,838,1,0,500,0.6,1000,0.2,1400,0.2,0
6,8,620,0,0,300,0.5,1700,0.5,2
6,9,651,0,0,300,0.5,1700,0.5,2
6,10,701,0,0,500,0.6,1000,0.2,1400,0.2,0
6,11,544,2,10,5,0,300,0.5,1700,0.5,1
6,12,594,2,10,5,0,500,0.6,1000,0.2,1400,0.2,1
6,13,586,2,10,5,0,300,0.5,1700,0.5,2
6,14,38,2,10,5,0,500,0.6,1000,0.2,1400,0.2,0
7,0,861,2,10,5,0,300,0.5,1700,0.5,2
7,1,64,0,0,500,0.6,1000,0.2,1400,0.2,1
7,2,945,0,0,500,0.6,1000,0.2,1400,0.2,1
7,3,643,0,0,300,0.5,1700,0.5,1
7,4,753,0,0,500,0.6,1000,0.2,1400,0.2,1
7,5,322,2,10,5,0,300,0.5,1700,0.5,2
7,6,629,2,10,5,0,300,0.5,1700,0.5,2
7,7,855,1,0,300,0.5,1700,0.5,2
7,8,662,2,10,5,0,500,0.6,1000,0.2,1400,0.2,0
7,9,407,1,0,500,0.6,1000,0.2,1400,0.2,2
7,10,865,2,10,5,0,500,0.6,1000,0.2,1400,0.2,1
7,11,388,2,10,5,0,500,0.6,1000,0.2,1400,0.2,0
7,12,467,0,0,300,0.5,1700,0.5,1
7,13,737,0,0,500,0.6,1000,0.2,1400,0.2,1
7,14,930,1,0,300,0.5,1700,0.5,2
8,0,822,1,0,500,0.6,1000,0.2,1400,0.2,1
8,1,643,2,10,5,0,300,0.5,1700,0.5,0
8,2,741,0,0,300,0.5,1700,0.5,0
8,3,930,2,10,5,0,300,0.5,1700,0.5,1
8,4,854,2,10,5,0,500,0.6,1000,0.2,1400,0.2,2
8,5,722,1,0,300,0.5,1700,0.5,2
8,6,951,2,10,5,0,300,0.5,1700,0.5,1
8,7,571,2,10,5,0,500,0.6,1000,0.2,1400,0.2,0
8,8,140,1,0,300,0.5,1700,0.5,1
8,9,478,2,10,5,0,300,0.5,1700,0.5,1
8,10,542,0,0,300,0.5,1700,0.5,1
8,11,877,1,0,500,0.6,1000,0.2,1400,0.2,1
8,12,158,1,0,300,0.5,1700,0.5,1
8,13,521,2,10,5,0,300,0.5,1700,0.5,2
8,14,131,0,0,300,0.5,1700,0.5,0
9,0,309,1,0,300,0.5,1700,0.5,0
9,1,731,2,10,5,0,300,0.5,1700,0.5,1
9,2,615,1,0,300,0.5,1700,0.5,2
9,3,303,2,10,5,0,500,0.6,1000,0.2,1400,0.2,1
9,4,697,0,0,300,0.5,1700,0.5,0
9,5,831,2,10,5,0,300,0.5,1700,0.5,1
9,6,846,0,0,300,0.5,1700,0.5,2
9,7,460,2,10,5,0,500,0.6,1000,0.2,1400,0.2,0
9,8,391,0,0,500,0.6,1000,0.2,1400,0.2,0
9,9,353,2,10,5,0,300,0.5,1700,0.5,0
9,10,357,2,10,5,0,500,0.6,1000,0.2,1400,0.2,2
9,11,128,1,0,300,0.5,1700,0.5,2
9,12,715,1,0,300,0.5,1700,0.5,2
9,13,916,1,0,500,0.6,1000,0.2,1400,0.2,2
9,14,829,2,10,5,0,300,0.5,1700,0.5,1
10,0,677,0,0,300,0.5,1700,0.5,0
10,1,933,1,0,500,0.6,1000,0.2,1400,0.2,2
10,2,99,2,10,5,0,300,0.5,1700,0.5,0
10,3,171,0,0,500,0.6,1000,0.2,1400,0.2,0
10,4,982,0,0,500,0.6,1000,0.2,1400,0.2,1
10,5,829,1,0,500,0.6,1000,0.2,1400,0.2,0
10,6,851,2,10,5,0,500,0.6,1000,0.2,1400,0.2,0
10,7,241,1,0,500,0.6,1000,0.2,1400,0.2,2
10,8,481,2,10,5,0,300,0.5,1700,0.5,2
10,9,812,2,10,5,0,500,0.6,1000,0.2,1400,0.2,2
10,10,189,1,0,300,0.5,1700,0.5,0
10,11,273,2,10,5,0,500,0.6,1000,0.2,1400,0.2,0
10,12,835,1,0,500,0.6,1000,0.2,1400,0.2,1
10,13,81,0,0,300,0.5,1700,0.5,0
10,14,114,0,0,300,0.5,1700,0.5,2
11,0,581,1,0,300,0.5,1700,0.5,0
11,1,50,0,0,300,0.5,1700,0.5,0
11,2,914,1,0,300,0.5,1700,0.5,0
11,3,739,1,0,500,0.6,1000,0.2,1400,0.2,2
11,4,469,2,10,5,0,500,0.6,1000,0.2,1400,0.2,0
11,5,730,1,0,300,0.5,1700,0.5,2
11,6,865,1,0,500,0.6,1000,0.2,1400,0.2,1
11,7,684,0,0,500,0.6,1000,0.2,1400,0.2,0
11,8,161,2,10,5,0,300,0.5,1700,0.5,0
11,9,500,2,10,5,0,500,0.6,1000,0.2,1400,0.2,2
11,10,577,0,0,300,0.5,1700,0.5,2
11,11,776,1,0,300,0.5,1700,0.5,0
11,12,748,0,0,500,0.6,1000,0.2,1400,0.2,1
11,13,491,0,0,500,0.6,1000,0.2,1400,0.2,0
11,14,782,1,0,500,0.6,1000,0.2,1400,0.2,0
12,0,615,2,10,5,0,300,0.5,1700,0.5,2
12,1,394,1,0,500,0.6,1000,0.2,1400,0.2,1
12,2,501,1,0,500,0.6,1000,0.2,1400,0.2,1
12,3,259,1,0,300,0.5,1700,0.5,0
12,4,647,2,10,5,0,300,0.5,1700,0.5,0
12,5,890,1,0,300,0.5,1700,0.5,2
12,6,437,0,0,500,0.6,1000,0.2,1400,0.2,1
12,7,46,0,0,500,0.6,1000,0.2,1400,0.2,1
12,8,898,2,10,5,0,300,0.5,1700,0.5,1
12,9,614,2,10,5,0,500,0.6,1000,0.2,1400,0.2,0
12,10,587,0,0,300,0.5,1700,0.5,2
12,11,374,0,0,500,0.6,1000,0.2,1400,0.2,0
12,12,526,0,0,500,0.6,1000,0.2,1400,0.2,0
12,13,693,1,0,300,0.5,1700,0.5,1
12,14,125,1,0,300,0.5,1700,0.5,0
13,0,575,2,10,5,0,500,0.6,1000,0.2,1400,0.2,1
13,1,316,1,0,500,0.6,1000,0.2,1400,0.2,0
13,2,309,1,0,300,0.5,1700,0.5,2
13,3,686,2,10,5,0,300,0.5,1700,0.5,2
13,4,483,1,0,300,0.5,1700,0.5,0
13,5,853,0,0,300,0.5,1700,0.5,2
13,6,656,2,10,5,0,500,0.6,1000,0.2,1400,0.2,1
13,7,325,0,0,300,0.5,1700,0.5,0
13,8,765,0,0,300,0.5,1700,0.5,0
13,9,688,0,0,500,0.6,1000,0.2,1400,0.2,1
13,10,652,2,10,5,0,300,0.5,1700,0.5,2
13,11,588,2,10,5,0,500,0.6,1000,0.2,1400,0.2,1
13,12,822,2,10,5,0,500,0.6,1000,0.2,1400,0.2,1
13,13,974,2,10,5,0,300,0.5,1700,0.5,2
13,14,472,0,0,500,0.6,1000,0.2,1400,0.2,2
14,0,474,2,10,5,0,500,0.6,1000,0.2,1400,0.2,1
14,1,82,0,0,300,0.5,1700,0.5,2
14,2,413,0,0,500,0.6,1000,0.2,1400,0.2,2
14,3,583,2,10,5,0,300,0.5,1700,0.5,2
14,4,768,1,0,500,0.6,1000,0.2,1400,0.2,0
14,5,373,2,10,5,0,300,0.5,1700,0.5,1
14,6,137,0,0,500,0.6,1000,0.2,1400,0.2,2
14,7,125,0,0,500,0.6,1000,0.2,1400,0.2,2
14,8,472,2,10,5,0,500,0.6,1000,0.2,1400,0.2,2
14,9,157,0,0,300,0.5,1700,0.5,0
14,10,582,2,10,5,0,300,0.5,1700,0.5,1
14,11,926,2,10,5,0,500,0.6,1000,0.2,1400,0.2,1
14,12,630,2,10,5,0,300,0.5,1700,0.5,1
14,13,82,1,0,300,0.5,1700,0.5,0
14,14,691,2,10,5,0,500,0.6,1000,0.2,1400,0.2,1
