0,0,474,2,10,5,0,300,0.5,1700,0.5,2
0,1,782,0,0,500,0.6,1000,0.2,1400,0.2,0
0,2,27,0,0,300,0.5,1700,0.5,2
0,3,979,1,0,300,0.5,1700,0.5,2
0,4,676,1,0,500,0.6,1000,0.2,1400,0.2,0
0,5,755,0,0,300,0.5,1700,0.5,0
0,6,439,2,10,5,0,300,0.5,1700,0.5,2
0,7,824,2,10,5,0,500,0.6,1000,0.2,1400,0.2,2
0,8,266,0,0,500,0.6,1000,0.2,1400,0.2,0
0,9,689,2,10,5,0,300,0.5,1700,0.5,2
0,10,124,1,0,300,0.5,1700,0.5,0
0,11,372,1,0,300,0.5,1700,0.5,2
0,12,524,2,10,5,0,500,0.6,1000,0.2,1400,0.2,0
0,13,51,2,10,5,0,500,0.6,1000,0.2,1400,0.2,1
0,14,661,0,0,300,0.5,1700,0.5,1
1,0,653,0,0,300,0.5,1700,0.5,2
1,1,703,0,0,300,0.5,1700,0.5,1
1,2,322,2,10,5,0,300,0.5,1700,0.5,1
1,3,513,0,0,500,0.6,1000,0.2,1400,0.2,2
1,4,337,1,0,300,0.5,1700,0.5,1
1,5,835,1,0,500,0.6,1000,0.2,1400,0.2,1
1,6,739,0,0,500,0.6,1000,0.2,1400,0.2,0
1,7,327,2,10,5,0,300,0.5,1700,0.5,2
1,8,931,0,0,300,0.5,1700,0.5,2
1,9,356,0,0,500,0.6,1000,0.2,1400,0.2,1
1,10,212,2,10,5,0,300,0.5,1700,0.5,0
1,11,380,0,0,500,0.6,1000,0.2,1400,0.2,1
1,12,750,1,0,500,0.6,1000,0.2,1400,0.2,2
1,13,458,1,0,300,0.5,1700,0.5,1
1,14,140,2,10,5,0,500,0.6,1000,0.2,1400,0.2,2
2,0,213,0,0,300,0.5,1700,0.5,2
2,1,793,2,10,5,0,300,0.5,1700,0.5,2
2,2,331,0,0,500,0.6,1000,0.2,1400,0.2,2
2,3,173,1,0,500,0.6,1000,0.2,1400,0.2,1
2,4,702,0,0,500,0.6,1000,0.2,1400,0.2,2
2,5,629,0,0,500,0.6,1000,0.2,1400,0.2,2
2,6,567,2,10,5,0,500,0.6,1000,0.2,1400,0.2,0
2,7,379,1,0,500,0.6,1000,0.2,1400,0.2,0
2,8,244,2,10,5,0,300,0.5,1700,0.5,1
2,9,111,2,10,5,0,500,0.6,1000,0.2,1400,0.2,0
2,10,712,1,0,300,0.5,1700,0.5,0
2,11,207,0,0,500,0.6,1000,0.2,1400,0.2,1
2,12,583,0,0,300,0.5,1700,0.5,2
2,13,95,2,10,5,0,500,0.6,1000,0.2,1400,0.2,0
2,14,287,0,0,300,0.5,1700,0.5,1
3,0,629,1,0,300,0.5,1700,0.5,0
3,1,958,0,0,300,0.5,1700,0.5,0
3,2,397,0,0,500,0.6,1000,0.2,1400,0.2,0
3,3,505,2,10,5,0,500,0.6,1000,0.2,1400,0.2,1
3,4,705,1,0,500,0.6,1000,0.2,1400,0.2,0
3,5,537,1,0,500,0.6,1000,0.2,1400,0.2,2
3,6,802,0,0,300,0.5,1700,0.5,0
3,7,743,0,0,500,0.6,1000,0.2,1400,0.2,2
3,8,97,0,0,500,0.6,1000,0.2,1400,0.2,2
3,9,241,2,10,5,0,500,0.6,1000,0.2,1400,0.2,0
3,10,514,2,10,5,0,500,0.6,1000,0.2,1400,0.2,0
3,11,54,1,0,300,0.5,1700,0.5,1
3,12,115,1,0,300,0.5,1700,0.5,0
3,13,110,0,0,500,0.6,1000,0.2,1400,0.2,0
3,14,598,1,0,300,0.5,1700,0.5,2
4,0,456,2,10,5,0,500,0.6,1000,0.2,1400,0.2,1
4,1,130,2,10,5,0,300,0.5,1700,0.5,0
4,2,476,0,0,500,0.6,1000,0.2,1400,0.2,2
4,3,634,0,0,300,0.5,1700,0.5,0
4,4,743,0,0,500,0.6,1000,0.2,1400,0.2,1
4,5,493,2,10,5,0,300,0.5,1700,0.5,2
4,6,56,2,10,5,0,500,0.6,1000,0.2,1400,0.2,2
4,7,787,1,0,300,0.5,1700,0.5,0
4,8,222,0,0,300,0.5,1700,0.5,0
4,9,935,1,0,300,0.5,1700,0.5,0
4,10,257,1,0,500,0.6,1000,0.2,1400,0.2,1
4,11,204,1,0,500,0.6,1000,0.2,1400,0.2,2
4,12,694,1,0,500,0.6,1000,0.2,1400,0.2,0
4,13,455,0,0,300,0.5,1700,0.5,1
4,14,262,2,10,5,0,300,0.5,1700,0.5,0
5,0,960,1,0,500,0.6,1000,0.2,1400,0.2,1
5,1,969,0,0,300,0.5,1700,0.5,1
5,2,45,1,0,500,0.6,1000,0.2,1400,0.2,2
5,3,716,2,10,5,0,300,0.5,1700,0.5,2
5,4,151,1,0,300,0.5,1700,0.5,2
5,5,403,1,0,500,0.6,1000,0.2,1400,0.2,0
5,6,927,0,0,300,0.5,1700,0.5,0
5,7,114,1,0,300,0.5,1700,0.5,2
5,8,211,0,0,300,0.5,1700,0.5,2
5,9,752,1,0,500,0.6,1000,0.2,1400,0.2,0
5,10,963,0,0,300,0.5,1700,0.5,0
5,11,644,0,0,300,0.5,1700,0.5,1
5,12,712,2,10,5,0,500,0.6,1000,0.2,1400,0.2,0
5,13,792,1,0,300,0.5,1700,0.5,0
5,14,44,1,0,500,0.6,1000,0.2,1400,0.2,0
6,0,730,1,0,500,0.6,1000,0.2,1400,0.2,0
6,1,72,1,0,500,0.6,1000,0.2,1400,0.2,2
6,2,666,1,0,500,0.6,1000,0.2,1400,0.2,2
6,3,345,1,0,300,0.5,1700,0.5,2
6,4,502,0,0,500,0.6,1000,0.2,1400,0.2,0
6,5,440,0,0,500,0.6,1000,0.2,1400,0.2,2
6,6,55,0,0,300,0.5,1700,0.5,0
6,7,969,1,0,500,0.6,1000,0.2,1400,0.2,1
6,8,133,2,10,5,0,300,0.5,1700,0.5,1
6,9,737,2,10,5,0,300,0.5,1700,0.5,0
6,10,15,2,10,5,0,300,0.5,1700,0.5,1
6,11,631,1,0,500,0.6,1000,0.2,1400,0.2,2
6,12,39,2,10,5,0,500,0.6,1000,0.2,1400,0.2,2
6,13,553,0,0,500,0.6,1000,0.2,1400,0.2,0
6,14,597,0,0,500,0.6,1000,0.2,1400,0.2,0
7,0,97,2,10,5,0,300,0.5,1700,0.5,0
7,1,276,0,0,300,0.5,1700,0.5,2
7,2,361,2,10,5,0,500,0.6,1000,0.2,1400,0.2,1
7,3,287,1,0,300,0.5,1700,0.5,1
7,4,883,2,10,5,0,500,0.6,1000,0.2,1400,0.2,0
7,5,285,2,10,5,0,300,0.5,1700,0.5,0
7,6,483,0,0,300,0.5,1700,0.5,2
7,7,427,2,10,5,0,500,0.6,1000,0.2,1400,0.2,0
7,8,784,2,10,5,0,500,0.6,1000,0.2,1400,0.2,0
7,9,80,1,0,300,0.5,1700,0.5,0
7,10,149,0,0,300,0.5,1700,0.5,2
7,11,434,1,0,500,0.6,1000,0.2,1400,0.2,0
7,12,770,2,10,5,0,500,0.6,1000,0.2,1400,0.2,2
7,13,308,1,0,500,0.6,1000,0.2,1400,0.2,1
7,14,688,0,0,300,0.5,1700,0.5,0
8,0,665,0,0,300,0.5,1700,0.5,1
8,1,754,0,0,500,0.6,1000,0.2,1400,0.2,1
8,2,711,2,10,5,0,300,0.5,1700,0.5,2
8,3,987,1,0,500,0.6,1000,0.2,1400,0.2,1
8,4,881,0,0,300,0.5,1700,0.5,2
8,5,988,0,0,500,0.6,1000,0.2,1400,0.2,2
8,6,790,1,0,500,0.6,1000,0.2,1400,0.2,0
8,7,653,2,10,5,0,500,0.6,1000,0.2,1400,0.2,0
8,8,268,2,10,5,0,500,0.6,1000,0.2,1400,0.2,2
8,9,444,0,0,300,0.5,1700,0.5,1
8,10,873,2,10,5,0,500,0.6,1000,0.2,1400,0.2,2
8,11,899,1,0,300,0.5,1700,0.5,0
8,12,398,1,0,300,0.5,1700,0.5,1
8,13,79,1,0,300,0.5,1700,0.5,1
8,14,118,2,10,5,0,300,0.5,1700,0.5,0
9,0,46,2,10,5,0,300,0.5,1700,0.5,2
9,1,405,0,0,300,0.5,1700,0.5,1
9,2,567,2,10,5,0,300,0.5,1700,0.5,2
9,3,254,1,0,300,0.5,1700,0.5,0
9,4,981,2,10,5,0,300,0.5,1700,0.5,0
9,5,614,0,0,300,0.5,1700,0.5,2
9,6,757,2,10,5,0,300,0.5,1700,0.5,0
9,7,154,1,0,500,0.6,1000,0.2,1400,0.2,2
9,8,603,0,0,300,0.5,1700,0.5,0
9,9,266,2,10,5,0,300,0.5,1700,0.5,2
9,10,691,0,0,500,0.6,1000,0.2,1400,0.2,2
9,11,77,2,10,5,0,300,0.5,1700,0.5,1
9,12,510,2,10,5,0,500,0.6,1000,0.2,1400,0.2,2
9,13,353,1,0,300,0.5,1700,0.5,1
9,14,377,2,10,5,0,300,0.5,1700,0.5,0
10,0,149,0,0,300,0.5,1700,0.5,1
10,1,942,0,0,500,0.6,1000,0.2,1400,0.2,1
10,2,257,1,0,300,0.5,1700,0.5,1
10,3,703,2,10,5,0,300,0.5,1700,0.5,0
10,4,475,2,10,5,0,500,0.6,1000,0.2,1400,0.2,1
10,5,241,1,0,300,0.5,1700,0.5,0
10,6,109,0,0,300,0.5,1700,0.5,2
10,7,928,2,10,5,0,300,0.5,1700,0.5,2
10,8,572,2,10,5,0,300,0.5,1700,0.5,2
10,9,570,2,10,5,0,300,0.5,1700,0.5,0
10,10,82,0,0,500,0.6,1000,0.2,1400,0.2,2
10,11,402,2,10,5,0,500,0.6,1000,0.2,1400,0.2,1
10,12,847,0,0,300,0.5,1700,0.5,2
10,13,898,0,0,500,0.6,1000,0.2,1400,0.2,0
10,14,118,1,0,500,0.6,1000,0.2,1400,0.2,2
11,0,173,2,10,5,0,500,0.6,1000,0.2,1400,0.2,2
11,1,397,0,0,500,0.6,1000,0.2,1400,0.2,0
11,2,549,2,10,5,0,300,0.5,1700,0.5,2
11,3,483,2,10,5,0,500,0.6,1000,0.2,1400,0.2,0
11,4,547,0,0,500,0.6,1000,0.2,1400,0.2,2
11,5,401,1,0,500,0.6,1000,0.2,1400,0.2,2
11,6,257,0,0,500,0.6,1000,0.2,1400,0.2,1
11,7,120,1,0,500,0.6,1000,0.2,1400,0.2,1
11,8,927,1,0,500,0.6,1000,0.2,1400,0.2,1
11,9,626,0,0,500,0.6,1000,0.2,1400,0.2,0
11,10,837,1,0,500,0.6,1000,0.2,1400,0.2,1
11,11,397,2,10,5,0,300,0.5,1700,0.5,0
11,12,841,2,10,5,0,300,0.5,1700,0.5,0
11,13,214,1,0,500,0.6,1000,0.2,1400,0.2,2
11,14,337,2,10,5,0,500,0.6,1000,0.2,1400,0.2,2
12,0,955,2,10,5,0,500,0.6,1000,0.2,1400,0.2,1
12,1,116,1,0,500,0.6,1000,0.2,1400,0.2,2
12,2,20,2,10,5,0,500,0.6,1000,0.2,1400,0.2,1
12,3,215,1,0,300,0.5,1700,0.5,0
12,4,235,0,0,300,0.5,1700,0.5,0
12,5,902,2,10,5,0,500,0.6,1000,0.2,1400,0.2,0
12,6,470,2,10,5,0,300,0.5,1700,0.5,2
12,7,806,1,0,300,0.5,1700,0.5,2
12,8,147,2,10,5,0,300,0.5,1700,0.5,0
12,9,183,1,0,300,0.5,1700,0.5,1
12,10,462,1,0,500,0.6,1000,0.2,1400,0.2,2
12,11,999,2,10,5,0,300,0.5,1700,0.5,2
12,12,84,1,0,300,0.5,1700,0.5,0
12,13,219,1,0,300,0.5,1700,0.5,1
12,14,52,1,0,300,0.5,1700,0.5,2
13,0,324,0,0,300,0.5,1700,0.5,2
13,1,973,0,0,500,0.6,1000,0.2,1400,0.2,1
13,2,431,0,0,500,0.6,1000,0.2,1400,0.2,0
13,3,75,1,0,500,0.6,1000,0.2,1400,0.2,0
13,4,224,1,0,300,0.5,1700,0.5,1
13,5,165,1,0,500,0.6,1000,0.2,1400,0.2,0
13,6,936,1,0,500,0.6,1000,0.2,1400,0.2,2
13,7,725,2,10,5,0,500,0.6,1000,0.2,1400,0.2,2
13,8,42,2,10,5,0,500,0.6,1000,0.2,1400,0.2,1
13,9,12,1,0,300,0.5,1700,0.5,0
13,10,915,1,0,500,0.6,1000,0.2,1400,0.2,2
13,11,760,2,10,5,0,300,0.5,1700,0.5,0
13,12,614,0,0,500,0.6,1000,0.2,1400,0.2,0
13,13,546,2,10,5,0,300,0.5,1700,0.5,2
13,14,822,2,10,5,0,300,0.5,1700,0.5,1
14,0,921,2,10,5,0,300,0.5,1700,0.5,1
14,1,959,1,0,500,0.6,1000,0.2,1400,0.2,1
14,2,52,1,0,500,0.6,1000,0.2,1400,0.2,2
14,3,925,2,10,5,0,500,0.6,1000,0.2,1400,0.2,2
14,4,285,0,0,500,0.6,1000,0.2,1400,0.2,2
14,5,736,1,0,300,0.5,1700,0.5,0
14,6,897,2,10,5,0,500,0.6,1000,0.2,1400,0.2,2
14,7,503,2,10,5,0,500,0.6,1000,0.2,1400,0.2,1
14,8,371,2,10,5,0,500,0.6,1000,0.2,1400,0.2,1
14,9,694,2,10,5,0,300,0.5,1700,0.5,2
14,10,883,0,0,300,0.5,1700,0.5,1
14,11,561,2,10,5,0,300,0.5,1700,0.5,2
14,12,96,1,0,300,0.5,1700,0.5,1
14,13,584,1,0,300,0.5,1700,0.5,0
14,14,558,1,0,500,0.6,1000,0.2,1400,0.2,2
