0,0,982,0,0,300,0.5,1700,0.5,1
0,1,732,1,0,300,0.5,1700,0.5,2
0,2,594,1,0,500,0.6,1000,0.2,1400,0.2,1
0,3,869,2,10,5,0,500,0.6,1000,0.2,1400,0.2,2
0,4,865,1,0,300,0.5,1700,0.5,0
0,5,244,0,0,500,0.6,1000,0.2,1400,0.2,0
0,6,924,1,0,300,0.5,1700,0.5,2
0,7,602,2,10,5,0,500,0.6,1000,0.2,1400,0.2,1
0,8,554,1,0,500,0.6,1000,0.2,1400,0.2,1
0,9,576,1,0,300,0.5,1700,0.5,2
0,10,793,1,0,300,0.5,1700,0.5,1
0,11,659,2,10,5,0,300,0.5,1700,0.5,0
0,12,652,1,0,500,0.6,1000,0.2,1400,0.2,1
0,13,552,1,0,500,0.6,1000,0.2,1400,0.2,2
0,14,94,0,0,500,0.6,1000,0.2,1400,0.2,0
1,0,286,2,10,5,0,500,0.6,1000,0.2,1400,0.2,0
1,1,542,0,0,300,0.5,1700,0.5,1
1,2,978,1,0,300,0.5,1700,0.5,2
1,3,368,0,0,500,0.6,1000,0.2,1400,0.2,2
1,4,402,0,0,500,0.6,1000,0.2,1400,0.2,0
1,5,307,2,10,5,0,300,0.5,1700,0.5,2
1,6,953,2,10,5,0,500,0.6,1000,0.2,1400,0.2,1
1,7,880,0,0,300,0.5,1700,0.5,0
1,8,886,0,0,500,0.6,1000,0.2,1400,0.2,0
1,9,760,1,0,300,0.5,1700,0.5,2
1,10,771,2,10,5,0,300,0.5,1700,0.5,1
1,11,985,2,10,5,0,300,0.5,1700,0.5,1
1,12,893,0,0,500,0.6,1000,0.2,1400,0.2,2
1,13,246,1,0,300,0.5,1700,0.5,1
1,14,452,0,0,300,0.5,1700,0.5,0
2,0,468,1,0,500,0.6,1000,0.2,1400,0.2,1
2,1,355,2,10,5,0,500,0.6,1000,0.2,1400,0.2,1
2,2,125,0,0,500,0.6,1000,0.2,1400,0.2,1
2,3,143,1,0,300,0.5,1700,0.5,2
2,4,997,2,10,5,0,500,0.6,1000,0.2,1400,0.2,0
2,5,645,2,10,5,0,300,0.5,1700,0.5,0
2,6,459,0,0,500,0.6,1000,0.2,1400,0.2,2
2,7,706,0,0,300,0.5,1700,0.5,2
2,8,883,2,10,5,0,300,0.5,1700,0.5,2
2,9,626,0,0,500,0.6,1000,0.2,1400,0.2,1
2,10,187,1,0,500,0.6,1000,0.2,1400,0.2,0
2,11,617,1,0,500,0.6,1000,0.2,1400,0.2,2
2,12,296,2,10,5,0,500,0.6,1000,0.2,1400,0.2,0
2,13,128,2,10,5,0,300,0.5,1700,0.5,1
2,14,958,0,0,300,0.5,1700,0.5,0
3,0,886,2,10,5,0,500,0.6,1000,0.2,1400,0.2,1
3,1,364,0,0,300,0.5,1700,0.5,1
3,2,107,2,10,5,0,300,0.5,1700,0.5,1
3,3,53,2,10,5,0,500,0.6,1000,0.2,1400,0.2,2
3,4,318,2,10,5,0,500,0.6,1000,0.2,1400,0.2,0
3,5,767,0,0,500,0.6,1000,0.2,1400,0.2,1
3,6,22,2,10,5,0,500,0.6,1000,0.2,1400,0.2,1
3,7,871,0,0,500,0.6,1000,0.2,1400,0.2,0
3,8,266,0,0,300,0.5,1700,0.5,0
3,9,286,0,0,500,0.6,1000,0.2,1400,0.2,0
3,10,274,0,0,500,0.6,1000,0.2,1400,0.2,1
3,11,674,1,0,300,0.5,1700,0.5,1
3,12,50,0,0,500,0.6,1000,0.2,1400,0.2,0
3,13,679,2,10,5,0,500,0.6,1000,0.2,1400,0.2,1
3,14,129,2,10,5,0,500,0.6,1000,0.2,1400,0.2,1
4,0,193,2,10,5,0,500,0.6,1000,0.2,1400,0.2,2
4,1,711,2,10,5,0,500,0.6,1000,0.2,1400,0.2,2
4,2,240,2,10,5,0,500,0.6,1000,0.2,1400,0.2,1
4,3,738,2,10,5,0,300,0.5,1700,0.5,1
4,4,858,2,10,5,0,300,0.5,1700,0.5,0
4,5,11,2,10,5,0,300,0.5,1700,0.5,2
4,6,897,1,0,300,0.5,1700,0.5,0
4,7,472,2,10,5,0,500,0.6,1000,0.2,1400,0.2,0
4,8,574,2,10,5,0,500,0.6,1000,0.2,1400,0.2,0
4,9,646,1,0,300,0.5,1700,0.5,2
4,10,610,0,0,500,0.6,1000,0.2,1400,0.2,2
4,11,308,0,0,500,0.6,1000,0.2,1400,0.2,0
4,12,30,0,0,300,0.5,1700,0.5,1
4,13,800,2,10,5,0,500,0.6,1000,0.2,1400,0.2,0
4,14,30,2,10,5,0,500,0.6,1000,0.2,1400,0.2,1
5,0,117,0,0,300,0.5,1700,0.5,1
5,1,550,0,0,500,0.6,1000,0.2,1400,0.2,0
5,2,523,1,0,500,0.6,1000,0.2,1400,0.2,0
5,3,492,2,10,5,0,300,0.5,1700,0.5,1
5,4,807,2,10,5,0,300,0.5,1700,0.5,0
5,5,444,1,0,500,0.6,1000,0.2,1400,0.2,1
5,6,836,2,10,5,0,500,0.6,1000,0.2,1400,0.2,0
5,7,464,0,0,300,0.5,1700,0.5,2
5,8,146,0,0,500,0.6,1000,0.2,1400,0.2,0
5,9,467,0,0,300,0.5,1700,0.5,0
5,10,752,1,0,300,0.5,1700,0.5,0
5,11,889,2,10,5,0,500,0.6,1000,0.2,1400,0.2,1
5,12,154,2,10,5,0,300,0.5,1700,0.5,0
5,13,775,1,0,500,0.6,1000,0.2,1400,0.2,2
5,14,411,2,10,5,0,500,0.6,1000,0.2,1400,0.2,0
6,0,69,2,10,5,0,300,0.5,1700,0.5,1
6,1,899,2,10,5,0,300,0.5,1700,0.5,0
6,2,822,1,0,300,0.5,1700,0.5,0
6,3,886,0,0,300,0.5,1700,0.5,1
6,4,338,1,0,500,0.6,1000,0.2,1400,0.2,1
6,5,58,2,10,5,0,500,0.6,1000,0.2,1400,0.2,2
6,6,663,0,0,300,0.5,1700,0.5,0
6,7,935,0,0,300,0.5,1700,0.5,1
6,8,186,1,0,500,0.6,1000,0.2,1400,0.2,0
6,9,97,1,0,500,0.6,1000,0.2,1400,0.2,2
6,10,92,0,0,500,0.6,1000,0.2,1400,0.2,1
6,11,981,1,0,300,0.5,1700,0.5,2
6,12,847,0,0,300,0.5,1700,0.5,1
6,13,634,0,0,300,0.5,1700,0.5,1
6,14,466,0,0,500,0.6,1000,0.2,1400,0.2,1
7,0,472,1,0,300,0.5,1700,0.5,0
7,1,957,0,0,300,0.5,1700,0.5,0
7,2,963,1,0,500,0.6,1000,0.2,1400,0.2,0
7,3,287,1,0,500,0.6,1000,0.2,1400,0.2,2
7,4,536,1,0,500,0.6,1000,0.2,1400,0.2,1
7,5,702,2,10,5,0,500,0.6,1000,0.2,1400,0.2,1
7,6,466,1,0,500,0.6,1000,0.2,1400,0.2,0
7,7,412,2,10,5,0,300,0.5,1700,0.5,0
7,8,414,2,10,5,0,300,0.5,1700,0.5,2
7,9,332,2,10,5,0,500,0.6,1000,0.2,1400,0.2,1
7,10,167,2,10,5,0,300,0.5,1700,0.5,2
7,11,968,0,0,500,0.6,1000,0.2,1400,0.2,0
7,12,260,1,0,500,0.6,1000,0.2,1400,0.2,1
7,13,529,2,10,5,0,300,0.5,1700,0.5,1
7,14,456,1,0,500,0.6,1000,0.2,1400,0.2,2
8,0,536,0,0,300,0.5,1700,0.5,1
8,1,859,2,10,5,0,500,0.6,1000,0.2,1400,0.2,0
8,2,997,0,0,500,0.6,1000,0.2,1400,0.2,1
8,3,495,2,10,5,0,300,0.5,1700,0.5,1
8,4,392,2,10,5,0,300,0.5,1700,0.5,0
8,5,266,2,10,5,0,500,0.6,1000,0.2,1400,0.2,2
8,6,160,0,0,300,0.5,1700,0.5,2
8,7,216,0,0,300,0.5,1700,0.5,2
8,8,463,0,0,300,0.5,1700,0.5,2
8,9,986,0,0,300,0.5,1700,0.5,1
8,10,590,1,0,300,0.5,1700,0.5,1
8,11,909,0,0,300,0.5,1700,0.5,1
8,12,934,2,10,5,0,500,0.6,1000,0.2,1400,0.2,1
8,13,73,0,0,300,0.5,1700,0.5,2
8,14,682,2,10,5,0,500,0.6,1000,0.2,1400,0.2,1
9,0,445,0,0,300,0.5,1700,0.5,0
9,1,68,1,0,300,0.5,1700,0.5,2
9,2,589,1,0,500,0.6,1000,0.2,1400,0.2,1
9,3,859,2,10,5,0,300,0.5,1700,0.5,2
9,4,485,0,0,300,0.5,1700,0.5,2
9,5,501,1,0,300,0.5,1700,0.5,2
9,6,60,1,0,500,0.6,1000,0.2,1400,0.2,0
9,7,545,2,10,5,0,500,0.6,1000,0.2,1400,0.2,1
9,8,856,0,0,300,0.5,1700,0.5,1
9,9,523,2,10,5,0,500,0.6,1000,0.2,1400,0.2,2
9,10,797,2,10,5,0,500,0.6,1000,0.2,1400,0.2,0
9,11,190,2,10,5,0,300,0.5,1700,0.5,0
9,12,404,1,0,300,0.5,1700,0.5,1
9,13,266,2,10,5,0,300,0.5,1700,0.5,1
9,14,618,0,0,300,0.5,1700,0.5,0
10,0,11,1,0,300,0.5,1700,0.5,1
10,1,519,2,10,5,0,300,0.5,1700,0.5,0
10,2,159,0,0,300,0.5,1700,0.5,0
10,3,725,0,0,300,0.5,1700,0.5,0
10,4,703,2,10,5,0,500,0.6,1000,0.2,1400,0.2,0
10,5,495,0,0,300,0.5,1700,0.5,1
10,6,786,0,0,500,0.6,1000,0.2,1400,0.2,1
10,7,719,0,0,500,0.6,1000,0.2,1400,0.2,0
10,8,774,2,10,5,0,300,0.5,1700,0.5,2
10,9,118,2,10,5,0,300,0.5,1700,0.5,2
10,10,916,2,10,5,0,500,0.6,1000,0.2,1400,0.2,0
10,11,938,2,10,5,0,500,0.6,1000,0.2,1400,0.2,0
10,12,642,2,10,5,0,300,0.5,1700,0.5,1
10,13,428,1,0,300,0.5,1700,0.5,0
10,14,979,1,0,500,0.6,1000,0.2,1400,0.2,1
11,0,474,2,10,5,0,300,0.5,1700,0.5,1
11,1,800,0,0,500,0.6,1000,0.2,1400,0.2,2
11,2,669,0,0,300,0.5,1700,0.5,0
11,3,829,1,0,500,0.6,1000,0.2,1400,0.2,0
11,4,643,1,0,300,0.5,1700,0.5,2
11,5,979,2,10,5,0,300,0.5,1700,0.5,0
11,6,171,2,10,5,0,500,0.6,1000,0.2,1400,0.2,1
11,7,81,0,0,500,0.6,1000,0.2,1400,0.2,2
11,8,328,0,0,500,0.6,1000,0.2,1400,0.2,0
11,9,437,2,10,5,0,500,0.6,1000,0.2,1400,0.2,2
11,10,766,1,0,300,0.5,1700,0.5,1
11,11,94,1,0,500,0.6,1000,0.2,1400,0.2,0
11,12,557,2,10,5,0,300,0.5,1700,0.5,0
11,13,963,1,0,500,0.6,1000,0.2,1400,0.2,2
11,14,431,2,10,5,0,300,0.5,1700,0.5,0
12,0,41,0,0,500,0.6,1000,0.2,1400,0.2,2
12,1,227,1,0,500,0.6,1000,0.2,1400,0.2,0
12,2,801,2,10,5,0,500,0.6,1000,0.2,1400,0.2,2
12,3,608,2,10,5,0,500,0.6,1000,0.2,1400,0.2,0
12,4,128,1,0,300,0.5,1700,0.5,0
12,5,692,0,0,300,0.5,1700,0.5,0
12,6,492,1,0,500,0.6,1000,0.2,1400,0.2,2
12,7,400,2,10,5,0,500,0.6,1000,0.2,1400,0.2,1
12,8,393,0,0,300,0.5,1700,0.5,0
12,9,347,2,10,5,0,500,0.6,1000,0.2,1400,0.2,2
12,10,40,1,0,300,0.5,1700,0.5,1
12,11,850,1,0,500,0.6,1000,0.2,1400,0.2,1
12,12,853,0,0,500,0.6,1000,0.2,1400,0.2,1
12,13,749,0,0,300,0.5,1700,0.5,2
12,14,64,0,0,300,0.5,1700,0.5,0
13,0,467,2,10,5,0,300,0.5,1700,0.5,1
13,1,391,1,0,500,0.6,1000,0.2,1400,0.2,2
13,2,282,0,0,300,0.5,1700,0.5,1
13,3,900,0,0,500,0.6,1000,0.2,1400,0.2,2
13,4,918,1,0,300,0.5,1700,0.5,2
13,5,983,1,0,300,0.5,1700,0.5,0
13,6,644,1,0,300,0.5,1700,0.5,2
13,7,147,1,0,300,0.5,1700,0.5,1
13,8,463,2,10,5,0,500,0.6,1000,0.2,1400,0.2,1
13,9,297,0,0,300,0.5,1700,0.5,2
13,10,932,1,0,500,0.6,1000,0.2,1400,0.2,1
13,11,608,1,0,500,0.6,1000,0.2,1400,0.2,1
13,12,923,1,0,500,0.6,1000,0.2,1400,0.2,1
13,13,987,0,0,500,0.6,1000,0.2,1400,0.2,1
13,14,465,1,0,500,0.6,1000,0.2,1400,0.2,1
14,0,226,1,0,500,0.6,1000,0.2,1400,0.2,2
14,1,698,1,0,300,0.5,1700,0.5,2
14,2,688,2,10,5,0,300,0.5,1700,0.5,0
14,3,212,0,0,300,0.5,1700,0.5,2
14,4,152,0,0,500,0.6,1000,0.2,1400,0.2,0
14,5,455,0,0,300,0.5,1700,0.5,1
14,6,719,0,0,500,0.6,1000,0.2,1400,0.2,0
14,7,607,2,10,5,0,500,0.6,1000,0.2,1400,0.2,1
14,8,25,1,0,500,0.6,1000,0.2,1400,0.2,0
14,9,340,0,0,300,0.5,1700,0.5,1
14,10,934,1,0,300,0.5,1700,0.5,0
14,11,486,2,10,5,0,500,0.6,1000,0.2,1400,0.2,2
14,12,679,0,0,300,0.5,1700,0.5,1
14,13,283,1,0,300,0.5,1700,0.5,2
14,14,356,2,10,5,0,300,0.5,1700,0.5,1
