0,0,229,0,0,300,0.5,1700,0.5,0
0,1,320,0,0,300,0.5,1700,0.5,1
0,2,235,0,0,500,0.6,1000,0.2,1400,0.2,2
0,3,41,1,0,300,0.5,1700,0.5,1
0,4,516,2,10,5,0,300,0.5,1700,0.5,0
0,5,708,1,0,500,0.6,1000,0.2,1400,0.2,1
0,6,698,0,0,300,0.5,1700,0.5,1
0,7,211,0,0,500,0.6,1000,0.2,1400,0.2,1
0,8,167,2,10,5,0,500,0.6,1000,0.2,1400,0.2,2
0,9,462,2,10,5,0,500,0.6,1000,0.2,1400,0.2,0
0,10,389,2,10,5,0,300,0.5,1700,0.5,2
0,11,335,1,0,300,0.5,1700,0.5,2
0,12,212,2,10,5,0,500,0.6,1000,0.2,1400,0.2,2
0,13,491,2,10,5,0,300,0.5,1700,0.5,2
0,14,830,1,0,300,0.5,1700,0.5,0
1,0,872,1,0,500,0.6,1000,0.2,1400,0.2,1
1,1,187,1,0,300,0.5,1700,0.5,2
1,2,31,1,0,500,0.6,1000,0.2,1400,0.2,2
1,3,544,2,10,5,0,300,0.5,1700,0.5,2
1,4,345,2,10,5,0,500,0.6,1000,0.2,1400,0.2,0
1,5,348,2,10,5,0,300,0.5,1700,0.5,0
1,6,777,1,0,500,0.6,1000,0.2,1400,0.2,0
1,7,351,0,0,500,0.6,1000,0.2,1400,0.2,2
1,8,218,1,0,300,0.5,1700,0.5,0
1,9,976,0,0,500,0.6,1000,0.2,1400,0.2,1
1,10,184,0,0,300,0.5,1700,0.5,2
1,11,95,2,10,5,0,500,0.6,1000,0.2,1400,0.2,2
1,12,791,0,0,500,0.6,1000,0.2,1400,0.2,2
1,13,623,2,10,5,0,300,0.5,1700,0.5,1
1,14,163,0,0,300,0.5,1700,0.5,0
2,0,322,2,10,5,0,300,0.5,1700,0.5,2
2,1,66,2,10,5,0,500,0.6,1000,0.2,1400,0.2,1
2,2,510,1,0,300,0.5,1700,0.5,2
2,3,387,2,10,5,0,500,0.6,1000,0.2,1400,0.2,2
2,4,317,0,0,300,0.5,1700,0.5,1
2,5,378,2,10,5,0,500,0.6,1000,0.2,1400,0.2,0
2,6,686,1,0,500,0.6,1000,0.2,1400,0.2,0
2,7,723,2,10,5,0,300,0.5,1700,0.5,1
2,8,616,2,10,5,0,500,0.6,1000,0.2,1400,0.2,1
2,9,248,1,0,300,0.5,1700,0.5,0
2,10,929,2,10,5,0,300,0.5,1700,0.5,0
2,11,133,2,10,5,0,300,0.5,1700,0.5,0
2,12,313,0,0,500,0.6,1000,0.2,1400,0.2,0
2,13,467,2,10,5,0,500,0.6,1000,0.2,1400,0.2,2
2,14,62,2,10,5,0,300,0.5,1700,0.5,1
3,0,989,1,0,500,0.6,1000,0.2,1400,0.2,0
3,1,163,0,0,500,0.6,1000,0.2,1400,0.2,2
3,2,977,1,0,500,0.6,1000,0.2,1400,0.2,0
3,3,690,0,0,300,0.5,1700,0.5,1
3,4,656,0,0,300,0.5,1700,0.5,0
3,5,15,2,10,5,0,300,0.5,1700,0.5,1
3,6,521,2,10,5,0,300,0.5,1700,0.5,0
3,7,767,2,10,5,0,500,0.6,1000,0.2,1400,0.2,0
3,8,195,2,10,5,0,300,0.5,1700,0.5,1
3,9,30,2,10,5,0,300,0.5,1700,0.5,1
3,10,29,1,0,500,0.6,1000,0.2,1400,0.2,2
3,11,206,0,0,500,0.6,1000,0.2,1400,0.2,1
3,12,819,2,10,5,0,500,0.6,1000,0.2,1400,0.2,0
3,13,551,0,0,300,0.5,1700,0.5,0
3,14,910,2,10,5,0,500,0.6,1000,0.2,1400,0.2,1
4,0,874,0,0,500,0.6,1000,0.2,1400,0.2,1
4,1,104,1,0,300,0.5,1700,0.5,0
4,2,571,2,10,5,0,500,0.6,1000,0.2,1400,0.2,0
4,3,930,0,0,500,0.6,1000,0.2,1400,0.2,1
4,4,888,2,10,5,0,300,0.5,1700,0.5,0
4,5,986,0,0,300,0.5,1700,0.5,0
4,6,912,1,0,500,0.6,1000,0.2,1400,0.2,0
4,7,900,1,0,500,0.6,1000,0.2,1400,0.2,1
4,8,997,1,0,300,0.5,1700,0.5,1
4,9,353,1,0,500,0.6,1000,0.2,1400,0.2,1
4,10,212,2,10,5,0,500,0.6,1000,0.2,1400,0.2,2
4,11,999,0,0,500,0.6,1000,0.2,1400,0.2,2
4,12,477,0,0,300,0.5,1700,0.5,2
4,13,562,2,10,5,0,300,0.5,1700,0.5,1
4,14,606,1,0,500,0.6,1000,0.2,1400,0.2,0
5,0,536,1,0,300,0.5,1700,0.5,0
5,1,596,2,10,5,0,300,0.5,1700,0.5,0
5,2,278,0,0,500,0.6,1000,0.2,1400,0.2,2
5,3,724,2,10,5,0,300,0.5,1700,0.5,1
5,4,405,2,10,5,0,500,0.6,1000,0.2,1400,0.2,2
5,5,564,1,0,300,0.5,1700,0.5,0
5,6,973,0,0,300,0.5,1700,0.5,0
5,7,702,1,0,300,0.5,1700,0.5,0
5,8,678,0,0,300,0.5,1700,0.5,1
5,9,587,2,10,5,0,500,0.6,1000,0.2,1400,0.2,0
5,10,37,2,10,5,0,300,0.5,1700,0.5,1
5,11,564,2,10,5,0,300,0.5,1700,0.5,0
5,12,874,1,0,300,0.5,1700,0.5,0
5,13,556,0,0,500,0.6,1000,0.2,1400,0.2,1
5,14,680,1,0,300,0.5,1700,0.5,0
6,0,401,1,0,500,0.6,1000,0.2,1400,0.2,1
6,1,976,1,0,300,0.5,1700,0.5,1
6,2,290,2,10,5,0,500,0.6,1000,0.2,1400,0.2,2
6,3,829,1,0,500,0.6,1000,0.2,1400,0.2,1
6,4,160,2,10,5,0,300,0.5,1700,0.5,0
6,5,493,1,0,300,0.5,1700,0.5,0
6,6,455,1,0,300,0.5,1700,0.5,1
6,7,804,1,0,500,0.6,1000,0.2,1400,0.2,2
6,8,595,0,0,300,0.5,1700,0.5,1
6,9,136,1,0,500,0.6,1000,0.2,1400,0.2,2
6,10,21,1,0,500,0.6,1000,0.2,1400,0.2,1
6,11,199,0,0,300,0.5,1700,0.5,0
6,12,567,1,0,500,0.6,1000,0.2,1400,0.2,2
6,13,569,1,0,300,0.5,1700,0.5,1
6,14,19,2,10,5,0,300,0.5,1700,0.5,1
7,0,131,0,0,500,0.6,1000,0.2,1400,0.2,1
7,1,128,1,0,500,0.6,1000,0.2,1400,0.2,2
7,2,351,2,10,5,0,500,0.6,1000,0.2,1400,0.2,0
7,3,378,0,0,300,0.5,1700,0.5,2
7,4,452,2,10,5,0,300,0.5,1700,0.5,1
7,5,434,1,0,500,0.6,1000,0.2,1400,0.2,1
7,6,60,2,10,5,0,300,0.5,1700,0.5,2
7,7,845,0,0,500,0.6,1000,0.2,1400,0.2,1
7,8,684,2,10,5,0,500,0.6,1000,0.2,1400,0.2,0
7,9,567,2,10,5,0,500,0.6,1000,0.2,1400,0.2,1
7,10,773,1,0,500,0.6,1000,0.2,1400,0.2,0
7,11,474,1,0,500,0.6,1000,0.2,1400,0.2,1
7,12,20,2,10,5,0,300,0.5,1700,0.5,0
7,13,430,2,10,5,0,300,0.5,1700,0.5,2
7,14,372,1,0,300,0.5,1700,0.5,1
8,0,461,1,0,500,0.6,1000,0.2,1400,0.2,0
8,1,223,2,10,5,0,500,0.6,1000,0.2,1400,0.2,2
8,2,226,2,10,5,0,300,0.5,1700,0.5,0
8,3,404,1,0,500,0.6,1000,0.2,1400,0.2,2
8,4,925,0,0,500,0.6,1000,0.2,1400,0.2,2
8,5,496,2,10,5,0,300,0.5,1700,0.5,2
8,6,575,2,10,5,0,500,0.6,1000,0.2,1400,0.2,0
8,7,194,2,10,5,0,300,0.5,1700,0.5,2
8,8,408,0,0,500,0.6,1000,0.2,1400,0.2,0
8,9,936,2,10,5,0,500,0.6,1000,0.2,1400,0.2,1
8,10,527,0,0,300,0.5,1700,0.5,0
8,11,325,0,0,300,0.5,1700,0.5,0
8,12,842,1,0,500,0.6,1000,0.2,1400,0.2,2
8,13,613,1,0,300,0.5,1700,0.5,0
8,14,293,0,0,500,0.6,1000,0.2,1400,0.2,1
9,0,208,2,10,5,0,300,0.5,1700,0.5,2
9,1,241,0,0,300,0.5,1700,0.5,1
9,2,659,0,0,300,0.5,1700,0.5,0
9,3,317,2,10,5,0,300,0.5,1700,0.5,1
9,4,778,1,0,500,0.6,1000,0.2,1400,0.2,0
9,5,961,2,10,5,0,300,0.5,1700,0.5,2
9,6,880,1,0,300,0.5,1700,0.5,2
9,7,608,2,10,5,0,500,0.6,1000,0.2,1400,0.2,0
9,8,256,0,0,300,0.5,1700,0.5,1
9,9,972,2,10,5,0,500,0.6,1000,0.2,1400,0.2,0
9,10,714,1,0,500,0.6,1000,0.2,1400,0.2,1
9,11,674,2,10,5,0,300,0.5,1700,0.5,2
9,12,153,0,0,300,0.5,1700,0.5,0
9,13,665,1,0,300,0.5,1700,0.5,1
9,14,605,1,0,300,0.5,1700,0.5,0
10,0,57,0,0,300,0.5,1700,0.5,2
10,1,677,0,0,500,0.6,1000,0.2,1400,0.2,2
10,2,569,1,0,500,0.6,1000,0.2,1400,0.2,1
10,3,494,0,0,500,0.6,1000,0.2,1400,0.2,1
10,4,50,2,10,5,0,500,0.6,1000,0.2,1400,0.2,2
10,5,886,2,10,5,0,300,0.5,1700,0.5,2
10,6,642,2,10,5,0,500,0.6,1000,0.2,1400,0.2,0
10,7,899,1,0,500,0.6,1000,0.2,1400,0.2,0
10,8,865,0,0,500,0.6,1000,0.2,1400,0.2,2
10,9,710,2,10,5,0,500,0.6,1000,0.2,1400,0.2,2
10,10,579,2,10,5,0,300,0.5,1700,0.5,0
10,11,836,2,10,5,0,500,0.6,1000,0.2,1400,0.2,0
10,12,491,0,0,300,0.5,1700,0.5,1
10,13,772,1,0,500,0.6,1000,0.2,1400,0.2,2
10,14,410,2,10,5,0,500,0.6,1000,0.2,1400,0.2,2
11,0,24,0,0,300,0.5,1700,0.5,2
11,1,464,0,0,300,0.5,1700,0.5,2
11,2,74,2,10,5,0,500,0.6,1000,0.2,1400,0.2,1
11,3,27,0,0,300,0.5,1700,0.5,0
11,4,642,0,0,500,0.6,1000,0.2,1400,0.2,2
11,5,152,0,0,500,0.6,1000,0.2,1400,0.2,0
11,6,743,2,10,5,0,300,0.5,1700,0.5,0
11,7,816,0,0,300,0.5,1700,0.5,1
11,8,144,2,10,5,0,500,0.6,1000,0.2,1400,0.2,0
11,9,169,1,0,500,0.6,1000,0.2,1400,0.2,2
11,10,947,0,0,300,0.5,1700,0.5,1
11,11,363,2,10,5,0,500,0.6,1000,0.2,1400,0.2,0
11,12,520,2,10,5,0,300,0.5,1700,0.5,0
11,13,369,0,0,300,0.5,1700,0.5,1
11,14,959,0,0,300,0.5,1700,0.5,2
12,0,484,2,10,5,0,300,0.5,1700,0.5,0
12,1,80,2,10,5,0,500,0.6,1000,0.2,1400,0.2,2
12,2,292,0,0,300,0.5,1700,0.5,2
12,3,359,2,10,5,0,300,0.5,1700,0.5,0
12,4,368,1,0,500,0.6,1000,0.2,1400,0.2,2
12,5,129,0,0,300,0.5,1700,0.5,0
12,6,483,0,0,500,0.6,1000,0.2,1400,0.2,2
12,7,385,2,10,5,0,300,0.5,1700,0.5,1
12,8,89,0,0,500,0.6,1000,0.2,1400,0.2,2
12,9,864,0,0,500,0.6,1000,0.2,1400,0.2,0
12,10,863,0,0,300,0.5,1700,0.5,0
12,11,451,2,10,5,0,300,0.5,1700,0.5,0
12,12,532,2,10,5,0,500,0.6,1000,0.2,1400,0.2,1
12,13,768,0,0,300,0.5,1700,0.5,1
12,14,217,1,0,300,0.5,1700,0.5,1
13,0,154,2,10,5,0,300,0.5,1700,0.5,0
13,1,679,1,0,500,0.6,1000,0.2,1400,0.2,1
13,2,61,0,0,300,0.5,1700,0.5,0
13,3,421,2,10,5,0,500,0.6,1000,0.2,1400,0.2,1
13,4,380,0,0,300,0.5,1700,0.5,1
13,5,792,2,10,5,0,300,0.5,1700,0.5,0
13,6,574,1,0,500,0.6,1000,0.2,1400,0.2,1
13,7,745,1,0,500,0.6,1000,0.2,1400,0.2,2
13,8,356,1,0,300,0.5,1700,0.5,1
13,9,802,2,10,5,0,300,0.5,1700,0.5,2
13,10,353,1,0,500,0.6,1000,0.2,1400,0.2,0
13,11,646,2,10,5,0,300,0.5,1700,0.5,1
13,12,450,1,0,500,0.6,1000,0.2,1400,0.2,2
13,13,880,0,0,300,0.5,1700,0.5,1
13,14,553,1,0,300,0.5,1700,0.5,1
14,0,800,1,0,500,0.6,1000,0.2,1400,0.2,0
14,1,508,2,10,5,0,500,0.6,1000,0.2,1400,0.2,1
14,2,182,2,10,5,0,300,0.5,1700,0.5,0
14,3,797,2,10,5,0,500,0.6,1000,0.2,1400,0.2,1
14,4,833,0,0,500,0.6,1000,0.2,1400,0.2,0
14,5,170,2,10,5,0,500,0.6,1000,0.2,1400,0.2,0
14,6,148,0,0,500,0.6,1000,0.2,1400,0.2,1
14,7,680,1,0,500,0.6,1000,0.2,1400,0.2,2
14,8,436,0,0,500,0.6,1000,0.2,1400,0.2,0
14,9,152,0,0,500,0.6,1000,0.2,1400,0.2,0
14,10,94,2,10,5,0,500,0.6,1000,0.2,1400,0.2,0
14,11,384,2,10,5,0,500,0.6,1000,0.2,1400,0.2,2
14,12,924,0,0,500,0.6,1000,0.2,1400,0.2,0
14,13,332,2,10,5,0,500,0.6,1000,0.2,1400,0.2,0
14,14,287,0,0,500,0.6,1000,0.2,1400,0.2,0
