0,0,235,0,0,300,0.5,1700,0.5,1
0,1,488,0,0,300,0.5,1700,0.5,2
0,2,451,0,0,300,0.5,1700,0.5,2
0,3,956,1,0,500,0.6,1000,0.2,1400,0.2,0
0,4,285,1,0,300,0.5,1700,0.5,2
0,5,128,0,0,500,0.6,1000,0.2,1400,0.2,0
0,6,32,1,0,500,0.6,1000,0.2,1400,0.2,1
0,7,913,2,10,5,0,300,0.5,1700,0.5,2
0,8,849,1,0,500,0.6,1000,0.2,1400,0.2,2
0,9,378,0,0,300,0.5,1700,0.5,1
0,10,753,2,10,5,0,300,0.5,1700,0.5,0
0,11,802,1,0,300,0.5,1700,0.5,2
0,12,328,2,10,5,0,300,0.5,1700,0.5,1
0,13,227,2,10,5,0,500,0.6,1000,0.2,1400,0.2,2
0,14,51,1,0,500,0.6,1000,0.2,1400,0.2,2
1,0,905,1,0,300,0.5,1700,0.5,1
1,1,26,0,0,300,0.5,1700,0.5,1
1,2,382,1,0,500,0.6,1000,0.2,1400,0.2,0
1,3,444,2,10,5,0,300,0.5,1700,0.5,1
1,4,86,2,10,5,0,300,0.5,1700,0.5,0
1,5,254,0,0,500,0.6,1000,0.2,1400,0.2,1
1,6,70,2,10,5,0,500,0.6,1000,0.2,1400,0.2,1
1,7,634,2,10,5,0,300,0.5,1700,0.5,1
1,8,453,1,0,300,0.5,1700,0.5,2
1,9,977,2,10,5,0,300,0.5,1700,0.5,1
1,10,344,1,0,500,0.6,1000,0.2,1400,0.2,0
1,11,730,1,0,500,0.6,1000,0.2,1400,0.2,0
1,12,705,0,0,300,0.5,1700,0.5,0
1,13,630,0,0,500,0.6,1000,0.2,1400,0.2,1
1,14,196,1,0,300,0.5,1700,0.5,1
2,0,697,1,0,500,0.6,1000,0.2,1400,0.2,2
2,1,254,1,0,300,0.5,1700,0.5,1
2,2,598,0,0,500,0.6,1000,0.2,1400,0.2,0
2,3,771,0,0,300,0.5,1700,0.5,2
2,4,610,2,10,5,0,300,0.5,1700,0.5,1
2,5,818,2,10,5,0,300,0.5,1700,0.5,2
2,6,214,1,0,500,0.6,1000,0.2,1400,0.2,1
2,7,297,2,10,5,0,300,0.5,1700,0.5,1
2,8,972,2,10,5,0,300,0.5,1700,0.5,1
2,9,681,0,0,300,0.5,1700,0.5,2
2,10,54,1,0,300,0.5,1700,0.5,2
2,11,427,0,0,300,0.5,1700,0.5,2
2,12,630,1,0,500,0.6,1000,0.2,1400,0.2,2
2,13,473,1,0,500,0.6,1000,0.2,1400,0.2,0
2,14,772,0,0,300,0.5,1700,0.5,2
3,0,253,1,0,500,0.6,1000,0.2,1400,0.2,2
3,1,493,0,0,500,0.6,1000,0.2,1400,0.2,1
3,2,376,2,10,5,0,300,0.5,1700,0.5,0
3,3,90,1,0,500,0.6,1000,0.2,1400,0.2,1
3,4,103,0,0,300,0.5,1700,0.5,2
3,5,983,2,10,5,0,300,0.5,1700,0.5,0
3,6,687,0,0,300,0.5,1700,0.5,0
3,7,207,0,0,300,0.5,1700,0.5,0
3,8,212,1,0,300,0.5,1700,0.5,2
3,9,240,0,0,300,0.5,1700,0.5,0
3,10,631,1,0,500,0.6,1000,0.2,1400,0.2,1
3,11,824,1,0,500,0.6,1000,0.2,1400,0.2,0
3,12,764,2,10,5,0,500,0.6,1000,0.2,1400,0.2,0
3,13,673,2,10,5,0,300,0.5,1700,0.5,0
3,14,746,2,10,5,0,300,0.5,1700,0.5,2
4,0,546,0,0,300,0.5,1700,0.5,1
4,1,730,0,0,300,0.5,1700,0.5,1
4,2,22,0,0,300,0.5,1700,0.5,1
4,3,206,2,10,5,0,300,0.5,1700,0.5,2
4,4,612,1,0,500,0.6,1000,0.2,1400,0.2,2
4,5,208,2,10,5,0,500,0.6,1000,0.2,1400,0.2,2
4,6,257,2,10,5,0,500,0.6,1000,0.2,1400,0.2,2
4,7,585,2,10,5,0,300,0.5,1700,0.5,1
4,8,981,2,10,5,0,500,0.6,1000,0.2,1400,0.2,2
4,9,505,0,0,300,0.5,1700,0.5,1
4,10,244,1,0,500,0.6,1000,0.2,1400,0.2,1
4,11,60,1,0,500,0.6,1000,0.2,1400,0.2,2
4,12,953,1,0,300,0.5,1700,0.5,1
4,13,460,2,10,5,0,500,0.6,1000,0.2,1400,0.2,2
4,14,57,2,10,5,0,300,0.5,1700,0.5,2
5,0,585,2,10,5,0,300,0.5,1700,0.5,2
5,1,263,0,0,500,0.6,1000,0.2,1400,0.2,0
5,2,670,1,0,300,0.5,1700,0.5,1
5,3,645,1,0,300,0.5,1700,0.5,1
5,4,228,2,10,5,0,500,0.6,1000,0.2,1400,0.2,2
5,5,125,0,0,500,0.6,1000,0.2,1400,0.2,1
5,6,986,1,0,500,0.6,1000,0.2,1400,0.2,1
5,7,560,2,10,5,0,500,0.6,1000,0.2,1400,0.2,2
5,8,745,2,10,5,0,500,0.6,1000,0.2,1400,0.2,0
5,9,467,2,10,5,0,500,0.6,1000,0.2,1400,0.2,2
5,10,710,1,0,300,0.5,1700,0.5,2
5,11,504,0,0,500,0.6,1000,0.2,1400,0.2,2
5,12,196,1,0,500,0.6,1000,0.2,1400,0.2,2
5,13,210,0,0,500,0.6,1000,0.2,1400,0.2,0
5,14,56,2,10,5,0,300,0.5,1700,0.5,2
6,0,687,2,10,5,0,300,0.5,1700,0.5,2
6,1,473,2,10,5,0,300,0.5,1700,0.5,2
6,2,826,2,10,5,0,500,0.6,1000,0.2,1400,0.2,1
6,3,841,2,10,5,0,500,0.6,1000,0.2,1400,0.2,1
6,4,843,0,0,500,0.6,1000,0.2,1400,0.2,1
6,5,264,0,0,300,0.5,1700,0.5,1
6,6,902,2,10,5,0,500,0.6,1000,0.2,1400,0.2,2
6,7,435,1,0,500,0.6,1000,0.2,1400,0.2,1
6,8,656,1,0,500,0.6,1000,0.2,1400,0.2,1
6,9,373,2,10,5,0,300,0.5,1700,0.5,1
6,10,277,2,10,5,0,300,0.5,1700,0.5,0
6,11,206,2,10,5,0,300,0.5,1700,0.5,1
6,12,272,2,10,5,0,300,0.5,1700,0.5,0
6,13,284,2,10,5,0,300,0.5,1700,0.5,0
6,14,225,2,10,5,0,300,0.5,1700,0.5,0
7,0,57,0,0,500,0.6,1000,0.2,1400,0.2,1
7,1,283,1,0,500,0.6,1000,0.2,1400,0.2,2
7,2,260,2,10,5,0,500,0.6,1000,0.2,1400,0.2,1
7,3,736,1,0,300,0.5,1700,0.5,0
7,4,841,0,0,300,0.5,1700,0.5,1
7,5,520,0,0,300,0.5,1700,0.5,1
7,6,76,2,10,5,0,300,0.5,1700,0.5,0
7,7,866,1,0,500,0.6,1000,0.2,1400,0.2,1
7,8,151,1,0,500,0.6,1000,0.2,1400,0.2,1
7,9,291,0,0,300,0.5,1700,0.5,0
7,10,409,2,10,5,0,300,0.5,1700,0.5,2
7,11,846,0,0,300,0.5,1700,0.5,1
7,12,607,0,0,300,0.5,1700,0.5,1
7,13,104,2,10,5,0,500,0.6,1000,0.2,1400,0.2,1
7,14,791,2,10,5,0,500,0.6,1000,0.2,1400,0.2,0
8,0,751,2,10,5,0,500,0.6,1000,0.2,1400,0.2,2
8,1,764,1,0,300,0.5,1700,0.5,2
8,2,214,1,0,300,0.5,1700,0.5,2
8,3,505,2,10,5,0,500,0.6,1000,0.2,1400,0.2,1
8,4,250,0,0,500,0.6,1000,0.2,1400,0.2,2
8,5,837,1,0,300,0.5,1700,0.5,1
8,6,548,0,0,500,0.6,1000,0.2,1400,0.2,1
8,7,575,2,10,5,0,500,0.6,1000,0.2,1400,0.2,0
8,8,381,1,0,500,0.6,1000,0.2,1400,0.2,0
8,9,893,0,0,500,0.6,1000,0.2,1400,0.2,0
8,10,694,1,0,300,0.5,1700,0.5,2
8,11,599,2,10,5,0,300,0.5,1700,0.5,0
8,12,739,1,0,300,0.5,1700,0.5,1
8,13,646,2,10,5,0,300,0.5,1700,0.5,0
8,14,281,0,0,500,0.6,1000,0.2,1400,0.2,2
9,0,900,0,0,300,0.5,1700,0.5,2
9,1,701,1,0,300,0.5,1700,0.5,0
9,2,941,0,0,300,0.5,1700,0.5,2
9,3,615,2,10,5,0,500,0.6,1000,0.2,1400,0.2,2
9,4,320,0,0,500,0.6,1000,0.2,1400,0.2,2
9,5,470,2,10,5,0,300,0.5,1700,0.5,0
9,6,521,2,10,5,0,500,0.6,1000,0.2,1400,0.2,1
9,7,159,2,10,5,0,500,0.6,1000,0.2,1400,0.2,2
9,8,921,2,10,5,0,500,0.6,1000,0.2,1400,0.2,1
9,9,438,1,0,500,0.6,1000,0.2,1400,0.2,0
9,10,894,1,0,500,0.6,1000,0.2,1400,0.2,0
9,11,947,2,10,5,0,500,0.6,1000,0.2,1400,0.2,0
9,12,174,0,0,300,0.5,1700,0.5,0
9,13,347,0,0,300,0.5,1700,0.5,2
9,14,416,1,0,500,0.6,1000,0.2,1400,0.2,0
10,0,80,0,0,300,0.5,1700,0.5,0
10,1,248,1,0,300,0.5,1700,0.5,2
10,2,14,2,10,5,0,300,0.5,1700,0.5,2
10,3,432,2,10,5,0,300,0.5,1700,0.5,1
10,4,658,1,0,500,0.6,1000,0.2,1400,0.2,1
10,5,120,1,0,300,0.5,1700,0.5,2
10,6,670,1,0,500,0.6,1000,0.2,1400,0.2,1
10,7,942,2,10,5,0,500,0.6,1000,0.2,1400,0.2,1
10,8,248,2,10,5,0,500,0.6,1000,0.2,1400,0.2,1
10,9,799,0,0,300,0.5,1700,0.5,1
10,10,748,1,0,500,0.6,1000,0.2,1400,0.2,2
10,11,959,0,0,500,0.6,1000,0.2,1400,0.2,0
10,12,698,0,0,300,0.5,1700,0.5,1
10,13,450,1,0,300,0.5,1700,0.5,1
10,14,643,0,0,300,0.5,1700,0.5,2
11,0,379,1,0,500,0.6,1000,0.2,1400,0.2,2
11,1,999,1,0,500,0.6,1000,0.2,1400,0.2,2
11,2,43,0,0,500,0.6,1000,0.2,1400,0.2,0
11,3,725,2,10,5,0,500,0.6,1000,0.2,1400,0.2,2
11,4,659,1,0,500,0.6,1000,0.2,1400,0.2,0
11,5,989,1,0,300,0.5,1700,0.5,1
11,6,360,1,0,500,0.6,1000,0.2,1400,0.2,1
11,7,357,1,0,300,0.5,1700,0.5,2
11,8,277,1,0,500,0.6,1000,0.2,1400,0.2,1
11,9,388,0,0,500,0.6,1000,0.2,1400,0.2,2
11,10,737,0,0,300,0.5,1700,0.5,2
11,11,971,2,10,5,0,500,0.6,1000,0.2,1400,0.2,1
11,12,66,2,10,5,0,500,0.6,1000,0.2,1400,0.2,2
11,13,545,1,0,500,0.6,1000,0.2,1400,0.2,1
11,14,615,1,0,500,0.6,1000,0.2,1400,0.2,2
12,0,126,2,10,5,0,500,0.6,1000,0.2,1400,0.2,1
12,1,270,1,0,500,0.6,1000,0.2,1400,0.2,1
12,2,508,0,0,300,0.5,1700,0.5,0
12,3,230,2,10,5,0,500,0.6,1000,0.2,1400,0.2,0
12,4,458,0,0,500,0.6,1000,0.2,1400,0.2,0
12,5,122,2,10,5,0,300,0.5,1700,0.5,0
12,6,911,1,0,500,0.6,1000,0.2,1400,0.2,2
12,7,315,0,0,300,0.5,1700,0.5,2
12,8,27,1,0,500,0.6,1000,0.2,1400,0.2,0
12,9,689,2,10,5,0,500,0.6,1000,0.2,1400,0.2,2
12,10,478,0,0,500,0.6,1000,0.2,1400,0.2,1
12,11,700,0,0,300,0.5,1700,0.5,2
12,12,863,0,0,500,0.6,1000,0.2,1400,0.2,2
12,13,277,2,10,5,0,500,0.6,1000,0.2,1400,0.2,1
12,14,31,1,0,300,0.5,1700,0.5,0
13,0,518,2,10,5,0,300,0.5,1700,0.5,0
13,1,41,0,0,500,0.6,1000,0.2,1400,0.2,0
13,2,870,0,0,500,0.6,1000,0.2,1400,0.2,1
13,3,663,1,0,500,0.6,1000,0.2,1400,0.2,1
13,4,79,1,0,300,0.5,1700,0.5,1
13,5,978,2,10,5,0,500,0.6,1000,0.2,1400,0.2,1
13,6,696,1,0,500,0.6,1000,0.2,1400,0.2,0
13,7,726,2,10,5,0,300,0.5,1700,0.5,2
13,8,14,0,0,500,0.6,1000,0.2,1400,0.2,2
13,9,268,1,0,300,0.5,1700,0.5,0
13,10,649,2,10,5,0,500,0.6,1000,0.2,1400,0.2,2
13,11,740,0,0,500,0.6,1000,0.2,1400,0.2,0
13,12,763,0,0,300,0.5,1700,0.5,1
13,13,32,1,0,500,0.6,1000,0.2,1400,0.2,2
13,14,199,2,10,5,0,300,0.5,1700,0.5,2
14,0,15,0,0,300,0.5,1700,0.5,1
14,1,837,0,0,500,0.6,1000,0.2,1400,0.2,0
14,2,728,0,0,500,0.6,1000,0.2,1400,0.2,1
14,3,99,2,10,5,0,500,0.6,1000,0.2,1400,0.2,1
14,4,813,2,10,5,0,300,0.5,1700,0.5,1
14,5,905,1,0,500,0.6,1000,0.2,1400,0.2,2
14,6,392,2,10,5,0,500,0.6,1000,0.2,1400,0.2,2
14,7,312,0,0,500,0.6,1000,0.2,1400,0.2,1
14,8,743,2,10,5,0,300,0.5,1700,0.5,1
14,9,949,0,0,300,0.5,1700,0.5,0
14,10,621,2,10,5,0,500,0.6,1000,0.2,1400,0.2,1
14,11,690,1,0,500,0.6,1000,0.2,1400,0.2,0
14,12,911,1,0,300,0.5,1700,0.5,1
14,13,975,2,10,5,0,500,0.6,1000,0.2,1400,0.2,1
14,14,497,1,0,300,0.5,1700,0.5,1
