0,0,482,1,0,500,0.6,1000,0.2,1400,0.2,2
0,1,753,0,0,300,0.5,1700,0.5,1
0,2,185,2,10,5,0,300,0.5,1700,0.5,0
0,3,741,2,10,5,0,500,0.6,1000,0.2,1400,0.2,2
0,4,970,0,0,500,0.6,1000,0.2,1400,0.2,2
0,5,540,2,10,5,0,300,0.5,1700,0.5,0
0,6,84,1,0,300,0.5,1700,0.5,2
0,7,454,1,0,500,0.6,1000,0.2,1400,0.2,1
0,8,385,1,0,500,0.6,1000,0.2,1400,0.2,0
0,9,699,1,0,500,0.6,1000,0.2,1400,0.2,0
0,10,109,0,0,300,0.5,1700,0.5,2
0,11,661,1,0,300,0.5,1700,0.5,2
0,12,997,0,0,500,0.6,1000,0.2,1400,0.2,1
0,13,719,2,10,5,0,500,0.6,1000,0.2,1400,0.2,1
0,14,824,2,10,5,0,300,0.5,1700,0.5,1
1,0,268,1,0,300,0.5,1700,0.5,2
1,1,24,0,0,500,0.6,1000,0.2,1400,0.2,1
1,2,350,0,0,500,0.6,1000,0.2,1400,0.2,0
1,3,611,1,0,300,0.5,1700,0.5,2
1,4,375,0,0,500,0.6,1000,0.2,1400,0.2,0
1,5,301,1,0,500,0.6,1000,0.2,1400,0.2,1
1,6,394,1,0,500,0.6,1000,0.2,1400,0.2,0
1,7,737,0,0,500,0.6,1000,0.2,1400,0.2,2
1,8,567,1,0,500,0.6,1000,0.2,1400,0.2,2
1,9,294,1,0,500,0.6,1000,0.2,1400,0.2,2
1,10,359,1,0,300,0.5,1700,0.5,2
1,11,321,1,0,300,0.5,1700,0.5,2
1,12,828,1,0,300,0.5,1700,0.5,2
1,13,523,0,0,500,0.6,1000,0.2,1400,0.2,2
1,14,423,1,0,300,0.5,1700,0.5,0
2,0,498,0,0,500,0.6,1000,0.2,1400,0.2,0
2,1,211,1,0,300,0.5,1700,0.5,1
2,2,38,0,0,300,0.5,1700,0.5,0
2,3,683,1,0,300,0.5,1700,0.5,2
2,4,23,2,10,5,0,500,0.6,1000,0.2,1400,0.2,1
2,5,570,0,0,500,0.6,1000,0.2,1400,0.2,0
2,6,889,1,0,300,0.5,1700,0.5,2
2,7,179,2,10,5,0,500,0.6,1000,0.2,1400,0.2,2
2,8,413,2,10,5,0,500,0.6,1000,0.2,1400,0.2,0
2,9,351,1,0,500,0.6,1000,0.2,1400,0.2,1
2,10,909,2,10,5,0,500,0.6,1000,0.2,1400,0.2,2
2,11,324,2,10,5,0,500,0.6,1000,0.2,1400,0.2,0
2,12,329,0,0,500,0.6,1000,0.2,1400,0.2,0
2,13,105,2,10,5,0,300,0.5,1700,0.5,2
2,14,665,1,0,500,0.6,1000,0.2,1400,0.2,0
3,0,203,1,0,300,0.5,1700,0.5,0
3,1,825,1,0,500,0.6,1000,0.2,1400,0.2,1
3,2,764,2,10,5,0,500,0.6,1000,0.2,1400,0.2,2
3,3,388,0,0,500,0.6,1000,0.2,1400,0.2,2
3,4,51,1,0,500,0.6,1000,0.2,1400,0.2,2
3,5,479,1,0,500,0.6,1000,0.2,1400,0.2,0
3,6,12,0,0,300,0.5,1700,0.5,1
3,7,199,2,10,5,0,300,0.5,1700,0.5,0
3,8,97,0,0,300,0.5,1700,0.5,1
3,9,337,0,0,300,0.5,1700,0.5,1
3,10,862,0,0,500,0.6,1000,0.2,1400,0.2,0
3,11,443,0,0,300,0.5,1700,0.5,1
3,12,891,1,0,300,0.5,1700,0.5,1
3,13,431,0,0,300,0.5,1700,0.5,2
3,14,421,1,0,500,0.6,1000,0.2,1400,0.2,2
4,0,145,2,10,5,0,300,0.5,1700,0.5,0
4,1,382,2,10,5,0,300,0.5,1700,0.5,0
4,2,416,2,10,5,0,300,0.5,1700,0.5,0
4,3,381,0,0,500,0.6,1000,0.2,1400,0.2,2
4,4,549,0,0,300,0.5,1700,0.5,2
4,5,722,1,0,300,0.5,1700,0.5,2
4,6,16,0,0,300,0.5,1700,0.5,1
4,7,823,1,0,500,0.6,1000,0.2,1400,0.2,2
4,8,354,0,0,300,0.5,1700,0.5,2
4,9,299,0,0,300,0.5,1700,0.5,2
4,10,812,1,0,500,0.6,1000,0.2,1400,0.2,1
4,11,896,1,0,500,0.6,1000,0.2,1400,0.2,0
4,12,563,0,0,300,0.5,1700,0.5,0
4,13,359,0,0,500,0.6,1000,0.2,1400,0.2,2
4,14,252,1,0,300,0.5,1700,0.5,1
5,0,998,1,0,500,0.6,1000,0.2,1400,0.2,0
5,1,15,2,10,5,0,500,0.6,1000,0.2,1400,0.2,1
5,2,753,0,0,300,0.5,1700,0.5,1
5,3,895,0,0,500,0.6,1000,0.2,1400,0.2,0
5,4,938,2,10,5,0,500,0.6,1000,0.2,1400,0.2,1
5,5,826,1,0,500,0.6,1000,0.2,1400,0.2,2
5,6,85,0,0,300,0.5,1700,0.5,2
5,7,605,0,0,300,0.5,1700,0.5,1
5,8,905,1,0,300,0.5,1700,0.5,0
5,9,235,2,10,5,0,500,0.6,1000,0.2,1400,0.2,1
5,10,693,2,10,5,0,500,0.6,1000,0.2,1400,0.2,2
5,11,773,2,10,5,0,500,0.6,1000,0.2,1400,0.2,2
5,12,505,1,0,500,0.6,1000,0.2,1400,0.2,2
5,13,882,1,0,300,0.5,1700,0.5,2
5,14,998,0,0,300,0.5,1700,0.5,0
6,0,736,0,0,500,0.6,1000,0.2,1400,0.2,2
6,1,639,2,10,5,0,500,0.6,1000,0.2,1400,0.2,1
6,2,788,2,10,5,0,500,0.6,1000,0.2,1400,0.2,0
6,3,205,1,0,300,0.5,1700,0.5,1
6,4,671,1,0,300,0.5,1700,0.5,0
6,5,124,2,10,5,0,300,0.5,1700,0.5,0
6,6,420,0,0,300,0.5,1700,0.5,2
6,7,951,0,0,300,0.5,1700,0.5,1
6,8,495,0,0,300,0.5,1700,0.5,2
6,9,827,1,0,500,0.6,1000,0.2,1400,0.2,2
6,10,640,2,10,5,0,300,0.5,1700,0.5,1
6,11,262,1,0,500,0.6,1000,0.2,1400,0.2,0
6,12,314,1,0,300,0.5,1700,0.5,1
6,13,324,0,0,500,0.6,1000,0.2,1400,0.2,2
6,14,957,2,10,5,0,300,0.5,1700,0.5,1
7,0,662,1,0,500,0.6,1000,0.2,1400,0.2,2
7,1,143,2,10,5,0,500,0.6,1000,0.2,1400,0.2,0
7,2,630,1,0,500,0.6,1000,0.2,1400,0.2,0
7,3,279,2,10,5,0,300,0.5,1700,0.5,0
7,4,883,2,10,5,0,300,0.5,1700,0.5,0
7,5,949,0,0,500,0.6,1000,0.2,1400,0.2,1
7,6,760,0,0,300,0.5,1700,0.5,1
7,7,786,1,0,500,0.6,1000,0.2,1400,0.2,0
7,8,469,0,0,500,0.6,1000,0.2,1400,0.2,2
7,9,870,0,0,300,0.5,1700,0.5,1
7,10,935,1,0,300,0.5,1700,0.5,2
7,11,289,1,0,500,0.6,1000,0.2,1400,0.2,0
7,12,970,0,0,500,0.6,1000,0.2,1400,0.2,0
7,13,616,2,10,5,0,300,0.5,1700,0.5,0
7,14,870,0,0,300,0.5,1700,0.5,2
8,0,739,0,0,300,0.5,1700,0.5,2
8,1,299,1,0,500,0.6,1000,0.2,1400,0.2,2
8,2,261,2,10,5,0,500,0.6,1000,0.2,1400,0.2,1
8,3,28,1,0,500,0.6,1000,0.2,1400,0.2,1
8,4,816,1,0,300,0.5,1700,0.5,2
8,5,496,2,10,5,0,300,0.5,1700,0.5,0
8,6,830,0,0,300,0.5,1700,0.5,0
8,7,294,0,0,500,0.6,1000,0.2,1400,0.2,2
8,8,789,2,10,5,0,500,0.6,1000,0.2,1400,0.2,1
8,9,125,1,0,300,0.5,1700,0.5,2
8,10,499,1,0,500,0.6,1000,0.2,1400,0.2,1
8,11,544,2,10,5,0,300,0.5,1700,0.5,2
8,12,952,2,10,5,0,500,0.6,1000,0.2,1400,0.2,2
8,13,49,2,10,5,0,500,0.6,1000,0.2,1400,0.2,2
8,14,748,2,10,5,0,300,0.5,1700,0.5,1
9,0,688,2,10,5,0,300,0.5,1700,0.5,2
9,1,957,0,0,300,0.5,1700,0.5,2
9,2,975,2,10,5,0,500,0.6,1000,0.2,1400,0.2,2
9,3,932,0,0,500,0.6,1000,0.2,1400,0.2,0
9,4,605,0,0,500,0.6,1000,0.2,1400,0.2,2
9,5,31,2,10,5,0,500,0.6,1000,0.2,1400,0.2,1
9,6,125,0,0,500,0.6,1000,0.2,1400,0.2,0
9,7,20,2,10,5,0,300,0.5,1700,0.5,2
9,8,136,0,0,500,0.6,1000,0.2,1400,0.2,2
9,9,781,1,0,300,0.5,1700,0.5,2
9,10,515,1,0,500,0.6,1000,0.2,1400,0.2,2
9,11,683,2,10,5,0,500,0.6,1000,0.2,1400,0.2,1
9,12,579,2,10,5,0,300,0.5,1700,0.5,2
9,13,467,2,10,5,0,300,0.5,1700,0.5,2
9,14,730,0,0,500,0.6,1000,0.2,1400,0.2,0
10,0,595,2,10,5,0,500,0.6,1000,0.2,1400,0.2,1
10,1,483,1,0,300,0.5,1700,0.5,1
10,2,84,2,10,5,0,300,0.5,1700,0.5,0
10,3,551,2,10,5,0,500,0.6,1000,0.2,1400,0.2,1
10,4,966,1,0,300,0.5,1700,0.5,2
10,5,402,2,10,5,0,500,0.6,1000,0.2,1400,0.2,0
10,6,398,1,0,500,0.6,1000,0.2,1400,0.2,2
10,7,123,1,0,500,0.6,1000,0.2,1400,0.2,1
10,8,495,0,0,500,0.6,1000,0.2,1400,0.2,1
10,9,635,1,0,300,0.5,1700,0.5,1
10,10,659,1,0,500,0.6,1000,0.2,1400,0.2,0
10,11,471,1,0,300,0.5,1700,0.5,1
10,12,363,0,0,500,0.6,1000,0.2,1400,0.2,1
10,13,71,2,10,5,0,500,0.6,1000,0.2,1400,0.2,0
10,14,707,1,0,300,0.5,1700,0.5,0
11,0,904,2,10,5,0,300,0.5,1700,0.5,2
11,1,452,1,0,500,0.6,1000,0.2,1400,0.2,2
11,2,217,0,0,300,0.5,1700,0.5,2
11,3,368,2,10,5,0,300,0.5,1700,0.5,2
11,4,778,1,0,300,0.5,1700,0.5,0
11,5,151,1,0,300,0.5,1700,0.5,1
11,6,124,0,0,300,0.5,1700,0.5,0
11,7,875,0,0,300,0.5,1700,0.5,0
11,8,656,1,0,500,0.6,1000,0.2,1400,0.2,2
11,9,473,0,0,300,0.5,1700,0.5,1
11,10,912,0,0,300,0.5,1700,0.5,0
11,11,311,1,0,500,0.6,1000,0.2,1400,0.2,2
11,12,996,0,0,500,0.6,1000,0.2,1400,0.2,1
11,13,825,1,0,500,0.6,1000,0.2,1400,0.2,1
11,14,529,0,0,300,0.5,1700,0.5,0
12,0,743,0,0,300,0.5,1700,0.5,2
12,1,875,0,0,500,0.6,1000,0.2,1400,0.2,2
12,2,213,2,10,5,0,300,0.5,1700,0.5,2
12,3,895,0,0,500,0.6,1000,0.2,1400,0.2,1
12,4,197,2,10,5,0,500,0.6,1000,0.2,1400,0.2,1
12,5,885,1,0,300,0.5,1700,0.5,2
12,6,512,0,0,300,0.5,1700,0.5,1
12,7,352,2,10,5,0,500,0.6,1000,0.2,1400,0.2,0
12,8,50,2,10,5,0,500,0.6,1000,0.2,1400,0.2,2
12,9,537,0,0,300,0.5,1700,0.5,2
12,10,460,2,10,5,0,300,0.5,1700,0.5,2
12,11,672,2,10,5,0,500,0.6,1000,0.2,1400,0.2,1
12,12,383,1,0,300,0.5,1700,0.5,1
12,13,143,0,0,300,0.5,1700,0.5,2
12,14,597,0,0,500,0.6,1000,0.2,1400,0.2,1
13,0,722,2,10,5,0,500,0.6,1000,0.2,1400,0.2,0
13,1,468,0,0,500,0.6,1000,0.2,1400,0.2,1
13,2,133,1,0,500,0.6,1000,0.2,1400,0.2,2
13,3,291,1,0,300,0.5,1700,0.5,0
13,4,998,2,10,5,0,500,0.6,1000,0.2,1400,0.2,1
13,5,685,2,10,5,0,300,0.5,1700,0.5,0
13,6,799,0,0,300,0.5,1700,0.5,1
13,7,653,2,10,5,0,500,0.6,1000,0.2,1400,0.2,2
13,8,28,1,0,300,0.5,1700,0.5,1
13,9,22,2,10,5,0,500,0.6,1000,0.2,1400,0.2,2
13,10,389,1,0,500,0.6,1000,0.2,1400,0.2,2
13,11,378,0,0,300,0.5,1700,0.5,0
13,12,670,0,0,500,0.6,1000,0.2,1400,0.2,1
13,13,618,1,0,500,0.6,1000,0.2,1400,0.2,2
13,14,312,1,0,500,0.6,1000,0.2,1400,0.2,1
14,0,903,2,10,5,0,500,0.6,1000,0.2,1400,0.2,0
14,1,805,1,0,500,0.6,1000,0.2,1400,0.2,0
14,2,177,0,0,300,0.5,1700,0.5,0
14,3,362,2,10,5,0,500,0.6,1000,0.2,1400,0.2,2
14,4,679,0,0,500,0.6,1000,0.2,1400,0.2,0
14,5,408,2,10,5,0,300,0.5,1700,0.5,0
14,6,288,0,0,500,0.6,1000,0.2,1400,0.2,1
14,7,750,1,0,500,0.6,1000,0.2,1400,0.2,2
14,8,995,2,10,5,0,300,0.5,1700,0.5,1
14,9,928,1,0,300,0.5,1700,0.5,1
14,10,460,0,0,300,0.5,1700,0.5,0
14,11,697,2,10,5,0,500,0.6,1000,0.2,1400,0.2,0
14,12,268,2,10,5,0,500,0.6,1000,0.2,1400,0.2,0
14,13,639,2,10,5,0,500,0.6,1000,0.2,1400,0.2,0
14,14,382,1,0,500,0.6,1000,0.2,1400,0.2,1
