0,0,290,1,0,300,0.5,1700,0.5,0
0,1,970,0,0,500,0.6,1000,0.2,1400,0.2,2
0,2,938,0,0,300,0.5,1700,0.5,2
0,3,690,0,0,500,0.6,1000,0.2,1400,0.2,2
0,4,815,1,0,300,0.5,1700,0.5,1
0,5,26,1,0,300,0.5,1700,0.5,0
0,6,824,1,0,500,0.6,1000,0.2,1400,0.2,1
0,7,972,2,10,5,0,300,0.5,1700,0.5,1
0,8,298,2,10,5,0,500,0.6,1000,0.2,1400,0.2,1
0,9,964,2,10,5,0,300,0.5,1700,0.5,1
0,10,328,0,0,300,0.5,1700,0.5,1
0,11,450,0,0,300,0.5,1700,0.5,2
0,12,212,2,10,5,0,500,0.6,1000,0.2,1400,0.2,0
0,13,188,0,0,500,0.6,1000,0.2,1400,0.2,1
0,14,135,2,10,5,0,300,0.5,1700,0.5,0
1,0,726,0,0,500,0.6,1000,0.2,1400,0.2,2
1,1,758,1,0,500,0.6,1000,0.2,1400,0.2,2
1,2,858,1,0,500,0.6,1000,0.2,1400,0.2,1
1,3,837,1,0,300,0.5,1700,0.5,2
1,4,114,0,0,500,0.6,1000,0.2,1400,0.2,1
1,5,191,0,0,300,0.5,1700,0.5,1
1,6,173,1,0,300,0.5,1700,0.5,0
1,7,541,2,10,5,0,300,0.5,1700,0.5,0
1,8,976,2,10,5,0,300,0.5,1700,0.5,1
1,9,27,2,10,5,0,300,0.5,1700,0.5,0
1,10,211,2,10,5,0,300,0.5,1700,0.5,2
1,11,872,1,0,300,0.5,1700,0.5,1
1,12,505,0,0,500,0.6,1000,0.2,1400,0.2,2
1,13,943,0,0,300,0.5,1700,0.5,1
1,14,437,0,0,300,0.5,1700,0.5,0
2,0,713,2,10,5,0,300,0.5,1700,0.5,2
2,1,310,0,0,300,0.5,1700,0.5,2
2,2,627,1,0,300,0.5,1700,0.5,0
2,3,41,2,10,5,0,300,0.5,1700,0.5,2
2,4,347,0,0,500,0.6,1000,0.2,1400,0.2,1
2,5,746,2,10,5,0,500,0.6,1000,0.2,1400,0.2,2
2,6,187,0,0,300,0.5,1700,0.5,0
2,7,372,0,0,500,0.6,1000,0.2,1400,0.2,1
2,8,648,0,0,500,0.6,1000,0.2,1400,0.2,1
2,9,435,0,0,500,0.6,1000,0.2,1400,0.2,0
2,10,456,0,0,300,0.5,1700,0.5,2
2,11,458,1,0,500,0.6,1000,0.2,1400,0.2,2
2,12,736,0,0,300,0.5,1700,0.5,0
2,13,519,0,0,500,0.6,1000,0.2,1400,0.2,2
2,14,35,0,0,500,0.6,1000,0.2,1400,0.2,2
3,0,340,2,10,5,0,300,0.5,1700,0.5,1
3,1,613,0,0,500,0.6,1000,0.2,1400,0.2,0
3,2,189,2,10,5,0,300,0.5,1700,0.5,1
3,3,358,2,10,5,0,500,0.6,1000,0.2,1400,0.2,1
3,4,189,0,0,300,0.5,1700,0.5,2
3,5,174,2,10,5,0,300,0.5,1700,0.5,2
3,6,976,0,0,300,0.5,1700,0.5,2
3,7,50,2,10,5,0,300,0.5,1700,0.5,2
3,8,758,1,0,300,0.5,1700,0.5,0
3,9,494,1,0,300,0.5,1700,0.5,2
3,10,433,2,10,5,0,300,0.5,1700,0.5,2
3,11,510,0,0,300,0.5,1700,0.5,0
3,12,813,1,0,500,0.6,1000,0.2,1400,0.2,1
3,13,849,1,0,300,0.5,1700,0.5,2
3,14,549,0,0,300,0.5,1700,0.5,1
4,0,750,1,0,500,0.6,1000,0.2,1400,0.2,2
4,1,159,0,0,500,0.6,1000,0.2,1400,0.2,2
4,2,30,0,0,500,0.6,1000,0.2,1400,0.2,0
4,3,251,0,0,500,0.6,1000,0.2,1400,0.2,1
4,4,467,2,10,5,0,300,0.5,1700,0.5,1
4,5,997,0,0,500,0.6,1000,0.2,1400,0.2,0
4,6,352,1,0,300,0.5,1700,0.5,2
4,7,535,0,0,300,0.5,1700,0.5,1
4,8,579,0,0,300,0.5,1700,0.5,0
4,9,793,2,10,5,0,500,0.6,1000,0.2,1400,0.2,0
4,10,605,0,0,300,0.5,1700,0.5,1
4,11,867,1,0,300,0.5,1700,0.5,0
4,12,948,1,0,500,0.6,1000,0.2,1400,0.2,2
4,13,640,2,10,5,0,500,0.6,1000,0.2,1400,0.2,1
4,14,228,2,10,5,0,500,0.6,1000,0.2,1400,0.2,1
5,0,179,2,10,5,0,300,0.5,1700,0.5,0
5,1,298,1,0,500,0.6,1000,0.2,1400,0.2,2
5,2,920,0,0,500,0.6,1000,0.2,1400,0.2,1
5,3,456,2,10,5,0,300,0.5,1700,0.5,0
5,4,439,2,10,5,0,500,0.6,1000,0.2,1400,0.2,0
5,5,270,1,0,300,0.5,1700,0.5,0
5,6,472,1,0,300,0.5,1700,0.5,2
5,7,644,0,0,300,0.5,1700,0.5,0
5,8,714,1,0,300,0.5,1700,0.5,1
5,9,388,1,0,500,0.6,1000,0.2,1400,0.2,2
5,10,730,2,10,5,0,300,0.5,1700,0.5,2
5,11,726,1,0,500,0.6,1000,0.2,1400,0.2,1
5,12,268,1,0,500,0.6,1000,0.2,1400,0.2,2
5,13,88,2,10,5,0,300,0.5,1700,0.5,1
5,14,758,0,0,300,0.5,1700,0.5,0
6,0,677,2,10,5,0,300,0.5,1700,0.5,1
6,1,789,2,10,5,0,500,0.6,1000,0.2,1400,0.2,1
6,2,429,1,0,500,0.6,1000,0.2,1400,0.2,0
6,3,813,0,0,500,0.6,1000,0.2,1400,0.2,0
6,4,563,2,10,5,0,300,0.5,1700,0.5,2
6,5,182,2,10,5,0,500,0.6,1000,0.2,1400,0.2,0
6,6,118,0,0,300,0.5,1700,0.5,2
6,7,680,2,10,5,0,500,0.6,1000,0.2,1400,0.2,1
6,8,666,0,0,300,0.5,1700,0.5,0
6,9,482,1,0,500,0.6,1000,0.2,1400,0.2,1
6,10,163,0,0,300,0.5,1700,0.5,2
6,11,204,2,10,5,0,300,0.5,1700,0.5,1
6,12,63,0,0,500,0.6,1000,0.2,1400,0.2,1
6,13,192,0,0,500,0.6,1000,0.2,1400,0.2,2
6,14,652,1,0,500,0.6,1000,0.2,1400,0.2,1
7,0,373,2,10,5,0,500,0.6,1000,0.2,1400,0.2,0
7,1,152,1,0,500,0.6,1000,0.2,1400,0.2,0
7,2,594,0,0,300,0.5,1700,0.5,1
7,3,664,0,0,300,0.5,1700,0.5,0
7,4,149,0,0,300,0.5,1700,0.5,2
7,5,493,0,0,300,0.5,1700,0.5,0
7,6,462,1,0,300,0.5,1700,0.5,0
7,7,779,1,0,300,0.5,1700,0.5,2
7,8,274,2,10,5,0,300,0.5,1700,0.5,1
7,9,587,2,10,5,0,300,0.5,1700,0.5,1
7,10,901,2,10,5,0,500,0.6,1000,0.2,1400,0.2,2
7,11,835,1,0,300,0.5,1700,0.5,2
7,12,663,0,0,300,0.5,1700,0.5,1
7,13,522,0,0,500,0.6,1000,0.2,1400,0.2,0
7,14,843,2,10,5,0,300,0.5,1700,0.5,1
8,0,573,0,0,300,0.5,1700,0.5,2
8,1,472,1,0,300,0.5,1700,0.5,0
8,2,88,1,0,500,0.6,1000,0.2,1400,0.2,1
8,3,905,0,0,300,0.5,1700,0.5,1
8,4,276,1,0,300,0.5,1700,0.5,2
8,5,982,1,0,300,0.5,1700,0.5,0
8,6,445,0,0,500,0.6,1000,0.2,1400,0.2,1
8,7,673,0,0,500,0.6,1000,0.2,1400,0.2,1
8,8,952,1,0,500,0.6,1000,0.2,1400,0.2,2
8,9,540,0,0,500,0.6,1000,0.2,1400,0.2,0
8,10,179,1,0,500,0.6,1000,0.2,1400,0.2,2
8,11,319,0,0,300,0.5,1700,0.5,1
8,12,181,0,0,500,0.6,1000,0.2,1400,0.2,0
8,13,671,0,0,500,0.6,1000,0.2,1400,0.2,1
8,14,837,1,0,300,0.5,1700,0.5,0
9,0,294,2,10,5,0,300,0.5,1700,0.5,2
9,1,402,1,0,500,0.6,1000,0.2,1400,0.2,2
9,2,793,0,0,500,0.6,1000,0.2,1400,0.2,1
9,3,566,1,0,300,0.5,1700,0.5,2
9,4,15,2,10,5,0,300,0.5,1700,0.5,0
9,5,986,0,0,500,0.6,1000,0.2,1400,0.2,2
9,6,740,0,0,500,0.6,1000,0.2,1400,0.2,2
9,7,181,1,0,500,0.6,1000,0.2,1400,0.2,2
9,8,767,1,0,300,0.5,1700,0.5,2
9,9,341,2,10,5,0,300,0.5,1700,0.5,1
9,10,802,0,0,500,0.6,1000,0.2,1400,0.2,2
9,11,234,2,10,5,0,500,0.6,1000,0.2,1400,0.2,2
9,12,379,0,0,300,0.5,1700,0.5,0
9,13,534,2,10,5,0,300,0.5,1700,0.5,1
9,14,419,0,0,500,0.6,1000,0.2,1400,0.2,1
10,0,841,2,10,5,0,300,0.5,1700,0.5,1
10,1,265,2,10,5,0,300,0.5,1700,0.5,0
10,2,79,2,10,5,0,500,0.6,1000,0.2,1400,0.2,0
10,3,707,1,0,500,0.6,1000,0.2,1400,0.2,0
10,4,92,2,10,5,0,500,0.6,1000,0.2,1400,0.2,0
10,5,148,1,0,500,0.6,1000,0.2,1400,0.2,1
10,6,574,1,0,300,0.5,1700,0.5,0
10,7,179,1,0,500,0.6,1000,0.2,1400,0.2,0
10,8,284,1,0,500,0.6,1000,0.2,1400,0.2,1
10,9,532,1,0,500,0.6,1000,0.2,1400,0.2,1
10,10,218,0,0,500,0.6,1000,0.2,1400,0.2,0
10,11,744,2,10,5,0,300,0.5,1700,0.5,2
10,12,783,2,10,5,0,300,0.5,1700,0.5,1
10,13,564,1,0,300,0.5,1700,0.5,1
10,14,307,1,0,300,0.5,1700,0.5,1
11,0,240,0,0,500,0.6,1000,0.2,1400,0.2,0
11,1,583,1,0,500,0.6,1000,0.2,1400,0.2,0
11,2,130,0,0,300,0.5,1700,0.5,2
11,3,786,1,0,300,0.5,1700,0.5,1
11,4,195,2,10,5,0,500,0.6,1000,0.2,1400,0.2,2
11,5,132,0,0,300,0.5,1700,0.5,0
11,6,330,0,0,500,0.6,1000,0.2,1400,0.2,0
11,7,117,0,0,500,0.6,1000,0.2,1400,0.2,2
11,8,83,2,10,5,0,500,0.6,1000,0.2,1400,0.2,0
11,9,317,0,0,300,0.5,1700,0.5,2
11,10,103,1,0,500,0.6,1000,0.2,1400,0.2,1
11,11,450,2,10,5,0,300,0.5,1700,0.5,2
11,12,400,2,10,5,0,500,0.6,1000,0.2,1400,0.2,1
11,13,100,1,0,300,0.5,1700,0.5,1
11,14,660,2,10,5,0,300,0.5,1700,0.5,1
12,0,389,0,0,300,0.5,1700,0.5,2
12,1,503,0,0,500,0.6,1000,0.2,1400,0.2,0
12,2,289,0,0,500,0.6,1000,0.2,1400,0.2,1
12,3,858,2,10,5,0,500,0.6,1000,0.2,1400,0.2,0
12,4,399,0,0,300,0.5,1700,0.5,1
12,5,446,0,0,500,0.6,1000,0.2,1400,0.2,2
12,6,318,1,0,300,0.5,1700,0.5,0
12,7,828,2,10,5,0,300,0.5,1700,0.5,1
12,8,320,0,0,300,0.5,1700,0.5,1
12,9,19,0,0,500,0.6,1000,0.2,1400,0.2,0
12,10,820,0,0,300,0.5,1700,0.5,2
12,11,883,1,0,500,0.6,1000,0.2,1400,0.2,2
12,12,695,2,10,5,0,500,0.6,1000,0.2,1400,0.2,2
12,13,527,1,0,500,0.6,1000,0.2,1400,0.2,1
12,14,253,0,0,300,0.5,1700,0.5,1
13,0,788,0,0,300,0.5,1700,0.5,0
13,1,326,2,10,5,0,300,0.5,1700,0.5,0
13,2,716,1,0,300,0.5,1700,0.5,2
13,3,689,1,0,500,0.6,1000,0.2,1400,0.2,1
13,4,424,1,0,300,0.5,1700,0.5,2
13,5,639,2,10,5,0,300,0.5,1700,0.5,1
13,6,840,1,0,300,0.5,1700,0.5,2
13,7,59,2,10,5,0,500,0.6,1000,0.2,1400,0.2,2
13,8,577,1,0,300,0.5,1700,0.5,0
13,9,445,2,10,5,0,300,0.5,1700,0.5,1
13,10,670,1,0,300,0.5,1700,0.5,2
13,11,120,1,0,500,0.6,1000,0.2,1400,0.2,1
13,12,278,2,10,5,0,300,0.5,1700,0.5,1
13,13,694,0,0,500,0.6,1000,0.2,1400,0.2,2
13,14,774,1,0,300,0.5,1700,0.5,1
14,0,992,2,10,5,0,300,0.5,1700,0.5,1
14,1,611,2,10,5,0,500,0.6,1000,0.2,1400,0.2,1
14,2,279,0,0,500,0.6,1000,0.2,1400,0.2,1
14,3,551,1,0,500,0.6,1000,0.2,1400,0.2,0
14,4,411,0,0,500,0.6,1000,0.2,1400,0.2,0
14,5,579,0,0,500,0.6,1000,0.2,1400,0.2,2
14,6,523,0,0,500,0.6,1000,0.2,1400,0.2,2
14,7,683,1,0,500,0.6,1000,0.2,1400,0.2,0
14,8,314,0,0,500,0.6,1000,0.2,1400,0.2,1
14,9,354,1,0,500,0.6,1000,0.2,1400,0.2,0
14,10,174,2,10,5,0,500,0.6,1000,0.2,1400,0.2,0
14,11,169,0,0,500,0.6,1000,0.2,1400,0.2,1
14,12,680,2,10,5,0,500,0.6,1000,0.2,1400,0.2,0
14,13,229,1,0,500,0.6,1000,0.2,1400,0.2,0
14,14,106,2,10,5,0,300,0.5,1700,0.5,2
