0,0,755,2,10,5,0,500,0.6,1000,0.2,1400,0.2,0
0,1,727,2,10,5,0,500,0.6,1000,0.2,1400,0.2,1
0,2,1000,2,10,5,0,300,0.5,1700,0.5,2
0,3,179,0,0,500,0.6,1000,0.2,1400,0.2,0
0,4,684,2,10,5,0,500,0.6,1000,0.2,1400,0.2,0
0,5,507,1,0,300,0.5,1700,0.5,2
0,6,806,1,0,300,0.5,1700,0.5,1
0,7,903,1,0,300,0.5,1700,0.5,2
0,8,85,2,10,5,0,500,0.6,1000,0.2,1400,0.2,2
0,9,412,2,10,5,0,300,0.5,1700,0.5,2
0,10,625,1,0,500,0.6,1000,0.2,1400,0.2,0
0,11,574,2,10,5,0,500,0.6,1000,0.2,1400,0.2,1
0,12,179,0,0,500,0.6,1000,0.2,1400,0.2,2
0,13,59,1,0,500,0.6,1000,0.2,1400,0.2,1
0,14,36,2,10,5,0,300,0.5,1700,0.5,2
1,0,457,0,0,500,0.6,1000,0.2,1400,0.2,0
1,1,325,1,0,500,0.6,1000,0.2,1400,0.2,0
1,2,373,2,10,5,0,500,0.6,1000,0.2,1400,0.2,2
1,3,521,0,0,500,0.6,1000,0.2,1400,0.2,0
1,4,307,1,0,500,0.6,1000,0.2,1400,0.2,0
1,5,88,2,10,5,0,300,0.5,1700,0.5,2
1,6,447,2,10,5,0,300,0.5,1700,0.5,0
1,7,239,2,10,5,0,300,0.5,1700,0.5,0
1,8,952,2,10,5,0,500,0.6,1000,0.2,1400,0.2,0
1,9,933,2,10,5,0,300,0.5,1700,0.5,0
1,10,925,1,0,300,0.5,1700,0.5,1
1,11,506,2,10,5,0,500,0.6,1000,0.2,1400,0.2,2
1,12,634,1,0,500,0.6,1000,0.2,1400,0.2,1
1,13,136,2,10,5,0,500,0.6,1000,0.2,1400,0.2,0
1,14,164,0,0,500,0.6,1000,0.2,1400,0.2,2
2,0,24,2,10,5,0,500,0.6,1000,0.2,1400,0.2,2
2,1,810,1,0,300,0.5,1700,0.5,0
2,2,955,1,0,300,0.5,1700,0.5,0
2,3,707,2,10,5,0,500,0.6,1000,0.2,1400,0.2,0
2,4,202,1,0,300,0.5,1700,0.5,1
2,5,377,1,0,300,0.5,1700,0.5,2
2,6,712,2,10,5,0,500,0.6,1000,0.2,1400,0.2,0
2,7,675,0,0,500,0.6,1000,0.2,1400,0.2,2
2,8,759,1,0,500,0.6,1000,0.2,1400,0.2,1
2,9,464,1,0,500,0.6,1000,0.2,1400,0.2,2
2,10,674,1,0,500,0.6,1000,0.2,1400,0.2,0
2,11,943,0,0,300,0.5,1700,0.5,1
2,12,236,1,0,500,0.6,1000,0.2,1400,0.2,0
2,13,220,2,10,5,0,500,0.6,1000,0.2,1400,0.2,1
2,14,943,1,0,300,0.5,1700,0.5,1
3,0,490,1,0,300,0.5,1700,0.5,0
3,1,433,0,0,300,0.5,1700,0.5,2
3,2,908,2,10,5,0,300,0.5,1700,0.5,2
3,3,535,0,0,300,0.5,1700,0.5,2
3,4,511,2,10,5,0,500,0.6,1000,0.2,1400,0.2,0
3,5,792,2,10,5,0,300,0.5,1700,0.5,1
3,6,587,0,0,500,0.6,1000,0.2,1400,0.2,0
3,7,409,1,0,300,0.5,1700,0.5,1
3,8,113,1,0,500,0.6,1000,0.2,1400,0.2,0
3,9,653,0,0,500,0.6,1000,0.2,1400,0.2,1
3,10,266,2,10,5,0,500,0.6,1000,0.2,1400,0.2,1
3,11,74,0,0,300,0.5,1700,0.5,0
3,12,308,1,0,500,0.6,1000,0.2,1400,0.2,0
3,13,288,2,10,5,0,300,0.5,1700,0.5,2
3,14,987,0,0,300,0.5,1700,0.5,2
4,0,687,2,10,5,0,500,0.6,1000,0.2,1400,0.2,2
4,1,481,1,0,300,0.5,1700,0.5,2
4,2,146,2,10,5,0,500,0.6,1000,0.2,1400,0.2,1
4,3,914,0,0,500,0.6,1000,0.2,1400,0.2,0
4,4,695,0,0,500,0.6,1000,0.2,1400,0.2,0
4,5,367,1,0,500,0.6,1000,0.2,1400,0.2,1
4,6,227,1,0,300,0.5,1700,0.5,0
4,7,560,2,10,5,0,500,0.6,1000,0.2,1400,0.2,0
4,8,75,2,10,5,0,300,0.5,1700,0.5,2
4,9,573,1,0,500,0.6,1000,0.2,1400,0.2,0
4,10,155,0,0,300,0.5,1700,0.5,1
4,11,931,2,10,5,0,500,0.6,1000,0.2,1400,0.2,1
4,12,383,2,10,5,0,500,0.6,1000,0.2,1400,0.2,0
4,13,920,2,10,5,0,300,0.5,1700,0.5,1
4,14,700,0,0,300,0.5,1700,0.5,1
5,0,429,1,0,500,0.6,1000,0.2,1400,0.2,1
5,1,107,0,0,300,0.5,1700,0.5,1
5,2,87,2,10,5,0,500,0.6,1000,0.2,1400,0.2,2
5,3,642,1,0,300,0.5,1700,0.5,1
5,4,824,1,0,300,0.5,1700,0.5,1
5,5,481,1,0,500,0.6,1000,0.2,1400,0.2,1
5,6,205,1,0,500,0.6,1000,0.2,1400,0.2,0
5,7,898,1,0,500,0.6,1000,0.2,1400,0.2,0
5,8,482,1,0,300,0.5,1700,0.5,2
5,9,585,0,0,500,0.6,1000,0.2,1400,0.2,0
5,10,953,0,0,500,0.6,1000,0.2,1400,0.2,0
5,11,971,2,10,5,0,500,0.6,1000,0.2,1400,0.2,0
5,12,722,1,0,300,0.5,1700,0.5,2
5,13,173,0,0,500,0.6,1000,0.2,1400,0.2,2
5,14,928,1,0,500,0.6,1000,0.2,1400,0.2,2
6,0,790,2,10,5,0,300,0.5,1700,0.5,2
6,1,661,1,0,500,0.6,1000,0.2,1400,0.2,2
6,2,275,1,0,500,0.6,1000,0.2,1400,0.2,0
6,3,805,2,10,5,0,300,0.5,1700,0.5,1
6,4,355,2,10,5,0,500,0.6,1000,0.2,1400,0.2,1
6,5,496,1,0,300,0.5,1700,0.5,1
6,6,643,2,10,5,0,500,0.6,1000,0.2,1400,0.2,0
6,7,855,0,0,300,0.5,1700,0.5,0
6,8,314,2,10,5,0,500,0.6,1000,0.2,1400,0.2,2
6,9,551,2,10,5,0,300,0.5,1700,0.5,0
6,10,582,1,0,300,0.5,1700,0.5,1
6,11,182,0,0,300,0.5,1700,0.5,1
6,12,46,2,10,5,0,300,0.5,1700,0.5,2
6,13,737,0,0,300,0.5,1700,0.5,2
6,14,720,0,0,500,0.6,1000,0.2,1400,0.2,0
7,0,600,0,0,300,0.5,1700,0.5,1
7,1,880,2,10,5,0,500,0.6,1000,0.2,1400,0.2,0
7,2,917,2,10,5,0,500,0.6,1000,0.2,1400,0.2,2
7,3,404,1,0,500,0.6,1000,0.2,1400,0.2,1
7,4,347,2,10,5,0,300,0.5,1700,0.5,1
7,5,429,1,0,500,0.6,1000,0.2,1400,0.2,2
7,6,922,2,10,5,0,300,0.5,1700,0.5,0
7,7,737,2,10,5,0,500,0.6,1000,0.2,1400,0.2,0
7,8,948,1,0,500,0.6,1000,0.2,1400,0.2,0
7,9,412,2,10,5,0,500,0.6,1000,0.2,1400,0.2,0
7,10,394,1,0,300,0.5,1700,0.5,2
7,11,763,2,10,5,0,500,0.6,1000,0.2,1400,0.2,1
7,12,539,0,0,300,0.5,1700,0.5,1
7,13,239,2,10,5,0,500,0.6,1000,0.2,1400,0.2,0
7,14,35,2,10,5,0,500,0.6,1000,0.2,1400,0.2,2
8,0,136,1,0,300,0.5,1700,0.5,2
8,1,37,2,10,5,0,300,0.5,1700,0.5,1
8,2,144,0,0,500,0.6,1000,0.2,1400,0.2,0
8,3,419,1,0,300,0.5,1700,0.5,1
8,4,132,0,0,300,0.5,1700,0.5,0
8,5,301,1,0,300,0.5,1700,0.5,2
8,6,878,0,0,300,0.5,1700,0.5,0
8,7,122,2,10,5,0,500,0.6,1000,0.2,1400,0.2,2
8,8,458,0,0,300,0.5,1700,0.5,1
8,9,163,1,0,300,0.5,1700,0.5,1
8,10,817,1,0,500,0.6,1000,0.2,1400,0.2,2
8,11,506,0,0,500,0.6,1000,0.2,1400,0.2,1
8,12,227,1,0,300,0.5,1700,0.5,0
8,13,377,1,0,500,0.6,1000,0.2,1400,0.2,1
8,14,778,2,10,5,0,500,0.6,1000,0.2,1400,0.2,2
9,0,202,2,10,5,0,500,0.6,1000,0.2,1400,0.2,0
9,1,131,0,0,500,0.6,1000,0.2,1400,0.2,1
9,2,259,2,10,5,0,300,0.5,1700,0.5,1
9,3,449,2,10,5,0,300,0.5,1700,0.5,0
9,4,579,1,0,500,0.6,1000,0.2,1400,0.2,2
9,5,792,1,0,300,0.5,1700,0.5,0
9,6,592,0,0,500,0.6,1000,0.2,1400,0.2,2
9,7,960,0,0,500,0.6,1000,0.2,1400,0.2,1
9,8,413,1,0,300,0.5,1700,0.5,2
9,9,251,0,0,300,0.5,1700,0.5,0
9,10,188,2,10,5,0,500,0.6,1000,0.2,1400,0.2,0
9,11,745,0,0,300,0.5,1700,0.5,0
9,12,955,0,0,300,0.5,1700,0.5,0
9,13,746,0,0,300,0.5,1700,0.5,0
9,14,630,2,10,5,0,300,0.5,1700,0.5,0
10,0,927,2,10,5,0,300,0.5,1700,0.5,2
10,1,710,2,10,5,0,300,0.5,1700,0.5,0
10,2,217,2,10,5,0,300,0.5,1700,0.5,2
10,3,973,0,0,300,0.5,1700,0.5,1
10,4,636,1,0,300,0.5,1700,0.5,0
10,5,703,1,0,300,0.5,1700,0.5,1
10,6,400,1,0,300,0.5,1700,0.5,1
10,7,159,0,0,300,0.5,1700,0.5,0
10,8,230,2,10,5,0,500,0.6,1000,0.2,1400,0.2,0
10,9,695,1,0,500,0.6,1000,0.2,1400,0.2,1
10,10,83,2,10,5,0,500,0.6,1000,0.2,1400,0.2,1
10,11,86,0,0,300,0.5,1700,0.5,1
10,12,252,2,10,5,0,300,0.5,1700,0.5,0
10,13,965,2,10,5,0,300,0.5,1700,0.5,0
10,14,821,1,0,300,0.5,1700,0.5,2
11,0,876,2,10,5,0,300,0.5,1700,0.5,0
11,1,249,0,0,500,0.6,1000,0.2,1400,0.2,1
11,2,894,0,0,500,0.6,1000,0.2,1400,0.2,0
11,3,610,2,10,5,0,500,0.6,1000,0.2,1400,0.2,2
11,4,188,0,0,500,0.6,1000,0.2,1400,0.2,2
11,5,911,0,0,500,0.6,1000,0.2,1400,0.2,1
11,6,693,2,10,5,0,500,0.6,1000,0.2,1400,0.2,2
11,7,623,2,10,5,0,500,0.6,1000,0.2,1400,0.2,0
11,8,68,2,10,5,0,500,0.6,1000,0.2,1400,0.2,1
11,9,853,1,0,500,0.6,1000,0.2,1400,0.2,1
11,10,777,1,0,300,0.5,1700,0.5,0
11,11,457,1,0,500,0.6,1000,0.2,1400,0.2,1
11,12,471,0,0,500,0.6,1000,0.2,1400,0.2,2
11,13,548,0,0,500,0.6,1000,0.2,1400,0.2,0
11,14,22,0,0,500,0.6,1000,0.2,1400,0.2,0
12,0,264,1,0,300,0.5,1700,0.5,2
12,1,921,1,0,500,0.6,1000,0.2,1400,0.2,1
12,2,88,0,0,300,0.5,1700,0.5,1
12,3,681,0,0,300,0.5,1700,0.5,2
12,4,522,0,0,300,0.5,1700,0.5,2
12,5,633,2,10,5,0,300,0.5,1700,0.5,2
12,6,330,0,0,500,0.6,1000,0.2,1400,0.2,0
12,7,264,2,10,5,0,300,0.5,1700,0.5,0
12,8,437,0,0,300,0.5,1700,0.5,1
12,9,927,1,0,500,0.6,1000,0.2,1400,0.2,2
12,10,98,1,0,300,0.5,1700,0.5,2
12,11,850,2,10,5,0,300,0.5,1700,0.5,2
12,12,188,0,0,500,0.6,1000,0.2,1400,0.2,1
12,13,917,1,0,300,0.5,1700,0.5,1
12,14,94,0,0,300,0.5,1700,0.5,2
13,0,311,0,0,300,0.5,1700,0.5,1
13,1,129,2,10,5,0,300,0.5,1700,0.5,1
13,2,100,0,0,300,0.5,1700,0.5,1
13,3,41,0,0,500,0.6,1000,0.2,1400,0.2,2
13,4,313,0,0,500,0.6,1000,0.2,1400,0.2,0
13,5,910,1,0,500,0.6,1000,0.2,1400,0.2,2
13,6,647,2,10,5,0,500,0.6,1000,0.2,1400,0.2,2
13,7,222,1,0,500,0.6,1000,0.2,1400,0.2,1
13,8,740,1,0,500,0.6,1000,0.2,1400,0.2,0
13,9,338,2,10,5,0,300,0.5,1700,0.5,1
13,10,14,0,0,300,0.5,1700,0.5,1
13,11,796,2,10,5,0,300,0.5,1700,0.5,1
13,12,411,1,0,500,0.6,1000,0.2,1400,0.2,0
13,13,144,0,0,300,0.5,1700,0.5,2
13,14,719,2,10,5,0,300,0.5,1700,0.5,2
14,0,475,2,10,5,0,500,0.6,1000,0.2,1400,0.2,0
14,1,383,0,0,300,0.5,1700,0.5,0
14,2,726,0,0,300,0.5,1700,0.5,0
14,3,78,0,0,300,0.5,1700,0.5,0
14,4,236,2,10,5,0,300,0.5,1700,0.5,1
14,5,115,1,0,300,0.5,1700,0.5,1
14,6,26,0,0,300,0.5,1700,0.5,0
14,7,286,2,10,5,0,500,0.6,1000,0.2,1400,0.2,2
14,8,737,1,0,300,0.5,1700,0.5,0
14,9,750,0,0,500,0.6,1000,0.2,1400,0.2,0
14,10,36,2,10,5,0,300,0.5,1700,0.5,0
14,11,358,0,0,300,0.5,1700,0.5,2
14,12,948,2,10,5,0,300,0.5,1700,0.5,1
14,13,81,2,10,5,0,300,0.5,1700,0.5,2
14,14,980,0,0,300,0.5,1700,0.5,2
