0,0,626,1,0,300,0.5,1700,0.5,2
0,1,407,1,0,300,0.5,1700,0.5,1
0,2,793,0,0,300,0.5,1700,0.5,2
0,3,507,2,10,5,0,300,0.5,1700,0.5,0
0,4,860,0,0,300,0.5,1700,0.5,2
0,5,310,2,10,5,0,500,0.6,1000,0.2,1400,0.2,1
0,6,422,0,0,500,0.6,1000,0.2,1400,0.2,0
0,7,537,2,10,5,0,500,0.6,1000,0.2,1400,0.2,2
0,8,942,2,10,5,0,500,0.6,1000,0.2,1400,0.2,0
0,9,96,2,10,5,0,500,0.6,1000,0.2,1400,0.2,2
0,10,107,2,10,5,0,500,0.6,1000,0.2,1400,0.2,1
0,11,357,2,10,5,0,500,0.6,1000,0.2,1400,0.2,2
0,12,524,1,0,300,0.5,1700,0.5,1
0,13,76,1,0,500,0.6,1000,0.2,1400,0.2,0
0,14,48,0,0,500,0.6,1000,0.2,1400,0.2,2
1,0,72,1,0,300,0.5,1700,0.5,1
1,1,780,1,0,500,0.6,1000,0.2,1400,0.2,2
1,2,905,2,10,5,0,300,0.5,1700,0.5,1
1,3,715,0,0,300,0.5,1700,0.5,0
1,4,892,2,10,5,0,300,0.5,1700,0.5,0
1,5,475,2,10,5,0,300,0.5,1700,0.5,0
1,6,265,1,0,300,0.5,1700,0.5,1
1,7,995,1,0,300,0.5,1700,0.5,2
1,8,951,0,0,500,0.6,1000,0.2,1400,0.2,1
1,9,435,2,10,5,0,500,0.6,1000,0.2,1400,0.2,2
1,10,885,2,10,5,0,500,0.6,1000,0.2,1400,0.2,1
1,11,597,2,10,5,0,500,0.6,1000,0.2,1400,0.2,2
1,12,476,1,0,300,0.5,1700,0.5,0
1,13,608,0,0,300,0.5,1700,0.5,2
1,14,267,2,10,5,0,500,0.6,1000,0.2,1400,0.2,1
2,0,784,2,10,5,0,500,0.6,1000,0.2,1400,0.2,2
2,1,691,0,0,500,0.6,1000,0.2,1400,0.2,2
2,2,119,0,0,300,0.5,1700,0.5,1
2,3,574,2,10,5,0,500,0.6,1000,0.2,1400,0.2,0
2,4,785,1,0,500,0.6,1000,0.2,1400,0.2,0
2,5,770,1,0,300,0.5,1700,0.5,1
2,6,275,0,0,300,0.5,1700,0.5,2
2,7,659,1,0,300,0.5,1700,0.5,0
2,8,969,0,0,300,0.5,1700,0.5,2
2,9,850,0,0,300,0.5,1700,0.5,2
2,10,598,2,10,5,0,300,0.5,1700,0.5,1
2,11,474,2,10,5,0,500,0.6,1000,0.2,1400,0.2,2
2,12,688,0,0,300,0.5,1700,0.5,2
2,13,992,0,0,500,0.6,1000,0.2,1400,0.2,0
2,14,386,2,10,5,0,300,0.5,1700,0.5,1
3,0,834,1,0,500,0.6,1000,0.2,1400,0.2,1
3,1,878,2,10,5,0,500,0.6,1000,0.2,1400,0.2,1
3,2,897,1,0,500,0.6,1000,0.2,1400,0.2,1
3,3,740,2,10,5,0,500,0.6,1000,0.2,1400,0.2,1
3,4,186,2,10,5,0,300,0.5,1700,0.5,1
3,5,714,0,0,300,0.5,1700,0.5,1
3,6,402,1,0,500,0.6,1000,0.2,1400,0.2,0
3,7,958,2,10,5,0,300,0.5,1700,0.5,1
3,8,866,1,0,300,0.5,1700,0.5,2
3,9,167,2,10,5,0,500,0.6,1000,0.2,1400,0.2,0
3,10,732,2,10,5,0,500,0.6,1000,0.2,1400,0.2,0
3,11,141,2,10,5,0,500,0.6,1000,0.2,1400,0.2,1
3,12,317,1,0,500,0.6,1000,0.2,1400,0.2,0
3,13,206,2,10,5,0,300,0.5,1700,0.5,1
3,14,577,0,0,300,0.5,1700,0.5,2
4,0,153,2,10,5,0,300,0.5,1700,0.5,0
4,1,869,2,10,5,0,500,0.6,1000,0.2,1400,0.2,1
4,2,716,1,0,500,0.6,1000,0.2,1400,0.2,1
4,3,107,2,10,5,0,300,0.5,1700,0.5,0
4,4,562,0,0,500,0.6,1000,0.2,1400,0.2,0
4,5,623,2,10,5,0,300,0.5,1700,0.5,0
4,6,39,1,0,500,0.6,1000,0.2,1400,0.2,2
4,7,722,0,0,500,0.6,1000,0.2,1400,0.2,0
4,8,348,2,10,5,0,300,0.5,1700,0.5,2
4,9,222,1,0,300,0.5,1700,0.5,0
4,10,733,1,0,500,0.6,1000,0.2,1400,0.2,2
4,11,606,2,10,5,0,500,0.6,1000,0.2,1400,0.2,0
4,12,664,1,0,500,0.6,1000,0.2,1400,0.2,2
4,13,782,0,0,300,0.5,1700,0.5,1
4,14,916,1,0,300,0.5,1700,0.5,2
5,0,608,1,0,300,0.5,1700,0.5,1
5,1,280,0,0,500,0.6,1000,0.2,1400,0.2,2
5,2,388,0,0,300,0.5,1700,0.5,1
5,3,516,1,0,300,0.5,1700,0.5,0
5,4,932,1,0,500,0.6,1000,0.2,1400,0.2,0
5,5,256,1,0,300,0.5,1700,0.5,2
5,6,484,2,10,5,0,500,0.6,1000,0.2,1400,0.2,0
5,7,44,1,0,500,0.6,1000,0.2,1400,0.2,2
5,8,92,1,0,300,0.5,1700,0.5,2
5,9,951,2,10,5,0,300,0.5,1700,0.5,0
5,10,25,1,0,300,0.5,1700,0.5,0
5,11,612,0,0,500,0.6,1000,0.2,1400,0.2,1
5,12,430,1,0,500,0.6,1000,0.2,1400,0.2,2
5,13,510,2,10,5,0,500,0.6,1000,0.2,1400,0.2,1
5,14,977,1,0,300,0.5,1700,0.5,0
6,0,172,1,0,500,0.6,1000,0.2,1400,0.2,1
6,1,405,0,0,500,0.6,1000,0.2,1400,0.2,1
6,2,662,0,0,300,0.5,1700,0.5,2
6,3,348,2,10,5,0,500,0.6,1000,0.2,1400,0.2,1
6,4,407,2,10,5,0,300,0.5,1700,0.5,0
6,5,230,0,0,300,0.5,1700,0.5,0
6,6,135,0,0,500,0.6,1000,0.2,1400,0.2,0
6,7,952,2,10,5,0,300,0.5,1700,0.5,1
6,8,791,1,0,300,0.5,1700,0.5,0
6,9,515,0,0,500,0.6,1000,0.2,1400,0.2,2
6,10,998,2,10,5,0,300,0.5,1700,0.5,2
6,11,651,1,0,500,0.6,1000,0.2,1400,0.2,1
6,12,772,1,0,500,0.6,1000,0.2,1400,0.2,1
6,13,27,1,0,500,0.6,1000,0.2,1400,0.2,1
6,14,718,0,0,300,0.5,1700,0.5,2
7,0,384,2,10,5,0,300,0.5,1700,0.5,1
7,1,709,0,0,500,0.6,1000,0.2,1400,0.2,1
7,2,418,2,10,5,0,300,0.5,1700,0.5,1
7,3,511,1,0,500,0.6,1000,0.2,1400,0.2,0
7,4,494,2,10,5,0,500,0.6,1000,0.2,1400,0.2,1
7,5,540,0,0,500,0.6,1000,0.2,1400,0.2,0
7,6,362,1,0,300,0.5,1700,0.5,2
7,7,885,2,10,5,0,300,0.5,1700,0.5,0
7,8,59,1,0,300,0.5,1700,0.5,0
7,9,114,0,0,300,0.5,1700,0.5,0
7,10,115,2,10,5,0,500,0.6,1000,0.2,1400,0.2,2
7,11,545,1,0,500,0.6,1000,0.2,1400,0.2,0
7,12,876,1,0,300,0.5,1700,0.5,1
7,13,973,2,10,5,0,500,0.6,1000,0.2,1400,0.2,2
7,14,626,0,0,500,0.6,1000,0.2,1400,0.2,0
8,0,394,0,0,500,0.6,1000,0.2,1400,0.2,1
8,1,991,1,0,300,0.5,1700,0.5,1
8,2,708,1,0,500,0.6,1000,0.2,1400,0.2,1
8,3,252,2,10,5,0,300,0.5,1700,0.5,2
8,4,185,1,0,500,0.6,1000,0.2,1400,0.2,1
8,5,519,0,0,300,0.5,1700,0.5,1
8,6,368,2,10,5,0,500,0.6,1000,0.2,1400,0.2,1
8,7,543,0,0,500,0.6,1000,0.2,1400,0.2,1
8,8,937,1,0,300,0.5,1700,0.5,2
8,9,523,1,0,300,0.5,1700,0.5,2
8,10,915,1,0,300,0.5,1700,0.5,1
8,11,155,0,0,500,0.6,1000,0.2,1400,0.2,0
8,12,332,0,0,500,0.6,1000,0.2,1400,0.2,2
8,13,628,1,0,300,0.5,1700,0.5,0
8,14,167,0,0,300,0.5,1700,0.5,0
9,0,789,0,0,500,0.6,1000,0.2,1400,0.2,2
9,1,942,2,10,5,0,500,0.6,1000,0.2,1400,0.2,2
9,2,671,1,0,500,0.6,1000,0.2,1400,0.2,0
9,3,86,2,10,5,0,300,0.5,1700,0.5,2
9,4,561,0,0,300,0.5,1700,0.5,0
9,5,144,2,10,5,0,500,0.6,1000,0.2,1400,0.2,0
9,6,359,0,0,500,0.6,1000,0.2,1400,0.2,0
9,7,16,0,0,500,0.6,1000,0.2,1400,0.2,2
9,8,549,1,0,300,0.5,1700,0.5,2
9,9,526,1,0,500,0.6,1000,0.2,1400,0.2,1
9,10,586,1,0,300,0.5,1700,0.5,2
9,11,946,0,0,500,0.6,1000,0.2,1400,0.2,1
9,12,192,2,10,5,0,500,0.6,1000,0.2,1400,0.2,1
9,13,981,2,10,5,0,500,0.6,1000,0.2,1400,0.2,1
9,14,367,2,10,5,0,500,0.6,1000,0.2,1400,0.2,1
10,0,799,1,0,300,0.5,1700,0.5,2
10,1,573,2,10,5,0,300,0.5,1700,0.5,1
10,2,150,0,0,300,0.5,1700,0.5,1
10,3,127,2,10,5,0,300,0.5,1700,0.5,1
10,4,368,1,0,500,0.6,1000,0.2,1400,0.2,2
10,5,214,1,0,500,0.6,1000,0.2,1400,0.2,2
10,6,929,0,0,300,0.5,1700,0.5,0
10,7,884,1,0,300,0.5,1700,0.5,0
10,8,208,2,10,5,0,300,0.5,1700,0.5,2
10,9,387,0,0,500,0.6,1000,0.2,1400,0.2,0
10,10,285,2,10,5,0,500,0.6,1000,0.2,1400,0.2,0
10,11,283,0,0,500,0.6,1000,0.2,1400,0.2,0
10,12,309,2,10,5,0,300,0.5,1700,0.5,1
10,13,490,0,0,300,0.5,1700,0.5,2
10,14,206,0,0,500,0.6,1000,0.2,1400,0.2,0
11,0,211,1,0,300,0.5,1700,0.5,2
11,1,471,1,0,500,0.6,1000,0.2,1400,0.2,0
11,2,477,2,10,5,0,300,0.5,1700,0.5,2
11,3,183,2,10,5,0,500,0.6,1000,0.2,1400,0.2,1
11,4,145,0,0,500,0.6,1000,0.2,1400,0.2,1
11,5,988,2,10,5,0,300,0.5,1700,0.5,0
11,6,707,2,10,5,0,300,0.5,1700,0.5,0
11,7,976,0,0,500,0.6,1000,0.2,1400,0.2,2
11,8,908,0,0,500,0.6,1000,0.2,1400,0.2,2
11,9,306,0,0,500,0.6,1000,0.2,1400,0.2,1
11,10,791,2,10,5,0,300,0.5,1700,0.5,0
11,11,179,1,0,500,0.6,1000,0.2,1400,0.2,2
11,12,676,1,0,300,0.5,1700,0.5,0
11,13,127,1,0,300,0.5,1700,0.5,1
11,14,611,2,10,5,0,300,0.5,1700,0.5,1
12,0,28,0,0,500,0.6,1000,0.2,1400,0.2,1
12,1,96,0,0,500,0.6,1000,0.2,1400,0.2,0
12,2,437,0,0,500,0.6,1000,0.2,1400,0.2,1
12,3,911,0,0,500,0.6,1000,0.2,1400,0.2,2
12,4,211,1,0,500,0.6,1000,0.2,1400,0.2,1
12,5,831,1,0,300,0.5,1700,0.5,0
12,6,668,0,0,300,0.5,1700,0.5,0
12,7,123,0,0,500,0.6,1000,0.2,1400,0.2,1
12,8,245,2,10,5,0,300,0.5,1700,0.5,1
12,9,744,2,10,5,0,500,0.6,1000,0.2,1400,0.2,1
12,10,538,2,10,5,0,300,0.5,1700,0.5,2
12,11,932,2,10,5,0,500,0.6,1000,0.2,1400,0.2,1
12,12,431,0,0,300,0.5,1700,0.5,2
12,13,615,0,0,300,0.5,1700,0.5,2
12,14,923,0,0,300,0.5,1700,0.5,0
13,0,701,0,0,500,0.6,1000,0.2,1400,0.2,1
13,1,400,1,0,500,0.6,1000,0.2,1400,0.2,0
13,2,824,2,10,5,0,300,0.5,1700,0.5,0
13,3,900,0,0,500,0.6,1000,0.2,1400,0.2,1
13,4,475,2,10,5,0,300,0.5,1700,0.5,0
13,5,84,0,0,500,0.6,1000,0.2,1400,0.2,0
13,6,671,2,10,5,0,500,0.6,1000,0.2,1400,0.2,1
13,7,734,2,10,5,0,500,0.6,1000,0.2,1400,0.2,1
13,8,350,2,10,5,0,300,0.5,1700,0.5,0
13,9,27,2,10,5,0,300,0.5,1700,0.5,1
13,10,92,1,0,500,0.6,1000,0.2,1400,0.2,0
13,11,568,1,0,500,0.6,1000,0.2,1400,0.2,0
13,12,698,1,0,300,0.5,1700,0.5,0
13,13,41,2,10,5,0,500,0.6,1000,0.2,1400,0.2,0
13,14,724,2,10,5,0,300,0.5,1700,0.5,1
14,0,292,0,0,300,0.5,1700,0.5,0
14,1,679,2,10,5,0,300,0.5,1700,0.5,1
14,2,438,2,10,5,0,500,0.6,1000,0.2,1400,0.2,1
14,3,710,2,10,5,0,300,0.5,1700,0.5,0
14,4,953,0,0,300,0.5,1700,0.5,2
14,5,138,2,10,5,0,500,0.6,1000,0.2,1400,0.2,1
14,6,980,2,10,5,0,300,0.5,1700,0.5,2
14,7,870,0,0,500,0.6,1000,0.2,1400,0.2,0
14,8,145,1,0,500,0.6,1000,0.2,1400,0.2,0
14,9,386,2,10,5,0,500,0.6,1000,0.2,1400,0.2,0
14,10,345,1,0,500,0.6,1000,0.2,1400,0.2,1
14,11,355,0,0,300,0.5,1700,0.5,2
14,12,78,1,0,300,0.5,1700,0.5,1
14,13,987,0,0,500,0.6,1000,0.2,1400,0.2,2
14,14,329,0,0,300,0.5,1700,0.5,1
