0,0,982,0,0,500,0.6,1000,0.2,1400,0.2,0
0,1,807,2,10,5,0,300,0.5,1700,0.5,0
0,2,571,0,0,300,0.5,1700,0.5,2
0,3,22,2,10,5,0,300,0.5,1700,0.5,2
0,4,912,1,0,300,0.5,1700,0.5,0
0,5,316,1,0,500,0.6,1000,0.2,1400,0.2,2
0,6,882,0,0,500,0.6,1000,0.2,1400,0.2,2
0,7,737,0,0,300,0.5,1700,0.5,1
0,8,354,0,0,300,0.5,1700,0.5,0
0,9,830,0,0,300,0.5,1700,0.5,0
0,10,719,1,0,300,0.5,1700,0.5,0
0,11,345,2,10,5,0,500,0.6,1000,0.2,1400,0.2,0
0,12,110,2,10,5,0,300,0.5,1700,0.5,2
0,13,264,1,0,300,0.5,1700,0.5,2
0,14,734,2,10,5,0,300,0.5,1700,0.5,2
1,0,871,0,0,500,0.6,1000,0.2,1400,0.2,2
1,1,506,2,10,5,0,500,0.6,1000,0.2,1400,0.2,1
1,2,111,1,0,300,0.5,1700,0.5,2
1,3,459,0,0,300,0.5,1700,0.5,1
1,4,172,1,0,500,0.6,1000,0.2,1400,0.2,1
1,5,672,1,0,500,0.6,1000,0.2,1400,0.2,0
1,6,174,1,0,300,0.5,1700,0.5,2
1,7,916,0,0,300,0.5,1700,0.5,0
1,8,737,2,10,5,0,500,0.6,1000,0.2,1400,0.2,1
1,9,648,0,0,500,0.6,1000,0.2,1400,0.2,1
1,10,883,1,0,300,0.5,1700,0.5,0
1,11,914,0,0,300,0.5,1700,0.5,0
1,12,832,0,0,300,0.5,1700,0.5,1
1,13,233,2,10,5,0,300,0.5,1700,0.5,1
1,14,944,1,0,300,0.5,1700,0.5,0
2,0,155,1,0,500,0.6,1000,0.2,1400,0.2,0
2,1,743,0,0,500,0.6,1000,0.2,1400,0.2,1
2,2,691,1,0,500,0.6,1000,0.2,1400,0.2,2
2,3,114,1,0,500,0.6,1000,0.2,1400,0.2,0
2,4,391,2,10,5,0,300,0.5,1700,0.5,2
2,5,648,1,0,500,0.6,1000,0.2,1400,0.2,2
2,6,150,0,0,300,0.5,1700,0.5,1
2,7,619,0,0,300,0.5,1700,0.5,2
2,8,155,0,0,300,0.5,1700,0.5,2
2,9,378,2,10,5,0,300,0.5,1700,0.5,0
2,10,813,1,0,500,0.6,1000,0.2,1400,0.2,1
2,11,725,1,0,300,0.5,1700,0.5,1
2,12,434,1,0,300,0.5,1700,0.5,2
2,13,380,1,0,500,0.6,1000,0.2,1400,0.2,1
2,14,171,2,10,5,0,500,0.6,1000,0.2,1400,0.2,0
3,0,481,2,10,5,0,300,0.5,1700,0.5,2
3,1,325,0,0,300,0.5,1700,0.5,2
3,2,418,0,0,500,0.6,1000,0.2,1400,0.2,1
3,3,302,1,0,300,0.5,1700,0.5,2
3,4,505,2,10,5,0,300,0.5,1700,0.5,2
3,5,315,2,10,5,0,300,0.5,1700,0.5,2
3,6,947,0,0,300,0.5,1700,0.5,2
3,7,39,0,0,500,0.6,1000,0.2,1400,0.2,1
3,8,304,0,0,300,0.5,1700,0.5,1
3,9,963,2,10,5,0,500,0.6,1000,0.2,1400,0.2,0
3,10,227,1,0,300,0.5,1700,0.5,1
3,11,302,0,0,300,0.5,1700,0.5,2
3,12,434,1,0,300,0.5,1700,0.5,1
3,13,646,0,0,300,0.5,1700,0.5,1
3,14,558,2,10,5,0,500,0.6,1000,0.2,1400,0.2,0
4,0,745,2,10,5,0,300,0.5,1700,0.5,1
4,1,202,1,0,500,0.6,1000,0.2,1400,0.2,2
4,2,114,1,0,300,0.5,1700,0.5,0
4,3,101,2,10,5,0,500,0.6,1000,0.2,1400,0.2,1
4,4,80,2,10,5,0,500,0.6,1000,0.2,1400,0.2,2
4,5,223,2,10,5,0,300,0.5,1700,0.5,0
4,6,980,2,10,5,0,500,0.6,1000,0.2,1400,0.2,1
4,7,491,0,0,300,0.5,1700,0.5,0
4,8,834,2,10,5,0,300,0.5,1700,0.5,2
4,9,70,0,0,500,0.6,1000,0.2,1400,0.2,0
4,10,381,0,0,300,0.5,1700,0.5,0
4,11,825,2,10,5,0,300,0.5,1700,0.5,1
4,12,368,1,0,500,0.6,1000,0.2,1400,0.2,1
4,13,692,0,0,500,0.6,1000,0.2,1400,0.2,1
4,14,948,1,0,500,0.6,1000,0.2,1400,0.2,2
5,0,842,2,10,5,0,300,0.5,1700,0.5,0
5,1,267,0,0,300,0.5,1700,0.5,1
5,2,809,0,0,500,0.6,1000,0.2,1400,0.2,1
5,3,705,0,0,300,0.5,1700,0.5,2
5,4,612,1,0,500,0.6,1000,0.2,1400,0.2,1
5,5,358,1,0,500,0.6,1000,0.2,1400,0.2,2
5,6,545,2,10,5,0,500,0.6,1000,0.2,1400,0.2,1
5,7,864,2,10,5,0,300,0.5,1700,0.5,0
5,8,117,0,0,500,0.6,1000,0.2,1400,0.2,2
5,9,978,2,10,5,0,500,0.6,1000,0.2,1400,0.2,2
5,10,639,2,10,5,0,500,0.6,1000,0.2,1400,0.2,2
5,11,834,1,0,500,0.6,1000,0.2,1400,0.2,1
5,12,70,1,0,500,0.6,1000,0.2,1400,0.2,1
5,13,851,0,0,500,0.6,1000,0.2,1400,0.2,1
5,14,148,1,0,500,0.6,1000,0.2,1400,0.2,2
6,0,153,1,0,500,0.6,1000,0.2,1400,0.2,1
6,1,208,1,0,300,0.5,1700,0.5,1
6,2,534,0,0,500,0.6,1000,0.2,1400,0.2,0
6,3,757,1,0,300,0.5,1700,0.5,1
6,4,884,0,0,300,0.5,1700,0.5,2
6,5,929,2,10,5,0,500,0.6,1000,0.2,1400,0.2,2
6,6,387,0,0,300,0.5,1700,0.5,1
6,7,302,1,0,500,0.6,1000,0.2,1400,0.2,2
6,8,33,0,0,500,0.6,1000,0.2,1400,0.2,1
6,9,405,0,0,500,0.6,1000,0.2,1400,0.2,0
6,10,195,2,10,5,0,500,0.6,1000,0.2,1400,0.2,2
6,11,715,1,0,300,0.5,1700,0.5,1
6,12,346,0,0,500,0.6,1000,0.2,1400,0.2,1
6,13,391,1,0,300,0.5,1700,0.5,1
6,14,93,0,0,500,0.6,1000,0.2,1400,0.2,2
7,0,130,2,10,5,0,500,0.6,1000,0.2,1400,0.2,1
7,1,599,2,10,5,0,500,0.6,1000,0.2,1400,0.2,2
7,2,895,0,0,500,0.6,1000,0.2,1400,0.2,2
7,3,675,0,0,300,0.5,1700,0.5,1
7,4,14,1,0,500,0.6,1000,0.2,1400,0.2,1
7,5,417,2,10,5,0,500,0.6,1000,0.2,1400,0.2,2
7,6,569,2,10,5,0,300,0.5,1700,0.5,0
7,7,83,2,10,5,0,500,0.6,1000,0.2,1400,0.2,1
7,8,86,2,10,5,0,500,0.6,1000,0.2,1400,0.2,0
7,9,672,0,0,500,0.6,1000,0.2,1400,0.2,0
7,10,105,1,0,500,0.6,1000,0.2,1400,0.2,0
7,11,762,1,0,500,0.6,1000,0.2,1400,0.2,1
7,12,845,0,0,500,0.6,1000,0.2,1400,0.2,1
7,13,593,1,0,500,0.6,1000,0.2,1400,0.2,1
7,14,935,2,10,5,0,300,0.5,1700,0.5,2
8,0,863,2,10,5,0,300,0.5,1700,0.5,0
8,1,480,0,0,300,0.5,1700,0.5,2
8,2,684,1,0,500,0.6,1000,0.2,1400,0.2,1
8,3,130,2,10,5,0,300,0.5,1700,0.5,0
8,4,585,2,10,5,0,300,0.5,1700,0.5,1
8,5,734,2,10,5,0,500,0.6,1000,0.2,1400,0.2,1
8,6,402,1,0,300,0.5,1700,0.5,1
8,7,317,1,0,300,0.5,1700,0.5,1
8,8,975,0,0,300,0.5,1700,0.5,2
8,9,990,0,0,500,0.6,1000,0.2,1400,0.2,2
8,10,876,1,0,300,0.5,1700,0.5,0
8,11,908,0,0,500,0.6,1000,0.2,1400,0.2,2
8,12,887,0,0,300,0.5,1700,0.5,1
8,13,652,0,0,300,0.5,1700,0.5,1
8,14,538,1,0,300,0.5,1700,0.5,2
9,0,827,1,0,300,0.5,1700,0.5,1
9,1,838,1,0,500,0.6,1000,0.2,1400,0.2,2
9,2,821,1,0,500,0.6,1000,0.2,1400,0.2,2
9,3,514,1,0,300,0.5,1700,0.5,1
9,4,159,1,0,300,0.5,1700,0.5,2
9,5,821,0,0,500,0.6,1000,0.2,1400,0.2,0
9,6,211,1,0,300,0.5,1700,0.5,1
9,7,444,2,10,5,0,500,0.6,1000,0.2,1400,0.2,0
9,8,805,2,10,5,0,300,0.5,1700,0.5,1
9,9,636,2,10,5,0,500,0.6,1000,0.2,1400,0.2,0
9,10,13,2,10,5,0,500,0.6,1000,0.2,1400,0.2,2
9,11,604,0,0,300,0.5,1700,0.5,2
9,12,999,2,10,5,0,300,0.5,1700,0.5,0
9,13,739,0,0,300,0.5,1700,0.5,1
9,14,593,2,10,5,0,300,0.5,1700,0.5,0
10,0,711,1,0,500,0.6,1000,0.2,1400,0.2,1
10,1,977,0,0,300,0.5,1700,0.5,0
10,2,896,1,0,300,0.5,1700,0.5,1
10,3,722,2,10,5,0,500,0.6,1000,0.2,1400,0.2,2
10,4,577,0,0,300,0.5,1700,0.5,2
10,5,919,2,10,5,0,500,0.6,1000,0.2,1400,0.2,1
10,6,891,2,10,5,0,300,0.5,1700,0.5,1
10,7,971,1,0,500,0.6,1000,0.2,1400,0.2,1
10,8,514,0,0,500,0.6,1000,0.2,1400,0.2,2
10,9,311,2,10,5,0,300,0.5,1700,0.5,2
10,10,225,2,10,5,0,300,0.5,1700,0.5,0
10,11,513,1,0,500,0.6,1000,0.2,1400,0.2,1
10,12,168,0,0,300,0.5,1700,0.5,2
10,13,714,1,0,300,0.5,1700,0.5,0
10,14,817,0,0,500,0.6,1000,0.2,1400,0.2,0
11,0,309,2,10,5,0,300,0.5,1700,0.5,0
11,1,211,2,10,5,0,300,0.5,1700,0.5,2
11,2,646,0,0,500,0.6,1000,0.2,1400,0.2,1
11,3,695,0,0,500,0.6,1000,0.2,1400,0.2,2
11,4,23,1,0,500,0.6,1000,0.2,1400,0.2,2
11,5,300,0,0,500,0.6,1000,0.2,1400,0.2,2
11,6,967,1,0,300,0.5,1700,0.5,2
11,7,625,1,0,500,0.6,1000,0.2,1400,0.2,1
11,8,711,1,0,300,0.5,1700,0.5,1
11,9,548,2,10,5,0,300,0.5,1700,0.5,2
11,10,46,1,0,500,0.6,1000,0.2,1400,0.2,0
11,11,226,0,0,300,0.5,1700,0.5,0
11,12,568,1,0,300,0.5,1700,0.5,2
11,13,464,2,10,5,0,300,0.5,1700,0.5,0
11,14,868,0,0,300,0.5,1700,0.5,0
12,0,912,0,0,300,0.5,1700,0.5,0
12,1,76,0,0,300,0.5,1700,0.5,1
12,2,354,2,10,5,0,300,0.5,1700,0.5,1
12,3,868,2,10,5,0,300,0.5,1700,0.5,0
12,4,10,1,0,300,0.5,1700,0.5,2
12,5,457,0,0,300,0.5,1700,0.5,1
12,6,822,2,10,5,0,500,0.6,1000,0.2,1400,0.2,2
12,7,577,0,0,300,0.5,1700,0.5,0
12,8,309,0,0,300,0.5,1700,0.5,0
12,9,63,2,10,5,0,300,0.5,1700,0.5,2
12,10,608,1,0,500,0.6,1000,0.2,1400,0.2,2
12,11,927,1,0,300,0.5,1700,0.5,2
12,12,402,1,0,300,0.5,1700,0.5,1
12,13,796,1,0,300,0.5,1700,0.5,1
12,14,336,0,0,500,0.6,1000,0.2,1400,0.2,1
13,0,957,2,10,5,0,500,0.6,1000,0.2,1400,0.2,0
13,1,451,0,0,300,0.5,1700,0.5,2
13,2,51,1,0,300,0.5,1700,0.5,1
13,3,664,0,0,500,0.6,1000,0.2,1400,0.2,0
13,4,928,2,10,5,0,500,0.6,1000,0.2,1400,0.2,0
13,5,557,0,0,500,0.6,1000,0.2,1400,0.2,2
13,6,809,2,10,5,0,300,0.5,1700,0.5,0
13,7,957,1,0,500,0.6,1000,0.2,1400,0.2,1
13,8,680,1,0,500,0.6,1000,0.2,1400,0.2,2
13,9,288,2,10,5,0,500,0.6,1000,0.2,1400,0.2,0
13,10,755,0,0,500,0.6,1000,0.2,1400,0.2,0
13,11,762,1,0,300,0.5,1700,0.5,0
13,12,730,1,0,300,0.5,1700,0.5,1
13,13,903,0,0,300,0.5,1700,0.5,2
13,14,671,0,0,500,0.6,1000,0.2,1400,0.2,2
14,0,645,0,0,300,0.5,1700,0.5,2
14,1,199,1,0,500,0.6,1000,0.2,1400,0.2,0
14,2,538,2,10,5,0,500,0.6,1000,0.2,1400,0.2,2
14,3,548,2,10,5,0,300,0.5,1700,0.5,0
14,4,414,0,0,500,0.6,1000,0.2,1400,0.2,2
14,5,485,2,10,5,0,300,0.5,1700,0.5,1
14,6,89,0,0,300,0.5,1700,0.5,1
14,7,686,0,0,500,0.6,1000,0.2,1400,0.2,0
14,8,435,1,0,300,0.5,1700,0.5,0
14,9,416,1,0,500,0.6,1000,0.2,1400,0.2,0
14,10,711,0,0,500,0.6,1000,0.2,1400,0.2,0
14,11,226,0,0,300,0.5,1700,0.5,0
14,12,553,0,0,500,0.6,1000,0.2,1400,0.2,2
14,13,572,0,0,300,0.5,1700,0.5,1
14,14,635,0,0,300,0.5,1700,0.5,2
