0,0,428,1,0,500,0.6,1000,0.2,1400,0.2,2
0,1,314,2,10,5,0,500,0.6,1000,0.2,1400,0.2,0
0,2,971,1,0,300,0.5,1700,0.5,2
0,3,214,0,0,500,0.6,1000,0.2,1400,0.2,2
0,4,580,0,0,500,0.6,1000,0.2,1400,0.2,0
0,5,42,2,10,5,0,300,0.5,1700,0.5,1
0,6,765,1,0,300,0.5,1700,0.5,0
0,7,715,2,10,5,0,300,0.5,1700,0.5,0
0,8,724,2,10,5,0,500,0.6,1000,0.2,1400,0.2,1
0,9,817,1,0,300,0.5,1700,0.5,0
0,10,853,2,10,5,0,300,0.5,1700,0.5,2
0,11,893,1,0,300,0.5,1700,0.5,2
0,12,986,2,10,5,0,500,0.6,1000,0.2,1400,0.2,0
0,13,745,1,0,300,0.5,1700,0.5,2
0,14,49,2,10,5,0,500,0.6,1000,0.2,1400,0.2,1
1,0,127,0,0,300,0.5,1700,0.5,2
1,1,441,0,0,300,0.5,1700,0.5,2
1,2,814,2,10,5,0,500,0.6,1000,0.2,1400,0.2,1
1,3,189,1,0,500,0.6,1000,0.2,1400,0.2,2
1,4,147,2,10,5,0,500,0.6,1000,0.2,1400,0.2,1
1,5,18,1,0,500,0.6,1000,0.2,1400,0.2,2
1,6,27,2,10,5,0,300,0.5,1700,0.5,1
1,7,705,0,0,500,0.6,1000,0.2,1400,0.2,2
1,8,90,2,10,5,0,500,0.6,1000,0.2,1400,0.2,0
1,9,17,1,0,300,0.5,1700,0.5,2
1,10,679,1,0,300,0.5,1700,0.5,1
1,11,152,0,0,500,0.6,1000,0.2,1400,0.2,2
1,12,344,1,0,300,0.5,1700,0.5,1
1,13,929,0,0,500,0.6,1000,0.2,1400,0.2,2
1,14,72,1,0,300,0.5,1700,0.5,0
2,0,653,0,0,300,0.5,1700,0.5,2
2,1,972,1,0,500,0.6,1000,0.2,1400,0.2,0
2,2,388,2,10,5,0,500,0.6,1000,0.2,1400,0.2,0
2,3,753,2,10,5,0,500,0.6,1000,0.2,1400,0.2,1
2,4,784,1,0,500,0.6,1000,0.2,1400,0.2,1
2,5,427,0,0,300,0.5,1700,0.5,0
2,6,364,1,0,500,0.6,1000,0.2,1400,0.2,0
2,7,800,2,10,5,0,300,0.5,1700,0.5,2
2,8,691,2,10,5,0,300,0.5,1700,0.5,2
2,9,642,1,0,300,0.5,1700,0.5,1
2,10,501,0,0,500,0.6,1000,0.2,1400,0.2,2
2,11,536,0,0,500,0.6,1000,0.2,1400,0.2,0
2,12,35,2,10,5,0,300,0.5,1700,0.5,2
2,13,878,2,10,5,0,300,0.5,1700,0.5,1
2,14,610,0,0,300,0.5,1700,0.5,1
3,0,360,2,10,5,0,500,0.6,1000,0.2,1400,0.2,2
3,1,437,0,0,500,0.6,1000,0.2,1400,0.2,2
3,2,672,0,0,500,0.6,1000,0.2,1400,0.2,1
3,3,397,1,0,300,0.5,1700,0.5,2
3,4,466,1,0,500,0.6,1000,0.2,1400,0.2,2
3,5,549,2,10,5,0,300,0.5,1700,0.5,1
3,6,341,2,10,5,0,500,0.6,1000,0.2,1400,0.2,1
3,7,274,0,0,500,0.6,1000,0.2,1400,0.2,0
3,8,372,2,10,5,0,300,0.5,1700,0.5,1
3,9,367,2,10,5,0,500,0.6,1000,0.2,1400,0.2,1
3,10,93,1,0,300,0.5,1700,0.5,1
3,11,318,1,0,300,0.5,1700,0.5,2
3,12,181,0,0,300,0.5,1700,0.5,1
3,13,687,1,0,300,0.5,1700,0.5,1
3,14,525,0,0,500,0.6,1000,0.2,1400,0.2,0
4,0,296,2,10,5,0,500,0.6,1000,0.2,1400,0.2,2
4,1,168,1,0,300,0.5,1700,0.5,2
4,2,245,0,0,500,0.6,1000,0.2,1400,0.2,2
4,3,212,0,0,300,0.5,1700,0.5,1
4,4,430,0,0,500,0.6,1000,0.2,1400,0.2,1
4,5,857,1,0,300,0.5,1700,0.5,2
4,6,325,0,0,500,0.6,1000,0.2,1400,0.2,2
4,7,117,1,0,500,0.6,1000,0.2,1400,0.2,0
4,8,44,0,0,500,0.6,1000,0.2,1400,0.2,0
4,9,71,1,0,300,0.5,1700,0.5,2
4,10,696,1,0,300,0.5,1700,0.5,0
4,11,10,1,0,300,0.5,1700,0.5,1
4,12,914,1,0,300,0.5,1700,0.5,0
4,13,177,0,0,300,0.5,1700,0.5,1
4,14,72,0,0,500,0.6,1000,0.2,1400,0.2,1
5,0,589,1,0,500,0.6,1000,0.2,1400,0.2,1
5,1,583,2,10,5,0,300,0.5,1700,0.5,0
5,2,793,0,0,300,0.5,1700,0.5,1
5,3,112,2,10,5,0,300,0.5,1700,0.5,0
5,4,986,1,0,500,0.6,1000,0.2,1400,0.2,1
5,5,995,1,0,500,0.6,1000,0.2,1400,0.2,0
5,6,700,2,10,5,0,300,0.5,1700,0.5,1
5,7,568,1,0,500,0.6,1000,0.2,1400,0.2,1
5,8,996,1,0,300,0.5,1700,0.5,2
5,9,89,0,0,300,0.5,1700,0.5,0
5,10,135,2,10,5,0,500,0.6,1000,0.2,1400,0.2,0
5,11,141,2,10,5,0,300,0.5,1700,0.5,1
5,12,567,0,0,500,0.6,1000,0.2,1400,0.2,1
5,13,776,0,0,500,0.6,1000,0.2,1400,0.2,1
5,14,330,2,10,5,0,500,0.6,1000,0.2,1400,0.2,0
6,0,400,2,10,5,0,300,0.5,1700,0.5,2
6,1,289,0,0,300,0.5,1700,0.5,0
6,2,269,1,0,300,0.5,1700,0.5,0
6,3,409,2,10,5,0,500,0.6,1000,0.2,1400,0.2,2
6,4,28,1,0,300,0.5,1700,0.5,2
6,5,104,2,10,5,0,500,0.6,1000,0.2,1400,0.2,2
6,6,260,2,10,5,0,500,0.6,1000,0.2,1400,0.2,1
6,7,186,1,0,500,0.6,1000,0.2,1400,0.2,0
6,8,905,2,10,5,0,500,0.6,1000,0.2,1400,0.2,2
6,9,692,1,0,300,0.5,1700,0.5,1
6,10,219,2,10,5,0,300,0.5,1700,0.5,0
6,11,672,2,10,5,0,500,0.6,1000,0.2,1400,0.2,2
6,12,23,0,0,500,0.6,1000,0.2,1400,0.2,0
6,13,341,0,0,500,0.6,1000,0.2,1400,0.2,2
6,14,365,2,10,5,0,500,0.6,1000,0.2,1400,0.2,2
7,0,957,0,0,500,0.6,1000,0.2,1400,0.2,0
7,1,250,0,0,500,0.6,1000,0.2,1400,0.2,0
7,2,932,2,10,5,0,300,0.5,1700,0.5,1
7,3,568,1,0,300,0.5,1700,0.5,0
7,4,515,2,10,5,0,500,0.6,1000,0.2,1400,0.2,2
7,5,538,0,0,500,0.6,1000,0.2,1400,0.2,0
7,6,468,1,0,500,0.6,1000,0.2,1400,0.2,1
7,7,274,2,10,5,0,500,0.6,1000,0.2,1400,0.2,2
7,8,889,2,10,5,0,300,0.5,1700,0.5,2
7,9,603,1,0,300,0.5,1700,0.5,0
7,10,981,0,0,300,0.5,1700,0.5,1
7,11,800,2,10,5,0,300,0.5,1700,0.5,2
7,12,631,1,0,500,0.6,1000,0.2,1400,0.2,0
7,13,967,2,10,5,0,300,0.5,1700,0.5,1
7,14,173,0,0,500,0.6,1000,0.2,1400,0.2,1
8,0,865,2,10,5,0,300,0.5,1700,0.5,1
8,1,53,2,10,5,0,300,0.5,1700,0.5,0
8,2,470,0,0,500,0.6,1000,0.2,1400,0.2,2
8,3,351,0,0,500,0.6,1000,0.2,1400,0.2,1
8,4,499,1,0,500,0.6,1000,0.2,1400,0.2,1
8,5,356,1,0,500,0.6,1000,0.2,1400,0.2,1
8,6,169,2,10,5,0,300,0.5,1700,0.5,0
8,7,841,1,0,500,0.6,1000,0.2,1400,0.2,0
8,8,586,2,10,5,0,500,0.6,1000,0.2,1400,0.2,2
8,9,411,1,0,500,0.6,1000,0.2,1400,0.2,1
8,10,542,2,10,5,0,300,0.5,1700,0.5,2
8,11,857,1,0,500,0.6,1000,0.2,1400,0.2,1
8,12,981,1,0,300,0.5,1700,0.5,0
8,13,168,1,0,500,0.6,1000,0.2,1400,0.2,2
8,14,197,0,0,500,0.6,1000,0.2,1400,0.2,1
9,0,502,0,0,500,0.6,1000,0.2,1400,0.2,0
9,1,775,0,0,300,0.5,1700,0.5,0
9,2,711,0,0,300,0.5,1700,0.5,0
9,3,60,1,0,300,0.5,1700,0.5,2
9,4,691,1,0,500,0.6,1000,0.2,1400,0.2,1
9,5,538,0,0,500,0.6,1000,0.2,1400,0.2,0
9,6,371,1,0,300,0.5,1700,0.5,1
9,7,954,2,10,5,0,500,0.6,1000,0.2,1400,0.2,0
9,8,997,2,10,5,0,500,0.6,1000,0.2,1400,0.2,2
9,9,385,1,0,300,0.5,1700,0.5,2
9,10,339,0,0,500,0.6,1000,0.2,1400,0.2,2
9,11,467,0,0,300,0.5,1700,0.5,2
9,12,70,0,0,300,0.5,1700,0.5,1
9,13,577,0,0,500,0.6,1000,0.2,1400,0.2,2
9,14,225,1,0,300,0.5,1700,0.5,1
10,0,880,1,0,300,0.5,1700,0.5,1
10,1,55,2,10,5,0,500,0.6,1000,0.2,1400,0.2,2
10,2,341,0,0,300,0.5,1700,0.5,2
10,3,220,2,10,5,0,500,0.6,1000,0.2,1400,0.2,0
10,4,369,0,0,500,0.6,1000,0.2,1400,0.2,1
10,5,703,0,0,500,0.6,1000,0.2,1400,0.2,2
10,6,958,0,0,300,0.5,1700,0.5,2
10,7,381,2,10,5,0,300,0.5,1700,0.5,1
10,8,67,2,10,5,0,300,0.5,1700,0.5,1
10,9,565,2,10,5,0,500,0.6,1000,0.2,1400,0.2,2
10,10,298,2,10,5,0,500,0.6,1000,0.2,1400,0.2,1
10,11,622,2,10,5,0,300,0.5,1700,0.5,1
10,12,287,1,0,300,0.5,1700,0.5,1
10,13,862,0,0,300,0.5,1700,0.5,1
10,14,352,1,0,500,0.6,1000,0.2,1400,0.2,2
11,0,442,0,0,500,0.6,1000,0.2,1400,0.2,1
11,1,443,1,0,300,0.5,1700,0.5,1
11,2,279,1,0,300,0.5,1700,0.5,2
11,3,522,0,0,300,0.5,1700,0.5,0
11,4,267,0,0,300,0.5,1700,0.5,0
11,5,485,2,10,5,0,500,0.6,1000,0.2,1400,0.2,2
11,6,687,2,10,5,0,300,0.5,1700,0.5,2
11,7,432,2,10,5,0,300,0.5,1700,0.5,2
11,8,689,0,0,300,0.5,1700,0.5,1
11,9,291,2,10,5,0,500,0.6,1000,0.2,1400,0.2,0
11,10,368,2,10,5,0,300,0.5,1700,0.5,2
11,11,814,0,0,500,0.6,1000,0.2,1400,0.2,0
11,12,354,2,10,5,0,300,0.5,1700,0.5,0
11,13,382,2,10,5,0,500,0.6,1000,0.2,1400,0.2,2
11,14,582,2,10,5,0,500,0.6,1000,0.2,1400,0.2,1
12,0,329,2,10,5,0,500,0.6,1000,0.2,1400,0.2,1
12,1,410,2,10,5,0,300,0.5,1700,0.5,2
12,2,245,0,0,300,0.5,1700,0.5,0
12,3,526,1,0,500,0.6,1000,0.2,1400,0.2,2
12,4,269,2,10,5,0,300,0.5,1700,0.5,0
12,5,265,1,0,300,0.5,1700,0.5,2
12,6,642,1,0,500,0.6,1000,0.2,1400,0.2,2
12,7,208,1,0,500,0.6,1000,0.2,1400,0.2,2
12,8,461,1,0,500,0.6,1000,0.2,1400,0.2,1
12,9,515,1,0,500,0.6,1000,0.2,1400,0.2,2
12,10,986,0,0,300,0.5,1700,0.5,0
12,11,590,1,0,300,0.5,1700,0.5,1
12,12,50,2,10,5,0,300,0.5,1700,0.5,1
12,13,551,0,0,500,0.6,1000,0.2,1400,0.2,1
12,14,364,1,0,300,0.5,1700,0.5,0
13,0,87,1,0,300,0.5,1700,0.5,1
13,1,331,2,10,5,0,500,0.6,1000,0.2,1400,0.2,2
13,2,253,0,0,500,0.6,1000,0.2,1400,0.2,1
13,3,356,2,10,5,0,300,0.5,1700,0.5,2
13,4,937,2,10,5,0,500,0.6,1000,0.2,1400,0.2,2
13,5,369,0,0,300,0.5,1700,0.5,2
13,6,677,2,10,5,0,500,0.6,1000,0.2,1400,0.2,2
13,7,848,0,0,500,0.6,1000,0.2,1400,0.2,2
13,8,362,1,0,500,0.6,1000,0.2,1400,0.2,2
13,9,756,0,0,500,0.6,1000,0.2,1400,0.2,2
13,10,178,1,0,500,0.6,1000,0.2,1400,0.2,2
13,11,721,0,0,300,0.5,1700,0.5,1
13,12,214,0,0,500,0.6,1000,0.2,1400,0.2,2
13,13,15,2,10,5,0,500,0.6,1000,0.2,1400,0.2,1
13,14,931,1,0,500,0.6,1000,0.2,1400,0.2,1
14,0,562,0,0,300,0.5,1700,0.5,0
14,1,597,2,10,5,0,500,0.6,1000,0.2,1400,0.2,2
14,2,876,2,10,5,0,500,0.6,1000,0.2,1400,0.2,0
14,3,837,1,0,300,0.5,1700,0.5,1
14,4,878,0,0,500,0.6,1000,0.2,1400,0.2,0
14,5,402,1,0,300,0.5,1700,0.5,0
14,6,278,0,0,500,0.6,1000,0.2,1400,0.2,0
14,7,361,2,10,5,0,300,0.5,1700,0.5,2
14,8,500,0,0,300,0.5,1700,0.5,1
14,9,513,1,0,500,0.6,1000,0.2,1400,0.2,2
14,10,696,2,10,5,0,500,0.6,1000,0.2,1400,0.2,2
14,11,800,1,0,300,0.5,1700,0.5,1
14,12,443,2,10,5,0,300,0.5,1700,0.5,1
14,13,691,0,0,300,0.5,1700,0.5,1
14,14,81,2,10,5,0,300,0.5,1700,0.5,1
