0,0,137,2,10,5,0,500,0.6,1000,0.2,1400,0.2,0
0,1,275,0,0,300,0.5,1700,0.5,2
0,2,614,0,0,500,0.6,1000,0.2,1400,0.2,0
0,3,718,2,10,5,0,500,0.6,1000,0.2,1400,0.2,1
0,4,342,0,0,500,0.6,1000,0.2,1400,0.2,0
0,5,253,1,0,300,0.5,1700,0.5,1
0,6,528,1,0,500,0.6,1000,0.2,1400,0.2,1
0,7,898,0,0,300,0.5,1700,0.5,0
0,8,996,1,0,300,0.5,1700,0.5,1
0,9,747,0,0,300,0.5,1700,0.5,2
0,10,495,2,10,5,0,500,0.6,1000,0.2,1400,0.2,1
0,11,591,2,10,5,0,300,0.5,1700,0.5,0
0,12,791,0,0,300,0.5,1700,0.5,1
0,13,731,2,10,5,0,500,0.6,1000,0.2,1400,0.2,1
0,14,972,1,0,300,0.5,1700,0.5,2
1,0,712,1,0,500,0.6,1000,0.2,1400,0.2,2
1,1,58,0,0,300,0.5,1700,0.5,2
1,2,963,1,0,500,0.6,1000,0.2,1400,0.2,2
1,3,568,2,10,5,0,300,0.5,1700,0.5,0
1,4,252,2,10,5,0,500,0.6,1000,0.2,1400,0.2,0
1,5,228,1,0,500,0.6,1000,0.2,1400,0.2,0
1,6,346,2,10,5,0,500,0.6,1000,0.2,1400,0.2,0
1,7,998,2,10,5,0,300,0.5,1700,0.5,0
1,8,140,1,0,500,0.6,1000,0.2,1400,0.2,2
1,9,332,0,0,300,0.5,1700,0.5,2
1,10,109,2,10,5,0,500,0.6,1000,0.2,1400,0.2,0
1,11,28,1,0,300,0.5,1700,0.5,1
1,12,264,2,10,5,0,500,0.6,1000,0.2,1400,0.2,0
1,13,804,1,0,300,0.5,1700,0.5,2
1,14,201,0,0,500,0.6,1000,0.2,1400,0.2,1
2,0,903,0,0,300,0.5,1700,0.5,1
2,1,183,2,10,5,0,300,0.5,1700,0.5,0
2,2,49,1,0,300,0.5,1700,0.5,0
2,3,590,1,0,300,0.5,1700,0.5,0
2,4,522,2,10,5,0,500,0.6,1000,0.2,1400,0.2,2
2,5,230,2,10,5,0,500,0.6,1000,0.2,1400,0.2,2
2,6,862,0,0,300,0.5,1700,0.5,2
2,7,558,1,0,500,0.6,1000,0.2,1400,0.2,2
2,8,948,0,0,500,0.6,1000,0.2,1400,0.2,2
2,9,123,0,0,500,0.6,1000,0.2,1400,0.2,0
2,10,314,2,10,5,0,500,0.6,1000,0.2,1400,0.2,1
2,11,255,2,10,5,0,500,0.6,1000,0.2,1400,0.2,0
2,12,914,1,0,300,0.5,1700,0.5,1
2,13,857,2,10,5,0,300,0.5,1700,0.5,0
2,14,746,0,0,500,0.6,1000,0.2,1400,0.2,2
3,0,790,2,10,5,0,300,0.5,1700,0.5,0
3,1,679,0,0,300,0.5,1700,0.5,0
3,2,995,0,0,500,0.6,1000,0.2,1400,0.2,1
3,3,852,0,0,500,0.6,1000,0.2,1400,0.2,2
3,4,708,2,10,5,0,500,0.6,1000,0.2,1400,0.2,0
3,5,364,0,0,500,0.6,1000,0.2,1400,0.2,2
3,6,16,2,10,5,0,500,0.6,1000,0.2,1400,0.2,0
3,7,621,0,0,300,0.5,1700,0.5,0
3,8,968,2,10,5,0,300,0.5,1700,0.5,0
3,9,351,0,0,300,0.5,1700,0.5,2
3,10,335,1,0,500,0.6,1000,0.2,1400,0.2,2
3,11,122,0,0,500,0.6,1000,0.2,1400,0.2,0
3,12,701,1,0,500,0.6,1000,0.2,1400,0.2,2
3,13,332,2,10,5,0,500,0.6,1000,0.2,1400,0.2,0
3,14,524,2,10,5,0,500,0.6,1000,0.2,1400,0.2,1
4,0,301,1,0,500,0.6,1000,0.2,1400,0.2,2
4,1,183,1,0,500,0.6,1000,0.2,1400,0.2,0
4,2,837,1,0,300,0.5,1700,0.5,1
4,3,69,1,0,300,0.5,1700,0.5,0
4,4,363,2,10,5,0,300,0.5,1700,0.5,2
4,5,182,1,0,300,0.5,1700,0.5,1
4,6,315,2,10,5,0,300,0.5,1700,0.5,1
4,7,896,2,10,5,0,300,0.5,1700,0.5,0
4,8,265,1,0,500,0.6,1000,0.2,1400,0.2,1
4,9,490,0,0,500,0.6,1000,0.2,1400,0.2,1
4,10,481,2,10,5,0,500,0.6,1000,0.2,1400,0.2,1
4,11,86,1,0,300,0.5,1700,0.5,0
4,12,802,0,0,500,0.6,1000,0.2,1400,0.2,2
4,13,883,2,10,5,0,500,0.6,1000,0.2,1400,0.2,0
4,14,412,0,0,300,0.5,1700,0.5,0
5,0,532,1,0,500,0.6,1000,0.2,1400,0.2,2
5,1,785,1,0,500,0.6,1000,0.2,1400,0.2,2
5,2,873,2,10,5,0,300,0.5,1700,0.5,0
5,3,730,2,10,5,0,500,0.6,1000,0.2,1400,0.2,1
5,4,152,1,0,500,0.6,1000,0.2,1400,0.2,0
5,5,565,0,0,500,0.6,1000,0.2,1400,0.2,2
5,6,850,2,10,5,0,500,0.6,1000,0.2,1400,0.2,1
5,7,197,0,0,300,0.5,1700,0.5,1
5,8,431,2,10,5,0,500,0.6,1000,0.2,1400,0.2,2
5,9,965,0,0,300,0.5,1700,0.5,2
5,10,495,2,10,5,0,500,0.6,1000,0.2,1400,0.2,1
5,11,23,0,0,300,0.5,1700,0.5,2
5,12,912,2,10,5,0,300,0.5,1700,0.5,1
5,13,533,2,10,5,0,500,0.6,1000,0.2,1400,0.2,1
5,14,395,1,0,500,0.6,1000,0.2,1400,0.2,0
6,0,304,1,0,300,0.5,1700,0.5,2
6,1,172,0,0,500,0.6,1000,0.2,1400,0.2,0
6,2,645,1,0,500,0.6,1000,0.2,1400,0.2,2
6,3,476,2,10,5,0,300,0.5,1700,0.5,0
6,4,347,1,0,300,0.5,1700,0.5,2
6,5,536,0,0,500,0.6,1000,0.2,1400,0.2,1
6,6,53,0,0,500,0.6,1000,0.2,1400,0.2,0
6,7,233,1,0,300,0.5,1700,0.5,0
6,8,561,1,0,500,0.6,1000,0.2,1400,0.2,1
6,9,60,2,10,5,0,300,0.5,1700,0.5,0
6,10,174,1,0,500,0.6,1000,0.2,1400,0.2,1
6,11,216,1,0,300,0.5,1700,0.5,2
6,12,558,0,0,500,0.6,1000,0.2,1400,0.2,0
6,13,838,1,0,500,0.6,1000,0.2,1400,0.2,0
6,14,180,1,0,300,0.5,1700,0.5,2
7,0,224,1,0,300,0.5,1700,0.5,0
7,1,32,0,0,500,0.6,1000,0.2,1400,0.2,1
7,2,345,0,0,500,0.6,1000,0.2,1400,0.2,2
7,3,462,2,10,5,0,300,0.5,1700,0.5,0
7,4,672,2,10,5,0,500,0.6,1000,0.2,1400,0.2,0
7,5,819,2,10,5,0,300,0.5,1700,0.5,1
7,6,556,2,10,5,0,500,0.6,1000,0.2,1400,0.2,0
7,7,788,0,0,500,0.6,1000,0.2,1400,0.2,0
7,8,227,0,0,500,0.6,1000,0.2,1400,0.2,1
7,9,716,2,10,5,0,500,0.6,1000,0.2,1400,0.2,2
7,10,180,1,0,300,0.5,1700,0.5,0
7,11,164,1,0,500,0.6,1000,0.2,1400,0.2,2
7,12,709,0,0,500,0.6,1000,0.2,1400,0.2,2
7,13,428,1,0,500,0.6,1000,0.2,1400,0.2,2
7,14,441,2,10,5,0,500,0.6,1000,0.2,1400,0.2,1
8,0,465,1,0,300,0.5,1700,0.5,2
8,1,639,2,10,5,0,300,0.5,1700,0.5,1
8,2,486,2,10,5,0,500,0.6,1000,0.2,1400,0.2,2
8,3,833,0,0,500,0.6,1000,0.2,1400,0.2,0
8,4,305,1,0,300,0.5,1700,0.5,0
8,5,281,2,10,5,0,500,0.6,1000,0.2,1400,0.2,2
8,6,279,0,0,300,0.5,1700,0.5,0
8,7,427,0,0,300,0.5,1700,0.5,1
8,8,438,0,0,300,0.5,1700,0.5,2
8,9,798,0,0,300,0.5,1700,0.5,2
8,10,332,0,0,300,0.5,1700,0.5,0
8,11,820,1,0,300,0.5,1700,0.5,1
8,12,231,0,0,300,0.5,1700,0.5,2
8,13,968,0,0,500,0.6,1000,0.2,1400,0.2,1
8,14,912,1,0,300,0.5,1700,0.5,2
9,0,307,1,0,300,0.5,1700,0.5,0
9,1,658,2,10,5,0,300,0.5,1700,0.5,1
9,2,606,0,0,300,0.5,1700,0.5,1
9,3,744,2,10,5,0,500,0.6,1000,0.2,1400,0.2,1
9,4,560,1,0,500,0.6,1000,0.2,1400,0.2,1
9,5,450,2,10,5,0,500,0.6,1000,0.2,1400,0.2,1
9,6,868,1,0,300,0.5,1700,0.5,0
9,7,325,0,0,500,0.6,1000,0.2,1400,0.2,2
9,8,633,0,0,300,0.5,1700,0.5,1
9,9,612,1,0,500,0.6,1000,0.2,1400,0.2,1
9,10,157,0,0,300,0.5,1700,0.5,1
9,11,809,1,0,300,0.5,1700,0.5,0
9,12,764,2,10,5,0,300,0.5,1700,0.5,0
9,13,932,2,10,5,0,500,0.6,1000,0.2,1400,0.2,0
9,14,778,1,0,300,0.5,1700,0.5,2
10,0,39,2,10,5,0,300,0.5,1700,0.5,0
10,1,181,2,10,5,0,500,0.6,1000,0.2,1400,0.2,1
10,2,732,1,0,500,0.6,1000,0.2,1400,0.2,1
10,3,647,2,10,5,0,300,0.5,1700,0.5,2
10,4,71,1,0,300,0.5,1700,0.5,2
10,5,140,2,10,5,0,500,0.6,1000,0.2,1400,0.2,2
10,6,726,0,0,500,0.6,1000,0.2,1400,0.2,2
10,7,299,1,0,500,0.6,1000,0.2,1400,0.2,1
10,8,576,1,0,500,0.6,1000,0.2,1400,0.2,1
10,9,173,0,0,300,0.5,1700,0.5,2
10,10,358,1,0,300,0.5,1700,0.5,2
10,11,132,2,10,5,0,500,0.6,1000,0.2,1400,0.2,2
10,12,911,0,0,500,0.6,1000,0.2,1400,0.2,2
10,13,404,0,0,300,0.5,1700,0.5,2
10,14,749,0,0,500,0.6,1000,0.2,1400,0.2,1
11,0,39,0,0,300,0.5,1700,0.5,1
11,1,878,0,0,300,0.5,1700,0.5,0
11,2,855,1,0,300,0.5,1700,0.5,2
11,3,427,2,10,5,0,500,0.6,1000,0.2,1400,0.2,2
11,4,193,2,10,5,0,500,0.6,1000,0.2,1400,0.2,2
11,5,263,1,0,500,0.6,1000,0.2,1400,0.2,0
11,6,97,2,10,5,0,500,0.6,1000,0.2,1400,0.2,2
11,7,177,1,0,300,0.5,1700,0.5,0
11,8,465,2,10,5,0,500,0.6,1000,0.2,1400,0.2,2
11,9,555,1,0,300,0.5,1700,0.5,1
11,10,454,0,0,300,0.5,1700,0.5,0
11,11,829,1,0,500,0.6,1000,0.2,1400,0.2,1
11,12,31,2,10,5,0,500,0.6,1000,0.2,1400,0.2,2
11,13,795,0,0,500,0.6,1000,0.2,1400,0.2,1
11,14,929,2,10,5,0,300,0.5,1700,0.5,1
12,0,308,1,0,500,0.6,1000,0.2,1400,0.2,0
12,1,861,1,0,300,0.5,1700,0.5,0
12,2,293,1,0,300,0.5,1700,0.5,1
12,3,51,1,0,300,0.5,1700,0.5,0
12,4,518,2,10,5,0,300,0.5,1700,0.5,2
12,5,964,1,0,500,0.6,1000,0.2,1400,0.2,2
12,6,828,1,0,500,0.6,1000,0.2,1400,0.2,2
12,7,561,2,10,5,0,300,0.5,1700,0.5,0
12,8,41,1,0,300,0.5,1700,0.5,1
12,9,331,2,10,5,0,500,0.6,1000,0.2,1400,0.2,2
12,10,999,2,10,5,0,500,0.6,1000,0.2,1400,0.2,2
12,11,368,1,0,500,0.6,1000,0.2,1400,0.2,0
12,12,846,1,0,500,0.6,1000,0.2,1400,0.2,1
12,13,125,0,0,500,0.6,1000,0.2,1400,0.2,0
12,14,197,0,0,300,0.5,1700,0.5,1
13,0,432,0,0,300,0.5,1700,0.5,1
13,1,372,2,10,5,0,300,0.5,1700,0.5,1
13,2,86,2,10,5,0,500,0.6,1000,0.2,1400,0.2,1
13,3,81,2,10,5,0,300,0.5,1700,0.5,0
13,4,183,0,0,500,0.6,1000,0.2,1400,0.2,0
13,5,361,0,0,500,0.6,1000,0.2,1400,0.2,1
13,6,198,0,0,300,0.5,1700,0.5,0
13,7,353,1,0,500,0.6,1000,0.2,1400,0.2,2
13,8,728,2,10,5,0,300,0.5,1700,0.5,0
13,9,881,0,0,300,0.5,1700,0.5,2
13,10,34,1,0,500,0.6,1000,0.2,1400,0.2,0
13,11,425,1,0,500,0.6,1000,0.2,1400,0.2,0
13,12,135,1,0,500,0.6,1000,0.2,1400,0.2,0
13,13,867,1,0,300,0.5,1700,0.5,1
13,14,534,1,0,300,0.5,1700,0.5,2
14,0,232,2,10,5,0,300,0.5,1700,0.5,1
14,1,315,2,10,5,0,500,0.6,1000,0.2,1400,0.2,1
14,2,47,2,10,5,0,500,0.6,1000,0.2,1400,0.2,0
14,3,959,2,10,5,0,500,0.6,1000,0.2,1400,0.2,0
14,4,248,2,10,5,0,500,0.6,1000,0.2,1400,0.2,1
14,5,718,1,0,300,0.5,1700,0.5,2
14,6,606,0,0,300,0.5,1700,0.5,0
14,7,977,2,10,5,0,300,0.5,1700,0.5,0
14,8,923,1,0,300,0.5,1700,0.5,2
14,9,36,2,10,5,0,500,0.6,1000,0.2,1400,0.2,1
14,10,244,0,0,500,0.6,1000,0.2,1400,0.2,0
14,11,309,1,0,300,0.5,1700,0.5,2
14,12,655,0,0,300,0.5,1700,0.5,2
14,13,934,2,10,5,0,300,0.5,1700,0.5,1
14,14,808,1,0,300,0.5,1700,0.5,0
