0,0,357,2,10,5,0,300,0.5,1700,0.5,2
0,1,939,1,0,500,0.6,1000,0.2,1400,0.2,2
0,2,535,0,0,500,0.6,1000,0.2,1400,0.2,2
0,3,367,2,10,5,0,500,0.6,1000,0.2,1400,0.2,0
0,4,359,2,10,5,0,500,0.6,1000,0.2,1400,0.2,0
0,5,794,0,0,300,0.5,1700,0.5,2
0,6,429,2,10,5,0,500,0.6,1000,0.2,1400,0.2,1
0,7,830,1,0,300,0.5,1700,0.5,2
0,8,201,0,0,300,0.5,1700,0.5,0
0,9,626,2,10,5,0,300,0.5,1700,0.5,0
0,10,291,1,0,300,0.5,1700,0.5,1
0,11,831,0,0,500,0.6,1000,0.2,1400,0.2,1
0,12,624,1,0,500,0.6,1000,0.2,1400,0.2,2
0,13,884,2,10,5,0,300,0.5,1700,0.5,2
0,14,509,2,10,5,0,300,0.5,1700,0.5,2
1,0,371,2,10,5,0,500,0.6,1000,0.2,1400,0.2,1
1,1,32,0,0,500,0.6,1000,0.2,1400,0.2,2
1,2,341,1,0,500,0.6,1000,0.2,1400,0.2,2
1,3,864,2,10,5,0,300,0.5,1700,0.5,2
1,4,799,1,0,500,0.6,1000,0.2,1400,0.2,2
1,5,197,1,0,300,0.5,1700,0.5,2
1,6,779,2,10,5,0,300,0.5,1700,0.5,1
1,7,146,1,0,500,0.6,1000,0.2,1400,0.2,1
1,8,474,2,10,5,0,300,0.5,1700,0.5,2
1,9,24,0,0,500,0.6,1000,0.2,1400,0.2,2
1,10,300,1,0,500,0.6,1000,0.2,1400,0.2,2
1,11,704,0,0,500,0.6,1000,0.2,1400,0.2,1
1,12,861,1,0,300,0.5,1700,0.5,1
1,13,577,0,0,500,0.6,1000,0.2,1400,0.2,2
1,14,161,1,0,500,0.6,1000,0.2,1400,0.2,0
2,0,100,1,0,500,0.6,1000,0.2,1400,0.2,1
2,1,750,0,0,300,0.5,1700,0.5,2
2,2,868,1,0,500,0.6,1000,0.2,1400,0.2,1
2,3,441,0,0,300,0.5,1700,0.5,0
2,4,253,2,10,5,0,300,0.5,1700,0.5,2
2,5,826,2,10,5,0,500,0.6,1000,0.2,1400,0.2,1
2,6,541,2,10,5,0,300,0.5,1700,0.5,0
2,7,478,1,0,300,0.5,1700,0.5,1
2,8,883,1,0,500,0.6,1000,0.2,1400,0.2,1
2,9,48,0,0,300,0.5,1700,0.5,2
2,10,444,2,10,5,0,300,0.5,1700,0.5,0
2,11,175,1,0,300,0.5,1700,0.5,0
2,12,230,1,0,500,0.6,1000,0.2,1400,0.2,1
2,13,817,2,10,5,0,300,0.5,1700,0.5,2
2,14,634,1,0,300,0.5,1700,0.5,0
3,0,334,0,0,300,0.5,1700,0.5,1
3,1,794,2,10,5,0,500,0.6,1000,0.2,1400,0.2,1
3,2,73,0,0,500,0.6,1000,0.2,1400,0.2,1
3,3,819,0,0,500,0.6,1000,0.2,1400,0.2,1
3,4,720,1,0,500,0.6,1000,0.2,1400,0.2,2
3,5,439,0,0,300,0.5,1700,0.5,0
3,6,852,1,0,500,0.6,1000,0.2,1400,0.2,0
3,7,235,1,0,500,0.6,1000,0.2,1400,0.2,2
3,8,691,0,0,300,0.5,1700,0.5,1
3,9,434,0,0,500,0.6,1000,0.2,1400,0.2,2
3,10,138,2,10,5,0,300,0.5,1700,0.5,1
3,11,785,0,0,300,0.5,1700,0.5,1
3,12,764,1,0,300,0.5,1700,0.5,0
3,13,192,0,0,500,0.6,1000,0.2,1400,0.2,0
3,14,796,0,0,500,0.6,1000,0.2,1400,0.2,0
4,0,735,2,10,5,0,500,0.6,1000,0.2,1400,0.2,1
4,1,177,1,0,500,0.6,1000,0.2,1400,0.2,0
4,2,15,2,10,5,0,300,0.5,1700,0.5,2
4,3,851,1,0,500,0.6,1000,0.2,1400,0.2,0
4,4,615,1,0,300,0.5,1700,0.5,2
4,5,590,2,10,5,0,500,0.6,1000,0.2,1400,0.2,2
4,6,552,1,0,300,0.5,1700,0.5,2
4,7,331,2,10,5,0,500,0.6,1000,0.2,1400,0.2,1
4,8,578,1,0,300,0.5,1700,0.5,0
4,9,709,2,10,5,0,500,0.6,1000,0.2,1400,0.2,0
4,10,872,2,10,5,0,300,0.5,1700,0.5,1
4,11,339,1,0,500,0.6,1000,0.2,1400,0.2,1
4,12,291,1,0,300,0.5,1700,0.5,2
4,13,355,2,10,5,0,500,0.6,1000,0.2,1400,0.2,1
4,14,330,0,0,500,0.6,1000,0.2,1400,0.2,1
5,0,258,0,0,300,0.5,1700,0.5,0
5,1,846,2,10,5,0,300,0.5,1700,0.5,2
5,2,860,2,10,5,0,500,0.6,1000,0.2,1400,0.2,1
5,3,636,0,0,500,0.6,1000,0.2,1400,0.2,0
5,4,234,2,10,5,0,300,0.5,1700,0.5,1
5,5,441,1,0,300,0.5,1700,0.5,0
5,6,275,2,10,5,0,300,0.5,1700,0.5,2
5,7,628,2,10,5,0,300,0.5,1700,0.5,2
5,8,533,0,0,500,0.6,1000,0.2,1400,0.2,2
5,9,852,2,10,5,0,500,0.6,1000,0.2,1400,0.2,0
5,10,991,2,10,5,0,500,0.6,1000,0.2,1400,0.2,0
5,11,78,2,10,5,0,500,0.6,1000,0.2,1400,0.2,0
5,12,96,0,0,500,0.6,1000,0.2,1400,0.2,1
5,13,384,0,0,500,0.6,1000,0.2,1400,0.2,0
5,14,125,1,0,300,0.5,1700,0.5,0
6,0,359,2,10,5,0,500,0.6,1000,0.2,1400,0.2,0
6,1,142,1,0,500,0.6,1000,0.2,1400,0.2,0
6,2,528,2,10,5,0,500,0.6,1000,0.2,1400,0.2,0
6,3,391,2,10,5,0,300,0.5,1700,0.5,1
6,4,981,0,0,300,0.5,1700,0.5,1
6,5,708,1,0,300,0.5,1700,0.5,0
6,6,442,0,0,300,0.5,1700,0.5,2
6,7,252,0,0,300,0.5,1700,0.5,0
6,8,815,2,10,5,0,500,0.6,1000,0.2,1400,0.2,1
6,9,113,1,0,300,0.5,1700,0.5,1
6,10,899,1,0,300,0.5,1700,0.5,2
6,11,417,0,0,300,0.5,1700,0.5,2
6,12,965,2,10,5,0,500,0.6,1000,0.2,1400,0.2,0
6,13,379,2,10,5,0,500,0.6,1000,0.2,1400,0.2,0
6,14,644,0,0,300,0.5,1700,0.5,1
7,0,587,1,0,500,0.6,1000,0.2,1400,0.2,1
7,1,891,2,10,5,0,300,0.5,1700,0.5,1
7,2,940,0,0,300,0.5,1700,0.5,0
7,3,738,1,0,300,0.5,1700,0.5,1
7,4,771,2,10,5,0,500,0.6,1000,0.2,1400,0.2,2
7,5,31,0,0,300,0.5,1700,0.5,1
7,6,169,2,10,5,0,300,0.5,1700,0.5,1
7,7,525,1,0,500,0.6,1000,0.2,1400,0.2,0
7,8,785,0,0,500,0.6,1000,0.2,1400,0.2,1
7,9,315,1,0,500,0.6,1000,0.2,1400,0.2,2
7,10,661,1,0,300,0.5,1700,0.5,0
7,11,168,0,0,300,0.5,1700,0.5,0
7,12,252,0,0,300,0.5,1700,0.5,1
7,13,476,2,10,5,0,500,0.6,1000,0.2,1400,0.2,0
7,14,177,1,0,300,0.5,1700,0.5,2
8,0,571,2,10,5,0,300,0.5,1700,0.5,0
8,1,756,0,0,500,0.6,1000,0.2,1400,0.2,1
8,2,495,2,10,5,0,300,0.5,1700,0.5,0
8,3,260,2,10,5,0,500,0.6,1000,0.2,1400,0.2,1
8,4,317,0,0,300,0.5,1700,0.5,2
8,5,205,2,10,5,0,500,0.6,1000,0.2,1400,0.2,1
8,6,178,1,0,500,0.6,1000,0.2,1400,0.2,0
8,7,889,1,0,300,0.5,1700,0.5,1
8,8,661,2,10,5,0,300,0.5,1700,0.5,2
8,9,450,0,0,500,0.6,1000,0.2,1400,0.2,0
8,10,932,1,0,500,0.6,1000,0.2,1400,0.2,2
8,11,416,2,10,5,0,500,0.6,1000,0.2,1400,0.2,0
8,12,389,0,0,300,0.5,1700,0.5,1
8,13,902,1,0,300,0.5,1700,0.5,0
8,14,665,0,0,500,0.6,1000,0.2,1400,0.2,0
9,0,653,2,10,5,0,300,0.5,1700,0.5,0
9,1,761,2,10,5,0,500,0.6,1000,0.2,1400,0.2,0
9,2,781,0,0,500,0.6,1000,0.2,1400,0.2,2
9,3,445,2,10,5,0,500,0.6,1000,0.2,1400,0.2,1
9,4,170,1,0,500,0.6,1000,0.2,1400,0.2,2
9,5,671,1,0,500,0.6,1000,0.2,1400,0.2,2
9,6,503,0,0,300,0.5,1700,0.5,2
9,7,360,2,10,5,0,500,0.6,1000,0.2,1400,0.2,0
9,8,866,1,0,300,0.5,1700,0.5,2
9,9,930,2,10,5,0,300,0.5,1700,0.5,2
9,10,27,2,10,5,0,300,0.5,1700,0.5,2
9,11,608,2,10,5,0,500,0.6,1000,0.2,1400,0.2,1
9,12,71,2,10,5,0,300,0.5,1700,0.5,1
9,13,884,1,0,300,0.5,1700,0.5,0
9,14,411,1,0,500,0.6,1000,0.2,1400,0.2,0
10,0,701,2,10,5,0,500,0.6,1000,0.2,1400,0.2,1
10,1,754,2,10,5,0,300,0.5,1700,0.5,2
10,2,903,2,10,5,0,300,0.5,1700,0.5,1
10,3,963,2,10,5,0,500,0.6,1000,0.2,1400,0.2,2
10,4,343,0,0,300,0.5,1700,0.5,2
10,5,23,1,0,300,0.5,1700,0.5,0
10,6,289,0,0,500,0.6,1000,0.2,1400,0.2,1
10,7,572,0,0,500,0.6,1000,0.2,1400,0.2,2
10,8,418,2,10,5,0,500,0.6,1000,0.2,1400,0.2,0
10,9,553,2,10,5,0,500,0.6,1000,0.2,1400,0.2,0
10,10,383,2,10,5,0,300,0.5,1700,0.5,0
10,11,404,0,0,300,0.5,1700,0.5,2
10,12,784,0,0,300,0.5,1700,0.5,0
10,13,677,0,0,500,0.6,1000,0.2,1400,0.2,2
10,14,927,2,10,5,0,300,0.5,1700,0.5,0
11,0,768,2,10,5,0,500,0.6,1000,0.2,1400,0.2,2
11,1,139,1,0,300,0.5,1700,0.5,1
11,2,137,0,0,300,0.5,1700,0.5,1
11,3,993,1,0,300,0.5,1700,0.5,0
11,4,943,1,0,300,0.5,1700,0.5,1
11,5,839,1,0,300,0.5,1700,0.5,2
11,6,638,0,0,300,0.5,1700,0.5,0
11,7,619,0,0,300,0.5,1700,0.5,1
11,8,428,1,0,300,0.5,1700,0.5,2
11,9,949,1,0,500,0.6,1000,0.2,1400,0.2,1
11,10,399,2,10,5,0,500,0.6,1000,0.2,1400,0.2,2
11,11,302,2,10,5,0,300,0.5,1700,0.5,1
11,12,542,0,0,300,0.5,1700,0.5,0
11,13,694,1,0,300,0.5,1700,0.5,0
11,14,15,2,10,5,0,300,0.5,1700,0.5,0
12,0,861,2,10,5,0,300,0.5,1700,0.5,2
12,1,652,0,0,500,0.6,1000,0.2,1400,0.2,2
12,2,70,1,0,300,0.5,1700,0.5,1
12,3,814,2,10,5,0,300,0.5,1700,0.5,0
12,4,399,1,0,300,0.5,1700,0.5,0
12,5,230,2,10,5,0,300,0.5,1700,0.5,0
12,6,528,2,10,5,0,300,0.5,1700,0.5,0
12,7,50,2,10,5,0,300,0.5,1700,0.5,2
12,8,422,0,0,300,0.5,1700,0.5,2
12,9,98,2,10,5,0,500,0.6,1000,0.2,1400,0.2,1
12,10,418,1,0,300,0.5,1700,0.5,0
12,11,274,1,0,300,0.5,1700,0.5,0
12,12,974,2,10,5,0,500,0.6,1000,0.2,1400,0.2,2
12,13,838,2,10,5,0,300,0.5,1700,0.5,1
12,14,686,0,0,500,0.6,1000,0.2,1400,0.2,0
13,0,80,0,0,300,0.5,1700,0.5,2
13,1,782,1,0,300,0.5,1700,0.5,2
13,2,782,0,0,300,0.5,1700,0.5,2
13,3,933,0,0,500,0.6,1000,0.2,1400,0.2,1
13,4,735,2,10,5,0,300,0.5,1700,0.5,1
13,5,697,0,0,500,0.6,1000,0.2,1400,0.2,1
13,6,821,1,0,300,0.5,1700,0.5,0
13,7,98,0,0,500,0.6,1000,0.2,1400,0.2,2
13,8,942,0,0,500,0.6,1000,0.2,1400,0.2,0
13,9,604,1,0,500,0.6,1000,0.2,1400,0.2,1
13,10,656,1,0,500,0.6,1000,0.2,1400,0.2,0
13,11,270,1,0,300,0.5,1700,0.5,2
13,12,293,1,0,500,0.6,1000,0.2,1400,0.2,0
13,13,397,0,0,300,0.5,1700,0.5,2
13,14,601,2,10,5,0,300,0.5,1700,0.5,2
14,0,453,2,10,5,0,300,0.5,1700,0.5,2
14,1,755,0,0,500,0.6,1000,0.2,1400,0.2,0
14,2,780,2,10,5,0,300,0.5,1700,0.5,1
14,3,794,2,10,5,0,500,0.6,1000,0.2,1400,0.2,1
14,4,346,1,0,300,0.5,1700,0.5,0
14,5,187,0,0,500,0.6,1000,0.2,1400,0.2,2
14,6,30,2,10,5,0,500,0.6,1000,0.2,1400,0.2,1
14,7,652,1,0,500,0.6,1000,0.2,1400,0.2,2
14,8,390,2,10,5,0,500,0.6,1000,0.2,1400,0.2,2
14,9,51,1,0,500,0.6,1000,0.2,1400,0.2,1
14,10,187,1,0,300,0.5,1700,0.5,1
14,11,290,0,0,500,0.6,1000,0.2,1400,0.2,1
14,12,958,2,10,5,0,500,0.6,1000,0.2,1400,0.2,0
14,13,885,0,0,500,0.6,1000,0.2,1400,0.2,2
14,14,476,2,10,5,0,300,0.5,1700,0.5,1
