0,0,392,0,0,500,0.6,1000,0.2,1400,0.2,2
0,1,140,1,0,500,0.6,1000,0.2,1400,0.2,0
0,2,64,2,10,5,0,500,0.6,1000,0.2,1400,0.2,2
0,3,489,0,0,300,0.5,1700,0.5,0
0,4,286,1,0,300,0.5,1700,0.5,2
0,5,944,2,10,5,0,500,0.6,1000,0.2,1400,0.2,0
0,6,179,2,10,5,0,500,0.6,1000,0.2,1400,0.2,1
0,7,620,2,10,5,0,500,0.6,1000,0.2,1400,0.2,2
0,8,441,0,0,300,0.5,1700,0.5,2
0,9,531,0,0,500,0.6,1000,0.2,1400,0.2,2
0,10,126,0,0,500,0.6,1000,0.2,1400,0.2,0
0,11,930,1,0,500,0.6,1000,0.2,1400,0.2,2
0,12,663,1,0,300,0.5,1700,0.5,0
0,13,792,2,10,5,0,300,0.5,1700,0.5,0
0,14,897,1,0,500,0.6,1000,0.2,1400,0.2,1
1,0,263,1,0,500,0.6,1000,0.2,1400,0.2,1
1,1,397,2,10,5,0,500,0.6,1000,0.2,1400,0.2,2
1,2,353,0,0,300,0.5,1700,0.5,2
1,3,372,2,10,5,0,500,0.6,1000,0.2,1400,0.2,1
1,4,672,2,10,5,0,500,0.6,1000,0.2,1400,0.2,2
1,5,598,1,0,500,0.6,1000,0.2,1400,0.2,1
1,6,355,2,10,5,0,500,0.6,1000,0.2,1400,0.2,2
1,7,197,2,10,5,0,300,0.5,1700,0.5,0
1,8,896,1,0,300,0.5,1700,0.5,0
1,9,620,2,10,5,0,300,0.5,1700,0.5,0
1,10,362,1,0,300,0.5,1700,0.5,2
1,11,818,1,0,500,0.6,1000,0.2,1400,0.2,2
1,12,102,2,10,5,0,500,0.6,1000,0.2,1400,0.2,2
1,13,86,2,10,5,0,300,0.5,1700,0.5,1
1,14,177,0,0,300,0.5,1700,0.5,1
2,0,329,2,10,5,0,300,0.5,1700,0.5,0
2,1,13,1,0,300,0.5,1700,0.5,0
2,2,311,1,0,500,0.6,1000,0.2,1400,0.2,1
2,3,241,2,10,5,0,500,0.6,1000,0.2,1400,0.2,2
2,4,930,1,0,300,0.5,1700,0.5,2
2,5,923,0,0,500,0.6,1000,0.2,1400,0.2,0
2,6,599,1,0,300,0.5,1700,0.5,2
2,7,992,2,10,5,0,500,0.6,1000,0.2,1400,0.2,2
2,8,862,0,0,300,0.5,1700,0.5,2
2,9,530,0,0,300,0.5,1700,0.5,1
2,10,603,1,0,300,0.5,1700,0.5,1
2,11,938,0,0,300,0.5,1700,0.5,0
2,12,325,1,0,500,0.6,1000,0.2,1400,0.2,0
2,13,880,2,10,5,0,500,0.6,1000,0.2,1400,0.2,0
2,14,172,0,0,500,0.6,1000,0.2,1400,0.2,0
3,0,71,1,0,500,0.6,1000,0.2,1400,0.2,1
3,1,633,0,0,500,0.6,1000,0.2,1400,0.2,0
3,2,517,0,0,300,0.5,1700,0.5,2
3,3,896,2,10,5,0,500,0.6,1000,0.2,1400,0.2,1
3,4,553,0,0,500,0.6,1000,0.2,1400,0.2,2
3,5,279,2,10,5,0,300,0.5,1700,0.5,0
3,6,889,1,0,300,0.5,1700,0.5,2
3,7,22,0,0,300,0.5,1700,0.5,0
3,8,155,1,0,500,0.6,1000,0.2,1400,0.2,0
3,9,228,2,10,5,0,500,0.6,1000,0.2,1400,0.2,1
3,10,847,2,10,5,0,300,0.5,1700,0.5,1
3,11,373,0,0,500,0.6,1000,0.2,1400,0.2,2
3,12,765,0,0,300,0.5,1700,0.5,2
3,13,441,1,0,500,0.6,1000,0.2,1400,0.2,0
3,14,91,0,0,300,0.5,1700,0.5,2
4,0,47,1,0,500,0.6,1000,0.2,1400,0.2,1
4,1,869,1,0,500,0.6,1000,0.2,1400,0.2,1
4,2,156,2,10,5,0,300,0.5,1700,0.5,2
4,3,794,1,0,500,0.6,1000,0.2,1400,0.2,2
4,4,95,0,0,300,0.5,1700,0.5,1
4,5,525,0,0,500,0.6,1000,0.2,1400,0.2,2
4,6,618,1,0,500,0.6,1000,0.2,1400,0.2,0
4,7,113,0,0,500,0.6,1000,0.2,1400,0.2,0
4,8,820,2,10,5,0,300,0.5,1700,0.5,1
4,9,610,0,0,300,0.5,1700,0.5,1
4,10,742,0,0,500,0.6,1000,0.2,1400,0.2,2
4,11,445,1,0,500,0.6,1000,0.2,1400,0.2,2
4,12,41,2,10,5,0,300,0.5,1700,0.5,0
4,13,762,1,0,500,0.6,1000,0.2,1400,0.2,0
4,14,116,0,0,500,0.6,1000,0.2,1400,0.2,1
5,0,292,1,0,300,0.5,1700,0.5,0
5,1,69,0,0,500,0.6,1000,0.2,1400,0.2,2
5,2,922,0,0,300,0.5,1700,0.5,1
5,3,636,2,10,5,0,500,0.6,1000,0.2,1400,0.2,2
5,4,857,0,0,500,0.6,1000,0.2,1400,0.2,1
5,5,353,2,10,5,0,300,0.5,1700,0.5,0
5,6,321,2,10,5,0,500,0.6,1000,0.2,1400,0.2,2
5,7,698,2,10,5,0,300,0.5,1700,0.5,1
5,8,668,0,0,500,0.6,1000,0.2,1400,0.2,1
5,9,835,1,0,300,0.5,1700,0.5,0
5,10,681,0,0,500,0.6,1000,0.2,1400,0.2,2
5,11,138,1,0,500,0.6,1000,0.2,1400,0.2,1
5,12,143,2,10,5,0,300,0.5,1700,0.5,1
5,13,393,2,10,5,0,300,0.5,1700,0.5,0
5,14,688,0,0,500,0.6,1000,0.2,1400,0.2,1
6,0,224,0,0,300,0.5,1700,0.5,1
6,1,876,1,0,300,0.5,1700,0.5,1
6,2,844,1,0,500,0.6,1000,0.2,1400,0.2,2
6,3,967,2,10,5,0,500,0.6,1000,0.2,1400,0.2,2
6,4,322,2,10,5,0,300,0.5,1700,0.5,2
6,5,442,2,10,5,0,500,0.6,1000,0.2,1400,0.2,2
6,6,531,2,10,5,0,300,0.5,1700,0.5,0
6,7,651,1,0,300,0.5,1700,0.5,1
6,8,899,0,0,500,0.6,1000,0.2,1400,0.2,1
6,9,859,2,10,5,0,500,0.6,1000,0.2,1400,0.2,0
6,10,762,1,0,500,0.6,1000,0.2,1400,0.2,1
6,11,115,0,0,300,0.5,1700,0.5,0
6,12,590,2,10,5,0,500,0.6,1000,0.2,1400,0.2,1
6,13,13,2,10,5,0,500,0.6,1000,0.2,1400,0.2,2
6,14,164,0,0,300,0.5,1700,0.5,0
7,0,743,0,0,500,0.6,1000,0.2,1400,0.2,0
7,1,382,1,0,300,0.5,1700,0.5,0
7,2,333,1,0,500,0.6,1000,0.2,1400,0.2,1
7,3,152,0,0,300,0.5,1700,0.5,0
7,4,70,1,0,500,0.6,1000,0.2,1400,0.2,1
7,5,473,2,10,5,0,500,0.6,1000,0.2,1400,0.2,0
7,6,96,1,0,500,0.6,1000,0.2,1400,0.2,1
7,7,105,2,10,5,0,500,0.6,1000,0.2,1400,0.2,0
7,8,287,2,10,5,0,500,0.6,1000,0.2,1400,0.2,2
7,9,776,0,0,500,0.6,1000,0.2,1400,0.2,2
7,10,940,1,0,500,0.6,1000,0.2,1400,0.2,2
7,11,938,0,0,300,0.5,1700,0.5,2
7,12,747,2,10,5,0,300,0.5,1700,0.5,2
7,13,438,1,0,500,0.6,1000,0.2,1400,0.2,0
7,14,859,0,0,300,0.5,1700,0.5,1
8,0,535,1,0,500,0.6,1000,0.2,1400,0.2,0
8,1,983,1,0,500,0.6,1000,0.2,1400,0.2,1
8,2,687,2,10,5,0,500,0.6,1000,0.2,1400,0.2,2
8,3,804,0,0,300,0.5,1700,0.5,2
8,4,243,1,0,300,0.5,1700,0.5,2
8,5,235,1,0,500,0.6,1000,0.2,1400,0.2,0
8,6,482,1,0,300,0.5,1700,0.5,2
8,7,972,0,0,500,0.6,1000,0.2,1400,0.2,2
8,8,335,2,10,5,0,300,0.5,1700,0.5,1
8,9,768,2,10,5,0,500,0.6,1000,0.2,1400,0.2,0
8,10,925,1,0,500,0.6,1000,0.2,1400,0.2,0
8,11,398,1,0,300,0.5,1700,0.5,1
8,12,952,1,0,500,0.6,1000,0.2,1400,0.2,0
8,13,168,2,10,5,0,500,0.6,1000,0.2,1400,0.2,2
8,14,833,1,0,300,0.5,1700,0.5,2
9,0,809,0,0,500,0.6,1000,0.2,1400,0.2,0
9,1,725,0,0,300,0.5,1700,0.5,0
9,2,299,2,10,5,0,300,0.5,1700,0.5,1
9,3,250,0,0,300,0.5,1700,0.5,1
9,4,354,2,10,5,0,300,0.5,1700,0.5,2
9,5,91,0,0,500,0.6,1000,0.2,1400,0.2,1
9,6,551,0,0,500,0.6,1000,0.2,1400,0.2,2
9,7,825,2,10,5,0,500,0.6,1000,0.2,1400,0.2,2
9,8,567,2,10,5,0,300,0.5,1700,0.5,0
9,9,354,1,0,500,0.6,1000,0.2,1400,0.2,0
9,10,175,0,0,300,0.5,1700,0.5,1
9,11,283,1,0,300,0.5,1700,0.5,0
9,12,116,2,10,5,0,500,0.6,1000,0.2,1400,0.2,1
9,13,528,2,10,5,0,300,0.5,1700,0.5,1
9,14,364,1,0,300,0.5,1700,0.5,1
10,0,600,0,0,300,0.5,1700,0.5,2
10,1,57,0,0,500,0.6,1000,0.2,1400,0.2,2
10,2,411,1,0,500,0.6,1000,0.2,1400,0.2,0
10,3,880,2,10,5,0,500,0.6,1000,0.2,1400,0.2,0
10,4,804,2,10,5,0,300,0.5,1700,0.5,1
10,5,951,0,0,500,0.6,1000,0.2,1400,0.2,2
10,6,325,0,0,300,0.5,1700,0.5,1
10,7,214,0,0,500,0.6,1000,0.2,1400,0.2,0
10,8,780,2,10,5,0,300,0.5,1700,0.5,2
10,9,834,0,0,500,0.6,1000,0.2,1400,0.2,2
10,10,460,1,0,500,0.6,1000,0.2,1400,0.2,0
10,11,66,0,0,300,0.5,1700,0.5,2
10,12,137,0,0,300,0.5,1700,0.5,2
10,13,698,2,10,5,0,500,0.6,1000,0.2,1400,0.2,1
10,14,848,2,10,5,0,500,0.6,1000,0.2,1400,0.2,2
11,0,341,2,10,5,0,300,0.5,1700,0.5,2
11,1,43,1,0,500,0.6,1000,0.2,1400,0.2,2
11,2,177,2,10,5,0,300,0.5,1700,0.5,1
11,3,528,1,0,300,0.5,1700,0.5,2
11,4,929,0,0,300,0.5,1700,0.5,2
11,5,100,1,0,500,0.6,1000,0.2,1400,0.2,1
11,6,301,1,0,300,0.5,1700,0.5,2
11,7,524,0,0,300,0.5,1700,0.5,2
11,8,727,1,0,300,0.5,1700,0.5,0
11,9,215,0,0,500,0.6,1000,0.2,1400,0.2,1
11,10,435,2,10,5,0,300,0.5,1700,0.5,2
11,11,882,1,0,300,0.5,1700,0.5,2
11,12,235,2,10,5,0,300,0.5,1700,0.5,2
11,13,17,1,0,300,0.5,1700,0.5,1
11,14,794,2,10,5,0,500,0.6,1000,0.2,1400,0.2,2
12,0,437,2,10,5,0,500,0.6,1000,0.2,1400,0.2,1
12,1,738,1,0,500,0.6,1000,0.2,1400,0.2,2
12,2,121,1,0,500,0.6,1000,0.2,1400,0.2,2
12,3,802,2,10,5,0,300,0.5,1700,0.5,1
12,4,888,2,10,5,0,300,0.5,1700,0.5,2
12,5,565,0,0,300,0.5,1700,0.5,1
12,6,556,2,10,5,0,300,0.5,1700,0.5,1
12,7,164,0,0,500,0.6,1000,0.2,1400,0.2,1
12,8,33,1,0,500,0.6,1000,0.2,1400,0.2,0
12,9,521,0,0,500,0.6,1000,0.2,1400,0.2,1
12,10,773,1,0,300,0.5,1700,0.5,1
12,11,457,2,10,5,0,500,0.6,1000,0.2,1400,0.2,2
12,12,967,0,0,300,0.5,1700,0.5,2
12,13,270,1,0,300,0.5,1700,0.5,1
12,14,978,1,0,500,0.6,1000,0.2,1400,0.2,0
13,0,332,1,0,300,0.5,1700,0.5,0
13,1,741,1,0,500,0.6,1000,0.2,1400,0.2,1
13,2,409,2,10,5,0,300,0.5,1700,0.5,0
13,3,327,2,10,5,0,300,0.5,1700,0.5,2
13,4,274,0,0,300,0.5,1700,0.5,0
13,5,102,0,0,500,0.6,1000,0.2,1400,0.2,0
13,6,863,1,0,500,0.6,1000,0.2,1400,0.2,0
13,7,972,0,0,500,0.6,1000,0.2,1400,0.2,1
13,8,621,0,0,500,0.6,1000,0.2,1400,0.2,1
13,9,207,0,0,300,0.5,1700,0.5,0
13,10,508,2,10,5,0,500,0.6,1000,0.2,1400,0.2,0
13,11,452,2,10,5,0,500,0.6,1000,0.2,1400,0.2,0
13,12,291,1,0,500,0.6,1000,0.2,1400,0.2,0
13,13,201,0,0,500,0.6,1000,0.2,1400,0.2,0
13,14,102,0,0,500,0.6,1000,0.2,1400,0.2,1
14,0,562,2,10,5,0,500,0.6,1000,0.2,1400,0.2,0
14,1,614,1,0,500,0.6,1000,0.2,1400,0.2,0
14,2,252,2,10,5,0,500,0.6,1000,0.2,1400,0.2,1
14,3,841,1,0,300,0.5,1700,0.5,0
14,4,711,0,0,500,0.6,1000,0.2,1400,0.2,2
14,5,528,2,10,5,0,500,0.6,1000,0.2,1400,0.2,1
14,6,863,0,0,300,0.5,1700,0.5,1
14,7,545,2,10,5,0,500,0.6,1000,0.2,1400,0.2,0
14,8,575,1,0,300,0.5,1700,0.5,2
14,9,350,2,10,5,0,500,0.6,1000,0.2,1400,0.2,0
14,10,707,0,0,500,0.6,1000,0.2,1400,0.2,0
14,11,998,1,0,500,0.6,1000,0.2,1400,0.2,1
14,12,798,2,10,5,0,300,0.5,1700,0.5,0
14,13,285,0,0,500,0.6,1000,0.2,1400,0.2,0
14,14,447,2,10,5,0,500,0.6,1000,0.2,1400,0.2,0
