0,0,618,0,0,300,0.5,1700,0.5,2
0,1,695,0,0,500,0.6,1000,0.2,1400,0.2,2
0,2,344,0,0,300,0.5,1700,0.5,2
0,3,626,1,0,500,0.6,1000,0.2,1400,0.2,1
0,4,296,2,10,5,0,300,0.5,1700,0.5,1
0,5,636,0,0,300,0.5,1700,0.5,2
0,6,785,0,0,300,0.5,1700,0.5,2
0,7,481,2,10,5,0,500,0.6,1000,0.2,1400,0.2,2
0,8,492,0,0,300,0.5,1700,0.5,1
0,9,690,1,0,300,0.5,1700,0.5,0
0,10,742,2,10,5,0,300,0.5,1700,0.5,1
0,11,168,2,10,5,0,300,0.5,1700,0.5,0
0,12,391,2,10,5,0,500,0.6,1000,0.2,1400,0.2,1
0,13,792,1,0,300,0.5,1700,0.5,0
0,14,1000,1,0,300,0.5,1700,0.5,2
1,0,62,0,0,500,0.6,1000,0.2,1400,0.2,0
1,1,364,1,0,500,0.6,1000,0.2,1400,0.2,0
1,2,187,1,0,300,0.5,1700,0.5,2
1,3,640,0,0,300,0.5,1700,0.5,1
1,4,846,0,0,300,0.5,1700,0.5,1
1,5,963,0,0,300,0.5,1700,0.5,0
1,6,18,0,0,300,0.5,1700,0.5,0
1,7,150,2,10,5,0,300,0.5,1700,0.5,2
1,8,938,2,10,5,0,300,0.5,1700,0.5,1
1,9,198,1,0,500,0.6,1000,0.2,1400,0.2,1
1,10,241,2,10,5,0,300,0.5,1700,0.5,1
1,11,118,0,0,500,0.6,1000,0.2,1400,0.2,2
1,12,76,2,10,5,0,500,0.6,1000,0.2,1400,0.2,1
1,13,660,0,0,500,0.6,1000,0.2,1400,0.2,2
1,14,584,2,10,5,0,300,0.5,1700,0.5,0
2,0,624,1,0,300,0.5,1700,0.5,0
2,1,614,0,0,500,0.6,1000,0.2,1400,0.2,1
2,2,471,0,0,300,0.5,1700,0.5,2
2,3,167,2,10,5,0,500,0.6,1000,0.2,1400,0.2,1
2,4,170,2,10,5,0,300,0.5,1700,0.5,0
2,5,936,2,10,5,0,300,0.5,1700,0.5,1
2,6,350,1,0,300,0.5,1700,0.5,2
2,7,306,0,0,500,0.6,1000,0.2,1400,0.2,0
2,8,388,0,0,300,0.5,1700,0.5,1
2,9,757,0,0,300,0.5,1700,0.5,0
2,10,319,0,0,300,0.5,1700,0.5,2
2,11,705,0,0,500,0.6,1000,0.2,1400,0.2,0
2,12,131,2,10,5,0,500,0.6,1000,0.2,1400,0.2,1
2,13,142,1,0,500,0.6,1000,0.2,1400,0.2,2
2,14,883,0,0,500,0.6,1000,0.2,1400,0.2,0
3,0,303,0,0,300,0.5,1700,0.5,1
3,1,227,1,0,500,0.6,1000,0.2,1400,0.2,1
3,2,396,1,0,500,0.6,1000,0.2,1400,0.2,1
3,3,38,2,10,5,0,300,0.5,1700,0.5,1
3,4,884,0,0,500,0.6,1000,0.2,1400,0.2,1
3,5,344,1,0,300,0.5,1700,0.5,0
3,6,701,2,10,5,0,300,0.5,1700,0.5,1
3,7,478,2,10,5,0,500,0.6,1000,0.2,1400,0.2,2
3,8,364,2,10,5,0,300,0.5,1700,0.5,0
3,9,552,0,0,300,0.5,1700,0.5,0
3,10,273,0,0,500,0.6,1000,0.2,1400,0.2,0
3,11,263,0,0,300,0.5,1700,0.5,2
3,12,132,0,0,500,0.6,1000,0.2,1400,0.2,1
3,13,170,0,0,500,0.6,1000,0.2,1400,0.2,1
3,14,833,0,0,500,0.6,1000,0.2,1400,0.2,2
4,0,271,0,0,300,0.5,1700,0.5,2
4,1,877,1,0,500,0.6,1000,0.2,1400,0.2,0
4,2,784,1,0,300,0.5,1700,0.5,2
4,3,243,1,0,500,0.6,1000,0.2,1400,0.2,0
4,4,454,1,0,300,0.5,1700,0.5,0
4,5,436,1,0,500,0.6,1000,0.2,1400,0.2,2
4,6,446,0,0,500,0.6,1000,0.2,1400,0.2,1
4,7,905,0,0,300,0.5,1700,0.5,2
4,8,461,1,0,300,0.5,1700,0.5,2
4,9,437,2,10,5,0,500,0.6,1000,0.2,1400,0.2,1
4,10,879,0,0,300,0.5,1700,0.5,2
4,11,741,2,10,5,0,500,0.6,1000,0.2,1400,0.2,2
4,12,565,0,0,300,0.5,1700,0.5,1
4,13,385,1,0,300,0.5,1700,0.5,1
4,14,866,2,10,5,0,300,0.5,1700,0.5,2
5,0,921,0,0,500,0.6,1000,0.2,1400,0.2,1
5,1,227,1,0,500,0.6,1000,0.2,1400,0.2,0
5,2,551,2,10,5,0,500,0.6,1000,0.2,1400,0.2,2
5,3,685,0,0,300,0.5,1700,0.5,1
5,4,140,1,0,300,0.5,1700,0.5,1
5,5,601,1,0,300,0.5,1700,0.5,0
5,6,24,0,0,300,0.5,1700,0.5,1
5,7,605,0,0,300,0.5,1700,0.5,0
5,8,315,1,0,300,0.5,1700,0.5,2
5,9,872,2,10,5,0,500,0.6,1000,0.2,1400,0.2,2
5,10,438,2,10,5,0,500,0.6,1000,0.2,1400,0.2,0
5,11,312,1,0,300,0.5,1700,0.5,2
5,12,574,0,0,500,0.6,1000,0.2,1400,0.2,0
5,13,26,2,10,5,0,500,0.6,1000,0.2,1400,0.2,2
5,14,564,1,0,300,0.5,1700,0.5,2
6,0,576,0,0,300,0.5,1700,0.5,1
6,1,711,1,0,300,0.5,1700,0.5,1
6,2,395,2,10,5,0,500,0.6,1000,0.2,1400,0.2,0
6,3,703,2,10,5,0,500,0.6,1000,0.2,1400,0.2,1
6,4,329,0,0,300,0.5,1700,0.5,0
6,5,976,1,0,300,0.5,1700,0.5,0
6,6,888,1,0,300,0.5,1700,0.5,1
6,7,697,2,10,5,0,300,0.5,1700,0.5,0
6,8,594,1,0,500,0.6,1000,0.2,1400,0.2,0
6,9,504,0,0,300,0.5,1700,0.5,1
6,10,183,2,10,5,0,300,0.5,1700,0.5,2
6,11,812,1,0,500,0.6,1000,0.2,1400,0.2,1
6,12,739,1,0,500,0.6,1000,0.2,1400,0.2,0
6,13,627,2,10,5,0,300,0.5,1700,0.5,0
6,14,580,0,0,300,0.5,1700,0.5,1
7,0,24,0,0,300,0.5,1700,0.5,0
7,1,67,1,0,300,0.5,1700,0.5,0
7,2,655,1,0,500,0.6,1000,0.2,1400,0.2,1
7,3,110,2,10,5,0,300,0.5,1700,0.5,1
7,4,734,1,0,500,0.6,1000,0.2,1400,0.2,0
7,5,588,2,10,5,0,500,0.6,1000,0.2,1400,0.2,1
7,6,364,1,0,300,0.5,1700,0.5,0
7,7,181,2,10,5,0,500,0.6,1000,0.2,1400,0.2,1
7,8,501,1,0,500,0.6,1000,0.2,1400,0.2,1
7,9,209,0,0,300,0.5,1700,0.5,2
7,10,928,1,0,300,0.5,1700,0.5,1
7,11,453,1,0,500,0.6,1000,0.2,1400,0.2,1
7,12,239,2,10,5,0,300,0.5,1700,0.5,0
7,13,719,0,0,500,0.6,1000,0.2,1400,0.2,2
7,14,777,2,10,5,0,500,0.6,1000,0.2,1400,0.2,0
8,0,104,2,10,5,0,300,0.5,1700,0.5,0
8,1,144,1,0,500,0.6,1000,0.2,1400,0.2,1
8,2,813,0,0,300,0.5,1700,0.5,0
8,3,535,2,10,5,0,300,0.5,1700,0.5,1
8,4,785,2,10,5,0,300,0.5,1700,0.5,2
8,5,232,0,0,500,0.6,1000,0.2,1400,0.2,1
8,6,463,1,0,300,0.5,1700,0.5,0
8,7,589,1,0,500,0.6,1000,0.2,1400,0.2,2
8,8,61,0,0,300,0.5,1700,0.5,2
8,9,568,1,0,300,0.5,1700,0.5,2
8,10,688,1,0,500,0.6,1000,0.2,1400,0.2,0
8,11,838,0,0,500,0.6,1000,0.2,1400,0.2,1
8,12,183,1,0,500,0.6,1000,0.2,1400,0.2,0
8,13,201,1,0,500,0.6,1000,0.2,1400,0.2,1
8,14,803,0,0,500,0.6,1000,0.2,1400,0.2,0
9,0,391,2,10,5,0,500,0.6,1000,0.2,1400,0.2,0
9,1,344,1,0,300,0.5,1700,0.5,2
9,2,448,2,10,5,0,500,0.6,1000,0.2,1400,0.2,1
9,3,325,1,0,300,0.5,1700,0.5,0
9,4,668,2,10,5,0,300,0.5,1700,0.5,2
9,5,284,2,10,5,0,300,0.5,1700,0.5,1
9,6,979,2,10,5,0,300,0.5,1700,0.5,0
9,7,163,1,0,300,0.5,1700,0.5,0
9,8,864,1,0,500,0.6,1000,0.2,1400,0.2,2
9,9,121,2,10,5,0,300,0.5,1700,0.5,1
9,10,236,1,0,500,0.6,1000,0.2,1400,0.2,0
9,11,94,1,0,300,0.5,1700,0.5,0
9,12,954,0,0,500,0.6,1000,0.2,1400,0.2,0
9,13,495,1,0,500,0.6,1000,0.2,1400,0.2,1
9,14,855,2,10,5,0,300,0.5,1700,0.5,1
10,0,625,0,0,500,0.6,1000,0.2,1400,0.2,1
10,1,977,0,0,500,0.6,1000,0.2,1400,0.2,2
10,2,792,1,0,300,0.5,1700,0.5,2
10,3,433,0,0,500,0.6,1000,0.2,1400,0.2,0
10,4,615,1,0,500,0.6,1000,0.2,1400,0.2,2
10,5,740,2,10,5,0,300,0.5,1700,0.5,1
10,6,754,2,10,5,0,500,0.6,1000,0.2,1400,0.2,2
10,7,22,0,0,500,0.6,1000,0.2,1400,0.2,2
10,8,839,1,0,500,0.6,1000,0.2,1400,0.2,1
10,9,269,2,10,5,0,500,0.6,1000,0.2,1400,0.2,1
10,10,573,1,0,300,0.5,1700,0.5,2
10,11,908,0,0,300,0.5,1700,0.5,2
10,12,696,2,10,5,0,500,0.6,1000,0.2,1400,0.2,0
10,13,617,2,10,5,0,300,0.5,1700,0.5,0
10,14,819,0,0,300,0.5,1700,0.5,2
11,0,961,2,10,5,0,500,0.6,1000,0.2,1400,0.2,2
11,1,183,1,0,500,0.6,1000,0.2,1400,0.2,0
11,2,254,2,10,5,0,500,0.6,1000,0.2,1400,0.2,1
11,3,980,1,0,300,0.5,1700,0.5,2
11,4,349,0,0,300,0.5,1700,0.5,0
11,5,397,1,0,300,0.5,1700,0.5,0
11,6,954,0,0,500,0.6,1000,0.2,1400,0.2,2
11,7,645,1,0,500,0.6,1000,0.2,1400,0.2,0
11,8,971,0,0,300,0.5,1700,0.5,0
11,9,504,2,10,5,0,300,0.5,1700,0.5,1
11,10,828,0,0,300,0.5,1700,0.5,2
11,11,605,1,0,300,0.5,1700,0.5,0
11,12,180,1,0,300,0.5,1700,0.5,2
11,13,725,2,10,5,0,300,0.5,1700,0.5,0
11,14,738,0,0,500,0.6,1000,0.2,1400,0.2,0
12,0,493,1,0,300,0.5,1700,0.5,2
12,1,552,2,10,5,0,500,0.6,1000,0.2,1400,0.2,0
12,2,994,1,0,500,0.6,1000,0.2,1400,0.2,0
12,3,664,1,0,300,0.5,1700,0.5,0
12,4,224,0,0,500,0.6,1000,0.2,1400,0.2,2
12,5,172,0,0,500,0.6,1000,0.2,1400,0.2,0
12,6,812,2,10,5,0,300,0.5,1700,0.5,1
12,7,299,0,0,300,0.5,1700,0.5,1
12,8,178,0,0,500,0.6,1000,0.2,1400,0.2,1
12,9,767,1,0,500,0.6,1000,0.2,1400,0.2,0
12,10,384,2,10,5,0,500,0.6,1000,0.2,1400,0.2,0
12,11,307,2,10,5,0,500,0.6,1000,0.2,1400,0.2,2
12,12,174,1,0,300,0.5,1700,0.5,1
12,13,800,2,10,5,0,300,0.5,1700,0.5,2
12,14,79,1,0,300,0.5,1700,0.5,1
13,0,73,0,0,500,0.6,1000,0.2,1400,0.2,0
13,1,708,1,0,500,0.6,1000,0.2,1400,0.2,0
13,2,860,2,10,5,0,300,0.5,1700,0.5,2
13,3,882,1,0,300,0.5,1700,0.5,2
13,4,631,0,0,300,0.5,1700,0.5,0
13,5,202,2,10,5,0,500,0.6,1000,0.2,1400,0.2,2
13,6,267,0,0,500,0.6,1000,0.2,1400,0.2,2
13,7,196,0,0,500,0.6,1000,0.2,1400,0.2,2
13,8,914,2,10,5,0,300,0.5,1700,0.5,1
13,9,830,1,0,300,0.5,1700,0.5,2
13,10,885,1,0,500,0.6,1000,0.2,1400,0.2,0
13,11,599,0,0,500,0.6,1000,0.2,1400,0.2,1
13,12,127,0,0,300,0.5,1700,0.5,1
13,13,729,1,0,300,0.5,1700,0.5,0
13,14,614,2,10,5,0,300,0.5,1700,0.5,0
14,0,599,1,0,300,0.5,1700,0.5,2
14,1,249,1,0,500,0.6,1000,0.2,1400,0.2,1
14,2,776,2,10,5,0,500,0.6,1000,0.2,1400,0.2,1
14,3,643,0,0,300,0.5,1700,0.5,2
14,4,817,0,0,300,0.5,1700,0.5,2
14,5,98,2,10,5,0,500,0.6,1000,0.2,1400,0.2,1
14,6,311,1,0,500,0.6,1000,0.2,1400,0.2,1
14,7,278,2,10,5,0,300,0.5,1700,0.5,0
14,8,714,2,10,5,0,500,0.6,1000,0.2,1400,0.2,1
14,9,759,1,0,500,0.6,1000,0.2,1400,0.2,2
14,10,493,1,0,300,0.5,1700,0.5,0
14,11,575,0,0,300,0.5,1700,0.5,1
14,12,991,0,0,500,0.6,1000,0.2,1400,0.2,2
14,13,194,1,0,500,0.6,1000,0.2,1400,0.2,1
14,14,513,1,0,300,0.5,1700,0.5,0
