0,0,519,2,10,5,0,500,0.6,1000,0.2,1400,0.2,1
0,1,195,0,0,300,0.5,1700,0.5,2
0,2,979,0,0,500,0.6,1000,0.2,1400,0.2,1
0,3,501,1,0,500,0.6,1000,0.2,1400,0.2,2
0,4,564,0,0,300,0.5,1700,0.5,2
0,5,924,1,0,300,0.5,1700,0.5,1
0,6,406,1,0,500,0.6,1000,0.2,1400,0.2,2
0,7,603,2,10,5,0,300,0.5,1700,0.5,2
0,8,793,2,10,5,0,500,0.6,1000,0.2,1400,0.2,0
0,9,163,2,10,5,0,500,0.6,1000,0.2,1400,0.2,0
0,10,311,2,10,5,0,500,0.6,1000,0.2,1400,0.2,1
0,11,182,0,0,300,0.5,1700,0.5,0
0,12,530,1,0,300,0.5,1700,0.5,0
0,13,488,1,0,300,0.5,1700,0.5,2
0,14,380,0,0,500,0.6,1000,0.2,1400,0.2,1
1,0,929,1,0,300,0.5,1700,0.5,1
1,1,899,2,10,5,0,500,0.6,1000,0.2,1400,0.2,2
1,2,921,0,0,300,0.5,1700,0.5,1
1,3,283,1,0,500,0.6,1000,0.2,1400,0.2,0
1,4,618,0,0,300,0.5,1700,0.5,0
1,5,216,1,0,500,0.6,1000,0.2,1400,0.2,1
1,6,454,2,10,5,0,500,0.6,1000,0.2,1400,0.2,1
1,7,260,0,0,500,0.6,1000,0.2,1400,0.2,0
1,8,158,0,0,300,0.5,1700,0.5,1
1,9,559,2,10,5,0,500,0.6,1000,0.2,1400,0.2,0
1,10,700,0,0,500,0.6,1000,0.2,1400,0.2,0
1,11,562,1,0,300,0.5,1700,0.5,0
1,12,139,1,0,500,0.6,1000,0.2,1400,0.2,2
1,13,441,2,10,5,0,300,0.5,1700,0.5,2
1,14,251,0,0,300,0.5,1700,0.5,0
2,0,939,1,0,300,0.5,1700,0.5,0
2,1,261,2,10,5,0,300,0.5,1700,0.5,2
2,2,922,0,0,300,0.5,1700,0.5,0
2,3,695,2,10,5,0,300,0.5,1700,0.5,0
2,4,464,2,10,5,0,500,0.6,1000,0.2,1400,0.2,1
2,5,24,1,0,500,0.6,1000,0.2,1400,0.2,0
2,6,115,1,0,500,0.6,1000,0.2,1400,0.2,1
2,7,478,0,0,500,0.6,1000,0.2,1400,0.2,1
2,8,619,0,0,300,0.5,1700,0.5,1
2,9,477,1,0,500,0.6,1000,0.2,1400,0.2,1
2,10,19,1,0,500,0.6,1000,0.2,1400,0.2,0
2,11,60,1,0,500,0.6,1000,0.2,1400,0.2,1
2,12,342,0,0,500,0.6,1000,0.2,1400,0.2,2
2,13,986,2,10,5,0,500,0.6,1000,0.2,1400,0.2,0
2,14,180,0,0,500,0.6,1000,0.2,1400,0.2,0
3,0,782,1,0,300,0.5,1700,0.5,0
3,1,164,2,10,5,0,300,0.5,1700,0.5,0
3,2,321,2,10,5,0,500,0.6,1000,0.2,1400,0.2,0
3,3,465,1,0,300,0.5,1700,0.5,0
3,4,923,0,0,500,0.6,1000,0.2,1400,0.2,1
3,5,941,2,10,5,0,300,0.5,1700,0.5,2
3,6,677,2,10,5,0,500,0.6,1000,0.2,1400,0.2,0
3,7,109,1,0,300,0.5,1700,0.5,1
3,8,324,0,0,500,0.6,1000,0.2,1400,0.2,1
3,9,465,1,0,500,0.6,1000,0.2,1400,0.2,1
3,10,138,2,10,5,0,500,0.6,1000,0.2,1400,0.2,1
3,11,923,2,10,5,0,300,0.5,1700,0.5,0
3,12,586,0,0,300,0.5,1700,0.5,1
3,13,458,0,0,300,0.5,1700,0.5,2
3,14,913,2,10,5,0,300,0.5,1700,0.5,1
4,0,671,1,0,500,0.6,1000,0.2,1400,0.2,0
4,1,905,2,10,5,0,300,0.5,1700,0.5,2
4,2,311,2,10,5,0,500,0.6,1000,0.2,1400,0.2,2
4,3,844,0,0,500,0.6,1000,0.2,1400,0.2,2
4,4,200,2,10,5,0,300,0.5,1700,0.5,0
4,5,102,0,0,300,0.5,1700,0.5,0
4,6,961,1,0,500,0.6,1000,0.2,1400,0.2,1
4,7,891,2,10,5,0,500,0.6,1000,0.2,1400,0.2,1
4,8,406,0,0,300,0.5,1700,0.5,1
4,9,538,2,10,5,0,500,0.6,1000,0.2,1400,0.2,2
4,10,774,1,0,500,0.6,1000,0.2,1400,0.2,2
4,11,792,1,0,300,0.5,1700,0.5,1
4,12,20,0,0,300,0.5,1700,0.5,1
4,13,58,2,10,5,0,500,0.6,1000,0.2,1400,0.2,0
4,14,209,2,10,5,0,500,0.6,1000,0.2,1400,0.2,2
5,0,969,0,0,300,0.5,1700,0.5,0
5,1,928,0,0,500,0.6,1000,0.2,1400,0.2,2
5,2,814,0,0,300,0.5,1700,0.5,1
5,3,594,2,10,5,0,500,0.6,1000,0.2,1400,0.2,1
5,4,735,1,0,500,0.6,1000,0.2,1400,0.2,0
5,5,291,1,0,500,0.6,1000,0.2,1400,0.2,0
5,6,497,2,10,5,0,500,0.6,1000,0.2,1400,0.2,0
5,7,160,2,10,5,0,500,0.6,1000,0.2,1400,0.2,1
5,8,524,0,0,500,0.6,1000,0.2,1400,0.2,1
5,9,141,0,0,500,0.6,1000,0.2,1400,0.2,2
5,10,272,1,0,300,0.5,1700,0.5,2
5,11,14,1,0,300,0.5,1700,0.5,1
5,12,298,2,10,5,0,500,0.6,1000,0.2,1400,0.2,1
5,13,15,0,0,500,0.6,1000,0.2,1400,0.2,1
5,14,618,0,0,500,0.6,1000,0.2,1400,0.2,0
6,0,459,1,0,300,0.5,1700,0.5,0
6,1,974,0,0,500,0.6,1000,0.2,1400,0.2,2
6,2,759,1,0,300,0.5,1700,0.5,0
6,3,327,1,0,300,0.5,1700,0.5,2
6,4,211,1,0,500,0.6,1000,0.2,1400,0.2,0
6,5,717,2,10,5,0,500,0.6,1000,0.2,1400,0.2,1
6,6,208,0,0,300,0.5,1700,0.5,1
6,7,423,2,10,5,0,500,0.6,1000,0.2,1400,0.2,0
6,8,600,0,0,500,0.6,1000,0.2,1400,0.2,1
6,9,124,1,0,500,0.6,1000,0.2,1400,0.2,2
6,10,479,1,0,300,0.5,1700,0.5,2
6,11,906,2,10,5,0,500,0.6,1000,0.2,1400,0.2,1
6,12,136,0,0,500,0.6,1000,0.2,1400,0.2,2
6,13,361,2,10,5,0,300,0.5,1700,0.5,1
6,14,968,2,10,5,0,300,0.5,1700,0.5,1
7,0,184,1,0,500,0.6,1000,0.2,1400,0.2,2
7,1,562,2,10,5,0,500,0.6,1000,0.2,1400,0.2,2
7,2,439,1,0,500,0.6,1000,0.2,1400,0.2,2
7,3,699,2,10,5,0,500,0.6,1000,0.2,1400,0.2,0
7,4,819,2,10,5,0,500,0.6,1000,0.2,1400,0.2,2
7,5,656,1,0,500,0.6,1000,0.2,1400,0.2,0
7,6,67,1,0,500,0.6,1000,0.2,1400,0.2,1
7,7,952,1,0,500,0.6,1000,0.2,1400,0.2,2
7,8,193,0,0,300,0.5,1700,0.5,1
7,9,330,1,0,300,0.5,1700,0.5,0
7,10,193,0,0,500,0.6,1000,0.2,1400,0.2,0
7,11,982,0,0,300,0.5,1700,0.5,0
7,12,538,2,10,5,0,500,0.6,1000,0.2,1400,0.2,1
7,13,604,2,10,5,0,500,0.6,1000,0.2,1400,0.2,0
7,14,474,2,10,5,0,500,0.6,1000,0.2,1400,0.2,0
8,0,926,1,0,300,0.5,1700,0.5,2
8,1,906,2,10,5,0,500,0.6,1000,0.2,1400,0.2,1
8,2,328,1,0,300,0.5,1700,0.5,1
8,3,411,0,0,500,0.6,1000,0.2,1400,0.2,1
8,4,162,0,0,300,0.5,1700,0.5,0
8,5,673,2,10,5,0,500,0.6,1000,0.2,1400,0.2,2
8,6,315,0,0,500,0.6,1000,0.2,1400,0.2,0
8,7,515,1,0,300,0.5,1700,0.5,0
8,8,846,1,0,500,0.6,1000,0.2,1400,0.2,2
8,9,611,0,0,300,0.5,1700,0.5,1
8,10,349,0,0,300,0.5,1700,0.5,0
8,11,991,2,10,5,0,500,0.6,1000,0.2,1400,0.2,1
8,12,94,2,10,5,0,300,0.5,1700,0.5,1
8,13,86,2,10,5,0,300,0.5,1700,0.5,2
8,14,80,2,10,5,0,500,0.6,1000,0.2,1400,0.2,1
9,0,168,1,0,500,0.6,1000,0.2,1400,0.2,2
9,1,472,1,0,300,0.5,1700,0.5,1
9,2,278,2,10,5,0,500,0.6,1000,0.2,1400,0.2,1
9,3,747,2,10,5,0,300,0.5,1700,0.5,2
9,4,923,0,0,300,0.5,1700,0.5,0
9,5,935,0,0,500,0.6,1000,0.2,1400,0.2,0
9,6,162,1,0,500,0.6,1000,0.2,1400,0.2,1
9,7,154,1,0,500,0.6,1000,0.2,1400,0.2,2
9,8,302,2,10,5,0,500,0.6,1000,0.2,1400,0.2,0
9,9,503,1,0,300,0.5,1700,0.5,0
9,10,143,0,0,500,0.6,1000,0.2,1400,0.2,2
9,11,555,2,10,5,0,300,0.5,1700,0.5,0
9,12,906,0,0,300,0.5,1700,0.5,0
9,13,430,2,10,5,0,300,0.5,1700,0.5,2
9,14,41,2,10,5,0,500,0.6,1000,0.2,1400,0.2,1
10,0,562,0,0,500,0.6,1000,0.2,1400,0.2,1
10,1,238,0,0,500,0.6,1000,0.2,1400,0.2,0
10,2,404,2,10,5,0,300,0.5,1700,0.5,1
10,3,885,2,10,5,0,500,0.6,1000,0.2,1400,0.2,0
10,4,789,0,0,500,0.6,1000,0.2,1400,0.2,1
10,5,427,0,0,500,0.6,1000,0.2,1400,0.2,1
10,6,233,2,10,5,0,300,0.5,1700,0.5,1
10,7,91,1,0,500,0.6,1000,0.2,1400,0.2,1
10,8,34,1,0,500,0.6,1000,0.2,1400,0.2,0
10,9,440,2,10,5,0,500,0.6,1000,0.2,1400,0.2,1
10,10,149,0,0,300,0.5,1700,0.5,0
10,11,426,1,0,500,0.6,1000,0.2,1400,0.2,0
10,12,116,0,0,500,0.6,1000,0.2,1400,0.2,0
10,13,381,0,0,500,0.6,1000,0.2,1400,0.2,1
10,14,262,2,10,5,0,500,0.6,1000,0.2,1400,0.2,1
11,0,677,1,0,300,0.5,1700,0.5,2
11,1,20,1,0,500,0.6,1000,0.2,1400,0.2,0
11,2,217,0,0,300,0.5,1700,0.5,0
11,3,547,0,0,300,0.5,1700,0.5,0
11,4,743,2,10,5,0,300,0.5,1700,0.5,2
11,5,557,0,0,500,0.6,1000,0.2,1400,0.2,1
11,6,578,0,0,300,0.5,1700,0.5,1
11,7,227,0,0,300,0.5,1700,0.5,1
11,8,883,1,0,500,0.6,1000,0.2,1400,0.2,1
11,9,795,1,0,300,0.5,1700,0.5,0
11,10,919,2,10,5,0,300,0.5,1700,0.5,0
11,11,611,2,10,5,0,300,0.5,1700,0.5,0
11,12,482,0,0,300,0.5,1700,0.5,0
11,13,251,1,0,500,0.6,1000,0.2,1400,0.2,1
11,14,542,1,0,300,0.5,1700,0.5,2
12,0,745,2,10,5,0,300,0.5,1700,0.5,0
12,1,93,2,10,5,0,300,0.5,1700,0.5,0
12,2,422,0,0,500,0.6,1000,0.2,1400,0.2,1
12,3,861,2,10,5,0,300,0.5,1700,0.5,0
12,4,927,1,0,300,0.5,1700,0.5,1
12,5,388,0,0,300,0.5,1700,0.5,1
12,6,344,0,0,500,0.6,1000,0.2,1400,0.2,2
12,7,841,0,0,500,0.6,1000,0.2,1400,0.2,0
12,8,636,2,10,5,0,500,0.6,1000,0.2,1400,0.2,2
12,9,941,2,10,5,0,500,0.6,1000,0.2,1400,0.2,1
12,10,424,1,0,500,0.6,1000,0.2,1400,0.2,1
12,11,103,1,0,500,0.6,1000,0.2,1400,0.2,0
12,12,668,0,0,500,0.6,1000,0.2,1400,0.2,1
12,13,272,2,10,5,0,300,0.5,1700,0.5,2
12,14,622,1,0,500,0.6,1000,0.2,1400,0.2,1
13,0,661,2,10,5,0,500,0.6,1000,0.2,1400,0.2,2
13,1,582,0,0,500,0.6,1000,0.2,1400,0.2,2
13,2,531,2,10,5,0,300,0.5,1700,0.5,2
13,3,806,2,10,5,0,500,0.6,1000,0.2,1400,0.2,1
13,4,824,1,0,300,0.5,1700,0.5,0
13,5,913,1,0,300,0.5,1700,0.5,0
13,6,660,1,0,500,0.6,1000,0.2,1400,0.2,0
13,7,827,0,0,500,0.6,1000,0.2,1400,0.2,0
13,8,871,1,0,500,0.6,1000,0.2,1400,0.2,0
13,9,810,1,0,300,0.5,1700,0.5,2
13,10,765,0,0,300,0.5,1700,0.5,1
13,11,646,2,10,5,0,300,0.5,1700,0.5,0
13,12,301,0,0,300,0.5,1700,0.5,2
13,13,826,0,0,300,0.5,1700,0.5,0
13,14,841,1,0,300,0.5,1700,0.5,0
14,0,521,0,0,500,0.6,1000,0.2,1400,0.2,2
14,1,760,1,0,500,0.6,1000,0.2,1400,0.2,0
14,2,469,2,10,5,0,300,0.5,1700,0.5,0
14,3,336,2,10,5,0,500,0.6,1000,0.2,1400,0.2,2
14,4,373,0,0,500,0.6,1000,0.2,1400,0.2,1
14,5,251,1,0,500,0.6,1000,0.2,1400,0.2,2
14,6,236,2,10,5,0,500,0.6,1000,0.2,1400,0.2,0
14,7,863,0,0,500,0.6,1000,0.2,1400,0.2,2
14,8,716,2,10,5,0,300,0.5,1700,0.5,1
14,9,876,2,10,5,0,300,0.5,1700,0.5,0
14,10,85,1,0,300,0.5,1700,0.5,2
14,11,17,0,0,300,0.5,1700,0.5,2
14,12,416,2,10,5,0,300,0.5,1700,0.5,2
14,13,484,2,10,5,0,500,0.6,1000,0.2,1400,0.2,2
14,14,130,0,0,500,0.6,1000,0.2,1400,0.2,1
