0,0,964,0,0,500,0.6,1000,0.2,1400,0.2,0
0,1,587,1,0,500,0.6,1000,0.2,1400,0.2,0
0,2,944,2,10,5,0,300,0.5,1700,0.5,2
0,3,978,2,10,5,0,300,0.5,1700,0.5,2
0,4,740,0,0,300,0.5,1700,0.5,1
0,5,443,0,0,500,0.6,1000,0.2,1400,0.2,0
0,6,378,1,0,500,0.6,1000,0.2,1400,0.2,2
0,7,794,2,10,5,0,500,0.6,1000,0.2,1400,0.2,2
0,8,529,0,0,300,0.5,1700,0.5,2
0,9,517,1,0,500,0.6,1000,0.2,1400,0.2,0
0,10,275,0,0,300,0.5,1700,0.5,0
0,11,1000,0,0,500,0.6,1000,0.2,1400,0.2,2
0,12,401,2,10,5,0,500,0.6,1000,0.2,1400,0.2,2
0,13,38,1,0,300,0.5,1700,0.5,1
0,14,956,1,0,500,0.6,1000,0.2,1400,0.2,1
1,0,406,0,0,500,0.6,1000,0.2,1400,0.2,1
1,1,995,1,0,300,0.5,1700,0.5,0
1,2,884,1,0,500,0.6,1000,0.2,1400,0.2,1
1,3,342,1,0,300,0.5,1700,0.5,2
1,4,413,0,0,300,0.5,1700,0.5,2
1,5,402,1,0,300,0.5,1700,0.5,2
1,6,550,2,10,5,0,300,0.5,1700,0.5,2
1,7,263,1,0,500,0.6,1000,0.2,1400,0.2,0
1,8,167,0,0,300,0.5,1700,0.5,0
1,9,180,0,0,500,0.6,1000,0.2,1400,0.2,1
1,10,888,2,10,5,0,500,0.6,1000,0.2,1400,0.2,2
1,11,586,2,10,5,0,500,0.6,1000,0.2,1400,0.2,1
1,12,501,1,0,500,0.6,1000,0.2,1400,0.2,2
1,13,390,1,0,500,0.6,1000,0.2,1400,0.2,2
1,14,428,0,0,300,0.5,1700,0.5,0
2,0,89,2,10,5,0,500,0.6,1000,0.2,1400,0.2,0
2,1,840,2,10,5,0,300,0.5,1700,0.5,0
2,2,190,1,0,300,0.5,1700,0.5,0
2,3,756,1,0,500,0.6,1000,0.2,1400,0.2,2
2,4,592,0,0,500,0.6,1000,0.2,1400,0.2,2
2,5,199,2,10,5,0,300,0.5,1700,0.5,2
2,6,359,0,0,300,0.5,1700,0.5,2
2,7,45,0,0,500,0.6,1000,0.2,1400,0.2,2
2,8,168,2,10,5,0,300,0.5,1700,0.5,2
2,9,995,0,0,300,0.5,1700,0.5,1
2,10,927,1,0,300,0.5,1700,0.5,0
2,11,272,1,0,500,0.6,1000,0.2,1400,0.2,0
2,12,656,1,0,300,0.5,1700,0.5,0
2,13,498,1,0,300,0.5,1700,0.5,1
2,14,125,2,10,5,0,300,0.5,1700,0.5,0
3,0,179,0,0,300,0.5,1700,0.5,2
3,1,395,1,0,500,0.6,1000,0.2,1400,0.2,2
3,2,434,1,0,500,0.6,1000,0.2,1400,0.2,2
3,3,65,2,10,5,0,500,0.6,1000,0.2,1400,0.2,2
3,4,729,0,0,300,0.5,1700,0.5,2
3,5,734,0,0,300,0.5,1700,0.5,2
3,6,138,0,0,300,0.5,1700,0.5,1
3,7,105,2,10,5,0,300,0.5,1700,0.5,0
3,8,792,1,0,500,0.6,1000,0.2,1400,0.2,2
3,9,413,1,0,300,0.5,1700,0.5,1
3,10,478,2,10,5,0,500,0.6,1000,0.2,1400,0.2,0
3,11,798,1,0,500,0.6,1000,0.2,1400,0.2,0
3,12,151,0,0,500,0.6,1000,0.2,1400,0.2,1
3,13,710,1,0,500,0.6,1000,0.2,1400,0.2,0
3,14,105,0,0,300,0.5,1700,0.5,2
4,0,910,2,10,5,0,500,0.6,1000,0.2,1400,0.2,0
4,1,886,2,10,5,0,500,0.6,1000,0.2,1400,0.2,1
4,2,545,2,10,5,0,500,0.6,1000,0.2,1400,0.2,2
4,3,252,2,10,5,0,300,0.5,1700,0.5,0
4,4,546,0,0,500,0.6,1000,0.2,1400,0.2,0
4,5,221,1,0,500,0.6,1000,0.2,1400,0.2,1
4,6,647,2,10,5,0,300,0.5,1700,0.5,2
4,7,354,0,0,500,0.6,1000,0.2,1400,0.2,1
4,8,855,2,10,5,0,500,0.6,1000,0.2,1400,0.2,2
4,9,735,2,10,5,0,300,0.5,1700,0.5,0
4,10,19,1,0,500,0.6,1000,0.2,1400,0.2,1
4,11,475,2,10,5,0,500,0.6,1000,0.2,1400,0.2,1
4,12,748,1,0,500,0.6,1000,0.2,1400,0.2,1
4,13,487,1,0,500,0.6,1000,0.2,1400,0.2,0
4,14,110,2,10,5,0,500,0.6,1000,0.2,1400,0.2,2
5,0,173,2,10,5,0,500,0.6,1000,0.2,1400,0.2,0
5,1,939,1,0,500,0.6,1000,0.2,1400,0.2,0
5,2,740,0,0,300,0.5,1700,0.5,0
5,3,373,2,10,5,0,500,0.6,1000,0.2,1400,0.2,2
5,4,359,1,0,300,0.5,1700,0.5,2
5,5,363,1,0,500,0.6,1000,0.2,1400,0.2,2
5,6,213,2,10,5,0,300,0.5,1700,0.5,2
5,7,497,0,0,300,0.5,1700,0.5,2
5,8,204,0,0,300,0.5,1700,0.5,0
5,9,96,0,0,300,0.5,1700,0.5,0
5,10,974,2,10,5,0,500,0.6,1000,0.2,1400,0.2,2
5,11,932,0,0,300,0.5,1700,0.5,1
5,12,446,0,0,300,0.5,1700,0.5,2
5,13,158,1,0,500,0.6,1000,0.2,1400,0.2,1
5,14,930,2,10,5,0,300,0.5,1700,0.5,2
6,0,933,0,0,300,0.5,1700,0.5,1
6,1,822,0,0,300,0.5,1700,0.5,1
6,2,505,2,10,5,0,300,0.5,1700,0.5,1
6,3,601,2,10,5,0,300,0.5,1700,0.5,2
6,4,617,0,0,300,0.5,1700,0.5,1
6,5,501,0,0,500,0.6,1000,0.2,1400,0.2,0
6,6,505,2,10,5,0,300,0.5,1700,0.5,0
6,7,451,0,0,300,0.5,1700,0.5,1
6,8,534,0,0,300,0.5,1700,0.5,0
6,9,735,1,0,500,0.6,1000,0.2,1400,0.2,0
6,10,170,2,10,5,0,300,0.5,1700,0.5,1
6,11,501,0,0,500,0.6,1000,0.2,1400,0.2,0
6,12,210,1,0,500,0.6,1000,0.2,1400,0.2,1
6,13,570,0,0,500,0.6,1000,0.2,1400,0.2,0
6,14,78,0,0,500,0.6,1000,0.2,1400,0.2,2
7,0,43,1,0,300,0.5,1700,0.5,1
7,1,601,0,0,300,0.5,1700,0.5,1
7,2,718,2,10,5,0,300,0.5,1700,0.5,0
7,3,985,1,0,500,0.6,1000,0.2,1400,0.2,1
7,4,600,2,10,5,0,300,0.5,1700,0.5,2
7,5,477,0,0,500,0.6,1000,0.2,1400,0.2,0
7,6,170,2,10,5,0,500,0.6,1000,0.2,1400,0.2,2
7,7,502,1,0,300,0.5,1700,0.5,0
7,8,636,2,10,5,0,300,0.5,1700,0.5,0
7,9,677,1,0,500,0.6,1000,0.2,1400,0.2,2
7,10,802,2,10,5,0,500,0.6,1000,0.2,1400,0.2,0
7,11,607,2,10,5,0,300,0.5,1700,0.5,0
7,12,203,1,0,500,0.6,1000,0.2,1400,0.2,0
7,13,183,2,10,5,0,300,0.5,1700,0.5,0
7,14,638,1,0,500,0.6,1000,0.2,1400,0.2,0
8,0,914,2,10,5,0,300,0.5,1700,0.5,0
8,1,189,1,0,300,0.5,1700,0.5,0
8,2,722,0,0,300,0.5,1700,0.5,0
8,3,496,2,10,5,0,300,0.5,1700,0.5,1
8,4,10,2,10,5,0,500,0.6,1000,0.2,1400,0.2,1
8,5,346,2,10,5,0,300,0.5,1700,0.5,2
8,6,362,0,0,500,0.6,1000,0.2,1400,0.2,0
8,7,928,2,10,5,0,300,0.5,1700,0.5,2
8,8,791,1,0,500,0.6,1000,0.2,1400,0.2,2
8,9,416,2,10,5,0,300,0.5,1700,0.5,1
8,10,280,0,0,300,0.5,1700,0.5,2
8,11,377,1,0,500,0.6,1000,0.2,1400,0.2,1
8,12,298,0,0,300,0.5,1700,0.5,0
8,13,739,2,10,5,0,500,0.6,1000,0.2,1400,0.2,0
8,14,136,2,10,5,0,500,0.6,1000,0.2,1400,0.2,1
9,0,702,1,0,500,0.6,1000,0.2,1400,0.2,1
9,1,305,1,0,300,0.5,1700,0.5,1
9,2,860,2,10,5,0,500,0.6,1000,0.2,1400,0.2,0
9,3,109,1,0,300,0.5,1700,0.5,1
9,4,895,2,10,5,0,300,0.5,1700,0.5,2
9,5,913,1,0,300,0.5,1700,0.5,2
9,6,575,2,10,5,0,300,0.5,1700,0.5,1
9,7,798,0,0,500,0.6,1000,0.2,1400,0.2,2
9,8,296,1,0,500,0.6,1000,0.2,1400,0.2,2
9,9,627,2,10,5,0,500,0.6,1000,0.2,1400,0.2,2
9,10,471,0,0,300,0.5,1700,0.5,2
9,11,959,2,10,5,0,300,0.5,1700,0.5,2
9,12,607,0,0,500,0.6,1000,0.2,1400,0.2,1
9,13,742,1,0,500,0.6,1000,0.2,1400,0.2,1
9,14,875,2,10,5,0,300,0.5,1700,0.5,2
10,0,37,1,0,300,0.5,1700,0.5,2
10,1,541,0,0,500,0.6,1000,0.2,1400,0.2,1
10,2,404,1,0,500,0.6,1000,0.2,1400,0.2,1
10,3,236,0,0,500,0.6,1000,0.2,1400,0.2,1
10,4,364,2,10,5,0,300,0.5,1700,0.5,2
10,5,345,0,0,500,0.6,1000,0.2,1400,0.2,0
10,6,455,0,0,300,0.5,1700,0.5,0
10,7,622,2,10,5,0,500,0.6,1000,0.2,1400,0.2,0
10,8,550,1,0,500,0.6,1000,0.2,1400,0.2,2
10,9,680,2,10,5,0,300,0.5,1700,0.5,0
10,10,54,2,10,5,0,300,0.5,1700,0.5,0
10,11,56,0,0,300,0.5,1700,0.5,0
10,12,420,2,10,5,0,500,0.6,1000,0.2,1400,0.2,1
10,13,270,0,0,300,0.5,1700,0.5,1
10,14,985,0,0,500,0.6,1000,0.2,1400,0.2,0
11,0,908,2,10,5,0,500,0.6,1000,0.2,1400,0.2,1
11,1,698,0,0,300,0.5,1700,0.5,1
11,2,359,0,0,500,0.6,1000,0.2,1400,0.2,0
11,3,932,1,0,300,0.5,1700,0.5,1
11,4,32,2,10,5,0,500,0.6,1000,0.2,1400,0.2,1
11,5,139,2,10,5,0,300,0.5,1700,0.5,1
11,6,37,0,0,500,0.6,1000,0.2,1400,0.2,0
11,7,627,2,10,5,0,500,0.6,1000,0.2,1400,0.2,2
11,8,411,2,10,5,0,300,0.5,1700,0.5,0
11,9,479,2,10,5,0,300,0.5,1700,0.5,2
11,10,776,0,0,500,0.6,1000,0.2,1400,0.2,1
11,11,254,0,0,500,0.6,1000,0.2,1400,0.2,2
11,12,949,1,0,300,0.5,1700,0.5,2
11,13,456,1,0,500,0.6,1000,0.2,1400,0.2,2
11,14,771,2,10,5,0,300,0.5,1700,0.5,0
12,0,641,0,0,300,0.5,1700,0.5,0
12,1,366,1,0,300,0.5,1700,0.5,2
12,2,112,1,0,300,0.5,1700,0.5,1
12,3,265,1,0,500,0.6,1000,0.2,1400,0.2,2
12,4,877,0,0,300,0.5,1700,0.5,0
12,5,921,1,0,300,0.5,1700,0.5,0
12,6,544,0,0,500,0.6,1000,0.2,1400,0.2,2
12,7,828,1,0,300,0.5,1700,0.5,0
12,8,168,1,0,300,0.5,1700,0.5,1
12,9,668,0,0,500,0.6,1000,0.2,1400,0.2,0
12,10,712,1,0,300,0.5,1700,0.5,1
12,11,408,0,0,500,0.6,1000,0.2,1400,0.2,0
12,12,630,2,10,5,0,500,0.6,1000,0.2,1400,0.2,0
12,13,754,1,0,300,0.5,1700,0.5,2
12,14,295,0,0,500,0.6,1000,0.2,1400,0.2,0
13,0,830,2,10,5,0,500,0.6,1000,0.2,1400,0.2,0
13,1,75,1,0,500,0.6,1000,0.2,1400,0.2,1
13,2,706,2,10,5,0,300,0.5,1700,0.5,1
13,3,766,1,0,300,0.5,1700,0.5,2
13,4,555,0,0,300,0.5,1700,0.5,1
13,5,701,2,10,5,0,300,0.5,1700,0.5,0
13,6,105,1,0,500,0.6,1000,0.2,1400,0.2,1
13,7,386,2,10,5,0,300,0.5,1700,0.5,1
13,8,50,0,0,500,0.6,1000,0.2,1400,0.2,0
13,9,798,0,0,500,0.6,1000,0.2,1400,0.2,1
13,10,819,1,0,300,0.5,1700,0.5,1
13,11,340,1,0,300,0.5,1700,0.5,2
13,12,383,1,0,500,0.6,1000,0.2,1400,0.2,0
13,13,774,1,0,300,0.5,1700,0.5,1
13,14,14,0,0,500,0.6,1000,0.2,1400,0.2,2
14,0,109,0,0,500,0.6,1000,0.2,1400,0.2,2
14,1,706,2,10,5,0,300,0.5,1700,0.5,0
14,2,267,0,0,300,0.5,1700,0.5,1
14,3,645,2,10,5,0,500,0.6,1000,0.2,1400,0.2,2
14,4,412,1,0,300,0.5,1700,0.5,0
14,5,781,2,10,5,0,300,0.5,1700,0.5,0
14,6,443,2,10,5,0,500,0.6,1000,0.2,1400,0.2,1
14,7,405,1,0,300,0.5,1700,0.5,2
14,8,893,0,0,300,0.5,1700,0.5,2
14,9,163,1,0,500,0.6,1000,0.2,1400,0.2,2
14,10,834,2,10,5,0,300,0.5,1700,0.5,1
14,11,445,2,10,5,0,300,0.5,1700,0.5,1
14,12,685,2,10,5,0,300,0.5,1700,0.5,0
14,13,953,1,0,300,0.5,1700,0.5,1
14,14,749,0,0,300,0.5,1700,0.5,2
