0,0,930,1,0,500,0.6,1000,0.2,1400,0.2,2
0,1,747,2,10,5,0,300,0.5,1700,0.5,2
0,2,918,1,0,500,0.6,1000,0.2,1400,0.2,1
0,3,828,2,10,5,0,500,0.6,1000,0.2,1400,0.2,0
0,4,705,2,10,5,0,500,0.6,1000,0.2,1400,0.2,0
0,5,750,1,0,300,0.5,1700,0.5,2
0,6,87,1,0,300,0.5,1700,0.5,1
0,7,658,2,10,5,0,300,0.5,1700,0.5,2
0,8,527,1,0,300,0.5,1700,0.5,2
0,9,765,2,10,5,0,500,0.6,1000,0.2,1400,0.2,0
0,10,243,1,0,300,0.5,1700,0.5,2
0,11,860,1,0,300,0.5,1700,0.5,0
0,12,838,2,10,5,0,500,0.6,1000,0.2,1400,0.2,1
0,13,914,2,10,5,0,500,0.6,1000,0.2,1400,0.2,2
0,14,189,1,0,500,0.6,1000,0.2,1400,0.2,1
1,0,379,2,10,5,0,300,0.5,1700,0.5,0
1,1,751,1,0,300,0.5,1700,0.5,1
1,2,45,0,0,500,0.6,1000,0.2,1400,0.2,2
1,3,556,0,0,500,0.6,1000,0.2,1400,0.2,0
1,4,748,1,0,500,0.6,1000,0.2,1400,0.2,0
1,5,333,2,10,5,0,500,0.6,1000,0.2,1400,0.2,0
1,6,91,2,10,5,0,300,0.5,1700,0.5,2
1,7,724,1,0,300,0.5,1700,0.5,0
1,8,393,2,10,5,0,300,0.5,1700,0.5,2
1,9,988,2,10,5,0,500,0.6,1000,0.2,1400,0.2,1
1,10,379,2,10,5,0,300,0.5,1700,0.5,1
1,11,435,1,0,500,0.6,1000,0.2,1400,0.2,1
1,12,127,1,0,300,0.5,1700,0.5,1
1,13,224,2,10,5,0,500,0.6,1000,0.2,1400,0.2,0
1,14,105,0,0,500,0.6,1000,0.2,1400,0.2,0
2,0,112,2,10,5,0,300,0.5,1700,0.5,1
2,1,116,1,0,500,0.6,1000,0.2,1400,0.2,1
2,2,255,0,0,500,0.6,1000,0.2,1400,0.2,1
2,3,607,2,10,5,0,500,0.6,1000,0.2,1400,0.2,1
2,4,135,0,0,300,0.5,1700,0.5,2
2,5,315,2,10,5,0,500,0.6,1000,0.2,1400,0.2,1
2,6,131,0,0,500,0.6,1000,0.2,1400,0.2,2
2,7,596,2,10,5,0,500,0.6,1000,0.2,1400,0.2,1
2,8,634,2,10,5,0,300,0.5,1700,0.5,1
2,9,868,1,0,500,0.6,1000,0.2,1400,0.2,2
2,10,85,2,10,5,0,500,0.6,1000,0.2,1400,0.2,0
2,11,598,1,0,500,0.6,1000,0.2,1400,0.2,0
2,12,276,2,10,5,0,300,0.5,1700,0.5,2
2,13,856,0,0,500,0.6,1000,0.2,1400,0.2,2
2,14,870,0,0,300,0.5,1700,0.5,1
3,0,336,2,10,5,0,500,0.6,1000,0.2,1400,0.2,0
3,1,861,2,10,5,0,300,0.5,1700,0.5,2
3,2,783,0,0,300,0.5,1700,0.5,0
3,3,100,0,0,300,0.5,1700,0.5,0
3,4,935,0,0,500,0.6,1000,0.2,1400,0.2,1
3,5,117,0,0,500,0.6,1000,0.2,1400,0.2,2
3,6,265,2,10,5,0,300,0.5,1700,0.5,2
3,7,130,1,0,500,0.6,1000,0.2,1400,0.2,1
3,8,48,0,0,300,0.5,1700,0.5,1
3,9,338,2,10,5,0,300,0.5,1700,0.5,0
3,10,455,2,10,5,0,300,0.5,1700,0.5,0
3,11,125,0,0,300,0.5,1700,0.5,2
3,12,364,1,0,300,0.5,1700,0.5,2
3,13,935,2,10,5,0,500,0.6,1000,0.2,1400,0.2,0
3,14,51,0,0,300,0.5,1700,0.5,0
4,0,758,2,10,5,0,300,0.5,1700,0.5,0
4,1,177,0,0,300,0.5,1700,0.5,1
4,2,836,1,0,300,0.5,1700,0.5,1
4,3,331,2,10,5,0,300,0.5,1700,0.5,1
4,4,825,1,0,500,0.6,1000,0.2,1400,0.2,1
4,5,893,0,0,300,0.5,1700,0.5,1
4,6,887,1,0,300,0.5,1700,0.5,2
4,7,145,1,0,300,0.5,1700,0.5,2
4,8,356,2,10,5,0,300,0.5,1700,0.5,1
4,9,497,0,0,500,0.6,1000,0.2,1400,0.2,0
4,10,296,2,10,5,0,500,0.6,1000,0.2,1400,0.2,0
4,11,440,0,0,500,0.6,1000,0.2,1400,0.2,0
4,12,106,2,10,5,0,300,0.5,1700,0.5,0
4,13,164,2,10,5,0,300,0.5,1700,0.5,1
4,14,77,1,0,500,0.6,1000,0.2,1400,0.2,0
5,0,142,2,10,5,0,500,0.6,1000,0.2,1400,0.2,1
5,1,267,2,10,5,0,300,0.5,1700,0.5,2
5,2,195,1,0,300,0.5,1700,0.5,2
5,3,106,0,0,500,0.6,1000,0.2,1400,0.2,2
5,4,472,0,0,300,0.5,1700,0.5,0
5,5,673,0,0,300,0.5,1700,0.5,1
5,6,619,1,0,500,0.6,1000,0.2,1400,0.2,2
5,7,657,1,0,500,0.6,1000,0.2,1400,0.2,0
5,8,447,2,10,5,0,500,0.6,1000,0.2,1400,0.2,0
5,9,946,2,10,5,0,300,0.5,1700,0.5,1
5,10,829,0,0,300,0.5,1700,0.5,1
5,11,872,2,10,5,0,500,0.6,1000,0.2,1400,0.2,2
5,12,414,0,0,300,0.5,1700,0.5,2
5,13,212,1,0,500,0.6,1000,0.2,1400,0.2,0
5,14,869,2,10,5,0,500,0.6,1000,0.2,1400,0.2,2
6,0,798,1,0,500,0.6,1000,0.2,1400,0.2,0
6,1,104,2,10,5,0,300,0.5,1700,0.5,0
6,2,992,0,0,300,0.5,1700,0.5,1
6,3,557,0,0,500,0.6,1000,0.2,1400,0.2,0
6,4,103,2,10,5,0,500,0.6,1000,0.2,1400,0.2,0
6,5,371,1,0,300,0.5,1700,0.5,1
6,6,253,2,10,5,0,300,0.5,1700,0.5,2
6,7,284,1,0,300,0.5,1700,0.5,0
6,8,577,1,0,500,0.6,1000,0.2,1400,0.2,0
6,9,287,1,0,500,0.6,1000,0.2,1400,0.2,0
6,10,230,0,0,300,0.5,1700,0.5,0
6,11,393,0,0,300,0.5,1700,0.5,1
6,12,545,1,0,300,0.5,1700,0.5,0
6,13,224,0,0,500,0.6,1000,0.2,1400,0.2,2
6,14,842,1,0,500,0.6,1000,0.2,1400,0.2,1
7,0,63,2,10,5,0,300,0.5,1700,0.5,0
7,1,806,1,0,500,0.6,1000,0.2,1400,0.2,0
7,2,190,2,10,5,0,300,0.5,1700,0.5,2
7,3,563,0,0,500,0.6,1000,0.2,1400,0.2,2
7,4,662,0,0,500,0.6,1000,0.2,1400,0.2,0
7,5,171,1,0,500,0.6,1000,0.2,1400,0.2,2
7,6,645,1,0,300,0.5,1700,0.5,0
7,7,903,0,0,500,0.6,1000,0.2,1400,0.2,1
7,8,705,0,0,300,0.5,1700,0.5,1
7,9,853,0,0,500,0.6,1000,0.2,1400,0.2,1
7,10,472,2,10,5,0,500,0.6,1000,0.2,1400,0.2,2
7,11,406,1,0,300,0.5,1700,0.5,2
7,12,836,2,10,5,0,500,0.6,1000,0.2,1400,0.2,1
7,13,926,2,10,5,0,300,0.5,1700,0.5,0
7,14,947,0,0,300,0.5,1700,0.5,1
8,0,184,2,10,5,0,500,0.6,1000,0.2,1400,0.2,0
8,1,178,2,10,5,0,300,0.5,1700,0.5,0
8,2,69,2,10,5,0,300,0.5,1700,0.5,2
8,3,345,1,0,500,0.6,1000,0.2,1400,0.2,2
8,4,732,2,10,5,0,300,0.5,1700,0.5,2
8,5,395,1,0,300,0.5,1700,0.5,1
8,6,870,0,0,300,0.5,1700,0.5,0
8,7,222,0,0,300,0.5,1700,0.5,2
8,8,85,1,0,500,0.6,1000,0.2,1400,0.2,2
8,9,618,0,0,500,0.6,1000,0.2,1400,0.2,1
8,10,298,0,0,500,0.6,1000,0.2,1400,0.2,2
8,11,378,2,10,5,0,300,0.5,1700,0.5,2
8,12,902,2,10,5,0,300,0.5,1700,0.5,1
8,13,537,1,0,500,0.6,1000,0.2,1400,0.2,0
8,14,733,1,0,500,0.6,1000,0.2,1400,0.2,1
9,0,658,0,0,300,0.5,1700,0.5,1
9,1,130,0,0,300,0.5,1700,0.5,2
9,2,190,1,0,500,0.6,1000,0.2,1400,0.2,0
9,3,193,1,0,500,0.6,1000,0.2,1400,0.2,2
9,4,186,0,0,300,0.5,1700,0.5,0
9,5,96,2,10,5,0,300,0.5,1700,0.5,0
9,6,527,2,10,5,0,300,0.5,1700,0.5,2
9,7,298,0,0,500,0.6,1000,0.2,1400,0.2,0
9,8,428,2,10,5,0,500,0.6,1000,0.2,1400,0.2,2
9,9,377,0,0,300,0.5,1700,0.5,1
9,10,63,1,0,300,0.5,1700,0.5,1
9,11,546,1,0,500,0.6,1000,0.2,1400,0.2,0
9,12,988,1,0,500,0.6,1000,0.2,1400,0.2,1
9,13,16,2,10,5,0,500,0.6,1000,0.2,1400,0.2,1
9,14,640,2,10,5,0,500,0.6,1000,0.2,1400,0.2,1
10,0,557,1,0,300,0.5,1700,0.5,0
10,1,838,0,0,500,0.6,1000,0.2,1400,0.2,1
10,2,100,2,10,5,0,300,0.5,1700,0.5,1
10,3,222,0,0,500,0.6,1000,0.2,1400,0.2,1
10,4,261,2,10,5,0,300,0.5,1700,0.5,0
10,5,605,2,10,5,0,300,0.5,1700,0.5,1
10,6,273,2,10,5,0,300,0.5,1700,0.5,0
10,7,567,0,0,500,0.6,1000,0.2,1400,0.2,1
10,8,238,1,0,500,0.6,1000,0.2,1400,0.2,2
10,9,847,0,0,500,0.6,1000,0.2,1400,0.2,2
10,10,61,2,10,5,0,500,0.6,1000,0.2,1400,0.2,0
10,11,514,2,10,5,0,500,0.6,1000,0.2,1400,0.2,1
10,12,519,0,0,500,0.6,1000,0.2,1400,0.2,0
10,13,656,0,0,500,0.6,1000,0.2,1400,0.2,0
10,14,731,1,0,500,0.6,1000,0.2,1400,0.2,2
11,0,756,2,10,5,0,300,0.5,1700,0.5,1
11,1,667,2,10,5,0,500,0.6,1000,0.2,1400,0.2,1
11,2,708,1,0,300,0.5,1700,0.5,0
11,3,549,2,10,5,0,500,0.6,1000,0.2,1400,0.2,1
11,4,754,1,0,500,0.6,1000,0.2,1400,0.2,1
11,5,639,0,0,300,0.5,1700,0.5,1
11,6,563,0,0,300,0.5,1700,0.5,1
11,7,249,2,10,5,0,500,0.6,1000,0.2,1400,0.2,0
11,8,355,0,0,500,0.6,1000,0.2,1400,0.2,1
11,9,972,1,0,500,0.6,1000,0.2,1400,0.2,2
11,10,945,0,0,500,0.6,1000,0.2,1400,0.2,2
11,11,909,2,10,5,0,500,0.6,1000,0.2,1400,0.2,0
11,12,923,0,0,300,0.5,1700,0.5,1
11,13,262,0,0,300,0.5,1700,0.5,0
11,14,356,0,0,300,0.5,1700,0.5,2
12,0,858,1,0,300,0.5,1700,0.5,2
12,1,947,0,0,500,0.6,1000,0.2,1400,0.2,2
12,2,774,1,0,500,0.6,1000,0.2,1400,0.2,2
12,3,528,1,0,500,0.6,1000,0.2,1400,0.2,1
12,4,356,0,0,300,0.5,1700,0.5,0
12,5,554,2,10,5,0,300,0.5,1700,0.5,1
12,6,877,1,0,300,0.5,1700,0.5,1
12,7,670,2,10,5,0,500,0.6,1000,0.2,1400,0.2,2
12,8,886,1,0,300,0.5,1700,0.5,0
12,9,335,0,0,300,0.5,1700,0.5,2
12,10,25,1,0,500,0.6,1000,0.2,1400,0.2,2
12,11,714,1,0,500,0.6,1000,0.2,1400,0.2,2
12,12,192,0,0,500,0.6,1000,0.2,1400,0.2,2
12,13,625,1,0,500,0.6,1000,0.2,1400,0.2,1
12,14,379,2,10,5,0,500,0.6,1000,0.2,1400,0.2,1
13,0,630,0,0,300,0.5,1700,0.5,2
13,1,836,2,10,5,0,300,0.5,1700,0.5,1
13,2,247,2,10,5,0,500,0.6,1000,0.2,1400,0.2,0
13,3,392,1,0,500,0.6,1000,0.2,1400,0.2,1
13,4,689,0,0,300,0.5,1700,0.5,2
13,5,747,2,10,5,0,500,0.6,1000,0.2,1400,0.2,2
13,6,416,1,0,300,0.5,1700,0.5,0
13,7,382,0,0,500,0.6,1000,0.2,1400,0.2,1
13,8,839,2,10,5,0,500,0.6,1000,0.2,1400,0.2,1
13,9,961,0,0,500,0.6,1000,0.2,1400,0.2,2
13,10,519,1,0,500,0.6,1000,0.2,1400,0.2,1
13,11,393,0,0,300,0.5,1700,0.5,2
13,12,312,1,0,500,0.6,1000,0.2,1400,0.2,1
13,13,762,2,10,5,0,300,0.5,1700,0.5,2
13,14,834,1,0,500,0.6,1000,0.2,1400,0.2,2
14,0,597,1,0,300,0.5,1700,0.5,1
14,1,795,2,10,5,0,300,0.5,1700,0.5,0
14,2,683,1,0,300,0.5,1700,0.5,0
14,3,706,1,0,300,0.5,1700,0.5,0
14,4,112,1,0,500,0.6,1000,0.2,1400,0.2,1
14,5,960,1,0,300,0.5,1700,0.5,0
14,6,108,0,0,500,0.6,1000,0.2,1400,0.2,2
14,7,120,1,0,500,0.6,1000,0.2,1400,0.2,2
14,8,959,0,0,300,0.5,1700,0.5,1
14,9,220,2,10,5,0,500,0.6,1000,0.2,1400,0.2,2
14,10,649,0,0,500,0.6,1000,0.2,1400,0.2,0
14,11,307,0,0,300,0.5,1700,0.5,1
14,12,370,0,0,300,0.5,1700,0.5,0
14,13,243,2,10,5,0,500,0.6,1000,0.2,1400,0.2,1
14,14,302,2,10,5,0,500,0.6,1000,0.2,1400,0.2,1
