0,0,942,1,0,300,0.5,1700,0.5,0
0,1,922,2,10,5,0,300,0.5,1700,0.5,1
0,2,75,1,0,500,0.6,1000,0.2,1400,0.2,1
0,3,858,2,10,5,0,500,0.6,1000,0.2,1400,0.2,2
0,4,961,1,0,500,0.6,1000,0.2,1400,0.2,0
0,5,795,2,10,5,0,300,0.5,1700,0.5,1
0,6,803,0,0,500,0.6,1000,0.2,1400,0.2,0
0,7,993,0,0,300,0.5,1700,0.5,1
0,8,163,2,10,5,0,500,0.6,1000,0.2,1400,0.2,2
0,9,464,0,0,300,0.5,1700,0.5,2
0,10,98,2,10,5,0,300,0.5,1700,0.5,1
0,11,751,2,10,5,0,500,0.6,1000,0.2,1400,0.2,1
0,12,157,1,0,300,0.5,1700,0.5,2
0,13,630,0,0,500,0.6,1000,0.2,1400,0.2,0
0,14,533,2,10,5,0,500,0.6,1000,0.2,1400,0.2,1
1,0,688,1,0,500,0.6,1000,0.2,1400,0.2,2
1,1,140,1,0,300,0.5,1700,0.5,2
1,2,601,1,0,500,0.6,1000,0.2,1400,0.2,1
1,3,455,2,10,5,0,300,0.5,1700,0.5,0
1,4,704,1,0,500,0.6,1000,0.2,1400,0.2,0
1,5,163,0,0,300,0.5,1700,0.5,0
1,6,804,1,0,300,0.5,1700,0.5,2
1,7,313,2,10,5,0,300,0.5,1700,0.5,1
1,8,241,0,0,500,0.6,1000,0.2,1400,0.2,0
1,9,520,0,0,500,0.6,1000,0.2,1400,0.2,2
1,10,681,1,0,500,0.6,1000,0.2,1400,0.2,1
1,11,216,2,10,5,0,300,0.5,1700,0.5,2
1,12,696,2,10,5,0,300,0.5,1700,0.5,1
1,13,937,1,0,500,0.6,1000,0.2,1400,0.2,1
1,14,346,0,0,300,0.5,1700,0.5,1
2,0,685,0,0,500,0.6,1000,0.2,1400,0.2,1
2,1,402,0,0,300,0.5,1700,0.5,2
2,2,472,0,0,300,0.5,1700,0.5,0
2,3,289,0,0,500,0.6,1000,0.2,1400,0.2,1
2,4,613,1,0,300,0.5,1700,0.5,2
2,5,944,2,10,5,0,300,0.5,1700,0.5,0
2,6,104,1,0,500,0.6,1000,0.2,1400,0.2,1
2,7,603,1,0,500,0.6,1000,0.2,1400,0.2,1
2,8,702,1,0,300,0.5,1700,0.5,2
2,9,650,1,0,300,0.5,1700,0.5,0
2,10,932,2,10,5,0,500,0.6,1000,0.2,1400,0.2,1
2,11,335,0,0,300,0.5,1700,0.5,1
2,12,950,2,10,5,0,500,0.6,1000,0.2,1400,0.2,1
2,13,92,1,0,500,0.6,1000,0.2,1400,0.2,2
2,14,209,0,0,300,0.5,1700,0.5,0
3,0,84,1,0,300,0.5,1700,0.5,0
3,1,93,0,0,500,0.6,1000,0.2,1400,0.2,0
3,2,945,1,0,500,0.6,1000,0.2,1400,0.2,0
3,3,716,2,10,5,0,300,0.5,1700,0.5,2
3,4,366,0,0,300,0.5,1700,0.5,2
3,5,331,0,0,500,0.6,1000,0.2,1400,0.2,0
3,6,862,0,0,300,0.5,1700,0.5,0
3,7,888,2,10,5,0,300,0.5,1700,0.5,1
3,8,442,1,0,500,0.6,1000,0.2,1400,0.2,0
3,9,269,0,0,500,0.6,1000,0.2,1400,0.2,0
3,10,746,1,0,300,0.5,1700,0.5,2
3,11,949,2,10,5,0,300,0.5,1700,0.5,0
3,12,651,1,0,500,0.6,1000,0.2,1400,0.2,1
3,13,412,2,10,5,0,500,0.6,1000,0.2,1400,0.2,0
3,14,524,2,10,5,0,300,0.5,1700,0.5,0
4,0,965,0,0,500,0.6,1000,0.2,1400,0.2,1
4,1,781,1,0,300,0.5,1700,0.5,1
4,2,407,0,0,300,0.5,1700,0.5,1
4,3,966,0,0,500,0.6,1000,0.2,1400,0.2,2
4,4,93,0,0,500,0.6,1000,0.2,1400,0.2,0
4,5,55,0,0,500,0.6,1000,0.2,1400,0.2,0
4,6,468,0,0,300,0.5,1700,0.5,2
4,7,850,2,10,5,0,500,0.6,1000,0.2,1400,0.2,0
4,8,21,0,0,500,0.6,1000,0.2,1400,0.2,0
4,9,407,0,0,300,0.5,1700,0.5,2
4,10,337,0,0,300,0.5,1700,0.5,2
4,11,620,0,0,500,0.6,1000,0.2,1400,0.2,0
4,12,910,1,0,500,0.6,1000,0.2,1400,0.2,1
4,13,834,0,0,500,0.6,1000,0.2,1400,0.2,2
4,14,629,1,0,500,0.6,1000,0.2,1400,0.2,0
5,0,599,0,0,500,0.6,1000,0.2,1400,0.2,0
5,1,479,0,0,300,0.5,1700,0.5,2
5,2,814,0,0,500,0.6,1000,0.2,1400,0.2,0
5,3,117,2,10,5,0,500,0.6,1000,0.2,1400,0.2,1
5,4,741,2,10,5,0,500,0.6,1000,0.2,1400,0.2,1
5,5,934,1,0,500,0.6,1000,0.2,1400,0.2,0
5,6,704,0,0,500,0.6,1000,0.2,1400,0.2,1
5,7,208,0,0,300,0.5,1700,0.5,0
5,8,562,1,0,300,0.5,1700,0.5,2
5,9,197,0,0,300,0.5,1700,0.5,2
5,10,155,1,0,500,0.6,1000,0.2,1400,0.2,0
5,11,952,0,0,300,0.5,1700,0.5,1
5,12,369,2,10,5,0,500,0.6,1000,0.2,1400,0.2,0
5,13,866,2,10,5,0,500,0.6,1000,0.2,1400,0.2,0
5,14,550,2,10,5,0,500,0.6,1000,0.2,1400,0.2,2
6,0,415,1,0,300,0.5,1700,0.5,0
6,1,377,1,0,300,0.5,1700,0.5,1
6,2,36,0,0,300,0.5,1700,0.5,1
6,3,259,2,10,5,0,500,0.6,1000,0.2,1400,0.2,1
6,4,394,2,10,5,0,300,0.5,1700,0.5,0
6,5,989,0,0,300,0.5,1700,0.5,0
6,6,627,2,10,5,0,300,0.5,1700,0.5,2
6,7,217,0,0,300,0.5,1700,0.5,0
6,8,412,1,0,300,0.5,1700,0.5,2
6,9,450,2,10,5,0,300,0.5,1700,0.5,0
6,10,655,1,0,500,0.6,1000,0.2,1400,0.2,1
6,11,119,1,0,500,0.6,1000,0.2,1400,0.2,2
6,12,141,1,0,500,0.6,1000,0.2,1400,0.2,1
6,13,838,2,10,5,0,500,0.6,1000,0.2,1400,0.2,0
6,14,478,2,10,5,0,500,0.6,1000,0.2,1400,0.2,1
7,0,358,2,10,5,0,500,0.6,1000,0.2,1400,0.2,1
7,1,156,0,0,300,0.5,1700,0.5,1
7,2,488,0,0,300,0.5,1700,0.5,1
7,3,649,0,0,500,0.6,1000,0.2,1400,0.2,2
7,4,443,0,0,500,0.6,1000,0.2,1400,0.2,0
7,5,204,1,0,500,0.6,1000,0.2,1400,0.2,1
7,6,172,0,0,300,0.5,1700,0.5,0
7,7,781,2,10,5,0,500,0.6,1000,0.2,1400,0.2,1
7,8,207,2,10,5,0,500,0.6,1000,0.2,1400,0.2,2
7,9,774,1,0,500,0.6,1000,0.2,1400,0.2,2
7,10,536,0,0,300,0.5,1700,0.5,1
7,11,72,2,10,5,0,300,0.5,1700,0.5,0
7,12,687,1,0,300,0.5,1700,0.5,1
7,13,130,1,0,500,0.6,1000,0.2,1400,0.2,1
7,14,146,2,10,5,0,300,0.5,1700,0.5,2
8,0,138,1,0,300,0.5,1700,0.5,0
8,1,19,0,0,500,0.6,1000,0.2,1400,0.2,2
8,2,954,1,0,300,0.5,1700,0.5,2
8,3,449,2,10,5,0,300,0.5,1700,0.5,0
8,4,954,2,10,5,0,500,0.6,1000,0.2,1400,0.2,2
8,5,31,0,0,300,0.5,1700,0.5,2
8,6,704,0,0,500,0.6,1000,0.2,1400,0.2,0
8,7,178,1,0,500,0.6,1000,0.2,1400,0.2,1
8,8,96,0,0,300,0.5,1700,0.5,1
8,9,860,1,0,300,0.5,1700,0.5,1
8,10,999,2,10,5,0,500,0.6,1000,0.2,1400,0.2,1
8,11,240,1,0,500,0.6,1000,0.2,1400,0.2,0
8,12,986,0,0,500,0.6,1000,0.2,1400,0.2,0
8,13,517,0,0,300,0.5,1700,0.5,2
8,14,164,1,0,300,0.5,1700,0.5,2
9,0,331,0,0,500,0.6,1000,0.2,1400,0.2,1
9,1,995,0,0,500,0.6,1000,0.2,1400,0.2,0
9,2,57,2,10,5,0,500,0.6,1000,0.2,1400,0.2,2
9,3,892,1,0,500,0.6,1000,0.2,1400,0.2,0
9,4,942,0,0,500,0.6,1000,0.2,1400,0.2,0
9,5,346,0,0,300,0.5,1700,0.5,1
9,6,198,2,10,5,0,500,0.6,1000,0.2,1400,0.2,2
9,7,370,1,0,500,0.6,1000,0.2,1400,0.2,1
9,8,687,1,0,500,0.6,1000,0.2,1400,0.2,1
9,9,727,0,0,300,0.5,1700,0.5,0
9,10,900,2,10,5,0,300,0.5,1700,0.5,0
9,11,940,1,0,500,0.6,1000,0.2,1400,0.2,2
9,12,80,0,0,500,0.6,1000,0.2,1400,0.2,2
9,13,944,0,0,300,0.5,1700,0.5,2
9,14,749,1,0,300,0.5,1700,0.5,2
10,0,454,1,0,500,0.6,1000,0.2,1400,0.2,2
10,1,553,2,10,5,0,500,0.6,1000,0.2,1400,0.2,1
10,2,258,0,0,300,0.5,1700,0.5,0
10,3,339,1,0,500,0.6,1000,0.2,1400,0.2,1
10,4,349,2,10,5,0,500,0.6,1000,0.2,1400,0.2,1
10,5,212,1,0,300,0.5,1700,0.5,0
10,6,526,1,0,500,0.6,1000,0.2,1400,0.2,1
10,7,39,0,0,500,0.6,1000,0.2,1400,0.2,1
10,8,240,0,0,500,0.6,1000,0.2,1400,0.2,1
10,9,572,0,0,300,0.5,1700,0.5,1
10,10,58,1,0,300,0.5,1700,0.5,0
10,11,661,1,0,500,0.6,1000,0.2,1400,0.2,2
10,12,63,1,0,500,0.6,1000,0.2,1400,0.2,2
10,13,742,2,10,5,0,300,0.5,1700,0.5,2
10,14,563,1,0,500,0.6,1000,0.2,1400,0.2,2
11,0,13,1,0,300,0.5,1700,0.5,0
11,1,114,2,10,5,0,500,0.6,1000,0.2,1400,0.2,1
11,2,901,1,0,300,0.5,1700,0.5,2
11,3,82,0,0,500,0.6,1000,0.2,1400,0.2,2
11,4,167,1,0,300,0.5,1700,0.5,0
11,5,908,1,0,500,0.6,1000,0.2,1400,0.2,1
11,6,771,0,0,500,0.6,1000,0.2,1400,0.2,1
11,7,186,0,0,500,0.6,1000,0.2,1400,0.2,0
11,8,555,1,0,500,0.6,1000,0.2,1400,0.2,0
11,9,359,1,0,300,0.5,1700,0.5,2
11,10,989,1,0,300,0.5,1700,0.5,1
11,11,857,0,0,500,0.6,1000,0.2,1400,0.2,0
11,12,457,2,10,5,0,500,0.6,1000,0.2,1400,0.2,0
11,13,950,0,0,500,0.6,1000,0.2,1400,0.2,0
11,14,535,0,0,300,0.5,1700,0.5,0
12,0,97,1,0,500,0.6,1000,0.2,1400,0.2,0
12,1,849,0,0,300,0.5,1700,0.5,1
12,2,785,2,10,5,0,500,0.6,1000,0.2,1400,0.2,0
12,3,456,1,0,300,0.5,1700,0.5,1
12,4,447,0,0,500,0.6,1000,0.2,1400,0.2,0
12,5,938,0,0,500,0.6,1000,0.2,1400,0.2,0
12,6,189,0,0,300,0.5,1700,0.5,0
12,7,889,0,0,300,0.5,1700,0.5,2
12,8,458,2,10,5,0,500,0.6,1000,0.2,1400,0.2,0
12,9,104,2,10,5,0,500,0.6,1000,0.2,1400,0.2,2
12,10,428,0,0,500,0.6,1000,0.2,1400,0.2,2
12,11,795,1,0,500,0.6,1000,0.2,1400,0.2,0
12,12,749,2,10,5,0,300,0.5,1700,0.5,1
12,13,538,0,0,300,0.5,1700,0.5,0
12,14,69,1,0,300,0.5,1700,0.5,0
13,0,339,1,0,500,0.6,1000,0.2,1400,0.2,1
13,1,147,2,10,5,0,300,0.5,1700,0.5,2
13,2,291,0,0,300,0.5,1700,0.5,1
13,3,577,2,10,5,0,500,0.6,1000,0.2,1400,0.2,0
13,4,235,1,0,500,0.6,1000,0.2,1400,0.2,1
13,5,143,1,0,500,0.6,1000,0.2,1400,0.2,1
13,6,170,2,10,5,0,500,0.6,1000,0.2,1400,0.2,1
13,7,449,1,0,300,0.5,1700,0.5,2
13,8,241,1,0,500,0.6,1000,0.2,1400,0.2,2
13,9,172,1,0,500,0.6,1000,0.2,1400,0.2,0
13,10,294,0,0,500,0.6,1000,0.2,1400,0.2,0
13,11,616,0,0,300,0.5,1700,0.5,1
13,12,977,0,0,500,0.6,1000,0.2,1400,0.2,2
13,13,55,2,10,5,0,300,0.5,1700,0.5,2
13,14,602,0,0,500,0.6,1000,0.2,1400,0.2,1
14,0,817,2,10,5,0,300,0.5,1700,0.5,0
14,1,703,2,10,5,0,500,0.6,1000,0.2,1400,0.2,2
14,2,796,2,10,5,0,300,0.5,1700,0.5,1
14,3,383,2,10,5,0,300,0.5,1700,0.5,1
14,4,297,1,0,500,0.6,1000,0.2,1400,0.2,0
14,5,943,0,0,500,0.6,1000,0.2,1400,0.2,2
14,6,325,0,0,500,0.6,1000,0.2,1400,0.2,0
14,7,901,0,0,500,0.6,1000,0.2,1400,0.2,1
14,8,332,1,0,300,0.5,1700,0.5,2
14,9,416,2,10,5,0,300,0.5,1700,0.5,2
14,10,151,1,0,500,0.6,1000,0.2,1400,0.2,1
14,11,837,1,0,500,0.6,1000,0.2,1400,0.2,1
14,12,157,0,0,500,0.6,1000,0.2,1400,0.2,0
14,13,410,2,10,5,0,500,0.6,1000,0.2,1400,0.2,2
14,14,177,1,0,300,0.5,1700,0.5,2
