0,0,608,2,10,5,0,300,0.5,1700,0.5,2
0,1,136,2,10,5,0,500,0.6,1000,0.2,1400,0.2,1
0,2,454,0,0,500,0.6,1000,0.2,1400,0.2,0
0,3,843,0,0,300,0.5,1700,0.5,1
0,4,680,0,0,300,0.5,1700,0.5,0
0,5,665,2,10,5,0,500,0.6,1000,0.2,1400,0.2,2
0,6,183,0,0,300,0.5,1700,0.5,2
0,7,859,0,0,300,0.5,1700,0.5,0
0,8,878,2,10,5,0,500,0.6,1000,0.2,1400,0.2,1
0,9,717,0,0,300,0.5,1700,0.5,0
0,10,449,0,0,300,0.5,1700,0.5,0
0,11,925,2,10,5,0,300,0.5,1700,0.5,0
0,12,124,2,10,5,0,500,0.6,1000,0.2,1400,0.2,2
0,13,577,2,10,5,0,500,0.6,1000,0.2,1400,0.2,0
0,14,694,0,0,500,0.6,1000,0.2,1400,0.2,1
1,0,940,2,10,5,0,300,0.5,1700,0.5,2
1,1,721,2,10,5,0,300,0.5,1700,0.5,1
1,2,108,2,10,5,0,300,0.5,1700,0.5,0
1,3,789,1,0,300,0.5,1700,0.5,2
1,4,352,1,0,300,0.5,1700,0.5,1
1,5,332,1,0,500,0.6,1000,0.2,1400,0.2,0
1,6,829,0,0,500,0.6,1000,0.2,1400,0.2,0
1,7,189,1,0,300,0.5,1700,0.5,1
1,8,798,2,10,5,0,300,0.5,1700,0.5,0
1,9,454,0,0,500,0.6,1000,0.2,1400,0.2,2
1,10,834,1,0,500,0.6,1000,0.2,1400,0.2,1
1,11,332,1,0,300,0.5,1700,0.5,2
1,12,486,2,10,5,0,300,0.5,1700,0.5,2
1,13,180,1,0,500,0.6,1000,0.2,1400,0.2,0
1,14,750,0,0,500,0.6,1000,0.2,1400,0.2,2
2,0,141,0,0,300,0.5,1700,0.5,1
2,1,47,1,0,300,0.5,1700,0.5,2
2,2,102,1,0,300,0.5,1700,0.5,0
2,3,904,1,0,300,0.5,1700,0.5,2
2,4,441,2,10,5,0,500,0.6,1000,0.2,1400,0.2,2
2,5,37,0,0,300,0.5,1700,0.5,0
2,6,121,1,0,300,0.5,1700,0.5,0
2,7,892,0,0,300,0.5,1700,0.5,2
2,8,458,2,10,5,0,500,0.6,1000,0.2,1400,0.2,0
2,9,146,0,0,500,0.6,1000,0.2,1400,0.2,0
2,10,560,1,0,500,0.6,1000,0.2,1400,0.2,2
2,11,494,1,0,500,0.6,1000,0.2,1400,0.2,2
2,12,511,0,0,500,0.6,1000,0.2,1400,0.2,0
2,13,871,2,10,5,0,300,0.5,1700,0.5,0
2,14,456,0,0,300,0.5,1700,0.5,0
3,0,335,0,0,500,0.6,1000,0.2,1400,0.2,2
3,1,835,0,0,500,0.6,1000,0.2,1400,0.2,1
3,2,717,2,10,5,0,500,0.6,1000,0.2,1400,0.2,0
3,3,876,0,0,300,0.5,1700,0.5,2
3,4,559,0,0,300,0.5,1700,0.5,0
3,5,330,2,10,5,0,500,0.6,1000,0.2,1400,0.2,2
3,6,769,1,0,500,0.6,1000,0.2,1400,0.2,1
3,7,340,2,10,5,0,500,0.6,1000,0.2,1400,0.2,2
3,8,515,0,0,300,0.5,1700,0.5,2
3,9,43,2,10,5,0,300,0.5,1700,0.5,2
3,10,414,0,0,300,0.5,1700,0.5,1
3,11,437,1,0,300,0.5,1700,0.5,2
3,12,826,0,0,300,0.5,1700,0.5,2
3,13,895,2,10,5,0,300,0.5,1700,0.5,0
3,14,935,1,0,300,0.5,1700,0.5,0
4,0,468,2,10,5,0,500,0.6,1000,0.2,1400,0.2,0
4,1,827,1,0,500,0.6,1000,0.2,1400,0.2,2
4,2,328,0,0,500,0.6,1000,0.2,1400,0.2,1
4,3,805,1,0,300,0.5,1700,0.5,2
4,4,291,0,0,300,0.5,1700,0.5,1
4,5,686,0,0,300,0.5,1700,0.5,2
4,6,820,0,0,300,0.5,1700,0.5,0
4,7,879,1,0,300,0.5,1700,0.5,1
4,8,10,1,0,300,0.5,1700,0.5,2
4,9,551,0,0,500,0.6,1000,0.2,1400,0.2,2
4,10,341,0,0,500,0.6,1000,0.2,1400,0.2,1
4,11,68,2,10,5,0,300,0.5,1700,0.5,2
4,12,765,0,0,300,0.5,1700,0.5,2
4,13,468,2,10,5,0,300,0.5,1700,0.5,0
4,14,230,2,10,5,0,500,0.6,1000,0.2,1400,0.2,0
5,0,434,1,0,300,0.5,1700,0.5,2
5,1,833,2,10,5,0,300,0.5,1700,0.5,1
5,2,491,2,10,5,0,300,0.5,1700,0.5,2
5,3,172,1,0,300,0.5,1700,0.5,2
5,4,360,2,10,5,0,300,0.5,1700,0.5,2
5,5,735,2,10,5,0,500,0.6,1000,0.2,1400,0.2,1
5,6,508,2,10,5,0,500,0.6,1000,0.2,1400,0.2,0
5,7,717,0,0,500,0.6,1000,0.2,1400,0.2,1
5,8,660,1,0,300,0.5,1700,0.5,1
5,9,460,2,10,5,0,500,0.6,1000,0.2,1400,0.2,0
5,10,247,2,10,5,0,500,0.6,1000,0.2,1400,0.2,1
5,11,997,2,10,5,0,500,0.6,1000,0.2,1400,0.2,0
5,12,489,0,0,500,0.6,1000,0.2,1400,0.2,1
5,13,460,1,0,500,0.6,1000,0.2,1400,0.2,1
5,14,877,0,0,300,0.5,1700,0.5,1
6,0,369,2,10,5,0,300,0.5,1700,0.5,0
6,1,157,2,10,5,0,500,0.6,1000,0.2,1400,0.2,0
6,2,715,2,10,5,0,300,0.5,1700,0.5,2
6,3,558,0,0,500,0.6,1000,0.2,1400,0.2,1
6,4,924,0,0,300,0.5,1700,0.5,0
6,5,922,0,0,500,0.6,1000,0.2,1400,0.2,1
6,6,65,1,0,500,0.6,1000,0.2,1400,0.2,1
6,7,722,2,10,5,0,300,0.5,1700,0.5,1
6,8,795,0,0,500,0.6,1000,0.2,1400,0.2,1
6,9,778,2,10,5,0,500,0.6,1000,0.2,1400,0.2,2
6,10,489,1,0,500,0.6,1000,0.2,1400,0.2,2
6,11,819,2,10,5,0,300,0.5,1700,0.5,2
6,12,604,2,10,5,0,500,0.6,1000,0.2,1400,0.2,0
6,13,45,1,0,300,0.5,1700,0.5,2
6,14,385,2,10,5,0,500,0.6,1000,0.2,1400,0.2,2
7,0,514,1,0,300,0.5,1700,0.5,1
7,1,109,0,0,300,0.5,1700,0.5,2
7,2,350,2,10,5,0,300,0.5,1700,0.5,0
7,3,144,1,0,300,0.5,1700,0.5,1
7,4,415,0,0,300,0.5,1700,0.5,0
7,5,335,2,10,5,0,500,0.6,1000,0.2,1400,0.2,2
7,6,796,0,0,500,0.6,1000,0.2,1400,0.2,1
7,7,365,0,0,500,0.6,1000,0.2,1400,0.2,2
7,8,636,0,0,500,0.6,1000,0.2,1400,0.2,1
7,9,14,1,0,500,0.6,1000,0.2,1400,0.2,1
7,10,398,2,10,5,0,500,0.6,1000,0.2,1400,0.2,2
7,11,812,0,0,500,0.6,1000,0.2,1400,0.2,0
7,12,259,1,0,300,0.5,1700,0.5,1
7,13,435,0,0,500,0.6,1000,0.2,1400,0.2,1
7,14,623,2,10,5,0,500,0.6,1000,0.2,1400,0.2,2
8,0,290,2,10,5,0,500,0.6,1000,0.2,1400,0.2,2
8,1,269,2,10,5,0,500,0.6,1000,0.2,1400,0.2,0
8,2,365,1,0,500,0.6,1000,0.2,1400,0.2,1
8,3,295,1,0,300,0.5,1700,0.5,0
8,4,774,1,0,500,0.6,1000,0.2,1400,0.2,2
8,5,133,2,10,5,0,300,0.5,1700,0.5,2
8,6,248,1,0,300,0.5,1700,0.5,0
8,7,698,2,10,5,0,300,0.5,1700,0.5,2
8,8,700,0,0,500,0.6,1000,0.2,1400,0.2,1
8,9,666,0,0,300,0.5,1700,0.5,0
8,10,403,2,10,5,0,500,0.6,1000,0.2,1400,0.2,2
8,11,590,0,0,500,0.6,1000,0.2,1400,0.2,0
8,12,246,2,10,5,0,300,0.5,1700,0.5,1
8,13,645,2,10,5,0,500,0.6,1000,0.2,1400,0.2,2
8,14,643,1,0,500,0.6,1000,0.2,1400,0.2,1
9,0,547,1,0,500,0.6,1000,0.2,1400,0.2,2
9,1,628,2,10,5,0,500,0.6,1000,0.2,1400,0.2,1
9,2,450,0,0,500,0.6,1000,0.2,1400,0.2,0
9,3,778,2,10,5,0,300,0.5,1700,0.5,0
9,4,597,2,10,5,0,500,0.6,1000,0.2,1400,0.2,0
9,5,652,2,10,5,0,500,0.6,1000,0.2,1400,0.2,2
9,6,734,0,0,500,0.6,1000,0.2,1400,0.2,2
9,7,691,2,10,5,0,500,0.6,1000,0.2,1400,0.2,0
9,8,203,2,10,5,0,500,0.6,1000,0.2,1400,0.2,2
9,9,761,2,10,5,0,500,0.6,1000,0.2,1400,0.2,1
9,10,636,2,10,5,0,300,0.5,1700,0.5,0
9,11,471,1,0,300,0.5,1700,0.5,2
9,12,569,2,10,5,0,500,0.6,1000,0.2,1400,0.2,2
9,13,718,0,0,500,0.6,1000,0.2,1400,0.2,2
9,14,510,2,10,5,0,300,0.5,1700,0.5,2
10,0,718,1,0,500,0.6,1000,0.2,1400,0.2,2
10,1,95,0,0,500,0.6,1000,0.2,1400,0.2,1
10,2,663,1,0,300,0.5,1700,0.5,1
10,3,966,2,10,5,0,500,0.6,1000,0.2,1400,0.2,2
10,4,212,1,0,300,0.5,1700,0.5,2
10,5,744,2,10,5,0,500,0.6,1000,0.2,1400,0.2,2
10,6,641,0,0,500,0.6,1000,0.2,1400,0.2,1
10,7,345,0,0,300,0.5,1700,0.5,2
10,8,429,0,0,300,0.5,1700,0.5,1
10,9,952,1,0,500,0.6,1000,0.2,1400,0.2,1
10,10,248,0,0,300,0.5,1700,0.5,0
10,11,421,2,10,5,0,300,0.5,1700,0.5,2
10,12,879,2,10,5,0,500,0.6,1000,0.2,1400,0.2,0
10,13,695,2,10,5,0,300,0.5,1700,0.5,2
10,14,718,1,0,300,0.5,1700,0.5,0
11,0,729,1,0,500,0.6,1000,0.2,1400,0.2,1
11,1,900,1,0,300,0.5,1700,0.5,0
11,2,373,0,0,300,0.5,1700,0.5,0
11,3,453,1,0,500,0.6,1000,0.2,1400,0.2,0
11,4,502,0,0,300,0.5,1700,0.5,2
11,5,232,2,10,5,0,500,0.6,1000,0.2,1400,0.2,1
11,6,589,1,0,500,0.6,1000,0.2,1400,0.2,0
11,7,861,0,0,300,0.5,1700,0.5,0
11,8,125,1,0,300,0.5,1700,0.5,1
11,9,789,1,0,500,0.6,1000,0.2,1400,0.2,1
11,10,34,2,10,5,0,300,0.5,1700,0.5,0
11,11,252,1,0,500,0.6,1000,0.2,1400,0.2,0
11,12,667,0,0,500,0.6,1000,0.2,1400,0.2,1
11,13,565,0,0,500,0.6,1000,0.2,1400,0.2,1
11,14,636,1,0,500,0.6,1000,0.2,1400,0.2,0
12,0,527,1,0,300,0.5,1700,0.5,0
12,1,852,1,0,500,0.6,1000,0.2,1400,0.2,2
12,2,742,1,0,300,0.5,1700,0.5,2
12,3,536,0,0,300,0.5,1700,0.5,1
12,4,974,1,0,500,0.6,1000,0.2,1400,0.2,1
12,5,419,2,10,5,0,500,0.6,1000,0.2,1400,0.2,2
12,6,889,1,0,500,0.6,1000,0.2,1400,0.2,0
12,7,32,1,0,500,0.6,1000,0.2,1400,0.2,0
12,8,562,1,0,300,0.5,1700,0.5,0
12,9,454,0,0,500,0.6,1000,0.2,1400,0.2,2
12,10,964,0,0,500,0.6,1000,0.2,1400,0.2,1
12,11,757,2,10,5,0,300,0.5,1700,0.5,2
12,12,137,0,0,500,0.6,1000,0.2,1400,0.2,0
12,13,633,0,0,500,0.6,1000,0.2,1400,0.2,0
12,14,87,0,0,300,0.5,1700,0.5,2
13,0,996,1,0,500,0.6,1000,0.2,1400,0.2,1
13,1,575,0,0,300,0.5,1700,0.5,0
13,2,128,0,0,500,0.6,1000,0.2,1400,0.2,2
13,3,292,0,0,300,0.5,1700,0.5,0
13,4,286,0,0,500,0.6,1000,0.2,1400,0.2,1
13,5,122,2,10,5,0,300,0.5,1700,0.5,1
13,6,170,2,10,5,0,500,0.6,1000,0.2,1400,0.2,2
13,7,234,2,10,5,0,300,0.5,1700,0.5,1
13,8,197,2,10,5,0,300,0.5,1700,0.5,2
13,9,934,0,0,500,0.6,1000,0.2,1400,0.2,1
13,10,820,0,0,500,0.6,1000,0.2,1400,0.2,2
13,11,952,2,10,5,0,500,0.6,1000,0.2,1400,0.2,0
13,12,860,2,10,5,0,300,0.5,1700,0.5,0
13,13,865,0,0,300,0.5,1700,0.5,1
13,14,448,0,0,500,0.6,1000,0.2,1400,0.2,1
14,0,485,2,10,5,0,300,0.5,1700,0.5,1
14,1,819,2,10,5,0,500,0.6,1000,0.2,1400,0.2,0
14,2,440,1,0,500,0.6,1000,0.2,1400,0.2,0
14,3,405,0,0,300,0.5,1700,0.5,2
14,4,693,0,0,500,0.6,1000,0.2,1400,0.2,2
14,5,428,0,0,500,0.6,1000,0.2,1400,0.2,1
14,6,160,0,0,500,0.6,1000,0.2,1400,0.2,1
14,7,522,1,0,300,0.5,1700,0.5,2
14,8,502,0,0,500,0.6,1000,0.2,1400,0.2,2
14,9,782,2,10,5,0,300,0.5,1700,0.5,1
14,10,656,2,10,5,0,300,0.5,1700,0.5,0
14,11,426,1,0,300,0.5,1700,0.5,0
14,12,455,1,0,300,0.5,1700,0.5,0
14,13,136,1,0,300,0.5,1700,0.5,2
14,14,61,0,0,300,0.5,1700,0.5,0
