0,0,547,1,0,300,0.5,1700,0.5,0
0,1,791,2,10,5,0,500,0.6,1000,0.2,1400,0.2,2
0,2,308,2,10,5,0,300,0.5,1700,0.5,0
0,3,361,0,0,500,0.6,1000,0.2,1400,0.2,2
0,4,247,0,0,300,0.5,1700,0.5,2
0,5,339,0,0,500,0.6,1000,0.2,1400,0.2,2
0,6,761,0,0,300,0.5,1700,0.5,0
0,7,493,1,0,300,0.5,1700,0.5,0
0,8,302,1,0,500,0.6,1000,0.2,1400,0.2,1
0,9,434,1,0,500,0.6,1000,0.2,1400,0.2,1
0,10,750,1,0,300,0.5,1700,0.5,2
0,11,963,1,0,300,0.5,1700,0.5,2
0,12,705,1,0,500,0.6,1000,0.2,1400,0.2,1
0,13,929,1,0,300,0.5,1700,0.5,0
0,14,909,2,10,5,0,300,0.5,1700,0.5,2
1,0,279,2,10,5,0,500,0.6,1000,0.2,1400,0.2,1
1,1,232,0,0,300,0.5,1700,0.5,0
1,2,215,1,0,500,0.6,1000,0.2,1400,0.2,2
1,3,630,2,10,5,0,500,0.6,1000,0.2,1400,0.2,2
1,4,741,2,10,5,0,500,0.6,1000,0.2,1400,0.2,1
1,5,500,0,0,500,0.6,1000,0.2,1400,0.2,0
1,6,649,1,0,300,0.5,1700,0.5,1
1,7,204,0,0,300,0.5,1700,0.5,2
1,8,378,0,0,300,0.5,1700,0.5,0
1,9,603,1,0,300,0.5,1700,0.5,1
1,10,177,1,0,300,0.5,1700,0.5,1
1,11,691,1,0,500,0.6,1000,0.2,1400,0.2,2
1,12,1000,0,0,500,0.6,1000,0.2,1400,0.2,0
1,13,226,1,0,300,0.5,1700,0.5,2
1,14,890,2,10,5,0,300,0.5,1700,0.5,0
2,0,645,2,10,5,0,300,0.5,1700,0.5,2
2,1,316,1,0,300,0.5,1700,0.5,0
2,2,177,0,0,300,0.5,1700,0.5,1
2,3,474,0,0,500,0.6,1000,0.2,1400,0.2,2
2,4,652,0,0,300,0.5,1700,0.5,2
2,5,56,1,0,300,0.5,1700,0.5,1
2,6,687,2,10,5,0,500,0.6,1000,0.2,1400,0.2,2
2,7,308,0,0,500,0.6,1000,0.2,1400,0.2,2
2,8,808,0,0,500,0.6,1000,0.2,1400,0.2,1
2,9,255,0,0,300,0.5,1700,0.5,1
2,10,89,2,10,5,0,300,0.5,1700,0.5,2
2,11,978,2,10,5,0,500,0.6,1000,0.2,1400,0.2,1
2,12,660,1,0,300,0.5,1700,0.5,0
2,13,271,2,10,5,0,500,0.6,1000,0.2,1400,0.2,1
2,14,941,0,0,500,0.6,1000,0.2,1400,0.2,1
3,0,405,2,10,5,0,300,0.5,1700,0.5,1
3,1,59,0,0,500,0.6,1000,0.2,1400,0.2,2
3,2,498,0,0,300,0.5,1700,0.5,2
3,3,838,1,0,500,0.6,1000,0.2,1400,0.2,0
3,4,420,2,10,5,0,500,0.6,1000,0.2,1400,0.2,0
3,5,680,0,0,300,0.5,1700,0.5,1
3,6,930,1,0,300,0.5,1700,0.5,2
3,7,771,2,10,5,0,500,0.6,1000,0.2,1400,0.2,2
3,8,577,2,10,5,0,500,0.6,1000,0.2,1400,0.2,0
3,9,805,0,0,500,0.6,1000,0.2,1400,0.2,1
3,10,74,2,10,5,0,500,0.6,1000,0.2,1400,0.2,0
3,11,940,1,0,500,0.6,1000,0.2,1400,0.2,2
3,12,903,2,10,5,0,300,0.5,1700,0.5,2
3,13,435,0,0,500,0.6,1000,0.2,1400,0.2,2
3,14,387,0,0,500,0.6,1000,0.2,1400,0.2,2
4,0,513,2,10,5,0,500,0.6,1000,0.2,1400,0.2,1
4,1,51,0,0,300,0.5,1700,0.5,1
4,2,505,1,0,500,0.6,1000,0.2,1400,0.2,0
4,3,933,0,0,500,0.6,1000,0.2,1400,0.2,1
4,4,517,1,0,500,0.6,1000,0.2,1400,0.2,1
4,5,81,1,0,500,0.6,1000,0.2,1400,0.2,0
4,6,296,2,10,5,0,500,0.6,1000,0.2,1400,0.2,1
4,7,772,1,0,300,0.5,1700,0.5,1
4,8,389,1,0,500,0.6,1000,0.2,1400,0.2,1
4,9,340,2,10,5,0,500,0.6,1000,0.2,1400,0.2,2
4,10,613,0,0,500,0.6,1000,0.2,1400,0.2,2
4,11,951,2,10,5,0,500,0.6,1000,0.2,1400,0.2,2
4,12,347,1,0,500,0.6,1000,0.2,1400,0.2,0
4,13,584,0,0,500,0.6,1000,0.2,1400,0.2,0
4,14,415,1,0,300,0.5,1700,0.5,1
5,0,160,0,0,500,0.6,1000,0.2,1400,0.2,1
5,1,97,2,10,5,0,500,0.6,1000,0.2,1400,0.2,2
5,2,20,1,0,300,0.5,1700,0.5,0
5,3,523,2,10,5,0,300,0.5,1700,0.5,2
5,4,215,1,0,300,0.5,1700,0.5,2
5,5,393,1,0,500,0.6,1000,0.2,1400,0.2,2
5,6,411,2,10,5,0,300,0.5,1700,0.5,0
5,7,327,2,10,5,0,500,0.6,1000,0.2,1400,0.2,0
5,8,832,1,0,500,0.6,1000,0.2,1400,0.2,1
5,9,705,2,10,5,0,300,0.5,1700,0.5,0
5,10,357,0,0,500,0.6,1000,0.2,1400,0.2,0
5,11,206,1,0,300,0.5,1700,0.5,0
5,12,322,0,0,500,0.6,1000,0.2,1400,0.2,2
5,13,996,0,0,500,0.6,1000,0.2,1400,0.2,0
5,14,817,0,0,500,0.6,1000,0.2,1400,0.2,1
6,0,412,2,10,5,0,500,0.6,1000,0.2,1400,0.2,1
6,1,858,1,0,300,0.5,1700,0.5,2
6,2,138,1,0,300,0.5,1700,0.5,2
6,3,455,0,0,300,0.5,1700,0.5,1
6,4,556,0,0,300,0.5,1700,0.5,0
6,5,135,0,0,500,0.6,1000,0.2,1400,0.2,0
6,6,856,0,0,500,0.6,1000,0.2,1400,0.2,0
6,7,65,0,0,300,0.5,1700,0.5,2
6,8,760,0,0,500,0.6,1000,0.2,1400,0.2,1
6,9,684,0,0,500,0.6,1000,0.2,1400,0.2,0
6,10,882,2,10,5,0,300,0.5,1700,0.5,2
6,11,134,2,10,5,0,500,0.6,1000,0.2,1400,0.2,0
6,12,235,0,0,300,0.5,1700,0.5,2
6,13,405,1,0,500,0.6,1000,0.2,1400,0.2,0
6,14,934,0,0,500,0.6,1000,0.2,1400,0.2,1
7,0,817,0,0,500,0.6,1000,0.2,1400,0.2,2
7,1,265,0,0,300,0.5,1700,0.5,1
7,2,528,0,0,500,0.6,1000,0.2,1400,0.2,2
7,3,90,1,0,300,0.5,1700,0.5,0
7,4,236,2,10,5,0,300,0.5,1700,0.5,2
7,5,963,1,0,500,0.6,1000,0.2,1400,0.2,2
7,6,67,1,0,500,0.6,1000,0.2,1400,0.2,2
7,7,58,0,0,500,0.6,1000,0.2,1400,0.2,1
7,8,469,0,0,500,0.6,1000,0.2,1400,0.2,0
7,9,886,0,0,300,0.5,1700,0.5,2
7,10,386,0,0,500,0.6,1000,0.2,1400,0.2,0
7,11,743,0,0,500,0.6,1000,0.2,1400,0.2,2
7,12,48,2,10,5,0,500,0.6,1000,0.2,1400,0.2,2
7,13,37,1,0,300,0.5,1700,0.5,1
7,14,496,2,10,5,0,300,0.5,1700,0.5,0
8,0,599,2,10,5,0,500,0.6,1000,0.2,1400,0.2,0
8,1,33,2,10,5,0,300,0.5,1700,0.5,1
8,2,882,1,0,500,0.6,1000,0.2,1400,0.2,2
8,3,438,1,0,300,0.5,1700,0.5,0
8,4,733,2,10,5,0,500,0.6,1000,0.2,1400,0.2,2
8,5,268,2,10,5,0,500,0.6,1000,0.2,1400,0.2,0
8,6,205,2,10,5,0,500,0.6,1000,0.2,1400,0.2,0
8,7,926,1,0,300,0.5,1700,0.5,2
8,8,957,1,0,500,0.6,1000,0.2,1400,0.2,2
8,9,784,0,0,500,0.6,1000,0.2,1400,0.2,0
8,10,88,0,0,500,0.6,1000,0.2,1400,0.2,2
8,11,82,2,10,5,0,500,0.6,1000,0.2,1400,0.2,1
8,12,411,2,10,5,0,500,0.6,1000,0.2,1400,0.2,0
8,13,427,0,0,300,0.5,1700,0.5,0
8,14,414,2,10,5,0,300,0.5,1700,0.5,2
9,0,506,0,0,300,0.5,1700,0.5,0
9,1,271,2,10,5,0,300,0.5,1700,0.5,2
9,2,466,2,10,5,0,300,0.5,1700,0.5,1
9,3,675,0,0,300,0.5,1700,0.5,1
9,4,453,0,0,300,0.5,1700,0.5,1
9,5,691,0,0,500,0.6,1000,0.2,1400,0.2,1
9,6,510,2,10,5,0,300,0.5,1700,0.5,1
9,7,531,1,0,500,0.6,1000,0.2,1400,0.2,2
9,8,982,2,10,5,0,300,0.5,1700,0.5,2
9,9,650,1,0,500,0.6,1000,0.2,1400,0.2,0
9,10,862,1,0,500,0.6,1000,0.2,1400,0.2,1
9,11,479,1,0,300,0.5,1700,0.5,0
9,12,349,1,0,300,0.5,1700,0.5,0
9,13,310,1,0,300,0.5,1700,0.5,1
9,14,640,2,10,5,0,300,0.5,1700,0.5,2
10,0,96,1,0,300,0.5,1700,0.5,0
10,1,648,0,0,300,0.5,1700,0.5,1
10,2,805,2,10,5,0,300,0.5,1700,0.5,1
10,3,74,1,0,300,0.5,1700,0.5,2
10,4,269,2,10,5,0,300,0.5,1700,0.5,2
10,5,781,1,0,300,0.5,1700,0.5,0
10,6,382,0,0,500,0.6,1000,0.2,1400,0.2,2
10,7,352,2,10,5,0,300,0.5,1700,0.5,2
10,8,88,0,0,300,0.5,1700,0.5,2
10,9,487,0,0,500,0.6,1000,0.2,1400,0.2,2
10,10,630,2,10,5,0,300,0.5,1700,0.5,1
10,11,482,0,0,300,0.5,1700,0.5,1
10,12,677,1,0,500,0.6,1000,0.2,1400,0.2,1
10,13,740,1,0,300,0.5,1700,0.5,0
10,14,491,1,0,500,0.6,1000,0.2,1400,0.2,0
11,0,649,0,0,300,0.5,1700,0.5,0
11,1,912,0,0,300,0.5,1700,0.5,1
11,2,535,2,10,5,0,500,0.6,1000,0.2,1400,0.2,2
11,3,683,0,0,300,0.5,1700,0.5,1
11,4,594,2,10,5,0,300,0.5,1700,0.5,2
11,5,593,0,0,300,0.5,1700,0.5,2
11,6,180,1,0,300,0.5,1700,0.5,1
11,7,100,2,10,5,0,500,0.6,1000,0.2,1400,0.2,0
11,8,223,0,0,500,0.6,1000,0.2,1400,0.2,0
11,9,640,2,10,5,0,500,0.6,1000,0.2,1400,0.2,1
11,10,291,1,0,500,0.6,1000,0.2,1400,0.2,0
11,11,542,1,0,500,0.6,1000,0.2,1400,0.2,1
11,12,602,0,0,500,0.6,1000,0.2,1400,0.2,0
11,13,618,0,0,500,0.6,1000,0.2,1400,0.2,1
11,14,862,2,10,5,0,300,0.5,1700,0.5,0
12,0,451,1,0,500,0.6,1000,0.2,1400,0.2,1
12,1,936,2,10,5,0,500,0.6,1000,0.2,1400,0.2,2
12,2,586,0,0,300,0.5,1700,0.5,0
12,3,752,2,10,5,0,300,0.5,1700,0.5,2
12,4,275,2,10,5,0,300,0.5,1700,0.5,1
12,5,740,0,0,300,0.5,1700,0.5,2
12,6,158,1,0,500,0.6,1000,0.2,1400,0.2,2
12,7,252,0,0,300,0.5,1700,0.5,1
12,8,153,2,10,5,0,500,0.6,1000,0.2,1400,0.2,2
12,9,825,2,10,5,0,500,0.6,1000,0.2,1400,0.2,1
12,10,246,1,0,300,0.5,1700,0.5,2
12,11,53,0,0,300,0.5,1700,0.5,1
12,12,964,1,0,300,0.5,1700,0.5,0
12,13,927,0,0,500,0.6,1000,0.2,1400,0.2,0
12,14,219,2,10,5,0,500,0.6,1000,0.2,1400,0.2,0
13,0,482,1,0,500,0.6,1000,0.2,1400,0.2,0
13,1,722,2,10,5,0,300,0.5,1700,0.5,0
13,2,595,2,10,5,0,300,0.5,1700,0.5,1
13,3,650,2,10,5,0,300,0.5,1700,0.5,1
13,4,145,0,0,300,0.5,1700,0.5,2
13,5,97,0,0,300,0.5,1700,0.5,2
13,6,716,0,0,300,0.5,1700,0.5,2
13,7,811,1,0,300,0.5,1700,0.5,0
13,8,273,2,10,5,0,300,0.5,1700,0.5,2
13,9,729,2,10,5,0,500,0.6,1000,0.2,1400,0.2,1
13,10,708,0,0,500,0.6,1000,0.2,1400,0.2,0
13,11,126,2,10,5,0,500,0.6,1000,0.2,1400,0.2,0
13,12,635,1,0,500,0.6,1000,0.2,1400,0.2,2
13,13,482,2,10,5,0,300,0.5,1700,0.5,1
13,14,374,0,0,300,0.5,1700,0.5,1
14,0,547,1,0,300,0.5,1700,0.5,1
14,1,527,0,0,300,0.5,1700,0.5,1
14,2,200,2,10,5,0,300,0.5,1700,0.5,2
14,3,62,1,0,500,0.6,1000,0.2,1400,0.2,0
14,4,25,2,10,5,0,500,0.6,1000,0.2,1400,0.2,1
14,5,569,0,0,300,0.5,1700,0.5,0
14,6,758,1,0,500,0.6,1000,0.2,1400,0.2,2
14,7,295,0,0,500,0.6,1000,0.2,1400,0.2,0
14,8,435,2,10,5,0,300,0.5,1700,0.5,2
14,9,399,2,10,5,0,300,0.5,1700,0.5,0
14,10,597,2,10,5,0,300,0.5,1700,0.5,2
14,11,971,2,10,5,0,300,0.5,1700,0.5,0
14,12,107,1,0,300,0.5,1700,0.5,0
14,13,363,1,0,500,0.6,1000,0.2,1400,0.2,0
14,14,541,0,0,300,0.5,1700,0.5,1
