0,0,209,0,0,500,0.6,1000,0.2,1400,0.2,0
0,1,742,0,0,300,0.5,1700,0.5,2
0,2,834,1,0,300,0.5,1700,0.5,1
0,3,82,0,0,500,0.6,1000,0.2,1400,0.2,0
0,4,977,0,0,300,0.5,1700,0.5,0
0,5,173,1,0,300,0.5,1700,0.5,1
0,6,536,0,0,300,0.5,1700,0.5,0
0,7,82,2,10,5,0,300,0.5,1700,0.5,0
0,8,251,2,10,5,0,300,0.5,1700,0.5,0
0,9,251,1,0,300,0.5,1700,0.5,0
0,10,911,2,10,5,0,500,0.6,1000,0.2,1400,0.2,0
0,11,621,1,0,300,0.5,1700,0.5,0
0,12,876,0,0,500,0.6,1000,0.2,1400,0.2,1
0,13,156,2,10,5,0,300,0.5,1700,0.5,1
0,14,454,0,0,500,0.6,1000,0.2,1400,0.2,0
1,0,412,0,0,500,0.6,1000,0.2,1400,0.2,2
1,1,931,1,0,300,0.5,1700,0.5,1
1,2,175,1,0,300,0.5,1700,0.5,1
1,3,395,0,0,300,0.5,1700,0.5,1
1,4,672,0,0,300,0.5,1700,0.5,2
1,5,783,1,0,500,0.6,1000,0.2,1400,0.2,2
1,6,756,1,0,300,0.5,1700,0.5,0
1,7,651,2,10,5,0,500,0.6,1000,0.2,1400,0.2,0
1,8,484,1,0,500,0.6,1000,0.2,1400,0.2,0
1,9,217,1,0,500,0.6,1000,0.2,1400,0.2,2
1,10,119,0,0,300,0.5,1700,0.5,1
1,11,314,0,0,500,0.6,1000,0.2,1400,0.2,2
1,12,506,0,0,300,0.5,1700,0.5,1
1,13,510,0,0,500,0.6,1000,0.2,1400,0.2,0
1,14,176,1,0,300,0.5,1700,0.5,1
2,0,189,1,0,500,0.6,1000,0.2,1400,0.2,1
2,1,404,0,0,500,0.6,1000,0.2,1400,0.2,2
2,2,247,0,0,500,0.6,1000,0.2,1400,0.2,0
2,3,478,1,0,300,0.5,1700,0.5,1
2,4,297,0,0,300,0.5,1700,0.5,2
2,5,775,2,10,5,0,500,0.6,1000,0.2,1400,0.2,1
2,6,830,2,10,5,0,500,0.6,1000,0.2,1400,0.2,2
2,7,876,1,0,300,0.5,1700,0.5,1
2,8,885,0,0,500,0.6,1000,0.2,1400,0.2,2
2,9,923,1,0,300,0.5,1700,0.5,2
2,10,71,1,0,300,0.5,1700,0.5,0
2,11,330,1,0,500,0.6,1000,0.2,1400,0.2,2
2,12,931,2,10,5,0,500,0.6,1000,0.2,1400,0.2,0
2,13,67,1,0,500,0.6,1000,0.2,1400,0.2,2
2,14,404,2,10,5,0,300,0.5,1700,0.5,2
3,0,311,2,10,5,0,300,0.5,1700,0.5,2
3,1,74,1,0,300,0.5,1700,0.5,2
3,2,205,0,0,300,0.5,1700,0.5,0
3,3,163,2,10,5,0,500,0.6,1000,0.2,1400,0.2,1
3,4,185,1,0,500,0.6,1000,0.2,1400,0.2,0
3,5,238,0,0,500,0.6,1000,0.2,1400,0.2,0
3,6,799,2,10,5,0,300,0.5,1700,0.5,0
3,7,176,2,10,5,0,500,0.6,1000,0.2,1400,0.2,2
3,8,238,2,10,5,0,300,0.5,1700,0.5,2
3,9,527,1,0,500,0.6,1000,0.2,1400,0.2,2
3,10,736,0,0,300,0.5,1700,0.5,2
3,11,498,0,0,500,0.6,1000,0.2,1400,0.2,1
3,12,527,2,10,5,0,500,0.6,1000,0.2,1400,0.2,1
3,13,265,0,0,500,0.6,1000,0.2,1400,0.2,2
3,14,690,0,0,500,0.6,1000,0.2,1400,0.2,1
4,0,951,2,10,5,0,300,0.5,1700,0.5,2
4,1,83,0,0,500,0.6,1000,0.2,1400,0.2,1
4,2,109,2,10,5,0,300,0.5,1700,0.5,1
4,3,631,1,0,500,0.6,1000,0.2,1400,0.2,2
4,4,284,1,0,500,0.6,1000,0.2,1400,0.2,2
4,5,143,2,10,5,0,300,0.5,1700,0.5,2
4,6,184,2,10,5,0,500,0.6,1000,0.2,1400,0.2,2
4,7,826,0,0,300,0.5,1700,0.5,0
4,8,483,2,10,5,0,300,0.5,1700,0.5,2
4,9,621,0,0,500,0.6,1000,0.2,1400,0.2,2
4,10,572,1,0,300,0.5,1700,0.5,2
4,11,12,0,0,300,0.5,1700,0.5,1
4,12,119,0,0,500,0.6,1000,0.2,1400,0.2,1
4,13,70,0,0,500,0.6,1000,0.2,1400,0.2,2
4,14,377,1,0,300,0.5,1700,0.5,1
5,0,821,1,0,300,0.5,1700,0.5,1
5,1,622,2,10,5,0,300,0.5,1700,0.5,0
5,2,358,2,10,5,0,500,0.6,1000,0.2,1400,0.2,1
5,3,483,1,0,500,0.6,1000,0.2,1400,0.2,2
5,4,993,0,0,500,0.6,1000,0.2,1400,0.2,0
5,5,582,2,10,5,0,300,0.5,1700,0.5,0
5,6,621,0,0,300,0.5,1700,0.5,1
5,7,444,1,0,500,0.6,1000,0.2,1400,0.2,2
5,8,353,2,10,5,0,300,0.5,1700,0.5,1
5,9,81,2,10,5,0,300,0.5,1700,0.5,2
5,10,907,2,10,5,0,300,0.5,1700,0.5,2
5,11,584,2,10,5,0,500,0.6,1000,0.2,1400,0.2,1
5,12,444,0,0,300,0.5,1700,0.5,1
5,13,268,1,0,300,0.5,1700,0.5,2
5,14,882,2,10,5,0,500,0.6,1000,0.2,1400,0.2,2
6,0,31,2,10,5,0,500,0.6,1000,0.2,1400,0.2,2
6,1,307,2,10,5,0,500,0.6,1000,0.2,1400,0.2,2
6,2,178,0,0,300,0.5,1700,0.5,1
6,3,156,1,0,500,0.6,1000,0.2,1400,0.2,0
6,4,676,1,0,500,0.6,1000,0.2,1400,0.2,0
6,5,804,1,0,300,0.5,1700,0.5,0
6,6,348,0,0,500,0.6,1000,0.2,1400,0.2,1
6,7,27,0,0,300,0.5,1700,0.5,2
6,8,22,2,10,5,0,300,0.5,1700,0.5,0
6,9,592,2,10,5,0,300,0.5,1700,0.5,1
6,10,243,0,0,500,0.6,1000,0.2,1400,0.2,1
6,11,872,1,0,500,0.6,1000,0.2,1400,0.2,0
6,12,461,2,10,5,0,500,0.6,1000,0.2,1400,0.2,1
6,13,449,2,10,5,0,500,0.6,1000,0.2,1400,0.2,0
6,14,196,2,10,5,0,500,0.6,1000,0.2,1400,0.2,0
7,0,207,2,10,5,0,300,0.5,1700,0.5,2
7,1,886,2,10,5,0,500,0.6,1000,0.2,1400,0.2,1
7,2,578,0,0,300,0.5,1700,0.5,1
7,3,402,1,0,500,0.6,1000,0.2,1400,0.2,2
7,4,704,0,0,300,0.5,1700,0.5,0
7,5,32,2,10,5,0,500,0.6,1000,0.2,1400,0.2,1
7,6,946,2,10,5,0,500,0.6,1000,0.2,1400,0.2,0
7,7,941,0,0,300,0.5,1700,0.5,2
7,8,562,1,0,300,0.5,1700,0.5,2
7,9,571,1,0,300,0.5,1700,0.5,1
7,10,476,0,0,500,0.6,1000,0.2,1400,0.2,0
7,11,572,1,0,300,0.5,1700,0.5,0
7,12,506,2,10,5,0,500,0.6,1000,0.2,1400,0.2,0
7,13,676,2,10,5,0,300,0.5,1700,0.5,0
7,14,558,2,10,5,0,500,0.6,1000,0.2,1400,0.2,2
8,0,847,1,0,500,0.6,1000,0.2,1400,0.2,1
8,1,839,1,0,500,0.6,1000,0.2,1400,0.2,1
8,2,634,1,0,500,0.6,1000,0.2,1400,0.2,1
8,3,623,2,10,5,0,300,0.5,1700,0.5,2
8,4,628,2,10,5,0,500,0.6,1000,0.2,1400,0.2,1
8,5,693,2,10,5,0,300,0.5,1700,0.5,1
8,6,520,2,10,5,0,300,0.5,1700,0.5,0
8,7,853,0,0,300,0.5,1700,0.5,1
8,8,934,1,0,300,0.5,1700,0.5,0
8,9,694,1,0,500,0.6,1000,0.2,1400,0.2,0
8,10,261,2,10,5,0,300,0.5,1700,0.5,0
8,11,28,2,10,5,0,500,0.6,1000,0.2,1400,0.2,0
8,12,576,1,0,300,0.5,1700,0.5,2
8,13,750,0,0,500,0.6,1000,0.2,1400,0.2,2
8,14,153,1,0,300,0.5,1700,0.5,0
9,0,248,0,0,500,0.6,1000,0.2,1400,0.2,0
9,1,41,1,0,300,0.5,1700,0.5,1
9,2,725,0,0,300,0.5,1700,0.5,0
9,3,268,2,10,5,0,500,0.6,1000,0.2,1400,0.2,1
9,4,671,0,0,300,0.5,1700,0.5,2
9,5,301,0,0,500,0.6,1000,0.2,1400,0.2,2
9,6,14,2,10,5,0,500,0.6,1000,0.2,1400,0.2,2
9,7,59,2,10,5,0,500,0.6,1000,0.2,1400,0.2,1
9,8,197,2,10,5,0,500,0.6,1000,0.2,1400,0.2,0
9,9,645,2,10,5,0,300,0.5,1700,0.5,1
9,10,764,1,0,300,0.5,1700,0.5,1
9,11,933,1,0,500,0.6,1000,0.2,1400,0.2,2
9,12,448,2,10,5,0,300,0.5,1700,0.5,2
9,13,100,0,0,300,0.5,1700,0.5,0
9,14,623,2,10,5,0,500,0.6,1000,0.2,1400,0.2,2
10,0,462,0,0,500,0.6,1000,0.2,1400,0.2,2
10,1,927,2,10,5,0,500,0.6,1000,0.2,1400,0.2,0
10,2,273,2,10,5,0,500,0.6,1000,0.2,1400,0.2,0
10,3,137,0,0,500,0.6,1000,0.2,1400,0.2,1
10,4,841,2,10,5,0,500,0.6,1000,0.2,1400,0.2,1
10,5,524,1,0,500,0.6,1000,0.2,1400,0.2,1
10,6,839,0,0,500,0.6,1000,0.2,1400,0.2,0
10,7,983,1,0,300,0.5,1700,0.5,1
10,8,962,2,10,5,0,500,0.6,1000,0.2,1400,0.2,0
10,9,141,0,0,300,0.5,1700,0.5,1
10,10,247,1,0,500,0.6,1000,0.2,1400,0.2,0
10,11,998,1,0,300,0.5,1700,0.5,0
10,12,27,1,0,500,0.6,1000,0.2,1400,0.2,2
10,13,225,0,0,300,0.5,1700,0.5,0
10,14,834,2,10,5,0,300,0.5,1700,0.5,1
11,0,626,2,10,5,0,500,0.6,1000,0.2,1400,0.2,1
11,1,622,0,0,500,0.6,1000,0.2,1400,0.2,2
11,2,367,1,0,300,0.5,1700,0.5,2
11,3,490,2,10,5,0,300,0.5,1700,0.5,2
11,4,149,1,0,500,0.6,1000,0.2,1400,0.2,0
11,5,869,2,10,5,0,300,0.5,1700,0.5,2
11,6,114,0,0,500,0.6,1000,0.2,1400,0.2,1
11,7,629,1,0,300,0.5,1700,0.5,0
11,8,97,2,10,5,0,500,0.6,1000,0.2,1400,0.2,0
11,9,14,2,10,5,0,300,0.5,1700,0.5,1
11,10,510,2,10,5,0,300,0.5,1700,0.5,2
11,11,81,2,10,5,0,500,0.6,1000,0.2,1400,0.2,0
11,12,376,2,10,5,0,500,0.6,1000,0.2,1400,0.2,0
11,13,47,0,0,300,0.5,1700,0.5,1
11,14,820,0,0,300,0.5,1700,0.5,1
12,0,479,1,0,300,0.5,1700,0.5,2
12,1,243,2,10,5,0,500,0.6,1000,0.2,1400,0.2,0
12,2,987,0,0,300,0.5,1700,0.5,2
12,3,881,2,10,5,0,300,0.5,1700,0.5,2
12,4,444,0,0,500,0.6,1000,0.2,1400,0.2,1
12,5,549,2,10,5,0,300,0.5,1700,0.5,0
12,6,202,1,0,300,0.5,1700,0.5,2
12,7,178,1,0,500,0.6,1000,0.2,1400,0.2,2
12,8,35,1,0,500,0.6,1000,0.2,1400,0.2,2
12,9,717,1,0,500,0.6,1000,0.2,1400,0.2,2
12,10,276,1,0,500,0.6,1000,0.2,1400,0.2,0
12,11,636,2,10,5,0,500,0.6,1000,0.2,1400,0.2,2
12,12,109,2,10,5,0,500,0.6,1000,0.2,1400,0.2,0
12,13,800,2,10,5,0,300,0.5,1700,0.5,0
12,14,819,0,0,300,0.5,1700,0.5,1
13,0,200,1,0,500,0.6,1000,0.2,1400,0.2,1
13,1,172,2,10,5,0,500,0.6,1000,0.2,1400,0.2,1
13,2,629,1,0,300,0.5,1700,0.5,1
13,3,752,0,0,300,0.5,1700,0.5,1
13,4,705,1,0,500,0.6,1000,0.2,1400,0.2,2
13,5,797,1,0,300,0.5,1700,0.5,1
13,6,412,1,0,500,0.6,1000,0.2,1400,0.2,0
13,7,307,0,0,300,0.5,1700,0.5,2
13,8,254,1,0,500,0.6,1000,0.2,1400,0.2,0
13,9,528,2,10,5,0,300,0.5,1700,0.5,1
13,10,97,2,10,5,0,500,0.6,1000,0.2,1400,0.2,2
13,11,239,2,10,5,0,300,0.5,1700,0.5,0
13,12,282,2,10,5,0,300,0.5,1700,0.5,1
13,13,900,0,0,300,0.5,1700,0.5,2
13,14,913,1,0,500,0.6,1000,0.2,1400,0.2,2
14,0,899,0,0,500,0.6,1000,0.2,1400,0.2,0
14,1,21,0,0,500,0.6,1000,0.2,1400,0.2,2
14,2,254,0,0,500,0.6,1000,0.2,1400,0.2,1
14,3,347,1,0,500,0.6,1000,0.2,1400,0.2,0
14,4,238,2,10,5,0,500,0.6,1000,0.2,1400,0.2,2
14,5,624,1,0,300,0.5,1700,0.5,1
14,6,951,1,0,500,0.6,1000,0.2,1400,0.2,1
14,7,204,0,0,300,0.5,1700,0.5,1
14,8,123,2,10,5,0,500,0.6,1000,0.2,1400,0.2,0
14,9,235,1,0,500,0.6,1000,0.2,1400,0.2,1
14,10,550,2,10,5,0,300,0.5,1700,0.5,2
14,11,435,2,10,5,0,300,0.5,1700,0.5,0
14,12,906,2,10,5,0,300,0.5,1700,0.5,2
14,13,318,0,0,300,0.5,1700,0.5,0
14,14,423,2,10,5,0,500,0.6,1000,0.2,1400,0.2,2
