0,0,572,2,10,5,0,500,0.6,1000,0.2,1400,0.2,2
0,1,985,1,0,300,0.5,1700,0.5,0
0,2,217,1,0,300,0.5,1700,0.5,1
0,3,819,2,10,5,0,300,0.5,1700,0.5,0
0,4,508,1,0,300,0.5,1700,0.5,1
0,5,763,0,0,500,0.6,1000,0.2,1400,0.2,0
0,6,870,1,0,500,0.6,1000,0.2,1400,0.2,1
0,7,73,0,0,300,0.5,1700,0.5,0
0,8,633,2,10,5,0,500,0.6,1000,0.2,1400,0.2,2
0,9,281,0,0,300,0.5,1700,0.5,1
0,10,298,1,0,500,0.6,1000,0.2,1400,0.2,1
0,11,668,2,10,5,0,300,0.5,1700,0.5,2
0,12,174,0,0,500,0.6,1000,0.2,1400,0.2,2
0,13,110,1,0,300,0.5,1700,0.5,1
0,14,663,1,0,300,0.5,1700,0.5,2
1,0,830,2,10,5,0,300,0.5,1700,0.5,1
1,1,587,1,0,500,0.6,1000,0.2,1400,0.2,2
1,2,522,0,0,300,0.5,1700,0.5,2
1,3,555,1,0,500,0.6,1000,0.2,1400,0.2,2
1,4,368,0,0,300,0.5,1700,0.5,0
1,5,690,2,10,5,0,500,0.6,1000,0.2,1400,0.2,1
1,6,848,2,10,5,0,300,0.5,1700,0.5,2
1,7,308,0,0,500,0.6,1000,0.2,1400,0.2,1
1,8,633,2,10,5,0,500,0.6,1000,0.2,1400,0.2,0
1,9,880,0,0,500,0.6,1000,0.2,1400,0.2,0
1,10,109,2,10,5,0,300,0.5,1700,0.5,2
1,11,841,0,0,300,0.5,1700,0.5,1
1,12,349,1,0,500,0.6,1000,0.2,1400,0.2,2
1,13,836,0,0,500,0.6,1000,0.2,1400,0.2,0
1,14,169,2,10,5,0,300,0.5,1700,0.5,2
2,0,695,2,10,5,0,300,0.5,1700,0.5,0
2,1,268,1,0,300,0.5,1700,0.5,1
2,2,292,0,0,300,0.5,1700,0.5,2
2,3,84,1,0,300,0.5,1700,0.5,1
2,4,39,1,0,300,0.5,1700,0.5,2
2,5,437,2,10,5,0,500,0.6,1000,0.2,1400,0.2,1
2,6,633,1,0,500,0.6,1000,0.2,1400,0.2,2
2,7,985,0,0,500,0.6,1000,0.2,1400,0.2,1
2,8,858,0,0,300,0.5,1700,0.5,2
2,9,434,0,0,500,0.6,1000,0.2,1400,0.2,1
2,10,951,2,10,5,0,500,0.6,1000,0.2,1400,0.2,2
2,11,279,1,0,300,0.5,1700,0.5,2
2,12,297,2,10,5,0,300,0.5,1700,0.5,1
2,13,697,0,0,500,0.6,1000,0.2,1400,0.2,1
2,14,538,2,10,5,0,500,0.6,1000,0.2,1400,0.2,2
3,0,846,0,0,300,0.5,1700,0.5,1
3,1,262,1,0,300,0.5,1700,0.5,1
3,2,685,2,10,5,0,500,0.6,1000,0.2,1400,0.2,0
3,3,932,1,0,500,0.6,1000,0.2,1400,0.2,0
3,4,965,2,10,5,0,500,0.6,1000,0.2,1400,0.2,0
3,5,674,0,0,500,0.6,1000,0.2,1400,0.2,0
3,6,481,2,10,5,0,300,0.5,1700,0.5,2
3,7,410,1,0,300,0.5,1700,0.5,2
3,8,551,2,10,5,0,500,0.6,1000,0.2,1400,0.2,0
3,9,127,0,0,500,0.6,1000,0.2,1400,0.2,2
3,10,416,0,0,500,0.6,1000,0.2,1400,0.2,0
3,11,642,0,0,500,0.6,1000,0.2,1400,0.2,0
3,12,902,2,10,5,0,300,0.5,1700,0.5,0
3,13,347,2,10,5,0,300,0.5,1700,0.5,1
3,14,532,2,10,5,0,300,0.5,1700,0.5,2
4,0,212,1,0,500,0.6,1000,0.2,1400,0.2,2
4,1,639,1,0,500,0.6,1000,0.2,1400,0.2,2
4,2,625,1,0,300,0.5,1700,0.5,2
4,3,656,1,0,500,0.6,1000,0.2,1400,0.2,1
4,4,486,0,0,300,0.5,1700,0.5,0
4,5,643,0,0,300,0.5,1700,0.5,1
4,6,190,0,0,300,0.5,1700,0.5,2
4,7,881,0,0,300,0.5,1700,0.5,0
4,8,685,0,0,500,0.6,1000,0.2,1400,0.2,0
4,9,785,2,10,5,0,300,0.5,1700,0.5,0
4,10,686,0,0,500,0.6,1000,0.2,1400,0.2,0
4,11,80,2,10,5,0,500,0.6,1000,0.2,1400,0.2,1
4,12,79,1,0,300,0.5,1700,0.5,2
4,13,11,0,0,500,0.6,1000,0.2,1400,0.2,1
4,14,906,1,0,300,0.5,1700,0.5,0
5,0,503,0,0,300,0.5,1700,0.5,0
5,1,80,1,0,500,0.6,1000,0.2,1400,0.2,2
5,2,827,1,0,500,0.6,1000,0.2,1400,0.2,1
5,3,679,0,0,500,0.6,1000,0.2,1400,0.2,0
5,4,415,0,0,500,0.6,1000,0.2,1400,0.2,2
5,5,383,2,10,5,0,500,0.6,1000,0.2,1400,0.2,2
5,6,919,0,0,500,0.6,1000,0.2,1400,0.2,1
5,7,302,2,10,5,0,500,0.6,1000,0.2,1400,0.2,2
5,8,173,0,0,500,0.6,1000,0.2,1400,0.2,0
5,9,192,1,0,500,0.6,1000,0.2,1400,0.2,1
5,10,651,2,10,5,0,500,0.6,1000,0.2,1400,0.2,1
5,11,177,2,10,5,0,300,0.5,1700,0.5,1
5,12,677,0,0,300,0.5,1700,0.5,2
5,13,448,2,10,5,0,500,0.6,1000,0.2,1400,0.2,0
5,14,210,2,10,5,0,300,0.5,1700,0.5,1
6,0,284,1,0,500,0.6,1000,0.2,1400,0.2,1
6,1,736,0,0,500,0.6,1000,0.2,1400,0.2,1
6,2,71,0,0,300,0.5,1700,0.5,0
6,3,342,2,10,5,0,500,0.6,1000,0.2,1400,0.2,2
6,4,991,2,10,5,0,500,0.6,1000,0.2,1400,0.2,0
6,5,22,1,0,500,0.6,1000,0.2,1400,0.2,2
6,6,88,0,0,500,0.6,1000,0.2,1400,0.2,2
6,7,756,1,0,300,0.5,1700,0.5,0
6,8,404,2,10,5,0,300,0.5,1700,0.5,2
6,9,987,2,10,5,0,500,0.6,1000,0.2,1400,0.2,0
6,10,248,0,0,500,0.6,1000,0.2,1400,0.2,1
6,11,823,0,0,300,0.5,1700,0.5,1
6,12,498,2,10,5,0,300,0.5,1700,0.5,0
6,13,998,1,0,300,0.5,1700,0.5,0
6,14,408,2,10,5,0,300,0.5,1700,0.5,2
7,0,506,1,0,300,0.5,1700,0.5,1
7,1,595,2,10,5,0,500,0.6,1000,0.2,1400,0.2,2
7,2,781,1,0,500,0.6,1000,0.2,1400,0.2,2
7,3,634,2,10,5,0,500,0.6,1000,0.2,1400,0.2,0
7,4,634,0,0,300,0.5,1700,0.5,1
7,5,805,2,10,5,0,500,0.6,1000,0.2,1400,0.2,0
7,6,124,1,0,500,0.6,1000,0.2,1400,0.2,1
7,7,608,2,10,5,0,500,0.6,1000,0.2,1400,0.2,0
7,8,658,2,10,5,0,300,0.5,1700,0.5,0
7,9,322,1,0,500,0.6,1000,0.2,1400,0.2,0
7,10,168,0,0,500,0.6,1000,0.2,1400,0.2,0
7,11,585,2,10,5,0,500,0.6,1000,0.2,1400,0.2,1
7,12,704,2,10,5,0,300,0.5,1700,0.5,1
7,13,418,0,0,500,0.6,1000,0.2,1400,0.2,1
7,14,888,2,10,5,0,500,0.6,1000,0.2,1400,0.2,2
8,0,820,2,10,5,0,500,0.6,1000,0.2,1400,0.2,2
8,1,770,0,0,300,0.5,1700,0.5,2
8,2,198,1,0,300,0.5,1700,0.5,0
8,3,900,0,0,500,0.6,1000,0.2,1400,0.2,0
8,4,49,0,0,500,0.6,1000,0.2,1400,0.2,1
8,5,547,0,0,500,0.6,1000,0.2,1400,0.2,2
8,6,237,0,0,500,0.6,1000,0.2,1400,0.2,1
8,7,223,2,10,5,0,300,0.5,1700,0.5,2
8,8,570,1,0,300,0.5,1700,0.5,0
8,9,231,1,0,500,0.6,1000,0.2,1400,0.2,2
8,10,710,2,10,5,0,300,0.5,1700,0.5,1
8,11,917,2,10,5,0,300,0.5,1700,0.5,2
8,12,182,1,0,500,0.6,1000,0.2,1400,0.2,1
8,13,721,1,0,300,0.5,1700,0.5,2
8,14,734,1,0,500,0.6,1000,0.2,1400,0.2,0
9,0,277,0,0,300,0.5,1700,0.5,1
9,1,796,2,10,5,0,300,0.5,1700,0.5,1
9,2,207,2,10,5,0,500,0.6,1000,0.2,1400,0.2,0
9,3,650,1,0,500,0.6,1000,0.2,1400,0.2,0
9,4,655,2,10,5,0,500,0.6,1000,0.2,1400,0.2,1
9,5,360,1,0,500,0.6,1000,0.2,1400,0.2,1
9,6,553,2,10,5,0,300,0.5,1700,0.5,2
9,7,470,1,0,300,0.5,1700,0.5,2
9,8,989,0,0,300,0.5,1700,0.5,0
9,9,830,0,0,300,0.5,1700,0.5,1
9,10,837,1,0,500,0.6,1000,0.2,1400,0.2,0
9,11,74,0,0,300,0.5,1700,0.5,2
9,12,785,2,10,5,0,500,0.6,1000,0.2,1400,0.2,1
9,13,197,2,10,5,0,300,0.5,1700,0.5,2
9,14,33,1,0,300,0.5,1700,0.5,0
10,0,588,2,10,5,0,300,0.5,1700,0.5,2
10,1,501,0,0,500,0.6,1000,0.2,1400,0.2,2
10,2,466,0,0,500,0.6,1000,0.2,1400,0.2,0
10,3,765,1,0,300,0.5,1700,0.5,0
10,4,868,2,10,5,0,500,0.6,1000,0.2,1400,0.2,0
10,5,908,0,0,300,0.5,1700,0.5,0
10,6,616,1,0,500,0.6,1000,0.2,1400,0.2,2
10,7,109,2,10,5,0,500,0.6,1000,0.2,1400,0.2,2
10,8,899,0,0,300,0.5,1700,0.5,2
10,9,62,2,10,5,0,300,0.5,1700,0.5,1
10,10,906,0,0,500,0.6,1000,0.2,1400,0.2,1
10,11,225,1,0,500,0.6,1000,0.2,1400,0.2,0
10,12,800,2,10,5,0,300,0.5,1700,0.5,0
10,13,374,1,0,300,0.5,1700,0.5,0
10,14,878,0,0,500,0.6,1000,0.2,1400,0.2,1
11,0,648,1,0,500,0.6,1000,0.2,1400,0.2,0
11,1,895,0,0,500,0.6,1000,0.2,1400,0.2,2
11,2,509,0,0,300,0.5,1700,0.5,1
11,3,114,1,0,300,0.5,1700,0.5,1
11,4,339,1,0,500,0.6,1000,0.2,1400,0.2,1
11,5,455,2,10,5,0,500,0.6,1000,0.2,1400,0.2,1
11,6,708,1,0,300,0.5,1700,0.5,0
11,7,573,0,0,500,0.6,1000,0.2,1400,0.2,0
11,8,361,1,0,500,0.6,1000,0.2,1400,0.2,2
11,9,52,1,0,300,0.5,1700,0.5,0
11,10,363,0,0,300,0.5,1700,0.5,1
11,11,901,2,10,5,0,300,0.5,1700,0.5,0
11,12,282,2,10,5,0,500,0.6,1000,0.2,1400,0.2,2
11,13,819,0,0,500,0.6,1000,0.2,1400,0.2,1
11,14,658,2,10,5,0,300,0.5,1700,0.5,1
12,0,352,0,0,300,0.5,1700,0.5,2
12,1,724,2,10,5,0,500,0.6,1000,0.2,1400,0.2,2
12,2,422,0,0,300,0.5,1700,0.5,0
12,3,955,2,10,5,0,300,0.5,1700,0.5,2
12,4,432,2,10,5,0,300,0.5,1700,0.5,1
12,5,753,1,0,500,0.6,1000,0.2,1400,0.2,1
12,6,570,2,10,5,0,300,0.5,1700,0.5,0
12,7,799,2,10,5,0,300,0.5,1700,0.5,1
12,8,439,1,0,500,0.6,1000,0.2,1400,0.2,1
12,9,266,1,0,500,0.6,1000,0.2,1400,0.2,1
12,10,629,0,0,500,0.6,1000,0.2,1400,0.2,0
12,11,796,0,0,300,0.5,1700,0.5,1
12,12,663,0,0,500,0.6,1000,0.2,1400,0.2,0
12,13,377,2,10,5,0,500,0.6,1000,0.2,1400,0.2,1
12,14,66,1,0,300,0.5,1700,0.5,0
13,0,748,1,0,500,0.6,1000,0.2,1400,0.2,2
13,1,802,2,10,5,0,300,0.5,1700,0.5,2
13,2,429,2,10,5,0,300,0.5,1700,0.5,0
13,3,994,2,10,5,0,300,0.5,1700,0.5,2
13,4,761,1,0,300,0.5,1700,0.5,2
13,5,55,1,0,300,0.5,1700,0.5,0
13,6,467,1,0,500,0.6,1000,0.2,1400,0.2,0
13,7,873,2,10,5,0,500,0.6,1000,0.2,1400,0.2,2
13,8,41,2,10,5,0,500,0.6,1000,0.2,1400,0.2,0
13,9,665,1,0,500,0.6,1000,0.2,1400,0.2,0
13,10,333,2,10,5,0,500,0.6,1000,0.2,1400,0.2,0
13,11,635,0,0,500,0.6,1000,0.2,1400,0.2,2
13,12,586,1,0,500,0.6,1000,0.2,1400,0.2,0
13,13,321,2,10,5,0,500,0.6,1000,0.2,1400,0.2,1
13,14,756,0,0,300,0.5,1700,0.5,1
14,0,399,0,0,500,0.6,1000,0.2,1400,0.2,2
14,1,611,0,0,300,0.5,1700,0.5,0
14,2,48,2,10,5,0,300,0.5,1700,0.5,0
14,3,286,1,0,500,0.6,1000,0.2,1400,0.2,2
14,4,263,1,0,300,0.5,1700,0.5,0
14,5,291,0,0,300,0.5,1700,0.5,2
14,6,779,1,0,300,0.5,1700,0.5,2
14,7,961,2,10,5,0,500,0.6,1000,0.2,1400,0.2,0
14,8,507,1,0,300,0.5,1700,0.5,0
14,9,120,2,10,5,0,300,0.5,1700,0.5,0
14,10,786,0,0,300,0.5,1700,0.5,2
14,11,11,1,0,500,0.6,1000,0.2,1400,0.2,1
14,12,817,1,0,300,0.5,1700,0.5,1
14,13,87,1,0,300,0.5,1700,0.5,1
14,14,56,2,10,5,0,300,0.5,1700,0.5,1
