0,0,607,1,0,300,0.5,1700,0.5,1
0,1,139,1,0,500,0.6,1000,0.2,1400,0.2,1
0,2,728,1,0,500,0.6,1000,0.2,1400,0.2,0
0,3,865,1,0,300,0.5,1700,0.5,1
0,4,597,2,10,5,0,500,0.6,1000,0.2,1400,0.2,2
0,5,183,1,0,500,0.6,1000,0.2,1400,0.2,0
0,6,334,2,10,5,0,300,0.5,1700,0.5,0
0,7,921,2,10,5,0,300,0.5,1700,0.5,0
0,8,324,2,10,5,0,300,0.5,1700,0.5,2
0,9,506,2,10,5,0,300,0.5,1700,0.5,2
0,10,348,2,10,5,0,500,0.6,1000,0.2,1400,0.2,2
0,11,497,1,0,500,0.6,1000,0.2,1400,0.2,1
0,12,581,2,10,5,0,300,0.5,1700,0.5,0
0,13,914,1,0,500,0.6,1000,0.2,1400,0.2,2
0,14,191,2,10,5,0,500,0.6,1000,0.2,1400,0.2,0
1,0,303,1,0,500,0.6,1000,0.2,1400,0.2,0
1,1,818,2,10,5,0,500,0.6,1000,0.2,1400,0.2,1
1,2,543,1,0,500,0.6,1000,0.2,1400,0.2,0
1,3,865,0,0,500,0.6,1000,0.2,1400,0.2,0
1,4,411,1,0,300,0.5,1700,0.5,0
1,5,433,1,0,300,0.5,1700,0.5,2
1,6,636,0,0,300,0.5,1700,0.5,0
1,7,298,1,0,300,0.5,1700,0.5,2
1,8,545,2,10,5,0,300,0.5,1700,0.5,2
1,9,899,2,10,5,0,300,0.5,1700,0.5,2
1,10,158,1,0,300,0.5,1700,0.5,2
1,11,11,1,0,500,0.6,1000,0.2,1400,0.2,2
1,12,715,0,0,500,0.6,1000,0.2,1400,0.2,1
1,13,787,0,0,300,0.5,1700,0.5,2
1,14,842,1,0,300,0.5,1700,0.5,0
2,0,914,0,0,500,0.6,1000,0.2,1400,0.2,0
2,1,32,0,0,300,0.5,1700,0.5,0
2,2,804,1,0,500,0.6,1000,0.2,1400,0.2,1
2,3,375,2,10,5,0,500,0.6,1000,0.2,1400,0.2,2
2,4,351,0,0,300,0.5,1700,0.5,2
2,5,396,0,0,500,0.6,1000,0.2,1400,0.2,2
2,6,168,1,0,300,0.5,1700,0.5,0
2,7,132,0,0,500,0.6,1000,0.2,1400,0.2,1
2,8,759,0,0,500,0.6,1000,0.2,1400,0.2,1
2,9,228,2,10,5,0,300,0.5,1700,0.5,0
2,10,707,2,10,5,0,500,0.6,1000,0.2,1400,0.2,1
2,11,552,2,10,5,0,500,0.6,1000,0.2,1400,0.2,1
2,12,477,2,10,5,0,300,0.5,1700,0.5,1
2,13,529,0,0,300,0.5,1700,0.5,2
2,14,268,2,10,5,0,500,0.6,1000,0.2,1400,0.2,2
3,0,884,0,0,500,0.6,1000,0.2,1400,0.2,2
3,1,234,2,10,5,0,500,0.6,1000,0.2,1400,0.2,1
3,2,301,1,0,300,0.5,1700,0.5,2
3,3,987,1,0,500,0.6,1000,0.2,1400,0.2,2
3,4,401,1,0,500,0.6,1000,0.2,1400,0.2,2
3,5,613,0,0,500,0.6,1000,0.2,1400,0.2,2
3,6,892,1,0,300,0.5,1700,0.5,0
3,7,228,1,0,500,0.6,1000,0.2,1400,0.2,1
3,8,396,1,0,500,0.6,1000,0.2,1400,0.2,0
3,9,269,0,0,300,0.5,1700,0.5,2
3,10,735,1,0,500,0.6,1000,0.2,1400,0.2,1
3,11,892,1,0,300,0.5,1700,0.5,2
3,12,371,2,10,5,0,300,0.5,1700,0.5,0
3,13,266,2,10,5,0,500,0.6,1000,0.2,1400,0.2,1
3,14,748,1,0,500,0.6,1000,0.2,1400,0.2,1
4,0,21,0,0,300,0.5,1700,0.5,2
4,1,384,2,10,5,0,500,0.6,1000,0.2,1400,0.2,0
4,2,637,0,0,500,0.6,1000,0.2,1400,0.2,2
4,3,746,2,10,5,0,300,0.5,1700,0.5,0
4,4,248,1,0,300,0.5,1700,0.5,0
4,5,220,2,10,5,0,500,0.6,1000,0.2,1400,0.2,1
4,6,83,2,10,5,0,500,0.6,1000,0.2,1400,0.2,0
4,7,424,1,0,300,0.5,1700,0.5,0
4,8,753,1,0,500,0.6,1000,0.2,1400,0.2,2
4,9,90,1,0,500,0.6,1000,0.2,1400,0.2,2
4,10,589,1,0,300,0.5,1700,0.5,1
4,11,577,2,10,5,0,300,0.5,1700,0.5,0
4,12,390,0,0,500,0.6,1000,0.2,1400,0.2,1
4,13,800,2,10,5,0,500,0.6,1000,0.2,1400,0.2,0
4,14,581,1,0,300,0.5,1700,0.5,2
5,0,13,0,0,300,0.5,1700,0.5,2
5,1,249,1,0,500,0.6,1000,0.2,1400,0.2,2
5,2,90,1,0,500,0.6,1000,0.2,1400,0.2,2
5,3,114,0,0,500,0.6,1000,0.2,1400,0.2,1
5,4,522,0,0,300,0.5,1700,0.5,0
5,5,644,2,10,5,0,500,0.6,1000,0.2,1400,0.2,2
5,6,623,0,0,500,0.6,1000,0.2,1400,0.2,2
5,7,745,0,0,500,0.6,1000,0.2,1400,0.2,1
5,8,349,1,0,500,0.6,1000,0.2,1400,0.2,2
5,9,893,1,0,300,0.5,1700,0.5,2
5,10,486,2,10,5,0,500,0.6,1000,0.2,1400,0.2,1
5,11,205,2,10,5,0,300,0.5,1700,0.5,2
5,12,212,0,0,500,0.6,1000,0.2,1400,0.2,2
5,13,838,1,0,500,0.6,1000,0.2,1400,0.2,0
5,14,824,2,10,5,0,500,0.6,1000,0.2,1400,0.2,0
6,0,67,0,0,500,0.6,1000,0.2,1400,0.2,2
6,1,584,0,0,300,0.5,1700,0.5,0
6,2,592,1,0,500,0.6,1000,0.2,1400,0.2,2
6,3,13,2,10,5,0,300,0.5,1700,0.5,2
6,4,273,1,0,300,0.5,1700,0.5,0
6,5,427,2,10,5,0,500,0.6,1000,0.2,1400,0.2,1
6,6,588,0,0,500,0.6,1000,0.2,1400,0.2,1
6,7,557,0,0,500,0.6,1000,0.2,1400,0.2,0
6,8,248,0,0,500,0.6,1000,0.2,1400,0.2,0
6,9,175,2,10,5,0,500,0.6,1000,0.2,1400,0.2,2
6,10,809,2,10,5,0,500,0.6,1000,0.2,1400,0.2,1
6,11,576,0,0,500,0.6,1000,0.2,1400,0.2,0
6,12,519,2,10,5,0,500,0.6,1000,0.2,1400,0.2,1
6,13,387,1,0,500,0.6,1000,0.2,1400,0.2,2
6,14,444,1,0,500,0.6,1000,0.2,1400,0.2,0
7,0,180,2,10,5,0,500,0.6,1000,0.2,1400,0.2,1
7,1,237,2,10,5,0,300,0.5,1700,0.5,1
7,2,989,1,0,300,0.5,1700,0.5,1
7,3,458,0,0,500,0.6,1000,0.2,1400,0.2,2
7,4,635,0,0,300,0.5,1700,0.5,1
7,5,833,2,10,5,0,300,0.5,1700,0.5,0
7,6,761,1,0,500,0.6,1000,0.2,1400,0.2,2
7,7,575,0,0,500,0.6,1000,0.2,1400,0.2,2
7,8,773,2,10,5,0,500,0.6,1000,0.2,1400,0.2,0
7,9,13,0,0,500,0.6,1000,0.2,1400,0.2,0
7,10,740,0,0,300,0.5,1700,0.5,0
7,11,951,0,0,500,0.6,1000,0.2,1400,0.2,0
7,12,709,2,10,5,0,300,0.5,1700,0.5,0
7,13,699,0,0,300,0.5,1700,0.5,0
7,14,652,0,0,300,0.5,1700,0.5,2
8,0,282,2,10,5,0,500,0.6,1000,0.2,1400,0.2,2
8,1,365,1,0,500,0.6,1000,0.2,1400,0.2,2
8,2,259,1,0,500,0.6,1000,0.2,1400,0.2,2
8,3,465,1,0,300,0.5,1700,0.5,2
8,4,931,2,10,5,0,300,0.5,1700,0.5,2
8,5,856,1,0,500,0.6,1000,0.2,1400,0.2,2
8,6,467,1,0,500,0.6,1000,0.2,1400,0.2,2
8,7,741,0,0,500,0.6,1000,0.2,1400,0.2,2
8,8,232,1,0,500,0.6,1000,0.2,1400,0.2,0
8,9,617,2,10,5,0,500,0.6,1000,0.2,1400,0.2,0
8,10,499,1,0,300,0.5,1700,0.5,0
8,11,557,0,0,500,0.6,1000,0.2,1400,0.2,0
8,12,839,0,0,300,0.5,1700,0.5,0
8,13,589,2,10,5,0,300,0.5,1700,0.5,2
8,14,66,2,10,5,0,500,0.6,1000,0.2,1400,0.2,2
9,0,472,1,0,300,0.5,1700,0.5,2
9,1,271,1,0,300,0.5,1700,0.5,1
9,2,255,1,0,300,0.5,1700,0.5,1
9,3,944,2,10,5,0,300,0.5,1700,0.5,0
9,4,90,1,0,300,0.5,1700,0.5,0
9,5,779,0,0,300,0.5,1700,0.5,2
9,6,156,2,10,5,0,500,0.6,1000,0.2,1400,0.2,0
9,7,45,0,0,500,0.6,1000,0.2,1400,0.2,1
9,8,814,2,10,5,0,500,0.6,1000,0.2,1400,0.2,2
9,9,949,0,0,300,0.5,1700,0.5,2
9,10,536,2,10,5,0,300,0.5,1700,0.5,1
9,11,494,2,10,5,0,500,0.6,1000,0.2,1400,0.2,1
9,12,856,0,0,500,0.6,1000,0.2,1400,0.2,2
9,13,170,2,10,5,0,500,0.6,1000,0.2,1400,0.2,1
9,14,915,2,10,5,0,500,0.6,1000,0.2,1400,0.2,1
10,0,533,2,10,5,0,300,0.5,1700,0.5,0
10,1,900,2,10,5,0,500,0.6,1000,0.2,1400,0.2,0
10,2,986,1,0,500,0.6,1000,0.2,1400,0.2,1
10,3,484,0,0,500,0.6,1000,0.2,1400,0.2,1
10,4,898,2,10,5,0,300,0.5,1700,0.5,2
10,5,289,1,0,500,0.6,1000,0.2,1400,0.2,0
10,6,479,2,10,5,0,300,0.5,1700,0.5,1
10,7,182,2,10,5,0,300,0.5,1700,0.5,0
10,8,168,0,0,300,0.5,1700,0.5,0
10,9,593,1,0,300,0.5,1700,0.5,2
10,10,806,2,10,5,0,500,0.6,1000,0.2,1400,0.2,2
10,11,559,0,0,500,0.6,1000,0.2,1400,0.2,0
10,12,711,2,10,5,0,500,0.6,1000,0.2,1400,0.2,0
10,13,686,2,10,5,0,300,0.5,1700,0.5,2
10,14,974,0,0,300,0.5,1700,0.5,1
11,0,471,2,10,5,0,500,0.6,1000,0.2,1400,0.2,0
11,1,666,0,0,300,0.5,1700,0.5,1
11,2,547,2,10,5,0,500,0.6,1000,0.2,1400,0.2,2
11,3,869,2,10,5,0,300,0.5,1700,0.5,2
11,4,656,0,0,300,0.5,1700,0.5,1
11,5,130,2,10,5,0,300,0.5,1700,0.5,2
11,6,200,0,0,300,0.5,1700,0.5,1
11,7,303,1,0,500,0.6,1000,0.2,1400,0.2,1
11,8,971,0,0,300,0.5,1700,0.5,0
11,9,963,2,10,5,0,300,0.5,1700,0.5,1
11,10,679,1,0,500,0.6,1000,0.2,1400,0.2,1
11,11,657,1,0,300,0.5,1700,0.5,1
11,12,401,0,0,500,0.6,1000,0.2,1400,0.2,0
11,13,958,0,0,300,0.5,1700,0.5,1
11,14,232,2,10,5,0,500,0.6,1000,0.2,1400,0.2,0
12,0,944,1,0,500,0.6,1000,0.2,1400,0.2,1
12,1,229,2,10,5,0,500,0.6,1000,0.2,1400,0.2,1
12,2,465,2,10,5,0,300,0.5,1700,0.5,2
12,3,812,0,0,300,0.5,1700,0.5,2
12,4,172,0,0,500,0.6,1000,0.2,1400,0.2,2
12,5,224,1,0,500,0.6,1000,0.2,1400,0.2,1
12,6,962,0,0,300,0.5,1700,0.5,1
12,7,275,1,0,500,0.6,1000,0.2,1400,0.2,0
12,8,344,0,0,500,0.6,1000,0.2,1400,0.2,1
12,9,486,1,0,500,0.6,1000,0.2,1400,0.2,0
12,10,762,0,0,300,0.5,1700,0.5,2
12,11,834,0,0,300,0.5,1700,0.5,0
12,12,980,2,10,5,0,500,0.6,1000,0.2,1400,0.2,1
12,13,145,1,0,300,0.5,1700,0.5,2
12,14,512,2,10,5,0,500,0.6,1000,0.2,1400,0.2,1
13,0,951,1,0,300,0.5,1700,0.5,2
13,1,991,2,10,5,0,500,0.6,1000,0.2,1400,0.2,1
13,2,68,0,0,300,0.5,1700,0.5,1
13,3,978,1,0,300,0.5,1700,0.5,0
13,4,244,1,0,500,0.6,1000,0.2,1400,0.2,0
13,5,653,2,10,5,0,300,0.5,1700,0.5,1
13,6,997,0,0,500,0.6,1000,0.2,1400,0.2,2
13,7,180,0,0,500,0.6,1000,0.2,1400,0.2,2
13,8,658,0,0,500,0.6,1000,0.2,1400,0.2,2
13,9,433,2,10,5,0,500,0.6,1000,0.2,1400,0.2,2
13,10,155,0,0,300,0.5,1700,0.5,0
13,11,368,0,0,300,0.5,1700,0.5,2
13,12,297,1,0,300,0.5,1700,0.5,0
13,13,49,2,10,5,0,500,0.6,1000,0.2,1400,0.2,1
13,14,545,2,10,5,0,500,0.6,1000,0.2,1400,0.2,0
14,0,503,1,0,500,0.6,1000,0.2,1400,0.2,1
14,1,836,2,10,5,0,500,0.6,1000,0.2,1400,0.2,2
14,2,152,2,10,5,0,500,0.6,1000,0.2,1400,0.2,2
14,3,945,1,0,300,0.5,1700,0.5,1
14,4,563,0,0,500,0.6,1000,0.2,1400,0.2,1
14,5,506,0,0,500,0.6,1000,0.2,1400,0.2,1
14,6,844,0,0,300,0.5,1700,0.5,0
14,7,390,2,10,5,0,300,0.5,1700,0.5,0
14,8,210,0,0,300,0.5,1700,0.5,1
14,9,222,2,10,5,0,300,0.5,1700,0.5,2
14,10,276,2,10,5,0,300,0.5,1700,0.5,0
14,11,172,0,0,500,0.6,1000,0.2,1400,0.2,1
14,12,785,0,0,500,0.6,1000,0.2,1400,0.2,1
14,13,610,2,10,5,0,300,0.5,1700,0.5,2
14,14,430,0,0,300,0.5,1700,0.5,0
