0,0,848,0,0,500,0.6,1000,0.2,1400,0.2,0
0,1,834,1,0,500,0.6,1000,0.2,1400,0.2,1
0,2,279,2,10,5,0,300,0.5,1700,0.5,1
0,3,290,2,10,5,0,300,0.5,1700,0.5,0
0,4,499,1,0,300,0.5,1700,0.5,2
0,5,583,2,10,5,0,500,0.6,1000,0.2,1400,0.2,1
0,6,747,1,0,500,0.6,1000,0.2,1400,0.2,0
0,7,186,1,0,300,0.5,1700,0.5,1
0,8,160,1,0,500,0.6,1000,0.2,1400,0.2,1
0,9,231,2,10,5,0,300,0.5,1700,0.5,1
0,10,272,0,0,300,0.5,1700,0.5,1
0,11,904,0,0,300,0.5,1700,0.5,0
0,12,831,1,0,500,0.6,1000,0.2,1400,0.2,1
0,13,50,0,0,300,0.5,1700,0.5,1
0,14,489,1,0,500,0.6,1000,0.2,1400,0.2,0
1,0,605,0,0,300,0.5,1700,0.5,2
1,1,363,2,10,5,0,300,0.5,1700,0.5,2
1,2,527,0,0,300,0.5,1700,0.5,0
1,3,303,2,10,5,0,300,0.5,1700,0.5,2
1,4,565,2,10,5,0,500,0.6,1000,0.2,1400,0.2,0
1,5,325,0,0,500,0.6,1000,0.2,1400,0.2,2
1,6,325,0,0,500,0.6,1000,0.2,1400,0.2,1
1,7,77,1,0,300,0.5,1700,0.5,2
1,8,701,0,0,500,0.6,1000,0.2,1400,0.2,0
1,9,452,2,10,5,0,300,0.5,1700,0.5,1
1,10,748,1,0,500,0.6,1000,0.2,1400,0.2,1
1,11,112,0,0,500,0.6,1000,0.2,1400,0.2,1
1,12,307,2,10,5,0,300,0.5,1700,0.5,1
1,13,755,0,0,300,0.5,1700,0.5,2
1,14,808,0,0,300,0.5,1700,0.5,1
2,0,965,1,0,500,0.6,1000,0.2,1400,0.2,2
2,1,123,0,0,500,0.6,1000,0.2,1400,0.2,1
2,2,914,0,0,500,0.6,1000,0.2,1400,0.2,0
2,3,149,0,0,300,0.5,1700,0.5,1
2,4,917,0,0,500,0.6,1000,0.2,1400,0.2,0
2,5,318,2,10,5,0,300,0.5,1700,0.5,2
2,6,924,1,0,300,0.5,1700,0.5,2
2,7,258,0,0,300,0.5,1700,0.5,1
2,8,882,2,10,5,0,500,0.6,1000,0.2,1400,0.2,2
2,9,597,1,0,500,0.6,1000,0.2,1400,0.2,2
2,10,812,1,0,500,0.6,1000,0.2,1400,0.2,2
2,11,881,0,0,500,0.6,1000,0.2,1400,0.2,1
2,12,477,1,0,500,0.6,1000,0.2,1400,0.2,0
2,13,938,2,10,5,0,300,0.5,1700,0.5,0
2,14,511,1,0,300,0.5,1700,0.5,0
3,0,636,2,10,5,0,500,0.6,1000,0.2,1400,0.2,1
3,1,27,0,0,500,0.6,1000,0.2,1400,0.2,2
3,2,448,2,10,5,0,500,0.6,1000,0.2,1400,0.2,0
3,3,189,1,0,300,0.5,1700,0.5,0
3,4,942,1,0,500,0.6,1000,0.2,1400,0.2,2
3,5,850,2,10,5,0,300,0.5,1700,0.5,2
3,6,103,0,0,500,0.6,1000,0.2,1400,0.2,2
3,7,260,0,0,300,0.5,1700,0.5,0
3,8,787,2,10,5,0,300,0.5,1700,0.5,0
3,9,656,2,10,5,0,500,0.6,1000,0.2,1400,0.2,1
3,10,672,1,0,300,0.5,1700,0.5,2
3,11,577,0,0,300,0.5,1700,0.5,2
3,12,470,2,10,5,0,500,0.6,1000,0.2,1400,0.2,1
3,13,468,2,10,5,0,500,0.6,1000,0.2,1400,0.2,0
3,14,276,0,0,500,0.6,1000,0.2,1400,0.2,0
4,0,416,2,10,5,0,300,0.5,1700,0.5,0
4,1,46,1,0,500,0.6,1000,0.2,1400,0.2,1
4,2,328,0,0,300,0.5,1700,0.5,1
4,3,478,1,0,500,0.6,1000,0.2,1400,0.2,2
4,4,928,1,0,500,0.6,1000,0.2,1400,0.2,1
4,5,712,1,0,300,0.5,1700,0.5,1
4,6,774,0,0,500,0.6,1000,0.2,1400,0.2,2
4,7,302,1,0,300,0.5,1700,0.5,2
4,8,391,1,0,500,0.6,1000,0.2,1400,0.2,2
4,9,338,0,0,500,0.6,1000,0.2,1400,0.2,1
4,10,440,0,0,300,0.5,1700,0.5,2
4,11,395,2,10,5,0,500,0.6,1000,0.2,1400,0.2,2
4,12,403,1,0,500,0.6,1000,0.2,1400,0.2,1
4,13,113,1,0,500,0.6,1000,0.2,1400,0.2,2
4,14,259,1,0,300,0.5,1700,0.5,1
5,0,399,0,0,300,0.5,1700,0.5,1
5,1,430,0,0,300,0.5,1700,0.5,2
5,2,507,2,10,5,0,500,0.6,1000,0.2,1400,0.2,2
5,3,573,0,0,500,0.6,1000,0.2,1400,0.2,2
5,4,640,1,0,300,0.5,1700,0.5,1
5,5,582,1,0,500,0.6,1000,0.2,1400,0.2,2
5,6,474,0,0,300,0.5,1700,0.5,0
5,7,748,0,0,500,0.6,1000,0.2,1400,0.2,1
5,8,284,0,0,300,0.5,1700,0.5,1
5,9,507,2,10,5,0,300,0.5,1700,0.5,1
5,10,812,1,0,300,0.5,1700,0.5,1
5,11,825,2,10,5,0,300,0.5,1700,0.5,1
5,12,500,1,0,500,0.6,1000,0.2,1400,0.2,2
5,13,124,2,10,5,0,300,0.5,1700,0.5,2
5,14,433,1,0,300,0.5,1700,0.5,1
6,0,36,1,0,500,0.6,1000,0.2,1400,0.2,1
6,1,561,1,0,500,0.6,1000,0.2,1400,0.2,2
6,2,500,0,0,500,0.6,1000,0.2,1400,0.2,1
6,3,550,0,0,500,0.6,1000,0.2,1400,0.2,1
6,4,567,1,0,300,0.5,1700,0.5,0
6,5,812,1,0,500,0.6,1000,0.2,1400,0.2,0
6,6,410,2,10,5,0,500,0.6,1000,0.2,1400,0.2,1
6,7,530,1,0,300,0.5,1700,0.5,1
6,8,951,1,0,500,0.6,1000,0.2,1400,0.2,2
6,9,551,0,0,500,0.6,1000,0.2,1400,0.2,0
6,10,660,2,10,5,0,300,0.5,1700,0.5,0
6,11,685,0,0,500,0.6,1000,0.2,1400,0.2,2
6,12,824,2,10,5,0,300,0.5,1700,0.5,1
6,13,866,1,0,300,0.5,1700,0.5,1
6,14,711,1,0,500,0.6,1000,0.2,1400,0.2,0
7,0,594,1,0,500,0.6,1000,0.2,1400,0.2,2
7,1,913,2,10,5,0,500,0.6,1000,0.2,1400,0.2,0
7,2,428,0,0,300,0.5,1700,0.5,2
7,3,979,0,0,300,0.5,1700,0.5,0
7,4,945,2,10,5,0,300,0.5,1700,0.5,1
7,5,956,2,10,5,0,300,0.5,1700,0.5,2
7,6,171,1,0,500,0.6,1000,0.2,1400,0.2,0
7,7,863,0,0,300,0.5,1700,0.5,2
7,8,780,0,0,300,0.5,1700,0.5,1
7,9,857,1,0,500,0.6,1000,0.2,1400,0.2,2
7,10,145,2,10,5,0,500,0.6,1000,0.2,1400,0.2,0
7,11,588,1,0,500,0.6,1000,0.2,1400,0.2,0
7,12,996,0,0,500,0.6,1000,0.2,1400,0.2,0
7,13,452,0,0,500,0.6,1000,0.2,1400,0.2,0
7,14,119,1,0,300,0.5,1700,0.5,0
8,0,328,1,0,500,0.6,1000,0.2,1400,0.2,2
8,1,563,2,10,5,0,300,0.5,1700,0.5,2
8,2,506,2,10,5,0,300,0.5,1700,0.5,2
8,3,673,1,0,300,0.5,1700,0.5,1
8,4,545,0,0,500,0.6,1000,0.2,1400,0.2,2
8,5,683,2,10,5,0,300,0.5,1700,0.5,0
8,6,335,1,0,500,0.6,1000,0.2,1400,0.2,1
8,7,942,0,0,300,0.5,1700,0.5,2
8,8,377,1,0,300,0.5,1700,0.5,0
8,9,438,0,0,500,0.6,1000,0.2,1400,0.2,2
8,10,845,2,10,5,0,300,0.5,1700,0.5,0
8,11,150,1,0,500,0.6,1000,0.2,1400,0.2,0
8,12,26,1,0,500,0.6,1000,0.2,1400,0.2,1
8,13,370,1,0,500,0.6,1000,0.2,1400,0.2,2
8,14,94,0,0,300,0.5,1700,0.5,0
9,0,751,0,0,500,0.6,1000,0.2,1400,0.2,1
9,1,159,2,10,5,0,300,0.5,1700,0.5,0
9,2,708,2,10,5,0,300,0.5,1700,0.5,0
9,3,614,1,0,300,0.5,1700,0.5,2
9,4,138,1,0,500,0.6,1000,0.2,1400,0.2,0
9,5,90,0,0,500,0.6,1000,0.2,1400,0.2,2
9,6,823,1,0,300,0.5,1700,0.5,2
9,7,306,2,10,5,0,500,0.6,1000,0.2,1400,0.2,0
9,8,969,2,10,5,0,500,0.6,1000,0.2,1400,0.2,0
9,9,353,0,0,500,0.6,1000,0.2,1400,0.2,0
9,10,695,2,10,5,0,300,0.5,1700,0.5,2
9,11,227,2,10,5,0,500,0.6,1000,0.2,1400,0.2,1
9,12,743,0,0,500,0.6,1000,0.2,1400,0.2,1
9,13,303,0,0,500,0.6,1000,0.2,1400,0.2,1
9,14,675,2,10,5,0,500,0.6,1000,0.2,1400,0.2,1
10,0,78,0,0,300,0.5,1700,0.5,1
10,1,768,2,10,5,0,300,0.5,1700,0.5,1
10,2,451,2,10,5,0,500,0.6,1000,0.2,1400,0.2,1
10,3,201,1,0,300,0.5,1700,0.5,1
10,4,710,2,10,5,0,300,0.5,1700,0.5,2
10,5,966,2,10,5,0,500,0.6,1000,0.2,1400,0.2,0
10,6,686,1,0,500,0.6,1000,0.2,1400,0.2,0
10,7,812,2,10,5,0,300,0.5,1700,0.5,2
10,8,735,2,10,5,0,300,0.5,1700,0.5,2
10,9,284,2,10,5,0,500,0.6,1000,0.2,1400,0.2,2
10,10,645,1,0,300,0.5,1700,0.5,2
10,11,387,1,0,500,0.6,1000,0.2,1400,0.2,2
10,12,335,0,0,300,0.5,1700,0.5,1
10,13,246,2,10,5,0,300,0.5,1700,0.5,2
10,14,775,1,0,500,0.6,1000,0.2,1400,0.2,2
11,0,887,1,0,300,0.5,1700,0.5,0
11,1,46,2,10,5,0,500,0.6,1000,0.2,1400,0.2,2
11,2,369,0,0,300,0.5,1700,0.5,2
11,3,320,1,0,300,0.5,1700,0.5,1
11,4,668,2,10,5,0,300,0.5,1700,0.5,2
11,5,336,0,0,300,0.5,1700,0.5,0
11,6,290,2,10,5,0,500,0.6,1000,0.2,1400,0.2,0
11,7,256,2,10,5,0,300,0.5,1700,0.5,0
11,8,344,0,0,300,0.5,1700,0.5,1
11,9,925,0,0,300,0.5,1700,0.5,2
11,10,711,1,0,300,0.5,1700,0.5,1
11,11,812,2,10,5,0,300,0.5,1700,0.5,1
11,12,446,1,0,300,0.5,1700,0.5,1
11,13,87,1,0,500,0.6,1000,0.2,1400,0.2,2
11,14,38,2,10,5,0,500,0.6,1000,0.2,1400,0.2,0
12,0,994,2,10,5,0,300,0.5,1700,0.5,2
12,1,162,1,0,300,0.5,1700,0.5,0
12,2,108,2,10,5,0,500,0.6,1000,0.2,1400,0.2,0
12,3,839,2,10,5,0,300,0.5,1700,0.5,2
12,4,972,2,10,5,0,500,0.6,1000,0.2,1400,0.2,1
12,5,571,0,0,500,0.6,1000,0.2,1400,0.2,2
12,6,466,1,0,500,0.6,1000,0.2,1400,0.2,2
12,7,867,1,0,500,0.6,1000,0.2,1400,0.2,2
12,8,543,1,0,500,0.6,1000,0.2,1400,0.2,1
12,9,716,0,0,500,0.6,1000,0.2,1400,0.2,2
12,10,730,2,10,5,0,500,0.6,1000,0.2,1400,0.2,0
12,11,636,0,0,300,0.5,1700,0.5,1
12,12,356,0,0,300,0.5,1700,0.5,0
12,13,646,0,0,300,0.5,1700,0.5,1
12,14,103,2,10,5,0,300,0.5,1700,0.5,2
13,0,706,0,0,500,0.6,1000,0.2,1400,0.2,0
13,1,767,0,0,300,0.5,1700,0.5,1
13,2,909,0,0,500,0.6,1000,0.2,1400,0.2,2
13,3,100,0,0,300,0.5,1700,0.5,2
13,4,802,2,10,5,0,300,0.5,1700,0.5,1
13,5,682,1,0,500,0.6,1000,0.2,1400,0.2,0
13,6,980,1,0,500,0.6,1000,0.2,1400,0.2,0
13,7,678,0,0,300,0.5,1700,0.5,1
13,8,543,2,10,5,0,500,0.6,1000,0.2,1400,0.2,0
13,9,698,2,10,5,0,300,0.5,1700,0.5,2
13,10,350,2,10,5,0,300,0.5,1700,0.5,1
13,11,898,2,10,5,0,500,0.6,1000,0.2,1400,0.2,0
13,12,686,2,10,5,0,500,0.6,1000,0.2,1400,0.2,1
13,13,806,0,0,300,0.5,1700,0.5,1
13,14,327,2,10,5,0,300,0.5,1700,0.5,0
14,0,634,2,10,5,0,500,0.6,1000,0.2,1400,0.2,0
14,1,356,1,0,500,0.6,1000,0.2,1400,0.2,2
14,2,108,2,10,5,0,500,0.6,1000,0.2,1400,0.2,0
14,3,946,2,10,5,0,500,0.6,1000,0.2,1400,0.2,0
14,4,435,0,0,500,0.6,1000,0.2,1400,0.2,1
14,5,324,0,0,300,0.5,1700,0.5,1
14,6,65,1,0,300,0.5,1700,0.5,1
14,7,626,2,10,5,0,300,0.5,1700,0.5,1
14,8,784,0,0,500,0.6,1000,0.2,1400,0.2,2
14,9,332,2,10,5,0,500,0.6,1000,0.2,1400,0.2,2
14,10,214,2,10,5,0,500,0.6,1000,0.2,1400,0.2,1
14,11,223,1,0,500,0.6,1000,0.2,1400,0.2,1
14,12,566,0,0,500,0.6,1000,0.2,1400,0.2,0
14,13,791,0,0,300,0.5,1700,0.5,1
14,14,728,1,0,500,0.6,1000,0.2,1400,0.2,0
