0,0,635,2,10,5,0,500,0.6,1000,0.2,1400,0.2,0
0,1,285,0,0,300,0.5,1700,0.5,1
0,2,35,0,0,300,0.5,1700,0.5,1
0,3,429,1,0,500,0.6,1000,0.2,1400,0.2,0
0,4,188,2,10,5,0,300,0.5,1700,0.5,1
0,5,943,0,0,300,0.5,1700,0.5,2
0,6,758,0,0,300,0.5,1700,0.5,0
0,7,714,0,0,500,0.6,1000,0.2,1400,0.2,0
0,8,806,2,10,5,0,300,0.5,1700,0.5,0
0,9,393,2,10,5,0,300,0.5,1700,0.5,2
0,10,745,2,10,5,0,300,0.5,1700,0.5,1
0,11,909,1,0,300,0.5,1700,0.5,1
0,12,60,2,10,5,0,300,0.5,1700,0.5,1
0,13,127,2,10,5,0,300,0.5,1700,0.5,1
0,14,996,1,0,500,0.6,1000,0.2,1400,0.2,0
1,0,408,1,0,300,0.5,1700,0.5,0
1,1,248,2,10,5,0,500,0.6,1000,0.2,1400,0.2,1
1,2,258,1,0,500,0.6,1000,0.2,1400,0.2,2
1,3,689,0,0,300,0.5,1700,0.5,2
1,4,472,2,10,5,0,300,0.5,1700,0.5,0
1,5,820,1,0,300,0.5,1700,0.5,1
1,6,554,0,0,500,0.6,1000,0.2,1400,0.2,1
1,7,568,2,10,5,0,500,0.6,1000,0.2,1400,0.2,2
1,8,406,2,10,5,0,500,0.6,1000,0.2,1400,0.2,0
1,9,27,0,0,300,0.5,1700,0.5,1
1,10,664,1,0,500,0.6,1000,0.2,1400,0.2,1
1,11,60,0,0,500,0.6,1000,0.2,1400,0.2,2
1,12,673,1,0,300,0.5,1700,0.5,2
1,13,245,1,0,300,0.5,1700,0.5,1
1,14,934,1,0,300,0.5,1700,0.5,2
2,0,115,1,0,500,0.6,1000,0.2,1400,0.2,0
2,1,791,2,10,5,0,500,0.6,1000,0.2,1400,0.2,1
2,2,130,1,0,500,0.6,1000,0.2,1400,0.2,1
2,3,983,2,10,5,0,500,0.6,1000,0.2,1400,0.2,2
2,4,835,2,10,5,0,300,0.5,1700,0.5,1
2,5,804,0,0,500,0.6,1000,0.2,1400,0.2,0
2,6,692,2,10,5,0,300,0.5,1700,0.5,1
2,7,870,1,0,500,0.6,1000,0.2,1400,0.2,1
2,8,559,0,0,500,0.6,1000,0.2,1400,0.2,2
2,9,90,1,0,500,0.6,1000,0.2,1400,0.2,1
2,10,163,0,0,300,0.5,1700,0.5,1
2,11,717,1,0,500,0.6,1000,0.2,1400,0.2,2
2,12,264,0,0,300,0.5,1700,0.5,1
2,13,760,1,0,500,0.6,1000,0.2,1400,0.2,1
2,14,827,1,0,500,0.6,1000,0.2,1400,0.2,1
3,0,831,1,0,300,0.5,1700,0.5,0
3,1,120,2,10,5,0,500,0.6,1000,0.2,1400,0.2,0
3,2,413,0,0,500,0.6,1000,0.2,1400,0.2,2
3,3,701,0,0,500,0.6,1000,0.2,1400,0.2,2
3,4,138,1,0,300,0.5,1700,0.5,1
3,5,915,0,0,300,0.5,1700,0.5,1
3,6,673,0,0,300,0.5,1700,0.5,0
3,7,462,2,10,5,0,500,0.6,1000,0.2,1400,0.2,2
3,8,822,0,0,500,0.6,1000,0.2,1400,0.2,0
3,9,967,1,0,300,0.5,1700,0.5,0
3,10,552,2,10,5,0,500,0.6,1000,0.2,1400,0.2,0
3,11,219,0,0,500,0.6,1000,0.2,1400,0.2,2
3,12,433,1,0,500,0.6,1000,0.2,1400,0.2,2
3,13,636,1,0,300,0.5,1700,0.5,2
3,14,337,0,0,300,0.5,1700,0.5,1
4,0,718,1,0,500,0.6,1000,0.2,1400,0.2,1
4,1,576,1,0,300,0.5,1700,0.5,0
4,2,571,0,0,300,0.5,1700,0.5,0
4,3,634,1,0,500,0.6,1000,0.2,1400,0.2,1
4,4,243,0,0,300,0.5,1700,0.5,0
4,5,829,2,10,5,0,300,0.5,1700,0.5,1
4,6,989,0,0,300,0.5,1700,0.5,1
4,7,85,2,10,5,0,300,0.5,1700,0.5,0
4,8,411,2,10,5,0,500,0.6,1000,0.2,1400,0.2,1
4,9,366,0,0,500,0.6,1000,0.2,1400,0.2,1
4,10,759,2,10,5,0,500,0.6,1000,0.2,1400,0.2,1
4,11,287,1,0,500,0.6,1000,0.2,1400,0.2,2
4,12,488,2,10,5,0,300,0.5,1700,0.5,0
4,13,269,1,0,500,0.6,1000,0.2,1400,0.2,1
4,14,557,0,0,500,0.6,1000,0.2,1400,0.2,2
5,0,794,0,0,300,0.5,1700,0.5,1
5,1,61,2,10,5,0,300,0.5,1700,0.5,1
5,2,364,0,0,300,0.5,1700,0.5,0
5,3,912,2,10,5,0,500,0.6,1000,0.2,1400,0.2,1
5,4,721,1,0,500,0.6,1000,0.2,1400,0.2,1
5,5,641,1,0,300,0.5,1700,0.5,1
5,6,226,0,0,300,0.5,1700,0.5,0
5,7,79,1,0,300,0.5,1700,0.5,2
5,8,437,2,10,5,0,500,0.6,1000,0.2,1400,0.2,0
5,9,559,1,0,300,0.5,1700,0.5,2
5,10,809,2,10,5,0,500,0.6,1000,0.2,1400,0.2,0
5,11,476,2,10,5,0,300,0.5,1700,0.5,1
5,12,937,2,10,5,0,300,0.5,1700,0.5,2
5,13,235,2,10,5,0,300,0.5,1700,0.5,2
5,14,688,2,10,5,0,300,0.5,1700,0.5,1
6,0,219,1,0,300,0.5,1700,0.5,1
6,1,390,1,0,500,0.6,1000,0.2,1400,0.2,0
6,2,649,1,0,500,0.6,1000,0.2,1400,0.2,0
6,3,351,0,0,300,0.5,1700,0.5,0
6,4,612,2,10,5,0,500,0.6,1000,0.2,1400,0.2,0
6,5,355,2,10,5,0,300,0.5,1700,0.5,1
6,6,38,1,0,500,0.6,1000,0.2,1400,0.2,2
6,7,774,0,0,300,0.5,1700,0.5,2
6,8,178,2,10,5,0,500,0.6,1000,0.2,1400,0.2,0
6,9,993,0,0,300,0.5,1700,0.5,1
6,10,702,0,0,300,0.5,1700,0.5,1
6,11,157,2,10,5,0,500,0.6,1000,0.2,1400,0.2,2
6,12,720,1,0,300,0.5,1700,0.5,1
6,13,939,0,0,300,0.5,1700,0.5,2
6,14,459,1,0,500,0.6,1000,0.2,1400,0.2,2
7,0,40,0,0,300,0.5,1700,0.5,1
7,1,107,0,0,500,0.6,1000,0.2,1400,0.2,2
7,2,312,2,10,5,0,300,0.5,1700,0.5,0
7,3,165,2,10,5,0,500,0.6,1000,0.2,1400,0.2,1
7,4,83,1,0,300,0.5,1700,0.5,2
7,5,831,0,0,300,0.5,1700,0.5,0
7,6,738,1,0,300,0.5,1700,0.5,2
7,7,194,2,10,5,0,300,0.5,1700,0.5,0
7,8,730,1,0,300,0.5,1700,0.5,1
7,9,307,2,10,5,0,300,0.5,1700,0.5,1
7,10,406,2,10,5,0,500,0.6,1000,0.2,1400,0.2,2
7,11,435,2,10,5,0,500,0.6,1000,0.2,1400,0.2,2
7,12,550,2,10,5,0,300,0.5,1700,0.5,2
7,13,444,2,10,5,0,500,0.6,1000,0.2,1400,0.2,2
7,14,618,2,10,5,0,300,0.5,1700,0.5,2
8,0,249,2,10,5,0,300,0.5,1700,0.5,2
8,1,890,0,0,300,0.5,1700,0.5,0
8,2,270,1,0,300,0.5,1700,0.5,2
8,3,150,0,0,500,0.6,1000,0.2,1400,0.2,1
8,4,759,0,0,300,0.5,1700,0.5,0
8,5,804,2,10,5,0,500,0.6,1000,0.2,1400,0.2,2
8,6,737,2,10,5,0,300,0.5,1700,0.5,1
8,7,734,0,0,500,0.6,1000,0.2,1400,0.2,0
8,8,645,2,10,5,0,300,0.5,1700,0.5,2
8,9,359,2,10,5,0,500,0.6,1000,0.2,1400,0.2,0
8,10,698,2,10,5,0,500,0.6,1000,0.2,1400,0.2,1
8,11,924,2,10,5,0,300,0.5,1700,0.5,2
8,12,720,2,10,5,0,500,0.6,1000,0.2,1400,0.2,1
8,13,855,1,0,500,0.6,1000,0.2,1400,0.2,0
8,14,467,2,10,5,0,300,0.5,1700,0.5,2
9,0,245,0,0,500,0.6,1000,0.2,1400,0.2,0
9,1,846,0,0,500,0.6,1000,0.2,1400,0.2,2
9,2,555,2,10,5,0,300,0.5,1700,0.5,1
9,3,315,0,0,500,0.6,1000,0.2,1400,0.2,0
9,4,131,1,0,300,0.5,1700,0.5,2
9,5,760,1,0,500,0.6,1000,0.2,1400,0.2,0
9,6,198,2,10,5,0,500,0.6,1000,0.2,1400,0.2,1
9,7,407,0,0,300,0.5,1700,0.5,1
9,8,599,1,0,300,0.5,1700,0.5,0
9,9,668,0,0,300,0.5,1700,0.5,0
9,10,542,2,10,5,0,500,0.6,1000,0.2,1400,0.2,1
9,11,776,0,0,500,0.6,1000,0.2,1400,0.2,1
9,12,103,1,0,300,0.5,1700,0.5,0
9,13,261,0,0,300,0.5,1700,0.5,0
9,14,917,1,0,500,0.6,1000,0.2,1400,0.2,0
10,0,172,2,10,5,0,300,0.5,1700,0.5,1
10,1,173,2,10,5,0,500,0.6,1000,0.2,1400,0.2,1
10,2,281,0,0,500,0.6,1000,0.2,1400,0.2,0
10,3,994,2,10,5,0,500,0.6,1000,0.2,1400,0.2,0
10,4,410,0,0,300,0.5,1700,0.5,1
10,5,516,2,10,5,0,500,0.6,1000,0.2,1400,0.2,0
10,6,214,0,0,500,0.6,1000,0.2,1400,0.2,2
10,7,891,1,0,300,0.5,1700,0.5,2
10,8,945,2,10,5,0,500,0.6,1000,0.2,1400,0.2,1
10,9,15,2,10,5,0,500,0.6,1000,0.2,1400,0.2,0
10,10,346,2,10,5,0,300,0.5,1700,0.5,0
10,11,802,0,0,300,0.5,1700,0.5,2
10,12,713,2,10,5,0,500,0.6,1000,0.2,1400,0.2,0
10,13,897,2,10,5,0,500,0.6,1000,0.2,1400,0.2,1
10,14,166,2,10,5,0,500,0.6,1000,0.2,1400,0.2,0
11,0,126,1,0,500,0.6,1000,0.2,1400,0.2,0
11,1,450,2,10,5,0,500,0.6,1000,0.2,1400,0.2,2
11,2,898,1,0,300,0.5,1700,0.5,2
11,3,109,1,0,500,0.6,1000,0.2,1400,0.2,1
11,4,128,1,0,500,0.6,1000,0.2,1400,0.2,2
11,5,473,0,0,500,0.6,1000,0.2,1400,0.2,1
11,6,604,1,0,300,0.5,1700,0.5,2
11,7,281,1,0,500,0.6,1000,0.2,1400,0.2,2
11,8,434,2,10,5,0,300,0.5,1700,0.5,1
11,9,891,2,10,5,0,500,0.6,1000,0.2,1400,0.2,0
11,10,180,1,0,300,0.5,1700,0.5,0
11,11,321,2,10,5,0,500,0.6,1000,0.2,1400,0.2,1
11,12,415,0,0,300,0.5,1700,0.5,0
11,13,821,1,0,500,0.6,1000,0.2,1400,0.2,1
11,14,291,2,10,5,0,300,0.5,1700,0.5,2
12,0,567,0,0,300,0.5,1700,0.5,0
12,1,1000,0,0,300,0.5,1700,0.5,2
12,2,773,0,0,500,0.6,1000,0.2,1400,0.2,1
12,3,169,1,0,300,0.5,1700,0.5,0
12,4,398,1,0,500,0.6,1000,0.2,1400,0.2,1
12,5,151,0,0,500,0.6,1000,0.2,1400,0.2,2
12,6,294,1,0,300,0.5,1700,0.5,1
12,7,182,2,10,5,0,500,0.6,1000,0.2,1400,0.2,0
12,8,974,1,0,500,0.6,1000,0.2,1400,0.2,0
12,9,883,2,10,5,0,300,0.5,1700,0.5,2
12,10,151,2,10,5,0,500,0.6,1000,0.2,1400,0.2,1
12,11,429,0,0,300,0.5,1700,0.5,0
12,12,470,2,10,5,0,300,0.5,1700,0.5,2
12,13,889,0,0,300,0.5,1700,0.5,1
12,14,624,2,10,5,0,500,0.6,1000,0.2,1400,0.2,0
13,0,49,1,0,500,0.6,1000,0.2,1400,0.2,1
13,1,987,1,0,300,0.5,1700,0.5,2
13,2,404,1,0,500,0.6,1000,0.2,1400,0.2,0
13,3,140,1,0,500,0.6,1000,0.2,1400,0.2,2
13,4,825,2,10,5,0,300,0.5,1700,0.5,0
13,5,811,2,10,5,0,500,0.6,1000,0.2,1400,0.2,1
13,6,236,1,0,300,0.5,1700,0.5,1
13,7,928,0,0,300,0.5,1700,0.5,1
13,8,520,2,10,5,0,500,0.6,1000,0.2,1400,0.2,2
13,9,677,1,0,500,0.6,1000,0.2,1400,0.2,1
13,10,247,0,0,300,0.5,1700,0.5,2
13,11,55,2,10,5,0,500,0.6,1000,0.2,1400,0.2,2
13,12,472,0,0,500,0.6,1000,0.2,1400,0.2,0
13,13,450,2,10,5,0,500,0.6,1000,0.2,1400,0.2,2
13,14,733,1,0,300,0.5,1700,0.5,0
14,0,612,2,10,5,0,500,0.6,1000,0.2,1400,0.2,0
14,1,152,1,0,500,0.6,1000,0.2,1400,0.2,1
14,2,404,0,0,500,0.6,1000,0.2,1400,0.2,1
14,3,860,0,0,300,0.5,1700,0.5,0
14,4,398,2,10,5,0,300,0.5,1700,0.5,2
14,5,159,1,0,500,0.6,1000,0.2,1400,0.2,1
14,6,49,2,10,5,0,300,0.5,1700,0.5,1
14,7,47,0,0,500,0.6,1000,0.2,1400,0.2,2
14,8,411,2,10,5,0,500,0.6,1000,0.2,1400,0.2,1
14,9,163,2,10,5,0,300,0.5,1700,0.5,1
14,10,110,0,0,300,0.5,1700,0.5,1
14,11,96,1,0,500,0.6,1000,0.2,1400,0.2,1
14,12,114,2,10,5,0,300,0.5,1700,0.5,2
14,13,567,1,0,500,0.6,1000,0.2,1400,0.2,0
14,14,393,1,0,500,0.6,1000,0.2,1400,0.2,0
