0,0,102,2,10,5,0,500,0.6,1000,0.2,1400,0.2,2
0,1,46,0,0,300,0.5,1700,0.5,1
0,2,989,1,0,300,0.5,1700,0.5,1
0,3,105,0,0,500,0.6,1000,0.2,1400,0.2,0
0,4,860,2,10,5,0,500,0.6,1000,0.2,1400,0.2,0
0,5,827,1,0,300,0.5,1700,0.5,1
0,6,368,1,0,300,0.5,1700,0.5,2
0,7,940,1,0,500,0.6,1000,0.2,1400,0.2,2
0,8,171,0,0,300,0.5,1700,0.5,2
0,9,12,2,10,5,0,500,0.6,1000,0.2,1400,0.2,0
0,10,552,1,0,300,0.5,1700,0.5,1
0,11,722,2,10,5,0,500,0.6,1000,0.2,1400,0.2,1
0,12,652,0,0,500,0.6,1000,0.2,1400,0.2,1
0,13,369,1,0,300,0.5,1700,0.5,2
0,14,228,1,0,300,0.5,1700,0.5,0
1,0,670,0,0,500,0.6,1000,0.2,1400,0.2,0
1,1,728,1,0,500,0.6,1000,0.2,1400,0.2,0
1,2,57,1,0,300,0.5,1700,0.5,1
1,3,200,1,0,500,0.6,1000,0.2,1400,0.2,1
1,4,617,0,0,500,0.6,1000,0.2,1400,0.2,0
1,5,785,1,0,500,0.6,1000,0.2,1400,0.2,1
1,6,368,1,0,500,0.6,1000,0.2,1400,0.2,1
1,7,880,0,0,300,0.5,1700,0.5,1
1,8,974,1,0,500,0.6,1000,0.2,1400,0.2,1
1,9,974,0,0,300,0.5,1700,0.5,1
1,10,926,0,0,500,0.6,1000,0.2,1400,0.2,0
1,11,387,1,0,300,0.5,1700,0.5,1
1,12,108,1,0,500,0.6,1000,0.2,1400,0.2,1
1,13,248,1,0,500,0.6,1000,0.2,1400,0.2,2
1,14,984,2,10,5,0,500,0.6,1000,0.2,1400,0.2,2
2,0,301,1,0,500,0.6,1000,0.2,1400,0.2,1
2,1,104,0,0,300,0.5,1700,0.5,0
2,2,680,2,10,5,0,500,0.6,1000,0.2,1400,0.2,0
2,3,170,0,0,300,0.5,1700,0.5,2
2,4,123,0,0,300,0.5,1700,0.5,0
2,5,176,1,0,300,0.5,1700,0.5,2
2,6,957,2,10,5,0,500,0.6,1000,0.2,1400,0.2,0
2,7,111,0,0,300,0.5,1700,0.5,2
2,8,632,1,0,300,0.5,1700,0.5,1
2,9,379,2,10,5,0,300,0.5,1700,0.5,2
2,10,130,2,10,5,0,500,0.6,1000,0.2,1400,0.2,0
2,11,219,1,0,300,0.5,1700,0.5,1
2,12,859,0,0,500,0.6,1000,0.2,1400,0.2,0
2,13,103,2,10,5,0,300,0.5,1700,0.5,2
2,14,589,1,0,300,0.5,1700,0.5,1
3,0,611,2,10,5,0,300,0.5,1700,0.5,1
3,1,28,1,0,300,0.5,1700,0.5,2
3,2,534,2,10,5,0,500,0.6,1000,0.2,1400,0.2,2
3,3,723,0,0,300,0.5,1700,0.5,1
3,4,963,0,0,500,0.6,1000,0.2,1400,0.2,0
3,5,201,1,0,300,0.5,1700,0.5,1
3,6,177,2,10,5,0,500,0.6,1000,0.2,1400,0.2,2
3,7,775,2,10,5,0,500,0.6,1000,0.2,1400,0.2,0
3,8,674,0,0,500,0.6,1000,0.2,1400,0.2,2
3,9,357,1,0,500,0.6,1000,0.2,1400,0.2,2
3,10,881,0,0,300,0.5,1700,0.5,1
3,11,141,1,0,500,0.6,1000,0.2,1400,0.2,2
3,12,69,0,0,300,0.5,1700,0.5,2
3,13,376,2,10,5,0,300,0.5,1700,0.5,0
3,14,641,1,0,300,0.5,1700,0.5,0
4,0,281,0,0,300,0.5,1700,0.5,0
4,1,851,2,10,5,0,300,0.5,1700,0.5,0
4,2,300,0,0,300,0.5,1700,0.5,1
4,3,238,1,0,300,0.5,1700,0.5,2
4,4,749,1,0,500,0.6,1000,0.2,1400,0.2,2
4,5,573,2,10,5,0,300,0.5,1700,0.5,0
4,6,330,0,0,300,0.5,1700,0.5,1
4,7,629,0,0,500,0.6,1000,0.2,1400,0.2,2
4,8,499,1,0,300,0.5,1700,0.5,0
4,9,645,2,10,5,0,500,0.6,1000,0.2,1400,0.2,1
4,10,908,2,10,5,0,500,0.6,1000,0.2,1400,0.2,2
4,11,400,0,0,300,0.5,1700,0.5,1
4,12,600,0,0,500,0.6,1000,0.2,1400,0.2,0
4,13,847,1,0,500,0.6,1000,0.2,1400,0.2,1
4,14,658,0,0,500,0.6,1000,0.2,1400,0.2,0
5,0,183,1,0,500,0.6,1000,0.2,1400,0.2,0
5,1,912,0,0,300,0.5,1700,0.5,0
5,2,696,0,0,300,0.5,1700,0.5,1
5,3,319,1,0,300,0.5,1700,0.5,2
5,4,141,1,0,300,0.5,1700,0.5,0
5,5,806,1,0,300,0.5,1700,0.5,1
5,6,44,2,10,5,0,300,0.5,1700,0.5,2
5,7,317,1,0,500,0.6,1000,0.2,1400,0.2,0
5,8,780,0,0,500,0.6,1000,0.2,1400,0.2,0
5,9,646,2,10,5,0,500,0.6,1000,0.2,1400,0.2,2
5,10,418,0,0,500,0.6,1000,0.2,1400,0.2,2
5,11,295,0,0,300,0.5,1700,0.5,0
5,12,63,0,0,300,0.5,1700,0.5,1
5,13,526,0,0,500,0.6,1000,0.2,1400,0.2,0
5,14,109,0,0,300,0.5,1700,0.5,1
6,0,404,1,0,300,0.5,1700,0.5,0
6,1,273,2,10,5,0,300,0.5,1700,0.5,1
6,2,859,2,10,5,0,300,0.5,1700,0.5,2
6,3,904,1,0,500,0.6,1000,0.2,1400,0.2,2
6,4,213,0,0,500,0.6,1000,0.2,1400,0.2,1
6,5,63,1,0,500,0.6,1000,0.2,1400,0.2,0
6,6,775,2,10,5,0,300,0.5,1700,0.5,2
6,7,480,2,10,5,0,500,0.6,1000,0.2,1400,0.2,2
6,8,969,0,0,500,0.6,1000,0.2,1400,0.2,0
6,9,760,2,10,5,0,300,0.5,1700,0.5,2
6,10,636,0,0,500,0.6,1000,0.2,1400,0.2,2
6,11,246,1,0,300,0.5,1700,0.5,0
6,12,347,2,10,5,0,500,0.6,1000,0.2,1400,0.2,0
6,13,923,1,0,500,0.6,1000,0.2,1400,0.2,1
6,14,597,1,0,500,0.6,1000,0.2,1400,0.2,0
7,0,446,0,0,300,0.5,1700,0.5,0
7,1,619,2,10,5,0,300,0.5,1700,0.5,2
7,2,461,2,10,5,0,300,0.5,1700,0.5,2
7,3,235,1,0,300,0.5,1700,0.5,1
7,4,952,0,0,300,0.5,1700,0.5,0
7,5,362,1,0,300,0.5,1700,0.5,1
7,6,853,1,0,300,0.5,1700,0.5,2
7,7,240,2,10,5,0,500,0.6,1000,0.2,1400,0.2,1
7,8,908,0,0,500,0.6,1000,0.2,1400,0.2,0
7,9,392,1,0,300,0.5,1700,0.5,2
7,10,488,2,10,5,0,300,0.5,1700,0.5,1
7,11,341,0,0,500,0.6,1000,0.2,1400,0.2,1
7,12,879,0,0,300,0.5,1700,0.5,2
7,13,37,2,10,5,0,300,0.5,1700,0.5,2
7,14,841,0,0,300,0.5,1700,0.5,1
8,0,344,2,10,5,0,300,0.5,1700,0.5,1
8,1,914,0,0,500,0.6,1000,0.2,1400,0.2,1
8,2,785,2,10,5,0,500,0.6,1000,0.2,1400,0.2,0
8,3,552,1,0,300,0.5,1700,0.5,0
8,4,661,0,0,500,0.6,1000,0.2,1400,0.2,1
8,5,710,2,10,5,0,300,0.5,1700,0.5,2
8,6,394,1,0,500,0.6,1000,0.2,1400,0.2,2
8,7,845,1,0,500,0.6,1000,0.2,1400,0.2,0
8,8,596,0,0,300,0.5,1700,0.5,2
8,9,904,2,10,5,0,300,0.5,1700,0.5,1
8,10,992,2,10,5,0,300,0.5,1700,0.5,2
8,11,889,2,10,5,0,500,0.6,1000,0.2,1400,0.2,0
8,12,898,2,10,5,0,300,0.5,1700,0.5,2
8,13,853,0,0,300,0.5,1700,0.5,1
8,14,596,2,10,5,0,300,0.5,1700,0.5,0
9,0,500,2,10,5,0,500,0.6,1000,0.2,1400,0.2,2
9,1,810,0,0,500,0.6,1000,0.2,1400,0.2,0
9,2,131,0,0,500,0.6,1000,0.2,1400,0.2,1
9,3,925,1,0,500,0.6,1000,0.2,1400,0.2,0
9,4,779,0,0,500,0.6,1000,0.2,1400,0.2,0
9,5,449,1,0,300,0.5,1700,0.5,1
9,6,706,1,0,300,0.5,1700,0.5,1
9,7,544,0,0,300,0.5,1700,0.5,1
9,8,399,1,0,300,0.5,1700,0.5,1
9,9,121,0,0,300,0.5,1700,0.5,0
9,10,572,0,0,500,0.6,1000,0.2,1400,0.2,1
9,11,877,0,0,500,0.6,1000,0.2,1400,0.2,2
9,12,854,1,0,500,0.6,1000,0.2,1400,0.2,0
9,13,887,2,10,5,0,300,0.5,1700,0.5,1
9,14,250,0,0,300,0.5,1700,0.5,1
10,0,793,0,0,500,0.6,1000,0.2,1400,0.2,1
10,1,331,0,0,300,0.5,1700,0.5,1
10,2,726,0,0,500,0.6,1000,0.2,1400,0.2,1
10,3,158,2,10,5,0,500,0.6,1000,0.2,1400,0.2,1
10,4,851,0,0,500,0.6,1000,0.2,1400,0.2,2
10,5,745,0,0,500,0.6,1000,0.2,1400,0.2,1
10,6,54,1,0,500,0.6,1000,0.2,1400,0.2,2
10,7,311,1,0,500,0.6,1000,0.2,1400,0.2,0
10,8,468,0,0,500,0.6,1000,0.2,1400,0.2,2
10,9,28,0,0,500,0.6,1000,0.2,1400,0.2,2
10,10,72,2,10,5,0,300,0.5,1700,0.5,0
10,11,673,2,10,5,0,300,0.5,1700,0.5,2
10,12,248,0,0,500,0.6,1000,0.2,1400,0.2,1
10,13,317,1,0,300,0.5,1700,0.5,2
10,14,955,1,0,300,0.5,1700,0.5,1
11,0,893,0,0,300,0.5,1700,0.5,1
11,1,429,1,0,300,0.5,1700,0.5,1
11,2,173,0,0,500,0.6,1000,0.2,1400,0.2,0
11,3,126,2,10,5,0,500,0.6,1000,0.2,1400,0.2,0
11,4,741,0,0,300,0.5,1700,0.5,1
11,5,987,1,0,300,0.5,1700,0.5,1
11,6,471,1,0,300,0.5,1700,0.5,1
11,7,861,2,10,5,0,300,0.5,1700,0.5,2
11,8,360,0,0,300,0.5,1700,0.5,2
11,9,620,1,0,300,0.5,1700,0.5,0
11,10,242,1,0,300,0.5,1700,0.5,0
11,11,956,1,0,300,0.5,1700,0.5,0
11,12,71,1,0,300,0.5,1700,0.5,2
11,13,625,1,0,300,0.5,1700,0.5,1
11,14,694,2,10,5,0,300,0.5,1700,0.5,2
12,0,329,1,0,300,0.5,1700,0.5,1
12,1,667,2,10,5,0,500,0.6,1000,0.2,1400,0.2,0
12,2,927,0,0,300,0.5,1700,0.5,2
12,3,723,0,0,300,0.5,1700,0.5,0
12,4,670,2,10,5,0,500,0.6,1000,0.2,1400,0.2,0
12,5,530,0,0,500,0.6,1000,0.2,1400,0.2,0
12,6,248,0,0,500,0.6,1000,0.2,1400,0.2,0
12,7,359,2,10,5,0,300,0.5,1700,0.5,1
12,8,217,2,10,5,0,300,0.5,1700,0.5,0
12,9,906,2,10,5,0,500,0.6,1000,0.2,1400,0.2,2
12,10,471,2,10,5,0,300,0.5,1700,0.5,0
12,11,616,0,0,500,0.6,1000,0.2,1400,0.2,1
12,12,488,1,0,500,0.6,1000,0.2,1400,0.2,2
12,13,915,1,0,300,0.5,1700,0.5,1
12,14,759,2,10,5,0,500,0.6,1000,0.2,1400,0.2,2
13,0,334,0,0,300,0.5,1700,0.5,0
13,1,218,2,10,5,0,500,0.6,1000,0.2,1400,0.2,2
13,2,821,2,10,5,0,500,0.6,1000,0.2,1400,0.2,0
13,3,931,0,0,500,0.6,1000,0.2,1400,0.2,0
13,4,13,0,0,300,0.5,1700,0.5,1
13,5,447,2,10,5,0,300,0.5,1700,0.5,1
13,6,557,0,0,500,0.6,1000,0.2,1400,0.2,2
13,7,102,1,0,300,0.5,1700,0.5,0
13,8,211,0,0,300,0.5,1700,0.5,0
13,9,396,1,0,500,0.6,1000,0.2,1400,0.2,2
13,10,426,1,0,300,0.5,1700,0.5,2
13,11,263,2,10,5,0,500,0.6,1000,0.2,1400,0.2,0
13,12,797,1,0,300,0.5,1700,0.5,0
13,13,590,2,10,5,0,300,0.5,1700,0.5,0
13,14,251,2,10,5,0,500,0.6,1000,0.2,1400,0.2,2
14,0,908,1,0,500,0.6,1000,0.2,1400,0.2,1
14,1,178,2,10,5,0,500,0.6,1000,0.2,1400,0.2,2
14,2,874,2,10,5,0,500,0.6,1000,0.2,1400,0.2,0
14,3,192,0,0,500,0.6,1000,0.2,1400,0.2,1
14,4,198,2,10,5,0,500,0.6,1000,0.2,1400,0.2,1
14,5,91,1,0,500,0.6,1000,0.2,1400,0.2,2
14,6,477,2,10,5,0,500,0.6,1000,0.2,1400,0.2,2
14,7,382,0,0,500,0.6,1000,0.2,1400,0.2,1
14,8,517,0,0,500,0.6,1000,0.2,1400,0.2,2
14,9,820,0,0,300,0.5,1700,0.5,2
14,10,974,0,0,500,0.6,1000,0.2,1400,0.2,2
14,11,718,0,0,300,0.5,1700,0.5,2
14,12,886,1,0,300,0.5,1700,0.5,0
14,13,203,0,0,300,0.5,1700,0.5,2
14,14,830,1,0,500,0.6,1000,0.2,1400,0.2,2
