0,0,360,0,0,500,0.6,1000,0.2,1400,0.2,1
0,1,54,0,0,500,0.6,1000,0.2,1400,0.2,0
0,2,255,2,10,5,0,500,0.6,1000,0.2,1400,0.2,2
0,3,42,0,0,500,0.6,1000,0.2,1400,0.2,2
0,4,779,1,0,300,0.5,1700,0.5,0
0,5,862,2,10,5,0,300,0.5,1700,0.5,0
0,6,577,2,10,5,0,300,0.5,1700,0.5,1
0,7,282,1,0,300,0.5,1700,0.5,0
0,8,134,0,0,500,0.6,1000,0.2,1400,0.2,2
0,9,439,1,0,500,0.6,1000,0.2,1400,0.2,1
0,10,904,2,10,5,0,300,0.5,1700,0.5,2
0,11,855,0,0,300,0.5,1700,0.5,2
0,12,529,1,0,300,0.5,1700,0.5,0
0,13,742,1,0,300,0.5,1700,0.5,1
0,14,250,1,0,300,0.5,1700,0.5,0
1,0,161,2,10,5,0,300,0.5,1700,0.5,1
1,1,653,2,10,5,0,500,0.6,1000,0.2,1400,0.2,2
1,2,523,0,0,300,0.5,1700,0.5,1
1,3,762,1,0,300,0.5,1700,0.5,1
1,4,56,2,10,5,0,300,0.5,1700,0.5,2
1,5,983,1,0,500,0.6,1000,0.2,1400,0.2,1
1,6,896,2,10,5,0,300,0.5,1700,0.5,2
1,7,382,2,10,5,0,300,0.5,1700,0.5,0
1,8,935,2,10,5,0,300,0.5,1700,0.5,1
1,9,874,0,0,500,0.6,1000,0.2,1400,0.2,2
1,10,150,1,0,500,0.6,1000,0.2,1400,0.2,0
1,11,481,1,0,500,0.6,1000,0.2,1400,0.2,2
1,12,759,2,10,5,0,300,0.5,1700,0.5,0
1,13,680,2,10,5,0,500,0.6,1000,0.2,1400,0.2,1
1,14,598,1,0,300,0.5,1700,0.5,2
2,0,582,2,10,5,0,500,0.6,1000,0.2,1400,0.2,1
2,1,238,1,0,300,0.5,1700,0.5,2
2,2,942,0,0,300,0.5,1700,0.5,0
2,3,405,0,0,500,0.6,1000,0.2,1400,0.2,2
2,4,565,0,0,300,0.5,1700,0.5,1
2,5,282,2,10,5,0,500,0.6,1000,0.2,1400,0.2,2
2,6,808,2,10,5,0,300,0.5,1700,0.5,0
2,7,112,0,0,300,0.5,1700,0.5,0
2,8,947,2,10,5,0,500,0.6,1000,0.2,1400,0.2,1
2,9,982,1,0,500,0.6,1000,0.2,1400,0.2,1
2,10,24,2,10,5,0,500,0.6,1000,0.2,1400,0.2,0
2,11,30,1,0,300,0.5,1700,0.5,0
2,12,953,0,0,300,0.5,1700,0.5,0
2,13,109,2,10,5,0,300,0.5,1700,0.5,1
2,14,50,1,0,300,0.5,1700,0.5,0
3,0,523,0,0,300,0.5,1700,0.5,2
3,1,263,1,0,500,0.6,1000,0.2,1400,0.2,0
3,2,495,2,10,5,0,300,0.5,1700,0.5,2
3,3,340,0,0,300,0.5,1700,0.5,1
3,4,526,2,10,5,0,500,0.6,1000,0.2,1400,0.2,0
3,5,824,1,0,500,0.6,1000,0.2,1400,0.2,2
3,6,631,0,0,300,0.5,1700,0.5,1
3,7,36,2,10,5,0,300,0.5,1700,0.5,0
3,8,95,1,0,500,0.6,1000,0.2,1400,0.2,1
3,9,551,2,10,5,0,500,0.6,1000,0.2,1400,0.2,1
3,10,871,2,10,5,0,500,0.6,1000,0.2,1400,0.2,0
3,11,555,1,0,300,0.5,1700,0.5,1
3,12,362,1,0,300,0.5,1700,0.5,0
3,13,152,0,0,300,0.5,1700,0.5,0
3,14,94,1,0,500,0.6,1000,0.2,1400,0.2,2
4,0,929,2,10,5,0,300,0.5,1700,0.5,2
4,1,654,0,0,500,0.6,1000,0.2,1400,0.2,1
4,2,855,2,10,5,0,500,0.6,1000,0.2,1400,0.2,0
4,3,82,2,10,5,0,300,0.5,1700,0.5,2
4,4,739,1,0,500,0.6,1000,0.2,1400,0.2,0
4,5,376,0,0,500,0.6,1000,0.2,1400,0.2,0
4,6,672,0,0,500,0.6,1000,0.2,1400,0.2,0
4,7,878,1,0,300,0.5,1700,0.5,2
4,8,731,0,0,300,0.5,1700,0.5,1
4,9,591,0,0,500,0.6,1000,0.2,1400,0.2,1
4,10,260,0,0,300,0.5,1700,0.5,0
4,11,265,2,10,5,0,500,0.6,1000,0.2,1400,0.2,0
4,12,446,2,10,5,0,500,0.6,1000,0.2,1400,0.2,0
4,13,712,0,0,300,0.5,1700,0.5,2
4,14,484,1,0,300,0.5,1700,0.5,1
5,0,941,2,10,5,0,300,0.5,1700,0.5,1
5,1,779,0,0,500,0.6,1000,0.2,1400,0.2,0
5,2,127,2,10,5,0,300,0.5,1700,0.5,2
5,3,146,2,10,5,0,500,0.6,1000,0.2,1400,0.2,2
5,4,678,1,0,500,0.6,1000,0.2,1400,0.2,1
5,5,823,1,0,500,0.6,1000,0.2,1400,0.2,1
5,6,899,2,10,5,0,300,0.5,1700,0.5,1
5,7,416,1,0,300,0.5,1700,0.5,0
5,8,882,2,10,5,0,500,0.6,1000,0.2,1400,0.2,1
5,9,493,2,10,5,0,500,0.6,1000,0.2,1400,0.2,0
5,10,501,1,0,500,0.6,1000,0.2,1400,0.2,0
5,11,649,0,0,500,0.6,1000,0.2,1400,0.2,1
5,12,162,1,0,500,0.6,1000,0.2,1400,0.2,0
5,13,407,2,10,5,0,300,0.5,1700,0.5,2
5,14,340,2,10,5,0,500,0.6,1000,0.2,1400,0.2,2
6,0,963,2,10,5,0,500,0.6,1000,0.2,1400,0.2,1
6,1,93,2,10,5,0,300,0.5,1700,0.5,1
6,2,251,0,0,300,0.5,1700,0.5,2
6,3,628,0,0,500,0.6,1000,0.2,1400,0.2,1
6,4,305,0,0,500,0.6,1000,0.2,1400,0.2,2
6,5,510,2,10,5,0,500,0.6,1000,0.2,1400,0.2,1
6,6,147,2,10,5,0,300,0.5,1700,0.5,1
6,7,492,0,0,500,0.6,1000,0.2,1400,0.2,0
6,8,959,0,0,500,0.6,1000,0.2,1400,0.2,2
6,9,903,2,10,5,0,500,0.6,1000,0.2,1400,0.2,0
6,10,16,2,10,5,0,500,0.6,1000,0.2,1400,0.2,1
6,11,259,0,0,300,0.5,1700,0.5,1
6,12,474,2,10,5,0,500,0.6,1000,0.2,1400,0.2,0
6,13,922,1,0,500,0.6,1000,0.2,1400,0.2,1
6,14,184,1,0,300,0.5,1700,0.5,0
7,0,875,2,10,5,0,300,0.5,1700,0.5,1
7,1,195,0,0,300,0.5,1700,0.5,0
7,2,921,0,0,300,0.5,1700,0.5,0
7,3,870,1,0,500,0.6,1000,0.2,1400,0.2,0
7,4,318,0,0,500,0.6,1000,0.2,1400,0.2,1
7,5,398,2,10,5,0,500,0.6,1000,0.2,1400,0.2,0
7,6,267,0,0,300,0.5,1700,0.5,0
7,7,99,0,0,500,0.6,1000,0.2,1400,0.2,0
7,8,557,1,0,300,0.5,1700,0.5,1
7,9,32,1,0,500,0.6,1000,0.2,1400,0.2,1
7,10,59,0,0,500,0.6,1000,0.2,1400,0.2,0
7,11,735,2,10,5,0,500,0.6,1000,0.2,1400,0.2,0
7,12,54,2,10,5,0,500,0.6,1000,0.2,1400,0.2,1
7,13,65,0,0,500,0.6,1000,0.2,1400,0.2,2
7,14,34,0,0,300,0.5,1700,0.5,0
8,0,213,0,0,300,0.5,1700,0.5,1
8,1,555,0,0,300,0.5,1700,0.5,0
8,2,225,1,0,300,0.5,1700,0.5,2
8,3,928,0,0,300,0.5,1700,0.5,1
8,4,959,1,0,500,0.6,1000,0.2,1400,0.2,0
8,5,164,1,0,500,0.6,1000,0.2,1400,0.2,1
8,6,273,2,10,5,0,500,0.6,1000,0.2,1400,0.2,2
8,7,722,1,0,300,0.5,1700,0.5,1
8,8,843,0,0,500,0.6,1000,0.2,1400,0.2,2
8,9,77,2,10,5,0,500,0.6,1000,0.2,1400,0.2,1
8,10,164,1,0,500,0.6,1000,0.2,1400,0.2,1
8,11,989,2,10,5,0,500,0.6,1000,0.2,1400,0.2,1
8,12,545,2,10,5,0,500,0.6,1000,0.2,1400,0.2,2
8,13,401,2,10,5,0,500,0.6,1000,0.2,1400,0.2,2
8,14,225,2,10,5,0,300,0.5,1700,0.5,1
9,0,437,0,0,300,0.5,1700,0.5,0
9,1,918,1,0,300,0.5,1700,0.5,1
9,2,447,2,10,5,0,300,0.5,1700,0.5,2
9,3,790,1,0,500,0.6,1000,0.2,1400,0.2,2
9,4,450,0,0,300,0.5,1700,0.5,2
9,5,380,2,10,5,0,300,0.5,1700,0.5,1
9,6,19,0,0,500,0.6,1000,0.2,1400,0.2,1
9,7,864,0,0,500,0.6,1000,0.2,1400,0.2,1
9,8,489,2,10,5,0,500,0.6,1000,0.2,1400,0.2,2
9,9,201,0,0,500,0.6,1000,0.2,1400,0.2,2
9,10,817,0,0,500,0.6,1000,0.2,1400,0.2,1
9,11,98,2,10,5,0,500,0.6,1000,0.2,1400,0.2,1
9,12,528,2,10,5,0,300,0.5,1700,0.5,1
9,13,458,1,0,500,0.6,1000,0.2,1400,0.2,1
9,14,402,1,0,300,0.5,1700,0.5,2
10,0,509,2,10,5,0,300,0.5,1700,0.5,1
10,1,663,2,10,5,0,500,0.6,1000,0.2,1400,0.2,0
10,2,683,2,10,5,0,300,0.5,1700,0.5,0
10,3,869,2,10,5,0,500,0.6,1000,0.2,1400,0.2,0
10,4,785,1,0,500,0.6,1000,0.2,1400,0.2,0
10,5,191,1,0,500,0.6,1000,0.2,1400,0.2,0
10,6,525,2,10,5,0,500,0.6,1000,0.2,1400,0.2,2
10,7,440,2,10,5,0,300,0.5,1700,0.5,0
10,8,781,2,10,5,0,300,0.5,1700,0.5,1
10,9,852,1,0,500,0.6,1000,0.2,1400,0.2,0
10,10,137,1,0,500,0.6,1000,0.2,1400,0.2,2
10,11,558,1,0,300,0.5,1700,0.5,1
10,12,978,1,0,300,0.5,1700,0.5,0
10,13,310,1,0,500,0.6,1000,0.2,1400,0.2,1
10,14,439,1,0,500,0.6,1000,0.2,1400,0.2,0
11,0,324,2,10,5,0,300,0.5,1700,0.5,0
11,1,485,1,0,500,0.6,1000,0.2,1400,0.2,1
11,2,360,0,0,300,0.5,1700,0.5,0
11,3,746,2,10,5,0,500,0.6,1000,0.2,1400,0.2,0
11,4,238,1,0,300,0.5,1700,0.5,0
11,5,360,0,0,500,0.6,1000,0.2,1400,0.2,1
11,6,16,0,0,500,0.6,1000,0.2,1400,0.2,2
11,7,675,1,0,500,0.6,1000,0.2,1400,0.2,2
11,8,911,1,0,300,0.5,1700,0.5,2
11,9,402,1,0,500,0.6,1000,0.2,1400,0.2,0
11,10,313,0,0,500,0.6,1000,0.2,1400,0.2,2
11,11,930,1,0,500,0.6,1000,0.2,1400,0.2,2
11,12,751,2,10,5,0,500,0.6,1000,0.2,1400,0.2,2
11,13,206,2,10,5,0,500,0.6,1000,0.2,1400,0.2,2
11,14,30,2,10,5,0,500,0.6,1000,0.2,1400,0.2,1
12,0,727,2,10,5,0,300,0.5,1700,0.5,2
12,1,983,1,0,500,0.6,1000,0.2,1400,0.2,2
12,2,174,1,0,300,0.5,1700,0.5,1
12,3,596,0,0,300,0.5,1700,0.5,2
12,4,838,2,10,5,0,300,0.5,1700,0.5,1
12,5,291,0,0,300,0.5,1700,0.5,0
12,6,474,1,0,500,0.6,1000,0.2,1400,0.2,1
12,7,338,2,10,5,0,500,0.6,1000,0.2,1400,0.2,0
12,8,360,2,10,5,0,300,0.5,1700,0.5,2
12,9,127,1,0,500,0.6,1000,0.2,1400,0.2,1
12,10,91,1,0,300,0.5,1700,0.5,1
12,11,982,2,10,5,0,300,0.5,1700,0.5,2
12,12,294,1,0,300,0.5,1700,0.5,1
12,13,641,1,0,300,0.5,1700,0.5,2
12,14,771,0,0,500,0.6,1000,0.2,1400,0.2,2
13,0,208,0,0,500,0.6,1000,0.2,1400,0.2,2
13,1,481,2,10,5,0,300,0.5,1700,0.5,0
13,2,892,2,10,5,0,500,0.6,1000,0.2,1400,0.2,0
13,3,297,0,0,500,0.6,1000,0.2,1400,0.2,2
13,4,942,2,10,5,0,300,0.5,1700,0.5,0
13,5,687,1,0,300,0.5,1700,0.5,1
13,6,350,2,10,5,0,500,0.6,1000,0.2,1400,0.2,1
13,7,831,2,10,5,0,300,0.5,1700,0.5,2
13,8,165,1,0,300,0.5,1700,0.5,2
13,9,896,1,0,300,0.5,1700,0.5,1
13,10,457,1,0,500,0.6,1000,0.2,1400,0.2,0
13,11,914,1,0,300,0.5,1700,0.5,0
13,12,469,0,0,300,0.5,1700,0.5,0
13,13,386,1,0,300,0.5,1700,0.5,0
13,14,588,2,10,5,0,500,0.6,1000,0.2,1400,0.2,2
14,0,573,2,10,5,0,300,0.5,1700,0.5,0
14,1,124,0,0,500,0.6,1000,0.2,1400,0.2,2
14,2,306,0,0,300,0.5,1700,0.5,0
14,3,47,0,0,300,0.5,1700,0.5,0
14,4,566,1,0,500,0.6,1000,0.2,1400,0.2,1
14,5,326,1,0,500,0.6,1000,0.2,1400,0.2,2
14,6,437,1,0,500,0.6,1000,0.2,1400,0.2,0
14,7,678,2,10,5,0,500,0.6,1000,0.2,1400,0.2,0
14,8,463,0,0,300,0.5,1700,0.5,2
14,9,59,0,0,500,0.6,1000,0.2,1400,0.2,2
14,10,524,0,0,300,0.5,1700,0.5,0
14,11,640,2,10,5,0,500,0.6,1000,0.2,1400,0.2,0
14,12,775,2,10,5,0,500,0.6,1000,0.2,1400,0.2,1
14,13,319,2,10,5,0,300,0.5,1700,0.5,2
14,14,794,0,0,500,0.6,1000,0.2,1400,0.2,2
