0,0,408,0,0,500,0.6,1000,0.2,1400,0.2,0
0,1,234,0,0,300,0.5,1700,0.5,2
0,2,86,1,0,500,0.6,1000,0.2,1400,0.2,0
0,3,353,0,0,300,0.5,1700,0.5,2
0,4,547,2,10,5,0,500,0.6,1000,0.2,1400,0.2,2
0,5,564,0,0,500,0.6,1000,0.2,1400,0.2,2
0,6,991,0,0,300,0.5,1700,0.5,0
0,7,409,2,10,5,0,300,0.5,1700,0.5,2
0,8,925,0,0,300,0.5,1700,0.5,2
0,9,557,2,10,5,0,500,0.6,1000,0.2,1400,0.2,1
0,10,698,0,0,500,0.6,1000,0.2,1400,0.2,2
0,11,780,2,10,5,0,300,0.5,1700,0.5,1
0,12,108,1,0,500,0.6,1000,0.2,1400,0.2,1
0,13,747,2,10,5,0,500,0.6,1000,0.2,1400,0.2,1
0,14,204,2,10,5,0,300,0.5,1700,0.5,2
1,0,885,1,0,300,0.5,1700,0.5,2
1,1,346,0,0,500,0.6,1000,0.2,1400,0.2,0
1,2,646,2,10,5,0,300,0.5,1700,0.5,0
1,3,919,0,0,300,0.5,1700,0.5,1
1,4,995,1,0,300,0.5,1700,0.5,0
1,5,76,1,0,500,0.6,1000,0.2,1400,0.2,0
1,6,936,1,0,500,0.6,1000,0.2,1400,0.2,1
1,7,981,2,10,5,0,300,0.5,1700,0.5,2
1,8,123,2,10,5,0,300,0.5,1700,0.5,0
1,9,661,0,0,500,0.6,1000,0.2,1400,0.2,0
1,10,968,2,10,5,0,500,0.6,1000,0.2,1400,0.2,2
1,11,210,0,0,300,0.5,1700,0.5,2
1,12,676,0,0,300,0.5,1700,0.5,0
1,13,818,0,0,500,0.6,1000,0.2,1400,0.2,2
1,14,651,0,0,500,0.6,1000,0.2,1400,0.2,2
2,0,749,0,0,300,0.5,1700,0.5,0
2,1,117,0,0,300,0.5,1700,0.5,2
2,2,464,0,0,300,0.5,1700,0.5,2
2,3,607,2,10,5,0,500,0.6,1000,0.2,1400,0.2,2
2,4,771,1,0,300,0.5,1700,0.5,2
2,5,322,1,0,500,0.6,1000,0.2,1400,0.2,1
2,6,686,2,10,5,0,300,0.5,1700,0.5,1
2,7,998,2,10,5,0,500,0.6,1000,0.2,1400,0.2,2
2,8,310,0,0,500,0.6,1000,0.2,1400,0.2,2
2,9,454,1,0,300,0.5,1700,0.5,1
2,10,64,0,0,300,0.5,1700,0.5,0
2,11,996,1,0,300,0.5,1700,0.5,0
2,12,448,0,0,500,0.6,1000,0.2,1400,0.2,2
2,13,552,1,0,500,0.6,1000,0.2,1400,0.2,0
2,14,776,1,0,300,0.5,1700,0.5,1
3,0,814,0,0,300,0.5,1700,0.5,0
3,1,14,2,10,5,0,500,0.6,1000,0.2,1400,0.2,2
3,2,313,2,10,5,0,500,0.6,1000,0.2,1400,0.2,0
3,3,483,1,0,500,0.6,1000,0.2,1400,0.2,1
3,4,541,2,10,5,0,300,0.5,1700,0.5,1
3,5,780,0,0,300,0.5,1700,0.5,1
3,6,135,2,10,5,0,500,0.6,1000,0.2,1400,0.2,2
3,7,604,1,0,500,0.6,1000,0.2,1400,0.2,0
3,8,984,2,10,5,0,500,0.6,1000,0.2,1400,0.2,1
3,9,180,1,0,500,0.6,1000,0.2,1400,0.2,1
3,10,485,2,10,5,0,500,0.6,1000,0.2,1400,0.2,2
3,11,123,1,0,300,0.5,1700,0.5,1
3,12,99,1,0,300,0.5,1700,0.5,1
3,13,812,0,0,300,0.5,1700,0.5,0
3,14,450,2,10,5,0,300,0.5,1700,0.5,1
4,0,901,1,0,500,0.6,1000,0.2,1400,0.2,0
4,1,502,2,10,5,0,300,0.5,1700,0.5,1
4,2,637,1,0,300,0.5,1700,0.5,1
4,3,126,0,0,500,0.6,1000,0.2,1400,0.2,0
4,4,419,2,10,5,0,300,0.5,1700,0.5,0
4,5,389,2,10,5,0,300,0.5,1700,0.5,0
4,6,875,0,0,500,0.6,1000,0.2,1400,0.2,2
4,7,314,1,0,500,0.6,1000,0.2,1400,0.2,0
4,8,615,1,0,300,0.5,1700,0.5,1
4,9,923,2,10,5,0,500,0.6,1000,0.2,1400,0.2,1
4,10,870,0,0,300,0.5,1700,0.5,1
4,11,162,1,0,500,0.6,1000,0.2,1400,0.2,0
4,12,917,2,10,5,0,500,0.6,1000,0.2,1400,0.2,1
4,13,174,1,0,300,0.5,1700,0.5,2
4,14,877,1,0,300,0.5,1700,0.5,1
5,0,173,0,0,300,0.5,1700,0.5,0
5,1,951,2,10,5,0,300,0.5,1700,0.5,2
5,2,319,0,0,500,0.6,1000,0.2,1400,0.2,1
5,3,371,1,0,500,0.6,1000,0.2,1400,0.2,0
5,4,389,2,10,5,0,500,0.6,1000,0.2,1400,0.2,1
5,5,676,2,10,5,0,500,0.6,1000,0.2,1400,0.2,0
5,6,175,1,0,500,0.6,1000,0.2,1400,0.2,2
5,7,369,2,10,5,0,500,0.6,1000,0.2,1400,0.2,1
5,8,35,0,0,300,0.5,1700,0.5,2
5,9,567,2,10,5,0,500,0.6,1000,0.2,1400,0.2,1
5,10,238,2,10,5,0,300,0.5,1700,0.5,0
5,11,888,1,0,300,0.5,1700,0.5,1
5,12,389,2,10,5,0,500,0.6,1000,0.2,1400,0.2,0
5,13,165,2,10,5,0,300,0.5,1700,0.5,2
5,14,662,1,0,500,0.6,1000,0.2,1400,0.2,2
6,0,387,1,0,300,0.5,1700,0.5,0
6,1,25,0,0,500,0.6,1000,0.2,1400,0.2,2
6,2,408,2,10,5,0,300,0.5,1700,0.5,1
6,3,891,1,0,500,0.6,1000,0.2,1400,0.2,0
6,4,849,1,0,300,0.5,1700,0.5,0
6,5,705,2,10,5,0,300,0.5,1700,0.5,2
6,6,164,1,0,300,0.5,1700,0.5,2
6,7,433,0,0,500,0.6,1000,0.2,1400,0.2,1
6,8,816,2,10,5,0,300,0.5,1700,0.5,0
6,9,510,1,0,500,0.6,1000,0.2,1400,0.2,0
6,10,402,2,10,5,0,500,0.6,1000,0.2,1400,0.2,0
6,11,376,2,10,5,0,300,0.5,1700,0.5,1
6,12,266,1,0,300,0.5,1700,0.5,2
6,13,720,2,10,5,0,500,0.6,1000,0.2,1400,0.2,2
6,14,137,2,10,5,0,500,0.6,1000,0.2,1400,0.2,2
7,0,374,1,0,500,0.6,1000,0.2,1400,0.2,2
7,1,613,0,0,300,0.5,1700,0.5,1
7,2,947,2,10,5,0,300,0.5,1700,0.5,2
7,3,332,0,0,500,0.6,1000,0.2,1400,0.2,2
7,4,487,2,10,5,0,500,0.6,1000,0.2,1400,0.2,1
7,5,480,1,0,500,0.6,1000,0.2,1400,0.2,2
7,6,17,0,0,500,0.6,1000,0.2,1400,0.2,0
7,7,90,0,0,300,0.5,1700,0.5,1
7,8,934,0,0,500,0.6,1000,0.2,1400,0.2,1
7,9,13,1,0,500,0.6,1000,0.2,1400,0.2,1
7,10,963,1,0,500,0.6,1000,0.2,1400,0.2,1
7,11,873,1,0,300,0.5,1700,0.5,1
7,12,815,1,0,500,0.6,1000,0.2,1400,0.2,2
7,13,711,1,0,500,0.6,1000,0.2,1400,0.2,0
7,14,619,2,10,5,0,500,0.6,1000,0.2,1400,0.2,2
8,0,637,1,0,300,0.5,1700,0.5,1
8,1,749,2,10,5,0,500,0.6,1000,0.2,1400,0.2,1
8,2,432,0,0,500,0.6,1000,0.2,1400,0.2,0
8,3,860,1,0,300,0.5,1700,0.5,0
8,4,775,2,10,5,0,300,0.5,1700,0.5,2
8,5,123,2,10,5,0,300,0.5,1700,0.5,2
8,6,438,0,0,500,0.6,1000,0.2,1400,0.2,0
8,7,878,0,0,300,0.5,1700,0.5,2
8,8,636,0,0,500,0.6,1000,0.2,1400,0.2,2
8,9,81,1,0,300,0.5,1700,0.5,2
8,10,793,1,0,500,0.6,1000,0.2,1400,0.2,2
8,11,200,1,0,500,0.6,1000,0.2,1400,0.2,0
8,12,148,0,0,300,0.5,1700,0.5,1
8,13,461,1,0,500,0.6,1000,0.2,1400,0.2,2
8,14,978,1,0,500,0.6,1000,0.2,1400,0.2,1
9,0,581,2,10,5,0,500,0.6,1000,0.2,1400,0.2,0
9,1,466,1,0,300,0.5,1700,0.5,2
9,2,19,0,0,500,0.6,1000,0.2,1400,0.2,0
9,3,952,1,0,500,0.6,1000,0.2,1400,0.2,2
9,4,565,0,0,300,0.5,1700,0.5,0
9,5,633,0,0,300,0.5,1700,0.5,1
9,6,837,2,10,5,0,300,0.5,1700,0.5,1
9,7,686,2,10,5,0,500,0.6,1000,0.2,1400,0.2,1
9,8,832,2,10,5,0,300,0.5,1700,0.5,1
9,9,892,1,0,300,0.5,1700,0.5,1
9,10,71,0,0,500,0.6,1000,0.2,1400,0.2,0
9,11,780,1,0,300,0.5,1700,0.5,1
9,12,644,1,0,500,0.6,1000,0.2,1400,0.2,0
9,13,972,2,10,5,0,300,0.5,1700,0.5,1
9,14,433,1,0,300,0.5,1700,0.5,0
10,0,540,2,10,5,0,300,0.5,1700,0.5,2
10,1,555,1,0,500,0.6,1000,0.2,1400,0.2,1
10,2,800,2,10,5,0,300,0.5,1700,0.5,2
10,3,840,2,10,5,0,500,0.6,1000,0.2,1400,0.2,0
10,4,881,2,10,5,0,300,0.5,1700,0.5,2
10,5,675,2,10,5,0,500,0.6,1000,0.2,1400,0.2,2
10,6,96,0,0,500,0.6,1000,0.2,1400,0.2,1
10,7,388,0,0,500,0.6,1000,0.2,1400,0.2,2
10,8,889,1,0,300,0.5,1700,0.5,1
10,9,210,1,0,300,0.5,1700,0.5,2
10,10,356,0,0,500,0.6,1000,0.2,1400,0.2,1
10,11,678,2,10,5,0,300,0.5,1700,0.5,0
10,12,984,2,10,5,0,300,0.5,1700,0.5,2
10,13,78,0,0,500,0.6,1000,0.2,1400,0.2,1
10,14,580,0,0,500,0.6,1000,0.2,1400,0.2,1
11,0,428,2,10,5,0,300,0.5,1700,0.5,1
11,1,596,1,0,500,0.6,1000,0.2,1400,0.2,0
11,2,962,0,0,300,0.5,1700,0.5,0
11,3,430,0,0,300,0.5,1700,0.5,2
11,4,247,2,10,5,0,500,0.6,1000,0.2,1400,0.2,0
11,5,182,2,10,5,0,500,0.6,1000,0.2,1400,0.2,1
11,6,97,0,0,500,0.6,1000,0.2,1400,0.2,0
11,7,141,2,10,5,0,500,0.6,1000,0.2,1400,0.2,2
11,8,887,2,10,5,0,500,0.6,1000,0.2,1400,0.2,0
11,9,988,2,10,5,0,500,0.6,1000,0.2,1400,0.2,1
11,10,338,2,10,5,0,300,0.5,1700,0.5,0
11,11,958,1,0,500,0.6,1000,0.2,1400,0.2,0
11,12,330,0,0,300,0.5,1700,0.5,0
11,13,427,1,0,300,0.5,1700,0.5,0
11,14,234,0,0,300,0.5,1700,0.5,0
12,0,501,2,10,5,0,500,0.6,1000,0.2,1400,0.2,1
12,1,891,0,0,300,0.5,1700,0.5,2
12,2,980,2,10,5,0,300,0.5,1700,0.5,2
12,3,831,1,0,300,0.5,1700,0.5,1
12,4,885,2,10,5,0,300,0.5,1700,0.5,2
12,5,677,1,0,500,0.6,1000,0.2,1400,0.2,1
12,6,230,1,0,500,0.6,1000,0.2,1400,0.2,1
12,7,362,1,0,300,0.5,1700,0.5,2
12,8,202,2,10,5,0,300,0.5,1700,0.5,2
12,9,844,1,0,500,0.6,1000,0.2,1400,0.2,0
12,10,446,0,0,500,0.6,1000,0.2,1400,0.2,0
12,11,160,0,0,500,0.6,1000,0.2,1400,0.2,0
12,12,409,2,10,5,0,300,0.5,1700,0.5,2
12,13,237,0,0,300,0.5,1700,0.5,1
12,14,618,1,0,300,0.5,1700,0.5,1
13,0,471,1,0,300,0.5,1700,0.5,2
13,1,59,0,0,500,0.6,1000,0.2,1400,0.2,2
13,2,479,1,0,500,0.6,1000,0.2,1400,0.2,0
13,3,30,0,0,500,0.6,1000,0.2,1400,0.2,2
13,4,278,0,0,300,0.5,1700,0.5,1
13,5,846,1,0,300,0.5,1700,0.5,0
13,6,12,2,10,5,0,500,0.6,1000,0.2,1400,0.2,1
13,7,138,1,0,500,0.6,1000,0.2,1400,0.2,1
13,8,145,1,0,500,0.6,1000,0.2,1400,0.2,1
13,9,709,0,0,300,0.5,1700,0.5,2
13,10,257,2,10,5,0,500,0.6,1000,0.2,1400,0.2,1
13,11,66,2,10,5,0,500,0.6,1000,0.2,1400,0.2,1
13,12,361,1,0,300,0.5,1700,0.5,0
13,13,339,1,0,300,0.5,1700,0.5,1
13,14,470,1,0,500,0.6,1000,0.2,1400,0.2,1
14,0,271,2,10,5,0,300,0.5,1700,0.5,1
14,1,259,2,10,5,0,300,0.5,1700,0.5,1
14,2,477,0,0,300,0.5,1700,0.5,0
14,3,827,1,0,300,0.5,1700,0.5,1
14,4,359,2,10,5,0,500,0.6,1000,0.2,1400,0.2,2
14,5,251,2,10,5,0,500,0.6,1000,0.2,1400,0.2,0
14,6,589,1,0,500,0.6,1000,0.2,1400,0.2,2
14,7,907,2,10,5,0,500,0.6,1000,0.2,1400,0.2,1
14,8,964,1,0,500,0.6,1000,0.2,1400,0.2,0
14,9,720,1,0,500,0.6,1000,0.2,1400,0.2,1
14,10,491,1,0,300,0.5,1700,0.5,2
14,11,233,1,0,500,0.6,1000,0.2,1400,0.2,1
14,12,423,1,0,300,0.5,1700,0.5,0
14,13,188,0,0,500,0.6,1000,0.2,1400,0.2,0
14,14,871,0,0,500,0.6,1000,0.2,1400,0.2,2
