0,0,54,2,10,5,0,500,0.6,1000,0.2,1400,0.2,1
0,1,126,2,10,5,0,300,0.5,1700,0.5,1
0,2,535,2,10,5,0,500,0.6,1000,0.2,1400,0.2,0
0,3,352,2,10,5,0,300,0.5,1700,0.5,2
0,4,481,1,0,300,0.5,1700,0.5,0
0,5,66,1,0,500,0.6,1000,0.2,1400,0.2,1
0,6,75,2,10,5,0,500,0.6,1000,0.2,1400,0.2,0
0,7,193,1,0,300,0.5,1700,0.5,0
0,8,48,2,10,5,0,500,0.6,1000,0.2,1400,0.2,1
0,9,64,2,10,5,0,300,0.5,1700,0.5,2
0,10,769,0,0,300,0.5,1700,0.5,2
0,11,505,0,0,500,0.6,1000,0.2,1400,0.2,0
0,12,297,2,10,5,0,500,0.6,1000,0.2,1400,0.2,0
0,13,760,1,0,300,0.5,1700,0.5,2
0,14,209,1,0,300,0.5,1700,0.5,2
1,0,690,0,0,500,0.6,1000,0.2,1400,0.2,0
1,1,169,2,10,5,0,300,0.5,1700,0.5,0
1,2,566,1,0,300,0.5,1700,0.5,0
1,3,723,0,0,500,0.6,1000,0.2,1400,0.2,2
1,4,15,1,0,300,0.5,1700,0.5,0
1,5,695,1,0,300,0.5,1700,0.5,0
1,6,762,1,0,500,0.6,1000,0.2,1400,0.2,0
1,7,67,2,10,5,0,500,0.6,1000,0.2,1400,0.2,1
1,8,810,2,10,5,0,500,0.6,1000,0.2,1400,0.2,2
1,9,40,1,0,300,0.5,1700,0.5,2
1,10,276,2,10,5,0,500,0.6,1000,0.2,1400,0.2,1
1,11,568,1,0,300,0.5,1700,0.5,2
1,12,395,2,10,5,0,500,0.6,1000,0.2,1400,0.2,1
1,13,683,1,0,500,0.6,1000,0.2,1400,0.2,1
1,14,914,2,10,5,0,500,0.6,1000,0.2,1400,0.2,2
2,0,873,0,0,500,0.6,1000,0.2,1400,0.2,0
2,1,1000,2,10,5,0,300,0.5,1700,0.5,1
2,2,646,2,10,5,0,500,0.6,1000,0.2,1400,0.2,2
2,3,494,0,0,500,0.6,1000,0.2,1400,0.2,1
2,4,605,2,10,5,0,500,0.6,1000,0.2,1400,0.2,1
2,5,401,0,0,500,0.6,1000,0.2,1400,0.2,2
2,6,839,2,10,5,0,500,0.6,1000,0.2,1400,0.2,1
2,7,844,2,10,5,0,300,0.5,1700,0.5,0
2,8,794,1,0,500,0.6,1000,0.2,1400,0.2,2
2,9,871,2,10,5,0,500,0.6,1000,0.2,1400,0.2,1
2,10,864,2,10,5,0,300,0.5,1700,0.5,2
2,11,473,0,0,300,0.5,1700,0.5,1
2,12,364,2,10,5,0,300,0.5,1700,0.5,0
2,13,877,1,0,500,0.6,1000,0.2,1400,0.2,0
2,14,392,0,0,500,0.6,1000,0.2,1400,0.2,0
3,0,321,0,0,300,0.5,1700,0.5,0
3,1,846,1,0,500,0.6,1000,0.2,1400,0.2,2
3,2,461,1,0,300,0.5,1700,0.5,1
3,3,198,2,10,5,0,300,0.5,1700,0.5,1
3,4,965,1,0,500,0.6,1000,0.2,1400,0.2,1
3,5,480,0,0,500,0.6,1000,0.2,1400,0.2,2
3,6,403,2,10,5,0,500,0.6,1000,0.2,1400,0.2,0
3,7,618,0,0,300,0.5,1700,0.5,2
3,8,61,1,0,300,0.5,1700,0.5,1
3,9,422,2,10,5,0,300,0.5,1700,0.5,1
3,10,466,1,0,500,0.6,1000,0.2,1400,0.2,2
3,11,33,0,0,300,0.5,1700,0.5,0
3,12,783,2,10,5,0,300,0.5,1700,0.5,2
3,13,894,1,0,300,0.5,1700,0.5,1
3,14,90,0,0,300,0.5,1700,0.5,0
4,0,684,2,10,5,0,500,0.6,1000,0.2,1400,0.2,1
4,1,109,0,0,300,0.5,1700,0.5,0
4,2,979,0,0,300,0.5,1700,0.5,0
4,3,458,0,0,500,0.6,1000,0.2,1400,0.2,2
4,4,108,1,0,500,0.6,1000,0.2,1400,0.2,2
4,5,614,2,10,5,0,500,0.6,1000,0.2,1400,0.2,2
4,6,658,2,10,5,0,300,0.5,1700,0.5,1
4,7,966,1,0,300,0.5,1700,0.5,2
4,8,187,2,10,5,0,500,0.6,1000,0.2,1400,0.2,0
4,9,457,2,10,5,0,500,0.6,1000,0.2,1400,0.2,2
4,10,148,1,0,300,0.5,1700,0.5,2
4,11,259,1,0,300,0.5,1700,0.5,0
4,12,778,0,0,500,0.6,1000,0.2,1400,0.2,1
4,13,736,1,0,500,0.6,1000,0.2,1400,0.2,1
4,14,654,2,10,5,0,300,0.5,1700,0.5,0
5,0,533,2,10,5,0,300,0.5,1700,0.5,2
5,1,841,0,0,300,0.5,1700,0.5,0
5,2,355,0,0,300,0.5,1700,0.5,1
5,3,618,2,10,5,0,500,0.6,1000,0.2,1400,0.2,1
5,4,282,0,0,300,0.5,1700,0.5,0
5,5,688,0,0,300,0.5,1700,0.5,0
5,6,475,1,0,300,0.5,1700,0.5,0
5,7,411,1,0,500,0.6,1000,0.2,1400,0.2,2
5,8,543,1,0,300,0.5,1700,0.5,1
5,9,442,1,0,500,0.6,1000,0.2,1400,0.2,0
5,10,427,2,10,5,0,300,0.5,1700,0.5,2
5,11,988,2,10,5,0,500,0.6,1000,0.2,1400,0.2,2
5,12,364,2,10,5,0,500,0.6,1000,0.2,1400,0.2,1
5,13,408,2,10,5,0,300,0.5,1700,0.5,0
5,14,791,1,0,300,0.5,1700,0.5,1
6,0,539,0,0,300,0.5,1700,0.5,0
6,1,38,1,0,300,0.5,1700,0.5,0
6,2,535,2,10,5,0,300,0.5,1700,0.5,2
6,3,580,2,10,5,0,500,0.6,1000,0.2,1400,0.2,1
6,4,392,2,10,5,0,500,0.6,1000,0.2,1400,0.2,0
6,5,73,0,0,500,0.6,1000,0.2,1400,0.2,2
6,6,774,1,0,300,0.5,1700,0.5,0
6,7,955,0,0,300,0.5,1700,0.5,1
6,8,436,2,10,5,0,300,0.5,1700,0.5,0
6,9,76,2,10,5,0,500,0.6,1000,0.2,1400,0.2,2
6,10,643,0,0,300,0.5,1700,0.5,0
6,11,499,1,0,500,0.6,1000,0.2,1400,0.2,0
6,12,284,0,0,500,0.6,1000,0.2,1400,0.2,0
6,13,64,0,0,300,0.5,1700,0.5,2
6,14,558,1,0,500,0.6,1000,0.2,1400,0.2,0
7,0,588,1,0,500,0.6,1000,0.2,1400,0.2,2
7,1,423,2,10,5,0,500,0.6,1000,0.2,1400,0.2,2
7,2,38,2,10,5,0,300,0.5,1700,0.5,2
7,3,991,0,0,500,0.6,1000,0.2,1400,0.2,0
7,4,785,2,10,5,0,300,0.5,1700,0.5,0
7,5,274,1,0,300,0.5,1700,0.5,0
7,6,904,0,0,300,0.5,1700,0.5,2
7,7,390,0,0,500,0.6,1000,0.2,1400,0.2,0
7,8,598,2,10,5,0,300,0.5,1700,0.5,1
7,9,533,2,10,5,0,500,0.6,1000,0.2,1400,0.2,2
7,10,340,1,0,300,0.5,1700,0.5,2
7,11,708,2,10,5,0,500,0.6,1000,0.2,1400,0.2,0
7,12,114,2,10,5,0,300,0.5,1700,0.5,0
7,13,45,1,0,500,0.6,1000,0.2,1400,0.2,2
7,14,584,2,10,5,0,500,0.6,1000,0.2,1400,0.2,2
8,0,188,1,0,500,0.6,1000,0.2,1400,0.2,0
8,1,696,1,0,500,0.6,1000,0.2,1400,0.2,1
8,2,49,2,10,5,0,500,0.6,1000,0.2,1400,0.2,1
8,3,649,0,0,300,0.5,1700,0.5,2
8,4,778,0,0,500,0.6,1000,0.2,1400,0.2,1
8,5,837,1,0,300,0.5,1700,0.5,1
8,6,897,0,0,500,0.6,1000,0.2,1400,0.2,0
8,7,804,0,0,300,0.5,1700,0.5,2
8,8,570,1,0,300,0.5,1700,0.5,1
8,9,511,0,0,300,0.5,1700,0.5,1
8,10,829,1,0,300,0.5,1700,0.5,1
8,11,835,0,0,300,0.5,1700,0.5,1
8,12,984,2,10,5,0,300,0.5,1700,0.5,0
8,13,587,1,0,500,0.6,1000,0.2,1400,0.2,2
8,14,531,2,10,5,0,500,0.6,1000,0.2,1400,0.2,0
9,0,596,1,0,300,0.5,1700,0.5,1
9,1,326,2,10,5,0,300,0.5,1700,0.5,0
9,2,54,2,10,5,0,300,0.5,1700,0.5,2
9,3,268,0,0,500,0.6,1000,0.2,1400,0.2,0
9,4,150,2,10,5,0,300,0.5,1700,0.5,0
9,5,26,2,10,5,0,300,0.5,1700,0.5,0
9,6,531,0,0,300,0.5,1700,0.5,2
9,7,35,0,0,300,0.5,1700,0.5,1
9,8,924,1,0,300,0.5,1700,0.5,1
9,9,286,1,0,300,0.5,1700,0.5,1
9,10,926,1,0,300,0.5,1700,0.5,2
9,11,60,0,0,300,0.5,1700,0.5,2
9,12,647,2,10,5,0,300,0.5,1700,0.5,0
9,13,69,0,0,300,0.5,1700,0.5,2
9,14,316,0,0,300,0.5,1700,0.5,1
10,0,521,1,0,500,0.6,1000,0.2,1400,0.2,0
10,1,792,1,0,300,0.5,1700,0.5,2
10,2,171,1,0,300,0.5,1700,0.5,1
10,3,632,2,10,5,0,500,0.6,1000,0.2,1400,0.2,0
10,4,297,0,0,300,0.5,1700,0.5,1
10,5,536,1,0,300,0.5,1700,0.5,0
10,6,618,1,0,500,0.6,1000,0.2,1400,0.2,1
10,7,427,2,10,5,0,500,0.6,1000,0.2,1400,0.2,2
10,8,60,2,10,5,0,300,0.5,1700,0.5,2
10,9,824,1,0,300,0.5,1700,0.5,2
10,10,774,2,10,5,0,300,0.5,1700,0.5,0
10,11,708,1,0,300,0.5,1700,0.5,1
10,12,117,2,10,5,0,500,0.6,1000,0.2,1400,0.2,2
10,13,428,2,10,5,0,300,0.5,1700,0.5,0
10,14,222,1,0,500,0.6,1000,0.2,1400,0.2,1
11,0,64,1,0,300,0.5,1700,0.5,0
11,1,723,2,10,5,0,300,0.5,1700,0.5,2
11,2,792,1,0,300,0.5,1700,0.5,1
11,3,610,2,10,5,0,500,0.6,1000,0.2,1400,0.2,0
11,4,739,1,0,300,0.5,1700,0.5,1
11,5,373,2,10,5,0,300,0.5,1700,0.5,0
11,6,85,2,10,5,0,300,0.5,1700,0.5,1
11,7,621,2,10,5,0,300,0.5,1700,0.5,1
11,8,168,1,0,300,0.5,1700,0.5,1
11,9,710,0,0,500,0.6,1000,0.2,1400,0.2,0
11,10,758,0,0,500,0.6,1000,0.2,1400,0.2,2
11,11,354,0,0,300,0.5,1700,0.5,2
11,12,417,1,0,500,0.6,1000,0.2,1400,0.2,2
11,13,910,0,0,500,0.6,1000,0.2,1400,0.2,2
11,14,871,1,0,300,0.5,1700,0.5,0
12,0,603,1,0,500,0.6,1000,0.2,1400,0.2,1
12,1,680,2,10,5,0,500,0.6,1000,0.2,1400,0.2,2
12,2,396,1,0,300,0.5,1700,0.5,2
12,3,497,1,0,500,0.6,1000,0.2,1400,0.2,1
12,4,921,1,0,300,0.5,1700,0.5,0
12,5,957,1,0,500,0.6,1000,0.2,1400,0.2,2
12,6,826,2,10,5,0,500,0.6,1000,0.2,1400,0.2,0
12,7,459,1,0,500,0.6,1000,0.2,1400,0.2,0
12,8,710,2,10,5,0,300,0.5,1700,0.5,1
12,9,744,1,0,300,0.5,1700,0.5,1
12,10,434,0,0,500,0.6,1000,0.2,1400,0.2,0
12,11,70,2,10,5,0,300,0.5,1700,0.5,2
12,12,542,2,10,5,0,500,0.6,1000,0.2,1400,0.2,1
12,13,848,1,0,500,0.6,1000,0.2,1400,0.2,0
12,14,608,2,10,5,0,500,0.6,1000,0.2,1400,0.2,0
13,0,677,2,10,5,0,300,0.5,1700,0.5,2
13,1,351,1,0,300,0.5,1700,0.5,0
13,2,107,0,0,300,0.5,1700,0.5,1
13,3,795,0,0,500,0.6,1000,0.2,1400,0.2,0
13,4,518,0,0,300,0.5,1700,0.5,1
13,5,61,0,0,500,0.6,1000,0.2,1400,0.2,0
13,6,275,1,0,500,0.6,1000,0.2,1400,0.2,1
13,7,294,0,0,300,0.5,1700,0.5,2
13,8,572,2,10,5,0,500,0.6,1000,0.2,1400,0.2,1
13,9,156,0,0,500,0.6,1000,0.2,1400,0.2,1
13,10,302,2,10,5,0,500,0.6,1000,0.2,1400,0.2,0
13,11,287,1,0,300,0.5,1700,0.5,0
13,12,873,2,10,5,0,500,0.6,1000,0.2,1400,0.2,2
13,13,544,1,0,300,0.5,1700,0.5,0
13,14,629,0,0,300,0.5,1700,0.5,1
14,0,633,0,0,500,0.6,1000,0.2,1400,0.2,0
14,1,245,1,0,500,0.6,1000,0.2,1400,0.2,0
14,2,451,1,0,300,0.5,1700,0.5,2
14,3,661,1,0,500,0.6,1000,0.2,1400,0.2,1
14,4,570,0,0,300,0.5,1700,0.5,0
14,5,450,0,0,500,0.6,1000,0.2,1400,0.2,0
14,6,118,2,10,5,0,300,0.5,1700,0.5,1
14,7,675,1,0,300,0.5,1700,0.5,0
14,8,78,1,0,500,0.6,1000,0.2,1400,0.2,0
14,9,744,1,0,300,0.5,1700,0.5,0
14,10,56,0,0,500,0.6,1000,0.2,1400,0.2,0
14,11,550,1,0,500,0.6,1000,0.2,1400,0.2,2
14,12,306,2,10,5,0,300,0.5,1700,0.5,1
14,13,867,2,10,5,0,500,0.6,1000,0.2,1400,0.2,1
14,14,307,1,0,300,0.5,1700,0.5,1
