0,0,386,0,0,500,0.6,1000,0.2,1400,0.2,2
0,1,623,2,10,5,0,300,0.5,1700,0.5,1
0,2,227,1,0,300,0.5,1700,0.5,2
0,3,993,2,10,5,0,500,0.6,1000,0.2,1400,0.2,1
0,4,442,1,0,300,0.5,1700,0.5,0
0,5,182,0,0,300,0.5,1700,0.5,1
0,6,704,0,0,500,0.6,1000,0.2,1400,0.2,0
0,7,627,0,0,300,0.5,1700,0.5,2
0,8,175,1,0,300,0.5,1700,0.5,2
0,9,525,0,0,300,0.5,1700,0.5,0
0,10,399,0,0,300,0.5,1700,0.5,2
0,11,465,0,0,300,0.5,1700,0.5,0
0,12,297,0,0,500,0.6,1000,0.2,1400,0.2,0
0,13,555,1,0,300,0.5,1700,0.5,0
0,14,535,1,0,500,0.6,1000,0.2,1400,0.2,2
1,0,340,1,0,500,0.6,1000,0.2,1400,0.2,2
1,1,252,0,0,300,0.5,1700,0.5,1
1,2,961,2,10,5,0,300,0.5,1700,0.5,1
1,3,668,0,0,300,0.5,1700,0.5,1
1,4,967,1,0,500,0.6,1000,0.2,1400,0.2,2
1,5,914,0,0,300,0.5,1700,0.5,0
1,6,617,1,0,300,0.5,1700,0.5,2
1,7,658,1,0,500,0.6,1000,0.2,1400,0.2,2
1,8,615,0,0,500,0.6,1000,0.2,1400,0.2,0
1,9,838,2,10,5,0,500,0.6,1000,0.2,1400,0.2,2
1,10,722,0,0,500,0.6,1000,0.2,1400,0.2,0
1,11,403,2,10,5,0,500,0.6,1000,0.2,1400,0.2,0
1,12,783,1,0,500,0.6,1000,0.2,1400,0.2,1
1,13,959,0,0,300,0.5,1700,0.5,2
1,14,642,1,0,300,0.5,1700,0.5,1
2,0,447,1,0,500,0.6,1000,0.2,1400,0.2,2
2,1,525,0,0,500,0.6,1000,0.2,1400,0.2,0
2,2,30,2,10,5,0,300,0.5,1700,0.5,2
2,3,827,0,0,300,0.5,1700,0.5,1
2,4,549,2,10,5,0,300,0.5,1700,0.5,2
2,5,512,1,0,300,0.5,1700,0.5,0
2,6,881,0,0,300,0.5,1700,0.5,1
2,7,479,2,10,5,0,300,0.5,1700,0.5,1
2,8,454,0,0,500,0.6,1000,0.2,1400,0.2,1
2,9,246,1,0,500,0.6,1000,0.2,1400,0.2,0
2,10,104,1,0,500,0.6,1000,0.2,1400,0.2,0
2,11,100,0,0,300,0.5,1700,0.5,0
2,12,330,1,0,500,0.6,1000,0.2,1400,0.2,2
2,13,85,0,0,500,0.6,1000,0.2,1400,0.2,2
2,14,990,1,0,300,0.5,1700,0.5,0
3,0,276,0,0,300,0.5,1700,0.5,2
3,1,136,0,0,300,0.5,1700,0.5,1
3,2,56,1,0,500,0.6,1000,0.2,1400,0.2,2
3,3,118,2,10,5,0,500,0.6,1000,0.2,1400,0.2,0
3,4,38,2,10,5,0,300,0.5,1700,0.5,2
3,5,822,0,0,500,0.6,1000,0.2,1400,0.2,2
3,6,350,1,0,500,0.6,1000,0.2,1400,0.2,0
3,7,100,1,0,500,0.6,1000,0.2,1400,0.2,1
3,8,541,1,0,500,0.6,1000,0.2,1400,0.2,0
3,9,522,0,0,500,0.6,1000,0.2,1400,0.2,0
3,10,892,1,0,300,0.5,1700,0.5,1
3,11,234,1,0,500,0.6,1000,0.2,1400,0.2,0
3,12,342,2,10,5,0,500,0.6,1000,0.2,1400,0.2,0
3,13,262,1,0,500,0.6,1000,0.2,1400,0.2,0
3,14,946,0,0,300,0.5,1700,0.5,2
4,0,159,0,0,500,0.6,1000,0.2,1400,0.2,1
4,1,503,1,0,300,0.5,1700,0.5,1
4,2,838,1,0,500,0.6,1000,0.2,1400,0.2,1
4,3,213,1,0,300,0.5,1700,0.5,0
4,4,768,1,0,500,0.6,1000,0.2,1400,0.2,2
4,5,272,0,0,300,0.5,1700,0.5,2
4,6,892,2,10,5,0,500,0.6,1000,0.2,1400,0.2,0
4,7,894,2,10,5,0,500,0.6,1000,0.2,1400,0.2,0
4,8,702,2,10,5,0,500,0.6,1000,0.2,1400,0.2,0
4,9,434,0,0,500,0.6,1000,0.2,1400,0.2,1
4,10,763,0,0,500,0.6,1000,0.2,1400,0.2,1
4,11,954,2,10,5,0,300,0.5,1700,0.5,2
4,12,847,2,10,5,0,500,0.6,1000,0.2,1400,0.2,1
4,13,992,2,10,5,0,300,0.5,1700,0.5,1
4,14,421,1,0,500,0.6,1000,0.2,1400,0.2,0
5,0,442,2,10,5,0,300,0.5,1700,0.5,2
5,1,467,0,0,300,0.5,1700,0.5,0
5,2,396,1,0,500,0.6,1000,0.2,1400,0.2,1
5,3,444,2,10,5,0,300,0.5,1700,0.5,0
5,4,641,1,0,300,0.5,1700,0.5,1
5,5,475,0,0,300,0.5,1700,0.5,2
5,6,465,2,10,5,0,500,0.6,1000,0.2,1400,0.2,0
5,7,488,0,0,500,0.6,1000,0.2,1400,0.2,2
5,8,191,0,0,300,0.5,1700,0.5,0
5,9,162,2,10,5,0,500,0.6,1000,0.2,1400,0.2,2
5,10,640,0,0,500,0.6,1000,0.2,1400,0.2,0
5,11,152,2,10,5,0,500,0.6,1000,0.2,1400,0.2,2
5,12,354,1,0,500,0.6,1000,0.2,1400,0.2,1
5,13,603,0,0,300,0.5,1700,0.5,0
5,14,464,2,10,5,0,300,0.5,1700,0.5,1
6,0,980,0,0,500,0.6,1000,0.2,1400,0.2,0
6,1,828,0,0,300,0.5,1700,0.5,2
6,2,620,1,0,300,0.5,1700,0.5,2
6,3,19,2,10,5,0,500,0.6,1000,0.2,1400,0.2,2
6,4,221,1,0,500,0.6,1000,0.2,1400,0.2,0
6,5,916,2,10,5,0,300,0.5,1700,0.5,2
6,6,138,1,0,300,0.5,1700,0.5,1
6,7,239,1,0,500,0.6,1000,0.2,1400,0.2,2
6,8,402,1,0,300,0.5,1700,0.5,1
6,9,145,1,0,300,0.5,1700,0.5,2
6,10,44,2,10,5,0,300,0.5,1700,0.5,0
6,11,79,1,0,300,0.5,1700,0.5,0
6,12,69,2,10,5,0,500,0.6,1000,0.2,1400,0.2,1
6,13,69,0,0,500,0.6,1000,0.2,1400,0.2,1
6,14,486,2,10,5,0,500,0.6,1000,0.2,1400,0.2,0
7,0,27,2,10,5,0,300,0.5,1700,0.5,1
7,1,777,2,10,5,0,500,0.6,1000,0.2,1400,0.2,0
7,2,197,2,10,5,0,300,0.5,1700,0.5,2
7,3,896,2,10,5,0,300,0.5,1700,0.5,0
7,4,51,0,0,500,0.6,1000,0.2,1400,0.2,0
7,5,14,0,0,300,0.5,1700,0.5,2
7,6,912,2,10,5,0,300,0.5,1700,0.5,1
7,7,253,1,0,500,0.6,1000,0.2,1400,0.2,0
7,8,899,1,0,500,0.6,1000,0.2,1400,0.2,2
7,9,651,2,10,5,0,300,0.5,1700,0.5,0
7,10,391,1,0,300,0.5,1700,0.5,0
7,11,870,0,0,500,0.6,1000,0.2,1400,0.2,2
7,12,284,1,0,300,0.5,1700,0.5,0
7,13,648,1,0,300,0.5,1700,0.5,2
7,14,638,1,0,500,0.6,1000,0.2,1400,0.2,1
8,0,635,1,0,500,0.6,1000,0.2,1400,0.2,1
8,1,594,0,0,300,0.5,1700,0.5,2
8,2,227,0,0,500,0.6,1000,0.2,1400,0.2,1
8,3,860,0,0,300,0.5,1700,0.5,1
8,4,180,1,0,300,0.5,1700,0.5,0
8,5,421,2,10,5,0,500,0.6,1000,0.2,1400,0.2,0
8,6,659,1,0,300,0.5,1700,0.5,0
8,7,770,2,10,5,0,300,0.5,1700,0.5,0
8,8,545,2,10,5,0,500,0.6,1000,0.2,1400,0.2,2
8,9,521,1,0,500,0.6,1000,0.2,1400,0.2,0
8,10,963,0,0,300,0.5,1700,0.5,2
8,11,573,0,0,300,0.5,1700,0.5,1
8,12,395,1,0,300,0.5,1700,0.5,2
8,13,89,0,0,300,0.5,1700,0.5,2
8,14,678,2,10,5,0,300,0.5,1700,0.5,0
9,0,848,1,0,500,0.6,1000,0.2,1400,0.2,0
9,1,886,0,0,300,0.5,1700,0.5,1
9,2,171,2,10,5,0,500,0.6,1000,0.2,1400,0.2,2
9,3,17,1,0,300,0.5,1700,0.5,2
9,4,11,2,10,5,0,500,0.6,1000,0.2,1400,0.2,1
9,5,501,0,0,300,0.5,1700,0.5,2
9,6,783,0,0,300,0.5,1700,0.5,2
9,7,170,2,10,5,0,500,0.6,1000,0.2,1400,0.2,2
9,8,521,1,0,500,0.6,1000,0.2,1400,0.2,1
9,9,961,0,0,300,0.5,1700,0.5,0
9,10,518,0,0,500,0.6,1000,0.2,1400,0.2,0
9,11,830,2,10,5,0,300,0.5,1700,0.5,1
9,12,713,0,0,300,0.5,1700,0.5,1
9,13,931,0,0,300,0.5,1700,0.5,1
9,14,211,0,0,500,0.6,1000,0.2,1400,0.2,2
10,0,596,2,10,5,0,300,0.5,1700,0.5,1
10,1,332,2,10,5,0,300,0.5,1700,0.5,2
10,2,17,0,0,300,0.5,1700,0.5,2
10,3,76,2,10,5,0,500,0.6,1000,0.2,1400,0.2,1
10,4,702,2,10,5,0,300,0.5,1700,0.5,0
10,5,581,0,0,300,0.5,1700,0.5,0
10,6,805,1,0,500,0.6,1000,0.2,1400,0.2,2
10,7,85,2,10,5,0,500,0.6,1000,0.2,1400,0.2,1
10,8,203,0,0,300,0.5,1700,0.5,1
10,9,975,1,0,300,0.5,1700,0.5,2
10,10,560,1,0,500,0.6,1000,0.2,1400,0.2,1
10,11,728,1,0,300,0.5,1700,0.5,1
10,12,365,2,10,5,0,300,0.5,1700,0.5,2
10,13,770,2,10,5,0,300,0.5,1700,0.5,1
10,14,436,0,0,300,0.5,1700,0.5,2
11,0,47,0,0,500,0.6,1000,0.2,1400,0.2,0
11,1,513,2,10,5,0,300,0.5,1700,0.5,0
11,2,34,0,0,500,0.6,1000,0.2,1400,0.2,0
11,3,453,2,10,5,0,300,0.5,1700,0.5,0
11,4,84,1,0,500,0.6,1000,0.2,1400,0.2,1
11,5,847,1,0,500,0.6,1000,0.2,1400,0.2,2
11,6,155,0,0,300,0.5,1700,0.5,1
11,7,607,0,0,500,0.6,1000,0.2,1400,0.2,1
11,8,406,2,10,5,0,300,0.5,1700,0.5,0
11,9,601,2,10,5,0,500,0.6,1000,0.2,1400,0.2,2
11,10,836,1,0,300,0.5,1700,0.5,2
11,11,109,1,0,500,0.6,1000,0.2,1400,0.2,1
11,12,665,2,10,5,0,300,0.5,1700,0.5,1
11,13,666,1,0,300,0.5,1700,0.5,2
11,14,241,1,0,300,0.5,1700,0.5,0
12,0,505,1,0,500,0.6,1000,0.2,1400,0.2,1
12,1,554,1,0,300,0.5,1700,0.5,2
12,2,263,0,0,500,0.6,1000,0.2,1400,0.2,0
12,3,806,2,10,5,0,500,0.6,1000,0.2,1400,0.2,0
12,4,648,0,0,500,0.6,1000,0.2,1400,0.2,2
12,5,954,1,0,300,0.5,1700,0.5,1
12,6,412,0,0,300,0.5,1700,0.5,1
12,7,695,2,10,5,0,300,0.5,1700,0.5,0
12,8,518,1,0,300,0.5,1700,0.5,1
12,9,199,0,0,300,0.5,1700,0.5,2
12,10,112,1,0,500,0.6,1000,0.2,1400,0.2,2
12,11,679,0,0,500,0.6,1000,0.2,1400,0.2,0
12,12,923,1,0,300,0.5,1700,0.5,1
12,13,965,2,10,5,0,500,0.6,1000,0.2,1400,0.2,0
12,14,715,1,0,300,0.5,1700,0.5,2
13,0,390,1,0,500,0.6,1000,0.2,1400,0.2,1
13,1,315,0,0,500,0.6,1000,0.2,1400,0.2,2
13,2,744,0,0,500,0.6,1000,0.2,1400,0.2,2
13,3,707,1,0,300,0.5,1700,0.5,1
13,4,204,0,0,300,0.5,1700,0.5,0
13,5,578,1,0,500,0.6,1000,0.2,1400,0.2,1
13,6,285,0,0,300,0.5,1700,0.5,2
13,7,708,2,10,5,0,300,0.5,1700,0.5,0
13,8,577,2,10,5,0,300,0.5,1700,0.5,2
13,9,317,1,0,500,0.6,1000,0.2,1400,0.2,2
13,10,242,2,10,5,0,300,0.5,1700,0.5,2
13,11,443,0,0,500,0.6,1000,0.2,1400,0.2,0
13,12,551,2,10,5,0,500,0.6,1000,0.2,1400,0.2,1
13,13,790,2,10,5,0,500,0.6,1000,0.2,1400,0.2,0
13,14,708,1,0,300,0.5,1700,0.5,1
14,0,813,0,0,300,0.5,1700,0.5,0
14,1,820,1,0,300,0.5,1700,0.5,1
14,2,491,1,0,500,0.6,1000,0.2,1400,0.2,1
14,3,946,2,10,5,0,300,0.5,1700,0.5,2
14,4,893,0,0,500,0.6,1000,0.2,1400,0.2,1
14,5,943,0,0,500,0.6,1000,0.2,1400,0.2,0
14,6,258,1,0,500,0.6,1000,0.2,1400,0.2,1
14,7,471,2,10,5,0,300,0.5,1700,0.5,1
14,8,789,1,0,300,0.5,1700,0.5,1
14,9,697,0,0,300,0.5,1700,0.5,1
14,10,852,1,0,300,0.5,1700,0.5,2
14,11,417,2,10,5,0,300,0.5,1700,0.5,0
14,12,536,2,10,5,0,300,0.5,1700,0.5,0
14,13,224,1,0,300,0.5,1700,0.5,0
14,14,610,1,0,300,0.5,1700,0.5,0
