0,0,678,0,0,500,0.6,1000,0.2,1400,0.2,2
0,1,500,1,0,500,0.6,1000,0.2,1400,0.2,2
0,2,17,0,0,300,0.5,1700,0.5,1
0,3,533,1,0,500,0.6,1000,0.2,1400,0.2,0
0,4,510,1,0,300,0.5,1700,0.5,2
0,5,96,0,0,300,0.5,1700,0.5,2
0,6,421,1,0,500,0.6,1000,0.2,1400,0.2,2
0,7,323,1,0,300,0.5,1700,0.5,1
0,8,425,0,0,300,0.5,1700,0.5,2
0,9,237,1,0,300,0.5,1700,0.5,1
0,10,853,1,0,500,0.6,1000,0.2,1400,0.2,0
0,11,291,0,0,500,0.6,1000,0.2,1400,0.2,0
0,12,561,1,0,300,0.5,1700,0.5,0
0,13,524,0,0,500,0.6,1000,0.2,1400,0.2,1
0,14,903,2,10,5,0,500,0.6,1000,0.2,1400,0.2,1
1,0,981,1,0,300,0.5,1700,0.5,1
1,1,731,2,10,5,0,300,0.5,1700,0.5,0
1,2,134,2,10,5,0,300,0.5,1700,0.5,1
1,3,77,2,10,5,0,500,0.6,1000,0.2,1400,0.2,1
1,4,897,2,10,5,0,300,0.5,1700,0.5,1
1,5,358,0,0,500,0.6,1000,0.2,1400,0.2,1
1,6,221,0,0,500,0.6,1000,0.2,1400,0.2,1
1,7,501,0,0,500,0.6,1000,0.2,1400,0.2,1
1,8,330,0,0,500,0.6,1000,0.2,1400,0.2,1
1,9,880,2,10,5,0,500,0.6,1000,0.2,1400,0.2,2
1,10,876,1,0,300,0.5,1700,0.5,1
1,11,866,1,0,500,0.6,1000,0.2,1400,0.2,0
1,12,986,2,10,5,0,300,0.5,1700,0.5,0
1,13,748,1,0,500,0.6,1000,0.2,1400,0.2,2
1,14,397,1,0,300,0.5,1700,0.5,0
2,0,650,1,0,300,0.5,1700,0.5,2
2,1,273,2,10,5,0,300,0.5,1700,0.5,1
2,2,572,2,10,5,0,300,0.5,1700,0.5,0
2,3,936,2,10,5,0,300,0.5,1700,0.5,2
2,4,684,1,0,300,0.5,1700,0.5,0
2,5,906,0,0,300,0.5,1700,0.5,1
2,6,495,0,0,500,0.6,1000,0.2,1400,0.2,2
2,7,540,0,0,500,0.6,1000,0.2,1400,0.2,1
2,8,408,2,10,5,0,300,0.5,1700,0.5,2
2,9,146,1,0,300,0.5,1700,0.5,0
2,10,104,1,0,500,0.6,1000,0.2,1400,0.2,2
2,11,973,0,0,300,0.5,1700,0.5,1
2,12,209,2,10,5,0,500,0.6,1000,0.2,1400,0.2,0
2,13,622,1,0,300,0.5,1700,0.5,0
2,14,993,1,0,300,0.5,1700,0.5,1
3,0,562,2,10,5,0,500,0.6,1000,0.2,1400,0.2,2
3,1,86,0,0,500,0.6,1000,0.2,1400,0.2,0
3,2,954,1,0,300,0.5,1700,0.5,0
3,3,455,0,0,300,0.5,1700,0.5,0
3,4,500,2,10,5,0,300,0.5,1700,0.5,2
3,5,312,1,0,500,0.6,1000,0.2,1400,0.2,0
3,6,522,1,0,300,0.5,1700,0.5,2
3,7,722,2,10,5,0,300,0.5,1700,0.5,1
3,8,268,2,10,5,0,500,0.6,1000,0.2,1400,0.2,2
3,9,345,0,0,300,0.5,1700,0.5,2
3,10,882,0,0,300,0.5,1700,0.5,1
3,11,803,1,0,500,0.6,1000,0.2,1400,0.2,0
3,12,104,0,0,300,0.5,1700,0.5,0
3,13,563,1,0,300,0.5,1700,0.5,2
3,14,23,1,0,300,0.5,1700,0.5,2
4,0,222,2,10,5,0,500,0.6,1000,0.2,1400,0.2,2
4,1,525,1,0,500,0.6,1000,0.2,1400,0.2,0
4,2,498,0,0,500,0.6,1000,0.2,1400,0.2,0
4,3,417,2,10,5,0,500,0.6,1000,0.2,1400,0.2,1
4,4,507,0,0,300,0.5,1700,0.5,2
4,5,115,1,0,300,0.5,1700,0.5,2
4,6,780,1,0,500,0.6,1000,0.2,1400,0.2,0
4,7,934,2,10,5,0,500,0.6,1000,0.2,1400,0.2,0
4,8,509,0,0,500,0.6,1000,0.2,1400,0.2,0
4,9,168,2,10,5,0,300,0.5,1700,0.5,0
4,10,282,2,10,5,0,300,0.5,1700,0.5,0
4,11,377,1,0,300,0.5,1700,0.5,1
4,12,36,1,0,500,0.6,1000,0.2,1400,0.2,0
4,13,52,1,0,500,0.6,1000,0.2,1400,0.2,0
4,14,163,2,10,5,0,500,0.6,1000,0.2,1400,0.2,0
5,0,454,2,10,5,0,500,0.6,1000,0.2,1400,0.2,1
5,1,462,1,0,500,0.6,1000,0.2,1400,0.2,2
5,2,718,0,0,300,0.5,1700,0.5,0
5,3,915,1,0,300,0.5,1700,0.5,2
5,4,232,1,0,300,0.5,1700,0.5,1
5,5,57,0,0,300,0.5,1700,0.5,2
5,6,474,1,0,300,0.5,1700,0.5,0
5,7,746,2,10,5,0,500,0.6,1000,0.2,1400,0.2,0
5,8,872,0,0,500,0.6,1000,0.2,1400,0.2,1
5,9,521,0,0,500,0.6,1000,0.2,1400,0.2,0
5,10,901,2,10,5,0,500,0.6,1000,0.2,1400,0.2,2
5,11,880,1,0,300,0.5,1700,0.5,0
5,12,72,0,0,300,0.5,1700,0.5,2
5,13,101,2,10,5,0,300,0.5,1700,0.5,1
5,14,899,2,10,5,0,300,0.5,1700,0.5,1
6,0,48,1,0,500,0.6,1000,0.2,1400,0.2,2
6,1,264,2,10,5,0,500,0.6,1000,0.2,1400,0.2,2
6,2,217,0,0,300,0.5,1700,0.5,2
6,3,948,2,10,5,0,300,0.5,1700,0.5,0
6,4,933,2,10,5,0,500,0.6,1000,0.2,1400,0.2,1
6,5,218,0,0,500,0.6,1000,0.2,1400,0.2,0
6,6,293,2,10,5,0,300,0.5,1700,0.5,2
6,7,427,0,0,300,0.5,1700,0.5,1
6,8,784,0,0,500,0.6,1000,0.2,1400,0.2,2
6,9,582,2,10,5,0,300,0.5,1700,0.5,1
6,10,455,1,0,500,0.6,1000,0.2,1400,0.2,2
6,11,197,0,0,500,0.6,1000,0.2,1400,0.2,0
6,12,503,0,0,300,0.5,1700,0.5,1
6,13,386,1,0,300,0.5,1700,0.5,1
6,14,739,0,0,500,0.6,1000,0.2,1400,0.2,0
7,0,713,1,0,500,0.6,1000,0.2,1400,0.2,2
7,1,122,1,0,300,0.5,1700,0.5,2
7,2,351,1,0,300,0.5,1700,0.5,0
7,3,994,2,10,5,0,300,0.5,1700,0.5,2
7,4,565,2,10,5,0,300,0.5,1700,0.5,1
7,5,799,1,0,500,0.6,1000,0.2,1400,0.2,1
7,6,654,1,0,300,0.5,1700,0.5,0
7,7,169,0,0,500,0.6,1000,0.2,1400,0.2,1
7,8,216,2,10,5,0,300,0.5,1700,0.5,2
7,9,710,1,0,500,0.6,1000,0.2,1400,0.2,2
7,10,922,1,0,300,0.5,1700,0.5,2
7,11,407,1,0,500,0.6,1000,0.2,1400,0.2,2
7,12,977,0,0,300,0.5,1700,0.5,2
7,13,401,2,10,5,0,500,0.6,1000,0.2,1400,0.2,1
7,14,777,1,0,300,0.5,1700,0.5,2
8,0,426,2,10,5,0,500,0.6,1000,0.2,1400,0.2,2
8,1,603,1,0,500,0.6,1000,0.2,1400,0.2,1
8,2,16,2,10,5,0,500,0.6,1000,0.2,1400,0.2,0
8,3,515,0,0,300,0.5,1700,0.5,1
8,4,912,0,0,500,0.6,1000,0.2,1400,0.2,1
8,5,110,2,10,5,0,500,0.6,1000,0.2,1400,0.2,1
8,6,778,2,10,5,0,300,0.5,1700,0.5,1
8,7,134,1,0,500,0.6,1000,0.2,1400,0.2,0
8,8,517,0,0,300,0.5,1700,0.5,0
8,9,655,2,10,5,0,300,0.5,1700,0.5,0
8,10,241,1,0,300,0.5,1700,0.5,1
8,11,356,0,0,300,0.5,1700,0.5,1
8,12,985,0,0,300,0.5,1700,0.5,1
8,13,328,2,10,5,0,300,0.5,1700,0.5,2
8,14,420,1,0,500,0.6,1000,0.2,1400,0.2,2
9,0,844,0,0,500,0.6,1000,0.2,1400,0.2,1
9,1,929,1,0,500,0.6,1000,0.2,1400,0.2,2
9,2,665,2,10,5,0,500,0.6,1000,0.2,1400,0.2,1
9,3,640,1,0,300,0.5,1700,0.5,0
9,4,386,2,10,5,0,300,0.5,1700,0.5,2
9,5,977,0,0,300,0.5,1700,0.5,0
9,6,340,0,0,300,0.5,1700,0.5,1
9,7,874,1,0,500,0.6,1000,0.2,1400,0.2,1
9,8,941,0,0,300,0.5,1700,0.5,2
9,9,919,1,0,300,0.5,1700,0.5,0
9,10,529,1,0,300,0.5,1700,0.5,1
9,11,604,0,0,300,0.5,1700,0.5,1
9,12,73,1,0,300,0.5,1700,0.5,0
9,13,648,0,0,500,0.6,1000,0.2,1400,0.2,0
9,14,615,1,0,500,0.6,1000,0.2,1400,0.2,2
10,0,520,0,0,500,0.6,1000,0.2,1400,0.2,1
10,1,516,1,0,300,0.5,1700,0.5,1
10,2,839,0,0,300,0.5,1700,0.5,1
10,3,391,1,0,300,0.5,1700,0.5,1
10,4,381,2,10,5,0,500,0.6,1000,0.2,1400,0.2,2
10,5,987,1,0,500,0.6,1000,0.2,1400,0.2,2
10,6,122,2,10,5,0,500,0.6,1000,0.2,1400,0.2,1
10,7,273,0,0,500,0.6,1000,0.2,1400,0.2,0
10,8,393,2,10,5,0,300,0.5,1700,0.5,0
10,9,450,0,0,300,0.5,1700,0.5,2
10,10,660,1,0,500,0.6,1000,0.2,1400,0.2,0
10,11,610,1,0,300,0.5,1700,0.5,1
10,12,91,2,10,5,0,300,0.5,1700,0.5,1
10,13,309,0,0,500,0.6,1000,0.2,1400,0.2,1
10,14,291,1,0,500,0.6,1000,0.2,1400,0.2,0
11,0,412,1,0,300,0.5,1700,0.5,1
11,1,891,0,0,300,0.5,1700,0.5,2
11,2,459,2,10,5,0,300,0.5,1700,0.5,1
11,3,976,0,0,300,0.5,1700,0.5,1
11,4,617,2,10,5,0,300,0.5,1700,0.5,0
11,5,672,2,10,5,0,300,0.5,1700,0.5,2
11,6,314,2,10,5,0,300,0.5,1700,0.5,0
11,7,876,1,0,500,0.6,1000,0.2,1400,0.2,0
11,8,402,0,0,500,0.6,1000,0.2,1400,0.2,1
11,9,800,1,0,500,0.6,1000,0.2,1400,0.2,2
11,10,978,1,0,500,0.6,1000,0.2,1400,0.2,0
11,11,425,2,10,5,0,500,0.6,1000,0.2,1400,0.2,1
11,12,579,1,0,500,0.6,1000,0.2,1400,0.2,0
11,13,862,0,0,500,0.6,1000,0.2,1400,0.2,0
11,14,895,0,0,500,0.6,1000,0.2,1400,0.2,2
12,0,17,0,0,300,0.5,1700,0.5,1
12,1,825,0,0,500,0.6,1000,0.2,1400,0.2,1
12,2,766,0,0,500,0.6,1000,0.2,1400,0.2,0
12,3,390,0,0,500,0.6,1000,0.2,1400,0.2,1
12,4,185,0,0,300,0.5,1700,0.5,2
12,5,336,2,10,5,0,300,0.5,1700,0.5,0
12,6,136,1,0,500,0.6,1000,0.2,1400,0.2,2
12,7,31,1,0,500,0.6,1000,0.2,1400,0.2,2
12,8,61,0,0,300,0.5,1700,0.5,0
12,9,130,1,0,300,0.5,1700,0.5,0
12,10,835,2,10,5,0,500,0.6,1000,0.2,1400,0.2,1
12,11,249,1,0,500,0.6,1000,0.2,1400,0.2,0
12,12,710,0,0,300,0.5,1700,0.5,1
12,13,732,1,0,500,0.6,1000,0.2,1400,0.2,0
12,14,906,1,0,500,0.6,1000,0.2,1400,0.2,2
13,0,668,2,10,5,0,300,0.5,1700,0.5,0
13,1,875,0,0,300,0.5,1700,0.5,1
13,2,452,0,0,500,0.6,1000,0.2,1400,0.2,1
13,3,567,1,0,500,0.6,1000,0.2,1400,0.2,2
13,4,120,2,10,5,0,500,0.6,1000,0.2,1400,0.2,1
13,5,731,0,0,500,0.6,1000,0.2,1400,0.2,0
13,6,942,0,0,300,0.5,1700,0.5,0
13,7,270,0,0,500,0.6,1000,0.2,1400,0.2,1
13,8,885,2,10,5,0,500,0.6,1000,0.2,1400,0.2,1
13,9,307,2,10,5,0,500,0.6,1000,0.2,1400,0.2,1
13,10,841,0,0,300,0.5,1700,0.5,1
13,11,30,1,0,300,0.5,1700,0.5,1
13,12,441,2,10,5,0,300,0.5,1700,0.5,0
13,13,851,2,10,5,0,300,0.5,1700,0.5,1
13,14,827,2,10,5,0,300,0.5,1700,0.5,2
14,0,895,2,10,5,0,300,0.5,1700,0.5,0
14,1,187,2,10,5,0,300,0.5,1700,0.5,0
14,2,870,0,0,300,0.5,1700,0.5,0
14,3,483,0,0,300,0.5,1700,0.5,0
14,4,836,1,0,300,0.5,1700,0.5,0
14,5,785,2,10,5,0,300,0.5,1700,0.5,0
14,6,817,0,0,300,0.5,1700,0.5,2
14,7,261,2,10,5,0,300,0.5,1700,0.5,0
14,8,630,2,10,5,0,300,0.5,1700,0.5,2
14,9,12,2,10,5,0,300,0.5,1700,0.5,0
14,10,614,2,10,5,0,300,0.5,1700,0.5,2
14,11,426,0,0,500,0.6,1000,0.2,1400,0.2,2
14,12,971,0,0,500,0.6,1000,0.2,1400,0.2,0
14,13,430,0,0,300,0.5,1700,0.5,2
14,14,236,0,0,300,0.5,1700,0.5,2
