0,0,565,0,0,500,0.6,1000,0.2,1400,0.2,0
0,1,497,1,0,500,0.6,1000,0.2,1400,0.2,0
0,2,84,2,10,5,0,500,0.6,1000,0.2,1400,0.2,2
0,3,786,1,0,300,0.5,1700,0.5,2
0,4,203,1,0,300,0.5,1700,0.5,2
0,5,602,0,0,500,0.6,1000,0.2,1400,0.2,0
0,6,686,2,10,5,0,300,0.5,1700,0.5,2
0,7,451,2,10,5,0,500,0.6,1000,0.2,1400,0.2,2
0,8,929,1,0,300,0.5,1700,0.5,1
0,9,218,2,10,5,0,300,0.5,1700,0.5,2
0,10,587,0,0,500,0.6,1000,0.2,1400,0.2,1
0,11,613,2,10,5,0,500,0.6,1000,0.2,1400,0.2,0
0,12,35,0,0,300,0.5,1700,0.5,1
0,13,503,2,10,5,0,500,0.6,1000,0.2,1400,0.2,2
0,14,951,2,10,5,0,500,0.6,1000,0.2,1400,0.2,1
1,0,153,0,0,500,0.6,1000,0.2,1400,0.2,1
1,1,928,2,10,5,0,300,0.5,1700,0.5,1
1,2,132,1,0,300,0.5,1700,0.5,1
1,3,701,2,10,5,0,500,0.6,1000,0.2,1400,0.2,2
1,4,939,0,0,300,0.5,1700,0.5,2
1,5,594,1,0,300,0.5,1700,0.5,2
1,6,854,2,10,5,0,500,0.6,1000,0.2,1400,0.2,1
1,7,138,0,0,300,0.5,1700,0.5,1
1,8,460,1,0,300,0.5,1700,0.5,2
1,9,485,1,0,300,0.5,1700,0.5,0
1,10,377,2,10,5,0,300,0.5,1700,0.5,0
1,11,828,1,0,500,0.6,1000,0.2,1400,0.2,1
1,12,743,0,0,300,0.5,1700,0.5,0
1,13,671,1,0,500,0.6,1000,0.2,1400,0.2,0
1,14,809,1,0,300,0.5,1700,0.5,2
2,0,555,2,10,5,0,500,0.6,1000,0.2,1400,0.2,0
2,1,442,0,0,500,0.6,1000,0.2,1400,0.2,0
2,2,326,2,10,5,0,300,0.5,1700,0.5,1
2,3,99,1,0,300,0.5,1700,0.5,2
2,4,37,0,0,500,0.6,1000,0.2,1400,0.2,0
2,5,601,0,0,300,0.5,1700,0.5,2
2,6,504,2,10,5,0,300,0.5,1700,0.5,2
2,7,835,0,0,300,0.5,1700,0.5,0
2,8,632,0,0,500,0.6,1000,0.2,1400,0.2,2
2,9,738,0,0,500,0.6,1000,0.2,1400,0.2,1
2,10,817,1,0,500,0.6,1000,0.2,1400,0.2,1
2,11,315,2,10,5,0,500,0.6,1000,0.2,1400,0.2,0
2,12,345,1,0,500,0.6,1000,0.2,1400,0.2,1
2,13,354,1,0,300,0.5,1700,0.5,2
2,14,787,0,0,500,0.6,1000,0.2,1400,0.2,2
3,0,968,0,0,500,0.6,1000,0.2,1400,0.2,2
3,1,992,1,0,300,0.5,1700,0.5,1
3,2,919,1,0,300,0.5,1700,0.5,2
3,3,988,0,0,300,0.5,1700,0.5,0
3,4,398,0,0,300,0.5,1700,0.5,0
3,5,750,1,0,300,0.5,1700,0.5,1
3,6,837,1,0,300,0.5,1700,0.5,1
3,7,466,0,0,500,0.6,1000,0.2,1400,0.2,2
3,8,585,2,10,5,0,300,0.5,1700,0.5,2
3,9,990,1,0,500,0.6,1000,0.2,1400,0.2,2
3,10,612,2,10,5,0,500,0.6,1000,0.2,1400,0.2,0
3,11,687,1,0,300,0.5,1700,0.5,0
3,12,559,0,0,500,0.6,1000,0.2,1400,0.2,1
3,13,231,2,10,5,0,500,0.6,1000,0.2,1400,0.2,1
3,14,878,2,10,5,0,500,0.6,1000,0.2,1400,0.2,2
4,0,837,1,0,500,0.6,1000,0.2,1400,0.2,2
4,1,861,1,0,300,0.5,1700,0.5,2
4,2,586,2,10,5,0,300,0.5,1700,0.5,1
4,3,68,1,0,300,0.5,1700,0.5,1
4,4,561,2,10,5,0,300,0.5,1700,0.5,2
4,5,887,1,0,500,0.6,1000,0.2,1400,0.2,0
4,6,455,1,0,500,0.6,1000,0.2,1400,0.2,1
4,7,748,2,10,5,0,300,0.5,1700,0.5,0
4,8,502,0,0,500,0.6,1000,0.2,1400,0.2,0
4,9,266,2,10,5,0,500,0.6,1000,0.2,1400,0.2,2
4,10,649,0,0,300,0.5,1700,0.5,0
4,11,859,1,0,300,0.5,1700,0.5,1
4,12,280,0,0,300,0.5,1700,0.5,1
4,13,873,2,10,5,0,300,0.5,1700,0.5,0
4,14,590,0,0,300,0.5,1700,0.5,1
5,0,553,2,10,5,0,500,0.6,1000,0.2,1400,0.2,0
5,1,392,2,10,5,0,500,0.6,1000,0.2,1400,0.2,2
5,2,340,2,10,5,0,500,0.6,1000,0.2,1400,0.2,2
5,3,997,2,10,5,0,500,0.6,1000,0.2,1400,0.2,0
5,4,243,2,10,5,0,500,0.6,1000,0.2,1400,0.2,2
5,5,614,2,10,5,0,300,0.5,1700,0.5,0
5,6,671,0,0,300,0.5,1700,0.5,2
5,7,787,1,0,300,0.5,1700,0.5,2
5,8,126,0,0,500,0.6,1000,0.2,1400,0.2,0
5,9,765,2,10,5,0,500,0.6,1000,0.2,1400,0.2,1
5,10,224,2,10,5,0,300,0.5,1700,0.5,1
5,11,952,2,10,5,0,300,0.5,1700,0.5,1
5,12,821,0,0,500,0.6,1000,0.2,1400,0.2,2
5,13,475,0,0,500,0.6,1000,0.2,1400,0.2,2
5,14,710,2,10,5,0,300,0.5,1700,0.5,2
6,0,178,1,0,500,0.6,1000,0.2,1400,0.2,0
6,1,511,0,0,300,0.5,1700,0.5,0
6,2,744,1,0,300,0.5,1700,0.5,2
6,3,392,2,10,5,0,300,0.5,1700,0.5,2
6,4,669,1,0,500,0.6,1000,0.2,1400,0.2,0
6,5,808,0,0,500,0.6,1000,0.2,1400,0.2,1
6,6,284,0,0,500,0.6,1000,0.2,1400,0.2,1
6,7,131,1,0,300,0.5,1700,0.5,1
6,8,982,1,0,300,0.5,1700,0.5,2
6,9,476,0,0,500,0.6,1000,0.2,1400,0.2,1
6,10,867,0,0,300,0.5,1700,0.5,0
6,11,422,0,0,500,0.6,1000,0.2,1400,0.2,1
6,12,699,0,0,300,0.5,1700,0.5,2
6,13,31,0,0,500,0.6,1000,0.2,1400,0.2,2
6,14,223,0,0,500,0.6,1000,0.2,1400,0.2,1
7,0,603,2,10,5,0,500,0.6,1000,0.2,1400,0.2,1
7,1,241,2,10,5,0,300,0.5,1700,0.5,2
7,2,809,2,10,5,0,500,0.6,1000,0.2,1400,0.2,1
7,3,345,2,10,5,0,300,0.5,1700,0.5,1
7,4,97,2,10,5,0,500,0.6,1000,0.2,1400,0.2,0
7,5,130,0,0,300,0.5,1700,0.5,1
7,6,716,1,0,500,0.6,1000,0.2,1400,0.2,1
7,7,338,0,0,300,0.5,1700,0.5,2
7,8,657,0,0,500,0.6,1000,0.2,1400,0.2,0
7,9,23,2,10,5,0,300,0.5,1700,0.5,1
7,10,957,2,10,5,0,500,0.6,1000,0.2,1400,0.2,2
7,11,48,0,0,500,0.6,1000,0.2,1400,0.2,1
7,12,431,1,0,500,0.6,1000,0.2,1400,0.2,0
7,13,342,1,0,300,0.5,1700,0.5,0
7,14,956,1,0,500,0.6,1000,0.2,1400,0.2,0
8,0,436,0,0,300,0.5,1700,0.5,2
8,1,560,1,0,500,0.6,1000,0.2,1400,0.2,0
8,2,188,2,10,5,0,300,0.5,1700,0.5,0
8,3,456,2,10,5,0,500,0.6,1000,0.2,1400,0.2,1
8,4,967,0,0,300,0.5,1700,0.5,0
8,5,979,1,0,300,0.5,1700,0.5,1
8,6,169,0,0,500,0.6,1000,0.2,1400,0.2,1
8,7,798,0,0,500,0.6,1000,0.2,1400,0.2,0
8,8,209,2,10,5,0,500,0.6,1000,0.2,1400,0.2,0
8,9,714,0,0,300,0.5,1700,0.5,2
8,10,440,2,10,5,0,500,0.6,1000,0.2,1400,0.2,0
8,11,470,1,0,300,0.5,1700,0.5,2
8,12,87,2,10,5,0,500,0.6,1000,0.2,1400,0.2,1
8,13,852,1,0,300,0.5,1700,0.5,1
8,14,220,0,0,300,0.5,1700,0.5,1
9,0,991,0,0,500,0.6,1000,0.2,1400,0.2,0
9,1,375,1,0,300,0.5,1700,0.5,0
9,2,403,2,10,5,0,500,0.6,1000,0.2,1400,0.2,1
9,3,497,1,0,300,0.5,1700,0.5,0
9,4,39,0,0,500,0.6,1000,0.2,1400,0.2,0
9,5,15,0,0,500,0.6,1000,0.2,1400,0.2,2
9,6,261,1,0,300,0.5,1700,0.5,2
9,7,385,2,10,5,0,300,0.5,1700,0.5,1
9,8,225,1,0,300,0.5,1700,0.5,2
9,9,928,1,0,300,0.5,1700,0.5,0
9,10,14,1,0,500,0.6,1000,0.2,1400,0.2,2
9,11,914,0,0,500,0.6,1000,0.2,1400,0.2,0
9,12,590,1,0,500,0.6,1000,0.2,1400,0.2,2
9,13,377,0,0,300,0.5,1700,0.5,1
9,14,271,2,10,5,0,500,0.6,1000,0.2,1400,0.2,1
10,0,353,1,0,500,0.6,1000,0.2,1400,0.2,1
10,1,510,2,10,5,0,300,0.5,1700,0.5,1
10,2,320,1,0,300,0.5,1700,0.5,1
10,3,877,2,10,5,0,300,0.5,1700,0.5,2
10,4,758,2,10,5,0,300,0.5,1700,0.5,2
10,5,261,0,0,500,0.6,1000,0.2,1400,0.2,0
10,6,970,1,0,300,0.5,1700,0.5,1
10,7,905,2,10,5,0,500,0.6,1000,0.2,1400,0.2,2
10,8,750,0,0,500,0.6,1000,0.2,1400,0.2,2
10,9,309,2,10,5,0,500,0.6,1000,0.2,1400,0.2,2
10,10,156,2,10,5,0,300,0.5,1700,0.5,2
10,11,92,2,10,5,0,300,0.5,1700,0.5,1
10,12,162,0,0,300,0.5,1700,0.5,0
10,13,450,0,0,300,0.5,1700,0.5,1
10,14,901,2,10,5,0,300,0.5,1700,0.5,0
11,0,877,1,0,500,0.6,1000,0.2,1400,0.2,0
11,1,856,2,10,5,0,500,0.6,1000,0.2,1400,0.2,0
11,2,506,2,10,5,0,500,0.6,1000,0.2,1400,0.2,2
11,3,836,1,0,300,0.5,1700,0.5,0
11,4,300,2,10,5,0,500,0.6,1000,0.2,1400,0.2,1
11,5,283,1,0,500,0.6,1000,0.2,1400,0.2,1
11,6,209,0,0,500,0.6,1000,0.2,1400,0.2,0
11,7,312,0,0,300,0.5,1700,0.5,0
11,8,375,2,10,5,0,300,0.5,1700,0.5,2
11,9,881,2,10,5,0,500,0.6,1000,0.2,1400,0.2,2
11,10,326,2,10,5,0,300,0.5,1700,0.5,0
11,11,136,1,0,300,0.5,1700,0.5,0
11,12,12,0,0,500,0.6,1000,0.2,1400,0.2,2
11,13,239,0,0,500,0.6,1000,0.2,1400,0.2,1
11,14,620,0,0,300,0.5,1700,0.5,0
12,0,153,1,0,500,0.6,1000,0.2,1400,0.2,0
12,1,894,2,10,5,0,500,0.6,1000,0.2,1400,0.2,2
12,2,911,1,0,500,0.6,1000,0.2,1400,0.2,0
12,3,717,0,0,300,0.5,1700,0.5,0
12,4,909,2,10,5,0,300,0.5,1700,0.5,1
12,5,34,2,10,5,0,500,0.6,1000,0.2,1400,0.2,0
12,6,611,2,10,5,0,300,0.5,1700,0.5,1
12,7,831,1,0,500,0.6,1000,0.2,1400,0.2,2
12,8,367,1,0,500,0.6,1000,0.2,1400,0.2,1
12,9,224,0,0,500,0.6,1000,0.2,1400,0.2,2
12,10,445,0,0,300,0.5,1700,0.5,0
12,11,295,2,10,5,0,300,0.5,1700,0.5,1
12,12,631,1,0,500,0.6,1000,0.2,1400,0.2,0
12,13,742,0,0,500,0.6,1000,0.2,1400,0.2,1
12,14,871,1,0,300,0.5,1700,0.5,0
13,0,694,0,0,500,0.6,1000,0.2,1400,0.2,1
13,1,112,2,10,5,0,300,0.5,1700,0.5,2
13,2,899,0,0,500,0.6,1000,0.2,1400,0.2,2
13,3,895,1,0,300,0.5,1700,0.5,2
13,4,282,2,10,5,0,500,0.6,1000,0.2,1400,0.2,2
13,5,310,1,0,300,0.5,1700,0.5,2
13,6,671,0,0,500,0.6,1000,0.2,1400,0.2,0
13,7,767,2,10,5,0,500,0.6,1000,0.2,1400,0.2,2
13,8,714,0,0,300,0.5,1700,0.5,1
13,9,425,2,10,5,0,500,0.6,1000,0.2,1400,0.2,1
13,10,430,1,0,300,0.5,1700,0.5,2
13,11,583,1,0,500,0.6,1000,0.2,1400,0.2,1
13,12,720,1,0,500,0.6,1000,0.2,1400,0.2,1
13,13,683,1,0,300,0.5,1700,0.5,1
13,14,869,1,0,500,0.6,1000,0.2,1400,0.2,0
14,0,438,1,0,300,0.5,1700,0.5,0
14,1,889,2,10,5,0,300,0.5,1700,0.5,2
14,2,988,1,0,500,0.6,1000,0.2,1400,0.2,0
14,3,244,2,10,5,0,300,0.5,1700,0.5,1
14,4,288,1,0,500,0.6,1000,0.2,1400,0.2,2
14,5,933,2,10,5,0,500,0.6,1000,0.2,1400,0.2,0
14,6,913,1,0,300,0.5,1700,0.5,0
14,7,319,0,0,300,0.5,1700,0.5,0
14,8,877,2,10,5,0,500,0.6,1000,0.2,1400,0.2,0
14,9,488,0,0,300,0.5,1700,0.5,0
14,10,10,0,0,300,0.5,1700,0.5,0
14,11,856,0,0,500,0.6,1000,0.2,1400,0.2,0
14,12,652,1,0,300,0.5,1700,0.5,0
14,13,174,0,0,500,0.6,1000,0.2,1400,0.2,0
14,14,143,1,0,300,0.5,1700,0.5,1
