0,0,899,0,0,300,0.5,1700,0.5,2
0,1,262,0,0,500,0.6,1000,0.2,1400,0.2,1
0,2,458,0,0,500,0.6,1000,0.2,1400,0.2,0
0,3,557,2,10,5,0,300,0.5,1700,0.5,1
0,4,597,1,0,300,0.5,1700,0.5,0
0,5,825,2,10,5,0,500,0.6,1000,0.2,1400,0.2,1
0,6,441,0,0,300,0.5,1700,0.5,2
0,7,743,2,10,5,0,300,0.5,1700,0.5,2
0,8,989,2,10,5,0,500,0.6,1000,0.2,1400,0.2,2
0,9,462,1,0,300,0.5,1700,0.5,0
0,10,889,0,0,300,0.5,1700,0.5,2
0,11,687,0,0,300,0.5,1700,0.5,1
0,12,366,1,0,500,0.6,1000,0.2,1400,0.2,2
0,13,868,0,0,500,0.6,1000,0.2,1400,0.2,1
0,14,154,2,10,5,0,300,0.5,1700,0.5,0
1,0,644,2,10,5,0,300,0.5,1700,0.5,1
1,1,755,1,0,500,0.6,1000,0.2,1400,0.2,0
1,2,553,0,0,500,0.6,1000,0.2,1400,0.2,0
1,3,336,1,0,500,0.6,1000,0.2,1400,0.2,0
1,4,278,1,0,300,0.5,1700,0.5,0
1,5,11,1,0,300,0.5,1700,0.5,0
1,6,467,2,10,5,0,300,0.5,1700,0.5,0
1,7,733,2,10,5,0,500,0.6,1000,0.2,1400,0.2,0
1,8,494,2,10,5,0,300,0.5,1700,0.5,2
1,9,374,1,0,300,0.5,1700,0.5,1
1,10,636,2,10,5,0,500,0.6,1000,0.2,1400,0.2,1
1,11,656,1,0,500,0.6,1000,0.2,1400,0.2,2
1,12,145,0,0,300,0.5,1700,0.5,2
1,13,539,2,10,5,0,300,0.5,1700,0.5,2
1,14,689,0,0,500,0.6,1000,0.2,1400,0.2,0
2,0,736,0,0,500,0.6,1000,0.2,1400,0.2,1
2,1,887,1,0,500,0.6,1000,0.2,1400,0.2,1
2,2,158,1,0,300,0.5,1700,0.5,0
2,3,796,2,10,5,0,300,0.5,1700,0.5,1
2,4,268,0,0,500,0.6,1000,0.2,1400,0.2,1
2,5,783,1,0,300,0.5,1700,0.5,1
2,6,751,1,0,300,0.5,1700,0.5,0
2,7,28,2,10,5,0,500,0.6,1000,0.2,1400,0.2,2
2,8,437,1,0,500,0.6,1000,0.2,1400,0.2,1
2,9,739,1,0,500,0.6,1000,0.2,1400,0.2,2
2,10,637,1,0,300,0.5,1700,0.5,0
2,11,328,1,0,500,0.6,1000,0.2,1400,0.2,0
2,12,65,1,0,500,0.6,1000,0.2,1400,0.2,2
2,13,721,1,0,300,0.5,1700,0.5,2
2,14,518,2,10,5,0,300,0.5,1700,0.5,1
3,0,397,0,0,300,0.5,1700,0.5,0
3,1,297,0,0,300,0.5,1700,0.5,0
3,2,603,2,10,5,0,300,0.5,1700,0.5,1
3,3,789,2,10,5,0,300,0.5,1700,0.5,1
3,4,968,0,0,300,0.5,1700,0.5,0
3,5,593,2,10,5,0,500,0.6,1000,0.2,1400,0.2,0
3,6,134,0,0,300,0.5,1700,0.5,0
3,7,618,2,10,5,0,500,0.6,1000,0.2,1400,0.2,0
3,8,812,0,0,300,0.5,1700,0.5,2
3,9,416,2,10,5,0,300,0.5,1700,0.5,0
3,10,789,1,0,300,0.5,1700,0.5,0
3,11,716,0,0,300,0.5,1700,0.5,2
3,12,46,2,10,5,0,300,0.5,1700,0.5,1
3,13,477,2,10,5,0,300,0.5,1700,0.5,2
3,14,665,1,0,500,0.6,1000,0.2,1400,0.2,2
4,0,154,2,10,5,0,300,0.5,1700,0.5,2
4,1,975,1,0,500,0.6,1000,0.2,1400,0.2,2
4,2,39,2,10,5,0,500,0.6,1000,0.2,1400,0.2,0
4,3,690,0,0,300,0.5,1700,0.5,1
4,4,285,0,0,500,0.6,1000,0.2,1400,0.2,1
4,5,626,0,0,500,0.6,1000,0.2,1400,0.2,1
4,6,997,2,10,5,0,300,0.5,1700,0.5,2
4,7,613,1,0,300,0.5,1700,0.5,2
4,8,223,1,0,500,0.6,1000,0.2,1400,0.2,1
4,9,298,1,0,300,0.5,1700,0.5,2
4,10,552,0,0,300,0.5,1700,0.5,0
4,11,156,0,0,300,0.5,1700,0.5,0
4,12,481,0,0,500,0.6,1000,0.2,1400,0.2,1
4,13,562,0,0,300,0.5,1700,0.5,1
4,14,874,2,10,5,0,300,0.5,1700,0.5,2
5,0,352,1,0,300,0.5,1700,0.5,0
5,1,763,0,0,300,0.5,1700,0.5,0
5,2,131,0,0,500,0.6,1000,0.2,1400,0.2,1
5,3,517,1,0,500,0.6,1000,0.2,1400,0.2,2
5,4,573,1,0,500,0.6,1000,0.2,1400,0.2,1
5,5,290,0,0,500,0.6,1000,0.2,1400,0.2,2
5,6,131,2,10,5,0,500,0.6,1000,0.2,1400,0.2,0
5,7,61,0,0,300,0.5,1700,0.5,2
5,8,911,0,0,300,0.5,1700,0.5,0
5,9,838,0,0,500,0.6,1000,0.2,1400,0.2,2
5,10,624,2,10,5,0,500,0.6,1000,0.2,1400,0.2,1
5,11,670,0,0,300,0.5,1700,0.5,2
5,12,59,1,0,500,0.6,1000,0.2,1400,0.2,1
5,13,457,1,0,300,0.5,1700,0.5,1
5,14,282,2,10,5,0,500,0.6,1000,0.2,1400,0.2,2
6,0,373,1,0,500,0.6,1000,0.2,1400,0.2,0
6,1,458,1,0,300,0.5,1700,0.5,1
6,2,613,0,0,300,0.5,1700,0.5,2
6,3,905,2,10,5,0,500,0.6,1000,0.2,1400,0.2,0
6,4,444,2,10,5,0,300,0.5,1700,0.5,1
6,5,891,0,0,300,0.5,1700,0.5,1
6,6,471,0,0,500,0.6,1000,0.2,1400,0.2,0
6,7,207,1,0,500,0.6,1000,0.2,1400,0.2,0
6,8,289,0,0,500,0.6,1000,0.2,1400,0.2,0
6,9,66,0,0,300,0.5,1700,0.5,0
6,10,648,2,10,5,0,500,0.6,1000,0.2,1400,0.2,0
6,11,640,2,10,5,0,300,0.5,1700,0.5,1
6,12,345,2,10,5,0,300,0.5,1700,0.5,0
6,13,651,1,0,300,0.5,1700,0.5,1
6,14,229,1,0,500,0.6,1000,0.2,1400,0.2,1
7,0,432,2,10,5,0,500,0.6,1000,0.2,1400,0.2,0
7,1,326,0,0,500,0.6,1000,0.2,1400,0.2,2
7,2,697,1,0,500,0.6,1000,0.2,1400,0.2,1
7,3,759,0,0,300,0.5,1700,0.5,1
7,4,61,2,10,5,0,500,0.6,1000,0.2,1400,0.2,2
7,5,597,1,0,300,0.5,1700,0.5,0
7,6,478,2,10,5,0,300,0.5,1700,0.5,0
7,7,347,1,0,500,0.6,1000,0.2,1400,0.2,0
7,8,195,1,0,500,0.6,1000,0.2,1400,0.2,1
7,9,519,0,0,300,0.5,1700,0.5,1
7,10,251,1,0,300,0.5,1700,0.5,1
7,11,924,2,10,5,0,300,0.5,1700,0.5,2
7,12,962,1,0,300,0.5,1700,0.5,0
7,13,275,0,0,300,0.5,1700,0.5,0
7,14,894,0,0,300,0.5,1700,0.5,1
8,0,639,0,0,500,0.6,1000,0.2,1400,0.2,2
8,1,632,0,0,500,0.6,1000,0.2,1400,0.2,0
8,2,730,0,0,300,0.5,1700,0.5,1
8,3,816,1,0,500,0.6,1000,0.2,1400,0.2,0
8,4,34,2,10,5,0,500,0.6,1000,0.2,1400,0.2,0
8,5,929,0,0,500,0.6,1000,0.2,1400,0.2,2
8,6,198,0,0,300,0.5,1700,0.5,2
8,7,290,2,10,5,0,300,0.5,1700,0.5,1
8,8,449,0,0,500,0.6,1000,0.2,1400,0.2,2
8,9,625,2,10,5,0,500,0.6,1000,0.2,1400,0.2,1
8,10,225,1,0,500,0.6,1000,0.2,1400,0.2,2
8,11,374,1,0,300,0.5,1700,0.5,2
8,12,310,0,0,500,0.6,1000,0.2,1400,0.2,1
8,13,373,1,0,500,0.6,1000,0.2,1400,0.2,1
8,14,18,0,0,500,0.6,1000,0.2,1400,0.2,1
9,0,885,1,0,500,0.6,1000,0.2,1400,0.2,2
9,1,673,0,0,300,0.5,1700,0.5,2
9,2,579,0,0,500,0.6,1000,0.2,1400,0.2,1
9,3,362,2,10,5,0,300,0.5,1700,0.5,1
9,4,304,0,0,500,0.6,1000,0.2,1400,0.2,0
9,5,389,1,0,500,0.6,1000,0.2,1400,0.2,1
9,6,353,2,10,5,0,500,0.6,1000,0.2,1400,0.2,1
9,7,794,1,0,500,0.6,1000,0.2,1400,0.2,2
9,8,30,1,0,500,0.6,1000,0.2,1400,0.2,2
9,9,263,0,0,300,0.5,1700,0.5,2
9,10,624,2,10,5,0,300,0.5,1700,0.5,0
9,11,641,1,0,500,0.6,1000,0.2,1400,0.2,1
9,12,295,0,0,300,0.5,1700,0.5,2
9,13,520,1,0,500,0.6,1000,0.2,1400,0.2,1
9,14,396,1,0,500,0.6,1000,0.2,1400,0.2,2
10,0,124,2,10,5,0,500,0.6,1000,0.2,1400,0.2,2
10,1,977,0,0,500,0.6,1000,0.2,1400,0.2,1
10,2,920,2,10,5,0,500,0.6,1000,0.2,1400,0.2,2
10,3,352,0,0,500,0.6,1000,0.2,1400,0.2,1
10,4,753,0,0,500,0.6,1000,0.2,1400,0.2,0
10,5,82,2,10,5,0,500,0.6,1000,0.2,1400,0.2,0
10,6,873,2,10,5,0,500,0.6,1000,0.2,1400,0.2,1
10,7,747,0,0,500,0.6,1000,0.2,1400,0.2,1
10,8,420,2,10,5,0,300,0.5,1700,0.5,2
10,9,864,2,10,5,0,500,0.6,1000,0.2,1400,0.2,0
10,10,21,0,0,500,0.6,1000,0.2,1400,0.2,2
10,11,877,1,0,300,0.5,1700,0.5,0
10,12,282,0,0,300,0.5,1700,0.5,1
10,13,996,2,10,5,0,300,0.5,1700,0.5,2
10,14,168,0,0,500,0.6,1000,0.2,1400,0.2,2
11,0,345,2,10,5,0,500,0.6,1000,0.2,1400,0.2,0
11,1,567,0,0,500,0.6,1000,0.2,1400,0.2,2
11,2,627,0,0,300,0.5,1700,0.5,2
11,3,437,0,0,500,0.6,1000,0.2,1400,0.2,1
11,4,499,1,0,300,0.5,1700,0.5,2
11,5,130,1,0,300,0.5,1700,0.5,0
11,6,616,1,0,300,0.5,1700,0.5,2
11,7,995,2,10,5,0,500,0.6,1000,0.2,1400,0.2,2
11,8,248,2,10,5,0,300,0.5,1700,0.5,2
11,9,633,1,0,500,0.6,1000,0.2,1400,0.2,0
11,10,816,2,10,5,0,300,0.5,1700,0.5,2
11,11,904,2,10,5,0,300,0.5,1700,0.5,1
11,12,204,2,10,5,0,300,0.5,1700,0.5,0
11,13,555,0,0,500,0.6,1000,0.2,1400,0.2,0
11,14,341,2,10,5,0,300,0.5,1700,0.5,0
12,0,234,0,0,300,0.5,1700,0.5,0
12,1,260,1,0,500,0.6,1000,0.2,1400,0.2,2
12,2,781,0,0,300,0.5,1700,0.5,2
12,3,914,1,0,500,0.6,1000,0.2,1400,0.2,1
12,4,148,2,10,5,0,500,0.6,1000,0.2,1400,0.2,1
12,5,520,0,0,500,0.6,1000,0.2,1400,0.2,0
12,6,689,2,10,5,0,300,0.5,1700,0.5,2
12,7,744,0,0,300,0.5,1700,0.5,1
12,8,208,2,10,5,0,300,0.5,1700,0.5,0
12,9,837,0,0,500,0.6,1000,0.2,1400,0.2,1
12,10,555,0,0,300,0.5,1700,0.5,2
12,11,790,1,0,500,0.6,1000,0.2,1400,0.2,1
12,12,152,0,0,300,0.5,1700,0.5,2
12,13,935,1,0,500,0.6,1000,0.2,1400,0.2,1
12,14,722,1,0,300,0.5,1700,0.5,2
13,0,115,2,10,5,0,300,0.5,1700,0.5,0
13,1,553,0,0,300,0.5,1700,0.5,1
13,2,351,1,0,500,0.6,1000,0.2,1400,0.2,0
13,3,624,1,0,500,0.6,1000,0.2,1400,0.2,2
13,4,767,2,10,5,0,300,0.5,1700,0.5,0
13,5,284,0,0,500,0.6,1000,0.2,1400,0.2,1
13,6,111,2,10,5,0,500,0.6,1000,0.2,1400,0.2,1
13,7,919,0,0,500,0.6,1000,0.2,1400,0.2,2
13,8,890,0,0,500,0.6,1000,0.2,1400,0.2,0
13,9,207,1,0,500,0.6,1000,0.2,1400,0.2,1
13,10,167,2,10,5,0,500,0.6,1000,0.2,1400,0.2,0
13,11,255,0,0,300,0.5,1700,0.5,1
13,12,59,1,0,500,0.6,1000,0.2,1400,0.2,2
13,13,121,2,10,5,0,300,0.5,1700,0.5,2
13,14,961,0,0,500,0.6,1000,0.2,1400,0.2,0
14,0,668,1,0,500,0.6,1000,0.2,1400,0.2,0
14,1,886,2,10,5,0,300,0.5,1700,0.5,1
14,2,926,0,0,500,0.6,1000,0.2,1400,0.2,0
14,3,557,2,10,5,0,500,0.6,1000,0.2,1400,0.2,0
14,4,122,2,10,5,0,300,0.5,1700,0.5,2
14,5,253,0,0,300,0.5,1700,0.5,1
14,6,139,0,0,300,0.5,1700,0.5,0
14,7,212,1,0,500,0.6,1000,0.2,1400,0.2,1
14,8,334,0,0,500,0.6,1000,0.2,1400,0.2,2
14,9,526,2,10,5,0,300,0.5,1700,0.5,2
14,10,937,1,0,500,0.6,1000,0.2,1400,0.2,1
14,11,655,0,0,300,0.5,1700,0.5,2
14,12,841,2,10,5,0,300,0.5,1700,0.5,2
14,13,301,0,0,300,0.5,1700,0.5,1
14,14,989,1,0,300,0.5,1700,0.5,0
