0,0,299,0,0,500,0.6,1000,0.2,1400,0.2,1
0,1,158,0,0,500,0.6,1000,0.2,1400,0.2,1
0,2,41,0,0,500,0.6,1000,0.2,1400,0.2,2
0,3,85,1,0,300,0.5,1700,0.5,2
0,4,114,0,0,500,0.6,1000,0.2,1400,0.2,2
0,5,64,1,0,500,0.6,1000,0.2,1400,0.2,1
0,6,324,0,0,300,0.5,1700,0.5,0
0,7,504,2,10,5,0,300,0.5,1700,0.5,0
0,8,196,1,0,300,0.5,1700,0.5,0
0,9,278,2,10,5,0,300,0.5,1700,0.5,2
0,10,295,0,0,300,0.5,1700,0.5,1
0,11,471,2,10,5,0,500,0.6,1000,0.2,1400,0.2,2
0,12,947,0,0,300,0.5,1700,0.5,2
0,13,833,2,10,5,0,300,0.5,1700,0.5,0
0,14,312,1,0,500,0.6,1000,0.2,1400,0.2,2
1,0,899,1,0,500,0.6,1000,0.2,1400,0.2,2
1,1,563,2,10,5,0,500,0.6,1000,0.2,1400,0.2,0
1,2,466,2,10,5,0,500,0.6,1000,0.2,1400,0.2,0
1,3,411,1,0,300,0.5,1700,0.5,1
1,4,697,2,10,5,0,300,0.5,1700,0.5,0
1,5,949,1,0,300,0.5,1700,0.5,1
1,6,375,0,0,500,0.6,1000,0.2,1400,0.2,2
1,7,863,0,0,500,0.6,1000,0.2,1400,0.2,0
1,8,649,1,0,300,0.5,1700,0.5,1
1,9,158,1,0,300,0.5,1700,0.5,1
1,10,401,2,10,5,0,300,0.5,1700,0.5,0
1,11,167,0,0,300,0.5,1700,0.5,0
1,12,718,0,0,300,0.5,1700,0.5,1
1,13,58,1,0,500,0.6,1000,0.2,1400,0.2,1
1,14,57,1,0,500,0.6,1000,0.2,1400,0.2,0
2,0,836,2,10,5,0,500,0.6,1000,0.2,1400,0.2,2
2,1,738,2,10,5,0,300,0.5,1700,0.5,2
2,2,743,2,10,5,0,300,0.5,1700,0.5,1
2,3,615,0,0,300,0.5,1700,0.5,2
2,4,783,0,0,500,0.6,1000,0.2,1400,0.2,2
2,5,790,2,10,5,0,300,0.5,1700,0.5,2
2,6,276,1,0,300,0.5,1700,0.5,1
2,7,403,1,0,300,0.5,1700,0.5,1
2,8,225,2,10,5,0,300,0.5,1700,0.5,2
2,9,730,0,0,300,0.5,1700,0.5,1
2,10,711,2,10,5,0,300,0.5,1700,0.5,1
2,11,682,1,0,500,0.6,1000,0.2,1400,0.2,0
2,12,207,0,0,500,0.6,1000,0.2,1400,0.2,2
2,13,818,0,0,300,0.5,1700,0.5,2
2,14,666,0,0,500,0.6,1000,0.2,1400,0.2,0
3,0,635,0,0,300,0.5,1700,0.5,2
3,1,943,2,10,5,0,500,0.6,1000,0.2,1400,0.2,0
3,2,259,0,0,500,0.6,1000,0.2,1400,0.2,1
3,3,883,0,0,300,0.5,1700,0.5,0
3,4,305,1,0,300,0.5,1700,0.5,2
3,5,508,1,0,300,0.5,1700,0.5,2
3,6,217,1,0,300,0.5,1700,0.5,1
3,7,268,2,10,5,0,300,0.5,1700,0.5,1
3,8,249,2,10,5,0,500,0.6,1000,0.2,1400,0.2,0
3,9,550,2,10,5,0,300,0.5,1700,0.5,1
3,10,156,0,0,500,0.6,1000,0.2,1400,0.2,2
3,11,972,1,0,500,0.6,1000,0.2,1400,0.2,2
3,12,763,1,0,300,0.5,1700,0.5,2
3,13,774,2,10,5,0,300,0.5,1700,0.5,0
3,14,975,1,0,500,0.6,1000,0.2,1400,0.2,0
4,0,690,1,0,300,0.5,1700,0.5,1
4,1,822,1,0,300,0.5,1700,0.5,1
4,2,583,0,0,500,0.6,1000,0.2,1400,0.2,2
4,3,914,2,10,5,0,300,0.5,1700,0.5,0
4,4,653,0,0,500,0.6,1000,0.2,1400,0.2,0
4,5,389,2,10,5,0,300,0.5,1700,0.5,2
4,6,779,1,0,500,0.6,1000,0.2,1400,0.2,1
4,7,620,1,0,500,0.6,1000,0.2,1400,0.2,0
4,8,59,0,0,500,0.6,1000,0.2,1400,0.2,0
4,9,422,2,10,5,0,300,0.5,1700,0.5,0
4,10,701,0,0,500,0.6,1000,0.2,1400,0.2,1
4,11,98,2,10,5,0,300,0.5,1700,0.5,1
4,12,557,2,10,5,0,500,0.6,1000,0.2,1400,0.2,1
4,13,362,1,0,500,0.6,1000,0.2,1400,0.2,0
4,14,271,2,10,5,0,300,0.5,1700,0.5,0
5,0,634,0,0,500,0.6,1000,0.2,1400,0.2,1
5,1,870,2,10,5,0,300,0.5,1700,0.5,1
5,2,29,0,0,500,0.6,1000,0.2,1400,0.2,2
5,3,317,2,10,5,0,500,0.6,1000,0.2,1400,0.2,2
5,4,853,0,0,500,0.6,1000,0.2,1400,0.2,0
5,5,291,0,0,500,0.6,1000,0.2,1400,0.2,1
5,6,258,1,0,500,0.6,1000,0.2,1400,0.2,0
5,7,46,1,0,300,0.5,1700,0.5,0
5,8,113,2,10,5,0,300,0.5,1700,0.5,0
5,9,104,2,10,5,0,300,0.5,1700,0.5,1
5,10,776,2,10,5,0,300,0.5,1700,0.5,2
5,11,925,1,0,300,0.5,1700,0.5,1
5,12,252,1,0,300,0.5,1700,0.5,1
5,13,660,1,0,300,0.5,1700,0.5,1
5,14,385,0,0,500,0.6,1000,0.2,1400,0.2,0
6,0,819,0,0,500,0.6,1000,0.2,1400,0.2,0
6,1,68,0,0,500,0.6,1000,0.2,1400,0.2,1
6,2,301,1,0,500,0.6,1000,0.2,1400,0.2,0
6,3,181,0,0,300,0.5,1700,0.5,0
6,4,920,0,0,300,0.5,1700,0.5,2
6,5,434,1,0,300,0.5,1700,0.5,2
6,6,869,0,0,300,0.5,1700,0.5,1
6,7,233,2,10,5,0,300,0.5,1700,0.5,2
6,8,569,1,0,500,0.6,1000,0.2,1400,0.2,2
6,9,21,0,0,300,0.5,1700,0.5,1
6,10,657,0,0,500,0.6,1000,0.2,1400,0.2,0
6,11,185,2,10,5,0,500,0.6,1000,0.2,1400,0.2,1
6,12,303,0,0,500,0.6,1000,0.2,1400,0.2,2
6,13,428,2,10,5,0,300,0.5,1700,0.5,2
6,14,96,0,0,300,0.5,1700,0.5,2
7,0,551,2,10,5,0,500,0.6,1000,0.2,1400,0.2,2
7,1,533,0,0,500,0.6,1000,0.2,1400,0.2,2
7,2,524,0,0,300,0.5,1700,0.5,2
7,3,881,0,0,500,0.6,1000,0.2,1400,0.2,2
7,4,736,0,0,500,0.6,1000,0.2,1400,0.2,2
7,5,292,2,10,5,0,500,0.6,1000,0.2,1400,0.2,1
7,6,299,0,0,300,0.5,1700,0.5,0
7,7,269,2,10,5,0,300,0.5,1700,0.5,2
7,8,403,1,0,500,0.6,1000,0.2,1400,0.2,2
7,9,886,0,0,300,0.5,1700,0.5,2
7,10,249,2,10,5,0,500,0.6,1000,0.2,1400,0.2,1
7,11,200,2,10,5,0,300,0.5,1700,0.5,1
7,12,821,0,0,300,0.5,1700,0.5,2
7,13,892,1,0,500,0.6,1000,0.2,1400,0.2,2
7,14,645,1,0,300,0.5,1700,0.5,0
8,0,258,2,10,5,0,500,0.6,1000,0.2,1400,0.2,0
8,1,307,2,10,5,0,500,0.6,1000,0.2,1400,0.2,0
8,2,391,0,0,500,0.6,1000,0.2,1400,0.2,1
8,3,428,2,10,5,0,500,0.6,1000,0.2,1400,0.2,1
8,4,351,1,0,500,0.6,1000,0.2,1400,0.2,1
8,5,728,1,0,500,0.6,1000,0.2,1400,0.2,1
8,6,590,1,0,500,0.6,1000,0.2,1400,0.2,0
8,7,855,0,0,500,0.6,1000,0.2,1400,0.2,0
8,8,123,2,10,5,0,500,0.6,1000,0.2,1400,0.2,1
8,9,632,1,0,300,0.5,1700,0.5,1
8,10,469,0,0,500,0.6,1000,0.2,1400,0.2,1
8,11,729,0,0,300,0.5,1700,0.5,0
8,12,404,1,0,300,0.5,1700,0.5,2
8,13,986,0,0,300,0.5,1700,0.5,0
8,14,409,1,0,300,0.5,1700,0.5,2
9,0,856,1,0,300,0.5,1700,0.5,2
9,1,948,2,10,5,0,300,0.5,1700,0.5,2
9,2,164,2,10,5,0,300,0.5,1700,0.5,2
9,3,103,0,0,300,0.5,1700,0.5,2
9,4,101,1,0,300,0.5,1700,0.5,1
9,5,125,2,10,5,0,500,0.6,1000,0.2,1400,0.2,2
9,6,744,2,10,5,0,500,0.6,1000,0.2,1400,0.2,2
9,7,805,1,0,300,0.5,1700,0.5,2
9,8,288,0,0,300,0.5,1700,0.5,2
9,9,595,0,0,300,0.5,1700,0.5,0
9,10,168,2,10,5,0,300,0.5,1700,0.5,1
9,11,600,2,10,5,0,500,0.6,1000,0.2,1400,0.2,1
9,12,703,2,10,5,0,500,0.6,1000,0.2,1400,0.2,2
9,13,230,1,0,500,0.6,1000,0.2,1400,0.2,1
9,14,491,1,0,300,0.5,1700,0.5,0
10,0,982,2,10,5,0,300,0.5,1700,0.5,0
10,1,659,0,0,300,0.5,1700,0.5,1
10,2,790,1,0,500,0.6,1000,0.2,1400,0.2,2
10,3,145,2,10,5,0,300,0.5,1700,0.5,1
10,4,953,1,0,500,0.6,1000,0.2,1400,0.2,0
10,5,321,2,10,5,0,300,0.5,1700,0.5,2
10,6,380,0,0,500,0.6,1000,0.2,1400,0.2,2
10,7,104,1,0,300,0.5,1700,0.5,2
10,8,736,2,10,5,0,500,0.6,1000,0.2,1400,0.2,2
10,9,272,2,10,5,0,300,0.5,1700,0.5,2
10,10,92,1,0,300,0.5,1700,0.5,1
10,11,771,1,0,300,0.5,1700,0.5,2
10,12,427,1,0,300,0.5,1700,0.5,1
10,13,876,2,10,5,0,300,0.5,1700,0.5,2
10,14,772,1,0,300,0.5,1700,0.5,0
11,0,658,1,0,300,0.5,1700,0.5,2
11,1,468,0,0,300,0.5,1700,0.5,0
11,2,411,0,0,300,0.5,1700,0.5,1
11,3,38,1,0,500,0.6,1000,0.2,1400,0.2,0
11,4,597,0,0,300,0.5,1700,0.5,2
11,5,371,0,0,500,0.6,1000,0.2,1400,0.2,0
11,6,198,1,0,300,0.5,1700,0.5,2
11,7,921,0,0,500,0.6,1000,0.2,1400,0.2,0
11,8,407,0,0,500,0.6,1000,0.2,1400,0.2,1
11,9,411,2,10,5,0,500,0.6,1000,0.2,1400,0.2,1
11,10,534,0,0,500,0.6,1000,0.2,1400,0.2,2
11,11,590,1,0,300,0.5,1700,0.5,2
11,12,773,1,0,300,0.5,1700,0.5,1
11,13,815,1,0,500,0.6,1000,0.2,1400,0.2,0
11,14,131,2,10,5,0,300,0.5,1700,0.5,2
12,0,537,1,0,300,0.5,1700,0.5,2
12,1,875,2,10,5,0,300,0.5,1700,0.5,2
12,2,840,2,10,5,0,500,0.6,1000,0.2,1400,0.2,2
12,3,514,2,10,5,0,300,0.5,1700,0.5,1
12,4,190,2,10,5,0,300,0.5,1700,0.5,0
12,5,317,2,10,5,0,300,0.5,1700,0.5,2
12,6,525,2,10,5,0,300,0.5,1700,0.5,1
12,7,586,0,0,500,0.6,1000,0.2,1400,0.2,0
12,8,691,1,0,300,0.5,1700,0.5,2
12,9,245,2,10,5,0,500,0.6,1000,0.2,1400,0.2,1
12,10,116,0,0,300,0.5,1700,0.5,0
12,11,739,0,0,500,0.6,1000,0.2,1400,0.2,2
12,12,658,2,10,5,0,300,0.5,1700,0.5,1
12,13,590,2,10,5,0,300,0.5,1700,0.5,0
12,14,391,1,0,500,0.6,1000,0.2,1400,0.2,0
13,0,700,0,0,300,0.5,1700,0.5,1
13,1,106,0,0,300,0.5,1700,0.5,1
13,2,186,2,10,5,0,500,0.6,1000,0.2,1400,0.2,0
13,3,262,1,0,300,0.5,1700,0.5,1
13,4,136,2,10,5,0,300,0.5,1700,0.5,2
13,5,16,2,10,5,0,500,0.6,1000,0.2,1400,0.2,2
13,6,844,1,0,300,0.5,1700,0.5,0
13,7,33,2,10,5,0,300,0.5,1700,0.5,1
13,8,326,2,10,5,0,300,0.5,1700,0.5,2
13,9,685,0,0,300,0.5,1700,0.5,0
13,10,797,2,10,5,0,500,0.6,1000,0.2,1400,0.2,0
13,11,602,1,0,500,0.6,1000,0.2,1400,0.2,0
13,12,378,1,0,300,0.5,1700,0.5,2
13,13,611,0,0,300,0.5,1700,0.5,1
13,14,610,2,10,5,0,300,0.5,1700,0.5,0
14,0,188,0,0,500,0.6,1000,0.2,1400,0.2,0
14,1,164,0,0,300,0.5,1700,0.5,1
14,2,575,0,0,500,0.6,1000,0.2,1400,0.2,1
14,3,36,2,10,5,0,500,0.6,1000,0.2,1400,0.2,1
14,4,938,1,0,300,0.5,1700,0.5,1
14,5,719,1,0,300,0.5,1700,0.5,1
14,6,837,1,0,300,0.5,1700,0.5,0
14,7,472,2,10,5,0,500,0.6,1000,0.2,1400,0.2,0
14,8,783,0,0,500,0.6,1000,0.2,1400,0.2,2
14,9,644,2,10,5,0,300,0.5,1700,0.5,1
14,10,166,0,0,500,0.6,1000,0.2,1400,0.2,1
14,11,284,0,0,300,0.5,1700,0.5,0
14,12,799,2,10,5,0,500,0.6,1000,0.2,1400,0.2,0
14,13,559,1,0,300,0.5,1700,0.5,0
14,14,292,2,10,5,0,300,0.5,1700,0.5,0
