0,0,703,0,0,300,0.5,1700,0.5,0
0,1,317,2,10,5,0,500,0.6,1000,0.2,1400,0.2,0
0,2,813,2,10,5,0,300,0.5,1700,0.5,1
0,3,732,2,10,5,0,300,0.5,1700,0.5,0
0,4,874,2,10,5,0,300,0.5,1700,0.5,0
0,5,550,2,10,5,0,300,0.5,1700,0.5,0
0,6,490,1,0,300,0.5,1700,0.5,2
0,7,803,1,0,300,0.5,1700,0.5,1
0,8,646,0,0,300,0.5,1700,0.5,0
0,9,889,0,0,500,0.6,1000,0.2,1400,0.2,1
0,10,782,0,0,300,0.5,1700,0.5,1
0,11,828,2,10,5,0,300,0.5,1700,0.5,1
0,12,954,1,0,300,0.5,1700,0.5,2
0,13,782,1,0,500,0.6,1000,0.2,1400,0.2,1
0,14,836,0,0,500,0.6,1000,0.2,1400,0.2,1
1,0,56,0,0,300,0.5,1700,0.5,0
1,1,642,0,0,500,0.6,1000,0.2,1400,0.2,1
1,2,703,0,0,300,0.5,1700,0.5,2
1,3,814,0,0,300,0.5,1700,0.5,0
1,4,575,1,0,500,0.6,1000,0.2,1400,0.2,0
1,5,719,2,10,5,0,300,0.5,1700,0.5,1
1,6,571,1,0,500,0.6,1000,0.2,1400,0.2,0
1,7,741,1,0,500,0.6,1000,0.2,1400,0.2,2
1,8,476,2,10,5,0,500,0.6,1000,0.2,1400,0.2,2
1,9,221,0,0,300,0.5,1700,0.5,2
1,10,185,2,10,5,0,300,0.5,1700,0.5,2
1,11,879,1,0,300,0.5,1700,0.5,0
1,12,991,0,0,300,0.5,1700,0.5,0
1,13,39,0,0,300,0.5,1700,0.5,1
1,14,52,0,0,300,0.5,1700,0.5,0
2,0,677,1,0,500,0.6,1000,0.2,1400,0.2,2
2,1,357,2,10,5,0,500,0.6,1000,0.2,1400,0.2,2
2,2,749,0,0,300,0.5,1700,0.5,2
2,3,794,2,10,5,0,500,0.6,1000,0.2,1400,0.2,0
2,4,723,1,0,300,0.5,1700,0.5,2
2,5,43,2,10,5,0,500,0.6,1000,0.2,1400,0.2,0
2,6,351,2,10,5,0,500,0.6,1000,0.2,1400,0.2,0
2,7,306,2,10,5,0,300,0.5,1700,0.5,0
2,8,877,0,0,300,0.5,1700,0.5,2
2,9,55,2,10,5,0,500,0.6,1000,0.2,1400,0.2,1
2,10,800,0,0,300,0.5,1700,0.5,2
2,11,510,0,0,500,0.6,1000,0.2,1400,0.2,2
2,12,612,2,10,5,0,500,0.6,1000,0.2,1400,0.2,1
2,13,91,0,0,500,0.6,1000,0.2,1400,0.2,2
2,14,380,0,0,500,0.6,1000,0.2,1400,0.2,0
3,0,199,0,0,300,0.5,1700,0.5,0
3,1,922,1,0,300,0.5,1700,0.5,1
3,2,215,1,0,500,0.6,1000,0.2,1400,0.2,0
3,3,85,1,0,500,0.6,1000,0.2,1400,0.2,1
3,4,990,0,0,300,0.5,1700,0.5,0
3,5,179,0,0,300,0.5,1700,0.5,1
3,6,671,1,0,300,0.5,1700,0.5,2
3,7,394,1,0,500,0.6,1000,0.2,1400,0.2,1
3,8,572,2,10,5,0,300,0.5,1700,0.5,0
3,9,753,1,0,300,0.5,1700,0.5,1
3,10,359,1,0,500,0.6,1000,0.2,1400,0.2,2
3,11,603,1,0,500,0.6,1000,0.2,1400,0.2,0
3,12,928,2,10,5,0,300,0.5,1700,0.5,2
3,13,102,2,10,5,0,500,0.6,1000,0.2,1400,0.2,2
3,14,49,2,10,5,0,300,0.5,1700,0.5,1
4,0,288,2,10,5,0,300,0.5,1700,0.5,1
4,1,173,1,0,500,0.6,1000,0.2,1400,0.2,2
4,2,604,0,0,300,0.5,1700,0.5,0
4,3,989,2,10,5,0,500,0.6,1000,0.2,1400,0.2,2
4,4,882,0,0,300,0.5,1700,0.5,0
4,5,318,1,0,300,0.5,1700,0.5,1
4,6,238,0,0,300,0.5,1700,0.5,1
4,7,610,2,10,5,0,300,0.5,1700,0.5,2
4,8,706,0,0,300,0.5,1700,0.5,2
4,9,703,1,0,300,0.5,1700,0.5,2
4,10,438,2,10,5,0,300,0.5,1700,0.5,1
4,11,532,0,0,500,0.6,1000,0.2,1400,0.2,2
4,12,596,0,0,300,0.5,1700,0.5,0
4,13,355,1,0,300,0.5,1700,0.5,0
4,14,959,0,0,500,0.6,1000,0.2,1400,0.2,0
5,0,905,2,10,5,0,300,0.5,1700,0.5,2
5,1,762,1,0,300,0.5,1700,0.5,0
5,2,295,0,0,500,0.6,1000,0.2,1400,0.2,2
5,3,79,0,0,500,0.6,1000,0.2,1400,0.2,0
5,4,679,0,0,500,0.6,1000,0.2,1400,0.2,1
5,5,200,2,10,5,0,500,0.6,1000,0.2,1400,0.2,1
5,6,79,1,0,300,0.5,1700,0.5,2
5,7,86,1,0,500,0.6,1000,0.2,1400,0.2,1
5,8,538,1,0,500,0.6,1000,0.2,1400,0.2,0
5,9,341,0,0,500,0.6,1000,0.2,1400,0.2,1
5,10,498,0,0,500,0.6,1000,0.2,1400,0.2,1
5,11,520,0,0,300,0.5,1700,0.5,2
5,12,357,0,0,500,0.6,1000,0.2,1400,0.2,0
5,13,115,1,0,300,0.5,1700,0.5,0
5,14,694,2,10,5,0,500,0.6,1000,0.2,1400,0.2,0
6,0,563,0,0,500,0.6,1000,0.2,1400,0.2,1
6,1,462,0,0,300,0.5,1700,0.5,2
6,2,612,0,0,500,0.6,1000,0.2,1400,0.2,1
6,3,181,0,0,500,0.6,1000,0.2,1400,0.2,1
6,4,103,2,10,5,0,300,0.5,1700,0.5,2
6,5,49,0,0,500,0.6,1000,0.2,1400,0.2,0
6,6,631,1,0,300,0.5,1700,0.5,0
6,7,263,1,0,300,0.5,1700,0.5,2
6,8,757,0,0,500,0.6,1000,0.2,1400,0.2,0
6,9,103,0,0,500,0.6,1000,0.2,1400,0.2,2
6,10,902,1,0,300,0.5,1700,0.5,2
6,11,388,2,10,5,0,500,0.6,1000,0.2,1400,0.2,2
6,12,615,2,10,5,0,300,0.5,1700,0.5,0
6,13,473,1,0,300,0.5,1700,0.5,1
6,14,824,1,0,300,0.5,1700,0.5,2
7,0,671,1,0,300,0.5,1700,0.5,2
7,1,743,0,0,300,0.5,1700,0.5,0
7,2,136,0,0,300,0.5,1700,0.5,0
7,3,191,0,0,500,0.6,1000,0.2,1400,0.2,2
7,4,992,0,0,300,0.5,1700,0.5,0
7,5,823,0,0,300,0.5,1700,0.5,0
7,6,13,0,0,500,0.6,1000,0.2,1400,0.2,2
7,7,141,1,0,500,0.6,1000,0.2,1400,0.2,1
7,8,68,1,0,300,0.5,1700,0.5,2
7,9,948,1,0,300,0.5,1700,0.5,0
7,10,315,2,10,5,0,300,0.5,1700,0.5,2
7,11,25,2,10,5,0,300,0.5,1700,0.5,1
7,12,905,1,0,500,0.6,1000,0.2,1400,0.2,0
7,13,563,2,10,5,0,300,0.5,1700,0.5,2
7,14,993,2,10,5,0,500,0.6,1000,0.2,1400,0.2,2
8,0,625,2,10,5,0,300,0.5,1700,0.5,0
8,1,815,1,0,300,0.5,1700,0.5,2
8,2,51,0,0,300,0.5,1700,0.5,2
8,3,264,0,0,500,0.6,1000,0.2,1400,0.2,1
8,4,622,0,0,300,0.5,1700,0.5,1
8,5,228,0,0,500,0.6,1000,0.2,1400,0.2,2
8,6,613,0,0,500,0.6,1000,0.2,1400,0.2,2
8,7,327,1,0,300,0.5,1700,0.5,1
8,8,196,0,0,500,0.6,1000,0.2,1400,0.2,2
8,9,596,2,10,5,0,500,0.6,1000,0.2,1400,0.2,0
8,10,813,1,0,300,0.5,1700,0.5,1
8,11,444,0,0,300,0.5,1700,0.5,0
8,12,225,0,0,500,0.6,1000,0.2,1400,0.2,1
8,13,270,2,10,5,0,300,0.5,1700,0.5,1
8,14,766,1,0,300,0.5,1700,0.5,2
9,0,392,2,10,5,0,300,0.5,1700,0.5,2
9,1,909,2,10,5,0,300,0.5,1700,0.5,2
9,2,829,2,10,5,0,300,0.5,1700,0.5,0
9,3,400,1,0,500,0.6,1000,0.2,1400,0.2,1
9,4,264,2,10,5,0,300,0.5,1700,0.5,2
9,5,122,1,0,500,0.6,1000,0.2,1400,0.2,2
9,6,543,2,10,5,0,300,0.5,1700,0.5,1
9,7,129,1,0,300,0.5,1700,0.5,2
9,8,520,2,10,5,0,300,0.5,1700,0.5,1
9,9,654,1,0,500,0.6,1000,0.2,1400,0.2,1
9,10,208,0,0,300,0.5,1700,0.5,2
9,11,874,0,0,300,0.5,1700,0.5,0
9,12,914,2,10,5,0,500,0.6,1000,0.2,1400,0.2,1
9,13,644,2,10,5,0,300,0.5,1700,0.5,1
9,14,822,1,0,500,0.6,1000,0.2,1400,0.2,1
10,0,971,0,0,300,0.5,1700,0.5,2
10,1,258,0,0,300,0.5,1700,0.5,0
10,2,311,2,10,5,0,500,0.6,1000,0.2,1400,0.2,0
10,3,746,1,0,500,0.6,1000,0.2,1400,0.2,0
10,4,264,1,0,300,0.5,1700,0.5,1
10,5,55,1,0,300,0.5,1700,0.5,1
10,6,157,0,0,300,0.5,1700,0.5,2
10,7,241,2,10,5,0,500,0.6,1000,0.2,1400,0.2,0
10,8,62,2,10,5,0,500,0.6,1000,0.2,1400,0.2,0
10,9,233,1,0,300,0.5,1700,0.5,2
10,10,839,1,0,500,0.6,1000,0.2,1400,0.2,2
10,11,996,2,10,5,0,500,0.6,1000,0.2,1400,0.2,0
10,12,64,2,10,5,0,300,0.5,1700,0.5,2
10,13,576,2,10,5,0,500,0.6,1000,0.2,1400,0.2,2
10,14,654,2,10,5,0,500,0.6,1000,0.2,1400,0.2,2
11,0,333,1,0,500,0.6,1000,0.2,1400,0.2,1
11,1,646,1,0,500,0.6,1000,0.2,1400,0.2,2
11,2,27,2,10,5,0,500,0.6,1000,0.2,1400,0.2,0
11,3,827,1,0,500,0.6,1000,0.2,1400,0.2,2
11,4,156,0,0,300,0.5,1700,0.5,2
11,5,335,1,0,300,0.5,1700,0.5,1
11,6,992,2,10,5,0,500,0.6,1000,0.2,1400,0.2,0
11,7,214,0,0,300,0.5,1700,0.5,2
11,8,731,1,0,500,0.6,1000,0.2,1400,0.2,1
11,9,285,1,0,500,0.6,1000,0.2,1400,0.2,2
11,10,509,2,10,5,0,500,0.6,1000,0.2,1400,0.2,2
11,11,315,2,10,5,0,300,0.5,1700,0.5,0
11,12,549,2,10,5,0,300,0.5,1700,0.5,0
11,13,917,0,0,500,0.6,1000,0.2,1400,0.2,0
11,14,410,0,0,500,0.6,1000,0.2,1400,0.2,2
12,0,336,2,10,5,0,300,0.5,1700,0.5,1
12,1,151,1,0,500,0.6,1000,0.2,1400,0.2,2
12,2,32,1,0,500,0.6,1000,0.2,1400,0.2,0
12,3,847,0,0,500,0.6,1000,0.2,1400,0.2,2
12,4,777,1,0,300,0.5,1700,0.5,2
12,5,410,2,10,5,0,300,0.5,1700,0.5,2
12,6,340,0,0,500,0.6,1000,0.2,1400,0.2,1
12,7,192,1,0,300,0.5,1700,0.5,0
12,8,631,0,0,300,0.5,1700,0.5,1
12,9,222,0,0,300,0.5,1700,0.5,1
12,10,833,1,0,500,0.6,1000,0.2,1400,0.2,0
12,11,960,1,0,300,0.5,1700,0.5,1
12,12,797,0,0,300,0.5,1700,0.5,1
12,13,320,2,10,5,0,500,0.6,1000,0.2,1400,0.2,1
12,14,429,1,0,300,0.5,1700,0.5,0
13,0,857,0,0,500,0.6,1000,0.2,1400,0.2,1
13,1,242,1,0,500,0.6,1000,0.2,1400,0.2,1
13,2,478,1,0,500,0.6,1000,0.2,1400,0.2,2
13,3,946,2,10,5,0,300,0.5,1700,0.5,1
13,4,122,1,0,300,0.5,1700,0.5,0
13,5,173,0,0,300,0.5,1700,0.5,2
13,6,462,0,0,500,0.6,1000,0.2,1400,0.2,2
13,7,982,2,10,5,0,500,0.6,1000,0.2,1400,0.2,2
13,8,142,1,0,500,0.6,1000,0.2,1400,0.2,0
13,9,154,1,0,300,0.5,1700,0.5,1
13,10,76,2,10,5,0,500,0.6,1000,0.2,1400,0.2,1
13,11,74,1,0,500,0.6,1000,0.2,1400,0.2,0
13,12,548,2,10,5,0,500,0.6,1000,0.2,1400,0.2,0
13,13,393,1,0,300,0.5,1700,0.5,1
13,14,194,1,0,300,0.5,1700,0.5,2
14,0,486,1,0,500,0.6,1000,0.2,1400,0.2,1
14,1,57,1,0,300,0.5,1700,0.5,0
14,2,182,0,0,300,0.5,1700,0.5,2
14,3,869,1,0,300,0.5,1700,0.5,1
14,4,547,2,10,5,0,300,0.5,1700,0.5,0
14,5,379,0,0,500,0.6,1000,0.2,1400,0.2,1
14,6,239,0,0,300,0.5,1700,0.5,2
14,7,530,0,0,500,0.6,1000,0.2,1400,0.2,2
14,8,882,1,0,300,0.5,1700,0.5,0
14,9,106,2,10,5,0,300,0.5,1700,0.5,0
14,10,967,1,0,500,0.6,1000,0.2,1400,0.2,0
14,11,555,1,0,300,0.5,1700,0.5,0
14,12,360,2,10,5,0,300,0.5,1700,0.5,1
14,13,182,2,10,5,0,300,0.5,1700,0.5,0
14,14,625,0,0,300,0.5,1700,0.5,2
