0,0,617,2,10,5,0,300,0.5,1700,0.5,0
0,1,449,1,0,300,0.5,1700,0.5,2
0,2,562,2,10,5,0,500,0.6,1000,0.2,1400,0.2,0
0,3,343,0,0,300,0.5,1700,0.5,0
0,4,148,1,0,300,0.5,1700,0.5,1
0,5,608,2,10,5,0,500,0.6,1000,0.2,1400,0.2,0
0,6,160,1,0,500,0.6,1000,0.2,1400,0.2,0
0,7,214,1,0,500,0.6,1000,0.2,1400,0.2,1
0,8,841,2,10,5,0,300,0.5,1700,0.5,2
0,9,189,2,10,5,0,300,0.5,1700,0.5,1
0,10,472,2,10,5,0,500,0.6,1000,0.2,1400,0.2,0
0,11,763,2,10,5,0,500,0.6,1000,0.2,1400,0.2,0
0,12,26,2,10,5,0,500,0.6,1000,0.2,1400,0.2,1
0,13,388,1,0,300,0.5,1700,0.5,2
0,14,602,0,0,300,0.5,1700,0.5,1
1,0,622,2,10,5,0,500,0.6,1000,0.2,1400,0.2,1
1,1,406,1,0,500,0.6,1000,0.2,1400,0.2,0
1,2,945,1,0,300,0.5,1700,0.5,2
1,3,988,2,10,5,0,300,0.5,1700,0.5,0
1,4,252,0,0,500,0.6,1000,0.2,1400,0.2,2
1,5,348,1,0,500,0.6,1000,0.2,1400,0.2,1
1,6,854,1,0,500,0.6,1000,0.2,1400,0.2,1
1,7,166,0,0,500,0.6,1000,0.2,1400,0.2,2
1,8,186,0,0,300,0.5,1700,0.5,2
1,9,891,2,10,5,0,300,0.5,1700,0.5,1
1,10,161,2,10,5,0,300,0.5,1700,0.5,0
1,11,637,2,10,5,0,500,0.6,1000,0.2,1400,0.2,2
1,12,978,2,10,5,0,500,0.6,1000,0.2,1400,0.2,0
1,13,983,2,10,5,0,500,0.6,1000,0.2,1400,0.2,0
1,14,689,0,0,300,0.5,1700,0.5,0
2,0,15,2,10,5,0,500,0.6,1000,0.2,1400,0.2,0
2,1,683,2,10,5,0,500,0.6,1000,0.2,1400,0.2,0
2,2,316,1,0,300,0.5,1700,0.5,2
2,3,910,1,0,300,0.5,1700,0.5,0
2,4,173,0,0,300,0.5,1700,0.5,2
2,5,180,0,0,500,0.6,1000,0.2,1400,0.2,1
2,6,778,0,0,500,0.6,1000,0.2,1400,0.2,0
2,7,867,2,10,5,0,300,0.5,1700,0.5,2
2,8,388,2,10,5,0,500,0.6,1000,0.2,1400,0.2,1
2,9,199,1,0,500,0.6,1000,0.2,1400,0.2,2
2,10,109,1,0,300,0.5,1700,0.5,1
2,11,829,1,0,500,0.6,1000,0.2,1400,0.2,0
2,12,227,2,10,5,0,500,0.6,1000,0.2,1400,0.2,0
2,13,494,1,0,300,0.5,1700,0.5,1
2,14,699,1,0,500,0.6,1000,0.2,1400,0.2,2
3,0,72,0,0,500,0.6,1000,0.2,1400,0.2,0
3,1,62,1,0,500,0.6,1000,0.2,1400,0.2,0
3,2,888,2,10,5,0,500,0.6,1000,0.2,1400,0.2,0
3,3,532,2,10,5,0,500,0.6,1000,0.2,1400,0.2,0
3,4,702,1,0,300,0.5,1700,0.5,1
3,5,181,2,10,5,0,500,0.6,1000,0.2,1400,0.2,2
3,6,393,2,10,5,0,500,0.6,1000,0.2,1400,0.2,2
3,7,579,2,10,5,0,300,0.5,1700,0.5,0
3,8,697,2,10,5,0,300,0.5,1700,0.5,0
3,9,652,1,0,300,0.5,1700,0.5,0
3,10,767,0,0,300,0.5,1700,0.5,0
3,11,743,0,0,500,0.6,1000,0.2,1400,0.2,1
3,12,933,2,10,5,0,300,0.5,1700,0.5,0
3,13,359,0,0,500,0.6,1000,0.2,1400,0.2,1
3,14,334,2,10,5,0,500,0.6,1000,0.2,1400,0.2,1
4,0,701,2,10,5,0,500,0.6,1000,0.2,1400,0.2,1
4,1,964,1,0,300,0.5,1700,0.5,2
4,2,129,0,0,500,0.6,1000,0.2,1400,0.2,2
4,3,137,2,10,5,0,300,0.5,1700,0.5,2
4,4,851,2,10,5,0,300,0.5,1700,0.5,0
4,5,118,2,10,5,0,500,0.6,1000,0.2,1400,0.2,2
4,6,402,1,0,300,0.5,1700,0.5,1
4,7,804,2,10,5,0,300,0.5,1700,0.5,1
4,8,935,0,0,500,0.6,1000,0.2,1400,0.2,1
4,9,83,0,0,300,0.5,1700,0.5,2
4,10,842,0,0,500,0.6,1000,0.2,1400,0.2,2
4,11,846,0,0,500,0.6,1000,0.2,1400,0.2,1
4,12,252,2,10,5,0,300,0.5,1700,0.5,2
4,13,693,2,10,5,0,300,0.5,1700,0.5,1
4,14,383,1,0,300,0.5,1700,0.5,0
5,0,739,1,0,300,0.5,1700,0.5,0
5,1,481,0,0,500,0.6,1000,0.2,1400,0.2,2
5,2,125,1,0,500,0.6,1000,0.2,1400,0.2,2
5,3,91,1,0,300,0.5,1700,0.5,1
5,4,761,2,10,5,0,300,0.5,1700,0.5,2
5,5,267,1,0,500,0.6,1000,0.2,1400,0.2,1
5,6,684,2,10,5,0,300,0.5,1700,0.5,0
5,7,445,0,0,500,0.6,1000,0.2,1400,0.2,0
5,8,429,2,10,5,0,300,0.5,1700,0.5,1
5,9,534,1,0,500,0.6,1000,0.2,1400,0.2,1
5,10,496,1,0,500,0.6,1000,0.2,1400,0.2,2
5,11,773,0,0,500,0.6,1000,0.2,1400,0.2,2
5,12,449,0,0,500,0.6,1000,0.2,1400,0.2,2
5,13,521,0,0,300,0.5,1700,0.5,2
5,14,234,0,0,300,0.5,1700,0.5,0
6,0,78,1,0,500,0.6,1000,0.2,1400,0.2,1
6,1,110,1,0,300,0.5,1700,0.5,1
6,2,337,2,10,5,0,500,0.6,1000,0.2,1400,0.2,0
6,3,932,0,0,500,0.6,1000,0.2,1400,0.2,2
6,4,736,2,10,5,0,500,0.6,1000,0.2,1400,0.2,0
6,5,827,1,0,500,0.6,1000,0.2,1400,0.2,2
6,6,171,1,0,500,0.6,1000,0.2,1400,0.2,0
6,7,43,1,0,300,0.5,1700,0.5,1
6,8,335,0,0,500,0.6,1000,0.2,1400,0.2,2
6,9,397,2,10,5,0,300,0.5,1700,0.5,1
6,10,741,0,0,500,0.6,1000,0.2,1400,0.2,2
6,11,395,1,0,300,0.5,1700,0.5,2
6,12,128,0,0,500,0.6,1000,0.2,1400,0.2,1
6,13,942,2,10,5,0,300,0.5,1700,0.5,2
6,14,971,1,0,500,0.6,1000,0.2,1400,0.2,0
7,0,609,1,0,300,0.5,1700,0.5,1
7,1,964,1,0,300,0.5,1700,0.5,2
7,2,510,0,0,300,0.5,1700,0.5,1
7,3,440,2,10,5,0,300,0.5,1700,0.5,0
7,4,919,0,0,300,0.5,1700,0.5,2
7,5,530,2,10,5,0,500,0.6,1000,0.2,1400,0.2,2
7,6,505,0,0,500,0.6,1000,0.2,1400,0.2,1
7,7,195,0,0,500,0.6,1000,0.2,1400,0.2,0
7,8,174,2,10,5,0,300,0.5,1700,0.5,2
7,9,901,1,0,500,0.6,1000,0.2,1400,0.2,0
7,10,228,1,0,500,0.6,1000,0.2,1400,0.2,1
7,11,878,2,10,5,0,300,0.5,1700,0.5,0
7,12,138,2,10,5,0,500,0.6,1000,0.2,1400,0.2,1
7,13,194,1,0,500,0.6,1000,0.2,1400,0.2,1
7,14,257,0,0,300,0.5,1700,0.5,2
8,0,150,0,0,300,0.5,1700,0.5,2
8,1,323,0,0,300,0.5,1700,0.5,0
8,2,702,0,0,300,0.5,1700,0.5,0
8,3,794,0,0,500,0.6,1000,0.2,1400,0.2,0
8,4,182,0,0,300,0.5,1700,0.5,2
8,5,606,0,0,500,0.6,1000,0.2,1400,0.2,0
8,6,558,1,0,300,0.5,1700,0.5,2
8,7,897,2,10,5,0,300,0.5,1700,0.5,1
8,8,35,1,0,300,0.5,1700,0.5,2
8,9,824,0,0,300,0.5,1700,0.5,0
8,10,196,1,0,500,0.6,1000,0.2,1400,0.2,1
8,11,921,0,0,500,0.6,1000,0.2,1400,0.2,2
8,12,340,0,0,300,0.5,1700,0.5,0
8,13,433,2,10,5,0,300,0.5,1700,0.5,0
8,14,72,1,0,500,0.6,1000,0.2,1400,0.2,0
9,0,866,2,10,5,0,500,0.6,1000,0.2,1400,0.2,1
9,1,812,1,0,300,0.5,1700,0.5,0
9,2,421,1,0,500,0.6,1000,0.2,1400,0.2,0
9,3,687,2,10,5,0,300,0.5,1700,0.5,1
9,4,760,0,0,500,0.6,1000,0.2,1400,0.2,0
9,5,99,2,10,5,0,500,0.6,1000,0.2,1400,0.2,2
9,6,150,1,0,300,0.5,1700,0.5,1
9,7,189,2,10,5,0,300,0.5,1700,0.5,1
9,8,738,0,0,300,0.5,1700,0.5,2
9,9,243,2,10,5,0,500,0.6,1000,0.2,1400,0.2,2
9,10,770,0,0,500,0.6,1000,0.2,1400,0.2,2
9,11,437,1,0,300,0.5,1700,0.5,1
9,12,226,1,0,500,0.6,1000,0.2,1400,0.2,0
9,13,677,0,0,500,0.6,1000,0.2,1400,0.2,0
9,14,218,0,0,300,0.5,1700,0.5,1
10,0,276,0,0,500,0.6,1000,0.2,1400,0.2,1
10,1,337,2,10,5,0,500,0.6,1000,0.2,1400,0.2,0
10,2,336,1,0,300,0.5,1700,0.5,1
10,3,995,0,0,300,0.5,1700,0.5,2
10,4,322,1,0,300,0.5,1700,0.5,0
10,5,898,0,0,300,0.5,1700,0.5,1
10,6,934,1,0,300,0.5,1700,0.5,0
10,7,146,2,10,5,0,500,0.6,1000,0.2,1400,0.2,0
10,8,393,2,10,5,0,500,0.6,1000,0.2,1400,0.2,0
10,9,127,1,0,300,0.5,1700,0.5,2
10,10,786,1,0,300,0.5,1700,0.5,1
10,11,963,2,10,5,0,300,0.5,1700,0.5,2
10,12,38,1,0,300,0.5,1700,0.5,2
10,13,335,1,0,500,0.6,1000,0.2,1400,0.2,0
10,14,487,0,0,500,0.6,1000,0.2,1400,0.2,0
11,0,547,1,0,300,0.5,1700,0.5,0
11,1,19,0,0,500,0.6,1000,0.2,1400,0.2,2
11,2,75,0,0,300,0.5,1700,0.5,1
11,3,483,2,10,5,0,500,0.6,1000,0.2,1400,0.2,1
11,4,323,0,0,500,0.6,1000,0.2,1400,0.2,1
11,5,839,2,10,5,0,500,0.6,1000,0.2,1400,0.2,1
11,6,209,1,0,300,0.5,1700,0.5,0
11,7,165,2,10,5,0,500,0.6,1000,0.2,1400,0.2,2
11,8,85,0,0,500,0.6,1000,0.2,1400,0.2,0
11,9,390,1,0,500,0.6,1000,0.2,1400,0.2,2
11,10,632,1,0,500,0.6,1000,0.2,1400,0.2,2
11,11,629,0,0,300,0.5,1700,0.5,0
11,12,186,0,0,300,0.5,1700,0.5,0
11,13,50,1,0,500,0.6,1000,0.2,1400,0.2,0
11,14,917,1,0,500,0.6,1000,0.2,1400,0.2,0
12,0,232,1,0,300,0.5,1700,0.5,1
12,1,117,2,10,5,0,500,0.6,1000,0.2,1400,0.2,2
12,2,526,1,0,500,0.6,1000,0.2,1400,0.2,0
12,3,238,2,10,5,0,500,0.6,1000,0.2,1400,0.2,1
12,4,167,1,0,500,0.6,1000,0.2,1400,0.2,2
12,5,731,1,0,300,0.5,1700,0.5,0
12,6,544,0,0,500,0.6,1000,0.2,1400,0.2,1
12,7,299,2,10,5,0,300,0.5,1700,0.5,2
12,8,750,2,10,5,0,300,0.5,1700,0.5,1
12,9,261,1,0,300,0.5,1700,0.5,2
12,10,830,1,0,300,0.5,1700,0.5,2
12,11,467,1,0,500,0.6,1000,0.2,1400,0.2,0
12,12,762,1,0,300,0.5,1700,0.5,1
12,13,391,0,0,300,0.5,1700,0.5,1
12,14,917,0,0,300,0.5,1700,0.5,1
13,0,544,1,0,500,0.6,1000,0.2,1400,0.2,1
13,1,384,1,0,500,0.6,1000,0.2,1400,0.2,0
13,2,544,2,10,5,0,300,0.5,1700,0.5,2
13,3,215,2,10,5,0,300,0.5,1700,0.5,0
13,4,79,2,10,5,0,500,0.6,1000,0.2,1400,0.2,0
13,5,75,2,10,5,0,300,0.5,1700,0.5,1
13,6,802,2,10,5,0,500,0.6,1000,0.2,1400,0.2,1
13,7,969,0,0,300,0.5,1700,0.5,0
13,8,636,0,0,300,0.5,1700,0.5,2
13,9,360,1,0,500,0.6,1000,0.2,1400,0.2,2
13,10,799,2,10,5,0,300,0.5,1700,0.5,0
13,11,494,2,10,5,0,300,0.5,1700,0.5,1
13,12,104,2,10,5,0,500,0.6,1000,0.2,1400,0.2,1
13,13,806,2,10,5,0,500,0.6,1000,0.2,1400,0.2,1
13,14,521,1,0,300,0.5,1700,0.5,2
14,0,922,0,0,500,0.6,1000,0.2,1400,0.2,1
14,1,171,0,0,500,0.6,1000,0.2,1400,0.2,0
14,2,293,2,10,5,0,300,0.5,1700,0.5,2
14,3,377,1,0,500,0.6,1000,0.2,1400,0.2,0
14,4,815,0,0,300,0.5,1700,0.5,1
14,5,168,2,10,5,0,300,0.5,1700,0.5,0
14,6,438,0,0,500,0.6,1000,0.2,1400,0.2,2
14,7,773,2,10,5,0,500,0.6,1000,0.2,1400,0.2,0
14,8,32,0,0,500,0.6,1000,0.2,1400,0.2,2
14,9,991,1,0,500,0.6,1000,0.2,1400,0.2,2
14,10,107,2,10,5,0,500,0.6,1000,0.2,1400,0.2,2
14,11,845,1,0,500,0.6,1000,0.2,1400,0.2,0
14,12,186,2,10,5,0,300,0.5,1700,0.5,2
14,13,688,2,10,5,0,300,0.5,1700,0.5,1
14,14,750,1,0,500,0.6,1000,0.2,1400,0.2,0
