0,0,676,1,0,300,0.5,1700,0.5,2
0,1,721,1,0,300,0.5,1700,0.5,0
0,2,601,1,0,300,0.5,1700,0.5,0
0,3,602,0,0,300,0.5,1700,0.5,1
0,4,474,2,10,5,0,500,0.6,1000,0.2,1400,0.2,0
0,5,177,1,0,500,0.6,1000,0.2,1400,0.2,0
0,6,342,1,0,300,0.5,1700,0.5,2
0,7,473,2,10,5,0,300,0.5,1700,0.5,0
0,8,352,1,0,300,0.5,1700,0.5,1
0,9,548,0,0,300,0.5,1700,0.5,0
0,10,248,2,10,5,0,300,0.5,1700,0.5,2
0,11,890,1,0,500,0.6,1000,0.2,1400,0.2,2
0,12,467,0,0,500,0.6,1000,0.2,1400,0.2,1
0,13,55,2,10,5,0,300,0.5,1700,0.5,2
0,14,626,0,0,300,0.5,1700,0.5,0
1,0,633,1,0,300,0.5,1700,0.5,0
1,1,15,2,10,5,0,500,0.6,1000,0.2,1400,0.2,2
1,2,196,2,10,5,0,300,0.5,1700,0.5,2
1,3,410,0,0,300,0.5,1700,0.5,1
1,4,577,0,0,300,0.5,1700,0.5,1
1,5,841,0,0,500,0.6,1000,0.2,1400,0.2,1
1,6,406,0,0,500,0.6,1000,0.2,1400,0.2,1
1,7,205,0,0,300,0.5,1700,0.5,2
1,8,401,2,10,5,0,300,0.5,1700,0.5,0
1,9,925,0,0,300,0.5,1700,0.5,1
1,10,334,0,0,300,0.5,1700,0.5,1
1,11,322,2,10,5,0,300,0.5,1700,0.5,2
1,12,219,2,10,5,0,500,0.6,1000,0.2,1400,0.2,2
1,13,770,1,0,300,0.5,1700,0.5,1
1,14,547,2,10,5,0,300,0.5,1700,0.5,2
2,0,36,0,0,500,0.6,1000,0.2,1400,0.2,0
2,1,843,0,0,300,0.5,1700,0.5,0
2,2,237,1,0,500,0.6,1000,0.2,1400,0.2,1
2,3,458,0,0,500,0.6,1000,0.2,1400,0.2,2
2,4,627,2,10,5,0,300,0.5,1700,0.5,1
2,5,484,1,0,300,0.5,1700,0.5,1
2,6,586,2,10,5,0,500,0.6,1000,0.2,1400,0.2,0
2,7,91,1,0,500,0.6,1000,0.2,1400,0.2,0
2,8,144,1,0,500,0.6,1000,0.2,1400,0.2,2
2,9,946,0,0,500,0.6,1000,0.2,1400,0.2,2
2,10,342,0,0,300,0.5,1700,0.5,0
2,11,482,2,10,5,0,500,0.6,1000,0.2,1400,0.2,0
2,12,789,0,0,500,0.6,1000,0.2,1400,0.2,2
2,13,811,2,10,5,0,300,0.5,1700,0.5,0
2,14,941,1,0,300,0.5,1700,0.5,0
3,0,798,1,0,300,0.5,1700,0.5,2
3,1,215,2,10,5,0,500,0.6,1000,0.2,1400,0.2,2
3,2,730,0,0,500,0.6,1000,0.2,1400,0.2,2
3,3,807,1,0,300,0.5,1700,0.5,1
3,4,187,0,0,300,0.5,1700,0.5,0
3,5,678,1,0,300,0.5,1700,0.5,2
3,6,191,2,10,5,0,500,0.6,1000,0.2,1400,0.2,0
3,7,541,0,0,300,0.5,1700,0.5,2
3,8,941,1,0,500,0.6,1000,0.2,1400,0.2,0
3,9,128,0,0,300,0.5,1700,0.5,0
3,10,745,2,10,5,0,300,0.5,1700,0.5,2
3,11,598,1,0,500,0.6,1000,0.2,1400,0.2,2
3,12,589,2,10,5,0,300,0.5,1700,0.5,0
3,13,204,2,10,5,0,300,0.5,1700,0.5,1
3,14,971,0,0,300,0.5,1700,0.5,0
4,0,113,0,0,300,0.5,1700,0.5,1
4,1,123,1,0,300,0.5,1700,0.5,1
4,2,578,0,0,300,0.5,1700,0.5,2
4,3,540,0,0,300,0.5,1700,0.5,2
4,4,776,0,0,300,0.5,1700,0.5,2
4,5,316,0,0,300,0.5,1700,0.5,2
4,6,635,2,10,5,0,300,0.5,1700,0.5,0
4,7,413,2,10,5,0,500,0.6,1000,0.2,1400,0.2,2
4,8,844,1,0,500,0.6,1000,0.2,1400,0.2,1
4,9,403,2,10,5,0,300,0.5,1700,0.5,1
4,10,806,0,0,300,0.5,1700,0.5,1
4,11,835,2,10,5,0,500,0.6,1000,0.2,1400,0.2,1
4,12,361,2,10,5,0,500,0.6,1000,0.2,1400,0.2,0
4,13,458,0,0,300,0.5,1700,0.5,2
4,14,940,0,0,300,0.5,1700,0.5,1
5,0,992,0,0,300,0.5,1700,0.5,0
5,1,566,2,10,5,0,300,0.5,1700,0.5,1
5,2,186,0,0,500,0.6,1000,0.2,1400,0.2,0
5,3,35,1,0,300,0.5,1700,0.5,1
5,4,346,1,0,500,0.6,1000,0.2,1400,0.2,0
5,5,51,1,0,300,0.5,1700,0.5,1
5,6,459,0,0,300,0.5,1700,0.5,0
5,7,606,2,10,5,0,500,0.6,1000,0.2,1400,0.2,1
5,8,628,2,10,5,0,300,0.5,1700,0.5,1
5,9,920,2,10,5,0,300,0.5,1700,0.5,2
5,10,272,2,10,5,0,500,0.6,1000,0.2,1400,0.2,0
5,11,90,0,0,300,0.5,1700,0.5,0
5,12,542,2,10,5,0,500,0.6,1000,0.2,1400,0.2,1
5,13,385,1,0,500,0.6,1000,0.2,1400,0.2,1
5,14,722,0,0,300,0.5,1700,0.5,0
6,0,363,1,0,500,0.6,1000,0.2,1400,0.2,1
6,1,751,0,0,500,0.6,1000,0.2,1400,0.2,0
6,2,336,0,0,300,0.5,1700,0.5,0
6,3,745,2,10,5,0,500,0.6,1000,0.2,1400,0.2,1
6,4,721,0,0,300,0.5,1700,0.5,1
6,5,838,1,0,300,0.5,1700,0.5,2
6,6,973,2,10,5,0,500,0.6,1000,0.2,1400,0.2,2
6,7,245,2,10,5,0,500,0.6,1000,0.2,1400,0.2,1
6,8,323,1,0,300,0.5,1700,0.5,1
6,9,940,2,10,5,0,500,0.6,1000,0.2,1400,0.2,1
6,10,961,1,0,500,0.6,1000,0.2,1400,0.2,2
6,11,258,0,0,300,0.5,1700,0.5,1
6,12,989,1,0,300,0.5,1700,0.5,2
6,13,90,1,0,500,0.6,1000,0.2,1400,0.2,0
6,14,733,1,0,300,0.5,1700,0.5,0
7,0,500,2,10,5,0,500,0.6,1000,0.2,1400,0.2,0
7,1,848,0,0,500,0.6,1000,0.2,1400,0.2,2
7,2,96,0,0,500,0.6,1000,0.2,1400,0.2,0
7,3,597,1,0,300,0.5,1700,0.5,2
7,4,933,0,0,300,0.5,1700,0.5,0
7,5,274,2,10,5,0,500,0.6,1000,0.2,1400,0.2,0
7,6,977,1,0,300,0.5,1700,0.5,2
7,7,365,1,0,300,0.5,1700,0.5,0
7,8,998,1,0,500,0.6,1000,0.2,1400,0.2,0
7,9,170,0,0,300,0.5,1700,0.5,1
7,10,840,0,0,300,0.5,1700,0.5,1
7,11,870,0,0,500,0.6,1000,0.2,1400,0.2,2
7,12,413,2,10,5,0,500,0.6,1000,0.2,1400,0.2,2
7,13,175,1,0,300,0.5,1700,0.5,1
7,14,945,0,0,300,0.5,1700,0.5,2
8,0,223,0,0,500,0.6,1000,0.2,1400,0.2,0
8,1,39,0,0,500,0.6,1000,0.2,1400,0.2,2
8,2,698,0,0,300,0.5,1700,0.5,1
8,3,310,1,0,300,0.5,1700,0.5,1
8,4,987,0,0,500,0.6,1000,0.2,1400,0.2,1
8,5,381,2,10,5,0,500,0.6,1000,0.2,1400,0.2,0
8,6,595,1,0,300,0.5,1700,0.5,1
8,7,998,1,0,300,0.5,1700,0.5,0
8,8,753,0,0,500,0.6,1000,0.2,1400,0.2,0
8,9,442,0,0,300,0.5,1700,0.5,0
8,10,56,1,0,300,0.5,1700,0.5,2
8,11,233,2,10,5,0,300,0.5,1700,0.5,0
8,12,829,1,0,300,0.5,1700,0.5,1
8,13,892,2,10,5,0,300,0.5,1700,0.5,0
8,14,135,0,0,500,0.6,1000,0.2,1400,0.2,1
9,0,221,0,0,500,0.6,1000,0.2,1400,0.2,2
9,1,104,2,10,5,0,500,0.6,1000,0.2,1400,0.2,0
9,2,268,0,0,500,0.6,1000,0.2,1400,0.2,2
9,3,337,0,0,500,0.6,1000,0.2,1400,0.2,1
9,4,986,0,0,300,0.5,1700,0.5,1
9,5,552,0,0,300,0.5,1700,0.5,0
9,6,814,2,10,5,0,500,0.6,1000,0.2,1400,0.2,0
9,7,183,1,0,500,0.6,1000,0.2,1400,0.2,2
9,8,784,0,0,500,0.6,1000,0.2,1400,0.2,1
9,9,341,1,0,500,0.6,1000,0.2,1400,0.2,0
9,10,386,1,0,500,0.6,1000,0.2,1400,0.2,0
9,11,67,0,0,500,0.6,1000,0.2,1400,0.2,1
9,12,850,2,10,5,0,500,0.6,1000,0.2,1400,0.2,0
9,13,168,2,10,5,0,500,0.6,1000,0.2,1400,0.2,0
9,14,198,0,0,300,0.5,1700,0.5,0
10,0,909,1,0,300,0.5,1700,0.5,1
10,1,969,2,10,5,0,500,0.6,1000,0.2,1400,0.2,1
10,2,29,2,10,5,0,300,0.5,1700,0.5,2
10,3,272,2,10,5,0,300,0.5,1700,0.5,1
10,4,986,0,0,500,0.6,1000,0.2,1400,0.2,0
10,5,773,0,0,500,0.6,1000,0.2,1400,0.2,1
10,6,303,0,0,500,0.6,1000,0.2,1400,0.2,2
10,7,660,0,0,500,0.6,1000,0.2,1400,0.2,2
10,8,366,1,0,500,0.6,1000,0.2,1400,0.2,0
10,9,188,0,0,500,0.6,1000,0.2,1400,0.2,2
10,10,271,0,0,500,0.6,1000,0.2,1400,0.2,0
10,11,114,2,10,5,0,300,0.5,1700,0.5,2
10,12,484,1,0,300,0.5,1700,0.5,0
10,13,196,1,0,300,0.5,1700,0.5,2
10,14,220,2,10,5,0,500,0.6,1000,0.2,1400,0.2,0
11,0,564,2,10,5,0,300,0.5,1700,0.5,2
11,1,403,1,0,300,0.5,1700,0.5,0
11,2,815,0,0,500,0.6,1000,0.2,1400,0.2,0
11,3,763,1,0,300,0.5,1700,0.5,0
11,4,667,2,10,5,0,300,0.5,1700,0.5,1
11,5,754,2,10,5,0,500,0.6,1000,0.2,1400,0.2,2
11,6,241,1,0,500,0.6,1000,0.2,1400,0.2,2
11,7,836,2,10,5,0,300,0.5,1700,0.5,0
11,8,863,0,0,300,0.5,1700,0.5,0
11,9,639,1,0,500,0.6,1000,0.2,1400,0.2,0
11,10,60,0,0,500,0.6,1000,0.2,1400,0.2,2
11,11,462,1,0,500,0.6,1000,0.2,1400,0.2,0
11,12,840,1,0,300,0.5,1700,0.5,2
11,13,289,1,0,300,0.5,1700,0.5,2
11,14,571,0,0,300,0.5,1700,0.5,1
12,0,448,1,0,500,0.6,1000,0.2,1400,0.2,2
12,1,775,1,0,500,0.6,1000,0.2,1400,0.2,0
12,2,530,0,0,300,0.5,1700,0.5,2
12,3,118,0,0,300,0.5,1700,0.5,1
12,4,631,1,0,300,0.5,1700,0.5,1
12,5,476,1,0,500,0.6,1000,0.2,1400,0.2,1
12,6,115,0,0,500,0.6,1000,0.2,1400,0.2,0
12,7,28,1,0,500,0.6,1000,0.2,1400,0.2,1
12,8,286,2,10,5,0,500,0.6,1000,0.2,1400,0.2,1
12,9,118,0,0,300,0.5,1700,0.5,1
12,10,850,0,0,500,0.6,1000,0.2,1400,0.2,2
12,11,23,0,0,300,0.5,1700,0.5,2
12,12,81,2,10,5,0,500,0.6,1000,0.2,1400,0.2,0
12,13,625,2,10,5,0,500,0.6,1000,0.2,1400,0.2,2
12,14,634,1,0,300,0.5,1700,0.5,2
13,0,287,0,0,500,0.6,1000,0.2,1400,0.2,1
13,1,436,2,10,5,0,500,0.6,1000,0.2,1400,0.2,1
13,2,470,1,0,500,0.6,1000,0.2,1400,0.2,0
13,3,191,2,10,5,0,500,0.6,1000,0.2,1400,0.2,0
13,4,517,2,10,5,0,500,0.6,1000,0.2,1400,0.2,0
13,5,238,2,10,5,0,500,0.6,1000,0.2,1400,0.2,0
13,6,483,0,0,300,0.5,1700,0.5,1
13,7,582,2,10,5,0,300,0.5,1700,0.5,1
13,8,125,1,0,500,0.6,1000,0.2,1400,0.2,1
13,9,488,1,0,500,0.6,1000,0.2,1400,0.2,2
13,10,305,1,0,300,0.5,1700,0.5,1
13,11,980,1,0,300,0.5,1700,0.5,0
13,12,186,1,0,500,0.6,1000,0.2,1400,0.2,1
13,13,86,0,0,300,0.5,1700,0.5,2
13,14,506,1,0,500,0.6,1000,0.2,1400,0.2,2
14,0,564,2,10,5,0,500,0.6,1000,0.2,1400,0.2,0
14,1,998,2,10,5,0,300,0.5,1700,0.5,0
14,2,106,2,10,5,0,300,0.5,1700,0.5,2
14,3,264,1,0,300,0.5,1700,0.5,1
14,4,417,0,0,500,0.6,1000,0.2,1400,0.2,2
14,5,194,2,10,5,0,300,0.5,1700,0.5,2
14,6,983,0,0,500,0.6,1000,0.2,1400,0.2,0
14,7,651,2,10,5,0,300,0.5,1700,0.5,1
14,8,22,1,0,300,0.5,1700,0.5,2
14,9,699,2,10,5,0,300,0.5,1700,0.5,2
14,10,778,1,0,500,0.6,1000,0.2,1400,0.2,1
14,11,720,2,10,5,0,300,0.5,1700,0.5,0
14,12,988,1,0,300,0.5,1700,0.5,2
14,13,859,1,0,500,0.6,1000,0.2,1400,0.2,1
14,14,871,2,10,5,0,300,0.5,1700,0.5,1
