0,0,15,0,0,300,0.5,1700,0.5,0
0,1,481,0,0,300,0.5,1700,0.5,1
0,2,747,1,0,300,0.5,1700,0.5,2
0,3,445,1,0,500,0.6,1000,0.2,1400,0.2,1
0,4,38,0,0,500,0.6,1000,0.2,1400,0.2,2
0,5,33,1,0,300,0.5,1700,0.5,0
0,6,152,0,0,300,0.5,1700,0.5,0
0,7,529,2,10,5,0,500,0.6,1000,0.2,1400,0.2,1
0,8,876,1,0,500,0.6,1000,0.2,1400,0.2,2
0,9,994,1,0,300,0.5,1700,0.5,0
0,10,61,2,10,5,0,500,0.6,1000,0.2,1400,0.2,2
0,11,780,1,0,300,0.5,1700,0.5,2
0,12,43,2,10,5,0,300,0.5,1700,0.5,0
0,13,569,0,0,500,0.6,1000,0.2,1400,0.2,2
0,14,207,0,0,300,0.5,1700,0.5,2
1,0,730,0,0,300,0.5,1700,0.5,1
1,1,213,2,10,5,0,500,0.6,1000,0.2,1400,0.2,0
1,2,510,0,0,300,0.5,1700,0.5,2
1,3,515,0,0,300,0.5,1700,0.5,1
1,4,762,2,10,5,0,300,0.5,1700,0.5,0
1,5,535,2,10,5,0,500,0.6,1000,0.2,1400,0.2,1
1,6,458,2,10,5,0,300,0.5,1700,0.5,2
1,7,475,0,0,500,0.6,1000,0.2,1400,0.2,1
1,8,540,1,0,500,0.6,1000,0.2,1400,0.2,1
1,9,676,0,0,300,0.5,1700,0.5,2
1,10,74,2,10,5,0,500,0.6,1000,0.2,1400,0.2,0
1,11,540,0,0,500,0.6,1000,0.2,1400,0.2,2
1,12,279,0,0,500,0.6,1000,0.2,1400,0.2,0
1,13,560,2,10,5,0,500,0.6,1000,0.2,1400,0.2,1
1,14,574,0,0,500,0.6,1000,0.2,1400,0.2,0
2,0,311,2,10,5,0,300,0.5,1700,0.5,2
2,1,472,0,0,300,0.5,1700,0.5,1
2,2,77,1,0,300,0.5,1700,0.5,1
2,3,384,1,0,500,0.6,1000,0.2,1400,0.2,0
2,4,893,0,0,500,0.6,1000,0.2,1400,0.2,0
2,5,615,1,0,500,0.6,1000,0.2,1400,0.2,1
2,6,588,2,10,5,0,500,0.6,1000,0.2,1400,0.2,0
2,7,35,1,0,500,0.6,1000,0.2,1400,0.2,0
2,8,418,2,10,5,0,500,0.6,1000,0.2,1400,0.2,2
2,9,372,2,10,5,0,300,0.5,1700,0.5,2
2,10,899,1,0,300,0.5,1700,0.5,2
2,11,244,2,10,5,0,300,0.5,1700,0.5,2
2,12,899,1,0,500,0.6,1000,0.2,1400,0.2,2
2,13,571,0,0,300,0.5,1700,0.5,0
2,14,627,0,0,300,0.5,1700,0.5,2
3,0,245,1,0,500,0.6,1000,0.2,1400,0.2,1
3,1,921,2,10,5,0,500,0.6,1000,0.2,1400,0.2,2
3,2,330,0,0,500,0.6,1000,0.2,1400,0.2,2
3,3,127,2,10,5,0,500,0.6,1000,0.2,1400,0.2,2
3,4,354,1,0,300,0.5,1700,0.5,2
3,5,442,1,0,500,0.6,1000,0.2,1400,0.2,0
3,6,248,0,0,500,0.6,1000,0.2,1400,0.2,2
3,7,98,2,10,5,0,300,0.5,1700,0.5,1
3,8,804,2,10,5,0,300,0.5,1700,0.5,0
3,9,320,1,0,300,0.5,1700,0.5,2
3,10,741,1,0,500,0.6,1000,0.2,1400,0.2,0
3,11,172,1,0,300,0.5,1700,0.5,2
3,12,719,2,10,5,0,300,0.5,1700,0.5,0
3,13,76,1,0,500,0.6,1000,0.2,1400,0.2,2
3,14,499,1,0,500,0.6,1000,0.2,1400,0.2,1
4,0,279,2,10,5,0,500,0.6,1000,0.2,1400,0.2,1
4,1,667,2,10,5,0,300,0.5,1700,0.5,2
4,2,930,1,0,500,0.6,1000,0.2,1400,0.2,0
4,3,643,1,0,500,0.6,1000,0.2,1400,0.2,2
4,4,611,0,0,500,0.6,1000,0.2,1400,0.2,1
4,5,665,0,0,300,0.5,1700,0.5,2
4,6,316,0,0,300,0.5,1700,0.5,0
4,7,645,0,0,500,0.6,1000,0.2,1400,0.2,1
4,8,255,0,0,300,0.5,1700,0.5,1
4,9,382,2,10,5,0,500,0.6,1000,0.2,1400,0.2,2
4,10,652,2,10,5,0,500,0.6,1000,0.2,1400,0.2,1
4,11,120,1,0,300,0.5,1700,0.5,2
4,12,344,1,0,500,0.6,1000,0.2,1400,0.2,0
4,13,908,2,10,5,0,500,0.6,1000,0.2,1400,0.2,0
4,14,296,2,10,5,0,500,0.6,1000,0.2,1400,0.2,2
5,0,636,1,0,500,0.6,1000,0.2,1400,0.2,0
5,1,457,1,0,300,0.5,1700,0.5,2
5,2,38,1,0,300,0.5,1700,0.5,2
5,3,630,2,10,5,0,500,0.6,1000,0.2,1400,0.2,1
5,4,222,0,0,300,0.5,1700,0.5,0
5,5,568,0,0,500,0.6,1000,0.2,1400,0.2,2
5,6,880,2,10,5,0,300,0.5,1700,0.5,1
5,7,337,0,0,500,0.6,1000,0.2,1400,0.2,0
5,8,964,2,10,5,0,500,0.6,1000,0.2,1400,0.2,1
5,9,804,0,0,300,0.5,1700,0.5,0
5,10,534,0,0,300,0.5,1700,0.5,0
5,11,142,0,0,500,0.6,1000,0.2,1400,0.2,0
5,12,86,1,0,500,0.6,1000,0.2,1400,0.2,1
5,13,380,1,0,500,0.6,1000,0.2,1400,0.2,0
5,14,283,0,0,500,0.6,1000,0.2,1400,0.2,2
6,0,929,1,0,300,0.5,1700,0.5,1
6,1,541,1,0,500,0.6,1000,0.2,1400,0.2,0
6,2,382,2,10,5,0,300,0.5,1700,0.5,2
6,3,994,0,0,500,0.6,1000,0.2,1400,0.2,1
6,4,215,0,0,500,0.6,1000,0.2,1400,0.2,1
6,5,897,2,10,5,0,500,0.6,1000,0.2,1400,0.2,0
6,6,923,1,0,500,0.6,1000,0.2,1400,0.2,2
6,7,666,2,10,5,0,500,0.6,1000,0.2,1400,0.2,1
6,8,411,0,0,300,0.5,1700,0.5,2
6,9,977,2,10,5,0,500,0.6,1000,0.2,1400,0.2,1
6,10,341,1,0,500,0.6,1000,0.2,1400,0.2,2
6,11,719,2,10,5,0,300,0.5,1700,0.5,0
6,12,639,1,0,500,0.6,1000,0.2,1400,0.2,0
6,13,632,1,0,300,0.5,1700,0.5,2
6,14,420,2,10,5,0,500,0.6,1000,0.2,1400,0.2,0
7,0,34,1,0,500,0.6,1000,0.2,1400,0.2,2
7,1,610,2,10,5,0,300,0.5,1700,0.5,0
7,2,104,1,0,300,0.5,1700,0.5,2
7,3,752,0,0,300,0.5,1700,0.5,2
7,4,522,2,10,5,0,500,0.6,1000,0.2,1400,0.2,2
7,5,346,2,10,5,0,500,0.6,1000,0.2,1400,0.2,2
7,6,43,2,10,5,0,500,0.6,1000,0.2,1400,0.2,0
7,7,594,2,10,5,0,500,0.6,1000,0.2,1400,0.2,2
7,8,406,0,0,500,0.6,1000,0.2,1400,0.2,0
7,9,165,2,10,5,0,300,0.5,1700,0.5,2
7,10,660,2,10,5,0,300,0.5,1700,0.5,0
7,11,334,2,10,5,0,300,0.5,1700,0.5,2
7,12,30,2,10,5,0,300,0.5,1700,0.5,2
7,13,105,1,0,300,0.5,1700,0.5,0
7,14,398,2,10,5,0,500,0.6,1000,0.2,1400,0.2,0
8,0,523,0,0,300,0.5,1700,0.5,2
8,1,516,0,0,300,0.5,1700,0.5,1
8,2,207,2,10,5,0,300,0.5,1700,0.5,1
8,3,955,2,10,5,0,500,0.6,1000,0.2,1400,0.2,2
8,4,704,2,10,5,0,500,0.6,1000,0.2,1400,0.2,0
8,5,161,2,10,5,0,500,0.6,1000,0.2,1400,0.2,0
8,6,248,2,10,5,0,300,0.5,1700,0.5,2
8,7,847,1,0,500,0.6,1000,0.2,1400,0.2,2
8,8,510,0,0,500,0.6,1000,0.2,1400,0.2,0
8,9,192,1,0,300,0.5,1700,0.5,0
8,10,150,1,0,500,0.6,1000,0.2,1400,0.2,1
8,11,868,1,0,500,0.6,1000,0.2,1400,0.2,2
8,12,378,0,0,300,0.5,1700,0.5,0
8,13,430,1,0,300,0.5,1700,0.5,0
8,14,650,2,10,5,0,500,0.6,1000,0.2,1400,0.2,2
9,0,175,1,0,300,0.5,1700,0.5,2
9,1,151,1,0,500,0.6,1000,0.2,1400,0.2,2
9,2,841,2,10,5,0,500,0.6,1000,0.2,1400,0.2,1
9,3,392,1,0,300,0.5,1700,0.5,0
9,4,709,0,0,300,0.5,1700,0.5,1
9,5,536,2,10,5,0,300,0.5,1700,0.5,0
9,6,112,0,0,300,0.5,1700,0.5,0
9,7,15,2,10,5,0,500,0.6,1000,0.2,1400,0.2,0
9,8,808,1,0,500,0.6,1000,0.2,1400,0.2,2
9,9,516,0,0,300,0.5,1700,0.5,0
9,10,532,2,10,5,0,300,0.5,1700,0.5,1
9,11,155,2,10,5,0,300,0.5,1700,0.5,0
9,12,886,0,0,500,0.6,1000,0.2,1400,0.2,2
9,13,710,0,0,500,0.6,1000,0.2,1400,0.2,0
9,14,456,2,10,5,0,500,0.6,1000,0.2,1400,0.2,0
10,0,857,0,0,500,0.6,1000,0.2,1400,0.2,2
10,1,455,0,0,500,0.6,1000,0.2,1400,0.2,2
10,2,131,2,10,5,0,500,0.6,1000,0.2,1400,0.2,1
10,3,154,2,10,5,0,500,0.6,1000,0.2,1400,0.2,1
10,4,976,1,0,500,0.6,1000,0.2,1400,0.2,0
10,5,391,0,0,300,0.5,1700,0.5,0
10,6,94,0,0,500,0.6,1000,0.2,1400,0.2,0
10,7,164,1,0,300,0.5,1700,0.5,0
10,8,963,0,0,500,0.6,1000,0.2,1400,0.2,0
10,9,636,0,0,500,0.6,1000,0.2,1400,0.2,1
10,10,905,2,10,5,0,500,0.6,1000,0.2,1400,0.2,0
10,11,831,1,0,300,0.5,1700,0.5,0
10,12,82,1,0,300,0.5,1700,0.5,2
10,13,654,1,0,300,0.5,1700,0.5,1
10,14,18,2,10,5,0,300,0.5,1700,0.5,2
11,0,519,0,0,500,0.6,1000,0.2,1400,0.2,1
11,1,491,2,10,5,0,300,0.5,1700,0.5,0
11,2,871,1,0,300,0.5,1700,0.5,1
11,3,906,1,0,300,0.5,1700,0.5,2
11,4,301,2,10,5,0,300,0.5,1700,0.5,2
11,5,759,2,10,5,0,500,0.6,1000,0.2,1400,0.2,0
11,6,370,2,10,5,0,300,0.5,1700,0.5,2
11,7,167,0,0,500,0.6,1000,0.2,1400,0.2,1
11,8,269,0,0,500,0.6,1000,0.2,1400,0.2,1
11,9,690,2,10,5,0,500,0.6,1000,0.2,1400,0.2,2
11,10,713,0,0,500,0.6,1000,0.2,1400,0.2,2
11,11,970,1,0,500,0.6,1000,0.2,1400,0.2,1
11,12,993,1,0,300,0.5,1700,0.5,0
11,13,163,1,0,300,0.5,1700,0.5,0
11,14,393,1,0,500,0.6,1000,0.2,1400,0.2,0
12,0,151,2,10,5,0,300,0.5,1700,0.5,0
12,1,555,1,0,500,0.6,1000,0.2,1400,0.2,2
12,2,953,0,0,500,0.6,1000,0.2,1400,0.2,1
12,3,875,0,0,500,0.6,1000,0.2,1400,0.2,0
12,4,256,2,10,5,0,300,0.5,1700,0.5,0
12,5,957,2,10,5,0,300,0.5,1700,0.5,1
12,6,965,2,10,5,0,500,0.6,1000,0.2,1400,0.2,1
12,7,559,1,0,500,0.6,1000,0.2,1400,0.2,0
12,8,38,1,0,500,0.6,1000,0.2,1400,0.2,2
12,9,608,1,0,500,0.6,1000,0.2,1400,0.2,1
12,10,455,1,0,500,0.6,1000,0.2,1400,0.2,1
12,11,488,0,0,300,0.5,1700,0.5,2
12,12,544,2,10,5,0,500,0.6,1000,0.2,1400,0.2,0
12,13,338,1,0,500,0.6,1000,0.2,1400,0.2,1
12,14,168,0,0,500,0.6,1000,0.2,1400,0.2,1
13,0,640,2,10,5,0,500,0.6,1000,0.2,1400,0.2,2
13,1,879,1,0,300,0.5,1700,0.5,2
13,2,795,2,10,5,0,500,0.6,1000,0.2,1400,0.2,2
13,3,998,1,0,300,0.5,1700,0.5,2
13,4,763,2,10,5,0,500,0.6,1000,0.2,1400,0.2,2
13,5,674,1,0,500,0.6,1000,0.2,1400,0.2,2
13,6,970,1,0,300,0.5,1700,0.5,0
13,7,695,2,10,5,0,500,0.6,1000,0.2,1400,0.2,2
13,8,977,0,0,500,0.6,1000,0.2,1400,0.2,1
13,9,377,2,10,5,0,500,0.6,1000,0.2,1400,0.2,1
13,10,871,0,0,300,0.5,1700,0.5,1
13,11,976,1,0,500,0.6,1000,0.2,1400,0.2,0
13,12,139,0,0,500,0.6,1000,0.2,1400,0.2,0
13,13,18,1,0,300,0.5,1700,0.5,1
13,14,569,2,10,5,0,300,0.5,1700,0.5,1
14,0,576,2,10,5,0,500,0.6,1000,0.2,1400,0.2,1
14,1,764,2,10,5,0,300,0.5,1700,0.5,1
14,2,898,2,10,5,0,500,0.6,1000,0.2,1400,0.2,1
14,3,116,1,0,500,0.6,1000,0.2,1400,0.2,1
14,4,541,1,0,500,0.6,1000,0.2,1400,0.2,1
14,5,418,2,10,5,0,500,0.6,1000,0.2,1400,0.2,1
14,6,702,0,0,500,0.6,1000,0.2,1400,0.2,1
14,7,320,2,10,5,0,500,0.6,1000,0.2,1400,0.2,2
14,8,470,1,0,500,0.6,1000,0.2,1400,0.2,1
14,9,859,1,0,300,0.5,1700,0.5,1
14,10,366,1,0,500,0.6,1000,0.2,1400,0.2,1
14,11,909,1,0,300,0.5,1700,0.5,0
14,12,818,2,10,5,0,500,0.6,1000,0.2,1400,0.2,2
14,13,805,1,0,300,0.5,1700,0.5,2
14,14,387,2,10,5,0,300,0.5,1700,0.5,2
