0,0,455,2,10,5,0,500,0.6,1000,0.2,1400,0.2,2
0,1,339,0,0,300,0.5,1700,0.5,2
0,2,550,1,0,300,0.5,1700,0.5,1
0,3,648,0,0,500,0.6,1000,0.2,1400,0.2,2
0,4,470,2,10,5,0,300,0.5,1700,0.5,2
0,5,876,0,0,300,0.5,1700,0.5,2
0,6,903,0,0,500,0.6,1000,0.2,1400,0.2,2
0,7,356,0,0,500,0.6,1000,0.2,1400,0.2,1
0,8,185,2,10,5,0,500,0.6,1000,0.2,1400,0.2,0
0,9,381,1,0,500,0.6,1000,0.2,1400,0.2,2
0,10,234,0,0,500,0.6,1000,0.2,1400,0.2,1
0,11,290,1,0,500,0.6,1000,0.2,1400,0.2,1
0,12,862,2,10,5,0,300,0.5,1700,0.5,1
0,13,865,0,0,300,0.5,1700,0.5,0
0,14,409,0,0,300,0.5,1700,0.5,1
1,0,994,2,10,5,0,300,0.5,1700,0.5,1
1,1,898,2,10,5,0,300,0.5,1700,0.5,0
1,2,61,0,0,300,0.5,1700,0.5,2
1,3,141,2,10,5,0,300,0.5,1700,0.5,2
1,4,239,1,0,300,0.5,1700,0.5,0
1,5,634,1,0,500,0.6,1000,0.2,1400,0.2,2
1,6,953,0,0,500,0.6,1000,0.2,1400,0.2,2
1,7,588,1,0,500,0.6,1000,0.2,1400,0.2,2
1,8,681,2,10,5,0,500,0.6,1000,0.2,1400,0.2,0
1,9,49,1,0,500,0.6,1000,0.2,1400,0.2,1
1,10,905,2,10,5,0,500,0.6,1000,0.2,1400,0.2,2
1,11,54,2,10,5,0,500,0.6,1000,0.2,1400,0.2,0
1,12,962,0,0,500,0.6,1000,0.2,1400,0.2,2
1,13,975,0,0,500,0.6,1000,0.2,1400,0.2,0
1,14,738,0,0,500,0.6,1000,0.2,1400,0.2,2
2,0,302,2,10,5,0,300,0.5,1700,0.5,2
2,1,813,1,0,300,0.5,1700,0.5,0
2,2,479,0,0,500,0.6,1000,0.2,1400,0.2,2
2,3,880,0,0,300,0.5,1700,0.5,1
2,4,941,2,10,5,0,500,0.6,1000,0.2,1400,0.2,0
2,5,207,1,0,500,0.6,1000,0.2,1400,0.2,2
2,6,186,2,10,5,0,300,0.5,1700,0.5,0
2,7,718,1,0,500,0.6,1000,0.2,1400,0.2,2
2,8,911,0,0,500,0.6,1000,0.2,1400,0.2,2
2,9,218,1,0,500,0.6,1000,0.2,1400,0.2,1
2,10,606,0,0,300,0.5,1700,0.5,0
2,11,847,1,0,500,0.6,1000,0.2,1400,0.2,1
2,12,903,0,0,300,0.5,1700,0.5,1
2,13,150,0,0,300,0.5,1700,0.5,1
2,14,368,0,0,300,0.5,1700,0.5,0
3,0,83,1,0,500,0.6,1000,0.2,1400,0.2,0
3,1,901,0,0,500,0.6,1000,0.2,1400,0.2,1
3,2,472,2,10,5,0,500,0.6,1000,0.2,1400,0.2,2
3,3,61,0,0,500,0.6,1000,0.2,1400,0.2,2
3,4,72,0,0,500,0.6,1000,0.2,1400,0.2,0
3,5,625,2,10,5,0,500,0.6,1000,0.2,1400,0.2,2
3,6,138,1,0,500,0.6,1000,0.2,1400,0.2,2
3,7,853,0,0,300,0.5,1700,0.5,0
3,8,214,2,10,5,0,500,0.6,1000,0.2,1400,0.2,1
3,9,824,2,10,5,0,500,0.6,1000,0.2,1400,0.2,1
3,10,43,2,10,5,0,300,0.5,1700,0.5,0
3,11,547,2,10,5,0,300,0.5,1700,0.5,0
3,12,15,0,0,300,0.5,1700,0.5,2
3,13,81,1,0,300,0.5,1700,0.5,0
3,14,908,2,10,5,0,500,0.6,1000,0.2,1400,0.2,1
4,0,204,2,10,5,0,300,0.5,1700,0.5,2
4,1,743,2,10,5,0,300,0.5,1700,0.5,0
4,2,230,1,0,500,0.6,1000,0.2,1400,0.2,2
4,3,909,2,10,5,0,300,0.5,1700,0.5,2
4,4,605,0,0,300,0.5,1700,0.5,1
4,5,301,2,10,5,0,500,0.6,1000,0.2,1400,0.2,0
4,6,111,1,0,500,0.6,1000,0.2,1400,0.2,0
4,7,784,2,10,5,0,500,0.6,1000,0.2,1400,0.2,0
4,8,291,2,10,5,0,500,0.6,1000,0.2,1400,0.2,2
4,9,352,0,0,300,0.5,1700,0.5,1
4,10,315,0,0,300,0.5,1700,0.5,2
4,11,67,0,0,300,0.5,1700,0.5,2
4,12,431,1,0,300,0.5,1700,0.5,1
4,13,22,0,0,500,0.6,1000,0.2,1400,0.2,2
4,14,852,2,10,5,0,300,0.5,1700,0.5,0
5,0,916,0,0,300,0.5,1700,0.5,2
5,1,936,0,0,500,0.6,1000,0.2,1400,0.2,1
5,2,720,0,0,500,0.6,1000,0.2,1400,0.2,2
5,3,921,1,0,500,0.6,1000,0.2,1400,0.2,1
5,4,861,0,0,300,0.5,1700,0.5,0
5,5,601,0,0,500,0.6,1000,0.2,1400,0.2,1
5,6,975,0,0,500,0.6,1000,0.2,1400,0.2,1
5,7,579,2,10,5,0,300,0.5,1700,0.5,1
5,8,712,0,0,300,0.5,1700,0.5,0
5,9,976,1,0,300,0.5,1700,0.5,0
5,10,812,0,0,300,0.5,1700,0.5,0
5,11,341,0,0,500,0.6,1000,0.2,1400,0.2,0
5,12,125,0,0,500,0.6,1000,0.2,1400,0.2,2
5,13,848,2,10,5,0,300,0.5,1700,0.5,2
5,14,599,0,0,300,0.5,1700,0.5,1
6,0,981,1,0,500,0.6,1000,0.2,1400,0.2,2
6,1,735,2,10,5,0,500,0.6,1000,0.2,1400,0.2,0
6,2,365,1,0,500,0.6,1000,0.2,1400,0.2,1
6,3,286,1,0,500,0.6,1000,0.2,1400,0.2,0
6,4,350,0,0,300,0.5,1700,0.5,0
6,5,895,1,0,500,0.6,1000,0.2,1400,0.2,2
6,6,277,0,0,300,0.5,1700,0.5,2
6,7,745,0,0,500,0.6,1000,0.2,1400,0.2,0
6,8,873,0,0,500,0.6,1000,0.2,1400,0.2,2
6,9,37,0,0,300,0.5,1700,0.5,1
6,10,111,1,0,500,0.6,1000,0.2,1400,0.2,1
6,11,348,1,0,300,0.5,1700,0.5,0
6,12,163,0,0,500,0.6,1000,0.2,1400,0.2,1
6,13,376,2,10,5,0,300,0.5,1700,0.5,2
6,14,191,2,10,5,0,300,0.5,1700,0.5,1
7,0,846,1,0,500,0.6,1000,0.2,1400,0.2,0
7,1,358,2,10,5,0,500,0.6,1000,0.2,1400,0.2,2
7,2,999,1,0,300,0.5,1700,0.5,2
7,3,754,2,10,5,0,500,0.6,1000,0.2,1400,0.2,1
7,4,513,1,0,500,0.6,1000,0.2,1400,0.2,0
7,5,817,2,10,5,0,300,0.5,1700,0.5,2
7,6,440,2,10,5,0,500,0.6,1000,0.2,1400,0.2,0
7,7,473,1,0,300,0.5,1700,0.5,1
7,8,713,1,0,500,0.6,1000,0.2,1400,0.2,1
7,9,665,1,0,300,0.5,1700,0.5,2
7,10,17,2,10,5,0,500,0.6,1000,0.2,1400,0.2,1
7,11,27,0,0,300,0.5,1700,0.5,0
7,12,313,1,0,500,0.6,1000,0.2,1400,0.2,0
7,13,445,1,0,300,0.5,1700,0.5,0
7,14,240,1,0,300,0.5,1700,0.5,0
8,0,575,0,0,300,0.5,1700,0.5,2
8,1,290,2,10,5,0,500,0.6,1000,0.2,1400,0.2,2
8,2,361,1,0,300,0.5,1700,0.5,0
8,3,387,0,0,300,0.5,1700,0.5,0
8,4,736,0,0,500,0.6,1000,0.2,1400,0.2,2
8,5,454,2,10,5,0,300,0.5,1700,0.5,0
8,6,22,2,10,5,0,300,0.5,1700,0.5,0
8,7,220,2,10,5,0,500,0.6,1000,0.2,1400,0.2,1
8,8,509,0,0,500,0.6,1000,0.2,1400,0.2,0
8,9,397,2,10,5,0,300,0.5,1700,0.5,0
8,10,873,2,10,5,0,500,0.6,1000,0.2,1400,0.2,0
8,11,566,2,10,5,0,500,0.6,1000,0.2,1400,0.2,0
8,12,314,2,10,5,0,500,0.6,1000,0.2,1400,0.2,0
8,13,424,2,10,5,0,500,0.6,1000,0.2,1400,0.2,2
8,14,186,0,0,500,0.6,1000,0.2,1400,0.2,0
9,0,204,0,0,500,0.6,1000,0.2,1400,0.2,1
9,1,928,1,0,300,0.5,1700,0.5,1
9,2,404,1,0,300,0.5,1700,0.5,1
9,3,113,1,0,500,0.6,1000,0.2,1400,0.2,1
9,4,222,0,0,500,0.6,1000,0.2,1400,0.2,0
9,5,895,2,10,5,0,300,0.5,1700,0.5,1
9,6,709,0,0,300,0.5,1700,0.5,1
9,7,992,0,0,300,0.5,1700,0.5,2
9,8,792,1,0,500,0.6,1000,0.2,1400,0.2,0
9,9,994,2,10,5,0,300,0.5,1700,0.5,1
9,10,810,1,0,500,0.6,1000,0.2,1400,0.2,2
9,11,507,2,10,5,0,500,0.6,1000,0.2,1400,0.2,1
9,12,131,0,0,500,0.6,1000,0.2,1400,0.2,0
9,13,77,2,10,5,0,300,0.5,1700,0.5,0
9,14,394,2,10,5,0,300,0.5,1700,0.5,2
10,0,307,0,0,300,0.5,1700,0.5,1
10,1,223,2,10,5,0,500,0.6,1000,0.2,1400,0.2,1
10,2,12,2,10,5,0,300,0.5,1700,0.5,2
10,3,425,0,0,500,0.6,1000,0.2,1400,0.2,1
10,4,800,2,10,5,0,500,0.6,1000,0.2,1400,0.2,1
10,5,104,1,0,300,0.5,1700,0.5,2
10,6,161,2,10,5,0,500,0.6,1000,0.2,1400,0.2,0
10,7,876,0,0,300,0.5,1700,0.5,1
10,8,657,1,0,300,0.5,1700,0.5,0
10,9,273,0,0,500,0.6,1000,0.2,1400,0.2,1
10,10,565,1,0,500,0.6,1000,0.2,1400,0.2,2
10,11,24,1,0,500,0.6,1000,0.2,1400,0.2,2
10,12,231,1,0,300,0.5,1700,0.5,1
10,13,234,1,0,300,0.5,1700,0.5,2
10,14,240,0,0,300,0.5,1700,0.5,1
11,0,914,0,0,300,0.5,1700,0.5,2
11,1,585,1,0,300,0.5,1700,0.5,1
11,2,338,1,0,300,0.5,1700,0.5,1
11,3,727,2,10,5,0,300,0.5,1700,0.5,2
11,4,233,0,0,500,0.6,1000,0.2,1400,0.2,2
11,5,853,1,0,300,0.5,1700,0.5,1
11,6,582,2,10,5,0,500,0.6,1000,0.2,1400,0.2,1
11,7,423,0,0,300,0.5,1700,0.5,2
11,8,778,2,10,5,0,500,0.6,1000,0.2,1400,0.2,2
11,9,958,0,0,500,0.6,1000,0.2,1400,0.2,2
11,10,650,2,10,5,0,300,0.5,1700,0.5,2
11,11,278,2,10,5,0,300,0.5,1700,0.5,1
11,12,421,1,0,500,0.6,1000,0.2,1400,0.2,2
11,13,409,2,10,5,0,500,0.6,1000,0.2,1400,0.2,2
11,14,692,1,0,300,0.5,1700,0.5,1
12,0,45,0,0,500,0.6,1000,0.2,1400,0.2,2
12,1,492,2,10,5,0,300,0.5,1700,0.5,1
12,2,493,2,10,5,0,500,0.6,1000,0.2,1400,0.2,0
12,3,145,2,10,5,0,500,0.6,1000,0.2,1400,0.2,0
12,4,708,2,10,5,0,300,0.5,1700,0.5,0
12,5,850,1,0,500,0.6,1000,0.2,1400,0.2,1
12,6,155,2,10,5,0,300,0.5,1700,0.5,2
12,7,270,1,0,500,0.6,1000,0.2,1400,0.2,0
12,8,660,0,0,300,0.5,1700,0.5,0
12,9,390,0,0,300,0.5,1700,0.5,0
12,10,644,1,0,500,0.6,1000,0.2,1400,0.2,1
12,11,806,2,10,5,0,500,0.6,1000,0.2,1400,0.2,1
12,12,90,1,0,500,0.6,1000,0.2,1400,0.2,1
12,13,425,0,0,300,0.5,1700,0.5,0
12,14,821,1,0,500,0.6,1000,0.2,1400,0.2,1
13,0,74,2,10,5,0,500,0.6,1000,0.2,1400,0.2,0
13,1,672,0,0,300,0.5,1700,0.5,2
13,2,520,2,10,5,0,500,0.6,1000,0.2,1400,0.2,1
13,3,269,2,10,5,0,500,0.6,1000,0.2,1400,0.2,0
13,4,626,2,10,5,0,500,0.6,1000,0.2,1400,0.2,1
13,5,733,1,0,300,0.5,1700,0.5,2
13,6,11,1,0,300,0.5,1700,0.5,1
13,7,432,2,10,5,0,500,0.6,1000,0.2,1400,0.2,2
13,8,130,0,0,300,0.5,1700,0.5,2
13,9,465,0,0,500,0.6,1000,0.2,1400,0.2,1
13,10,434,0,0,500,0.6,1000,0.2,1400,0.2,0
13,11,223,0,0,300,0.5,1700,0.5,0
13,12,430,1,0,500,0.6,1000,0.2,1400,0.2,2
13,13,589,1,0,500,0.6,1000,0.2,1400,0.2,2
13,14,743,1,0,500,0.6,1000,0.2,1400,0.2,0
14,0,177,0,0,300,0.5,1700,0.5,0
14,1,894,0,0,300,0.5,1700,0.5,1
14,2,944,2,10,5,0,300,0.5,1700,0.5,2
14,3,197,0,0,300,0.5,1700,0.5,1
14,4,165,0,0,300,0.5,1700,0.5,2
14,5,851,2,10,5,0,500,0.6,1000,0.2,1400,0.2,1
14,6,538,1,0,500,0.6,1000,0.2,1400,0.2,1
14,7,934,1,0,500,0.6,1000,0.2,1400,0.2,2
14,8,136,2,10,5,0,500,0.6,1000,0.2,1400,0.2,0
14,9,211,1,0,300,0.5,1700,0.5,1
14,10,543,2,10,5,0,500,0.6,1000,0.2,1400,0.2,2
14,11,830,2,10,5,0,500,0.6,1000,0.2,1400,0.2,2
14,12,862,2,10,5,0,500,0.6,1000,0.2,1400,0.2,0
14,13,259,1,0,300,0.5,1700,0.5,2
14,14,503,0,0,500,0.6,1000,0.2,1400,0.2,1
