0,0,731,1,0,500,0.6,1000,0.2,1400,0.2,1
0,1,248,2,10,5,0,500,0.6,1000,0.2,1400,0.2,0
0,2,347,0,0,500,0.6,1000,0.2,1400,0.2,2
0,3,476,0,0,300,0.5,1700,0.5,0
0,4,611,2,10,5,0,300,0.5,1700,0.5,1
0,5,714,0,0,300,0.5,1700,0.5,2
0,6,205,0,0,300,0.5,1700,0.5,0
0,7,340,2,10,5,0,300,0.5,1700,0.5,1
0,8,233,2,10,5,0,500,0.6,1000,0.2,1400,0.2,1
0,9,460,2,10,5,0,300,0.5,1700,0.5,0
0,10,722,0,0,500,0.6,1000,0.2,1400,0.2,1
0,11,137,0,0,300,0.5,1700,0.5,2
0,12,271,2,10,5,0,500,0.6,1000,0.2,1400,0.2,2
0,13,513,1,0,500,0.6,1000,0.2,1400,0.2,2
0,14,891,0,0,500,0.6,1000,0.2,1400,0.2,0
1,0,552,2,10,5,0,300,0.5,1700,0.5,2
1,1,219,0,0,300,0.5,1700,0.5,1
1,2,903,0,0,300,0.5,1700,0.5,2
1,3,558,0,0,300,0.5,1700,0.5,1
1,4,469,2,10,5,0,500,0.6,1000,0.2,1400,0.2,2
1,5,509,1,0,300,0.5,1700,0.5,2
1,6,928,0,0,500,0.6,1000,0.2,1400,0.2,1
1,7,558,0,0,500,0.6,1000,0.2,1400,0.2,2
1,8,875,1,0,500,0.6,1000,0.2,1400,0.2,1
1,9,54,1,0,500,0.6,1000,0.2,1400,0.2,0
1,10,914,1,0,300,0.5,1700,0.5,2
1,11,102,2,10,5,0,300,0.5,1700,0.5,2
1,12,624,2,10,5,0,500,0.6,1000,0.2,1400,0.2,0
1,13,715,2,10,5,0,300,0.5,1700,0.5,0
1,14,740,0,0,300,0.5,1700,0.5,1
2,0,681,0,0,300,0.5,1700,0.5,0
2,1,552,1,0,300,0.5,1700,0.5,2
2,2,796,2,10,5,0,300,0.5,1700,0.5,1
2,3,699,0,0,300,0.5,1700,0.5,1
2,4,933,1,0,500,0.6,1000,0.2,1400,0.2,1
2,5,226,2,10,5,0,300,0.5,1700,0.5,2
2,6,569,1,0,300,0.5,1700,0.5,2
2,7,913,2,10,5,0,300,0.5,1700,0.5,2
2,8,642,1,0,500,0.6,1000,0.2,1400,0.2,0
2,9,948,1,0,300,0.5,1700,0.5,0
2,10,436,2,10,5,0,300,0.5,1700,0.5,1
2,11,805,0,0,500,0.6,1000,0.2,1400,0.2,1
2,12,129,1,0,300,0.5,1700,0.5,0
2,13,948,0,0,300,0.5,1700,0.5,1
2,14,345,1,0,500,0.6,1000,0.2,1400,0.2,0
3,0,818,1,0,500,0.6,1000,0.2,1400,0.2,0
3,1,410,1,0,300,0.5,1700,0.5,2
3,2,940,0,0,300,0.5,1700,0.5,0
3,3,960,0,0,300,0.5,1700,0.5,1
3,4,984,0,0,300,0.5,1700,0.5,0
3,5,923,0,0,500,0.6,1000,0.2,1400,0.2,0
3,6,50,0,0,300,0.5,1700,0.5,0
3,7,432,1,0,300,0.5,1700,0.5,1
3,8,176,2,10,5,0,500,0.6,1000,0.2,1400,0.2,1
3,9,230,1,0,500,0.6,1000,0.2,1400,0.2,2
3,10,716,0,0,300,0.5,1700,0.5,0
3,11,494,0,0,500,0.6,1000,0.2,1400,0.2,1
3,12,354,0,0,500,0.6,1000,0.2,1400,0.2,1
3,13,82,0,0,300,0.5,1700,0.5,1
3,14,156,1,0,500,0.6,1000,0.2,1400,0.2,2
4,0,136,0,0,300,0.5,1700,0.5,2
4,1,707,2,10,5,0,500,0.6,1000,0.2,1400,0.2,1
4,2,906,2,10,5,0,500,0.6,1000,0.2,1400,0.2,2
4,3,148,2,10,5,0,300,0.5,1700,0.5,1
4,4,22,1,0,300,0.5,1700,0.5,1
4,5,522,1,0,500,0.6,1000,0.2,1400,0.2,2
4,6,709,1,0,500,0.6,1000,0.2,1400,0.2,0
4,7,12,1,0,300,0.5,1700,0.5,1
4,8,332,0,0,300,0.5,1700,0.5,0
4,9,23,1,0,500,0.6,1000,0.2,1400,0.2,2
4,10,781,0,0,300,0.5,1700,0.5,0
4,11,838,1,0,500,0.6,1000,0.2,1400,0.2,0
4,12,645,0,0,300,0.5,1700,0.5,1
4,13,836,0,0,500,0.6,1000,0.2,1400,0.2,1
4,14,555,2,10,5,0,300,0.5,1700,0.5,2
5,0,770,2,10,5,0,500,0.6,1000,0.2,1400,0.2,0
5,1,30,0,0,300,0.5,1700,0.5,2
5,2,188,2,10,5,0,500,0.6,1000,0.2,1400,0.2,0
5,3,875,1,0,500,0.6,1000,0.2,1400,0.2,2
5,4,797,2,10,5,0,500,0.6,1000,0.2,1400,0.2,2
5,5,921,2,10,5,0,300,0.5,1700,0.5,2
5,6,995,1,0,300,0.5,1700,0.5,2
5,7,12,1,0,300,0.5,1700,0.5,1
5,8,710,0,0,500,0.6,1000,0.2,1400,0.2,1
5,9,796,1,0,300,0.5,1700,0.5,1
5,10,725,2,10,5,0,500,0.6,1000,0.2,1400,0.2,2
5,11,985,2,10,5,0,500,0.6,1000,0.2,1400,0.2,0
5,12,255,2,10,5,0,500,0.6,1000,0.2,1400,0.2,0
5,13,899,1,0,300,0.5,1700,0.5,1
5,14,766,1,0,300,0.5,1700,0.5,0
6,0,409,0,0,500,0.6,1000,0.2,1400,0.2,0
6,1,532,2,10,5,0,300,0.5,1700,0.5,2
6,2,704,1,0,500,0.6,1000,0.2,1400,0.2,0
6,3,434,2,10,5,0,300,0.5,1700,0.5,1
6,4,518,1,0,500,0.6,1000,0.2,1400,0.2,1
6,5,79,1,0,300,0.5,1700,0.5,1
6,6,603,1,0,500,0.6,1000,0.2,1400,0.2,1
6,7,331,1,0,500,0.6,1000,0.2,1400,0.2,1
6,8,815,2,10,5,0,300,0.5,1700,0.5,1
6,9,872,2,10,5,0,300,0.5,1700,0.5,0
6,10,244,1,0,500,0.6,1000,0.2,1400,0.2,1
6,11,432,0,0,300,0.5,1700,0.5,2
6,12,518,2,10,5,0,300,0.5,1700,0.5,2
6,13,368,0,0,500,0.6,1000,0.2,1400,0.2,0
6,14,845,1,0,500,0.6,1000,0.2,1400,0.2,0
7,0,933,1,0,500,0.6,1000,0.2,1400,0.2,1
7,1,426,1,0,500,0.6,1000,0.2,1400,0.2,1
7,2,624,0,0,500,0.6,1000,0.2,1400,0.2,2
7,3,248,1,0,300,0.5,1700,0.5,0
7,4,342,0,0,300,0.5,1700,0.5,0
7,5,154,2,10,5,0,500,0.6,1000,0.2,1400,0.2,2
7,6,691,0,0,500,0.6,1000,0.2,1400,0.2,0
7,7,139,1,0,500,0.6,1000,0.2,1400,0.2,1
7,8,606,2,10,5,0,300,0.5,1700,0.5,0
7,9,637,2,10,5,0,300,0.5,1700,0.5,2
7,10,885,1,0,500,0.6,1000,0.2,1400,0.2,2
7,11,983,0,0,300,0.5,1700,0.5,2
7,12,769,1,0,300,0.5,1700,0.5,1
7,13,381,1,0,500,0.6,1000,0.2,1400,0.2,0
7,14,332,1,0,500,0.6,1000,0.2,1400,0.2,2
8,0,618,1,0,500,0.6,1000,0.2,1400,0.2,0
8,1,778,0,0,500,0.6,1000,0.2,1400,0.2,0
8,2,921,1,0,300,0.5,1700,0.5,2
8,3,217,0,0,500,0.6,1000,0.2,1400,0.2,2
8,4,701,2,10,5,0,300,0.5,1700,0.5,1
8,5,826,0,0,500,0.6,1000,0.2,1400,0.2,0
8,6,659,0,0,500,0.6,1000,0.2,1400,0.2,2
8,7,665,0,0,500,0.6,1000,0.2,1400,0.2,0
8,8,941,1,0,500,0.6,1000,0.2,1400,0.2,0
8,9,247,0,0,500,0.6,1000,0.2,1400,0.2,0
8,10,800,2,10,5,0,300,0.5,1700,0.5,2
8,11,347,2,10,5,0,500,0.6,1000,0.2,1400,0.2,0
8,12,955,2,10,5,0,500,0.6,1000,0.2,1400,0.2,1
8,13,720,1,0,500,0.6,1000,0.2,1400,0.2,2
8,14,399,2,10,5,0,500,0.6,1000,0.2,1400,0.2,0
9,0,181,2,10,5,0,300,0.5,1700,0.5,1
9,1,375,1,0,500,0.6,1000,0.2,1400,0.2,0
9,2,868,2,10,5,0,500,0.6,1000,0.2,1400,0.2,2
9,3,262,2,10,5,0,300,0.5,1700,0.5,1
9,4,328,1,0,300,0.5,1700,0.5,0
9,5,165,0,0,300,0.5,1700,0.5,2
9,6,920,2,10,5,0,300,0.5,1700,0.5,1
9,7,42,1,0,500,0.6,1000,0.2,1400,0.2,1
9,8,165,1,0,500,0.6,1000,0.2,1400,0.2,2
9,9,491,1,0,300,0.5,1700,0.5,0
9,10,239,1,0,300,0.5,1700,0.5,1
9,11,889,2,10,5,0,500,0.6,1000,0.2,1400,0.2,2
9,12,640,2,10,5,0,500,0.6,1000,0.2,1400,0.2,1
9,13,952,0,0,300,0.5,1700,0.5,0
9,14,228,2,10,5,0,500,0.6,1000,0.2,1400,0.2,2
10,0,611,2,10,5,0,500,0.6,1000,0.2,1400,0.2,1
10,1,110,2,10,5,0,300,0.5,1700,0.5,0
10,2,546,2,10,5,0,500,0.6,1000,0.2,1400,0.2,2
10,3,761,0,0,300,0.5,1700,0.5,2
10,4,960,2,10,5,0,500,0.6,1000,0.2,1400,0.2,2
10,5,643,0,0,500,0.6,1000,0.2,1400,0.2,1
10,6,103,1,0,500,0.6,1000,0.2,1400,0.2,1
10,7,112,1,0,300,0.5,1700,0.5,0
10,8,737,2,10,5,0,500,0.6,1000,0.2,1400,0.2,1
10,9,126,0,0,300,0.5,1700,0.5,0
10,10,728,1,0,500,0.6,1000,0.2,1400,0.2,0
10,11,203,2,10,5,0,300,0.5,1700,0.5,0
10,12,494,2,10,5,0,500,0.6,1000,0.2,1400,0.2,0
10,13,331,1,0,500,0.6,1000,0.2,1400,0.2,1
10,14,870,0,0,500,0.6,1000,0.2,1400,0.2,1
11,0,716,0,0,500,0.6,1000,0.2,1400,0.2,2
11,1,34,2,10,5,0,300,0.5,1700,0.5,2
11,2,294,1,0,500,0.6,1000,0.2,1400,0.2,0
11,3,648,2,10,5,0,500,0.6,1000,0.2,1400,0.2,2
11,4,317,1,0,500,0.6,1000,0.2,1400,0.2,0
11,5,24,1,0,500,0.6,1000,0.2,1400,0.2,1
11,6,19,2,10,5,0,500,0.6,1000,0.2,1400,0.2,0
11,7,466,1,0,500,0.6,1000,0.2,1400,0.2,0
11,8,99,0,0,300,0.5,1700,0.5,2
11,9,418,1,0,500,0.6,1000,0.2,1400,0.2,2
11,10,505,2,10,5,0,300,0.5,1700,0.5,2
11,11,271,0,0,500,0.6,1000,0.2,1400,0.2,1
11,12,74,0,0,300,0.5,1700,0.5,0
11,13,991,1,0,500,0.6,1000,0.2,1400,0.2,1
11,14,837,0,0,500,0.6,1000,0.2,1400,0.2,2
12,0,297,0,0,300,0.5,1700,0.5,2
12,1,821,2,10,5,0,500,0.6,1000,0.2,1400,0.2,1
12,2,323,2,10,5,0,500,0.6,1000,0.2,1400,0.2,2
12,3,808,2,10,5,0,500,0.6,1000,0.2,1400,0.2,2
12,4,266,1,0,500,0.6,1000,0.2,1400,0.2,1
12,5,465,0,0,500,0.6,1000,0.2,1400,0.2,2
12,6,854,1,0,300,0.5,1700,0.5,1
12,7,332,0,0,500,0.6,1000,0.2,1400,0.2,0
12,8,854,1,0,300,0.5,1700,0.5,2
12,9,467,0,0,300,0.5,1700,0.5,2
12,10,718,0,0,300,0.5,1700,0.5,2
12,11,956,0,0,300,0.5,1700,0.5,0
12,12,41,0,0,300,0.5,1700,0.5,2
12,13,550,2,10,5,0,300,0.5,1700,0.5,2
12,14,292,2,10,5,0,300,0.5,1700,0.5,0
13,0,819,2,10,5,0,500,0.6,1000,0.2,1400,0.2,2
13,1,151,1,0,500,0.6,1000,0.2,1400,0.2,1
13,2,818,1,0,300,0.5,1700,0.5,2
13,3,212,2,10,5,0,300,0.5,1700,0.5,1
13,4,372,2,10,5,0,300,0.5,1700,0.5,2
13,5,791,1,0,500,0.6,1000,0.2,1400,0.2,0
13,6,721,1,0,500,0.6,1000,0.2,1400,0.2,1
13,7,552,2,10,5,0,300,0.5,1700,0.5,1
13,8,161,1,0,300,0.5,1700,0.5,0
13,9,10,1,0,500,0.6,1000,0.2,1400,0.2,1
13,10,778,2,10,5,0,500,0.6,1000,0.2,1400,0.2,0
13,11,641,1,0,500,0.6,1000,0.2,1400,0.2,0
13,12,197,1,0,500,0.6,1000,0.2,1400,0.2,0
13,13,837,2,10,5,0,500,0.6,1000,0.2,1400,0.2,2
13,14,493,0,0,300,0.5,1700,0.5,0
14,0,849,1,0,300,0.5,1700,0.5,1
14,1,129,2,10,5,0,500,0.6,1000,0.2,1400,0.2,1
14,2,436,0,0,500,0.6,1000,0.2,1400,0.2,1
14,3,183,1,0,300,0.5,1700,0.5,2
14,4,824,0,0,500,0.6,1000,0.2,1400,0.2,1
14,5,438,1,0,300,0.5,1700,0.5,0
14,6,380,0,0,500,0.6,1000,0.2,1400,0.2,0
14,7,881,1,0,500,0.6,1000,0.2,1400,0.2,1
14,8,296,2,10,5,0,300,0.5,1700,0.5,2
14,9,882,1,0,300,0.5,1700,0.5,1
14,10,298,1,0,300,0.5,1700,0.5,2
14,11,846,1,0,500,0.6,1000,0.2,1400,0.2,2
14,12,758,1,0,500,0.6,1000,0.2,1400,0.2,2
14,13,937,1,0,500,0.6,1000,0.2,1400,0.2,0
14,14,621,2,10,5,0,300,0.5,1700,0.5,1
