0,0,559,0,0,500,0.6,1000,0.2,1400,0.2,0
0,1,68,1,0,500,0.6,1000,0.2,1400,0.2,1
0,2,387,1,0,500,0.6,1000,0.2,1400,0.2,0
0,3,656,1,0,500,0.6,1000,0.2,1400,0.2,0
0,4,622,2,10,5,0,300,0.5,1700,0.5,1
0,5,757,2,10,5,0,500,0.6,1000,0.2,1400,0.2,2
0,6,718,0,0,300,0.5,1700,0.5,0
0,7,313,0,0,500,0.6,1000,0.2,1400,0.2,2
0,8,622,2,10,5,0,300,0.5,1700,0.5,2
0,9,165,1,0,500,0.6,1000,0.2,1400,0.2,0
0,10,904,0,0,500,0.6,1000,0.2,1400,0.2,1
0,11,359,0,0,500,0.6,1000,0.2,1400,0.2,0
0,12,600,1,0,500,0.6,1000,0.2,1400,0.2,0
0,13,372,0,0,300,0.5,1700,0.5,2
0,14,219,0,0,500,0.6,1000,0.2,1400,0.2,1
1,0,292,2,10,5,0,300,0.5,1700,0.5,1
1,1,108,1,0,300,0.5,1700,0.5,0
1,2,468,1,0,300,0.5,1700,0.5,2
1,3,560,1,0,300,0.5,1700,0.5,2
1,4,697,1,0,500,0.6,1000,0.2,1400,0.2,1
1,5,67,1,0,300,0.5,1700,0.5,0
1,6,227,0,0,300,0.5,1700,0.5,0
1,7,150,1,0,500,0.6,1000,0.2,1400,0.2,2
1,8,391,1,0,300,0.5,1700,0.5,1
1,9,926,1,0,500,0.6,1000,0.2,1400,0.2,0
1,10,735,1,0,500,0.6,1000,0.2,1400,0.2,2
1,11,504,2,10,5,0,300,0.5,1700,0.5,2
1,12,262,2,10,5,0,300,0.5,1700,0.5,1
1,13,165,1,0,500,0.6,1000,0.2,1400,0.2,2
1,14,964,1,0,300,0.5,1700,0.5,1
2,0,83,0,0,500,0.6,1000,0.2,1400,0.2,0
2,1,716,2,10,5,0,500,0.6,1000,0.2,1400,0.2,0
2,2,913,0,0,500,0.6,1000,0.2,1400,0.2,2
2,3,530,1,0,500,0.6,1000,0.2,1400,0.2,0
2,4,188,2,10,5,0,500,0.6,1000,0.2,1400,0.2,2
2,5,239,1,0,300,0.5,1700,0.5,1
2,6,326,0,0,500,0.6,1000,0.2,1400,0.2,0
2,7,480,0,0,300,0.5,1700,0.5,2
2,8,828,0,0,300,0.5,1700,0.5,0
2,9,674,1,0,500,0.6,1000,0.2,1400,0.2,0
2,10,782,2,10,5,0,300,0.5,1700,0.5,1
2,11,261,1,0,300,0.5,1700,0.5,2
2,12,10,1,0,500,0.6,1000,0.2,1400,0.2,0
2,13,792,2,10,5,0,500,0.6,1000,0.2,1400,0.2,2
2,14,356,1,0,500,0.6,1000,0.2,1400,0.2,2
3,0,906,2,10,5,0,300,0.5,1700,0.5,0
3,1,34,2,10,5,0,300,0.5,1700,0.5,1
3,2,418,2,10,5,0,500,0.6,1000,0.2,1400,0.2,2
3,3,522,1,0,300,0.5,1700,0.5,2
3,4,61,0,0,500,0.6,1000,0.2,1400,0.2,2
3,5,616,2,10,5,0,500,0.6,1000,0.2,1400,0.2,0
3,6,426,0,0,500,0.6,1000,0.2,1400,0.2,1
3,7,82,0,0,500,0.6,1000,0.2,1400,0.2,0
3,8,898,1,0,300,0.5,1700,0.5,0
3,9,700,2,10,5,0,300,0.5,1700,0.5,2
3,10,765,1,0,300,0.5,1700,0.5,2
3,11,757,2,10,5,0,500,0.6,1000,0.2,1400,0.2,2
3,12,50,0,0,300,0.5,1700,0.5,0
3,13,653,0,0,300,0.5,1700,0.5,1
3,14,121,0,0,500,0.6,1000,0.2,1400,0.2,2
4,0,738,1,0,500,0.6,1000,0.2,1400,0.2,2
4,1,696,0,0,300,0.5,1700,0.5,0
4,2,415,1,0,300,0.5,1700,0.5,0
4,3,126,1,0,300,0.5,1700,0.5,2
4,4,313,0,0,500,0.6,1000,0.2,1400,0.2,1
4,5,684,1,0,500,0.6,1000,0.2,1400,0.2,2
4,6,469,2,10,5,0,500,0.6,1000,0.2,1400,0.2,1
4,7,249,0,0,300,0.5,1700,0.5,2
4,8,762,2,10,5,0,500,0.6,1000,0.2,1400,0.2,0
4,9,520,0,0,500,0.6,1000,0.2,1400,0.2,2
4,10,434,1,0,500,0.6,1000,0.2,1400,0.2,0
4,11,226,0,0,500,0.6,1000,0.2,1400,0.2,1
4,12,578,0,0,500,0.6,1000,0.2,1400,0.2,2
4,13,431,2,10,5,0,300,0.5,1700,0.5,1
4,14,882,2,10,5,0,500,0.6,1000,0.2,1400,0.2,1
5,0,635,0,0,500,0.6,1000,0.2,1400,0.2,0
5,1,410,2,10,5,0,500,0.6,1000,0.2,1400,0.2,1
5,2,293,1,0,500,0.6,1000,0.2,1400,0.2,2
5,3,252,2,10,5,0,500,0.6,1000,0.2,1400,0.2,2
5,4,535,1,0,300,0.5,1700,0.5,1
5,5,284,1,0,300,0.5,1700,0.5,2
5,6,940,2,10,5,0,300,0.5,1700,0.5,2
5,7,577,2,10,5,0,300,0.5,1700,0.5,2
5,8,564,2,10,5,0,500,0.6,1000,0.2,1400,0.2,1
5,9,271,1,0,300,0.5,1700,0.5,0
5,10,93,0,0,300,0.5,1700,0.5,2
5,11,770,1,0,300,0.5,1700,0.5,1
5,12,288,1,0,300,0.5,1700,0.5,1
5,13,149,0,0,500,0.6,1000,0.2,1400,0.2,1
5,14,517,0,0,500,0.6,1000,0.2,1400,0.2,0
6,0,980,2,10,5,0,300,0.5,1700,0.5,2
6,1,228,0,0,300,0.5,1700,0.5,0
6,2,67,0,0,500,0.6,1000,0.2,1400,0.2,0
6,3,370,2,10,5,0,300,0.5,1700,0.5,2
6,4,653,2,10,5,0,300,0.5,1700,0.5,0
6,5,177,1,0,300,0.5,1700,0.5,0
6,6,18,1,0,500,0.6,1000,0.2,1400,0.2,1
6,7,602,0,0,300,0.5,1700,0.5,0
6,8,158,1,0,300,0.5,1700,0.5,0
6,9,206,2,10,5,0,500,0.6,1000,0.2,1400,0.2,2
6,10,491,2,10,5,0,500,0.6,1000,0.2,1400,0.2,2
6,11,552,2,10,5,0,500,0.6,1000,0.2,1400,0.2,0
6,12,712,0,0,500,0.6,1000,0.2,1400,0.2,2
6,13,174,1,0,500,0.6,1000,0.2,1400,0.2,1
6,14,671,2,10,5,0,300,0.5,1700,0.5,1
7,0,226,1,0,300,0.5,1700,0.5,2
7,1,774,2,10,5,0,300,0.5,1700,0.5,1
7,2,884,2,10,5,0,500,0.6,1000,0.2,1400,0.2,2
7,3,491,0,0,500,0.6,1000,0.2,1400,0.2,1
7,4,501,0,0,500,0.6,1000,0.2,1400,0.2,1
7,5,855,1,0,500,0.6,1000,0.2,1400,0.2,2
7,6,489,1,0,300,0.5,1700,0.5,1
7,7,965,0,0,300,0.5,1700,0.5,0
7,8,676,2,10,5,0,300,0.5,1700,0.5,1
7,9,883,2,10,5,0,300,0.5,1700,0.5,0
7,10,753,2,10,5,0,500,0.6,1000,0.2,1400,0.2,1
7,11,749,2,10,5,0,500,0.6,1000,0.2,1400,0.2,0
7,12,244,1,0,300,0.5,1700,0.5,1
7,13,13,1,0,300,0.5,1700,0.5,1
7,14,649,2,10,5,0,500,0.6,1000,0.2,1400,0.2,2
8,0,854,2,10,5,0,500,0.6,1000,0.2,1400,0.2,1
8,1,268,0,0,300,0.5,1700,0.5,1
8,2,957,1,0,300,0.5,1700,0.5,2
8,3,941,2,10,5,0,500,0.6,1000,0.2,1400,0.2,2
8,4,108,0,0,300,0.5,1700,0.5,2
8,5,522,2,10,5,0,500,0.6,1000,0.2,1400,0.2,2
8,6,413,1,0,300,0.5,1700,0.5,1
8,7,155,0,0,300,0.5,1700,0.5,2
8,8,400,1,0,500,0.6,1000,0.2,1400,0.2,1
8,9,40,1,0,500,0.6,1000,0.2,1400,0.2,0
8,10,714,1,0,300,0.5,1700,0.5,1
8,11,886,0,0,300,0.5,1700,0.5,0
8,12,872,0,0,500,0.6,1000,0.2,1400,0.2,0
8,13,390,1,0,500,0.6,1000,0.2,1400,0.2,2
8,14,119,2,10,5,0,300,0.5,1700,0.5,1
9,0,202,2,10,5,0,500,0.6,1000,0.2,1400,0.2,1
9,1,932,2,10,5,0,500,0.6,1000,0.2,1400,0.2,0
9,2,830,1,0,500,0.6,1000,0.2,1400,0.2,0
9,3,620,0,0,500,0.6,1000,0.2,1400,0.2,1
9,4,990,2,10,5,0,500,0.6,1000,0.2,1400,0.2,0
9,5,523,0,0,500,0.6,1000,0.2,1400,0.2,2
9,6,987,1,0,500,0.6,1000,0.2,1400,0.2,0
9,7,792,0,0,300,0.5,1700,0.5,1
9,8,863,2,10,5,0,300,0.5,1700,0.5,0
9,9,102,2,10,5,0,300,0.5,1700,0.5,1
9,10,859,2,10,5,0,300,0.5,1700,0.5,0
9,11,892,2,10,5,0,300,0.5,1700,0.5,2
9,12,760,2,10,5,0,500,0.6,1000,0.2,1400,0.2,1
9,13,506,0,0,300,0.5,1700,0.5,0
9,14,102,2,10,5,0,500,0.6,1000,0.2,1400,0.2,0
10,0,133,2,10,5,0,300,0.5,1700,0.5,1
10,1,627,2,10,5,0,500,0.6,1000,0.2,1400,0.2,0
10,2,346,0,0,500,0.6,1000,0.2,1400,0.2,0
10,3,465,0,0,500,0.6,1000,0.2,1400,0.2,1
10,4,589,0,0,500,0.6,1000,0.2,1400,0.2,2
10,5,873,2,10,5,0,300,0.5,1700,0.5,0
10,6,11,2,10,5,0,500,0.6,1000,0.2,1400,0.2,0
10,7,24,2,10,5,0,300,0.5,1700,0.5,0
10,8,354,0,0,300,0.5,1700,0.5,2
10,9,444,1,0,500,0.6,1000,0.2,1400,0.2,1
10,10,252,1,0,300,0.5,1700,0.5,2
10,11,629,0,0,500,0.6,1000,0.2,1400,0.2,0
10,12,507,1,0,300,0.5,1700,0.5,2
10,13,631,2,10,5,0,500,0.6,1000,0.2,1400,0.2,0
10,14,272,1,0,300,0.5,1700,0.5,0
11,0,808,1,0,300,0.5,1700,0.5,0
11,1,865,1,0,300,0.5,1700,0.5,0
11,2,811,2,10,5,0,500,0.6,1000,0.2,1400,0.2,2
11,3,362,0,0,300,0.5,1700,0.5,1
11,4,266,1,0,500,0.6,1000,0.2,1400,0.2,0
11,5,294,0,0,500,0.6,1000,0.2,1400,0.2,2
11,6,217,0,0,300,0.5,1700,0.5,0
11,7,738,2,10,5,0,500,0.6,1000,0.2,1400,0.2,0
11,8,788,1,0,500,0.6,1000,0.2,1400,0.2,2
11,9,38,2,10,5,0,300,0.5,1700,0.5,2
11,10,375,2,10,5,0,500,0.6,1000,0.2,1400,0.2,2
11,11,596,1,0,500,0.6,1000,0.2,1400,0.2,1
11,12,293,2,10,5,0,300,0.5,1700,0.5,0
11,13,531,2,10,5,0,500,0.6,1000,0.2,1400,0.2,1
11,14,64,1,0,500,0.6,1000,0.2,1400,0.2,0
12,0,702,2,10,5,0,500,0.6,1000,0.2,1400,0.2,1
12,1,689,2,10,5,0,300,0.5,1700,0.5,2
12,2,568,1,0,300,0.5,1700,0.5,2
12,3,880,1,0,300,0.5,1700,0.5,0
12,4,562,0,0,500,0.6,1000,0.2,1400,0.2,1
12,5,503,2,10,5,0,300,0.5,1700,0.5,2
12,6,268,2,10,5,0,500,0.6,1000,0.2,1400,0.2,2
12,7,761,2,10,5,0,500,0.6,1000,0.2,1400,0.2,1
12,8,971,1,0,500,0.6,1000,0.2,1400,0.2,1
12,9,571,0,0,500,0.6,1000,0.2,1400,0.2,2
12,10,373,2,10,5,0,300,0.5,1700,0.5,0
12,11,931,2,10,5,0,300,0.5,1700,0.5,0
12,12,965,0,0,300,0.5,1700,0.5,1
12,13,842,1,0,300,0.5,1700,0.5,1
12,14,931,2,10,5,0,300,0.5,1700,0.5,1
13,0,652,1,0,300,0.5,1700,0.5,0
13,1,966,2,10,5,0,300,0.5,1700,0.5,2
13,2,257,2,10,5,0,500,0.6,1000,0.2,1400,0.2,0
13,3,745,2,10,5,0,500,0.6,1000,0.2,1400,0.2,2
13,4,509,0,0,300,0.5,1700,0.5,1
13,5,512,0,0,300,0.5,1700,0.5,2
13,6,29,1,0,300,0.5,1700,0.5,2
13,7,994,2,10,5,0,500,0.6,1000,0.2,1400,0.2,2
13,8,689,1,0,500,0.6,1000,0.2,1400,0.2,2
13,9,58,2,10,5,0,300,0.5,1700,0.5,2
13,10,86,1,0,500,0.6,1000,0.2,1400,0.2,0
13,11,862,1,0,500,0.6,1000,0.2,1400,0.2,2
13,12,722,2,10,5,0,300,0.5,1700,0.5,2
13,13,621,1,0,500,0.6,1000,0.2,1400,0.2,1
13,14,737,2,10,5,0,300,0.5,1700,0.5,0
14,0,682,1,0,500,0.6,1000,0.2,1400,0.2,0
14,1,444,2,10,5,0,300,0.5,1700,0.5,2
14,2,647,1,0,500,0.6,1000,0.2,1400,0.2,1
14,3,940,1,0,300,0.5,1700,0.5,1
14,4,90,2,10,5,0,300,0.5,1700,0.5,1
14,5,235,0,0,300,0.5,1700,0.5,2
14,6,484,1,0,300,0.5,1700,0.5,0
14,7,689,2,10,5,0,500,0.6,1000,0.2,1400,0.2,0
14,8,483,0,0,500,0.6,1000,0.2,1400,0.2,0
14,9,414,2,10,5,0,300,0.5,1700,0.5,0
14,10,929,1,0,500,0.6,1000,0.2,1400,0.2,1
14,11,434,1,0,500,0.6,1000,0.2,1400,0.2,0
14,12,513,1,0,300,0.5,1700,0.5,2
14,13,489,0,0,300,0.5,1700,0.5,2
14,14,886,2,10,5,0,300,0.5,1700,0.5,1
