0,0,872,1,0,300,0.5,1700,0.5,0
0,1,121,2,10,5,0,300,0.5,1700,0.5,2
0,2,832,1,0,500,0.6,1000,0.2,1400,0.2,2
0,3,905,2,10,5,0,300,0.5,1700,0.5,0
0,4,440,1,0,300,0.5,1700,0.5,1
0,5,211,1,0,300,0.5,1700,0.5,0
0,6,708,0,0,300,0.5,1700,0.5,1
0,7,47,0,0,500,0.6,1000,0.2,1400,0.2,0
0,8,278,2,10,5,0,300,0.5,1700,0.5,0
0,9,655,0,0,300,0.5,1700,0.5,0
0,10,470,1,0,300,0.5,1700,0.5,0
0,11,129,0,0,300,0.5,1700,0.5,1
0,12,994,0,0,500,0.6,1000,0.2,1400,0.2,1
0,13,386,1,0,500,0.6,1000,0.2,1400,0.2,1
0,14,423,2,10,5,0,300,0.5,1700,0.5,0
1,0,930,0,0,300,0.5,1700,0.5,1
1,1,822,2,10,5,0,300,0.5,1700,0.5,0
1,2,790,2,10,5,0,300,0.5,1700,0.5,1
1,3,216,1,0,300,0.5,1700,0.5,1
1,4,501,2,10,5,0,500,0.6,1000,0.2,1400,0.2,1
1,5,414,1,0,300,0.5,1700,0.5,1
1,6,68,1,0,500,0.6,1000,0.2,1400,0.2,0
1,7,973,0,0,300,0.5,1700,0.5,0
1,8,277,1,0,300,0.5,1700,0.5,0
1,9,39,2,10,5,0,500,0.6,1000,0.2,1400,0.2,2
1,10,100,2,10,5,0,500,0.6,1000,0.2,1400,0.2,0
1,11,192,1,0,300,0.5,1700,0.5,2
1,12,25,2,10,5,0,500,0.6,1000,0.2,1400,0.2,1
1,13,861,0,0,500,0.6,1000,0.2,1400,0.2,2
1,14,767,2,10,5,0,500,0.6,1000,0.2,1400,0.2,2
2,0,633,2,10,5,0,300,0.5,1700,0.5,1
2,1,234,2,10,5,0,500,0.6,1000,0.2,1400,0.2,2
2,2,764,0,0,500,0.6,1000,0.2,1400,0.2,1
2,3,912,2,10,5,0,300,0.5,1700,0.5,2
2,4,581,2,10,5,0,500,0.6,1000,0.2,1400,0.2,1
2,5,751,0,0,500,0.6,1000,0.2,1400,0.2,2
2,6,413,0,0,500,0.6,1000,0.2,1400,0.2,1
2,7,734,1,0,500,0.6,1000,0.2,1400,0.2,2
2,8,562,1,0,300,0.5,1700,0.5,0
2,9,130,1,0,500,0.6,1000,0.2,1400,0.2,1
2,10,812,1,0,500,0.6,1000,0.2,1400,0.2,0
2,11,363,0,0,300,0.5,1700,0.5,2
2,12,415,0,0,500,0.6,1000,0.2,1400,0.2,1
2,13,271,1,0,300,0.5,1700,0.5,0
2,14,941,0,0,500,0.6,1000,0.2,1400,0.2,0
3,0,580,1,0,300,0.5,1700,0.5,0
3,1,926,0,0,500,0.6,1000,0.2,1400,0.2,1
3,2,976,2,10,5,0,500,0.6,1000,0.2,1400,0.2,0
3,3,235,2,10,5,0,500,0.6,1000,0.2,1400,0.2,1
3,4,706,2,10,5,0,300,0.5,1700,0.5,0
3,5,383,0,0,300,0.5,1700,0.5,1
3,6,87,2,10,5,0,300,0.5,1700,0.5,2
3,7,881,0,0,500,0.6,1000,0.2,1400,0.2,2
3,8,938,1,0,500,0.6,1000,0.2,1400,0.2,2
3,9,874,0,0,500,0.6,1000,0.2,1400,0.2,0
3,10,527,0,0,300,0.5,1700,0.5,1
3,11,370,2,10,5,0,300,0.5,1700,0.5,2
3,12,931,1,0,500,0.6,1000,0.2,1400,0.2,2
3,13,61,0,0,300,0.5,1700,0.5,1
3,14,972,0,0,300,0.5,1700,0.5,2
4,0,990,1,0,300,0.5,1700,0.5,0
4,1,569,0,0,300,0.5,1700,0.5,2
4,2,554,2,10,5,0,300,0.5,1700,0.5,2
4,3,992,2,10,5,0,300,0.5,1700,0.5,0
4,4,181,2,10,5,0,500,0.6,1000,0.2,1400,0.2,0
4,5,420,1,0,300,0.5,1700,0.5,2
4,6,202,1,0,300,0.5,1700,0.5,1
4,7,348,0,0,300,0.5,1700,0.5,0
4,8,425,0,0,500,0.6,1000,0.2,1400,0.2,0
4,9,574,2,10,5,0,300,0.5,1700,0.5,2
4,10,193,2,10,5,0,500,0.6,1000,0.2,1400,0.2,2
4,11,429,1,0,300,0.5,1700,0.5,1
4,12,217,0,0,500,0.6,1000,0.2,1400,0.2,1
4,13,769,0,0,500,0.6,1000,0.2,1400,0.2,0
4,14,950,0,0,500,0.6,1000,0.2,1400,0.2,1
5,0,59,1,0,500,0.6,1000,0.2,1400,0.2,0
5,1,932,0,0,300,0.5,1700,0.5,1
5,2,480,1,0,500,0.6,1000,0.2,1400,0.2,0
5,3,993,2,10,5,0,300,0.5,1700,0.5,2
5,4,373,1,0,300,0.5,1700,0.5,0
5,5,832,1,0,300,0.5,1700,0.5,1
5,6,400,0,0,500,0.6,1000,0.2,1400,0.2,0
5,7,759,1,0,300,0.5,1700,0.5,1
5,8,107,1,0,300,0.5,1700,0.5,2
5,9,282,0,0,500,0.6,1000,0.2,1400,0.2,1
5,10,939,0,0,500,0.6,1000,0.2,1400,0.2,2
5,11,435,2,10,5,0,300,0.5,1700,0.5,0
5,12,431,1,0,300,0.5,1700,0.5,2
5,13,511,1,0,500,0.6,1000,0.2,1400,0.2,2
5,14,891,1,0,500,0.6,1000,0.2,1400,0.2,1
6,0,10,1,0,500,0.6,1000,0.2,1400,0.2,0
6,1,813,2,10,5,0,500,0.6,1000,0.2,1400,0.2,2
6,2,547,1,0,500,0.6,1000,0.2,1400,0.2,1
6,3,598,2,10,5,0,500,0.6,1000,0.2,1400,0.2,0
6,4,67,0,0,500,0.6,1000,0.2,1400,0.2,1
6,5,696,2,10,5,0,500,0.6,1000,0.2,1400,0.2,1
6,6,96,0,0,300,0.5,1700,0.5,2
6,7,131,1,0,300,0.5,1700,0.5,2
6,8,368,1,0,500,0.6,1000,0.2,1400,0.2,1
6,9,245,2,10,5,0,500,0.6,1000,0.2,1400,0.2,0
6,10,655,0,0,500,0.6,1000,0.2,1400,0.2,0
6,11,838,2,10,5,0,500,0.6,1000,0.2,1400,0.2,2
6,12,812,1,0,300,0.5,1700,0.5,1
6,13,782,1,0,300,0.5,1700,0.5,0
6,14,548,1,0,300,0.5,1700,0.5,1
7,0,504,2,10,5,0,500,0.6,1000,0.2,1400,0.2,1
7,1,499,0,0,500,0.6,1000,0.2,1400,0.2,1
7,2,930,0,0,300,0.5,1700,0.5,2
7,3,875,0,0,300,0.5,1700,0.5,1
7,4,779,0,0,500,0.6,1000,0.2,1400,0.2,0
7,5,350,1,0,500,0.6,1000,0.2,1400,0.2,1
7,6,990,2,10,5,0,300,0.5,1700,0.5,1
7,7,437,1,0,300,0.5,1700,0.5,2
7,8,492,2,10,5,0,500,0.6,1000,0.2,1400,0.2,0
7,9,499,0,0,500,0.6,1000,0.2,1400,0.2,0
7,10,418,0,0,300,0.5,1700,0.5,2
7,11,106,2,10,5,0,500,0.6,1000,0.2,1400,0.2,1
7,12,236,2,10,5,0,300,0.5,1700,0.5,0
7,13,549,0,0,500,0.6,1000,0.2,1400,0.2,2
7,14,37,1,0,500,0.6,1000,0.2,1400,0.2,0
8,0,728,0,0,500,0.6,1000,0.2,1400,0.2,2
8,1,179,0,0,300,0.5,1700,0.5,1
8,2,211,0,0,300,0.5,1700,0.5,0
8,3,939,2,10,5,0,500,0.6,1000,0.2,1400,0.2,2
8,4,967,2,10,5,0,500,0.6,1000,0.2,1400,0.2,2
8,5,762,0,0,500,0.6,1000,0.2,1400,0.2,0
8,6,376,1,0,300,0.5,1700,0.5,2
8,7,541,1,0,300,0.5,1700,0.5,2
8,8,767,2,10,5,0,500,0.6,1000,0.2,1400,0.2,0
8,9,666,2,10,5,0,500,0.6,1000,0.2,1400,0.2,0
8,10,549,0,0,500,0.6,1000,0.2,1400,0.2,0
8,11,603,1,0,500,0.6,1000,0.2,1400,0.2,0
8,12,744,2,10,5,0,300,0.5,1700,0.5,2
8,13,730,2,10,5,0,500,0.6,1000,0.2,1400,0.2,0
8,14,230,1,0,500,0.6,1000,0.2,1400,0.2,2
9,0,484,1,0,500,0.6,1000,0.2,1400,0.2,0
9,1,75,0,0,300,0.5,1700,0.5,1
9,2,325,0,0,300,0.5,1700,0.5,0
9,3,694,1,0,500,0.6,1000,0.2,1400,0.2,1
9,4,168,1,0,500,0.6,1000,0.2,1400,0.2,0
9,5,561,2,10,5,0,500,0.6,1000,0.2,1400,0.2,1
9,6,478,1,0,300,0.5,1700,0.5,1
9,7,209,2,10,5,0,300,0.5,1700,0.5,0
9,8,923,0,0,500,0.6,1000,0.2,1400,0.2,1
9,9,955,1,0,500,0.6,1000,0.2,1400,0.2,0
9,10,478,0,0,300,0.5,1700,0.5,2
9,11,236,0,0,300,0.5,1700,0.5,0
9,12,761,1,0,300,0.5,1700,0.5,0
9,13,942,1,0,300,0.5,1700,0.5,0
9,14,742,1,0,500,0.6,1000,0.2,1400,0.2,1
10,0,843,0,0,500,0.6,1000,0.2,1400,0.2,2
10,1,104,1,0,300,0.5,1700,0.5,1
10,2,556,1,0,300,0.5,1700,0.5,1
10,3,51,1,0,300,0.5,1700,0.5,0
10,4,732,0,0,500,0.6,1000,0.2,1400,0.2,1
10,5,658,2,10,5,0,300,0.5,1700,0.5,0
10,6,938,1,0,300,0.5,1700,0.5,0
10,7,468,1,0,500,0.6,1000,0.2,1400,0.2,2
10,8,708,2,10,5,0,300,0.5,1700,0.5,2
10,9,188,2,10,5,0,500,0.6,1000,0.2,1400,0.2,0
10,10,180,2,10,5,0,500,0.6,1000,0.2,1400,0.2,2
10,11,580,1,0,500,0.6,1000,0.2,1400,0.2,1
10,12,882,1,0,300,0.5,1700,0.5,0
10,13,677,2,10,5,0,300,0.5,1700,0.5,1
10,14,804,2,10,5,0,500,0.6,1000,0.2,1400,0.2,1
11,0,350,1,0,300,0.5,1700,0.5,0
11,1,336,0,0,500,0.6,1000,0.2,1400,0.2,0
11,2,957,0,0,500,0.6,1000,0.2,1400,0.2,2
11,3,114,1,0,300,0.5,1700,0.5,1
11,4,178,2,10,5,0,500,0.6,1000,0.2,1400,0.2,1
11,5,456,1,0,300,0.5,1700,0.5,0
11,6,676,1,0,500,0.6,1000,0.2,1400,0.2,0
11,7,649,0,0,500,0.6,1000,0.2,1400,0.2,2
11,8,915,0,0,500,0.6,1000,0.2,1400,0.2,2
11,9,355,1,0,300,0.5,1700,0.5,0
11,10,240,1,0,300,0.5,1700,0.5,2
11,11,602,2,10,5,0,300,0.5,1700,0.5,2
11,12,806,2,10,5,0,500,0.6,1000,0.2,1400,0.2,2
11,13,707,2,10,5,0,500,0.6,1000,0.2,1400,0.2,0
11,14,627,2,10,5,0,300,0.5,1700,0.5,0
12,0,953,2,10,5,0,300,0.5,1700,0.5,2
12,1,961,1,0,500,0.6,1000,0.2,1400,0.2,0
12,2,476,1,0,300,0.5,1700,0.5,0
12,3,283,2,10,5,0,300,0.5,1700,0.5,2
12,4,972,0,0,500,0.6,1000,0.2,1400,0.2,2
12,5,525,0,0,300,0.5,1700,0.5,2
12,6,644,2,10,5,0,300,0.5,1700,0.5,0
12,7,414,0,0,500,0.6,1000,0.2,1400,0.2,2
12,8,962,0,0,500,0.6,1000,0.2,1400,0.2,1
12,9,775,2,10,5,0,500,0.6,1000,0.2,1400,0.2,2
12,10,406,2,10,5,0,500,0.6,1000,0.2,1400,0.2,2
12,11,671,0,0,500,0.6,1000,0.2,1400,0.2,0
12,12,113,1,0,300,0.5,1700,0.5,2
12,13,470,2,10,5,0,300,0.5,1700,0.5,0
12,14,519,1,0,300,0.5,1700,0.5,0
13,0,385,2,10,5,0,500,0.6,1000,0.2,1400,0.2,1
13,1,721,1,0,500,0.6,1000,0.2,1400,0.2,0
13,2,947,1,0,300,0.5,1700,0.5,0
13,3,818,2,10,5,0,500,0.6,1000,0.2,1400,0.2,2
13,4,677,0,0,300,0.5,1700,0.5,2
13,5,362,2,10,5,0,300,0.5,1700,0.5,1
13,6,802,1,0,300,0.5,1700,0.5,2
13,7,185,1,0,300,0.5,1700,0.5,1
13,8,963,0,0,300,0.5,1700,0.5,2
13,9,782,2,10,5,0,300,0.5,1700,0.5,0
13,10,955,2,10,5,0,500,0.6,1000,0.2,1400,0.2,1
13,11,757,0,0,300,0.5,1700,0.5,0
13,12,115,0,0,500,0.6,1000,0.2,1400,0.2,1
13,13,910,0,0,300,0.5,1700,0.5,0
13,14,782,1,0,300,0.5,1700,0.5,1
14,0,579,1,0,300,0.5,1700,0.5,2
14,1,533,2,10,5,0,500,0.6,1000,0.2,1400,0.2,0
14,2,486,1,0,500,0.6,1000,0.2,1400,0.2,2
14,3,183,2,10,5,0,300,0.5,1700,0.5,1
14,4,722,0,0,300,0.5,1700,0.5,1
14,5,227,0,0,300,0.5,1700,0.5,2
14,6,578,0,0,300,0.5,1700,0.5,2
14,7,957,0,0,500,0.6,1000,0.2,1400,0.2,0
14,8,646,0,0,300,0.5,1700,0.5,2
14,9,804,0,0,500,0.6,1000,0.2,1400,0.2,1
14,10,916,1,0,500,0.6,1000,0.2,1400,0.2,2
14,11,18,2,10,5,0,500,0.6,1000,0.2,1400,0.2,0
14,12,411,1,0,500,0.6,1000,0.2,1400,0.2,0
14,13,333,2,10,5,0,300,0.5,1700,0.5,1
14,14,284,1,0,500,0.6,1000,0.2,1400,0.2,2
