0,0,254,0,0,300,0.5,1700,0.5,2
0,1,880,1,0,300,0.5,1700,0.5,0
0,2,852,1,0,300,0.5,1700,0.5,1
0,3,893,2,10,5,0,300,0.5,1700,0.5,2
0,4,593,0,0,300,0.5,1700,0.5,1
0,5,807,1,0,500,0.6,1000,0.2,1400,0.2,2
0,6,985,2,10,5,0,300,0.5,1700,0.5,1
0,7,375,1,0,300,0.5,1700,0.5,1
0,8,27,1,0,500,0.6,1000,0.2,1400,0.2,2
0,9,483,2,10,5,0,500,0.6,1000,0.2,1400,0.2,0
0,10,298,0,0,500,0.6,1000,0.2,1400,0.2,0
0,11,442,0,0,300,0.5,1700,0.5,0
0,12,777,1,0,500,0.6,1000,0.2,1400,0.2,2
0,13,443,1,0,300,0.5,1700,0.5,2
0,14,832,0,0,300,0.5,1700,0.5,0
1,0,48,0,0,500,0.6,1000,0.2,1400,0.2,1
1,1,808,0,0,500,0.6,1000,0.2,1400,0.2,2
1,2,209,2,10,5,0,500,0.6,1000,0.2,1400,0.2,2
1,3,410,1,0,500,0.6,1000,0.2,1400,0.2,1
1,4,986,1,0,500,0.6,1000,0.2,1400,0.2,2
1,5,494,1,0,500,0.6,1000,0.2,1400,0.2,0
1,6,823,2,10,5,0,500,0.6,1000,0.2,1400,0.2,2
1,7,58,2,10,5,0,500,0.6,1000,0.2,1400,0.2,1
1,8,76,0,0,300,0.5,1700,0.5,2
1,9,36,0,0,300,0.5,1700,0.5,2
1,10,820,2,10,5,0,500,0.6,1000,0.2,1400,0.2,1
1,11,319,0,0,300,0.5,1700,0.5,0
1,12,851,2,10,5,0,500,0.6,1000,0.2,1400,0.2,2
1,13,830,1,0,500,0.6,1000,0.2,1400,0.2,2
1,14,792,2,10,5,0,500,0.6,1000,0.2,1400,0.2,0
2,0,149,2,10,5,0,300,0.5,1700,0.5,0
2,1,349,0,0,500,0.6,1000,0.2,1400,0.2,0
2,2,763,1,0,500,0.6,1000,0.2,1400,0.2,1
2,3,77,2,10,5,0,500,0.6,1000,0.2,1400,0.2,1
2,4,391,0,0,300,0.5,1700,0.5,0
2,5,690,1,0,500,0.6,1000,0.2,1400,0.2,0
2,6,624,2,10,5,0,500,0.6,1000,0.2,1400,0.2,2
2,7,270,1,0,300,0.5,1700,0.5,1
2,8,541,1,0,300,0.5,1700,0.5,0
2,9,970,2,10,5,0,300,0.5,1700,0.5,1
2,10,76,2,10,5,0,500,0.6,1000,0.2,1400,0.2,0
2,11,143,0,0,300,0.5,1700,0.5,1
2,12,20,2,10,5,0,500,0.6,1000,0.2,1400,0.2,2
2,13,951,0,0,500,0.6,1000,0.2,1400,0.2,2
2,14,81,2,10,5,0,300,0.5,1700,0.5,2
3,0,63,0,0,500,0.6,1000,0.2,1400,0.2,0
3,1,680,0,0,500,0.6,1000,0.2,1400,0.2,0
3,2,660,0,0,300,0.5,1700,0.5,1
3,3,385,2,10,5,0,300,0.5,1700,0.5,1
3,4,371,0,0,300,0.5,1700,0.5,1
3,5,664,2,10,5,0,500,0.6,1000,0.2,1400,0.2,2
3,6,114,0,0,500,0.6,1000,0.2,1400,0.2,2
3,7,883,0,0,500,0.6,1000,0.2,1400,0.2,0
3,8,655,1,0,300,0.5,1700,0.5,1
3,9,618,1,0,500,0.6,1000,0.2,1400,0.2,0
3,10,466,1,0,300,0.5,1700,0.5,2
3,11,613,2,10,5,0,300,0.5,1700,0.5,1
3,12,307,1,0,500,0.6,1000,0.2,1400,0.2,2
3,13,577,1,0,500,0.6,1000,0.2,1400,0.2,1
3,14,948,1,0,500,0.6,1000,0.2,1400,0.2,1
4,0,671,0,0,300,0.5,1700,0.5,0
4,1,818,0,0,300,0.5,1700,0.5,2
4,2,247,2,10,5,0,500,0.6,1000,0.2,1400,0.2,1
4,3,220,2,10,5,0,500,0.6,1000,0.2,1400,0.2,1
4,4,472,2,10,5,0,500,0.6,1000,0.2,1400,0.2,0
4,5,726,1,0,300,0.5,1700,0.5,0
4,6,99,2,10,5,0,500,0.6,1000,0.2,1400,0.2,2
4,7,638,1,0,500,0.6,1000,0.2,1400,0.2,0
4,8,802,2,10,5,0,300,0.5,1700,0.5,0
4,9,594,2,10,5,0,500,0.6,1000,0.2,1400,0.2,1
4,10,704,1,0,300,0.5,1700,0.5,2
4,11,53,2,10,5,0,300,0.5,1700,0.5,1
4,12,582,1,0,300,0.5,1700,0.5,2
4,13,128,0,0,300,0.5,1700,0.5,0
4,14,331,1,0,500,0.6,1000,0.2,1400,0.2,1
5,0,682,2,10,5,0,500,0.6,1000,0.2,1400,0.2,2
5,1,190,2,10,5,0,500,0.6,1000,0.2,1400,0.2,1
5,2,783,1,0,500,0.6,1000,0.2,1400,0.2,0
5,3,223,0,0,500,0.6,1000,0.2,1400,0.2,2
5,4,938,0,0,500,0.6,1000,0.2,1400,0.2,2
5,5,848,1,0,500,0.6,1000,0.2,1400,0.2,0
5,6,555,1,0,300,0.5,1700,0.5,0
5,7,256,1,0,300,0.5,1700,0.5,0
5,8,354,1,0,300,0.5,1700,0.5,2
5,9,930,1,0,300,0.5,1700,0.5,1
5,10,469,0,0,500,0.6,1000,0.2,1400,0.2,1
5,11,194,0,0,500,0.6,1000,0.2,1400,0.2,1
5,12,196,0,0,300,0.5,1700,0.5,0
5,13,705,1,0,300,0.5,1700,0.5,2
5,14,774,2,10,5,0,500,0.6,1000,0.2,1400,0.2,0
6,0,408,1,0,500,0.6,1000,0.2,1400,0.2,2
6,1,311,1,0,300,0.5,1700,0.5,2
6,2,866,0,0,300,0.5,1700,0.5,1
6,3,891,0,0,300,0.5,1700,0.5,2
6,4,929,2,10,5,0,500,0.6,1000,0.2,1400,0.2,1
6,5,632,1,0,300,0.5,1700,0.5,1
6,6,627,1,0,300,0.5,1700,0.5,0
6,7,359,1,0,500,0.6,1000,0.2,1400,0.2,1
6,8,228,0,0,500,0.6,1000,0.2,1400,0.2,2
6,9,727,2,10,5,0,500,0.6,1000,0.2,1400,0.2,2
6,10,100,1,0,300,0.5,1700,0.5,1
6,11,609,2,10,5,0,500,0.6,1000,0.2,1400,0.2,1
6,12,264,0,0,500,0.6,1000,0.2,1400,0.2,0
6,13,31,1,0,500,0.6,1000,0.2,1400,0.2,0
6,14,812,2,10,5,0,500,0.6,1000,0.2,1400,0.2,0
7,0,804,1,0,300,0.5,1700,0.5,1
7,1,125,1,0,500,0.6,1000,0.2,1400,0.2,0
7,2,945,2,10,5,0,300,0.5,1700,0.5,2
7,3,207,1,0,500,0.6,1000,0.2,1400,0.2,1
7,4,911,2,10,5,0,300,0.5,1700,0.5,1
7,5,121,2,10,5,0,300,0.5,1700,0.5,1
7,6,479,2,10,5,0,300,0.5,1700,0.5,2
7,7,568,1,0,500,0.6,1000,0.2,1400,0.2,2
7,8,940,1,0,500,0.6,1000,0.2,1400,0.2,1
7,9,813,1,0,500,0.6,1000,0.2,1400,0.2,2
7,10,140,2,10,5,0,500,0.6,1000,0.2,1400,0.2,1
7,11,854,2,10,5,0,500,0.6,1000,0.2,1400,0.2,2
7,12,444,0,0,300,0.5,1700,0.5,2
7,13,437,2,10,5,0,500,0.6,1000,0.2,1400,0.2,1
7,14,952,0,0,300,0.5,1700,0.5,0
8,0,363,2,10,5,0,300,0.5,1700,0.5,1
8,1,407,1,0,500,0.6,1000,0.2,1400,0.2,1
8,2,865,1,0,500,0.6,1000,0.2,1400,0.2,2
8,3,29,0,0,300,0.5,1700,0.5,2
8,4,668,1,0,300,0.5,1700,0.5,2
8,5,197,1,0,300,0.5,1700,0.5,0
8,6,373,2,10,5,0,500,0.6,1000,0.2,1400,0.2,2
8,7,162,1,0,500,0.6,1000,0.2,1400,0.2,1
8,8,606,1,0,500,0.6,1000,0.2,1400,0.2,1
8,9,173,1,0,500,0.6,1000,0.2,1400,0.2,2
8,10,648,1,0,500,0.6,1000,0.2,1400,0.2,1
8,11,581,1,0,300,0.5,1700,0.5,2
8,12,645,0,0,500,0.6,1000,0.2,1400,0.2,2
8,13,83,0,0,300,0.5,1700,0.5,0
8,14,508,1,0,300,0.5,1700,0.5,1
9,0,957,1,0,300,0.5,1700,0.5,1
9,1,893,0,0,500,0.6,1000,0.2,1400,0.2,1
9,2,170,0,0,500,0.6,1000,0.2,1400,0.2,1
9,3,954,1,0,500,0.6,1000,0.2,1400,0.2,1
9,4,248,2,10,5,0,300,0.5,1700,0.5,2
9,5,479,2,10,5,0,500,0.6,1000,0.2,1400,0.2,2
9,6,529,2,10,5,0,300,0.5,1700,0.5,0
9,7,407,1,0,300,0.5,1700,0.5,1
9,8,458,2,10,5,0,300,0.5,1700,0.5,1
9,9,959,1,0,300,0.5,1700,0.5,2
9,10,693,2,10,5,0,300,0.5,1700,0.5,1
9,11,956,2,10,5,0,500,0.6,1000,0.2,1400,0.2,1
9,12,410,0,0,300,0.5,1700,0.5,1
9,13,552,1,0,300,0.5,1700,0.5,2
9,14,849,0,0,300,0.5,1700,0.5,0
10,0,702,2,10,5,0,300,0.5,1700,0.5,2
10,1,399,0,0,500,0.6,1000,0.2,1400,0.2,1
10,2,361,2,10,5,0,300,0.5,1700,0.5,0
10,3,656,1,0,300,0.5,1700,0.5,1
10,4,609,1,0,500,0.6,1000,0.2,1400,0.2,2
10,5,219,1,0,500,0.6,1000,0.2,1400,0.2,0
10,6,523,1,0,500,0.6,1000,0.2,1400,0.2,1
10,7,638,0,0,300,0.5,1700,0.5,2
10,8,362,0,0,500,0.6,1000,0.2,1400,0.2,2
10,9,150,0,0,300,0.5,1700,0.5,1
10,10,789,0,0,500,0.6,1000,0.2,1400,0.2,2
10,11,576,0,0,300,0.5,1700,0.5,0
10,12,474,1,0,500,0.6,1000,0.2,1400,0.2,0
10,13,506,1,0,300,0.5,1700,0.5,0
10,14,274,1,0,500,0.6,1000,0.2,1400,0.2,2
11,0,215,1,0,300,0.5,1700,0.5,2
11,1,860,2,10,5,0,300,0.5,1700,0.5,2
11,2,766,0,0,500,0.6,1000,0.2,1400,0.2,0
11,3,391,0,0,300,0.5,1700,0.5,1
11,4,973,0,0,500,0.6,1000,0.2,1400,0.2,2
11,5,134,1,0,300,0.5,1700,0.5,2
11,6,987,0,0,500,0.6,1000,0.2,1400,0.2,1
11,7,648,2,10,5,0,300,0.5,1700,0.5,1
11,8,738,1,0,300,0.5,1700,0.5,1
11,9,466,0,0,300,0.5,1700,0.5,0
11,10,850,2,10,5,0,500,0.6,1000,0.2,1400,0.2,2
11,11,53,0,0,300,0.5,1700,0.5,1
11,12,717,0,0,300,0.5,1700,0.5,1
11,13,714,2,10,5,0,300,0.5,1700,0.5,2
11,14,388,0,0,500,0.6,1000,0.2,1400,0.2,0
12,0,102,1,0,500,0.6,1000,0.2,1400,0.2,0
12,1,903,1,0,300,0.5,1700,0.5,0
12,2,700,0,0,500,0.6,1000,0.2,1400,0.2,1
12,3,508,0,0,500,0.6,1000,0.2,1400,0.2,1
12,4,124,1,0,500,0.6,1000,0.2,1400,0.2,2
12,5,507,0,0,500,0.6,1000,0.2,1400,0.2,2
12,6,142,2,10,5,0,500,0.6,1000,0.2,1400,0.2,0
12,7,714,1,0,300,0.5,1700,0.5,2
12,8,353,0,0,500,0.6,1000,0.2,1400,0.2,0
12,9,626,2,10,5,0,500,0.6,1000,0.2,1400,0.2,1
12,10,255,0,0,300,0.5,1700,0.5,2
12,11,342,1,0,300,0.5,1700,0.5,0
12,12,609,0,0,300,0.5,1700,0.5,1
12,13,385,2,10,5,0,300,0.5,1700,0.5,1
12,14,453,0,0,500,0.6,1000,0.2,1400,0.2,1
13,0,447,1,0,300,0.5,1700,0.5,0
13,1,495,1,0,500,0.6,1000,0.2,1400,0.2,0
13,2,97,0,0,500,0.6,1000,0.2,1400,0.2,1
13,3,834,1,0,500,0.6,1000,0.2,1400,0.2,0
13,4,921,2,10,5,0,500,0.6,1000,0.2,1400,0.2,2
13,5,29,2,10,5,0,500,0.6,1000,0.2,1400,0.2,1
13,6,610,2,10,5,0,300,0.5,1700,0.5,1
13,7,728,1,0,300,0.5,1700,0.5,1
13,8,761,0,0,300,0.5,1700,0.5,1
13,9,424,0,0,500,0.6,1000,0.2,1400,0.2,0
13,10,721,2,10,5,0,500,0.6,1000,0.2,1400,0.2,2
13,11,482,0,0,300,0.5,1700,0.5,0
13,12,653,0,0,500,0.6,1000,0.2,1400,0.2,1
13,13,347,0,0,500,0.6,1000,0.2,1400,0.2,2
13,14,536,2,10,5,0,500,0.6,1000,0.2,1400,0.2,2
14,0,452,1,0,300,0.5,1700,0.5,0
14,1,336,0,0,500,0.6,1000,0.2,1400,0.2,2
14,2,886,2,10,5,0,300,0.5,1700,0.5,1
14,3,728,2,10,5,0,500,0.6,1000,0.2,1400,0.2,0
14,4,324,0,0,500,0.6,1000,0.2,1400,0.2,1
14,5,503,2,10,5,0,300,0.5,1700,0.5,2
14,6,183,1,0,300,0.5,1700,0.5,0
14,7,310,0,0,500,0.6,1000,0.2,1400,0.2,2
14,8,392,0,0,500,0.6,1000,0.2,1400,0.2,0
14,9,302,0,0,500,0.6,1000,0.2,1400,0.2,0
14,10,95,1,0,500,0.6,1000,0.2,1400,0.2,1
14,11,410,0,0,300,0.5,1700,0.5,1
14,12,416,0,0,300,0.5,1700,0.5,1
14,13,830,0,0,300,0.5,1700,0.5,2
14,14,912,1,0,300,0.5,1700,0.5,0
