0,0,365,1,0,300,0.5,1700,0.5,1
0,1,438,2,10,5,0,500,0.6,1000,0.2,1400,0.2,0
0,2,777,2,10,5,0,300,0.5,1700,0.5,1
0,3,550,0,0,300,0.5,1700,0.5,2
0,4,988,0,0,500,0.6,1000,0.2,1400,0.2,0
0,5,265,0,0,300,0.5,1700,0.5,1
0,6,725,0,0,500,0.6,1000,0.2,1400,0.2,2
0,7,612,0,0,500,0.6,1000,0.2,1400,0.2,0
0,8,283,0,0,500,0.6,1000,0.2,1400,0.2,1
0,9,22,2,10,5,0,300,0.5,1700,0.5,0
0,10,575,1,0,500,0.6,1000,0.2,1400,0.2,0
0,11,416,2,10,5,0,500,0.6,1000,0.2,1400,0.2,0
0,12,732,1,0,300,0.5,1700,0.5,0
0,13,453,0,0,300,0.5,1700,0.5,1
0,14,685,0,0,300,0.5,1700,0.5,0
1,0,982,2,10,5,0,500,0.6,1000,0.2,1400,0.2,2
1,1,159,0,0,500,0.6,1000,0.2,1400,0.2,2
1,2,203,2,10,5,0,500,0.6,1000,0.2,1400,0.2,1
1,3,249,0,0,500,0.6,1000,0.2,1400,0.2,0
1,4,130,1,0,300,0.5,1700,0.5,0
1,5,661,0,0,300,0.5,1700,0.5,2
1,6,532,0,0,500,0.6,1000,0.2,1400,0.2,0
1,7,129,0,0,300,0.5,1700,0.5,1
1,8,184,2,10,5,0,300,0.5,1700,0.5,0
1,9,409,2,10,5,0,500,0.6,1000,0.2,1400,0.2,2
1,10,754,1,0,300,0.5,1700,0.5,0
1,11,831,1,0,500,0.6,1000,0.2,1400,0.2,0
1,12,458,0,0,500,0.6,1000,0.2,1400,0.2,0
1,13,196,1,0,300,0.5,1700,0.5,2
1,14,322,2,10,5,0,300,0.5,1700,0.5,1
2,0,417,0,0,300,0.5,1700,0.5,2
2,1,993,0,0,300,0.5,1700,0.5,2
2,2,412,0,0,500,0.6,1000,0.2,1400,0.2,2
2,3,303,0,0,500,0.6,1000,0.2,1400,0.2,0
2,4,809,2,10,5,0,500,0.6,1000,0.2,1400,0.2,0
2,5,947,1,0,500,0.6,1000,0.2,1400,0.2,0
2,6,44,1,0,500,0.6,1000,0.2,1400,0.2,0
2,7,309,2,10,5,0,300,0.5,1700,0.5,2
2,8,500,0,0,300,0.5,1700,0.5,2
2,9,818,1,0,300,0.5,1700,0.5,0
2,10,155,2,10,5,0,500,0.6,1000,0.2,1400,0.2,2
2,11,313,2,10,5,0,500,0.6,1000,0.2,1400,0.2,2
2,12,782,1,0,500,0.6,1000,0.2,1400,0.2,1
2,13,576,0,0,500,0.6,1000,0.2,1400,0.2,0
2,14,269,0,0,300,0.5,1700,0.5,1
3,0,358,2,10,5,0,300,0.5,1700,0.5,2
3,1,597,0,0,500,0.6,1000,0.2,1400,0.2,1
3,2,687,1,0,300,0.5,1700,0.5,1
3,3,474,0,0,500,0.6,1000,0.2,1400,0.2,2
3,4,636,0,0,500,0.6,1000,0.2,1400,0.2,1
3,5,355,1,0,500,0.6,1000,0.2,1400,0.2,2
3,6,213,1,0,300,0.5,1700,0.5,2
3,7,71,1,0,500,0.6,1000,0.2,1400,0.2,2
3,8,373,1,0,300,0.5,1700,0.5,1
3,9,705,2,10,5,0,500,0.6,1000,0.2,1400,0.2,0
3,10,10,1,0,300,0.5,1700,0.5,1
3,11,384,2,10,5,0,300,0.5,1700,0.5,2
3,12,617,1,0,300,0.5,1700,0.5,2
3,13,779,2,10,5,0,300,0.5,1700,0.5,1
3,14,983,1,0,300,0.5,1700,0.5,1
4,0,215,0,0,500,0.6,1000,0.2,1400,0.2,1
4,1,804,1,0,500,0.6,1000,0.2,1400,0.2,2
4,2,120,2,10,5,0,500,0.6,1000,0.2,1400,0.2,2
4,3,145,0,0,300,0.5,1700,0.5,2
4,4,824,2,10,5,0,300,0.5,1700,0.5,0
4,5,287,1,0,500,0.6,1000,0.2,1400,0.2,1
4,6,971,2,10,5,0,300,0.5,1700,0.5,2
4,7,152,2,10,5,0,500,0.6,1000,0.2,1400,0.2,2
4,8,172,0,0,500,0.6,1000,0.2,1400,0.2,2
4,9,605,0,0,300,0.5,1700,0.5,2
4,10,78,0,0,300,0.5,1700,0.5,2
4,11,458,2,10,5,0,500,0.6,1000,0.2,1400,0.2,0
4,12,548,1,0,300,0.5,1700,0.5,1
4,13,542,2,10,5,0,300,0.5,1700,0.5,2
4,14,931,2,10,5,0,300,0.5,1700,0.5,2
5,0,670,1,0,500,0.6,1000,0.2,1400,0.2,2
5,1,62,1,0,300,0.5,1700,0.5,2
5,2,136,0,0,300,0.5,1700,0.5,0
5,3,204,2,10,5,0,500,0.6,1000,0.2,1400,0.2,1
5,4,515,2,10,5,0,500,0.6,1000,0.2,1400,0.2,0
5,5,121,2,10,5,0,500,0.6,1000,0.2,1400,0.2,0
5,6,462,1,0,500,0.6,1000,0.2,1400,0.2,1
5,7,974,1,0,500,0.6,1000,0.2,1400,0.2,0
5,8,514,2,10,5,0,500,0.6,1000,0.2,1400,0.2,1
5,9,312,1,0,500,0.6,1000,0.2,1400,0.2,1
5,10,774,2,10,5,0,300,0.5,1700,0.5,1
5,11,857,0,0,300,0.5,1700,0.5,1
5,12,827,1,0,500,0.6,1000,0.2,1400,0.2,1
5,13,992,0,0,500,0.6,1000,0.2,1400,0.2,2
5,14,309,2,10,5,0,300,0.5,1700,0.5,1
6,0,297,0,0,500,0.6,1000,0.2,1400,0.2,2
6,1,127,2,10,5,0,300,0.5,1700,0.5,1
6,2,282,0,0,300,0.5,1700,0.5,2
6,3,240,1,0,300,0.5,1700,0.5,0
6,4,663,2,10,5,0,300,0.5,1700,0.5,2
6,5,645,2,10,5,0,500,0.6,1000,0.2,1400,0.2,2
6,6,191,0,0,500,0.6,1000,0.2,1400,0.2,0
6,7,179,1,0,300,0.5,1700,0.5,1
6,8,985,0,0,500,0.6,1000,0.2,1400,0.2,2
6,9,606,2,10,5,0,300,0.5,1700,0.5,2
6,10,28,0,0,300,0.5,1700,0.5,0
6,11,262,2,10,5,0,300,0.5,1700,0.5,2
6,12,470,0,0,300,0.5,1700,0.5,0
6,13,107,0,0,300,0.5,1700,0.5,1
6,14,834,2,10,5,0,300,0.5,1700,0.5,0
7,0,866,0,0,300,0.5,1700,0.5,1
7,1,196,0,0,300,0.5,1700,0.5,1
7,2,608,0,0,300,0.5,1700,0.5,1
7,3,815,0,0,500,0.6,1000,0.2,1400,0.2,1
7,4,904,1,0,500,0.6,1000,0.2,1400,0.2,1
7,5,771,0,0,300,0.5,1700,0.5,0
7,6,595,0,0,500,0.6,1000,0.2,1400,0.2,2
7,7,683,1,0,300,0.5,1700,0.5,0
7,8,238,1,0,300,0.5,1700,0.5,0
7,9,301,1,0,300,0.5,1700,0.5,2
7,10,557,0,0,300,0.5,1700,0.5,2
7,11,411,2,10,5,0,300,0.5,1700,0.5,2
7,12,142,1,0,300,0.5,1700,0.5,1
7,13,385,1,0,300,0.5,1700,0.5,2
7,14,112,0,0,500,0.6,1000,0.2,1400,0.2,2
8,0,299,2,10,5,0,300,0.5,1700,0.5,1
8,1,403,0,0,300,0.5,1700,0.5,2
8,2,555,0,0,500,0.6,1000,0.2,1400,0.2,0
8,3,418,2,10,5,0,500,0.6,1000,0.2,1400,0.2,2
8,4,469,0,0,500,0.6,1000,0.2,1400,0.2,0
8,5,105,2,10,5,0,300,0.5,1700,0.5,0
8,6,386,0,0,300,0.5,1700,0.5,1
8,7,286,0,0,500,0.6,1000,0.2,1400,0.2,2
8,8,94,1,0,300,0.5,1700,0.5,2
8,9,437,2,10,5,0,300,0.5,1700,0.5,2
8,10,545,2,10,5,0,300,0.5,1700,0.5,2
8,11,801,1,0,500,0.6,1000,0.2,1400,0.2,2
8,12,617,1,0,500,0.6,1000,0.2,1400,0.2,1
8,13,26,2,10,5,0,300,0.5,1700,0.5,1
8,14,409,0,0,500,0.6,1000,0.2,1400,0.2,0
9,0,712,0,0,300,0.5,1700,0.5,2
9,1,365,0,0,500,0.6,1000,0.2,1400,0.2,1
9,2,474,0,0,500,0.6,1000,0.2,1400,0.2,1
9,3,857,0,0,300,0.5,1700,0.5,0
9,4,296,2,10,5,0,500,0.6,1000,0.2,1400,0.2,0
9,5,29,2,10,5,0,500,0.6,1000,0.2,1400,0.2,1
9,6,256,1,0,500,0.6,1000,0.2,1400,0.2,1
9,7,228,2,10,5,0,500,0.6,1000,0.2,1400,0.2,0
9,8,230,2,10,5,0,300,0.5,1700,0.5,2
9,9,155,0,0,300,0.5,1700,0.5,2
9,10,283,2,10,5,0,300,0.5,1700,0.5,1
9,11,519,0,0,300,0.5,1700,0.5,1
9,12,572,2,10,5,0,300,0.5,1700,0.5,0
9,13,782,0,0,500,0.6,1000,0.2,1400,0.2,0
9,14,763,2,10,5,0,500,0.6,1000,0.2,1400,0.2,2
10,0,228,0,0,500,0.6,1000,0.2,1400,0.2,2
10,1,498,1,0,500,0.6,1000,0.2,1400,0.2,2
10,2,483,0,0,500,0.6,1000,0.2,1400,0.2,2
10,3,183,2,10,5,0,300,0.5,1700,0.5,2
10,4,454,1,0,300,0.5,1700,0.5,1
10,5,293,2,10,5,0,500,0.6,1000,0.2,1400,0.2,1
10,6,580,0,0,300,0.5,1700,0.5,0
10,7,946,0,0,300,0.5,1700,0.5,2
10,8,735,2,10,5,0,300,0.5,1700,0.5,1
10,9,537,2,10,5,0,500,0.6,1000,0.2,1400,0.2,1
10,10,321,0,0,300,0.5,1700,0.5,2
10,11,577,2,10,5,0,500,0.6,1000,0.2,1400,0.2,2
10,12,395,0,0,300,0.5,1700,0.5,2
10,13,682,2,10,5,0,300,0.5,1700,0.5,0
10,14,366,2,10,5,0,300,0.5,1700,0.5,1
11,0,733,1,0,300,0.5,1700,0.5,2
11,1,64,0,0,500,0.6,1000,0.2,1400,0.2,0
11,2,500,2,10,5,0,500,0.6,1000,0.2,1400,0.2,1
11,3,962,2,10,5,0,300,0.5,1700,0.5,1
11,4,23,2,10,5,0,300,0.5,1700,0.5,0
11,5,58,1,0,500,0.6,1000,0.2,1400,0.2,0
11,6,60,2,10,5,0,500,0.6,1000,0.2,1400,0.2,2
11,7,32,1,0,500,0.6,1000,0.2,1400,0.2,1
11,8,314,1,0,500,0.6,1000,0.2,1400,0.2,1
11,9,439,1,0,300,0.5,1700,0.5,2
11,10,437,1,0,300,0.5,1700,0.5,2
11,11,412,0,0,500,0.6,1000,0.2,1400,0.2,2
11,12,51,0,0,300,0.5,1700,0.5,1
11,13,582,0,0,500,0.6,1000,0.2,1400,0.2,2
11,14,104,1,0,500,0.6,1000,0.2,1400,0.2,0
12,0,458,2,10,5,0,300,0.5,1700,0.5,1
12,1,711,0,0,300,0.5,1700,0.5,2
12,2,214,0,0,500,0.6,1000,0.2,1400,0.2,1
12,3,771,2,10,5,0,500,0.6,1000,0.2,1400,0.2,1
12,4,598,1,0,300,0.5,1700,0.5,2
12,5,720,1,0,300,0.5,1700,0.5,0
12,6,167,1,0,500,0.6,1000,0.2,1400,0.2,0
12,7,759,1,0,500,0.6,1000,0.2,1400,0.2,0
12,8,478,2,10,5,0,500,0.6,1000,0.2,1400,0.2,2
12,9,867,2,10,5,0,300,0.5,1700,0.5,2
12,10,813,1,0,500,0.6,1000,0.2,1400,0.2,0
12,11,138,0,0,500,0.6,1000,0.2,1400,0.2,1
12,12,800,1,0,300,0.5,1700,0.5,1
12,13,822,2,10,5,0,300,0.5,1700,0.5,1
12,14,670,0,0,500,0.6,1000,0.2,1400,0.2,2
13,0,178,1,0,300,0.5,1700,0.5,0
13,1,144,1,0,300,0.5,1700,0.5,1
13,2,599,2,10,5,0,500,0.6,1000,0.2,1400,0.2,1
13,3,198,0,0,500,0.6,1000,0.2,1400,0.2,0
13,4,807,0,0,500,0.6,1000,0.2,1400,0.2,0
13,5,252,0,0,500,0.6,1000,0.2,1400,0.2,1
13,6,835,0,0,500,0.6,1000,0.2,1400,0.2,2
13,7,230,2,10,5,0,300,0.5,1700,0.5,1
13,8,378,1,0,500,0.6,1000,0.2,1400,0.2,1
13,9,28,2,10,5,0,500,0.6,1000,0.2,1400,0.2,1
13,10,978,0,0,500,0.6,1000,0.2,1400,0.2,1
13,11,863,0,0,500,0.6,1000,0.2,1400,0.2,2
13,12,662,0,0,500,0.6,1000,0.2,1400,0.2,1
13,13,895,2,10,5,0,500,0.6,1000,0.2,1400,0.2,1
13,14,746,1,0,500,0.6,1000,0.2,1400,0.2,2
14,0,45,0,0,300,0.5,1700,0.5,2
14,1,325,0,0,500,0.6,1000,0.2,1400,0.2,0
14,2,991,1,0,300,0.5,1700,0.5,0
14,3,991,0,0,300,0.5,1700,0.5,0
14,4,217,1,0,500,0.6,1000,0.2,1400,0.2,1
14,5,30,2,10,5,0,300,0.5,1700,0.5,2
14,6,157,2,10,5,0,500,0.6,1000,0.2,1400,0.2,1
14,7,655,0,0,500,0.6,1000,0.2,1400,0.2,0
14,8,377,0,0,300,0.5,1700,0.5,1
14,9,487,1,0,300,0.5,1700,0.5,2
14,10,930,1,0,300,0.5,1700,0.5,2
14,11,17,1,0,300,0.5,1700,0.5,1
14,12,676,0,0,500,0.6,1000,0.2,1400,0.2,0
14,13,91,1,0,500,0.6,1000,0.2,1400,0.2,0
14,14,27,2,10,5,0,500,0.6,1000,0.2,1400,0.2,2
