0,0,460,2,10,5,0,300,0.5,1700,0.5,1
0,1,19,1,0,500,0.6,1000,0.2,1400,0.2,2
0,2,772,0,0,300,0.5,1700,0.5,0
0,3,539,0,0,300,0.5,1700,0.5,0
0,4,168,2,10,5,0,300,0.5,1700,0.5,1
0,5,159,0,0,300,0.5,1700,0.5,1
0,6,48,0,0,500,0.6,1000,0.2,1400,0.2,0
0,7,222,2,10,5,0,300,0.5,1700,0.5,2
0,8,87,2,10,5,0,500,0.6,1000,0.2,1400,0.2,0
0,9,607,0,0,500,0.6,1000,0.2,1400,0.2,1
0,10,991,0,0,500,0.6,1000,0.2,1400,0.2,1
0,11,510,0,0,500,0.6,1000,0.2,1400,0.2,0
0,12,288,1,0,500,0.6,1000,0.2,1400,0.2,0
0,13,136,1,0,300,0.5,1700,0.5,1
0,14,966,0,0,500,0.6,1000,0.2,1400,0.2,2
1,0,317,2,10,5,0,500,0.6,1000,0.2,1400,0.2,1
1,1,99,0,0,500,0.6,1000,0.2,1400,0.2,2
1,2,613,1,0,500,0.6,1000,0.2,1400,0.2,2
1,3,411,0,0,500,0.6,1000,0.2,1400,0.2,2
1,4,267,2,10,5,0,500,0.6,1000,0.2,1400,0.2,2
1,5,310,0,0,500,0.6,1000,0.2,1400,0.2,1
1,6,862,2,10,5,0,500,0.6,1000,0.2,1400,0.2,2
1,7,220,1,0,500,0.6,1000,0.2,1400,0.2,0
1,8,738,0,0,300,0.5,1700,0.5,0
1,9,697,2,10,5,0,500,0.6,1000,0.2,1400,0.2,0
1,10,494,1,0,300,0.5,1700,0.5,1
1,11,768,1,0,500,0.6,1000,0.2,1400,0.2,0
1,12,469,1,0,300,0.5,1700,0.5,1
1,13,660,1,0,500,0.6,1000,0.2,1400,0.2,1
1,14,889,2,10,5,0,500,0.6,1000,0.2,1400,0.2,2
2,0,770,1,0,300,0.5,1700,0.5,1
2,1,484,0,0,500,0.6,1000,0.2,1400,0.2,0
2,2,175,0,0,500,0.6,1000,0.2,1400,0.2,2
2,3,355,1,0,300,0.5,1700,0.5,2
2,4,719,1,0,300,0.5,1700,0.5,1
2,5,339,1,0,500,0.6,1000,0.2,1400,0.2,2
2,6,621,2,10,5,0,300,0.5,1700,0.5,2
2,7,143,2,10,5,0,300,0.5,1700,0.5,0
2,8,171,2,10,5,0,300,0.5,1700,0.5,2
2,9,371,2,10,5,0,300,0.5,1700,0.5,2
2,10,729,1,0,300,0.5,1700,0.5,0
2,11,283,0,0,500,0.6,1000,0.2,1400,0.2,2
2,12,313,0,0,300,0.5,1700,0.5,1
2,13,113,2,10,5,0,500,0.6,1000,0.2,1400,0.2,1
2,14,25,1,0,500,0.6,1000,0.2,1400,0.2,2
3,0,302,0,0,300,0.5,1700,0.5,2
3,1,603,0,0,500,0.6,1000,0.2,1400,0.2,0
3,2,719,2,10,5,0,500,0.6,1000,0.2,1400,0.2,1
3,3,238,2,10,5,0,300,0.5,1700,0.5,2
3,4,57,0,0,300,0.5,1700,0.5,2
3,5,805,2,10,5,0,500,0.6,1000,0.2,1400,0.2,2
3,6,779,1,0,300,0.5,1700,0.5,1
3,7,183,1,0,300,0.5,1700,0.5,2
3,8,704,0,0,300,0.5,1700,0.5,0
3,9,742,2,10,5,0,500,0.6,1000,0.2,1400,0.2,2
3,10,440,2,10,5,0,500,0.6,1000,0.2,1400,0.2,0
3,11,767,0,0,500,0.6,1000,0.2,1400,0.2,1
3,12,285,1,0,300,0.5,1700,0.5,1
3,13,110,1,0,300,0.5,1700,0.5,0
3,14,137,2,10,5,0,500,0.6,1000,0.2,1400,0.2,0
4,0,170,1,0,300,0.5,1700,0.5,0
4,1,942,2,10,5,0,500,0.6,1000,0.2,1400,0.2,2
4,2,10,2,10,5,0,300,0.5,1700,0.5,0
4,3,728,1,0,500,0.6,1000,0.2,1400,0.2,0
4,4,597,0,0,500,0.6,1000,0.2,1400,0.2,2
4,5,138,2,10,5,0,500,0.6,1000,0.2,1400,0.2,0
4,6,371,0,0,500,0.6,1000,0.2,1400,0.2,0
4,7,675,0,0,300,0.5,1700,0.5,0
4,8,867,1,0,300,0.5,1700,0.5,1
4,9,453,2,10,5,0,500,0.6,1000,0.2,1400,0.2,0
4,10,123,0,0,300,0.5,1700,0.5,0
4,11,593,0,0,500,0.6,1000,0.2,1400,0.2,0
4,12,213,0,0,500,0.6,1000,0.2,1400,0.2,1
4,13,807,2,10,5,0,500,0.6,1000,0.2,1400,0.2,1
4,14,877,2,10,5,0,500,0.6,1000,0.2,1400,0.2,2
5,0,675,1,0,500,0.6,1000,0.2,1400,0.2,1
5,1,406,0,0,300,0.5,1700,0.5,2
5,2,262,0,0,300,0.5,1700,0.5,1
5,3,462,2,10,5,0,300,0.5,1700,0.5,0
5,4,685,1,0,500,0.6,1000,0.2,1400,0.2,2
5,5,798,2,10,5,0,500,0.6,1000,0.2,1400,0.2,0
5,6,694,1,0,500,0.6,1000,0.2,1400,0.2,1
5,7,449,2,10,5,0,300,0.5,1700,0.5,0
5,8,189,2,10,5,0,300,0.5,1700,0.5,1
5,9,417,2,10,5,0,500,0.6,1000,0.2,1400,0.2,0
5,10,848,1,0,300,0.5,1700,0.5,2
5,11,649,0,0,500,0.6,1000,0.2,1400,0.2,1
5,12,856,2,10,5,0,300,0.5,1700,0.5,0
5,13,887,1,0,500,0.6,1000,0.2,1400,0.2,0
5,14,551,0,0,300,0.5,1700,0.5,2
6,0,315,0,0,300,0.5,1700,0.5,1
6,1,955,0,0,300,0.5,1700,0.5,0
6,2,496,2,10,5,0,500,0.6,1000,0.2,1400,0.2,2
6,3,531,1,0,500,0.6,1000,0.2,1400,0.2,2
6,4,104,1,0,300,0.5,1700,0.5,1
6,5,135,0,0,500,0.6,1000,0.2,1400,0.2,2
6,6,576,2,10,5,0,300,0.5,1700,0.5,0
6,7,835,1,0,500,0.6,1000,0.2,1400,0.2,1
6,8,550,2,10,5,0,500,0.6,1000,0.2,1400,0.2,1
6,9,423,1,0,500,0.6,1000,0.2,1400,0.2,1
6,10,105,0,0,300,0.5,1700,0.5,2
6,11,103,2,10,5,0,500,0.6,1000,0.2,1400,0.2,0
6,12,750,0,0,500,0.6,1000,0.2,1400,0.2,1
6,13,229,2,10,5,0,500,0.6,1000,0.2,1400,0.2,2
6,14,387,2,10,5,0,500,0.6,1000,0.2,1400,0.2,0
7,0,925,2,10,5,0,500,0.6,1000,0.2,1400,0.2,2
7,1,25,1,0,500,0.6,1000,0.2,1400,0.2,1
7,2,665,0,0,500,0.6,1000,0.2,1400,0.2,0
7,3,620,1,0,300,0.5,1700,0.5,1
7,4,949,1,0,500,0.6,1000,0.2,1400,0.2,1
7,5,121,1,0,300,0.5,1700,0.5,1
7,6,216,1,0,300,0.5,1700,0.5,1
7,7,603,2,10,5,0,300,0.5,1700,0.5,1
7,8,198,2,10,5,0,300,0.5,1700,0.5,1
7,9,320,2,10,5,0,300,0.5,1700,0.5,1
7,10,531,0,0,300,0.5,1700,0.5,0
7,11,831,0,0,500,0.6,1000,0.2,1400,0.2,2
7,12,769,1,0,300,0.5,1700,0.5,1
7,13,319,2,10,5,0,500,0.6,1000,0.2,1400,0.2,1
7,14,809,1,0,300,0.5,1700,0.5,2
8,0,614,2,10,5,0,500,0.6,1000,0.2,1400,0.2,2
8,1,645,0,0,300,0.5,1700,0.5,1
8,2,363,2,10,5,0,300,0.5,1700,0.5,0
8,3,834,0,0,300,0.5,1700,0.5,2
8,4,239,0,0,500,0.6,1000,0.2,1400,0.2,1
8,5,118,2,10,5,0,500,0.6,1000,0.2,1400,0.2,0
8,6,424,2,10,5,0,300,0.5,1700,0.5,1
8,7,864,1,0,300,0.5,1700,0.5,1
8,8,407,2,10,5,0,300,0.5,1700,0.5,2
8,9,756,1,0,300,0.5,1700,0.5,1
8,10,843,1,0,300,0.5,1700,0.5,0
8,11,340,1,0,300,0.5,1700,0.5,2
8,12,919,1,0,500,0.6,1000,0.2,1400,0.2,2
8,13,612,2,10,5,0,300,0.5,1700,0.5,1
8,14,15,0,0,300,0.5,1700,0.5,2
9,0,774,1,0,500,0.6,1000,0.2,1400,0.2,0
9,1,539,2,10,5,0,500,0.6,1000,0.2,1400,0.2,1
9,2,77,2,10,5,0,500,0.6,1000,0.2,1400,0.2,0
9,3,541,1,0,500,0.6,1000,0.2,1400,0.2,0
9,4,350,0,0,300,0.5,1700,0.5,1
9,5,801,0,0,500,0.6,1000,0.2,1400,0.2,1
9,6,98,2,10,5,0,500,0.6,1000,0.2,1400,0.2,0
9,7,659,2,10,5,0,300,0.5,1700,0.5,2
9,8,758,0,0,300,0.5,1700,0.5,1
9,9,553,0,0,500,0.6,1000,0.2,1400,0.2,1
9,10,323,2,10,5,0,300,0.5,1700,0.5,0
9,11,380,1,0,500,0.6,1000,0.2,1400,0.2,2
9,12,260,2,10,5,0,300,0.5,1700,0.5,1
9,13,297,0,0,300,0.5,1700,0.5,1
9,14,842,2,10,5,0,300,0.5,1700,0.5,0
10,0,472,1,0,500,0.6,1000,0.2,1400,0.2,0
10,1,842,2,10,5,0,500,0.6,1000,0.2,1400,0.2,1
10,2,658,0,0,500,0.6,1000,0.2,1400,0.2,2
10,3,311,0,0,500,0.6,1000,0.2,1400,0.2,2
10,4,384,0,0,500,0.6,1000,0.2,1400,0.2,1
10,5,493,0,0,300,0.5,1700,0.5,1
10,6,396,2,10,5,0,500,0.6,1000,0.2,1400,0.2,2
10,7,106,0,0,300,0.5,1700,0.5,0
10,8,447,1,0,300,0.5,1700,0.5,1
10,9,622,2,10,5,0,300,0.5,1700,0.5,0
10,10,444,2,10,5,0,500,0.6,1000,0.2,1400,0.2,1
10,11,118,0,0,300,0.5,1700,0.5,1
10,12,147,0,0,300,0.5,1700,0.5,1
10,13,980,2,10,5,0,500,0.6,1000,0.2,1400,0.2,2
10,14,527,2,10,5,0,500,0.6,1000,0.2,1400,0.2,2
11,0,282,0,0,300,0.5,1700,0.5,1
11,1,569,2,10,5,0,500,0.6,1000,0.2,1400,0.2,0
11,2,571,2,10,5,0,300,0.5,1700,0.5,2
11,3,615,2,10,5,0,300,0.5,1700,0.5,1
11,4,374,2,10,5,0,500,0.6,1000,0.2,1400,0.2,2
11,5,568,1,0,500,0.6,1000,0.2,1400,0.2,2
11,6,37,2,10,5,0,300,0.5,1700,0.5,1
11,7,326,0,0,500,0.6,1000,0.2,1400,0.2,1
11,8,851,2,10,5,0,500,0.6,1000,0.2,1400,0.2,2
11,9,280,2,10,5,0,300,0.5,1700,0.5,1
11,10,56,2,10,5,0,500,0.6,1000,0.2,1400,0.2,0
11,11,20,2,10,5,0,500,0.6,1000,0.2,1400,0.2,1
11,12,368,1,0,500,0.6,1000,0.2,1400,0.2,2
11,13,221,0,0,500,0.6,1000,0.2,1400,0.2,2
11,14,212,2,10,5,0,500,0.6,1000,0.2,1400,0.2,0
12,0,400,2,10,5,0,300,0.5,1700,0.5,0
12,1,179,0,0,300,0.5,1700,0.5,1
12,2,205,1,0,300,0.5,1700,0.5,0
12,3,41,1,0,500,0.6,1000,0.2,1400,0.2,2
12,4,996,1,0,500,0.6,1000,0.2,1400,0.2,1
12,5,674,1,0,500,0.6,1000,0.2,1400,0.2,2
12,6,788,1,0,500,0.6,1000,0.2,1400,0.2,0
12,7,564,2,10,5,0,300,0.5,1700,0.5,1
12,8,372,0,0,300,0.5,1700,0.5,0
12,9,850,1,0,300,0.5,1700,0.5,0
12,10,222,1,0,500,0.6,1000,0.2,1400,0.2,2
12,11,103,2,10,5,0,300,0.5,1700,0.5,1
12,12,95,2,10,5,0,300,0.5,1700,0.5,2
12,13,241,0,0,300,0.5,1700,0.5,0
12,14,234,1,0,500,0.6,1000,0.2,1400,0.2,2
13,0,22,1,0,300,0.5,1700,0.5,2
13,1,348,2,10,5,0,500,0.6,1000,0.2,1400,0.2,0
13,2,85,1,0,300,0.5,1700,0.5,0
13,3,587,0,0,300,0.5,1700,0.5,1
13,4,782,1,0,300,0.5,1700,0.5,1
13,5,662,2,10,5,0,500,0.6,1000,0.2,1400,0.2,0
13,6,428,2,10,5,0,300,0.5,1700,0.5,0
13,7,214,1,0,300,0.5,1700,0.5,1
13,8,94,1,0,500,0.6,1000,0.2,1400,0.2,0
13,9,719,2,10,5,0,300,0.5,1700,0.5,2
13,10,286,0,0,500,0.6,1000,0.2,1400,0.2,0
13,11,263,1,0,300,0.5,1700,0.5,1
13,12,230,1,0,300,0.5,1700,0.5,0
13,13,34,1,0,300,0.5,1700,0.5,1
13,14,569,0,0,300,0.5,1700,0.5,0
14,0,777,0,0,300,0.5,1700,0.5,2
14,1,985,2,10,5,0,500,0.6,1000,0.2,1400,0.2,0
14,2,25,0,0,300,0.5,1700,0.5,2
14,3,499,1,0,300,0.5,1700,0.5,1
14,4,915,2,10,5,0,500,0.6,1000,0.2,1400,0.2,0
14,5,779,0,0,300,0.5,1700,0.5,1
14,6,271,1,0,500,0.6,1000,0.2,1400,0.2,2
14,7,797,1,0,500,0.6,1000,0.2,1400,0.2,1
14,8,505,1,0,300,0.5,1700,0.5,0
14,9,596,0,0,300,0.5,1700,0.5,1
14,10,915,0,0,500,0.6,1000,0.2,1400,0.2,0
14,11,729,0,0,300,0.5,1700,0.5,0
14,12,887,2,10,5,0,300,0.5,1700,0.5,1
14,13,155,0,0,500,0.6,1000,0.2,1400,0.2,0
14,14,349,2,10,5,0,500,0.6,1000,0.2,1400,0.2,0
