0,0,571,2,10,5,0,300,0.5,1700,0.5,1
0,1,682,2,10,5,0,500,0.6,1000,0.2,1400,0.2,0
0,2,41,0,0,300,0.5,1700,0.5,2
0,3,437,2,10,5,0,500,0.6,1000,0.2,1400,0.2,1
0,4,319,0,0,300,0.5,1700,0.5,0
0,5,695,0,0,300,0.5,1700,0.5,2
0,6,247,0,0,300,0.5,1700,0.5,2
0,7,556,2,10,5,0,500,0.6,1000,0.2,1400,0.2,1
0,8,696,0,0,500,0.6,1000,0.2,1400,0.2,1
0,9,309,0,0,500,0.6,1000,0.2,1400,0.2,1
0,10,950,2,10,5,0,300,0.5,1700,0.5,0
0,11,486,2,10,5,0,500,0.6,1000,0.2,1400,0.2,0
0,12,774,1,0,300,0.5,1700,0.5,2
0,13,236,1,0,500,0.6,1000,0.2,1400,0.2,2
0,14,527,0,0,500,0.6,1000,0.2,1400,0.2,1
1,0,595,2,10,5,0,500,0.6,1000,0.2,1400,0.2,2
1,1,746,1,0,300,0.5,1700,0.5,1
1,2,147,2,10,5,0,300,0.5,1700,0.5,0
1,3,503,0,0,300,0.5,1700,0.5,0
1,4,444,0,0,300,0.5,1700,0.5,2
1,5,250,0,0,500,0.6,1000,0.2,1400,0.2,1
1,6,125,0,0,500,0.6,1000,0.2,1400,0.2,0
1,7,871,2,10,5,0,500,0.6,1000,0.2,1400,0.2,1
1,8,644,1,0,500,0.6,1000,0.2,1400,0.2,1
1,9,925,2,10,5,0,500,0.6,1000,0.2,1400,0.2,0
1,10,643,1,0,500,0.6,1000,0.2,1400,0.2,1
1,11,342,0,0,500,0.6,1000,0.2,1400,0.2,0
1,12,847,2,10,5,0,500,0.6,1000,0.2,1400,0.2,0
1,13,571,1,0,300,0.5,1700,0.5,0
1,14,467,0,0,300,0.5,1700,0.5,2
2,0,795,0,0,500,0.6,1000,0.2,1400,0.2,2
2,1,876,1,0,300,0.5,1700,0.5,2
2,2,716,0,0,500,0.6,1000,0.2,1400,0.2,2
2,3,282,2,10,5,0,500,0.6,1000,0.2,1400,0.2,1
2,4,619,0,0,300,0.5,1700,0.5,0
2,5,651,2,10,5,0,300,0.5,1700,0.5,2
2,6,322,1,0,500,0.6,1000,0.2,1400,0.2,0
2,7,431,0,0,300,0.5,1700,0.5,0
2,8,303,1,0,300,0.5,1700,0.5,0
2,9,535,0,0,300,0.5,1700,0.5,2
2,10,100,2,10,5,0,300,0.5,1700,0.5,1
2,11,211,0,0,300,0.5,1700,0.5,1
2,12,919,0,0,300,0.5,1700,0.5,0
2,13,645,1,0,500,0.6,1000,0.2,1400,0.2,1
2,14,803,0,0,500,0.6,1000,0.2,1400,0.2,0
3,0,756,2,10,5,0,300,0.5,1700,0.5,0
3,1,342,0,0,500,0.6,1000,0.2,1400,0.2,1
3,2,536,1,0,500,0.6,1000,0.2,1400,0.2,2
3,3,63,0,0,300,0.5,1700,0.5,0
3,4,712,1,0,300,0.5,1700,0.5,0
3,5,46,1,0,500,0.6,1000,0.2,1400,0.2,0
3,6,317,1,0,500,0.6,1000,0.2,1400,0.2,2
3,7,539,0,0,500,0.6,1000,0.2,1400,0.2,0
3,8,416,2,10,5,0,300,0.5,1700,0.5,0
3,9,501,1,0,300,0.5,1700,0.5,0
3,10,137,1,0,500,0.6,1000,0.2,1400,0.2,1
3,11,411,1,0,500,0.6,1000,0.2,1400,0.2,1
3,12,541,0,0,300,0.5,1700,0.5,1
3,13,324,2,10,5,0,300,0.5,1700,0.5,0
3,14,813,1,0,500,0.6,1000,0.2,1400,0.2,1
4,0,953,0,0,500,0.6,1000,0.2,1400,0.2,2
4,1,545,2,10,5,0,300,0.5,1700,0.5,0
4,2,196,2,10,5,0,500,0.6,1000,0.2,1400,0.2,1
4,3,571,1,0,500,0.6,1000,0.2,1400,0.2,0
4,4,607,0,0,300,0.5,1700,0.5,0
4,5,250,2,10,5,0,300,0.5,1700,0.5,1
4,6,886,0,0,500,0.6,1000,0.2,1400,0.2,1
4,7,122,1,0,300,0.5,1700,0.5,2
4,8,770,0,0,500,0.6,1000,0.2,1400,0.2,1
4,9,435,2,10,5,0,300,0.5,1700,0.5,0
4,10,337,0,0,300,0.5,1700,0.5,1
4,11,511,2,10,5,0,500,0.6,1000,0.2,1400,0.2,0
4,12,334,0,0,500,0.6,1000,0.2,1400,0.2,2
4,13,226,0,0,500,0.6,1000,0.2,1400,0.2,0
4,14,62,2,10,5,0,500,0.6,1000,0.2,1400,0.2,0
5,0,855,2,10,5,0,300,0.5,1700,0.5,2
5,1,677,0,0,500,0.6,1000,0.2,1400,0.2,1
5,2,91,1,0,300,0.5,1700,0.5,1
5,3,140,0,0,500,0.6,1000,0.2,1400,0.2,1
5,4,765,0,0,300,0.5,1700,0.5,2
5,5,805,1,0,500,0.6,1000,0.2,1400,0.2,2
5,6,519,0,0,300,0.5,1700,0.5,2
5,7,335,2,10,5,0,300,0.5,1700,0.5,1
5,8,764,1,0,500,0.6,1000,0.2,1400,0.2,2
5,9,492,1,0,500,0.6,1000,0.2,1400,0.2,2
5,10,631,0,0,300,0.5,1700,0.5,0
5,11,67,0,0,500,0.6,1000,0.2,1400,0.2,0
5,12,119,0,0,500,0.6,1000,0.2,1400,0.2,2
5,13,291,0,0,500,0.6,1000,0.2,1400,0.2,2
5,14,774,1,0,300,0.5,1700,0.5,0
6,0,54,2,10,5,0,500,0.6,1000,0.2,1400,0.2,0
6,1,953,0,0,500,0.6,1000,0.2,1400,0.2,1
6,2,50,1,0,500,0.6,1000,0.2,1400,0.2,2
6,3,747,2,10,5,0,300,0.5,1700,0.5,1
6,4,160,2,10,5,0,500,0.6,1000,0.2,1400,0.2,0
6,5,287,0,0,300,0.5,1700,0.5,1
6,6,43,1,0,500,0.6,1000,0.2,1400,0.2,2
6,7,486,0,0,500,0.6,1000,0.2,1400,0.2,2
6,8,270,2,10,5,0,500,0.6,1000,0.2,1400,0.2,2
6,9,962,0,0,500,0.6,1000,0.2,1400,0.2,1
6,10,964,1,0,500,0.6,1000,0.2,1400,0.2,2
6,11,377,2,10,5,0,300,0.5,1700,0.5,2
6,12,112,2,10,5,0,500,0.6,1000,0.2,1400,0.2,2
6,13,180,1,0,300,0.5,1700,0.5,2
6,14,804,1,0,500,0.6,1000,0.2,1400,0.2,1
7,0,363,1,0,500,0.6,1000,0.2,1400,0.2,1
7,1,684,1,0,300,0.5,1700,0.5,2
7,2,985,1,0,500,0.6,1000,0.2,1400,0.2,2
7,3,370,1,0,300,0.5,1700,0.5,1
7,4,60,2,10,5,0,300,0.5,1700,0.5,0
7,5,129,1,0,300,0.5,1700,0.5,0
7,6,199,2,10,5,0,500,0.6,1000,0.2,1400,0.2,0
7,7,700,2,10,5,0,500,0.6,1000,0.2,1400,0.2,2
7,8,625,2,10,5,0,500,0.6,1000,0.2,1400,0.2,0
7,9,940,0,0,500,0.6,1000,0.2,1400,0.2,0
7,10,887,0,0,500,0.6,1000,0.2,1400,0.2,1
7,11,622,2,10,5,0,500,0.6,1000,0.2,1400,0.2,0
7,12,359,2,10,5,0,500,0.6,1000,0.2,1400,0.2,2
7,13,335,1,0,500,0.6,1000,0.2,1400,0.2,0
7,14,248,1,0,300,0.5,1700,0.5,0
8,0,680,2,10,5,0,300,0.5,1700,0.5,2
8,1,667,0,0,500,0.6,1000,0.2,1400,0.2,0
8,2,25,2,10,5,0,500,0.6,1000,0.2,1400,0.2,1
8,3,107,2,10,5,0,500,0.6,1000,0.2,1400,0.2,1
8,4,599,0,0,300,0.5,1700,0.5,1
8,5,30,0,0,300,0.5,1700,0.5,2
8,6,49,2,10,5,0,500,0.6,1000,0.2,1400,0.2,1
8,7,37,1,0,500,0.6,1000,0.2,1400,0.2,1
8,8,776,1,0,500,0.6,1000,0.2,1400,0.2,2
8,9,585,1,0,500,0.6,1000,0.2,1400,0.2,1
8,10,776,2,10,5,0,300,0.5,1700,0.5,2
8,11,936,1,0,300,0.5,1700,0.5,1
8,12,386,2,10,5,0,300,0.5,1700,0.5,0
8,13,468,1,0,500,0.6,1000,0.2,1400,0.2,1
8,14,451,2,10,5,0,300,0.5,1700,0.5,1
9,0,906,0,0,500,0.6,1000,0.2,1400,0.2,2
9,1,371,0,0,300,0.5,1700,0.5,1
9,2,504,2,10,5,0,300,0.5,1700,0.5,1
9,3,26,1,0,300,0.5,1700,0.5,1
9,4,565,1,0,300,0.5,1700,0.5,2
9,5,600,0,0,300,0.5,1700,0.5,1
9,6,859,2,10,5,0,300,0.5,1700,0.5,1
9,7,638,0,0,300,0.5,1700,0.5,2
9,8,361,2,10,5,0,300,0.5,1700,0.5,1
9,9,353,2,10,5,0,300,0.5,1700,0.5,1
9,10,92,0,0,500,0.6,1000,0.2,1400,0.2,1
9,11,809,1,0,300,0.5,1700,0.5,1
9,12,695,0,0,500,0.6,1000,0.2,1400,0.2,0
9,13,749,0,0,500,0.6,1000,0.2,1400,0.2,2
9,14,704,2,10,5,0,300,0.5,1700,0.5,1
10,0,265,1,0,300,0.5,1700,0.5,2
10,1,731,0,0,500,0.6,1000,0.2,1400,0.2,1
10,2,631,1,0,300,0.5,1700,0.5,0
10,3,83,0,0,300,0.5,1700,0.5,0
10,4,953,2,10,5,0,300,0.5,1700,0.5,1
10,5,586,0,0,300,0.5,1700,0.5,0
10,6,338,1,0,500,0.6,1000,0.2,1400,0.2,1
10,7,106,0,0,300,0.5,1700,0.5,1
10,8,278,0,0,500,0.6,1000,0.2,1400,0.2,0
10,9,473,0,0,300,0.5,1700,0.5,1
10,10,574,1,0,300,0.5,1700,0.5,2
10,11,505,1,0,500,0.6,1000,0.2,1400,0.2,1
10,12,682,2,10,5,0,300,0.5,1700,0.5,0
10,13,285,0,0,500,0.6,1000,0.2,1400,0.2,2
10,14,143,0,0,500,0.6,1000,0.2,1400,0.2,1
11,0,812,0,0,500,0.6,1000,0.2,1400,0.2,0
11,1,321,2,10,5,0,500,0.6,1000,0.2,1400,0.2,0
11,2,779,1,0,500,0.6,1000,0.2,1400,0.2,1
11,3,980,0,0,300,0.5,1700,0.5,2
11,4,328,2,10,5,0,300,0.5,1700,0.5,2
11,5,161,1,0,500,0.6,1000,0.2,1400,0.2,1
11,6,105,2,10,5,0,500,0.6,1000,0.2,1400,0.2,0
11,7,615,1,0,500,0.6,1000,0.2,1400,0.2,2
11,8,187,0,0,500,0.6,1000,0.2,1400,0.2,0
11,9,916,2,10,5,0,500,0.6,1000,0.2,1400,0.2,2
11,10,756,1,0,500,0.6,1000,0.2,1400,0.2,1
11,11,791,2,10,5,0,300,0.5,1700,0.5,2
11,12,350,0,0,300,0.5,1700,0.5,2
11,13,609,2,10,5,0,500,0.6,1000,0.2,1400,0.2,1
11,14,817,2,10,5,0,300,0.5,1700,0.5,2
12,0,479,0,0,300,0.5,1700,0.5,1
12,1,927,2,10,5,0,500,0.6,1000,0.2,1400,0.2,0
12,2,865,1,0,300,0.5,1700,0.5,1
12,3,595,0,0,500,0.6,1000,0.2,1400,0.2,0
12,4,69,1,0,300,0.5,1700,0.5,1
12,5,802,1,0,500,0.6,1000,0.2,1400,0.2,1
12,6,492,1,0,500,0.6,1000,0.2,1400,0.2,0
12,7,245,2,10,5,0,300,0.5,1700,0.5,1
12,8,522,1,0,300,0.5,1700,0.5,1
12,9,897,2,10,5,0,500,0.6,1000,0.2,1400,0.2,2
12,10,341,2,10,5,0,300,0.5,1700,0.5,1
12,11,789,2,10,5,0,300,0.5,1700,0.5,2
12,12,738,0,0,300,0.5,1700,0.5,2
12,13,99,2,10,5,0,500,0.6,1000,0.2,1400,0.2,0
12,14,182,0,0,500,0.6,1000,0.2,1400,0.2,0
13,0,439,2,10,5,0,300,0.5,1700,0.5,1
13,1,577,2,10,5,0,300,0.5,1700,0.5,2
13,2,153,1,0,500,0.6,1000,0.2,1400,0.2,2
13,3,948,0,0,300,0.5,1700,0.5,2
13,4,740,0,0,500,0.6,1000,0.2,1400,0.2,0
13,5,417,2,10,5,0,500,0.6,1000,0.2,1400,0.2,1
13,6,231,0,0,300,0.5,1700,0.5,0
13,7,731,0,0,500,0.6,1000,0.2,1400,0.2,0
13,8,311,2,10,5,0,300,0.5,1700,0.5,1
13,9,542,1,0,300,0.5,1700,0.5,2
13,10,80,2,10,5,0,500,0.6,1000,0.2,1400,0.2,1
13,11,523,0,0,500,0.6,1000,0.2,1400,0.2,2
13,12,533,0,0,500,0.6,1000,0.2,1400,0.2,2
13,13,453,0,0,500,0.6,1000,0.2,1400,0.2,2
13,14,51,0,0,500,0.6,1000,0.2,1400,0.2,1
14,0,333,2,10,5,0,300,0.5,1700,0.5,0
14,1,320,2,10,5,0,500,0.6,1000,0.2,1400,0.2,0
14,2,141,2,10,5,0,300,0.5,1700,0.5,0
14,3,581,0,0,500,0.6,1000,0.2,1400,0.2,2
14,4,309,2,10,5,0,300,0.5,1700,0.5,2
14,5,885,1,0,500,0.6,1000,0.2,1400,0.2,2
14,6,716,1,0,300,0.5,1700,0.5,0
14,7,999,0,0,300,0.5,1700,0.5,0
14,8,145,0,0,500,0.6,1000,0.2,1400,0.2,0
14,9,50,1,0,300,0.5,1700,0.5,0
14,10,96,2,10,5,0,300,0.5,1700,0.5,2
14,11,741,0,0,500,0.6,1000,0.2,1400,0.2,1
14,12,252,1,0,300,0.5,1700,0.5,0
14,13,625,2,10,5,0,500,0.6,1000,0.2,1400,0.2,2
14,14,101,1,0,300,0.5,1700,0.5,1
