0,0,678,2,10,5,0,500,0.6,1000,0.2,1400,0.2,0
0,1,655,2,10,5,0,500,0.6,1000,0.2,1400,0.2,2
0,2,727,1,0,500,0.6,1000,0.2,1400,0.2,1
0,3,293,2,10,5,0,500,0.6,1000,0.2,1400,0.2,1
0,4,235,1,0,500,0.6,1000,0.2,1400,0.2,2
0,5,470,2,10,5,0,300,0.5,1700,0.5,2
0,6,526,0,0,300,0.5,1700,0.5,1
0,7,92,2,10,5,0,300,0.5,1700,0.5,1
0,8,23,1,0,500,0.6,1000,0.2,1400,0.2,1
0,9,651,0,0,300,0.5,1700,0.5,1
0,10,313,2,10,5,0,500,0.6,1000,0.2,1400,0.2,0
0,11,241,2,10,5,0,500,0.6,1000,0.2,1400,0.2,0
0,12,341,0,0,300,0.5,1700,0.5,1
0,13,214,1,0,300,0.5,1700,0.5,0
0,14,386,1,0,500,0.6,1000,0.2,1400,0.2,0
1,0,584,1,0,500,0.6,1000,0.2,1400,0.2,0
1,1,817,2,10,5,0,300,0.5,1700,0.5,1
1,2,532,1,0,500,0.6,1000,0.2,1400,0.2,2
1,3,976,2,10,5,0,300,0.5,1700,0.5,1
1,4,314,0,0,300,0.5,1700,0.5,1
1,5,701,2,10,5,0,300,0.5,1700,0.5,2
1,6,902,0,0,500,0.6,1000,0.2,1400,0.2,0
1,7,263,1,0,500,0.6,1000,0.2,1400,0.2,0
1,8,511,1,0,300,0.5,1700,0.5,0
1,9,880,1,0,300,0.5,1700,0.5,0
1,10,211,1,0,500,0.6,1000,0.2,1400,0.2,0
1,11,347,2,10,5,0,300,0.5,1700,0.5,1
1,12,362,1,0,300,0.5,1700,0.5,0
1,13,934,0,0,500,0.6,1000,0.2,1400,0.2,2
1,14,320,2,10,5,0,500,0.6,1000,0.2,1400,0.2,1
2,0,501,1,0,300,0.5,1700,0.5,0
2,1,646,1,0,500,0.6,1000,0.2,1400,0.2,2
2,2,400,0,0,300,0.5,1700,0.5,0
2,3,818,0,0,300,0.5,1700,0.5,1
2,4,922,0,0,500,0.6,1000,0.2,1400,0.2,2
2,5,407,0,0,500,0.6,1000,0.2,1400,0.2,0
2,6,87,0,0,300,0.5,1700,0.5,1
2,7,798,2,10,5,0,300,0.5,1700,0.5,1
2,8,717,1,0,300,0.5,1700,0.5,1
2,9,480,0,0,300,0.5,1700,0.5,2
2,10,564,2,10,5,0,300,0.5,1700,0.5,0
2,11,531,2,10,5,0,300,0.5,1700,0.5,2
2,12,223,1,0,500,0.6,1000,0.2,1400,0.2,1
2,13,842,0,0,500,0.6,1000,0.2,1400,0.2,0
2,14,782,2,10,5,0,300,0.5,1700,0.5,0
3,0,597,2,10,5,0,300,0.5,1700,0.5,0
3,1,868,0,0,300,0.5,1700,0.5,0
3,2,465,2,10,5,0,500,0.6,1000,0.2,1400,0.2,2
3,3,127,0,0,500,0.6,1000,0.2,1400,0.2,0
3,4,359,0,0,500,0.6,1000,0.2,1400,0.2,0
3,5,423,0,0,300,0.5,1700,0.5,2
3,6,971,1,0,300,0.5,1700,0.5,2
3,7,472,1,0,500,0.6,1000,0.2,1400,0.2,1
3,8,635,1,0,300,0.5,1700,0.5,2
3,9,600,1,0,300,0.5,1700,0.5,2
3,10,219,2,10,5,0,500,0.6,1000,0.2,1400,0.2,2
3,11,989,1,0,300,0.5,1700,0.5,2
3,12,711,2,10,5,0,500,0.6,1000,0.2,1400,0.2,0
3,13,399,0,0,500,0.6,1000,0.2,1400,0.2,1
3,14,882,1,0,500,0.6,1000,0.2,1400,0.2,1
4,0,758,1,0,300,0.5,1700,0.5,1
4,1,629,1,0,300,0.5,1700,0.5,0
4,2,250,2,10,5,0,300,0.5,1700,0.5,1
4,3,249,1,0,500,0.6,1000,0.2,1400,0.2,2
4,4,741,1,0,500,0.6,1000,0.2,1400,0.2,0
4,5,361,0,0,500,0.6,1000,0.2,1400,0.2,0
4,6,663,1,0,300,0.5,1700,0.5,2
4,7,688,0,0,300,0.5,1700,0.5,2
4,8,45,2,10,5,0,500,0.6,1000,0.2,1400,0.2,1
4,9,118,1,0,300,0.5,1700,0.5,0
4,10,676,2,10,5,0,500,0.6,1000,0.2,1400,0.2,0
4,11,326,1,0,500,0.6,1000,0.2,1400,0.2,1
4,12,678,1,0,500,0.6,1000,0.2,1400,0.2,1
4,13,453,0,0,500,0.6,1000,0.2,1400,0.2,1
4,14,265,1,0,300,0.5,1700,0.5,0
5,0,61,1,0,500,0.6,1000,0.2,1400,0.2,0
5,1,591,1,0,300,0.5,1700,0.5,2
5,2,128,1,0,300,0.5,1700,0.5,2
5,3,710,0,0,500,0.6,1000,0.2,1400,0.2,1
5,4,909,2,10,5,0,500,0.6,1000,0.2,1400,0.2,2
5,5,267,2,10,5,0,300,0.5,1700,0.5,1
5,6,861,0,0,300,0.5,1700,0.5,2
5,7,392,2,10,5,0,500,0.6,1000,0.2,1400,0.2,0
5,8,255,2,10,5,0,500,0.6,1000,0.2,1400,0.2,2
5,9,923,0,0,300,0.5,1700,0.5,1
5,10,855,1,0,300,0.5,1700,0.5,0
5,11,396,0,0,500,0.6,1000,0.2,1400,0.2,1
5,12,774,2,10,5,0,300,0.5,1700,0.5,2
5,13,424,1,0,300,0.5,1700,0.5,1
5,14,336,0,0,300,0.5,1700,0.5,0
6,0,734,2,10,5,0,300,0.5,1700,0.5,1
6,1,12,1,0,500,0.6,1000,0.2,1400,0.2,2
6,2,835,0,0,300,0.5,1700,0.5,1
6,3,875,0,0,300,0.5,1700,0.5,2
6,4,873,2,10,5,0,300,0.5,1700,0.5,2
6,5,652,1,0,500,0.6,1000,0.2,1400,0.2,2
6,6,530,1,0,300,0.5,1700,0.5,0
6,7,944,0,0,300,0.5,1700,0.5,0
6,8,332,2,10,5,0,500,0.6,1000,0.2,1400,0.2,0
6,9,800,1,0,500,0.6,1000,0.2,1400,0.2,1
6,10,413,2,10,5,0,500,0.6,1000,0.2,1400,0.2,0
6,11,685,0,0,500,0.6,1000,0.2,1400,0.2,0
6,12,16,1,0,300,0.5,1700,0.5,0
6,13,256,1,0,300,0.5,1700,0.5,2
6,14,843,2,10,5,0,300,0.5,1700,0.5,1
7,0,667,0,0,300,0.5,1700,0.5,0
7,1,15,1,0,300,0.5,1700,0.5,1
7,2,128,0,0,300,0.5,1700,0.5,2
7,3,870,2,10,5,0,500,0.6,1000,0.2,1400,0.2,0
7,4,506,1,0,500,0.6,1000,0.2,1400,0.2,1
7,5,371,2,10,5,0,300,0.5,1700,0.5,1
7,6,384,0,0,300,0.5,1700,0.5,0
7,7,580,0,0,500,0.6,1000,0.2,1400,0.2,2
7,8,619,1,0,500,0.6,1000,0.2,1400,0.2,1
7,9,697,0,0,500,0.6,1000,0.2,1400,0.2,2
7,10,474,2,10,5,0,500,0.6,1000,0.2,1400,0.2,0
7,11,939,0,0,300,0.5,1700,0.5,2
7,12,655,0,0,300,0.5,1700,0.5,0
7,13,343,1,0,500,0.6,1000,0.2,1400,0.2,1
7,14,598,2,10,5,0,300,0.5,1700,0.5,0
8,0,485,2,10,5,0,300,0.5,1700,0.5,2
8,1,513,2,10,5,0,300,0.5,1700,0.5,1
8,2,936,0,0,500,0.6,1000,0.2,1400,0.2,0
8,3,533,0,0,500,0.6,1000,0.2,1400,0.2,0
8,4,838,1,0,300,0.5,1700,0.5,2
8,5,727,1,0,300,0.5,1700,0.5,2
8,6,855,1,0,300,0.5,1700,0.5,1
8,7,187,2,10,5,0,500,0.6,1000,0.2,1400,0.2,1
8,8,957,2,10,5,0,300,0.5,1700,0.5,2
8,9,741,2,10,5,0,500,0.6,1000,0.2,1400,0.2,1
8,10,397,1,0,300,0.5,1700,0.5,0
8,11,798,0,0,500,0.6,1000,0.2,1400,0.2,2
8,12,178,1,0,300,0.5,1700,0.5,1
8,13,629,2,10,5,0,300,0.5,1700,0.5,0
8,14,787,1,0,300,0.5,1700,0.5,2
9,0,538,0,0,500,0.6,1000,0.2,1400,0.2,0
9,1,758,0,0,300,0.5,1700,0.5,1
9,2,20,0,0,500,0.6,1000,0.2,1400,0.2,2
9,3,39,1,0,300,0.5,1700,0.5,0
9,4,388,2,10,5,0,300,0.5,1700,0.5,1
9,5,745,2,10,5,0,500,0.6,1000,0.2,1400,0.2,0
9,6,586,0,0,300,0.5,1700,0.5,2
9,7,699,2,10,5,0,500,0.6,1000,0.2,1400,0.2,0
9,8,432,0,0,500,0.6,1000,0.2,1400,0.2,0
9,9,612,0,0,300,0.5,1700,0.5,2
9,10,46,2,10,5,0,500,0.6,1000,0.2,1400,0.2,0
9,11,820,0,0,500,0.6,1000,0.2,1400,0.2,1
9,12,220,2,10,5,0,300,0.5,1700,0.5,1
9,13,473,0,0,300,0.5,1700,0.5,1
9,14,487,0,0,300,0.5,1700,0.5,1
10,0,588,1,0,300,0.5,1700,0.5,0
10,1,596,0,0,300,0.5,1700,0.5,0
10,2,532,0,0,500,0.6,1000,0.2,1400,0.2,2
10,3,214,1,0,300,0.5,1700,0.5,0
10,4,359,2,10,5,0,300,0.5,1700,0.5,0
10,5,246,0,0,300,0.5,1700,0.5,1
10,6,451,1,0,500,0.6,1000,0.2,1400,0.2,0
10,7,466,2,10,5,0,300,0.5,1700,0.5,0
10,8,514,1,0,500,0.6,1000,0.2,1400,0.2,0
10,9,471,0,0,500,0.6,1000,0.2,1400,0.2,0
10,10,125,0,0,300,0.5,1700,0.5,0
10,11,653,1,0,300,0.5,1700,0.5,0
10,12,589,0,0,300,0.5,1700,0.5,2
10,13,38,1,0,300,0.5,1700,0.5,0
10,14,353,0,0,500,0.6,1000,0.2,1400,0.2,2
11,0,352,0,0,300,0.5,1700,0.5,2
11,1,251,2,10,5,0,500,0.6,1000,0.2,1400,0.2,1
11,2,601,2,10,5,0,500,0.6,1000,0.2,1400,0.2,2
11,3,129,0,0,500,0.6,1000,0.2,1400,0.2,1
11,4,130,1,0,300,0.5,1700,0.5,0
11,5,726,2,10,5,0,300,0.5,1700,0.5,2
11,6,32,0,0,500,0.6,1000,0.2,1400,0.2,1
11,7,651,2,10,5,0,500,0.6,1000,0.2,1400,0.2,0
11,8,743,0,0,300,0.5,1700,0.5,2
11,9,628,1,0,500,0.6,1000,0.2,1400,0.2,0
11,10,669,0,0,300,0.5,1700,0.5,0
11,11,319,2,10,5,0,500,0.6,1000,0.2,1400,0.2,1
11,12,379,2,10,5,0,500,0.6,1000,0.2,1400,0.2,2
11,13,87,0,0,500,0.6,1000,0.2,1400,0.2,1
11,14,126,0,0,300,0.5,1700,0.5,1
12,0,284,1,0,500,0.6,1000,0.2,1400,0.2,0
12,1,470,0,0,500,0.6,1000,0.2,1400,0.2,1
12,2,306,0,0,500,0.6,1000,0.2,1400,0.2,2
12,3,11,0,0,300,0.5,1700,0.5,1
12,4,881,1,0,500,0.6,1000,0.2,1400,0.2,1
12,5,238,1,0,300,0.5,1700,0.5,2
12,6,750,2,10,5,0,500,0.6,1000,0.2,1400,0.2,0
12,7,662,2,10,5,0,500,0.6,1000,0.2,1400,0.2,2
12,8,416,2,10,5,0,500,0.6,1000,0.2,1400,0.2,0
12,9,922,0,0,300,0.5,1700,0.5,2
12,10,831,0,0,500,0.6,1000,0.2,1400,0.2,2
12,11,698,1,0,300,0.5,1700,0.5,1
12,12,333,2,10,5,0,300,0.5,1700,0.5,2
12,13,712,1,0,300,0.5,1700,0.5,2
12,14,848,0,0,500,0.6,1000,0.2,1400,0.2,1
13,0,519,2,10,5,0,300,0.5,1700,0.5,2
13,1,595,0,0,300,0.5,1700,0.5,1
13,2,133,0,0,300,0.5,1700,0.5,0
13,3,745,2,10,5,0,300,0.5,1700,0.5,1
13,4,926,0,0,300,0.5,1700,0.5,0
13,5,509,1,0,300,0.5,1700,0.5,0
13,6,493,2,10,5,0,500,0.6,1000,0.2,1400,0.2,1
13,7,357,0,0,300,0.5,1700,0.5,0
13,8,799,1,0,300,0.5,1700,0.5,1
13,9,124,2,10,5,0,500,0.6,1000,0.2,1400,0.2,0
13,10,793,2,10,5,0,300,0.5,1700,0.5,2
13,11,437,2,10,5,0,500,0.6,1000,0.2,1400,0.2,0
13,12,126,2,10,5,0,300,0.5,1700,0.5,1
13,13,603,2,10,5,0,300,0.5,1700,0.5,2
13,14,285,1,0,500,0.6,1000,0.2,1400,0.2,1
14,0,44,1,0,300,0.5,1700,0.5,0
14,1,209,2,10,5,0,500,0.6,1000,0.2,1400,0.2,1
14,2,107,1,0,500,0.6,1000,0.2,1400,0.2,2
14,3,256,0,0,300,0.5,1700,0.5,1
14,4,313,2,10,5,0,500,0.6,1000,0.2,1400,0.2,1
14,5,299,1,0,300,0.5,1700,0.5,0
14,6,54,2,10,5,0,300,0.5,1700,0.5,2
14,7,231,1,0,300,0.5,1700,0.5,1
14,8,854,1,0,300,0.5,1700,0.5,1
14,9,881,2,10,5,0,300,0.5,1700,0.5,2
14,10,694,0,0,300,0.5,1700,0.5,0
14,11,396,2,10,5,0,300,0.5,1700,0.5,2
14,12,680,1,0,500,0.6,1000,0.2,1400,0.2,2
14,13,576,0,0,500,0.6,1000,0.2,1400,0.2,1
14,14,883,0,0,500,0.6,1000,0.2,1400,0.2,1
