0,0,316,0,0,500,0.6,1000,0.2,1400,0.2,0
0,1,714,1,0,500,0.6,1000,0.2,1400,0.2,2
0,2,885,0,0,500,0.6,1000,0.2,1400,0.2,2
0,3,352,0,0,300,0.5,1700,0.5,0
0,4,10,0,0,300,0.5,1700,0.5,0
0,5,283,2,10,5,0,300,0.5,1700,0.5,1
0,6,448,2,10,5,0,300,0.5,1700,0.5,1
0,7,942,1,0,500,0.6,1000,0.2,1400,0.2,2
0,8,578,2,10,5,0,300,0.5,1700,0.5,1
0,9,739,1,0,300,0.5,1700,0.5,1
0,10,273,1,0,300,0.5,1700,0.5,2
0,11,994,0,0,500,0.6,1000,0.2,1400,0.2,0
0,12,358,2,10,5,0,300,0.5,1700,0.5,1
0,13,652,0,0,300,0.5,1700,0.5,1
0,14,764,0,0,500,0.6,1000,0.2,1400,0.2,0
1,0,223,0,0,500,0.6,1000,0.2,1400,0.2,1
1,1,814,0,0,300,0.5,1700,0.5,1
1,2,796,1,0,500,0.6,1000,0.2,1400,0.2,1
1,3,302,2,10,5,0,300,0.5,1700,0.5,2
1,4,761,1,0,300,0.5,1700,0.5,0
1,5,76,2,10,5,0,300,0.5,1700,0.5,2
1,6,236,2,10,5,0,300,0.5,1700,0.5,2
1,7,101,2,10,5,0,300,0.5,1700,0.5,1
1,8,726,2,10,5,0,300,0.5,1700,0.5,0
1,9,849,1,0,500,0.6,1000,0.2,1400,0.2,1
1,10,535,1,0,500,0.6,1000,0.2,1400,0.2,2
1,11,123,2,10,5,0,500,0.6,1000,0.2,1400,0.2,0
1,12,294,0,0,500,0.6,1000,0.2,1400,0.2,2
1,13,336,2,10,5,0,300,0.5,1700,0.5,2
1,14,982,0,0,300,0.5,1700,0.5,0
2,0,65,0,0,500,0.6,1000,0.2,1400,0.2,0
2,1,12,2,10,5,0,500,0.6,1000,0.2,1400,0.2,2
2,2,309,0,0,500,0.6,1000,0.2,1400,0.2,1
2,3,792,0,0,300,0.5,1700,0.5,1
2,4,452,0,0,500,0.6,1000,0.2,1400,0.2,0
2,5,390,1,0,300,0.5,1700,0.5,2
2,6,203,2,10,5,0,500,0.6,1000,0.2,1400,0.2,1
2,7,360,1,0,300,0.5,1700,0.5,2
2,8,95,1,0,500,0.6,1000,0.2,1400,0.2,0
2,9,185,1,0,300,0.5,1700,0.5,0
2,10,634,2,10,5,0,300,0.5,1700,0.5,2
2,11,37,2,10,5,0,500,0.6,1000,0.2,1400,0.2,0
2,12,587,0,0,500,0.6,1000,0.2,1400,0.2,2
2,13,706,1,0,300,0.5,1700,0.5,0
2,14,743,1,0,300,0.5,1700,0.5,2
3,0,584,1,0,300,0.5,1700,0.5,1
3,1,951,1,0,500,0.6,1000,0.2,1400,0.2,1
3,2,12,2,10,5,0,500,0.6,1000,0.2,1400,0.2,0
3,3,77,0,0,300,0.5,1700,0.5,2
3,4,430,1,0,500,0.6,1000,0.2,1400,0.2,1
3,5,995,0,0,500,0.6,1000,0.2,1400,0.2,1
3,6,61,0,0,500,0.6,1000,0.2,1400,0.2,0
3,7,68,0,0,500,0.6,1000,0.2,1400,0.2,1
3,8,204,2,10,5,0,300,0.5,1700,0.5,0
3,9,768,0,0,300,0.5,1700,0.5,2
3,10,176,1,0,500,0.6,1000,0.2,1400,0.2,2
3,11,840,1,0,500,0.6,1000,0.2,1400,0.2,1
3,12,600,1,0,300,0.5,1700,0.5,0
3,13,236,1,0,300,0.5,1700,0.5,1
3,14,55,2,10,5,0,500,0.6,1000,0.2,1400,0.2,1
4,0,123,0,0,500,0.6,1000,0.2,1400,0.2,0
4,1,551,0,0,500,0.6,1000,0.2,1400,0.2,0
4,2,638,2,10,5,0,500,0.6,1000,0.2,1400,0.2,0
4,3,565,0,0,500,0.6,1000,0.2,1400,0.2,0
4,4,571,1,0,300,0.5,1700,0.5,2
4,5,122,1,0,500,0.6,1000,0.2,1400,0.2,1
4,6,672,0,0,300,0.5,1700,0.5,0
4,7,176,2,10,5,0,300,0.5,1700,0.5,0
4,8,548,0,0,300,0.5,1700,0.5,0
4,9,104,0,0,300,0.5,1700,0.5,0
4,10,789,2,10,5,0,300,0.5,1700,0.5,2
4,11,126,0,0,500,0.6,1000,0.2,1400,0.2,1
4,12,668,0,0,300,0.5,1700,0.5,1
4,13,713,2,10,5,0,500,0.6,1000,0.2,1400,0.2,2
4,14,49,0,0,300,0.5,1700,0.5,1
5,0,292,0,0,500,0.6,1000,0.2,1400,0.2,0
5,1,734,2,10,5,0,300,0.5,1700,0.5,2
5,2,638,1,0,500,0.6,1000,0.2,1400,0.2,1
5,3,668,2,10,5,0,300,0.5,1700,0.5,1
5,4,110,0,0,500,0.6,1000,0.2,1400,0.2,1
5,5,137,0,0,500,0.6,1000,0.2,1400,0.2,1
5,6,137,2,10,5,0,500,0.6,1000,0.2,1400,0.2,1
5,7,121,0,0,500,0.6,1000,0.2,1400,0.2,2
5,8,727,1,0,300,0.5,1700,0.5,1
5,9,256,2,10,5,0,300,0.5,1700,0.5,0
5,10,603,2,10,5,0,500,0.6,1000,0.2,1400,0.2,0
5,11,911,0,0,500,0.6,1000,0.2,1400,0.2,0
5,12,342,1,0,500,0.6,1000,0.2,1400,0.2,0
5,13,174,1,0,500,0.6,1000,0.2,1400,0.2,1
5,14,118,2,10,5,0,500,0.6,1000,0.2,1400,0.2,0
6,0,196,2,10,5,0,300,0.5,1700,0.5,1
6,1,314,0,0,500,0.6,1000,0.2,1400,0.2,1
6,2,656,0,0,500,0.6,1000,0.2,1400,0.2,0
6,3,420,1,0,500,0.6,1000,0.2,1400,0.2,0
6,4,469,2,10,5,0,300,0.5,1700,0.5,1
6,5,747,1,0,500,0.6,1000,0.2,1400,0.2,0
6,6,462,1,0,500,0.6,1000,0.2,1400,0.2,1
6,7,357,0,0,300,0.5,1700,0.5,1
6,8,366,0,0,300,0.5,1700,0.5,1
6,9,87,1,0,300,0.5,1700,0.5,1
6,10,772,2,10,5,0,300,0.5,1700,0.5,0
6,11,592,1,0,500,0.6,1000,0.2,1400,0.2,1
6,12,345,1,0,300,0.5,1700,0.5,1
6,13,627,1,0,500,0.6,1000,0.2,1400,0.2,1
6,14,671,2,10,5,0,500,0.6,1000,0.2,1400,0.2,1
7,0,403,0,0,500,0.6,1000,0.2,1400,0.2,2
7,1,895,1,0,300,0.5,1700,0.5,2
7,2,829,2,10,5,0,500,0.6,1000,0.2,1400,0.2,1
7,3,448,2,10,5,0,300,0.5,1700,0.5,1
7,4,397,2,10,5,0,300,0.5,1700,0.5,1
7,5,521,2,10,5,0,500,0.6,1000,0.2,1400,0.2,2
7,6,184,1,0,500,0.6,1000,0.2,1400,0.2,2
7,7,162,0,0,300,0.5,1700,0.5,2
7,8,229,1,0,300,0.5,1700,0.5,2
7,9,300,1,0,500,0.6,1000,0.2,1400,0.2,1
7,10,883,0,0,300,0.5,1700,0.5,1
7,11,767,0,0,300,0.5,1700,0.5,2
7,12,428,0,0,500,0.6,1000,0.2,1400,0.2,1
7,13,479,2,10,5,0,300,0.5,1700,0.5,2
7,14,322,1,0,500,0.6,1000,0.2,1400,0.2,1
8,0,263,2,10,5,0,500,0.6,1000,0.2,1400,0.2,1
8,1,922,2,10,5,0,500,0.6,1000,0.2,1400,0.2,2
8,2,329,2,10,5,0,500,0.6,1000,0.2,1400,0.2,2
8,3,407,1,0,300,0.5,1700,0.5,2
8,4,725,0,0,300,0.5,1700,0.5,1
8,5,383,1,0,500,0.6,1000,0.2,1400,0.2,1
8,6,635,1,0,300,0.5,1700,0.5,0
8,7,739,2,10,5,0,300,0.5,1700,0.5,2
8,8,945,2,10,5,0,500,0.6,1000,0.2,1400,0.2,1
8,9,555,0,0,300,0.5,1700,0.5,0
8,10,157,0,0,500,0.6,1000,0.2,1400,0.2,0
8,11,330,0,0,500,0.6,1000,0.2,1400,0.2,2
8,12,92,0,0,500,0.6,1000,0.2,1400,0.2,0
8,13,855,1,0,500,0.6,1000,0.2,1400,0.2,0
8,14,862,0,0,300,0.5,1700,0.5,0
9,0,51,2,10,5,0,500,0.6,1000,0.2,1400,0.2,0
9,1,878,0,0,300,0.5,1700,0.5,2
9,2,443,1,0,300,0.5,1700,0.5,2
9,3,233,1,0,300,0.5,1700,0.5,0
9,4,84,1,0,300,0.5,1700,0.5,2
9,5,740,0,0,500,0.6,1000,0.2,1400,0.2,1
9,6,141,0,0,500,0.6,1000,0.2,1400,0.2,1
9,7,191,0,0,500,0.6,1000,0.2,1400,0.2,2
9,8,428,0,0,500,0.6,1000,0.2,1400,0.2,2
9,9,747,2,10,5,0,300,0.5,1700,0.5,2
9,10,746,2,10,5,0,300,0.5,1700,0.5,0
9,11,353,0,0,500,0.6,1000,0.2,1400,0.2,0
9,12,415,1,0,300,0.5,1700,0.5,2
9,13,15,0,0,300,0.5,1700,0.5,0
9,14,397,0,0,500,0.6,1000,0.2,1400,0.2,0
10,0,401,1,0,500,0.6,1000,0.2,1400,0.2,0
10,1,186,2,10,5,0,500,0.6,1000,0.2,1400,0.2,2
10,2,713,0,0,300,0.5,1700,0.5,0
10,3,263,2,10,5,0,500,0.6,1000,0.2,1400,0.2,2
10,4,357,1,0,500,0.6,1000,0.2,1400,0.2,0
10,5,48,2,10,5,0,300,0.5,1700,0.5,1
10,6,678,0,0,300,0.5,1700,0.5,2
10,7,23,2,10,5,0,500,0.6,1000,0.2,1400,0.2,1
10,8,954,0,0,300,0.5,1700,0.5,0
10,9,840,1,0,500,0.6,1000,0.2,1400,0.2,1
10,10,349,0,0,300,0.5,1700,0.5,2
10,11,227,1,0,500,0.6,1000,0.2,1400,0.2,1
10,12,883,1,0,500,0.6,1000,0.2,1400,0.2,1
10,13,299,2,10,5,0,500,0.6,1000,0.2,1400,0.2,1
10,14,156,0,0,500,0.6,1000,0.2,1400,0.2,1
11,0,300,1,0,500,0.6,1000,0.2,1400,0.2,2
11,1,543,1,0,300,0.5,1700,0.5,0
11,2,416,1,0,500,0.6,1000,0.2,1400,0.2,2
11,3,501,0,0,500,0.6,1000,0.2,1400,0.2,1
11,4,991,1,0,300,0.5,1700,0.5,2
11,5,379,1,0,500,0.6,1000,0.2,1400,0.2,0
11,6,477,2,10,5,0,300,0.5,1700,0.5,1
11,7,215,0,0,300,0.5,1700,0.5,0
11,8,561,1,0,300,0.5,1700,0.5,0
11,9,317,2,10,5,0,300,0.5,1700,0.5,1
11,10,383,2,10,5,0,500,0.6,1000,0.2,1400,0.2,1
11,11,441,2,10,5,0,500,0.6,1000,0.2,1400,0.2,0
11,12,732,2,10,5,0,500,0.6,1000,0.2,1400,0.2,0
11,13,141,1,0,500,0.6,1000,0.2,1400,0.2,2
11,14,641,2,10,5,0,300,0.5,1700,0.5,1
12,0,195,1,0,300,0.5,1700,0.5,0
12,1,473,1,0,300,0.5,1700,0.5,1
12,2,603,0,0,300,0.5,1700,0.5,1
12,3,837,2,10,5,0,300,0.5,1700,0.5,2
12,4,1000,2,10,5,0,500,0.6,1000,0.2,1400,0.2,0
12,5,768,0,0,300,0.5,1700,0.5,1
12,6,261,2,10,5,0,500,0.6,1000,0.2,1400,0.2,2
12,7,408,0,0,500,0.6,1000,0.2,1400,0.2,0
12,8,970,2,10,5,0,500,0.6,1000,0.2,1400,0.2,1
12,9,450,2,10,5,0,500,0.6,1000,0.2,1400,0.2,2
12,10,449,1,0,300,0.5,1700,0.5,2
12,11,114,1,0,500,0.6,1000,0.2,1400,0.2,2
12,12,732,2,10,5,0,300,0.5,1700,0.5,0
12,13,784,0,0,300,0.5,1700,0.5,0
12,14,880,2,10,5,0,300,0.5,1700,0.5,2
13,0,829,2,10,5,0,300,0.5,1700,0.5,2
13,1,583,0,0,300,0.5,1700,0.5,1
13,2,346,2,10,5,0,300,0.5,1700,0.5,0
13,3,598,2,10,5,0,300,0.5,1700,0.5,1
13,4,876,1,0,300,0.5,1700,0.5,0
13,5,21,0,0,300,0.5,1700,0.5,1
13,6,331,0,0,500,0.6,1000,0.2,1400,0.2,0
13,7,127,1,0,500,0.6,1000,0.2,1400,0.2,1
13,8,951,0,0,300,0.5,1700,0.5,1
13,9,308,1,0,300,0.5,1700,0.5,1
13,10,170,2,10,5,0,300,0.5,1700,0.5,1
13,11,539,1,0,500,0.6,1000,0.2,1400,0.2,2
13,12,94,1,0,500,0.6,1000,0.2,1400,0.2,2
13,13,443,0,0,300,0.5,1700,0.5,1
13,14,767,2,10,5,0,300,0.5,1700,0.5,1
14,0,163,1,0,300,0.5,1700,0.5,1
14,1,391,0,0,300,0.5,1700,0.5,0
14,2,169,0,0,300,0.5,1700,0.5,2
14,3,203,0,0,500,0.6,1000,0.2,1400,0.2,0
14,4,270,2,10,5,0,500,0.6,1000,0.2,1400,0.2,2
14,5,767,2,10,5,0,300,0.5,1700,0.5,0
14,6,989,1,0,500,0.6,1000,0.2,1400,0.2,2
14,7,266,0,0,500,0.6,1000,0.2,1400,0.2,0
14,8,452,1,0,300,0.5,1700,0.5,1
14,9,131,0,0,500,0.6,1000,0.2,1400,0.2,2
14,10,137,2,10,5,0,500,0.6,1000,0.2,1400,0.2,2
14,11,702,2,10,5,0,500,0.6,1000,0.2,1400,0.2,2
14,12,572,2,10,5,0,300,0.5,1700,0.5,1
14,13,352,1,0,500,0.6,1000,0.2,1400,0.2,0
14,14,585,1,0,500,0.6,1000,0.2,1400,0.2,2
