0,0,814,2,10,5,0,500,0.6,1000,0.2,1400,0.2,1
0,1,419,2,10,5,0,300,0.5,1700,0.5,1
0,2,613,0,0,300,0.5,1700,0.5,1
0,3,313,2,10,5,0,500,0.6,1000,0.2,1400,0.2,1
0,4,998,1,0,300,0.5,1700,0.5,0
0,5,151,2,10,5,0,500,0.6,1000,0.2,1400,0.2,0
0,6,754,2,10,5,0,300,0.5,1700,0.5,2
0,7,363,1,0,500,0.6,1000,0.2,1400,0.2,1
0,8,160,0,0,500,0.6,1000,0.2,1400,0.2,1
0,9,19,2,10,5,0,300,0.5,1700,0.5,1
0,10,192,2,10,5,0,300,0.5,1700,0.5,2
0,11,549,0,0,300,0.5,1700,0.5,1
0,12,685,0,0,300,0.5,1700,0.5,1
0,13,85,2,10,5,0,500,0.6,1000,0.2,1400,0.2,2
0,14,821,2,10,5,0,300,0.5,1700,0.5,2
1,0,266,1,0,300,0.5,1700,0.5,1
1,1,816,0,0,300,0.5,1700,0.5,2
1,2,242,2,10,5,0,500,0.6,1000,0.2,1400,0.2,2
1,3,369,0,0,500,0.6,1000,0.2,1400,0.2,1
1,4,204,0,0,500,0.6,1000,0.2,1400,0.2,0
1,5,428,1,0,300,0.5,1700,0.5,0
1,6,875,2,10,5,0,300,0.5,1700,0.5,2
1,7,363,1,0,500,0.6,1000,0.2,1400,0.2,0
1,8,796,2,10,5,0,500,0.6,1000,0.2,1400,0.2,2
1,9,553,1,0,500,0.6,1000,0.2,1400,0.2,0
1,10,228,2,10,5,0,500,0.6,1000,0.2,1400,0.2,1
1,11,32,2,10,5,0,500,0.6,1000,0.2,1400,0.2,2
1,12,334,1,0,500,0.6,1000,0.2,1400,0.2,2
1,13,955,0,0,300,0.5,1700,0.5,2
1,14,648,0,0,500,0.6,1000,0.2,1400,0.2,1
2,0,783,0,0,300,0.5,1700,0.5,2
2,1,397,0,0,300,0.5,1700,0.5,2
2,2,531,1,0,300,0.5,1700,0.5,0
2,3,521,1,0,300,0.5,1700,0.5,2
2,4,539,2,10,5,0,300,0.5,1700,0.5,2
2,5,285,2,10,5,0,500,0.6,1000,0.2,1400,0.2,2
2,6,426,1,0,300,0.5,1700,0.5,1
2,7,444,0,0,500,0.6,1000,0.2,1400,0.2,2
2,8,755,2,10,5,0,500,0.6,1000,0.2,1400,0.2,2
2,9,268,2,10,5,0,500,0.6,1000,0.2,1400,0.2,2
2,10,499,2,10,5,0,500,0.6,1000,0.2,1400,0.2,2
2,11,950,2,10,5,0,500,0.6,1000,0.2,1400,0.2,1
2,12,46,1,0,500,0.6,1000,0.2,1400,0.2,2
2,13,169,2,10,5,0,300,0.5,1700,0.5,1
2,14,674,2,10,5,0,500,0.6,1000,0.2,1400,0.2,0
3,0,892,1,0,500,0.6,1000,0.2,1400,0.2,0
3,1,612,2,10,5,0,500,0.6,1000,0.2,1400,0.2,0
3,2,780,2,10,5,0,300,0.5,1700,0.5,1
3,3,879,0,0,300,0.5,1700,0.5,0
3,4,792,1,0,300,0.5,1700,0.5,2
3,5,838,2,10,5,0,500,0.6,1000,0.2,1400,0.2,2
3,6,717,1,0,500,0.6,1000,0.2,1400,0.2,0
3,7,648,2,10,5,0,500,0.6,1000,0.2,1400,0.2,1
3,8,45,1,0,300,0.5,1700,0.5,2
3,9,400,1,0,300,0.5,1700,0.5,1
3,10,730,2,10,5,0,500,0.6,1000,0.2,1400,0.2,0
3,11,241,2,10,5,0,500,0.6,1000,0.2,1400,0.2,0
3,12,40,1,0,500,0.6,1000,0.2,1400,0.2,2
3,13,216,1,0,500,0.6,1000,0.2,1400,0.2,0
3,14,307,1,0,300,0.5,1700,0.5,1
4,0,285,0,0,300,0.5,1700,0.5,0
4,1,44,1,0,300,0.5,1700,0.5,2
4,2,139,1,0,500,0.6,1000,0.2,1400,0.2,2
4,3,444,1,0,300,0.5,1700,0.5,2
4,4,412,0,0,300,0.5,1700,0.5,0
4,5,775,0,0,300,0.5,1700,0.5,2
4,6,70,1,0,300,0.5,1700,0.5,0
4,7,747,0,0,500,0.6,1000,0.2,1400,0.2,1
4,8,690,0,0,500,0.6,1000,0.2,1400,0.2,1
4,9,630,0,0,500,0.6,1000,0.2,1400,0.2,2
4,10,266,1,0,500,0.6,1000,0.2,1400,0.2,2
4,11,60,0,0,500,0.6,1000,0.2,1400,0.2,0
4,12,389,0,0,500,0.6,1000,0.2,1400,0.2,0
4,13,108,2,10,5,0,500,0.6,1000,0.2,1400,0.2,1
4,14,48,1,0,300,0.5,1700,0.5,0
5,0,77,0,0,500,0.6,1000,0.2,1400,0.2,0
5,1,385,0,0,300,0.5,1700,0.5,2
5,2,265,0,0,300,0.5,1700,0.5,2
5,3,976,2,10,5,0,500,0.6,1000,0.2,1400,0.2,0
5,4,268,1,0,300,0.5,1700,0.5,1
5,5,254,1,0,300,0.5,1700,0.5,2
5,6,275,0,0,300,0.5,1700,0.5,2
5,7,207,0,0,500,0.6,1000,0.2,1400,0.2,2
5,8,123,1,0,500,0.6,1000,0.2,1400,0.2,1
5,9,982,1,0,500,0.6,1000,0.2,1400,0.2,2
5,10,687,2,10,5,0,300,0.5,1700,0.5,1
5,11,516,0,0,300,0.5,1700,0.5,0
5,12,545,1,0,500,0.6,1000,0.2,1400,0.2,1
5,13,833,1,0,300,0.5,1700,0.5,2
5,14,923,1,0,300,0.5,1700,0.5,0
6,0,396,1,0,300,0.5,1700,0.5,2
6,1,815,2,10,5,0,300,0.5,1700,0.5,2
6,2,860,1,0,300,0.5,1700,0.5,1
6,3,946,1,0,300,0.5,1700,0.5,2
6,4,805,0,0,500,0.6,1000,0.2,1400,0.2,2
6,5,518,0,0,300,0.5,1700,0.5,1
6,6,625,1,0,500,0.6,1000,0.2,1400,0.2,1
6,7,381,2,10,5,0,300,0.5,1700,0.5,1
6,8,162,1,0,300,0.5,1700,0.5,2
6,9,996,0,0,300,0.5,1700,0.5,2
6,10,262,0,0,300,0.5,1700,0.5,2
6,11,449,0,0,300,0.5,1700,0.5,2
6,12,103,1,0,500,0.6,1000,0.2,1400,0.2,2
6,13,731,0,0,300,0.5,1700,0.5,1
6,14,115,1,0,300,0.5,1700,0.5,0
7,0,505,0,0,500,0.6,1000,0.2,1400,0.2,1
7,1,146,1,0,500,0.6,1000,0.2,1400,0.2,0
7,2,112,2,10,5,0,300,0.5,1700,0.5,0
7,3,544,0,0,300,0.5,1700,0.5,2
7,4,659,1,0,500,0.6,1000,0.2,1400,0.2,0
7,5,905,2,10,5,0,500,0.6,1000,0.2,1400,0.2,2
7,6,704,0,0,300,0.5,1700,0.5,1
7,7,793,2,10,5,0,300,0.5,1700,0.5,1
7,8,89,2,10,5,0,300,0.5,1700,0.5,2
7,9,722,2,10,5,0,300,0.5,1700,0.5,2
7,10,380,1,0,300,0.5,1700,0.5,0
7,11,680,1,0,500,0.6,1000,0.2,1400,0.2,1
7,12,450,0,0,300,0.5,1700,0.5,1
7,13,739,2,10,5,0,500,0.6,1000,0.2,1400,0.2,1
7,14,930,2,10,5,0,500,0.6,1000,0.2,1400,0.2,0
8,0,245,0,0,300,0.5,1700,0.5,0
8,1,229,1,0,300,0.5,1700,0.5,0
8,2,277,2,10,5,0,300,0.5,1700,0.5,0
8,3,905,1,0,500,0.6,1000,0.2,1400,0.2,1
8,4,712,1,0,300,0.5,1700,0.5,2
8,5,610,1,0,300,0.5,1700,0.5,2
8,6,175,2,10,5,0,300,0.5,1700,0.5,1
8,7,890,1,0,500,0.6,1000,0.2,1400,0.2,0
8,8,931,1,0,300,0.5,1700,0.5,1
8,9,903,1,0,500,0.6,1000,0.2,1400,0.2,1
8,10,99,2,10,5,0,500,0.6,1000,0.2,1400,0.2,1
8,11,404,0,0,300,0.5,1700,0.5,0
8,12,620,0,0,500,0.6,1000,0.2,1400,0.2,1
8,13,483,0,0,300,0.5,1700,0.5,0
8,14,200,0,0,300,0.5,1700,0.5,2
9,0,888,2,10,5,0,500,0.6,1000,0.2,1400,0.2,1
9,1,126,0,0,500,0.6,1000,0.2,1400,0.2,2
9,2,839,2,10,5,0,500,0.6,1000,0.2,1400,0.2,1
9,3,558,0,0,500,0.6,1000,0.2,1400,0.2,2
9,4,254,0,0,300,0.5,1700,0.5,1
9,5,43,0,0,500,0.6,1000,0.2,1400,0.2,2
9,6,260,0,0,300,0.5,1700,0.5,1
9,7,16,2,10,5,0,300,0.5,1700,0.5,1
9,8,978,2,10,5,0,300,0.5,1700,0.5,2
9,9,68,1,0,500,0.6,1000,0.2,1400,0.2,1
9,10,92,2,10,5,0,300,0.5,1700,0.5,0
9,11,803,1,0,500,0.6,1000,0.2,1400,0.2,0
9,12,337,1,0,500,0.6,1000,0.2,1400,0.2,2
9,13,738,2,10,5,0,500,0.6,1000,0.2,1400,0.2,2
9,14,633,2,10,5,0,500,0.6,1000,0.2,1400,0.2,0
10,0,573,0,0,500,0.6,1000,0.2,1400,0.2,2
10,1,130,1,0,300,0.5,1700,0.5,2
10,2,58,2,10,5,0,300,0.5,1700,0.5,1
10,3,796,1,0,300,0.5,1700,0.5,1
10,4,239,1,0,300,0.5,1700,0.5,0
10,5,412,1,0,500,0.6,1000,0.2,1400,0.2,0
10,6,474,1,0,300,0.5,1700,0.5,2
10,7,782,0,0,500,0.6,1000,0.2,1400,0.2,1
10,8,758,2,10,5,0,300,0.5,1700,0.5,0
10,9,500,1,0,300,0.5,1700,0.5,2
10,10,242,2,10,5,0,300,0.5,1700,0.5,0
10,11,108,1,0,300,0.5,1700,0.5,0
10,12,960,0,0,500,0.6,1000,0.2,1400,0.2,2
10,13,355,0,0,500,0.6,1000,0.2,1400,0.2,1
10,14,115,0,0,300,0.5,1700,0.5,2
11,0,996,2,10,5,0,300,0.5,1700,0.5,1
11,1,735,1,0,500,0.6,1000,0.2,1400,0.2,1
11,2,895,0,0,500,0.6,1000,0.2,1400,0.2,0
11,3,738,0,0,500,0.6,1000,0.2,1400,0.2,2
11,4,480,0,0,500,0.6,1000,0.2,1400,0.2,2
11,5,323,1,0,300,0.5,1700,0.5,1
11,6,218,1,0,500,0.6,1000,0.2,1400,0.2,0
11,7,789,1,0,300,0.5,1700,0.5,1
11,8,257,0,0,500,0.6,1000,0.2,1400,0.2,1
11,9,808,1,0,300,0.5,1700,0.5,0
11,10,582,1,0,500,0.6,1000,0.2,1400,0.2,2
11,11,401,0,0,300,0.5,1700,0.5,1
11,12,32,1,0,300,0.5,1700,0.5,1
11,13,31,2,10,5,0,500,0.6,1000,0.2,1400,0.2,2
11,14,202,0,0,300,0.5,1700,0.5,0
12,0,555,0,0,500,0.6,1000,0.2,1400,0.2,1
12,1,470,0,0,500,0.6,1000,0.2,1400,0.2,2
12,2,807,2,10,5,0,300,0.5,1700,0.5,2
12,3,577,0,0,300,0.5,1700,0.5,1
12,4,921,2,10,5,0,300,0.5,1700,0.5,2
12,5,40,1,0,300,0.5,1700,0.5,1
12,6,772,2,10,5,0,300,0.5,1700,0.5,0
12,7,343,0,0,300,0.5,1700,0.5,0
12,8,788,2,10,5,0,300,0.5,1700,0.5,0
12,9,821,1,0,300,0.5,1700,0.5,2
12,10,186,1,0,500,0.6,1000,0.2,1400,0.2,1
12,11,173,2,10,5,0,300,0.5,1700,0.5,0
12,12,939,1,0,500,0.6,1000,0.2,1400,0.2,2
12,13,481,1,0,500,0.6,1000,0.2,1400,0.2,0
12,14,976,0,0,300,0.5,1700,0.5,2
13,0,771,1,0,300,0.5,1700,0.5,2
13,1,794,2,10,5,0,300,0.5,1700,0.5,1
13,2,174,2,10,5,0,300,0.5,1700,0.5,2
13,3,575,1,0,300,0.5,1700,0.5,0
13,4,744,2,10,5,0,300,0.5,1700,0.5,2
13,5,21,0,0,500,0.6,1000,0.2,1400,0.2,2
13,6,367,2,10,5,0,500,0.6,1000,0.2,1400,0.2,0
13,7,257,2,10,5,0,300,0.5,1700,0.5,2
13,8,921,2,10,5,0,300,0.5,1700,0.5,1
13,9,945,2,10,5,0,500,0.6,1000,0.2,1400,0.2,1
13,10,591,2,10,5,0,500,0.6,1000,0.2,1400,0.2,1
13,11,385,1,0,500,0.6,1000,0.2,1400,0.2,2
13,12,488,1,0,300,0.5,1700,0.5,1
13,13,614,2,10,5,0,300,0.5,1700,0.5,1
13,14,836,2,10,5,0,300,0.5,1700,0.5,0
14,0,974,2,10,5,0,500,0.6,1000,0.2,1400,0.2,0
14,1,392,1,0,500,0.6,1000,0.2,1400,0.2,0
14,2,151,2,10,5,0,300,0.5,1700,0.5,2
14,3,782,2,10,5,0,500,0.6,1000,0.2,1400,0.2,1
14,4,603,1,0,500,0.6,1000,0.2,1400,0.2,2
14,5,772,1,0,300,0.5,1700,0.5,2
14,6,110,1,0,500,0.6,1000,0.2,1400,0.2,1
14,7,153,0,0,300,0.5,1700,0.5,2
14,8,948,1,0,500,0.6,1000,0.2,1400,0.2,1
14,9,915,0,0,300,0.5,1700,0.5,0
14,10,722,1,0,300,0.5,1700,0.5,2
14,11,186,2,10,5,0,500,0.6,1000,0.2,1400,0.2,2
14,12,661,1,0,500,0.6,1000,0.2,1400,0.2,1
14,13,298,1,0,300,0.5,1700,0.5,0
14,14,455,1,0,500,0.6,1000,0.2,1400,0.2,2
