0,0,866,0,0,500,0.6,1000,0.2,1400,0.2,1
0,1,368,0,0,300,0.5,1700,0.5,1
0,2,277,1,0,300,0.5,1700,0.5,2
0,3,869,1,0,300,0.5,1700,0.5,1
0,4,603,1,0,300,0.5,1700,0.5,2
0,5,866,0,0,300,0.5,1700,0.5,1
0,6,784,0,0,300,0.5,1700,0.5,0
0,7,300,0,0,300,0.5,1700,0.5,1
0,8,343,0,0,500,0.6,1000,0.2,1400,0.2,2
0,9,576,0,0,300,0.5,1700,0.5,0
0,10,92,1,0,500,0.6,1000,0.2,1400,0.2,1
0,11,18,2,10,5,0,500,0.6,1000,0.2,1400,0.2,0
0,12,617,0,0,300,0.5,1700,0.5,2
0,13,894,0,0,300,0.5,1700,0.5,2
0,14,478,2,10,5,0,300,0.5,1700,0.5,2
1,0,100,0,0,500,0.6,1000,0.2,1400,0.2,0
1,1,500,0,0,500,0.6,1000,0.2,1400,0.2,0
1,2,188,2,10,5,0,300,0.5,1700,0.5,1
1,3,697,1,0,500,0.6,1000,0.2,1400,0.2,1
1,4,137,2,10,5,0,300,0.5,1700,0.5,2
1,5,839,0,0,500,0.6,1000,0.2,1400,0.2,2
1,6,437,1,0,300,0.5,1700,0.5,0
1,7,617,0,0,500,0.6,1000,0.2,1400,0.2,1
1,8,996,1,0,500,0.6,1000,0.2,1400,0.2,0
1,9,96,2,10,5,0,300,0.5,1700,0.5,2
1,10,485,1,0,300,0.5,1700,0.5,0
1,11,668,1,0,500,0.6,1000,0.2,1400,0.2,1
1,12,327,2,10,5,0,300,0.5,1700,0.5,2
1,13,41,2,10,5,0,300,0.5,1700,0.5,0
1,14,875,0,0,300,0.5,1700,0.5,2
2,0,682,2,10,5,0,300,0.5,1700,0.5,1
2,1,963,0,0,300,0.5,1700,0.5,1
2,2,52,1,0,300,0.5,1700,0.5,2
2,3,911,0,0,500,0.6,1000,0.2,1400,0.2,2
2,4,730,2,10,5,0,300,0.5,1700,0.5,1
2,5,178,2,10,5,0,500,0.6,1000,0.2,1400,0.2,2
2,6,529,2,10,5,0,500,0.6,1000,0.2,1400,0.2,2
2,7,813,0,0,300,0.5,1700,0.5,0
2,8,859,2,10,5,0,500,0.6,1000,0.2,1400,0.2,1
2,9,942,1,0,500,0.6,1000,0.2,1400,0.2,0
2,10,310,0,0,500,0.6,1000,0.2,1400,0.2,2
2,11,129,0,0,300,0.5,1700,0.5,0
2,12,168,1,0,500,0.6,1000,0.2,1400,0.2,0
2,13,682,0,0,500,0.6,1000,0.2,1400,0.2,2
2,14,991,0,0,300,0.5,1700,0.5,0
3,0,328,2,10,5,0,500,0.6,1000,0.2,1400,0.2,0
3,1,516,1,0,500,0.6,1000,0.2,1400,0.2,1
3,2,516,1,0,500,0.6,1000,0.2,1400,0.2,2
3,3,478,1,0,500,0.6,1000,0.2,1400,0.2,2
3,4,774,1,0,500,0.6,1000,0.2,1400,0.2,2
3,5,633,2,10,5,0,500,0.6,1000,0.2,1400,0.2,0
3,6,537,0,0,300,0.5,1700,0.5,2
3,7,925,1,0,500,0.6,1000,0.2,1400,0.2,0
3,8,888,2,10,5,0,300,0.5,1700,0.5,2
3,9,741,2,10,5,0,500,0.6,1000,0.2,1400,0.2,1
3,10,709,0,0,300,0.5,1700,0.5,0
3,11,39,0,0,500,0.6,1000,0.2,1400,0.2,1
3,12,718,0,0,300,0.5,1700,0.5,1
3,13,911,1,0,500,0.6,1000,0.2,1400,0.2,0
3,14,219,2,10,5,0,500,0.6,1000,0.2,1400,0.2,0
4,0,456,0,0,500,0.6,1000,0.2,1400,0.2,1
4,1,610,0,0,300,0.5,1700,0.5,1
4,2,965,2,10,5,0,500,0.6,1000,0.2,1400,0.2,0
4,3,447,1,0,500,0.6,1000,0.2,1400,0.2,2
4,4,550,1,0,500,0.6,1000,0.2,1400,0.2,1
4,5,282,2,10,5,0,300,0.5,1700,0.5,0
4,6,564,2,10,5,0,500,0.6,1000,0.2,1400,0.2,1
4,7,845,2,10,5,0,500,0.6,1000,0.2,1400,0.2,2
4,8,53,1,0,500,0.6,1000,0.2,1400,0.2,1
4,9,350,0,0,300,0.5,1700,0.5,0
4,10,529,1,0,300,0.5,1700,0.5,1
4,11,955,1,0,300,0.5,1700,0.5,0
4,12,937,0,0,500,0.6,1000,0.2,1400,0.2,2
4,13,189,0,0,300,0.5,1700,0.5,0
4,14,226,2,10,5,0,300,0.5,1700,0.5,1
5,0,442,2,10,5,0,500,0.6,1000,0.2,1400,0.2,0
5,1,718,1,0,300,0.5,1700,0.5,0
5,2,690,2,10,5,0,300,0.5,1700,0.5,0
5,3,611,1,0,500,0.6,1000,0.2,1400,0.2,1
5,4,896,1,0,500,0.6,1000,0.2,1400,0.2,1
5,5,89,1,0,500,0.6,1000,0.2,1400,0.2,2
5,6,968,0,0,500,0.6,1000,0.2,1400,0.2,1
5,7,609,2,10,5,0,500,0.6,1000,0.2,1400,0.2,1
5,8,850,2,10,5,0,500,0.6,1000,0.2,1400,0.2,1
5,9,15,1,0,500,0.6,1000,0.2,1400,0.2,2
5,10,923,0,0,500,0.6,1000,0.2,1400,0.2,1
5,11,963,2,10,5,0,500,0.6,1000,0.2,1400,0.2,0
5,12,261,2,10,5,0,500,0.6,1000,0.2,1400,0.2,1
5,13,519,0,0,300,0.5,1700,0.5,0
5,14,738,2,10,5,0,500,0.6,1000,0.2,1400,0.2,2
6,0,991,2,10,5,0,300,0.5,1700,0.5,0
6,1,22,2,10,5,0,500,0.6,1000,0.2,1400,0.2,2
6,2,649,1,0,500,0.6,1000,0.2,1400,0.2,1
6,3,630,0,0,300,0.5,1700,0.5,0
6,4,750,1,0,500,0.6,1000,0.2,1400,0.2,0
6,5,292,0,0,500,0.6,1000,0.2,1400,0.2,1
6,6,368,1,0,500,0.6,1000,0.2,1400,0.2,1
6,7,362,2,10,5,0,300,0.5,1700,0.5,1
6,8,654,1,0,500,0.6,1000,0.2,1400,0.2,2
6,9,293,1,0,500,0.6,1000,0.2,1400,0.2,0
6,10,68,0,0,500,0.6,1000,0.2,1400,0.2,1
6,11,292,2,10,5,0,300,0.5,1700,0.5,1
6,12,235,0,0,300,0.5,1700,0.5,0
6,13,923,1,0,500,0.6,1000,0.2,1400,0.2,0
6,14,416,0,0,500,0.6,1000,0.2,1400,0.2,0
7,0,598,0,0,300,0.5,1700,0.5,1
7,1,617,2,10,5,0,500,0.6,1000,0.2,1400,0.2,1
7,2,728,0,0,500,0.6,1000,0.2,1400,0.2,0
7,3,945,0,0,500,0.6,1000,0.2,1400,0.2,1
7,4,925,2,10,5,0,500,0.6,1000,0.2,1400,0.2,0
7,5,637,1,0,300,0.5,1700,0.5,0
7,6,511,0,0,300,0.5,1700,0.5,0
7,7,681,0,0,500,0.6,1000,0.2,1400,0.2,2
7,8,567,2,10,5,0,500,0.6,1000,0.2,1400,0.2,2
7,9,567,0,0,500,0.6,1000,0.2,1400,0.2,0
7,10,951,2,10,5,0,500,0.6,1000,0.2,1400,0.2,0
7,11,226,0,0,500,0.6,1000,0.2,1400,0.2,0
7,12,264,2,10,5,0,300,0.5,1700,0.5,1
7,13,195,2,10,5,0,500,0.6,1000,0.2,1400,0.2,0
7,14,454,1,0,500,0.6,1000,0.2,1400,0.2,1
8,0,941,1,0,300,0.5,1700,0.5,2
8,1,564,0,0,500,0.6,1000,0.2,1400,0.2,1
8,2,39,0,0,300,0.5,1700,0.5,2
8,3,44,1,0,500,0.6,1000,0.2,1400,0.2,1
8,4,847,0,0,500,0.6,1000,0.2,1400,0.2,1
8,5,891,2,10,5,0,300,0.5,1700,0.5,2
8,6,502,2,10,5,0,500,0.6,1000,0.2,1400,0.2,0
8,7,589,1,0,500,0.6,1000,0.2,1400,0.2,2
8,8,410,1,0,500,0.6,1000,0.2,1400,0.2,0
8,9,523,0,0,500,0.6,1000,0.2,1400,0.2,2
8,10,960,1,0,300,0.5,1700,0.5,0
8,11,344,0,0,300,0.5,1700,0.5,0
8,12,209,0,0,300,0.5,1700,0.5,1
8,13,393,1,0,300,0.5,1700,0.5,1
8,14,243,2,10,5,0,500,0.6,1000,0.2,1400,0.2,0
9,0,869,2,10,5,0,500,0.6,1000,0.2,1400,0.2,1
9,1,632,1,0,500,0.6,1000,0.2,1400,0.2,2
9,2,533,0,0,500,0.6,1000,0.2,1400,0.2,1
9,3,796,2,10,5,0,300,0.5,1700,0.5,2
9,4,506,2,10,5,0,500,0.6,1000,0.2,1400,0.2,0
9,5,92,1,0,500,0.6,1000,0.2,1400,0.2,2
9,6,590,2,10,5,0,300,0.5,1700,0.5,1
9,7,271,2,10,5,0,500,0.6,1000,0.2,1400,0.2,2
9,8,254,2,10,5,0,500,0.6,1000,0.2,1400,0.2,1
9,9,578,1,0,300,0.5,1700,0.5,0
9,10,308,2,10,5,0,300,0.5,1700,0.5,2
9,11,999,0,0,300,0.5,1700,0.5,0
9,12,108,0,0,300,0.5,1700,0.5,0
9,13,89,2,10,5,0,300,0.5,1700,0.5,0
9,14,160,2,10,5,0,500,0.6,1000,0.2,1400,0.2,2
10,0,719,2,10,5,0,500,0.6,1000,0.2,1400,0.2,1
10,1,461,1,0,500,0.6,1000,0.2,1400,0.2,0
10,2,128,2,10,5,0,500,0.6,1000,0.2,1400,0.2,0
10,3,939,1,0,500,0.6,1000,0.2,1400,0.2,2
10,4,336,0,0,500,0.6,1000,0.2,1400,0.2,1
10,5,659,1,0,500,0.6,1000,0.2,1400,0.2,1
10,6,310,2,10,5,0,500,0.6,1000,0.2,1400,0.2,0
10,7,239,1,0,300,0.5,1700,0.5,2
10,8,773,1,0,300,0.5,1700,0.5,0
10,9,303,2,10,5,0,500,0.6,1000,0.2,1400,0.2,1
10,10,419,0,0,300,0.5,1700,0.5,0
10,11,583,1,0,500,0.6,1000,0.2,1400,0.2,1
10,12,383,0,0,300,0.5,1700,0.5,2
10,13,517,0,0,300,0.5,1700,0.5,0
10,14,771,0,0,300,0.5,1700,0.5,2
11,0,848,1,0,500,0.6,1000,0.2,1400,0.2,2
11,1,901,1,0,500,0.6,1000,0.2,1400,0.2,1
11,2,300,1,0,500,0.6,1000,0.2,1400,0.2,0
11,3,209,2,10,5,0,300,0.5,1700,0.5,1
11,4,560,2,10,5,0,500,0.6,1000,0.2,1400,0.2,2
11,5,317,1,0,500,0.6,1000,0.2,1400,0.2,2
11,6,518,1,0,500,0.6,1000,0.2,1400,0.2,2
11,7,656,2,10,5,0,500,0.6,1000,0.2,1400,0.2,1
11,8,534,2,10,5,0,300,0.5,1700,0.5,1
11,9,547,1,0,500,0.6,1000,0.2,1400,0.2,2
11,10,308,1,0,500,0.6,1000,0.2,1400,0.2,2
11,11,925,1,0,500,0.6,1000,0.2,1400,0.2,1
11,12,602,1,0,500,0.6,1000,0.2,1400,0.2,0
11,13,670,0,0,300,0.5,1700,0.5,1
11,14,203,2,10,5,0,300,0.5,1700,0.5,2
12,0,363,0,0,500,0.6,1000,0.2,1400,0.2,2
12,1,503,2,10,5,0,500,0.6,1000,0.2,1400,0.2,2
12,2,103,2,10,5,0,300,0.5,1700,0.5,2
12,3,199,0,0,300,0.5,1700,0.5,2
12,4,135,2,10,5,0,500,0.6,1000,0.2,1400,0.2,0
12,5,49,1,0,500,0.6,1000,0.2,1400,0.2,2
12,6,847,0,0,300,0.5,1700,0.5,2
12,7,272,1,0,500,0.6,1000,0.2,1400,0.2,2
12,8,238,2,10,5,0,300,0.5,1700,0.5,1
12,9,653,0,0,300,0.5,1700,0.5,2
12,10,386,1,0,300,0.5,1700,0.5,1
12,11,582,0,0,300,0.5,1700,0.5,2
12,12,535,2,10,5,0,500,0.6,1000,0.2,1400,0.2,0
12,13,532,0,0,300,0.5,1700,0.5,1
12,14,24,1,0,500,0.6,1000,0.2,1400,0.2,0
13,0,658,1,0,500,0.6,1000,0.2,1400,0.2,0
13,1,783,2,10,5,0,300,0.5,1700,0.5,2
13,2,482,2,10,5,0,300,0.5,1700,0.5,0
13,3,274,1,0,300,0.5,1700,0.5,1
13,4,522,2,10,5,0,300,0.5,1700,0.5,2
13,5,548,0,0,300,0.5,1700,0.5,2
13,6,728,0,0,300,0.5,1700,0.5,2
13,7,945,2,10,5,0,300,0.5,1700,0.5,2
13,8,777,0,0,300,0.5,1700,0.5,0
13,9,110,1,0,300,0.5,1700,0.5,1
13,10,534,1,0,500,0.6,1000,0.2,1400,0.2,1
13,11,700,2,10,5,0,300,0.5,1700,0.5,0
13,12,923,0,0,300,0.5,1700,0.5,1
13,13,845,1,0,300,0.5,1700,0.5,2
13,14,814,1,0,500,0.6,1000,0.2,1400,0.2,2
14,0,555,2,10,5,0,300,0.5,1700,0.5,0
14,1,770,1,0,300,0.5,1700,0.5,2
14,2,243,1,0,500,0.6,1000,0.2,1400,0.2,1
14,3,993,1,0,300,0.5,1700,0.5,0
14,4,68,1,0,300,0.5,1700,0.5,0
14,5,479,2,10,5,0,500,0.6,1000,0.2,1400,0.2,1
14,6,162,2,10,5,0,500,0.6,1000,0.2,1400,0.2,0
14,7,519,0,0,500,0.6,1000,0.2,1400,0.2,2
14,8,280,0,0,300,0.5,1700,0.5,0
14,9,480,1,0,500,0.6,1000,0.2,1400,0.2,2
14,10,700,0,0,300,0.5,1700,0.5,0
14,11,449,0,0,300,0.5,1700,0.5,2
14,12,202,1,0,500,0.6,1000,0.2,1400,0.2,0
14,13,813,2,10,5,0,300,0.5,1700,0.5,0
14,14,648,1,0,300,0.5,1700,0.5,2
