0,0,276,1,0,300,0.5,1700,0.5,2
0,1,767,0,0,500,0.6,1000,0.2,1400,0.2,2
0,2,214,2,10,5,0,300,0.5,1700,0.5,1
0,3,29,1,0,500,0.6,1000,0.2,1400,0.2,0
0,4,529,2,10,5,0,500,0.6,1000,0.2,1400,0.2,1
0,5,132,0,0,300,0.5,1700,0.5,0
0,6,503,1,0,300,0.5,1700,0.5,0
0,7,752,0,0,300,0.5,1700,0.5,2
0,8,205,2,10,5,0,500,0.6,1000,0.2,1400,0.2,1
0,9,921,1,0,300,0.5,1700,0.5,0
0,10,920,1,0,300,0.5,1700,0.5,2
0,11,775,1,0,300,0.5,1700,0.5,2
0,12,624,2,10,5,0,300,0.5,1700,0.5,0
0,13,432,2,10,5,0,300,0.5,1700,0.5,1
0,14,687,0,0,300,0.5,1700,0.5,0
1,0,883,2,10,5,0,500,0.6,1000,0.2,1400,0.2,0
1,1,551,0,0,500,0.6,1000,0.2,1400,0.2,2
1,2,301,1,0,300,0.5,1700,0.5,0
1,3,810,0,0,500,0.6,1000,0.2,1400,0.2,0
1,4,132,2,10,5,0,500,0.6,1000,0.2,1400,0.2,2
1,5,753,0,0,300,0.5,1700,0.5,0
1,6,448,2,10,5,0,300,0.5,1700,0.5,1
1,7,513,0,0,300,0.5,1700,0.5,1
1,8,827,2,10,5,0,300,0.5,1700,0.5,1
1,9,566,0,0,300,0.5,1700,0.5,1
1,10,511,2,10,5,0,300,0.5,1700,0.5,2
1,11,117,1,0,300,0.5,1700,0.5,0
1,12,880,1,0,500,0.6,1000,0.2,1400,0.2,1
1,13,294,0,0,300,0.5,1700,0.5,2
1,14,884,2,10,5,0,300,0.5,1700,0.5,0
2,0,42,1,0,500,0.6,1000,0.2,1400,0.2,0
2,1,109,1,0,500,0.6,1000,0.2,1400,0.2,0
2,2,443,2,10,5,0,300,0.5,1700,0.5,0
2,3,379,0,0,500,0.6,1000,0.2,1400,0.2,2
2,4,495,0,0,500,0.6,1000,0.2,1400,0.2,1
2,5,15,0,0,300,0.5,1700,0.5,1
2,6,91,2,10,5,0,500,0.6,1000,0.2,1400,0.2,2
2,7,63,1,0,500,0.6,1000,0.2,1400,0.2,0
2,8,30,0,0,500,0.6,1000,0.2,1400,0.2,0
2,9,468,0,0,300,0.5,1700,0.5,1
2,10,277,1,0,300,0.5,1700,0.5,1
2,11,408,2,10,5,0,500,0.6,1000,0.2,1400,0.2,1
2,12,62,1,0,500,0.6,1000,0.2,1400,0.2,2
2,13,490,1,0,500,0.6,1000,0.2,1400,0.2,2
2,14,352,1,0,300,0.5,1700,0.5,1
3,0,979,2,10,5,0,500,0.6,1000,0.2,1400,0.2,2
3,1,623,0,0,300,0.5,1700,0.5,2
3,2,819,2,10,5,0,500,0.6,1000,0.2,1400,0.2,0
3,3,194,0,0,500,0.6,1000,0.2,1400,0.2,0
3,4,488,0,0,300,0.5,1700,0.5,2
3,5,499,2,10,5,0,500,0.6,1000,0.2,1400,0.2,1
3,6,366,0,0,300,0.5,1700,0.5,0
3,7,690,0,0,500,0.6,1000,0.2,1400,0.2,2
3,8,347,2,10,5,0,500,0.6,1000,0.2,1400,0.2,1
3,9,839,0,0,300,0.5,1700,0.5,2
3,10,265,0,0,500,0.6,1000,0.2,1400,0.2,1
3,11,950,0,0,500,0.6,1000,0.2,1400,0.2,1
3,12,113,2,10,5,0,500,0.6,1000,0.2,1400,0.2,2
3,13,206,0,0,300,0.5,1700,0.5,1
3,14,239,2,10,5,0,500,0.6,1000,0.2,1400,0.2,2
4,0,471,1,0,500,0.6,1000,0.2,1400,0.2,2
4,1,676,0,0,300,0.5,1700,0.5,1
4,2,173,1,0,500,0.6,1000,0.2,1400,0.2,1
4,3,950,2,10,5,0,300,0.5,1700,0.5,0
4,4,154,1,0,500,0.6,1000,0.2,1400,0.2,2
4,5,368,2,10,5,0,500,0.6,1000,0.2,1400,0.2,0
4,6,894,0,0,500,0.6,1000,0.2,1400,0.2,0
4,7,988,0,0,300,0.5,1700,0.5,2
4,8,53,2,10,5,0,500,0.6,1000,0.2,1400,0.2,0
4,9,520,0,0,500,0.6,1000,0.2,1400,0.2,0
4,10,904,0,0,500,0.6,1000,0.2,1400,0.2,0
4,11,526,0,0,500,0.6,1000,0.2,1400,0.2,1
4,12,870,0,0,500,0.6,1000,0.2,1400,0.2,1
4,13,26,0,0,500,0.6,1000,0.2,1400,0.2,2
4,14,649,1,0,300,0.5,1700,0.5,1
5,0,976,0,0,300,0.5,1700,0.5,1
5,1,694,2,10,5,0,300,0.5,1700,0.5,2
5,2,958,1,0,300,0.5,1700,0.5,0
5,3,28,1,0,300,0.5,1700,0.5,2
5,4,367,0,0,300,0.5,1700,0.5,1
5,5,640,1,0,500,0.6,1000,0.2,1400,0.2,1
5,6,101,0,0,500,0.6,1000,0.2,1400,0.2,2
5,7,652,2,10,5,0,300,0.5,1700,0.5,0
5,8,356,0,0,500,0.6,1000,0.2,1400,0.2,2
5,9,307,0,0,500,0.6,1000,0.2,1400,0.2,1
5,10,894,2,10,5,0,300,0.5,1700,0.5,0
5,11,650,0,0,500,0.6,1000,0.2,1400,0.2,0
5,12,402,1,0,300,0.5,1700,0.5,0
5,13,493,0,0,500,0.6,1000,0.2,1400,0.2,2
5,14,530,1,0,500,0.6,1000,0.2,1400,0.2,0
6,0,689,2,10,5,0,500,0.6,1000,0.2,1400,0.2,1
6,1,290,1,0,300,0.5,1700,0.5,2
6,2,185,0,0,300,0.5,1700,0.5,1
6,3,295,0,0,500,0.6,1000,0.2,1400,0.2,1
6,4,132,1,0,300,0.5,1700,0.5,0
6,5,669,0,0,300,0.5,1700,0.5,1
6,6,694,1,0,300,0.5,1700,0.5,2
6,7,623,2,10,5,0,300,0.5,1700,0.5,2
6,8,468,0,0,300,0.5,1700,0.5,1
6,9,399,2,10,5,0,500,0.6,1000,0.2,1400,0.2,0
6,10,510,1,0,300,0.5,1700,0.5,2
6,11,466,1,0,300,0.5,1700,0.5,1
6,12,797,2,10,5,0,300,0.5,1700,0.5,0
6,13,279,1,0,300,0.5,1700,0.5,1
6,14,849,2,10,5,0,300,0.5,1700,0.5,2
7,0,709,0,0,500,0.6,1000,0.2,1400,0.2,1
7,1,80,1,0,500,0.6,1000,0.2,1400,0.2,1
7,2,137,1,0,500,0.6,1000,0.2,1400,0.2,0
7,3,324,2,10,5,0,300,0.5,1700,0.5,2
7,4,471,2,10,5,0,300,0.5,1700,0.5,2
7,5,924,2,10,5,0,500,0.6,1000,0.2,1400,0.2,0
7,6,390,2,10,5,0,500,0.6,1000,0.2,1400,0.2,0
7,7,274,2,10,5,0,300,0.5,1700,0.5,0
7,8,398,0,0,300,0.5,1700,0.5,2
7,9,778,0,0,500,0.6,1000,0.2,1400,0.2,2
7,10,763,1,0,300,0.5,1700,0.5,2
7,11,258,2,10,5,0,300,0.5,1700,0.5,1
7,12,128,2,10,5,0,300,0.5,1700,0.5,0
7,13,354,0,0,300,0.5,1700,0.5,2
7,14,492,0,0,500,0.6,1000,0.2,1400,0.2,2
8,0,51,0,0,500,0.6,1000,0.2,1400,0.2,0
8,1,686,1,0,300,0.5,1700,0.5,2
8,2,638,0,0,500,0.6,1000,0.2,1400,0.2,0
8,3,859,0,0,300,0.5,1700,0.5,0
8,4,955,2,10,5,0,300,0.5,1700,0.5,2
8,5,801,2,10,5,0,500,0.6,1000,0.2,1400,0.2,1
8,6,892,0,0,300,0.5,1700,0.5,2
8,7,785,1,0,500,0.6,1000,0.2,1400,0.2,0
8,8,874,2,10,5,0,300,0.5,1700,0.5,1
8,9,989,0,0,300,0.5,1700,0.5,2
8,10,412,1,0,500,0.6,1000,0.2,1400,0.2,0
8,11,324,0,0,500,0.6,1000,0.2,1400,0.2,2
8,12,349,1,0,500,0.6,1000,0.2,1400,0.2,0
8,13,705,0,0,300,0.5,1700,0.5,0
8,14,97,1,0,500,0.6,1000,0.2,1400,0.2,1
9,0,983,2,10,5,0,500,0.6,1000,0.2,1400,0.2,1
9,1,249,2,10,5,0,500,0.6,1000,0.2,1400,0.2,2
9,2,249,2,10,5,0,500,0.6,1000,0.2,1400,0.2,1
9,3,262,0,0,500,0.6,1000,0.2,1400,0.2,2
9,4,24,1,0,300,0.5,1700,0.5,0
9,5,129,0,0,500,0.6,1000,0.2,1400,0.2,2
9,6,681,1,0,500,0.6,1000,0.2,1400,0.2,2
9,7,139,2,10,5,0,300,0.5,1700,0.5,1
9,8,976,0,0,500,0.6,1000,0.2,1400,0.2,1
9,9,311,1,0,500,0.6,1000,0.2,1400,0.2,2
9,10,973,0,0,300,0.5,1700,0.5,0
9,11,112,2,10,5,0,500,0.6,1000,0.2,1400,0.2,2
9,12,94,2,10,5,0,500,0.6,1000,0.2,1400,0.2,0
9,13,604,1,0,500,0.6,1000,0.2,1400,0.2,1
9,14,790,0,0,300,0.5,1700,0.5,2
10,0,912,2,10,5,0,500,0.6,1000,0.2,1400,0.2,1
10,1,717,2,10,5,0,500,0.6,1000,0.2,1400,0.2,1
10,2,843,0,0,500,0.6,1000,0.2,1400,0.2,1
10,3,678,0,0,500,0.6,1000,0.2,1400,0.2,2
10,4,838,2,10,5,0,500,0.6,1000,0.2,1400,0.2,2
10,5,899,2,10,5,0,500,0.6,1000,0.2,1400,0.2,2
10,6,210,0,0,500,0.6,1000,0.2,1400,0.2,2
10,7,979,2,10,5,0,500,0.6,1000,0.2,1400,0.2,0
10,8,275,2,10,5,0,300,0.5,1700,0.5,0
10,9,950,1,0,300,0.5,1700,0.5,2
10,10,731,2,10,5,0,300,0.5,1700,0.5,0
10,11,338,1,0,300,0.5,1700,0.5,1
10,12,921,0,0,500,0.6,1000,0.2,1400,0.2,1
10,13,513,1,0,300,0.5,1700,0.5,1
10,14,599,2,10,5,0,500,0.6,1000,0.2,1400,0.2,1
11,0,802,0,0,500,0.6,1000,0.2,1400,0.2,0
11,1,81,2,10,5,0,300,0.5,1700,0.5,0
11,2,83,0,0,500,0.6,1000,0.2,1400,0.2,2
11,3,852,2,10,5,0,500,0.6,1000,0.2,1400,0.2,2
11,4,378,0,0,300,0.5,1700,0.5,2
11,5,536,2,10,5,0,300,0.5,1700,0.5,1
11,6,773,1,0,300,0.5,1700,0.5,0
11,7,123,2,10,5,0,500,0.6,1000,0.2,1400,0.2,2
11,8,737,2,10,5,0,300,0.5,1700,0.5,0
11,9,124,2,10,5,0,500,0.6,1000,0.2,1400,0.2,1
11,10,348,0,0,300,0.5,1700,0.5,1
11,11,659,0,0,500,0.6,1000,0.2,1400,0.2,2
11,12,942,0,0,300,0.5,1700,0.5,1
11,13,123,2,10,5,0,300,0.5,1700,0.5,0
11,14,730,2,10,5,0,300,0.5,1700,0.5,1
12,0,20,0,0,500,0.6,1000,0.2,1400,0.2,1
12,1,70,2,10,5,0,300,0.5,1700,0.5,1
12,2,890,0,0,300,0.5,1700,0.5,0
12,3,192,1,0,500,0.6,1000,0.2,1400,0.2,1
12,4,799,0,0,300,0.5,1700,0.5,1
12,5,163,0,0,300,0.5,1700,0.5,0
12,6,314,2,10,5,0,500,0.6,1000,0.2,1400,0.2,2
12,7,249,1,0,500,0.6,1000,0.2,1400,0.2,2
12,8,769,2,10,5,0,500,0.6,1000,0.2,1400,0.2,2
12,9,567,0,0,300,0.5,1700,0.5,1
12,10,650,0,0,500,0.6,1000,0.2,1400,0.2,1
12,11,364,1,0,300,0.5,1700,0.5,0
12,12,166,1,0,300,0.5,1700,0.5,0
12,13,27,1,0,500,0.6,1000,0.2,1400,0.2,2
12,14,143,0,0,300,0.5,1700,0.5,1
13,0,256,0,0,300,0.5,1700,0.5,0
13,1,728,1,0,500,0.6,1000,0.2,1400,0.2,1
13,2,33,0,0,300,0.5,1700,0.5,0
13,3,56,2,10,5,0,300,0.5,1700,0.5,0
13,4,603,0,0,300,0.5,1700,0.5,2
13,5,874,2,10,5,0,500,0.6,1000,0.2,1400,0.2,2
13,6,510,1,0,300,0.5,1700,0.5,0
13,7,105,0,0,500,0.6,1000,0.2,1400,0.2,2
13,8,197,0,0,300,0.5,1700,0.5,1
13,9,875,1,0,500,0.6,1000,0.2,1400,0.2,1
13,10,605,1,0,500,0.6,1000,0.2,1400,0.2,2
13,11,344,1,0,300,0.5,1700,0.5,2
13,12,310,1,0,500,0.6,1000,0.2,1400,0.2,1
13,13,994,2,10,5,0,500,0.6,1000,0.2,1400,0.2,1
13,14,484,2,10,5,0,500,0.6,1000,0.2,1400,0.2,1
14,0,600,0,0,300,0.5,1700,0.5,2
14,1,993,1,0,500,0.6,1000,0.2,1400,0.2,0
14,2,91,1,0,500,0.6,1000,0.2,1400,0.2,1
14,3,589,0,0,500,0.6,1000,0.2,1400,0.2,0
14,4,229,2,10,5,0,500,0.6,1000,0.2,1400,0.2,2
14,5,412,2,10,5,0,300,0.5,1700,0.5,1
14,6,792,0,0,500,0.6,1000,0.2,1400,0.2,2
14,7,914,1,0,300,0.5,1700,0.5,1
14,8,873,2,10,5,0,500,0.6,1000,0.2,1400,0.2,2
14,9,193,2,10,5,0,300,0.5,1700,0.5,1
14,10,814,2,10,5,0,300,0.5,1700,0.5,0
14,11,614,1,0,500,0.6,1000,0.2,1400,0.2,2
14,12,134,1,0,500,0.6,1000,0.2,1400,0.2,0
14,13,996,0,0,500,0.6,1000,0.2,1400,0.2,0
14,14,621,1,0,300,0.5,1700,0.5,2
