0,0,326,2,10,5,0,300,0.5,1700,0.5,2
0,1,665,1,0,500,0.6,1000,0.2,1400,0.2,2
0,2,661,1,0,300,0.5,1700,0.5,1
0,3,786,1,0,300,0.5,1700,0.5,1
0,4,157,2,10,5,0,300,0.5,1700,0.5,1
0,5,394,1,0,500,0.6,1000,0.2,1400,0.2,0
0,6,645,2,10,5,0,300,0.5,1700,0.5,2
0,7,891,1,0,300,0.5,1700,0.5,0
0,8,20,1,0,500,0.6,1000,0.2,1400,0.2,1
0,9,968,0,0,300,0.5,1700,0.5,0
0,10,705,2,10,5,0,500,0.6,1000,0.2,1400,0.2,2
0,11,121,2,10,5,0,500,0.6,1000,0.2,1400,0.2,1
0,12,321,1,0,500,0.6,1000,0.2,1400,0.2,0
0,13,442,1,0,500,0.6,1000,0.2,1400,0.2,2
0,14,455,0,0,300,0.5,1700,0.5,1
1,0,321,0,0,300,0.5,1700,0.5,1
1,1,615,1,0,500,0.6,1000,0.2,1400,0.2,2
1,2,452,1,0,500,0.6,1000,0.2,1400,0.2,2
1,3,539,1,0,500,0.6,1000,0.2,1400,0.2,0
1,4,959,2,10,5,0,300,0.5,1700,0.5,0
1,5,424,2,10,5,0,300,0.5,1700,0.5,0
1,6,826,2,10,5,0,300,0.5,1700,0.5,1
1,7,175,0,0,300,0.5,1700,0.5,1
1,8,25,0,0,300,0.5,1700,0.5,1
1,9,409,0,0,500,0.6,1000,0.2,1400,0.2,1
1,10,824,0,0,300,0.5,1700,0.5,0
1,11,937,1,0,500,0.6,1000,0.2,1400,0.2,1
1,12,177,2,10,5,0,300,0.5,1700,0.5,1
1,13,888,0,0,500,0.6,1000,0.2,1400,0.2,2
1,14,984,2,10,5,0,300,0.5,1700,0.5,0
2,0,367,2,10,5,0,500,0.6,1000,0.2,1400,0.2,1
2,1,802,1,0,300,0.5,1700,0.5,2
2,2,766,0,0,300,0.5,1700,0.5,0
2,3,899,0,0,500,0.6,1000,0.2,1400,0.2,1
2,4,418,0,0,300,0.5,1700,0.5,0
2,5,702,2,10,5,0,500,0.6,1000,0.2,1400,0.2,1
2,6,205,1,0,500,0.6,1000,0.2,1400,0.2,0
2,7,553,0,0,500,0.6,1000,0.2,1400,0.2,2
2,8,613,1,0,500,0.6,1000,0.2,1400,0.2,2
2,9,739,1,0,300,0.5,1700,0.5,0
2,10,309,2,10,5,0,500,0.6,1000,0.2,1400,0.2,0
2,11,602,0,0,300,0.5,1700,0.5,0
2,12,704,2,10,5,0,500,0.6,1000,0.2,1400,0.2,0
2,13,11,2,10,5,0,500,0.6,1000,0.2,1400,0.2,2
2,14,36,2,10,5,0,300,0.5,1700,0.5,1
3,0,164,2,10,5,0,500,0.6,1000,0.2,1400,0.2,2
3,1,39,2,10,5,0,300,0.5,1700,0.5,1
3,2,451,2,10,5,0,500,0.6,1000,0.2,1400,0.2,2
3,3,302,2,10,5,0,300,0.5,1700,0.5,1
3,4,891,1,0,300,0.5,1700,0.5,1
3,5,622,1,0,300,0.5,1700,0.5,2
3,6,86,0,0,300,0.5,1700,0.5,2
3,7,574,0,0,300,0.5,1700,0.5,0
3,8,764,0,0,500,0.6,1000,0.2,1400,0.2,1
3,9,787,2,10,5,0,300,0.5,1700,0.5,0
3,10,254,1,0,300,0.5,1700,0.5,2
3,11,713,0,0,300,0.5,1700,0.5,2
3,12,974,0,0,500,0.6,1000,0.2,1400,0.2,1
3,13,184,2,10,5,0,500,0.6,1000,0.2,1400,0.2,0
3,14,300,1,0,500,0.6,1000,0.2,1400,0.2,0
4,0,905,0,0,500,0.6,1000,0.2,1400,0.2,1
4,1,321,0,0,500,0.6,1000,0.2,1400,0.2,1
4,2,912,1,0,500,0.6,1000,0.2,1400,0.2,2
4,3,166,0,0,300,0.5,1700,0.5,1
4,4,588,2,10,5,0,300,0.5,1700,0.5,0
4,5,240,0,0,500,0.6,1000,0.2,1400,0.2,1
4,6,489,2,10,5,0,300,0.5,1700,0.5,2
4,7,611,1,0,500,0.6,1000,0.2,1400,0.2,2
4,8,781,1,0,500,0.6,1000,0.2,1400,0.2,1
4,9,874,2,10,5,0,500,0.6,1000,0.2,1400,0.2,1
4,10,236,0,0,300,0.5,1700,0.5,0
4,11,961,0,0,500,0.6,1000,0.2,1400,0.2,0
4,12,36,2,10,5,0,500,0.6,1000,0.2,1400,0.2,2
4,13,369,1,0,500,0.6,1000,0.2,1400,0.2,0
4,14,840,2,10,5,0,300,0.5,1700,0.5,0
5,0,699,1,0,300,0.5,1700,0.5,1
5,1,236,1,0,300,0.5,1700,0.5,1
5,2,638,1,0,500,0.6,1000,0.2,1400,0.2,1
5,3,266,2,10,5,0,300,0.5,1700,0.5,2
5,4,390,0,0,500,0.6,1000,0.2,1400,0.2,1
5,5,166,0,0,500,0.6,1000,0.2,1400,0.2,2
5,6,334,2,10,5,0,300,0.5,1700,0.5,1
5,7,491,1,0,500,0.6,1000,0.2,1400,0.2,0
5,8,311,1,0,500,0.6,1000,0.2,1400,0.2,1
5,9,797,1,0,300,0.5,1700,0.5,1
5,10,854,2,10,5,0,500,0.6,1000,0.2,1400,0.2,1
5,11,979,2,10,5,0,300,0.5,1700,0.5,2
5,12,166,1,0,500,0.6,1000,0.2,1400,0.2,2
5,13,577,2,10,5,0,300,0.5,1700,0.5,2
5,14,828,1,0,500,0.6,1000,0.2,1400,0.2,2
6,0,660,0,0,300,0.5,1700,0.5,0
6,1,10,2,10,5,0,300,0.5,1700,0.5,2
6,2,202,2,10,5,0,300,0.5,1700,0.5,0
6,3,772,0,0,300,0.5,1700,0.5,2
6,4,593,1,0,300,0.5,1700,0.5,1
6,5,713,0,0,500,0.6,1000,0.2,1400,0.2,2
6,6,635,0,0,300,0.5,1700,0.5,2
6,7,228,1,0,300,0.5,1700,0.5,1
6,8,453,0,0,300,0.5,1700,0.5,1
6,9,446,2,10,5,0,500,0.6,1000,0.2,1400,0.2,1
6,10,989,0,0,300,0.5,1700,0.5,0
6,11,246,1,0,300,0.5,1700,0.5,1
6,12,68,1,0,300,0.5,1700,0.5,1
6,13,25,1,0,500,0.6,1000,0.2,1400,0.2,0
6,14,565,1,0,500,0.6,1000,0.2,1400,0.2,0
7,0,628,2,10,5,0,500,0.6,1000,0.2,1400,0.2,2
7,1,209,0,0,500,0.6,1000,0.2,1400,0.2,1
7,2,157,2,10,5,0,300,0.5,1700,0.5,2
7,3,535,2,10,5,0,300,0.5,1700,0.5,1
7,4,751,0,0,500,0.6,1000,0.2,1400,0.2,0
7,5,25,2,10,5,0,300,0.5,1700,0.5,2
7,6,692,1,0,500,0.6,1000,0.2,1400,0.2,2
7,7,919,0,0,300,0.5,1700,0.5,1
7,8,196,1,0,300,0.5,1700,0.5,0
7,9,683,2,10,5,0,500,0.6,1000,0.2,1400,0.2,1
7,10,347,1,0,300,0.5,1700,0.5,2
7,11,989,1,0,300,0.5,1700,0.5,2
7,12,179,1,0,300,0.5,1700,0.5,1
7,13,38,2,10,5,0,500,0.6,1000,0.2,1400,0.2,2
7,14,123,0,0,300,0.5,1700,0.5,0
8,0,670,2,10,5,0,300,0.5,1700,0.5,1
8,1,713,2,10,5,0,300,0.5,1700,0.5,1
8,2,844,2,10,5,0,500,0.6,1000,0.2,1400,0.2,2
8,3,140,1,0,300,0.5,1700,0.5,1
8,4,407,0,0,500,0.6,1000,0.2,1400,0.2,2
8,5,881,2,10,5,0,500,0.6,1000,0.2,1400,0.2,2
8,6,370,1,0,500,0.6,1000,0.2,1400,0.2,2
8,7,624,2,10,5,0,300,0.5,1700,0.5,2
8,8,100,0,0,300,0.5,1700,0.5,1
8,9,694,2,10,5,0,500,0.6,1000,0.2,1400,0.2,0
8,10,90,2,10,5,0,500,0.6,1000,0.2,1400,0.2,0
8,11,864,2,10,5,0,500,0.6,1000,0.2,1400,0.2,1
8,12,53,0,0,500,0.6,1000,0.2,1400,0.2,2
8,13,535,2,10,5,0,300,0.5,1700,0.5,0
8,14,342,2,10,5,0,500,0.6,1000,0.2,1400,0.2,1
9,0,810,2,10,5,0,300,0.5,1700,0.5,0
9,1,539,1,0,300,0.5,1700,0.5,0
9,2,956,2,10,5,0,500,0.6,1000,0.2,1400,0.2,1
9,3,218,0,0,500,0.6,1000,0.2,1400,0.2,1
9,4,764,0,0,500,0.6,1000,0.2,1400,0.2,1
9,5,95,0,0,300,0.5,1700,0.5,1
9,6,486,0,0,300,0.5,1700,0.5,2
9,7,216,0,0,300,0.5,1700,0.5,2
9,8,886,1,0,300,0.5,1700,0.5,1
9,9,163,1,0,500,0.6,1000,0.2,1400,0.2,0
9,10,901,1,0,300,0.5,1700,0.5,0
9,11,210,0,0,300,0.5,1700,0.5,0
9,12,197,0,0,500,0.6,1000,0.2,1400,0.2,2
9,13,659,0,0,300,0.5,1700,0.5,1
9,14,487,2,10,5,0,300,0.5,1700,0.5,0
10,0,489,2,10,5,0,500,0.6,1000,0.2,1400,0.2,0
10,1,147,1,0,500,0.6,1000,0.2,1400,0.2,2
10,2,881,1,0,500,0.6,1000,0.2,1400,0.2,0
10,3,579,1,0,300,0.5,1700,0.5,0
10,4,195,1,0,300,0.5,1700,0.5,1
10,5,246,2,10,5,0,300,0.5,1700,0.5,2
10,6,51,0,0,500,0.6,1000,0.2,1400,0.2,0
10,7,432,1,0,500,0.6,1000,0.2,1400,0.2,1
10,8,430,0,0,300,0.5,1700,0.5,1
10,9,700,1,0,300,0.5,1700,0.5,2
10,10,570,0,0,300,0.5,1700,0.5,2
10,11,724,0,0,500,0.6,1000,0.2,1400,0.2,0
10,12,870,0,0,300,0.5,1700,0.5,0
10,13,442,1,0,300,0.5,1700,0.5,2
10,14,463,2,10,5,0,300,0.5,1700,0.5,0
11,0,926,0,0,300,0.5,1700,0.5,1
11,1,536,0,0,500,0.6,1000,0.2,1400,0.2,1
11,2,125,0,0,500,0.6,1000,0.2,1400,0.2,0
11,3,460,2,10,5,0,500,0.6,1000,0.2,1400,0.2,0
11,4,883,0,0,500,0.6,1000,0.2,1400,0.2,1
11,5,541,1,0,500,0.6,1000,0.2,1400,0.2,0
11,6,426,0,0,300,0.5,1700,0.5,0
11,7,24,2,10,5,0,300,0.5,1700,0.5,0
11,8,372,0,0,300,0.5,1700,0.5,0
11,9,655,2,10,5,0,300,0.5,1700,0.5,2
11,10,763,1,0,300,0.5,1700,0.5,2
11,11,980,0,0,300,0.5,1700,0.5,0
11,12,91,0,0,300,0.5,1700,0.5,2
11,13,552,0,0,500,0.6,1000,0.2,1400,0.2,1
11,14,600,2,10,5,0,300,0.5,1700,0.5,2
12,0,396,1,0,300,0.5,1700,0.5,1
12,1,578,1,0,500,0.6,1000,0.2,1400,0.2,1
12,2,882,1,0,300,0.5,1700,0.5,2
12,3,92,1,0,300,0.5,1700,0.5,0
12,4,851,0,0,300,0.5,1700,0.5,2
12,5,11,2,10,5,0,300,0.5,1700,0.5,1
12,6,407,2,10,5,0,300,0.5,1700,0.5,2
12,7,961,2,10,5,0,300,0.5,1700,0.5,1
12,8,670,2,10,5,0,500,0.6,1000,0.2,1400,0.2,1
12,9,395,1,0,300,0.5,1700,0.5,2
12,10,375,2,10,5,0,300,0.5,1700,0.5,2
12,11,447,2,10,5,0,500,0.6,1000,0.2,1400,0.2,1
12,12,749,0,0,500,0.6,1000,0.2,1400,0.2,2
12,13,452,0,0,500,0.6,1000,0.2,1400,0.2,2
12,14,308,0,0,300,0.5,1700,0.5,0
13,0,47,0,0,500,0.6,1000,0.2,1400,0.2,2
13,1,57,2,10,5,0,300,0.5,1700,0.5,1
13,2,101,2,10,5,0,300,0.5,1700,0.5,0
13,3,768,0,0,500,0.6,1000,0.2,1400,0.2,1
13,4,380,1,0,500,0.6,1000,0.2,1400,0.2,1
13,5,869,0,0,300,0.5,1700,0.5,0
13,6,460,0,0,500,0.6,1000,0.2,1400,0.2,0
13,7,935,0,0,300,0.5,1700,0.5,0
13,8,913,0,0,300,0.5,1700,0.5,2
13,9,292,2,10,5,0,500,0.6,1000,0.2,1400,0.2,0
13,10,825,2,10,5,0,500,0.6,1000,0.2,1400,0.2,2
13,11,303,2,10,5,0,500,0.6,1000,0.2,1400,0.2,0
13,12,501,1,0,500,0.6,1000,0.2,1400,0.2,1
13,13,778,0,0,300,0.5,1700,0.5,1
13,14,896,0,0,500,0.6,1000,0.2,1400,0.2,1
14,0,17,0,0,500,0.6,1000,0.2,1400,0.2,0
14,1,97,1,0,300,0.5,1700,0.5,0
14,2,581,2,10,5,0,300,0.5,1700,0.5,0
14,3,708,0,0,500,0.6,1000,0.2,1400,0.2,0
14,4,456,0,0,300,0.5,1700,0.5,0
14,5,754,1,0,300,0.5,1700,0.5,2
14,6,422,1,0,300,0.5,1700,0.5,0
14,7,786,0,0,500,0.6,1000,0.2,1400,0.2,1
14,8,311,1,0,500,0.6,1000,0.2,1400,0.2,2
14,9,352,2,10,5,0,300,0.5,1700,0.5,2
14,10,319,1,0,300,0.5,1700,0.5,0
14,11,254,0,0,300,0.5,1700,0.5,0
14,12,252,2,10,5,0,300,0.5,1700,0.5,1
14,13,698,1,0,500,0.6,1000,0.2,1400,0.2,2
14,14,601,1,0,500,0.6,1000,0.2,1400,0.2,0
