0,0,746,0,0,500,0.6,1000,0.2,1400,0.2,2
0,1,489,1,0,300,0.5,1700,0.5,0
0,2,298,1,0,500,0.6,1000,0.2,1400,0.2,0
0,3,860,1,0,300,0.5,1700,0.5,2
0,4,666,0,0,500,0.6,1000,0.2,1400,0.2,1
0,5,15,1,0,300,0.5,1700,0.5,1
0,6,253,1,0,300,0.5,1700,0.5,1
0,7,135,2,10,5,0,300,0.5,1700,0.5,1
0,8,490,2,10,5,0,500,0.6,1000,0.2,1400,0.2,1
0,9,635,2,10,5,0,500,0.6,1000,0.2,1400,0.2,0
0,10,109,0,0,300,0.5,1700,0.5,0
0,11,842,0,0,500,0.6,1000,0.2,1400,0.2,0
0,12,940,1,0,500,0.6,1000,0.2,1400,0.2,1
0,13,352,0,0,300,0.5,1700,0.5,0
0,14,863,0,0,500,0.6,1000,0.2,1400,0.2,1
1,0,67,0,0,300,0.5,1700,0.5,1
1,1,685,2,10,5,0,500,0.6,1000,0.2,1400,0.2,0
1,2,84,2,10,5,0,300,0.5,1700,0.5,0
1,3,578,0,0,300,0.5,1700,0.5,2
1,4,654,2,10,5,0,300,0.5,1700,0.5,1
1,5,614,2,10,5,0,300,0.5,1700,0.5,0
1,6,720,0,0,300,0.5,1700,0.5,1
1,7,433,2,10,5,0,500,0.6,1000,0.2,1400,0.2,0
1,8,43,1,0,500,0.6,1000,0.2,1400,0.2,0
1,9,400,0,0,300,0.5,1700,0.5,1
1,10,250,0,0,300,0.5,1700,0.5,0
1,11,986,0,0,500,0.6,1000,0.2,1400,0.2,2
1,12,96,1,0,500,0.6,1000,0.2,1400,0.2,0
1,13,925,0,0,300,0.5,1700,0.5,1
1,14,450,1,0,300,0.5,1700,0.5,0
2,0,953,1,0,300,0.5,1700,0.5,2
2,1,234,2,10,5,0,500,0.6,1000,0.2,1400,0.2,2
2,2,226,2,10,5,0,300,0.5,1700,0.5,2
2,3,895,2,10,5,0,300,0.5,1700,0.5,2
2,4,426,1,0,300,0.5,1700,0.5,1
2,5,792,2,10,5,0,500,0.6,1000,0.2,1400,0.2,0
2,6,132,0,0,500,0.6,1000,0.2,1400,0.2,1
2,7,113,1,0,300,0.5,1700,0.5,2
2,8,246,2,10,5,0,500,0.6,1000,0.2,1400,0.2,0
2,9,935,1,0,500,0.6,1000,0.2,1400,0.2,0
2,10,492,1,0,300,0.5,1700,0.5,1
2,11,330,0,0,500,0.6,1000,0.2,1400,0.2,0
2,12,403,0,0,500,0.6,1000,0.2,1400,0.2,1
2,13,52,1,0,300,0.5,1700,0.5,2
2,14,27,1,0,300,0.5,1700,0.5,1
3,0,224,0,0,300,0.5,1700,0.5,2
3,1,868,2,10,5,0,500,0.6,1000,0.2,1400,0.2,2
3,2,912,2,10,5,0,300,0.5,1700,0.5,1
3,3,489,0,0,300,0.5,1700,0.5,0
3,4,939,0,0,500,0.6,1000,0.2,1400,0.2,1
3,5,462,0,0,300,0.5,1700,0.5,1
3,6,702,0,0,300,0.5,1700,0.5,1
3,7,373,1,0,300,0.5,1700,0.5,1
3,8,954,2,10,5,0,300,0.5,1700,0.5,0
3,9,901,2,10,5,0,300,0.5,1700,0.5,2
3,10,201,1,0,300,0.5,1700,0.5,0
3,11,464,0,0,500,0.6,1000,0.2,1400,0.2,2
3,12,86,1,0,300,0.5,1700,0.5,0
3,13,307,1,0,500,0.6,1000,0.2,1400,0.2,0
3,14,916,2,10,5,0,500,0.6,1000,0.2,1400,0.2,0
4,0,873,2,10,5,0,500,0.6,1000,0.2,1400,0.2,2
4,1,134,2,10,5,0,300,0.5,1700,0.5,0
4,2,473,0,0,500,0.6,1000,0.2,1400,0.2,2
4,3,950,2,10,5,0,300,0.5,1700,0.5,1
4,4,173,0,0,300,0.5,1700,0.5,1
4,5,461,0,0,500,0.6,1000,0.2,1400,0.2,1
4,6,865,1,0,500,0.6,1000,0.2,1400,0.2,0
4,7,528,1,0,500,0.6,1000,0.2,1400,0.2,0
4,8,330,1,0,300,0.5,1700,0.5,1
4,9,793,0,0,300,0.5,1700,0.5,0
4,10,486,2,10,5,0,500,0.6,1000,0.2,1400,0.2,0
4,11,659,1,0,500,0.6,1000,0.2,1400,0.2,1
4,12,617,1,0,300,0.5,1700,0.5,0
4,13,770,2,10,5,0,500,0.6,1000,0.2,1400,0.2,0
4,14,523,1,0,500,0.6,1000,0.2,1400,0.2,0
5,0,392,1,0,500,0.6,1000,0.2,1400,0.2,2
5,1,464,1,0,300,0.5,1700,0.5,1
5,2,670,2,10,5,0,500,0.6,1000,0.2,1400,0.2,2
5,3,510,1,0,300,0.5,1700,0.5,2
5,4,803,0,0,300,0.5,1700,0.5,1
5,5,747,1,0,300,0.5,1700,0.5,2
5,6,163,1,0,300,0.5,1700,0.5,2
5,7,505,1,0,300,0.5,1700,0.5,2
5,8,749,2,10,5,0,500,0.6,1000,0.2,1400,0.2,0
5,9,350,2,10,5,0,300,0.5,1700,0.5,0
5,10,294,1,0,300,0.5,1700,0.5,0
5,11,315,2,10,5,0,300,0.5,1700,0.5,2
5,12,94,1,0,500,0.6,1000,0.2,1400,0.2,1
5,13,809,1,0,300,0.5,1700,0.5,0
5,14,951,0,0,300,0.5,1700,0.5,2
6,0,113,2,10,5,0,500,0.6,1000,0.2,1400,0.2,0
6,1,970,1,0,300,0.5,1700,0.5,1
6,2,857,2,10,5,0,300,0.5,1700,0.5,1
6,3,937,1,0,300,0.5,1700,0.5,0
6,4,908,2,10,5,0,500,0.6,1000,0.2,1400,0.2,2
6,5,862,1,0,500,0.6,1000,0.2,1400,0.2,0
6,6,959,0,0,300,0.5,1700,0.5,2
6,7,37,1,0,500,0.6,1000,0.2,1400,0.2,2
6,8,197,0,0,500,0.6,1000,0.2,1400,0.2,1
6,9,423,2,10,5,0,500,0.6,1000,0.2,1400,0.2,2
6,10,533,2,10,5,0,500,0.6,1000,0.2,1400,0.2,2
6,11,570,0,0,500,0.6,1000,0.2,1400,0.2,2
6,12,138,1,0,500,0.6,1000,0.2,1400,0.2,0
6,13,435,0,0,500,0.6,1000,0.2,1400,0.2,1
6,14,158,2,10,5,0,500,0.6,1000,0.2,1400,0.2,2
7,0,457,1,0,500,0.6,1000,0.2,1400,0.2,0
7,1,534,0,0,300,0.5,1700,0.5,0
7,2,545,1,0,300,0.5,1700,0.5,2
7,3,443,2,10,5,0,300,0.5,1700,0.5,1
7,4,715,0,0,300,0.5,1700,0.5,1
7,5,945,1,0,300,0.5,1700,0.5,0
7,6,694,1,0,300,0.5,1700,0.5,1
7,7,603,0,0,500,0.6,1000,0.2,1400,0.2,0
7,8,235,2,10,5,0,500,0.6,1000,0.2,1400,0.2,2
7,9,158,0,0,500,0.6,1000,0.2,1400,0.2,0
7,10,390,0,0,500,0.6,1000,0.2,1400,0.2,2
7,11,978,1,0,300,0.5,1700,0.5,1
7,12,981,2,10,5,0,300,0.5,1700,0.5,0
7,13,132,2,10,5,0,500,0.6,1000,0.2,1400,0.2,2
7,14,760,2,10,5,0,500,0.6,1000,0.2,1400,0.2,2
8,0,336,0,0,300,0.5,1700,0.5,1
8,1,569,2,10,5,0,500,0.6,1000,0.2,1400,0.2,1
8,2,29,1,0,500,0.6,1000,0.2,1400,0.2,2
8,3,895,1,0,300,0.5,1700,0.5,1
8,4,816,1,0,300,0.5,1700,0.5,0
8,5,578,0,0,300,0.5,1700,0.5,1
8,6,932,2,10,5,0,500,0.6,1000,0.2,1400,0.2,1
8,7,871,2,10,5,0,500,0.6,1000,0.2,1400,0.2,2
8,8,389,0,0,300,0.5,1700,0.5,0
8,9,884,0,0,300,0.5,1700,0.5,2
8,10,542,0,0,500,0.6,1000,0.2,1400,0.2,1
8,11,832,1,0,300,0.5,1700,0.5,1
8,12,694,2,10,5,0,500,0.6,1000,0.2,1400,0.2,0
8,13,436,0,0,500,0.6,1000,0.2,1400,0.2,2
8,14,474,2,10,5,0,500,0.6,1000,0.2,1400,0.2,0
9,0,158,1,0,300,0.5,1700,0.5,1
9,1,522,1,0,500,0.6,1000,0.2,1400,0.2,2
9,2,530,0,0,500,0.6,1000,0.2,1400,0.2,1
9,3,312,1,0,300,0.5,1700,0.5,1
9,4,969,1,0,300,0.5,1700,0.5,1
9,5,72,2,10,5,0,500,0.6,1000,0.2,1400,0.2,2
9,6,262,1,0,500,0.6,1000,0.2,1400,0.2,0
9,7,48,0,0,500,0.6,1000,0.2,1400,0.2,2
9,8,289,0,0,500,0.6,1000,0.2,1400,0.2,2
9,9,917,0,0,500,0.6,1000,0.2,1400,0.2,1
9,10,452,0,0,300,0.5,1700,0.5,2
9,11,460,1,0,500,0.6,1000,0.2,1400,0.2,2
9,12,756,0,0,300,0.5,1700,0.5,1
9,13,59,1,0,500,0.6,1000,0.2,1400,0.2,1
9,14,884,0,0,300,0.5,1700,0.5,1
10,0,271,0,0,300,0.5,1700,0.5,1
10,1,260,0,0,300,0.5,1700,0.5,1
10,2,967,2,10,5,0,300,0.5,1700,0.5,2
10,3,964,0,0,500,0.6,1000,0.2,1400,0.2,2
10,4,19,1,0,500,0.6,1000,0.2,1400,0.2,0
10,5,907,2,10,5,0,500,0.6,1000,0.2,1400,0.2,2
10,6,362,1,0,500,0.6,1000,0.2,1400,0.2,0
10,7,514,2,10,5,0,300,0.5,1700,0.5,2
10,8,356,2,10,5,0,500,0.6,1000,0.2,1400,0.2,2
10,9,739,1,0,300,0.5,1700,0.5,2
10,10,466,2,10,5,0,500,0.6,1000,0.2,1400,0.2,0
10,11,435,0,0,300,0.5,1700,0.5,0
10,12,683,0,0,500,0.6,1000,0.2,1400,0.2,0
10,13,262,0,0,300,0.5,1700,0.5,1
10,14,128,1,0,300,0.5,1700,0.5,2
11,0,896,2,10,5,0,300,0.5,1700,0.5,1
11,1,521,1,0,300,0.5,1700,0.5,0
11,2,847,0,0,300,0.5,1700,0.5,1
11,3,964,1,0,500,0.6,1000,0.2,1400,0.2,1
11,4,155,2,10,5,0,300,0.5,1700,0.5,0
11,5,84,1,0,300,0.5,1700,0.5,0
11,6,466,1,0,300,0.5,1700,0.5,0
11,7,907,0,0,500,0.6,1000,0.2,1400,0.2,0
11,8,993,0,0,500,0.6,1000,0.2,1400,0.2,1
11,9,110,2,10,5,0,500,0.6,1000,0.2,1400,0.2,2
11,10,707,2,10,5,0,300,0.5,1700,0.5,0
11,11,112,0,0,300,0.5,1700,0.5,2
11,12,603,2,10,5,0,300,0.5,1700,0.5,0
11,13,843,0,0,300,0.5,1700,0.5,1
11,14,272,2,10,5,0,300,0.5,1700,0.5,1
12,0,218,0,0,500,0.6,1000,0.2,1400,0.2,2
12,1,430,1,0,500,0.6,1000,0.2,1400,0.2,1
12,2,882,1,0,300,0.5,1700,0.5,1
12,3,948,1,0,500,0.6,1000,0.2,1400,0.2,1
12,4,705,0,0,500,0.6,1000,0.2,1400,0.2,1
12,5,63,0,0,500,0.6,1000,0.2,1400,0.2,1
12,6,972,1,0,500,0.6,1000,0.2,1400,0.2,0
12,7,991,1,0,500,0.6,1000,0.2,1400,0.2,1
12,8,958,2,10,5,0,300,0.5,1700,0.5,2
12,9,95,2,10,5,0,300,0.5,1700,0.5,1
12,10,105,2,10,5,0,300,0.5,1700,0.5,0
12,11,887,2,10,5,0,500,0.6,1000,0.2,1400,0.2,0
12,12,450,2,10,5,0,300,0.5,1700,0.5,1
12,13,247,2,10,5,0,300,0.5,1700,0.5,2
12,14,707,2,10,5,0,300,0.5,1700,0.5,0
13,0,706,1,0,300,0.5,1700,0.5,2
13,1,478,1,0,300,0.5,1700,0.5,2
13,2,224,0,0,500,0.6,1000,0.2,1400,0.2,2
13,3,415,2,10,5,0,300,0.5,1700,0.5,0
13,4,713,1,0,500,0.6,1000,0.2,1400,0.2,1
13,5,841,0,0,500,0.6,1000,0.2,1400,0.2,2
13,6,533,0,0,500,0.6,1000,0.2,1400,0.2,0
13,7,550,2,10,5,0,300,0.5,1700,0.5,1
13,8,192,1,0,300,0.5,1700,0.5,1
13,9,550,0,0,300,0.5,1700,0.5,2
13,10,20,2,10,5,0,500,0.6,1000,0.2,1400,0.2,1
13,11,536,2,10,5,0,300,0.5,1700,0.5,1
13,12,495,0,0,300,0.5,1700,0.5,2
13,13,587,1,0,500,0.6,1000,0.2,1400,0.2,0
13,14,683,1,0,300,0.5,1700,0.5,1
14,0,521,0,0,300,0.5,1700,0.5,0
14,1,536,1,0,500,0.6,1000,0.2,1400,0.2,2
14,2,699,1,0,300,0.5,1700,0.5,2
14,3,446,2,10,5,0,500,0.6,1000,0.2,1400,0.2,1
14,4,478,2,10,5,0,500,0.6,1000,0.2,1400,0.2,2
14,5,84,1,0,300,0.5,1700,0.5,2
14,6,68,1,0,300,0.5,1700,0.5,2
14,7,567,2,10,5,0,500,0.6,1000,0.2,1400,0.2,1
14,8,264,1,0,300,0.5,1700,0.5,0
14,9,183,0,0,300,0.5,1700,0.5,1
14,10,820,1,0,300,0.5,1700,0.5,0
14,11,257,0,0,300,0.5,1700,0.5,2
14,12,456,1,0,300,0.5,1700,0.5,2
14,13,125,1,0,500,0.6,1000,0.2,1400,0.2,1
14,14,991,0,0,500,0.6,1000,0.2,1400,0.2,2
