0,0,754,2,10,5,0,300,0.5,1700,0.5,2
0,1,826,1,0,300,0.5,1700,0.5,0
0,2,59,2,10,5,0,300,0.5,1700,0.5,1
0,3,345,2,10,5,0,300,0.5,1700,0.5,2
0,4,291,0,0,300,0.5,1700,0.5,0
0,5,236,2,10,5,0,300,0.5,1700,0.5,0
0,6,541,0,0,300,0.5,1700,0.5,2
0,7,684,1,0,500,0.6,1000,0.2,1400,0.2,0
0,8,781,2,10,5,0,500,0.6,1000,0.2,1400,0.2,2
0,9,595,1,0,300,0.5,1700,0.5,0
0,10,951,1,0,300,0.5,1700,0.5,0
0,11,977,2,10,5,0,300,0.5,1700,0.5,0
0,12,744,1,0,500,0.6,1000,0.2,1400,0.2,1
0,13,672,1,0,500,0.6,1000,0.2,1400,0.2,1
0,14,365,0,0,500,0.6,1000,0.2,1400,0.2,0
1,0,678,1,0,300,0.5,1700,0.5,2
1,1,18,1,0,500,0.6,1000,0.2,1400,0.2,2
1,2,245,2,10,5,0,500,0.6,1000,0.2,1400,0.2,2
1,3,46,0,0,300,0.5,1700,0.5,0
1,4,620,2,10,5,0,300,0.5,1700,0.5,1
1,5,794,2,10,5,0,300,0.5,1700,0.5,0
1,6,189,0,0,500,0.6,1000,0.2,1400,0.2,2
1,7,62,0,0,500,0.6,1000,0.2,1400,0.2,2
1,8,156,0,0,300,0.5,1700,0.5,0
1,9,369,1,0,300,0.5,1700,0.5,1
1,10,764,0,0,300,0.5,1700,0.5,0
1,11,986,0,0,500,0.6,1000,0.2,1400,0.2,0
1,12,428,2,10,5,0,300,0.5,1700,0.5,2
1,13,30,1,0,500,0.6,1000,0.2,1400,0.2,1
1,14,266,2,10,5,0,500,0.6,1000,0.2,1400,0.2,0
2,0,466,1,0,300,0.5,1700,0.5,0
2,1,830,1,0,300,0.5,1700,0.5,2
2,2,880,1,0,300,0.5,1700,0.5,2
2,3,54,0,0,300,0.5,1700,0.5,2
2,4,813,0,0,500,0.6,1000,0.2,1400,0.2,2
2,5,394,1,0,500,0.6,1000,0.2,1400,0.2,2
2,6,317,2,10,5,0,500,0.6,1000,0.2,1400,0.2,1
2,7,627,0,0,300,0.5,1700,0.5,1
2,8,816,2,10,5,0,500,0.6,1000,0.2,1400,0.2,2
2,9,446,1,0,500,0.6,1000,0.2,1400,0.2,0
2,10,759,1,0,500,0.6,1000,0.2,1400,0.2,0
2,11,479,2,10,5,0,300,0.5,1700,0.5,2
2,12,691,1,0,500,0.6,1000,0.2,1400,0.2,0
2,13,925,0,0,300,0.5,1700,0.5,0
2,14,446,0,0,500,0.6,1000,0.2,1400,0.2,0
3,0,883,1,0,300,0.5,1700,0.5,0
3,1,394,1,0,300,0.5,1700,0.5,0
3,2,158,2,10,5,0,300,0.5,1700,0.5,0
3,3,450,1,0,500,0.6,1000,0.2,1400,0.2,2
3,4,861,1,0,300,0.5,1700,0.5,0
3,5,889,1,0,300,0.5,1700,0.5,2
3,6,134,2,10,5,0,500,0.6,1000,0.2,1400,0.2,0
3,7,149,1,0,300,0.5,1700,0.5,0
3,8,52,2,10,5,0,300,0.5,1700,0.5,0
3,9,156,2,10,5,0,300,0.5,1700,0.5,1
3,10,582,0,0,500,0.6,1000,0.2,1400,0.2,1
3,11,202,0,0,500,0.6,1000,0.2,1400,0.2,2
3,12,580,0,0,500,0.6,1000,0.2,1400,0.2,2
3,13,353,0,0,300,0.5,1700,0.5,0
3,14,29,1,0,500,0.6,1000,0.2,1400,0.2,2
4,0,38,1,0,500,0.6,1000,0.2,1400,0.2,1
4,1,233,2,10,5,0,500,0.6,1000,0.2,1400,0.2,1
4,2,86,2,10,5,0,300,0.5,1700,0.5,0
4,3,841,0,0,300,0.5,1700,0.5,1
4,4,261,1,0,500,0.6,1000,0.2,1400,0.2,0
4,5,966,0,0,300,0.5,1700,0.5,1
4,6,619,2,10,5,0,300,0.5,1700,0.5,2
4,7,699,2,10,5,0,500,0.6,1000,0.2,1400,0.2,1
4,8,886,2,10,5,0,500,0.6,1000,0.2,1400,0.2,0
4,9,178,1,0,300,0.5,1700,0.5,2
4,10,922,2,10,5,0,500,0.6,1000,0.2,1400,0.2,0
4,11,635,0,0,300,0.5,1700,0.5,2
4,12,560,1,0,300,0.5,1700,0.5,2
4,13,637,2,10,5,0,500,0.6,1000,0.2,1400,0.2,2
4,14,359,0,0,300,0.5,1700,0.5,2
5,0,649,1,0,500,0.6,1000,0.2,1400,0.2,2
5,1,83,2,10,5,0,500,0.6,1000,0.2,1400,0.2,0
5,2,80,2,10,5,0,300,0.5,1700,0.5,2
5,3,879,1,0,500,0.6,1000,0.2,1400,0.2,1
5,4,813,0,0,300,0.5,1700,0.5,1
5,5,284,1,0,300,0.5,1700,0.5,1
5,6,515,2,10,5,0,500,0.6,1000,0.2,1400,0.2,2
5,7,614,0,0,300,0.5,1700,0.5,2
5,8,642,2,10,5,0,300,0.5,1700,0.5,1
5,9,383,0,0,300,0.5,1700,0.5,0
5,10,72,0,0,300,0.5,1700,0.5,2
5,11,394,2,10,5,0,300,0.5,1700,0.5,2
5,12,781,2,10,5,0,500,0.6,1000,0.2,1400,0.2,1
5,13,223,0,0,300,0.5,1700,0.5,2
5,14,625,0,0,500,0.6,1000,0.2,1400,0.2,2
6,0,705,0,0,500,0.6,1000,0.2,1400,0.2,1
6,1,103,0,0,500,0.6,1000,0.2,1400,0.2,2
6,2,97,0,0,500,0.6,1000,0.2,1400,0.2,0
6,3,692,2,10,5,0,300,0.5,1700,0.5,0
6,4,640,1,0,300,0.5,1700,0.5,0
6,5,344,1,0,300,0.5,1700,0.5,2
6,6,772,1,0,500,0.6,1000,0.2,1400,0.2,2
6,7,746,2,10,5,0,300,0.5,1700,0.5,0
6,8,206,1,0,500,0.6,1000,0.2,1400,0.2,1
6,9,775,0,0,500,0.6,1000,0.2,1400,0.2,0
6,10,769,1,0,500,0.6,1000,0.2,1400,0.2,2
6,11,767,1,0,300,0.5,1700,0.5,1
6,12,897,1,0,500,0.6,1000,0.2,1400,0.2,0
6,13,606,2,10,5,0,300,0.5,1700,0.5,2
6,14,863,2,10,5,0,500,0.6,1000,0.2,1400,0.2,1
7,0,357,2,10,5,0,500,0.6,1000,0.2,1400,0.2,1
7,1,213,2,10,5,0,300,0.5,1700,0.5,2
7,2,770,2,10,5,0,300,0.5,1700,0.5,0
7,3,692,1,0,500,0.6,1000,0.2,1400,0.2,0
7,4,680,0,0,300,0.5,1700,0.5,0
7,5,537,0,0,300,0.5,1700,0.5,0
7,6,219,2,10,5,0,500,0.6,1000,0.2,1400,0.2,1
7,7,779,2,10,5,0,500,0.6,1000,0.2,1400,0.2,0
7,8,296,2,10,5,0,500,0.6,1000,0.2,1400,0.2,2
7,9,397,2,10,5,0,500,0.6,1000,0.2,1400,0.2,0
7,10,985,0,0,300,0.5,1700,0.5,0
7,11,842,2,10,5,0,300,0.5,1700,0.5,0
7,12,446,0,0,500,0.6,1000,0.2,1400,0.2,2
7,13,956,2,10,5,0,300,0.5,1700,0.5,0
7,14,904,1,0,300,0.5,1700,0.5,1
8,0,233,2,10,5,0,500,0.6,1000,0.2,1400,0.2,0
8,1,454,2,10,5,0,500,0.6,1000,0.2,1400,0.2,2
8,2,342,1,0,500,0.6,1000,0.2,1400,0.2,2
8,3,169,1,0,500,0.6,1000,0.2,1400,0.2,1
8,4,69,0,0,500,0.6,1000,0.2,1400,0.2,0
8,5,994,0,0,300,0.5,1700,0.5,0
8,6,961,2,10,5,0,300,0.5,1700,0.5,0
8,7,541,2,10,5,0,300,0.5,1700,0.5,2
8,8,723,2,10,5,0,500,0.6,1000,0.2,1400,0.2,2
8,9,369,2,10,5,0,500,0.6,1000,0.2,1400,0.2,0
8,10,514,1,0,300,0.5,1700,0.5,2
8,11,510,2,10,5,0,500,0.6,1000,0.2,1400,0.2,2
8,12,985,1,0,500,0.6,1000,0.2,1400,0.2,0
8,13,677,1,0,300,0.5,1700,0.5,2
8,14,465,2,10,5,0,300,0.5,1700,0.5,0
9,0,353,2,10,5,0,500,0.6,1000,0.2,1400,0.2,2
9,1,692,0,0,300,0.5,1700,0.5,0
9,2,260,1,0,300,0.5,1700,0.5,0
9,3,144,1,0,500,0.6,1000,0.2,1400,0.2,2
9,4,666,0,0,300,0.5,1700,0.5,2
9,5,817,2,10,5,0,500,0.6,1000,0.2,1400,0.2,2
9,6,719,0,0,300,0.5,1700,0.5,2
9,7,664,0,0,300,0.5,1700,0.5,2
9,8,298,2,10,5,0,300,0.5,1700,0.5,1
9,9,780,0,0,500,0.6,1000,0.2,1400,0.2,2
9,10,709,0,0,500,0.6,1000,0.2,1400,0.2,1
9,11,136,1,0,500,0.6,1000,0.2,1400,0.2,0
9,12,761,0,0,300,0.5,1700,0.5,1
9,13,923,0,0,300,0.5,1700,0.5,2
9,14,74,2,10,5,0,300,0.5,1700,0.5,0
10,0,792,2,10,5,0,500,0.6,1000,0.2,1400,0.2,0
10,1,946,2,10,5,0,500,0.6,1000,0.2,1400,0.2,0
10,2,844,2,10,5,0,500,0.6,1000,0.2,1400,0.2,1
10,3,374,1,0,300,0.5,1700,0.5,2
10,4,276,0,0,300,0.5,1700,0.5,2
10,5,949,1,0,300,0.5,1700,0.5,0
10,6,534,2,10,5,0,500,0.6,1000,0.2,1400,0.2,1
10,7,957,2,10,5,0,500,0.6,1000,0.2,1400,0.2,2
10,8,852,1,0,500,0.6,1000,0.2,1400,0.2,2
10,9,702,0,0,300,0.5,1700,0.5,2
10,10,419,0,0,300,0.5,1700,0.5,0
10,11,22,2,10,5,0,300,0.5,1700,0.5,1
10,12,414,2,10,5,0,500,0.6,1000,0.2,1400,0.2,2
10,13,419,0,0,500,0.6,1000,0.2,1400,0.2,2
10,14,161,0,0,300,0.5,1700,0.5,1
11,0,376,2,10,5,0,500,0.6,1000,0.2,1400,0.2,2
11,1,674,0,0,300,0.5,1700,0.5,0
11,2,783,2,10,5,0,300,0.5,1700,0.5,0
11,3,818,2,10,5,0,300,0.5,1700,0.5,2
11,4,419,2,10,5,0,500,0.6,1000,0.2,1400,0.2,2
11,5,386,2,10,5,0,300,0.5,1700,0.5,2
11,6,14,0,0,500,0.6,1000,0.2,1400,0.2,2
11,7,274,0,0,300,0.5,1700,0.5,0
11,8,648,0,0,500,0.6,1000,0.2,1400,0.2,2
11,9,786,2,10,5,0,500,0.6,1000,0.2,1400,0.2,1
11,10,545,0,0,500,0.6,1000,0.2,1400,0.2,0
11,11,83,2,10,5,0,500,0.6,1000,0.2,1400,0.2,2
11,12,567,1,0,500,0.6,1000,0.2,1400,0.2,1
11,13,770,1,0,500,0.6,1000,0.2,1400,0.2,2
11,14,894,1,0,300,0.5,1700,0.5,0
12,0,999,0,0,500,0.6,1000,0.2,1400,0.2,0
12,1,356,2,10,5,0,500,0.6,1000,0.2,1400,0.2,0
12,2,301,2,10,5,0,300,0.5,1700,0.5,0
12,3,414,2,10,5,0,300,0.5,1700,0.5,0
12,4,422,0,0,500,0.6,1000,0.2,1400,0.2,0
12,5,558,0,0,300,0.5,1700,0.5,2
12,6,936,2,10,5,0,300,0.5,1700,0.5,2
12,7,719,2,10,5,0,500,0.6,1000,0.2,1400,0.2,0
12,8,259,2,10,5,0,300,0.5,1700,0.5,0
12,9,624,2,10,5,0,500,0.6,1000,0.2,1400,0.2,2
12,10,501,2,10,5,0,500,0.6,1000,0.2,1400,0.2,0
12,11,916,0,0,300,0.5,1700,0.5,0
12,12,58,2,10,5,0,300,0.5,1700,0.5,1
12,13,633,2,10,5,0,300,0.5,1700,0.5,1
12,14,213,0,0,300,0.5,1700,0.5,0
13,0,152,0,0,300,0.5,1700,0.5,2
13,1,576,0,0,500,0.6,1000,0.2,1400,0.2,2
13,2,439,2,10,5,0,300,0.5,1700,0.5,1
13,3,991,1,0,500,0.6,1000,0.2,1400,0.2,1
13,4,292,2,10,5,0,300,0.5,1700,0.5,2
13,5,503,2,10,5,0,500,0.6,1000,0.2,1400,0.2,0
13,6,201,1,0,500,0.6,1000,0.2,1400,0.2,2
13,7,545,2,10,5,0,300,0.5,1700,0.5,2
13,8,687,0,0,500,0.6,1000,0.2,1400,0.2,1
13,9,877,0,0,500,0.6,1000,0.2,1400,0.2,0
13,10,291,1,0,300,0.5,1700,0.5,0
13,11,386,0,0,300,0.5,1700,0.5,0
13,12,387,0,0,300,0.5,1700,0.5,2
13,13,528,1,0,500,0.6,1000,0.2,1400,0.2,1
13,14,13,1,0,500,0.6,1000,0.2,1400,0.2,2
14,0,489,0,0,500,0.6,1000,0.2,1400,0.2,2
14,1,945,1,0,500,0.6,1000,0.2,1400,0.2,2
14,2,687,0,0,500,0.6,1000,0.2,1400,0.2,1
14,3,772,2,10,5,0,500,0.6,1000,0.2,1400,0.2,1
14,4,911,1,0,300,0.5,1700,0.5,2
14,5,890,2,10,5,0,500,0.6,1000,0.2,1400,0.2,0
14,6,544,0,0,300,0.5,1700,0.5,1
14,7,869,1,0,300,0.5,1700,0.5,2
14,8,871,0,0,500,0.6,1000,0.2,1400,0.2,2
14,9,203,0,0,300,0.5,1700,0.5,0
14,10,213,1,0,500,0.6,1000,0.2,1400,0.2,2
14,11,659,0,0,300,0.5,1700,0.5,1
14,12,212,0,0,500,0.6,1000,0.2,1400,0.2,0
14,13,533,0,0,500,0.6,1000,0.2,1400,0.2,2
14,14,393,0,0,500,0.6,1000,0.2,1400,0.2,1
