0,0,70,0,0,300,0.5,1700,0.5,2
0,1,945,2,10,5,0,300,0.5,1700,0.5,2
0,2,495,0,0,300,0.5,1700,0.5,0
0,3,567,2,10,5,0,300,0.5,1700,0.5,2
0,4,517,1,0,500,0.6,1000,0.2,1400,0.2,0
0,5,713,2,10,5,0,300,0.5,1700,0.5,0
0,6,748,2,10,5,0,500,0.6,1000,0.2,1400,0.2,1
0,7,413,1,0,300,0.5,1700,0.5,1
0,8,475,2,10,5,0,300,0.5,1700,0.5,1
0,9,978,1,0,500,0.6,1000,0.2,1400,0.2,0
0,10,326,0,0,300,0.5,1700,0.5,0
0,11,585,0,0,500,0.6,1000,0.2,1400,0.2,0
0,12,475,2,10,5,0,300,0.5,1700,0.5,1
0,13,795,1,0,300,0.5,1700,0.5,2
0,14,238,2,10,5,0,500,0.6,1000,0.2,1400,0.2,0
1,0,631,0,0,500,0.6,1000,0.2,1400,0.2,2
1,1,65,2,10,5,0,500,0.6,1000,0.2,1400,0.2,0
1,2,777,0,0,500,0.6,1000,0.2,1400,0.2,1
1,3,997,1,0,500,0.6,1000,0.2,1400,0.2,2
1,4,686,0,0,300,0.5,1700,0.5,2
1,5,358,2,10,5,0,500,0.6,1000,0.2,1400,0.2,1
1,6,348,2,10,5,0,300,0.5,1700,0.5,0
1,7,19,2,10,5,0,500,0.6,1000,0.2,1400,0.2,1
1,8,378,0,0,300,0.5,1700,0.5,1
1,9,296,0,0,300,0.5,1700,0.5,1
1,10,466,0,0,300,0.5,1700,0.5,1
1,11,538,2,10,5,0,500,0.6,1000,0.2,1400,0.2,0
1,12,60,1,0,300,0.5,1700,0.5,0
1,13,770,1,0,300,0.5,1700,0.5,1
1,14,736,0,0,300,0.5,1700,0.5,2
2,0,612,1,0,500,0.6,1000,0.2,1400,0.2,0
2,1,262,1,0,500,0.6,1000,0.2,1400,0.2,0
2,2,473,0,0,300,0.5,1700,0.5,1
2,3,592,2,10,5,0,500,0.6,1000,0.2,1400,0.2,0
2,4,535,1,0,300,0.5,1700,0.5,2
2,5,143,1,0,500,0.6,1000,0.2,1400,0.2,0
2,6,429,2,10,5,0,300,0.5,1700,0.5,0
2,7,185,2,10,5,0,300,0.5,1700,0.5,0
2,8,847,0,0,500,0.6,1000,0.2,1400,0.2,2
2,9,156,2,10,5,0,300,0.5,1700,0.5,2
2,10,540,1,0,300,0.5,1700,0.5,1
2,11,469,2,10,5,0,300,0.5,1700,0.5,2
2,12,400,0,0,300,0.5,1700,0.5,1
2,13,426,1,0,500,0.6,1000,0.2,1400,0.2,0
2,14,318,1,0,500,0.6,1000,0.2,1400,0.2,0
3,0,143,1,0,500,0.6,1000,0.2,1400,0.2,2
3,1,319,1,0,500,0.6,1000,0.2,1400,0.2,0
3,2,139,2,10,5,0,500,0.6,1000,0.2,1400,0.2,2
3,3,886,2,10,5,0,300,0.5,1700,0.5,2
3,4,266,1,0,500,0.6,1000,0.2,1400,0.2,0
3,5,198,2,10,5,0,300,0.5,1700,0.5,0
3,6,474,0,0,300,0.5,1700,0.5,2
3,7,391,0,0,500,0.6,1000,0.2,1400,0.2,2
3,8,579,2,10,5,0,500,0.6,1000,0.2,1400,0.2,1
3,9,691,2,10,5,0,300,0.5,1700,0.5,2
3,10,111,1,0,500,0.6,1000,0.2,1400,0.2,1
3,11,371,1,0,300,0.5,1700,0.5,1
3,12,336,1,0,500,0.6,1000,0.2,1400,0.2,2
3,13,226,1,0,500,0.6,1000,0.2,1400,0.2,2
3,14,929,1,0,500,0.6,1000,0.2,1400,0.2,2
4,0,843,2,10,5,0,300,0.5,1700,0.5,0
4,1,103,1,0,500,0.6,1000,0.2,1400,0.2,2
4,2,760,1,0,300,0.5,1700,0.5,0
4,3,53,2,10,5,0,500,0.6,1000,0.2,1400,0.2,0
4,4,886,0,0,500,0.6,1000,0.2,1400,0.2,2
4,5,100,0,0,500,0.6,1000,0.2,1400,0.2,1
4,6,974,0,0,300,0.5,1700,0.5,2
4,7,851,0,0,500,0.6,1000,0.2,1400,0.2,0
4,8,499,2,10,5,0,300,0.5,1700,0.5,2
4,9,873,0,0,300,0.5,1700,0.5,1
4,10,416,1,0,300,0.5,1700,0.5,1
4,11,516,1,0,300,0.5,1700,0.5,0
4,12,889,1,0,500,0.6,1000,0.2,1400,0.2,1
4,13,554,1,0,500,0.6,1000,0.2,1400,0.2,0
4,14,917,0,0,300,0.5,1700,0.5,0
5,0,576,2,10,5,0,300,0.5,1700,0.5,2
5,1,960,0,0,300,0.5,1700,0.5,2
5,2,454,1,0,500,0.6,1000,0.2,1400,0.2,2
5,3,148,0,0,300,0.5,1700,0.5,1
5,4,629,1,0,300,0.5,1700,0.5,0
5,5,815,2,10,5,0,300,0.5,1700,0.5,2
5,6,370,1,0,500,0.6,1000,0.2,1400,0.2,2
5,7,490,0,0,500,0.6,1000,0.2,1400,0.2,1
5,8,312,0,0,500,0.6,1000,0.2,1400,0.2,1
5,9,710,2,10,5,0,500,0.6,1000,0.2,1400,0.2,0
5,10,670,0,0,300,0.5,1700,0.5,0
5,11,682,0,0,300,0.5,1700,0.5,2
5,12,565,2,10,5,0,500,0.6,1000,0.2,1400,0.2,1
5,13,321,2,10,5,0,500,0.6,1000,0.2,1400,0.2,1
5,14,433,1,0,300,0.5,1700,0.5,1
6,0,376,0,0,500,0.6,1000,0.2,1400,0.2,2
6,1,230,0,0,300,0.5,1700,0.5,0
6,2,551,1,0,300,0.5,1700,0.5,2
6,3,848,1,0,300,0.5,1700,0.5,2
6,4,476,0,0,300,0.5,1700,0.5,0
6,5,304,1,0,300,0.5,1700,0.5,0
6,6,409,1,0,500,0.6,1000,0.2,1400,0.2,0
6,7,50,2,10,5,0,300,0.5,1700,0.5,1
6,8,691,1,0,500,0.6,1000,0.2,1400,0.2,2
6,9,643,2,10,5,0,500,0.6,1000,0.2,1400,0.2,0
6,10,908,2,10,5,0,500,0.6,1000,0.2,1400,0.2,0
6,11,878,2,10,5,0,500,0.6,1000,0.2,1400,0.2,1
6,12,908,1,0,500,0.6,1000,0.2,1400,0.2,2
6,13,663,0,0,500,0.6,1000,0.2,1400,0.2,0
6,14,242,2,10,5,0,300,0.5,1700,0.5,2
7,0,847,2,10,5,0,300,0.5,1700,0.5,2
7,1,308,2,10,5,0,300,0.5,1700,0.5,2
7,2,129,1,0,300,0.5,1700,0.5,2
7,3,235,0,0,300,0.5,1700,0.5,0
7,4,760,0,0,300,0.5,1700,0.5,2
7,5,365,2,10,5,0,500,0.6,1000,0.2,1400,0.2,1
7,6,536,1,0,500,0.6,1000,0.2,1400,0.2,2
7,7,777,1,0,500,0.6,1000,0.2,1400,0.2,0
7,8,101,0,0,300,0.5,1700,0.5,2
7,9,937,2,10,5,0,300,0.5,1700,0.5,0
7,10,945,1,0,500,0.6,1000,0.2,1400,0.2,2
7,11,854,1,0,500,0.6,1000,0.2,1400,0.2,0
7,12,966,2,10,5,0,500,0.6,1000,0.2,1400,0.2,1
7,13,459,2,10,5,0,500,0.6,1000,0.2,1400,0.2,2
7,14,174,0,0,300,0.5,1700,0.5,1
8,0,485,1,0,500,0.6,1000,0.2,1400,0.2,1
8,1,979,0,0,500,0.6,1000,0.2,1400,0.2,0
8,2,827,2,10,5,0,300,0.5,1700,0.5,2
8,3,120,1,0,300,0.5,1700,0.5,1
8,4,427,2,10,5,0,500,0.6,1000,0.2,1400,0.2,2
8,5,590,0,0,500,0.6,1000,0.2,1400,0.2,2
8,6,127,1,0,500,0.6,1000,0.2,1400,0.2,1
8,7,139,0,0,500,0.6,1000,0.2,1400,0.2,2
8,8,64,2,10,5,0,500,0.6,1000,0.2,1400,0.2,2
8,9,38,2,10,5,0,300,0.5,1700,0.5,0
8,10,587,1,0,500,0.6,1000,0.2,1400,0.2,2
8,11,720,0,0,500,0.6,1000,0.2,1400,0.2,2
8,12,866,2,10,5,0,300,0.5,1700,0.5,0
8,13,710,1,0,500,0.6,1000,0.2,1400,0.2,2
8,14,262,0,0,300,0.5,1700,0.5,2
9,0,738,2,10,5,0,500,0.6,1000,0.2,1400,0.2,0
9,1,719,2,10,5,0,500,0.6,1000,0.2,1400,0.2,2
9,2,239,2,10,5,0,300,0.5,1700,0.5,0
9,3,672,1,0,500,0.6,1000,0.2,1400,0.2,1
9,4,112,0,0,300,0.5,1700,0.5,1
9,5,309,1,0,500,0.6,1000,0.2,1400,0.2,1
9,6,554,1,0,500,0.6,1000,0.2,1400,0.2,1
9,7,215,0,0,300,0.5,1700,0.5,2
9,8,861,0,0,300,0.5,1700,0.5,1
9,9,86,1,0,500,0.6,1000,0.2,1400,0.2,0
9,10,479,0,0,300,0.5,1700,0.5,2
9,11,306,1,0,500,0.6,1000,0.2,1400,0.2,0
9,12,699,1,0,300,0.5,1700,0.5,1
9,13,975,2,10,5,0,500,0.6,1000,0.2,1400,0.2,2
9,14,78,0,0,300,0.5,1700,0.5,1
10,0,549,0,0,500,0.6,1000,0.2,1400,0.2,1
10,1,887,2,10,5,0,300,0.5,1700,0.5,1
10,2,274,0,0,300,0.5,1700,0.5,2
10,3,277,1,0,500,0.6,1000,0.2,1400,0.2,1
10,4,565,1,0,300,0.5,1700,0.5,0
10,5,84,1,0,500,0.6,1000,0.2,1400,0.2,0
10,6,837,2,10,5,0,500,0.6,1000,0.2,1400,0.2,1
10,7,405,2,10,5,0,500,0.6,1000,0.2,1400,0.2,2
10,8,433,2,10,5,0,500,0.6,1000,0.2,1400,0.2,1
10,9,512,0,0,300,0.5,1700,0.5,2
10,10,935,0,0,500,0.6,1000,0.2,1400,0.2,0
10,11,500,0,0,300,0.5,1700,0.5,1
10,12,257,2,10,5,0,300,0.5,1700,0.5,1
10,13,310,2,10,5,0,300,0.5,1700,0.5,0
10,14,917,0,0,500,0.6,1000,0.2,1400,0.2,0
11,0,215,0,0,300,0.5,1700,0.5,1
11,1,444,1,0,300,0.5,1700,0.5,1
11,2,839,0,0,300,0.5,1700,0.5,1
11,3,149,2,10,5,0,300,0.5,1700,0.5,2
11,4,727,0,0,300,0.5,1700,0.5,1
11,5,804,0,0,300,0.5,1700,0.5,1
11,6,452,2,10,5,0,300,0.5,1700,0.5,0
11,7,862,1,0,300,0.5,1700,0.5,1
11,8,238,0,0,500,0.6,1000,0.2,1400,0.2,2
11,9,915,1,0,300,0.5,1700,0.5,0
11,10,104,0,0,300,0.5,1700,0.5,0
11,11,653,0,0,500,0.6,1000,0.2,1400,0.2,0
11,12,264,1,0,300,0.5,1700,0.5,1
11,13,608,1,0,500,0.6,1000,0.2,1400,0.2,1
11,14,715,0,0,500,0.6,1000,0.2,1400,0.2,2
12,0,632,1,0,500,0.6,1000,0.2,1400,0.2,2
12,1,938,0,0,300,0.5,1700,0.5,0
12,2,724,1,0,500,0.6,1000,0.2,1400,0.2,2
12,3,308,0,0,300,0.5,1700,0.5,1
12,4,974,1,0,300,0.5,1700,0.5,1
12,5,40,0,0,500,0.6,1000,0.2,1400,0.2,1
12,6,343,0,0,300,0.5,1700,0.5,1
12,7,631,2,10,5,0,500,0.6,1000,0.2,1400,0.2,2
12,8,273,0,0,500,0.6,1000,0.2,1400,0.2,2
12,9,935,0,0,500,0.6,1000,0.2,1400,0.2,1
12,10,421,2,10,5,0,500,0.6,1000,0.2,1400,0.2,0
12,11,269,0,0,300,0.5,1700,0.5,0
12,12,729,0,0,500,0.6,1000,0.2,1400,0.2,0
12,13,719,2,10,5,0,500,0.6,1000,0.2,1400,0.2,1
12,14,458,2,10,5,0,300,0.5,1700,0.5,0
13,0,326,1,0,500,0.6,1000,0.2,1400,0.2,2
13,1,663,0,0,300,0.5,1700,0.5,0
13,2,969,2,10,5,0,300,0.5,1700,0.5,2
13,3,952,2,10,5,0,300,0.5,1700,0.5,0
13,4,512,1,0,300,0.5,1700,0.5,2
13,5,124,2,10,5,0,500,0.6,1000,0.2,1400,0.2,2
13,6,455,1,0,300,0.5,1700,0.5,1
13,7,40,2,10,5,0,500,0.6,1000,0.2,1400,0.2,2
13,8,782,1,0,300,0.5,1700,0.5,0
13,9,671,2,10,5,0,500,0.6,1000,0.2,1400,0.2,0
13,10,921,0,0,500,0.6,1000,0.2,1400,0.2,2
13,11,464,0,0,300,0.5,1700,0.5,1
13,12,966,2,10,5,0,500,0.6,1000,0.2,1400,0.2,0
13,13,114,2,10,5,0,500,0.6,1000,0.2,1400,0.2,0
13,14,176,1,0,300,0.5,1700,0.5,2
14,0,825,1,0,300,0.5,1700,0.5,2
14,1,566,2,10,5,0,500,0.6,1000,0.2,1400,0.2,0
14,2,894,2,10,5,0,500,0.6,1000,0.2,1400,0.2,2
14,3,333,2,10,5,0,300,0.5,1700,0.5,2
14,4,618,1,0,300,0.5,1700,0.5,0
14,5,197,0,0,300,0.5,1700,0.5,2
14,6,28,0,0,500,0.6,1000,0.2,1400,0.2,1
14,7,192,0,0,300,0.5,1700,0.5,1
14,8,42,2,10,5,0,300,0.5,1700,0.5,0
14,9,46,0,0,500,0.6,1000,0.2,1400,0.2,2
14,10,753,1,0,500,0.6,1000,0.2,1400,0.2,1
14,11,275,0,0,300,0.5,1700,0.5,1
14,12,810,0,0,300,0.5,1700,0.5,2
14,13,465,0,0,500,0.6,1000,0.2,1400,0.2,0
14,14,332,1,0,300,0.5,1700,0.5,2
