0,0,36,1,0,500,0.6,1000,0.2,1400,0.2,1
0,1,824,2,10,5,0,300,0.5,1700,0.5,0
0,2,814,2,10,5,0,500,0.6,1000,0.2,1400,0.2,2
0,3,309,1,0,500,0.6,1000,0.2,1400,0.2,2
0,4,891,1,0,500,0.6,1000,0.2,1400,0.2,1
0,5,347,2,10,5,0,300,0.5,1700,0.5,0
0,6,322,0,0,300,0.5,1700,0.5,1
0,7,122,0,0,500,0.6,1000,0.2,1400,0.2,0
0,8,772,0,0,500,0.6,1000,0.2,1400,0.2,2
0,9,858,2,10,5,0,500,0.6,1000,0.2,1400,0.2,1
0,10,937,1,0,300,0.5,1700,0.5,1
0,11,574,0,0,300,0.5,1700,0.5,1
0,12,425,0,0,500,0.6,1000,0.2,1400,0.2,1
0,13,455,1,0,500,0.6,1000,0.2,1400,0.2,1
0,14,160,1,0,300,0.5,1700,0.5,2
1,0,818,2,10,5,0,500,0.6,1000,0.2,1400,0.2,2
1,1,637,0,0,300,0.5,1700,0.5,0
1,2,522,1,0,300,0.5,1700,0.5,2
1,3,928,2,10,5,0,300,0.5,1700,0.5,2
1,4,19,2,10,5,0,500,0.6,1000,0.2,1400,0.2,1
1,5,614,2,10,5,0,500,0.6,1000,0.2,1400,0.2,2
1,6,766,1,0,300,0.5,1700,0.5,0
1,7,383,0,0,500,0.6,1000,0.2,1400,0.2,0
1,8,512,0,0,500,0.6,1000,0.2,1400,0.2,2
1,9,154,0,0,300,0.5,1700,0.5,2
1,10,26,0,0,500,0.6,1000,0.2,1400,0.2,2
1,11,949,2,10,5,0,500,0.6,1000,0.2,1400,0.2,2
1,12,720,2,10,5,0,300,0.5,1700,0.5,0
1,13,810,1,0,300,0.5,1700,0.5,1
1,14,458,1,0,300,0.5,1700,0.5,0
2,0,824,1,0,300,0.5,1700,0.5,1
2,1,491,1,0,300,0.5,1700,0.5,1
2,2,981,0,0,500,0.6,1000,0.2,1400,0.2,2
2,3,214,1,0,500,0.6,1000,0.2,1400,0.2,0
2,4,668,1,0,300,0.5,1700,0.5,2
2,5,238,0,0,500,0.6,1000,0.2,1400,0.2,2
2,6,211,1,0,500,0.6,1000,0.2,1400,0.2,1
2,7,717,2,10,5,0,500,0.6,1000,0.2,1400,0.2,2
2,8,843,2,10,5,0,300,0.5,1700,0.5,0
2,9,835,0,0,300,0.5,1700,0.5,2
2,10,734,1,0,500,0.6,1000,0.2,1400,0.2,1
2,11,729,2,10,5,0,300,0.5,1700,0.5,1
2,12,918,0,0,500,0.6,1000,0.2,1400,0.2,1
2,13,162,0,0,500,0.6,1000,0.2,1400,0.2,1
2,14,797,0,0,300,0.5,1700,0.5,1
3,0,667,0,0,500,0.6,1000,0.2,1400,0.2,1
3,1,903,1,0,300,0.5,1700,0.5,1
3,2,211,2,10,5,0,500,0.6,1000,0.2,1400,0.2,1
3,3,802,0,0,300,0.5,1700,0.5,0
3,4,510,0,0,300,0.5,1700,0.5,0
3,5,826,0,0,500,0.6,1000,0.2,1400,0.2,1
3,6,510,2,10,5,0,500,0.6,1000,0.2,1400,0.2,1
3,7,183,0,0,500,0.6,1000,0.2,1400,0.2,1
3,8,297,1,0,300,0.5,1700,0.5,2
3,9,914,0,0,500,0.6,1000,0.2,1400,0.2,2
3,10,960,1,0,300,0.5,1700,0.5,0
3,11,886,1,0,500,0.6,1000,0.2,1400,0.2,0
3,12,844,0,0,300,0.5,1700,0.5,0
3,13,760,0,0,300,0.5,1700,0.5,1
3,14,124,1,0,500,0.6,1000,0.2,1400,0.2,0
4,0,988,2,10,5,0,300,0.5,1700,0.5,2
4,1,980,0,0,300,0.5,1700,0.5,0
4,2,908,2,10,5,0,300,0.5,1700,0.5,1
4,3,31,2,10,5,0,300,0.5,1700,0.5,1
4,4,217,1,0,300,0.5,1700,0.5,1
4,5,984,2,10,5,0,500,0.6,1000,0.2,1400,0.2,0
4,6,675,1,0,300,0.5,1700,0.5,0
4,7,375,1,0,500,0.6,1000,0.2,1400,0.2,2
4,8,376,1,0,500,0.6,1000,0.2,1400,0.2,2
4,9,811,2,10,5,0,300,0.5,1700,0.5,2
4,10,703,0,0,300,0.5,1700,0.5,2
4,11,482,2,10,5,0,500,0.6,1000,0.2,1400,0.2,0
4,12,43,0,0,500,0.6,1000,0.2,1400,0.2,1
4,13,397,0,0,300,0.5,1700,0.5,2
4,14,31,1,0,500,0.6,1000,0.2,1400,0.2,0
5,0,498,1,0,300,0.5,1700,0.5,1
5,1,834,1,0,500,0.6,1000,0.2,1400,0.2,2
5,2,529,1,0,300,0.5,1700,0.5,0
5,3,616,1,0,300,0.5,1700,0.5,1
5,4,695,2,10,5,0,500,0.6,1000,0.2,1400,0.2,2
5,5,549,1,0,500,0.6,1000,0.2,1400,0.2,1
5,6,76,2,10,5,0,300,0.5,1700,0.5,2
5,7,395,2,10,5,0,300,0.5,1700,0.5,2
5,8,902,1,0,300,0.5,1700,0.5,0
5,9,396,2,10,5,0,300,0.5,1700,0.5,2
5,10,277,2,10,5,0,500,0.6,1000,0.2,1400,0.2,0
5,11,671,0,0,300,0.5,1700,0.5,0
5,12,844,2,10,5,0,500,0.6,1000,0.2,1400,0.2,2
5,13,433,2,10,5,0,500,0.6,1000,0.2,1400,0.2,2
5,14,966,0,0,500,0.6,1000,0.2,1400,0.2,1
6,0,708,2,10,5,0,300,0.5,1700,0.5,2
6,1,738,1,0,500,0.6,1000,0.2,1400,0.2,0
6,2,825,1,0,500,0.6,1000,0.2,1400,0.2,0
6,3,64,0,0,300,0.5,1700,0.5,1
6,4,495,0,0,500,0.6,1000,0.2,1400,0.2,2
6,5,492,0,0,500,0.6,1000,0.2,1400,0.2,2
6,6,282,0,0,500,0.6,1000,0.2,1400,0.2,0
6,7,533,1,0,300,0.5,1700,0.5,1
6,8,286,0,0,300,0.5,1700,0.5,1
6,9,822,0,0,500,0.6,1000,0.2,1400,0.2,1
6,10,482,2,10,5,0,500,0.6,1000,0.2,1400,0.2,1
6,11,129,1,0,500,0.6,1000,0.2,1400,0.2,2
6,12,599,1,0,300,0.5,1700,0.5,1
6,13,210,1,0,500,0.6,1000,0.2,1400,0.2,1
6,14,758,1,0,500,0.6,1000,0.2,1400,0.2,2
7,0,236,1,0,500,0.6,1000,0.2,1400,0.2,2
7,1,424,0,0,500,0.6,1000,0.2,1400,0.2,1
7,2,851,1,0,500,0.6,1000,0.2,1400,0.2,1
7,3,209,1,0,300,0.5,1700,0.5,1
7,4,512,0,0,500,0.6,1000,0.2,1400,0.2,2
7,5,359,1,0,300,0.5,1700,0.5,0
7,6,698,0,0,300,0.5,1700,0.5,1
7,7,603,2,10,5,0,500,0.6,1000,0.2,1400,0.2,2
7,8,144,0,0,300,0.5,1700,0.5,1
7,9,154,2,10,5,0,300,0.5,1700,0.5,0
7,10,975,2,10,5,0,500,0.6,1000,0.2,1400,0.2,1
7,11,476,1,0,500,0.6,1000,0.2,1400,0.2,1
7,12,333,1,0,300,0.5,1700,0.5,0
7,13,233,0,0,500,0.6,1000,0.2,1400,0.2,2
7,14,952,1,0,300,0.5,1700,0.5,1
8,0,948,0,0,300,0.5,1700,0.5,2
8,1,247,2,10,5,0,300,0.5,1700,0.5,0
8,2,543,1,0,500,0.6,1000,0.2,1400,0.2,0
8,3,448,0,0,500,0.6,1000,0.2,1400,0.2,1
8,4,109,1,0,500,0.6,1000,0.2,1400,0.2,1
8,5,790,1,0,500,0.6,1000,0.2,1400,0.2,2
8,6,810,2,10,5,0,300,0.5,1700,0.5,2
8,7,883,1,0,300,0.5,1700,0.5,0
8,8,237,1,0,300,0.5,1700,0.5,2
8,9,690,0,0,300,0.5,1700,0.5,2
8,10,469,2,10,5,0,500,0.6,1000,0.2,1400,0.2,1
8,11,577,0,0,500,0.6,1000,0.2,1400,0.2,1
8,12,103,1,0,300,0.5,1700,0.5,1
8,13,761,1,0,300,0.5,1700,0.5,2
8,14,52,2,10,5,0,500,0.6,1000,0.2,1400,0.2,0
9,0,669,1,0,300,0.5,1700,0.5,0
9,1,691,2,10,5,0,300,0.5,1700,0.5,2
9,2,154,2,10,5,0,500,0.6,1000,0.2,1400,0.2,0
9,3,516,0,0,500,0.6,1000,0.2,1400,0.2,0
9,4,499,0,0,500,0.6,1000,0.2,1400,0.2,0
9,5,404,0,0,300,0.5,1700,0.5,1
9,6,559,2,10,5,0,500,0.6,1000,0.2,1400,0.2,2
9,7,725,1,0,300,0.5,1700,0.5,1
9,8,800,2,10,5,0,300,0.5,1700,0.5,2
9,9,107,1,0,300,0.5,1700,0.5,1
9,10,760,1,0,300,0.5,1700,0.5,2
9,11,83,2,10,5,0,300,0.5,1700,0.5,1
9,12,777,2,10,5,0,500,0.6,1000,0.2,1400,0.2,0
9,13,563,0,0,500,0.6,1000,0.2,1400,0.2,1
9,14,583,1,0,500,0.6,1000,0.2,1400,0.2,2
10,0,449,0,0,300,0.5,1700,0.5,0
10,1,24,2,10,5,0,500,0.6,1000,0.2,1400,0.2,2
10,2,287,1,0,300,0.5,1700,0.5,1
10,3,753,0,0,500,0.6,1000,0.2,1400,0.2,2
10,4,615,2,10,5,0,300,0.5,1700,0.5,0
10,5,900,1,0,300,0.5,1700,0.5,2
10,6,46,0,0,300,0.5,1700,0.5,0
10,7,172,1,0,300,0.5,1700,0.5,2
10,8,902,1,0,500,0.6,1000,0.2,1400,0.2,1
10,9,623,0,0,500,0.6,1000,0.2,1400,0.2,0
10,10,375,2,10,5,0,500,0.6,1000,0.2,1400,0.2,2
10,11,25,0,0,300,0.5,1700,0.5,2
10,12,672,0,0,300,0.5,1700,0.5,2
10,13,997,0,0,300,0.5,1700,0.5,0
10,14,805,2,10,5,0,300,0.5,1700,0.5,0
11,0,821,2,10,5,0,300,0.5,1700,0.5,2
11,1,863,1,0,300,0.5,1700,0.5,0
11,2,514,2,10,5,0,500,0.6,1000,0.2,1400,0.2,2
11,3,272,2,10,5,0,500,0.6,1000,0.2,1400,0.2,1
11,4,530,2,10,5,0,300,0.5,1700,0.5,2
11,5,728,2,10,5,0,500,0.6,1000,0.2,1400,0.2,2
11,6,232,1,0,500,0.6,1000,0.2,1400,0.2,0
11,7,374,2,10,5,0,300,0.5,1700,0.5,2
11,8,325,0,0,500,0.6,1000,0.2,1400,0.2,2
11,9,606,0,0,300,0.5,1700,0.5,1
11,10,882,1,0,300,0.5,1700,0.5,1
11,11,75,0,0,300,0.5,1700,0.5,1
11,12,868,1,0,500,0.6,1000,0.2,1400,0.2,0
11,13,881,1,0,500,0.6,1000,0.2,1400,0.2,1
11,14,68,2,10,5,0,300,0.5,1700,0.5,1
12,0,45,0,0,500,0.6,1000,0.2,1400,0.2,0
12,1,103,0,0,500,0.6,1000,0.2,1400,0.2,2
12,2,20,1,0,500,0.6,1000,0.2,1400,0.2,2
12,3,347,2,10,5,0,500,0.6,1000,0.2,1400,0.2,0
12,4,127,1,0,300,0.5,1700,0.5,0
12,5,367,0,0,300,0.5,1700,0.5,2
12,6,400,1,0,300,0.5,1700,0.5,1
12,7,309,2,10,5,0,500,0.6,1000,0.2,1400,0.2,1
12,8,788,2,10,5,0,500,0.6,1000,0.2,1400,0.2,0
12,9,310,0,0,500,0.6,1000,0.2,1400,0.2,2
12,10,832,1,0,300,0.5,1700,0.5,2
12,11,544,1,0,500,0.6,1000,0.2,1400,0.2,0
12,12,520,0,0,300,0.5,1700,0.5,0
12,13,823,1,0,500,0.6,1000,0.2,1400,0.2,0
12,14,311,0,0,500,0.6,1000,0.2,1400,0.2,2
13,0,170,2,10,5,0,500,0.6,1000,0.2,1400,0.2,1
13,1,945,0,0,300,0.5,1700,0.5,1
13,2,798,0,0,500,0.6,1000,0.2,1400,0.2,0
13,3,281,2,10,5,0,300,0.5,1700,0.5,0
13,4,475,1,0,300,0.5,1700,0.5,2
13,5,769,2,10,5,0,300,0.5,1700,0.5,2
13,6,387,0,0,500,0.6,1000,0.2,1400,0.2,0
13,7,153,0,0,500,0.6,1000,0.2,1400,0.2,2
13,8,148,2,10,5,0,300,0.5,1700,0.5,0
13,9,757,0,0,300,0.5,1700,0.5,0
13,10,98,0,0,500,0.6,1000,0.2,1400,0.2,0
13,11,139,0,0,500,0.6,1000,0.2,1400,0.2,1
13,12,546,0,0,500,0.6,1000,0.2,1400,0.2,0
13,13,980,0,0,500,0.6,1000,0.2,1400,0.2,0
13,14,270,0,0,300,0.5,1700,0.5,1
14,0,533,0,0,500,0.6,1000,0.2,1400,0.2,2
14,1,365,2,10,5,0,500,0.6,1000,0.2,1400,0.2,2
14,2,886,1,0,300,0.5,1700,0.5,1
14,3,632,1,0,500,0.6,1000,0.2,1400,0.2,1
14,4,628,0,0,300,0.5,1700,0.5,1
14,5,732,2,10,5,0,300,0.5,1700,0.5,2
14,6,435,0,0,300,0.5,1700,0.5,0
14,7,811,2,10,5,0,500,0.6,1000,0.2,1400,0.2,1
14,8,727,0,0,300,0.5,1700,0.5,1
14,9,110,0,0,300,0.5,1700,0.5,1
14,10,163,0,0,500,0.6,1000,0.2,1400,0.2,2
14,11,861,0,0,500,0.6,1000,0.2,1400,0.2,1
14,12,407,0,0,300,0.5,1700,0.5,1
14,13,119,1,0,300,0.5,1700,0.5,2
14,14,679,1,0,500,0.6,1000,0.2,1400,0.2,0
