0,0,786,0,0,500,0.6,1000,0.2,1400,0.2,2
0,1,788,0,0,300,0.5,1700,0.5,2
0,2,672,2,10,5,0,300,0.5,1700,0.5,0
0,3,432,1,0,300,0.5,1700,0.5,0
0,4,361,0,0,300,0.5,1700,0.5,1
0,5,23,0,0,300,0.5,1700,0.5,0
0,6,305,0,0,500,0.6,1000,0.2,1400,0.2,0
0,7,422,0,0,500,0.6,1000,0.2,1400,0.2,2
0,8,684,2,10,5,0,500,0.6,1000,0.2,1400,0.2,0
0,9,857,1,0,500,0.6,1000,0.2,1400,0.2,0
0,10,175,1,0,500,0.6,1000,0.2,1400,0.2,0
0,11,525,0,0,500,0.6,1000,0.2,1400,0.2,0
0,12,109,1,0,300,0.5,1700,0.5,2
0,13,577,0,0,500,0.6,1000,0.2,1400,0.2,0
0,14,970,0,0,500,0.6,1000,0.2,1400,0.2,1
1,0,829,1,0,300,0.5,1700,0.5,2
1,1,408,1,0,300,0.5,1700,0.5,0
1,2,86,2,10,5,0,500,0.6,1000,0.2,1400,0.2,1
1,3,48,0,0,300,0.5,1700,0.5,1
1,4,788,0,0,300,0.5,1700,0.5,1
1,5,543,1,0,300,0.5,1700,0.5,1
1,6,785,1,0,500,0.6,1000,0.2,1400,0.2,2
1,7,766,2,10,5,0,500,0.6,1000,0.2,1400,0.2,0
1,8,653,1,0,300,0.5,1700,0.5,1
1,9,331,2,10,5,0,300,0.5,1700,0.5,0
1,10,430,0,0,300,0.5,1700,0.5,1
1,11,991,1,0,500,0.6,1000,0.2,1400,0.2,2
1,12,216,2,10,5,0,300,0.5,1700,0.5,2
1,13,867,2,10,5,0,500,0.6,1000,0.2,1400,0.2,1
1,14,797,1,0,300,0.5,1700,0.5,1
2,0,364,2,10,5,0,300,0.5,1700,0.5,0
2,1,260,2,10,5,0,500,0.6,1000,0.2,1400,0.2,0
2,2,582,0,0,300,0.5,1700,0.5,0
2,3,503,0,0,300,0.5,1700,0.5,0
2,4,837,1,0,300,0.5,1700,0.5,1
2,5,243,0,0,500,0.6,1000,0.2,1400,0.2,2
2,6,15,2,10,5,0,500,0.6,1000,0.2,1400,0.2,2
2,7,987,1,0,300,0.5,1700,0.5,2
2,8,409,0,0,300,0.5,1700,0.5,2
2,9,83,1,0,500,0.6,1000,0.2,1400,0.2,0
2,10,695,1,0,300,0.5,1700,0.5,1
2,11,336,1,0,500,0.6,1000,0.2,1400,0.2,0
2,12,508,2,10,5,0,300,0.5,1700,0.5,1
2,13,318,0,0,300,0.5,1700,0.5,2
2,14,345,1,0,300,0.5,1700,0.5,0
3,0,718,1,0,500,0.6,1000,0.2,1400,0.2,2
3,1,306,1,0,500,0.6,1000,0.2,1400,0.2,1
3,2,468,1,0,500,0.6,1000,0.2,1400,0.2,2
3,3,781,0,0,500,0.6,1000,0.2,1400,0.2,0
3,4,92,2,10,5,0,500,0.6,1000,0.2,1400,0.2,0
3,5,197,1,0,500,0.6,1000,0.2,1400,0.2,1
3,6,63,1,0,500,0.6,1000,0.2,1400,0.2,1
3,7,933,2,10,5,0,500,0.6,1000,0.2,1400,0.2,0
3,8,778,1,0,300,0.5,1700,0.5,0
3,9,824,1,0,500,0.6,1000,0.2,1400,0.2,1
3,10,848,0,0,500,0.6,1000,0.2,1400,0.2,1
3,11,182,0,0,300,0.5,1700,0.5,2
3,12,892,1,0,500,0.6,1000,0.2,1400,0.2,0
3,13,703,2,10,5,0,500,0.6,1000,0.2,1400,0.2,0
3,14,373,1,0,300,0.5,1700,0.5,0
4,0,487,0,0,300,0.5,1700,0.5,2
4,1,199,0,0,500,0.6,1000,0.2,1400,0.2,1
4,2,370,1,0,300,0.5,1700,0.5,2
4,3,305,0,0,500,0.6,1000,0.2,1400,0.2,1
4,4,640,1,0,500,0.6,1000,0.2,1400,0.2,1
4,5,681,0,0,300,0.5,1700,0.5,2
4,6,676,1,0,500,0.6,1000,0.2,1400,0.2,1
4,7,771,0,0,500,0.6,1000,0.2,1400,0.2,1
4,8,460,1,0,500,0.6,1000,0.2,1400,0.2,2
4,9,888,1,0,500,0.6,1000,0.2,1400,0.2,1
4,10,329,0,0,500,0.6,1000,0.2,1400,0.2,2
4,11,621,2,10,5,0,500,0.6,1000,0.2,1400,0.2,1
4,12,507,0,0,500,0.6,1000,0.2,1400,0.2,2
4,13,646,1,0,500,0.6,1000,0.2,1400,0.2,1
4,14,366,1,0,500,0.6,1000,0.2,1400,0.2,1
5,0,153,1,0,300,0.5,1700,0.5,1
5,1,292,0,0,300,0.5,1700,0.5,2
5,2,64,2,10,5,0,300,0.5,1700,0.5,0
5,3,934,1,0,500,0.6,1000,0.2,1400,0.2,2
5,4,671,0,0,500,0.6,1000,0.2,1400,0.2,1
5,5,267,2,10,5,0,500,0.6,1000,0.2,1400,0.2,1
5,6,983,0,0,300,0.5,1700,0.5,2
5,7,768,0,0,300,0.5,1700,0.5,0
5,8,383,1,0,300,0.5,1700,0.5,1
5,9,549,2,10,5,0,500,0.6,1000,0.2,1400,0.2,0
5,10,769,2,10,5,0,300,0.5,1700,0.5,1
5,11,691,0,0,300,0.5,1700,0.5,1
5,12,974,0,0,300,0.5,1700,0.5,0
5,13,13,1,0,300,0.5,1700,0.5,0
5,14,568,2,10,5,0,500,0.6,1000,0.2,1400,0.2,0
6,0,783,0,0,500,0.6,1000,0.2,1400,0.2,1
6,1,789,1,0,300,0.5,1700,0.5,0
6,2,671,1,0,500,0.6,1000,0.2,1400,0.2,1
6,3,422,1,0,500,0.6,1000,0.2,1400,0.2,0
6,4,573,2,10,5,0,500,0.6,1000,0.2,1400,0.2,0
6,5,121,2,10,5,0,500,0.6,1000,0.2,1400,0.2,0
6,6,264,1,0,500,0.6,1000,0.2,1400,0.2,1
6,7,804,2,10,5,0,500,0.6,1000,0.2,1400,0.2,2
6,8,952,0,0,500,0.6,1000,0.2,1400,0.2,1
6,9,481,2,10,5,0,500,0.6,1000,0.2,1400,0.2,1
6,10,527,0,0,500,0.6,1000,0.2,1400,0.2,2
6,11,166,0,0,300,0.5,1700,0.5,1
6,12,342,1,0,300,0.5,1700,0.5,0
6,13,128,0,0,300,0.5,1700,0.5,0
6,14,208,1,0,500,0.6,1000,0.2,1400,0.2,2
7,0,113,1,0,500,0.6,1000,0.2,1400,0.2,0
7,1,392,0,0,500,0.6,1000,0.2,1400,0.2,1
7,2,875,2,10,5,0,500,0.6,1000,0.2,1400,0.2,2
7,3,614,2,10,5,0,500,0.6,1000,0.2,1400,0.2,1
7,4,819,1,0,300,0.5,1700,0.5,0
7,5,858,0,0,300,0.5,1700,0.5,0
7,6,861,0,0,500,0.6,1000,0.2,1400,0.2,0
7,7,686,0,0,300,0.5,1700,0.5,0
7,8,612,2,10,5,0,300,0.5,1700,0.5,2
7,9,141,1,0,300,0.5,1700,0.5,0
7,10,846,1,0,500,0.6,1000,0.2,1400,0.2,2
7,11,508,0,0,300,0.5,1700,0.5,1
7,12,637,0,0,300,0.5,1700,0.5,1
7,13,746,0,0,500,0.6,1000,0.2,1400,0.2,0
7,14,458,0,0,500,0.6,1000,0.2,1400,0.2,1
8,0,236,2,10,5,0,300,0.5,1700,0.5,2
8,1,833,2,10,5,0,300,0.5,1700,0.5,1
8,2,540,2,10,5,0,300,0.5,1700,0.5,0
8,3,861,0,0,300,0.5,1700,0.5,0
8,4,146,1,0,300,0.5,1700,0.5,1
8,5,27,1,0,300,0.5,1700,0.5,2
8,6,629,1,0,300,0.5,1700,0.5,2
8,7,462,0,0,300,0.5,1700,0.5,0
8,8,318,1,0,500,0.6,1000,0.2,1400,0.2,1
8,9,880,1,0,500,0.6,1000,0.2,1400,0.2,2
8,10,629,1,0,500,0.6,1000,0.2,1400,0.2,1
8,11,145,0,0,300,0.5,1700,0.5,0
8,12,431,0,0,500,0.6,1000,0.2,1400,0.2,0
8,13,321,2,10,5,0,300,0.5,1700,0.5,2
8,14,474,2,10,5,0,300,0.5,1700,0.5,1
9,0,247,0,0,300,0.5,1700,0.5,0
9,1,940,2,10,5,0,300,0.5,1700,0.5,1
9,2,554,0,0,300,0.5,1700,0.5,1
9,3,945,1,0,300,0.5,1700,0.5,1
9,4,697,2,10,5,0,300,0.5,1700,0.5,1
9,5,568,0,0,300,0.5,1700,0.5,1
9,6,455,0,0,300,0.5,1700,0.5,1
9,7,795,1,0,500,0.6,1000,0.2,1400,0.2,1
9,8,184,0,0,500,0.6,1000,0.2,1400,0.2,2
9,9,419,2,10,5,0,500,0.6,1000,0.2,1400,0.2,0
9,10,715,0,0,500,0.6,1000,0.2,1400,0.2,0
9,11,703,1,0,300,0.5,1700,0.5,2
9,12,619,1,0,500,0.6,1000,0.2,1400,0.2,1
9,13,360,0,0,500,0.6,1000,0.2,1400,0.2,2
9,14,276,0,0,300,0.5,1700,0.5,0
10,0,861,2,10,5,0,500,0.6,1000,0.2,1400,0.2,2
10,1,284,1,0,300,0.5,1700,0.5,2
10,2,71,1,0,300,0.5,1700,0.5,2
10,3,160,1,0,300,0.5,1700,0.5,1
10,4,775,1,0,300,0.5,1700,0.5,1
10,5,555,1,0,300,0.5,1700,0.5,0
10,6,361,2,10,5,0,300,0.5,1700,0.5,0
10,7,484,2,10,5,0,500,0.6,1000,0.2,1400,0.2,1
10,8,133,0,0,300,0.5,1700,0.5,1
10,9,588,2,10,5,0,300,0.5,1700,0.5,2
10,10,563,1,0,300,0.5,1700,0.5,0
10,11,830,0,0,500,0.6,1000,0.2,1400,0.2,0
10,12,481,1,0,300,0.5,1700,0.5,2
10,13,905,1,0,500,0.6,1000,0.2,1400,0.2,0
10,14,110,0,0,300,0.5,1700,0.5,0
11,0,419,1,0,500,0.6,1000,0.2,1400,0.2,1
11,1,657,1,0,300,0.5,1700,0.5,2
11,2,228,1,0,300,0.5,1700,0.5,2
11,3,773,2,10,5,0,500,0.6,1000,0.2,1400,0.2,1
11,4,630,0,0,300,0.5,1700,0.5,0
11,5,101,2,10,5,0,500,0.6,1000,0.2,1400,0.2,2
11,6,764,2,10,5,0,300,0.5,1700,0.5,0
11,7,299,2,10,5,0,500,0.6,1000,0.2,1400,0.2,1
11,8,164,2,10,5,0,300,0.5,1700,0.5,1
11,9,221,0,0,300,0.5,1700,0.5,0
11,10,813,0,0,300,0.5,1700,0.5,1
11,11,643,0,0,500,0.6,1000,0.2,1400,0.2,0
11,12,408,0,0,500,0.6,1000,0.2,1400,0.2,2
11,13,100,0,0,500,0.6,1000,0.2,1400,0.2,2
11,14,135,2,10,5,0,500,0.6,1000,0.2,1400,0.2,2
12,0,818,0,0,300,0.5,1700,0.5,1
12,1,460,0,0,300,0.5,1700,0.5,2
12,2,975,1,0,500,0.6,1000,0.2,1400,0.2,2
12,3,77,2,10,5,0,300,0.5,1700,0.5,2
12,4,278,0,0,300,0.5,1700,0.5,2
12,5,772,0,0,500,0.6,1000,0.2,1400,0.2,0
12,6,488,2,10,5,0,500,0.6,1000,0.2,1400,0.2,1
12,7,382,2,10,5,0,300,0.5,1700,0.5,0
12,8,718,1,0,300,0.5,1700,0.5,2
12,9,490,2,10,5,0,300,0.5,1700,0.5,1
12,10,964,0,0,500,0.6,1000,0.2,1400,0.2,1
12,11,139,1,0,300,0.5,1700,0.5,2
12,12,189,0,0,300,0.5,1700,0.5,0
12,13,625,0,0,500,0.6,1000,0.2,1400,0.2,2
12,14,950,0,0,500,0.6,1000,0.2,1400,0.2,0
13,0,191,2,10,5,0,500,0.6,1000,0.2,1400,0.2,0
13,1,629,2,10,5,0,300,0.5,1700,0.5,2
13,2,606,2,10,5,0,300,0.5,1700,0.5,2
13,3,574,0,0,300,0.5,1700,0.5,0
13,4,813,2,10,5,0,300,0.5,1700,0.5,1
13,5,886,0,0,500,0.6,1000,0.2,1400,0.2,2
13,6,201,0,0,300,0.5,1700,0.5,0
13,7,366,2,10,5,0,500,0.6,1000,0.2,1400,0.2,2
13,8,76,0,0,500,0.6,1000,0.2,1400,0.2,2
13,9,666,2,10,5,0,300,0.5,1700,0.5,2
13,10,546,2,10,5,0,300,0.5,1700,0.5,0
13,11,266,0,0,500,0.6,1000,0.2,1400,0.2,2
13,12,194,2,10,5,0,300,0.5,1700,0.5,2
13,13,860,1,0,500,0.6,1000,0.2,1400,0.2,1
13,14,281,1,0,500,0.6,1000,0.2,1400,0.2,0
14,0,356,2,10,5,0,500,0.6,1000,0.2,1400,0.2,2
14,1,67,2,10,5,0,500,0.6,1000,0.2,1400,0.2,0
14,2,192,0,0,300,0.5,1700,0.5,1
14,3,228,0,0,500,0.6,1000,0.2,1400,0.2,0
14,4,475,2,10,5,0,300,0.5,1700,0.5,1
14,5,417,2,10,5,0,500,0.6,1000,0.2,1400,0.2,2
14,6,635,2,10,5,0,300,0.5,1700,0.5,0
14,7,869,0,0,500,0.6,1000,0.2,1400,0.2,1
14,8,525,2,10,5,0,500,0.6,1000,0.2,1400,0.2,1
14,9,691,2,10,5,0,500,0.6,1000,0.2,1400,0.2,1
14,10,371,0,0,500,0.6,1000,0.2,1400,0.2,2
14,11,316,2,10,5,0,500,0.6,1000,0.2,1400,0.2,2
14,12,440,0,0,500,0.6,1000,0.2,1400,0.2,2
14,13,993,0,0,300,0.5,1700,0.5,2
14,14,417,1,0,300,0.5,1700,0.5,1
