0,0,460,2,10,5,0,500,0.6,1000,0.2,1400,0.2,0
0,1,606,0,0,300,0.5,1700,0.5,0
0,2,209,1,0,500,0.6,1000,0.2,1400,0.2,0
0,3,331,2,10,5,0,500,0.6,1000,0.2,1400,0.2,1
0,4,491,0,0,500,0.6,1000,0.2,1400,0.2,2
1,0,170,0,0,500,0.6,1000,0.2,1400,0.2,0
1,1,47,0,0,500,0.6,1000,0.2,1400,0.2,1
1,2,847,2,10,5,0,300,0.5,1700,0.5,2
1,3,956,0,0,300,0.5,1700,0.5,1
1,4,590,1,0,300,0.5,1700,0.5,0
2,0,996,0,0,500,0.6,1000,0.2,1400,0.2,0
2,1,836,0,0,500,0.6,1000,0.2,1400,0.2,1
2,2,434,1,0,300,0.5,1700,0.5,2
2,3,291,0,0,300,0.5,1700,0.5,0
2,4,283,1,0,500,0.6,1000,0.2,1400,0.2,0
3,0,686,2,10,5,0,300,0.5,1700,0.5,0
3,1,501,1,0,500,0.6,1000,0.2,1400,0.2,1
3,2,239,0,0,300,0.5,1700,0.5,1
3,3,928,1,0,300,0.5,1700,0.5,0
3,4,278,1,0,500,0.6,1000,0.2,1400,0.2,2
4,0,172,1,0,500,0.6,1000,0.2,1400,0.2,2
4,1,924,0,0,500,0.6,1000,0.2,1400,0.2,2
4,2,504,2,10,5,0,500,0.6,1000,0.2,1400,0.2,0
4,3,180,1,0,500,0.6,1000,0.2,1400,0.2,1
4,4,149,1,0,500,0.6,1000,0.2,1400,0.2,2
