0,0,443,0,0,300,0.5,1700,0.5,1
0,1,36,0,0,300,0.5,1700,0.5,0
0,2,415,0,0,300,0.5,1700,0.5,2
0,3,368,2,10,5,0,500,0.6,1000,0.2,1400,0.2,2
0,4,243,1,0,300,0.5,1700,0.5,0
1,0,497,0,0,500,0.6,1000,0.2,1400,0.2,0
1,1,987,1,0,300,0.5,1700,0.5,2
1,2,29,0,0,300,0.5,1700,0.5,2
1,3,788,1,0,500,0.6,1000,0.2,1400,0.2,2
1,4,700,2,10,5,0,500,0.6,1000,0.2,1400,0.2,1
2,0,712,2,10,5,0,500,0.6,1000,0.2,1400,0.2,2
2,1,328,2,10,5,0,300,0.5,1700,0.5,0
2,2,181,2,10,5,0,300,0.5,1700,0.5,2
2,3,932,0,0,300,0.5,1700,0.5,1
2,4,477,1,0,500,0.6,1000,0.2,1400,0.2,1
3,0,685,0,0,500,0.6,1000,0.2,1400,0.2,2
3,1,291,2,10,5,0,300,0.5,1700,0.5,1
3,2,319,2,10,5,0,500,0.6,1000,0.2,1400,0.2,2
3,3,351,0,0,300,0.5,1700,0.5,0
3,4,141,0,0,300,0.5,1700,0.5,1
4,0,483,2,10,5,0,500,0.6,1000,0.2,1400,0.2,0
4,1,724,2,10,5,0,500,0.6,1000,0.2,1400,0.2,2
4,2,255,0,0,500,0.6,1000,0.2,1400,0.2,2
4,3,648,2,10,5,0,500,0.6,1000,0.2,1400,0.2,2
4,4,248,0,0,300,0.5,1700,0.5,0
