0,0,446,1,0,300,0.5,1700,0.5,0
0,1,456,1,0,300,0.5,1700,0.5,0
0,2,111,2,10,5,0,300,0.5,1700,0.5,2
0,3,183,1,0,300,0.5,1700,0.5,1
0,4,282,0,0,500,0.6,1000,0.2,1400,0.2,2
1,0,158,0,0,500,0.6,1000,0.2,1400,0.2,1
1,1,436,1,0,300,0.5,1700,0.5,2
1,2,490,2,10,5,0,500,0.6,1000,0.2,1400,0.2,1
1,3,796,0,0,300,0.5,1700,0.5,0
1,4,647,1,0,500,0.6,1000,0.2,1400,0.2,1
2,0,703,1,0,500,0.6,1000,0.2,1400,0.2,2
2,1,836,2,10,5,0,500,0.6,1000,0.2,1400,0.2,1
2,2,603,1,0,300,0.5,1700,0.5,0
2,3,594,2,10,5,0,500,0.6,1000,0.2,1400,0.2,2
2,4,26,2,10,5,0,500,0.6,1000,0.2,1400,0.2,2
3,0,655,2,10,5,0,300,0.5,1700,0.5,2
3,1,689,1,0,300,0.5,1700,0.5,1
3,2,184,1,0,500,0.6,1000,0.2,1400,0.2,1
3,3,864,1,0,300,0.5,1700,0.5,1
3,4,865,2,10,5,0,500,0.6,1000,0.2,1400,0.2,0
4,0,826,2,10,5,0,500,0.6,1000,0.2,1400,0.2,2
4,1,876,2,10,5,0,500,0.6,1000,0.2,1400,0.2,0
4,2,93,2,10,5,0,500,0.6,1000,0.2,1400,0.2,0
4,3,675,0,0,500,0.6,1000,0.2,1400,0.2,2
4,4,694,2,10,5,0,300,0.5,1700,0.5,2
