0,0,977,2,10,5,0,500,0.6,1000,0.2,1400,0.2,1
0,1,386,0,0,300,0.5,1700,0.5,0
0,2,687,1,0,300,0.5,1700,0.5,2
0,3,529,2,10,5,0,500,0.6,1000,0.2,1400,0.2,1
0,4,499,2,10,5,0,300,0.5,1700,0.5,2
1,0,555,1,0,300,0.5,1700,0.5,0
1,1,760,0,0,300,0.5,1700,0.5,1
1,2,606,2,10,5,0,300,0.5,1700,0.5,1
1,3,749,2,10,5,0,500,0.6,1000,0.2,1400,0.2,1
1,4,784,1,0,300,0.5,1700,0.5,2
2,0,30,1,0,500,0.6,1000,0.2,1400,0.2,0
2,1,942,1,0,500,0.6,1000,0.2,1400,0.2,0
2,2,617,2,10,5,0,300,0.5,1700,0.5,0
2,3,374,1,0,300,0.5,1700,0.5,0
2,4,777,1,0,300,0.5,1700,0.5,0
3,0,35,0,0,500,0.6,1000,0.2,1400,0.2,0
3,1,641,2,10,5,0,500,0.6,1000,0.2,1400,0.2,2
3,2,845,0,0,500,0.6,1000,0.2,1400,0.2,2
3,3,982,2,10,5,0,300,0.5,1700,0.5,0
3,4,403,0,0,500,0.6,1000,0.2,1400,0.2,2
4,0,55,0,0,300,0.5,1700,0.5,2
4,1,759,0,0,500,0.6,1000,0.2,1400,0.2,2
4,2,442,2,10,5,0,300,0.5,1700,0.5,0
4,3,954,2,10,5,0,300,0.5,1700,0.5,0
4,4,562,1,0,300,0.5,1700,0.5,0
