0,0,372,2,10,5,0,500,0.6,1000,0.2,1400,0.2,1
0,1,348,1,0,300,0.5,1700,0.5,0
0,2,354,2,10,5,0,500,0.6,1000,0.2,1400,0.2,1
0,3,479,1,0,500,0.6,1000,0.2,1400,0.2,2
0,4,297,1,0,500,0.6,1000,0.2,1400,0.2,2
1,0,406,2,10,5,0,300,0.5,1700,0.5,0
1,1,746,2,10,5,0,500,0.6,1000,0.2,1400,0.2,0
1,2,39,2,10,5,0,500,0.6,1000,0.2,1400,0.2,0
1,3,559,2,10,5,0,500,0.6,1000,0.2,1400,0.2,0
1,4,986,1,0,300,0.5,1700,0.5,0
2,0,968,2,10,5,0,300,0.5,1700,0.5,2
2,1,531,2,10,5,0,300,0.5,1700,0.5,0
2,2,43,0,0,500,0.6,1000,0.2,1400,0.2,0
2,3,335,0,0,500,0.6,1000,0.2,1400,0.2,1
2,4,187,2,10,5,0,300,0.5,1700,0.5,2
3,0,999,1,0,300,0.5,1700,0.5,0
3,1,670,0,0,500,0.6,1000,0.2,1400,0.2,1
3,2,107,2,10,5,0,500,0.6,1000,0.2,1400,0.2,2
3,3,264,0,0,500,0.6,1000,0.2,1400,0.2,2
3,4,105,1,0,300,0.5,1700,0.5,1
4,0,396,1,0,500,0.6,1000,0.2,1400,0.2,0
4,1,742,0,0,500,0.6,1000,0.2,1400,0.2,2
4,2,718,1,0,300,0.5,1700,0.5,1
4,3,410,2,10,5,0,300,0.5,1700,0.5,1
4,4,304,0,0,500,0.6,1000,0.2,1400,0.2,2
