0,0,799,0,0,500,0.6,1000,0.2,1400,0.2,1
0,1,638,2,10,5,0,300,0.5,1700,0.5,0
0,2,429,1,0,500,0.6,1000,0.2,1400,0.2,2
0,3,353,0,0,500,0.6,1000,0.2,1400,0.2,2
0,4,848,1,0,500,0.6,1000,0.2,1400,0.2,0
1,0,381,0,0,300,0.5,1700,0.5,1
1,1,866,2,10,5,0,300,0.5,1700,0.5,0
1,2,836,2,10,5,0,300,0.5,1700,0.5,1
1,3,326,0,0,300,0.5,1700,0.5,1
1,4,526,0,0,500,0.6,1000,0.2,1400,0.2,0
2,0,978,1,0,300,0.5,1700,0.5,0
2,1,75,0,0,300,0.5,1700,0.5,2
2,2,233,0,0,500,0.6,1000,0.2,1400,0.2,1
2,3,353,0,0,300,0.5,1700,0.5,2
2,4,220,2,10,5,0,500,0.6,1000,0.2,1400,0.2,2
3,0,753,0,0,300,0.5,1700,0.5,0
3,1,192,0,0,500,0.6,1000,0.2,1400,0.2,2
3,2,99,2,10,5,0,500,0.6,1000,0.2,1400,0.2,0
3,3,652,2,10,5,0,300,0.5,1700,0.5,0
3,4,979,1,0,300,0.5,1700,0.5,0
4,0,457,1,0,300,0.5,1700,0.5,0
4,1,273,0,0,300,0.5,1700,0.5,1
4,2,85,0,0,300,0.5,1700,0.5,0
4,3,295,2,10,5,0,300,0.5,1700,0.5,0
4,4,338,0,0,300,0.5,1700,0.5,0
