0,0,372,0,0,500,0.6,1000,0.2,1400,0.2,1
0,1,531,1,0,500,0.6,1000,0.2,1400,0.2,0
0,2,957,0,0,500,0.6,1000,0.2,1400,0.2,1
0,3,770,0,0,500,0.6,1000,0.2,1400,0.2,2
0,4,294,0,0,500,0.6,1000,0.2,1400,0.2,0
1,0,813,0,0,500,0.6,1000,0.2,1400,0.2,1
1,1,718,1,0,300,0.5,1700,0.5,0
1,2,293,0,0,500,0.6,1000,0.2,1400,0.2,0
1,3,567,0,0,300,0.5,1700,0.5,1
1,4,74,2,10,5,0,300,0.5,1700,0.5,1
2,0,432,1,0,500,0.6,1000,0.2,1400,0.2,0
2,1,700,1,0,500,0.6,1000,0.2,1400,0.2,2
2,2,138,1,0,300,0.5,1700,0.5,1
2,3,163,2,10,5,0,500,0.6,1000,0.2,1400,0.2,2
2,4,969,2,10,5,0,300,0.5,1700,0.5,1
3,0,947,1,0,300,0.5,1700,0.5,1
3,1,476,1,0,500,0.6,1000,0.2,1400,0.2,2
3,2,350,0,0,300,0.5,1700,0.5,0
3,3,114,0,0,300,0.5,1700,0.5,1
3,4,187,0,0,300,0.5,1700,0.5,2
4,0,689,2,10,5,0,500,0.6,1000,0.2,1400,0.2,2
4,1,186,1,0,300,0.5,1700,0.5,0
4,2,889,1,0,300,0.5,1700,0.5,2
4,3,662,2,10,5,0,500,0.6,1000,0.2,1400,0.2,1
4,4,371,0,0,300,0.5,1700,0.5,1
