0,0,902,2,10,5,0,500,0.6,1000,0.2,1400,0.2,1
0,1,180,1,0,500,0.6,1000,0.2,1400,0.2,1
0,2,996,2,10,5,0,500,0.6,1000,0.2,1400,0.2,1
0,3,716,1,0,500,0.6,1000,0.2,1400,0.2,2
0,4,546,1,0,500,0.6,1000,0.2,1400,0.2,1
1,0,568,1,0,500,0.6,1000,0.2,1400,0.2,1
1,1,294,2,10,5,0,300,0.5,1700,0.5,1
1,2,872,1,0,300,0.5,1700,0.5,1
1,3,829,0,0,300,0.5,1700,0.5,0
1,4,470,1,0,500,0.6,1000,0.2,1400,0.2,2
2,0,517,0,0,500,0.6,1000,0.2,1400,0.2,2
2,1,779,0,0,300,0.5,1700,0.5,0
2,2,153,0,0,500,0.6,1000,0.2,1400,0.2,1
2,3,484,2,10,5,0,300,0.5,1700,0.5,2
2,4,57,1,0,300,0.5,1700,0.5,0
3,0,98,0,0,300,0.5,1700,0.5,0
3,1,494,2,10,5,0,500,0.6,1000,0.2,1400,0.2,0
3,2,257,2,10,5,0,300,0.5,1700,0.5,0
3,3,490,1,0,500,0.6,1000,0.2,1400,0.2,0
3,4,702,1,0,500,0.6,1000,0.2,1400,0.2,0
4,0,479,2,10,5,0,300,0.5,1700,0.5,1
4,1,739,1,0,500,0.6,1000,0.2,1400,0.2,2
4,2,128,2,10,5,0,500,0.6,1000,0.2,1400,0.2,1
4,3,313,0,0,300,0.5,1700,0.5,2
4,4,969,1,0,300,0.5,1700,0.5,1
