0,0,123,2,10,5,0,500,0.6,1000,0.2,1400,0.2,0
0,1,752,0,0,500,0.6,1000,0.2,1400,0.2,2
0,2,400,0,0,500,0.6,1000,0.2,1400,0.2,0
0,3,531,2,10,5,0,300,0.5,1700,0.5,1
0,4,960,1,0,300,0.5,1700,0.5,1
1,0,283,1,0,500,0.6,1000,0.2,1400,0.2,0
1,1,322,1,0,300,0.5,1700,0.5,1
1,2,304,2,10,5,0,300,0.5,1700,0.5,2
1,3,205,0,0,500,0.6,1000,0.2,1400,0.2,2
1,4,650,1,0,500,0.6,1000,0.2,1400,0.2,1
2,0,811,0,0,500,0.6,1000,0.2,1400,0.2,0
2,1,213,0,0,300,0.5,1700,0.5,0
2,2,762,0,0,500,0.6,1000,0.2,1400,0.2,2
2,3,388,1,0,500,0.6,1000,0.2,1400,0.2,2
2,4,663,0,0,300,0.5,1700,0.5,2
3,0,699,1,0,500,0.6,1000,0.2,1400,0.2,1
3,1,298,2,10,5,0,500,0.6,1000,0.2,1400,0.2,1
3,2,23,1,0,300,0.5,1700,0.5,0
3,3,982,1,0,300,0.5,1700,0.5,2
3,4,146,2,10,5,0,300,0.5,1700,0.5,2
4,0,879,0,0,500,0.6,1000,0.2,1400,0.2,2
4,1,989,2,10,5,0,300,0.5,1700,0.5,2
4,2,726,0,0,300,0.5,1700,0.5,2
4,3,302,2,10,5,0,500,0.6,1000,0.2,1400,0.2,0
4,4,152,1,0,300,0.5,1700,0.5,1
