0,0,532,1,0,500,0.6,1000,0.2,1400,0.2,2
0,1,810,0,0,300,0.5,1700,0.5,1
0,2,842,0,0,500,0.6,1000,0.2,1400,0.2,0
0,3,471,2,10,5,0,300,0.5,1700,0.5,2
0,4,94,0,0,300,0.5,1700,0.5,2
1,0,397,0,0,300,0.5,1700,0.5,1
1,1,667,1,0,500,0.6,1000,0.2,1400,0.2,0
1,2,844,2,10,5,0,300,0.5,1700,0.5,0
1,3,507,2,10,5,0,300,0.5,1700,0.5,0
1,4,123,1,0,500,0.6,1000,0.2,1400,0.2,1
2,0,18,0,0,300,0.5,1700,0.5,0
2,1,370,0,0,300,0.5,1700,0.5,0
2,2,221,0,0,500,0.6,1000,0.2,1400,0.2,2
2,3,676,0,0,500,0.6,1000,0.2,1400,0.2,1
2,4,736,1,0,500,0.6,1000,0.2,1400,0.2,1
3,0,308,1,0,300,0.5,1700,0.5,2
3,1,486,2,10,5,0,300,0.5,1700,0.5,2
3,2,675,0,0,300,0.5,1700,0.5,0
3,3,195,1,0,500,0.6,1000,0.2,1400,0.2,0
3,4,205,1,0,300,0.5,1700,0.5,2
4,0,59,2,10,5,0,500,0.6,1000,0.2,1400,0.2,1
4,1,44,1,0,500,0.6,1000,0.2,1400,0.2,2
4,2,420,2,10,5,0,300,0.5,1700,0.5,1
4,3,458,0,0,300,0.5,1700,0.5,2
4,4,576,0,0,500,0.6,1000,0.2,1400,0.2,1
