0,0,845,2,10,5,0,300,0.5,1700,0.5,2
0,1,366,2,10,5,0,300,0.5,1700,0.5,0
0,2,575,2,10,5,0,500,0.6,1000,0.2,1400,0.2,0
0,3,226,1,0,500,0.6,1000,0.2,1400,0.2,1
0,4,900,2,10,5,0,300,0.5,1700,0.5,1
1,0,874,1,0,500,0.6,1000,0.2,1400,0.2,0
1,1,916,1,0,300,0.5,1700,0.5,1
1,2,763,2,10,5,0,500,0.6,1000,0.2,1400,0.2,2
1,3,470,2,10,5,0,300,0.5,1700,0.5,2
1,4,366,2,10,5,0,300,0.5,1700,0.5,1
2,0,171,1,0,300,0.5,1700,0.5,0
2,1,510,2,10,5,0,500,0.6,1000,0.2,1400,0.2,0
2,2,798,0,0,300,0.5,1700,0.5,1
2,3,705,1,0,500,0.6,1000,0.2,1400,0.2,1
2,4,624,0,0,500,0.6,1000,0.2,1400,0.2,0
3,0,878,0,0,300,0.5,1700,0.5,2
3,1,689,0,0,500,0.6,1000,0.2,1400,0.2,0
3,2,397,0,0,500,0.6,1000,0.2,1400,0.2,0
3,3,811,2,10,5,0,300,0.5,1700,0.5,0
3,4,736,0,0,500,0.6,1000,0.2,1400,0.2,2
4,0,471,0,0,300,0.5,1700,0.5,1
4,1,14,1,0,300,0.5,1700,0.5,0
4,2,188,1,0,500,0.6,1000,0.2,1400,0.2,2
4,3,608,2,10,5,0,300,0.5,1700,0.5,1
4,4,250,0,0,500,0.6,1000,0.2,1400,0.2,0
