0,0,594,2,10,5,0,500,0.6,1000,0.2,1400,0.2,2
0,1,983,2,10,5,0,500,0.6,1000,0.2,1400,0.2,1
0,2,464,0,0,500,0.6,1000,0.2,1400,0.2,2
0,3,602,1,0,300,0.5,1700,0.5,0
0,4,51,0,0,500,0.6,1000,0.2,1400,0.2,0
1,0,721,0,0,500,0.6,1000,0.2,1400,0.2,0
1,1,23,0,0,500,0.6,1000,0.2,1400,0.2,2
1,2,750,1,0,300,0.5,1700,0.5,0
1,3,365,2,10,5,0,300,0.5,1700,0.5,0
1,4,941,1,0,300,0.5,1700,0.5,0
2,0,584,0,0,300,0.5,1700,0.5,0
2,1,790,0,0,300,0.5,1700,0.5,0
2,2,270,2,10,5,0,500,0.6,1000,0.2,1400,0.2,1
2,3,853,2,10,5,0,300,0.5,1700,0.5,2
2,4,889,1,0,300,0.5,1700,0.5,1
3,0,722,1,0,500,0.6,1000,0.2,1400,0.2,1
3,1,609,2,10,5,0,500,0.6,1000,0.2,1400,0.2,1
3,2,816,0,0,300,0.5,1700,0.5,1
3,3,637,1,0,300,0.5,1700,0.5,2
3,4,960,2,10,5,0,500,0.6,1000,0.2,1400,0.2,0
4,0,98,0,0,300,0.5,1700,0.5,2
4,1,325,2,10,5,0,300,0.5,1700,0.5,2
4,2,335,0,0,300,0.5,1700,0.5,1
4,3,489,0,0,500,0.6,1000,0.2,1400,0.2,1
4,4,253,0,0,500,0.6,1000,0.2,1400,0.2,1
