0,0,971,2,10,5,0,300,0.5,1700,0.5,1
0,1,240,2,10,5,0,500,0.6,1000,0.2,1400,0.2,2
0,2,345,1,0,500,0.6,1000,0.2,1400,0.2,2
0,3,142,0,0,500,0.6,1000,0.2,1400,0.2,1
0,4,220,2,10,5,0,300,0.5,1700,0.5,2
1,0,61,1,0,300,0.5,1700,0.5,2
1,1,315,1,0,500,0.6,1000,0.2,1400,0.2,2
1,2,383,2,10,5,0,500,0.6,1000,0.2,1400,0.2,1
1,3,891,2,10,5,0,500,0.6,1000,0.2,1400,0.2,0
1,4,465,2,10,5,0,300,0.5,1700,0.5,1
2,0,830,2,10,5,0,500,0.6,1000,0.2,1400,0.2,2
2,1,887,0,0,500,0.6,1000,0.2,1400,0.2,1
2,2,496,0,0,300,0.5,1700,0.5,1
2,3,87,0,0,300,0.5,1700,0.5,1
2,4,133,0,0,300,0.5,1700,0.5,1
3,0,644,1,0,500,0.6,1000,0.2,1400,0.2,0
3,1,406,2,10,5,0,500,0.6,1000,0.2,1400,0.2,1
3,2,94,2,10,5,0,300,0.5,1700,0.5,1
3,3,517,2,10,5,0,500,0.6,1000,0.2,1400,0.2,0
3,4,167,2,10,5,0,300,0.5,1700,0.5,0
4,0,883,2,10,5,0,300,0.5,1700,0.5,0
4,1,866,2,10,5,0,300,0.5,1700,0.5,1
4,2,963,2,10,5,0,500,0.6,1000,0.2,1400,0.2,0
4,3,124,0,0,300,0.5,1700,0.5,2
4,4,856,1,0,500,0.6,1000,0.2,1400,0.2,1
