0,0,969,2,10,5,0,500,0.6,1000,0.2,1400,0.2,1
0,1,493,1,0,500,0.6,1000,0.2,1400,0.2,0
0,2,387,1,0,500,0.6,1000,0.2,1400,0.2,0
0,3,522,0,0,300,0.5,1700,0.5,2
0,4,238,0,0,300,0.5,1700,0.5,1
1,0,616,0,0,500,0.6,1000,0.2,1400,0.2,2
1,1,68,2,10,5,0,500,0.6,1000,0.2,1400,0.2,0
1,2,734,2,10,5,0,300,0.5,1700,0.5,1
1,3,414,2,10,5,0,500,0.6,1000,0.2,1400,0.2,2
1,4,213,1,0,500,0.6,1000,0.2,1400,0.2,1
2,0,830,1,0,300,0.5,1700,0.5,1
2,1,491,0,0,500,0.6,1000,0.2,1400,0.2,1
2,2,147,2,10,5,0,300,0.5,1700,0.5,2
2,3,897,0,0,300,0.5,1700,0.5,0
2,4,167,1,0,500,0.6,1000,0.2,1400,0.2,1
3,0,897,1,0,500,0.6,1000,0.2,1400,0.2,2
3,1,220,1,0,300,0.5,1700,0.5,1
3,2,916,0,0,300,0.5,1700,0.5,1
3,3,529,1,0,300,0.5,1700,0.5,2
3,4,135,2,10,5,0,500,0.6,1000,0.2,1400,0.2,2
4,0,729,1,0,300,0.5,1700,0.5,0
4,1,743,2,10,5,0,300,0.5,1700,0.5,0
4,2,561,1,0,300,0.5,1700,0.5,0
4,3,700,1,0,300,0.5,1700,0.5,1
4,4,619,1,0,500,0.6,1000,0.2,1400,0.2,1
