0,0,525,1,0,300,0.5,1700,0.5,1
0,1,766,1,0,300,0.5,1700,0.5,0
0,2,734,1,0,500,0.6,1000,0.2,1400,0.2,1
0,3,25,2,10,5,0,500,0.6,1000,0.2,1400,0.2,0
0,4,253,0,0,500,0.6,1000,0.2,1400,0.2,0
1,0,697,0,0,300,0.5,1700,0.5,0
1,1,479,2,10,5,0,500,0.6,1000,0.2,1400,0.2,1
1,2,93,1,0,300,0.5,1700,0.5,2
1,3,925,0,0,300,0.5,1700,0.5,2
1,4,668,1,0,500,0.6,1000,0.2,1400,0.2,0
2,0,796,0,0,300,0.5,1700,0.5,0
2,1,305,2,10,5,0,300,0.5,1700,0.5,2
2,2,455,2,10,5,0,500,0.6,1000,0.2,1400,0.2,2
2,3,793,2,10,5,0,300,0.5,1700,0.5,2
2,4,840,1,0,300,0.5,1700,0.5,1
3,0,423,0,0,300,0.5,1700,0.5,2
3,1,944,1,0,500,0.6,1000,0.2,1400,0.2,0
3,2,648,1,0,500,0.6,1000,0.2,1400,0.2,2
3,3,589,2,10,5,0,300,0.5,1700,0.5,0
3,4,273,1,0,500,0.6,1000,0.2,1400,0.2,2
4,0,916,2,10,5,0,500,0.6,1000,0.2,1400,0.2,1
4,1,372,2,10,5,0,300,0.5,1700,0.5,1
4,2,504,0,0,300,0.5,1700,0.5,2
4,3,230,2,10,5,0,500,0.6,1000,0.2,1400,0.2,1
4,4,837,2,10,5,0,500,0.6,1000,0.2,1400,0.2,2
