0,0,261,2,10,5,0,300,0.5,1700,0.5,0
0,1,404,0,0,300,0.5,1700,0.5,1
0,2,738,1,0,500,0.6,1000,0.2,1400,0.2,2
0,3,795,1,0,500,0.6,1000,0.2,1400,0.2,1
0,4,192,1,0,500,0.6,1000,0.2,1400,0.2,2
1,0,714,2,10,5,0,500,0.6,1000,0.2,1400,0.2,0
1,1,12,0,0,500,0.6,1000,0.2,1400,0.2,0
1,2,84,0,0,500,0.6,1000,0.2,1400,0.2,1
1,3,790,2,10,5,0,300,0.5,1700,0.5,0
1,4,224,2,10,5,0,300,0.5,1700,0.5,0
2,0,915,2,10,5,0,300,0.5,1700,0.5,2
2,1,625,1,0,500,0.6,1000,0.2,1400,0.2,0
2,2,209,1,0,500,0.6,1000,0.2,1400,0.2,1
2,3,772,1,0,300,0.5,1700,0.5,2
2,4,504,0,0,500,0.6,1000,0.2,1400,0.2,0
3,0,454,2,10,5,0,300,0.5,1700,0.5,0
3,1,607,2,10,5,0,300,0.5,1700,0.5,0
3,2,37,1,0,500,0.6,1000,0.2,1400,0.2,1
3,3,345,0,0,300,0.5,1700,0.5,0
3,4,210,0,0,300,0.5,1700,0.5,2
4,0,674,0,0,300,0.5,1700,0.5,1
4,1,23,2,10,5,0,500,0.6,1000,0.2,1400,0.2,0
4,2,600,2,10,5,0,500,0.6,1000,0.2,1400,0.2,1
4,3,318,2,10,5,0,300,0.5,1700,0.5,1
4,4,902,1,0,500,0.6,1000,0.2,1400,0.2,2
