0,0,857,2,10,5,0,300,0.5,1700,0.5,2
0,1,391,0,0,300,0.5,1700,0.5,0
0,2,268,1,0,500,0.6,1000,0.2,1400,0.2,0
0,3,547,2,10,5,0,500,0.6,1000,0.2,1400,0.2,1
0,4,687,1,0,500,0.6,1000,0.2,1400,0.2,1
1,0,301,2,10,5,0,300,0.5,1700,0.5,2
1,1,151,2,10,5,0,500,0.6,1000,0.2,1400,0.2,1
1,2,190,0,0,300,0.5,1700,0.5,1
1,3,74,0,0,300,0.5,1700,0.5,1
1,4,862,0,0,500,0.6,1000,0.2,1400,0.2,0
2,0,877,1,0,500,0.6,1000,0.2,1400,0.2,0
2,1,364,1,0,300,0.5,1700,0.5,2
2,2,620,1,0,500,0.6,1000,0.2,1400,0.2,2
2,3,971,1,0,300,0.5,1700,0.5,1
2,4,288,2,10,5,0,500,0.6,1000,0.2,1400,0.2,2
3,0,742,1,0,300,0.5,1700,0.5,1
3,1,726,0,0,300,0.5,1700,0.5,2
3,2,354,0,0,500,0.6,1000,0.2,1400,0.2,0
3,3,886,2,10,5,0,300,0.5,1700,0.5,0
3,4,596,1,0,500,0.6,1000,0.2,1400,0.2,0
4,0,450,1,0,500,0.6,1000,0.2,1400,0.2,2
4,1,685,1,0,500,0.6,1000,0.2,1400,0.2,2
4,2,539,1,0,500,0.6,1000,0.2,1400,0.2,1
4,3,781,1,0,300,0.5,1700,0.5,2
4,4,519,2,10,5,0,500,0.6,1000,0.2,1400,0.2,2
