0,0,242,1,0,500,0.6,1000,0.2,1400,0.2,2
0,1,188,0,0,300,0.5,1700,0.5,2
0,2,891,0,0,300,0.5,1700,0.5,1
0,3,71,2,10,5,0,500,0.6,1000,0.2,1400,0.2,2
0,4,367,2,10,5,0,500,0.6,1000,0.2,1400,0.2,2
1,0,689,1,0,300,0.5,1700,0.5,1
1,1,798,0,0,500,0.6,1000,0.2,1400,0.2,2
1,2,275,1,0,300,0.5,1700,0.5,1
1,3,53,0,0,500,0.6,1000,0.2,1400,0.2,0
1,4,833,1,0,500,0.6,1000,0.2,1400,0.2,2
2,0,435,2,10,5,0,500,0.6,1000,0.2,1400,0.2,2
2,1,994,0,0,300,0.5,1700,0.5,2
2,2,781,0,0,300,0.5,1700,0.5,1
2,3,125,2,10,5,0,500,0.6,1000,0.2,1400,0.2,0
2,4,174,2,10,5,0,300,0.5,1700,0.5,1
3,0,345,2,10,5,0,300,0.5,1700,0.5,1
3,1,831,2,10,5,0,300,0.5,1700,0.5,1
3,2,721,0,0,500,0.6,1000,0.2,1400,0.2,1
3,3,83,2,10,5,0,500,0.6,1000,0.2,1400,0.2,1
3,4,698,1,0,300,0.5,1700,0.5,2
4,0,906,0,0,500,0.6,1000,0.2,1400,0.2,2
4,1,568,2,10,5,0,300,0.5,1700,0.5,1
4,2,809,2,10,5,0,500,0.6,1000,0.2,1400,0.2,2
4,3,575,2,10,5,0,500,0.6,1000,0.2,1400,0.2,1
4,4,743,0,0,500,0.6,1000,0.2,1400,0.2,2
