0,0,283,1,0,500,0.6,1000,0.2,1400,0.2,2
0,1,579,1,0,500,0.6,1000,0.2,1400,0.2,0
0,2,218,1,0,300,0.5,1700,0.5,2
0,3,108,0,0,300,0.5,1700,0.5,1
0,4,995,0,0,500,0.6,1000,0.2,1400,0.2,1
1,0,238,0,0,500,0.6,1000,0.2,1400,0.2,1
1,1,45,0,0,300,0.5,1700,0.5,1
1,2,18,2,10,5,0,300,0.5,1700,0.5,2
1,3,689,2,10,5,0,500,0.6,1000,0.2,1400,0.2,1
1,4,354,2,10,5,0,300,0.5,1700,0.5,1
2,0,953,1,0,500,0.6,1000,0.2,1400,0.2,2
2,1,493,2,10,5,0,500,0.6,1000,0.2,1400,0.2,2
2,2,820,0,0,500,0.6,1000,0.2,1400,0.2,1
2,3,842,0,0,500,0.6,1000,0.2,1400,0.2,1
2,4,989,2,10,5,0,500,0.6,1000,0.2,1400,0.2,0
3,0,733,2,10,5,0,300,0.5,1700,0.5,2
3,1,928,0,0,500,0.6,1000,0.2,1400,0.2,0
3,2,838,0,0,500,0.6,1000,0.2,1400,0.2,0
3,3,427,1,0,300,0.5,1700,0.5,2
3,4,511,0,0,500,0.6,1000,0.2,1400,0.2,2
4,0,377,1,0,300,0.5,1700,0.5,2
4,1,365,2,10,5,0,300,0.5,1700,0.5,0
4,2,868,2,10,5,0,500,0.6,1000,0.2,1400,0.2,2
4,3,941,0,0,300,0.5,1700,0.5,2
4,4,124,1,0,500,0.6,1000,0.2,1400,0.2,0
