0,0,869,1,0,300,0.5,1700,0.5,1
0,1,500,2,10,5,0,300,0.5,1700,0.5,2
0,2,789,0,0,500,0.6,1000,0.2,1400,0.2,1
0,3,224,1,0,500,0.6,1000,0.2,1400,0.2,1
0,4,42,2,10,5,0,300,0.5,1700,0.5,2
1,0,768,2,10,5,0,300,0.5,1700,0.5,2
1,1,975,2,10,5,0,500,0.6,1000,0.2,1400,0.2,2
1,2,817,0,0,300,0.5,1700,0.5,0
1,3,818,1,0,500,0.6,1000,0.2,1400,0.2,0
1,4,540,2,10,5,0,500,0.6,1000,0.2,1400,0.2,2
2,0,235,1,0,300,0.5,1700,0.5,2
2,1,935,2,10,5,0,300,0.5,1700,0.5,0
2,2,643,2,10,5,0,300,0.5,1700,0.5,1
2,3,803,0,0,300,0.5,1700,0.5,2
2,4,840,1,0,300,0.5,1700,0.5,0
3,0,681,2,10,5,0,300,0.5,1700,0.5,0
3,1,124,0,0,300,0.5,1700,0.5,0
3,2,996,2,10,5,0,300,0.5,1700,0.5,0
3,3,361,2,10,5,0,300,0.5,1700,0.5,0
3,4,635,1,0,300,0.5,1700,0.5,2
4,0,328,0,0,500,0.6,1000,0.2,1400,0.2,1
4,1,417,1,0,500,0.6,1000,0.2,1400,0.2,0
4,2,304,0,0,500,0.6,1000,0.2,1400,0.2,0
4,3,508,1,0,300,0.5,1700,0.5,2
4,4,403,2,10,5,0,500,0.6,1000,0.2,1400,0.2,2
