0,0,891,2,10,5,0,300,0.5,1700,0.5,2
0,1,461,1,0,300,0.5,1700,0.5,2
0,2,565,0,0,300,0.5,1700,0.5,2
0,3,440,2,10,5,0,500,0.6,1000,0.2,1400,0.2,1
0,4,644,2,10,5,0,300,0.5,1700,0.5,1
1,0,439,2,10,5,0,500,0.6,1000,0.2,1400,0.2,0
1,1,989,0,0,500,0.6,1000,0.2,1400,0.2,1
1,2,266,2,10,5,0,500,0.6,1000,0.2,1400,0.2,1
1,3,439,2,10,5,0,500,0.6,1000,0.2,1400,0.2,2
1,4,226,1,0,300,0.5,1700,0.5,0
2,0,34,1,0,300,0.5,1700,0.5,2
2,1,762,2,10,5,0,500,0.6,1000,0.2,1400,0.2,0
2,2,14,2,10,5,0,300,0.5,1700,0.5,1
2,3,780,1,0,500,0.6,1000,0.2,1400,0.2,0
2,4,398,2,10,5,0,300,0.5,1700,0.5,2
3,0,209,2,10,5,0,500,0.6,1000,0.2,1400,0.2,1
3,1,403,1,0,500,0.6,1000,0.2,1400,0.2,2
3,2,541,1,0,300,0.5,1700,0.5,2
3,3,500,1,0,300,0.5,1700,0.5,0
3,4,701,2,10,5,0,500,0.6,1000,0.2,1400,0.2,2
4,0,95,0,0,300,0.5,1700,0.5,0
4,1,234,0,0,500,0.6,1000,0.2,1400,0.2,0
4,2,707,1,0,500,0.6,1000,0.2,1400,0.2,0
4,3,216,0,0,300,0.5,1700,0.5,1
4,4,529,1,0,300,0.5,1700,0.5,2
