0,0,534,2,10,5,0,300,0.5,1700,0.5,1
0,1,457,1,0,500,0.6,1000,0.2,1400,0.2,1
0,2,518,2,10,5,0,300,0.5,1700,0.5,2
0,3,131,2,10,5,0,300,0.5,1700,0.5,1
0,4,818,0,0,500,0.6,1000,0.2,1400,0.2,1
1,0,797,2,10,5,0,300,0.5,1700,0.5,1
1,1,921,0,0,500,0.6,1000,0.2,1400,0.2,1
1,2,197,2,10,5,0,300,0.5,1700,0.5,1
1,3,894,2,10,5,0,300,0.5,1700,0.5,0
1,4,196,0,0,500,0.6,1000,0.2,1400,0.2,2
2,0,237,2,10,5,0,300,0.5,1700,0.5,0
2,1,36,2,10,5,0,300,0.5,1700,0.5,0
2,2,273,0,0,500,0.6,1000,0.2,1400,0.2,0
2,3,351,0,0,500,0.6,1000,0.2,1400,0.2,1
2,4,644,2,10,5,0,300,0.5,1700,0.5,0
3,0,769,0,0,500,0.6,1000,0.2,1400,0.2,0
3,1,880,0,0,300,0.5,1700,0.5,2
3,2,664,0,0,500,0.6,1000,0.2,1400,0.2,0
3,3,212,0,0,500,0.6,1000,0.2,1400,0.2,2
3,4,383,2,10,5,0,300,0.5,1700,0.5,1
4,0,921,0,0,500,0.6,1000,0.2,1400,0.2,2
4,1,681,0,0,300,0.5,1700,0.5,0
4,2,531,1,0,300,0.5,1700,0.5,0
4,3,794,0,0,500,0.6,1000,0.2,1400,0.2,2
4,4,869,0,0,500,0.6,1000,0.2,1400,0.2,1
