0,0,530,0,0,300,0.5,1700,0.5,0
0,1,474,0,0,500,0.6,1000,0.2,1400,0.2,2
0,2,231,1,0,500,0.6,1000,0.2,1400,0.2,1
0,3,642,1,0,500,0.6,1000,0.2,1400,0.2,2
0,4,390,0,0,500,0.6,1000,0.2,1400,0.2,0
1,0,81,0,0,300,0.5,1700,0.5,0
1,1,745,2,10,5,0,300,0.5,1700,0.5,0
1,2,49,2,10,5,0,500,0.6,1000,0.2,1400,0.2,0
1,3,21,2,10,5,0,300,0.5,1700,0.5,0
1,4,352,0,0,300,0.5,1700,0.5,0
2,0,11,1,0,500,0.6,1000,0.2,1400,0.2,1
2,1,139,1,0,500,0.6,1000,0.2,1400,0.2,1
2,2,953,2,10,5,0,300,0.5,1700,0.5,2
2,3,610,2,10,5,0,300,0.5,1700,0.5,2
2,4,412,1,0,300,0.5,1700,0.5,1
3,0,609,0,0,500,0.6,1000,0.2,1400,0.2,2
3,1,643,1,0,300,0.5,1700,0.5,1
3,2,994,1,0,500,0.6,1000,0.2,1400,0.2,1
3,3,496,2,10,5,0,300,0.5,1700,0.5,2
3,4,407,0,0,300,0.5,1700,0.5,1
4,0,519,0,0,500,0.6,1000,0.2,1400,0.2,0
4,1,951,1,0,300,0.5,1700,0.5,2
4,2,186,2,10,5,0,300,0.5,1700,0.5,2
4,3,855,1,0,500,0.6,1000,0.2,1400,0.2,0
4,4,312,2,10,5,0,300,0.5,1700,0.5,0
