0,0,233,1,0,300,0.5,1700,0.5,0
0,1,169,2,10,5,0,500,0.6,1000,0.2,1400,0.2,0
0,2,84,0,0,300,0.5,1700,0.5,0
0,3,629,2,10,5,0,300,0.5,1700,0.5,2
0,4,473,0,0,500,0.6,1000,0.2,1400,0.2,2
1,0,983,1,0,300,0.5,1700,0.5,2
1,1,121,1,0,500,0.6,1000,0.2,1400,0.2,2
1,2,651,2,10,5,0,500,0.6,1000,0.2,1400,0.2,0
1,3,609,0,0,500,0.6,1000,0.2,1400,0.2,0
1,4,989,0,0,300,0.5,1700,0.5,1
2,0,592,2,10,5,0,500,0.6,1000,0.2,1400,0.2,2
2,1,622,1,0,500,0.6,1000,0.2,1400,0.2,1
2,2,840,1,0,300,0.5,1700,0.5,1
2,3,633,1,0,300,0.5,1700,0.5,1
2,4,661,1,0,300,0.5,1700,0.5,0
3,0,24,1,0,500,0.6,1000,0.2,1400,0.2,2
3,1,728,0,0,300,0.5,1700,0.5,1
3,2,131,1,0,300,0.5,1700,0.5,2
3,3,54,2,10,5,0,500,0.6,1000,0.2,1400,0.2,0
3,4,16,2,10,5,0,500,0.6,1000,0.2,1400,0.2,0
4,0,902,1,0,300,0.5,1700,0.5,1
4,1,883,1,0,500,0.6,1000,0.2,1400,0.2,2
4,2,411,1,0,300,0.5,1700,0.5,0
4,3,645,2,10,5,0,300,0.5,1700,0.5,1
4,4,147,1,0,300,0.5,1700,0.5,0
