0,0,342,2,10,5,0,300,0.5,1700,0.5,2
0,1,754,2,10,5,0,500,0.6,1000,0.2,1400,0.2,2
0,2,842,2,10,5,0,300,0.5,1700,0.5,0
0,3,356,1,0,300,0.5,1700,0.5,2
0,4,467,1,0,500,0.6,1000,0.2,1400,0.2,0
1,0,267,0,0,500,0.6,1000,0.2,1400,0.2,2
1,1,671,2,10,5,0,500,0.6,1000,0.2,1400,0.2,0
1,2,623,1,0,500,0.6,1000,0.2,1400,0.2,1
1,3,430,0,0,300,0.5,1700,0.5,1
1,4,679,2,10,5,0,300,0.5,1700,0.5,2
2,0,870,1,0,500,0.6,1000,0.2,1400,0.2,1
2,1,978,1,0,500,0.6,1000,0.2,1400,0.2,2
2,2,541,1,0,300,0.5,1700,0.5,0
2,3,544,0,0,300,0.5,1700,0.5,1
2,4,627,1,0,300,0.5,1700,0.5,0
3,0,280,1,0,300,0.5,1700,0.5,2
3,1,456,1,0,300,0.5,1700,0.5,2
3,2,870,2,10,5,0,300,0.5,1700,0.5,2
3,3,57,1,0,500,0.6,1000,0.2,1400,0.2,2
3,4,365,2,10,5,0,300,0.5,1700,0.5,0
4,0,196,2,10,5,0,500,0.6,1000,0.2,1400,0.2,1
4,1,23,1,0,300,0.5,1700,0.5,2
4,2,330,1,0,300,0.5,1700,0.5,0
4,3,834,0,0,300,0.5,1700,0.5,0
4,4,367,0,0,500,0.6,1000,0.2,1400,0.2,0
