0,0,509,2,10,5,0,300,0.5,1700,0.5,0
0,1,640,0,0,300,0.5,1700,0.5,1
0,2,641,2,10,5,0,300,0.5,1700,0.5,2
0,3,594,0,0,500,0.6,1000,0.2,1400,0.2,1
0,4,455,1,0,500,0.6,1000,0.2,1400,0.2,2
1,0,912,2,10,5,0,300,0.5,1700,0.5,0
1,1,359,2,10,5,0,300,0.5,1700,0.5,1
1,2,344,1,0,500,0.6,1000,0.2,1400,0.2,0
1,3,448,2,10,5,0,300,0.5,1700,0.5,2
1,4,985,1,0,300,0.5,1700,0.5,0
2,0,782,0,0,500,0.6,1000,0.2,1400,0.2,0
2,1,273,2,10,5,0,500,0.6,1000,0.2,1400,0.2,1
2,2,350,0,0,500,0.6,1000,0.2,1400,0.2,2
2,3,27,2,10,5,0,500,0.6,1000,0.2,1400,0.2,0
2,4,194,2,10,5,0,500,0.6,1000,0.2,1400,0.2,2
3,0,546,0,0,500,0.6,1000,0.2,1400,0.2,0
3,1,362,2,10,5,0,500,0.6,1000,0.2,1400,0.2,1
3,2,84,1,0,500,0.6,1000,0.2,1400,0.2,2
3,3,95,2,10,5,0,500,0.6,1000,0.2,1400,0.2,1
3,4,125,2,10,5,0,500,0.6,1000,0.2,1400,0.2,1
4,0,690,0,0,500,0.6,1000,0.2,1400,0.2,2
4,1,190,1,0,500,0.6,1000,0.2,1400,0.2,2
4,2,138,1,0,300,0.5,1700,0.5,2
4,3,394,2,10,5,0,300,0.5,1700,0.5,1
4,4,359,0,0,300,0.5,1700,0.5,1
