0,0,555,2,10,5,0,300,0.5,1700,0.5,0
0,1,415,2,10,5,0,500,0.6,1000,0.2,1400,0.2,1
0,2,302,2,10,5,0,500,0.6,1000,0.2,1400,0.2,2
0,3,561,2,10,5,0,500,0.6,1000,0.2,1400,0.2,0
0,4,810,0,0,300,0.5,1700,0.5,1
1,0,436,2,10,5,0,300,0.5,1700,0.5,1
1,1,510,0,0,500,0.6,1000,0.2,1400,0.2,2
1,2,99,1,0,300,0.5,1700,0.5,0
1,3,340,1,0,300,0.5,1700,0.5,0
1,4,417,1,0,500,0.6,1000,0.2,1400,0.2,2
2,0,256,1,0,500,0.6,1000,0.2,1400,0.2,2
2,1,402,1,0,500,0.6,1000,0.2,1400,0.2,2
2,2,471,0,0,300,0.5,1700,0.5,2
2,3,977,0,0,500,0.6,1000,0.2,1400,0.2,1
2,4,60,0,0,300,0.5,1700,0.5,0
3,0,149,1,0,500,0.6,1000,0.2,1400,0.2,0
3,1,312,0,0,500,0.6,1000,0.2,1400,0.2,0
3,2,661,2,10,5,0,500,0.6,1000,0.2,1400,0.2,1
3,3,301,0,0,300,0.5,1700,0.5,2
3,4,548,2,10,5,0,500,0.6,1000,0.2,1400,0.2,0
4,0,100,2,10,5,0,500,0.6,1000,0.2,1400,0.2,1
4,1,971,1,0,500,0.6,1000,0.2,1400,0.2,1
4,2,610,0,0,300,0.5,1700,0.5,1
4,3,639,2,10,5,0,300,0.5,1700,0.5,1
4,4,214,0,0,300,0.5,1700,0.5,2
