0,0,147,0,0,500,0.6,1000,0.2,1400,0.2,2
0,1,832,1,0,500,0.6,1000,0.2,1400,0.2,0
0,2,677,0,0,500,0.6,1000,0.2,1400,0.2,0
0,3,218,2,10,5,0,500,0.6,1000,0.2,1400,0.2,1
0,4,451,0,0,300,0.5,1700,0.5,0
1,0,845,1,0,300,0.5,1700,0.5,1
1,1,900,0,0,500,0.6,1000,0.2,1400,0.2,2
1,2,943,2,10,5,0,300,0.5,1700,0.5,1
1,3,716,1,0,300,0.5,1700,0.5,1
1,4,903,0,0,500,0.6,1000,0.2,1400,0.2,0
2,0,295,0,0,300,0.5,1700,0.5,1
2,1,268,2,10,5,0,300,0.5,1700,0.5,0
2,2,33,1,0,300,0.5,1700,0.5,2
2,3,976,0,0,300,0.5,1700,0.5,0
2,4,493,2,10,5,0,300,0.5,1700,0.5,1
3,0,927,1,0,500,0.6,1000,0.2,1400,0.2,1
3,1,677,0,0,500,0.6,1000,0.2,1400,0.2,0
3,2,55,0,0,500,0.6,1000,0.2,1400,0.2,1
3,3,517,0,0,300,0.5,1700,0.5,1
3,4,361,0,0,500,0.6,1000,0.2,1400,0.2,0
4,0,114,0,0,300,0.5,1700,0.5,0
4,1,80,1,0,500,0.6,1000,0.2,1400,0.2,0
4,2,552,1,0,300,0.5,1700,0.5,1
4,3,629,0,0,500,0.6,1000,0.2,1400,0.2,2
4,4,192,1,0,300,0.5,1700,0.5,2
