0,0,833,1,0,500,0.6,1000,0.2,1400,0.2,1
0,1,339,0,0,300,0.5,1700,0.5,1
0,2,992,1,0,300,0.5,1700,0.5,1
0,3,900,0,0,500,0.6,1000,0.2,1400,0.2,2
0,4,251,1,0,300,0.5,1700,0.5,0
1,0,66,0,0,500,0.6,1000,0.2,1400,0.2,1
1,1,685,0,0,300,0.5,1700,0.5,2
1,2,325,2,10,5,0,300,0.5,1700,0.5,2
1,3,986,0,0,500,0.6,1000,0.2,1400,0.2,1
1,4,662,1,0,500,0.6,1000,0.2,1400,0.2,0
2,0,139,0,0,500,0.6,1000,0.2,1400,0.2,1
2,1,691,1,0,500,0.6,1000,0.2,1400,0.2,1
2,2,750,1,0,500,0.6,1000,0.2,1400,0.2,1
2,3,365,2,10,5,0,300,0.5,1700,0.5,0
2,4,215,0,0,300,0.5,1700,0.5,0
3,0,366,2,10,5,0,500,0.6,1000,0.2,1400,0.2,2
3,1,870,0,0,500,0.6,1000,0.2,1400,0.2,0
3,2,360,1,0,300,0.5,1700,0.5,0
3,3,944,1,0,500,0.6,1000,0.2,1400,0.2,0
3,4,622,0,0,300,0.5,1700,0.5,1
4,0,398,2,10,5,0,300,0.5,1700,0.5,0
4,1,680,2,10,5,0,300,0.5,1700,0.5,2
4,2,369,1,0,300,0.5,1700,0.5,1
4,3,641,2,10,5,0,500,0.6,1000,0.2,1400,0.2,1
4,4,122,2,10,5,0,500,0.6,1000,0.2,1400,0.2,1
