0,0,28,0,0,500,0.6,1000,0.2,1400,0.2,1
0,1,317,2,10,5,0,300,0.5,1700,0.5,2
0,2,763,2,10,5,0,500,0.6,1000,0.2,1400,0.2,2
0,3,17,1,0,300,0.5,1700,0.5,1
0,4,520,1,0,300,0.5,1700,0.5,2
1,0,841,0,0,300,0.5,1700,0.5,1
1,1,136,1,0,500,0.6,1000,0.2,1400,0.2,2
1,2,640,1,0,500,0.6,1000,0.2,1400,0.2,1
1,3,93,0,0,300,0.5,1700,0.5,2
1,4,862,0,0,300,0.5,1700,0.5,1
2,0,123,0,0,300,0.5,1700,0.5,2
2,1,581,0,0,500,0.6,1000,0.2,1400,0.2,1
2,2,984,0,0,500,0.6,1000,0.2,1400,0.2,2
2,3,630,1,0,300,0.5,1700,0.5,1
2,4,450,0,0,300,0.5,1700,0.5,0
3,0,530,1,0,300,0.5,1700,0.5,1
3,1,650,0,0,500,0.6,1000,0.2,1400,0.2,1
3,2,748,1,0,500,0.6,1000,0.2,1400,0.2,1
3,3,432,2,10,5,0,500,0.6,1000,0.2,1400,0.2,0
3,4,837,1,0,500,0.6,1000,0.2,1400,0.2,2
4,0,237,2,10,5,0,500,0.6,1000,0.2,1400,0.2,0
4,1,503,2,10,5,0,500,0.6,1000,0.2,1400,0.2,0
4,2,839,2,10,5,0,500,0.6,1000,0.2,1400,0.2,1
4,3,487,0,0,300,0.5,1700,0.5,1
4,4,915,1,0,500,0.6,1000,0.2,1400,0.2,1
