0,0,85,2,10,5,0,300,0.5,1700,0.5,2
0,1,766,0,0,300,0.5,1700,0.5,2
0,2,93,2,10,5,0,500,0.6,1000,0.2,1400,0.2,1
0,3,24,0,0,300,0.5,1700,0.5,0
0,4,323,1,0,500,0.6,1000,0.2,1400,0.2,2
1,0,157,1,0,500,0.6,1000,0.2,1400,0.2,2
1,1,885,2,10,5,0,500,0.6,1000,0.2,1400,0.2,0
1,2,685,2,10,5,0,500,0.6,1000,0.2,1400,0.2,0
1,3,298,2,10,5,0,300,0.5,1700,0.5,2
1,4,535,1,0,300,0.5,1700,0.5,2
2,0,255,2,10,5,0,500,0.6,1000,0.2,1400,0.2,1
2,1,333,1,0,300,0.5,1700,0.5,1
2,2,458,0,0,500,0.6,1000,0.2,1400,0.2,0
2,3,16,2,10,5,0,500,0.6,1000,0.2,1400,0.2,2
2,4,252,2,10,5,0,300,0.5,1700,0.5,2
3,0,708,0,0,500,0.6,1000,0.2,1400,0.2,1
3,1,124,0,0,300,0.5,1700,0.5,2
3,2,629,2,10,5,0,300,0.5,1700,0.5,0
3,3,371,1,0,300,0.5,1700,0.5,1
3,4,771,2,10,5,0,300,0.5,1700,0.5,2
4,0,940,1,0,500,0.6,1000,0.2,1400,0.2,0
4,1,40,2,10,5,0,500,0.6,1000,0.2,1400,0.2,0
4,2,841,2,10,5,0,300,0.5,1700,0.5,1
4,3,555,0,0,500,0.6,1000,0.2,1400,0.2,0
4,4,425,0,0,500,0.6,1000,0.2,1400,0.2,0
