0,0,520,2,10,5,0,500,0.6,1000,0.2,1400,0.2,0
0,1,153,2,10,5,0,300,0.5,1700,0.5,0
0,2,106,0,0,300,0.5,1700,0.5,1
0,3,924,2,10,5,0,500,0.6,1000,0.2,1400,0.2,0
0,4,730,1,0,300,0.5,1700,0.5,1
1,0,589,1,0,300,0.5,1700,0.5,1
1,1,423,0,0,500,0.6,1000,0.2,1400,0.2,2
1,2,711,1,0,500,0.6,1000,0.2,1400,0.2,1
1,3,77,2,10,5,0,500,0.6,1000,0.2,1400,0.2,1
1,4,727,2,10,5,0,500,0.6,1000,0.2,1400,0.2,2
2,0,936,2,10,5,0,300,0.5,1700,0.5,2
2,1,752,0,0,300,0.5,1700,0.5,0
2,2,607,0,0,500,0.6,1000,0.2,1400,0.2,0
2,3,326,1,0,500,0.6,1000,0.2,1400,0.2,0
2,4,42,2,10,5,0,300,0.5,1700,0.5,2
3,0,235,0,0,500,0.6,1000,0.2,1400,0.2,1
3,1,386,0,0,300,0.5,1700,0.5,1
3,2,694,2,10,5,0,300,0.5,1700,0.5,2
3,3,307,2,10,5,0,500,0.6,1000,0.2,1400,0.2,1
3,4,111,1,0,500,0.6,1000,0.2,1400,0.2,0
4,0,27,1,0,500,0.6,1000,0.2,1400,0.2,1
4,1,164,1,0,500,0.6,1000,0.2,1400,0.2,1
4,2,682,2,10,5,0,300,0.5,1700,0.5,2
4,3,20,2,10,5,0,300,0.5,1700,0.5,2
4,4,347,1,0,300,0.5,1700,0.5,2
