0,0,515,2,10,5,0,500,0.6,1000,0.2,1400,0.2,0
0,1,310,0,0,300,0.5,1700,0.5,2
0,2,388,1,0,300,0.5,1700,0.5,0
0,3,426,0,0,500,0.6,1000,0.2,1400,0.2,1
0,4,597,2,10,5,0,500,0.6,1000,0.2,1400,0.2,2
1,0,788,1,0,500,0.6,1000,0.2,1400,0.2,2
1,1,336,2,10,5,0,500,0.6,1000,0.2,1400,0.2,2
1,2,566,0,0,500,0.6,1000,0.2,1400,0.2,1
1,3,521,1,0,500,0.6,1000,0.2,1400,0.2,1
1,4,491,0,0,500,0.6,1000,0.2,1400,0.2,1
2,0,998,0,0,300,0.5,1700,0.5,1
2,1,521,2,10,5,0,300,0.5,1700,0.5,1
2,2,468,1,0,500,0.6,1000,0.2,1400,0.2,1
2,3,920,1,0,300,0.5,1700,0.5,2
2,4,775,1,0,500,0.6,1000,0.2,1400,0.2,2
3,0,533,0,0,300,0.5,1700,0.5,1
3,1,38,0,0,300,0.5,1700,0.5,2
3,2,414,2,10,5,0,300,0.5,1700,0.5,2
3,3,531,1,0,300,0.5,1700,0.5,2
3,4,468,0,0,300,0.5,1700,0.5,1
4,0,200,1,0,500,0.6,1000,0.2,1400,0.2,2
4,1,685,0,0,500,0.6,1000,0.2,1400,0.2,1
4,2,905,2,10,5,0,500,0.6,1000,0.2,1400,0.2,1
4,3,699,1,0,500,0.6,1000,0.2,1400,0.2,1
4,4,65,1,0,500,0.6,1000,0.2,1400,0.2,2
