0,0,568,2,10,5,0,300,0.5,1700,0.5,2
0,1,557,0,0,500,0.6,1000,0.2,1400,0.2,1
0,2,101,2,10,5,0,500,0.6,1000,0.2,1400,0.2,2
0,3,592,1,0,500,0.6,1000,0.2,1400,0.2,1
0,4,623,2,10,5,0,300,0.5,1700,0.5,1
1,0,998,2,10,5,0,500,0.6,1000,0.2,1400,0.2,1
1,1,100,2,10,5,0,500,0.6,1000,0.2,1400,0.2,0
1,2,935,1,0,300,0.5,1700,0.5,0
1,3,73,2,10,5,0,300,0.5,1700,0.5,0
1,4,290,0,0,500,0.6,1000,0.2,1400,0.2,1
2,0,588,2,10,5,0,300,0.5,1700,0.5,1
2,1,661,2,10,5,0,300,0.5,1700,0.5,1
2,2,720,1,0,500,0.6,1000,0.2,1400,0.2,0
2,3,401,1,0,300,0.5,1700,0.5,1
2,4,533,0,0,500,0.6,1000,0.2,1400,0.2,0
3,0,598,0,0,500,0.6,1000,0.2,1400,0.2,0
3,1,872,1,0,500,0.6,1000,0.2,1400,0.2,2
3,2,773,0,0,500,0.6,1000,0.2,1400,0.2,2
3,3,712,1,0,300,0.5,1700,0.5,2
3,4,118,1,0,300,0.5,1700,0.5,1
4,0,944,2,10,5,0,500,0.6,1000,0.2,1400,0.2,0
4,1,853,0,0,300,0.5,1700,0.5,0
4,2,647,0,0,300,0.5,1700,0.5,1
4,3,85,0,0,500,0.6,1000,0.2,1400,0.2,0
4,4,49,0,0,300,0.5,1700,0.5,2
