0,0,611,0,0,300,0.5,1700,0.5,0
0,1,539,0,0,300,0.5,1700,0.5,0
0,2,79,0,0,300,0.5,1700,0.5,0
0,3,13,2,10,5,0,300,0.5,1700,0.5,1
0,4,69,0,0,500,0.6,1000,0.2,1400,0.2,0
1,0,267,1,0,300,0.5,1700,0.5,0
1,1,106,2,10,5,0,500,0.6,1000,0.2,1400,0.2,0
1,2,155,0,0,300,0.5,1700,0.5,0
1,3,617,2,10,5,0,300,0.5,1700,0.5,1
1,4,603,2,10,5,0,300,0.5,1700,0.5,1
2,0,863,0,0,300,0.5,1700,0.5,2
2,1,500,1,0,500,0.6,1000,0.2,1400,0.2,2
2,2,89,0,0,500,0.6,1000,0.2,1400,0.2,1
2,3,53,0,0,300,0.5,1700,0.5,2
2,4,136,1,0,300,0.5,1700,0.5,1
3,0,786,2,10,5,0,500,0.6,1000,0.2,1400,0.2,2
3,1,599,0,0,300,0.5,1700,0.5,0
3,2,437,2,10,5,0,300,0.5,1700,0.5,2
3,3,328,2,10,5,0,500,0.6,1000,0.2,1400,0.2,2
3,4,379,1,0,300,0.5,1700,0.5,0
4,0,203,0,0,300,0.5,1700,0.5,0
4,1,329,0,0,300,0.5,1700,0.5,2
4,2,740,1,0,300,0.5,1700,0.5,0
4,3,27,0,0,300,0.5,1700,0.5,0
4,4,690,0,0,300,0.5,1700,0.5,0
