0,0,274,1,0,300,0.5,1700,0.5,1
0,1,235,0,0,300,0.5,1700,0.5,1
0,2,845,1,0,300,0.5,1700,0.5,2
0,3,289,2,10,5,0,500,0.6,1000,0.2,1400,0.2,0
0,4,430,1,0,300,0.5,1700,0.5,2
1,0,623,0,0,300,0.5,1700,0.5,2
1,1,225,2,10,5,0,300,0.5,1700,0.5,2
1,2,173,2,10,5,0,500,0.6,1000,0.2,1400,0.2,2
1,3,805,0,0,500,0.6,1000,0.2,1400,0.2,0
1,4,834,2,10,5,0,500,0.6,1000,0.2,1400,0.2,0
2,0,152,2,10,5,0,500,0.6,1000,0.2,1400,0.2,2
2,1,145,0,0,500,0.6,1000,0.2,1400,0.2,1
2,2,262,1,0,300,0.5,1700,0.5,0
2,3,897,1,0,300,0.5,1700,0.5,2
2,4,796,2,10,5,0,300,0.5,1700,0.5,1
3,0,807,2,10,5,0,500,0.6,1000,0.2,1400,0.2,0
3,1,731,0,0,500,0.6,1000,0.2,1400,0.2,0
3,2,420,0,0,300,0.5,1700,0.5,0
3,3,736,1,0,500,0.6,1000,0.2,1400,0.2,1
3,4,532,2,10,5,0,500,0.6,1000,0.2,1400,0.2,2
4,0,165,2,10,5,0,300,0.5,1700,0.5,2
4,1,462,1,0,300,0.5,1700,0.5,1
4,2,539,1,0,300,0.5,1700,0.5,2
4,3,83,0,0,500,0.6,1000,0.2,1400,0.2,2
4,4,375,0,0,500,0.6,1000,0.2,1400,0.2,1
