0,0,617,0,0,500,0.6,1000,0.2,1400,0.2,2
0,1,287,1,0,300,0.5,1700,0.5,0
0,2,531,1,0,500,0.6,1000,0.2,1400,0.2,1
0,3,528,2,10,5,0,300,0.5,1700,0.5,0
0,4,601,2,10,5,0,300,0.5,1700,0.5,2
1,0,511,0,0,300,0.5,1700,0.5,1
1,1,744,1,0,500,0.6,1000,0.2,1400,0.2,2
1,2,840,2,10,5,0,500,0.6,1000,0.2,1400,0.2,0
1,3,707,2,10,5,0,300,0.5,1700,0.5,1
1,4,17,1,0,300,0.5,1700,0.5,1
2,0,330,1,0,500,0.6,1000,0.2,1400,0.2,2
2,1,720,1,0,300,0.5,1700,0.5,2
2,2,502,2,10,5,0,500,0.6,1000,0.2,1400,0.2,2
2,3,188,0,0,500,0.6,1000,0.2,1400,0.2,1
2,4,271,1,0,500,0.6,1000,0.2,1400,0.2,2
3,0,790,2,10,5,0,500,0.6,1000,0.2,1400,0.2,1
3,1,776,1,0,300,0.5,1700,0.5,1
3,2,975,0,0,300,0.5,1700,0.5,1
3,3,245,2,10,5,0,300,0.5,1700,0.5,2
3,4,335,2,10,5,0,500,0.6,1000,0.2,1400,0.2,2
4,0,346,1,0,300,0.5,1700,0.5,0
4,1,384,0,0,300,0.5,1700,0.5,0
4,2,852,0,0,300,0.5,1700,0.5,2
4,3,537,1,0,300,0.5,1700,0.5,1
4,4,166,1,0,300,0.5,1700,0.5,2
