0,0,723,1,0,500,0.6,1000,0.2,1400,0.2,2
0,1,199,1,0,500,0.6,1000,0.2,1400,0.2,2
0,2,481,2,10,5,0,500,0.6,1000,0.2,1400,0.2,0
0,3,643,0,0,500,0.6,1000,0.2,1400,0.2,0
0,4,310,1,0,300,0.5,1700,0.5,1
0,5,945,0,0,300,0.5,1700,0.5,0
0,6,275,2,10,5,0,500,0.6,1000,0.2,1400,0.2,2
0,7,280,1,0,300,0.5,1700,0.5,2
0,8,510,2,10,5,0,500,0.6,1000,0.2,1400,0.2,1
0,9,714,0,0,500,0.6,1000,0.2,1400,0.2,1
0,10,992,2,10,5,0,500,0.6,1000,0.2,1400,0.2,2
0,11,625,2,10,5,0,500,0.6,1000,0.2,1400,0.2,0
0,12,841,2,10,5,0,500,0.6,1000,0.2,1400,0.2,2
0,13,757,2,10,5,0,300,0.5,1700,0.5,0
0,14,950,0,0,300,0.5,1700,0.5,0
0,15,583,2,10,5,0,300,0.5,1700,0.5,1
0,16,685,1,0,300,0.5,1700,0.5,2
0,17,693,2,10,5,0,300,0.5,1700,0.5,1
0,18,153,2,10,5,0,500,0.6,1000,0.2,1400,0.2,0
0,19,717,0,0,300,0.5,1700,0.5,0
1,0,415,1,0,300,0.5,1700,0.5,0
1,1,429,2,10,5,0,300,0.5,1700,0.5,2
1,2,190,2,10,5,0,300,0.5,1700,0.5,2
1,3,506,1,0,300,0.5,1700,0.5,2
1,4,980,2,10,5,0,300,0.5,1700,0.5,0
1,5,998,0,0,300,0.5,1700,0.5,0
1,6,990,2,10,5,0,300,0.5,1700,0.5,0
1,7,969,0,0,500,0.6,1000,0.2,1400,0.2,0
1,8,280,0,0,500,0.6,1000,0.2,1400,0.2,2
1,9,518,1,0,500,0.6,1000,0.2,1400,0.2,2
1,10,360,1,0,500,0.6,1000,0.2,1400,0.2,0
1,11,474,2,10,5,0,300,0.5,1700,0.5,0
1,12,899,0,0,500,0.6,1000,0.2,1400,0.2,0
1,13,949,1,0,300,0.5,1700,0.5,1
1,14,130,0,0,300,0.5,1700,0.5,1
1,15,92,2,10,5,0,500,0.6,1000,0.2,1400,0.2,1
1,16,846,1,0,500,0.6,1000,0.2,1400,0.2,0
1,17,145,1,0,300,0.5,1700,0.5,0
1,18,359,2,10,5,0,300,0.5,1700,0.5,2
1,19,619,2,10,5,0,500,0.6,1000,0.2,1400,0.2,1
2,0,290,0,0,300,0.5,1700,0.5,1
2,1,243,0,0,500,0.6,1000,0.2,1400,0.2,0
2,2,50,1,0,500,0.6,1000,0.2,1400,0.2,2
2,3,339,1,0,500,0.6,1000,0.2,1400,0.2,2
2,4,853,0,0,300,0.5,1700,0.5,0
2,5,529,0,0,500,0.6,1000,0.2,1400,0.2,2
2,6,917,1,0,500,0.6,1000,0.2,1400,0.2,1
2,7,757,0,0,500,0.6,1000,0.2,1400,0.2,1
2,8,130,0,0,500,0.6,1000,0.2,1400,0.2,0
2,9,908,1,0,300,0.5,1700,0.5,1
2,10,882,2,10,5,0,300,0.5,1700,0.5,0
2,11,375,2,10,5,0,300,0.5,1700,0.5,0
2,12,138,2,10,5,0,500,0.6,1000,0.2,1400,0.2,1
2,13,344,0,0,500,0.6,1000,0.2,1400,0.2,1
2,14,495,2,10,5,0,300,0.5,1700,0.5,1
2,15,94,2,10,5,0,300,0.5,1700,0.5,2
2,16,368,2,10,5,0,300,0.5,1700,0.5,2
2,17,139,1,0,300,0.5,1700,0.5,0
2,18,114,2,10,5,0,300,0.5,1700,0.5,0
2,19,144,1,0,500,0.6,1000,0.2,1400,0.2,0
3,0,620,1,0,300,0.5,1700,0.5,1
3,1,62,0,0,500,0.6,1000,0.2,1400,0.2,2
3,2,160,1,0,300,0.5,1700,0.5,0
3,3,750,1,0,300,0.5,1700,0.5,2
3,4,628,0,0,300,0.5,1700,0.5,0
3,5,984,2,10,5,0,500,0.6,1000,0.2,1400,0.2,1
3,6,452,2,10,5,0,300,0.5,1700,0.5,2
3,7,785,0,0,500,0.6,1000,0.2,1400,0.2,1
3,8,636,2,10,5,0,500,0.6,1000,0.2,1400,0.2,0
3,9,689,0,0,500,0.6,1000,0.2,1400,0.2,0
3,10,732,2,10,5,0,300,0.5,1700,0.5,0
3,11,922,0,0,300,0.5,1700,0.5,0
3,12,972,2,10,5,0,300,0.5,1700,0.5,1
3,13,752,1,0,300,0.5,1700,0.5,1
3,14,945,2,10,5,0,500,0.6,1000,0.2,1400,0.2,2
3,15,367,1,0,500,0.6,1000,0.2,1400,0.2,1
3,16,705,2,10,5,0,500,0.6,1000,0.2,1400,0.2,2
3,17,681,0,0,300,0.5,1700,0.5,2
3,18,273,1,0,300,0.5,1700,0.5,0
3,19,964,2,10,5,0,500,0.6,1000,0.2,1400,0.2,1
4,0,452,0,0,300,0.5,1700,0.5,2
4,1,998,2,10,5,0,500,0.6,1000,0.2,1400,0.2,1
4,2,491,0,0,500,0.6,1000,0.2,1400,0.2,2
4,3,900,2,10,5,0,500,0.6,1000,0.2,1400,0.2,0
4,4,568,0,0,300,0.5,1700,0.5,0
4,5,503,0,0,300,0.5,1700,0.5,0
4,6,621,0,0,500,0.6,1000,0.2,1400,0.2,0
4,7,391,0,0,300,0.5,1700,0.5,2
4,8,619,0,0,300,0.5,1700,0.5,1
4,9,366,0,0,300,0.5,1700,0.5,1
4,10,445,1,0,500,0.6,1000,0.2,1400,0.2,1
4,11,309,0,0,500,0.6,1000,0.2,1400,0.2,1
4,12,583,2,10,5,0,500,0.6,1000,0.2,1400,0.2,1
4,13,940,2,10,5,0,300,0.5,1700,0.5,1
4,14,950,1,0,300,0.5,1700,0.5,1
4,15,789,0,0,500,0.6,1000,0.2,1400,0.2,1
4,16,521,1,0,300,0.5,1700,0.5,1
4,17,63,2,10,5,0,300,0.5,1700,0.5,2
4,18,414,2,10,5,0,500,0.6,1000,0.2,1400,0.2,0
4,19,737,0,0,500,0.6,1000,0.2,1400,0.2,0
5,0,48,2,10,5,0,500,0.6,1000,0.2,1400,0.2,1
5,1,459,1,0,300,0.5,1700,0.5,1
5,2,328,2,10,5,0,500,0.6,1000,0.2,1400,0.2,1
5,3,706,0,0,300,0.5,1700,0.5,1
5,4,818,2,10,5,0,300,0.5,1700,0.5,2
5,5,747,0,0,500,0.6,1000,0.2,1400,0.2,0
5,6,520,1,0,300,0.5,1700,0.5,2
5,7,582,0,0,300,0.5,1700,0.5,2
5,8,585,0,0,500,0.6,1000,0.2,1400,0.2,2
5,9,865,0,0,300,0.5,1700,0.5,0
5,10,490,1,0,500,0.6,1000,0.2,1400,0.2,1
5,11,156,1,0,300,0.5,1700,0.5,0
5,12,912,1,0,300,0.5,1700,0.5,0
5,13,385,1,0,500,0.6,1000,0.2,1400,0.2,2
5,14,456,0,0,500,0.6,1000,0.2,1400,0.2,2
5,15,787,2,10,5,0,300,0.5,1700,0.5,2
5,16,404,1,0,300,0.5,1700,0.5,1
5,17,647,1,0,300,0.5,1700,0.5,1
5,18,916,1,0,300,0.5,1700,0.5,1
5,19,101,0,0,300,0.5,1700,0.5,1
6,0,901,1,0,300,0.5,1700,0.5,0
6,1,957,1,0,500,0.6,1000,0.2,1400,0.2,0
6,2,888,0,0,500,0.6,1000,0.2,1400,0.2,2
6,3,208,1,0,500,0.6,1000,0.2,1400,0.2,0
6,4,261,2,10,5,0,500,0.6,1000,0.2,1400,0.2,0
6,5,960,2,10,5,0,500,0.6,1000,0.2,1400,0.2,0
6,6,891,1,0,300,0.5,1700,0.5,2
6,7,329,1,0,300,0.5,1700,0.5,2
6,8,974,0,0,300,0.5,1700,0.5,2
6,9,999,2,10,5,0,300,0.5,1700,0.5,0
6,10,658,2,10,5,0,500,0.6,1000,0.2,1400,0.2,1
6,11,188,2,10,5,0,300,0.5,1700,0.5,0
6,12,675,2,10,5,0,300,0.5,1700,0.5,2
6,13,447,0,0,500,0.6,1000,0.2,1400,0.2,0
6,14,109,2,10,5,0,500,0.6,1000,0.2,1400,0.2,0
6,15,210,2,10,5,0,300,0.5,1700,0.5,0
6,16,961,2,10,5,0,300,0.5,1700,0.5,0
6,17,516,1,0,300,0.5,1700,0.5,0
6,18,158,2,10,5,0,500,0.6,1000,0.2,1400,0.2,1
6,19,832,1,0,500,0.6,1000,0.2,1400,0.2,0
7,0,159,1,0,300,0.5,1700,0.5,1
7,1,501,0,0,300,0.5,1700,0.5,2
7,2,913,0,0,300,0.5,1700,0.5,2
7,3,997,1,0,300,0.5,1700,0.5,2
7,4,561,2,10,5,0,300,0.5,1700,0.5,1
7,5,870,0,0,500,0.6,1000,0.2,1400,0.2,0
7,6,700,2,10,5,0,500,0.6,1000,0.2,1400,0.2,0
7,7,693,1,0,300,0.5,1700,0.5,2
7,8,846,2,10,5,0,300,0.5,1700,0.5,2
7,9,417,0,0,500,0.6,1000,0.2,1400,0.2,0
7,10,230,2,10,5,0,300,0.5,1700,0.5,1
7,11,319,1,0,300,0.5,1700,0.5,0
7,12,316,0,0,300,0.5,1700,0.5,1
7,13,400,1,0,500,0.6,1000,0.2,1400,0.2,2
7,14,10,2,10,5,0,500,0.6,1000,0.2,1400,0.2,1
7,15,465,0,0,300,0.5,1700,0.5,2
7,16,153,0,0,500,0.6,1000,0.2,1400,0.2,1
7,17,198,2,10,5,0,500,0.6,1000,0.2,1400,0.2,1
7,18,655,2,10,5,0,500,0.6,1000,0.2,1400,0.2,2
7,19,665,0,0,500,0.6,1000,0.2,1400,0.2,2
8,0,729,2,10,5,0,300,0.5,1700,0.5,2
8,1,792,1,0,500,0.6,1000,0.2,1400,0.2,1
8,2,763,1,0,500,0.6,1000,0.2,1400,0.2,2
8,3,36,2,10,5,0,300,0.5,1700,0.5,2
8,4,107,2,10,5,0,500,0.6,1000,0.2,1400,0.2,1
8,5,55,2,10,5,0,500,0.6,1000,0.2,1400,0.2,0
8,6,78,1,0,300,0.5,1700,0.5,1
8,7,704,2,10,5,0,500,0.6,1000,0.2,1400,0.2,0
8,8,366,2,10,5,0,500,0.6,1000,0.2,1400,0.2,2
8,9,510,1,0,500,0.6,1000,0.2,1400,0.2,0
8,10,947,2,10,5,0,300,0.5,1700,0.5,1
8,11,208,2,10,5,0,300,0.5,1700,0.5,2
8,12,535,2,10,5,0,500,0.6,1000,0.2,1400,0.2,2
8,13,782,1,0,300,0.5,1700,0.5,1
8,14,542,0,0,500,0.6,1000,0.2,1400,0.2,1
8,15,643,0,0,500,0.6,1000,0.2,1400,0.2,0
8,16,126,0,0,500,0.6,1000,0.2,1400,0.2,1
8,17,977,0,0,300,0.5,1700,0.5,1
8,18,475,0,0,500,0.6,1000,0.2,1400,0.2,2
8,19,75,0,0,300,0.5,1700,0.5,1
9,0,25,0,0,500,0.6,1000,0.2,1400,0.2,2
9,1,145,0,0,500,0.6,1000,0.2,1400,0.2,2
9,2,751,1,0,500,0.6,1000,0.2,1400,0.2,0
9,3,799,2,10,5,0,500,0.6,1000,0.2,1400,0.2,0
9,4,817,2,10,5,0,300,0.5,1700,0.5,2
9,5,690,2,10,5,0,300,0.5,1700,0.5,0
9,6,516,1,0,500,0.6,1000,0.2,1400,0.2,2
9,7,859,1,0,500,0.6,1000,0.2,1400,0.2,2
9,8,941,1,0,500,0.6,1000,0.2,1400,0.2,2
9,9,216,2,10,5,0,500,0.6,1000,0.2,1400,0.2,2
9,10,13,0,0,300,0.5,1700,0.5,2
9,11,450,1,0,500,0.6,1000,0.2,1400,0.2,1
9,12,993,2,10,5,0,300,0.5,1700,0.5,2
9,13,829,1,0,300,0.5,1700,0.5,2
9,14,460,2,10,5,0,500,0.6,1000,0.2,1400,0.2,1
9,15,377,2,10,5,0,300,0.5,1700,0.5,1
9,16,913,2,10,5,0,500,0.6,1000,0.2,1400,0.2,0
9,17,192,1,0,300,0.5,1700,0.5,0
9,18,843,0,0,300,0.5,1700,0.5,2
9,19,698,2,10,5,0,500,0.6,1000,0.2,1400,0.2,0
10,0,555,1,0,300,0.5,1700,0.5,2
10,1,466,2,10,5,0,300,0.5,1700,0.5,2
10,2,285,1,0,500,0.6,1000,0.2,1400,0.2,2
10,3,815,0,0,500,0.6,1000,0.2,1400,0.2,0
10,4,672,0,0,500,0.6,1000,0.2,1400,0.2,2
10,5,506,1,0,500,0.6,1000,0.2,1400,0.2,0
10,6,317,1,0,500,0.6,1000,0.2,1400,0.2,1
10,7,180,1,0,500,0.6,1000,0.2,1400,0.2,2
10,8,670,0,0,300,0.5,1700,0.5,1
10,9,320,1,0,300,0.5,1700,0.5,1
10,10,451,2,10,5,0,500,0.6,1000,0.2,1400,0.2,2
10,11,818,2,10,5,0,300,0.5,1700,0.5,0
10,12,840,1,0,300,0.5,1700,0.5,2
10,13,741,2,10,5,0,300,0.5,1700,0.5,2
10,14,330,1,0,300,0.5,1700,0.5,2
10,15,182,0,0,300,0.5,1700,0.5,0
10,16,95,1,0,500,0.6,1000,0.2,1400,0.2,1
10,17,169,1,0,300,0.5,1700,0.5,1
10,18,453,2,10,5,0,500,0.6,1000,0.2,1400,0.2,2
10,19,138,2,10,5,0,500,0.6,1000,0.2,1400,0.2,2
11,0,680,1,0,500,0.6,1000,0.2,1400,0.2,2
11,1,949,2,10,5,0,500,0.6,1000,0.2,1400,0.2,1
11,2,693,0,0,500,0.6,1000,0.2,1400,0.2,0
11,3,253,0,0,500,0.6,1000,0.2,1400,0.2,2
11,4,318,2,10,5,0,500,0.6,1000,0.2,1400,0.2,1
11,5,744,0,0,300,0.5,1700,0.5,1
11,6,263,0,0,500,0.6,1000,0.2,1400,0.2,0
11,7,220,1,0,300,0.5,1700,0.5,2
11,8,366,0,0,300,0.5,1700,0.5,1
11,9,752,1,0,500,0.6,1000,0.2,1400,0.2,2
11,10,976,2,10,5,0,500,0.6,1000,0.2,1400,0.2,0
11,11,498,0,0,500,0.6,1000,0.2,1400,0.2,0
11,12,148,0,0,300,0.5,1700,0.5,0
11,13,139,2,10,5,0,300,0.5,1700,0.5,0
11,14,366,1,0,300,0.5,1700,0.5,0
11,15,387,1,0,300,0.5,1700,0.5,1
11,16,471,0,0,500,0.6,1000,0.2,1400,0.2,0
11,17,855,0,0,300,0.5,1700,0.5,0
11,18,783,0,0,300,0.5,1700,0.5,2
11,19,77,2,10,5,0,300,0.5,1700,0.5,1
12,0,670,2,10,5,0,500,0.6,1000,0.2,1400,0.2,1
12,1,398,1,0,300,0.5,1700,0.5,0
12,2,268,0,0,300,0.5,1700,0.5,2
12,3,884,2,10,5,0,500,0.6,1000,0.2,1400,0.2,0
12,4,887,1,0,300,0.5,1700,0.5,2
12,5,309,2,10,5,0,500,0.6,1000,0.2,1400,0.2,2
12,6,326,1,0,500,0.6,1000,0.2,1400,0.2,0
12,7,809,2,10,5,0,500,0.6,1000,0.2,1400,0.2,1
12,8,734,0,0,300,0.5,1700,0.5,2
12,9,455,0,0,500,0.6,1000,0.2,1400,0.2,2
12,10,144,1,0,300,0.5,1700,0.5,2
12,11,445,0,0,500,0.6,1000,0.2,1400,0.2,0
12,12,13,2,10,5,0,300,0.5,1700,0.5,2
12,13,807,2,10,5,0,500,0.6,1000,0.2,1400,0.2,0
12,14,189,1,0,500,0.6,1000,0.2,1400,0.2,0
12,15,296,1,0,300,0.5,1700,0.5,1
12,16,407,2,10,5,0,500,0.6,1000,0.2,1400,0.2,0
12,17,774,2,10,5,0,300,0.5,1700,0.5,0
12,18,205,0,0,300,0.5,1700,0.5,2
12,19,551,0,0,300,0.5,1700,0.5,1
13,0,956,0,0,300,0.5,1700,0.5,2
13,1,593,2,10,5,0,300,0.5,1700,0.5,2
13,2,118,1,0,300,0.5,1700,0.5,1
13,3,983,1,0,300,0.5,1700,0.5,1
13,4,831,2,10,5,0,500,0.6,1000,0.2,1400,0.2,2
13,5,287,0,0,500,0.6,1000,0.2,1400,0.2,0
13,6,926,0,0,300,0.5,1700,0.5,2
13,7,80,0,0,500,0.6,1000,0.2,1400,0.2,0
13,8,971,1,0,500,0.6,1000,0.2,1400,0.2,2
13,9,848,0,0,300,0.5,1700,0.5,1
13,10,145,1,0,300,0.5,1700,0.5,2
13,11,221,0,0,500,0.6,1000,0.2,1400,0.2,1
13,12,547,0,0,500,0.6,1000,0.2,1400,0.2,2
13,13,310,1,0,500,0.6,1000,0.2,1400,0.2,0
13,14,864,0,0,300,0.5,1700,0.5,2
13,15,754,2,10,5,0,500,0.6,1000,0.2,1400,0.2,0
13,16,803,2,10,5,0,300,0.5,1700,0.5,2
13,17,268,1,0,300,0.5,1700,0.5,1
13,18,998,0,0,300,0.5,1700,0.5,0
13,19,898,2,10,5,0,500,0.6,1000,0.2,1400,0.2,0
14,0,924,0,0,500,0.6,1000,0.2,1400,0.2,0
14,1,666,1,0,300,0.5,1700,0.5,0
14,2,686,0,0,300,0.5,1700,0.5,0
14,3,719,1,0,300,0.5,1700,0.5,2
14,4,830,1,0,500,0.6,1000,0.2,1400,0.2,1
14,5,555,0,0,500,0.6,1000,0.2,1400,0.2,1
14,6,994,0,0,300,0.5,1700,0.5,0
14,7,179,1,0,500,0.6,1000,0.2,1400,0.2,2
14,8,66,0,0,300,0.5,1700,0.5,0
14,9,741,0,0,500,0.6,1000,0.2,1400,0.2,2
14,10,106,0,0,500,0.6,1000,0.2,1400,0.2,1
14,11,732,1,0,300,0.5,1700,0.5,0
14,12,431,0,0,300,0.5,1700,0.5,0
14,13,574,2,10,5,0,500,0.6,1000,0.2,1400,0.2,0
14,14,605,0,0,300,0.5,1700,0.5,0
14,15,57,2,10,5,0,300,0.5,1700,0.5,2
14,16,556,1,0,500,0.6,1000,0.2,1400,0.2,1
14,17,258,0,0,300,0.5,1700,0.5,0
14,18,250,0,0,300,0.5,1700,0.5,0
14,19,732,0,0,500,0.6,1000,0.2,1400,0.2,0
15,0,824,1,0,500,0.6,1000,0.2,1400,0.2,0
15,1,392,1,0,500,0.6,1000,0.2,1400,0.2,0
15,2,168,0,0,500,0.6,1000,0.2,1400,0.2,0
15,3,802,0,0,500,0.6,1000,0.2,1400,0.2,2
15,4,328,2,10,5,0,300,0.5,1700,0.5,0
15,5,279,0,0,500,0.6,1000,0.2,1400,0.2,2
15,6,961,1,0,500,0.6,1000,0.2,1400,0.2,2
15,7,345,1,0,300,0.5,1700,0.5,0
15,8,650,1,0,300,0.5,1700,0.5,1
15,9,962,2,10,5,0,500,0.6,1000,0.2,1400,0.2,0
15,10,295,1,0,300,0.5,1700,0.5,1
15,11,988,2,10,5,0,300,0.5,1700,0.5,2
15,12,762,1,0,500,0.6,1000,0.2,1400,0.2,1
15,13,901,2,10,5,0,500,0.6,1000,0.2,1400,0.2,2
15,14,679,1,0,500,0.6,1000,0.2,1400,0.2,1
15,15,314,0,0,500,0.6,1000,0.2,1400,0.2,0
15,16,461,0,0,300,0.5,1700,0.5,1
15,17,446,2,10,5,0,500,0.6,1000,0.2,1400,0.2,0
15,18,24,0,0,300,0.5,1700,0.5,1
15,19,186,2,10,5,0,500,0.6,1000,0.2,1400,0.2,0
16,0,781,1,0,500,0.6,1000,0.2,1400,0.2,2
16,1,736,0,0,500,0.6,1000,0.2,1400,0.2,1
16,2,192,2,10,5,0,500,0.6,1000,0.2,1400,0.2,2
16,3,873,2,10,5,0,500,0.6,1000,0.2,1400,0.2,2
16,4,150,0,0,300,0.5,1700,0.5,2
16,5,674,0,0,500,0.6,1000,0.2,1400,0.2,2
16,6,748,0,0,300,0.5,1700,0.5,0
16,7,738,2,10,5,0,500,0.6,1000,0.2,1400,0.2,2
16,8,274,1,0,300,0.5,1700,0.5,0
16,9,625,2,10,5,0,300,0.5,1700,0.5,2
16,10,437,1,0,500,0.6,1000,0.2,1400,0.2,1
16,11,319,0,0,500,0.6,1000,0.2,1400,0.2,1
16,12,611,2,10,5,0,500,0.6,1000,0.2,1400,0.2,2
16,13,501,1,0,500,0.6,1000,0.2,1400,0.2,0
16,14,719,0,0,300,0.5,1700,0.5,0
16,15,290,0,0,500,0.6,1000,0.2,1400,0.2,2
16,16,154,2,10,5,0,300,0.5,1700,0.5,0
16,17,156,1,0,300,0.5,1700,0.5,0
16,18,509,0,0,300,0.5,1700,0.5,1
16,19,28,0,0,500,0.6,1000,0.2,1400,0.2,2
17,0,134,1,0,300,0.5,1700,0.5,1
17,1,515,1,0,300,0.5,1700,0.5,0
17,2,870,1,0,300,0.5,1700,0.5,0
17,3,273,0,0,300,0.5,1700,0.5,2
17,4,933,0,0,300,0.5,1700,0.5,2
17,5,269,2,10,5,0,500,0.6,1000,0.2,1400,0.2,0
17,6,140,2,10,5,0,300,0.5,1700,0.5,0
17,7,763,2,10,5,0,500,0.6,1000,0.2,1400,0.2,2
17,8,113,1,0,300,0.5,1700,0.5,2
17,9,877,2,10,5,0,300,0.5,1700,0.5,2
17,10,656,0,0,500,0.6,1000,0.2,1400,0.2,1
17,11,350,1,0,500,0.6,1000,0.2,1400,0.2,1
17,12,783,2,10,5,0,300,0.5,1700,0.5,0
17,13,94,1,0,300,0.5,1700,0.5,1
17,14,493,2,10,5,0,500,0.6,1000,0.2,1400,0.2,1
17,15,592,0,0,300,0.5,1700,0.5,2
17,16,930,0,0,500,0.6,1000,0.2,1400,0.2,0
17,17,525,2,10,5,0,300,0.5,1700,0.5,1
17,18,311,0,0,300,0.5,1700,0.5,2
17,19,228,0,0,300,0.5,1700,0.5,1
18,0,695,1,0,300,0.5,1700,0.5,2
18,1,211,1,0,500,0.6,1000,0.2,1400,0.2,1
18,2,505,1,0,300,0.5,1700,0.5,1
18,3,129,2,10,5,0,300,0.5,1700,0.5,1
18,4,804,2,10,5,0,300,0.5,1700,0.5,1
18,5,997,0,0,300,0.5,1700,0.5,1
18,6,487,1,0,500,0.6,1000,0.2,1400,0.2,1
18,7,293,2,10,5,0,500,0.6,1000,0.2,1400,0.2,2
18,8,326,1,0,300,0.5,1700,0.5,0
18,9,925,2,10,5,0,500,0.6,1000,0.2,1400,0.2,2
18,10,780,1,0,500,0.6,1000,0.2,1400,0.2,0
18,11,663,1,0,300,0.5,1700,0.5,0
18,12,828,2,10,5,0,300,0.5,1700,0.5,1
18,13,722,2,10,5,0,300,0.5,1700,0.5,2
18,14,130,1,0,300,0.5,1700,0.5,1
18,15,826,0,0,300,0.5,1700,0.5,1
18,16,419,1,0,500,0.6,1000,0.2,1400,0.2,0
18,17,509,2,10,5,0,500,0.6,1000,0.2,1400,0.2,2
18,18,308,1,0,300,0.5,1700,0.5,0
18,19,953,0,0,500,0.6,1000,0.2,1400,0.2,2
19,0,530,0,0,300,0.5,1700,0.5,2
19,1,618,0,0,500,0.6,1000,0.2,1400,0.2,1
19,2,159,2,10,5,0,300,0.5,1700,0.5,0
19,3,282,0,0,500,0.6,1000,0.2,1400,0.2,1
19,4,833,0,0,500,0.6,1000,0.2,1400,0.2,1
19,5,223,0,0,500,0.6,1000,0.2,1400,0.2,1
19,6,690,0,0,300,0.5,1700,0.5,1
19,7,462,0,0,500,0.6,1000,0.2,1400,0.2,1
19,8,280,0,0,500,0.6,1000,0.2,1400,0.2,1
19,9,632,2,10,5,0,300,0.5,1700,0.5,1
19,10,447,2,10,5,0,300,0.5,1700,0.5,1
19,11,895,1,0,300,0.5,1700,0.5,2
19,12,645,1,0,500,0.6,1000,0.2,1400,0.2,1
19,13,377,1,0,300,0.5,1700,0.5,1
19,14,204,0,0,500,0.6,1000,0.2,1400,0.2,2
19,15,957,0,0,300,0.5,1700,0.5,1
19,16,786,2,10,5,0,500,0.6,1000,0.2,1400,0.2,1
19,17,869,2,10,5,0,500,0.6,1000,0.2,1400,0.2,2
19,18,293,2,10,5,0,300,0.5,1700,0.5,1
19,19,779,0,0,500,0.6,1000,0.2,1400,0.2,0
