0,0,282,2,10,5,0,300,0.5,1700,0.5,1
0,1,149,2,10,5,0,500,0.6,1000,0.2,1400,0.2,1
0,2,103,1,0,300,0.5,1700,0.5,1
0,3,451,1,0,300,0.5,1700,0.5,2
0,4,663,0,0,300,0.5,1700,0.5,0
0,5,806,1,0,500,0.6,1000,0.2,1400,0.2,0
0,6,829,0,0,300,0.5,1700,0.5,2
0,7,246,1,0,500,0.6,1000,0.2,1400,0.2,2
0,8,429,0,0,300,0.5,1700,0.5,2
0,9,883,2,10,5,0,500,0.6,1000,0.2,1400,0.2,0
0,10,218,1,0,300,0.5,1700,0.5,0
0,11,624,1,0,300,0.5,1700,0.5,2
0,12,363,0,0,300,0.5,1700,0.5,0
0,13,498,1,0,500,0.6,1000,0.2,1400,0.2,1
0,14,338,2,10,5,0,500,0.6,1000,0.2,1400,0.2,0
0,15,212,2,10,5,0,300,0.5,1700,0.5,1
0,16,326,0,0,500,0.6,1000,0.2,1400,0.2,2
0,17,122,2,10,5,0,500,0.6,1000,0.2,1400,0.2,2
0,18,591,1,0,300,0.5,1700,0.5,2
0,19,179,0,0,300,0.5,1700,0.5,1
1,0,392,1,0,500,0.6,1000,0.2,1400,0.2,2
1,1,899,0,0,300,0.5,1700,0.5,0
1,2,922,0,0,300,0.5,1700,0.5,2
1,3,961,2,10,5,0,300,0.5,1700,0.5,2
1,4,734,0,0,300,0.5,1700,0.5,1
1,5,350,0,0,300,0.5,1700,0.5,2
1,6,856,0,0,300,0.5,1700,0.5,2
1,7,74,2,10,5,0,300,0.5,1700,0.5,0
1,8,539,2,10,5,0,300,0.5,1700,0.5,1
1,9,729,0,0,500,0.6,1000,0.2,1400,0.2,2
1,10,818,0,0,300,0.5,1700,0.5,0
1,11,641,1,0,300,0.5,1700,0.5,0
1,12,363,0,0,500,0.6,1000,0.2,1400,0.2,1
1,13,545,1,0,500,0.6,1000,0.2,1400,0.2,1
1,14,840,0,0,500,0.6,1000,0.2,1400,0.2,1
1,15,780,1,0,500,0.6,1000,0.2,1400,0.2,2
1,16,569,2,10,5,0,300,0.5,1700,0.5,1
1,17,138,1,0,500,0.6,1000,0.2,1400,0.2,1
1,18,989,1,0,300,0.5,1700,0.5,0
1,19,277,1,0,500,0.6,1000,0.2,1400,0.2,1
2,0,40,0,0,500,0.6,1000,0.2,1400,0.2,0
2,1,598,2,10,5,0,300,0.5,1700,0.5,2
2,2,254,0,0,300,0.5,1700,0.5,0
2,3,196,2,10,5,0,500,0.6,1000,0.2,1400,0.2,1
2,4,201,2,10,5,0,300,0.5,1700,0.5,2
2,5,10,1,0,300,0.5,1700,0.5,0
2,6,81,2,10,5,0,500,0.6,1000,0.2,1400,0.2,1
2,7,370,2,10,5,0,500,0.6,1000,0.2,1400,0.2,1
2,8,784,1,0,500,0.6,1000,0.2,1400,0.2,0
2,9,578,2,10,5,0,500,0.6,1000,0.2,1400,0.2,2
2,10,286,0,0,300,0.5,1700,0.5,2
2,11,774,0,0,300,0.5,1700,0.5,2
2,12,641,1,0,300,0.5,1700,0.5,1
2,13,645,1,0,300,0.5,1700,0.5,0
2,14,501,0,0,300,0.5,1700,0.5,0
2,15,828,1,0,500,0.6,1000,0.2,1400,0.2,2
2,16,734,2,10,5,0,300,0.5,1700,0.5,1
2,17,779,1,0,500,0.6,1000,0.2,1400,0.2,2
2,18,683,1,0,300,0.5,1700,0.5,0
2,19,836,2,10,5,0,500,0.6,1000,0.2,1400,0.2,0
3,0,152,2,10,5,0,300,0.5,1700,0.5,1
3,1,861,2,10,5,0,500,0.6,1000,0.2,1400,0.2,0
3,2,35,2,10,5,0,300,0.5,1700,0.5,1
3,3,739,1,0,300,0.5,1700,0.5,2
3,4,104,1,0,500,0.6,1000,0.2,1400,0.2,0
3,5,636,1,0,300,0.5,1700,0.5,0
3,6,358,0,0,500,0.6,1000,0.2,1400,0.2,0
3,7,667,0,0,500,0.6,1000,0.2,1400,0.2,1
3,8,781,0,0,300,0.5,1700,0.5,1
3,9,382,0,0,300,0.5,1700,0.5,1
3,10,335,2,10,5,0,500,0.6,1000,0.2,1400,0.2,2
3,11,31,0,0,300,0.5,1700,0.5,2
3,12,321,0,0,500,0.6,1000,0.2,1400,0.2,0
3,13,735,2,10,5,0,300,0.5,1700,0.5,1
3,14,266,0,0,500,0.6,1000,0.2,1400,0.2,2
3,15,521,2,10,5,0,500,0.6,1000,0.2,1400,0.2,2
3,16,35,2,10,5,0,500,0.6,1000,0.2,1400,0.2,2
3,17,254,1,0,300,0.5,1700,0.5,0
3,18,950,1,0,300,0.5,1700,0.5,1
3,19,244,0,0,300,0.5,1700,0.5,1
4,0,346,2,10,5,0,300,0.5,1700,0.5,1
4,1,882,0,0,500,0.6,1000,0.2,1400,0.2,2
4,2,275,1,0,500,0.6,1000,0.2,1400,0.2,0
4,3,87,1,0,300,0.5,1700,0.5,0
4,4,278,1,0,500,0.6,1000,0.2,1400,0.2,1
4,5,760,0,0,500,0.6,1000,0.2,1400,0.2,1
4,6,224,2,10,5,0,300,0.5,1700,0.5,2
4,7,588,1,0,300,0.5,1700,0.5,0
4,8,825,0,0,300,0.5,1700,0.5,1
4,9,225,0,0,300,0.5,1700,0.5,2
4,10,172,1,0,300,0.5,1700,0.5,0
4,11,649,2,10,5,0,500,0.6,1000,0.2,1400,0.2,0
4,12,491,2,10,5,0,500,0.6,1000,0.2,1400,0.2,2
4,13,826,2,10,5,0,300,0.5,1700,0.5,2
4,14,120,1,0,300,0.5,1700,0.5,2
4,15,534,2,10,5,0,500,0.6,1000,0.2,1400,0.2,0
4,16,789,0,0,300,0.5,1700,0.5,1
4,17,483,1,0,500,0.6,1000,0.2,1400,0.2,2
4,18,133,1,0,500,0.6,1000,0.2,1400,0.2,0
4,19,978,1,0,500,0.6,1000,0.2,1400,0.2,0
5,0,399,2,10,5,0,500,0.6,1000,0.2,1400,0.2,2
5,1,387,2,10,5,0,500,0.6,1000,0.2,1400,0.2,2
5,2,524,0,0,300,0.5,1700,0.5,1
5,3,781,2,10,5,0,300,0.5,1700,0.5,2
5,4,773,2,10,5,0,500,0.6,1000,0.2,1400,0.2,1
5,5,767,2,10,5,0,300,0.5,1700,0.5,1
5,6,36,2,10,5,0,500,0.6,1000,0.2,1400,0.2,2
5,7,45,1,0,300,0.5,1700,0.5,2
5,8,840,0,0,500,0.6,1000,0.2,1400,0.2,0
5,9,259,0,0,300,0.5,1700,0.5,2
5,10,602,0,0,500,0.6,1000,0.2,1400,0.2,0
5,11,469,2,10,5,0,500,0.6,1000,0.2,1400,0.2,1
5,12,555,1,0,500,0.6,1000,0.2,1400,0.2,1
5,13,66,2,10,5,0,500,0.6,1000,0.2,1400,0.2,1
5,14,853,0,0,500,0.6,1000,0.2,1400,0.2,1
5,15,492,1,0,300,0.5,1700,0.5,2
5,16,27,1,0,300,0.5,1700,0.5,0
5,17,886,2,10,5,0,500,0.6,1000,0.2,1400,0.2,2
5,18,488,2,10,5,0,500,0.6,1000,0.2,1400,0.2,2
5,19,877,2,10,5,0,300,0.5,1700,0.5,2
6,0,177,1,0,300,0.5,1700,0.5,0
6,1,902,0,0,500,0.6,1000,0.2,1400,0.2,1
6,2,849,1,0,500,0.6,1000,0.2,1400,0.2,1
6,3,180,0,0,500,0.6,1000,0.2,1400,0.2,0
6,4,382,0,0,500,0.6,1000,0.2,1400,0.2,1
6,5,646,1,0,300,0.5,1700,0.5,1
6,6,578,2,10,5,0,500,0.6,1000,0.2,1400,0.2,1
6,7,761,2,10,5,0,300,0.5,1700,0.5,0
6,8,649,2,10,5,0,300,0.5,1700,0.5,2
6,9,213,0,0,300,0.5,1700,0.5,1
6,10,463,1,0,300,0.5,1700,0.5,0
6,11,675,0,0,300,0.5,1700,0.5,0
6,12,324,1,0,300,0.5,1700,0.5,1
6,13,738,0,0,300,0.5,1700,0.5,0
6,14,253,2,10,5,0,500,0.6,1000,0.2,1400,0.2,0
6,15,172,0,0,300,0.5,1700,0.5,1
6,16,677,0,0,500,0.6,1000,0.2,1400,0.2,2
6,17,199,1,0,300,0.5,1700,0.5,1
6,18,213,0,0,500,0.6,1000,0.2,1400,0.2,0
6,19,739,1,0,300,0.5,1700,0.5,2
7,0,542,2,10,5,0,500,0.6,1000,0.2,1400,0.2,0
7,1,905,0,0,500,0.6,1000,0.2,1400,0.2,2
7,2,632,0,0,300,0.5,1700,0.5,1
7,3,272,2,10,5,0,300,0.5,1700,0.5,0
7,4,944,1,0,500,0.6,1000,0.2,1400,0.2,2
7,5,937,0,0,300,0.5,1700,0.5,2
7,6,316,2,10,5,0,300,0.5,1700,0.5,0
7,7,980,0,0,300,0.5,1700,0.5,2
7,8,825,0,0,300,0.5,1700,0.5,2
7,9,965,1,0,300,0.5,1700,0.5,2
7,10,437,2,10,5,0,500,0.6,1000,0.2,1400,0.2,2
7,11,19,2,10,5,0,300,0.5,1700,0.5,0
7,12,735,2,10,5,0,300,0.5,1700,0.5,2
7,13,201,2,10,5,0,500,0.6,1000,0.2,1400,0.2,2
7,14,706,2,10,5,0,500,0.6,1000,0.2,1400,0.2,1
7,15,631,2,10,5,0,500,0.6,1000,0.2,1400,0.2,0
7,16,233,1,0,300,0.5,1700,0.5,2
7,17,519,1,0,500,0.6,1000,0.2,1400,0.2,0
7,18,840,1,0,500,0.6,1000,0.2,1400,0.2,1
7,19,269,0,0,500,0.6,1000,0.2,1400,0.2,0
8,0,640,2,10,5,0,300,0.5,1700,0.5,2
8,1,440,1,0,500,0.6,1000,0.2,1400,0.2,1
8,2,239,2,10,5,0,500,0.6,1000,0.2,1400,0.2,2
8,3,47,1,0,300,0.5,1700,0.5,0
8,4,980,0,0,300,0.5,1700,0.5,2
8,5,676,1,0,300,0.5,1700,0.5,0
8,6,463,0,0,300,0.5,1700,0.5,0
8,7,698,2,10,5,0,300,0.5,1700,0.5,0
8,8,882,2,10,5,0,300,0.5,1700,0.5,1
8,9,461,2,10,5,0,500,0.6,1000,0.2,1400,0.2,0
8,10,811,1,0,300,0.5,1700,0.5,0
8,11,263,1,0,300,0.5,1700,0.5,2
8,12,763,0,0,300,0.5,1700,0.5,2
8,13,562,1,0,300,0.5,1700,0.5,0
8,14,866,2,10,5,0,500,0.6,1000,0.2,1400,0.2,0
8,15,504,1,0,300,0.5,1700,0.5,2
8,16,100,2,10,5,0,300,0.5,1700,0.5,0
8,17,48,1,0,500,0.6,1000,0.2,1400,0.2,1
8,18,112,0,0,500,0.6,1000,0.2,1400,0.2,2
8,19,325,0,0,500,0.6,1000,0.2,1400,0.2,2
9,0,401,1,0,500,0.6,1000,0.2,1400,0.2,0
9,1,233,0,0,500,0.6,1000,0.2,1400,0.2,0
9,2,564,2,10,5,0,300,0.5,1700,0.5,2
9,3,748,2,10,5,0,300,0.5,1700,0.5,1
9,4,670,0,0,300,0.5,1700,0.5,1
9,5,69,1,0,300,0.5,1700,0.5,1
9,6,814,0,0,300,0.5,1700,0.5,2
9,7,780,1,0,500,0.6,1000,0.2,1400,0.2,0
9,8,946,1,0,500,0.6,1000,0.2,1400,0.2,2
9,9,533,0,0,300,0.5,1700,0.5,2
9,10,520,1,0,500,0.6,1000,0.2,1400,0.2,2
9,11,717,1,0,500,0.6,1000,0.2,1400,0.2,1
9,12,553,1,0,500,0.6,1000,0.2,1400,0.2,1
9,13,300,0,0,300,0.5,1700,0.5,0
9,14,54,2,10,5,0,300,0.5,1700,0.5,1
9,15,635,0,0,500,0.6,1000,0.2,1400,0.2,1
9,16,310,1,0,300,0.5,1700,0.5,0
9,17,852,2,10,5,0,500,0.6,1000,0.2,1400,0.2,2
9,18,136,0,0,500,0.6,1000,0.2,1400,0.2,0
9,19,436,2,10,5,0,500,0.6,1000,0.2,1400,0.2,1
10,0,194,0,0,500,0.6,1000,0.2,1400,0.2,0
10,1,580,2,10,5,0,300,0.5,1700,0.5,2
10,2,455,1,0,500,0.6,1000,0.2,1400,0.2,2
10,3,860,2,10,5,0,300,0.5,1700,0.5,1
10,4,500,2,10,5,0,500,0.6,1000,0.2,1400,0.2,1
10,5,688,0,0,300,0.5,1700,0.5,0
10,6,622,2,10,5,0,500,0.6,1000,0.2,1400,0.2,0
10,7,205,1,0,300,0.5,1700,0.5,0
10,8,632,1,0,300,0.5,1700,0.5,1
10,9,51,1,0,500,0.6,1000,0.2,1400,0.2,2
10,10,233,1,0,500,0.6,1000,0.2,1400,0.2,1
10,11,428,0,0,300,0.5,1700,0.5,0
10,12,913,2,10,5,0,500,0.6,1000,0.2,1400,0.2,1
10,13,707,1,0,500,0.6,1000,0.2,1400,0.2,2
10,14,967,1,0,500,0.6,1000,0.2,1400,0.2,0
10,15,115,2,10,5,0,500,0.6,1000,0.2,1400,0.2,1
10,16,12,2,10,5,0,300,0.5,1700,0.5,2
10,17,808,1,0,500,0.6,1000,0.2,1400,0.2,1
10,18,807,2,10,5,0,300,0.5,1700,0.5,2
10,19,353,2,10,5,0,300,0.5,1700,0.5,0
11,0,771,1,0,500,0.6,1000,0.2,1400,0.2,2
11,1,412,2,10,5,0,500,0.6,1000,0.2,1400,0.2,0
11,2,724,0,0,300,0.5,1700,0.5,0
11,3,590,2,10,5,0,300,0.5,1700,0.5,2
11,4,964,0,0,300,0.5,1700,0.5,2
11,5,755,1,0,500,0.6,1000,0.2,1400,0.2,1
11,6,175,2,10,5,0,500,0.6,1000,0.2,1400,0.2,0
11,7,470,2,10,5,0,300,0.5,1700,0.5,1
11,8,321,0,0,500,0.6,1000,0.2,1400,0.2,0
11,9,460,1,0,500,0.6,1000,0.2,1400,0.2,1
11,10,968,1,0,300,0.5,1700,0.5,2
11,11,880,2,10,5,0,500,0.6,1000,0.2,1400,0.2,2
11,12,824,1,0,300,0.5,1700,0.5,1
11,13,401,0,0,500,0.6,1000,0.2,1400,0.2,0
11,14,735,2,10,5,0,300,0.5,1700,0.5,0
11,15,263,0,0,300,0.5,1700,0.5,0
11,16,886,0,0,300,0.5,1700,0.5,0
11,17,644,1,0,300,0.5,1700,0.5,2
11,18,900,1,0,500,0.6,1000,0.2,1400,0.2,0
11,19,667,1,0,500,0.6,1000,0.2,1400,0.2,0
12,0,498,1,0,300,0.5,1700,0.5,1
12,1,204,1,0,300,0.5,1700,0.5,0
12,2,32,0,0,300,0.5,1700,0.5,1
12,3,291,0,0,500,0.6,1000,0.2,1400,0.2,1
12,4,975,2,10,5,0,300,0.5,1700,0.5,2
12,5,935,0,0,300,0.5,1700,0.5,1
12,6,392,0,0,500,0.6,1000,0.2,1400,0.2,0
12,7,835,0,0,300,0.5,1700,0.5,2
12,8,257,2,10,5,0,500,0.6,1000,0.2,1400,0.2,2
12,9,260,0,0,500,0.6,1000,0.2,1400,0.2,0
12,10,690,0,0,500,0.6,1000,0.2,1400,0.2,2
12,11,457,2,10,5,0,500,0.6,1000,0.2,1400,0.2,1
12,12,700,1,0,300,0.5,1700,0.5,0
12,13,786,1,0,300,0.5,1700,0.5,0
12,14,211,2,10,5,0,300,0.5,1700,0.5,0
12,15,722,2,10,5,0,500,0.6,1000,0.2,1400,0.2,2
12,16,300,1,0,300,0.5,1700,0.5,1
12,17,500,0,0,500,0.6,1000,0.2,1400,0.2,1
12,18,646,1,0,500,0.6,1000,0.2,1400,0.2,1
12,19,33,1,0,300,0.5,1700,0.5,1
13,0,427,0,0,500,0.6,1000,0.2,1400,0.2,0
13,1,62,0,0,500,0.6,1000,0.2,1400,0.2,0
13,2,859,2,10,5,0,300,0.5,1700,0.5,2
13,3,259,0,0,500,0.6,1000,0.2,1400,0.2,1
13,4,678,0,0,500,0.6,1000,0.2,1400,0.2,1
13,5,430,2,10,5,0,500,0.6,1000,0.2,1400,0.2,2
13,6,389,1,0,300,0.5,1700,0.5,2
13,7,228,0,0,500,0.6,1000,0.2,1400,0.2,2
13,8,168,0,0,500,0.6,1000,0.2,1400,0.2,2
13,9,801,2,10,5,0,300,0.5,1700,0.5,2
13,10,363,0,0,300,0.5,1700,0.5,1
13,11,454,0,0,300,0.5,1700,0.5,1
13,12,90,0,0,300,0.5,1700,0.5,0
13,13,602,0,0,500,0.6,1000,0.2,1400,0.2,0
13,14,892,2,10,5,0,300,0.5,1700,0.5,0
13,15,580,2,10,5,0,300,0.5,1700,0.5,2
13,16,173,1,0,300,0.5,1700,0.5,2
13,17,496,1,0,300,0.5,1700,0.5,0
13,18,831,2,10,5,0,500,0.6,1000,0.2,1400,0.2,0
13,19,56,2,10,5,0,500,0.6,1000,0.2,1400,0.2,2
14,0,322,2,10,5,0,300,0.5,1700,0.5,1
14,1,548,1,0,300,0.5,1700,0.5,2
14,2,567,1,0,300,0.5,1700,0.5,0
14,3,80,2,10,5,0,500,0.6,1000,0.2,1400,0.2,0
14,4,94,0,0,500,0.6,1000,0.2,1400,0.2,0
14,5,841,1,0,300,0.5,1700,0.5,2
14,6,834,1,0,300,0.5,1700,0.5,2
14,7,200,2,10,5,0,500,0.6,1000,0.2,1400,0.2,1
14,8,144,0,0,500,0.6,1000,0.2,1400,0.2,2
14,9,417,0,0,500,0.6,1000,0.2,1400,0.2,1
14,10,336,2,10,5,0,300,0.5,1700,0.5,1
14,11,679,1,0,500,0.6,1000,0.2,1400,0.2,2
14,12,434,0,0,500,0.6,1000,0.2,1400,0.2,1
14,13,772,0,0,500,0.6,1000,0.2,1400,0.2,0
14,14,403,2,10,5,0,300,0.5,1700,0.5,1
14,15,891,2,10,5,0,300,0.5,1700,0.5,2
14,16,102,2,10,5,0,500,0.6,1000,0.2,1400,0.2,2
14,17,71,1,0,300,0.5,1700,0.5,0
14,18,234,2,10,5,0,300,0.5,1700,0.5,0
14,19,665,1,0,300,0.5,1700,0.5,0
15,0,467,1,0,500,0.6,1000,0.2,1400,0.2,2
15,1,890,2,10,5,0,300,0.5,1700,0.5,0
15,2,38,1,0,300,0.5,1700,0.5,2
15,3,505,1,0,500,0.6,1000,0.2,1400,0.2,1
15,4,909,0,0,500,0.6,1000,0.2,1400,0.2,0
15,5,887,0,0,500,0.6,1000,0.2,1400,0.2,1
15,6,912,2,10,5,0,300,0.5,1700,0.5,0
15,7,78,0,0,300,0.5,1700,0.5,1
15,8,928,0,0,500,0.6,1000,0.2,1400,0.2,0
15,9,930,0,0,500,0.6,1000,0.2,1400,0.2,1
15,10,386,2,10,5,0,500,0.6,1000,0.2,1400,0.2,2
15,11,245,2,10,5,0,300,0.5,1700,0.5,1
15,12,470,1,0,500,0.6,1000,0.2,1400,0.2,1
15,13,808,1,0,300,0.5,1700,0.5,2
15,14,196,1,0,500,0.6,1000,0.2,1400,0.2,0
15,15,820,0,0,300,0.5,1700,0.5,0
15,16,118,1,0,500,0.6,1000,0.2,1400,0.2,0
15,17,698,2,10,5,0,300,0.5,1700,0.5,0
15,18,148,1,0,500,0.6,1000,0.2,1400,0.2,1
15,19,394,1,0,500,0.6,1000,0.2,1400,0.2,0
16,0,836,1,0,500,0.6,1000,0.2,1400,0.2,2
16,1,759,0,0,300,0.5,1700,0.5,1
16,2,426,0,0,300,0.5,1700,0.5,1
16,3,312,1,0,500,0.6,1000,0.2,1400,0.2,1
16,4,912,1,0,300,0.5,1700,0.5,0
16,5,703,2,10,5,0,300,0.5,1700,0.5,1
16,6,917,1,0,300,0.5,1700,0.5,0
16,7,111,1,0,500,0.6,1000,0.2,1400,0.2,1
16,8,668,1,0,300,0.5,1700,0.5,0
16,9,303,0,0,500,0.6,1000,0.2,1400,0.2,0
16,10,63,2,10,5,0,300,0.5,1700,0.5,1
16,11,608,2,10,5,0,500,0.6,1000,0.2,1400,0.2,0
16,12,358,2,10,5,0,300,0.5,1700,0.5,1
16,13,306,1,0,500,0.6,1000,0.2,1400,0.2,2
16,14,138,0,0,500,0.6,1000,0.2,1400,0.2,1
16,15,413,1,0,500,0.6,1000,0.2,1400,0.2,1
16,16,59,0,0,500,0.6,1000,0.2,1400,0.2,2
16,17,107,1,0,300,0.5,1700,0.5,2
16,18,175,0,0,500,0.6,1000,0.2,1400,0.2,1
16,19,463,1,0,300,0.5,1700,0.5,2
17,0,186,1,0,500,0.6,1000,0.2,1400,0.2,0
17,1,72,1,0,500,0.6,1000,0.2,1400,0.2,2
17,2,765,0,0,500,0.6,1000,0.2,1400,0.2,1
17,3,143,2,10,5,0,300,0.5,1700,0.5,0
17,4,715,1,0,300,0.5,1700,0.5,1
17,5,835,2,10,5,0,300,0.5,1700,0.5,2
17,6,331,0,0,300,0.5,1700,0.5,2
17,7,640,2,10,5,0,500,0.6,1000,0.2,1400,0.2,2
17,8,412,1,0,300,0.5,1700,0.5,0
17,9,775,2,10,5,0,300,0.5,1700,0.5,2
17,10,347,2,10,5,0,300,0.5,1700,0.5,0
17,11,864,2,10,5,0,500,0.6,1000,0.2,1400,0.2,1
17,12,585,1,0,300,0.5,1700,0.5,1
17,13,926,2,10,5,0,300,0.5,1700,0.5,2
17,14,150,2,10,5,0,300,0.5,1700,0.5,0
17,15,629,0,0,500,0.6,1000,0.2,1400,0.2,2
17,16,840,1,0,300,0.5,1700,0.5,1
17,17,267,1,0,500,0.6,1000,0.2,1400,0.2,1
17,18,536,1,0,300,0.5,1700,0.5,0
17,19,952,2,10,5,0,300,0.5,1700,0.5,1
18,0,423,2,10,5,0,500,0.6,1000,0.2,1400,0.2,1
18,1,605,1,0,300,0.5,1700,0.5,2
18,2,238,2,10,5,0,500,0.6,1000,0.2,1400,0.2,0
18,3,458,2,10,5,0,300,0.5,1700,0.5,1
18,4,732,1,0,300,0.5,1700,0.5,2
18,5,721,1,0,500,0.6,1000,0.2,1400,0.2,2
18,6,707,2,10,5,0,500,0.6,1000,0.2,1400,0.2,1
18,7,225,0,0,500,0.6,1000,0.2,1400,0.2,0
18,8,632,2,10,5,0,500,0.6,1000,0.2,1400,0.2,0
18,9,821,1,0,500,0.6,1000,0.2,1400,0.2,1
18,10,832,1,0,500,0.6,1000,0.2,1400,0.2,2
18,11,869,2,10,5,0,300,0.5,1700,0.5,2
18,12,366,0,0,300,0.5,1700,0.5,1
18,13,233,0,0,300,0.5,1700,0.5,1
18,14,884,1,0,500,0.6,1000,0.2,1400,0.2,2
18,15,27,0,0,300,0.5,1700,0.5,2
18,16,620,0,0,500,0.6,1000,0.2,1400,0.2,0
18,17,153,0,0,300,0.5,1700,0.5,1
18,18,60,2,10,5,0,500,0.6,1000,0.2,1400,0.2,1
18,19,82,2,10,5,0,500,0.6,1000,0.2,1400,0.2,0
19,0,196,2,10,5,0,500,0.6,1000,0.2,1400,0.2,0
19,1,423,1,0,500,0.6,1000,0.2,1400,0.2,1
19,2,380,2,10,5,0,300,0.5,1700,0.5,2
19,3,809,1,0,300,0.5,1700,0.5,1
19,4,118,2,10,5,0,300,0.5,1700,0.5,1
19,5,931,1,0,300,0.5,1700,0.5,2
19,6,982,2,10,5,0,300,0.5,1700,0.5,1
19,7,572,1,0,300,0.5,1700,0.5,2
19,8,191,0,0,300,0.5,1700,0.5,1
19,9,909,2,10,5,0,500,0.6,1000,0.2,1400,0.2,2
19,10,764,2,10,5,0,500,0.6,1000,0.2,1400,0.2,1
19,11,792,0,0,300,0.5,1700,0.5,2
19,12,497,0,0,500,0.6,1000,0.2,1400,0.2,2
19,13,589,2,10,5,0,500,0.6,1000,0.2,1400,0.2,2
19,14,629,2,10,5,0,500,0.6,1000,0.2,1400,0.2,0
19,15,923,2,10,5,0,500,0.6,1000,0.2,1400,0.2,1
19,16,261,0,0,500,0.6,1000,0.2,1400,0.2,1
19,17,133,2,10,5,0,500,0.6,1000,0.2,1400,0.2,0
19,18,94,2,10,5,0,300,0.5,1700,0.5,2
19,19,478,1,0,500,0.6,1000,0.2,1400,0.2,1
