0,0,444,0,0,500,0.6,1000,0.2,1400,0.2,1
0,1,453,2,10,5,0,500,0.6,1000,0.2,1400,0.2,1
0,2,842,1,0,500,0.6,1000,0.2,1400,0.2,1
0,3,206,2,10,5,0,500,0.6,1000,0.2,1400,0.2,2
0,4,946,0,0,500,0.6,1000,0.2,1400,0.2,2
0,5,604,1,0,300,0.5,1700,0.5,1
0,6,962,2,10,5,0,500,0.6,1000,0.2,1400,0.2,2
0,7,537,2,10,5,0,500,0.6,1000,0.2,1400,0.2,0
0,8,750,1,0,300,0.5,1700,0.5,0
0,9,80,2,10,5,0,500,0.6,1000,0.2,1400,0.2,1
0,10,446,1,0,300,0.5,1700,0.5,1
0,11,787,0,0,500,0.6,1000,0.2,1400,0.2,1
0,12,343,0,0,500,0.6,1000,0.2,1400,0.2,1
0,13,237,0,0,500,0.6,1000,0.2,1400,0.2,2
0,14,963,2,10,5,0,300,0.5,1700,0.5,0
0,15,223,1,0,300,0.5,1700,0.5,2
0,16,569,0,0,300,0.5,1700,0.5,2
0,17,51,2,10,5,0,300,0.5,1700,0.5,0
0,18,63,2,10,5,0,300,0.5,1700,0.5,1
0,19,362,2,10,5,0,300,0.5,1700,0.5,0
1,0,244,1,0,300,0.5,1700,0.5,1
1,1,789,0,0,500,0.6,1000,0.2,1400,0.2,1
1,2,92,0,0,300,0.5,1700,0.5,0
1,3,701,2,10,5,0,300,0.5,1700,0.5,0
1,4,558,2,10,5,0,500,0.6,1000,0.2,1400,0.2,1
1,5,470,0,0,500,0.6,1000,0.2,1400,0.2,0
1,6,59,1,0,500,0.6,1000,0.2,1400,0.2,1
1,7,491,2,10,5,0,300,0.5,1700,0.5,1
1,8,411,1,0,300,0.5,1700,0.5,0
1,9,848,0,0,500,0.6,1000,0.2,1400,0.2,0
1,10,302,2,10,5,0,300,0.5,1700,0.5,1
1,11,703,1,0,500,0.6,1000,0.2,1400,0.2,2
1,12,878,1,0,500,0.6,1000,0.2,1400,0.2,1
1,13,910,0,0,500,0.6,1000,0.2,1400,0.2,2
1,14,30,2,10,5,0,300,0.5,1700,0.5,0
1,15,108,2,10,5,0,300,0.5,1700,0.5,0
1,16,473,1,0,500,0.6,1000,0.2,1400,0.2,1
1,17,982,0,0,500,0.6,1000,0.2,1400,0.2,1
1,18,635,1,0,500,0.6,1000,0.2,1400,0.2,0
1,19,832,0,0,500,0.6,1000,0.2,1400,0.2,1
2,0,186,1,0,300,0.5,1700,0.5,2
2,1,203,1,0,500,0.6,1000,0.2,1400,0.2,1
2,2,253,0,0,500,0.6,1000,0.2,1400,0.2,0
2,3,28,0,0,300,0.5,1700,0.5,2
2,4,279,0,0,300,0.5,1700,0.5,1
2,5,126,1,0,300,0.5,1700,0.5,2
2,6,431,1,0,500,0.6,1000,0.2,1400,0.2,0
2,7,899,1,0,500,0.6,1000,0.2,1400,0.2,0
2,8,491,0,0,300,0.5,1700,0.5,1
2,9,483,0,0,300,0.5,1700,0.5,0
2,10,346,1,0,300,0.5,1700,0.5,0
2,11,651,1,0,300,0.5,1700,0.5,0
2,12,492,0,0,300,0.5,1700,0.5,2
2,13,994,0,0,300,0.5,1700,0.5,1
2,14,711,1,0,300,0.5,1700,0.5,0
2,15,772,1,0,500,0.6,1000,0.2,1400,0.2,0
2,16,510,0,0,300,0.5,1700,0.5,1
2,17,631,2,10,5,0,500,0.6,1000,0.2,1400,0.2,0
2,18,735,0,0,500,0.6,1000,0.2,1400,0.2,0
2,19,609,2,10,5,0,300,0.5,1700,0.5,2
3,0,836,1,0,500,0.6,1000,0.2,1400,0.2,2
3,1,902,0,0,300,0.5,1700,0.5,2
3,2,138,0,0,500,0.6,1000,0.2,1400,0.2,2
3,3,118,0,0,500,0.6,1000,0.2,1400,0.2,0
3,4,406,1,0,300,0.5,1700,0.5,2
3,5,473,1,0,300,0.5,1700,0.5,0
3,6,11,1,0,300,0.5,1700,0.5,0
3,7,416,2,10,5,0,300,0.5,1700,0.5,0
3,8,558,1,0,300,0.5,1700,0.5,1
3,9,99,1,0,300,0.5,1700,0.5,0
3,10,326,0,0,500,0.6,1000,0.2,1400,0.2,2
3,11,12,0,0,500,0.6,1000,0.2,1400,0.2,2
3,12,594,0,0,500,0.6,1000,0.2,1400,0.2,2
3,13,764,0,0,300,0.5,1700,0.5,2
3,14,848,1,0,500,0.6,1000,0.2,1400,0.2,2
3,15,967,1,0,300,0.5,1700,0.5,0
3,16,41,0,0,500,0.6,1000,0.2,1400,0.2,2
3,17,895,2,10,5,0,300,0.5,1700,0.5,0
3,18,866,0,0,300,0.5,1700,0.5,2
3,19,712,1,0,300,0.5,1700,0.5,1
4,0,605,1,0,300,0.5,1700,0.5,2
4,1,967,2,10,5,0,300,0.5,1700,0.5,2
4,2,387,1,0,300,0.5,1700,0.5,2
4,3,493,0,0,500,0.6,1000,0.2,1400,0.2,1
4,4,656,2,10,5,0,500,0.6,1000,0.2,1400,0.2,2
4,5,381,0,0,300,0.5,1700,0.5,0
4,6,841,2,10,5,0,300,0.5,1700,0.5,1
4,7,127,2,10,5,0,500,0.6,1000,0.2,1400,0.2,2
4,8,347,0,0,500,0.6,1000,0.2,1400,0.2,0
4,9,109,1,0,300,0.5,1700,0.5,0
4,10,694,2,10,5,0,300,0.5,1700,0.5,2
4,11,877,0,0,500,0.6,1000,0.2,1400,0.2,0
4,12,672,0,0,500,0.6,1000,0.2,1400,0.2,1
4,13,1000,0,0,300,0.5,1700,0.5,1
4,14,140,0,0,300,0.5,1700,0.5,2
4,15,499,1,0,300,0.5,1700,0.5,0
4,16,259,0,0,300,0.5,1700,0.5,0
4,17,739,1,0,300,0.5,1700,0.5,0
4,18,305,0,0,500,0.6,1000,0.2,1400,0.2,0
4,19,924,0,0,300,0.5,1700,0.5,2
5,0,786,1,0,500,0.6,1000,0.2,1400,0.2,1
5,1,133,0,0,500,0.6,1000,0.2,1400,0.2,2
5,2,606,2,10,5,0,500,0.6,1000,0.2,1400,0.2,0
5,3,142,2,10,5,0,500,0.6,1000,0.2,1400,0.2,2
5,4,750,1,0,500,0.6,1000,0.2,1400,0.2,1
5,5,95,1,0,500,0.6,1000,0.2,1400,0.2,0
5,6,309,0,0,500,0.6,1000,0.2,1400,0.2,2
5,7,56,2,10,5,0,500,0.6,1000,0.2,1400,0.2,1
5,8,686,1,0,500,0.6,1000,0.2,1400,0.2,0
5,9,428,2,10,5,0,300,0.5,1700,0.5,2
5,10,194,2,10,5,0,300,0.5,1700,0.5,2
5,11,344,1,0,500,0.6,1000,0.2,1400,0.2,1
5,12,112,0,0,500,0.6,1000,0.2,1400,0.2,2
5,13,934,0,0,300,0.5,1700,0.5,2
5,14,449,1,0,300,0.5,1700,0.5,0
5,15,480,0,0,500,0.6,1000,0.2,1400,0.2,0
5,16,365,0,0,500,0.6,1000,0.2,1400,0.2,1
5,17,41,2,10,5,0,500,0.6,1000,0.2,1400,0.2,0
5,18,44,1,0,300,0.5,1700,0.5,1
5,19,47,2,10,5,0,500,0.6,1000,0.2,1400,0.2,2
6,0,718,1,0,500,0.6,1000,0.2,1400,0.2,2
6,1,242,1,0,300,0.5,1700,0.5,1
6,2,513,1,0,300,0.5,1700,0.5,2
6,3,553,1,0,500,0.6,1000,0.2,1400,0.2,2
6,4,36,1,0,500,0.6,1000,0.2,1400,0.2,0
6,5,980,0,0,300,0.5,1700,0.5,0
6,6,72,1,0,500,0.6,1000,0.2,1400,0.2,2
6,7,129,0,0,300,0.5,1700,0.5,1
6,8,453,0,0,500,0.6,1000,0.2,1400,0.2,2
6,9,827,1,0,500,0.6,1000,0.2,1400,0.2,1
6,10,257,0,0,300,0.5,1700,0.5,1
6,11,605,1,0,300,0.5,1700,0.5,2
6,12,401,2,10,5,0,500,0.6,1000,0.2,1400,0.2,1
6,13,262,0,0,500,0.6,1000,0.2,1400,0.2,2
6,14,267,1,0,300,0.5,1700,0.5,1
6,15,528,1,0,500,0.6,1000,0.2,1400,0.2,0
6,16,302,0,0,300,0.5,1700,0.5,0
6,17,467,1,0,300,0.5,1700,0.5,2
6,18,788,2,10,5,0,300,0.5,1700,0.5,0
6,19,464,0,0,300,0.5,1700,0.5,1
7,0,609,2,10,5,0,500,0.6,1000,0.2,1400,0.2,1
7,1,17,0,0,500,0.6,1000,0.2,1400,0.2,1
7,2,437,2,10,5,0,500,0.6,1000,0.2,1400,0.2,0
7,3,446,0,0,500,0.6,1000,0.2,1400,0.2,1
7,4,997,1,0,500,0.6,1000,0.2,1400,0.2,0
7,5,957,1,0,300,0.5,1700,0.5,0
7,6,19,0,0,300,0.5,1700,0.5,1
7,7,922,1,0,500,0.6,1000,0.2,1400,0.2,2
7,8,264,0,0,500,0.6,1000,0.2,1400,0.2,2
7,9,873,2,10,5,0,500,0.6,1000,0.2,1400,0.2,1
7,10,352,2,10,5,0,300,0.5,1700,0.5,2
7,11,640,2,10,5,0,300,0.5,1700,0.5,2
7,12,265,2,10,5,0,500,0.6,1000,0.2,1400,0.2,1
7,13,510,1,0,500,0.6,1000,0.2,1400,0.2,1
7,14,68,0,0,300,0.5,1700,0.5,2
7,15,109,1,0,500,0.6,1000,0.2,1400,0.2,2
7,16,236,1,0,500,0.6,1000,0.2,1400,0.2,1
7,17,703,1,0,300,0.5,1700,0.5,2
7,18,393,2,10,5,0,500,0.6,1000,0.2,1400,0.2,2
7,19,490,0,0,500,0.6,1000,0.2,1400,0.2,1
8,0,798,2,10,5,0,500,0.6,1000,0.2,1400,0.2,2
8,1,179,2,10,5,0,500,0.6,1000,0.2,1400,0.2,0
8,2,654,2,10,5,0,300,0.5,1700,0.5,2
8,3,24,1,0,500,0.6,1000,0.2,1400,0.2,0
8,4,465,1,0,500,0.6,1000,0.2,1400,0.2,0
8,5,878,1,0,500,0.6,1000,0.2,1400,0.2,2
8,6,819,2,10,5,0,300,0.5,1700,0.5,2
8,7,358,0,0,300,0.5,1700,0.5,0
8,8,200,0,0,300,0.5,1700,0.5,2
8,9,529,2,10,5,0,300,0.5,1700,0.5,2
8,10,738,1,0,300,0.5,1700,0.5,0
8,11,344,0,0,500,0.6,1000,0.2,1400,0.2,0
8,12,226,1,0,500,0.6,1000,0.2,1400,0.2,0
8,13,150,1,0,300,0.5,1700,0.5,0
8,14,501,0,0,300,0.5,1700,0.5,2
8,15,277,2,10,5,0,300,0.5,1700,0.5,2
8,16,166,0,0,500,0.6,1000,0.2,1400,0.2,0
8,17,584,2,10,5,0,500,0.6,1000,0.2,1400,0.2,1
8,18,824,0,0,300,0.5,1700,0.5,1
8,19,183,0,0,500,0.6,1000,0.2,1400,0.2,0
9,0,477,1,0,300,0.5,1700,0.5,0
9,1,714,0,0,300,0.5,1700,0.5,1
9,2,616,1,0,500,0.6,1000,0.2,1400,0.2,0
9,3,597,1,0,300,0.5,1700,0.5,2
9,4,895,2,10,5,0,500,0.6,1000,0.2,1400,0.2,2
9,5,191,1,0,300,0.5,1700,0.5,0
9,6,201,2,10,5,0,500,0.6,1000,0.2,1400,0.2,0
9,7,701,0,0,500,0.6,1000,0.2,1400,0.2,0
9,8,846,2,10,5,0,300,0.5,1700,0.5,1
9,9,406,1,0,500,0.6,1000,0.2,1400,0.2,0
9,10,125,2,10,5,0,300,0.5,1700,0.5,0
9,11,806,1,0,300,0.5,1700,0.5,2
9,12,618,1,0,300,0.5,1700,0.5,0
9,13,384,1,0,300,0.5,1700,0.5,2
9,14,353,2,10,5,0,300,0.5,1700,0.5,1
9,15,247,0,0,300,0.5,1700,0.5,0
9,16,442,1,0,300,0.5,1700,0.5,0
9,17,293,0,0,300,0.5,1700,0.5,2
9,18,342,2,10,5,0,300,0.5,1700,0.5,1
9,19,726,0,0,300,0.5,1700,0.5,1
10,0,18,0,0,500,0.6,1000,0.2,1400,0.2,1
10,1,331,1,0,500,0.6,1000,0.2,1400,0.2,2
10,2,137,2,10,5,0,500,0.6,1000,0.2,1400,0.2,1
10,3,899,2,10,5,0,500,0.6,1000,0.2,1400,0.2,2
10,4,11,2,10,5,0,500,0.6,1000,0.2,1400,0.2,2
10,5,653,1,0,300,0.5,1700,0.5,2
10,6,279,2,10,5,0,500,0.6,1000,0.2,1400,0.2,1
10,7,528,1,0,300,0.5,1700,0.5,2
10,8,251,0,0,500,0.6,1000,0.2,1400,0.2,1
10,9,719,0,0,300,0.5,1700,0.5,0
10,10,664,2,10,5,0,300,0.5,1700,0.5,1
10,11,668,2,10,5,0,500,0.6,1000,0.2,1400,0.2,1
10,12,668,2,10,5,0,500,0.6,1000,0.2,1400,0.2,2
10,13,490,0,0,500,0.6,1000,0.2,1400,0.2,1
10,14,931,2,10,5,0,300,0.5,1700,0.5,2
10,15,414,1,0,300,0.5,1700,0.5,1
10,16,382,0,0,500,0.6,1000,0.2,1400,0.2,1
10,17,856,0,0,300,0.5,1700,0.5,1
10,18,290,2,10,5,0,300,0.5,1700,0.5,0
10,19,913,1,0,300,0.5,1700,0.5,1
11,0,343,1,0,300,0.5,1700,0.5,1
11,1,509,1,0,500,0.6,1000,0.2,1400,0.2,0
11,2,60,2,10,5,0,500,0.6,1000,0.2,1400,0.2,1
11,3,404,2,10,5,0,500,0.6,1000,0.2,1400,0.2,2
11,4,900,0,0,500,0.6,1000,0.2,1400,0.2,2
11,5,880,2,10,5,0,300,0.5,1700,0.5,0
11,6,455,0,0,500,0.6,1000,0.2,1400,0.2,2
11,7,483,0,0,500,0.6,1000,0.2,1400,0.2,1
11,8,653,2,10,5,0,300,0.5,1700,0.5,1
11,9,968,2,10,5,0,500,0.6,1000,0.2,1400,0.2,0
11,10,536,2,10,5,0,500,0.6,1000,0.2,1400,0.2,1
11,11,273,0,0,500,0.6,1000,0.2,1400,0.2,2
11,12,622,2,10,5,0,300,0.5,1700,0.5,0
11,13,31,2,10,5,0,300,0.5,1700,0.5,2
11,14,258,0,0,500,0.6,1000,0.2,1400,0.2,0
11,15,631,2,10,5,0,300,0.5,1700,0.5,2
11,16,721,2,10,5,0,500,0.6,1000,0.2,1400,0.2,0
11,17,970,1,0,300,0.5,1700,0.5,1
11,18,720,1,0,500,0.6,1000,0.2,1400,0.2,2
11,19,764,1,0,500,0.6,1000,0.2,1400,0.2,2
12,0,866,2,10,5,0,300,0.5,1700,0.5,2
12,1,712,0,0,300,0.5,1700,0.5,1
12,2,481,1,0,500,0.6,1000,0.2,1400,0.2,2
12,3,137,1,0,300,0.5,1700,0.5,2
12,4,891,1,0,500,0.6,1000,0.2,1400,0.2,0
12,5,430,1,0,500,0.6,1000,0.2,1400,0.2,2
12,6,279,0,0,300,0.5,1700,0.5,0
12,7,864,2,10,5,0,300,0.5,1700,0.5,0
12,8,110,1,0,500,0.6,1000,0.2,1400,0.2,0
12,9,309,2,10,5,0,300,0.5,1700,0.5,0
12,10,125,1,0,500,0.6,1000,0.2,1400,0.2,2
12,11,232,0,0,500,0.6,1000,0.2,1400,0.2,2
12,12,657,1,0,300,0.5,1700,0.5,0
12,13,336,0,0,300,0.5,1700,0.5,0
12,14,769,0,0,500,0.6,1000,0.2,1400,0.2,0
12,15,75,1,0,500,0.6,1000,0.2,1400,0.2,0
12,16,450,2,10,5,0,300,0.5,1700,0.5,0
12,17,182,1,0,300,0.5,1700,0.5,1
12,18,857,2,10,5,0,300,0.5,1700,0.5,2
12,19,477,0,0,500,0.6,1000,0.2,1400,0.2,0
13,0,938,2,10,5,0,300,0.5,1700,0.5,2
13,1,824,0,0,500,0.6,1000,0.2,1400,0.2,1
13,2,547,2,10,5,0,300,0.5,1700,0.5,1
13,3,477,2,10,5,0,500,0.6,1000,0.2,1400,0.2,1
13,4,556,1,0,300,0.5,1700,0.5,0
13,5,41,0,0,500,0.6,1000,0.2,1400,0.2,2
13,6,843,0,0,500,0.6,1000,0.2,1400,0.2,0
13,7,306,2,10,5,0,300,0.5,1700,0.5,0
13,8,280,1,0,300,0.5,1700,0.5,0
13,9,762,2,10,5,0,500,0.6,1000,0.2,1400,0.2,0
13,10,769,0,0,300,0.5,1700,0.5,2
13,11,852,1,0,300,0.5,1700,0.5,0
13,12,343,2,10,5,0,500,0.6,1000,0.2,1400,0.2,1
13,13,377,1,0,300,0.5,1700,0.5,1
13,14,735,0,0,300,0.5,1700,0.5,0
13,15,107,0,0,300,0.5,1700,0.5,1
13,16,320,1,0,500,0.6,1000,0.2,1400,0.2,2
13,17,627,0,0,300,0.5,1700,0.5,1
13,18,771,0,0,500,0.6,1000,0.2,1400,0.2,1
13,19,742,1,0,300,0.5,1700,0.5,1
14,0,442,0,0,500,0.6,1000,0.2,1400,0.2,2
14,1,841,2,10,5,0,300,0.5,1700,0.5,1
14,2,244,2,10,5,0,300,0.5,1700,0.5,0
14,3,756,2,10,5,0,500,0.6,1000,0.2,1400,0.2,1
14,4,239,0,0,300,0.5,1700,0.5,1
14,5,334,1,0,300,0.5,1700,0.5,2
14,6,201,0,0,300,0.5,1700,0.5,1
14,7,520,0,0,300,0.5,1700,0.5,2
14,8,504,2,10,5,0,300,0.5,1700,0.5,0
14,9,661,1,0,500,0.6,1000,0.2,1400,0.2,1
14,10,703,2,10,5,0,500,0.6,1000,0.2,1400,0.2,2
14,11,543,1,0,500,0.6,1000,0.2,1400,0.2,2
14,12,31,2,10,5,0,500,0.6,1000,0.2,1400,0.2,2
14,13,131,2,10,5,0,500,0.6,1000,0.2,1400,0.2,1
14,14,795,1,0,300,0.5,1700,0.5,1
14,15,431,1,0,300,0.5,1700,0.5,1
14,16,418,0,0,500,0.6,1000,0.2,1400,0.2,0
14,17,772,0,0,500,0.6,1000,0.2,1400,0.2,1
14,18,499,2,10,5,0,300,0.5,1700,0.5,1
14,19,925,0,0,300,0.5,1700,0.5,2
15,0,400,2,10,5,0,300,0.5,1700,0.5,1
15,1,627,0,0,300,0.5,1700,0.5,2
15,2,712,2,10,5,0,300,0.5,1700,0.5,0
15,3,144,1,0,500,0.6,1000,0.2,1400,0.2,2
15,4,600,1,0,500,0.6,1000,0.2,1400,0.2,1
15,5,537,2,10,5,0,500,0.6,1000,0.2,1400,0.2,2
15,6,801,0,0,500,0.6,1000,0.2,1400,0.2,2
15,7,480,1,0,500,0.6,1000,0.2,1400,0.2,0
15,8,678,0,0,500,0.6,1000,0.2,1400,0.2,0
15,9,991,0,0,300,0.5,1700,0.5,1
15,10,174,1,0,500,0.6,1000,0.2,1400,0.2,1
15,11,605,0,0,300,0.5,1700,0.5,0
15,12,730,1,0,300,0.5,1700,0.5,0
15,13,457,0,0,300,0.5,1700,0.5,2
15,14,28,2,10,5,0,300,0.5,1700,0.5,2
15,15,479,0,0,500,0.6,1000,0.2,1400,0.2,0
15,16,330,2,10,5,0,300,0.5,1700,0.5,0
15,17,268,2,10,5,0,500,0.6,1000,0.2,1400,0.2,2
15,18,56,0,0,300,0.5,1700,0.5,0
15,19,418,1,0,500,0.6,1000,0.2,1400,0.2,1
16,0,106,1,0,300,0.5,1700,0.5,0
16,1,851,0,0,500,0.6,1000,0.2,1400,0.2,2
16,2,249,1,0,500,0.6,1000,0.2,1400,0.2,0
16,3,93,1,0,500,0.6,1000,0.2,1400,0.2,1
16,4,525,2,10,5,0,500,0.6,1000,0.2,1400,0.2,0
16,5,984,0,0,500,0.6,1000,0.2,1400,0.2,1
16,6,307,2,10,5,0,300,0.5,1700,0.5,0
16,7,285,1,0,500,0.6,1000,0.2,1400,0.2,0
16,8,96,0,0,500,0.6,1000,0.2,1400,0.2,2
16,9,232,2,10,5,0,300,0.5,1700,0.5,2
16,10,852,2,10,5,0,300,0.5,1700,0.5,2
16,11,310,0,0,500,0.6,1000,0.2,1400,0.2,0
16,12,672,0,0,500,0.6,1000,0.2,1400,0.2,1
16,13,335,1,0,300,0.5,1700,0.5,1
16,14,301,2,10,5,0,300,0.5,1700,0.5,2
16,15,874,0,0,500,0.6,1000,0.2,1400,0.2,0
16,16,27,2,10,5,0,300,0.5,1700,0.5,1
16,17,532,2,10,5,0,300,0.5,1700,0.5,1
16,18,442,1,0,300,0.5,1700,0.5,0
16,19,336,1,0,500,0.6,1000,0.2,1400,0.2,2
17,0,462,2,10,5,0,500,0.6,1000,0.2,1400,0.2,1
17,1,492,2,10,5,0,500,0.6,1000,0.2,1400,0.2,0
17,2,655,2,10,5,0,500,0.6,1000,0.2,1400,0.2,1
17,3,638,2,10,5,0,300,0.5,1700,0.5,0
17,4,330,2,10,5,0,500,0.6,1000,0.2,1400,0.2,0
17,5,989,0,0,300,0.5,1700,0.5,0
17,6,904,2,10,5,0,500,0.6,1000,0.2,1400,0.2,2
17,7,838,2,10,5,0,300,0.5,1700,0.5,2
17,8,282,1,0,500,0.6,1000,0.2,1400,0.2,1
17,9,666,1,0,300,0.5,1700,0.5,2
17,10,854,1,0,500,0.6,1000,0.2,1400,0.2,1
17,11,895,0,0,300,0.5,1700,0.5,1
17,12,881,1,0,300,0.5,1700,0.5,1
17,13,983,2,10,5,0,500,0.6,1000,0.2,1400,0.2,2
17,14,700,0,0,300,0.5,1700,0.5,1
17,15,132,0,0,300,0.5,1700,0.5,2
17,16,275,0,0,300,0.5,1700,0.5,2
17,17,811,2,10,5,0,500,0.6,1000,0.2,1400,0.2,0
17,18,204,1,0,300,0.5,1700,0.5,1
17,19,300,2,10,5,0,300,0.5,1700,0.5,0
18,0,926,2,10,5,0,500,0.6,1000,0.2,1400,0.2,0
18,1,128,0,0,300,0.5,1700,0.5,2
18,2,334,2,10,5,0,300,0.5,1700,0.5,1
18,3,85,0,0,300,0.5,1700,0.5,1
18,4,875,0,0,300,0.5,1700,0.5,1
18,5,152,2,10,5,0,300,0.5,1700,0.5,1
18,6,634,2,10,5,0,500,0.6,1000,0.2,1400,0.2,2
18,7,545,0,0,500,0.6,1000,0.2,1400,0.2,0
18,8,447,1,0,500,0.6,1000,0.2,1400,0.2,2
18,9,399,0,0,300,0.5,1700,0.5,1
18,10,254,1,0,300,0.5,1700,0.5,0
18,11,668,1,0,500,0.6,1000,0.2,1400,0.2,1
18,12,971,0,0,300,0.5,1700,0.5,2
18,13,167,2,10,5,0,500,0.6,1000,0.2,1400,0.2,0
18,14,16,1,0,500,0.6,1000,0.2,1400,0.2,0
18,15,446,0,0,300,0.5,1700,0.5,2
18,16,344,2,10,5,0,300,0.5,1700,0.5,0
18,17,435,2,10,5,0,300,0.5,1700,0.5,2
18,18,298,2,10,5,0,500,0.6,1000,0.2,1400,0.2,2
18,19,176,2,10,5,0,500,0.6,1000,0.2,1400,0.2,0
19,0,179,2,10,5,0,300,0.5,1700,0.5,2
19,1,810,2,10,5,0,300,0.5,1700,0.5,2
19,2,566,2,10,5,0,300,0.5,1700,0.5,1
19,3,664,1,0,300,0.5,1700,0.5,0
19,4,375,0,0,300,0.5,1700,0.5,2
19,5,477,2,10,5,0,500,0.6,1000,0.2,1400,0.2,2
19,6,359,0,0,300,0.5,1700,0.5,0
19,7,516,1,0,300,0.5,1700,0.5,0
19,8,390,0,0,300,0.5,1700,0.5,1
19,9,858,1,0,300,0.5,1700,0.5,0
19,10,708,1,0,500,0.6,1000,0.2,1400,0.2,2
19,11,877,1,0,300,0.5,1700,0.5,2
19,12,1000,2,10,5,0,300,0.5,1700,0.5,0
19,13,259,0,0,500,0.6,1000,0.2,1400,0.2,1
19,14,803,2,10,5,0,300,0.5,1700,0.5,0
19,15,775,0,0,500,0.6,1000,0.2,1400,0.2,1
19,16,140,0,0,300,0.5,1700,0.5,2
19,17,829,0,0,500,0.6,1000,0.2,1400,0.2,1
19,18,447,2,10,5,0,500,0.6,1000,0.2,1400,0.2,2
19,19,340,0,0,300,0.5,1700,0.5,2
