0,0,174,1,0,500,0.6,1000,0.2,1400,0.2,2
0,1,268,0,0,500,0.6,1000,0.2,1400,0.2,1
0,2,447,0,0,300,0.5,1700,0.5,2
0,3,307,2,10,5,0,500,0.6,1000,0.2,1400,0.2,0
0,4,861,1,0,300,0.5,1700,0.5,0
0,5,307,0,0,300,0.5,1700,0.5,0
0,6,536,2,10,5,0,500,0.6,1000,0.2,1400,0.2,2
0,7,393,0,0,500,0.6,1000,0.2,1400,0.2,2
0,8,897,0,0,300,0.5,1700,0.5,0
0,9,318,2,10,5,0,300,0.5,1700,0.5,2
0,10,687,2,10,5,0,300,0.5,1700,0.5,1
0,11,419,0,0,300,0.5,1700,0.5,1
0,12,919,2,10,5,0,300,0.5,1700,0.5,1
0,13,547,1,0,500,0.6,1000,0.2,1400,0.2,0
0,14,482,1,0,300,0.5,1700,0.5,2
0,15,985,1,0,500,0.6,1000,0.2,1400,0.2,0
0,16,83,2,10,5,0,500,0.6,1000,0.2,1400,0.2,2
0,17,798,1,0,500,0.6,1000,0.2,1400,0.2,0
0,18,218,2,10,5,0,500,0.6,1000,0.2,1400,0.2,0
0,19,365,0,0,300,0.5,1700,0.5,2
1,0,67,1,0,500,0.6,1000,0.2,1400,0.2,2
1,1,136,0,0,300,0.5,1700,0.5,0
1,2,158,0,0,300,0.5,1700,0.5,2
1,3,798,2,10,5,0,500,0.6,1000,0.2,1400,0.2,2
1,4,981,0,0,300,0.5,1700,0.5,1
1,5,516,0,0,500,0.6,1000,0.2,1400,0.2,0
1,6,415,1,0,500,0.6,1000,0.2,1400,0.2,1
1,7,733,2,10,5,0,300,0.5,1700,0.5,1
1,8,432,2,10,5,0,500,0.6,1000,0.2,1400,0.2,2
1,9,685,1,0,300,0.5,1700,0.5,1
1,10,884,2,10,5,0,300,0.5,1700,0.5,0
1,11,336,2,10,5,0,300,0.5,1700,0.5,1
1,12,172,0,0,500,0.6,1000,0.2,1400,0.2,2
1,13,680,1,0,300,0.5,1700,0.5,0
1,14,290,2,10,5,0,500,0.6,1000,0.2,1400,0.2,1
1,15,670,1,0,300,0.5,1700,0.5,2
1,16,588,1,0,300,0.5,1700,0.5,0
1,17,710,1,0,500,0.6,1000,0.2,1400,0.2,1
1,18,262,1,0,500,0.6,1000,0.2,1400,0.2,2
1,19,894,2,10,5,0,300,0.5,1700,0.5,2
2,0,929,0,0,300,0.5,1700,0.5,0
2,1,583,1,0,500,0.6,1000,0.2,1400,0.2,2
2,2,650,2,10,5,0,500,0.6,1000,0.2,1400,0.2,0
2,3,215,2,10,5,0,500,0.6,1000,0.2,1400,0.2,0
2,4,545,2,10,5,0,500,0.6,1000,0.2,1400,0.2,1
2,5,236,2,10,5,0,300,0.5,1700,0.5,2
2,6,261,1,0,500,0.6,1000,0.2,1400,0.2,1
2,7,679,2,10,5,0,300,0.5,1700,0.5,2
2,8,573,1,0,500,0.6,1000,0.2,1400,0.2,0
2,9,745,0,0,300,0.5,1700,0.5,1
2,10,548,0,0,500,0.6,1000,0.2,1400,0.2,0
2,11,886,0,0,300,0.5,1700,0.5,1
2,12,558,0,0,300,0.5,1700,0.5,0
2,13,352,2,10,5,0,500,0.6,1000,0.2,1400,0.2,0
2,14,249,2,10,5,0,500,0.6,1000,0.2,1400,0.2,2
2,15,391,2,10,5,0,500,0.6,1000,0.2,1400,0.2,2
2,16,453,0,0,300,0.5,1700,0.5,0
2,17,482,1,0,300,0.5,1700,0.5,0
2,18,44,0,0,300,0.5,1700,0.5,2
2,19,250,0,0,500,0.6,1000,0.2,1400,0.2,0
3,0,963,1,0,500,0.6,1000,0.2,1400,0.2,1
3,1,650,1,0,500,0.6,1000,0.2,1400,0.2,0
3,2,855,2,10,5,0,300,0.5,1700,0.5,0
3,3,660,1,0,500,0.6,1000,0.2,1400,0.2,0
3,4,531,1,0,500,0.6,1000,0.2,1400,0.2,0
3,5,452,1,0,500,0.6,1000,0.2,1400,0.2,1
3,6,62,1,0,300,0.5,1700,0.5,1
3,7,35,0,0,300,0.5,1700,0.5,0
3,8,523,2,10,5,0,300,0.5,1700,0.5,2
3,9,726,0,0,300,0.5,1700,0.5,0
3,10,995,1,0,500,0.6,1000,0.2,1400,0.2,1
3,11,362,2,10,5,0,300,0.5,1700,0.5,2
3,12,671,0,0,300,0.5,1700,0.5,1
3,13,609,0,0,500,0.6,1000,0.2,1400,0.2,1
3,14,905,1,0,300,0.5,1700,0.5,0
3,15,104,2,10,5,0,500,0.6,1000,0.2,1400,0.2,0
3,16,743,0,0,300,0.5,1700,0.5,2
3,17,754,0,0,500,0.6,1000,0.2,1400,0.2,0
3,18,417,2,10,5,0,300,0.5,1700,0.5,2
3,19,839,1,0,500,0.6,1000,0.2,1400,0.2,1
4,0,425,2,10,5,0,500,0.6,1000,0.2,1400,0.2,1
4,1,775,0,0,300,0.5,1700,0.5,0
4,2,124,0,0,500,0.6,1000,0.2,1400,0.2,2
4,3,805,0,0,500,0.6,1000,0.2,1400,0.2,2
4,4,47,2,10,5,0,500,0.6,1000,0.2,1400,0.2,2
4,5,807,2,10,5,0,500,0.6,1000,0.2,1400,0.2,1
4,6,370,0,0,300,0.5,1700,0.5,2
4,7,266,2,10,5,0,300,0.5,1700,0.5,1
4,8,768,0,0,500,0.6,1000,0.2,1400,0.2,2
4,9,151,1,0,300,0.5,1700,0.5,0
4,10,640,0,0,300,0.5,1700,0.5,1
4,11,860,2,10,5,0,300,0.5,1700,0.5,1
4,12,895,2,10,5,0,300,0.5,1700,0.5,0
4,13,62,2,10,5,0,300,0.5,1700,0.5,2
4,14,600,2,10,5,0,500,0.6,1000,0.2,1400,0.2,2
4,15,582,0,0,300,0.5,1700,0.5,2
4,16,294,2,10,5,0,300,0.5,1700,0.5,1
4,17,436,1,0,300,0.5,1700,0.5,1
4,18,619,1,0,500,0.6,1000,0.2,1400,0.2,1
4,19,368,0,0,500,0.6,1000,0.2,1400,0.2,0
5,0,634,2,10,5,0,500,0.6,1000,0.2,1400,0.2,2
5,1,757,0,0,300,0.5,1700,0.5,0
5,2,282,0,0,300,0.5,1700,0.5,0
5,3,298,2,10,5,0,500,0.6,1000,0.2,1400,0.2,2
5,4,218,1,0,500,0.6,1000,0.2,1400,0.2,2
5,5,855,2,10,5,0,300,0.5,1700,0.5,1
5,6,835,2,10,5,0,500,0.6,1000,0.2,1400,0.2,2
5,7,515,0,0,500,0.6,1000,0.2,1400,0.2,2
5,8,308,0,0,300,0.5,1700,0.5,0
5,9,950,2,10,5,0,300,0.5,1700,0.5,2
5,10,812,2,10,5,0,300,0.5,1700,0.5,2
5,11,122,1,0,300,0.5,1700,0.5,0
5,12,139,1,0,300,0.5,1700,0.5,2
5,13,50,0,0,500,0.6,1000,0.2,1400,0.2,1
5,14,800,2,10,5,0,300,0.5,1700,0.5,1
5,15,832,1,0,300,0.5,1700,0.5,2
5,16,171,0,0,500,0.6,1000,0.2,1400,0.2,2
5,17,84,0,0,300,0.5,1700,0.5,1
5,18,713,0,0,500,0.6,1000,0.2,1400,0.2,0
5,19,273,2,10,5,0,500,0.6,1000,0.2,1400,0.2,1
6,0,137,0,0,500,0.6,1000,0.2,1400,0.2,2
6,1,181,1,0,300,0.5,1700,0.5,1
6,2,720,2,10,5,0,500,0.6,1000,0.2,1400,0.2,2
6,3,404,0,0,300,0.5,1700,0.5,2
6,4,970,0,0,500,0.6,1000,0.2,1400,0.2,1
6,5,109,0,0,300,0.5,1700,0.5,1
6,6,791,0,0,500,0.6,1000,0.2,1400,0.2,1
6,7,946,0,0,300,0.5,1700,0.5,1
6,8,285,1,0,300,0.5,1700,0.5,1
6,9,879,1,0,300,0.5,1700,0.5,2
6,10,489,0,0,300,0.5,1700,0.5,1
6,11,725,0,0,500,0.6,1000,0.2,1400,0.2,2
6,12,688,2,10,5,0,300,0.5,1700,0.5,0
6,13,539,0,0,500,0.6,1000,0.2,1400,0.2,2
6,14,182,0,0,500,0.6,1000,0.2,1400,0.2,1
6,15,364,1,0,500,0.6,1000,0.2,1400,0.2,0
6,16,255,0,0,500,0.6,1000,0.2,1400,0.2,1
6,17,405,0,0,500,0.6,1000,0.2,1400,0.2,2
6,18,53,1,0,500,0.6,1000,0.2,1400,0.2,2
6,19,197,1,0,300,0.5,1700,0.5,0
7,0,841,0,0,500,0.6,1000,0.2,1400,0.2,2
7,1,307,0,0,500,0.6,1000,0.2,1400,0.2,2
7,2,111,2,10,5,0,500,0.6,1000,0.2,1400,0.2,1
7,3,666,2,10,5,0,300,0.5,1700,0.5,0
7,4,680,2,10,5,0,300,0.5,1700,0.5,0
7,5,708,1,0,300,0.5,1700,0.5,1
7,6,629,1,0,300,0.5,1700,0.5,2
7,7,176,2,10,5,0,300,0.5,1700,0.5,1
7,8,219,0,0,300,0.5,1700,0.5,2
7,9,710,2,10,5,0,500,0.6,1000,0.2,1400,0.2,0
7,10,909,0,0,300,0.5,1700,0.5,2
7,11,326,2,10,5,0,300,0.5,1700,0.5,0
7,12,875,2,10,5,0,500,0.6,1000,0.2,1400,0.2,0
7,13,299,0,0,500,0.6,1000,0.2,1400,0.2,0
7,14,251,2,10,5,0,500,0.6,1000,0.2,1400,0.2,1
7,15,729,2,10,5,0,300,0.5,1700,0.5,0
7,16,850,0,0,300,0.5,1700,0.5,2
7,17,989,0,0,500,0.6,1000,0.2,1400,0.2,1
7,18,775,1,0,500,0.6,1000,0.2,1400,0.2,1
7,19,86,1,0,300,0.5,1700,0.5,2
8,0,592,2,10,5,0,300,0.5,1700,0.5,2
8,1,152,1,0,300,0.5,1700,0.5,0
8,2,689,2,10,5,0,500,0.6,1000,0.2,1400,0.2,0
8,3,658,2,10,5,0,300,0.5,1700,0.5,2
8,4,259,2,10,5,0,500,0.6,1000,0.2,1400,0.2,2
8,5,113,2,10,5,0,500,0.6,1000,0.2,1400,0.2,0
8,6,226,1,0,500,0.6,1000,0.2,1400,0.2,2
8,7,560,1,0,300,0.5,1700,0.5,1
8,8,511,1,0,300,0.5,1700,0.5,1
8,9,479,2,10,5,0,300,0.5,1700,0.5,1
8,10,673,2,10,5,0,500,0.6,1000,0.2,1400,0.2,0
8,11,491,1,0,500,0.6,1000,0.2,1400,0.2,2
8,12,406,1,0,300,0.5,1700,0.5,1
8,13,828,1,0,500,0.6,1000,0.2,1400,0.2,0
8,14,21,0,0,500,0.6,1000,0.2,1400,0.2,0
8,15,284,0,0,500,0.6,1000,0.2,1400,0.2,2
8,16,760,2,10,5,0,500,0.6,1000,0.2,1400,0.2,1
8,17,618,1,0,300,0.5,1700,0.5,2
8,18,587,2,10,5,0,300,0.5,1700,0.5,1
8,19,402,0,0,300,0.5,1700,0.5,2
9,0,865,1,0,300,0.5,1700,0.5,1
9,1,754,0,0,500,0.6,1000,0.2,1400,0.2,0
9,2,665,1,0,300,0.5,1700,0.5,2
9,3,250,1,0,300,0.5,1700,0.5,2
9,4,734,1,0,300,0.5,1700,0.5,2
9,5,842,2,10,5,0,500,0.6,1000,0.2,1400,0.2,1
9,6,540,0,0,300,0.5,1700,0.5,0
9,7,625,0,0,500,0.6,1000,0.2,1400,0.2,2
9,8,968,1,0,500,0.6,1000,0.2,1400,0.2,2
9,9,946,1,0,500,0.6,1000,0.2,1400,0.2,0
9,10,936,0,0,500,0.6,1000,0.2,1400,0.2,1
9,11,607,2,10,5,0,300,0.5,1700,0.5,1
9,12,776,1,0,300,0.5,1700,0.5,0
9,13,204,1,0,300,0.5,1700,0.5,1
9,14,383,1,0,300,0.5,1700,0.5,2
9,15,378,2,10,5,0,500,0.6,1000,0.2,1400,0.2,0
9,16,937,2,10,5,0,500,0.6,1000,0.2,1400,0.2,1
9,17,129,2,10,5,0,500,0.6,1000,0.2,1400,0.2,2
9,18,298,0,0,300,0.5,1700,0.5,0
9,19,418,2,10,5,0,500,0.6,1000,0.2,1400,0.2,1
10,0,522,1,0,300,0.5,1700,0.5,2
10,1,103,0,0,300,0.5,1700,0.5,0
10,2,88,0,0,300,0.5,1700,0.5,0
10,3,565,0,0,300,0.5,1700,0.5,1
10,4,347,0,0,300,0.5,1700,0.5,1
10,5,761,1,0,300,0.5,1700,0.5,1
10,6,548,2,10,5,0,500,0.6,1000,0.2,1400,0.2,0
10,7,289,0,0,500,0.6,1000,0.2,1400,0.2,2
10,8,829,1,0,300,0.5,1700,0.5,2
10,9,802,2,10,5,0,500,0.6,1000,0.2,1400,0.2,0
10,10,100,1,0,300,0.5,1700,0.5,1
10,11,332,0,0,300,0.5,1700,0.5,1
10,12,263,2,10,5,0,500,0.6,1000,0.2,1400,0.2,2
10,13,325,0,0,300,0.5,1700,0.5,2
10,14,156,2,10,5,0,500,0.6,1000,0.2,1400,0.2,1
10,15,254,1,0,500,0.6,1000,0.2,1400,0.2,0
10,16,42,1,0,300,0.5,1700,0.5,0
10,17,316,0,0,300,0.5,1700,0.5,1
10,18,296,0,0,500,0.6,1000,0.2,1400,0.2,1
10,19,180,1,0,300,0.5,1700,0.5,2
11,0,624,2,10,5,0,500,0.6,1000,0.2,1400,0.2,2
11,1,32,1,0,500,0.6,1000,0.2,1400,0.2,2
11,2,965,0,0,500,0.6,1000,0.2,1400,0.2,1
11,3,475,0,0,300,0.5,1700,0.5,0
11,4,359,2,10,5,0,500,0.6,1000,0.2,1400,0.2,2
11,5,726,0,0,300,0.5,1700,0.5,1
11,6,534,1,0,500,0.6,1000,0.2,1400,0.2,1
11,7,543,1,0,500,0.6,1000,0.2,1400,0.2,0
11,8,270,1,0,300,0.5,1700,0.5,2
11,9,743,2,10,5,0,500,0.6,1000,0.2,1400,0.2,0
11,10,336,0,0,500,0.6,1000,0.2,1400,0.2,1
11,11,196,0,0,300,0.5,1700,0.5,0
11,12,855,2,10,5,0,500,0.6,1000,0.2,1400,0.2,0
11,13,565,0,0,500,0.6,1000,0.2,1400,0.2,1
11,14,656,1,0,300,0.5,1700,0.5,0
11,15,559,1,0,300,0.5,1700,0.5,1
11,16,348,1,0,300,0.5,1700,0.5,1
11,17,19,2,10,5,0,300,0.5,1700,0.5,2
11,18,62,1,0,300,0.5,1700,0.5,2
11,19,378,0,0,300,0.5,1700,0.5,1
12,0,881,1,0,500,0.6,1000,0.2,1400,0.2,1
12,1,503,2,10,5,0,500,0.6,1000,0.2,1400,0.2,0
12,2,375,2,10,5,0,300,0.5,1700,0.5,2
12,3,404,0,0,500,0.6,1000,0.2,1400,0.2,2
12,4,289,0,0,500,0.6,1000,0.2,1400,0.2,1
12,5,464,2,10,5,0,300,0.5,1700,0.5,0
12,6,844,2,10,5,0,300,0.5,1700,0.5,1
12,7,646,0,0,300,0.5,1700,0.5,0
12,8,365,0,0,300,0.5,1700,0.5,2
12,9,423,1,0,300,0.5,1700,0.5,2
12,10,440,2,10,5,0,300,0.5,1700,0.5,1
12,11,147,0,0,300,0.5,1700,0.5,0
12,12,653,1,0,500,0.6,1000,0.2,1400,0.2,2
12,13,120,2,10,5,0,500,0.6,1000,0.2,1400,0.2,1
12,14,514,2,10,5,0,300,0.5,1700,0.5,2
12,15,941,1,0,300,0.5,1700,0.5,1
12,16,336,0,0,300,0.5,1700,0.5,2
12,17,985,2,10,5,0,300,0.5,1700,0.5,0
12,18,380,2,10,5,0,300,0.5,1700,0.5,0
12,19,938,2,10,5,0,300,0.5,1700,0.5,2
13,0,956,2,10,5,0,300,0.5,1700,0.5,1
13,1,561,2,10,5,0,500,0.6,1000,0.2,1400,0.2,1
13,2,239,2,10,5,0,500,0.6,1000,0.2,1400,0.2,1
13,3,116,1,0,500,0.6,1000,0.2,1400,0.2,1
13,4,901,2,10,5,0,300,0.5,1700,0.5,0
13,5,877,2,10,5,0,500,0.6,1000,0.2,1400,0.2,2
13,6,63,1,0,500,0.6,1000,0.2,1400,0.2,2
13,7,121,2,10,5,0,500,0.6,1000,0.2,1400,0.2,1
13,8,640,1,0,500,0.6,1000,0.2,1400,0.2,1
13,9,230,2,10,5,0,300,0.5,1700,0.5,2
13,10,94,0,0,500,0.6,1000,0.2,1400,0.2,2
13,11,648,2,10,5,0,300,0.5,1700,0.5,1
13,12,600,2,10,5,0,500,0.6,1000,0.2,1400,0.2,2
13,13,772,1,0,500,0.6,1000,0.2,1400,0.2,1
13,14,839,1,0,300,0.5,1700,0.5,1
13,15,10,1,0,300,0.5,1700,0.5,1
13,16,908,0,0,300,0.5,1700,0.5,2
13,17,558,1,0,300,0.5,1700,0.5,2
13,18,729,0,0,300,0.5,1700,0.5,0
13,19,769,2,10,5,0,500,0.6,1000,0.2,1400,0.2,0
14,0,817,2,10,5,0,500,0.6,1000,0.2,1400,0.2,0
14,1,34,1,0,300,0.5,1700,0.5,2
14,2,859,1,0,500,0.6,1000,0.2,1400,0.2,2
14,3,492,2,10,5,0,500,0.6,1000,0.2,1400,0.2,1
14,4,707,1,0,500,0.6,1000,0.2,1400,0.2,0
14,5,135,1,0,300,0.5,1700,0.5,1
14,6,105,2,10,5,0,500,0.6,1000,0.2,1400,0.2,2
14,7,964,2,10,5,0,300,0.5,1700,0.5,2
14,8,106,0,0,300,0.5,1700,0.5,2
14,9,900,1,0,500,0.6,1000,0.2,1400,0.2,1
14,10,881,0,0,300,0.5,1700,0.5,1
14,11,332,2,10,5,0,300,0.5,1700,0.5,0
14,12,724,2,10,5,0,500,0.6,1000,0.2,1400,0.2,0
14,13,490,2,10,5,0,300,0.5,1700,0.5,2
14,14,329,1,0,500,0.6,1000,0.2,1400,0.2,0
14,15,112,1,0,300,0.5,1700,0.5,0
14,16,414,2,10,5,0,300,0.5,1700,0.5,1
14,17,112,0,0,300,0.5,1700,0.5,0
14,18,235,2,10,5,0,500,0.6,1000,0.2,1400,0.2,1
14,19,983,1,0,500,0.6,1000,0.2,1400,0.2,2
15,0,973,0,0,300,0.5,1700,0.5,2
15,1,137,0,0,300,0.5,1700,0.5,2
15,2,637,0,0,500,0.6,1000,0.2,1400,0.2,2
15,3,601,1,0,500,0.6,1000,0.2,1400,0.2,2
15,4,696,0,0,500,0.6,1000,0.2,1400,0.2,2
15,5,183,2,10,5,0,500,0.6,1000,0.2,1400,0.2,1
15,6,180,0,0,300,0.5,1700,0.5,2
15,7,92,1,0,500,0.6,1000,0.2,1400,0.2,1
15,8,468,2,10,5,0,300,0.5,1700,0.5,2
15,9,500,2,10,5,0,300,0.5,1700,0.5,1
15,10,177,0,0,300,0.5,1700,0.5,2
15,11,248,2,10,5,0,300,0.5,1700,0.5,0
15,12,943,1,0,500,0.6,1000,0.2,1400,0.2,0
15,13,191,1,0,500,0.6,1000,0.2,1400,0.2,2
15,14,989,1,0,300,0.5,1700,0.5,0
15,15,276,1,0,500,0.6,1000,0.2,1400,0.2,1
15,16,943,0,0,500,0.6,1000,0.2,1400,0.2,1
15,17,664,1,0,300,0.5,1700,0.5,0
15,18,858,2,10,5,0,300,0.5,1700,0.5,1
15,19,40,2,10,5,0,300,0.5,1700,0.5,1
16,0,582,0,0,300,0.5,1700,0.5,2
16,1,526,0,0,300,0.5,1700,0.5,2
16,2,494,2,10,5,0,300,0.5,1700,0.5,1
16,3,800,0,0,500,0.6,1000,0.2,1400,0.2,1
16,4,974,1,0,300,0.5,1700,0.5,2
16,5,128,0,0,500,0.6,1000,0.2,1400,0.2,0
16,6,751,1,0,300,0.5,1700,0.5,2
16,7,250,1,0,500,0.6,1000,0.2,1400,0.2,1
16,8,65,2,10,5,0,300,0.5,1700,0.5,1
16,9,690,0,0,300,0.5,1700,0.5,2
16,10,832,0,0,500,0.6,1000,0.2,1400,0.2,1
16,11,141,2,10,5,0,500,0.6,1000,0.2,1400,0.2,0
16,12,293,1,0,500,0.6,1000,0.2,1400,0.2,2
16,13,780,2,10,5,0,300,0.5,1700,0.5,1
16,14,205,1,0,300,0.5,1700,0.5,1
16,15,398,0,0,300,0.5,1700,0.5,0
16,16,104,0,0,500,0.6,1000,0.2,1400,0.2,0
16,17,40,0,0,300,0.5,1700,0.5,0
16,18,893,0,0,500,0.6,1000,0.2,1400,0.2,0
16,19,62,0,0,300,0.5,1700,0.5,0
17,0,66,0,0,300,0.5,1700,0.5,1
17,1,678,1,0,300,0.5,1700,0.5,0
17,2,388,1,0,300,0.5,1700,0.5,2
17,3,248,2,10,5,0,500,0.6,1000,0.2,1400,0.2,1
17,4,118,2,10,5,0,300,0.5,1700,0.5,2
17,5,505,2,10,5,0,500,0.6,1000,0.2,1400,0.2,0
17,6,308,0,0,300,0.5,1700,0.5,2
17,7,960,0,0,300,0.5,1700,0.5,0
17,8,880,1,0,300,0.5,1700,0.5,1
17,9,681,1,0,300,0.5,1700,0.5,2
17,10,529,0,0,500,0.6,1000,0.2,1400,0.2,2
17,11,999,0,0,500,0.6,1000,0.2,1400,0.2,1
17,12,348,1,0,300,0.5,1700,0.5,0
17,13,498,2,10,5,0,500,0.6,1000,0.2,1400,0.2,2
17,14,409,1,0,300,0.5,1700,0.5,2
17,15,390,0,0,300,0.5,1700,0.5,1
17,16,770,0,0,500,0.6,1000,0.2,1400,0.2,2
17,17,738,0,0,500,0.6,1000,0.2,1400,0.2,2
17,18,684,0,0,500,0.6,1000,0.2,1400,0.2,2
17,19,177,1,0,500,0.6,1000,0.2,1400,0.2,1
18,0,518,0,0,500,0.6,1000,0.2,1400,0.2,1
18,1,230,0,0,300,0.5,1700,0.5,0
18,2,209,1,0,500,0.6,1000,0.2,1400,0.2,2
18,3,470,1,0,500,0.6,1000,0.2,1400,0.2,2
18,4,162,0,0,500,0.6,1000,0.2,1400,0.2,2
18,5,716,0,0,500,0.6,1000,0.2,1400,0.2,1
18,6,991,1,0,500,0.6,1000,0.2,1400,0.2,1
18,7,974,2,10,5,0,300,0.5,1700,0.5,2
18,8,210,2,10,5,0,300,0.5,1700,0.5,2
18,9,361,1,0,300,0.5,1700,0.5,2
18,10,578,2,10,5,0,300,0.5,1700,0.5,2
18,11,363,0,0,300,0.5,1700,0.5,2
18,12,803,1,0,500,0.6,1000,0.2,1400,0.2,2
18,13,927,0,0,300,0.5,1700,0.5,2
18,14,419,1,0,300,0.5,1700,0.5,2
18,15,554,2,10,5,0,300,0.5,1700,0.5,1
18,16,296,0,0,500,0.6,1000,0.2,1400,0.2,0
18,17,411,2,10,5,0,500,0.6,1000,0.2,1400,0.2,0
18,18,292,0,0,300,0.5,1700,0.5,0
18,19,361,2,10,5,0,500,0.6,1000,0.2,1400,0.2,1
19,0,178,0,0,500,0.6,1000,0.2,1400,0.2,2
19,1,618,0,0,300,0.5,1700,0.5,0
19,2,490,0,0,300,0.5,1700,0.5,1
19,3,516,0,0,300,0.5,1700,0.5,0
19,4,743,0,0,500,0.6,1000,0.2,1400,0.2,2
19,5,270,2,10,5,0,500,0.6,1000,0.2,1400,0.2,2
19,6,596,1,0,300,0.5,1700,0.5,0
19,7,330,2,10,5,0,500,0.6,1000,0.2,1400,0.2,2
19,8,946,1,0,300,0.5,1700,0.5,1
19,9,123,0,0,300,0.5,1700,0.5,1
19,10,536,0,0,300,0.5,1700,0.5,0
19,11,14,0,0,300,0.5,1700,0.5,1
19,12,202,0,0,500,0.6,1000,0.2,1400,0.2,2
19,13,272,1,0,300,0.5,1700,0.5,0
19,14,187,2,10,5,0,500,0.6,1000,0.2,1400,0.2,0
19,15,140,0,0,500,0.6,1000,0.2,1400,0.2,0
19,16,884,2,10,5,0,300,0.5,1700,0.5,1
19,17,940,2,10,5,0,300,0.5,1700,0.5,1
19,18,225,1,0,300,0.5,1700,0.5,0
19,19,437,0,0,500,0.6,1000,0.2,1400,0.2,1
