0,0,750,2,10,5,0,500,0.6,1000,0.2,1400,0.2,2
0,1,629,0,0,300,0.5,1700,0.5,0
0,2,710,1,0,300,0.5,1700,0.5,0
0,3,364,1,0,300,0.5,1700,0.5,1
0,4,421,2,10,5,0,300,0.5,1700,0.5,0
0,5,388,2,10,5,0,500,0.6,1000,0.2,1400,0.2,1
0,6,642,0,0,300,0.5,1700,0.5,0
0,7,928,2,10,5,0,500,0.6,1000,0.2,1400,0.2,1
0,8,253,0,0,500,0.6,1000,0.2,1400,0.2,2
0,9,23,2,10,5,0,500,0.6,1000,0.2,1400,0.2,2
0,10,327,2,10,5,0,500,0.6,1000,0.2,1400,0.2,1
0,11,421,0,0,500,0.6,1000,0.2,1400,0.2,1
0,12,794,2,10,5,0,300,0.5,1700,0.5,0
0,13,953,2,10,5,0,500,0.6,1000,0.2,1400,0.2,1
0,14,326,1,0,500,0.6,1000,0.2,1400,0.2,2
0,15,406,0,0,500,0.6,1000,0.2,1400,0.2,2
0,16,834,0,0,300,0.5,1700,0.5,1
0,17,388,0,0,300,0.5,1700,0.5,1
0,18,542,1,0,300,0.5,1700,0.5,2
0,19,856,1,0,500,0.6,1000,0.2,1400,0.2,1
1,0,274,1,0,300,0.5,1700,0.5,0
1,1,174,1,0,500,0.6,1000,0.2,1400,0.2,2
1,2,19,0,0,500,0.6,1000,0.2,1400,0.2,1
1,3,321,2,10,5,0,300,0.5,1700,0.5,2
1,4,825,1,0,300,0.5,1700,0.5,1
1,5,185,2,10,5,0,500,0.6,1000,0.2,1400,0.2,2
1,6,614,2,10,5,0,500,0.6,1000,0.2,1400,0.2,2
1,7,676,1,0,500,0.6,1000,0.2,1400,0.2,1
1,8,159,2,10,5,0,500,0.6,1000,0.2,1400,0.2,2
1,9,590,2,10,5,0,300,0.5,1700,0.5,1
1,10,577,0,0,300,0.5,1700,0.5,2
1,11,159,0,0,500,0.6,1000,0.2,1400,0.2,2
1,12,293,2,10,5,0,300,0.5,1700,0.5,2
1,13,883,2,10,5,0,500,0.6,1000,0.2,1400,0.2,0
1,14,298,0,0,300,0.5,1700,0.5,2
1,15,964,0,0,500,0.6,1000,0.2,1400,0.2,2
1,16,767,1,0,300,0.5,1700,0.5,1
1,17,32,1,0,300,0.5,1700,0.5,2
1,18,377,2,10,5,0,500,0.6,1000,0.2,1400,0.2,2
1,19,50,0,0,500,0.6,1000,0.2,1400,0.2,0
2,0,964,1,0,500,0.6,1000,0.2,1400,0.2,0
2,1,591,1,0,300,0.5,1700,0.5,2
2,2,77,0,0,500,0.6,1000,0.2,1400,0.2,2
2,3,219,0,0,300,0.5,1700,0.5,1
2,4,115,2,10,5,0,300,0.5,1700,0.5,2
2,5,710,0,0,300,0.5,1700,0.5,1
2,6,735,2,10,5,0,500,0.6,1000,0.2,1400,0.2,0
2,7,443,2,10,5,0,500,0.6,1000,0.2,1400,0.2,1
2,8,173,2,10,5,0,500,0.6,1000,0.2,1400,0.2,0
2,9,792,0,0,500,0.6,1000,0.2,1400,0.2,2
2,10,331,2,10,5,0,300,0.5,1700,0.5,2
2,11,469,1,0,300,0.5,1700,0.5,0
2,12,424,0,0,300,0.5,1700,0.5,2
2,13,612,2,10,5,0,500,0.6,1000,0.2,1400,0.2,1
2,14,295,0,0,500,0.6,1000,0.2,1400,0.2,0
2,15,444,2,10,5,0,500,0.6,1000,0.2,1400,0.2,2
2,16,534,2,10,5,0,300,0.5,1700,0.5,1
2,17,388,2,10,5,0,300,0.5,1700,0.5,2
2,18,397,2,10,5,0,500,0.6,1000,0.2,1400,0.2,0
2,19,71,1,0,500,0.6,1000,0.2,1400,0.2,2
3,0,460,1,0,300,0.5,1700,0.5,1
3,1,156,1,0,500,0.6,1000,0.2,1400,0.2,1
3,2,229,0,0,500,0.6,1000,0.2,1400,0.2,0
3,3,997,1,0,500,0.6,1000,0.2,1400,0.2,2
3,4,809,2,10,5,0,500,0.6,1000,0.2,1400,0.2,2
3,5,680,2,10,5,0,300,0.5,1700,0.5,2
3,6,55,0,0,300,0.5,1700,0.5,1
3,7,570,1,0,300,0.5,1700,0.5,2
3,8,156,1,0,300,0.5,1700,0.5,1
3,9,667,1,0,300,0.5,1700,0.5,0
3,10,441,2,10,5,0,300,0.5,1700,0.5,0
3,11,710,2,10,5,0,300,0.5,1700,0.5,0
3,12,571,2,10,5,0,500,0.6,1000,0.2,1400,0.2,0
3,13,402,2,10,5,0,500,0.6,1000,0.2,1400,0.2,2
3,14,616,0,0,300,0.5,1700,0.5,1
3,15,612,2,10,5,0,500,0.6,1000,0.2,1400,0.2,0
3,16,561,0,0,300,0.5,1700,0.5,0
3,17,490,2,10,5,0,500,0.6,1000,0.2,1400,0.2,2
3,18,471,2,10,5,0,500,0.6,1000,0.2,1400,0.2,0
3,19,887,0,0,500,0.6,1000,0.2,1400,0.2,0
4,0,970,1,0,500,0.6,1000,0.2,1400,0.2,1
4,1,125,1,0,500,0.6,1000,0.2,1400,0.2,2
4,2,919,2,10,5,0,300,0.5,1700,0.5,1
4,3,329,2,10,5,0,300,0.5,1700,0.5,2
4,4,375,2,10,5,0,500,0.6,1000,0.2,1400,0.2,0
4,5,915,0,0,500,0.6,1000,0.2,1400,0.2,0
4,6,845,0,0,500,0.6,1000,0.2,1400,0.2,0
4,7,756,2,10,5,0,300,0.5,1700,0.5,0
4,8,149,2,10,5,0,300,0.5,1700,0.5,2
4,9,553,1,0,500,0.6,1000,0.2,1400,0.2,1
4,10,995,2,10,5,0,300,0.5,1700,0.5,1
4,11,278,2,10,5,0,300,0.5,1700,0.5,1
4,12,956,2,10,5,0,500,0.6,1000,0.2,1400,0.2,0
4,13,734,0,0,500,0.6,1000,0.2,1400,0.2,0
4,14,292,1,0,500,0.6,1000,0.2,1400,0.2,0
4,15,825,2,10,5,0,300,0.5,1700,0.5,2
4,16,964,0,0,500,0.6,1000,0.2,1400,0.2,0
4,17,381,2,10,5,0,500,0.6,1000,0.2,1400,0.2,1
4,18,724,2,10,5,0,500,0.6,1000,0.2,1400,0.2,1
4,19,462,2,10,5,0,500,0.6,1000,0.2,1400,0.2,0
5,0,664,0,0,300,0.5,1700,0.5,1
5,1,45,0,0,500,0.6,1000,0.2,1400,0.2,2
5,2,782,2,10,5,0,500,0.6,1000,0.2,1400,0.2,2
5,3,199,1,0,300,0.5,1700,0.5,2
5,4,335,1,0,300,0.5,1700,0.5,0
5,5,377,2,10,5,0,500,0.6,1000,0.2,1400,0.2,2
5,6,896,1,0,500,0.6,1000,0.2,1400,0.2,0
5,7,513,0,0,300,0.5,1700,0.5,0
5,8,565,0,0,300,0.5,1700,0.5,2
5,9,730,2,10,5,0,300,0.5,1700,0.5,2
5,10,610,0,0,500,0.6,1000,0.2,1400,0.2,2
5,11,351,2,10,5,0,300,0.5,1700,0.5,1
5,12,947,1,0,500,0.6,1000,0.2,1400,0.2,1
5,13,433,1,0,500,0.6,1000,0.2,1400,0.2,0
5,14,1000,1,0,500,0.6,1000,0.2,1400,0.2,2
5,15,173,2,10,5,0,300,0.5,1700,0.5,0
5,16,840,1,0,300,0.5,1700,0.5,2
5,17,424,0,0,300,0.5,1700,0.5,0
5,18,347,1,0,500,0.6,1000,0.2,1400,0.2,2
5,19,493,1,0,500,0.6,1000,0.2,1400,0.2,1
6,0,752,0,0,500,0.6,1000,0.2,1400,0.2,1
6,1,281,1,0,500,0.6,1000,0.2,1400,0.2,0
6,2,942,1,0,300,0.5,1700,0.5,1
6,3,545,1,0,300,0.5,1700,0.5,0
6,4,576,0,0,500,0.6,1000,0.2,1400,0.2,0
6,5,278,0,0,300,0.5,1700,0.5,2
6,6,966,1,0,300,0.5,1700,0.5,1
6,7,476,0,0,300,0.5,1700,0.5,2
6,8,458,1,0,300,0.5,1700,0.5,0
6,9,224,0,0,500,0.6,1000,0.2,1400,0.2,2
6,10,490,2,10,5,0,300,0.5,1700,0.5,1
6,11,370,1,0,500,0.6,1000,0.2,1400,0.2,0
6,12,543,2,10,5,0,500,0.6,1000,0.2,1400,0.2,2
6,13,909,2,10,5,0,300,0.5,1700,0.5,1
6,14,714,2,10,5,0,500,0.6,1000,0.2,1400,0.2,1
6,15,214,1,0,500,0.6,1000,0.2,1400,0.2,0
6,16,586,0,0,500,0.6,1000,0.2,1400,0.2,2
6,17,854,2,10,5,0,300,0.5,1700,0.5,0
6,18,978,2,10,5,0,500,0.6,1000,0.2,1400,0.2,2
6,19,729,2,10,5,0,500,0.6,1000,0.2,1400,0.2,1
7,0,348,1,0,300,0.5,1700,0.5,1
7,1,856,2,10,5,0,300,0.5,1700,0.5,2
7,2,998,2,10,5,0,500,0.6,1000,0.2,1400,0.2,0
7,3,290,2,10,5,0,300,0.5,1700,0.5,1
7,4,658,1,0,300,0.5,1700,0.5,2
7,5,727,2,10,5,0,500,0.6,1000,0.2,1400,0.2,2
7,6,618,2,10,5,0,500,0.6,1000,0.2,1400,0.2,2
7,7,755,2,10,5,0,300,0.5,1700,0.5,2
7,8,945,2,10,5,0,500,0.6,1000,0.2,1400,0.2,1
7,9,407,1,0,500,0.6,1000,0.2,1400,0.2,2
7,10,606,1,0,300,0.5,1700,0.5,0
7,11,487,0,0,300,0.5,1700,0.5,0
7,12,556,2,10,5,0,500,0.6,1000,0.2,1400,0.2,2
7,13,272,0,0,300,0.5,1700,0.5,2
7,14,554,1,0,300,0.5,1700,0.5,1
7,15,460,0,0,300,0.5,1700,0.5,2
7,16,610,1,0,500,0.6,1000,0.2,1400,0.2,2
7,17,224,0,0,300,0.5,1700,0.5,1
7,18,15,1,0,300,0.5,1700,0.5,1
7,19,57,2,10,5,0,500,0.6,1000,0.2,1400,0.2,0
8,0,889,1,0,300,0.5,1700,0.5,2
8,1,659,0,0,500,0.6,1000,0.2,1400,0.2,0
8,2,670,0,0,500,0.6,1000,0.2,1400,0.2,0
8,3,491,2,10,5,0,300,0.5,1700,0.5,2
8,4,881,2,10,5,0,500,0.6,1000,0.2,1400,0.2,1
8,5,439,1,0,500,0.6,1000,0.2,1400,0.2,0
8,6,190,0,0,300,0.5,1700,0.5,2
8,7,686,2,10,5,0,300,0.5,1700,0.5,0
8,8,332,0,0,300,0.5,1700,0.5,2
8,9,406,0,0,300,0.5,1700,0.5,2
8,10,272,2,10,5,0,300,0.5,1700,0.5,2
8,11,374,2,10,5,0,300,0.5,1700,0.5,0
8,12,94,2,10,5,0,500,0.6,1000,0.2,1400,0.2,2
8,13,838,1,0,500,0.6,1000,0.2,1400,0.2,1
8,14,775,2,10,5,0,300,0.5,1700,0.5,0
8,15,18,1,0,300,0.5,1700,0.5,1
8,16,462,1,0,500,0.6,1000,0.2,1400,0.2,2
8,17,61,1,0,300,0.5,1700,0.5,0
8,18,562,2,10,5,0,300,0.5,1700,0.5,1
8,19,832,1,0,300,0.5,1700,0.5,1
9,0,400,1,0,500,0.6,1000,0.2,1400,0.2,2
9,1,514,2,10,5,0,500,0.6,1000,0.2,1400,0.2,1
9,2,129,0,0,500,0.6,1000,0.2,1400,0.2,0
9,3,725,0,0,300,0.5,1700,0.5,1
9,4,324,2,10,5,0,300,0.5,1700,0.5,2
9,5,63,1,0,500,0.6,1000,0.2,1400,0.2,0
9,6,237,2,10,5,0,300,0.5,1700,0.5,2
9,7,741,1,0,500,0.6,1000,0.2,1400,0.2,2
9,8,956,0,0,500,0.6,1000,0.2,1400,0.2,0
9,9,660,0,0,300,0.5,1700,0.5,0
9,10,439,1,0,300,0.5,1700,0.5,1
9,11,911,0,0,500,0.6,1000,0.2,1400,0.2,1
9,12,60,0,0,300,0.5,1700,0.5,0
9,13,829,1,0,500,0.6,1000,0.2,1400,0.2,1
9,14,121,2,10,5,0,300,0.5,1700,0.5,0
9,15,520,1,0,300,0.5,1700,0.5,2
9,16,941,2,10,5,0,500,0.6,1000,0.2,1400,0.2,2
9,17,465,1,0,500,0.6,1000,0.2,1400,0.2,1
9,18,469,0,0,300,0.5,1700,0.5,0
9,19,79,2,10,5,0,500,0.6,1000,0.2,1400,0.2,2
10,0,399,0,0,300,0.5,1700,0.5,0
10,1,504,2,10,5,0,300,0.5,1700,0.5,2
10,2,282,1,0,500,0.6,1000,0.2,1400,0.2,0
10,3,643,0,0,500,0.6,1000,0.2,1400,0.2,0
10,4,678,0,0,300,0.5,1700,0.5,1
10,5,638,2,10,5,0,500,0.6,1000,0.2,1400,0.2,0
10,6,929,1,0,500,0.6,1000,0.2,1400,0.2,2
10,7,532,2,10,5,0,300,0.5,1700,0.5,1
10,8,215,1,0,300,0.5,1700,0.5,1
10,9,71,1,0,300,0.5,1700,0.5,0
10,10,65,2,10,5,0,500,0.6,1000,0.2,1400,0.2,0
10,11,896,0,0,300,0.5,1700,0.5,2
10,12,398,1,0,300,0.5,1700,0.5,0
10,13,461,2,10,5,0,300,0.5,1700,0.5,0
10,14,409,1,0,300,0.5,1700,0.5,0
10,15,187,1,0,300,0.5,1700,0.5,0
10,16,591,1,0,500,0.6,1000,0.2,1400,0.2,1
10,17,889,2,10,5,0,300,0.5,1700,0.5,0
10,18,568,2,10,5,0,300,0.5,1700,0.5,1
10,19,478,1,0,500,0.6,1000,0.2,1400,0.2,2
11,0,779,1,0,500,0.6,1000,0.2,1400,0.2,2
11,1,320,1,0,500,0.6,1000,0.2,1400,0.2,2
11,2,272,1,0,300,0.5,1700,0.5,0
11,3,355,2,10,5,0,300,0.5,1700,0.5,0
11,4,912,2,10,5,0,500,0.6,1000,0.2,1400,0.2,0
11,5,649,2,10,5,0,500,0.6,1000,0.2,1400,0.2,2
11,6,642,1,0,500,0.6,1000,0.2,1400,0.2,0
11,7,434,2,10,5,0,500,0.6,1000,0.2,1400,0.2,0
11,8,669,0,0,500,0.6,1000,0.2,1400,0.2,0
11,9,547,0,0,300,0.5,1700,0.5,0
11,10,734,2,10,5,0,500,0.6,1000,0.2,1400,0.2,0
11,11,112,2,10,5,0,500,0.6,1000,0.2,1400,0.2,1
11,12,470,0,0,500,0.6,1000,0.2,1400,0.2,1
11,13,40,2,10,5,0,300,0.5,1700,0.5,1
11,14,684,0,0,300,0.5,1700,0.5,0
11,15,578,2,10,5,0,300,0.5,1700,0.5,0
11,16,679,2,10,5,0,300,0.5,1700,0.5,0
11,17,410,2,10,5,0,500,0.6,1000,0.2,1400,0.2,2
11,18,82,0,0,500,0.6,1000,0.2,1400,0.2,0
11,19,100,2,10,5,0,300,0.5,1700,0.5,1
12,0,572,0,0,500,0.6,1000,0.2,1400,0.2,1
12,1,899,1,0,500,0.6,1000,0.2,1400,0.2,2
12,2,33,2,10,5,0,500,0.6,1000,0.2,1400,0.2,1
12,3,969,1,0,300,0.5,1700,0.5,0
12,4,162,0,0,300,0.5,1700,0.5,0
12,5,982,1,0,300,0.5,1700,0.5,0
12,6,200,2,10,5,0,500,0.6,1000,0.2,1400,0.2,2
12,7,530,2,10,5,0,300,0.5,1700,0.5,1
12,8,712,2,10,5,0,300,0.5,1700,0.5,0
12,9,351,0,0,300,0.5,1700,0.5,2
12,10,61,2,10,5,0,500,0.6,1000,0.2,1400,0.2,0
12,11,561,0,0,300,0.5,1700,0.5,0
12,12,702,0,0,300,0.5,1700,0.5,0
12,13,324,1,0,500,0.6,1000,0.2,1400,0.2,0
12,14,623,2,10,5,0,500,0.6,1000,0.2,1400,0.2,1
12,15,767,0,0,300,0.5,1700,0.5,0
12,16,306,2,10,5,0,500,0.6,1000,0.2,1400,0.2,2
12,17,172,1,0,300,0.5,1700,0.5,0
12,18,58,1,0,500,0.6,1000,0.2,1400,0.2,2
12,19,420,1,0,500,0.6,1000,0.2,1400,0.2,1
13,0,33,0,0,300,0.5,1700,0.5,0
13,1,29,1,0,300,0.5,1700,0.5,2
13,2,804,1,0,300,0.5,1700,0.5,1
13,3,214,1,0,500,0.6,1000,0.2,1400,0.2,1
13,4,159,2,10,5,0,300,0.5,1700,0.5,1
13,5,430,2,10,5,0,300,0.5,1700,0.5,0
13,6,944,0,0,500,0.6,1000,0.2,1400,0.2,2
13,7,95,1,0,500,0.6,1000,0.2,1400,0.2,2
13,8,360,0,0,300,0.5,1700,0.5,1
13,9,586,1,0,300,0.5,1700,0.5,1
13,10,19,0,0,500,0.6,1000,0.2,1400,0.2,1
13,11,331,0,0,300,0.5,1700,0.5,0
13,12,318,2,10,5,0,300,0.5,1700,0.5,1
13,13,370,1,0,500,0.6,1000,0.2,1400,0.2,0
13,14,725,2,10,5,0,300,0.5,1700,0.5,0
13,15,729,1,0,300,0.5,1700,0.5,0
13,16,99,0,0,300,0.5,1700,0.5,2
13,17,496,1,0,500,0.6,1000,0.2,1400,0.2,1
13,18,106,1,0,300,0.5,1700,0.5,1
13,19,453,0,0,300,0.5,1700,0.5,1
14,0,653,1,0,500,0.6,1000,0.2,1400,0.2,0
14,1,566,0,0,500,0.6,1000,0.2,1400,0.2,0
14,2,130,1,0,300,0.5,1700,0.5,0
14,3,425,2,10,5,0,300,0.5,1700,0.5,2
14,4,505,0,0,500,0.6,1000,0.2,1400,0.2,0
14,5,148,1,0,300,0.5,1700,0.5,2
14,6,944,1,0,500,0.6,1000,0.2,1400,0.2,0
14,7,694,0,0,300,0.5,1700,0.5,2
14,8,329,1,0,300,0.5,1700,0.5,1
14,9,305,1,0,500,0.6,1000,0.2,1400,0.2,1
14,10,312,1,0,300,0.5,1700,0.5,0
14,11,473,0,0,300,0.5,1700,0.5,1
14,12,275,0,0,500,0.6,1000,0.2,1400,0.2,0
14,13,882,0,0,500,0.6,1000,0.2,1400,0.2,2
14,14,289,1,0,500,0.6,1000,0.2,1400,0.2,0
14,15,38,0,0,500,0.6,1000,0.2,1400,0.2,0
14,16,26,0,0,300,0.5,1700,0.5,1
14,17,492,1,0,300,0.5,1700,0.5,2
14,18,618,2,10,5,0,300,0.5,1700,0.5,2
14,19,511,1,0,300,0.5,1700,0.5,0
15,0,950,0,0,300,0.5,1700,0.5,2
15,1,752,1,0,500,0.6,1000,0.2,1400,0.2,0
15,2,649,1,0,500,0.6,1000,0.2,1400,0.2,0
15,3,177,1,0,300,0.5,1700,0.5,1
15,4,148,0,0,500,0.6,1000,0.2,1400,0.2,1
15,5,681,0,0,300,0.5,1700,0.5,0
15,6,369,1,0,300,0.5,1700,0.5,1
15,7,699,1,0,500,0.6,1000,0.2,1400,0.2,0
15,8,794,2,10,5,0,500,0.6,1000,0.2,1400,0.2,0
15,9,97,0,0,500,0.6,1000,0.2,1400,0.2,2
15,10,439,1,0,500,0.6,1000,0.2,1400,0.2,0
15,11,440,1,0,500,0.6,1000,0.2,1400,0.2,2
15,12,582,1,0,500,0.6,1000,0.2,1400,0.2,1
15,13,507,2,10,5,0,300,0.5,1700,0.5,0
15,14,765,0,0,500,0.6,1000,0.2,1400,0.2,2
15,15,321,0,0,500,0.6,1000,0.2,1400,0.2,2
15,16,263,2,10,5,0,500,0.6,1000,0.2,1400,0.2,1
15,17,65,0,0,300,0.5,1700,0.5,0
15,18,216,2,10,5,0,500,0.6,1000,0.2,1400,0.2,1
15,19,446,0,0,300,0.5,1700,0.5,0
16,0,994,2,10,5,0,500,0.6,1000,0.2,1400,0.2,1
16,1,415,0,0,500,0.6,1000,0.2,1400,0.2,1
16,2,450,0,0,500,0.6,1000,0.2,1400,0.2,0
16,3,637,1,0,300,0.5,1700,0.5,2
16,4,975,2,10,5,0,500,0.6,1000,0.2,1400,0.2,1
16,5,835,1,0,300,0.5,1700,0.5,0
16,6,583,0,0,300,0.5,1700,0.5,1
16,7,548,2,10,5,0,500,0.6,1000,0.2,1400,0.2,0
16,8,398,0,0,300,0.5,1700,0.5,1
16,9,358,0,0,500,0.6,1000,0.2,1400,0.2,1
16,10,617,1,0,300,0.5,1700,0.5,1
16,11,272,2,10,5,0,300,0.5,1700,0.5,1
16,12,417,1,0,500,0.6,1000,0.2,1400,0.2,0
16,13,44,1,0,300,0.5,1700,0.5,1
16,14,708,1,0,300,0.5,1700,0.5,1
16,15,192,0,0,300,0.5,1700,0.5,1
16,16,944,2,10,5,0,500,0.6,1000,0.2,1400,0.2,1
16,17,384,0,0,500,0.6,1000,0.2,1400,0.2,0
16,18,149,2,10,5,0,300,0.5,1700,0.5,1
16,19,50,0,0,500,0.6,1000,0.2,1400,0.2,2
17,0,371,0,0,300,0.5,1700,0.5,1
17,1,130,0,0,300,0.5,1700,0.5,0
17,2,556,1,0,500,0.6,1000,0.2,1400,0.2,2
17,3,128,1,0,500,0.6,1000,0.2,1400,0.2,2
17,4,994,0,0,500,0.6,1000,0.2,1400,0.2,2
17,5,400,0,0,300,0.5,1700,0.5,2
17,6,164,0,0,300,0.5,1700,0.5,0
17,7,476,1,0,300,0.5,1700,0.5,2
17,8,474,2,10,5,0,500,0.6,1000,0.2,1400,0.2,2
17,9,324,0,0,300,0.5,1700,0.5,1
17,10,658,1,0,300,0.5,1700,0.5,0
17,11,764,0,0,300,0.5,1700,0.5,1
17,12,671,1,0,500,0.6,1000,0.2,1400,0.2,2
17,13,459,0,0,300,0.5,1700,0.5,2
17,14,435,0,0,500,0.6,1000,0.2,1400,0.2,2
17,15,727,0,0,500,0.6,1000,0.2,1400,0.2,1
17,16,806,2,10,5,0,500,0.6,1000,0.2,1400,0.2,2
17,17,46,2,10,5,0,300,0.5,1700,0.5,1
17,18,934,2,10,5,0,300,0.5,1700,0.5,0
17,19,260,1,0,300,0.5,1700,0.5,2
18,0,995,2,10,5,0,300,0.5,1700,0.5,2
18,1,652,1,0,300,0.5,1700,0.5,1
18,2,334,0,0,300,0.5,1700,0.5,2
18,3,677,2,10,5,0,500,0.6,1000,0.2,1400,0.2,2
18,4,599,2,10,5,0,300,0.5,1700,0.5,0
18,5,723,2,10,5,0,300,0.5,1700,0.5,0
18,6,751,0,0,300,0.5,1700,0.5,2
18,7,893,1,0,300,0.5,1700,0.5,2
18,8,596,0,0,300,0.5,1700,0.5,2
18,9,792,1,0,300,0.5,1700,0.5,1
18,10,77,0,0,500,0.6,1000,0.2,1400,0.2,2
18,11,24,1,0,300,0.5,1700,0.5,2
18,12,962,2,10,5,0,300,0.5,1700,0.5,2
18,13,408,1,0,300,0.5,1700,0.5,1
18,14,299,0,0,500,0.6,1000,0.2,1400,0.2,0
18,15,205,1,0,500,0.6,1000,0.2,1400,0.2,2
18,16,591,0,0,500,0.6,1000,0.2,1400,0.2,2
18,17,616,2,10,5,0,500,0.6,1000,0.2,1400,0.2,1
18,18,385,2,10,5,0,500,0.6,1000,0.2,1400,0.2,2
18,19,852,2,10,5,0,500,0.6,1000,0.2,1400,0.2,1
19,0,499,0,0,500,0.6,1000,0.2,1400,0.2,1
19,1,63,0,0,300,0.5,1700,0.5,0
19,2,249,0,0,500,0.6,1000,0.2,1400,0.2,2
19,3,701,2,10,5,0,500,0.6,1000,0.2,1400,0.2,1
19,4,517,2,10,5,0,300,0.5,1700,0.5,0
19,5,866,0,0,300,0.5,1700,0.5,2
19,6,244,2,10,5,0,500,0.6,1000,0.2,1400,0.2,1
19,7,817,2,10,5,0,500,0.6,1000,0.2,1400,0.2,0
19,8,908,0,0,500,0.6,1000,0.2,1400,0.2,1
19,9,805,2,10,5,0,500,0.6,1000,0.2,1400,0.2,1
19,10,237,1,0,500,0.6,1000,0.2,1400,0.2,0
19,11,516,1,0,500,0.6,1000,0.2,1400,0.2,0
19,12,768,0,0,300,0.5,1700,0.5,1
19,13,364,2,10,5,0,500,0.6,1000,0.2,1400,0.2,1
19,14,713,1,0,500,0.6,1000,0.2,1400,0.2,1
19,15,642,1,0,500,0.6,1000,0.2,1400,0.2,2
19,16,180,2,10,5,0,300,0.5,1700,0.5,0
19,17,605,0,0,300,0.5,1700,0.5,2
19,18,849,2,10,5,0,500,0.6,1000,0.2,1400,0.2,1
19,19,173,1,0,300,0.5,1700,0.5,0
