0,0,168,0,0,300,0.5,1700,0.5,2
0,1,927,2,10,5,0,500,0.6,1000,0.2,1400,0.2,0
0,2,923,2,10,5,0,500,0.6,1000,0.2,1400,0.2,1
0,3,310,2,10,5,0,500,0.6,1000,0.2,1400,0.2,0
0,4,428,0,0,500,0.6,1000,0.2,1400,0.2,1
0,5,973,1,0,500,0.6,1000,0.2,1400,0.2,0
0,6,477,0,0,300,0.5,1700,0.5,0
0,7,143,0,0,300,0.5,1700,0.5,1
0,8,39,1,0,500,0.6,1000,0.2,1400,0.2,0
0,9,701,0,0,300,0.5,1700,0.5,2
0,10,980,2,10,5,0,500,0.6,1000,0.2,1400,0.2,1
0,11,334,0,0,500,0.6,1000,0.2,1400,0.2,2
0,12,879,0,0,300,0.5,1700,0.5,1
0,13,261,0,0,500,0.6,1000,0.2,1400,0.2,1
0,14,650,0,0,500,0.6,1000,0.2,1400,0.2,1
0,15,166,0,0,500,0.6,1000,0.2,1400,0.2,0
0,16,521,1,0,300,0.5,1700,0.5,2
0,17,489,1,0,300,0.5,1700,0.5,1
0,18,394,1,0,300,0.5,1700,0.5,0
0,19,613,1,0,300,0.5,1700,0.5,0
1,0,504,0,0,500,0.6,1000,0.2,1400,0.2,0
1,1,957,2,10,5,0,300,0.5,1700,0.5,0
1,2,149,1,0,500,0.6,1000,0.2,1400,0.2,0
1,3,50,1,0,500,0.6,1000,0.2,1400,0.2,2
1,4,921,0,0,300,0.5,1700,0.5,1
1,5,513,1,0,500,0.6,1000,0.2,1400,0.2,1
1,6,208,2,10,5,0,300,0.5,1700,0.5,2
1,7,19,2,10,5,0,300,0.5,1700,0.5,1
1,8,688,0,0,300,0.5,1700,0.5,0
1,9,158,2,10,5,0,300,0.5,1700,0.5,1
1,10,220,1,0,300,0.5,1700,0.5,1
1,11,864,1,0,500,0.6,1000,0.2,1400,0.2,0
1,12,301,1,0,500,0.6,1000,0.2,1400,0.2,2
1,13,309,2,10,5,0,500,0.6,1000,0.2,1400,0.2,0
1,14,40,1,0,300,0.5,1700,0.5,1
1,15,167,0,0,500,0.6,1000,0.2,1400,0.2,2
1,16,810,1,0,300,0.5,1700,0.5,0
1,17,290,1,0,300,0.5,1700,0.5,2
1,18,284,1,0,500,0.6,1000,0.2,1400,0.2,2
1,19,499,0,0,500,0.6,1000,0.2,1400,0.2,0
2,0,954,2,10,5,0,300,0.5,1700,0.5,1
2,1,390,2,10,5,0,300,0.5,1700,0.5,0
2,2,120,1,0,300,0.5,1700,0.5,2
2,3,191,0,0,500,0.6,1000,0.2,1400,0.2,2
2,4,186,0,0,300,0.5,1700,0.5,0
2,5,189,1,0,500,0.6,1000,0.2,1400,0.2,1
2,6,87,2,10,5,0,500,0.6,1000,0.2,1400,0.2,1
2,7,190,1,0,300,0.5,1700,0.5,0
2,8,32,0,0,500,0.6,1000,0.2,1400,0.2,0
2,9,749,2,10,5,0,500,0.6,1000,0.2,1400,0.2,2
2,10,100,2,10,5,0,300,0.5,1700,0.5,2
2,11,481,1,0,300,0.5,1700,0.5,0
2,12,601,1,0,500,0.6,1000,0.2,1400,0.2,0
2,13,118,1,0,500,0.6,1000,0.2,1400,0.2,2
2,14,660,0,0,500,0.6,1000,0.2,1400,0.2,1
2,15,310,0,0,500,0.6,1000,0.2,1400,0.2,1
2,16,127,2,10,5,0,300,0.5,1700,0.5,2
2,17,17,0,0,500,0.6,1000,0.2,1400,0.2,1
2,18,727,2,10,5,0,300,0.5,1700,0.5,2
2,19,107,1,0,500,0.6,1000,0.2,1400,0.2,0
3,0,67,1,0,300,0.5,1700,0.5,2
3,1,649,1,0,300,0.5,1700,0.5,2
3,2,469,0,0,500,0.6,1000,0.2,1400,0.2,2
3,3,419,0,0,500,0.6,1000,0.2,1400,0.2,2
3,4,574,0,0,500,0.6,1000,0.2,1400,0.2,0
3,5,296,0,0,300,0.5,1700,0.5,0
3,6,170,1,0,300,0.5,1700,0.5,2
3,7,713,1,0,500,0.6,1000,0.2,1400,0.2,2
3,8,733,2,10,5,0,500,0.6,1000,0.2,1400,0.2,2
3,9,528,0,0,500,0.6,1000,0.2,1400,0.2,2
3,10,226,2,10,5,0,500,0.6,1000,0.2,1400,0.2,1
3,11,152,2,10,5,0,300,0.5,1700,0.5,0
3,12,768,0,0,500,0.6,1000,0.2,1400,0.2,1
3,13,177,1,0,500,0.6,1000,0.2,1400,0.2,0
3,14,447,2,10,5,0,300,0.5,1700,0.5,1
3,15,429,0,0,300,0.5,1700,0.5,1
3,16,471,1,0,500,0.6,1000,0.2,1400,0.2,2
3,17,586,1,0,300,0.5,1700,0.5,2
3,18,535,0,0,500,0.6,1000,0.2,1400,0.2,0
3,19,450,1,0,500,0.6,1000,0.2,1400,0.2,0
4,0,770,0,0,300,0.5,1700,0.5,2
4,1,76,0,0,500,0.6,1000,0.2,1400,0.2,0
4,2,530,1,0,500,0.6,1000,0.2,1400,0.2,2
4,3,125,2,10,5,0,300,0.5,1700,0.5,0
4,4,74,0,0,500,0.6,1000,0.2,1400,0.2,1
4,5,566,2,10,5,0,500,0.6,1000,0.2,1400,0.2,0
4,6,541,1,0,500,0.6,1000,0.2,1400,0.2,0
4,7,346,1,0,300,0.5,1700,0.5,2
4,8,85,1,0,500,0.6,1000,0.2,1400,0.2,2
4,9,287,0,0,300,0.5,1700,0.5,2
4,10,988,1,0,500,0.6,1000,0.2,1400,0.2,2
4,11,459,2,10,5,0,300,0.5,1700,0.5,0
4,12,874,0,0,500,0.6,1000,0.2,1400,0.2,0
4,13,669,0,0,500,0.6,1000,0.2,1400,0.2,1
4,14,994,1,0,300,0.5,1700,0.5,2
4,15,296,0,0,300,0.5,1700,0.5,0
4,16,287,1,0,500,0.6,1000,0.2,1400,0.2,1
4,17,867,2,10,5,0,300,0.5,1700,0.5,2
4,18,287,0,0,500,0.6,1000,0.2,1400,0.2,2
4,19,608,1,0,500,0.6,1000,0.2,1400,0.2,2
5,0,253,0,0,300,0.5,1700,0.5,0
5,1,509,1,0,300,0.5,1700,0.5,1
5,2,130,1,0,500,0.6,1000,0.2,1400,0.2,2
5,3,471,2,10,5,0,300,0.5,1700,0.5,1
5,4,106,2,10,5,0,500,0.6,1000,0.2,1400,0.2,0
5,5,485,2,10,5,0,300,0.5,1700,0.5,0
5,6,302,0,0,300,0.5,1700,0.5,0
5,7,606,1,0,500,0.6,1000,0.2,1400,0.2,0
5,8,469,0,0,500,0.6,1000,0.2,1400,0.2,1
5,9,939,0,0,300,0.5,1700,0.5,0
5,10,43,1,0,500,0.6,1000,0.2,1400,0.2,1
5,11,492,1,0,500,0.6,1000,0.2,1400,0.2,0
5,12,96,1,0,300,0.5,1700,0.5,0
5,13,270,2,10,5,0,500,0.6,1000,0.2,1400,0.2,2
5,14,245,2,10,5,0,500,0.6,1000,0.2,1400,0.2,2
5,15,698,0,0,500,0.6,1000,0.2,1400,0.2,2
5,16,937,0,0,300,0.5,1700,0.5,0
5,17,776,1,0,500,0.6,1000,0.2,1400,0.2,0
5,18,616,2,10,5,0,300,0.5,1700,0.5,1
5,19,254,2,10,5,0,500,0.6,1000,0.2,1400,0.2,0
6,0,855,1,0,500,0.6,1000,0.2,1400,0.2,0
6,1,633,1,0,500,0.6,1000,0.2,1400,0.2,1
6,2,666,1,0,300,0.5,1700,0.5,2
6,3,121,1,0,500,0.6,1000,0.2,1400,0.2,2
6,4,761,2,10,5,0,300,0.5,1700,0.5,0
6,5,401,1,0,300,0.5,1700,0.5,2
6,6,665,1,0,500,0.6,1000,0.2,1400,0.2,0
6,7,383,2,10,5,0,500,0.6,1000,0.2,1400,0.2,0
6,8,109,0,0,300,0.5,1700,0.5,2
6,9,977,1,0,300,0.5,1700,0.5,2
6,10,534,0,0,500,0.6,1000,0.2,1400,0.2,0
6,11,12,1,0,300,0.5,1700,0.5,1
6,12,906,0,0,300,0.5,1700,0.5,1
6,13,790,2,10,5,0,300,0.5,1700,0.5,2
6,14,917,0,0,500,0.6,1000,0.2,1400,0.2,0
6,15,752,2,10,5,0,300,0.5,1700,0.5,1
6,16,869,1,0,500,0.6,1000,0.2,1400,0.2,2
6,17,762,1,0,500,0.6,1000,0.2,1400,0.2,0
6,18,304,2,10,5,0,500,0.6,1000,0.2,1400,0.2,0
6,19,300,0,0,300,0.5,1700,0.5,2
7,0,414,0,0,300,0.5,1700,0.5,1
7,1,725,2,10,5,0,500,0.6,1000,0.2,1400,0.2,1
7,2,184,0,0,500,0.6,1000,0.2,1400,0.2,2
7,3,430,2,10,5,0,500,0.6,1000,0.2,1400,0.2,0
7,4,762,2,10,5,0,500,0.6,1000,0.2,1400,0.2,1
7,5,870,0,0,300,0.5,1700,0.5,2
7,6,985,2,10,5,0,300,0.5,1700,0.5,2
7,7,205,0,0,300,0.5,1700,0.5,2
7,8,650,0,0,500,0.6,1000,0.2,1400,0.2,0
7,9,852,0,0,300,0.5,1700,0.5,2
7,10,735,1,0,500,0.6,1000,0.2,1400,0.2,2
7,11,960,2,10,5,0,300,0.5,1700,0.5,0
7,12,905,0,0,500,0.6,1000,0.2,1400,0.2,1
7,13,583,2,10,5,0,300,0.5,1700,0.5,2
7,14,592,1,0,300,0.5,1700,0.5,0
7,15,235,2,10,5,0,500,0.6,1000,0.2,1400,0.2,2
7,16,58,2,10,5,0,500,0.6,1000,0.2,1400,0.2,2
7,17,687,2,10,5,0,500,0.6,1000,0.2,1400,0.2,1
7,18,84,1,0,300,0.5,1700,0.5,0
7,19,765,0,0,300,0.5,1700,0.5,1
8,0,689,1,0,500,0.6,1000,0.2,1400,0.2,2
8,1,471,1,0,300,0.5,1700,0.5,0
8,2,399,0,0,300,0.5,1700,0.5,2
8,3,560,0,0,300,0.5,1700,0.5,0
8,4,753,2,10,5,0,500,0.6,1000,0.2,1400,0.2,0
8,5,892,0,0,300,0.5,1700,0.5,2
8,6,644,1,0,500,0.6,1000,0.2,1400,0.2,1
8,7,856,2,10,5,0,500,0.6,1000,0.2,1400,0.2,1
8,8,891,0,0,300,0.5,1700,0.5,1
8,9,888,1,0,300,0.5,1700,0.5,0
8,10,300,1,0,500,0.6,1000,0.2,1400,0.2,0
8,11,568,0,0,500,0.6,1000,0.2,1400,0.2,0
8,12,206,0,0,300,0.5,1700,0.5,1
8,13,874,2,10,5,0,300,0.5,1700,0.5,0
8,14,874,1,0,300,0.5,1700,0.5,1
8,15,76,2,10,5,0,500,0.6,1000,0.2,1400,0.2,2
8,16,530,1,0,500,0.6,1000,0.2,1400,0.2,2
8,17,957,1,0,300,0.5,1700,0.5,2
8,18,330,1,0,500,0.6,1000,0.2,1400,0.2,0
8,19,115,1,0,300,0.5,1700,0.5,1
9,0,836,0,0,300,0.5,1700,0.5,0
9,1,587,2,10,5,0,500,0.6,1000,0.2,1400,0.2,1
9,2,797,0,0,500,0.6,1000,0.2,1400,0.2,0
9,3,277,0,0,500,0.6,1000,0.2,1400,0.2,2
9,4,873,0,0,500,0.6,1000,0.2,1400,0.2,2
9,5,321,2,10,5,0,500,0.6,1000,0.2,1400,0.2,2
9,6,815,1,0,500,0.6,1000,0.2,1400,0.2,0
9,7,493,2,10,5,0,500,0.6,1000,0.2,1400,0.2,1
9,8,873,0,0,300,0.5,1700,0.5,1
9,9,959,0,0,300,0.5,1700,0.5,0
9,10,124,0,0,300,0.5,1700,0.5,0
9,11,276,0,0,500,0.6,1000,0.2,1400,0.2,0
9,12,616,1,0,300,0.5,1700,0.5,2
9,13,837,2,10,5,0,500,0.6,1000,0.2,1400,0.2,1
9,14,98,2,10,5,0,300,0.5,1700,0.5,1
9,15,786,1,0,300,0.5,1700,0.5,0
9,16,529,2,10,5,0,300,0.5,1700,0.5,2
9,17,149,0,0,500,0.6,1000,0.2,1400,0.2,1
9,18,794,2,10,5,0,500,0.6,1000,0.2,1400,0.2,2
9,19,706,0,0,500,0.6,1000,0.2,1400,0.2,1
10,0,579,0,0,300,0.5,1700,0.5,1
10,1,635,0,0,300,0.5,1700,0.5,0
10,2,684,0,0,300,0.5,1700,0.5,0
10,3,692,0,0,500,0.6,1000,0.2,1400,0.2,0
10,4,318,2,10,5,0,300,0.5,1700,0.5,1
10,5,208,1,0,300,0.5,1700,0.5,0
10,6,505,1,0,300,0.5,1700,0.5,1
10,7,466,2,10,5,0,300,0.5,1700,0.5,1
10,8,102,0,0,300,0.5,1700,0.5,2
10,9,541,1,0,500,0.6,1000,0.2,1400,0.2,1
10,10,867,2,10,5,0,300,0.5,1700,0.5,0
10,11,62,1,0,300,0.5,1700,0.5,0
10,12,392,0,0,500,0.6,1000,0.2,1400,0.2,1
10,13,396,2,10,5,0,300,0.5,1700,0.5,2
10,14,332,2,10,5,0,500,0.6,1000,0.2,1400,0.2,2
10,15,472,0,0,300,0.5,1700,0.5,0
10,16,417,0,0,300,0.5,1700,0.5,2
10,17,510,1,0,500,0.6,1000,0.2,1400,0.2,1
10,18,154,1,0,300,0.5,1700,0.5,2
10,19,286,0,0,300,0.5,1700,0.5,2
11,0,670,1,0,300,0.5,1700,0.5,2
11,1,354,1,0,500,0.6,1000,0.2,1400,0.2,0
11,2,981,2,10,5,0,500,0.6,1000,0.2,1400,0.2,2
11,3,889,0,0,500,0.6,1000,0.2,1400,0.2,1
11,4,868,2,10,5,0,500,0.6,1000,0.2,1400,0.2,2
11,5,65,0,0,500,0.6,1000,0.2,1400,0.2,1
11,6,433,2,10,5,0,300,0.5,1700,0.5,2
11,7,17,0,0,500,0.6,1000,0.2,1400,0.2,0
11,8,447,2,10,5,0,500,0.6,1000,0.2,1400,0.2,0
11,9,837,1,0,500,0.6,1000,0.2,1400,0.2,2
11,10,56,2,10,5,0,300,0.5,1700,0.5,2
11,11,537,1,0,300,0.5,1700,0.5,1
11,12,29,0,0,500,0.6,1000,0.2,1400,0.2,2
11,13,285,1,0,300,0.5,1700,0.5,1
11,14,363,1,0,300,0.5,1700,0.5,1
11,15,283,1,0,500,0.6,1000,0.2,1400,0.2,0
11,16,446,2,10,5,0,300,0.5,1700,0.5,0
11,17,834,0,0,300,0.5,1700,0.5,2
11,18,674,1,0,500,0.6,1000,0.2,1400,0.2,0
11,19,43,0,0,300,0.5,1700,0.5,0
12,0,400,1,0,500,0.6,1000,0.2,1400,0.2,1
12,1,121,0,0,500,0.6,1000,0.2,1400,0.2,0
12,2,698,2,10,5,0,500,0.6,1000,0.2,1400,0.2,1
12,3,187,1,0,300,0.5,1700,0.5,0
12,4,373,2,10,5,0,500,0.6,1000,0.2,1400,0.2,1
12,5,386,1,0,500,0.6,1000,0.2,1400,0.2,2
12,6,60,1,0,500,0.6,1000,0.2,1400,0.2,2
12,7,384,1,0,300,0.5,1700,0.5,0
12,8,264,0,0,500,0.6,1000,0.2,1400,0.2,0
12,9,479,1,0,300,0.5,1700,0.5,2
12,10,894,0,0,300,0.5,1700,0.5,2
12,11,625,0,0,500,0.6,1000,0.2,1400,0.2,1
12,12,904,2,10,5,0,300,0.5,1700,0.5,2
12,13,300,0,0,300,0.5,1700,0.5,2
12,14,363,2,10,5,0,500,0.6,1000,0.2,1400,0.2,1
12,15,115,2,10,5,0,300,0.5,1700,0.5,2
12,16,968,1,0,300,0.5,1700,0.5,2
12,17,474,1,0,300,0.5,1700,0.5,0
12,18,795,0,0,500,0.6,1000,0.2,1400,0.2,0
12,19,255,2,10,5,0,500,0.6,1000,0.2,1400,0.2,0
13,0,166,1,0,500,0.6,1000,0.2,1400,0.2,2
13,1,554,1,0,500,0.6,1000,0.2,1400,0.2,1
13,2,182,2,10,5,0,500,0.6,1000,0.2,1400,0.2,1
13,3,454,2,10,5,0,500,0.6,1000,0.2,1400,0.2,2
13,4,299,2,10,5,0,300,0.5,1700,0.5,0
13,5,813,2,10,5,0,500,0.6,1000,0.2,1400,0.2,2
13,6,626,0,0,500,0.6,1000,0.2,1400,0.2,1
13,7,749,1,0,300,0.5,1700,0.5,0
13,8,266,0,0,500,0.6,1000,0.2,1400,0.2,2
13,9,591,0,0,500,0.6,1000,0.2,1400,0.2,2
13,10,615,1,0,500,0.6,1000,0.2,1400,0.2,1
13,11,956,0,0,500,0.6,1000,0.2,1400,0.2,2
13,12,944,2,10,5,0,300,0.5,1700,0.5,0
13,13,448,0,0,500,0.6,1000,0.2,1400,0.2,0
13,14,949,1,0,300,0.5,1700,0.5,2
13,15,866,2,10,5,0,500,0.6,1000,0.2,1400,0.2,1
13,16,348,1,0,300,0.5,1700,0.5,2
13,17,906,2,10,5,0,500,0.6,1000,0.2,1400,0.2,1
13,18,666,1,0,300,0.5,1700,0.5,2
13,19,776,2,10,5,0,500,0.6,1000,0.2,1400,0.2,1
14,0,193,0,0,500,0.6,1000,0.2,1400,0.2,1
14,1,496,1,0,300,0.5,1700,0.5,2
14,2,329,0,0,500,0.6,1000,0.2,1400,0.2,0
14,3,52,1,0,500,0.6,1000,0.2,1400,0.2,1
14,4,916,1,0,300,0.5,1700,0.5,0
14,5,287,1,0,300,0.5,1700,0.5,1
14,6,201,2,10,5,0,500,0.6,1000,0.2,1400,0.2,2
14,7,940,0,0,500,0.6,1000,0.2,1400,0.2,1
14,8,968,0,0,300,0.5,1700,0.5,1
14,9,716,2,10,5,0,300,0.5,1700,0.5,2
14,10,708,1,0,500,0.6,1000,0.2,1400,0.2,0
14,11,453,0,0,300,0.5,1700,0.5,1
14,12,464,1,0,500,0.6,1000,0.2,1400,0.2,1
14,13,590,0,0,300,0.5,1700,0.5,1
14,14,482,0,0,300,0.5,1700,0.5,2
14,15,195,1,0,500,0.6,1000,0.2,1400,0.2,0
14,16,953,2,10,5,0,500,0.6,1000,0.2,1400,0.2,0
14,17,386,1,0,500,0.6,1000,0.2,1400,0.2,1
14,18,190,1,0,500,0.6,1000,0.2,1400,0.2,1
14,19,941,0,0,500,0.6,1000,0.2,1400,0.2,1
15,0,712,1,0,500,0.6,1000,0.2,1400,0.2,1
15,1,773,1,0,300,0.5,1700,0.5,2
15,2,159,0,0,300,0.5,1700,0.5,1
15,3,688,1,0,500,0.6,1000,0.2,1400,0.2,1
15,4,419,1,0,300,0.5,1700,0.5,0
15,5,587,1,0,500,0.6,1000,0.2,1400,0.2,0
15,6,950,0,0,300,0.5,1700,0.5,2
15,7,370,0,0,500,0.6,1000,0.2,1400,0.2,1
15,8,625,2,10,5,0,300,0.5,1700,0.5,2
15,9,130,0,0,500,0.6,1000,0.2,1400,0.2,1
15,10,541,0,0,500,0.6,1000,0.2,1400,0.2,2
15,11,440,1,0,500,0.6,1000,0.2,1400,0.2,2
15,12,964,2,10,5,0,300,0.5,1700,0.5,2
15,13,771,2,10,5,0,300,0.5,1700,0.5,2
15,14,737,1,0,500,0.6,1000,0.2,1400,0.2,2
15,15,466,2,10,5,0,300,0.5,1700,0.5,1
15,16,714,2,10,5,0,500,0.6,1000,0.2,1400,0.2,0
15,17,642,1,0,500,0.6,1000,0.2,1400,0.2,0
15,18,821,2,10,5,0,500,0.6,1000,0.2,1400,0.2,1
15,19,943,2,10,5,0,300,0.5,1700,0.5,2
16,0,975,2,10,5,0,300,0.5,1700,0.5,2
16,1,701,2,10,5,0,300,0.5,1700,0.5,1
16,2,251,1,0,300,0.5,1700,0.5,1
16,3,436,0,0,500,0.6,1000,0.2,1400,0.2,1
16,4,375,2,10,5,0,300,0.5,1700,0.5,0
16,5,122,1,0,300,0.5,1700,0.5,2
16,6,888,2,10,5,0,300,0.5,1700,0.5,2
16,7,438,0,0,300,0.5,1700,0.5,1
16,8,187,2,10,5,0,500,0.6,1000,0.2,1400,0.2,1
16,9,519,2,10,5,0,500,0.6,1000,0.2,1400,0.2,2
16,10,381,2,10,5,0,300,0.5,1700,0.5,2
16,11,473,0,0,500,0.6,1000,0.2,1400,0.2,2
16,12,63,2,10,5,0,500,0.6,1000,0.2,1400,0.2,1
16,13,245,1,0,500,0.6,1000,0.2,1400,0.2,2
16,14,276,2,10,5,0,300,0.5,1700,0.5,0
16,15,892,1,0,300,0.5,1700,0.5,1
16,16,155,0,0,500,0.6,1000,0.2,1400,0.2,1
16,17,230,2,10,5,0,500,0.6,1000,0.2,1400,0.2,0
16,18,529,1,0,500,0.6,1000,0.2,1400,0.2,1
16,19,774,1,0,500,0.6,1000,0.2,1400,0.2,2
17,0,257,1,0,300,0.5,1700,0.5,2
17,1,410,2,10,5,0,500,0.6,1000,0.2,1400,0.2,1
17,2,816,2,10,5,0,300,0.5,1700,0.5,0
17,3,49,0,0,500,0.6,1000,0.2,1400,0.2,1
17,4,968,2,10,5,0,300,0.5,1700,0.5,2
17,5,779,0,0,300,0.5,1700,0.5,2
17,6,815,0,0,300,0.5,1700,0.5,2
17,7,395,2,10,5,0,300,0.5,1700,0.5,0
17,8,713,0,0,300,0.5,1700,0.5,2
17,9,211,1,0,300,0.5,1700,0.5,2
17,10,754,1,0,300,0.5,1700,0.5,2
17,11,207,0,0,500,0.6,1000,0.2,1400,0.2,1
17,12,975,2,10,5,0,500,0.6,1000,0.2,1400,0.2,2
17,13,75,1,0,500,0.6,1000,0.2,1400,0.2,0
17,14,956,2,10,5,0,300,0.5,1700,0.5,1
17,15,60,0,0,300,0.5,1700,0.5,0
17,16,966,1,0,500,0.6,1000,0.2,1400,0.2,1
17,17,616,1,0,300,0.5,1700,0.5,1
17,18,697,2,10,5,0,500,0.6,1000,0.2,1400,0.2,2
17,19,802,1,0,300,0.5,1700,0.5,1
18,0,328,0,0,500,0.6,1000,0.2,1400,0.2,2
18,1,848,0,0,500,0.6,1000,0.2,1400,0.2,2
18,2,178,1,0,300,0.5,1700,0.5,0
18,3,996,2,10,5,0,300,0.5,1700,0.5,1
18,4,862,0,0,500,0.6,1000,0.2,1400,0.2,1
18,5,230,2,10,5,0,500,0.6,1000,0.2,1400,0.2,2
18,6,66,0,0,500,0.6,1000,0.2,1400,0.2,0
18,7,979,2,10,5,0,500,0.6,1000,0.2,1400,0.2,0
18,8,212,2,10,5,0,500,0.6,1000,0.2,1400,0.2,2
18,9,634,0,0,300,0.5,1700,0.5,1
18,10,357,2,10,5,0,500,0.6,1000,0.2,1400,0.2,2
18,11,620,1,0,300,0.5,1700,0.5,1
18,12,454,1,0,300,0.5,1700,0.5,1
18,13,127,0,0,300,0.5,1700,0.5,0
18,14,42,2,10,5,0,300,0.5,1700,0.5,0
18,15,849,0,0,300,0.5,1700,0.5,1
18,16,779,0,0,500,0.6,1000,0.2,1400,0.2,2
18,17,937,2,10,5,0,300,0.5,1700,0.5,0
18,18,537,0,0,300,0.5,1700,0.5,1
18,19,701,2,10,5,0,500,0.6,1000,0.2,1400,0.2,0
19,0,84,1,0,500,0.6,1000,0.2,1400,0.2,2
19,1,763,2,10,5,0,500,0.6,1000,0.2,1400,0.2,1
19,2,13,1,0,500,0.6,1000,0.2,1400,0.2,1
19,3,243,1,0,300,0.5,1700,0.5,1
19,4,538,2,10,5,0,500,0.6,1000,0.2,1400,0.2,1
19,5,640,1,0,300,0.5,1700,0.5,1
19,6,64,0,0,500,0.6,1000,0.2,1400,0.2,1
19,7,268,1,0,300,0.5,1700,0.5,1
19,8,451,2,10,5,0,500,0.6,1000,0.2,1400,0.2,2
19,9,572,2,10,5,0,300,0.5,1700,0.5,0
19,10,41,0,0,500,0.6,1000,0.2,1400,0.2,0
19,11,605,2,10,5,0,300,0.5,1700,0.5,2
19,12,179,2,10,5,0,300,0.5,1700,0.5,2
19,13,118,1,0,300,0.5,1700,0.5,1
19,14,364,1,0,500,0.6,1000,0.2,1400,0.2,0
19,15,213,2,10,5,0,300,0.5,1700,0.5,0
19,16,864,2,10,5,0,300,0.5,1700,0.5,1
19,17,954,1,0,300,0.5,1700,0.5,1
19,18,425,1,0,300,0.5,1700,0.5,2
19,19,680,0,0,300,0.5,1700,0.5,2
