0,0,879,0,0,500,0.6,1000,0.2,1400,0.2,1
0,1,270,1,0,300,0.5,1700,0.5,2
0,2,858,2,10,5,0,500,0.6,1000,0.2,1400,0.2,0
0,3,517,1,0,300,0.5,1700,0.5,1
0,4,638,1,0,300,0.5,1700,0.5,0
0,5,339,2,10,5,0,300,0.5,1700,0.5,0
0,6,390,1,0,300,0.5,1700,0.5,0
0,7,621,0,0,500,0.6,1000,0.2,1400,0.2,1
0,8,498,1,0,300,0.5,1700,0.5,1
0,9,609,2,10,5,0,500,0.6,1000,0.2,1400,0.2,2
0,10,467,2,10,5,0,500,0.6,1000,0.2,1400,0.2,0
0,11,12,2,10,5,0,300,0.5,1700,0.5,2
0,12,447,0,0,300,0.5,1700,0.5,1
0,13,25,2,10,5,0,300,0.5,1700,0.5,1
0,14,208,1,0,500,0.6,1000,0.2,1400,0.2,1
0,15,10,2,10,5,0,500,0.6,1000,0.2,1400,0.2,1
0,16,768,2,10,5,0,300,0.5,1700,0.5,1
0,17,657,2,10,5,0,500,0.6,1000,0.2,1400,0.2,0
0,18,442,2,10,5,0,500,0.6,1000,0.2,1400,0.2,1
0,19,226,1,0,300,0.5,1700,0.5,1
1,0,417,2,10,5,0,300,0.5,1700,0.5,2
1,1,792,1,0,500,0.6,1000,0.2,1400,0.2,1
1,2,647,1,0,500,0.6,1000,0.2,1400,0.2,0
1,3,868,1,0,500,0.6,1000,0.2,1400,0.2,2
1,4,419,1,0,500,0.6,1000,0.2,1400,0.2,0
1,5,714,1,0,300,0.5,1700,0.5,2
1,6,274,0,0,300,0.5,1700,0.5,2
1,7,732,0,0,300,0.5,1700,0.5,2
1,8,444,2,10,5,0,300,0.5,1700,0.5,1
1,9,609,0,0,500,0.6,1000,0.2,1400,0.2,1
1,10,244,1,0,500,0.6,1000,0.2,1400,0.2,1
1,11,461,1,0,500,0.6,1000,0.2,1400,0.2,2
1,12,976,1,0,300,0.5,1700,0.5,1
1,13,450,2,10,5,0,300,0.5,1700,0.5,2
1,14,627,1,0,300,0.5,1700,0.5,2
1,15,960,0,0,300,0.5,1700,0.5,0
1,16,849,0,0,300,0.5,1700,0.5,1
1,17,456,1,0,300,0.5,1700,0.5,2
1,18,581,2,10,5,0,500,0.6,1000,0.2,1400,0.2,2
1,19,921,1,0,300,0.5,1700,0.5,0
2,0,46,1,0,500,0.6,1000,0.2,1400,0.2,0
2,1,571,0,0,500,0.6,1000,0.2,1400,0.2,0
2,2,959,0,0,300,0.5,1700,0.5,2
2,3,121,0,0,300,0.5,1700,0.5,2
2,4,484,0,0,300,0.5,1700,0.5,2
2,5,943,1,0,300,0.5,1700,0.5,0
2,6,89,2,10,5,0,500,0.6,1000,0.2,1400,0.2,2
2,7,235,2,10,5,0,500,0.6,1000,0.2,1400,0.2,1
2,8,366,0,0,300,0.5,1700,0.5,0
2,9,862,1,0,300,0.5,1700,0.5,2
2,10,770,2,10,5,0,300,0.5,1700,0.5,1
2,11,409,1,0,300,0.5,1700,0.5,1
2,12,638,0,0,300,0.5,1700,0.5,1
2,13,633,1,0,500,0.6,1000,0.2,1400,0.2,1
2,14,364,0,0,300,0.5,1700,0.5,0
2,15,71,1,0,300,0.5,1700,0.5,0
2,16,162,0,0,500,0.6,1000,0.2,1400,0.2,1
2,17,482,0,0,500,0.6,1000,0.2,1400,0.2,1
2,18,614,2,10,5,0,500,0.6,1000,0.2,1400,0.2,1
2,19,402,2,10,5,0,500,0.6,1000,0.2,1400,0.2,0
3,0,660,0,0,300,0.5,1700,0.5,2
3,1,788,2,10,5,0,500,0.6,1000,0.2,1400,0.2,2
3,2,739,0,0,300,0.5,1700,0.5,0
3,3,361,0,0,500,0.6,1000,0.2,1400,0.2,0
3,4,35,0,0,300,0.5,1700,0.5,0
3,5,830,1,0,300,0.5,1700,0.5,1
3,6,754,0,0,500,0.6,1000,0.2,1400,0.2,2
3,7,243,0,0,500,0.6,1000,0.2,1400,0.2,1
3,8,206,2,10,5,0,300,0.5,1700,0.5,0
3,9,215,1,0,300,0.5,1700,0.5,0
3,10,525,0,0,500,0.6,1000,0.2,1400,0.2,2
3,11,679,0,0,300,0.5,1700,0.5,0
3,12,959,1,0,500,0.6,1000,0.2,1400,0.2,1
3,13,761,1,0,300,0.5,1700,0.5,1
3,14,335,2,10,5,0,500,0.6,1000,0.2,1400,0.2,1
3,15,401,2,10,5,0,300,0.5,1700,0.5,1
3,16,752,0,0,500,0.6,1000,0.2,1400,0.2,2
3,17,779,1,0,300,0.5,1700,0.5,0
3,18,926,1,0,500,0.6,1000,0.2,1400,0.2,1
3,19,320,1,0,500,0.6,1000,0.2,1400,0.2,2
4,0,920,0,0,300,0.5,1700,0.5,2
4,1,539,1,0,300,0.5,1700,0.5,2
4,2,574,0,0,300,0.5,1700,0.5,1
4,3,326,1,0,300,0.5,1700,0.5,0
4,4,388,2,10,5,0,300,0.5,1700,0.5,1
4,5,625,2,10,5,0,300,0.5,1700,0.5,1
4,6,910,2,10,5,0,300,0.5,1700,0.5,2
4,7,259,2,10,5,0,500,0.6,1000,0.2,1400,0.2,2
4,8,743,2,10,5,0,500,0.6,1000,0.2,1400,0.2,0
4,9,473,0,0,300,0.5,1700,0.5,0
4,10,881,0,0,500,0.6,1000,0.2,1400,0.2,2
4,11,309,0,0,500,0.6,1000,0.2,1400,0.2,1
4,12,111,2,10,5,0,300,0.5,1700,0.5,0
4,13,205,1,0,300,0.5,1700,0.5,2
4,14,990,0,0,500,0.6,1000,0.2,1400,0.2,0
4,15,797,1,0,500,0.6,1000,0.2,1400,0.2,2
4,16,616,2,10,5,0,500,0.6,1000,0.2,1400,0.2,1
4,17,458,2,10,5,0,300,0.5,1700,0.5,0
4,18,297,1,0,500,0.6,1000,0.2,1400,0.2,1
4,19,714,0,0,500,0.6,1000,0.2,1400,0.2,2
5,0,446,2,10,5,0,300,0.5,1700,0.5,2
5,1,743,2,10,5,0,300,0.5,1700,0.5,0
5,2,790,2,10,5,0,300,0.5,1700,0.5,2
5,3,401,2,10,5,0,500,0.6,1000,0.2,1400,0.2,1
5,4,283,2,10,5,0,300,0.5,1700,0.5,2
5,5,908,0,0,500,0.6,1000,0.2,1400,0.2,1
5,6,307,2,10,5,0,300,0.5,1700,0.5,1
5,7,646,0,0,500,0.6,1000,0.2,1400,0.2,2
5,8,991,0,0,500,0.6,1000,0.2,1400,0.2,1
5,9,249,1,0,500,0.6,1000,0.2,1400,0.2,2
5,10,275,0,0,300,0.5,1700,0.5,0
5,11,375,1,0,300,0.5,1700,0.5,1
5,12,188,1,0,500,0.6,1000,0.2,1400,0.2,1
5,13,340,1,0,500,0.6,1000,0.2,1400,0.2,1
5,14,355,0,0,300,0.5,1700,0.5,0
5,15,577,0,0,300,0.5,1700,0.5,2
5,16,136,0,0,500,0.6,1000,0.2,1400,0.2,1
5,17,906,1,0,500,0.6,1000,0.2,1400,0.2,1
5,18,905,2,10,5,0,300,0.5,1700,0.5,2
5,19,322,0,0,500,0.6,1000,0.2,1400,0.2,0
6,0,582,2,10,5,0,300,0.5,1700,0.5,1
6,1,425,0,0,300,0.5,1700,0.5,0
6,2,839,1,0,500,0.6,1000,0.2,1400,0.2,0
6,3,334,2,10,5,0,300,0.5,1700,0.5,1
6,4,858,0,0,500,0.6,1000,0.2,1400,0.2,1
6,5,758,0,0,300,0.5,1700,0.5,0
6,6,880,1,0,300,0.5,1700,0.5,1
6,7,53,1,0,500,0.6,1000,0.2,1400,0.2,2
6,8,568,2,10,5,0,500,0.6,1000,0.2,1400,0.2,0
6,9,368,1,0,500,0.6,1000,0.2,1400,0.2,2
6,10,682,0,0,300,0.5,1700,0.5,1
6,11,56,0,0,300,0.5,1700,0.5,1
6,12,157,1,0,300,0.5,1700,0.5,0
6,13,578,0,0,300,0.5,1700,0.5,0
6,14,249,2,10,5,0,500,0.6,1000,0.2,1400,0.2,2
6,15,717,1,0,500,0.6,1000,0.2,1400,0.2,0
6,16,262,2,10,5,0,500,0.6,1000,0.2,1400,0.2,2
6,17,450,1,0,500,0.6,1000,0.2,1400,0.2,0
6,18,601,0,0,300,0.5,1700,0.5,0
6,19,202,2,10,5,0,300,0.5,1700,0.5,1
7,0,84,2,10,5,0,300,0.5,1700,0.5,2
7,1,454,0,0,500,0.6,1000,0.2,1400,0.2,0
7,2,675,1,0,300,0.5,1700,0.5,1
7,3,419,0,0,500,0.6,1000,0.2,1400,0.2,0
7,4,984,2,10,5,0,300,0.5,1700,0.5,2
7,5,621,2,10,5,0,300,0.5,1700,0.5,0
7,6,497,1,0,300,0.5,1700,0.5,0
7,7,858,2,10,5,0,300,0.5,1700,0.5,0
7,8,513,0,0,300,0.5,1700,0.5,0
7,9,871,2,10,5,0,500,0.6,1000,0.2,1400,0.2,0
7,10,263,1,0,500,0.6,1000,0.2,1400,0.2,1
7,11,388,0,0,300,0.5,1700,0.5,2
7,12,37,2,10,5,0,300,0.5,1700,0.5,2
7,13,37,1,0,300,0.5,1700,0.5,1
7,14,824,1,0,300,0.5,1700,0.5,2
7,15,35,2,10,5,0,300,0.5,1700,0.5,2
7,16,91,2,10,5,0,500,0.6,1000,0.2,1400,0.2,2
7,17,554,0,0,500,0.6,1000,0.2,1400,0.2,1
7,18,352,2,10,5,0,500,0.6,1000,0.2,1400,0.2,0
7,19,147,1,0,500,0.6,1000,0.2,1400,0.2,2
8,0,612,2,10,5,0,300,0.5,1700,0.5,0
8,1,689,0,0,500,0.6,1000,0.2,1400,0.2,1
8,2,361,1,0,500,0.6,1000,0.2,1400,0.2,0
8,3,526,1,0,500,0.6,1000,0.2,1400,0.2,1
8,4,287,2,10,5,0,500,0.6,1000,0.2,1400,0.2,2
8,5,739,2,10,5,0,500,0.6,1000,0.2,1400,0.2,2
8,6,110,0,0,500,0.6,1000,0.2,1400,0.2,1
8,7,462,2,10,5,0,300,0.5,1700,0.5,0
8,8,131,1,0,500,0.6,1000,0.2,1400,0.2,0
8,9,989,2,10,5,0,300,0.5,1700,0.5,1
8,10,897,1,0,300,0.5,1700,0.5,0
8,11,155,1,0,300,0.5,1700,0.5,0
8,12,952,2,10,5,0,300,0.5,1700,0.5,2
8,13,798,0,0,500,0.6,1000,0.2,1400,0.2,1
8,14,341,1,0,500,0.6,1000,0.2,1400,0.2,1
8,15,875,2,10,5,0,500,0.6,1000,0.2,1400,0.2,0
8,16,556,0,0,500,0.6,1000,0.2,1400,0.2,2
8,17,574,2,10,5,0,300,0.5,1700,0.5,1
8,18,89,0,0,300,0.5,1700,0.5,1
8,19,934,1,0,300,0.5,1700,0.5,0
9,0,948,1,0,300,0.5,1700,0.5,0
9,1,309,1,0,500,0.6,1000,0.2,1400,0.2,2
9,2,115,1,0,300,0.5,1700,0.5,2
9,3,528,1,0,500,0.6,1000,0.2,1400,0.2,0
9,4,217,1,0,300,0.5,1700,0.5,0
9,5,15,1,0,300,0.5,1700,0.5,0
9,6,983,0,0,300,0.5,1700,0.5,2
9,7,130,2,10,5,0,300,0.5,1700,0.5,0
9,8,659,1,0,500,0.6,1000,0.2,1400,0.2,2
9,9,800,0,0,500,0.6,1000,0.2,1400,0.2,0
9,10,572,2,10,5,0,300,0.5,1700,0.5,2
9,11,135,1,0,500,0.6,1000,0.2,1400,0.2,1
9,12,908,2,10,5,0,300,0.5,1700,0.5,0
9,13,694,2,10,5,0,300,0.5,1700,0.5,2
9,14,346,0,0,500,0.6,1000,0.2,1400,0.2,2
9,15,928,2,10,5,0,500,0.6,1000,0.2,1400,0.2,1
9,16,478,0,0,500,0.6,1000,0.2,1400,0.2,1
9,17,829,1,0,300,0.5,1700,0.5,2
9,18,695,0,0,500,0.6,1000,0.2,1400,0.2,2
9,19,682,1,0,500,0.6,1000,0.2,1400,0.2,0
10,0,946,1,0,300,0.5,1700,0.5,0
10,1,879,1,0,300,0.5,1700,0.5,0
10,2,646,2,10,5,0,500,0.6,1000,0.2,1400,0.2,0
10,3,262,2,10,5,0,300,0.5,1700,0.5,2
10,4,633,1,0,300,0.5,1700,0.5,1
10,5,394,2,10,5,0,500,0.6,1000,0.2,1400,0.2,2
10,6,490,1,0,500,0.6,1000,0.2,1400,0.2,2
10,7,669,2,10,5,0,300,0.5,1700,0.5,0
10,8,55,1,0,500,0.6,1000,0.2,1400,0.2,1
10,9,539,2,10,5,0,500,0.6,1000,0.2,1400,0.2,0
10,10,100,0,0,500,0.6,1000,0.2,1400,0.2,0
10,11,247,0,0,500,0.6,1000,0.2,1400,0.2,0
10,12,715,0,0,300,0.5,1700,0.5,2
10,13,572,1,0,300,0.5,1700,0.5,0
10,14,581,2,10,5,0,500,0.6,1000,0.2,1400,0.2,2
10,15,972,1,0,500,0.6,1000,0.2,1400,0.2,1
10,16,495,0,0,300,0.5,1700,0.5,0
10,17,696,0,0,500,0.6,1000,0.2,1400,0.2,2
10,18,210,0,0,500,0.6,1000,0.2,1400,0.2,0
10,19,157,1,0,500,0.6,1000,0.2,1400,0.2,1
11,0,265,2,10,5,0,500,0.6,1000,0.2,1400,0.2,2
11,1,615,2,10,5,0,300,0.5,1700,0.5,2
11,2,910,2,10,5,0,300,0.5,1700,0.5,2
11,3,867,1,0,300,0.5,1700,0.5,0
11,4,627,1,0,500,0.6,1000,0.2,1400,0.2,2
11,5,91,2,10,5,0,300,0.5,1700,0.5,0
11,6,702,0,0,300,0.5,1700,0.5,1
11,7,841,0,0,300,0.5,1700,0.5,2
11,8,29,0,0,300,0.5,1700,0.5,1
11,9,63,1,0,500,0.6,1000,0.2,1400,0.2,0
11,10,595,1,0,500,0.6,1000,0.2,1400,0.2,1
11,11,821,1,0,500,0.6,1000,0.2,1400,0.2,1
11,12,482,2,10,5,0,500,0.6,1000,0.2,1400,0.2,1
11,13,739,2,10,5,0,500,0.6,1000,0.2,1400,0.2,0
11,14,885,2,10,5,0,500,0.6,1000,0.2,1400,0.2,1
11,15,317,1,0,500,0.6,1000,0.2,1400,0.2,1
11,16,668,1,0,500,0.6,1000,0.2,1400,0.2,2
11,17,212,1,0,500,0.6,1000,0.2,1400,0.2,2
11,18,974,0,0,500,0.6,1000,0.2,1400,0.2,1
11,19,787,0,0,300,0.5,1700,0.5,1
12,0,263,0,0,500,0.6,1000,0.2,1400,0.2,0
12,1,286,0,0,500,0.6,1000,0.2,1400,0.2,0
12,2,492,2,10,5,0,300,0.5,1700,0.5,1
12,3,497,0,0,300,0.5,1700,0.5,2
12,4,905,1,0,300,0.5,1700,0.5,2
12,5,431,2,10,5,0,500,0.6,1000,0.2,1400,0.2,0
12,6,677,1,0,300,0.5,1700,0.5,0
12,7,866,2,10,5,0,300,0.5,1700,0.5,2
12,8,332,0,0,500,0.6,1000,0.2,1400,0.2,2
12,9,737,1,0,300,0.5,1700,0.5,1
12,10,489,0,0,500,0.6,1000,0.2,1400,0.2,1
12,11,820,2,10,5,0,300,0.5,1700,0.5,0
12,12,764,0,0,500,0.6,1000,0.2,1400,0.2,1
12,13,264,1,0,300,0.5,1700,0.5,2
12,14,301,2,10,5,0,500,0.6,1000,0.2,1400,0.2,0
12,15,260,1,0,500,0.6,1000,0.2,1400,0.2,1
12,16,773,0,0,500,0.6,1000,0.2,1400,0.2,0
12,17,510,1,0,300,0.5,1700,0.5,2
12,18,377,1,0,300,0.5,1700,0.5,0
12,19,666,1,0,300,0.5,1700,0.5,1
13,0,788,1,0,500,0.6,1000,0.2,1400,0.2,0
13,1,625,1,0,300,0.5,1700,0.5,2
13,2,245,1,0,300,0.5,1700,0.5,2
13,3,101,1,0,500,0.6,1000,0.2,1400,0.2,2
13,4,683,1,0,300,0.5,1700,0.5,2
13,5,436,2,10,5,0,300,0.5,1700,0.5,0
13,6,355,2,10,5,0,300,0.5,1700,0.5,1
13,7,574,2,10,5,0,500,0.6,1000,0.2,1400,0.2,0
13,8,538,1,0,500,0.6,1000,0.2,1400,0.2,0
13,9,137,2,10,5,0,500,0.6,1000,0.2,1400,0.2,1
13,10,700,0,0,500,0.6,1000,0.2,1400,0.2,2
13,11,72,0,0,500,0.6,1000,0.2,1400,0.2,0
13,12,348,0,0,300,0.5,1700,0.5,1
13,13,186,0,0,300,0.5,1700,0.5,0
13,14,258,2,10,5,0,300,0.5,1700,0.5,0
13,15,517,2,10,5,0,300,0.5,1700,0.5,2
13,16,661,2,10,5,0,500,0.6,1000,0.2,1400,0.2,1
13,17,757,2,10,5,0,500,0.6,1000,0.2,1400,0.2,1
13,18,233,2,10,5,0,300,0.5,1700,0.5,1
13,19,258,2,10,5,0,300,0.5,1700,0.5,0
14,0,439,1,0,500,0.6,1000,0.2,1400,0.2,0
14,1,810,1,0,300,0.5,1700,0.5,0
14,2,745,0,0,300,0.5,1700,0.5,2
14,3,357,0,0,300,0.5,1700,0.5,1
14,4,188,0,0,300,0.5,1700,0.5,0
14,5,546,2,10,5,0,300,0.5,1700,0.5,0
14,6,747,1,0,300,0.5,1700,0.5,2
14,7,220,1,0,500,0.6,1000,0.2,1400,0.2,0
14,8,462,0,0,300,0.5,1700,0.5,0
14,9,216,1,0,300,0.5,1700,0.5,1
14,10,786,2,10,5,0,500,0.6,1000,0.2,1400,0.2,0
14,11,680,0,0,300,0.5,1700,0.5,1
14,12,74,1,0,300,0.5,1700,0.5,2
14,13,198,2,10,5,0,300,0.5,1700,0.5,0
14,14,922,2,10,5,0,300,0.5,1700,0.5,2
14,15,975,0,0,300,0.5,1700,0.5,1
14,16,275,0,0,500,0.6,1000,0.2,1400,0.2,2
14,17,469,1,0,300,0.5,1700,0.5,0
14,18,688,0,0,500,0.6,1000,0.2,1400,0.2,2
14,19,838,0,0,300,0.5,1700,0.5,1
15,0,751,2,10,5,0,300,0.5,1700,0.5,1
15,1,243,2,10,5,0,500,0.6,1000,0.2,1400,0.2,2
15,2,767,2,10,5,0,500,0.6,1000,0.2,1400,0.2,1
15,3,189,0,0,500,0.6,1000,0.2,1400,0.2,2
15,4,496,2,10,5,0,300,0.5,1700,0.5,1
15,5,372,0,0,500,0.6,1000,0.2,1400,0.2,1
15,6,223,2,10,5,0,500,0.6,1000,0.2,1400,0.2,0
15,7,632,2,10,5,0,300,0.5,1700,0.5,2
15,8,601,2,10,5,0,500,0.6,1000,0.2,1400,0.2,2
15,9,600,2,10,5,0,300,0.5,1700,0.5,1
15,10,883,0,0,500,0.6,1000,0.2,1400,0.2,1
15,11,19,2,10,5,0,500,0.6,1000,0.2,1400,0.2,2
15,12,271,0,0,500,0.6,1000,0.2,1400,0.2,0
15,13,177,1,0,300,0.5,1700,0.5,1
15,14,44,0,0,500,0.6,1000,0.2,1400,0.2,2
15,15,521,1,0,500,0.6,1000,0.2,1400,0.2,1
15,16,544,2,10,5,0,300,0.5,1700,0.5,1
15,17,62,1,0,300,0.5,1700,0.5,0
15,18,559,0,0,300,0.5,1700,0.5,1
15,19,887,2,10,5,0,500,0.6,1000,0.2,1400,0.2,2
16,0,148,0,0,300,0.5,1700,0.5,1
16,1,98,1,0,500,0.6,1000,0.2,1400,0.2,2
16,2,770,1,0,300,0.5,1700,0.5,0
16,3,842,0,0,500,0.6,1000,0.2,1400,0.2,0
16,4,722,2,10,5,0,300,0.5,1700,0.5,0
16,5,469,1,0,500,0.6,1000,0.2,1400,0.2,0
16,6,19,2,10,5,0,500,0.6,1000,0.2,1400,0.2,1
16,7,901,1,0,500,0.6,1000,0.2,1400,0.2,0
16,8,960,1,0,300,0.5,1700,0.5,0
16,9,243,1,0,500,0.6,1000,0.2,1400,0.2,0
16,10,563,1,0,500,0.6,1000,0.2,1400,0.2,0
16,11,824,1,0,300,0.5,1700,0.5,0
16,12,291,2,10,5,0,300,0.5,1700,0.5,2
16,13,898,1,0,500,0.6,1000,0.2,1400,0.2,2
16,14,268,1,0,300,0.5,1700,0.5,0
16,15,55,0,0,300,0.5,1700,0.5,0
16,16,640,2,10,5,0,500,0.6,1000,0.2,1400,0.2,0
16,17,215,2,10,5,0,500,0.6,1000,0.2,1400,0.2,2
16,18,614,2,10,5,0,500,0.6,1000,0.2,1400,0.2,2
16,19,244,2,10,5,0,300,0.5,1700,0.5,1
17,0,581,2,10,5,0,300,0.5,1700,0.5,1
17,1,45,1,0,300,0.5,1700,0.5,1
17,2,524,1,0,300,0.5,1700,0.5,0
17,3,970,0,0,500,0.6,1000,0.2,1400,0.2,1
17,4,300,0,0,300,0.5,1700,0.5,2
17,5,806,0,0,300,0.5,1700,0.5,2
17,6,674,0,0,500,0.6,1000,0.2,1400,0.2,1
17,7,234,2,10,5,0,500,0.6,1000,0.2,1400,0.2,0
17,8,88,0,0,500,0.6,1000,0.2,1400,0.2,1
17,9,522,2,10,5,0,300,0.5,1700,0.5,0
17,10,383,0,0,500,0.6,1000,0.2,1400,0.2,1
17,11,470,2,10,5,0,500,0.6,1000,0.2,1400,0.2,0
17,12,841,0,0,300,0.5,1700,0.5,1
17,13,509,0,0,300,0.5,1700,0.5,2
17,14,837,2,10,5,0,500,0.6,1000,0.2,1400,0.2,2
17,15,426,2,10,5,0,300,0.5,1700,0.5,1
17,16,981,1,0,300,0.5,1700,0.5,0
17,17,820,0,0,300,0.5,1700,0.5,1
17,18,280,0,0,500,0.6,1000,0.2,1400,0.2,1
17,19,710,1,0,500,0.6,1000,0.2,1400,0.2,0
18,0,176,0,0,500,0.6,1000,0.2,1400,0.2,0
18,1,794,2,10,5,0,500,0.6,1000,0.2,1400,0.2,0
18,2,401,2,10,5,0,300,0.5,1700,0.5,1
18,3,724,1,0,500,0.6,1000,0.2,1400,0.2,0
18,4,133,2,10,5,0,500,0.6,1000,0.2,1400,0.2,0
18,5,298,2,10,5,0,300,0.5,1700,0.5,2
18,6,870,1,0,300,0.5,1700,0.5,0
18,7,413,1,0,500,0.6,1000,0.2,1400,0.2,1
18,8,14,0,0,500,0.6,1000,0.2,1400,0.2,0
18,9,976,2,10,5,0,500,0.6,1000,0.2,1400,0.2,2
18,10,351,1,0,300,0.5,1700,0.5,0
18,11,446,2,10,5,0,500,0.6,1000,0.2,1400,0.2,2
18,12,867,0,0,300,0.5,1700,0.5,0
18,13,788,1,0,300,0.5,1700,0.5,1
18,14,519,0,0,300,0.5,1700,0.5,0
18,15,390,1,0,500,0.6,1000,0.2,1400,0.2,1
18,16,160,1,0,300,0.5,1700,0.5,2
18,17,596,2,10,5,0,300,0.5,1700,0.5,1
18,18,615,2,10,5,0,500,0.6,1000,0.2,1400,0.2,1
18,19,832,1,0,500,0.6,1000,0.2,1400,0.2,0
19,0,48,0,0,300,0.5,1700,0.5,1
19,1,38,2,10,5,0,300,0.5,1700,0.5,0
19,2,372,0,0,500,0.6,1000,0.2,1400,0.2,0
19,3,93,0,0,300,0.5,1700,0.5,1
19,4,571,0,0,300,0.5,1700,0.5,1
19,5,932,2,10,5,0,500,0.6,1000,0.2,1400,0.2,2
19,6,423,2,10,5,0,500,0.6,1000,0.2,1400,0.2,2
19,7,978,0,0,500,0.6,1000,0.2,1400,0.2,2
19,8,129,1,0,500,0.6,1000,0.2,1400,0.2,1
19,9,84,0,0,300,0.5,1700,0.5,1
19,10,496,0,0,500,0.6,1000,0.2,1400,0.2,0
19,11,507,0,0,300,0.5,1700,0.5,1
19,12,543,2,10,5,0,300,0.5,1700,0.5,0
19,13,521,2,10,5,0,500,0.6,1000,0.2,1400,0.2,1
19,14,961,1,0,300,0.5,1700,0.5,2
19,15,550,0,0,300,0.5,1700,0.5,0
19,16,238,1,0,500,0.6,1000,0.2,1400,0.2,0
19,17,12,0,0,300,0.5,1700,0.5,1
19,18,49,2,10,5,0,500,0.6,1000,0.2,1400,0.2,1
19,19,168,2,10,5,0,300,0.5,1700,0.5,0
