0,0,401,1,0,500,0.6,1000,0.2,1400,0.2,1
0,1,687,2,10,5,0,500,0.6,1000,0.2,1400,0.2,2
0,2,435,1,0,300,0.5,1700,0.5,1
0,3,711,2,10,5,0,500,0.6,1000,0.2,1400,0.2,1
0,4,391,2,10,5,0,500,0.6,1000,0.2,1400,0.2,2
0,5,242,0,0,500,0.6,1000,0.2,1400,0.2,1
0,6,957,0,0,300,0.5,1700,0.5,1
0,7,374,0,0,500,0.6,1000,0.2,1400,0.2,2
0,8,66,1,0,300,0.5,1700,0.5,0
0,9,165,0,0,500,0.6,1000,0.2,1400,0.2,2
0,10,330,0,0,300,0.5,1700,0.5,2
0,11,497,1,0,300,0.5,1700,0.5,1
0,12,838,0,0,500,0.6,1000,0.2,1400,0.2,0
0,13,925,1,0,500,0.6,1000,0.2,1400,0.2,1
0,14,938,0,0,500,0.6,1000,0.2,1400,0.2,1
0,15,171,0,0,300,0.5,1700,0.5,0
0,16,748,0,0,300,0.5,1700,0.5,0
0,17,640,0,0,500,0.6,1000,0.2,1400,0.2,1
0,18,647,2,10,5,0,500,0.6,1000,0.2,1400,0.2,1
0,19,282,2,10,5,0,300,0.5,1700,0.5,1
1,0,363,1,0,500,0.6,1000,0.2,1400,0.2,1
1,1,858,2,10,5,0,500,0.6,1000,0.2,1400,0.2,1
1,2,457,1,0,500,0.6,1000,0.2,1400,0.2,2
1,3,338,1,0,500,0.6,1000,0.2,1400,0.2,1
1,4,997,1,0,300,0.5,1700,0.5,0
1,5,799,0,0,500,0.6,1000,0.2,1400,0.2,2
1,6,392,0,0,300,0.5,1700,0.5,2
1,7,902,1,0,300,0.5,1700,0.5,1
1,8,897,2,10,5,0,500,0.6,1000,0.2,1400,0.2,0
1,9,976,0,0,300,0.5,1700,0.5,1
1,10,985,0,0,500,0.6,1000,0.2,1400,0.2,0
1,11,281,1,0,500,0.6,1000,0.2,1400,0.2,1
1,12,161,0,0,300,0.5,1700,0.5,2
1,13,529,2,10,5,0,500,0.6,1000,0.2,1400,0.2,0
1,14,517,0,0,300,0.5,1700,0.5,2
1,15,605,2,10,5,0,300,0.5,1700,0.5,2
1,16,922,0,0,500,0.6,1000,0.2,1400,0.2,2
1,17,837,0,0,500,0.6,1000,0.2,1400,0.2,2
1,18,146,0,0,300,0.5,1700,0.5,0
1,19,273,0,0,300,0.5,1700,0.5,0
2,0,39,1,0,500,0.6,1000,0.2,1400,0.2,1
2,1,438,0,0,500,0.6,1000,0.2,1400,0.2,2
2,2,130,1,0,300,0.5,1700,0.5,0
2,3,764,1,0,500,0.6,1000,0.2,1400,0.2,0
2,4,907,0,0,500,0.6,1000,0.2,1400,0.2,1
2,5,716,1,0,300,0.5,1700,0.5,2
2,6,962,0,0,300,0.5,1700,0.5,2
2,7,332,1,0,300,0.5,1700,0.5,0
2,8,445,1,0,500,0.6,1000,0.2,1400,0.2,0
2,9,547,1,0,500,0.6,1000,0.2,1400,0.2,1
2,10,961,2,10,5,0,500,0.6,1000,0.2,1400,0.2,2
2,11,675,1,0,300,0.5,1700,0.5,1
2,12,398,0,0,500,0.6,1000,0.2,1400,0.2,0
2,13,436,2,10,5,0,300,0.5,1700,0.5,0
2,14,439,1,0,300,0.5,1700,0.5,0
2,15,625,1,0,300,0.5,1700,0.5,1
2,16,257,1,0,300,0.5,1700,0.5,2
2,17,166,1,0,500,0.6,1000,0.2,1400,0.2,0
2,18,432,2,10,5,0,300,0.5,1700,0.5,2
2,19,840,0,0,300,0.5,1700,0.5,2
3,0,958,0,0,300,0.5,1700,0.5,1
3,1,330,2,10,5,0,300,0.5,1700,0.5,2
3,2,577,2,10,5,0,500,0.6,1000,0.2,1400,0.2,0
3,3,41,2,10,5,0,300,0.5,1700,0.5,1
3,4,176,0,0,300,0.5,1700,0.5,1
3,5,866,2,10,5,0,500,0.6,1000,0.2,1400,0.2,1
3,6,85,0,0,300,0.5,1700,0.5,1
3,7,565,2,10,5,0,300,0.5,1700,0.5,1
3,8,74,1,0,300,0.5,1700,0.5,2
3,9,382,0,0,500,0.6,1000,0.2,1400,0.2,0
3,10,760,0,0,500,0.6,1000,0.2,1400,0.2,0
3,11,203,1,0,300,0.5,1700,0.5,1
3,12,915,2,10,5,0,500,0.6,1000,0.2,1400,0.2,0
3,13,372,1,0,300,0.5,1700,0.5,1
3,14,673,2,10,5,0,300,0.5,1700,0.5,2
3,15,348,1,0,500,0.6,1000,0.2,1400,0.2,1
3,16,984,1,0,500,0.6,1000,0.2,1400,0.2,0
3,17,936,2,10,5,0,500,0.6,1000,0.2,1400,0.2,2
3,18,514,1,0,500,0.6,1000,0.2,1400,0.2,2
3,19,698,0,0,500,0.6,1000,0.2,1400,0.2,1
4,0,226,0,0,300,0.5,1700,0.5,0
4,1,532,2,10,5,0,300,0.5,1700,0.5,0
4,2,173,0,0,300,0.5,1700,0.5,0
4,3,835,2,10,5,0,500,0.6,1000,0.2,1400,0.2,0
4,4,810,0,0,500,0.6,1000,0.2,1400,0.2,1
4,5,782,2,10,5,0,300,0.5,1700,0.5,2
4,6,115,2,10,5,0,300,0.5,1700,0.5,2
4,7,180,0,0,500,0.6,1000,0.2,1400,0.2,0
4,8,274,2,10,5,0,300,0.5,1700,0.5,0
4,9,676,0,0,500,0.6,1000,0.2,1400,0.2,2
4,10,64,1,0,300,0.5,1700,0.5,0
4,11,85,1,0,500,0.6,1000,0.2,1400,0.2,0
4,12,239,2,10,5,0,500,0.6,1000,0.2,1400,0.2,0
4,13,402,1,0,500,0.6,1000,0.2,1400,0.2,2
4,14,241,0,0,500,0.6,1000,0.2,1400,0.2,0
4,15,539,1,0,300,0.5,1700,0.5,2
4,16,263,2,10,5,0,500,0.6,1000,0.2,1400,0.2,1
4,17,425,0,0,500,0.6,1000,0.2,1400,0.2,1
4,18,156,2,10,5,0,300,0.5,1700,0.5,2
4,19,697,0,0,500,0.6,1000,0.2,1400,0.2,0
5,0,484,0,0,300,0.5,1700,0.5,0
5,1,886,2,10,5,0,500,0.6,1000,0.2,1400,0.2,1
5,2,758,2,10,5,0,300,0.5,1700,0.5,2
5,3,215,2,10,5,0,300,0.5,1700,0.5,1
5,4,74,0,0,500,0.6,1000,0.2,1400,0.2,1
5,5,444,0,0,500,0.6,1000,0.2,1400,0.2,0
5,6,814,2,10,5,0,500,0.6,1000,0.2,1400,0.2,1
5,7,409,2,10,5,0,500,0.6,1000,0.2,1400,0.2,0
5,8,96,2,10,5,0,300,0.5,1700,0.5,1
5,9,986,0,0,500,0.6,1000,0.2,1400,0.2,0
5,10,196,0,0,500,0.6,1000,0.2,1400,0.2,1
5,11,622,0,0,300,0.5,1700,0.5,1
5,12,871,0,0,500,0.6,1000,0.2,1400,0.2,0
5,13,994,1,0,500,0.6,1000,0.2,1400,0.2,2
5,14,284,1,0,300,0.5,1700,0.5,0
5,15,519,2,10,5,0,500,0.6,1000,0.2,1400,0.2,1
5,16,608,1,0,500,0.6,1000,0.2,1400,0.2,2
5,17,850,1,0,300,0.5,1700,0.5,1
5,18,49,1,0,500,0.6,1000,0.2,1400,0.2,2
5,19,200,2,10,5,0,500,0.6,1000,0.2,1400,0.2,2
6,0,383,2,10,5,0,500,0.6,1000,0.2,1400,0.2,1
6,1,762,2,10,5,0,500,0.6,1000,0.2,1400,0.2,2
6,2,593,0,0,300,0.5,1700,0.5,1
6,3,655,1,0,300,0.5,1700,0.5,2
6,4,988,0,0,300,0.5,1700,0.5,0
6,5,635,2,10,5,0,500,0.6,1000,0.2,1400,0.2,1
6,6,680,0,0,500,0.6,1000,0.2,1400,0.2,2
6,7,405,1,0,300,0.5,1700,0.5,1
6,8,820,0,0,300,0.5,1700,0.5,1
6,9,577,2,10,5,0,500,0.6,1000,0.2,1400,0.2,1
6,10,160,0,0,500,0.6,1000,0.2,1400,0.2,1
6,11,232,1,0,300,0.5,1700,0.5,1
6,12,535,0,0,300,0.5,1700,0.5,2
6,13,631,1,0,500,0.6,1000,0.2,1400,0.2,2
6,14,605,0,0,500,0.6,1000,0.2,1400,0.2,0
6,15,773,0,0,500,0.6,1000,0.2,1400,0.2,1
6,16,265,2,10,5,0,500,0.6,1000,0.2,1400,0.2,2
6,17,502,0,0,300,0.5,1700,0.5,2
6,18,873,0,0,300,0.5,1700,0.5,1
6,19,448,2,10,5,0,300,0.5,1700,0.5,2
7,0,593,1,0,300,0.5,1700,0.5,1
7,1,181,0,0,300,0.5,1700,0.5,2
7,2,742,0,0,300,0.5,1700,0.5,2
7,3,284,0,0,300,0.5,1700,0.5,1
7,4,519,2,10,5,0,500,0.6,1000,0.2,1400,0.2,1
7,5,142,0,0,300,0.5,1700,0.5,0
7,6,925,1,0,500,0.6,1000,0.2,1400,0.2,0
7,7,830,0,0,500,0.6,1000,0.2,1400,0.2,2
7,8,664,1,0,500,0.6,1000,0.2,1400,0.2,2
7,9,769,0,0,300,0.5,1700,0.5,2
7,10,519,1,0,500,0.6,1000,0.2,1400,0.2,2
7,11,981,0,0,300,0.5,1700,0.5,2
7,12,140,2,10,5,0,300,0.5,1700,0.5,1
7,13,310,0,0,300,0.5,1700,0.5,1
7,14,710,2,10,5,0,500,0.6,1000,0.2,1400,0.2,1
7,15,326,1,0,500,0.6,1000,0.2,1400,0.2,1
7,16,126,1,0,500,0.6,1000,0.2,1400,0.2,2
7,17,759,2,10,5,0,300,0.5,1700,0.5,0
7,18,89,2,10,5,0,300,0.5,1700,0.5,0
7,19,476,0,0,300,0.5,1700,0.5,1
8,0,752,2,10,5,0,300,0.5,1700,0.5,0
8,1,832,2,10,5,0,500,0.6,1000,0.2,1400,0.2,0
8,2,809,0,0,300,0.5,1700,0.5,1
8,3,693,0,0,500,0.6,1000,0.2,1400,0.2,1
8,4,407,0,0,300,0.5,1700,0.5,2
8,5,871,1,0,500,0.6,1000,0.2,1400,0.2,2
8,6,675,1,0,300,0.5,1700,0.5,0
8,7,734,2,10,5,0,500,0.6,1000,0.2,1400,0.2,2
8,8,900,2,10,5,0,500,0.6,1000,0.2,1400,0.2,1
8,9,759,1,0,300,0.5,1700,0.5,0
8,10,306,2,10,5,0,500,0.6,1000,0.2,1400,0.2,0
8,11,572,0,0,500,0.6,1000,0.2,1400,0.2,1
8,12,239,0,0,500,0.6,1000,0.2,1400,0.2,1
8,13,13,1,0,500,0.6,1000,0.2,1400,0.2,2
8,14,465,2,10,5,0,300,0.5,1700,0.5,1
8,15,711,0,0,500,0.6,1000,0.2,1400,0.2,0
8,16,73,0,0,500,0.6,1000,0.2,1400,0.2,2
8,17,301,2,10,5,0,300,0.5,1700,0.5,2
8,18,227,2,10,5,0,300,0.5,1700,0.5,1
8,19,108,1,0,500,0.6,1000,0.2,1400,0.2,0
9,0,275,0,0,500,0.6,1000,0.2,1400,0.2,1
9,1,882,0,0,500,0.6,1000,0.2,1400,0.2,0
9,2,978,0,0,500,0.6,1000,0.2,1400,0.2,2
9,3,463,0,0,500,0.6,1000,0.2,1400,0.2,0
9,4,759,2,10,5,0,300,0.5,1700,0.5,2
9,5,696,0,0,500,0.6,1000,0.2,1400,0.2,2
9,6,834,0,0,300,0.5,1700,0.5,2
9,7,422,0,0,500,0.6,1000,0.2,1400,0.2,2
9,8,636,0,0,500,0.6,1000,0.2,1400,0.2,0
9,9,566,0,0,500,0.6,1000,0.2,1400,0.2,1
9,10,990,2,10,5,0,500,0.6,1000,0.2,1400,0.2,0
9,11,69,2,10,5,0,300,0.5,1700,0.5,2
9,12,464,1,0,500,0.6,1000,0.2,1400,0.2,2
9,13,506,0,0,300,0.5,1700,0.5,2
9,14,630,0,0,500,0.6,1000,0.2,1400,0.2,1
9,15,824,0,0,500,0.6,1000,0.2,1400,0.2,2
9,16,575,0,0,500,0.6,1000,0.2,1400,0.2,2
9,17,875,2,10,5,0,500,0.6,1000,0.2,1400,0.2,0
9,18,145,1,0,300,0.5,1700,0.5,1
9,19,567,1,0,300,0.5,1700,0.5,0
10,0,749,1,0,300,0.5,1700,0.5,0
10,1,691,2,10,5,0,300,0.5,1700,0.5,1
10,2,629,2,10,5,0,500,0.6,1000,0.2,1400,0.2,0
10,3,626,2,10,5,0,500,0.6,1000,0.2,1400,0.2,0
10,4,776,1,0,300,0.5,1700,0.5,0
10,5,500,0,0,500,0.6,1000,0.2,1400,0.2,0
10,6,654,1,0,500,0.6,1000,0.2,1400,0.2,0
10,7,965,2,10,5,0,500,0.6,1000,0.2,1400,0.2,0
10,8,440,1,0,500,0.6,1000,0.2,1400,0.2,2
10,9,611,2,10,5,0,300,0.5,1700,0.5,0
10,10,952,0,0,300,0.5,1700,0.5,1
10,11,30,2,10,5,0,500,0.6,1000,0.2,1400,0.2,1
10,12,499,0,0,500,0.6,1000,0.2,1400,0.2,2
10,13,897,2,10,5,0,300,0.5,1700,0.5,0
10,14,286,2,10,5,0,300,0.5,1700,0.5,2
10,15,940,2,10,5,0,300,0.5,1700,0.5,2
10,16,788,2,10,5,0,300,0.5,1700,0.5,1
10,17,558,0,0,300,0.5,1700,0.5,2
10,18,959,1,0,300,0.5,1700,0.5,2
10,19,728,2,10,5,0,300,0.5,1700,0.5,0
11,0,363,0,0,500,0.6,1000,0.2,1400,0.2,0
11,1,374,2,10,5,0,500,0.6,1000,0.2,1400,0.2,1
11,2,689,1,0,300,0.5,1700,0.5,1
11,3,638,0,0,300,0.5,1700,0.5,2
11,4,467,0,0,500,0.6,1000,0.2,1400,0.2,1
11,5,993,0,0,500,0.6,1000,0.2,1400,0.2,0
11,6,879,2,10,5,0,300,0.5,1700,0.5,1
11,7,495,0,0,500,0.6,1000,0.2,1400,0.2,0
11,8,595,0,0,500,0.6,1000,0.2,1400,0.2,1
11,9,954,0,0,300,0.5,1700,0.5,2
11,10,720,2,10,5,0,500,0.6,1000,0.2,1400,0.2,0
11,11,227,1,0,500,0.6,1000,0.2,1400,0.2,1
11,12,16,0,0,300,0.5,1700,0.5,1
11,13,405,0,0,300,0.5,1700,0.5,1
11,14,936,2,10,5,0,300,0.5,1700,0.5,0
11,15,625,2,10,5,0,500,0.6,1000,0.2,1400,0.2,2
11,16,651,2,10,5,0,500,0.6,1000,0.2,1400,0.2,1
11,17,478,0,0,500,0.6,1000,0.2,1400,0.2,1
11,18,46,1,0,500,0.6,1000,0.2,1400,0.2,1
11,19,53,0,0,500,0.6,1000,0.2,1400,0.2,2
12,0,541,0,0,500,0.6,1000,0.2,1400,0.2,2
12,1,834,1,0,300,0.5,1700,0.5,2
12,2,365,0,0,500,0.6,1000,0.2,1400,0.2,1
12,3,358,0,0,300,0.5,1700,0.5,2
12,4,855,0,0,300,0.5,1700,0.5,1
12,5,443,2,10,5,0,300,0.5,1700,0.5,2
12,6,74,1,0,500,0.6,1000,0.2,1400,0.2,2
12,7,906,2,10,5,0,300,0.5,1700,0.5,0
12,8,579,2,10,5,0,500,0.6,1000,0.2,1400,0.2,1
12,9,363,2,10,5,0,300,0.5,1700,0.5,0
12,10,444,1,0,300,0.5,1700,0.5,1
12,11,614,1,0,500,0.6,1000,0.2,1400,0.2,0
12,12,613,1,0,500,0.6,1000,0.2,1400,0.2,0
12,13,825,1,0,500,0.6,1000,0.2,1400,0.2,1
12,14,248,2,10,5,0,500,0.6,1000,0.2,1400,0.2,1
12,15,65,1,0,500,0.6,1000,0.2,1400,0.2,1
12,16,283,1,0,300,0.5,1700,0.5,0
12,17,847,1,0,300,0.5,1700,0.5,1
12,18,201,0,0,300,0.5,1700,0.5,0
12,19,507,0,0,300,0.5,1700,0.5,1
13,0,340,2,10,5,0,300,0.5,1700,0.5,2
13,1,884,1,0,500,0.6,1000,0.2,1400,0.2,2
13,2,355,1,0,300,0.5,1700,0.5,0
13,3,504,2,10,5,0,300,0.5,1700,0.5,2
13,4,968,0,0,300,0.5,1700,0.5,1
13,5,387,1,0,500,0.6,1000,0.2,1400,0.2,2
13,6,477,0,0,300,0.5,1700,0.5,0
13,7,820,1,0,500,0.6,1000,0.2,1400,0.2,0
13,8,79,2,10,5,0,500,0.6,1000,0.2,1400,0.2,0
13,9,271,1,0,500,0.6,1000,0.2,1400,0.2,2
13,10,810,2,10,5,0,500,0.6,1000,0.2,1400,0.2,0
13,11,478,0,0,500,0.6,1000,0.2,1400,0.2,2
13,12,118,2,10,5,0,300,0.5,1700,0.5,2
13,13,473,2,10,5,0,500,0.6,1000,0.2,1400,0.2,2
13,14,524,0,0,300,0.5,1700,0.5,2
13,15,391,1,0,500,0.6,1000,0.2,1400,0.2,2
13,16,388,0,0,500,0.6,1000,0.2,1400,0.2,2
13,17,221,1,0,500,0.6,1000,0.2,1400,0.2,2
13,18,979,2,10,5,0,500,0.6,1000,0.2,1400,0.2,1
13,19,407,0,0,500,0.6,1000,0.2,1400,0.2,0
14,0,304,2,10,5,0,300,0.5,1700,0.5,0
14,1,783,1,0,500,0.6,1000,0.2,1400,0.2,2
14,2,241,1,0,300,0.5,1700,0.5,0
14,3,976,1,0,500,0.6,1000,0.2,1400,0.2,2
14,4,707,1,0,500,0.6,1000,0.2,1400,0.2,2
14,5,963,2,10,5,0,300,0.5,1700,0.5,2
14,6,507,1,0,500,0.6,1000,0.2,1400,0.2,0
14,7,487,2,10,5,0,300,0.5,1700,0.5,0
14,8,615,0,0,500,0.6,1000,0.2,1400,0.2,0
14,9,379,1,0,300,0.5,1700,0.5,0
14,10,252,0,0,300,0.5,1700,0.5,2
14,11,464,2,10,5,0,500,0.6,1000,0.2,1400,0.2,0
14,12,14,1,0,300,0.5,1700,0.5,1
14,13,508,0,0,500,0.6,1000,0.2,1400,0.2,2
14,14,133,1,0,300,0.5,1700,0.5,1
14,15,840,0,0,300,0.5,1700,0.5,1
14,16,71,0,0,300,0.5,1700,0.5,0
14,17,968,0,0,300,0.5,1700,0.5,1
14,18,164,0,0,300,0.5,1700,0.5,2
14,19,145,2,10,5,0,300,0.5,1700,0.5,1
15,0,482,0,0,500,0.6,1000,0.2,1400,0.2,1
15,1,29,2,10,5,0,300,0.5,1700,0.5,1
15,2,212,2,10,5,0,500,0.6,1000,0.2,1400,0.2,1
15,3,812,1,0,300,0.5,1700,0.5,1
15,4,947,0,0,500,0.6,1000,0.2,1400,0.2,2
15,5,497,1,0,500,0.6,1000,0.2,1400,0.2,1
15,6,679,0,0,500,0.6,1000,0.2,1400,0.2,2
15,7,95,2,10,5,0,300,0.5,1700,0.5,1
15,8,647,0,0,300,0.5,1700,0.5,0
15,9,172,1,0,300,0.5,1700,0.5,0
15,10,767,1,0,300,0.5,1700,0.5,2
15,11,632,0,0,300,0.5,1700,0.5,2
15,12,77,0,0,500,0.6,1000,0.2,1400,0.2,2
15,13,108,2,10,5,0,500,0.6,1000,0.2,1400,0.2,0
15,14,155,1,0,300,0.5,1700,0.5,0
15,15,791,0,0,300,0.5,1700,0.5,0
15,16,772,2,10,5,0,500,0.6,1000,0.2,1400,0.2,2
15,17,428,0,0,300,0.5,1700,0.5,2
15,18,463,2,10,5,0,500,0.6,1000,0.2,1400,0.2,0
15,19,836,1,0,300,0.5,1700,0.5,0
16,0,439,1,0,300,0.5,1700,0.5,0
16,1,773,1,0,300,0.5,1700,0.5,0
16,2,451,1,0,300,0.5,1700,0.5,0
16,3,513,1,0,300,0.5,1700,0.5,0
16,4,444,2,10,5,0,500,0.6,1000,0.2,1400,0.2,1
16,5,877,0,0,500,0.6,1000,0.2,1400,0.2,0
16,6,595,1,0,500,0.6,1000,0.2,1400,0.2,2
16,7,717,2,10,5,0,300,0.5,1700,0.5,2
16,8,553,1,0,500,0.6,1000,0.2,1400,0.2,2
16,9,878,1,0,300,0.5,1700,0.5,0
16,10,447,0,0,300,0.5,1700,0.5,2
16,11,26,1,0,300,0.5,1700,0.5,0
16,12,304,2,10,5,0,300,0.5,1700,0.5,1
16,13,576,0,0,500,0.6,1000,0.2,1400,0.2,2
16,14,748,2,10,5,0,300,0.5,1700,0.5,1
16,15,62,2,10,5,0,500,0.6,1000,0.2,1400,0.2,1
16,16,295,0,0,300,0.5,1700,0.5,1
16,17,364,2,10,5,0,300,0.5,1700,0.5,2
16,18,611,2,10,5,0,300,0.5,1700,0.5,0
16,19,809,2,10,5,0,500,0.6,1000,0.2,1400,0.2,0
17,0,498,2,10,5,0,300,0.5,1700,0.5,0
17,1,138,1,0,300,0.5,1700,0.5,0
17,2,391,2,10,5,0,500,0.6,1000,0.2,1400,0.2,0
17,3,393,2,10,5,0,500,0.6,1000,0.2,1400,0.2,1
17,4,334,0,0,500,0.6,1000,0.2,1400,0.2,2
17,5,435,1,0,300,0.5,1700,0.5,0
17,6,765,1,0,500,0.6,1000,0.2,1400,0.2,1
17,7,75,0,0,500,0.6,1000,0.2,1400,0.2,1
17,8,97,2,10,5,0,500,0.6,1000,0.2,1400,0.2,1
17,9,472,2,10,5,0,300,0.5,1700,0.5,2
17,10,865,1,0,300,0.5,1700,0.5,0
17,11,597,1,0,500,0.6,1000,0.2,1400,0.2,0
17,12,650,0,0,500,0.6,1000,0.2,1400,0.2,0
17,13,30,2,10,5,0,500,0.6,1000,0.2,1400,0.2,2
17,14,14,0,0,300,0.5,1700,0.5,1
17,15,606,2,10,5,0,300,0.5,1700,0.5,2
17,16,686,2,10,5,0,500,0.6,1000,0.2,1400,0.2,1
17,17,821,1,0,500,0.6,1000,0.2,1400,0.2,2
17,18,738,1,0,300,0.5,1700,0.5,2
17,19,398,1,0,300,0.5,1700,0.5,1
18,0,25,2,10,5,0,300,0.5,1700,0.5,1
18,1,223,2,10,5,0,500,0.6,1000,0.2,1400,0.2,0
18,2,946,2,10,5,0,500,0.6,1000,0.2,1400,0.2,0
18,3,784,1,0,300,0.5,1700,0.5,2
18,4,97,1,0,300,0.5,1700,0.5,2
18,5,957,2,10,5,0,300,0.5,1700,0.5,2
18,6,276,1,0,500,0.6,1000,0.2,1400,0.2,2
18,7,369,1,0,300,0.5,1700,0.5,1
18,8,444,1,0,500,0.6,1000,0.2,1400,0.2,2
18,9,778,2,10,5,0,500,0.6,1000,0.2,1400,0.2,2
18,10,992,2,10,5,0,300,0.5,1700,0.5,1
18,11,186,2,10,5,0,300,0.5,1700,0.5,2
18,12,408,0,0,300,0.5,1700,0.5,0
18,13,672,1,0,300,0.5,1700,0.5,2
18,14,468,2,10,5,0,500,0.6,1000,0.2,1400,0.2,1
18,15,458,0,0,300,0.5,1700,0.5,0
18,16,629,0,0,300,0.5,1700,0.5,2
18,17,404,1,0,300,0.5,1700,0.5,1
18,18,720,0,0,300,0.5,1700,0.5,2
18,19,860,0,0,300,0.5,1700,0.5,2
19,0,336,1,0,500,0.6,1000,0.2,1400,0.2,2
19,1,597,2,10,5,0,500,0.6,1000,0.2,1400,0.2,1
19,2,190,1,0,500,0.6,1000,0.2,1400,0.2,1
19,3,81,1,0,300,0.5,1700,0.5,0
19,4,33,1,0,500,0.6,1000,0.2,1400,0.2,1
19,5,916,2,10,5,0,500,0.6,1000,0.2,1400,0.2,2
19,6,568,1,0,500,0.6,1000,0.2,1400,0.2,1
19,7,42,1,0,300,0.5,1700,0.5,0
19,8,325,0,0,500,0.6,1000,0.2,1400,0.2,0
19,9,376,2,10,5,0,300,0.5,1700,0.5,0
19,10,611,0,0,300,0.5,1700,0.5,0
19,11,446,2,10,5,0,500,0.6,1000,0.2,1400,0.2,0
19,12,363,0,0,500,0.6,1000,0.2,1400,0.2,0
19,13,410,2,10,5,0,300,0.5,1700,0.5,1
19,14,733,1,0,300,0.5,1700,0.5,1
19,15,682,1,0,500,0.6,1000,0.2,1400,0.2,2
19,16,446,1,0,500,0.6,1000,0.2,1400,0.2,1
19,17,951,0,0,500,0.6,1000,0.2,1400,0.2,2
19,18,647,0,0,500,0.6,1000,0.2,1400,0.2,1
19,19,744,2,10,5,0,500,0.6,1000,0.2,1400,0.2,2
