0,0,494,2,10,5,0,500,0.6,1000,0.2,1400,0.2,1
0,1,623,0,0,500,0.6,1000,0.2,1400,0.2,0
0,2,977,1,0,500,0.6,1000,0.2,1400,0.2,1
0,3,68,0,0,300,0.5,1700,0.5,1
0,4,948,2,10,5,0,300,0.5,1700,0.5,2
0,5,873,1,0,500,0.6,1000,0.2,1400,0.2,0
0,6,329,2,10,5,0,300,0.5,1700,0.5,0
0,7,307,1,0,500,0.6,1000,0.2,1400,0.2,0
0,8,552,1,0,300,0.5,1700,0.5,2
0,9,168,1,0,500,0.6,1000,0.2,1400,0.2,0
0,10,355,0,0,300,0.5,1700,0.5,1
0,11,843,0,0,300,0.5,1700,0.5,1
0,12,836,0,0,300,0.5,1700,0.5,0
0,13,890,2,10,5,0,300,0.5,1700,0.5,1
0,14,165,0,0,500,0.6,1000,0.2,1400,0.2,2
0,15,675,2,10,5,0,300,0.5,1700,0.5,1
0,16,255,0,0,300,0.5,1700,0.5,0
0,17,912,2,10,5,0,300,0.5,1700,0.5,0
0,18,434,0,0,500,0.6,1000,0.2,1400,0.2,2
0,19,818,2,10,5,0,500,0.6,1000,0.2,1400,0.2,1
1,0,566,1,0,500,0.6,1000,0.2,1400,0.2,2
1,1,319,0,0,300,0.5,1700,0.5,0
1,2,141,2,10,5,0,500,0.6,1000,0.2,1400,0.2,2
1,3,565,1,0,300,0.5,1700,0.5,2
1,4,287,2,10,5,0,500,0.6,1000,0.2,1400,0.2,0
1,5,119,0,0,300,0.5,1700,0.5,2
1,6,820,0,0,500,0.6,1000,0.2,1400,0.2,0
1,7,872,1,0,300,0.5,1700,0.5,2
1,8,488,0,0,500,0.6,1000,0.2,1400,0.2,0
1,9,974,0,0,300,0.5,1700,0.5,2
1,10,86,2,10,5,0,300,0.5,1700,0.5,1
1,11,742,2,10,5,0,300,0.5,1700,0.5,0
1,12,604,2,10,5,0,500,0.6,1000,0.2,1400,0.2,0
1,13,271,2,10,5,0,500,0.6,1000,0.2,1400,0.2,1
1,14,883,1,0,500,0.6,1000,0.2,1400,0.2,1
1,15,954,0,0,300,0.5,1700,0.5,0
1,16,603,1,0,500,0.6,1000,0.2,1400,0.2,0
1,17,880,1,0,300,0.5,1700,0.5,1
1,18,109,1,0,300,0.5,1700,0.5,0
1,19,351,1,0,300,0.5,1700,0.5,1
2,0,972,2,10,5,0,300,0.5,1700,0.5,2
2,1,987,2,10,5,0,500,0.6,1000,0.2,1400,0.2,0
2,2,938,0,0,300,0.5,1700,0.5,1
2,3,49,1,0,300,0.5,1700,0.5,1
2,4,921,2,10,5,0,300,0.5,1700,0.5,1
2,5,398,2,10,5,0,300,0.5,1700,0.5,1
2,6,216,0,0,500,0.6,1000,0.2,1400,0.2,2
2,7,795,0,0,300,0.5,1700,0.5,2
2,8,158,2,10,5,0,500,0.6,1000,0.2,1400,0.2,0
2,9,119,2,10,5,0,300,0.5,1700,0.5,0
2,10,737,1,0,300,0.5,1700,0.5,2
2,11,745,2,10,5,0,300,0.5,1700,0.5,1
2,12,899,2,10,5,0,300,0.5,1700,0.5,0
2,13,387,0,0,300,0.5,1700,0.5,0
2,14,220,2,10,5,0,300,0.5,1700,0.5,2
2,15,36,0,0,500,0.6,1000,0.2,1400,0.2,1
2,16,153,2,10,5,0,500,0.6,1000,0.2,1400,0.2,1
2,17,566,2,10,5,0,300,0.5,1700,0.5,1
2,18,182,0,0,500,0.6,1000,0.2,1400,0.2,0
2,19,301,2,10,5,0,500,0.6,1000,0.2,1400,0.2,2
3,0,469,0,0,300,0.5,1700,0.5,1
3,1,752,0,0,500,0.6,1000,0.2,1400,0.2,1
3,2,823,2,10,5,0,500,0.6,1000,0.2,1400,0.2,1
3,3,142,0,0,300,0.5,1700,0.5,1
3,4,860,2,10,5,0,300,0.5,1700,0.5,1
3,5,698,2,10,5,0,500,0.6,1000,0.2,1400,0.2,0
3,6,253,1,0,500,0.6,1000,0.2,1400,0.2,1
3,7,125,2,10,5,0,300,0.5,1700,0.5,0
3,8,20,0,0,500,0.6,1000,0.2,1400,0.2,2
3,9,529,1,0,300,0.5,1700,0.5,2
3,10,468,1,0,300,0.5,1700,0.5,2
3,11,112,0,0,500,0.6,1000,0.2,1400,0.2,2
3,12,25,0,0,500,0.6,1000,0.2,1400,0.2,2
3,13,339,2,10,5,0,500,0.6,1000,0.2,1400,0.2,0
3,14,623,2,10,5,0,500,0.6,1000,0.2,1400,0.2,1
3,15,676,1,0,300,0.5,1700,0.5,2
3,16,810,2,10,5,0,300,0.5,1700,0.5,2
3,17,424,1,0,500,0.6,1000,0.2,1400,0.2,0
3,18,69,2,10,5,0,500,0.6,1000,0.2,1400,0.2,2
3,19,107,0,0,300,0.5,1700,0.5,0
4,0,869,2,10,5,0,300,0.5,1700,0.5,0
4,1,66,0,0,300,0.5,1700,0.5,0
4,2,325,0,0,300,0.5,1700,0.5,1
4,3,11,1,0,300,0.5,1700,0.5,1
4,4,199,2,10,5,0,500,0.6,1000,0.2,1400,0.2,0
4,5,508,2,10,5,0,500,0.6,1000,0.2,1400,0.2,2
4,6,904,2,10,5,0,500,0.6,1000,0.2,1400,0.2,2
4,7,532,1,0,300,0.5,1700,0.5,2
4,8,841,2,10,5,0,300,0.5,1700,0.5,2
4,9,45,1,0,500,0.6,1000,0.2,1400,0.2,0
4,10,694,1,0,500,0.6,1000,0.2,1400,0.2,2
4,11,20,1,0,500,0.6,1000,0.2,1400,0.2,1
4,12,580,1,0,500,0.6,1000,0.2,1400,0.2,1
4,13,921,2,10,5,0,300,0.5,1700,0.5,1
4,14,469,0,0,500,0.6,1000,0.2,1400,0.2,2
4,15,404,2,10,5,0,500,0.6,1000,0.2,1400,0.2,1
4,16,159,0,0,500,0.6,1000,0.2,1400,0.2,1
4,17,293,2,10,5,0,300,0.5,1700,0.5,2
4,18,135,0,0,300,0.5,1700,0.5,1
4,19,751,2,10,5,0,300,0.5,1700,0.5,1
5,0,971,2,10,5,0,500,0.6,1000,0.2,1400,0.2,1
5,1,773,2,10,5,0,500,0.6,1000,0.2,1400,0.2,1
5,2,214,2,10,5,0,500,0.6,1000,0.2,1400,0.2,0
5,3,963,1,0,500,0.6,1000,0.2,1400,0.2,0
5,4,858,2,10,5,0,300,0.5,1700,0.5,2
5,5,577,1,0,500,0.6,1000,0.2,1400,0.2,1
5,6,269,1,0,500,0.6,1000,0.2,1400,0.2,2
5,7,138,0,0,500,0.6,1000,0.2,1400,0.2,0
5,8,943,0,0,500,0.6,1000,0.2,1400,0.2,1
5,9,505,1,0,300,0.5,1700,0.5,2
5,10,633,0,0,300,0.5,1700,0.5,0
5,11,49,0,0,300,0.5,1700,0.5,0
5,12,237,2,10,5,0,500,0.6,1000,0.2,1400,0.2,1
5,13,11,1,0,300,0.5,1700,0.5,0
5,14,156,0,0,500,0.6,1000,0.2,1400,0.2,2
5,15,183,2,10,5,0,500,0.6,1000,0.2,1400,0.2,0
5,16,116,0,0,300,0.5,1700,0.5,1
5,17,541,2,10,5,0,500,0.6,1000,0.2,1400,0.2,1
5,18,736,0,0,500,0.6,1000,0.2,1400,0.2,1
5,19,778,1,0,500,0.6,1000,0.2,1400,0.2,1
6,0,508,1,0,500,0.6,1000,0.2,1400,0.2,2
6,1,997,1,0,300,0.5,1700,0.5,2
6,2,131,1,0,500,0.6,1000,0.2,1400,0.2,0
6,3,444,2,10,5,0,300,0.5,1700,0.5,0
6,4,885,0,0,500,0.6,1000,0.2,1400,0.2,0
6,5,844,0,0,500,0.6,1000,0.2,1400,0.2,1
6,6,276,2,10,5,0,500,0.6,1000,0.2,1400,0.2,0
6,7,742,0,0,500,0.6,1000,0.2,1400,0.2,0
6,8,39,2,10,5,0,500,0.6,1000,0.2,1400,0.2,0
6,9,904,2,10,5,0,300,0.5,1700,0.5,2
6,10,830,2,10,5,0,300,0.5,1700,0.5,0
6,11,850,2,10,5,0,300,0.5,1700,0.5,0
6,12,343,0,0,500,0.6,1000,0.2,1400,0.2,0
6,13,499,0,0,300,0.5,1700,0.5,2
6,14,497,1,0,500,0.6,1000,0.2,1400,0.2,2
6,15,444,0,0,300,0.5,1700,0.5,2
6,16,396,0,0,500,0.6,1000,0.2,1400,0.2,2
6,17,513,1,0,300,0.5,1700,0.5,0
6,18,138,0,0,500,0.6,1000,0.2,1400,0.2,0
6,19,200,2,10,5,0,500,0.6,1000,0.2,1400,0.2,1
7,0,545,2,10,5,0,500,0.6,1000,0.2,1400,0.2,1
7,1,869,0,0,500,0.6,1000,0.2,1400,0.2,0
7,2,184,2,10,5,0,500,0.6,1000,0.2,1400,0.2,2
7,3,966,1,0,300,0.5,1700,0.5,1
7,4,286,1,0,500,0.6,1000,0.2,1400,0.2,0
7,5,871,2,10,5,0,500,0.6,1000,0.2,1400,0.2,2
7,6,48,0,0,300,0.5,1700,0.5,1
7,7,904,1,0,300,0.5,1700,0.5,1
7,8,397,1,0,500,0.6,1000,0.2,1400,0.2,0
7,9,37,1,0,300,0.5,1700,0.5,1
7,10,47,2,10,5,0,500,0.6,1000,0.2,1400,0.2,2
7,11,241,0,0,500,0.6,1000,0.2,1400,0.2,1
7,12,660,2,10,5,0,500,0.6,1000,0.2,1400,0.2,1
7,13,746,0,0,500,0.6,1000,0.2,1400,0.2,2
7,14,262,0,0,500,0.6,1000,0.2,1400,0.2,0
7,15,370,0,0,500,0.6,1000,0.2,1400,0.2,1
7,16,13,1,0,300,0.5,1700,0.5,1
7,17,85,2,10,5,0,500,0.6,1000,0.2,1400,0.2,2
7,18,563,0,0,300,0.5,1700,0.5,1
7,19,918,0,0,300,0.5,1700,0.5,1
8,0,540,2,10,5,0,300,0.5,1700,0.5,1
8,1,786,2,10,5,0,500,0.6,1000,0.2,1400,0.2,2
8,2,273,0,0,500,0.6,1000,0.2,1400,0.2,1
8,3,849,2,10,5,0,300,0.5,1700,0.5,2
8,4,717,2,10,5,0,500,0.6,1000,0.2,1400,0.2,1
8,5,214,2,10,5,0,500,0.6,1000,0.2,1400,0.2,2
8,6,796,1,0,300,0.5,1700,0.5,0
8,7,112,2,10,5,0,500,0.6,1000,0.2,1400,0.2,1
8,8,350,0,0,500,0.6,1000,0.2,1400,0.2,0
8,9,66,0,0,300,0.5,1700,0.5,0
8,10,956,2,10,5,0,300,0.5,1700,0.5,1
8,11,643,0,0,300,0.5,1700,0.5,2
8,12,893,1,0,300,0.5,1700,0.5,1
8,13,676,0,0,500,0.6,1000,0.2,1400,0.2,2
8,14,477,2,10,5,0,500,0.6,1000,0.2,1400,0.2,0
8,15,897,2,10,5,0,300,0.5,1700,0.5,0
8,16,812,2,10,5,0,300,0.5,1700,0.5,1
8,17,897,0,0,300,0.5,1700,0.5,2
8,18,497,2,10,5,0,500,0.6,1000,0.2,1400,0.2,2
8,19,769,0,0,500,0.6,1000,0.2,1400,0.2,1
9,0,340,2,10,5,0,300,0.5,1700,0.5,2
9,1,103,2,10,5,0,300,0.5,1700,0.5,2
9,2,952,0,0,300,0.5,1700,0.5,0
9,3,448,2,10,5,0,500,0.6,1000,0.2,1400,0.2,0
9,4,964,1,0,300,0.5,1700,0.5,1
9,5,694,0,0,500,0.6,1000,0.2,1400,0.2,0
9,6,696,0,0,500,0.6,1000,0.2,1400,0.2,1
9,7,377,1,0,500,0.6,1000,0.2,1400,0.2,2
9,8,792,0,0,500,0.6,1000,0.2,1400,0.2,0
9,9,204,0,0,500,0.6,1000,0.2,1400,0.2,0
9,10,294,1,0,300,0.5,1700,0.5,1
9,11,471,1,0,300,0.5,1700,0.5,0
9,12,328,2,10,5,0,500,0.6,1000,0.2,1400,0.2,0
9,13,633,2,10,5,0,300,0.5,1700,0.5,0
9,14,937,0,0,500,0.6,1000,0.2,1400,0.2,1
9,15,855,1,0,500,0.6,1000,0.2,1400,0.2,1
9,16,419,1,0,300,0.5,1700,0.5,2
9,17,708,1,0,300,0.5,1700,0.5,0
9,18,835,1,0,300,0.5,1700,0.5,1
9,19,528,2,10,5,0,500,0.6,1000,0.2,1400,0.2,0
10,0,311,0,0,500,0.6,1000,0.2,1400,0.2,1
10,1,565,2,10,5,0,500,0.6,1000,0.2,1400,0.2,2
10,2,706,2,10,5,0,500,0.6,1000,0.2,1400,0.2,2
10,3,712,0,0,500,0.6,1000,0.2,1400,0.2,1
10,4,251,0,0,300,0.5,1700,0.5,1
10,5,365,2,10,5,0,500,0.6,1000,0.2,1400,0.2,0
10,6,334,2,10,5,0,300,0.5,1700,0.5,0
10,7,423,0,0,300,0.5,1700,0.5,1
10,8,807,2,10,5,0,300,0.5,1700,0.5,1
10,9,319,2,10,5,0,300,0.5,1700,0.5,1
10,10,73,1,0,300,0.5,1700,0.5,2
10,11,370,1,0,300,0.5,1700,0.5,0
10,12,651,0,0,300,0.5,1700,0.5,1
10,13,502,2,10,5,0,500,0.6,1000,0.2,1400,0.2,0
10,14,425,2,10,5,0,500,0.6,1000,0.2,1400,0.2,2
10,15,927,1,0,500,0.6,1000,0.2,1400,0.2,1
10,16,142,0,0,500,0.6,1000,0.2,1400,0.2,0
10,17,881,1,0,500,0.6,1000,0.2,1400,0.2,2
10,18,212,1,0,500,0.6,1000,0.2,1400,0.2,0
10,19,792,1,0,300,0.5,1700,0.5,1
11,0,908,1,0,300,0.5,1700,0.5,0
11,1,431,2,10,5,0,300,0.5,1700,0.5,1
11,2,918,0,0,500,0.6,1000,0.2,1400,0.2,2
11,3,986,1,0,300,0.5,1700,0.5,0
11,4,594,2,10,5,0,500,0.6,1000,0.2,1400,0.2,1
11,5,271,0,0,300,0.5,1700,0.5,1
11,6,444,1,0,300,0.5,1700,0.5,2
11,7,599,0,0,500,0.6,1000,0.2,1400,0.2,0
11,8,181,2,10,5,0,300,0.5,1700,0.5,0
11,9,499,0,0,300,0.5,1700,0.5,2
11,10,117,1,0,500,0.6,1000,0.2,1400,0.2,0
11,11,488,1,0,300,0.5,1700,0.5,0
11,12,740,0,0,300,0.5,1700,0.5,0
11,13,767,1,0,500,0.6,1000,0.2,1400,0.2,1
11,14,350,0,0,500,0.6,1000,0.2,1400,0.2,1
11,15,465,1,0,300,0.5,1700,0.5,1
11,16,653,1,0,500,0.6,1000,0.2,1400,0.2,1
11,17,43,2,10,5,0,500,0.6,1000,0.2,1400,0.2,1
11,18,430,2,10,5,0,300,0.5,1700,0.5,0
11,19,926,1,0,300,0.5,1700,0.5,0
12,0,286,1,0,500,0.6,1000,0.2,1400,0.2,0
12,1,562,2,10,5,0,300,0.5,1700,0.5,0
12,2,45,2,10,5,0,300,0.5,1700,0.5,1
12,3,66,0,0,500,0.6,1000,0.2,1400,0.2,0
12,4,594,2,10,5,0,300,0.5,1700,0.5,0
12,5,598,1,0,500,0.6,1000,0.2,1400,0.2,0
12,6,921,0,0,300,0.5,1700,0.5,1
12,7,215,0,0,500,0.6,1000,0.2,1400,0.2,2
12,8,973,0,0,500,0.6,1000,0.2,1400,0.2,0
12,9,773,0,0,500,0.6,1000,0.2,1400,0.2,2
12,10,247,1,0,300,0.5,1700,0.5,2
12,11,618,2,10,5,0,300,0.5,1700,0.5,1
12,12,887,1,0,500,0.6,1000,0.2,1400,0.2,0
12,13,874,1,0,500,0.6,1000,0.2,1400,0.2,2
12,14,419,0,0,300,0.5,1700,0.5,0
12,15,93,1,0,300,0.5,1700,0.5,0
12,16,931,2,10,5,0,300,0.5,1700,0.5,1
12,17,422,0,0,300,0.5,1700,0.5,2
12,18,562,2,10,5,0,300,0.5,1700,0.5,0
12,19,810,1,0,300,0.5,1700,0.5,1
13,0,343,2,10,5,0,500,0.6,1000,0.2,1400,0.2,2
13,1,688,2,10,5,0,300,0.5,1700,0.5,1
13,2,623,1,0,500,0.6,1000,0.2,1400,0.2,1
13,3,63,1,0,500,0.6,1000,0.2,1400,0.2,0
13,4,393,2,10,5,0,500,0.6,1000,0.2,1400,0.2,1
13,5,602,1,0,300,0.5,1700,0.5,2
13,6,80,0,0,500,0.6,1000,0.2,1400,0.2,0
13,7,674,0,0,500,0.6,1000,0.2,1400,0.2,1
13,8,451,1,0,300,0.5,1700,0.5,2
13,9,628,2,10,5,0,500,0.6,1000,0.2,1400,0.2,0
13,10,608,2,10,5,0,500,0.6,1000,0.2,1400,0.2,2
13,11,447,2,10,5,0,300,0.5,1700,0.5,2
13,12,552,1,0,500,0.6,1000,0.2,1400,0.2,1
13,13,648,2,10,5,0,500,0.6,1000,0.2,1400,0.2,1
13,14,645,0,0,300,0.5,1700,0.5,0
13,15,614,1,0,300,0.5,1700,0.5,0
13,16,835,2,10,5,0,300,0.5,1700,0.5,0
13,17,774,1,0,500,0.6,1000,0.2,1400,0.2,2
13,18,783,0,0,300,0.5,1700,0.5,0
13,19,740,0,0,500,0.6,1000,0.2,1400,0.2,2
14,0,279,2,10,5,0,500,0.6,1000,0.2,1400,0.2,2
14,1,64,0,0,500,0.6,1000,0.2,1400,0.2,2
14,2,832,0,0,300,0.5,1700,0.5,1
14,3,211,0,0,300,0.5,1700,0.5,1
14,4,719,1,0,500,0.6,1000,0.2,1400,0.2,1
14,5,268,2,10,5,0,500,0.6,1000,0.2,1400,0.2,2
14,6,982,2,10,5,0,300,0.5,1700,0.5,2
14,7,847,2,10,5,0,500,0.6,1000,0.2,1400,0.2,0
14,8,732,2,10,5,0,300,0.5,1700,0.5,1
14,9,921,0,0,300,0.5,1700,0.5,0
14,10,463,1,0,300,0.5,1700,0.5,0
14,11,941,1,0,300,0.5,1700,0.5,1
14,12,286,0,0,300,0.5,1700,0.5,0
14,13,25,1,0,500,0.6,1000,0.2,1400,0.2,0
14,14,394,1,0,500,0.6,1000,0.2,1400,0.2,1
14,15,453,2,10,5,0,500,0.6,1000,0.2,1400,0.2,2
14,16,644,0,0,300,0.5,1700,0.5,1
14,17,107,0,0,300,0.5,1700,0.5,1
14,18,921,1,0,500,0.6,1000,0.2,1400,0.2,1
14,19,767,0,0,300,0.5,1700,0.5,2
15,0,626,1,0,500,0.6,1000,0.2,1400,0.2,2
15,1,983,1,0,500,0.6,1000,0.2,1400,0.2,2
15,2,101,1,0,300,0.5,1700,0.5,1
15,3,273,1,0,500,0.6,1000,0.2,1400,0.2,1
15,4,937,2,10,5,0,300,0.5,1700,0.5,1
15,5,474,0,0,500,0.6,1000,0.2,1400,0.2,2
15,6,223,2,10,5,0,300,0.5,1700,0.5,2
15,7,855,2,10,5,0,500,0.6,1000,0.2,1400,0.2,2
15,8,866,0,0,300,0.5,1700,0.5,2
15,9,774,2,10,5,0,500,0.6,1000,0.2,1400,0.2,1
15,10,932,2,10,5,0,300,0.5,1700,0.5,0
15,11,668,0,0,300,0.5,1700,0.5,2
15,12,234,0,0,500,0.6,1000,0.2,1400,0.2,1
15,13,794,0,0,500,0.6,1000,0.2,1400,0.2,0
15,14,64,1,0,500,0.6,1000,0.2,1400,0.2,1
15,15,474,0,0,300,0.5,1700,0.5,0
15,16,622,1,0,300,0.5,1700,0.5,1
15,17,154,0,0,300,0.5,1700,0.5,1
15,18,221,2,10,5,0,500,0.6,1000,0.2,1400,0.2,0
15,19,237,0,0,300,0.5,1700,0.5,1
16,0,16,2,10,5,0,300,0.5,1700,0.5,1
16,1,200,0,0,300,0.5,1700,0.5,2
16,2,980,2,10,5,0,300,0.5,1700,0.5,2
16,3,279,1,0,300,0.5,1700,0.5,0
16,4,346,2,10,5,0,500,0.6,1000,0.2,1400,0.2,2
16,5,222,2,10,5,0,500,0.6,1000,0.2,1400,0.2,0
16,6,647,1,0,500,0.6,1000,0.2,1400,0.2,0
16,7,93,2,10,5,0,500,0.6,1000,0.2,1400,0.2,0
16,8,454,2,10,5,0,500,0.6,1000,0.2,1400,0.2,0
16,9,864,2,10,5,0,300,0.5,1700,0.5,1
16,10,167,2,10,5,0,500,0.6,1000,0.2,1400,0.2,2
16,11,22,1,0,500,0.6,1000,0.2,1400,0.2,2
16,12,364,0,0,300,0.5,1700,0.5,2
16,13,294,2,10,5,0,500,0.6,1000,0.2,1400,0.2,2
16,14,429,0,0,300,0.5,1700,0.5,0
16,15,254,2,10,5,0,300,0.5,1700,0.5,0
16,16,578,0,0,500,0.6,1000,0.2,1400,0.2,2
16,17,58,0,0,500,0.6,1000,0.2,1400,0.2,1
16,18,923,0,0,300,0.5,1700,0.5,0
16,19,664,2,10,5,0,500,0.6,1000,0.2,1400,0.2,1
17,0,809,2,10,5,0,300,0.5,1700,0.5,0
17,1,160,0,0,300,0.5,1700,0.5,1
17,2,231,1,0,500,0.6,1000,0.2,1400,0.2,2
17,3,62,0,0,500,0.6,1000,0.2,1400,0.2,2
17,4,524,1,0,500,0.6,1000,0.2,1400,0.2,1
17,5,926,2,10,5,0,500,0.6,1000,0.2,1400,0.2,1
17,6,978,1,0,300,0.5,1700,0.5,2
17,7,328,1,0,300,0.5,1700,0.5,2
17,8,234,0,0,300,0.5,1700,0.5,2
17,9,417,2,10,5,0,300,0.5,1700,0.5,0
17,10,176,0,0,500,0.6,1000,0.2,1400,0.2,0
17,11,436,1,0,300,0.5,1700,0.5,2
17,12,749,0,0,500,0.6,1000,0.2,1400,0.2,0
17,13,992,0,0,300,0.5,1700,0.5,0
17,14,174,0,0,300,0.5,1700,0.5,0
17,15,800,2,10,5,0,500,0.6,1000,0.2,1400,0.2,1
17,16,277,2,10,5,0,500,0.6,1000,0.2,1400,0.2,2
17,17,627,2,10,5,0,300,0.5,1700,0.5,0
17,18,537,0,0,500,0.6,1000,0.2,1400,0.2,1
17,19,202,1,0,300,0.5,1700,0.5,0
18,0,192,0,0,300,0.5,1700,0.5,1
18,1,404,1,0,300,0.5,1700,0.5,2
18,2,785,2,10,5,0,500,0.6,1000,0.2,1400,0.2,0
18,3,301,2,10,5,0,500,0.6,1000,0.2,1400,0.2,2
18,4,829,0,0,500,0.6,1000,0.2,1400,0.2,0
18,5,656,2,10,5,0,500,0.6,1000,0.2,1400,0.2,0
18,6,803,2,10,5,0,300,0.5,1700,0.5,2
18,7,978,1,0,500,0.6,1000,0.2,1400,0.2,2
18,8,668,2,10,5,0,500,0.6,1000,0.2,1400,0.2,0
18,9,699,0,0,300,0.5,1700,0.5,0
18,10,469,1,0,500,0.6,1000,0.2,1400,0.2,2
18,11,388,2,10,5,0,300,0.5,1700,0.5,2
18,12,543,0,0,500,0.6,1000,0.2,1400,0.2,1
18,13,699,2,10,5,0,500,0.6,1000,0.2,1400,0.2,2
18,14,867,2,10,5,0,300,0.5,1700,0.5,1
18,15,156,0,0,300,0.5,1700,0.5,2
18,16,252,0,0,500,0.6,1000,0.2,1400,0.2,0
18,17,561,1,0,300,0.5,1700,0.5,0
18,18,474,1,0,500,0.6,1000,0.2,1400,0.2,2
18,19,503,2,10,5,0,500,0.6,1000,0.2,1400,0.2,1
19,0,906,0,0,500,0.6,1000,0.2,1400,0.2,1
19,1,390,2,10,5,0,500,0.6,1000,0.2,1400,0.2,0
19,2,149,2,10,5,0,300,0.5,1700,0.5,1
19,3,348,1,0,300,0.5,1700,0.5,0
19,4,68,0,0,500,0.6,1000,0.2,1400,0.2,1
19,5,575,0,0,500,0.6,1000,0.2,1400,0.2,0
19,6,947,0,0,500,0.6,1000,0.2,1400,0.2,0
19,7,132,0,0,300,0.5,1700,0.5,0
19,8,749,2,10,5,0,500,0.6,1000,0.2,1400,0.2,2
19,9,291,1,0,500,0.6,1000,0.2,1400,0.2,2
19,10,10,0,0,300,0.5,1700,0.5,2
19,11,630,2,10,5,0,500,0.6,1000,0.2,1400,0.2,2
19,12,858,2,10,5,0,300,0.5,1700,0.5,2
19,13,984,1,0,500,0.6,1000,0.2,1400,0.2,0
19,14,478,2,10,5,0,300,0.5,1700,0.5,1
19,15,282,0,0,500,0.6,1000,0.2,1400,0.2,0
19,16,521,2,10,5,0,300,0.5,1700,0.5,0
19,17,855,2,10,5,0,500,0.6,1000,0.2,1400,0.2,0
19,18,401,0,0,500,0.6,1000,0.2,1400,0.2,2
19,19,766,0,0,500,0.6,1000,0.2,1400,0.2,2
