0,0,831,0,0,300,0.5,1700,0.5,0
0,1,149,0,0,300,0.5,1700,0.5,2
0,2,117,2,10,5,0,500,0.6,1000,0.2,1400,0.2,2
0,3,772,2,10,5,0,300,0.5,1700,0.5,0
0,4,677,2,10,5,0,300,0.5,1700,0.5,2
0,5,823,0,0,300,0.5,1700,0.5,1
0,6,226,0,0,300,0.5,1700,0.5,1
0,7,814,0,0,500,0.6,1000,0.2,1400,0.2,2
0,8,816,2,10,5,0,500,0.6,1000,0.2,1400,0.2,1
0,9,938,2,10,5,0,500,0.6,1000,0.2,1400,0.2,1
0,10,995,1,0,500,0.6,1000,0.2,1400,0.2,2
0,11,394,0,0,300,0.5,1700,0.5,0
0,12,613,1,0,300,0.5,1700,0.5,2
0,13,772,2,10,5,0,500,0.6,1000,0.2,1400,0.2,0
0,14,595,1,0,500,0.6,1000,0.2,1400,0.2,2
0,15,286,0,0,500,0.6,1000,0.2,1400,0.2,0
0,16,97,2,10,5,0,300,0.5,1700,0.5,2
0,17,855,1,0,300,0.5,1700,0.5,2
0,18,175,1,0,500,0.6,1000,0.2,1400,0.2,0
0,19,239,0,0,300,0.5,1700,0.5,1
1,0,837,0,0,500,0.6,1000,0.2,1400,0.2,0
1,1,411,0,0,300,0.5,1700,0.5,1
1,2,204,0,0,300,0.5,1700,0.5,1
1,3,268,0,0,300,0.5,1700,0.5,0
1,4,693,1,0,500,0.6,1000,0.2,1400,0.2,1
1,5,620,2,10,5,0,500,0.6,1000,0.2,1400,0.2,0
1,6,167,2,10,5,0,300,0.5,1700,0.5,1
1,7,707,0,0,300,0.5,1700,0.5,1
1,8,516,1,0,300,0.5,1700,0.5,0
1,9,177,0,0,300,0.5,1700,0.5,0
1,10,518,0,0,300,0.5,1700,0.5,0
1,11,291,1,0,300,0.5,1700,0.5,1
1,12,642,2,10,5,0,500,0.6,1000,0.2,1400,0.2,1
1,13,877,1,0,500,0.6,1000,0.2,1400,0.2,0
1,14,834,0,0,500,0.6,1000,0.2,1400,0.2,2
1,15,950,1,0,300,0.5,1700,0.5,2
1,16,952,1,0,300,0.5,1700,0.5,0
1,17,879,0,0,300,0.5,1700,0.5,0
1,18,142,1,0,300,0.5,1700,0.5,0
1,19,690,0,0,500,0.6,1000,0.2,1400,0.2,0
2,0,645,1,0,500,0.6,1000,0.2,1400,0.2,0
2,1,355,0,0,300,0.5,1700,0.5,2
2,2,784,1,0,300,0.5,1700,0.5,0
2,3,482,2,10,5,0,300,0.5,1700,0.5,1
2,4,742,1,0,500,0.6,1000,0.2,1400,0.2,2
2,5,893,1,0,300,0.5,1700,0.5,0
2,6,446,0,0,500,0.6,1000,0.2,1400,0.2,1
2,7,583,2,10,5,0,500,0.6,1000,0.2,1400,0.2,0
2,8,71,2,10,5,0,500,0.6,1000,0.2,1400,0.2,2
2,9,282,1,0,300,0.5,1700,0.5,0
2,10,787,2,10,5,0,300,0.5,1700,0.5,0
2,11,10,0,0,500,0.6,1000,0.2,1400,0.2,2
2,12,981,2,10,5,0,500,0.6,1000,0.2,1400,0.2,1
2,13,972,1,0,500,0.6,1000,0.2,1400,0.2,1
2,14,58,2,10,5,0,500,0.6,1000,0.2,1400,0.2,2
2,15,189,1,0,500,0.6,1000,0.2,1400,0.2,2
2,16,24,0,0,300,0.5,1700,0.5,0
2,17,179,0,0,300,0.5,1700,0.5,1
2,18,893,1,0,500,0.6,1000,0.2,1400,0.2,2
2,19,732,0,0,500,0.6,1000,0.2,1400,0.2,0
3,0,621,1,0,300,0.5,1700,0.5,2
3,1,48,0,0,300,0.5,1700,0.5,2
3,2,165,1,0,500,0.6,1000,0.2,1400,0.2,1
3,3,391,2,10,5,0,300,0.5,1700,0.5,0
3,4,842,0,0,300,0.5,1700,0.5,1
3,5,35,2,10,5,0,500,0.6,1000,0.2,1400,0.2,1
3,6,492,0,0,500,0.6,1000,0.2,1400,0.2,1
3,7,908,0,0,300,0.5,1700,0.5,2
3,8,695,2,10,5,0,500,0.6,1000,0.2,1400,0.2,2
3,9,456,1,0,500,0.6,1000,0.2,1400,0.2,2
3,10,655,2,10,5,0,300,0.5,1700,0.5,2
3,11,655,1,0,300,0.5,1700,0.5,1
3,12,661,2,10,5,0,300,0.5,1700,0.5,1
3,13,264,1,0,300,0.5,1700,0.5,0
3,14,454,1,0,500,0.6,1000,0.2,1400,0.2,0
3,15,56,1,0,500,0.6,1000,0.2,1400,0.2,2
3,16,157,0,0,500,0.6,1000,0.2,1400,0.2,2
3,17,396,0,0,300,0.5,1700,0.5,1
3,18,721,0,0,300,0.5,1700,0.5,0
3,19,226,1,0,300,0.5,1700,0.5,0
4,0,821,1,0,500,0.6,1000,0.2,1400,0.2,1
4,1,873,1,0,500,0.6,1000,0.2,1400,0.2,1
4,2,303,1,0,500,0.6,1000,0.2,1400,0.2,2
4,3,681,2,10,5,0,300,0.5,1700,0.5,2
4,4,118,2,10,5,0,300,0.5,1700,0.5,2
4,5,548,0,0,500,0.6,1000,0.2,1400,0.2,2
4,6,359,0,0,300,0.5,1700,0.5,2
4,7,215,1,0,300,0.5,1700,0.5,1
4,8,88,0,0,500,0.6,1000,0.2,1400,0.2,1
4,9,835,0,0,300,0.5,1700,0.5,0
4,10,870,2,10,5,0,500,0.6,1000,0.2,1400,0.2,1
4,11,91,0,0,500,0.6,1000,0.2,1400,0.2,2
4,12,404,2,10,5,0,500,0.6,1000,0.2,1400,0.2,0
4,13,74,2,10,5,0,500,0.6,1000,0.2,1400,0.2,2
4,14,532,2,10,5,0,300,0.5,1700,0.5,0
4,15,692,2,10,5,0,500,0.6,1000,0.2,1400,0.2,2
4,16,616,2,10,5,0,300,0.5,1700,0.5,2
4,17,586,0,0,500,0.6,1000,0.2,1400,0.2,0
4,18,855,0,0,500,0.6,1000,0.2,1400,0.2,0
4,19,71,2,10,5,0,300,0.5,1700,0.5,0
5,0,27,1,0,300,0.5,1700,0.5,2
5,1,288,1,0,500,0.6,1000,0.2,1400,0.2,1
5,2,459,2,10,5,0,300,0.5,1700,0.5,0
5,3,460,2,10,5,0,500,0.6,1000,0.2,1400,0.2,1
5,4,227,1,0,500,0.6,1000,0.2,1400,0.2,2
5,5,610,0,0,300,0.5,1700,0.5,2
5,6,354,0,0,500,0.6,1000,0.2,1400,0.2,2
5,7,722,2,10,5,0,500,0.6,1000,0.2,1400,0.2,1
5,8,788,1,0,500,0.6,1000,0.2,1400,0.2,1
5,9,464,2,10,5,0,300,0.5,1700,0.5,0
5,10,985,0,0,500,0.6,1000,0.2,1400,0.2,2
5,11,42,0,0,300,0.5,1700,0.5,2
5,12,769,0,0,500,0.6,1000,0.2,1400,0.2,0
5,13,221,1,0,300,0.5,1700,0.5,1
5,14,176,2,10,5,0,300,0.5,1700,0.5,1
5,15,189,1,0,300,0.5,1700,0.5,0
5,16,605,2,10,5,0,500,0.6,1000,0.2,1400,0.2,2
5,17,293,0,0,300,0.5,1700,0.5,1
5,18,161,2,10,5,0,500,0.6,1000,0.2,1400,0.2,2
5,19,631,2,10,5,0,300,0.5,1700,0.5,1
6,0,215,1,0,300,0.5,1700,0.5,2
6,1,140,2,10,5,0,300,0.5,1700,0.5,1
6,2,51,0,0,300,0.5,1700,0.5,2
6,3,725,0,0,300,0.5,1700,0.5,0
6,4,646,2,10,5,0,500,0.6,1000,0.2,1400,0.2,1
6,5,255,2,10,5,0,300,0.5,1700,0.5,2
6,6,945,0,0,300,0.5,1700,0.5,0
6,7,900,1,0,500,0.6,1000,0.2,1400,0.2,0
6,8,439,1,0,500,0.6,1000,0.2,1400,0.2,2
6,9,447,2,10,5,0,500,0.6,1000,0.2,1400,0.2,1
6,10,331,2,10,5,0,500,0.6,1000,0.2,1400,0.2,0
6,11,786,2,10,5,0,500,0.6,1000,0.2,1400,0.2,0
6,12,304,2,10,5,0,300,0.5,1700,0.5,0
6,13,572,2,10,5,0,300,0.5,1700,0.5,2
6,14,495,2,10,5,0,300,0.5,1700,0.5,2
6,15,916,2,10,5,0,500,0.6,1000,0.2,1400,0.2,2
6,16,829,2,10,5,0,300,0.5,1700,0.5,0
6,17,338,0,0,500,0.6,1000,0.2,1400,0.2,1
6,18,74,2,10,5,0,300,0.5,1700,0.5,2
6,19,628,2,10,5,0,500,0.6,1000,0.2,1400,0.2,2
7,0,574,1,0,300,0.5,1700,0.5,2
7,1,566,0,0,500,0.6,1000,0.2,1400,0.2,2
7,2,880,0,0,500,0.6,1000,0.2,1400,0.2,1
7,3,828,2,10,5,0,500,0.6,1000,0.2,1400,0.2,2
7,4,841,2,10,5,0,300,0.5,1700,0.5,1
7,5,339,0,0,500,0.6,1000,0.2,1400,0.2,0
7,6,466,1,0,300,0.5,1700,0.5,2
7,7,725,1,0,500,0.6,1000,0.2,1400,0.2,0
7,8,807,0,0,300,0.5,1700,0.5,0
7,9,658,2,10,5,0,300,0.5,1700,0.5,1
7,10,357,1,0,300,0.5,1700,0.5,2
7,11,93,0,0,300,0.5,1700,0.5,2
7,12,374,1,0,300,0.5,1700,0.5,2
7,13,250,0,0,500,0.6,1000,0.2,1400,0.2,2
7,14,610,1,0,500,0.6,1000,0.2,1400,0.2,1
7,15,697,2,10,5,0,300,0.5,1700,0.5,1
7,16,211,0,0,300,0.5,1700,0.5,2
7,17,603,0,0,500,0.6,1000,0.2,1400,0.2,1
7,18,649,2,10,5,0,300,0.5,1700,0.5,1
7,19,221,1,0,500,0.6,1000,0.2,1400,0.2,1
8,0,440,1,0,500,0.6,1000,0.2,1400,0.2,2
8,1,478,0,0,300,0.5,1700,0.5,2
8,2,328,0,0,500,0.6,1000,0.2,1400,0.2,2
8,3,229,0,0,500,0.6,1000,0.2,1400,0.2,0
8,4,30,1,0,500,0.6,1000,0.2,1400,0.2,1
8,5,802,1,0,300,0.5,1700,0.5,0
8,6,823,2,10,5,0,500,0.6,1000,0.2,1400,0.2,2
8,7,378,1,0,300,0.5,1700,0.5,2
8,8,354,1,0,500,0.6,1000,0.2,1400,0.2,1
8,9,480,1,0,500,0.6,1000,0.2,1400,0.2,0
8,10,330,0,0,500,0.6,1000,0.2,1400,0.2,2
8,11,34,2,10,5,0,300,0.5,1700,0.5,2
8,12,587,0,0,300,0.5,1700,0.5,0
8,13,124,1,0,300,0.5,1700,0.5,2
8,14,757,2,10,5,0,500,0.6,1000,0.2,1400,0.2,2
8,15,79,2,10,5,0,500,0.6,1000,0.2,1400,0.2,1
8,16,312,0,0,300,0.5,1700,0.5,0
8,17,647,0,0,500,0.6,1000,0.2,1400,0.2,1
8,18,430,0,0,300,0.5,1700,0.5,0
8,19,208,1,0,300,0.5,1700,0.5,2
9,0,564,0,0,300,0.5,1700,0.5,1
9,1,878,2,10,5,0,500,0.6,1000,0.2,1400,0.2,2
9,2,621,0,0,300,0.5,1700,0.5,0
9,3,541,2,10,5,0,500,0.6,1000,0.2,1400,0.2,2
9,4,847,1,0,300,0.5,1700,0.5,0
9,5,107,2,10,5,0,300,0.5,1700,0.5,2
9,6,268,1,0,300,0.5,1700,0.5,1
9,7,634,2,10,5,0,300,0.5,1700,0.5,1
9,8,27,2,10,5,0,500,0.6,1000,0.2,1400,0.2,1
9,9,401,2,10,5,0,500,0.6,1000,0.2,1400,0.2,0
9,10,727,1,0,500,0.6,1000,0.2,1400,0.2,1
9,11,158,1,0,300,0.5,1700,0.5,2
9,12,536,2,10,5,0,300,0.5,1700,0.5,0
9,13,169,2,10,5,0,500,0.6,1000,0.2,1400,0.2,2
9,14,69,2,10,5,0,500,0.6,1000,0.2,1400,0.2,1
9,15,686,0,0,300,0.5,1700,0.5,0
9,16,256,1,0,500,0.6,1000,0.2,1400,0.2,1
9,17,107,0,0,300,0.5,1700,0.5,0
9,18,92,0,0,300,0.5,1700,0.5,0
9,19,47,2,10,5,0,500,0.6,1000,0.2,1400,0.2,0
10,0,56,2,10,5,0,500,0.6,1000,0.2,1400,0.2,1
10,1,859,1,0,300,0.5,1700,0.5,0
10,2,488,0,0,500,0.6,1000,0.2,1400,0.2,0
10,3,565,1,0,300,0.5,1700,0.5,2
10,4,613,0,0,300,0.5,1700,0.5,2
10,5,670,2,10,5,0,500,0.6,1000,0.2,1400,0.2,2
10,6,39,0,0,500,0.6,1000,0.2,1400,0.2,2
10,7,891,2,10,5,0,500,0.6,1000,0.2,1400,0.2,2
10,8,81,1,0,500,0.6,1000,0.2,1400,0.2,0
10,9,309,2,10,5,0,300,0.5,1700,0.5,2
10,10,596,2,10,5,0,300,0.5,1700,0.5,2
10,11,37,1,0,500,0.6,1000,0.2,1400,0.2,2
10,12,518,0,0,300,0.5,1700,0.5,1
10,13,706,1,0,300,0.5,1700,0.5,2
10,14,129,0,0,500,0.6,1000,0.2,1400,0.2,1
10,15,186,2,10,5,0,500,0.6,1000,0.2,1400,0.2,1
10,16,288,1,0,500,0.6,1000,0.2,1400,0.2,2
10,17,46,2,10,5,0,500,0.6,1000,0.2,1400,0.2,1
10,18,99,2,10,5,0,300,0.5,1700,0.5,0
10,19,50,1,0,500,0.6,1000,0.2,1400,0.2,1
11,0,176,1,0,300,0.5,1700,0.5,1
11,1,773,0,0,300,0.5,1700,0.5,1
11,2,263,0,0,500,0.6,1000,0.2,1400,0.2,0
11,3,604,2,10,5,0,300,0.5,1700,0.5,0
11,4,62,0,0,500,0.6,1000,0.2,1400,0.2,1
11,5,430,1,0,300,0.5,1700,0.5,1
11,6,606,2,10,5,0,300,0.5,1700,0.5,0
11,7,512,1,0,300,0.5,1700,0.5,1
11,8,632,0,0,500,0.6,1000,0.2,1400,0.2,2
11,9,546,1,0,500,0.6,1000,0.2,1400,0.2,1
11,10,403,1,0,500,0.6,1000,0.2,1400,0.2,2
11,11,647,1,0,500,0.6,1000,0.2,1400,0.2,0
11,12,153,0,0,500,0.6,1000,0.2,1400,0.2,2
11,13,143,1,0,500,0.6,1000,0.2,1400,0.2,0
11,14,705,1,0,300,0.5,1700,0.5,1
11,15,305,1,0,500,0.6,1000,0.2,1400,0.2,2
11,16,835,2,10,5,0,500,0.6,1000,0.2,1400,0.2,1
11,17,590,1,0,300,0.5,1700,0.5,2
11,18,953,1,0,500,0.6,1000,0.2,1400,0.2,1
11,19,881,0,0,300,0.5,1700,0.5,2
12,0,194,0,0,300,0.5,1700,0.5,1
12,1,707,2,10,5,0,500,0.6,1000,0.2,1400,0.2,0
12,2,641,1,0,300,0.5,1700,0.5,2
12,3,887,0,0,500,0.6,1000,0.2,1400,0.2,0
12,4,420,1,0,300,0.5,1700,0.5,1
12,5,454,2,10,5,0,500,0.6,1000,0.2,1400,0.2,2
12,6,958,1,0,300,0.5,1700,0.5,2
12,7,832,1,0,500,0.6,1000,0.2,1400,0.2,1
12,8,511,1,0,500,0.6,1000,0.2,1400,0.2,1
12,9,850,0,0,500,0.6,1000,0.2,1400,0.2,0
12,10,35,0,0,300,0.5,1700,0.5,0
12,11,647,0,0,300,0.5,1700,0.5,2
12,12,540,2,10,5,0,500,0.6,1000,0.2,1400,0.2,1
12,13,671,2,10,5,0,500,0.6,1000,0.2,1400,0.2,1
12,14,600,0,0,500,0.6,1000,0.2,1400,0.2,0
12,15,578,2,10,5,0,300,0.5,1700,0.5,2
12,16,389,1,0,500,0.6,1000,0.2,1400,0.2,1
12,17,178,1,0,300,0.5,1700,0.5,0
12,18,770,1,0,300,0.5,1700,0.5,0
12,19,368,0,0,500,0.6,1000,0.2,1400,0.2,2
13,0,846,0,0,500,0.6,1000,0.2,1400,0.2,1
13,1,255,2,10,5,0,500,0.6,1000,0.2,1400,0.2,0
13,2,727,1,0,500,0.6,1000,0.2,1400,0.2,0
13,3,651,1,0,300,0.5,1700,0.5,2
13,4,471,1,0,300,0.5,1700,0.5,0
13,5,912,1,0,300,0.5,1700,0.5,2
13,6,415,0,0,300,0.5,1700,0.5,2
13,7,877,1,0,500,0.6,1000,0.2,1400,0.2,2
13,8,154,1,0,500,0.6,1000,0.2,1400,0.2,2
13,9,302,2,10,5,0,500,0.6,1000,0.2,1400,0.2,0
13,10,713,1,0,500,0.6,1000,0.2,1400,0.2,1
13,11,902,0,0,500,0.6,1000,0.2,1400,0.2,1
13,12,568,1,0,500,0.6,1000,0.2,1400,0.2,2
13,13,337,2,10,5,0,500,0.6,1000,0.2,1400,0.2,1
13,14,888,0,0,300,0.5,1700,0.5,0
13,15,126,1,0,300,0.5,1700,0.5,0
13,16,394,2,10,5,0,300,0.5,1700,0.5,0
13,17,385,0,0,300,0.5,1700,0.5,1
13,18,410,2,10,5,0,300,0.5,1700,0.5,2
13,19,300,1,0,300,0.5,1700,0.5,2
14,0,693,2,10,5,0,500,0.6,1000,0.2,1400,0.2,0
14,1,718,0,0,500,0.6,1000,0.2,1400,0.2,0
14,2,962,2,10,5,0,300,0.5,1700,0.5,2
14,3,716,0,0,300,0.5,1700,0.5,1
14,4,849,0,0,300,0.5,1700,0.5,2
14,5,129,1,0,300,0.5,1700,0.5,1
14,6,485,1,0,500,0.6,1000,0.2,1400,0.2,2
14,7,411,0,0,300,0.5,1700,0.5,0
14,8,903,0,0,500,0.6,1000,0.2,1400,0.2,1
14,9,292,0,0,300,0.5,1700,0.5,2
14,10,346,2,10,5,0,300,0.5,1700,0.5,0
14,11,239,0,0,500,0.6,1000,0.2,1400,0.2,1
14,12,565,0,0,500,0.6,1000,0.2,1400,0.2,1
14,13,497,2,10,5,0,300,0.5,1700,0.5,0
14,14,424,1,0,300,0.5,1700,0.5,2
14,15,497,0,0,500,0.6,1000,0.2,1400,0.2,2
14,16,492,0,0,500,0.6,1000,0.2,1400,0.2,0
14,17,204,1,0,500,0.6,1000,0.2,1400,0.2,2
14,18,167,1,0,500,0.6,1000,0.2,1400,0.2,2
14,19,96,2,10,5,0,300,0.5,1700,0.5,1
15,0,713,2,10,5,0,500,0.6,1000,0.2,1400,0.2,0
15,1,415,1,0,300,0.5,1700,0.5,1
15,2,501,2,10,5,0,500,0.6,1000,0.2,1400,0.2,2
15,3,480,2,10,5,0,300,0.5,1700,0.5,1
15,4,732,2,10,5,0,300,0.5,1700,0.5,1
15,5,548,2,10,5,0,300,0.5,1700,0.5,0
15,6,969,1,0,300,0.5,1700,0.5,2
15,7,596,0,0,300,0.5,1700,0.5,0
15,8,626,2,10,5,0,300,0.5,1700,0.5,2
15,9,553,0,0,500,0.6,1000,0.2,1400,0.2,2
15,10,294,2,10,5,0,300,0.5,1700,0.5,1
15,11,240,0,0,300,0.5,1700,0.5,2
15,12,20,2,10,5,0,300,0.5,1700,0.5,2
15,13,752,1,0,300,0.5,1700,0.5,1
15,14,31,2,10,5,0,300,0.5,1700,0.5,2
15,15,95,2,10,5,0,500,0.6,1000,0.2,1400,0.2,1
15,16,645,2,10,5,0,300,0.5,1700,0.5,1
15,17,904,2,10,5,0,300,0.5,1700,0.5,1
15,18,321,2,10,5,0,500,0.6,1000,0.2,1400,0.2,2
15,19,987,1,0,500,0.6,1000,0.2,1400,0.2,2
16,0,637,1,0,500,0.6,1000,0.2,1400,0.2,0
16,1,136,0,0,500,0.6,1000,0.2,1400,0.2,1
16,2,24,1,0,500,0.6,1000,0.2,1400,0.2,1
16,3,39,2,10,5,0,300,0.5,1700,0.5,1
16,4,52,1,0,300,0.5,1700,0.5,2
16,5,239,1,0,300,0.5,1700,0.5,2
16,6,778,1,0,500,0.6,1000,0.2,1400,0.2,2
16,7,766,2,10,5,0,500,0.6,1000,0.2,1400,0.2,0
16,8,204,1,0,500,0.6,1000,0.2,1400,0.2,2
16,9,173,0,0,500,0.6,1000,0.2,1400,0.2,1
16,10,389,0,0,500,0.6,1000,0.2,1400,0.2,1
16,11,584,2,10,5,0,300,0.5,1700,0.5,2
16,12,781,1,0,300,0.5,1700,0.5,2
16,13,524,0,0,300,0.5,1700,0.5,2
16,14,965,0,0,500,0.6,1000,0.2,1400,0.2,0
16,15,60,1,0,300,0.5,1700,0.5,1
16,16,604,1,0,300,0.5,1700,0.5,1
16,17,173,1,0,300,0.5,1700,0.5,0
16,18,446,2,10,5,0,500,0.6,1000,0.2,1400,0.2,1
16,19,316,1,0,300,0.5,1700,0.5,0
17,0,392,2,10,5,0,500,0.6,1000,0.2,1400,0.2,0
17,1,168,1,0,500,0.6,1000,0.2,1400,0.2,1
17,2,561,0,0,300,0.5,1700,0.5,0
17,3,613,0,0,500,0.6,1000,0.2,1400,0.2,1
17,4,573,0,0,500,0.6,1000,0.2,1400,0.2,0
17,5,749,2,10,5,0,500,0.6,1000,0.2,1400,0.2,1
17,6,884,2,10,5,0,300,0.5,1700,0.5,2
17,7,67,2,10,5,0,300,0.5,1700,0.5,0
17,8,545,0,0,300,0.5,1700,0.5,1
17,9,243,1,0,500,0.6,1000,0.2,1400,0.2,0
17,10,194,1,0,300,0.5,1700,0.5,0
17,11,768,2,10,5,0,300,0.5,1700,0.5,1
17,12,112,2,10,5,0,500,0.6,1000,0.2,1400,0.2,1
17,13,721,2,10,5,0,300,0.5,1700,0.5,0
17,14,189,0,0,300,0.5,1700,0.5,2
17,15,807,1,0,500,0.6,1000,0.2,1400,0.2,0
17,16,993,1,0,500,0.6,1000,0.2,1400,0.2,1
17,17,425,2,10,5,0,500,0.6,1000,0.2,1400,0.2,1
17,18,200,0,0,500,0.6,1000,0.2,1400,0.2,1
17,19,146,2,10,5,0,300,0.5,1700,0.5,1
18,0,210,2,10,5,0,300,0.5,1700,0.5,0
18,1,437,2,10,5,0,300,0.5,1700,0.5,0
18,2,711,1,0,300,0.5,1700,0.5,1
18,3,291,0,0,300,0.5,1700,0.5,2
18,4,223,0,0,500,0.6,1000,0.2,1400,0.2,0
18,5,203,1,0,300,0.5,1700,0.5,2
18,6,337,2,10,5,0,300,0.5,1700,0.5,2
18,7,169,2,10,5,0,500,0.6,1000,0.2,1400,0.2,2
18,8,653,0,0,300,0.5,1700,0.5,1
18,9,133,1,0,300,0.5,1700,0.5,1
18,10,870,2,10,5,0,300,0.5,1700,0.5,2
18,11,950,0,0,300,0.5,1700,0.5,1
18,12,804,1,0,300,0.5,1700,0.5,0
18,13,276,0,0,300,0.5,1700,0.5,1
18,14,153,1,0,500,0.6,1000,0.2,1400,0.2,2
18,15,917,0,0,500,0.6,1000,0.2,1400,0.2,2
18,16,390,1,0,500,0.6,1000,0.2,1400,0.2,2
18,17,411,1,0,300,0.5,1700,0.5,2
18,18,690,0,0,300,0.5,1700,0.5,0
18,19,867,2,10,5,0,500,0.6,1000,0.2,1400,0.2,2
19,0,579,0,0,500,0.6,1000,0.2,1400,0.2,0
19,1,954,1,0,300,0.5,1700,0.5,1
19,2,382,1,0,300,0.5,1700,0.5,1
19,3,923,2,10,5,0,500,0.6,1000,0.2,1400,0.2,2
19,4,814,0,0,300,0.5,1700,0.5,2
19,5,756,0,0,300,0.5,1700,0.5,0
19,6,914,0,0,500,0.6,1000,0.2,1400,0.2,1
19,7,537,0,0,500,0.6,1000,0.2,1400,0.2,2
19,8,598,1,0,500,0.6,1000,0.2,1400,0.2,0
19,9,867,1,0,300,0.5,1700,0.5,2
19,10,684,2,10,5,0,300,0.5,1700,0.5,0
19,11,774,1,0,300,0.5,1700,0.5,1
19,12,898,1,0,500,0.6,1000,0.2,1400,0.2,2
19,13,570,2,10,5,0,300,0.5,1700,0.5,0
19,14,317,0,0,300,0.5,1700,0.5,2
19,15,995,1,0,500,0.6,1000,0.2,1400,0.2,0
19,16,78,2,10,5,0,300,0.5,1700,0.5,1
19,17,781,0,0,300,0.5,1700,0.5,1
19,18,624,1,0,300,0.5,1700,0.5,2
19,19,556,1,0,300,0.5,1700,0.5,1
