0,0,918,1,0,300,0.5,1700,0.5,1
0,1,273,2,10,5,0,500,0.6,1000,0.2,1400,0.2,0
0,2,755,0,0,300,0.5,1700,0.5,0
0,3,223,2,10,5,0,500,0.6,1000,0.2,1400,0.2,1
0,4,13,0,0,500,0.6,1000,0.2,1400,0.2,1
0,5,709,2,10,5,0,300,0.5,1700,0.5,2
0,6,347,1,0,500,0.6,1000,0.2,1400,0.2,0
0,7,366,2,10,5,0,500,0.6,1000,0.2,1400,0.2,0
0,8,167,1,0,300,0.5,1700,0.5,2
0,9,613,0,0,300,0.5,1700,0.5,0
0,10,177,2,10,5,0,500,0.6,1000,0.2,1400,0.2,0
0,11,851,1,0,500,0.6,1000,0.2,1400,0.2,0
0,12,617,2,10,5,0,300,0.5,1700,0.5,1
0,13,192,2,10,5,0,300,0.5,1700,0.5,2
0,14,933,1,0,300,0.5,1700,0.5,0
0,15,453,1,0,500,0.6,1000,0.2,1400,0.2,1
0,16,623,2,10,5,0,500,0.6,1000,0.2,1400,0.2,1
0,17,605,0,0,500,0.6,1000,0.2,1400,0.2,1
0,18,328,1,0,500,0.6,1000,0.2,1400,0.2,0
0,19,294,1,0,300,0.5,1700,0.5,1
1,0,748,0,0,500,0.6,1000,0.2,1400,0.2,2
1,1,135,1,0,500,0.6,1000,0.2,1400,0.2,2
1,2,420,1,0,300,0.5,1700,0.5,1
1,3,79,2,10,5,0,300,0.5,1700,0.5,1
1,4,889,1,0,300,0.5,1700,0.5,0
1,5,795,1,0,500,0.6,1000,0.2,1400,0.2,2
1,6,608,2,10,5,0,300,0.5,1700,0.5,2
1,7,628,0,0,500,0.6,1000,0.2,1400,0.2,2
1,8,69,2,10,5,0,300,0.5,1700,0.5,2
1,9,991,2,10,5,0,500,0.6,1000,0.2,1400,0.2,2
1,10,899,1,0,500,0.6,1000,0.2,1400,0.2,2
1,11,761,1,0,500,0.6,1000,0.2,1400,0.2,2
1,12,173,0,0,300,0.5,1700,0.5,1
1,13,44,1,0,500,0.6,1000,0.2,1400,0.2,1
1,14,895,1,0,500,0.6,1000,0.2,1400,0.2,2
1,15,279,2,10,5,0,500,0.6,1000,0.2,1400,0.2,0
1,16,198,0,0,500,0.6,1000,0.2,1400,0.2,0
1,17,452,0,0,500,0.6,1000,0.2,1400,0.2,2
1,18,834,0,0,300,0.5,1700,0.5,1
1,19,261,1,0,300,0.5,1700,0.5,2
2,0,222,2,10,5,0,300,0.5,1700,0.5,2
2,1,360,0,0,500,0.6,1000,0.2,1400,0.2,2
2,2,589,0,0,500,0.6,1000,0.2,1400,0.2,2
2,3,414,2,10,5,0,300,0.5,1700,0.5,2
2,4,898,2,10,5,0,500,0.6,1000,0.2,1400,0.2,0
2,5,897,2,10,5,0,500,0.6,1000,0.2,1400,0.2,0
2,6,963,2,10,5,0,300,0.5,1700,0.5,1
2,7,491,1,0,500,0.6,1000,0.2,1400,0.2,0
2,8,824,0,0,500,0.6,1000,0.2,1400,0.2,0
2,9,535,0,0,300,0.5,1700,0.5,0
2,10,439,1,0,500,0.6,1000,0.2,1400,0.2,2
2,11,635,1,0,300,0.5,1700,0.5,1
2,12,449,2,10,5,0,500,0.6,1000,0.2,1400,0.2,2
2,13,724,2,10,5,0,500,0.6,1000,0.2,1400,0.2,2
2,14,121,1,0,300,0.5,1700,0.5,1
2,15,668,2,10,5,0,300,0.5,1700,0.5,0
2,16,772,2,10,5,0,300,0.5,1700,0.5,2
2,17,737,0,0,300,0.5,1700,0.5,0
2,18,840,1,0,300,0.5,1700,0.5,0
2,19,607,0,0,500,0.6,1000,0.2,1400,0.2,0
3,0,124,1,0,500,0.6,1000,0.2,1400,0.2,1
3,1,10,1,0,500,0.6,1000,0.2,1400,0.2,2
3,2,751,0,0,500,0.6,1000,0.2,1400,0.2,1
3,3,930,1,0,300,0.5,1700,0.5,1
3,4,366,1,0,300,0.5,1700,0.5,1
3,5,782,0,0,500,0.6,1000,0.2,1400,0.2,0
3,6,748,1,0,500,0.6,1000,0.2,1400,0.2,1
3,7,742,1,0,300,0.5,1700,0.5,2
3,8,469,2,10,5,0,500,0.6,1000,0.2,1400,0.2,0
3,9,658,2,10,5,0,500,0.6,1000,0.2,1400,0.2,1
3,10,342,0,0,300,0.5,1700,0.5,0
3,11,365,1,0,500,0.6,1000,0.2,1400,0.2,1
3,12,63,0,0,300,0.5,1700,0.5,0
3,13,940,1,0,300,0.5,1700,0.5,2
3,14,171,1,0,300,0.5,1700,0.5,1
3,15,763,2,10,5,0,500,0.6,1000,0.2,1400,0.2,0
3,16,946,1,0,300,0.5,1700,0.5,0
3,17,449,0,0,500,0.6,1000,0.2,1400,0.2,0
3,18,326,0,0,500,0.6,1000,0.2,1400,0.2,1
3,19,321,0,0,500,0.6,1000,0.2,1400,0.2,2
4,0,500,0,0,500,0.6,1000,0.2,1400,0.2,1
4,1,956,0,0,300,0.5,1700,0.5,0
4,2,346,0,0,300,0.5,1700,0.5,1
4,3,719,1,0,300,0.5,1700,0.5,1
4,4,910,1,0,300,0.5,1700,0.5,0
4,5,71,1,0,500,0.6,1000,0.2,1400,0.2,1
4,6,187,0,0,500,0.6,1000,0.2,1400,0.2,2
4,7,898,0,0,300,0.5,1700,0.5,0
4,8,799,1,0,500,0.6,1000,0.2,1400,0.2,2
4,9,376,2,10,5,0,500,0.6,1000,0.2,1400,0.2,2
4,10,464,2,10,5,0,300,0.5,1700,0.5,2
4,11,379,2,10,5,0,300,0.5,1700,0.5,2
4,12,725,0,0,500,0.6,1000,0.2,1400,0.2,0
4,13,378,1,0,500,0.6,1000,0.2,1400,0.2,1
4,14,450,0,0,500,0.6,1000,0.2,1400,0.2,0
4,15,699,2,10,5,0,300,0.5,1700,0.5,2
4,16,161,0,0,300,0.5,1700,0.5,0
4,17,107,0,0,500,0.6,1000,0.2,1400,0.2,2
4,18,195,2,10,5,0,500,0.6,1000,0.2,1400,0.2,0
4,19,898,0,0,300,0.5,1700,0.5,0
5,0,681,1,0,300,0.5,1700,0.5,2
5,1,448,2,10,5,0,500,0.6,1000,0.2,1400,0.2,0
5,2,382,2,10,5,0,500,0.6,1000,0.2,1400,0.2,1
5,3,575,0,0,300,0.5,1700,0.5,2
5,4,155,1,0,500,0.6,1000,0.2,1400,0.2,1
5,5,934,1,0,500,0.6,1000,0.2,1400,0.2,0
5,6,652,2,10,5,0,300,0.5,1700,0.5,2
5,7,747,0,0,300,0.5,1700,0.5,0
5,8,926,1,0,500,0.6,1000,0.2,1400,0.2,0
5,9,945,0,0,300,0.5,1700,0.5,1
5,10,712,2,10,5,0,300,0.5,1700,0.5,2
5,11,262,1,0,500,0.6,1000,0.2,1400,0.2,2
5,12,104,2,10,5,0,500,0.6,1000,0.2,1400,0.2,1
5,13,86,0,0,300,0.5,1700,0.5,0
5,14,201,2,10,5,0,500,0.6,1000,0.2,1400,0.2,0
5,15,223,1,0,300,0.5,1700,0.5,0
5,16,292,1,0,500,0.6,1000,0.2,1400,0.2,1
5,17,372,2,10,5,0,300,0.5,1700,0.5,0
5,18,70,2,10,5,0,500,0.6,1000,0.2,1400,0.2,0
5,19,205,2,10,5,0,300,0.5,1700,0.5,1
6,0,968,1,0,500,0.6,1000,0.2,1400,0.2,1
6,1,360,0,0,500,0.6,1000,0.2,1400,0.2,2
6,2,859,2,10,5,0,300,0.5,1700,0.5,0
6,3,970,0,0,300,0.5,1700,0.5,1
6,4,19,1,0,300,0.5,1700,0.5,2
6,5,563,0,0,500,0.6,1000,0.2,1400,0.2,2
6,6,794,2,10,5,0,500,0.6,1000,0.2,1400,0.2,0
6,7,937,1,0,500,0.6,1000,0.2,1400,0.2,1
6,8,680,0,0,300,0.5,1700,0.5,2
6,9,59,0,0,300,0.5,1700,0.5,0
6,10,232,0,0,300,0.5,1700,0.5,1
6,11,466,0,0,500,0.6,1000,0.2,1400,0.2,0
6,12,133,1,0,300,0.5,1700,0.5,1
6,13,515,0,0,500,0.6,1000,0.2,1400,0.2,2
6,14,611,1,0,500,0.6,1000,0.2,1400,0.2,2
6,15,919,0,0,500,0.6,1000,0.2,1400,0.2,0
6,16,496,2,10,5,0,500,0.6,1000,0.2,1400,0.2,1
6,17,58,2,10,5,0,300,0.5,1700,0.5,1
6,18,389,1,0,500,0.6,1000,0.2,1400,0.2,1
6,19,964,2,10,5,0,500,0.6,1000,0.2,1400,0.2,2
7,0,680,2,10,5,0,500,0.6,1000,0.2,1400,0.2,2
7,1,506,1,0,300,0.5,1700,0.5,0
7,2,804,2,10,5,0,300,0.5,1700,0.5,1
7,3,466,0,0,500,0.6,1000,0.2,1400,0.2,0
7,4,431,1,0,500,0.6,1000,0.2,1400,0.2,1
7,5,20,1,0,300,0.5,1700,0.5,1
7,6,534,1,0,500,0.6,1000,0.2,1400,0.2,2
7,7,865,1,0,500,0.6,1000,0.2,1400,0.2,1
7,8,676,2,10,5,0,300,0.5,1700,0.5,1
7,9,713,0,0,500,0.6,1000,0.2,1400,0.2,0
7,10,877,1,0,500,0.6,1000,0.2,1400,0.2,2
7,11,369,0,0,500,0.6,1000,0.2,1400,0.2,0
7,12,894,1,0,300,0.5,1700,0.5,2
7,13,17,2,10,5,0,300,0.5,1700,0.5,2
7,14,708,1,0,500,0.6,1000,0.2,1400,0.2,1
7,15,749,0,0,500,0.6,1000,0.2,1400,0.2,2
7,16,751,0,0,300,0.5,1700,0.5,0
7,17,530,2,10,5,0,300,0.5,1700,0.5,0
7,18,882,1,0,500,0.6,1000,0.2,1400,0.2,0
7,19,686,2,10,5,0,500,0.6,1000,0.2,1400,0.2,1
8,0,803,2,10,5,0,500,0.6,1000,0.2,1400,0.2,0
8,1,340,1,0,300,0.5,1700,0.5,2
8,2,480,2,10,5,0,300,0.5,1700,0.5,2
8,3,801,2,10,5,0,300,0.5,1700,0.5,0
8,4,75,1,0,500,0.6,1000,0.2,1400,0.2,1
8,5,936,0,0,500,0.6,1000,0.2,1400,0.2,2
8,6,662,2,10,5,0,500,0.6,1000,0.2,1400,0.2,1
8,7,671,1,0,500,0.6,1000,0.2,1400,0.2,2
8,8,155,1,0,300,0.5,1700,0.5,0
8,9,91,1,0,500,0.6,1000,0.2,1400,0.2,2
8,10,922,0,0,300,0.5,1700,0.5,0
8,11,133,2,10,5,0,500,0.6,1000,0.2,1400,0.2,1
8,12,759,0,0,300,0.5,1700,0.5,1
8,13,772,1,0,500,0.6,1000,0.2,1400,0.2,0
8,14,378,2,10,5,0,500,0.6,1000,0.2,1400,0.2,0
8,15,550,2,10,5,0,300,0.5,1700,0.5,1
8,16,925,0,0,300,0.5,1700,0.5,2
8,17,865,1,0,500,0.6,1000,0.2,1400,0.2,1
8,18,486,0,0,300,0.5,1700,0.5,2
8,19,477,2,10,5,0,500,0.6,1000,0.2,1400,0.2,1
9,0,671,2,10,5,0,300,0.5,1700,0.5,2
9,1,356,1,0,300,0.5,1700,0.5,1
9,2,181,1,0,300,0.5,1700,0.5,1
9,3,802,1,0,300,0.5,1700,0.5,0
9,4,347,0,0,300,0.5,1700,0.5,1
9,5,432,0,0,500,0.6,1000,0.2,1400,0.2,0
9,6,211,1,0,500,0.6,1000,0.2,1400,0.2,2
9,7,941,0,0,500,0.6,1000,0.2,1400,0.2,2
9,8,378,0,0,300,0.5,1700,0.5,2
9,9,117,1,0,500,0.6,1000,0.2,1400,0.2,2
9,10,255,1,0,300,0.5,1700,0.5,1
9,11,628,0,0,300,0.5,1700,0.5,1
9,12,789,0,0,300,0.5,1700,0.5,1
9,13,685,1,0,300,0.5,1700,0.5,2
9,14,486,0,0,500,0.6,1000,0.2,1400,0.2,0
9,15,655,1,0,500,0.6,1000,0.2,1400,0.2,2
9,16,797,2,10,5,0,500,0.6,1000,0.2,1400,0.2,0
9,17,682,1,0,300,0.5,1700,0.5,2
9,18,867,0,0,300,0.5,1700,0.5,1
9,19,895,1,0,500,0.6,1000,0.2,1400,0.2,2
10,0,180,2,10,5,0,300,0.5,1700,0.5,2
10,1,309,1,0,300,0.5,1700,0.5,2
10,2,949,1,0,500,0.6,1000,0.2,1400,0.2,2
10,3,470,2,10,5,0,500,0.6,1000,0.2,1400,0.2,0
10,4,487,2,10,5,0,300,0.5,1700,0.5,0
10,5,479,1,0,300,0.5,1700,0.5,0
10,6,742,0,0,300,0.5,1700,0.5,1
10,7,618,1,0,300,0.5,1700,0.5,2
10,8,306,2,10,5,0,500,0.6,1000,0.2,1400,0.2,0
10,9,270,2,10,5,0,300,0.5,1700,0.5,1
10,10,871,2,10,5,0,300,0.5,1700,0.5,1
10,11,358,1,0,300,0.5,1700,0.5,2
10,12,806,0,0,500,0.6,1000,0.2,1400,0.2,2
10,13,868,1,0,300,0.5,1700,0.5,1
10,14,597,0,0,500,0.6,1000,0.2,1400,0.2,0
10,15,754,1,0,300,0.5,1700,0.5,1
10,16,957,2,10,5,0,300,0.5,1700,0.5,1
10,17,119,1,0,500,0.6,1000,0.2,1400,0.2,1
10,18,865,2,10,5,0,500,0.6,1000,0.2,1400,0.2,0
10,19,463,1,0,500,0.6,1000,0.2,1400,0.2,2
11,0,713,2,10,5,0,500,0.6,1000,0.2,1400,0.2,2
11,1,183,1,0,300,0.5,1700,0.5,2
11,2,525,2,10,5,0,300,0.5,1700,0.5,1
11,3,633,2,10,5,0,500,0.6,1000,0.2,1400,0.2,0
11,4,399,2,10,5,0,500,0.6,1000,0.2,1400,0.2,1
11,5,54,0,0,300,0.5,1700,0.5,1
11,6,462,0,0,500,0.6,1000,0.2,1400,0.2,1
11,7,675,2,10,5,0,500,0.6,1000,0.2,1400,0.2,1
11,8,845,2,10,5,0,500,0.6,1000,0.2,1400,0.2,0
11,9,890,1,0,500,0.6,1000,0.2,1400,0.2,2
11,10,661,2,10,5,0,300,0.5,1700,0.5,0
11,11,127,2,10,5,0,500,0.6,1000,0.2,1400,0.2,0
11,12,13,2,10,5,0,300,0.5,1700,0.5,1
11,13,613,1,0,500,0.6,1000,0.2,1400,0.2,0
11,14,468,1,0,500,0.6,1000,0.2,1400,0.2,0
11,15,722,2,10,5,0,500,0.6,1000,0.2,1400,0.2,2
11,16,203,2,10,5,0,500,0.6,1000,0.2,1400,0.2,2
11,17,513,0,0,500,0.6,1000,0.2,1400,0.2,1
11,18,443,1,0,300,0.5,1700,0.5,1
11,19,729,2,10,5,0,300,0.5,1700,0.5,0
12,0,666,1,0,300,0.5,1700,0.5,1
12,1,22,0,0,500,0.6,1000,0.2,1400,0.2,1
12,2,579,1,0,500,0.6,1000,0.2,1400,0.2,1
12,3,643,1,0,300,0.5,1700,0.5,2
12,4,833,2,10,5,0,500,0.6,1000,0.2,1400,0.2,2
12,5,129,0,0,300,0.5,1700,0.5,0
12,6,253,2,10,5,0,500,0.6,1000,0.2,1400,0.2,1
12,7,630,0,0,300,0.5,1700,0.5,0
12,8,577,2,10,5,0,500,0.6,1000,0.2,1400,0.2,1
12,9,463,1,0,300,0.5,1700,0.5,0
12,10,910,2,10,5,0,300,0.5,1700,0.5,2
12,11,225,0,0,300,0.5,1700,0.5,2
12,12,721,1,0,300,0.5,1700,0.5,1
12,13,173,2,10,5,0,500,0.6,1000,0.2,1400,0.2,2
12,14,979,2,10,5,0,500,0.6,1000,0.2,1400,0.2,2
12,15,409,0,0,300,0.5,1700,0.5,1
12,16,688,2,10,5,0,300,0.5,1700,0.5,1
12,17,199,0,0,500,0.6,1000,0.2,1400,0.2,0
12,18,216,0,0,300,0.5,1700,0.5,1
12,19,675,0,0,300,0.5,1700,0.5,1
13,0,216,1,0,300,0.5,1700,0.5,0
13,1,164,1,0,300,0.5,1700,0.5,1
13,2,63,1,0,300,0.5,1700,0.5,2
13,3,287,0,0,300,0.5,1700,0.5,2
13,4,681,1,0,300,0.5,1700,0.5,0
13,5,579,1,0,300,0.5,1700,0.5,1
13,6,757,2,10,5,0,500,0.6,1000,0.2,1400,0.2,1
13,7,897,0,0,500,0.6,1000,0.2,1400,0.2,2
13,8,805,1,0,300,0.5,1700,0.5,2
13,9,317,2,10,5,0,300,0.5,1700,0.5,2
13,10,135,1,0,300,0.5,1700,0.5,1
13,11,180,0,0,500,0.6,1000,0.2,1400,0.2,0
13,12,362,1,0,300,0.5,1700,0.5,0
13,13,521,1,0,500,0.6,1000,0.2,1400,0.2,2
13,14,147,1,0,500,0.6,1000,0.2,1400,0.2,0
13,15,516,0,0,300,0.5,1700,0.5,0
13,16,859,2,10,5,0,500,0.6,1000,0.2,1400,0.2,2
13,17,131,1,0,500,0.6,1000,0.2,1400,0.2,2
13,18,468,0,0,500,0.6,1000,0.2,1400,0.2,2
13,19,996,1,0,300,0.5,1700,0.5,2
14,0,352,2,10,5,0,500,0.6,1000,0.2,1400,0.2,1
14,1,662,2,10,5,0,500,0.6,1000,0.2,1400,0.2,2
14,2,226,0,0,500,0.6,1000,0.2,1400,0.2,2
14,3,353,2,10,5,0,500,0.6,1000,0.2,1400,0.2,0
14,4,244,1,0,500,0.6,1000,0.2,1400,0.2,0
14,5,126,0,0,300,0.5,1700,0.5,2
14,6,745,2,10,5,0,300,0.5,1700,0.5,1
14,7,887,0,0,300,0.5,1700,0.5,0
14,8,570,1,0,300,0.5,1700,0.5,0
14,9,381,1,0,300,0.5,1700,0.5,0
14,10,601,0,0,300,0.5,1700,0.5,1
14,11,328,1,0,500,0.6,1000,0.2,1400,0.2,0
14,12,14,0,0,300,0.5,1700,0.5,2
14,13,166,1,0,300,0.5,1700,0.5,2
14,14,606,1,0,300,0.5,1700,0.5,2
14,15,823,2,10,5,0,300,0.5,1700,0.5,2
14,16,647,2,10,5,0,500,0.6,1000,0.2,1400,0.2,2
14,17,818,2,10,5,0,500,0.6,1000,0.2,1400,0.2,2
14,18,88,2,10,5,0,500,0.6,1000,0.2,1400,0.2,0
14,19,184,2,10,5,0,300,0.5,1700,0.5,2
15,0,679,1,0,300,0.5,1700,0.5,0
15,1,280,0,0,500,0.6,1000,0.2,1400,0.2,2
15,2,727,0,0,500,0.6,1000,0.2,1400,0.2,1
15,3,739,2,10,5,0,300,0.5,1700,0.5,1
15,4,649,0,0,500,0.6,1000,0.2,1400,0.2,1
15,5,105,0,0,500,0.6,1000,0.2,1400,0.2,2
15,6,691,1,0,500,0.6,1000,0.2,1400,0.2,0
15,7,423,1,0,300,0.5,1700,0.5,2
15,8,316,1,0,500,0.6,1000,0.2,1400,0.2,2
15,9,316,2,10,5,0,500,0.6,1000,0.2,1400,0.2,0
15,10,31,2,10,5,0,500,0.6,1000,0.2,1400,0.2,2
15,11,690,2,10,5,0,300,0.5,1700,0.5,0
15,12,518,1,0,500,0.6,1000,0.2,1400,0.2,0
15,13,695,0,0,500,0.6,1000,0.2,1400,0.2,2
15,14,656,1,0,500,0.6,1000,0.2,1400,0.2,0
15,15,899,2,10,5,0,500,0.6,1000,0.2,1400,0.2,1
15,16,856,0,0,300,0.5,1700,0.5,0
15,17,664,2,10,5,0,300,0.5,1700,0.5,1
15,18,734,2,10,5,0,300,0.5,1700,0.5,1
15,19,287,2,10,5,0,500,0.6,1000,0.2,1400,0.2,1
16,0,673,0,0,500,0.6,1000,0.2,1400,0.2,1
16,1,563,2,10,5,0,300,0.5,1700,0.5,2
16,2,193,0,0,300,0.5,1700,0.5,0
16,3,842,0,0,300,0.5,1700,0.5,0
16,4,530,0,0,500,0.6,1000,0.2,1400,0.2,2
16,5,435,0,0,500,0.6,1000,0.2,1400,0.2,2
16,6,633,1,0,300,0.5,1700,0.5,1
16,7,279,0,0,300,0.5,1700,0.5,1
16,8,171,1,0,300,0.5,1700,0.5,0
16,9,429,0,0,500,0.6,1000,0.2,1400,0.2,2
16,10,742,0,0,300,0.5,1700,0.5,0
16,11,694,0,0,300,0.5,1700,0.5,1
16,12,786,0,0,500,0.6,1000,0.2,1400,0.2,2
16,13,105,0,0,500,0.6,1000,0.2,1400,0.2,1
16,14,696,1,0,300,0.5,1700,0.5,0
16,15,210,2,10,5,0,500,0.6,1000,0.2,1400,0.2,0
16,16,414,1,0,500,0.6,1000,0.2,1400,0.2,0
16,17,914,1,0,300,0.5,1700,0.5,1
16,18,873,2,10,5,0,300,0.5,1700,0.5,0
16,19,345,2,10,5,0,500,0.6,1000,0.2,1400,0.2,2
17,0,698,0,0,500,0.6,1000,0.2,1400,0.2,2
17,1,611,2,10,5,0,300,0.5,1700,0.5,1
17,2,224,0,0,300,0.5,1700,0.5,1
17,3,281,2,10,5,0,500,0.6,1000,0.2,1400,0.2,1
17,4,789,0,0,300,0.5,1700,0.5,1
17,5,235,0,0,500,0.6,1000,0.2,1400,0.2,0
17,6,408,2,10,5,0,300,0.5,1700,0.5,0
17,7,778,1,0,500,0.6,1000,0.2,1400,0.2,1
17,8,140,0,0,500,0.6,1000,0.2,1400,0.2,1
17,9,337,2,10,5,0,500,0.6,1000,0.2,1400,0.2,1
17,10,519,1,0,500,0.6,1000,0.2,1400,0.2,2
17,11,670,0,0,300,0.5,1700,0.5,0
17,12,340,0,0,500,0.6,1000,0.2,1400,0.2,1
17,13,807,2,10,5,0,500,0.6,1000,0.2,1400,0.2,0
17,14,184,2,10,5,0,300,0.5,1700,0.5,2
17,15,10,2,10,5,0,300,0.5,1700,0.5,0
17,16,941,0,0,300,0.5,1700,0.5,2
17,17,84,2,10,5,0,500,0.6,1000,0.2,1400,0.2,0
17,18,226,1,0,500,0.6,1000,0.2,1400,0.2,1
17,19,787,0,0,300,0.5,1700,0.5,1
18,0,605,1,0,300,0.5,1700,0.5,0
18,1,954,1,0,500,0.6,1000,0.2,1400,0.2,1
18,2,866,0,0,500,0.6,1000,0.2,1400,0.2,0
18,3,858,1,0,300,0.5,1700,0.5,1
18,4,290,0,0,500,0.6,1000,0.2,1400,0.2,0
18,5,455,0,0,300,0.5,1700,0.5,0
18,6,36,1,0,300,0.5,1700,0.5,0
18,7,303,2,10,5,0,500,0.6,1000,0.2,1400,0.2,0
18,8,973,0,0,300,0.5,1700,0.5,2
18,9,39,1,0,500,0.6,1000,0.2,1400,0.2,0
18,10,733,0,0,300,0.5,1700,0.5,1
18,11,842,2,10,5,0,300,0.5,1700,0.5,0
18,12,878,2,10,5,0,300,0.5,1700,0.5,1
18,13,95,0,0,500,0.6,1000,0.2,1400,0.2,1
18,14,124,1,0,500,0.6,1000,0.2,1400,0.2,0
18,15,94,2,10,5,0,300,0.5,1700,0.5,2
18,16,284,1,0,500,0.6,1000,0.2,1400,0.2,0
18,17,938,2,10,5,0,500,0.6,1000,0.2,1400,0.2,1
18,18,198,2,10,5,0,300,0.5,1700,0.5,0
18,19,533,2,10,5,0,300,0.5,1700,0.5,1
19,0,605,2,10,5,0,500,0.6,1000,0.2,1400,0.2,1
19,1,885,1,0,300,0.5,1700,0.5,0
19,2,946,1,0,300,0.5,1700,0.5,1
19,3,778,2,10,5,0,500,0.6,1000,0.2,1400,0.2,1
19,4,167,2,10,5,0,500,0.6,1000,0.2,1400,0.2,2
19,5,155,2,10,5,0,500,0.6,1000,0.2,1400,0.2,0
19,6,150,1,0,500,0.6,1000,0.2,1400,0.2,1
19,7,115,0,0,500,0.6,1000,0.2,1400,0.2,2
19,8,699,1,0,300,0.5,1700,0.5,1
19,9,17,2,10,5,0,500,0.6,1000,0.2,1400,0.2,0
19,10,694,1,0,300,0.5,1700,0.5,2
19,11,699,1,0,300,0.5,1700,0.5,0
19,12,630,1,0,300,0.5,1700,0.5,1
19,13,249,0,0,300,0.5,1700,0.5,2
19,14,432,2,10,5,0,500,0.6,1000,0.2,1400,0.2,2
19,15,516,2,10,5,0,500,0.6,1000,0.2,1400,0.2,1
19,16,589,1,0,500,0.6,1000,0.2,1400,0.2,0
19,17,389,1,0,500,0.6,1000,0.2,1400,0.2,0
19,18,809,0,0,300,0.5,1700,0.5,2
19,19,687,2,10,5,0,500,0.6,1000,0.2,1400,0.2,0
