0,0,309,0,0,500,0.6,1000,0.2,1400,0.2,0
0,1,270,2,10,5,0,300,0.5,1700,0.5,1
0,2,465,2,10,5,0,300,0.5,1700,0.5,2
0,3,219,2,10,5,0,300,0.5,1700,0.5,1
0,4,197,2,10,5,0,500,0.6,1000,0.2,1400,0.2,1
0,5,412,0,0,300,0.5,1700,0.5,1
0,6,307,0,0,500,0.6,1000,0.2,1400,0.2,0
0,7,55,0,0,300,0.5,1700,0.5,0
0,8,537,2,10,5,0,300,0.5,1700,0.5,2
0,9,85,2,10,5,0,500,0.6,1000,0.2,1400,0.2,2
0,10,781,0,0,300,0.5,1700,0.5,2
0,11,403,2,10,5,0,300,0.5,1700,0.5,1
0,12,804,2,10,5,0,500,0.6,1000,0.2,1400,0.2,0
0,13,32,2,10,5,0,500,0.6,1000,0.2,1400,0.2,0
0,14,151,2,10,5,0,500,0.6,1000,0.2,1400,0.2,1
0,15,133,1,0,500,0.6,1000,0.2,1400,0.2,2
0,16,823,1,0,500,0.6,1000,0.2,1400,0.2,1
0,17,543,1,0,500,0.6,1000,0.2,1400,0.2,2
0,18,175,2,10,5,0,300,0.5,1700,0.5,2
0,19,957,0,0,300,0.5,1700,0.5,0
1,0,764,2,10,5,0,500,0.6,1000,0.2,1400,0.2,0
1,1,311,0,0,500,0.6,1000,0.2,1400,0.2,0
1,2,220,0,0,500,0.6,1000,0.2,1400,0.2,2
1,3,118,2,10,5,0,300,0.5,1700,0.5,2
1,4,736,0,0,300,0.5,1700,0.5,0
1,5,598,0,0,500,0.6,1000,0.2,1400,0.2,1
1,6,403,2,10,5,0,300,0.5,1700,0.5,1
1,7,319,1,0,300,0.5,1700,0.5,1
1,8,164,0,0,500,0.6,1000,0.2,1400,0.2,2
1,9,208,0,0,500,0.6,1000,0.2,1400,0.2,2
1,10,140,1,0,500,0.6,1000,0.2,1400,0.2,2
1,11,215,1,0,300,0.5,1700,0.5,0
1,12,569,0,0,500,0.6,1000,0.2,1400,0.2,2
1,13,497,2,10,5,0,300,0.5,1700,0.5,1
1,14,239,0,0,300,0.5,1700,0.5,2
1,15,729,0,0,500,0.6,1000,0.2,1400,0.2,1
1,16,850,0,0,500,0.6,1000,0.2,1400,0.2,2
1,17,947,1,0,300,0.5,1700,0.5,1
1,18,119,2,10,5,0,500,0.6,1000,0.2,1400,0.2,2
1,19,255,2,10,5,0,300,0.5,1700,0.5,2
2,0,448,0,0,500,0.6,1000,0.2,1400,0.2,2
2,1,168,0,0,500,0.6,1000,0.2,1400,0.2,1
2,2,170,0,0,300,0.5,1700,0.5,0
2,3,80,1,0,300,0.5,1700,0.5,2
2,4,305,2,10,5,0,500,0.6,1000,0.2,1400,0.2,0
2,5,803,0,0,500,0.6,1000,0.2,1400,0.2,1
2,6,992,1,0,500,0.6,1000,0.2,1400,0.2,0
2,7,520,0,0,500,0.6,1000,0.2,1400,0.2,1
2,8,596,1,0,500,0.6,1000,0.2,1400,0.2,2
2,9,683,1,0,300,0.5,1700,0.5,0
2,10,96,2,10,5,0,300,0.5,1700,0.5,1
2,11,481,2,10,5,0,500,0.6,1000,0.2,1400,0.2,2
2,12,269,0,0,500,0.6,1000,0.2,1400,0.2,0
2,13,132,0,0,300,0.5,1700,0.5,0
2,14,226,1,0,300,0.5,1700,0.5,1
2,15,606,2,10,5,0,300,0.5,1700,0.5,2
2,16,674,2,10,5,0,500,0.6,1000,0.2,1400,0.2,2
2,17,631,0,0,300,0.5,1700,0.5,2
2,18,921,2,10,5,0,300,0.5,1700,0.5,0
2,19,582,0,0,500,0.6,1000,0.2,1400,0.2,0
3,0,323,2,10,5,0,300,0.5,1700,0.5,1
3,1,227,1,0,300,0.5,1700,0.5,2
3,2,546,2,10,5,0,500,0.6,1000,0.2,1400,0.2,1
3,3,85,1,0,300,0.5,1700,0.5,1
3,4,217,0,0,300,0.5,1700,0.5,2
3,5,887,1,0,500,0.6,1000,0.2,1400,0.2,0
3,6,522,2,10,5,0,500,0.6,1000,0.2,1400,0.2,0
3,7,39,1,0,300,0.5,1700,0.5,0
3,8,129,2,10,5,0,500,0.6,1000,0.2,1400,0.2,2
3,9,856,1,0,300,0.5,1700,0.5,1
3,10,115,0,0,300,0.5,1700,0.5,2
3,11,357,1,0,500,0.6,1000,0.2,1400,0.2,0
3,12,766,0,0,300,0.5,1700,0.5,0
3,13,550,0,0,300,0.5,1700,0.5,2
3,14,848,0,0,300,0.5,1700,0.5,2
3,15,210,0,0,500,0.6,1000,0.2,1400,0.2,2
3,16,586,1,0,500,0.6,1000,0.2,1400,0.2,2
3,17,684,2,10,5,0,500,0.6,1000,0.2,1400,0.2,0
3,18,783,2,10,5,0,300,0.5,1700,0.5,1
3,19,332,0,0,500,0.6,1000,0.2,1400,0.2,2
4,0,202,0,0,500,0.6,1000,0.2,1400,0.2,2
4,1,343,1,0,500,0.6,1000,0.2,1400,0.2,0
4,2,650,2,10,5,0,300,0.5,1700,0.5,1
4,3,794,1,0,500,0.6,1000,0.2,1400,0.2,0
4,4,438,0,0,300,0.5,1700,0.5,0
4,5,227,2,10,5,0,300,0.5,1700,0.5,1
4,6,513,0,0,300,0.5,1700,0.5,0
4,7,922,2,10,5,0,300,0.5,1700,0.5,1
4,8,897,2,10,5,0,500,0.6,1000,0.2,1400,0.2,2
4,9,845,2,10,5,0,500,0.6,1000,0.2,1400,0.2,2
4,10,162,0,0,500,0.6,1000,0.2,1400,0.2,2
4,11,747,0,0,300,0.5,1700,0.5,1
4,12,967,0,0,500,0.6,1000,0.2,1400,0.2,1
4,13,616,2,10,5,0,300,0.5,1700,0.5,1
4,14,249,2,10,5,0,500,0.6,1000,0.2,1400,0.2,0
4,15,20,0,0,500,0.6,1000,0.2,1400,0.2,2
4,16,51,1,0,500,0.6,1000,0.2,1400,0.2,1
4,17,961,0,0,300,0.5,1700,0.5,0
4,18,322,0,0,300,0.5,1700,0.5,2
4,19,471,1,0,500,0.6,1000,0.2,1400,0.2,0
5,0,84,2,10,5,0,500,0.6,1000,0.2,1400,0.2,2
5,1,748,0,0,500,0.6,1000,0.2,1400,0.2,1
5,2,684,2,10,5,0,300,0.5,1700,0.5,1
5,3,215,1,0,500,0.6,1000,0.2,1400,0.2,1
5,4,400,1,0,300,0.5,1700,0.5,1
5,5,655,2,10,5,0,300,0.5,1700,0.5,0
5,6,664,2,10,5,0,500,0.6,1000,0.2,1400,0.2,0
5,7,183,1,0,500,0.6,1000,0.2,1400,0.2,2
5,8,231,2,10,5,0,500,0.6,1000,0.2,1400,0.2,0
5,9,727,2,10,5,0,500,0.6,1000,0.2,1400,0.2,2
5,10,216,0,0,300,0.5,1700,0.5,1
5,11,365,1,0,300,0.5,1700,0.5,1
5,12,235,0,0,500,0.6,1000,0.2,1400,0.2,1
5,13,893,0,0,300,0.5,1700,0.5,1
5,14,564,2,10,5,0,500,0.6,1000,0.2,1400,0.2,0
5,15,308,2,10,5,0,500,0.6,1000,0.2,1400,0.2,0
5,16,954,2,10,5,0,500,0.6,1000,0.2,1400,0.2,2
5,17,734,1,0,500,0.6,1000,0.2,1400,0.2,0
5,18,270,2,10,5,0,300,0.5,1700,0.5,2
5,19,533,0,0,500,0.6,1000,0.2,1400,0.2,0
6,0,170,0,0,500,0.6,1000,0.2,1400,0.2,2
6,1,240,2,10,5,0,300,0.5,1700,0.5,0
6,2,973,0,0,500,0.6,1000,0.2,1400,0.2,2
6,3,988,0,0,300,0.5,1700,0.5,0
6,4,489,0,0,300,0.5,1700,0.5,0
6,5,83,0,0,300,0.5,1700,0.5,1
6,6,494,2,10,5,0,500,0.6,1000,0.2,1400,0.2,2
6,7,926,0,0,500,0.6,1000,0.2,1400,0.2,2
6,8,184,1,0,300,0.5,1700,0.5,0
6,9,273,0,0,500,0.6,1000,0.2,1400,0.2,0
6,10,252,1,0,300,0.5,1700,0.5,0
6,11,87,1,0,300,0.5,1700,0.5,0
6,12,977,2,10,5,0,500,0.6,1000,0.2,1400,0.2,0
6,13,892,1,0,300,0.5,1700,0.5,2
6,14,657,1,0,300,0.5,1700,0.5,2
6,15,526,0,0,500,0.6,1000,0.2,1400,0.2,0
6,16,455,1,0,500,0.6,1000,0.2,1400,0.2,1
6,17,323,0,0,300,0.5,1700,0.5,2
6,18,156,0,0,300,0.5,1700,0.5,0
6,19,180,1,0,300,0.5,1700,0.5,0
7,0,997,1,0,500,0.6,1000,0.2,1400,0.2,0
7,1,543,0,0,300,0.5,1700,0.5,1
7,2,909,2,10,5,0,300,0.5,1700,0.5,1
7,3,251,2,10,5,0,500,0.6,1000,0.2,1400,0.2,2
7,4,365,2,10,5,0,500,0.6,1000,0.2,1400,0.2,0
7,5,689,1,0,300,0.5,1700,0.5,2
7,6,814,1,0,300,0.5,1700,0.5,1
7,7,974,1,0,300,0.5,1700,0.5,1
7,8,929,2,10,5,0,500,0.6,1000,0.2,1400,0.2,1
7,9,480,1,0,300,0.5,1700,0.5,0
7,10,143,0,0,300,0.5,1700,0.5,2
7,11,408,0,0,300,0.5,1700,0.5,0
7,12,756,2,10,5,0,300,0.5,1700,0.5,1
7,13,35,2,10,5,0,300,0.5,1700,0.5,1
7,14,565,1,0,500,0.6,1000,0.2,1400,0.2,1
7,15,19,2,10,5,0,300,0.5,1700,0.5,1
7,16,605,2,10,5,0,300,0.5,1700,0.5,2
7,17,307,2,10,5,0,300,0.5,1700,0.5,2
7,18,828,2,10,5,0,300,0.5,1700,0.5,2
7,19,921,1,0,300,0.5,1700,0.5,0
8,0,142,2,10,5,0,500,0.6,1000,0.2,1400,0.2,2
8,1,599,1,0,500,0.6,1000,0.2,1400,0.2,0
8,2,620,2,10,5,0,500,0.6,1000,0.2,1400,0.2,0
8,3,154,0,0,500,0.6,1000,0.2,1400,0.2,2
8,4,179,1,0,300,0.5,1700,0.5,0
8,5,670,1,0,500,0.6,1000,0.2,1400,0.2,2
8,6,828,1,0,300,0.5,1700,0.5,1
8,7,293,0,0,500,0.6,1000,0.2,1400,0.2,2
8,8,721,0,0,500,0.6,1000,0.2,1400,0.2,1
8,9,541,0,0,300,0.5,1700,0.5,2
8,10,177,0,0,300,0.5,1700,0.5,1
8,11,235,0,0,500,0.6,1000,0.2,1400,0.2,2
8,12,616,1,0,500,0.6,1000,0.2,1400,0.2,0
8,13,941,0,0,300,0.5,1700,0.5,2
8,14,991,1,0,500,0.6,1000,0.2,1400,0.2,1
8,15,43,2,10,5,0,500,0.6,1000,0.2,1400,0.2,1
8,16,718,0,0,500,0.6,1000,0.2,1400,0.2,2
8,17,795,0,0,500,0.6,1000,0.2,1400,0.2,1
8,18,254,2,10,5,0,300,0.5,1700,0.5,1
8,19,844,1,0,300,0.5,1700,0.5,2
9,0,487,1,0,500,0.6,1000,0.2,1400,0.2,2
9,1,375,1,0,300,0.5,1700,0.5,2
9,2,524,2,10,5,0,300,0.5,1700,0.5,1
9,3,464,0,0,500,0.6,1000,0.2,1400,0.2,0
9,4,518,1,0,500,0.6,1000,0.2,1400,0.2,0
9,5,855,2,10,5,0,300,0.5,1700,0.5,1
9,6,690,0,0,500,0.6,1000,0.2,1400,0.2,1
9,7,59,1,0,300,0.5,1700,0.5,1
9,8,668,2,10,5,0,300,0.5,1700,0.5,1
9,9,862,0,0,500,0.6,1000,0.2,1400,0.2,0
9,10,825,2,10,5,0,300,0.5,1700,0.5,0
9,11,499,1,0,300,0.5,1700,0.5,2
9,12,841,2,10,5,0,500,0.6,1000,0.2,1400,0.2,0
9,13,220,0,0,500,0.6,1000,0.2,1400,0.2,2
9,14,560,0,0,300,0.5,1700,0.5,0
9,15,407,1,0,500,0.6,1000,0.2,1400,0.2,0
9,16,49,0,0,500,0.6,1000,0.2,1400,0.2,1
9,17,414,1,0,500,0.6,1000,0.2,1400,0.2,1
9,18,712,0,0,500,0.6,1000,0.2,1400,0.2,1
9,19,355,1,0,500,0.6,1000,0.2,1400,0.2,1
10,0,286,0,0,500,0.6,1000,0.2,1400,0.2,2
10,1,98,0,0,300,0.5,1700,0.5,2
10,2,553,2,10,5,0,300,0.5,1700,0.5,0
10,3,643,0,0,300,0.5,1700,0.5,1
10,4,755,2,10,5,0,300,0.5,1700,0.5,0
10,5,952,2,10,5,0,300,0.5,1700,0.5,1
10,6,127,2,10,5,0,500,0.6,1000,0.2,1400,0.2,0
10,7,317,1,0,300,0.5,1700,0.5,1
10,8,746,2,10,5,0,300,0.5,1700,0.5,0
10,9,44,1,0,500,0.6,1000,0.2,1400,0.2,1
10,10,723,1,0,300,0.5,1700,0.5,2
10,11,904,1,0,300,0.5,1700,0.5,1
10,12,812,1,0,300,0.5,1700,0.5,2
10,13,809,0,0,500,0.6,1000,0.2,1400,0.2,0
10,14,943,0,0,500,0.6,1000,0.2,1400,0.2,0
10,15,863,2,10,5,0,300,0.5,1700,0.5,2
10,16,937,0,0,300,0.5,1700,0.5,1
10,17,810,1,0,300,0.5,1700,0.5,1
10,18,672,2,10,5,0,500,0.6,1000,0.2,1400,0.2,0
10,19,463,0,0,500,0.6,1000,0.2,1400,0.2,1
11,0,209,1,0,500,0.6,1000,0.2,1400,0.2,1
11,1,147,0,0,500,0.6,1000,0.2,1400,0.2,2
11,2,727,1,0,500,0.6,1000,0.2,1400,0.2,2
11,3,274,0,0,300,0.5,1700,0.5,0
11,4,721,0,0,300,0.5,1700,0.5,0
11,5,236,0,0,500,0.6,1000,0.2,1400,0.2,1
11,6,703,1,0,500,0.6,1000,0.2,1400,0.2,1
11,7,105,1,0,300,0.5,1700,0.5,1
11,8,63,0,0,300,0.5,1700,0.5,1
11,9,828,2,10,5,0,300,0.5,1700,0.5,0
11,10,926,0,0,300,0.5,1700,0.5,0
11,11,99,0,0,500,0.6,1000,0.2,1400,0.2,0
11,12,244,0,0,300,0.5,1700,0.5,2
11,13,182,1,0,300,0.5,1700,0.5,1
11,14,581,2,10,5,0,300,0.5,1700,0.5,1
11,15,28,1,0,300,0.5,1700,0.5,0
11,16,910,0,0,500,0.6,1000,0.2,1400,0.2,0
11,17,415,2,10,5,0,300,0.5,1700,0.5,0
11,18,382,2,10,5,0,300,0.5,1700,0.5,0
11,19,706,0,0,300,0.5,1700,0.5,0
12,0,811,0,0,300,0.5,1700,0.5,0
12,1,488,0,0,500,0.6,1000,0.2,1400,0.2,1
12,2,219,0,0,500,0.6,1000,0.2,1400,0.2,0
12,3,742,0,0,500,0.6,1000,0.2,1400,0.2,0
12,4,77,0,0,300,0.5,1700,0.5,1
12,5,922,2,10,5,0,300,0.5,1700,0.5,1
12,6,658,0,0,500,0.6,1000,0.2,1400,0.2,0
12,7,198,0,0,300,0.5,1700,0.5,1
12,8,314,2,10,5,0,300,0.5,1700,0.5,1
12,9,973,0,0,500,0.6,1000,0.2,1400,0.2,1
12,10,816,2,10,5,0,500,0.6,1000,0.2,1400,0.2,1
12,11,413,2,10,5,0,500,0.6,1000,0.2,1400,0.2,1
12,12,638,1,0,500,0.6,1000,0.2,1400,0.2,1
12,13,399,2,10,5,0,300,0.5,1700,0.5,1
12,14,429,0,0,300,0.5,1700,0.5,2
12,15,1000,0,0,300,0.5,1700,0.5,2
12,16,60,2,10,5,0,500,0.6,1000,0.2,1400,0.2,1
12,17,269,1,0,300,0.5,1700,0.5,1
12,18,21,2,10,5,0,300,0.5,1700,0.5,1
12,19,731,1,0,500,0.6,1000,0.2,1400,0.2,1
13,0,379,2,10,5,0,500,0.6,1000,0.2,1400,0.2,2
13,1,939,1,0,500,0.6,1000,0.2,1400,0.2,1
13,2,130,0,0,300,0.5,1700,0.5,1
13,3,283,0,0,500,0.6,1000,0.2,1400,0.2,2
13,4,739,2,10,5,0,500,0.6,1000,0.2,1400,0.2,0
13,5,971,1,0,300,0.5,1700,0.5,1
13,6,468,1,0,300,0.5,1700,0.5,1
13,7,543,2,10,5,0,500,0.6,1000,0.2,1400,0.2,2
13,8,928,1,0,300,0.5,1700,0.5,2
13,9,971,1,0,500,0.6,1000,0.2,1400,0.2,0
13,10,697,2,10,5,0,300,0.5,1700,0.5,2
13,11,652,0,0,300,0.5,1700,0.5,1
13,12,580,1,0,500,0.6,1000,0.2,1400,0.2,1
13,13,442,0,0,500,0.6,1000,0.2,1400,0.2,1
13,14,343,1,0,500,0.6,1000,0.2,1400,0.2,2
13,15,656,2,10,5,0,300,0.5,1700,0.5,2
13,16,981,2,10,5,0,300,0.5,1700,0.5,2
13,17,300,2,10,5,0,300,0.5,1700,0.5,1
13,18,353,1,0,300,0.5,1700,0.5,2
13,19,566,1,0,500,0.6,1000,0.2,1400,0.2,2
14,0,92,2,10,5,0,500,0.6,1000,0.2,1400,0.2,0
14,1,759,0,0,300,0.5,1700,0.5,0
14,2,785,0,0,300,0.5,1700,0.5,2
14,3,390,0,0,500,0.6,1000,0.2,1400,0.2,0
14,4,184,0,0,500,0.6,1000,0.2,1400,0.2,1
14,5,900,2,10,5,0,300,0.5,1700,0.5,1
14,6,361,0,0,500,0.6,1000,0.2,1400,0.2,1
14,7,409,2,10,5,0,500,0.6,1000,0.2,1400,0.2,2
14,8,525,1,0,300,0.5,1700,0.5,1
14,9,973,0,0,500,0.6,1000,0.2,1400,0.2,1
14,10,664,2,10,5,0,300,0.5,1700,0.5,2
14,11,859,0,0,300,0.5,1700,0.5,2
14,12,69,2,10,5,0,500,0.6,1000,0.2,1400,0.2,0
14,13,218,0,0,500,0.6,1000,0.2,1400,0.2,0
14,14,274,0,0,500,0.6,1000,0.2,1400,0.2,0
14,15,415,2,10,5,0,500,0.6,1000,0.2,1400,0.2,1
14,16,184,1,0,500,0.6,1000,0.2,1400,0.2,0
14,17,159,1,0,300,0.5,1700,0.5,2
14,18,952,1,0,500,0.6,1000,0.2,1400,0.2,0
14,19,696,1,0,300,0.5,1700,0.5,0
15,0,35,1,0,300,0.5,1700,0.5,1
15,1,305,2,10,5,0,300,0.5,1700,0.5,1
15,2,610,0,0,500,0.6,1000,0.2,1400,0.2,2
15,3,314,0,0,300,0.5,1700,0.5,1
15,4,321,1,0,300,0.5,1700,0.5,1
15,5,433,1,0,500,0.6,1000,0.2,1400,0.2,1
15,6,717,2,10,5,0,300,0.5,1700,0.5,0
15,7,693,1,0,300,0.5,1700,0.5,0
15,8,431,2,10,5,0,500,0.6,1000,0.2,1400,0.2,1
15,9,112,0,0,300,0.5,1700,0.5,1
15,10,628,1,0,300,0.5,1700,0.5,2
15,11,537,2,10,5,0,300,0.5,1700,0.5,0
15,12,501,0,0,500,0.6,1000,0.2,1400,0.2,2
15,13,634,2,10,5,0,300,0.5,1700,0.5,1
15,14,115,0,0,300,0.5,1700,0.5,0
15,15,309,0,0,500,0.6,1000,0.2,1400,0.2,1
15,16,421,0,0,500,0.6,1000,0.2,1400,0.2,0
15,17,849,0,0,500,0.6,1000,0.2,1400,0.2,0
15,18,404,2,10,5,0,500,0.6,1000,0.2,1400,0.2,1
15,19,244,2,10,5,0,300,0.5,1700,0.5,1
16,0,379,1,0,500,0.6,1000,0.2,1400,0.2,2
16,1,334,0,0,300,0.5,1700,0.5,1
16,2,395,1,0,500,0.6,1000,0.2,1400,0.2,0
16,3,181,0,0,500,0.6,1000,0.2,1400,0.2,2
16,4,781,1,0,500,0.6,1000,0.2,1400,0.2,0
16,5,481,0,0,500,0.6,1000,0.2,1400,0.2,0
16,6,132,2,10,5,0,300,0.5,1700,0.5,0
16,7,743,0,0,300,0.5,1700,0.5,0
16,8,548,2,10,5,0,300,0.5,1700,0.5,0
16,9,120,2,10,5,0,500,0.6,1000,0.2,1400,0.2,1
16,10,401,1,0,300,0.5,1700,0.5,1
16,11,840,2,10,5,0,500,0.6,1000,0.2,1400,0.2,1
16,12,438,2,10,5,0,300,0.5,1700,0.5,2
16,13,730,1,0,500,0.6,1000,0.2,1400,0.2,2
16,14,477,2,10,5,0,300,0.5,1700,0.5,0
16,15,364,0,0,500,0.6,1000,0.2,1400,0.2,2
16,16,848,1,0,300,0.5,1700,0.5,1
16,17,829,1,0,300,0.5,1700,0.5,1
16,18,34,1,0,300,0.5,1700,0.5,2
16,19,862,1,0,300,0.5,1700,0.5,1
17,0,800,0,0,300,0.5,1700,0.5,0
17,1,844,0,0,300,0.5,1700,0.5,1
17,2,106,2,10,5,0,500,0.6,1000,0.2,1400,0.2,1
17,3,435,1,0,500,0.6,1000,0.2,1400,0.2,2
17,4,471,1,0,300,0.5,1700,0.5,2
17,5,928,2,10,5,0,500,0.6,1000,0.2,1400,0.2,1
17,6,969,0,0,300,0.5,1700,0.5,1
17,7,665,0,0,300,0.5,1700,0.5,0
17,8,127,1,0,500,0.6,1000,0.2,1400,0.2,1
17,9,997,2,10,5,0,500,0.6,1000,0.2,1400,0.2,1
17,10,667,1,0,500,0.6,1000,0.2,1400,0.2,1
17,11,210,2,10,5,0,500,0.6,1000,0.2,1400,0.2,2
17,12,242,2,10,5,0,300,0.5,1700,0.5,1
17,13,254,1,0,500,0.6,1000,0.2,1400,0.2,2
17,14,29,2,10,5,0,500,0.6,1000,0.2,1400,0.2,0
17,15,157,2,10,5,0,500,0.6,1000,0.2,1400,0.2,1
17,16,332,0,0,300,0.5,1700,0.5,1
17,17,572,0,0,300,0.5,1700,0.5,0
17,18,439,2,10,5,0,300,0.5,1700,0.5,0
17,19,600,0,0,500,0.6,1000,0.2,1400,0.2,2
18,0,129,1,0,300,0.5,1700,0.5,0
18,1,251,0,0,500,0.6,1000,0.2,1400,0.2,2
18,2,374,2,10,5,0,300,0.5,1700,0.5,2
18,3,837,0,0,500,0.6,1000,0.2,1400,0.2,1
18,4,67,2,10,5,0,500,0.6,1000,0.2,1400,0.2,1
18,5,670,0,0,300,0.5,1700,0.5,2
18,6,267,2,10,5,0,300,0.5,1700,0.5,0
18,7,132,1,0,300,0.5,1700,0.5,1
18,8,553,0,0,500,0.6,1000,0.2,1400,0.2,1
18,9,209,1,0,300,0.5,1700,0.5,0
18,10,461,0,0,300,0.5,1700,0.5,0
18,11,604,2,10,5,0,500,0.6,1000,0.2,1400,0.2,0
18,12,693,1,0,300,0.5,1700,0.5,0
18,13,188,2,10,5,0,500,0.6,1000,0.2,1400,0.2,0
18,14,131,1,0,500,0.6,1000,0.2,1400,0.2,2
18,15,468,2,10,5,0,300,0.5,1700,0.5,0
18,16,222,1,0,500,0.6,1000,0.2,1400,0.2,2
18,17,717,0,0,500,0.6,1000,0.2,1400,0.2,1
18,18,681,2,10,5,0,500,0.6,1000,0.2,1400,0.2,0
18,19,805,0,0,500,0.6,1000,0.2,1400,0.2,2
19,0,791,0,0,500,0.6,1000,0.2,1400,0.2,1
19,1,581,0,0,500,0.6,1000,0.2,1400,0.2,2
19,2,883,2,10,5,0,300,0.5,1700,0.5,1
19,3,50,0,0,500,0.6,1000,0.2,1400,0.2,2
19,4,440,1,0,500,0.6,1000,0.2,1400,0.2,0
19,5,381,1,0,300,0.5,1700,0.5,2
19,6,118,0,0,300,0.5,1700,0.5,2
19,7,467,0,0,300,0.5,1700,0.5,2
19,8,501,1,0,500,0.6,1000,0.2,1400,0.2,0
19,9,170,0,0,300,0.5,1700,0.5,0
19,10,969,1,0,500,0.6,1000,0.2,1400,0.2,1
19,11,674,0,0,500,0.6,1000,0.2,1400,0.2,2
19,12,827,2,10,5,0,500,0.6,1000,0.2,1400,0.2,0
19,13,520,0,0,300,0.5,1700,0.5,0
19,14,808,0,0,300,0.5,1700,0.5,1
19,15,89,1,0,300,0.5,1700,0.5,1
19,16,178,2,10,5,0,300,0.5,1700,0.5,1
19,17,913,1,0,500,0.6,1000,0.2,1400,0.2,2
19,18,926,1,0,500,0.6,1000,0.2,1400,0.2,1
19,19,600,1,0,500,0.6,1000,0.2,1400,0.2,1
