0,0,442,0,0,500,0.6,1000,0.2,1400,0.2,2
0,1,242,0,0,300,0.5,1700,0.5,2
0,2,792,1,0,300,0.5,1700,0.5,0
0,3,891,0,0,300,0.5,1700,0.5,2
0,4,478,1,0,500,0.6,1000,0.2,1400,0.2,2
0,5,931,2,10,5,0,300,0.5,1700,0.5,2
0,6,495,1,0,500,0.6,1000,0.2,1400,0.2,1
0,7,973,1,0,300,0.5,1700,0.5,0
0,8,555,0,0,500,0.6,1000,0.2,1400,0.2,1
0,9,802,2,10,5,0,500,0.6,1000,0.2,1400,0.2,2
0,10,751,0,0,500,0.6,1000,0.2,1400,0.2,2
0,11,587,2,10,5,0,300,0.5,1700,0.5,0
0,12,690,0,0,500,0.6,1000,0.2,1400,0.2,2
0,13,72,1,0,500,0.6,1000,0.2,1400,0.2,2
0,14,192,0,0,300,0.5,1700,0.5,1
0,15,328,2,10,5,0,500,0.6,1000,0.2,1400,0.2,0
0,16,441,0,0,500,0.6,1000,0.2,1400,0.2,1
0,17,50,2,10,5,0,300,0.5,1700,0.5,0
0,18,866,0,0,500,0.6,1000,0.2,1400,0.2,1
0,19,45,1,0,500,0.6,1000,0.2,1400,0.2,1
1,0,969,1,0,500,0.6,1000,0.2,1400,0.2,2
1,1,593,1,0,300,0.5,1700,0.5,2
1,2,263,0,0,500,0.6,1000,0.2,1400,0.2,0
1,3,283,0,0,300,0.5,1700,0.5,0
1,4,454,2,10,5,0,500,0.6,1000,0.2,1400,0.2,0
1,5,213,2,10,5,0,300,0.5,1700,0.5,2
1,6,296,1,0,300,0.5,1700,0.5,2
1,7,987,1,0,500,0.6,1000,0.2,1400,0.2,1
1,8,383,2,10,5,0,500,0.6,1000,0.2,1400,0.2,2
1,9,815,0,0,300,0.5,1700,0.5,2
1,10,248,0,0,500,0.6,1000,0.2,1400,0.2,0
1,11,945,1,0,500,0.6,1000,0.2,1400,0.2,2
1,12,749,0,0,300,0.5,1700,0.5,0
1,13,143,0,0,300,0.5,1700,0.5,2
1,14,243,1,0,300,0.5,1700,0.5,2
1,15,308,1,0,300,0.5,1700,0.5,2
1,16,947,1,0,300,0.5,1700,0.5,2
1,17,307,0,0,500,0.6,1000,0.2,1400,0.2,0
1,18,381,2,10,5,0,500,0.6,1000,0.2,1400,0.2,1
1,19,158,0,0,300,0.5,1700,0.5,0
2,0,435,2,10,5,0,300,0.5,1700,0.5,2
2,1,576,2,10,5,0,500,0.6,1000,0.2,1400,0.2,2
2,2,67,2,10,5,0,500,0.6,1000,0.2,1400,0.2,0
2,3,813,2,10,5,0,500,0.6,1000,0.2,1400,0.2,1
2,4,17,2,10,5,0,300,0.5,1700,0.5,0
2,5,522,1,0,500,0.6,1000,0.2,1400,0.2,1
2,6,243,1,0,300,0.5,1700,0.5,0
2,7,762,0,0,500,0.6,1000,0.2,1400,0.2,0
2,8,347,0,0,300,0.5,1700,0.5,1
2,9,347,0,0,500,0.6,1000,0.2,1400,0.2,2
2,10,568,2,10,5,0,500,0.6,1000,0.2,1400,0.2,2
2,11,582,2,10,5,0,500,0.6,1000,0.2,1400,0.2,0
2,12,476,1,0,500,0.6,1000,0.2,1400,0.2,0
2,13,327,2,10,5,0,300,0.5,1700,0.5,1
2,14,124,1,0,300,0.5,1700,0.5,1
2,15,585,1,0,500,0.6,1000,0.2,1400,0.2,2
2,16,448,2,10,5,0,300,0.5,1700,0.5,0
2,17,173,0,0,300,0.5,1700,0.5,2
2,18,943,0,0,300,0.5,1700,0.5,1
2,19,247,0,0,300,0.5,1700,0.5,0
3,0,298,1,0,300,0.5,1700,0.5,0
3,1,756,0,0,300,0.5,1700,0.5,0
3,2,720,2,10,5,0,500,0.6,1000,0.2,1400,0.2,1
3,3,821,1,0,500,0.6,1000,0.2,1400,0.2,2
3,4,508,2,10,5,0,500,0.6,1000,0.2,1400,0.2,0
3,5,501,1,0,500,0.6,1000,0.2,1400,0.2,1
3,6,822,2,10,5,0,300,0.5,1700,0.5,2
3,7,803,0,0,500,0.6,1000,0.2,1400,0.2,0
3,8,306,0,0,300,0.5,1700,0.5,1
3,9,420,2,10,5,0,500,0.6,1000,0.2,1400,0.2,1
3,10,428,2,10,5,0,300,0.5,1700,0.5,2
3,11,132,0,0,500,0.6,1000,0.2,1400,0.2,1
3,12,923,2,10,5,0,500,0.6,1000,0.2,1400,0.2,2
3,13,511,0,0,500,0.6,1000,0.2,1400,0.2,2
3,14,636,1,0,300,0.5,1700,0.5,1
3,15,656,1,0,300,0.5,1700,0.5,0
3,16,607,0,0,300,0.5,1700,0.5,1
3,17,173,1,0,300,0.5,1700,0.5,1
3,18,221,1,0,300,0.5,1700,0.5,0
3,19,286,1,0,500,0.6,1000,0.2,1400,0.2,0
4,0,597,1,0,300,0.5,1700,0.5,0
4,1,757,0,0,500,0.6,1000,0.2,1400,0.2,1
4,2,133,1,0,300,0.5,1700,0.5,1
4,3,331,2,10,5,0,300,0.5,1700,0.5,2
4,4,694,0,0,300,0.5,1700,0.5,0
4,5,567,0,0,300,0.5,1700,0.5,1
4,6,732,0,0,300,0.5,1700,0.5,0
4,7,385,0,0,500,0.6,1000,0.2,1400,0.2,2
4,8,350,2,10,5,0,300,0.5,1700,0.5,2
4,9,963,2,10,5,0,500,0.6,1000,0.2,1400,0.2,1
4,10,47,2,10,5,0,500,0.6,1000,0.2,1400,0.2,0
4,11,637,0,0,500,0.6,1000,0.2,1400,0.2,2
4,12,63,2,10,5,0,300,0.5,1700,0.5,2
4,13,573,2,10,5,0,300,0.5,1700,0.5,2
4,14,424,2,10,5,0,300,0.5,1700,0.5,0
4,15,998,1,0,300,0.5,1700,0.5,2
4,16,533,1,0,300,0.5,1700,0.5,1
4,17,77,0,0,500,0.6,1000,0.2,1400,0.2,1
4,18,875,1,0,500,0.6,1000,0.2,1400,0.2,2
4,19,195,0,0,500,0.6,1000,0.2,1400,0.2,2
5,0,721,2,10,5,0,300,0.5,1700,0.5,2
5,1,705,1,0,300,0.5,1700,0.5,1
5,2,303,0,0,500,0.6,1000,0.2,1400,0.2,1
5,3,185,0,0,500,0.6,1000,0.2,1400,0.2,0
5,4,393,1,0,300,0.5,1700,0.5,1
5,5,496,2,10,5,0,500,0.6,1000,0.2,1400,0.2,2
5,6,434,1,0,500,0.6,1000,0.2,1400,0.2,0
5,7,15,2,10,5,0,300,0.5,1700,0.5,2
5,8,392,2,10,5,0,500,0.6,1000,0.2,1400,0.2,1
5,9,785,2,10,5,0,500,0.6,1000,0.2,1400,0.2,2
5,10,962,2,10,5,0,500,0.6,1000,0.2,1400,0.2,0
5,11,270,2,10,5,0,500,0.6,1000,0.2,1400,0.2,1
5,12,598,1,0,300,0.5,1700,0.5,0
5,13,895,2,10,5,0,300,0.5,1700,0.5,1
5,14,647,0,0,300,0.5,1700,0.5,2
5,15,240,2,10,5,0,300,0.5,1700,0.5,2
5,16,729,2,10,5,0,500,0.6,1000,0.2,1400,0.2,1
5,17,478,0,0,300,0.5,1700,0.5,0
5,18,278,2,10,5,0,500,0.6,1000,0.2,1400,0.2,2
5,19,938,1,0,500,0.6,1000,0.2,1400,0.2,1
6,0,310,2,10,5,0,300,0.5,1700,0.5,1
6,1,149,0,0,500,0.6,1000,0.2,1400,0.2,1
6,2,611,2,10,5,0,500,0.6,1000,0.2,1400,0.2,0
6,3,169,2,10,5,0,500,0.6,1000,0.2,1400,0.2,0
6,4,672,1,0,300,0.5,1700,0.5,0
6,5,456,2,10,5,0,300,0.5,1700,0.5,0
6,6,99,2,10,5,0,300,0.5,1700,0.5,2
6,7,582,0,0,500,0.6,1000,0.2,1400,0.2,2
6,8,513,0,0,500,0.6,1000,0.2,1400,0.2,0
6,9,663,2,10,5,0,300,0.5,1700,0.5,1
6,10,457,0,0,500,0.6,1000,0.2,1400,0.2,2
6,11,577,1,0,300,0.5,1700,0.5,1
6,12,423,0,0,500,0.6,1000,0.2,1400,0.2,0
6,13,130,0,0,300,0.5,1700,0.5,0
6,14,238,2,10,5,0,300,0.5,1700,0.5,0
6,15,928,1,0,300,0.5,1700,0.5,1
6,16,516,2,10,5,0,500,0.6,1000,0.2,1400,0.2,1
6,17,273,1,0,300,0.5,1700,0.5,0
6,18,813,0,0,500,0.6,1000,0.2,1400,0.2,0
6,19,853,2,10,5,0,500,0.6,1000,0.2,1400,0.2,0
7,0,79,2,10,5,0,300,0.5,1700,0.5,1
7,1,911,2,10,5,0,300,0.5,1700,0.5,0
7,2,982,2,10,5,0,500,0.6,1000,0.2,1400,0.2,1
7,3,55,0,0,500,0.6,1000,0.2,1400,0.2,1
7,4,419,2,10,5,0,300,0.5,1700,0.5,1
7,5,234,1,0,300,0.5,1700,0.5,2
7,6,186,0,0,500,0.6,1000,0.2,1400,0.2,0
7,7,220,2,10,5,0,300,0.5,1700,0.5,1
7,8,743,0,0,500,0.6,1000,0.2,1400,0.2,1
7,9,360,1,0,500,0.6,1000,0.2,1400,0.2,0
7,10,673,0,0,500,0.6,1000,0.2,1400,0.2,0
7,11,318,2,10,5,0,300,0.5,1700,0.5,1
7,12,855,2,10,5,0,500,0.6,1000,0.2,1400,0.2,0
7,13,225,0,0,300,0.5,1700,0.5,2
7,14,842,0,0,300,0.5,1700,0.5,1
7,15,128,0,0,300,0.5,1700,0.5,1
7,16,677,2,10,5,0,300,0.5,1700,0.5,1
7,17,407,2,10,5,0,300,0.5,1700,0.5,2
7,18,879,1,0,500,0.6,1000,0.2,1400,0.2,1
7,19,992,2,10,5,0,500,0.6,1000,0.2,1400,0.2,2
8,0,854,2,10,5,0,500,0.6,1000,0.2,1400,0.2,0
8,1,294,1,0,500,0.6,1000,0.2,1400,0.2,1
8,2,176,2,10,5,0,500,0.6,1000,0.2,1400,0.2,1
8,3,46,0,0,300,0.5,1700,0.5,2
8,4,468,2,10,5,0,500,0.6,1000,0.2,1400,0.2,2
8,5,16,1,0,500,0.6,1000,0.2,1400,0.2,1
8,6,984,2,10,5,0,500,0.6,1000,0.2,1400,0.2,2
8,7,251,0,0,500,0.6,1000,0.2,1400,0.2,0
8,8,991,2,10,5,0,300,0.5,1700,0.5,1
8,9,933,1,0,300,0.5,1700,0.5,0
8,10,490,1,0,500,0.6,1000,0.2,1400,0.2,1
8,11,76,2,10,5,0,500,0.6,1000,0.2,1400,0.2,0
8,12,571,2,10,5,0,300,0.5,1700,0.5,1
8,13,676,2,10,5,0,500,0.6,1000,0.2,1400,0.2,2
8,14,206,0,0,500,0.6,1000,0.2,1400,0.2,0
8,15,752,1,0,500,0.6,1000,0.2,1400,0.2,2
8,16,252,2,10,5,0,500,0.6,1000,0.2,1400,0.2,2
8,17,706,0,0,300,0.5,1700,0.5,1
8,18,411,0,0,500,0.6,1000,0.2,1400,0.2,2
8,19,635,2,10,5,0,500,0.6,1000,0.2,1400,0.2,0
9,0,211,1,0,500,0.6,1000,0.2,1400,0.2,0
9,1,571,0,0,500,0.6,1000,0.2,1400,0.2,2
9,2,653,0,0,300,0.5,1700,0.5,2
9,3,553,0,0,300,0.5,1700,0.5,0
9,4,458,2,10,5,0,300,0.5,1700,0.5,2
9,5,137,2,10,5,0,500,0.6,1000,0.2,1400,0.2,2
9,6,870,2,10,5,0,300,0.5,1700,0.5,1
9,7,721,0,0,300,0.5,1700,0.5,2
9,8,568,0,0,500,0.6,1000,0.2,1400,0.2,1
9,9,712,1,0,500,0.6,1000,0.2,1400,0.2,0
9,10,758,0,0,300,0.5,1700,0.5,2
9,11,379,0,0,500,0.6,1000,0.2,1400,0.2,0
9,12,81,1,0,300,0.5,1700,0.5,1
9,13,71,2,10,5,0,500,0.6,1000,0.2,1400,0.2,2
9,14,128,1,0,500,0.6,1000,0.2,1400,0.2,1
9,15,866,0,0,300,0.5,1700,0.5,0
9,16,27,0,0,300,0.5,1700,0.5,1
9,17,658,1,0,300,0.5,1700,0.5,2
9,18,362,1,0,500,0.6,1000,0.2,1400,0.2,1
9,19,788,2,10,5,0,300,0.5,1700,0.5,1
10,0,609,0,0,500,0.6,1000,0.2,1400,0.2,1
10,1,773,1,0,500,0.6,1000,0.2,1400,0.2,0
10,2,857,2,10,5,0,300,0.5,1700,0.5,2
10,3,276,0,0,300,0.5,1700,0.5,1
10,4,746,0,0,500,0.6,1000,0.2,1400,0.2,1
10,5,764,0,0,500,0.6,1000,0.2,1400,0.2,2
10,6,441,1,0,500,0.6,1000,0.2,1400,0.2,1
10,7,388,0,0,500,0.6,1000,0.2,1400,0.2,0
10,8,168,0,0,500,0.6,1000,0.2,1400,0.2,2
10,9,257,0,0,300,0.5,1700,0.5,2
10,10,102,1,0,300,0.5,1700,0.5,0
10,11,227,0,0,300,0.5,1700,0.5,0
10,12,593,0,0,300,0.5,1700,0.5,2
10,13,471,2,10,5,0,300,0.5,1700,0.5,2
10,14,212,2,10,5,0,500,0.6,1000,0.2,1400,0.2,0
10,15,558,1,0,500,0.6,1000,0.2,1400,0.2,0
10,16,455,2,10,5,0,500,0.6,1000,0.2,1400,0.2,0
10,17,693,0,0,500,0.6,1000,0.2,1400,0.2,2
10,18,204,1,0,500,0.6,1000,0.2,1400,0.2,1
10,19,306,1,0,300,0.5,1700,0.5,1
11,0,737,2,10,5,0,500,0.6,1000,0.2,1400,0.2,0
11,1,290,1,0,300,0.5,1700,0.5,2
11,2,292,1,0,300,0.5,1700,0.5,1
11,3,264,1,0,300,0.5,1700,0.5,0
11,4,60,0,0,500,0.6,1000,0.2,1400,0.2,1
11,5,962,1,0,300,0.5,1700,0.5,1
11,6,435,2,10,5,0,300,0.5,1700,0.5,0
11,7,845,0,0,500,0.6,1000,0.2,1400,0.2,1
11,8,322,1,0,500,0.6,1000,0.2,1400,0.2,0
11,9,273,2,10,5,0,500,0.6,1000,0.2,1400,0.2,0
11,10,982,0,0,300,0.5,1700,0.5,0
11,11,284,1,0,300,0.5,1700,0.5,0
11,12,87,0,0,300,0.5,1700,0.5,1
11,13,443,1,0,500,0.6,1000,0.2,1400,0.2,0
11,14,419,0,0,500,0.6,1000,0.2,1400,0.2,1
11,15,323,1,0,500,0.6,1000,0.2,1400,0.2,0
11,16,668,0,0,500,0.6,1000,0.2,1400,0.2,2
11,17,61,1,0,500,0.6,1000,0.2,1400,0.2,1
11,18,838,1,0,500,0.6,1000,0.2,1400,0.2,1
11,19,427,2,10,5,0,500,0.6,1000,0.2,1400,0.2,2
12,0,427,0,0,300,0.5,1700,0.5,1
12,1,559,0,0,300,0.5,1700,0.5,2
12,2,493,2,10,5,0,300,0.5,1700,0.5,2
12,3,984,2,10,5,0,500,0.6,1000,0.2,1400,0.2,2
12,4,413,0,0,300,0.5,1700,0.5,1
12,5,685,1,0,500,0.6,1000,0.2,1400,0.2,1
12,6,435,0,0,500,0.6,1000,0.2,1400,0.2,1
12,7,520,0,0,500,0.6,1000,0.2,1400,0.2,1
12,8,193,0,0,500,0.6,1000,0.2,1400,0.2,1
12,9,615,2,10,5,0,300,0.5,1700,0.5,0
12,10,624,1,0,500,0.6,1000,0.2,1400,0.2,0
12,11,432,2,10,5,0,500,0.6,1000,0.2,1400,0.2,1
12,12,820,2,10,5,0,500,0.6,1000,0.2,1400,0.2,0
12,13,697,2,10,5,0,500,0.6,1000,0.2,1400,0.2,0
12,14,696,0,0,500,0.6,1000,0.2,1400,0.2,1
12,15,355,0,0,500,0.6,1000,0.2,1400,0.2,0
12,16,33,2,10,5,0,500,0.6,1000,0.2,1400,0.2,2
12,17,486,0,0,300,0.5,1700,0.5,1
12,18,839,1,0,300,0.5,1700,0.5,0
12,19,804,0,0,500,0.6,1000,0.2,1400,0.2,1
13,0,403,1,0,500,0.6,1000,0.2,1400,0.2,2
13,1,249,1,0,500,0.6,1000,0.2,1400,0.2,0
13,2,320,2,10,5,0,300,0.5,1700,0.5,1
13,3,187,0,0,300,0.5,1700,0.5,0
13,4,432,2,10,5,0,300,0.5,1700,0.5,1
13,5,475,2,10,5,0,500,0.6,1000,0.2,1400,0.2,0
13,6,415,2,10,5,0,300,0.5,1700,0.5,0
13,7,705,0,0,500,0.6,1000,0.2,1400,0.2,1
13,8,663,2,10,5,0,300,0.5,1700,0.5,1
13,9,309,0,0,500,0.6,1000,0.2,1400,0.2,2
13,10,309,1,0,500,0.6,1000,0.2,1400,0.2,2
13,11,182,2,10,5,0,500,0.6,1000,0.2,1400,0.2,0
13,12,63,1,0,300,0.5,1700,0.5,2
13,13,460,2,10,5,0,300,0.5,1700,0.5,1
13,14,510,0,0,300,0.5,1700,0.5,0
13,15,939,1,0,500,0.6,1000,0.2,1400,0.2,0
13,16,861,2,10,5,0,300,0.5,1700,0.5,0
13,17,910,2,10,5,0,500,0.6,1000,0.2,1400,0.2,0
13,18,410,2,10,5,0,500,0.6,1000,0.2,1400,0.2,0
13,19,269,1,0,500,0.6,1000,0.2,1400,0.2,1
14,0,454,1,0,300,0.5,1700,0.5,0
14,1,927,0,0,300,0.5,1700,0.5,0
14,2,353,1,0,300,0.5,1700,0.5,1
14,3,20,2,10,5,0,500,0.6,1000,0.2,1400,0.2,2
14,4,954,2,10,5,0,300,0.5,1700,0.5,0
14,5,178,1,0,500,0.6,1000,0.2,1400,0.2,1
14,6,450,2,10,5,0,500,0.6,1000,0.2,1400,0.2,2
14,7,732,1,0,500,0.6,1000,0.2,1400,0.2,1
14,8,613,1,0,500,0.6,1000,0.2,1400,0.2,2
14,9,64,1,0,300,0.5,1700,0.5,1
14,10,134,0,0,500,0.6,1000,0.2,1400,0.2,0
14,11,15,2,10,5,0,300,0.5,1700,0.5,1
14,12,723,1,0,500,0.6,1000,0.2,1400,0.2,0
14,13,246,1,0,300,0.5,1700,0.5,1
14,14,872,1,0,500,0.6,1000,0.2,1400,0.2,2
14,15,366,1,0,300,0.5,1700,0.5,0
14,16,413,2,10,5,0,500,0.6,1000,0.2,1400,0.2,2
14,17,120,1,0,500,0.6,1000,0.2,1400,0.2,0
14,18,662,1,0,300,0.5,1700,0.5,2
14,19,45,1,0,300,0.5,1700,0.5,0
15,0,206,1,0,300,0.5,1700,0.5,0
15,1,522,0,0,500,0.6,1000,0.2,1400,0.2,0
15,2,279,1,0,300,0.5,1700,0.5,1
15,3,685,1,0,300,0.5,1700,0.5,0
15,4,504,2,10,5,0,300,0.5,1700,0.5,2
15,5,683,1,0,300,0.5,1700,0.5,0
15,6,731,1,0,300,0.5,1700,0.5,1
15,7,558,1,0,300,0.5,1700,0.5,2
15,8,77,2,10,5,0,500,0.6,1000,0.2,1400,0.2,0
15,9,401,1,0,300,0.5,1700,0.5,0
15,10,329,1,0,300,0.5,1700,0.5,2
15,11,258,1,0,500,0.6,1000,0.2,1400,0.2,1
15,12,369,1,0,500,0.6,1000,0.2,1400,0.2,0
15,13,578,2,10,5,0,300,0.5,1700,0.5,1
15,14,81,2,10,5,0,500,0.6,1000,0.2,1400,0.2,2
15,15,359,0,0,500,0.6,1000,0.2,1400,0.2,2
15,16,684,2,10,5,0,500,0.6,1000,0.2,1400,0.2,0
15,17,256,1,0,500,0.6,1000,0.2,1400,0.2,0
15,18,656,1,0,300,0.5,1700,0.5,2
15,19,465,1,0,300,0.5,1700,0.5,2
16,0,419,1,0,300,0.5,1700,0.5,0
16,1,865,1,0,500,0.6,1000,0.2,1400,0.2,2
16,2,731,0,0,300,0.5,1700,0.5,2
16,3,420,2,10,5,0,500,0.6,1000,0.2,1400,0.2,1
16,4,91,1,0,500,0.6,1000,0.2,1400,0.2,0
16,5,729,0,0,500,0.6,1000,0.2,1400,0.2,0
16,6,909,0,0,300,0.5,1700,0.5,0
16,7,200,2,10,5,0,500,0.6,1000,0.2,1400,0.2,1
16,8,282,1,0,300,0.5,1700,0.5,1
16,9,126,2,10,5,0,500,0.6,1000,0.2,1400,0.2,0
16,10,676,1,0,300,0.5,1700,0.5,0
16,11,395,1,0,300,0.5,1700,0.5,1
16,12,224,2,10,5,0,300,0.5,1700,0.5,1
16,13,586,2,10,5,0,500,0.6,1000,0.2,1400,0.2,0
16,14,959,0,0,500,0.6,1000,0.2,1400,0.2,2
16,15,912,2,10,5,0,300,0.5,1700,0.5,1
16,16,651,2,10,5,0,300,0.5,1700,0.5,0
16,17,356,0,0,500,0.6,1000,0.2,1400,0.2,1
16,18,348,1,0,500,0.6,1000,0.2,1400,0.2,1
16,19,711,0,0,500,0.6,1000,0.2,1400,0.2,2
17,0,934,1,0,500,0.6,1000,0.2,1400,0.2,0
17,1,790,2,10,5,0,500,0.6,1000,0.2,1400,0.2,2
17,2,115,1,0,500,0.6,1000,0.2,1400,0.2,0
17,3,889,2,10,5,0,500,0.6,1000,0.2,1400,0.2,2
17,4,674,0,0,500,0.6,1000,0.2,1400,0.2,1
17,5,453,0,0,300,0.5,1700,0.5,0
17,6,83,0,0,300,0.5,1700,0.5,2
17,7,344,2,10,5,0,500,0.6,1000,0.2,1400,0.2,1
17,8,840,2,10,5,0,500,0.6,1000,0.2,1400,0.2,1
17,9,746,0,0,300,0.5,1700,0.5,0
17,10,822,2,10,5,0,300,0.5,1700,0.5,1
17,11,166,2,10,5,0,500,0.6,1000,0.2,1400,0.2,1
17,12,482,0,0,500,0.6,1000,0.2,1400,0.2,1
17,13,585,2,10,5,0,300,0.5,1700,0.5,2
17,14,509,1,0,500,0.6,1000,0.2,1400,0.2,2
17,15,460,0,0,300,0.5,1700,0.5,0
17,16,930,1,0,300,0.5,1700,0.5,2
17,17,833,1,0,300,0.5,1700,0.5,2
17,18,477,0,0,300,0.5,1700,0.5,0
17,19,754,0,0,300,0.5,1700,0.5,1
18,0,318,2,10,5,0,300,0.5,1700,0.5,2
18,1,172,0,0,500,0.6,1000,0.2,1400,0.2,0
18,2,852,1,0,500,0.6,1000,0.2,1400,0.2,0
18,3,401,0,0,500,0.6,1000,0.2,1400,0.2,1
18,4,335,2,10,5,0,500,0.6,1000,0.2,1400,0.2,1
18,5,982,0,0,300,0.5,1700,0.5,2
18,6,938,2,10,5,0,500,0.6,1000,0.2,1400,0.2,1
18,7,489,2,10,5,0,500,0.6,1000,0.2,1400,0.2,2
18,8,375,1,0,300,0.5,1700,0.5,1
18,9,407,0,0,500,0.6,1000,0.2,1400,0.2,2
18,10,58,1,0,500,0.6,1000,0.2,1400,0.2,0
18,11,568,2,10,5,0,300,0.5,1700,0.5,0
18,12,726,1,0,300,0.5,1700,0.5,0
18,13,623,0,0,300,0.5,1700,0.5,2
18,14,565,0,0,500,0.6,1000,0.2,1400,0.2,2
18,15,865,0,0,300,0.5,1700,0.5,1
18,16,609,1,0,500,0.6,1000,0.2,1400,0.2,0
18,17,905,2,10,5,0,500,0.6,1000,0.2,1400,0.2,1
18,18,837,0,0,300,0.5,1700,0.5,2
18,19,33,0,0,500,0.6,1000,0.2,1400,0.2,2
19,0,297,1,0,500,0.6,1000,0.2,1400,0.2,2
19,1,635,2,10,5,0,500,0.6,1000,0.2,1400,0.2,2
19,2,219,2,10,5,0,500,0.6,1000,0.2,1400,0.2,2
19,3,373,1,0,500,0.6,1000,0.2,1400,0.2,1
19,4,612,2,10,5,0,500,0.6,1000,0.2,1400,0.2,1
19,5,737,0,0,300,0.5,1700,0.5,2
19,6,759,1,0,300,0.5,1700,0.5,0
19,7,698,0,0,500,0.6,1000,0.2,1400,0.2,0
19,8,777,1,0,500,0.6,1000,0.2,1400,0.2,0
19,9,553,2,10,5,0,500,0.6,1000,0.2,1400,0.2,0
19,10,808,2,10,5,0,300,0.5,1700,0.5,1
19,11,776,2,10,5,0,500,0.6,1000,0.2,1400,0.2,1
19,12,269,2,10,5,0,300,0.5,1700,0.5,2
19,13,446,0,0,300,0.5,1700,0.5,1
19,14,256,0,0,500,0.6,1000,0.2,1400,0.2,1
19,15,205,0,0,300,0.5,1700,0.5,0
19,16,23,2,10,5,0,300,0.5,1700,0.5,1
19,17,332,1,0,500,0.6,1000,0.2,1400,0.2,2
19,18,882,0,0,300,0.5,1700,0.5,0
19,19,423,1,0,300,0.5,1700,0.5,1
