0,0,992,2,10,5,0,300,0.5,1700,0.5,1
0,1,989,2,10,5,0,500,0.6,1000,0.2,1400,0.2,2
0,2,56,2,10,5,0,500,0.6,1000,0.2,1400,0.2,2
0,3,436,1,0,500,0.6,1000,0.2,1400,0.2,2
0,4,955,2,10,5,0,300,0.5,1700,0.5,1
0,5,905,0,0,300,0.5,1700,0.5,0
0,6,866,2,10,5,0,300,0.5,1700,0.5,2
0,7,358,2,10,5,0,300,0.5,1700,0.5,2
0,8,377,1,0,300,0.5,1700,0.5,2
0,9,553,1,0,500,0.6,1000,0.2,1400,0.2,1
0,10,921,0,0,500,0.6,1000,0.2,1400,0.2,0
0,11,214,1,0,300,0.5,1700,0.5,2
0,12,67,1,0,300,0.5,1700,0.5,0
0,13,966,1,0,500,0.6,1000,0.2,1400,0.2,1
0,14,797,1,0,300,0.5,1700,0.5,2
0,15,629,0,0,500,0.6,1000,0.2,1400,0.2,1
0,16,903,1,0,500,0.6,1000,0.2,1400,0.2,1
0,17,481,0,0,500,0.6,1000,0.2,1400,0.2,2
0,18,258,1,0,300,0.5,1700,0.5,1
0,19,59,0,0,500,0.6,1000,0.2,1400,0.2,0
1,0,442,2,10,5,0,300,0.5,1700,0.5,1
1,1,413,1,0,300,0.5,1700,0.5,1
1,2,216,0,0,300,0.5,1700,0.5,2
1,3,21,1,0,300,0.5,1700,0.5,1
1,4,219,0,0,300,0.5,1700,0.5,1
1,5,319,0,0,500,0.6,1000,0.2,1400,0.2,1
1,6,416,1,0,500,0.6,1000,0.2,1400,0.2,0
1,7,74,2,10,5,0,500,0.6,1000,0.2,1400,0.2,2
1,8,410,2,10,5,0,300,0.5,1700,0.5,0
1,9,873,2,10,5,0,500,0.6,1000,0.2,1400,0.2,2
1,10,206,1,0,300,0.5,1700,0.5,1
1,11,55,0,0,300,0.5,1700,0.5,0
1,12,840,0,0,500,0.6,1000,0.2,1400,0.2,1
1,13,538,0,0,500,0.6,1000,0.2,1400,0.2,0
1,14,758,2,10,5,0,500,0.6,1000,0.2,1400,0.2,1
1,15,369,0,0,300,0.5,1700,0.5,1
1,16,856,2,10,5,0,500,0.6,1000,0.2,1400,0.2,1
1,17,912,0,0,500,0.6,1000,0.2,1400,0.2,0
1,18,31,2,10,5,0,500,0.6,1000,0.2,1400,0.2,2
1,19,346,0,0,300,0.5,1700,0.5,1
2,0,427,1,0,500,0.6,1000,0.2,1400,0.2,2
2,1,38,1,0,300,0.5,1700,0.5,1
2,2,553,0,0,300,0.5,1700,0.5,0
2,3,58,0,0,300,0.5,1700,0.5,0
2,4,238,1,0,300,0.5,1700,0.5,1
2,5,19,2,10,5,0,300,0.5,1700,0.5,0
2,6,144,2,10,5,0,300,0.5,1700,0.5,1
2,7,486,2,10,5,0,300,0.5,1700,0.5,2
2,8,716,2,10,5,0,500,0.6,1000,0.2,1400,0.2,1
2,9,609,0,0,300,0.5,1700,0.5,2
2,10,327,2,10,5,0,500,0.6,1000,0.2,1400,0.2,1
2,11,137,0,0,300,0.5,1700,0.5,2
2,12,782,1,0,500,0.6,1000,0.2,1400,0.2,0
2,13,112,0,0,300,0.5,1700,0.5,0
2,14,231,0,0,300,0.5,1700,0.5,0
2,15,942,0,0,300,0.5,1700,0.5,0
2,16,910,2,10,5,0,500,0.6,1000,0.2,1400,0.2,0
2,17,225,1,0,500,0.6,1000,0.2,1400,0.2,2
2,18,405,0,0,300,0.5,1700,0.5,2
2,19,233,0,0,300,0.5,1700,0.5,2
3,0,973,0,0,500,0.6,1000,0.2,1400,0.2,2
3,1,588,2,10,5,0,500,0.6,1000,0.2,1400,0.2,0
3,2,608,1,0,300,0.5,1700,0.5,2
3,3,807,1,0,300,0.5,1700,0.5,0
3,4,650,2,10,5,0,500,0.6,1000,0.2,1400,0.2,2
3,5,407,1,0,500,0.6,1000,0.2,1400,0.2,1
3,6,113,2,10,5,0,500,0.6,1000,0.2,1400,0.2,2
3,7,669,2,10,5,0,300,0.5,1700,0.5,1
3,8,115,2,10,5,0,500,0.6,1000,0.2,1400,0.2,1
3,9,668,1,0,300,0.5,1700,0.5,1
3,10,158,2,10,5,0,300,0.5,1700,0.5,1
3,11,380,2,10,5,0,300,0.5,1700,0.5,1
3,12,89,0,0,500,0.6,1000,0.2,1400,0.2,1
3,13,574,1,0,500,0.6,1000,0.2,1400,0.2,1
3,14,136,1,0,500,0.6,1000,0.2,1400,0.2,2
3,15,79,0,0,300,0.5,1700,0.5,1
3,16,916,1,0,500,0.6,1000,0.2,1400,0.2,0
3,17,96,0,0,500,0.6,1000,0.2,1400,0.2,2
3,18,442,2,10,5,0,300,0.5,1700,0.5,1
3,19,381,2,10,5,0,300,0.5,1700,0.5,1
4,0,810,2,10,5,0,500,0.6,1000,0.2,1400,0.2,1
4,1,731,1,0,300,0.5,1700,0.5,2
4,2,751,1,0,300,0.5,1700,0.5,0
4,3,90,1,0,500,0.6,1000,0.2,1400,0.2,2
4,4,912,1,0,300,0.5,1700,0.5,0
4,5,472,0,0,300,0.5,1700,0.5,1
4,6,943,0,0,300,0.5,1700,0.5,2
4,7,875,1,0,500,0.6,1000,0.2,1400,0.2,1
4,8,896,2,10,5,0,500,0.6,1000,0.2,1400,0.2,1
4,9,782,1,0,300,0.5,1700,0.5,0
4,10,873,2,10,5,0,300,0.5,1700,0.5,2
4,11,483,2,10,5,0,300,0.5,1700,0.5,1
4,12,526,1,0,300,0.5,1700,0.5,0
4,13,671,2,10,5,0,500,0.6,1000,0.2,1400,0.2,0
4,14,988,2,10,5,0,500,0.6,1000,0.2,1400,0.2,2
4,15,234,0,0,500,0.6,1000,0.2,1400,0.2,0
4,16,96,0,0,300,0.5,1700,0.5,0
4,17,569,2,10,5,0,500,0.6,1000,0.2,1400,0.2,0
4,18,401,0,0,300,0.5,1700,0.5,1
4,19,334,2,10,5,0,300,0.5,1700,0.5,2
5,0,297,1,0,300,0.5,1700,0.5,1
5,1,671,1,0,300,0.5,1700,0.5,1
5,2,119,0,0,500,0.6,1000,0.2,1400,0.2,1
5,3,762,0,0,500,0.6,1000,0.2,1400,0.2,2
5,4,786,0,0,300,0.5,1700,0.5,1
5,5,24,1,0,500,0.6,1000,0.2,1400,0.2,2
5,6,512,2,10,5,0,500,0.6,1000,0.2,1400,0.2,2
5,7,755,1,0,300,0.5,1700,0.5,0
5,8,679,1,0,300,0.5,1700,0.5,0
5,9,981,0,0,500,0.6,1000,0.2,1400,0.2,1
5,10,628,1,0,300,0.5,1700,0.5,0
5,11,374,0,0,300,0.5,1700,0.5,2
5,12,72,2,10,5,0,500,0.6,1000,0.2,1400,0.2,1
5,13,913,1,0,500,0.6,1000,0.2,1400,0.2,1
5,14,834,1,0,300,0.5,1700,0.5,0
5,15,269,0,0,300,0.5,1700,0.5,2
5,16,315,2,10,5,0,300,0.5,1700,0.5,2
5,17,728,0,0,300,0.5,1700,0.5,1
5,18,86,1,0,500,0.6,1000,0.2,1400,0.2,0
5,19,417,1,0,300,0.5,1700,0.5,1
6,0,575,1,0,500,0.6,1000,0.2,1400,0.2,2
6,1,967,2,10,5,0,500,0.6,1000,0.2,1400,0.2,0
6,2,268,0,0,300,0.5,1700,0.5,1
6,3,968,1,0,300,0.5,1700,0.5,0
6,4,366,1,0,500,0.6,1000,0.2,1400,0.2,0
6,5,431,1,0,500,0.6,1000,0.2,1400,0.2,2
6,6,564,2,10,5,0,500,0.6,1000,0.2,1400,0.2,0
6,7,692,1,0,500,0.6,1000,0.2,1400,0.2,0
6,8,402,0,0,500,0.6,1000,0.2,1400,0.2,2
6,9,703,0,0,500,0.6,1000,0.2,1400,0.2,0
6,10,971,2,10,5,0,300,0.5,1700,0.5,0
6,11,866,2,10,5,0,500,0.6,1000,0.2,1400,0.2,2
6,12,854,1,0,500,0.6,1000,0.2,1400,0.2,0
6,13,310,2,10,5,0,300,0.5,1700,0.5,0
6,14,625,2,10,5,0,300,0.5,1700,0.5,1
6,15,43,1,0,500,0.6,1000,0.2,1400,0.2,0
6,16,179,1,0,500,0.6,1000,0.2,1400,0.2,2
6,17,524,1,0,300,0.5,1700,0.5,1
6,18,781,2,10,5,0,500,0.6,1000,0.2,1400,0.2,2
6,19,37,2,10,5,0,300,0.5,1700,0.5,0
7,0,720,2,10,5,0,500,0.6,1000,0.2,1400,0.2,2
7,1,774,1,0,500,0.6,1000,0.2,1400,0.2,0
7,2,716,1,0,300,0.5,1700,0.5,1
7,3,105,0,0,500,0.6,1000,0.2,1400,0.2,2
7,4,637,1,0,500,0.6,1000,0.2,1400,0.2,2
7,5,29,0,0,300,0.5,1700,0.5,0
7,6,177,2,10,5,0,500,0.6,1000,0.2,1400,0.2,0
7,7,729,2,10,5,0,300,0.5,1700,0.5,2
7,8,615,2,10,5,0,500,0.6,1000,0.2,1400,0.2,0
7,9,979,1,0,500,0.6,1000,0.2,1400,0.2,2
7,10,22,1,0,300,0.5,1700,0.5,2
7,11,333,2,10,5,0,300,0.5,1700,0.5,2
7,12,308,1,0,500,0.6,1000,0.2,1400,0.2,2
7,13,463,1,0,500,0.6,1000,0.2,1400,0.2,1
7,14,795,1,0,500,0.6,1000,0.2,1400,0.2,0
7,15,824,2,10,5,0,500,0.6,1000,0.2,1400,0.2,1
7,16,746,1,0,500,0.6,1000,0.2,1400,0.2,1
7,17,934,1,0,500,0.6,1000,0.2,1400,0.2,0
7,18,837,0,0,500,0.6,1000,0.2,1400,0.2,2
7,19,557,0,0,500,0.6,1000,0.2,1400,0.2,0
8,0,957,2,10,5,0,300,0.5,1700,0.5,0
8,1,663,1,0,500,0.6,1000,0.2,1400,0.2,2
8,2,755,0,0,300,0.5,1700,0.5,2
8,3,978,1,0,500,0.6,1000,0.2,1400,0.2,2
8,4,916,0,0,300,0.5,1700,0.5,1
8,5,206,0,0,300,0.5,1700,0.5,0
8,6,379,0,0,500,0.6,1000,0.2,1400,0.2,1
8,7,547,1,0,300,0.5,1700,0.5,2
8,8,26,1,0,300,0.5,1700,0.5,1
8,9,552,0,0,300,0.5,1700,0.5,0
8,10,881,0,0,300,0.5,1700,0.5,1
8,11,869,2,10,5,0,300,0.5,1700,0.5,1
8,12,622,1,0,300,0.5,1700,0.5,0
8,13,626,0,0,300,0.5,1700,0.5,2
8,14,164,2,10,5,0,500,0.6,1000,0.2,1400,0.2,2
8,15,341,2,10,5,0,500,0.6,1000,0.2,1400,0.2,1
8,16,47,2,10,5,0,500,0.6,1000,0.2,1400,0.2,2
8,17,501,0,0,300,0.5,1700,0.5,1
8,18,539,1,0,500,0.6,1000,0.2,1400,0.2,0
8,19,255,1,0,300,0.5,1700,0.5,2
9,0,135,2,10,5,0,300,0.5,1700,0.5,1
9,1,797,0,0,500,0.6,1000,0.2,1400,0.2,2
9,2,67,0,0,500,0.6,1000,0.2,1400,0.2,0
9,3,644,0,0,300,0.5,1700,0.5,0
9,4,502,1,0,300,0.5,1700,0.5,2
9,5,859,2,10,5,0,300,0.5,1700,0.5,2
9,6,957,2,10,5,0,500,0.6,1000,0.2,1400,0.2,1
9,7,372,0,0,300,0.5,1700,0.5,2
9,8,903,0,0,300,0.5,1700,0.5,0
9,9,695,2,10,5,0,500,0.6,1000,0.2,1400,0.2,0
9,10,919,0,0,500,0.6,1000,0.2,1400,0.2,2
9,11,375,0,0,500,0.6,1000,0.2,1400,0.2,0
9,12,960,2,10,5,0,500,0.6,1000,0.2,1400,0.2,2
9,13,485,0,0,500,0.6,1000,0.2,1400,0.2,0
9,14,458,1,0,300,0.5,1700,0.5,2
9,15,132,1,0,300,0.5,1700,0.5,2
9,16,181,2,10,5,0,500,0.6,1000,0.2,1400,0.2,0
9,17,805,1,0,500,0.6,1000,0.2,1400,0.2,2
9,18,142,2,10,5,0,300,0.5,1700,0.5,2
9,19,464,2,10,5,0,300,0.5,1700,0.5,0
10,0,51,0,0,300,0.5,1700,0.5,1
10,1,727,1,0,300,0.5,1700,0.5,1
10,2,385,0,0,500,0.6,1000,0.2,1400,0.2,2
10,3,977,2,10,5,0,500,0.6,1000,0.2,1400,0.2,0
10,4,431,1,0,500,0.6,1000,0.2,1400,0.2,1
10,5,437,1,0,300,0.5,1700,0.5,2
10,6,70,1,0,500,0.6,1000,0.2,1400,0.2,0
10,7,835,1,0,300,0.5,1700,0.5,1
10,8,202,1,0,500,0.6,1000,0.2,1400,0.2,1
10,9,407,1,0,500,0.6,1000,0.2,1400,0.2,2
10,10,18,0,0,300,0.5,1700,0.5,1
10,11,779,2,10,5,0,500,0.6,1000,0.2,1400,0.2,1
10,12,715,0,0,300,0.5,1700,0.5,1
10,13,797,2,10,5,0,300,0.5,1700,0.5,2
10,14,589,2,10,5,0,300,0.5,1700,0.5,1
10,15,947,1,0,300,0.5,1700,0.5,2
10,16,565,1,0,500,0.6,1000,0.2,1400,0.2,2
10,17,278,0,0,300,0.5,1700,0.5,2
10,18,119,2,10,5,0,300,0.5,1700,0.5,1
10,19,251,1,0,500,0.6,1000,0.2,1400,0.2,1
11,0,119,1,0,500,0.6,1000,0.2,1400,0.2,1
11,1,773,2,10,5,0,300,0.5,1700,0.5,1
11,2,561,0,0,500,0.6,1000,0.2,1400,0.2,2
11,3,844,1,0,300,0.5,1700,0.5,1
11,4,589,0,0,500,0.6,1000,0.2,1400,0.2,0
11,5,825,2,10,5,0,500,0.6,1000,0.2,1400,0.2,1
11,6,809,2,10,5,0,500,0.6,1000,0.2,1400,0.2,0
11,7,499,0,0,500,0.6,1000,0.2,1400,0.2,0
11,8,498,2,10,5,0,300,0.5,1700,0.5,2
11,9,920,2,10,5,0,300,0.5,1700,0.5,1
11,10,891,0,0,500,0.6,1000,0.2,1400,0.2,0
11,11,991,0,0,300,0.5,1700,0.5,2
11,12,67,0,0,300,0.5,1700,0.5,2
11,13,967,1,0,500,0.6,1000,0.2,1400,0.2,1
11,14,112,2,10,5,0,500,0.6,1000,0.2,1400,0.2,1
11,15,944,2,10,5,0,500,0.6,1000,0.2,1400,0.2,0
11,16,134,1,0,500,0.6,1000,0.2,1400,0.2,0
11,17,813,2,10,5,0,300,0.5,1700,0.5,1
11,18,51,1,0,500,0.6,1000,0.2,1400,0.2,0
11,19,908,0,0,500,0.6,1000,0.2,1400,0.2,2
12,0,969,2,10,5,0,500,0.6,1000,0.2,1400,0.2,0
12,1,34,1,0,500,0.6,1000,0.2,1400,0.2,1
12,2,33,2,10,5,0,500,0.6,1000,0.2,1400,0.2,2
12,3,616,2,10,5,0,300,0.5,1700,0.5,0
12,4,823,0,0,300,0.5,1700,0.5,1
12,5,415,2,10,5,0,500,0.6,1000,0.2,1400,0.2,1
12,6,199,1,0,300,0.5,1700,0.5,1
12,7,927,0,0,300,0.5,1700,0.5,2
12,8,779,0,0,500,0.6,1000,0.2,1400,0.2,2
12,9,278,0,0,500,0.6,1000,0.2,1400,0.2,1
12,10,436,1,0,500,0.6,1000,0.2,1400,0.2,2
12,11,169,0,0,300,0.5,1700,0.5,0
12,12,101,1,0,500,0.6,1000,0.2,1400,0.2,2
12,13,863,2,10,5,0,300,0.5,1700,0.5,0
12,14,659,1,0,500,0.6,1000,0.2,1400,0.2,1
12,15,996,0,0,300,0.5,1700,0.5,0
12,16,237,1,0,500,0.6,1000,0.2,1400,0.2,1
12,17,604,2,10,5,0,500,0.6,1000,0.2,1400,0.2,2
12,18,85,1,0,500,0.6,1000,0.2,1400,0.2,2
12,19,245,0,0,500,0.6,1000,0.2,1400,0.2,1
13,0,82,0,0,300,0.5,1700,0.5,1
13,1,469,2,10,5,0,500,0.6,1000,0.2,1400,0.2,1
13,2,887,2,10,5,0,500,0.6,1000,0.2,1400,0.2,1
13,3,442,2,10,5,0,300,0.5,1700,0.5,2
13,4,304,1,0,300,0.5,1700,0.5,1
13,5,795,0,0,300,0.5,1700,0.5,2
13,6,639,1,0,500,0.6,1000,0.2,1400,0.2,0
13,7,502,2,10,5,0,500,0.6,1000,0.2,1400,0.2,2
13,8,256,2,10,5,0,300,0.5,1700,0.5,2
13,9,323,2,10,5,0,300,0.5,1700,0.5,1
13,10,766,1,0,500,0.6,1000,0.2,1400,0.2,1
13,11,564,2,10,5,0,300,0.5,1700,0.5,1
13,12,410,0,0,500,0.6,1000,0.2,1400,0.2,0
13,13,398,0,0,500,0.6,1000,0.2,1400,0.2,1
13,14,599,0,0,300,0.5,1700,0.5,2
13,15,895,0,0,300,0.5,1700,0.5,0
13,16,709,1,0,500,0.6,1000,0.2,1400,0.2,1
13,17,814,1,0,300,0.5,1700,0.5,0
13,18,543,0,0,500,0.6,1000,0.2,1400,0.2,0
13,19,372,1,0,500,0.6,1000,0.2,1400,0.2,1
14,0,527,1,0,500,0.6,1000,0.2,1400,0.2,2
14,1,365,0,0,500,0.6,1000,0.2,1400,0.2,1
14,2,734,1,0,500,0.6,1000,0.2,1400,0.2,1
14,3,166,2,10,5,0,300,0.5,1700,0.5,2
14,4,578,2,10,5,0,300,0.5,1700,0.5,1
14,5,586,1,0,300,0.5,1700,0.5,0
14,6,351,1,0,500,0.6,1000,0.2,1400,0.2,2
14,7,799,0,0,500,0.6,1000,0.2,1400,0.2,2
14,8,79,0,0,300,0.5,1700,0.5,2
14,9,412,1,0,300,0.5,1700,0.5,0
14,10,879,1,0,300,0.5,1700,0.5,1
14,11,561,0,0,500,0.6,1000,0.2,1400,0.2,0
14,12,62,2,10,5,0,300,0.5,1700,0.5,1
14,13,737,2,10,5,0,500,0.6,1000,0.2,1400,0.2,1
14,14,182,0,0,300,0.5,1700,0.5,1
14,15,366,0,0,300,0.5,1700,0.5,0
14,16,379,1,0,300,0.5,1700,0.5,2
14,17,808,2,10,5,0,300,0.5,1700,0.5,0
14,18,285,1,0,300,0.5,1700,0.5,0
14,19,69,1,0,500,0.6,1000,0.2,1400,0.2,2
15,0,338,1,0,300,0.5,1700,0.5,0
15,1,640,1,0,500,0.6,1000,0.2,1400,0.2,1
15,2,777,1,0,500,0.6,1000,0.2,1400,0.2,0
15,3,897,2,10,5,0,500,0.6,1000,0.2,1400,0.2,2
15,4,438,0,0,300,0.5,1700,0.5,1
15,5,836,2,10,5,0,300,0.5,1700,0.5,1
15,6,814,1,0,500,0.6,1000,0.2,1400,0.2,2
15,7,117,1,0,300,0.5,1700,0.5,1
15,8,109,0,0,500,0.6,1000,0.2,1400,0.2,2
15,9,806,2,10,5,0,500,0.6,1000,0.2,1400,0.2,1
15,10,357,2,10,5,0,300,0.5,1700,0.5,1
15,11,597,0,0,500,0.6,1000,0.2,1400,0.2,2
15,12,74,1,0,500,0.6,1000,0.2,1400,0.2,0
15,13,352,0,0,500,0.6,1000,0.2,1400,0.2,1
15,14,97,2,10,5,0,300,0.5,1700,0.5,0
15,15,405,0,0,500,0.6,1000,0.2,1400,0.2,2
15,16,902,2,10,5,0,500,0.6,1000,0.2,1400,0.2,1
15,17,767,2,10,5,0,500,0.6,1000,0.2,1400,0.2,2
15,18,594,1,0,500,0.6,1000,0.2,1400,0.2,1
15,19,521,0,0,300,0.5,1700,0.5,2
16,0,419,0,0,300,0.5,1700,0.5,1
16,1,147,2,10,5,0,500,0.6,1000,0.2,1400,0.2,0
16,2,943,1,0,300,0.5,1700,0.5,2
16,3,310,2,10,5,0,300,0.5,1700,0.5,2
16,4,392,2,10,5,0,300,0.5,1700,0.5,2
16,5,469,0,0,500,0.6,1000,0.2,1400,0.2,1
16,6,998,1,0,500,0.6,1000,0.2,1400,0.2,0
16,7,926,1,0,300,0.5,1700,0.5,1
16,8,189,1,0,500,0.6,1000,0.2,1400,0.2,0
16,9,83,2,10,5,0,300,0.5,1700,0.5,2
16,10,278,2,10,5,0,500,0.6,1000,0.2,1400,0.2,1
16,11,516,2,10,5,0,300,0.5,1700,0.5,2
16,12,743,1,0,300,0.5,1700,0.5,0
16,13,436,0,0,500,0.6,1000,0.2,1400,0.2,1
16,14,296,1,0,300,0.5,1700,0.5,2
16,15,143,1,0,300,0.5,1700,0.5,2
16,16,763,2,10,5,0,500,0.6,1000,0.2,1400,0.2,2
16,17,197,2,10,5,0,300,0.5,1700,0.5,1
16,18,15,2,10,5,0,300,0.5,1700,0.5,1
16,19,840,2,10,5,0,300,0.5,1700,0.5,1
17,0,729,2,10,5,0,500,0.6,1000,0.2,1400,0.2,0
17,1,810,2,10,5,0,300,0.5,1700,0.5,1
17,2,520,1,0,300,0.5,1700,0.5,1
17,3,41,0,0,300,0.5,1700,0.5,2
17,4,276,0,0,500,0.6,1000,0.2,1400,0.2,0
17,5,236,2,10,5,0,500,0.6,1000,0.2,1400,0.2,1
17,6,646,1,0,500,0.6,1000,0.2,1400,0.2,1
17,7,948,0,0,500,0.6,1000,0.2,1400,0.2,1
17,8,609,1,0,500,0.6,1000,0.2,1400,0.2,1
17,9,515,1,0,500,0.6,1000,0.2,1400,0.2,0
17,10,323,1,0,500,0.6,1000,0.2,1400,0.2,2
17,11,244,2,10,5,0,300,0.5,1700,0.5,2
17,12,613,2,10,5,0,300,0.5,1700,0.5,0
17,13,805,0,0,500,0.6,1000,0.2,1400,0.2,1
17,14,605,2,10,5,0,300,0.5,1700,0.5,1
17,15,53,0,0,500,0.6,1000,0.2,1400,0.2,0
17,16,58,0,0,500,0.6,1000,0.2,1400,0.2,0
17,17,969,1,0,300,0.5,1700,0.5,1
17,18,231,0,0,500,0.6,1000,0.2,1400,0.2,2
17,19,109,2,10,5,0,500,0.6,1000,0.2,1400,0.2,0
18,0,531,1,0,300,0.5,1700,0.5,0
18,1,685,0,0,300,0.5,1700,0.5,0
18,2,50,0,0,300,0.5,1700,0.5,1
18,3,81,2,10,5,0,500,0.6,1000,0.2,1400,0.2,2
18,4,581,0,0,500,0.6,1000,0.2,1400,0.2,0
18,5,698,1,0,300,0.5,1700,0.5,2
18,6,733,2,10,5,0,300,0.5,1700,0.5,2
18,7,713,2,10,5,0,500,0.6,1000,0.2,1400,0.2,2
18,8,482,1,0,300,0.5,1700,0.5,0
18,9,275,2,10,5,0,500,0.6,1000,0.2,1400,0.2,0
18,10,920,2,10,5,0,500,0.6,1000,0.2,1400,0.2,1
18,11,89,0,0,300,0.5,1700,0.5,0
18,12,182,0,0,500,0.6,1000,0.2,1400,0.2,2
18,13,650,1,0,300,0.5,1700,0.5,2
18,14,447,1,0,300,0.5,1700,0.5,2
18,15,344,2,10,5,0,500,0.6,1000,0.2,1400,0.2,1
18,16,106,1,0,500,0.6,1000,0.2,1400,0.2,2
18,17,132,1,0,300,0.5,1700,0.5,0
18,18,787,1,0,500,0.6,1000,0.2,1400,0.2,0
18,19,339,1,0,300,0.5,1700,0.5,2
19,0,975,2,10,5,0,300,0.5,1700,0.5,2
19,1,259,1,0,500,0.6,1000,0.2,1400,0.2,1
19,2,265,0,0,500,0.6,1000,0.2,1400,0.2,2
19,3,527,0,0,300,0.5,1700,0.5,2
19,4,612,0,0,300,0.5,1700,0.5,0
19,5,714,2,10,5,0,300,0.5,1700,0.5,0
19,6,880,2,10,5,0,300,0.5,1700,0.5,2
19,7,56,2,10,5,0,500,0.6,1000,0.2,1400,0.2,0
19,8,576,0,0,500,0.6,1000,0.2,1400,0.2,0
19,9,462,2,10,5,0,500,0.6,1000,0.2,1400,0.2,0
19,10,753,0,0,500,0.6,1000,0.2,1400,0.2,0
19,11,149,2,10,5,0,500,0.6,1000,0.2,1400,0.2,1
19,12,342,0,0,300,0.5,1700,0.5,0
19,13,16,0,0,500,0.6,1000,0.2,1400,0.2,0
19,14,483,0,0,300,0.5,1700,0.5,2
19,15,567,0,0,300,0.5,1700,0.5,0
19,16,831,1,0,500,0.6,1000,0.2,1400,0.2,1
19,17,918,2,10,5,0,300,0.5,1700,0.5,1
19,18,409,2,10,5,0,300,0.5,1700,0.5,0
19,19,764,2,10,5,0,500,0.6,1000,0.2,1400,0.2,0
