0,0,832,1,0,300,0.5,1700,0.5,2
0,1,772,1,0,500,0.6,1000,0.2,1400,0.2,2
0,2,299,2,10,5,0,300,0.5,1700,0.5,0
0,3,570,0,0,300,0.5,1700,0.5,0
0,4,931,0,0,500,0.6,1000,0.2,1400,0.2,2
0,5,830,0,0,500,0.6,1000,0.2,1400,0.2,0
0,6,781,2,10,5,0,500,0.6,1000,0.2,1400,0.2,0
0,7,525,0,0,300,0.5,1700,0.5,0
0,8,683,2,10,5,0,500,0.6,1000,0.2,1400,0.2,0
0,9,888,2,10,5,0,300,0.5,1700,0.5,0
0,10,100,0,0,500,0.6,1000,0.2,1400,0.2,0
0,11,254,0,0,300,0.5,1700,0.5,2
0,12,572,2,10,5,0,500,0.6,1000,0.2,1400,0.2,2
0,13,375,1,0,300,0.5,1700,0.5,1
0,14,667,0,0,500,0.6,1000,0.2,1400,0.2,2
1,0,813,1,0,500,0.6,1000,0.2,1400,0.2,2
1,1,664,1,0,500,0.6,1000,0.2,1400,0.2,0
1,2,456,0,0,500,0.6,1000,0.2,1400,0.2,0
1,3,197,1,0,300,0.5,1700,0.5,1
1,4,256,1,0,300,0.5,1700,0.5,2
1,5,409,2,10,5,0,300,0.5,1700,0.5,0
1,6,222,0,0,300,0.5,1700,0.5,2
1,7,244,2,10,5,0,500,0.6,1000,0.2,1400,0.2,2
1,8,364,2,10,5,0,500,0.6,1000,0.2,1400,0.2,0
1,9,65,1,0,500,0.6,1000,0.2,1400,0.2,0
1,10,960,1,0,300,0.5,1700,0.5,1
1,11,684,0,0,500,0.6,1000,0.2,1400,0.2,2
1,12,89,1,0,300,0.5,1700,0.5,0
1,13,209,1,0,300,0.5,1700,0.5,1
1,14,172,0,0,500,0.6,1000,0.2,1400,0.2,1
2,0,34,2,10,5,0,500,0.6,1000,0.2,1400,0.2,1
2,1,286,1,0,500,0.6,1000,0.2,1400,0.2,0
2,2,578,2,10,5,0,500,0.6,1000,0.2,1400,0.2,2
2,3,136,1,0,500,0.6,1000,0.2,1400,0.2,2
2,4,183,1,0,300,0.5,1700,0.5,2
2,5,818,1,0,500,0.6,1000,0.2,1400,0.2,2
2,6,347,0,0,500,0.6,1000,0.2,1400,0.2,0
2,7,586,0,0,500,0.6,1000,0.2,1400,0.2,2
2,8,961,0,0,500,0.6,1000,0.2,1400,0.2,1
2,9,341,1,0,500,0.6,1000,0.2,1400,0.2,1
2,10,595,0,0,500,0.6,1000,0.2,1400,0.2,2
2,11,472,0,0,500,0.6,1000,0.2,1400,0.2,1
2,12,144,2,10,5,0,500,0.6,1000,0.2,1400,0.2,1
2,13,928,0,0,300,0.5,1700,0.5,1
2,14,67,2,10,5,0,500,0.6,1000,0.2,1400,0.2,2
3,0,60,0,0,500,0.6,1000,0.2,1400,0.2,0
3,1,753,2,10,5,0,500,0.6,1000,0.2,1400,0.2,1
3,2,737,2,10,5,0,500,0.6,1000,0.2,1400,0.2,2
3,3,668,1,0,300,0.5,1700,0.5,0
3,4,613,0,0,500,0.6,1000,0.2,1400,0.2,2
3,5,938,2,10,5,0,500,0.6,1000,0.2,1400,0.2,2
3,6,422,2,10,5,0,300,0.5,1700,0.5,1
3,7,78,2,10,5,0,300,0.5,1700,0.5,0
3,8,120,1,0,500,0.6,1000,0.2,1400,0.2,2
3,9,944,2,10,5,0,300,0.5,1700,0.5,0
3,10,89,0,0,500,0.6,1000,0.2,1400,0.2,0
3,11,590,1,0,300,0.5,1700,0.5,2
3,12,747,2,10,5,0,300,0.5,1700,0.5,1
3,13,718,0,0,300,0.5,1700,0.5,2
3,14,495,0,0,500,0.6,1000,0.2,1400,0.2,2
4,0,433,1,0,500,0.6,1000,0.2,1400,0.2,2
4,1,234,2,10,5,0,300,0.5,1700,0.5,0
4,2,125,2,10,5,0,500,0.6,1000,0.2,1400,0.2,2
4,3,885,2,10,5,0,500,0.6,1000,0.2,1400,0.2,0
4,4,820,2,10,5,0,500,0.6,1000,0.2,1400,0.2,1
4,5,91,0,0,300,0.5,1700,0.5,0
4,6,175,1,0,500,0.6,1000,0.2,1400,0.2,2
4,7,675,2,10,5,0,500,0.6,1000,0.2,1400,0.2,0
4,8,751,1,0,500,0.6,1000,0.2,1400,0.2,1
4,9,290,1,0,500,0.6,1000,0.2,1400,0.2,0
4,10,614,1,0,500,0.6,1000,0.2,1400,0.2,1
4,11,559,1,0,500,0.6,1000,0.2,1400,0.2,1
4,12,459,0,0,300,0.5,1700,0.5,2
4,13,344,2,10,5,0,300,0.5,1700,0.5,2
4,14,431,1,0,300,0.5,1700,0.5,2
5,0,582,0,0,500,0.6,1000,0.2,1400,0.2,2
5,1,582,2,10,5,0,500,0.6,1000,0.2,1400,0.2,0
5,2,651,2,10,5,0,300,0.5,1700,0.5,0
5,3,785,0,0,500,0.6,1000,0.2,1400,0.2,0
5,4,691,0,0,500,0.6,1000,0.2,1400,0.2,1
5,5,945,0,0,300,0.5,1700,0.5,0
5,6,548,0,0,300,0.5,1700,0.5,1
5,7,246,2,10,5,0,500,0.6,1000,0.2,1400,0.2,1
5,8,874,0,0,300,0.5,1700,0.5,1
5,9,164,0,0,300,0.5,1700,0.5,0
5,10,834,2,10,5,0,500,0.6,1000,0.2,1400,0.2,2
5,11,611,1,0,300,0.5,1700,0.5,0
5,12,276,0,0,300,0.5,1700,0.5,0
5,13,523,0,0,300,0.5,1700,0.5,2
5,14,493,2,10,5,0,500,0.6,1000,0.2,1400,0.2,1
6,0,838,2,10,5,0,300,0.5,1700,0.5,2
6,1,498,2,10,5,0,300,0.5,1700,0.5,1
6,2,104,2,10,5,0,500,0.6,1000,0.2,1400,0.2,2
6,3,336,2,10,5,0,500,0.6,1000,0.2,1400,0.2,2
6,4,161,1,0,500,0.6,1000,0.2,1400,0.2,0
6,5,867,1,0,300,0.5,1700,0.5,1
6,6,601,2,10,5,0,300,0.5,1700,0.5,0
6,7,730,0,0,500,0.6,1000,0.2,1400,0.2,1
6,8,719,0,0,500,0.6,1000,0.2,1400,0.2,0
6,9,542,1,0,500,0.6,1000,0.2,1400,0.2,0
6,10,173,0,0,300,0.5,1700,0.5,2
6,11,614,1,0,500,0.6,1000,0.2,1400,0.2,2
6,12,169,1,0,500,0.6,1000,0.2,1400,0.2,1
6,13,916,2,10,5,0,300,0.5,1700,0.5,2
6,14,312,2,10,5,0,300,0.5,1700,0.5,0
7,0,762,2,10,5,0,300,0.5,1700,0.5,1
7,1,118,1,0,300,0.5,1700,0.5,0
7,2,979,1,0,500,0.6,1000,0.2,1400,0.2,1
7,3,524,2,10,5,0,300,0.5,1700,0.5,2
7,4,202,2,10,5,0,300,0.5,1700,0.5,0
7,5,317,0,0,500,0.6,1000,0.2,1400,0.2,0
7,6,716,2,10,5,0,500,0.6,1000,0.2,1400,0.2,1
7,7,688,1,0,500,0.6,1000,0.2,1400,0.2,1
7,8,901,0,0,300,0.5,1700,0.5,1
7,9,13,2,10,5,0,300,0.5,1700,0.5,0
7,10,666,1,0,300,0.5,1700,0.5,2
7,11,193,2,10,5,0,300,0.5,1700,0.5,1
7,12,88,1,0,500,0.6,1000,0.2,1400,0.2,2
7,13,604,1,0,300,0.5,1700,0.5,2
7,14,53,2,10,5,0,500,0.6,1000,0.2,1400,0.2,2
8,0,423,2,10,5,0,300,0.5,1700,0.5,1
8,1,436,0,0,500,0.6,1000,0.2,1400,0.2,1
8,2,426,2,10,5,0,300,0.5,1700,0.5,1
8,3,977,1,0,300,0.5,1700,0.5,1
8,4,174,2,10,5,0,500,0.6,1000,0.2,1400,0.2,0
8,5,280,1,0,300,0.5,1700,0.5,2
8,6,770,1,0,300,0.5,1700,0.5,2
8,7,834,2,10,5,0,300,0.5,1700,0.5,1
8,8,68,0,0,300,0.5,1700,0.5,0
8,9,413,2,10,5,0,300,0.5,1700,0.5,0
8,10,372,1,0,500,0.6,1000,0.2,1400,0.2,2
8,11,311,0,0,500,0.6,1000,0.2,1400,0.2,2
8,12,578,1,0,300,0.5,1700,0.5,0
8,13,729,0,0,300,0.5,1700,0.5,0
8,14,863,2,10,5,0,500,0.6,1000,0.2,1400,0.2,2
9,0,927,0,0,300,0.5,1700,0.5,2
9,1,66,2,10,5,0,300,0.5,1700,0.5,0
9,2,538,2,10,5,0,300,0.5,1700,0.5,0
9,3,850,2,10,5,0,300,0.5,1700,0.5,1
9,4,580,1,0,500,0.6,1000,0.2,1400,0.2,2
9,5,929,0,0,500,0.6,1000,0.2,1400,0.2,0
9,6,587,1,0,300,0.5,1700,0.5,0
9,7,853,0,0,500,0.6,1000,0.2,1400,0.2,0
9,8,296,2,10,5,0,300,0.5,1700,0.5,1
9,9,580,2,10,5,0,300,0.5,1700,0.5,0
9,10,441,0,0,300,0.5,1700,0.5,0
9,11,938,2,10,5,0,300,0.5,1700,0.5,1
9,12,444,1,0,500,0.6,1000,0.2,1400,0.2,1
9,13,335,0,0,500,0.6,1000,0.2,1400,0.2,1
9,14,200,1,0,300,0.5,1700,0.5,2
10,0,622,2,10,5,0,300,0.5,1700,0.5,2
10,1,835,0,0,500,0.6,1000,0.2,1400,0.2,0
10,2,902,0,0,300,0.5,1700,0.5,0
10,3,409,2,10,5,0,300,0.5,1700,0.5,1
10,4,852,2,10,5,0,300,0.5,1700,0.5,1
10,5,984,0,0,500,0.6,1000,0.2,1400,0.2,1
10,6,823,0,0,300,0.5,1700,0.5,2
10,7,856,2,10,5,0,500,0.6,1000,0.2,1400,0.2,0
10,8,301,0,0,500,0.6,1000,0.2,1400,0.2,2
10,9,236,2,10,5,0,300,0.5,1700,0.5,1
10,10,274,2,10,5,0,500,0.6,1000,0.2,1400,0.2,2
10,11,147,1,0,300,0.5,1700,0.5,1
10,12,527,0,0,500,0.6,1000,0.2,1400,0.2,1
10,13,224,1,0,500,0.6,1000,0.2,1400,0.2,1
10,14,26,1,0,300,0.5,1700,0.5,0
11,0,465,2,10,5,0,300,0.5,1700,0.5,0
11,1,246,1,0,300,0.5,1700,0.5,0
11,2,160,2,10,5,0,300,0.5,1700,0.5,2
11,3,250,2,10,5,0,300,0.5,1700,0.5,0
11,4,618,0,0,500,0.6,1000,0.2,1400,0.2,2
11,5,837,2,10,5,0,500,0.6,1000,0.2,1400,0.2,1
11,6,144,1,0,500,0.6,1000,0.2,1400,0.2,1
11,7,867,1,0,500,0.6,1000,0.2,1400,0.2,1
11,8,282,1,0,500,0.6,1000,0.2,1400,0.2,1
11,9,659,0,0,500,0.6,1000,0.2,1400,0.2,1
11,10,930,1,0,500,0.6,1000,0.2,1400,0.2,0
11,11,780,0,0,500,0.6,1000,0.2,1400,0.2,2
11,12,645,2,10,5,0,300,0.5,1700,0.5,0
11,13,789,2,10,5,0,300,0.5,1700,0.5,1
11,14,79,2,10,5,0,500,0.6,1000,0.2,1400,0.2,0
12,0,172,0,0,500,0.6,1000,0.2,1400,0.2,1
12,1,301,0,0,500,0.6,1000,0.2,1400,0.2,2
12,2,260,1,0,300,0.5,1700,0.5,1
12,3,425,1,0,500,0.6,1000,0.2,1400,0.2,1
12,4,708,0,0,300,0.5,1700,0.5,1
12,5,84,1,0,300,0.5,1700,0.5,1
12,6,19,0,0,300,0.5,1700,0.5,0
12,7,412,0,0,300,0.5,1700,0.5,0
12,8,72,0,0,500,0.6,1000,0.2,1400,0.2,1
12,9,770,2,10,5,0,300,0.5,1700,0.5,1
12,10,586,2,10,5,0,500,0.6,1000,0.2,1400,0.2,1
12,11,866,1,0,300,0.5,1700,0.5,1
12,12,30,0,0,300,0.5,1700,0.5,1
12,13,918,0,0,300,0.5,1700,0.5,0
12,14,464,1,0,300,0.5,1700,0.5,2
13,0,721,1,0,500,0.6,1000,0.2,1400,0.2,2
13,1,52,0,0,500,0.6,1000,0.2,1400,0.2,2
13,2,823,1,0,500,0.6,1000,0.2,1400,0.2,0
13,3,537,2,10,5,0,500,0.6,1000,0.2,1400,0.2,0
13,4,710,1,0,500,0.6,1000,0.2,1400,0.2,2
13,5,301,1,0,500,0.6,1000,0.2,1400,0.2,1
13,6,512,1,0,300,0.5,1700,0.5,1
13,7,902,2,10,5,0,300,0.5,1700,0.5,1
13,8,562,1,0,500,0.6,1000,0.2,1400,0.2,2
13,9,783,0,0,500,0.6,1000,0.2,1400,0.2,2
13,10,854,0,0,300,0.5,1700,0.5,0
13,11,657,1,0,500,0.6,1000,0.2,1400,0.2,2
13,12,362,1,0,500,0.6,1000,0.2,1400,0.2,2
13,13,335,0,0,500,0.6,1000,0.2,1400,0.2,1
13,14,677,1,0,300,0.5,1700,0.5,2
14,0,338,0,0,300,0.5,1700,0.5,0
14,1,622,0,0,500,0.6,1000,0.2,1400,0.2,2
14,2,841,2,10,5,0,500,0.6,1000,0.2,1400,0.2,0
14,3,177,0,0,300,0.5,1700,0.5,0
14,4,475,0,0,300,0.5,1700,0.5,2
14,5,348,1,0,300,0.5,1700,0.5,0
14,6,201,0,0,500,0.6,1000,0.2,1400,0.2,0
14,7,21,1,0,500,0.6,1000,0.2,1400,0.2,2
14,8,288,0,0,300,0.5,1700,0.5,2
14,9,537,0,0,300,0.5,1700,0.5,2
14,10,710,1,0,300,0.5,1700,0.5,0
14,11,562,1,0,500,0.6,1000,0.2,1400,0.2,2
14,12,195,0,0,300,0.5,1700,0.5,1
14,13,722,1,0,500,0.6,1000,0.2,1400,0.2,1
14,14,478,1,0,300,0.5,1700,0.5,0
