0,0,65,0,0,500,0.6,1000,0.2,1400,0.2,0
0,1,708,2,10,5,0,500,0.6,1000,0.2,1400,0.2,2
0,2,496,2,10,5,0,300,0.5,1700,0.5,0
0,3,397,2,10,5,0,300,0.5,1700,0.5,0
0,4,518,1,0,300,0.5,1700,0.5,2
0,5,41,2,10,5,0,300,0.5,1700,0.5,0
0,6,51,0,0,500,0.6,1000,0.2,1400,0.2,1
0,7,453,0,0,500,0.6,1000,0.2,1400,0.2,1
1,0,955,2,10,5,0,500,0.6,1000,0.2,1400,0.2,0
1,1,458,0,0,300,0.5,1700,0.5,1
1,2,177,1,0,300,0.5,1700,0.5,2
1,3,422,0,0,300,0.5,1700,0.5,0
1,4,826,2,10,5,0,300,0.5,1700,0.5,1
1,5,761,2,10,5,0,300,0.5,1700,0.5,0
1,6,160,1,0,500,0.6,1000,0.2,1400,0.2,0
1,7,312,0,0,300,0.5,1700,0.5,1
2,0,664,2,10,5,0,500,0.6,1000,0.2,1400,0.2,1
2,1,289,0,0,500,0.6,1000,0.2,1400,0.2,0
2,2,282,0,0,300,0.5,1700,0.5,1
2,3,859,1,0,500,0.6,1000,0.2,1400,0.2,0
2,4,379,0,0,500,0.6,1000,0.2,1400,0.2,2
2,5,533,2,10,5,0,500,0.6,1000,0.2,1400,0.2,0
2,6,764,2,10,5,0,500,0.6,1000,0.2,1400,0.2,2
2,7,65,0,0,300,0.5,1700,0.5,1
3,0,82,2,10,5,0,500,0.6,1000,0.2,1400,0.2,0
3,1,72,0,0,500,0.6,1000,0.2,1400,0.2,2
3,2,405,1,0,300,0.5,1700,0.5,0
3,3,424,2,10,5,0,500,0.6,1000,0.2,1400,0.2,0
3,4,403,0,0,500,0.6,1000,0.2,1400,0.2,1
3,5,504,2,10,5,0,300,0.5,1700,0.5,2
3,6,762,2,10,5,0,300,0.5,1700,0.5,0
3,7,115,2,10,5,0,300,0.5,1700,0.5,0
4,0,723,2,10,5,0,300,0.5,1700,0.5,0
4,1,57,1,0,300,0.5,1700,0.5,2
4,2,75,1,0,500,0.6,1000,0.2,1400,0.2,2
4,3,284,0,0,500,0.6,1000,0.2,1400,0.2,1
4,4,281,1,0,300,0.5,1700,0.5,2
4,5,878,2,10,5,0,500,0.6,1000,0.2,1400,0.2,1
4,6,211,0,0,500,0.6,1000,0.2,1400,0.2,2
4,7,509,0,0,300,0.5,1700,0.5,0
5,0,868,2,10,5,0,500,0.6,1000,0.2,1400,0.2,2
5,1,981,0,0,500,0.6,1000,0.2,1400,0.2,2
5,2,163,0,0,500,0.6,1000,0.2,1400,0.2,2
5,3,535,2,10,5,0,300,0.5,1700,0.5,2
5,4,598,2,10,5,0,500,0.6,1000,0.2,1400,0.2,2
5,5,514,0,0,500,0.6,1000,0.2,1400,0.2,0
5,6,282,0,0,300,0.5,1700,0.5,0
5,7,49,0,0,500,0.6,1000,0.2,1400,0.2,0
6,0,865,2,10,5,0,300,0.5,1700,0.5,0
6,1,385,2,10,5,0,300,0.5,1700,0.5,0
6,2,68,2,10,5,0,500,0.6,1000,0.2,1400,0.2,0
6,3,12,2,10,5,0,300,0.5,1700,0.5,1
6,4,479,0,0,500,0.6,1000,0.2,1400,0.2,1
6,5,505,1,0,500,0.6,1000,0.2,1400,0.2,1
6,6,444,2,10,5,0,500,0.6,1000,0.2,1400,0.2,1
6,7,196,0,0,300,0.5,1700,0.5,2
7,0,610,1,0,300,0.5,1700,0.5,1
7,1,314,0,0,500,0.6,1000,0.2,1400,0.2,1
7,2,544,0,0,300,0.5,1700,0.5,2
7,3,404,1,0,300,0.5,1700,0.5,0
7,4,817,2,10,5,0,300,0.5,1700,0.5,2
7,5,152,2,10,5,0,300,0.5,1700,0.5,0
7,6,946,0,0,300,0.5,1700,0.5,1
7,7,308,0,0,300,0.5,1700,0.5,0
