0,0,506,0,0,300,0.5,1700,0.5,0
0,1,404,2,10,5,0,500,0.6,1000,0.2,1400,0.2,1
0,2,281,1,0,500,0.6,1000,0.2,1400,0.2,2
0,3,618,2,10,5,0,500,0.6,1000,0.2,1400,0.2,2
0,4,468,2,10,5,0,500,0.6,1000,0.2,1400,0.2,2
1,0,265,0,0,300,0.5,1700,0.5,2
1,1,998,1,0,300,0.5,1700,0.5,1
1,2,998,1,0,500,0.6,1000,0.2,1400,0.2,1
1,3,15,0,0,500,0.6,1000,0.2,1400,0.2,2
1,4,759,2,10,5,0,300,0.5,1700,0.5,2
2,0,96,1,0,300,0.5,1700,0.5,2
2,1,37,2,10,5,0,500,0.6,1000,0.2,1400,0.2,0
2,2,1000,1,0,500,0.6,1000,0.2,1400,0.2,2
2,3,790,0,0,300,0.5,1700,0.5,2
2,4,648,2,10,5,0,300,0.5,1700,0.5,0
3,0,738,2,10,5,0,500,0.6,1000,0.2,1400,0.2,2
3,1,761,2,10,5,0,300,0.5,1700,0.5,0
3,2,132,1,0,500,0.6,1000,0.2,1400,0.2,2
3,3,892,1,0,500,0.6,1000,0.2,1400,0.2,0
3,4,472,2,10,5,0,300,0.5,1700,0.5,2
4,0,678,2,10,5,0,300,0.5,1700,0.5,1
4,1,213,0,0,500,0.6,1000,0.2,1400,0.2,1
4,2,113,1,0,300,0.5,1700,0.5,2
4,3,452,1,0,500,0.6,1000,0.2,1400,0.2,2
4,4,816,1,0,300,0.5,1700,0.5,2
