0,0,322,0,0,300,0.5,1700,0.5,2
0,1,122,0,0,300,0.5,1700,0.5,0
0,2,252,2,10,5,0,300,0.5,1700,0.5,0
0,3,331,2,10,5,0,500,0.6,1000,0.2,1400,0.2,2
0,4,885,0,0,500,0.6,1000,0.2,1400,0.2,1
1,0,881,2,10,5,0,500,0.6,1000,0.2,1400,0.2,2
1,1,800,1,0,300,0.5,1700,0.5,0
1,2,888,1,0,500,0.6,1000,0.2,1400,0.2,1
1,3,386,1,0,500,0.6,1000,0.2,1400,0.2,0
1,4,780,2,10,5,0,300,0.5,1700,0.5,2
2,0,531,1,0,300,0.5,1700,0.5,0
2,1,312,2,10,5,0,300,0.5,1700,0.5,1
2,2,375,1,0,500,0.6,1000,0.2,1400,0.2,1
2,3,532,0,0,300,0.5,1700,0.5,0
2,4,106,1,0,500,0.6,1000,0.2,1400,0.2,1
3,0,618,2,10,5,0,500,0.6,1000,0.2,1400,0.2,0
3,1,487,2,10,5,0,300,0.5,1700,0.5,2
3,2,199,0,0,500,0.6,1000,0.2,1400,0.2,0
3,3,135,0,0,300,0.5,1700,0.5,2
3,4,355,1,0,500,0.6,1000,0.2,1400,0.2,1
4,0,75,1,0,300,0.5,1700,0.5,2
4,1,187,1,0,500,0.6,1000,0.2,1400,0.2,0
4,2,960,1,0,300,0.5,1700,0.5,0
4,3,402,0,0,300,0.5,1700,0.5,1
4,4,842,2,10,5,0,300,0.5,1700,0.5,1
