0,0,549,2,10,5,0,500,0.6,1000,0.2,1400,0.2,0
0,1,585,1,0,500,0.6,1000,0.2,1400,0.2,2
0,2,706,1,0,300,0.5,1700,0.5,0
0,3,949,1,0,300,0.5,1700,0.5,1
0,4,102,2,10,5,0,300,0.5,1700,0.5,0
1,0,341,0,0,500,0.6,1000,0.2,1400,0.2,2
1,1,779,2,10,5,0,500,0.6,1000,0.2,1400,0.2,0
1,2,692,2,10,5,0,500,0.6,1000,0.2,1400,0.2,2
1,3,355,1,0,300,0.5,1700,0.5,1
1,4,738,2,10,5,0,300,0.5,1700,0.5,2
2,0,997,0,0,300,0.5,1700,0.5,1
2,1,430,0,0,500,0.6,1000,0.2,1400,0.2,2
2,2,820,1,0,300,0.5,1700,0.5,1
2,3,572,2,10,5,0,300,0.5,1700,0.5,2
2,4,748,1,0,500,0.6,1000,0.2,1400,0.2,1
3,0,999,1,0,300,0.5,1700,0.5,2
3,1,32,1,0,300,0.5,1700,0.5,2
3,2,961,0,0,500,0.6,1000,0.2,1400,0.2,0
3,3,515,0,0,300,0.5,1700,0.5,1
3,4,96,0,0,500,0.6,1000,0.2,1400,0.2,1
4,0,112,1,0,500,0.6,1000,0.2,1400,0.2,1
4,1,462,1,0,300,0.5,1700,0.5,1
4,2,801,1,0,300,0.5,1700,0.5,0
4,3,805,1,0,500,0.6,1000,0.2,1400,0.2,0
4,4,679,1,0,500,0.6,1000,0.2,1400,0.2,0
