0,0,337,1,0,300,0.5,1700,0.5,2
0,1,204,1,0,300,0.5,1700,0.5,2
0,2,495,2,10,5,0,500,0.6,1000,0.2,1400,0.2,1
0,3,791,2,10,5,0,500,0.6,1000,0.2,1400,0.2,1
0,4,435,0,0,300,0.5,1700,0.5,0
1,0,254,1,0,500,0.6,1000,0.2,1400,0.2,0
1,1,387,2,10,5,0,500,0.6,1000,0.2,1400,0.2,0
1,2,528,2,10,5,0,300,0.5,1700,0.5,1
1,3,270,2,10,5,0,500,0.6,1000,0.2,1400,0.2,0
1,4,74,2,10,5,0,500,0.6,1000,0.2,1400,0.2,0
2,0,715,1,0,300,0.5,1700,0.5,0
2,1,527,1,0,500,0.6,1000,0.2,1400,0.2,0
2,2,210,1,0,500,0.6,1000,0.2,1400,0.2,1
2,3,922,2,10,5,0,500,0.6,1000,0.2,1400,0.2,0
2,4,760,2,10,5,0,500,0.6,1000,0.2,1400,0.2,1
3,0,461,2,10,5,0,500,0.6,1000,0.2,1400,0.2,0
3,1,127,0,0,300,0.5,1700,0.5,1
3,2,648,1,0,300,0.5,1700,0.5,2
3,3,334,1,0,500,0.6,1000,0.2,1400,0.2,0
3,4,158,1,0,500,0.6,1000,0.2,1400,0.2,2
4,0,647,1,0,500,0.6,1000,0.2,1400,0.2,2
4,1,416,2,10,5,0,500,0.6,1000,0.2,1400,0.2,1
4,2,460,0,0,300,0.5,1700,0.5,0
4,3,380,1,0,300,0.5,1700,0.5,1
4,4,504,1,0,500,0.6,1000,0.2,1400,0.2,2
