0,0,742,0,0,300,0.5,1700,0.5,1
0,1,199,0,0,500,0.6,1000,0.2,1400,0.2,0
0,2,219,1,0,300,0.5,1700,0.5,0
0,3,681,2,10,5,0,300,0.5,1700,0.5,2
0,4,63,1,0,300,0.5,1700,0.5,2
1,0,475,2,10,5,0,500,0.6,1000,0.2,1400,0.2,2
1,1,190,2,10,5,0,500,0.6,1000,0.2,1400,0.2,2
1,2,839,2,10,5,0,300,0.5,1700,0.5,2
1,3,349,2,10,5,0,300,0.5,1700,0.5,2
1,4,839,2,10,5,0,500,0.6,1000,0.2,1400,0.2,1
2,0,744,0,0,300,0.5,1700,0.5,0
2,1,895,2,10,5,0,300,0.5,1700,0.5,2
2,2,527,0,0,500,0.6,1000,0.2,1400,0.2,1
2,3,633,1,0,500,0.6,1000,0.2,1400,0.2,0
2,4,767,0,0,300,0.5,1700,0.5,2
3,0,383,0,0,300,0.5,1700,0.5,2
3,1,242,0,0,300,0.5,1700,0.5,2
3,2,267,2,10,5,0,500,0.6,1000,0.2,1400,0.2,0
3,3,444,2,10,5,0,500,0.6,1000,0.2,1400,0.2,2
3,4,963,1,0,300,0.5,1700,0.5,2
4,0,136,0,0,300,0.5,1700,0.5,1
4,1,213,2,10,5,0,500,0.6,1000,0.2,1400,0.2,2
4,2,876,1,0,300,0.5,1700,0.5,2
4,3,926,1,0,300,0.5,1700,0.5,2
4,4,843,1,0,300,0.5,1700,0.5,1
